delta_x	delta_ca	T0_V	T0_Ca	T0_method	T_encoding	gamma_encoding	T_scs	gamma_scs	status
-3.200000	-33.252711								error: T SSCS does not start with ±1: [0, 0, 0, 0, 0, 0, 0, 0, 0, 0]
-3.197164	-33.252711								error: T SSCS does not start with ±1: [0, 0, 0, 0, 0, 0, 0, 0, 0, 0]
-3.194329	-33.252711								error: T SSCS does not start with ±1: [0, 0, 0, 0, 0, 0, 0, 0, 0, 0]
-3.191493	-33.252711								error: T SSCS does not start with ±1: [0, 0, 0, 0, 0, 0, 0, 0, 0, 0]
-3.188657	-33.252711								error: T SSCS does not start with ±1: [0, 0, 0, 0, 0, 0, 0, 0, 0, 0]
-3.185822	-33.252711								error: T SSCS does not start with ±1: [0, 0, 0, 0, 0, 0, 0, 0, 0, 0]
-3.182986	-33.252711								error: T SSCS does not start with ±1: [0, 0, 0, 0, 0, 0, 0, 0, 0, 0]
-3.180150	-33.252711								error: T SSCS does not start with ±1: [0, 0, 0, 0, 0, 0, 0, 0, 0, 0]
-3.177314	-33.252711								error: T SSCS does not start with ±1: [0, 0, 0, 0, 0, 0, 0, 0, 0, 0]
-3.174479	-33.252711								error: T SSCS does not start with ±1: [0, 0, 0, 0, 0, 0, 0, 0, 0, 0]
-3.171643	-33.252711								error: T SSCS does not start with ±1: [0, 0, 0, 0, 0, 0, 0, 0, 0, 0]
-3.168807	-33.252711								error: T SSCS does not start with ±1: [0, 0, 0, 0, 0, 0, 0, 0, 0, 0]
-3.165972	-33.252711								error: T SSCS does not start with ±1: [0, 0, 0, 0, 0, 0, 0, 0, 0, 0]
-3.163136	-33.252711								error: T SSCS does not start with ±1: [0, 0, 0, 0, 0, 0, 0, 0, 0, 0]
-3.160300	-33.252711								error: T SSCS does not start with ±1: [0, 0, 0, 0, 0, 0, 0, 0, 0, 0]
-3.157465	-33.252711								error: T SSCS does not start with ±1: [0, 0, 0, 0, 0, 0, 0, 0, 0, 0]
-3.154629	-33.252711								error: T SSCS does not start with ±1: [0, 0, 0, 0, 0, 0, 0, 0, 0, 0]
-3.151793	-33.252711								error: T SSCS does not start with ±1: [0, 0, 0, 0, 0, 0, 0, 0, 0, 0]
-3.148957	-33.252711								error: T SSCS does not start with ±1: [0, 0, 0, 0, 0, 0, 0, 0, 0, 0]
-3.146122	-33.252711								error: T SSCS does not start with ±1: [0, 0, 0, 0, 0, 0, 0, 0, 0, 0]
-3.143286	-33.252711								error: T SSCS does not start with ±1: [0, 0, 0, 0, 0, 0, 0, 0, 0, 0]
-3.140450	-33.252711								error: T SSCS does not start with ±1: [0, 0, 0, 0, 0, 0, 0, 0, 0, 0]
-3.137615	-33.252711								error: T SSCS does not start with ±1: [0, 0, 0, 0, 0, 0, 0, 0, 0, 0]
-3.134779	-33.252711								error: T SSCS does not start with ±1: [0, 0, 0, 0, 0, 0, 0, 0, 0, 0]
-3.131943	-33.252711								error: T SSCS does not start with ±1: [0, 0, 0, 0, 0, 0, 0, 0, 0, 0]
-3.129108	-33.252711								error: T SSCS does not start with ±1: [0, 0, 0, 0, 0, 0, 0, 0, 0, 0]
-3.126272	-33.252711								error: T SSCS does not start with ±1: [0, 0, 0, 0, 0, 0, 0, 0, 0, 0]
-3.123436	-33.252711								error: T SSCS does not start with ±1: [0, 0, 0, 0, 0, 0, 0, 0, 0, 0]
-3.120601	-33.252711								error: T SSCS does not start with ±1: [0, 0, 0, 0, 0, 0, 0, 0, 0, 0]
-3.117765	-33.252711								error: T SSCS does not start with ±1: [0, 0, 0, 0, 0, 0, 0, 0, 0, 0]
-3.114929	-33.252711								error: T SSCS does not start with ±1: [0, 0, 0, 0, 0, 0, 0, 0, 0, 0]
-3.112093	-33.252711								error: T SSCS does not start with ±1: [0, 0, 0, 0, 0, 0, 0, 0, 0, 0]
-3.109258	-33.252711								error: T SSCS does not start with ±1: [0, 0, 0, 0, 0, 0, 0, 0, 0, 0]
-3.106422	-33.252711								error: T SSCS does not start with ±1: [0, 0, 0, 0, 0, 0, 0, 0, 0, 0]
-3.103586	-33.252711								error: T SSCS does not start with ±1: [0, 0, 0, 0, 0, 0, 0, 0, 0, 0]
-3.100751	-33.252711								error: T SSCS does not start with ±1: [0, 0, 0, 0, 0, 0, 0, 0, 0, 0]
-3.097915	-33.252711								error: T SSCS does not start with ±1: [0, 0, 0, 0, 0, 0, 0, 0, 0, 0]
-3.095079	-33.252711								error: T SSCS does not start with ±1: [0, 0, 0, 0, 0, 0, 0, 0, 0, 0]
-3.092244	-33.252711								error: T SSCS does not start with ±1: [0, 0, 0, 0, 0, 0, 0, 0, 0, 0]
-3.089408	-33.252711								error: T SSCS does not start with ±1: [0, 0, 0, 0, 0, 0, 0, 0, 0, 0]
-3.086572	-33.252711								error: T SSCS does not start with ±1: [0, 0, 0, 0, 0, 0, 0, 0, 0, 0]
-3.083736	-33.252711								error: T SSCS does not start with ±1: [0, 0, 0, 0, 0, 0, 0, 0, 0, 0]
-3.080901	-33.252711								error: T SSCS does not start with ±1: [0, 0, 0, 0, 0, 0, 0, 0, 0, 0]
-3.078065	-33.252711								error: T SSCS does not start with ±1: [0, 0, 0, 0, 0, 0, 0, 0, 0, 0]
-3.075229	-33.252711								error: T SSCS does not start with ±1: [0, 0, 0, 0, 0, 0, 0, 0, 0, 0]
-3.072394	-33.252711								error: T SSCS does not start with ±1: [0, 0, 0, 0, 0, 0, 0, 0, 0, 0]
-3.069558	-33.252711								error: T SSCS does not start with ±1: [0, 0, 0, 0, 0, 0, 0, 0, 0, 0]
-3.066722	-33.252711								error: T SSCS does not start with ±1: [0, 0, 0, 0, 0, 0, 0, 0, 0, 0]
-3.063887	-33.252711								error: T SSCS does not start with ±1: [0, 0, 0, 0, 0, 0, 0, 0, 0, 0]
-3.061051	-33.252711								error: T SSCS does not start with ±1: [0, 0, 0, 0, 0, 0, 0, 0, 0, 0]
-3.058215	-33.252711								error: T SSCS does not start with ±1: [0, 0, 0, 0, 0, 0, 0, 0, 0, 0]
-3.055379	-33.252711								error: T SSCS does not start with ±1: [0, 0, 0, 0, 0, 0, 0, 0, 0, 0]
-3.052544	-33.252711								error: T SSCS does not start with ±1: [0, 0, 0, 0, 0, 0, 0, 0, 0, 0]
-3.049708	-33.252711								error: T SSCS does not start with ±1: [0, 0, 0, 0, 0, 0, 0, 0, 0, 0]
-3.046872	-33.252711								error: T SSCS does not start with ±1: [0, 0, 0, 0, 0, 0, 0, 0, 0, 0]
-3.044037	-33.252711								error: T SSCS does not start with ±1: [0, 0, 0, 0, 0, 0, 0, 0, 0, 0]
-3.041201	-33.252711								error: T SSCS does not start with ±1: [0, 0, 0, 0, 0, 0, 0, 0, 0, 0]
-3.038365	-33.252711								error: T SSCS does not start with ±1: [0, 0, 0, 0, 0, 0, 0, 0, 0, 0]
-3.035530	-33.252711								error: T SSCS does not start with ±1: [0, 0, 0, 0, 0, 0, 0, 0, 0, 0]
-3.032694	-33.252711								error: T SSCS does not start with ±1: [0, 0, 0, 0, 0, 0, 0, 0, 0, 0]
-3.029858	-33.252711								error: T SSCS does not start with ±1: [0, 0, 0, 0, 0, 0, 0, 0, 0, 0]
-3.027023	-33.252711								error: T SSCS does not start with ±1: [0, 0, 0, 0, 0, 0, 0, 0, 0, 0]
-3.024187	-33.252711								error: T SSCS does not start with ±1: [0, 0, 0, 0, 0, 0, 0, 0, 0, 0]
-3.021351	-33.252711								error: T SSCS does not start with ±1: [0, 0, 0, 0, 0, 0, 0, 0, 0, 0]
-3.018515	-33.252711								error: T SSCS does not start with ±1: [0, 0, 0, 0, 0, 0, 0, 0, 0, 0]
-3.015680	-33.252711								error: T SSCS does not start with ±1: [0, 0, 0, 0, 0, 0, 0, 0, 0, 0]
-3.012844	-33.252711								error: T SSCS does not start with ±1: [0, 0, 0, 0, 0, 0, 0, 0, 0, 0]
-3.010008	-33.252711								error: T SSCS does not start with ±1: [0, 0, 0, 0, 0, 0, 0, 0, 0, 0]
-3.007173	-33.252711								error: T SSCS does not start with ±1: [0, 0, 0, 0, 0, 0, 0, 0, 0, 0]
-3.004337	-33.252711								error: T SSCS does not start with ±1: [0, 0, 0, 0, 0, 0, 0, 0, 0, 0]
-3.001501	-33.252711								error: T SSCS does not start with ±1: [0, 0, 0, 0, 0, 0, 0, 0, 0, 0]
-2.998666	-33.252711								error: T SSCS does not start with ±1: [0, 0, 0, 0, 0, 0, 0, 0, 0, 0]
-2.995830	-33.252711								error: T SSCS does not start with ±1: [0, 0, 0, 0, 0, 0, 0, 0, 0, 0]
-2.992994	-33.252711								error: T SSCS does not start with ±1: [0, 0, 0, 0, 0, 0, 0, 0, 0, 0]
-2.990158	-33.252711								error: T SSCS does not start with ±1: [0, 0, 0, 0, 0, 0, 0, 0, 0, 0]
-2.987323	-33.252711								error: T SSCS does not start with ±1: [0, 0, 0, 0, 0, 0, 0, 0, 0, 0]
-2.984487	-33.252711								error: T SSCS does not start with ±1: [0, 0, 0, 0, 0, 0, 0, 0, 0, 0]
-2.981651	-33.252711								error: T SSCS does not start with ±1: [0, 0, 0, 0, 0, 0, 0, 0, 0, 0]
-2.978816	-33.252711								error: T SSCS does not start with ±1: [0, 0, 0, 0, 0, 0, 0, 0, 0, 0]
-2.975980	-33.252711								error: T SSCS does not start with ±1: [0, 0, 0, 0, 0, 0, 0, 0, 0, 0]
-2.973144	-33.252711								error: T SSCS does not start with ±1: [0, 0, 0, 0, 0, 0, 0, 0, 0, 0]
-2.970309	-33.252711								error: T SSCS does not start with ±1: [0, 0, 0, 0, 0, 0, 0, 0, 0, 0]
-2.967473	-33.252711								error: T SSCS does not start with ±1: [0, 0, 0, 0, 0, 0, 0, 0, 0, 0]
-2.964637	-33.252711								error: T SSCS does not start with ±1: [0, 0, 0, 0, 0, 0, 0, 0, 0, 0]
-2.961802	-33.252711								error: T SSCS does not start with ±1: [0, 0, 0, 0, 0, 0, 0, 0, 0, 0]
-2.958966	-33.252711								error: T SSCS does not start with ±1: [0, 0, 0, 0, 0, 0, 0, 0, 0, 0]
-2.956130	-33.252711								error: T SSCS does not start with ±1: [0, 0, 0, 0, 0, 0, 0, 0, 0, 0]
-2.953294	-33.252711								error: T SSCS does not start with ±1: [0, 0, 0, 0, 0, 0, 0, 0, 0, 0]
-2.950459	-33.252711								error: T SSCS does not start with ±1: [0, 0, 0, 0, 0, 0, 0, 0, 0, 0]
-2.947623	-33.252711								error: T SSCS does not start with ±1: [0, 0, 0, 0, 0, 0, 0, 0, 0, 0]
-2.944787	-33.252711								error: T SSCS does not start with ±1: [0, 0, 0, 0, 0, 0, 0, 0, 0, 0]
-2.941952	-33.252711								error: T SSCS does not start with ±1: [0, 0, 0, 0, 0, 0, 0, 0, 0, 0]
-2.939116	-33.252711								error: T SSCS does not start with ±1: [0, 0, 0, 0, 0, 0, 0, 0, 0, 0]
-2.936280	-33.252711								error: T SSCS does not start with ±1: [0, 0, 0, 0, 0, 0, 0, 0, 0, 0]
-2.933445	-33.252711								error: T SSCS does not start with ±1: [0, 0, 0, 0, 0, 0, 0, 0, 0, 0]
-2.930609	-33.252711								error: T SSCS does not start with ±1: [0, 0, 0, 0, 0, 0, 0, 0, 0, 0]
-2.927773	-33.252711								error: T SSCS does not start with ±1: [0, 0, 0, 0, 0, 0, 0, 0, 0, 0]
-2.924937	-33.252711								error: T SSCS does not start with ±1: [0, 0, 0, 0, 0, 0, 0, 0, 0, 0]
-2.922102	-33.252711								error: T SSCS does not start with ±1: [0, 0, 0, 0, 0, 0, 0, 0, 0, 0]
-2.919266	-33.252711								error: T SSCS does not start with ±1: [0, 0, 0, 0, 0, 0, 0, 0, 0, 0]
-2.916430	-33.252711								error: T SSCS does not start with ±1: [0, 0, 0, 0, 0, 0, 0, 0, 0, 0]
-2.913595	-33.252711								error: T SSCS does not start with ±1: [0, 0, 0, 0, 0, 0, 0, 0, 0, 0]
-2.910759	-33.252711								error: T SSCS does not start with ±1: [0, 0, 0, 0, 0, 0, 0, 0, 0, 0]
-2.907923	-33.252711								error: T SSCS does not start with ±1: [0, 0, 0, 0, 0, 0, 0, 0, 0, 0]
-2.905088	-33.252711								error: T SSCS does not start with ±1: [0, 0, 0, 0, 0, 0, 0, 0, 0, 0]
-2.902252	-33.252711								error: T SSCS does not start with ±1: [0, 0, 0, 0, 0, 0, 0, 0, 0, 0]
-2.899416	-33.252711								error: T SSCS does not start with ±1: [0, 0, 0, 0, 0, 0, 0, 0, 0, 0]
-2.896580	-33.252711								error: T SSCS does not start with ±1: [0, 0, 0, 0, 0, 0, 0, 0, 0, 0]
-2.893745	-33.252711								error: T SSCS does not start with ±1: [0, 0, 0, 0, 0, 0, 0, 0, 0, 0]
-2.890909	-33.252711								error: T SSCS does not start with ±1: [0, 0, 0, 0, 0, 0, 0, 0, 0, 0]
-2.888073	-33.252711								error: T SSCS does not start with ±1: [0, 0, 0, 0, 0, 0, 0, 0, 0, 0]
-2.885238	-33.252711								error: T SSCS does not start with ±1: [0, 0, 0, 0, 0, 0, 0, 0, 0, 0]
-2.882402	-33.252711								error: T SSCS does not start with ±1: [0, 0, 0, 0, 0, 0, 0, 0, 0, 0]
-2.879566	-33.252711								error: T SSCS does not start with ±1: [0, 0, 0, 0, 0, 0, 0, 0, 0, 0]
-2.876731	-33.252711								error: T SSCS does not start with ±1: [0, 0, 0, 0, 0, 0, 0, 0, 0, 0]
-2.873895	-33.252711								error: T SSCS does not start with ±1: [0, 0, 0, 0, 0, 0, 0, 0, 0, 0]
-2.871059	-33.252711								error: T SSCS does not start with ±1: [0, 0, 0, 0, 0, 0, 0, 0, 0, 0]
-2.868224	-33.252711								error: T SSCS does not start with ±1: [0, 0, 0, 0, 0, 0, 0, 0, 0, 0]
-2.865388	-33.252711								error: T SSCS does not start with ±1: [0, 0, 0, 0, 0, 0, 0, 0, 0, 0]
-2.862552	-33.252711								error: T SSCS does not start with ±1: [0, 0, 0, 0, 0, 0, 0, 0, 0, 0]
-2.859716	-33.252711								error: T SSCS does not start with ±1: [0, 0, 0, 0, 0, 0, 0, 0, 0, 0]
-2.856881	-33.252711								error: T SSCS does not start with ±1: [0, 0, 0, 0, 0, 0, 0, 0, 0, 0]
-2.854045	-33.252711								error: T SSCS does not start with ±1: [0, 0, 0, 0, 0, 0, 0, 0, 0, 0]
-2.851209	-33.252711								error: T SSCS does not start with ±1: [0, 0, 0, 0, 0, 0, 0, 0, 0, 0]
-2.848374	-33.252711								error: T SSCS does not start with ±1: [0, 0, 0, 0, 0, 0, 0, 0, 0, 0]
-2.845538	-33.252711								error: T SSCS does not start with ±1: [0, 0, 0, 0, 0, 0, 0, 0, 0, 0]
-2.842702	-33.252711								error: T SSCS does not start with ±1: [0, 0, 0, 0, 0, 0, 0, 0, 0, 0]
-2.839867	-33.252711								error: T SSCS does not start with ±1: [0, 0, 0, 0, 0, 0, 0, 0, 0, 0]
-2.837031	-33.252711								error: T SSCS does not start with ±1: [0, 0, 0, 0, 0, 0, 0, 0, 0, 0]
-2.834195	-33.252711								error: T SSCS does not start with ±1: [0, 0, 0, 0, 0, 0, 0, 0, 0, 0]
-2.831359	-33.252711								error: T SSCS does not start with ±1: [0, 0, 0, 0, 0, 0, 0, 0, 0, 0]
-2.828524	-33.252711								error: T SSCS does not start with ±1: [0, 0, 0, 0, 0, 0, 0, 0, 0, 0]
-2.825688	-33.252711								error: T SSCS does not start with ±1: [0, 0, 0, 0, 0, 0, 0, 0, 0, 0]
-2.822852	-33.252711								error: T SSCS does not start with ±1: [0, 0, 0, 0, 0, 0, 0, 0, 0, 0]
-2.820017	-33.252711								error: T SSCS does not start with ±1: [0, 0, 0, 0, 0, 0, 0, 0, 0, 0]
-2.817181	-33.252711								error: T SSCS does not start with ±1: [0, 0, 0, 0, 0, 0, 0, 0, 0, 0]
-2.814345	-33.252711								error: T SSCS does not start with ±1: [0, 0, 0, 0, 0, 0, 0, 0, 0, 0]
-2.811510	-33.252711								error: T SSCS does not start with ±1: [0, 0, 0, 0, 0, 0, 0, 0, 0, 0]
-2.808674	-33.252711								error: T SSCS does not start with ±1: [0, 0, 0, 0, 0, 0, 0, 0, 0, 0]
-2.805838	-33.252711								error: T SSCS does not start with ±1: [0, 0, 0, 0, 0, 0, 0, 0, 0, 0]
-2.803003	-33.252711								error: T SSCS does not start with ±1: [0, 0, 0, 0, 0, 0, 0, 0, 0, 0]
-2.800167	-33.252711								error: T SSCS does not start with ±1: [0, 0, 0, 0, 0, 0, 0, 0, 0, 0]
-2.797331	-33.252711								error: T SSCS does not start with ±1: [0, 0, 0, 0, 0, 0, 0, 0, 0, 0]
-2.794495	-33.252711								error: T SSCS does not start with ±1: [0, 0, 0, 0, 0, 0, 0, 0, 0, 0]
-2.791660	-33.252711								error: T SSCS does not start with ±1: [0, 0, 0, 0, 0, 0, 0, 0, 0, 0]
-2.788824	-33.252711								error: T SSCS does not start with ±1: [0, 0, 0, 0, 0, 0, 0, 0, 0, 0]
-2.785988	-33.252711								error: T SSCS does not start with ±1: [0, 0, 0, 0, 0, 0, 0, 0, 0, 0]
-2.783153	-33.252711								error: T SSCS does not start with ±1: [0, 0, 0, 0, 0, 0, 0, 0, 0, 0]
-2.780317	-33.252711								error: T SSCS does not start with ±1: [0, 0, 0, 0, 0, 0, 0, 0, 0, 0]
-2.777481	-33.252711								error: T SSCS does not start with ±1: [0, 0, 0, 0, 0, 0, 0, 0, 0, 0]
-2.774646	-33.252711								error: T SSCS does not start with ±1: [0, 0, 0, 0, 0, 0, 0, 0, 0, 0]
-2.771810	-33.252711								error: T SSCS does not start with ±1: [0, 0, 0, 0, 0, 0, 0, 0, 0, 0]
-2.768974	-33.252711								error: T SSCS does not start with ±1: [0, 0, 0, 0, 0, 0, 0, 0, 0, 0]
-2.766138	-33.252711								error: T SSCS does not start with ±1: [0, 0, 0, 0, 0, 0, 0, 0, 0, 0]
-2.763303	-33.252711								error: T SSCS does not start with ±1: [0, 0, 0, 0, 0, 0, 0, 0, 0, 0]
-2.760467	-33.252711								error: T SSCS does not start with ±1: [0, 0, 0, 0, 0, 0, 0, 0, 0, 0]
-2.757631	-33.252711								error: T SSCS does not start with ±1: [0, 0, 0, 0, 0, 0, 0, 0, 0, 0]
-2.754796	-33.252711								error: T SSCS does not start with ±1: [0, 0, 0, 0, 0, 0, 0, 0, 0, 0]
-2.751960	-33.252711								error: T SSCS does not start with ±1: [0, 0, 0, 0, 0, 0, 0, 0, 0, 0]
-2.749124	-33.252711								error: T SSCS does not start with ±1: [0, 0, 0, 0, 0, 0, 0, 0, 0, 0]
-2.746289	-33.252711								error: T SSCS does not start with ±1: [0, 0, 0, 0, 0, 0, 0, 0, 0, 0]
-2.743453	-33.252711								error: T SSCS does not start with ±1: [0, 0, 0, 0, 0, 0, 0, 0, 0, 0]
-2.740617	-33.252711								error: T SSCS does not start with ±1: [0, 0, 0, 0, 0, 0, 0, 0, 0, 0]
-2.737781	-33.252711								error: T SSCS does not start with ±1: [0, 0, 0, 0, 0, 0, 0, 0, 0, 0]
-2.734946	-33.252711								error: T SSCS does not start with ±1: [0, 0, 0, 0, 0, 0, 0, 0, 0, 0]
-2.732110	-33.252711								error: T SSCS does not start with ±1: [0, 0, 0, 0, 0, 0, 0, 0, 0, 0]
-2.729274	-33.252711								error: T SSCS does not start with ±1: [0, 0, 0, 0, 0, 0, 0, 0, 0, 0]
-2.726439	-33.252711								error: T SSCS does not start with ±1: [0, 0, 0, 0, 0, 0, 0, 0, 0, 0]
-2.723603	-33.252711								error: T SSCS does not start with ±1: [0, 0, 0, 0, 0, 0, 0, 0, 0, 0]
-2.720767	-33.252711								error: T SSCS does not start with ±1: [0, 0, 0, 0, 0, 0, 0, 0, 0, 0]
-2.717932	-33.252711								error: T SSCS does not start with ±1: [0, 0, 0, 0, 0, 0, 0, 0, 0, 0]
-2.715096	-33.252711								error: T SSCS does not start with ±1: [0, 0, 0, 0, 0, 0, 0, 0, 0, 0]
-2.712260	-33.252711								error: T SSCS does not start with ±1: [0, 0, 0, 0, 0, 0, 0, 0, 0, 0]
-2.709425	-33.252711								error: T SSCS does not start with ±1: [0, 0, 0, 0, 0, 0, 0, 0, 0, 0]
-2.706589	-33.252711								error: T SSCS does not start with ±1: [0, 0, 0, 0, 0, 0, 0, 0, 0, 0]
-2.703753	-33.252711								error: T SSCS does not start with ±1: [0, 0, 0, 0, 0, 0, 0, 0, 0, 0]
-2.700917	-33.252711								error: T SSCS does not start with ±1: [0, 0, 0, 0, 0, 0, 0, 0, 0, 0]
-2.698082	-33.252711								error: T SSCS does not start with ±1: [0, 0, 0, 0, 0, 0, 0, 0, 0, 0]
-2.695246	-33.252711								error: T SSCS does not start with ±1: [0, 0, 0, 0, 0, 0, 0, 0, 0, 0]
-2.692410	-33.252711								error: T SSCS does not start with ±1: [0, 0, 0, 0, 0, 0, 0, 0, 0, 0]
-2.689575	-33.252711								error: T SSCS does not start with ±1: [0, 0, 0, 0, 0, 0, 0, 0, 0, 0]
-2.686739	-33.252711								error: T SSCS does not start with ±1: [0, 0, 0, 0, 0, 0, 0, 0, 0, 0]
-2.683903	-33.252711								error: T SSCS does not start with ±1: [0, 0, 0, 0, 0, 0, 0, 0, 0, 0]
-2.681068	-33.252711								error: T SSCS does not start with ±1: [0, 0, 0, 0, 0, 0, 0, 0, 0, 0]
-2.678232	-33.252711								error: T SSCS does not start with ±1: [0, 0, 0, 0, 0, 0, 0, 0, 0, 0]
-2.675396	-33.252711								error: T SSCS does not start with ±1: [0, 0, 0, 0, 0, 0, 0, 0, 0, 0]
-2.672560	-33.252711								error: T SSCS does not start with ±1: [0, 0, 0, 0, 0, 0, 0, 0, 0, 0]
-2.669725	-33.252711								error: T SSCS does not start with ±1: [0, 0, 0, 0, 0, 0, 0, 0, 0, 0]
-2.666889	-33.252711								error: T SSCS does not start with ±1: [0, 0, 0, 0, 0, 0, 0, 0, 0, 0]
-2.664053	-33.252711								error: T SSCS does not start with ±1: [0, 0, 0, 0, 0, 0, 0, 0, 0, 0]
-2.661218	-33.252711								error: T SSCS does not start with ±1: [0, 0, 0, 0, 0, 0, 0, 0, 0, 0]
-2.658382	-33.252711								error: T SSCS does not start with ±1: [0, 0, 0, 0, 0, 0, 0, 0, 0, 0]
-2.655546	-33.252711								error: T SSCS does not start with ±1: [0, 0, 0, 0, 0, 0, 0, 0, 0, 0]
-2.652711	-33.252711								error: T SSCS does not start with ±1: [0, 0, 0, 0, 0, 0, 0, 0, 0, 0]
-2.649875	-33.252711								error: T SSCS does not start with ±1: [0, 0, 0, 0, 0, 0, 0, 0, 0, 0]
-2.647039	-33.252711								error: T SSCS does not start with ±1: [0, 0, 0, 0, 0, 0, 0, 0, 0, 0]
-2.644204	-33.252711								error: T SSCS does not start with ±1: [0, 0, 0, 0, 0, 0, 0, 0, 0, 0]
-2.641368	-33.252711								error: T SSCS does not start with ±1: [0, 0, 0, 0, 0, 0, 0, 0, 0, 0]
-2.638532	-33.252711								error: T SSCS does not start with ±1: [0, 0, 0, 0, 0, 0, 0, 0, 0, 0]
-2.635696	-33.252711								error: T SSCS does not start with ±1: [0, 0, 0, 0, 0, 0, 0, 0, 0, 0]
-2.632861	-33.252711								error: T SSCS does not start with ±1: [0, 0, 0, 0, 0, 0, 0, 0, 0, 0]
-2.630025	-33.252711								error: T SSCS does not start with ±1: [0, 0, 0, 0, 0, 0, 0, 0, 0, 0]
-2.627189	-33.252711								error: T SSCS does not start with ±1: [0, 0, 0, 0, 0, 0, 0, 0, 0, 0]
-2.624354	-33.252711								error: T SSCS does not start with ±1: [0, 0, 0, 0, 0, 0, 0, 0, 0, 0]
-2.621518	-33.252711								error: T SSCS does not start with ±1: [0, 0, 0, 0, 0, 0, 0, 0, 0, 0]
-2.618682	-33.252711								error: T SSCS does not start with ±1: [0, 0, 0, 0, 0, 0, 0, 0, 0, 0]
-2.615847	-33.252711								error: T SSCS does not start with ±1: [0, 0, 0, 0, 0, 0, 0, 0, 0, 0]
-2.613011	-33.252711								error: T SSCS does not start with ±1: [0, 0, 0, 0, 0, 0, 0, 0, 0, 0]
-2.610175	-33.252711								error: T SSCS does not start with ±1: [0, 0, 0, 0, 0, 0, 0, 0, 0, 0]
-2.607339	-33.252711								error: T SSCS does not start with ±1: [0, 0, 0, 0, 0, 0, 0, 0, 0, 0]
-2.604504	-33.252711								error: T SSCS does not start with ±1: [0, 0, 0, 0, 0, 0, 0, 0, 0, 0]
-2.601668	-33.252711								error: T SSCS does not start with ±1: [0, 0, 0, 0, 0, 0, 0, 0, 0, 0]
-2.598832	-33.252711								error: T SSCS does not start with ±1: [0, 0, 0, 0, 0, 0, 0, 0, 0, 0]
-2.595997	-33.252711								error: T SSCS does not start with ±1: [0, 0, 0, 0, 0, 0, 0, 0, 0, 0]
-2.593161	-33.252711								error: T SSCS does not start with ±1: [0, 0, 0, 0, 0, 0, 0, 0, 0, 0]
-2.590325	-33.252711								error: T SSCS does not start with ±1: [0, 0, 0, 0, 0, 0, 0, 0, 0, 0]
-2.587490	-33.252711								error: T SSCS does not start with ±1: [0, 0, 0, 0, 0, 0, 0, 0, 0, 0]
-2.584654	-33.252711								error: T SSCS does not start with ±1: [0, 0, 0, 0, 0, 0, 0, 0, 0, 0]
-2.581818	-33.252711								error: T SSCS does not start with ±1: [0, 0, 0, 0, 0, 0, 0, 0, 0, 0]
-2.578982	-33.252711								error: T SSCS does not start with ±1: [0, 0, 0, 0, 0, 0, 0, 0, 0, 0]
-2.576147	-33.252711								error: T SSCS does not start with ±1: [0, 0, 0, 0, 0, 0, 0, 0, 0, 0]
-2.573311	-33.252711								error: T SSCS does not start with ±1: [0, 0, 0, 0, 0, 0, 0, 0, 0, 0]
-2.570475	-33.252711								error: T SSCS does not start with ±1: [0, 0, 0, 0, 0, 0, 0, 0, 0, 0]
-2.567640	-33.252711								error: T SSCS does not start with ±1: [0, 0, 0, 0, 0, 0, 0, 0, 0, 0]
-2.564804	-33.252711								error: T SSCS does not start with ±1: [0, 0, 0, 0, 0, 0, 0, 0, 0, 0]
-2.561968	-33.252711								error: T SSCS does not start with ±1: [0, 0, 0, 0, 0, 0, 0, 0, 0, 0]
-2.559133	-33.252711								error: T SSCS does not start with ±1: [0, 0, 0, 0, 0, 0, 0, 0, 0, 0]
-2.556297	-33.252711								error: T SSCS does not start with ±1: [0, 0, 0, 0, 0, 0, 0, 0, 0, 0]
-2.553461	-33.252711								error: T SSCS does not start with ±1: [0, 0, 0, 0, 0, 0, 0, 0, 0, 0]
-2.550626	-33.252711								error: T SSCS does not start with ±1: [0, 0, 0, 0, 0, 0, 0, 0, 0, 0]
-2.547790	-33.252711								error: T SSCS does not start with ±1: [0, 0, 0, 0, 0, 0, 0, 0, 0, 0]
-2.544954	-33.252711								error: T SSCS does not start with ±1: [0, 0, 0, 0, 0, 0, 0, 0, 0, 0]
-2.542118	-33.252711								error: T SSCS does not start with ±1: [0, 0, 0, 0, 0, 0, 0, 0, 0, 0]
-2.539283	-33.252711								error: T SSCS does not start with ±1: [0, 0, 0, 0, 0, 0, 0, 0, 0, 0]
-2.536447	-33.252711								error: T SSCS does not start with ±1: [0, 0, 0, 0, 0, 0, 0, 0, 0, 0]
-2.533611	-33.252711								error: T SSCS does not start with ±1: [0, 0, 0, 0, 0, 0, 0, 0, 0, 0]
-2.530776	-33.252711								error: T SSCS does not start with ±1: [0, 0, 0, 0, 0, 0, 0, 0, 0, 0]
-2.527940	-33.252711	-41.016228	0.913052	continued:5	131504586847961235687181874578063117114329409897647623619241560935125066908876631867479597863393264	131504586847961235687181874578063117114329409897615188504091716162522225834932122128288032336298141	1,0,0,0,0,0,0,0,0,0	0,0,0,0,0,0,0,0,0,0	ok
-2.525104	-33.252711	-42.176444	0.910258	continued:5	131504586847961235687181874578063117114329409897647623619241560935125066908876631867479597863393264	131504586847961235687181874578063117114329409897615188504091716162522225834932122128288032336298141	1,0,0,0,0,0,0,0,0,0	0,0,0,0,0,0,0,0,0,0	ok
-2.522269	-33.252711	-43.027496	0.907465	continued:5	131504586847961235687181874578063117114329409897647623619241560935125066908876631867479597863393264	131504586847961235687181874578063117114329409897615188504091716162522225834932122128288032336298141	1,0,0,0,0,0,0,0,0,0	0,0,0,0,0,0,0,0,0,0	ok
-2.519433	-33.252711	-43.811986	0.904672	continued:5	131504586847961235687181874578063117114329409897647623619241560935125066908876631867479597863393264	131504586847961235687181874578063117114329409897615188504091716162522225834932122128288032336298141	1,0,0,0,0,0,0,0,0,0	0,0,0,0,0,0,0,0,0,0	ok
-2.516597	-33.252711								error: T SSCS does not start with ±1: [0, 0, 0, 0, 0, 0, 0, 0, 0, 0]
-2.513761	-33.252711								error: T SSCS does not start with ±1: [0, 0, 0, 0, 0, 0, 0, 0, 0, 0]
-2.510926	-33.252711								error: T SSCS does not start with ±1: [0, 0, 0, 0, 0, 0, 0, 0, 0, 0]
-2.508090	-33.252711								error: T SSCS does not start with ±1: [0, 0, 0, 0, 0, 0, 0, 0, 0, 0]
-2.505254	-33.252711								error: T SSCS does not start with ±1: [0, 0, 0, 0, 0, 0, 0, 0, 0, 0]
-2.502419	-33.252711								error: T SSCS does not start with ±1: [0, 0, 0, 0, 0, 0, 0, 0, 0, 0]
-2.499583	-33.252711								error: T SSCS does not start with ±1: [0, 0, 0, 0, 0, 0, 0, 0, 0, 0]
-2.496747	-33.252711								error: T SSCS does not start with ±1: [0, 0, 0, 0, 0, 0, 0, 0, 0, 0]
-2.493912	-33.252711								error: T SSCS does not start with ±1: [0, 0, 0, 0, 0, 0, 0, 0, 0, 0]
-2.491076	-33.252711								error: T SSCS does not start with ±1: [0, 0, 0, 0, 0, 0, 0, 0, 0, 0]
-2.488240	-33.252711								error: T SSCS does not start with ±1: [0, 0, 0, 0, 0, 0, 0, 0, 0, 0]
-2.485405	-33.252711								error: T SSCS does not start with ±1: [0, 0, 0, 0, 0, 0, 0, 0, 0, 0]
-2.482569	-33.252711								error: T SSCS does not start with ±1: [0, 0, 0, 0, 0, 0, 0, 0, 0, 0]
-2.479733	-33.252711								error: T SSCS does not start with ±1: [0, 0, 0, 0, 0, 0, 0, 0, 0, 0]
-2.476897	-33.252711								error: T SSCS does not start with ±1: [0, 0, 0, 0, 0, 0, 0, 0, 0, 0]
-2.474062	-33.252711								error: T SSCS does not start with ±1: [0, 0, 0, 0, 0, 0, 0, 0, 0, 0]
-2.471226	-33.252711								error: T SSCS does not start with ±1: [0, 0, 0, 0, 0, 0, 0, 0, 0, 0]
-2.468390	-33.252711								error: T SSCS does not start with ±1: [0, 0, 0, 0, 0, 0, 0, 0, 0, 0]
-2.465555	-33.252711								error: T SSCS does not start with ±1: [0, 0, 0, 0, 0, 0, 0, 0, 0, 0]
-2.462719	-33.252711								error: T SSCS does not start with ±1: [0, 0, 0, 0, 0, 0, 0, 0, 0, 0]
-2.459883	-33.252711								error: T SSCS does not start with ±1: [0, 0, 0, 0, 0, 0, 0, 0, 0, 0]
-2.457048	-33.252711								error: T SSCS does not start with ±1: [0, 0, 0, 0, 0, 0, 0, 0, 0, 0]
-2.454212	-33.252711								error: T SSCS does not start with ±1: [0, 0, 0, 0, 0, 0, 0, 0, 0, 0]
-2.451376	-33.252711								error: T SSCS does not start with ±1: [0, 0, 0, 0, 0, 0, 0, 0, 0, 0]
-2.448540	-33.252711								error: T SSCS does not start with ±1: [0, 0, 0, 0, 0, 0, 0, 0, 0, 0]
-2.445705	-33.252711								error: T SSCS does not start with ±1: [0, 0, 0, 0, 0, 0, 0, 0, 0, 0]
-2.442869	-33.252711								error: T SSCS does not start with ±1: [0, 0, 0, 0, 0, 0, 0, 0, 0, 0]
-2.440033	-33.252711								error: Could not locate the first local maximum of the reduced return map.
-2.437198	-33.252711								error: Could not locate the first local maximum of the reduced return map.
-2.434362	-33.252711								error: Could not locate the first local maximum of the reduced return map.
-2.431526	-33.252711								error: Could not locate the first local maximum of the reduced return map.
-2.428691	-33.252711								error: Could not locate the first local maximum of the reduced return map.
-2.425855	-33.252711								error: Could not locate the first local maximum of the reduced return map.
-2.423019	-33.252711								error: Could not locate the first local maximum of the reduced return map.
-2.420183	-33.252711								error: Could not locate the first local maximum of the reduced return map.
-2.417348	-33.252711								error: Could not locate the first local maximum of the reduced return map.
-2.414512	-33.252711								error: Could not locate the first local maximum of the reduced return map.
-2.411676	-33.252711								error: Could not locate the first local maximum of the reduced return map.
-2.408841	-33.252711								error: Could not locate the first local maximum of the reduced return map.
-2.406005	-33.252711								error: Could not locate the first local maximum of the reduced return map.
-2.403169	-33.252711								error: Could not locate the first local maximum of the reduced return map.
-2.400334	-33.252711								error: Could not locate the first local maximum of the reduced return map.
-2.397498	-33.252711								error: Could not locate the first local maximum of the reduced return map.
-2.394662	-33.252711								error: Could not locate the first local maximum of the reduced return map.
-2.391827	-33.252711								error: Could not locate the first local maximum of the reduced return map.
-2.388991	-33.252711								error: Could not locate the first local maximum of the reduced return map.
-2.386155	-33.252711								error: Could not locate the first local maximum of the reduced return map.
-2.383319	-33.252711								error: Could not locate the first local maximum of the reduced return map.
-2.380484	-33.252711								error: Could not locate the first local maximum of the reduced return map.
-2.377648	-33.252711								error: Could not locate the first local maximum of the reduced return map.
-2.374812	-33.252711								error: Could not locate the first local maximum of the reduced return map.
-2.371977	-33.252711								error: Could not locate the first local maximum of the reduced return map.
-2.369141	-33.252711								error: Could not locate the first local maximum of the reduced return map.
-2.366305	-33.252711								error: Could not locate the first local maximum of the reduced return map.
-2.363470	-33.252711								error: Could not locate the first local maximum of the reduced return map.
-2.360634	-33.252711								error: Could not locate the first local maximum of the reduced return map.
-2.357798	-33.252711								error: Could not locate the first local maximum of the reduced return map.
-2.354962	-33.252711								error: Could not locate the first local maximum of the reduced return map.
-2.352127	-33.252711								error: Could not locate the first local maximum of the reduced return map.
-2.349291	-33.252711								error: Could not locate the first local maximum of the reduced return map.
-2.346455	-33.252711								error: Could not locate the first local maximum of the reduced return map.
-2.343620	-33.252711								error: Could not locate the first local maximum of the reduced return map.
-2.340784	-33.252711								error: Could not locate the first local maximum of the reduced return map.
-2.337948	-33.252711								error: Could not locate the first local maximum of the reduced return map.
-2.335113	-33.252711								error: Could not locate the first local maximum of the reduced return map.
-2.332277	-33.252711								error: Could not locate the first local maximum of the reduced return map.
-2.329441	-33.252711								error: Could not locate the first local maximum of the reduced return map.
-2.326606	-33.252711								error: Could not locate the first local maximum of the reduced return map.
-2.323770	-33.252711								error: Could not locate the first local maximum of the reduced return map.
-2.320934	-33.252711								error: Could not locate the first local maximum of the reduced return map.
-2.318098	-33.252711								error: Could not locate the first local maximum of the reduced return map.
-2.315263	-33.252711								error: Could not locate the first local maximum of the reduced return map.
-2.312427	-33.252711								error: Could not locate the first local maximum of the reduced return map.
-2.309591	-33.252711								error: Could not locate the first local maximum of the reduced return map.
-2.306756	-33.252711								error: Could not locate the first local maximum of the reduced return map.
-2.303920	-33.252711								error: Could not locate the first local maximum of the reduced return map.
-2.301084	-33.252711								error: Could not locate the first local maximum of the reduced return map.
-2.298249	-33.252711	-44.596475	0.901878	continued:5	131504586847961235687181874578063117114329409897647623619241560935125066908876631867479597863393264	131504586847961235687181874578063117114329409897647623619241560935125066908876631867479597863393264	1,0,0,0,0,0,0,0,0,0	1,0,0,0,0,0,0,0,0,0	ok
-2.295413	-33.252711	-45.188415	0.899626	continued:5	131504586847961235687181874578063117114329409897647623619241560935125066908876631867479597863393264	131504586847961235687181874578063117114329409897647623619241560935125066908876631867479597863393264	1,0,0,0,0,0,0,0,0,0	1,0,0,0,0,0,0,0,0,0	ok
-2.292577	-33.252711	-45.805487	0.898249	continued:5	131504586847961235687181874578063117114329409897647623619241560935125066908876631867479597863393264	131504586847961235687181874578063117114329409897647623619241560935125066908876631867479597863393264	1,0,0,0,0,0,0,0,0,0	1,0,0,0,0,0,0,0,0,0	ok
-2.289741	-33.252711	-46.437070	0.897748	continued:5	131504586847961235687181874578063117114329409897647623619241560935125066908876631867479597863393264	131504586847961235687181874578063117114329409897647623619241560935125066908876631867479597863393264	1,0,0,0,0,0,0,0,0,0	1,0,0,0,0,0,0,0,0,0	ok
-2.286906	-33.252711	-47.069671	0.897580	full	131504586847961235687181874578063117114329409897647623619241560935125066908876631867479597863393264	131504586847961235687181874578063117114329409897647623619241560935125066908876631867479597863393264	1,0,0,0,0,0,0,0,0,0	1,0,0,0,0,0,0,0,0,0	ok
-2.284070	-33.252711	-44.619233	0.900784	continued:5	131504586847961235687181874578063117114329409897647623619241560935125066908876631867479597863393264	131504586847961235687181874578063117114329409897647623619241560935125066908876631867479597863393264	1,0,0,0,0,0,0,0,0,0	1,0,0,0,0,0,0,0,0,0	ok
-2.281234	-33.252711	-45.208995	0.898532	continued:5	131504586847961235687181874578063117114329409897647623619241560935125066908876631867479597863393264	131504586847961235687181874578063117114329409897647623619241560935125066908876631867479597863393264	1,0,0,0,0,0,0,0,0,0	1,0,0,0,0,0,0,0,0,0	ok
-2.278399	-33.252711	-45.823154	0.897155	continued:5	131504586847961235687181874578063117114329409897647623619241560935125066908876631867479597863393264	131504586847961235687181874578063117114329409897647623619241560935125066908876631867479597863393264	1,0,0,0,0,0,0,0,0,0	1,0,0,0,0,0,0,0,0,0	ok
-2.275563	-33.252711	-46.450992	0.896654	continued:5	131504586847961235687181874578063117114329409897647623619241560935125066908876631867479597863393264	131504586847961235687181874578063117114329409897647623619241560935125066908876631867479597863393264	1,0,0,0,0,0,0,0,0,0	1,0,0,0,0,0,0,0,0,0	ok
-2.272727	-33.252711	-47.079033	0.896486	full	131504586847961235687181874578063117114329409897647623619241560935125066908876631867479597863393264	131504586847961235687181874578063117114329409897647623619241560935125066908876631867479597863393264	1,0,0,0,0,0,0,0,0,0	1,0,0,0,0,0,0,0,0,0	ok
-2.269892	-33.252711	-44.111341	0.902140	continued:5	131504586847961235687181874578063117114329409897647623619241560935125066908876631867479597863393264	131504586847961235687181874578063117114329409897647623619241560935125066908876631867479597863393264	1,0,0,0,0,0,0,0,0,0	1,0,0,0,0,0,0,0,0,0	ok
-2.267056	-33.252711	-44.672332	0.899347	continued:5	131504586847961235687181874578063117114329409897647623619241560935125066908876631867479597863393264	131504586847961235687181874578063117114329409897647623619241560935125066908876631867479597863393264	1,0,0,0,0,0,0,0,0,0	1,0,0,0,0,0,0,0,0,0	ok
-2.264220	-33.252711	-45.260839	0.897222	continued:5	131504586847961235687181874578063117114329409897647623619241560935125066908876631867479597863393264	131504586847961235687181874578063117114329409897647623619241560935125066908876631867479597863393264	1,0,0,0,0,0,0,0,0,0	1,0,0,0,0,0,0,0,0,0	ok
-2.261384	-33.252711	-45.871553	0.895846	continued:5	131504586847961235687181874578063117114329409897647623619241560935125066908876631867479597863393264	131504586847961235687181874578063117114329409897647623619241560935125066908876631867479597863393264	1,0,0,0,0,0,0,0,0,0	1,0,0,0,0,0,0,0,0,0	ok
-2.258549	-33.252711	-46.494830	0.895344	continued:5	131504586847961235687181874578063117114329409897647623619241560935125066908876631867479597863393264	131504586847961235687181874578063117114329409897647623619241560935125066908876631867479597863393264	1,0,0,0,0,0,0,0,0,0	1,0,0,0,0,0,0,0,0,0	ok
-2.255713	-33.252711	-47.117081	0.895177	full	131504586847961235687181874578063117114329409897647623619241560935125066908876631867479597863393264	131504586847961235687181874578063117114329409897647623619241560935125066908876631867479597863393264	1,0,0,0,0,0,0,0,0,0	1,0,0,0,0,0,0,0,0,0	ok
-2.252877	-33.252711	-44.162259	0.900699	continued:5	131504586847961235687181874578063117114329409897647623619241560935125066908876631867479597863393264	131504586847961235687181874578063117114329409897647623619241560935125066908876631867479597863393264	1,0,0,0,0,0,0,0,0,0	1,0,0,0,0,0,0,0,0,0	ok
-2.250042	-33.252711	-44.722418	0.898034	continued:5	131504586847961235687181874578063117114329409897647623619241560935125066908876631867479597863393264	131504586847961235687181874578063117114329409897663841176816483321426487445848886737075380626940827	1,0,0,0,0,0,0,0,0,0	-2,0,0,0,0,0,0,0,0,0	ok
-2.247206	-33.252711	-45.308199	0.895909	continued:5	131504586847961235687181874578063117114329409897647623619241560935125066908876631867479597863393264	131504586847961235687181874578063117114329409897680058734391405707727907982821141606671163390488391	1,0,0,0,0,0,0,0,0,0	2,0,0,0,0,0,0,0,0,0	ok
-2.244370	-33.252711	-45.915347	0.894532	continued:5	131504586847961235687181874578063117114329409897647623619241560935125066908876631867479597863393264	131504586847961235687181874578063117114329409897680058734391405707727907982821141606671163390488391	1,0,0,0,0,0,0,0,0,0	2,0,0,0,0,0,0,0,0,0	ok
-2.241535	-33.252711	-46.533966	0.894030	continued:5	131504586847961235687181874578063117114329409897647623619241560935125066908876631867479597863393264	131504586847961235687181874578063117114329409897680058734391405707727907982821141606671163390488391	1,0,0,0,0,0,0,0,0,0	2,0,0,0,0,0,0,0,0,0	ok
-2.238699	-33.252711	-47.150392	0.893863	full	131504586847961235687181874578063117114329409897647623619241560935125066908876631867479597863393264	131504586847961235687181874578063117114329409897680058734391405707727907982821141606671163390488391	1,0,0,0,0,0,0,0,0,0	2,0,0,0,0,0,0,0,0,0	ok
-2.235863	-33.252711	-44.206254	0.899293	continued:5	131504586847961235687181874578063117114329409897647623619241560935125066908876631867479597863393264	131504586847961235687181874578063117114329409897680058734391405707727907982821141606671163390488391	1,0,0,0,0,0,0,0,0,0	2,0,0,0,0,0,0,0,0,0	ok
-2.233028	-33.252711	-44.765140	0.896500	continued:5	131504586847961235687181874578063117114329409897647623619241560935125066908876631867479597863393264	131504586847961235687181874578063117114329409897680058734391405707727907982821141606671163390488391	1,0,0,0,0,0,0,0,0,0	2,0,0,0,0,0,0,0,0,0	ok
-2.230192	-33.252711	-45.350428	0.894582	continued:5	131504586847961235687181874578063117114329409897647623619241560935125066908876631867479597863393264	131504586847961235687181874578063117114329409897680058734391405707727907982821141606671163390488391	1,0,0,0,0,0,0,0,0,0	2,0,0,0,0,0,0,0,0,0	ok
-2.227356	-33.252711	-45.954009	0.893205	continued:5	131504586847961235687181874578063117114329409897647623619241560935125066908876631867479597863393264	131504586847961235687181874578063117114329409897680058734391405707727907982821141606671163390488391	1,0,0,0,0,0,0,0,0,0	2,0,0,0,0,0,0,0,0,0	ok
-2.224520	-33.252711	-46.567991	0.892703	continued:5	131504586847961235687181874578063117114329409897647623619241560935125066908876631867479597863393264	131504586847961235687181874578063117114329409897680058734391405707727907982821141606671163390488391	1,0,0,0,0,0,0,0,0,0	2,0,0,0,0,0,0,0,0,0	ok
-2.221685	-33.252711	-47.178674	0.892536	full	131504586847961235687181874578063117114329409897647623619241560935125066908876631867479597863393264	131504586847961235687181874578063117114329409897680058734391405707727907982821141606671163390488391	1,0,0,0,0,0,0,0,0,0	2,0,0,0,0,0,0,0,0,0	ok
-2.218849	-33.252711	-44.248442	0.898034	continued:5	131504586847961235687181874578063117114329409897647623619241560935125066908876631867479597863393264	131504586847961235687181874578063117114329409897680058734391405707727907982821141606671163390488391	1,0,0,0,0,0,0,0,0,0	2,0,0,0,0,0,0,0,0,0	ok
-2.216013	-33.252711	-44.804301	0.895241	continued:5	131504586847961235687181874578063117114329409897647623619241560935125066908876631867479597863393264	131504586847961235687181874578063117114329409897680058734391405707727907982821141606671163390488391	1,0,0,0,0,0,0,0,0,0	2,0,0,0,0,0,0,0,0,0	ok
-2.213178	-33.252711	-45.386039	0.893116	continued:5	131504586847961235687181874578063117114329409897647623619241560935125066908876631867479597863393264	131504586847961235687181874578063117114329409897680058734391405707727907982821141606671163390488391	1,0,0,0,0,0,0,0,0,0	2,0,0,0,0,0,0,0,0,0	ok
-2.210342	-33.252711	-45.987314	0.891867	continued:5	131504586847961235687181874578063117114329409897647623619241560935125066908876631867479597863393264	131504586847961235687181874578063117114329409897712493849541250480330749056765651345862728917583522	1,0,0,0,0,0,0,0,0,0	3,0,0,0,0,0,0,0,0,0	ok
-2.207506	-33.252711	-46.596679	0.891366	continued:5	131504586847961235687181874578063117114329409897647623619241560935125066908876631867479597863393264	131504586847961235687181874578063117114329409897712493849541250480330749056765651345862728917583522	1,0,0,0,0,0,0,0,0,0	3,0,0,0,0,0,0,0,0,0	ok
-2.204671	-33.252711	-47.201706	0.891198	full	131504586847961235687181874578063117114329409897647623619241560935125066908876631867479597863393264	131504586847961235687181874578063117114329409897712493849541250480330749056765651345862728917583522	1,0,0,0,0,0,0,0,0,0	3,0,0,0,0,0,0,0,0,0	ok
-2.201835	-33.252711	-44.282717	0.896560	continued:5	131504586847961235687181874578063117114329409897647623619241560935125066908876631867479597863393264	131504586847961235687181874578063117114329409897712493849541250480330749056765651345862728917583522	1,0,0,0,0,0,0,0,0,0	3,0,0,0,0,0,0,0,0,0	ok
-2.198999	-33.252711	-44.837984	0.893895	continued:5	131504586847961235687181874578063117114329409897647623619241560935125066908876631867479597863393264	131504586847961235687181874578063117114329409897712493849541250480330749056765651345862728917583522	1,0,0,0,0,0,0,0,0,0	3,0,0,0,0,0,0,0,0,0	ok
-2.196163	-33.252711	-45.417018	0.891770	continued:5	131504586847961235687181874578063117114329409897647623619241560935125066908876631867479597863393264	131504586847961235687181874578063117114329409897712493849541250480330749056765651345862728917583522	1,0,0,0,0,0,0,0,0,0	3,0,0,0,0,0,0,0,0,0	ok
-2.193328	-33.252711	-46.014704	0.890521	continued:5	131504586847961235687181874578063117114329409897647623619241560935125066908876631867479597863393264	131504586847961235687181874578063117114329409897712493849541250480330749056765651345862728917583522	1,0,0,0,0,0,0,0,0,0	3,0,0,0,0,0,0,0,0,0	ok
-2.190492	-33.252711	-46.619484	0.890019	continued:5	131504586847961235687181874578063117114329409897647623619241560935125066908876631867479597863393264	131504586847961235687181874578063117114329409897712493849541250480330749056765651345862728917583522	1,0,0,0,0,0,0,0,0,0	3,0,0,0,0,0,0,0,0,0	ok
-2.187656	-33.252711	-47.218961	0.889852	full	131504586847961235687181874578063117114329409897647623619241560935125066908876631867479597863393264	131504586847961235687181874578063117114329409897712493849541250480330749056765651345862728917583522	1,0,0,0,0,0,0,0,0,0	3,0,0,0,0,0,0,0,0,0	ok
-2.184821	-33.252711	-44.309877	0.895254	continued:5	131504586847961235687181874578063117114329409897647623619241560935125066908876631867479597863393264	131504586847961235687181874578063117114329409897744928964691095252933590130710161085054294444678657	1,0,0,0,0,0,0,0,0,0	4,0,0,0,0,0,0,0,0,0	ok
-2.181985	-33.252711	-44.862652	0.892460	continued:5	131504586847961235687181874578063117114329409897647623619241560935125066908876631867479597863393264	131504586847961235687181874578063117114329409897744928964691095252933590130710161085054294444678657	1,0,0,0,0,0,0,0,0,0	4,0,0,0,0,0,0,0,0,0	ok
-2.179149	-33.252711	-45.439861	0.890542	continued:5	131504586847961235687181874578063117114329409897647623619241560935125066908876631867479597863393264	131504586847961235687181874578063117114329409897744928964691095252933590130710161085054294444678657	1,0,0,0,0,0,0,0,0,0	4,0,0,0,0,0,0,0,0,0	ok
-2.176314	-33.252711	-46.032721	0.889165	continued:5	131504586847961235687181874578063117114329409897647623619241560935125066908876631867479597863393264	131504586847961235687181874578063117114329409897744928964691095252933590130710161085054294444678657	1,0,0,0,0,0,0,0,0,0	4,0,0,0,0,0,0,0,0,0	ok
-2.173478	-33.252711	-46.633019	0.888664	continued:5	131504586847961235687181874578063117114329409897647623619241560935125066908876631867479597863393264	131504586847961235687181874578063117114329409897744928964691095252933590130710161085054294444678657	1,0,0,0,0,0,0,0,0,0	4,0,0,0,0,0,0,0,0,0	ok
-2.170642	-33.252711	-47.227151	0.888497	full	131504586847961235687181874578063117114329409897647623619241560935125066908876631867479597863393264	131504586847961235687181874578063117114329409897777364079840940025536431204654670824245859971773796	1,0,0,0,0,0,0,0,0,0	5,0,0,0,0,0,0,0,0,0	ok
-2.167807	-33.252711	-44.311100	0.894093	continued:5	131504586847961235687181874578063117114329409897647623619241560935125066908876631867479597863393264	131504586847961235687181874578063117114329409897777364079840940025536431204654670824245859971773796	1,0,0,0,0,0,0,0,0,0	5,0,0,0,0,0,0,0,0,0	ok
-2.164971	-33.252711	-44.859983	0.891300	continued:5	131504586847961235687181874578063117114329409897647623619241560935125066908876631867479597863393264	131504586847961235687181874578063117114329409897777364079840940025536431204654670824245859971773796	1,0,0,0,0,0,0,0,0,0	5,0,0,0,0,0,0,0,0,0	ok
-2.162135	-33.252711	-45.432516	0.889175	continued:5	131504586847961235687181874578063117114329409897647623619241560935125066908876631867479597863393264	131504586847961235687181874578063117114329409897777364079840940025536431204654670824245859971773796	1,0,0,0,0,0,0,0,0,0	5,0,0,0,0,0,0,0,0,0	ok
-2.159299	-33.252711	-46.022010	0.887798	continued:5	131504586847961235687181874578063117114329409897647623619241560935125066908876631867479597863393264	131504586847961235687181874578063117114329409897777364079840940025536431204654670824245859971773796	1,0,0,0,0,0,0,0,0,0	5,0,0,0,0,0,0,0,0,0	ok
-2.156464	-33.252711	-46.618180	0.887296	continued:5	131504586847961235687181874578063117114329409897647623619241560935125066908876631867479597863393264	131504586847961235687181874578063117114329409897809799194990784798139272278599180563437425498868939	1,0,0,0,0,0,0,0,0,0	6,0,0,0,0,0,0,0,0,0	ok
-2.153628	-33.252711	-47.207606	0.887129	full	131504586847961235687181874578063117114329409897647623619241560935125066908876631867479597863393264	131504586847961235687181874578063117114329409897809799194990784798139272278599180563437425498868939	1,0,0,0,0,0,0,0,0,0	6,0,0,0,0,0,0,0,0,0	ok
-2.150792	-33.252711	-44.374607	0.892521	continued:5	131504586847961235687181874578063117114329409897647623619241560935125066908876631867479597863393264	131504586847961235687181874578063117114329409897809799194990784798139272278599180563437425498868939	1,0,0,0,0,0,0,0,0,0	6,0,0,0,0,0,0,0,0,0	ok
-2.147957	-33.252711	-44.923419	0.889728	continued:5	131504586847961235687181874578063117114329409897647623619241560935125066908876631867479597863393264	131504586847961235687181874578063117114329409897842234310140629570742113352543690302628991025964086	1,0,0,0,0,0,0,0,0,0	7,0,0,0,0,0,0,0,0,0	ok
-2.145121	-33.252711	-45.495272	0.887810	continued:5	131504586847961235687181874578063117114329409897647623619241560935125066908876631867479597863393264	131504586847961235687181874578063117114329409897842234310140629570742113352543690302628991025964086	1,0,0,0,0,0,0,0,0,0	7,0,0,0,0,0,0,0,0,0	ok
-2.142285	-33.252711	-46.081018	0.886433	continued:5	131504586847961235687181874578063117114329409897647623619241560935125066908876631867479597863393264	131504586847961235687181874578063117114329409897842234310140629570742113352543690302628991025964086	1,0,0,0,0,0,0,0,0,0	7,0,0,0,0,0,0,0,0,0	ok
-2.139450	-33.252711	-46.672293	0.885931	continued:5	131504586847961235687181874578063117114329409897647623619241560935125066908876631867479597863393264	131504586847961235687181874578063117114329409897874669425290474343344954426488200041820556553059237	1,0,0,0,0,0,0,0,0,0	8,0,0,0,0,0,0,0,0,0	ok
-2.136614	-33.252711	-47.255601	0.885764	full	131504586847961235687181874578063117114329409897647623619241560935125066908876631867479597863393264	131504586847961235687181874578063117114329409897874669425290474343344954426488200041820556553059237	1,0,0,0,0,0,0,0,0,0	8,0,0,0,0,0,0,0,0,0	ok
-2.133778	-33.252711	-44.474721	0.890817	continued:5	131504586847961235687181874578063117114329409897647623619241560935125066908876631867479597863393264	131504586847961235687181874578063117114329409897874669425290474343344954426488200041820556553059237	1,0,0,0,0,0,0,0,0,0	8,0,0,0,0,0,0,0,0,0	ok
-2.130942	-33.252711	-45.024337	0.888152	continued:5	131504586847961235687181874578063117114329409897647623619241560935125066908876631867479597863393264	131504586847961235687181874578063117114329409897874669425290474343344954426488200041820556553059237	1,0,0,0,0,0,0,0,0,0	8,0,0,0,0,0,0,0,0,0	ok
-2.128107	-33.252711	-45.595123	0.886234	continued:5	131504586847961235687181874578063117114329409897647623619241560935125066908876631867479597863393264	131504586847961235687181874578063117114329409897907104540440319115947795500432709781012122080154392	1,0,0,0,0,0,0,0,0,0	9,0,0,0,0,0,0,0,0,0	ok
-2.125271	-33.252711	-46.178728	0.884984	continued:5	131504586847961235687181874578063117114329409897647623619241560935125066908876631867479597863393264	131504586847961235687181874578063117114329409897907104540440319115947795500432709781012122080154392	1,0,0,0,0,0,0,0,0,0	9,0,0,0,0,0,0,0,0,0	ok
-2.122435	-33.252711	-46.765143	0.884611	continued:5	131504586847961235687181874578063117114329409897647623619241560935125066908876631867479597863393264	131504586847961235687181874578063117114329409897907104540440319115947795500432709781012122080154392	1,0,0,0,0,0,0,0,0,0	9,0,0,0,0,0,0,0,0,0	ok
-2.119600	-33.252711	-47.340843	0.883027	full	131504586847961235687181874578063117114329409897647623619241560935125066908876631867479597863393264	131504586847961235687181874578063117114329409897907104540440319115947795500432709781012122080154392	1,0,0,0,0,0,0,0,0,0	9,0,0,0,0,0,0,0,0,0	ok
-2.116764	-33.252711	-44.457721	0.889708	continued:5	131504586847961235687181874578063117114329409897647623619241560935125066908876631867479597863393264	131504586847961235687181874578063117114329409897939539655590163888550636574377219520203687607249551	1,0,0,0,0,0,0,0,0,0	10,0,0,0,0,0,0,0,0,0	ok
-2.113928	-33.252711	-45.002901	0.887042	continued:5	131504586847961235687181874578063117114329409897647623619241560935125066908876631867479597863393264	131504586847961235687181874578063117114329409897939539655590163888550636574377219520203687607249551	1,0,0,0,0,0,0,0,0,0	10,0,0,0,0,0,0,0,0,0	ok
-2.111093	-33.252711	-45.568444	0.884918	continued:5	131504586847961235687181874578063117114329409897647623619241560935125066908876631867479597863393264	131504586847961235687181874578063117114329409897939539655590163888550636574377219520203687607249551	1,0,0,0,0,0,0,0,0,0	10,0,0,0,0,0,0,0,0,0	ok
-2.108257	-33.252711	-46.148209	0.883668	continued:5	131504586847961235687181874578063117114329409897647623619241560935125066908876631867479597863393264	131504586847961235687181874578063117114329409897939539655590163888550636574377219520203687607249551	1,0,0,0,0,0,0,0,0,0	10,0,0,0,0,0,0,0,0,0	ok
-2.105421	-33.252711	-46.730244	0.883167	continued:5	131504586847961235687181874578063117114329409897647623619241560935125066908876631867479597863393264	131504586847961235687181874578063117114329409897939539655590163888550636574377219520203687607249551	1,0,0,0,0,0,0,0,0,0	10,0,0,0,0,0,0,0,0,0	ok
-2.102585	-33.252711	-47.302390	0.883000	full	131504586847961235687181874578063117114329409897647623619241560935125066908876631867479597863393264	131504586847961235687181874578063117114329409897939539655590163888550636574377219520203687607249551	1,0,0,0,0,0,0,0,0,0	10,0,0,0,0,0,0,0,0,0	ok
-2.099750	-33.252711	-44.054209	0.890368	continued:5	131504586847961235687181874578063117114329409897647623619241560935125066908876631867479597863393264	131504586847961235687181874578063117114329409897939539655590163888550636574377219520203687607249551	1,0,0,0,0,0,0,0,0,0	10,0,0,0,0,0,0,0,0,0	ok
-2.096914	-33.252711	-44.582866	0.887574	continued:5	131504586847961235687181874578063117114329409897647623619241560935125066908876631867479597863393264	131504586847961235687181874578063117114329409897955757213165086274852057111349474389799470370797132	1,0,0,0,0,0,0,0,0,0	-11,0,0,0,0,0,0,0,0,0	ok
-2.094078	-33.252711	-45.130090	0.884909	continued:5	131504586847961235687181874578063117114329409897647623619241560935125066908876631867479597863393264	131504586847961235687181874578063117114329409897971974770740008661153477648321729259395253134344714	1,0,0,0,0,0,0,0,0,0	11,0,0,0,0,0,0,0,0,0	ok
-2.091243	-33.252711	-45.696886	0.882991	continued:5	131504586847961235687181874578063117114329409897647623619241560935125066908876631867479597863393264	131504586847961235687181874578063117114329409897971974770740008661153477648321729259395253134344714	1,0,0,0,0,0,0,0,0,0	11,0,0,0,0,0,0,0,0,0	ok
-2.088407	-33.252711	-46.274336	0.881948	continued:5	131504586847961235687181874578063117114329409897647623619241560935125066908876631867479597863393264	131504586847961235687181874578063117114329409897971974770740008661153477648321729259395253134344714	1,0,0,0,0,0,0,0,0,0	11,0,0,0,0,0,0,0,0,0	ok
-2.085571	-33.252711	-46.850245	0.881447	continued:5	131504586847961235687181874578063117114329409897647623619241560935125066908876631867479597863393264	131504586847961235687181874578063117114329409897971974770740008661153477648321729259395253134344714	1,0,0,0,0,0,0,0,0,0	11,0,0,0,0,0,0,0,0,0	ok
-2.082736	-33.252711	-47.414283	0.878653	full	131504586847961235687181874578063117114329409897647623619241560935125066908876631867479597863393264	131504586847961235687181874578063117114329409897971974770740008661153477648321729259395253134344714	1,0,0,0,0,0,0,0,0,0	11,0,0,0,0,0,0,0,0,0	ok
-2.079900	-33.252711	-44.135054	0.888472	continued:5	131504586847961235687181874578063117114329409897647623619241560935125066908876631867479597863393264	131504586847961235687181874578063117114329409897971974770740008661153477648321729259395253134344714	1,0,0,0,0,0,0,0,0,0	11,0,0,0,0,0,0,0,0,0	ok
-2.077064	-33.252711	-44.663805	0.885678	continued:5	131504586847961235687181874578063117114329409897647623619241560935125066908876631867479597863393264	131504586847961235687181874578063117114329409897971974770740008661153477648321729259395253134344714	1,0,0,0,0,0,0,0,0,0	11,0,0,0,0,0,0,0,0,0	ok
-2.074229	-33.252711	-45.210811	0.883219	continued:5	131504586847961235687181874578063117114329409897647623619241560935125066908876631867479597863393264	131504586847961235687181874578063117114329409897971974770740008661153477648321729259395253134344714	1,0,0,0,0,0,0,0,0,0	11,0,0,0,0,0,0,0,0,0	ok
-2.071393	-33.252711	-45.774339	0.881301	continued:5	131504586847961235687181874578063117114329409897647623619241560935125066908876631867479597863393264	131504586847961235687181874578063117114329409897971974770740008661153477648321729259395253134344714	1,0,0,0,0,0,0,0,0,0	11,0,0,0,0,0,0,0,0,0	ok
-2.068557	-33.252711	-46.347333	0.880259	continued:5	131504586847961235687181874578063117114329409897647623619241560935125066908876631867479597863393264	131504586847961235687181874578063117114329409897971974770740008661153477648321729259395253134344714	1,0,0,0,0,0,0,0,0,0	11,0,0,0,0,0,0,0,0,0	ok
-2.065721	-33.252711	-46.917384	0.877593	continued:5	131504586847961235687181874578063117114329409897647623619241560935125066908876631867479597863393264	131504586847961235687181874578063117114329409897971974770740008661153477648321729259395253134344714	1,0,0,0,0,0,0,0,0,0	11,0,0,0,0,0,0,0,0,0	ok
-2.062886	-33.252711	-47.492811	0.874800	full	131504586847961235687181874578063117114329409897647623619241560935125066908876631867479597863393264	131504586847961235687181874578063117114329409897971974770740008661153477648321729259395253134344714	1,0,0,0,0,0,0,0,0,0	11,0,0,0,0,0,0,0,0,0	ok
-2.060050	-33.252711	-44.031355	0.887622	continued:5	131504586847961235687181874578063117114329409897647623619241560935125066908876631867479597863393264	131504586847961235687181874578063117114329409897971974770740008661153477648321729259395253134344714	1,0,0,0,0,0,0,0,0,0	11,0,0,0,0,0,0,0,0,0	ok
-2.057214	-33.252711	-44.553176	0.884828	continued:5	131504586847961235687181874578063117114329409897647623619241560935125066908876631867479597863393264	16217557574922386301420662266291968433291407339929	1,0,0,0,0,0,0,0,0,0	11,0,0,0,0,0,0,0,0	ok
-2.054379	-33.252711	-45.091473	0.882035	continued:5	131504586847961235687181874578063117114329409897647623619241560935125066908876631867479597863393264	131504586847961235687181874578063117114329409897971974770740008661153477648321729259395253134344714	1,0,0,0,0,0,0,0,0,0	11,0,0,0,0,0,0,0,0,0	ok
-2.051543	-33.252711	-45.648856	0.880117	continued:5	131504586847961235687181874578063117114329409897647623619241560935125066908876631867479597863393264	131504586847961235687181874578063117114329409897971974770740008661153477648321729259395253134344714	1,0,0,0,0,0,0,0,0,0	11,0,0,0,0,0,0,0,0,0	ok
-2.048707	-33.252711	-46.215329	0.878740	continued:5	131504586847961235687181874578063117114329409897647623619241560935125066908876631867479597863393264	5695183504566863188399133	1,0,0,0,0,0,0,0,0,0	11,0,0,0,0,0,0,0	ok
-2.045872	-33.252711	-46.782255	0.878238	continued:5	131504586847961235687181874578063117114329409897647623619241560935125066908876631867479597863393264	131504586847961235687181874578063117114329409897971974770740008661153477648321729259395253134344714	1,0,0,0,0,0,0,0,0,0	11,0,0,0,0,0,0,0,0,0	ok
-2.043036	-33.252711	-47.336516	0.878071	full	131504586847961235687181874578063117114329409897647623619241560935125066908876631867479597863393264	16217557574922386301420662266291968433291407339929	1,0,0,0,0,0,0,0,0,0	11,0,0,0,0,0,0,0,0	ok
-2.040200	-33.252711	-44.103972	0.885836	continued:5	131504586847961235687181874578063117114329409897647623619241560935125066908876631867479597863393264	5695183504566863188399133	1,0,0,0,0,0,0,0,0,0	11,0,0,0,0,0,0,0	ok
-2.037364	-33.252711	-44.624556	0.883043	continued:5	131504586847961235687181874578063117114329409897647623619241560935125066908876631867479597863393264	3375018936464	1,0,0,0,0,0,0,0,0,0	11,0,0,0,0,0,0	ok
-2.034529	-33.252711	-45.161369	0.880250	continued:5	131504586847961235687181874578063117114329409897647623619241560935125066908876631867479597863393264	131504586847961235687181874578063117114329409897971974770740008661153477648321729259395253134344714	1,0,0,0,0,0,0,0,0,0	11,0,0,0,0,0,0,0,0,0	ok
-2.031693	-33.252711	-45.716459	0.878332	continued:5	131504586847961235687181874578063117114329409897647623619241560935125066908876631867479597863393264	5695183504566863188399133	1,0,0,0,0,0,0,0,0,0	11,0,0,0,0,0,0,0	ok
-2.028857	-33.252711	-46.279486	0.877083	continued:5	131504586847961235687181874578063117114329409897647623619241560935125066908876631867479597863393264	16217557574922386301420667961475472925905436603230	1,0,0,0,0,0,0,0,0,0	-12,0,0,0,0,0,0,0,0	ok
-2.026022	-33.252711	-46.840444	0.876581	continued:5	131504586847961235687181874578063117114329409897647623619241560935125066908876631867479597863393264	131504586847961235687181874578063117114329409897988192328314931047454898185293984128991035897892297	1,0,0,0,0,0,0,0,0,0	-12,0,0,0,0,0,0,0,0,0	ok
-2.023186	-33.252711	-47.387489	0.876414	full	131504586847961235687181874578063117114329409897647623619241560935125066908876631867479597863393264	131504586847961235687181874578063117114329409897988192328314931047454898185293984128991035897892297	1,0,0,0,0,0,0,0,0,0	-12,0,0,0,0,0,0,0,0,0	ok
-2.020350	-33.252711	-44.169784	0.883950	continued:5	131504586847961235687181874578063117114329409897647623619241560935125066908876631867479597863393264	131504586847961235687181874578063117114329409898004409885889853433756318722266238998586818661439881	1,0,0,0,0,0,0,0,0,0	12,0,0,0,0,0,0,0,0,0	ok
-2.017515	-33.252711	-44.690386	0.881157	continued:5	131504586847961235687181874578063117114329409897647623619241560935125066908876631867479597863393264	131504586847961235687181874578063117114329409898004409885889853433756318722266238998586818661439881	1,0,0,0,0,0,0,0,0,0	12,0,0,0,0,0,0,0,0,0	ok
-2.014679	-33.252711	-45.226732	0.878491	continued:5	131504586847961235687181874578063117114329409897647623619241560935125066908876631867479597863393264	131504586847961235687181874578063117114329409898004409885889853433756318722266238998586818661439881	1,0,0,0,0,0,0,0,0,0	12,0,0,0,0,0,0,0,0,0	ok
-2.011843	-33.252711	-45.779095	0.876573	continued:5	131504586847961235687181874578063117114329409897647623619241560935125066908876631867479597863393264	131504586847961235687181874578063117114329409898004409885889853433756318722266238998586818661439881	1,0,0,0,0,0,0,0,0,0	12,0,0,0,0,0,0,0,0,0	ok
-2.009008	-33.252711	-46.338262	0.875324	continued:5	131504586847961235687181874578063117114329409897647623619241560935125066908876631867479597863393264	131504586847961235687181874578063117114329409898004409885889853433756318722266238998586818661439881	1,0,0,0,0,0,0,0,0,0	12,0,0,0,0,0,0,0,0,0	ok
-2.006172	-33.252711	-46.894083	0.874950	continued:5	131504586847961235687181874578063117114329409897647623619241560935125066908876631867479597863393264	131504586847961235687181874578063117114329409898004409885889853433756318722266238998586818661439881	1,0,0,0,0,0,0,0,0,0	12,0,0,0,0,0,0,0,0,0	ok
-2.003336	-33.252711	-47.433639	0.874449	full	131504586847961235687181874578063117114329409897647623619241560935125066908876631867479597863393264	131504586847961235687181874578063117114329409898004409885889853433756318722266238998586818661439881	1,0,0,0,0,0,0,0,0,0	12,0,0,0,0,0,0,0,0,0	ok
-2.000500	-33.252711	-44.232005	0.882102	continued:5	131504586847961235687181874578063117114329409897647623619241560935125066908876631867479597863393264	131504586847961235687181874578063117114329409898004409885889853433756318722266238998586818661439881	1,0,0,0,0,0,0,0,0,0	12,0,0,0,0,0,0,0,0,0	ok
-1.997665	-33.252711	-44.752153	0.879309	continued:5	131504586847961235687181874578063117114329409897647623619241560935125066908876631867479597863393264	131504586847961235687181874578063117114329409898004409885889853433756318722266238998586818661439881	1,0,0,0,0,0,0,0,0,0	12,0,0,0,0,0,0,0,0,0	ok
-1.994829	-33.252711	-45.287505	0.876643	continued:5	131504586847961235687181874578063117114329409897647623619241560935125066908876631867479597863393264	131504586847961235687181874578063117114329409898004409885889853433756318722266238998586818661439881	1,0,0,0,0,0,0,0,0,0	12,0,0,0,0,0,0,0,0,0	ok
-1.991993	-33.252711	-45.837928	0.874725	continued:5	131504586847961235687181874578063117114329409897647623619241560935125066908876631867479597863393264	131504586847961235687181874578063117114329409898004409885889853433756318722266238998586818661439881	1,0,0,0,0,0,0,0,0,0	12,0,0,0,0,0,0,0,0,0	ok
-1.989158	-33.252711	-46.393959	0.873683	continued:5	131504586847961235687181874578063117114329409897647623619241560935125066908876631867479597863393264	131504586847961235687181874578063117114329409898004409885889853433756318722266238998586818661439881	1,0,0,0,0,0,0,0,0,0	12,0,0,0,0,0,0,0,0,0	ok
-1.986322	-33.252711	-46.943452	0.873181	continued:5	131504586847961235687181874578063117114329409897647623619241560935125066908876631867479597863393264	131504586847961235687181874578063117114329409898004409885889853433756318722266238998586818661439881	1,0,0,0,0,0,0,0,0,0	12,0,0,0,0,0,0,0,0,0	ok
-1.983486	-33.252711	-47.476701	0.871932	full	131504586847961235687181874578063117114329409897647623619241560935125066908876631867479597863393264	131504586847961235687181874578063117114329409898004409885889853433756318722266238998586818661439881	1,0,0,0,0,0,0,0,0,0	12,0,0,0,0,0,0,0,0,0	ok
-1.980651	-33.252711	-44.296279	0.880196	continued:5	131504586847961235687181874578063117114329409897647623619241560935125066908876631867479597863393264	16217557574922386301420673656658977418519465866532	1,0,0,0,0,0,0,0,0,0	12,0,0,0,0,0,0,0,0	ok
-1.977815	-33.252711	-44.816422	0.877403	continued:5	131504586847961235687181874578063117114329409897647623619241560935125066908876631867479597863393264	131504586847961235687181874578063117114329409898004409885889853433756318722266238998586818661439881	1,0,0,0,0,0,0,0,0,0	12,0,0,0,0,0,0,0,0,0	ok
-1.974979	-33.252711	-45.351160	0.874944	continued:5	131504586847961235687181874578063117114329409897647623619241560935125066908876631867479597863393264	16217557574922386301420673656658977418519465866532	1,0,0,0,0,0,0,0,0,0	12,0,0,0,0,0,0,0,0	ok
-1.972143	-33.252711	-45.897859	0.873026	continued:5	131504586847961235687181874578063117114329409897647623619241560935125066908876631867479597863393264	131504586847961235687181874578063117114329409898004409885889853433756318722266238998586818661439881	1,0,0,0,0,0,0,0,0,0	12,0,0,0,0,0,0,0,0,0	ok
-1.969308	-33.252711	-46.449081	0.871983	continued:5	131504586847961235687181874578063117114329409897647623619241560935125066908876631867479597863393264	131504586847961235687181874578063117114329409898004409885889853433756318722266238998586818661439881	1,0,0,0,0,0,0,0,0,0	12,0,0,0,0,0,0,0,0,0	ok
-1.966472	-33.252711	-46.992602	0.871609	continued:5	131504586847961235687181874578063117114329409897647623619241560935125066908876631867479597863393264	131504586847961235687181874578063117114329409898004409885889853433756318722266238998586818661439881	1,0,0,0,0,0,0,0,0,0	12,0,0,0,0,0,0,0,0,0	ok
-1.963636	-33.252711	-47.517686	0.869485	full	131504586847961235687181874578063117114329409897647623619241560935125066908876631867479597863393264	16217557574922386301420673656658977418519465866532	1,0,0,0,0,0,0,0,0,0	12,0,0,0,0,0,0,0,0	ok
-1.960801	-33.252711	-44.361394	0.878464	continued:5	131504586847961235687181874578063117114329409897647623619241560935125066908876631867479597863393264	131504586847961235687181874578063117114329409898004409885889853433756318722266238998586818661439881	1,0,0,0,0,0,0,0,0,0	12,0,0,0,0,0,0,0,0,0	ok
-1.957965	-33.252711	-44.879362	0.875671	continued:5	131504586847961235687181874578063117114329409897647623619241560935125066908876631867479597863393264	131504586847961235687181874578063117114329409898004409885889853433756318722266238998586818661439881	1,0,0,0,0,0,0,0,0,0	12,0,0,0,0,0,0,0,0,0	ok
-1.955129	-33.252711	-45.411442	0.873212	continued:5	131504586847961235687181874578063117114329409897647623619241560935125066908876631867479597863393264	5695183504573613111956962	1,0,0,0,0,0,0,0,0,0	12,0,0,0,0,0,0,0	ok
-1.952294	-33.252711	-45.954611	0.871294	continued:5	131504586847961235687181874578063117114329409897647623619241560935125066908876631867479597863393264	3375024132631	1,0,0,0,0,0,0,0,0,0	12,0,0,0,0,0,0	ok
-1.949458	-33.252711	-46.501209	0.870251	continued:5	131504586847961235687181874578063117114329409897647623619241560935125066908876631867479597863393264	131504586847961235687181874578063117114329409898004409885889853433756318722266238998586818661439881	1,0,0,0,0,0,0,0,0,0	12,0,0,0,0,0,0,0,0,0	ok
-1.946622	-33.252711	-47.038960	0.869878	continued:5	131504586847961235687181874578063117114329409897647623619241560935125066908876631867479597863393264	5695183504573613111956962	1,0,0,0,0,0,0,0,0,0	12,0,0,0,0,0,0,0	ok
-1.943786	-33.252711	-47.557222	0.867084	full	131504586847961235687181874578063117114329409897647623619241560935125066908876631867479597863393264	5695183504573613111956962	1,0,0,0,0,0,0,0,0,0	12,0,0,0,0,0,0,0	ok
-1.940951	-33.252711	-44.415024	0.876637	continued:5	131504586847961235687181874578063117114329409897647623619241560935125066908876631867479597863393264	2653032	1,0,0,0,0,0,0,0,0,0	12,0,0,0,0,0	ok
-1.938115	-33.252711	-44.932130	0.873843	continued:5	131504586847961235687181874578063117114329409897647623619241560935125066908876631867479597863393264	16217557574922386301420673656658977418519465866532	1,0,0,0,0,0,0,0,0,0	12,0,0,0,0,0,0,0,0	ok
-1.935279	-33.252711	-45.462646	0.871384	continued:5	131504586847961235687181874578063117114329409897647623619241560935125066908876631867479597863393264	16217557574922386301420673656658977418519465866532	1,0,0,0,0,0,0,0,0,0	12,0,0,0,0,0,0,0,0	ok
-1.932444	-33.252711	-46.003270	0.869594	continued:5	131504586847961235687181874578063117114329409897647623619241560935125066908876631867479597863393264	16217557574922386301420673656658977418519465866532	1,0,0,0,0,0,0,0,0,0	12,0,0,0,0,0,0,0,0	ok
-1.929608	-33.252711	-46.544971	0.868345	continued:5	131504586847961235687181874578063117114329409897647623619241560935125066908876631867479597863393264	5695183504573613111956962	1,0,0,0,0,0,0,0,0,0	12,0,0,0,0,0,0,0	ok
-1.926772	-33.252711	-47.078651	0.867509	continued:5	131504586847961235687181874578063117114329409897647623619241560935125066908876631867479597863393264	131504586847961235687181874578063117114329409898004409885889853433756318722266238998586818661439881	1,0,0,0,0,0,0,0,0,0	12,0,0,0,0,0,0,0,0,0	ok
-1.923937	-33.252711	-47.595717	0.864715	full	131504586847961235687181874578063117114329409897647623619241560935125066908876631867479597863393264	131504586847961235687181874578063117114329409898004409885889853433756318722266238998586818661439881	1,0,0,0,0,0,0,0,0,0	12,0,0,0,0,0,0,0,0,0	ok
-1.921101	-33.252711	-43.973935	0.877417	continued:5	131504586847961235687181874578063117114329409897647623619241560935125066908876631867479597863393264	3375024132631	1,0,0,0,0,0,0,0,0,0	12,0,0,0,0,0,0	ok
-1.918265	-33.252711	-44.479749	0.874624	continued:5	131504586847961235687181874578063117114329409897647623619241560935125066908876631867479597863393264	2653032	1,0,0,0,0,0,0,0,0,0	12,0,0,0,0,0	ok
-1.915430	-33.252711	-44.994724	0.871830	continued:5	131504586847961235687181874578063117114329409897647623619241560935125066908876631867479597863393264	3375024132631	1,0,0,0,0,0,0,0,0,0	12,0,0,0,0,0,0	ok
-1.912594	-33.252711	-45.522381	0.869371	continued:5	131504586847961235687181874578063117114329409897647623619241560935125066908876631867479597863393264	2653032	1,0,0,0,0,0,0,0,0,0	12,0,0,0,0,0	ok
-1.909758	-33.252711	-46.059089	0.867453	continued:5	131504586847961235687181874578063117114329409897647623619241560935125066908876631867479597863393264	2653032	1,0,0,0,0,0,0,0,0,0	12,0,0,0,0,0	ok
-1.906922	-33.252711	-46.596872	0.866411	continued:5	131504586847961235687181874578063117114329409897647623619241560935125066908876631867479597863393264	3375024132631	1,0,0,0,0,0,0,0,0,0	12,0,0,0,0,0,0	ok
-1.904087	-33.252711	-47.123443	0.864827	continued:5	131504586847961235687181874578063117114329409897647623619241560935125066908876631867479597863393264	2653032	1,0,0,0,0,0,0,0,0,0	12,0,0,0,0,0	ok
-1.901251	-33.252711	-47.638790	0.862034	full	131504586847961235687181874578063117114329409897647623619241560935125066908876631867479597863393264	2653032	1,0,0,0,0,0,0,0,0,0	12,0,0,0,0,0	ok
-1.898415	-33.252711	-44.037053	0.875294	continued:5	131504586847961235687181874578063117114329409897647623619241560935125066908876631867479597863393264	3375024132631	1,0,0,0,0,0,0,0,0,0	12,0,0,0,0,0,0	ok
-1.895580	-33.252711	-44.542286	0.872500	continued:5	131504586847961235687181874578063117114329409897647623619241560935125066908876631867479597863393264	4162	1,0,0,0,0,0,0,0,0,0	12,0,0,0,0	ok
-1.892744	-33.252711	-45.056248	0.869707	continued:5	131504586847961235687181874578063117114329409897647623619241560935125066908876631867479597863393264	2653032	1,0,0,0,0,0,0,0,0,0	12,0,0,0,0,0	ok
-1.889908	-33.252711	-45.582025	0.867248	continued:5	131504586847961235687181874578063117114329409897647623619241560935125066908876631867479597863393264	2653032	1,0,0,0,0,0,0,0,0,0	12,0,0,0,0,0	ok
-1.887073	-33.252711	-46.115700	0.865458	continued:5	131504586847961235687181874578063117114329409897647623619241560935125066908876631867479597863393264	2653032	1,0,0,0,0,0,0,0,0,0	12,0,0,0,0,0	ok
-1.884237	-33.252711	-46.647949	0.864415	continued:5	131504586847961235687181874578063117114329409897647623619241560935125066908876631867479597863393264	3375024132631	1,0,0,0,0,0,0,0,0,0	12,0,0,0,0,0,0	ok
-1.881401	-33.252711	-47.167814	0.862163	continued:5	131504586847961235687181874578063117114329409897647623619241560935125066908876631867479597863393264	3375024132631	1,0,0,0,0,0,0,0,0,0	12,0,0,0,0,0,0	ok
-1.878565	-33.252711	-47.681153	0.859369	full	131504586847961235687181874578063117114329409897647623619241560935125066908876631867479597863393264	4162	1,0,0,0,0,0,0,0,0,0	12,0,0,0,0	ok
-1.875730	-33.252711	-44.099014	0.873180	continued:5	131504586847961235687181874578063117114329409897647623619241560935125066908876631867479597863393264	4162	1,0,0,0,0,0,0,0,0,0	12,0,0,0,0	ok
-1.872894	-33.252711	-44.603452	0.870387	continued:5	131504586847961235687181874578063117114329409897647623619241560935125066908876631867479597863393264	4162	1,0,0,0,0,0,0,0,0,0	12,0,0,0,0	ok
-1.870058	-33.252711	-45.116139	0.867593	continued:5	131504586847961235687181874578063117114329409897647623619241560935125066908876631867479597863393264	4162	1,0,0,0,0,0,0,0,0,0	12,0,0,0,0	ok
-1.867223	-33.252711	-45.639754	0.865134	continued:5	131504586847961235687181874578063117114329409897647623619241560935125066908876631867479597863393264	4162	1,0,0,0,0,0,0,0,0,0	12,0,0,0,0	ok
-1.864387	-33.252711	-46.170124	0.863344	continued:5	131504586847961235687181874578063117114329409897647623619241560935125066908876631867479597863393264	4162	1,0,0,0,0,0,0,0,0,0	12,0,0,0,0	ok
-1.861551	-33.252711	-46.697815	0.862302	continued:5	131504586847961235687181874578063117114329409897647623619241560935125066908876631867479597863393264	2653032	1,0,0,0,0,0,0,0,0,0	12,0,0,0,0,0	ok
-1.858716	-33.252711	-47.211902	0.859508	continued:5	131504586847961235687181874578063117114329409897647623619241560935125066908876631867479597863393264	4162	1,0,0,0,0,0,0,0,0,0	12,0,0,0,0	ok
-1.855880	-33.252711	-47.723006	0.856715	full	131504586847961235687181874578063117114329409897647623619241560935125066908876631867479597863393264	4162	1,0,0,0,0,0,0,0,0,0	12,0,0,0,0	ok
-1.853044	-33.252711	-44.451174	0.869640	continued:5	131504586847961235687181874578063117114329409897647623619241560935125066908876631867479597863393264	4162	1,0,0,0,0,0,0,0,0,0	12,0,0,0,0	ok
-1.850209	-33.252711	-44.958141	0.866846	continued:5	131504586847961235687181874578063117114329409897647623619241560935125066908876631867479597863393264	4162	1,0,0,0,0,0,0,0,0,0	12,0,0,0,0	ok
-1.847373	-33.252711	-45.474762	0.864053	continued:5	131504586847961235687181874578063117114329409897647623619241560935125066908876631867479597863393264	4162	1,0,0,0,0,0,0,0,0,0	12,0,0,0,0	ok
-1.844537	-33.252711	-46.001252	0.862135	continued:5	131504586847961235687181874578063117114329409897647623619241560935125066908876631867479597863393264	3375024132631	1,0,0,0,0,0,0,0,0,0	12,0,0,0,0,0,0	ok
-1.841701	-33.252711	-46.526503	0.860758	continued:5	131504586847961235687181874578063117114329409897647623619241560935125066908876631867479597863393264	2653032	1,0,0,0,0,0,0,0,0,0	12,0,0,0,0,0	ok
-1.838866	-33.252711	-47.041888	0.860256	continued:5	131504586847961235687181874578063117114329409897647623619241560935125066908876631867479597863393264	4162	1,0,0,0,0,0,0,0,0,0	12,0,0,0,0	ok
-1.836030	-33.252711	-47.535466	0.860089	full	131504586847961235687181874578063117114329409897647623619241560935125066908876631867479597863393264	4162	1,0,0,0,0,0,0,0,0,0	12,0,0,0,0	ok
-1.833194	-33.252711	-44.016330	0.870242	continued:5	131504586847961235687181874578063117114329409897647623619241560935125066908876631867479597863393264	4162	1,0,0,0,0,0,0,0,0,0	12,0,0,0,0	ok
-1.830359	-33.252711	-44.517306	0.867449	continued:5	131504586847961235687181874578063117114329409897647623619241560935125066908876631867479597863393264	2653032	1,0,0,0,0,0,0,0,0,0	12,0,0,0,0,0	ok
-1.827523	-33.252711	-45.023576	0.864655	continued:5	131504586847961235687181874578063117114329409897647623619241560935125066908876631867479597863393264	3375024132631	1,0,0,0,0,0,0,0,0,0	12,0,0,0,0,0,0	ok
-1.824687	-33.252711	-45.538688	0.861990	continued:5	131504586847961235687181874578063117114329409897647623619241560935125066908876631867479597863393264	3375024132631	1,0,0,0,0,0,0,0,0,0	12,0,0,0,0,0,0	ok
-1.821852	-33.252711	-46.061256	0.860072	continued:5	131504586847961235687181874578063117114329409897647623619241560935125066908876631867479597863393264	3375024132631	1,0,0,0,0,0,0,0,0,0	12,0,0,0,0,0,0	ok
-1.819016	-33.252711	-46.581431	0.858695	continued:5	131504586847961235687181874578063117114329409897647623619241560935125066908876631867479597863393264	4162	1,0,0,0,0,0,0,0,0,0	12,0,0,0,0	ok
-1.816180	-33.252711	-47.090578	0.858193	continued:5	131504586847961235687181874578063117114329409897647623619241560935125066908876631867479597863393264	4162	1,0,0,0,0,0,0,0,0,0	12,0,0,0,0	ok
-1.813344	-33.252711	-47.576895	0.858026	full	131504586847961235687181874578063117114329409897647623619241560935125066908876631867479597863393264	4162	1,0,0,0,0,0,0,0,0,0	12,0,0,0,0	ok
-1.810509	-33.252711	-44.079376	0.867948	continued:5	131504586847961235687181874578063117114329409897647623619241560935125066908876631867479597863393264	4162	1,0,0,0,0,0,0,0,0,0	12,0,0,0,0	ok
-1.807673	-33.252711	-44.581270	0.865154	continued:5	131504586847961235687181874578063117114329409897647623619241560935125066908876631867479597863393264	4162	1,0,0,0,0,0,0,0,0,0	12,0,0,0,0	ok
-1.804837	-33.252711	-45.087878	0.862361	continued:5	131504586847961235687181874578063117114329409897647623619241560935125066908876631867479597863393264	4162	1,0,0,0,0,0,0,0,0,0	12,0,0,0,0	ok
-1.802002	-33.252711	-45.602371	0.859902	continued:5	131504586847961235687181874578063117114329409897647623619241560935125066908876631867479597863393264	4162	1,0,0,0,0,0,0,0,0,0	12,0,0,0,0	ok
-1.799166	-33.252711	-46.121028	0.857984	continued:5	131504586847961235687181874578063117114329409897647623619241560935125066908876631867479597863393264	4162	1,0,0,0,0,0,0,0,0,0	12,0,0,0,0	ok
-1.796330	-33.252711	-46.636139	0.856607	continued:5	131504586847961235687181874578063117114329409897647623619241560935125066908876631867479597863393264	4162	1,0,0,0,0,0,0,0,0,0	12,0,0,0,0	ok
-1.793495	-33.252711	-47.139077	0.856106	continued:5	131504586847961235687181874578063117114329409897647623619241560935125066908876631867479597863393264	4162	1,0,0,0,0,0,0,0,0,0	12,0,0,0,0	ok
-1.790659	-33.252711	-47.618189	0.855938	full	131504586847961235687181874578063117114329409897647623619241560935125066908876631867479597863393264	2653032	1,0,0,0,0,0,0,0,0,0	12,0,0,0,0,0	ok
-1.787823	-33.252711	-44.141480	0.865703	continued:5	131504586847961235687181874578063117114329409897647623619241560935125066908876631867479597863393264	4162	1,0,0,0,0,0,0,0,0,0	12,0,0,0,0	ok
-1.784987	-33.252711	-44.643587	0.862910	continued:5	131504586847961235687181874578063117114329409897647623619241560935125066908876631867479597863393264	4162	1,0,0,0,0,0,0,0,0,0	12,0,0,0,0	ok
-1.782152	-33.252711	-45.149832	0.860116	continued:5	131504586847961235687181874578063117114329409897647623619241560935125066908876631867479597863393264	4162	1,0,0,0,0,0,0,0,0,0	12,0,0,0,0	ok
-1.779316	-33.252711	-45.663024	0.857658	continued:5	131504586847961235687181874578063117114329409897647623619241560935125066908876631867479597863393264	4162	1,0,0,0,0,0,0,0,0,0	12,0,0,0,0	ok
-1.776480	-33.252711	-46.179214	0.855740	continued:5	131504586847961235687181874578063117114329409897647623619241560935125066908876631867479597863393264	4162	1,0,0,0,0,0,0,0,0,0	12,0,0,0,0	ok
-1.773645	-33.252711	-46.690588	0.854490	continued:5	131504586847961235687181874578063117114329409897647623619241560935125066908876631867479597863393264	4162	1,0,0,0,0,0,0,0,0,0	12,0,0,0,0	ok
-1.770809	-33.252711	-47.187396	0.853989	continued:5	131504586847961235687181874578063117114329409897647623619241560935125066908876631867479597863393264	4162	1,0,0,0,0,0,0,0,0,0	12,0,0,0,0	ok
-1.767973	-33.252711	-47.659406	0.853822	full	131504586847961235687181874578063117114329409897647623619241560935125066908876631867479597863393264	4162	1,0,0,0,0,0,0,0,0,0	12,0,0,0,0	ok
-1.765138	-33.252711	-44.209779	0.863548	continued:5	131504586847961235687181874578063117114329409897647623619241560935125066908876631867479597863393264	4162	1,0,0,0,0,0,0,0,0,0	12,0,0,0,0	ok
-1.762302	-33.252711	-44.710529	0.860754	continued:5	131504586847961235687181874578063117114329409897647623619241560935125066908876631867479597863393264	4162	1,0,0,0,0,0,0,0,0,0	12,0,0,0,0	ok
-1.759466	-33.252711	-45.215005	0.857961	continued:5	131504586847961235687181874578063117114329409897647623619241560935125066908876631867479597863393264	4162	1,0,0,0,0,0,0,0,0,0	12,0,0,0,0	ok
-1.756631	-33.252711	-45.725599	0.855502	continued:5	131504586847961235687181874578063117114329409897647623619241560935125066908876631867479597863393264	4162	1,0,0,0,0,0,0,0,0,0	12,0,0,0,0	ok
-1.753795	-33.252711	-46.238116	0.853584	continued:5	131504586847961235687181874578063117114329409897647623619241560935125066908876631867479597863393264	4162	1,0,0,0,0,0,0,0,0,0	12,0,0,0,0	ok
-1.750959	-33.252711	-46.744650	0.852335	continued:5	131504586847961235687181874578063117114329409897647623619241560935125066908876631867479597863393264	4162	1,0,0,0,0,0,0,0,0,0	12,0,0,0,0	ok
-1.748123	-33.252711	-47.235496	0.851833	continued:5	131504586847961235687181874578063117114329409897647623619241560935125066908876631867479597863393264	4162	1,0,0,0,0,0,0,0,0,0	12,0,0,0,0	ok
-1.745288	-33.252711	-47.700590	0.851666	full	131504586847961235687181874578063117114329409897647623619241560935125066908876631867479597863393264	4162	1,0,0,0,0,0,0,0,0,0	12,0,0,0,0	ok
-1.742452	-33.252711	-44.275974	0.861274	continued:5	131504586847961235687181874578063117114329409897647623619241560935125066908876631867479597863393264	4162	1,0,0,0,0,0,0,0,0,0	12,0,0,0,0	ok
-1.739616	-33.252711	-44.776697	0.858480	continued:5	131504586847961235687181874578063117114329409897647623619241560935125066908876631867479597863393264	4162	1,0,0,0,0,0,0,0,0,0	12,0,0,0,0	ok
-1.736781	-33.252711	-45.280529	0.855687	continued:5	131504586847961235687181874578063117114329409897647623619241560935125066908876631867479597863393264	4162	1,0,0,0,0,0,0,0,0,0	12,0,0,0,0	ok
-1.733945	-33.252711	-45.789510	0.853228	continued:5	131504586847961235687181874578063117114329409897647623619241560935125066908876631867479597863393264	4162	1,0,0,0,0,0,0,0,0,0	12,0,0,0,0	ok
-1.731109	-33.252711	-46.299231	0.851438	continued:5	131504586847961235687181874578063117114329409897647623619241560935125066908876631867479597863393264	4162	1,0,0,0,0,0,0,0,0,0	12,0,0,0,0	ok
-1.728274	-33.252711	-46.800509	0.850189	continued:5	131504586847961235687181874578063117114329409897647623619241560935125066908876631867479597863393264	4162	1,0,0,0,0,0,0,0,0,0	12,0,0,0,0	ok
-1.725438	-33.252711	-47.285019	0.849815	continued:5	131504586847961235687181874578063117114329409897631406061666638548823646371904376997883815099845702	4162	-1,0,0,0,0,0,0,0,0,0	12,0,0,0,0	ok
-1.722602	-33.252711	-47.741775	0.849441	full	131504586847961235687181874578063117114329409897647623619241560935125066908876631867479597863393264	4162	1,0,0,0,0,0,0,0,0,0	12,0,0,0,0	ok
-1.719766	-33.252711	-44.328920	0.859028	continued:5	131504586847961235687181874578063117114329409897647623619241560935125066908876631867479597863393264	4162	1,0,0,0,0,0,0,0,0,0	12,0,0,0,0	ok
-1.716931	-33.252711	-44.829872	0.856235	continued:5	131504586847961235687181874578063117114329409897647623619241560935125066908876631867479597863393264	4162	1,0,0,0,0,0,0,0,0,0	12,0,0,0,0	ok
-1.714095	-33.252711	-45.333139	0.853441	continued:5	131504586847961235687181874578063117114329409897631406061666638548823646371904376997883815099845702	4162	-1,0,0,0,0,0,0,0,0,0	12,0,0,0,0	ok
-1.711259	-33.252711	-45.840527	0.850776	continued:5	131504586847961235687181874578063117114329409897631406061666638548823646371904376997883815099845702	4162	-1,0,0,0,0,0,0,0,0,0	12,0,0,0,0	ok
-1.708424	-33.252711	-46.349541	0.848858	continued:5	131504586847961235687181874578063117114329409897631406061666638548823646371904376997883815099845702	4162	-1,0,0,0,0,0,0,0,0,0	12,0,0,0,0	ok
-1.705588	-33.252711	-46.849943	0.847815	continued:5	131504586847961235687181874578063117114329409897631406061666638548823646371904376997883815099845702	4162	-1,0,0,0,0,0,0,0,0,0	12,0,0,0,0	ok
-1.702752	-33.252711	-47.330316	0.847313	continued:5	131504586847961235687181874578063117114329409897631406061666638548823646371904376997883815099845702	4162	-1,0,0,0,0,0,0,0,0,0	12,0,0,0,0	ok
-1.699917	-33.252711	-47.782991	0.846940	full	131504586847961235687181874578063117114329409897631406061666638548823646371904376997883815099845702	4162	-1,0,0,0,0,0,0,0,0,0	12,0,0,0,0	ok
-1.697081	-33.252711	-44.364009	0.856304	continued:5	131504586847961235687181874578063117114329409897647623619241560935125066908876631867479597863393264	4162	1,0,0,0,0,0,0,0,0,0	12,0,0,0,0	ok
-1.694245	-33.252711	-44.871598	0.853510	continued:5	131504586847961235687181874578063117114329409897631406061666638548823646371904376997883815099845702	4162	-1,0,0,0,0,0,0,0,0,0	12,0,0,0,0	ok
-1.691410	-33.252711	-45.379897	0.850717	continued:5	131504586847961235687181874578063117114329409897631406061666638548823646371904376997883815099845702	4162	-1,0,0,0,0,0,0,0,0,0	12,0,0,0,0	ok
-1.688574	-33.252711	-45.890718	0.848258	continued:5	131504586847961235687181874578063117114329409897631406061666638548823646371904376997883815099845702	4162	-1,0,0,0,0,0,0,0,0,0	12,0,0,0,0	ok
-1.685738	-33.252711	-46.399503	0.846340	continued:5	131504586847961235687181874578063117114329409897631406061666638548823646371904376997883815099845702	4162	-1,0,0,0,0,0,0,0,0,0	12,0,0,0,0	ok
-1.682902	-33.252711	-46.898264	0.845297	continued:5	131504586847961235687181874578063117114329409897631406061666638548823646371904376997883815099845702	4162	-1,0,0,0,0,0,0,0,0,0	12,0,0,0,0	ok
-1.680067	-33.252711	-47.375679	0.844796	continued:5	131504586847961235687181874578063117114329409897631406061666638548823646371904376997883815099845702	4162	-1,0,0,0,0,0,0,0,0,0	12,0,0,0,0	ok
-1.677231	-33.252711	-47.824261	0.844422	full	131504586847961235687181874578063117114329409897631406061666638548823646371904376997883815099845702	4162	-1,0,0,0,0,0,0,0,0,0	12,0,0,0,0	ok
-1.674395	-33.252711	-44.407730	0.853779	continued:5	131504586847961235687181874578063117114329409897647623619241560935125066908876631867479597863393264	4162	1,0,0,0,0,0,0,0,0,0	12,0,0,0,0	ok
-1.671560	-33.252711	-44.918979	0.850985	continued:5	131504586847961235687181874578063117114329409897631406061666638548823646371904376997883815099845702	4162	-1,0,0,0,0,0,0,0,0,0	12,0,0,0,0	ok
-1.668724	-33.252711	-45.429668	0.848192	continued:5	131504586847961235687181874578063117114329409897631406061666638548823646371904376997883815099845702	4162	-1,0,0,0,0,0,0,0,0,0	12,0,0,0,0	ok
-1.665888	-33.252711	-45.941518	0.845733	continued:5	131504586847961235687181874578063117114329409897631406061666638548823646371904376997883815099845702	4162	-1,0,0,0,0,0,0,0,0,0	12,0,0,0,0	ok
-1.663053	-33.252711	-46.449914	0.843815	continued:5	131504586847961235687181874578063117114329409897631406061666638548823646371904376997883815099845702	4162	-1,0,0,0,0,0,0,0,0,0	12,0,0,0,0	ok
-1.660217	-33.252711	-46.946883	0.842772	continued:5	131504586847961235687181874578063117114329409897631406061666638548823646371904376997883815099845702	4072	-1,0,0,0,0,0,0,0,0,0	-12,0,0,0,0	ok
-1.657381	-33.252711	-47.421213	0.842271	continued:5	131504586847961235687181874578063117114329409897631406061666638548823646371904376997883815099845702	4072	-1,0,0,0,0,0,0,0,0,0	-12,0,0,0,0	ok
-1.654545	-33.252711	-47.865605	0.841897	full	131504586847961235687181874578063117114329409897631406061666638548823646371904376997883815099845702	4072	-1,0,0,0,0,0,0,0,0,0	-12,0,0,0,0	ok
-1.651710	-33.252711	-44.450533	0.851228	continued:5	131504586847961235687181874578063117114329409897631406061666638548823646371904376997883815099845702	4072	-1,0,0,0,0,0,0,0,0,0	-12,0,0,0,0	ok
-1.648874	-33.252711	-44.965624	0.848435	continued:5	131504586847961235687181874578063117114329409897631406061666638548823646371904376997883815099845702	4072	-1,0,0,0,0,0,0,0,0,0	-12,0,0,0,0	ok
-1.646038	-33.252711	-45.478829	0.845642	continued:5	131504586847961235687181874578063117114329409897631406061666638548823646371904376997883815099845702	4072	-1,0,0,0,0,0,0,0,0,0	-12,0,0,0,0	ok
-1.643203	-33.252711	-45.991801	0.843183	continued:5	131504586847961235687181874578063117114329409897631406061666638548823646371904376997883815099845702	4072	-1,0,0,0,0,0,0,0,0,0	-12,0,0,0,0	ok
-1.640367	-33.252711	-46.499881	0.841392	continued:5	131504586847961235687181874578063117114329409897631406061666638548823646371904376997883815099845702	4072	-1,0,0,0,0,0,0,0,0,0	-12,0,0,0,0	ok
-1.637531	-33.252711	-46.993936	0.840143	continued:5	131504586847961235687181874578063117114329409897631406061666638548823646371904376997883815099845702	4072	-1,0,0,0,0,0,0,0,0,0	-12,0,0,0,0	ok
-1.634696	-33.252711	-47.466039	0.839642	continued:5	131504586847961235687181874578063117114329409897631406061666638548823646371904376997883815099845702	4072	-1,0,0,0,0,0,0,0,0,0	-12,0,0,0,0	ok
-1.631860	-33.252711	-47.907038	0.839268	full	131504586847961235687181874578063117114329409897631406061666638548823646371904376997883815099845702	4072	-1,0,0,0,0,0,0,0,0,0	-12,0,0,0,0	ok
-1.629024	-33.252711	-44.492627	0.848645	continued:5	131504586847961235687181874578063117114329409897631406061666638548823646371904376997883815099845702	4072	-1,0,0,0,0,0,0,0,0,0	-12,0,0,0,0	ok
-1.626188	-33.252711	-45.011821	0.845852	continued:5	131504586847961235687181874578063117114329409897631406061666638548823646371904376997883815099845702	2650730	-1,0,0,0,0,0,0,0,0,0	-12,0,0,0,0,0	ok
-1.623353	-33.252711	-45.527743	0.843058	continued:5	131504586847961235687181874578063117114329409897631406061666638548823646371904376997883815099845702	2650730	-1,0,0,0,0,0,0,0,0,0	-12,0,0,0,0,0	ok
-1.620517	-33.252711	-46.041994	0.840599	continued:5	131504586847961235687181874578063117114329409897631406061666638548823646371904376997883815099845702	2650730	-1,0,0,0,0,0,0,0,0,0	-12,0,0,0,0,0	ok
-1.617681	-33.252711	-46.549890	0.838809	continued:5	131504586847961235687181874578063117114329409897631406061666638548823646371904376997883815099845702	2650730	-1,0,0,0,0,0,0,0,0,0	-12,0,0,0,0,0	ok
-1.614846	-33.252711	-47.042343	0.837560	continued:5	131504586847961235687181874578063117114329409897631406061666638548823646371904376997883815099845702	2650730	-1,0,0,0,0,0,0,0,0,0	-12,0,0,0,0,0	ok
-1.612010	-33.252711	-47.511554	0.837058	continued:5	131504586847961235687181874578063117114329409897631406061666638548823646371904376997883815099845702	2650730	-1,0,0,0,0,0,0,0,0,0	-12,0,0,0,0,0	ok
-1.609174	-33.252711	-47.948576	0.836557	full	131504586847961235687181874578063117114329409897631406061666638548823646371904376997883815099845702	2650730	-1,0,0,0,0,0,0,0,0,0	-12,0,0,0,0,0	ok
-1.606339	-33.252711	-44.544040	0.846127	continued:5	131504586847961235687181874578063117114329409897631406061666638548823646371904376997883815099845702	2650730	-1,0,0,0,0,0,0,0,0,0	-12,0,0,0,0,0	ok
-1.603503	-33.252711	-45.065803	0.843333	continued:5	131504586847961235687181874578063117114329409897631406061666638548823646371904376997883815099845702	2650730	-1,0,0,0,0,0,0,0,0,0	-12,0,0,0,0,0	ok
-1.600667	-33.252711	-45.583102	0.840540	continued:5	131504586847961235687181874578063117114329409897631406061666638548823646371904376997883815099845702	2650730	-1,0,0,0,0,0,0,0,0,0	-12,0,0,0,0,0	ok
-1.597832	-33.252711	-46.097407	0.838081	continued:5	131504586847961235687181874578063117114329409897631406061666638548823646371904376997883815099845702	2650730	-1,0,0,0,0,0,0,0,0,0	-12,0,0,0,0,0	ok
-1.594996	-33.252711	-46.603981	0.836291	continued:5	131504586847961235687181874578063117114329409897631406061666638548823646371904376997883815099845702	2650730	-1,0,0,0,0,0,0,0,0,0	-12,0,0,0,0,0	ok
-1.592160	-33.252711	-47.093778	0.835041	continued:5	131504586847961235687181874578063117114329409897631406061666638548823646371904376997883815099845702	2650730	-1,0,0,0,0,0,0,0,0,0	-12,0,0,0,0,0	ok
-1.589324	-33.252711	-47.559136	0.834668	continued:5	131504586847961235687181874578063117114329409897631406061666638548823646371904376997883815099845702	2650730	-1,0,0,0,0,0,0,0,0,0	-12,0,0,0,0,0	ok
-1.586489	-33.252711	-47.990229	0.833832	full	131504586847961235687181874578063117114329409897631406061666638548823646371904376997883815099845702	2650730	-1,0,0,0,0,0,0,0,0,0	-12,0,0,0,0,0	ok
-1.583653	-33.252711	-44.592626	0.843594	continued:5	131504586847961235687181874578063117114329409897631406061666638548823646371904376997883815099845702	2650730	-1,0,0,0,0,0,0,0,0,0	-12,0,0,0,0,0	ok
-1.580817	-33.252711	-45.117127	0.840801	continued:5	131504586847961235687181874578063117114329409897631406061666638548823646371904376997883815099845702	2650730	-1,0,0,0,0,0,0,0,0,0	-12,0,0,0,0,0	ok
-1.577982	-33.252711	-45.635907	0.838007	continued:5	131504586847961235687181874578063117114329409897631406061666638548823646371904376997883815099845702	2650730	-1,0,0,0,0,0,0,0,0,0	-12,0,0,0,0,0	ok
-1.575146	-33.252711	-46.150342	0.835548	continued:5	131504586847961235687181874578063117114329409897631406061666638548823646371904376997883815099845702	2650730	-1,0,0,0,0,0,0,0,0,0	-12,0,0,0,0,0	ok
-1.572310	-33.252711	-46.655665	0.833758	continued:5	131504586847961235687181874578063117114329409897631406061666638548823646371904376997883815099845702	2650730	-1,0,0,0,0,0,0,0,0,0	-12,0,0,0,0,0	ok
-1.569475	-33.252711	-47.142893	0.832509	continued:5	131504586847961235687181874578063117114329409897631406061666638548823646371904376997883815099845702	2650730	-1,0,0,0,0,0,0,0,0,0	-12,0,0,0,0,0	ok
-1.566639	-33.252711	-47.604513	0.832007	continued:5	131504586847961235687181874578063117114329409897631406061666638548823646371904376997883815099845702	2650730	-1,0,0,0,0,0,0,0,0,0	-12,0,0,0,0,0	ok
-1.563803	-33.252711	-48.032008	0.831092	full	131504586847961235687181874578063117114329409897631406061666638548823646371904376997883815099845702	2650730	-1,0,0,0,0,0,0,0,0,0	-12,0,0,0,0,0	ok
-1.560967	-33.252711	-44.638838	0.840968	continued:5	131504586847961235687181874578063117114329409897631406061666638548823646371904376997883815099845702	2650730	-1,0,0,0,0,0,0,0,0,0	-12,0,0,0,0,0	ok
-1.558132	-33.252711	-45.167121	0.838175	continued:5	131504586847961235687181874578063117114329409897631406061666638548823646371904376997883815099845702	2650730	-1,0,0,0,0,0,0,0,0,0	-12,0,0,0,0,0	ok
-1.555296	-33.252711	-45.688266	0.835381	continued:5	131504586847961235687181874578063117114329409897631406061666638548823646371904376997883815099845702	2650730	-1,0,0,0,0,0,0,0,0,0	-12,0,0,0,0,0	ok
-1.552460	-33.252711	-46.203600	0.832922	continued:5	131504586847961235687181874578063117114329409897631406061666638548823646371904376997883815099845702	2650730	-1,0,0,0,0,0,0,0,0,0	-12,0,0,0,0,0	ok
-1.549625	-33.252711	-46.708353	0.831004	continued:5	131504586847961235687181874578063117114329409897631406061666638548823646371904376997883815099845702	2650730	-1,0,0,0,0,0,0,0,0,0	-12,0,0,0,0,0	ok
-1.546789	-33.252711	-47.194798	0.829962	continued:5	131504586847961235687181874578063117114329409897631406061666638548823646371904376997883815099845702	2650730	-1,0,0,0,0,0,0,0,0,0	-12,0,0,0,0,0	ok
-1.543953	-33.252711	-47.652429	0.829588	continued:5	131504586847961235687181874578063117114329409897631406061666638548823646371904376997883815099845702	2650730	-1,0,0,0,0,0,0,0,0,0	-12,0,0,0,0,0	ok
-1.541118	-33.252711	-48.073921	0.828339	full	131504586847961235687181874578063117114329409897631406061666638548823646371904376997883815099845702	2650730	-1,0,0,0,0,0,0,0,0,0	-12,0,0,0,0,0	ok
-1.538282	-33.252711	-44.686754	0.838327	continued:5	131504586847961235687181874578063117114329409897631406061666638548823646371904376997883815099845702	2650730	-1,0,0,0,0,0,0,0,0,0	-12,0,0,0,0,0	ok
-1.535446	-33.252711	-45.218683	0.835534	continued:5	131504586847961235687181874578063117114329409897631406061666638548823646371904376997883815099845702	2650730	-1,0,0,0,0,0,0,0,0,0	-12,0,0,0,0,0	ok
-1.532611	-33.252711	-45.742053	0.832740	continued:5	131504586847961235687181874578063117114329409897631406061666638548823646371904376997883815099845702	2650730	-1,0,0,0,0,0,0,0,0,0	-12,0,0,0,0,0	ok
-1.529775	-33.252711	-46.258137	0.830281	continued:5	131504586847961235687181874578063117114329409897631406061666638548823646371904376997883815099845702	2650730	-1,0,0,0,0,0,0,0,0,0	-12,0,0,0,0,0	ok
-1.526939	-33.252711	-46.762168	0.828491	continued:5	131504586847961235687181874578063117114329409897631406061666638548823646371904376997883815099845702	2650730	-1,0,0,0,0,0,0,0,0,0	-12,0,0,0,0,0	ok
-1.524103	-33.252711	-47.245327	0.827448	continued:5	131504586847961235687181874578063117114329409897631406061666638548823646371904376997883815099845702	2650730	-1,0,0,0,0,0,0,0,0,0	-12,0,0,0,0,0	ok
-1.521268	-33.252711	-47.698597	0.826947	continued:5	131504586847961235687181874578063117114329409897631406061666638548823646371904376997883815099845702	2650730	-1,0,0,0,0,0,0,0,0,0	-12,0,0,0,0,0	ok
-1.518432	-33.252711	-48.115978	0.825570	full	131504586847961235687181874578063117114329409897631406061666638548823646371904376997883815099845702	2650730	-1,0,0,0,0,0,0,0,0,0	-12,0,0,0,0,0	ok
-1.515596	-33.252711	-44.739082	0.835750	continued:5	131504586847961235687181874578063117114329409897631406061666638548823646371904376997883815099845702	2650730	-1,0,0,0,0,0,0,0,0,0	-12,0,0,0,0,0	ok
-1.512761	-33.252711	-45.273430	0.832957	continued:5	131504586847961235687181874578063117114329409897631406061666638548823646371904376997883815099845702	2650730	-1,0,0,0,0,0,0,0,0,0	-12,0,0,0,0,0	ok
-1.509925	-33.252711	-45.797927	0.830163	continued:5	131504586847961235687181874578063117114329409897631406061666638548823646371904376997883815099845702	2650730	-1,0,0,0,0,0,0,0,0,0	-12,0,0,0,0,0	ok
-1.507089	-33.252711	-46.313763	0.827704	continued:5	131504586847961235687181874578063117114329409897631406061666638548823646371904376997883815099845702	2650730	-1,0,0,0,0,0,0,0,0,0	-12,0,0,0,0,0	ok
-1.504254	-33.252711	-46.816168	0.825914	continued:5	131504586847961235687181874578063117114329409897631406061666638548823646371904376997883815099845702	2650730	-1,0,0,0,0,0,0,0,0,0	-12,0,0,0,0,0	ok
-1.501418	-33.252711	-47.296418	0.824871	continued:5	131504586847961235687181874578063117114329409897631406061666638548823646371904376997883815099845702	2650730	-1,0,0,0,0,0,0,0,0,0	-12,0,0,0,0,0	ok
-1.498582	-33.252711	-47.745677	0.824370	continued:5	131504586847961235687181874578063117114329409897631406061666638548823646371904376997883815099845702	2650730	-1,0,0,0,0,0,0,0,0,0	-12,0,0,0,0,0	ok
-1.495746	-33.252711	-48.158184	0.822786	full	16217557574922386301420542667438374088396792810839	2650730	-1,0,0,0,0,0,0,0,0	-12,0,0,0,0,0	ok
-1.492911	-33.252711	-44.792094	0.833158	continued:5	131504586847961235687181874578063117114329409897631406061666638548823646371904376997883815099845702	2650730	-1,0,0,0,0,0,0,0,0,0	-12,0,0,0,0,0	ok
-1.490075	-33.252711	-45.328787	0.830364	continued:5	131504586847961235687181874578063117114329409897631406061666638548823646371904376997883815099845702	2650730	-1,0,0,0,0,0,0,0,0,0	-12,0,0,0,0,0	ok
-1.487239	-33.252711	-45.854319	0.827571	continued:5	131504586847961235687181874578063117114329409897631406061666638548823646371904376997883815099845702	2650730	-1,0,0,0,0,0,0,0,0,0	-12,0,0,0,0,0	ok
-1.484404	-33.252711	-46.369806	0.825112	continued:5	131504586847961235687181874578063117114329409897631406061666638548823646371904376997883815099845702	2650730	-1,0,0,0,0,0,0,0,0,0	-12,0,0,0,0,0	ok
-1.481568	-33.252711	-46.870488	0.823322	continued:5	16217557574922386301420542667438374088396792810839	2650730	-1,0,0,0,0,0,0,0,0	-12,0,0,0,0,0	ok
-1.478732	-33.252711	-47.347748	0.822279	continued:5	131504586847961235687181874578063117114329409897631406061666638548823646371904376997883815099845702	2650730	-1,0,0,0,0,0,0,0,0,0	-12,0,0,0,0,0	ok
-1.475897	-33.252711	-47.792940	0.821778	continued:5	5695183504495988991042170	4072	-1,0,0,0,0,0,0,0	-12,0,0,0,0	ok
-1.473061	-33.252711	-48.200546	0.819987	full	16217557574922386301420542667438374088396792810839	27420692	-1,0,0,0,0,0,0,0,0	-12,0,0,-1,0,0	ok
-1.470225	-33.252711	-44.843009	0.830422	continued:5	3374964376952	111042230	-1,0,0,0,0,0,0	-12,0,0,2,0	ok
-1.467389	-33.252711	-45.383608	0.827629	continued:5	131504586847961235687181874578063117114329409897631406061666638548823646371904376997883815099845702	4822042	-1,0,0,0,0,0,0,0,0,0	-12,0,-1,0,0,0	ok
-1.464554	-33.252711	-45.911511	0.824836	continued:5	131504586847961235687181874578063117114329409897631406061666638548823646371904376997883815099845702	514582	-1,0,0,0,0,0,0,0,0,0	-12,0,1,0,-1	ok
-1.461718	-33.252711	-46.427809	0.822504	continued:5	3374964376952	3763692157	-1,0,0,0,0,0,0	-12,0,10,1,0	ok
-1.458882	-33.252711	-46.926556	0.820714	continued:5	5695183504495988991042170	2807242	-1,0,0,0,0,0,0,0	-12,-1,0,0,0,0	ok
-1.456047	-33.252711	-47.400630	0.819672	continued:5	3374964376952	2807242	-1,0,0,0,0,0,0	-12,-1,0,0,0,0	ok
-1.453211	-33.252711	-47.841585	0.819298	continued:5	16217557574922386301420542667438374088396792810839	6418	-1,0,0,0,0,0,0,0,0	-12,1,0,0,0	ok
-1.450375	-33.252711	-48.243069	0.817173	full	5695183504495988991042170	29249753	-1,0,0,0,0,0,0,0	-12,1,0,-1,0,0	ok
-1.447540	-33.252711	-44.897449	0.827799	continued:5	3374964376952	3141248	-1,0,0,0,0,0,0	-12,-2,0,0,0,0	ok
-1.444704	-33.252711	-45.440232	0.825006	continued:5	131504586847961235687181874578063117114329409897631406061666638548823646371904376997883815099845702	14683	-1,0,0,0,0,0,0,0,0,0	-12,3,0,0,0	ok
-1.441868	-33.252711	-45.968973	0.822212	continued:5	16217557574922386301420542667438374088396792810839	110662	-1,0,0,0,0,0,0,0,0	-12,-10,0,0,0	ok
-1.439033	-33.252711	-46.484709	0.819881	continued:5	3374964376952	158181	-1,0,0,0,0,0,0	11,11,0,0,0	ok
-1.436197	-33.252711	-46.981533	0.818091	continued:5	3374964376952	140693	-1,0,0,0,0,0,0	11,-11,0,0,0	ok
-1.433361	-33.252711	-47.452451	0.817048	continued:5	16217557574922386301420542667438374088396792810839	140693	-1,0,0,0,0,0,0,0,0	11,-11,0,0,0	ok
-1.430525	-33.252711	-47.889225	0.816675	continued:5	3374964376952	259794593	-1,0,0,0,0,0,0	11,10,9,0	ok
-1.427690	-33.252711	-48.285757	0.814343	full	5695183504495988991042170	96119	-1,0,0,0,0,0,0,0	11,10,1,0	ok
-1.424854	-33.252711	-45.189370	0.824142	continued:5	5695183504495988991042170	113318963	-1,0,0,0,0,0,0,0	11,10,-1,0,1	ok
-1.422018	-33.252711	-45.726497	0.821348	continued:5	3374964376952	410849	-1,0,0,0,0,0,0	11,10,0,-1,0	ok
-1.419183	-33.252711	-46.249211	0.818683	continued:5	16217557574922386301420542667438374088396792810839	124728	-1,0,0,0,0,0,0,0,0	11,10,0,0,0	ok
-1.416347	-33.252711	-46.755993	0.816558	continued:5	5695183504495988991042170	124728	-1,0,0,0,0,0,0,0	11,10,0,0,0	ok
-1.413511	-33.252711	-47.239886	0.815102	continued:5	3374964376952	110193	-1,0,0,0,0,0,0	11,-10,0,0,0	ok
-1.410676	-33.252711	-47.693036	0.814394	continued:5	5695183504495988991042170	110193	-1,0,0,0,0,0,0,0	11,-10,0,0,0	ok
-1.407840	-33.252711	-48.108037	0.814768	full	3374964376952	110193	-1,0,0,0,0,0,0	11,-10,0,0,0	ok
-1.405004	-33.252711	-45.237730	0.821820	continued:5	3374964376952	39318	-1,0,0,0,0,0,0	11,-10,0,0	ok
-1.402168	-33.252711	-45.776228	0.819026	continued:5	3374964376952	955631	-1,0,0,0,0,0,0	11,-10,2,0,0	ok
-1.399333	-33.252711	-46.299075	0.816233	continued:5	3374964376952	508278764	-1,0,0,0,0,0,0	11,9,10,0	ok
-1.396497	-33.252711	-46.806013	0.814315	continued:5	3374964376952	246901023383	-1,0,0,0,0,0,0	11,9,5,4	ok
-1.393661	-33.252711	-47.286840	0.812938	continued:5	3374964376952	144933803	-1,0,0,0,0,0,0	11,9,3,2	ok
-1.390826	-33.252711	-47.735345	0.812102	continued:5	3374964376952	412664	-1,0,0,0,0,0,0	11,9,-3,0	ok
-1.387990	-33.252711	-48.146237	0.812269	full	10296487298246453339	1576178	-1,0,0,0,0,0,-1	11,9,-3,0,0	ok
-1.385154	-33.252711	-45.288715	0.819515	continued:5	498768035658203820272194170320	412664	-1,0,0,0,0,0,1	11,9,-3,0	ok
-1.382319	-33.252711	-45.828025	0.816722	continued:5	498768035658203820272194170320	5010173	-1,0,0,0,0,0,1	11,9,3,1	ok
-1.379483	-33.252711	-46.350500	0.813928	continued:5	5695183504495988991042170	13825889	-1,0,0,0,0,0,0,0	11,9,4,1	ok
-1.376647	-33.252711	-46.855884	0.812010	continued:5	331374310391957453775077	50165114	-1,0,0,0,0,-1,-1	11,9,7,0	ok
-1.373812	-33.252711	-47.334076	0.810633	continued:5	137520069382767470	359160179	-1,0,0,0,0,-1,0	11,9,-10,0	ok
-1.370976	-33.252711	-47.779036	0.809925	continued:5	998767320547577	709910018	-1,0,0,0,0,1	11,9,-11,0	ok
-1.368140	-33.252711	-48.184583	0.809758	full	77971519449922417203419339	1352442014	-1,0,0,0,0,2	11,9,11,-1	ok
-1.365304	-33.252711	-45.342261	0.817248	continued:5	156840816596253747698714090039286753208512033494438460552545	84233	-1,0,0,0,0,8	11,-10,1,0	ok
-1.362469	-33.252711	-45.881597	0.814455	continued:5	50684107357779980209503137579303060761013437630080221942602126485077	51329521788	-1,0,0,0,0,11	11,-10,0,-4,0	ok
-1.359633	-33.252711	-46.402995	0.811661	continued:5	371299112589839	374523	-1,0,0,0,-1,0,0	11,-10,0,-1,0	ok
-1.356797	-33.252711	-46.906196	0.809743	continued:5	371299112589839	75037353	-1,0,0,0,-1,0,0	11,-10,0,0,1	ok
-1.353962	-33.252711	-47.381205	0.808366	continued:5	171642627464	110193	-1,0,0,0,1,0	11,-10,0,0,0	ok
-1.351126	-33.252711	-47.822153	0.807658	continued:5	305250249454189465853576222651682771021595412718869553652162139	110193	-1,0,0,0,1,9	11,-10,0,0,0	ok
-1.348290	-33.252711	-48.223078	0.807284	full	6127218708778202	110193	-1,0,0,0,2,0	11,-10,0,0,0	ok
-1.345455	-33.252711	-45.395491	0.814933	continued:5	191177205366864673176824971589	696768	-1,0,0,0,4,-2	11,-10,0,0,-1	ok
-1.342619	-33.252711	-45.935224	0.812139	continued:5	20590132362758491734000313565702	46034	-1,0,0,0,9	11,10,0,0	ok
-1.339783	-33.252711	-46.455854	0.809474	continued:5	10717492777964661460631486700740702	46034	-1,0,0,0,-11,0	11,10,0,0	ok
-1.336947	-33.252711	-46.955902	0.807349	continued:5	305567536759900984044152122758750834714047664027209197499106155	410849	-1,0,0,-1,1,9	11,10,0,-1,0	ok
-1.334112	-33.252711	-47.428809	0.806100	continued:5	266939967805322639	224093	-1,0,0,-1,0,-1,0	11,10,0,1	ok
-1.331276	-33.252711	-47.865562	0.805392	continued:5	17225409670789647560	218248040159	-1,0,0,-1,0,0,-1	11,10,0,-5	ok
-1.328440	-33.252711	-48.261722	0.805018	full	250174895	69254289230468099	-1,0,0,1,0,0	11,10,0,-11	ok
-1.325605	-33.252711	-45.447373	0.812584	continued:5	259313901030218930	62813	-1,0,0,1,-1,1	11,10,-1,0	ok
-1.322769	-33.252711	-45.987800	0.809791	continued:5	28998203885297960	200639	-1,0,0,1,2,0	11,10,-1,0,0	ok
-1.319933	-33.252711	-46.507911	0.806997	continued:5	710616968522387120033892899263760	96119	-1,0,0,-2,-10,0	11,10,1,0	ok
-1.317098	-33.252711	-47.007501	0.805079	continued:5	26856276375048827	30058359	-1,0,0,2,0,1	11,10,1,2	ok
-1.314262	-33.252711	-47.476818	0.803830	continued:5	218470488592076248105846982957586101177088337478930560126071150077	1107794	-1,0,0,-3,-2,10	11,10,-2,1	ok
-1.311426	-33.252711	-47.909230	0.803122	continued:5	1406497404200	277118	-1,0,0,-4,0,0	11,10,2,0	ok
-1.308590	-33.252711	-48.300517	0.802748	full	1256261847565739	493499	-1,0,0,-7,0,0	11,10,-3,0	ok
-1.305755	-33.252711	-45.502140	0.810185	continued:5	155792269438026989	2760053	-1,0,0,-10,0,0	11,10,4,0	ok
-1.302919	-33.252711	-46.043373	0.807392	continued:5	8834520303599089437922095871953827	12768909	-1,0,0,10,-11	11,10,6	ok
-1.300083	-33.252711	-46.563036	0.804726	continued:5	592831039668499940	259794593	-1,0,0,-11,0,0	11,10,9,0	ok
-1.297248	-33.252711	-47.059737	0.802808	continued:5	291008505201227420	524507444	-1,0,0,11,0	11,10,10,0	ok
-1.294412	-33.252711	-47.525264	0.801559	continued:5	296578193178768363744530	365350974	-1,0,0,11,-2,1	11,10,10	ok
-1.291576	-33.252711	-47.953172	0.800850	continued:5	11232245973791140425154203827	1019419259	-1,0,-1,2,1,2	11,10,-11,-1	ok
-1.288741	-33.252711	-48.339465	0.800477	full	812058512435	730747313	-1,0,-1,-1,1,0	11,10,-11,0	ok
-1.285905	-33.252711	-45.561439	0.807912	continued:5	311297904549717450056686186115	730747313	-1,0,-1,0,2,2	11,10,-11,0	ok
-1.283069	-33.252711	-46.101549	0.805119	continued:5	730709105	1005918209	-1,0,-1,0,-1,0	11,10,11,0	ok
-1.280234	-33.252711	-46.619071	0.802453	continued:5	202730693660	1005918209	-1,0,-1,0,1,0	11,10,11,0	ok
-1.277398	-33.252711	-47.112635	0.800535	continued:5	10666543671105509963133663506327	1386195509	-1,0,1,0,3,2	11,10,11,-1	ok
-1.274562	-33.252711	-47.574159	0.799286	continued:5	175754445396626892556405984806777389	2538744374	-1,0,1,-1,11,-1	11,10,11,1	ok
-1.271726	-33.252711	-47.997393	0.798578	continued:5	51876116464315952495436752	15614714099	-1,0,1,1,2,-2	11,10,11,2	ok
-1.268891	-33.252711	-48.378567	0.798204	full	191868426870967322892309842827277	741336743	-1,0,1,-4,-10	11,-11,-11,0	ok
-1.266055	-33.252711	-45.615264	0.805559	continued:5	2228514555151241327	371649194	-1,0,1,-11,-1,0	11,-11,10	ok
-1.263219	-33.252711	-46.155407	0.802766	continued:5	152741100127310282252	124117868	-1,0,1,11,-2,0	11,-11,8,0	ok
-1.260384	-33.252711	-46.671794	0.800100	continued:5	2484667521516638260392624483787622900	171157273270958693	-1,0,-2,0,-10,-2	11,-11,3,11	ok
-1.257548	-33.252711	-47.163122	0.798183	continued:5	10727921999705805463589681900816855	7733961944150864	-1,0,2,0,-11,0	11,-11,2,9	ok
-1.254712	-33.252711	-47.621461	0.796806	continued:5	174559725629185711963514	178481	-1,0,2,8,4	11,-11,-2,0	ok
-1.251877	-33.252711	-48.041902	0.796304	continued:5	299290462881087020	74129875105745606	-1,0,-3,1,-1,1	11,-11,1,-11	ok
-1.249041	-33.252711	-48.417824	0.795930	full	138528536094780008452280	245477381	-1,0,3,3,-5	11,-11,1,-3	ok
-1.246205	-33.252711	-45.672673	0.803077	continued:5	1382083634330	1277579	-1,0,4,2,-1,0	11,-11,1,-1,0	ok
-1.243369	-33.252711	-46.213699	0.800284	continued:5	33551039611999263927012779633635889	72368	-1,0,5,10,11	11,-11,-1,0	ok
-1.240534	-33.252711	-46.729655	0.797825	continued:5	8865378894728665678012988252888345	72368	-1,0,7,10,-11	11,-11,-1,0	ok
-1.237698	-33.252711	-47.217343	0.795907	continued:5	2395969057779018691540555550800652	72368	-1,0,-9,0,-11	11,-11,-1,0	ok
-1.234862	-33.252711	-47.671255	0.794530	continued:5	714799240912912624625412755114	6160228330495106	-1,0,-10,-1,-8,0	11,-11,-1,-1,-3	ok
-1.232027	-33.252711	-48.086685	0.794028	continued:5	10827370589	409943	-1,0,10,-2,0	11,-11,-1,1	ok
-1.229191	-33.252711	-48.457236	0.793654	full	266381771633273714	1802010539	-1,0,10,-11,0	11,-11,-1,-3,0	ok
-1.226355	-33.252711	-45.730177	0.800673	continued:5	1064663796008699197190	33853341959005718	-1,0,10,11,-3	11,-11,-1,10	ok
-1.223520	-33.252711	-46.271060	0.797880	continued:5	14647403893692664445079888003379115	71660987408947694	-1,0,-11,3,11	11,-11,-1,-11	ok
-1.220684	-33.252711	-46.785693	0.795421	continued:5	263986495652	146763274782199943	-1,0,-11,-1,-1,0	11,-11,-1,11	ok
-1.217848	-33.252711	-47.270961	0.793503	continued:5	2398780970005435642570851271366940	142268157752958218	-1,0,-11,0,-11	11,-11,0,11	ok
-1.215013	-33.252711	-47.721525	0.792254	continued:5	2398780970005435642570851271366940	142268157752958218	-1,0,-11,0,-11	11,-11,0,11	ok
-1.212177	-33.252711	-48.131760	0.791752	continued:5	10120112685661138170022855667962415	142268157752958218	-1,0,-11,0,11	11,-11,0,11	ok
-1.209341	-33.252711	-48.496804	0.791378	full	10769727663099995084843096181311615	142268157752958218	-1,0,-11,-1,11	11,-11,0,11	ok
-1.206505	-33.252711	-45.791115	0.798269	continued:5	2760802277	142268157752958218	-1,0,11,-1,0	11,-11,0,11	ok
-1.203670	-33.252711	-46.331337	0.795475	continued:5	887818766714	142268157752958218	-1,0,11,1,-1,0	11,-11,0,11	ok
-1.200834	-33.252711	-46.844175	0.793017	continued:5	2748410727023552264172567487936652	142268157752958218	-1,0,11,1,-11	11,-11,0,11	ok
-1.197998	-33.252711	-47.326599	0.791226	continued:5	61979300688859280402027	142268157752958218	-1,0,11,-2,-5	11,-11,0,11	ok
-1.195163	-33.252711	-47.772270	0.789977	continued:5	715727100647712811237854685774277	146763274782199943	-1,0,11,2,10	11,-11,-1,11	ok
-1.192327	-33.252711	-48.177127	0.789475	continued:5	6605960267798513206081273788377	146763274782199943	-1,0,11,3,-9	11,-11,-1,11	ok
-1.189491	-33.252711	-48.536530	0.789102	full	1187712736225302015390734456085077	71660987408947694	-1,0,11,-6,10	11,-11,-1,-11	ok
-1.186656	-33.252711	-45.858418	0.795991	continued:5	150635330041659839	71660987408947694	-1,0,11,-10,-1	11,-11,-1,-11	ok
-1.183820	-33.252711	-46.395827	0.793198	continued:5	2940212057304068140325744771217902	33853341959005718	-1,-1,11,-2,-11	11,-11,-1,10	ok
-1.180984	-33.252711	-46.904989	0.790739	continued:5	2567647988496652850877349572623559	6754460451444764	-1,-1,-11,-1,-11	11,-11,-1,9	ok
-1.178148	-33.252711	-47.382932	0.788948	continued:5	4526018235300326571072163170	1126171054568	-1,-1,10,11,6	11,-11,-1,5	ok
-1.175313	-33.252711	-47.823480	0.787699	continued:5	3085208411329957005	479516693231	-1,-1,9,11,1	11,-11,-1,-3,1	ok
-1.172477	-33.252711	-48.222781	0.787198	continued:5	85228346452376970702	359079779	-1,-1,-4,-1,-3,-1	11,-11,-1,-2,-1	ok
-1.169641	-33.252711	-48.576412	0.786824	full	247185327815127	409943	-1,-1,2,5,1	11,-11,-1,1	ok
-1.166806	-33.252711	-45.924388	0.793584	continued:5	12341509209524761002	409943	-1,-1,1,11,-2	11,-11,-1,1	ok
-1.163970	-33.252711	-46.460238	0.790791	continued:5	6859134336652828910590766652672777	709796981	-1,-1,1,8,-11	11,-11,-1,-1,1	ok
-1.161134	-33.252711	-46.966794	0.788460	continued:5	304229983954950793784	7336343	-1,-1,-1,1,-2,1	11,-11,-1,-1,-1	ok
-1.158299	-33.252711	-47.439969	0.786670	continued:5	5695183504492614029263277	7336343	-1,-1,-1,-1,-1,-1,-1	11,-11,-1,-1,-1	ok
-1.155463	-33.252711	-47.875159	0.785420	continued:5	5695183504492614029263277	7336343	-1,-1,-1,-1,-1,-1,-1	11,-11,-1,-1,-1	ok
-1.152627	-33.252711	-48.268722	0.784919	continued:5	11405908767564351161328885465389195	409943	-1,-1,1,1,11	11,-11,-1,1	ok
-1.149791	-33.252711	-48.616452	0.784545	full	6250406860029395041902	409943	-1,-1,1,-11,3	11,-11,-1,1	ok
-1.146956	-33.252711	-45.987626	0.791227	continued:5	3574715553940061566326264199018155	4068356	-1,1,-2,3,-11	11,-11,1,-2	ok
-1.144120	-33.252711	-46.521480	0.788433	continued:5	108661227190676437614968945363994	1781298806	-1,1,-3,-2,1,-3	11,-11,1,3	ok
-1.141284	-33.252711	-47.025069	0.785974	continued:5	2276988003152280	1196142838222481	-1,1,7,8	11,-11,1,8	ok
-1.138449	-33.252711	-47.495622	0.784184	continued:5	66543374715025460	35135513057007356	-1,1,10,10	11,-11,1,10	ok
-1.135613	-33.252711	-47.927330	0.783141	continued:5	1860244866718919064	74129875105745606	-1,1,-11,-11,1	11,-11,1,-11	ok
-1.132777	-33.252711	-48.314961	0.782640	continued:5	12188014228458153730039926327467130	74129875105745606	-1,1,-11,-2,11	11,-11,1,-11	ok
-1.129942	-33.252711	-48.656649	0.782266	full	2747618620729822972997999573314280	74129875105745606	-1,1,-11,1,-11	11,-11,1,-11	ok
-1.127106	-33.252711	-46.057079	0.788818	continued:5	3143624748147228707133240436007060	74129875105745606	-1,1,-11,2,-11	11,-11,1,-11	ok
-1.124270	-33.252711	-46.588598	0.786025	continued:5	321511077084020	151382333357993159	-1,1,11,-5,1	11,-11,1,11	ok
-1.121435	-33.252711	-47.088889	0.783694	continued:5	576488119622969015	151382333357993159	-1,1,11,-10,1	11,-11,1,11	ok
-1.118599	-33.252711	-47.554085	0.781903	continued:5	35635925884781234008249817012772455	151382333357993159	-1,1,11,-11,11	11,-11,1,11	ok
-1.115763	-33.252711	-47.979955	0.780861	continued:5	2939371786625002560322855905335069	76672972514360756	-1,-2,-11,-2,-11	11,-11,-2,-11	ok
-1.112927	-33.252711	-48.361480	0.780359	continued:5	244239395493846752	1265320030196756	-1,-2,9,11	11,-11,-2,8	ok
-1.110092	-33.252711	-48.697004	0.779985	full	8843327644264423807444048400592194	6688631	-1,-2,2,10,-11	11,-11,-2,-2	ok
-1.107256	-33.252711	-45.575608	0.788928	continued:5	712559943504874018150723861856550	47360756	-1,2,-5,2,10	11,-11,-2,2	ok
-1.104420	-33.252711	-46.137774	0.786135	continued:5	541680163799579	37828118174910056	-1,2,10,7	11,-11,2,10	ok
-1.101585	-33.252711	-46.665496	0.783341	continued:5	828238731242136408064562271826050	79292185991713289	-1,2,-11,3,10	11,-11,2,-11	ok
-1.098749	-33.252711	-47.161048	0.780882	continued:5	18655294239784456636824842769706050	161004017651088899	-1,2,-11,5,11	11,-11,2,11	ok
-1.095913	-33.252711	-47.621891	0.779299	continued:5	71265952838553209	161004017651088899	-1,2,11,10	11,-11,2,11	ok
-1.093078	-33.252711	-48.040746	0.778256	continued:5	258904174174951590	39240971200016306	-1,-3,10,11	11,-11,-3,10	ok
-1.090242	-33.252711	-48.415030	0.777755	continued:5	149332841254479887710117690277	202662552986306	-1,-3,-4,-3,-8	11,-11,-3,7	ok
-1.087406	-33.252711	-48.743316	0.777381	full	3592703846656556389659877464927674	84766790727179939	-1,3,-11,3,-11	11,-11,3,-11	ok
-1.084570	-33.252711	-45.657558	0.786067	continued:5	133040880175609679	87626200933227131	-1,-4,10,-11	11,-11,-4,-11	ok
-1.081735	-33.252711	-46.218617	0.783274	continued:5	120996901542947495	43760845835812856	-1,-4,-9,-11	11,-11,4,10	ok
-1.078899	-33.252711	-46.744034	0.780480	continued:5	71307456659495252	93599604303130919	-1,4,11,10	11,-11,-5,-11	ok
-1.076063	-33.252711	-47.236110	0.778356	continued:5	31856181955002	193159500935462318	-1,5,-11,-6	11,-11,5,11	ok
-1.073228	-33.252711	-47.689330	0.776565	continued:5	259095312852542990	103228587257985056	-1,6,10,11	11,-11,6,-11	ok
-1.070392	-33.252711	-48.102162	0.775650	continued:5	266744489229840050	110120103900006074	-1,7,-11,11	11,-11,7,-11	ok
-1.067556	-33.252711	-48.468958	0.775149	continued:5	66671565525097577	80930981	-1,-8,10,10	11,-11,8	ok
-1.064721	-33.252711	-48.789833	0.774775	full	7352834944047515	121344809	-1,-9,-11,-9	11,-11,-9	ok
-1.061885	-33.252711	-45.744968	0.783382	continued:5	33717017265564479	178935881	-1,9,-11,-10	11,-11,9	ok
-1.059049	-33.252711	-46.302124	0.780589	continued:5	141833077667580077	178935881	-1,9,11,-11	11,-11,9	ok
-1.056214	-33.252711	-46.822837	0.777796	continued:5	69031171387539990	259771799	-1,-10,-11,10	11,-11,-10	ok
-1.053378	-33.252711	-47.309388	0.775543	continued:5	64459523557284590	259771799	-1,-10,-10,10	11,-11,-10	ok
-1.050542	-33.252711	-47.757610	0.773960	continued:5	259286557345041735	371649194	-1,-10,10,11	11,-11,10	ok
-1.047706	-33.252711	-48.162937	0.772917	continued:5	137503074817916327	371649194	-1,10,-11,-11	11,-11,10	ok
-1.044871	-33.252711	-48.523273	0.772543	continued:5	69041300686785800	371649194	-1,10,-11,10	11,-11,10	ok
-1.042035	-33.252711	-48.836554	0.772169	full	69041300686785800	133272990822197219	-1,10,-11,10	11,-11,10,-11	ok
-1.039199	-33.252711	-45.833317	0.780574	continued:5	69041300686785800	133272990822197219	-1,10,-11,10	11,-11,10,-11	ok
-1.036364	-33.252711	-46.387472	0.777780	continued:5	69041300686785800	133272990822197219	-1,10,-11,10	11,-11,10,-11	ok
-1.033528	-33.252711	-46.904214	0.774987	continued:5	137503074817916327	259341233193586493	-1,10,-11,-11	11,-11,10,11	ok
-1.030692	-33.252711	-47.385850	0.772862	continued:5	141867845471056952	259341233193586493	-1,10,11,-11	11,-11,10,11	ok
-1.027857	-33.252711	-47.827198	0.771279	continued:5	141867845471056952	259341233193586493	-1,10,11,-11	11,-11,10,11	ok
-1.025021	-33.252711	-48.225318	0.770364	continued:5	141867845471056952	259341233193586493	-1,10,11,-11	11,-11,10,11	ok
-1.022185	-33.252711	-48.577230	0.769862	continued:5	141867845471056952	259341233193586493	-1,10,11,-11	11,-11,10,11	ok
-1.019349	-33.252711	-48.883478	0.769489	full	141867845471056952	266939967805322618	-1,10,11,-11	11,-11,-11,11	ok
-1.016514	-33.252711	-45.927067	0.777761	continued:5	141867845471056952	137520069382767449	-1,10,11,-11	11,-11,-11,-11	ok
-1.013678	-33.252711	-46.477317	0.774967	continued:5	141885231769656650	137520069382767449	-1,-11,11,-11	11,-11,-11,-11	ok
-1.010842	-33.252711	-46.989282	0.772302	continued:5	137520058369471127	137520069382767449	-1,-11,-11,-11	11,-11,-11,-11	ok
-1.008007	-33.252711	-47.464065	0.770177	continued:5	137520058369471127	137520069382767449	-1,-11,-11,-11	11,-11,-11,-11	ok
-1.005171	-33.252711	-47.898096	0.768593	continued:5	137520058369471127	137520069382767449	-1,-11,-11,-11	11,-11,-11,-11	ok
-1.002335	-33.252711	-48.288656	0.767757	continued:5	137520058369471127	137520069382767449	-1,-11,-11,-11	11,-11,-11,-11	ok
-0.999500	-33.252711	-48.632307	0.767256	continued:5	137520058369471127	137520069382767449	-1,-11,-11,-11	11,-11,-11,-11	ok
-0.996664	-33.252711	-48.930603	0.766341	full	137520058369471127	137520069382767449	-1,-11,-11,-11	11,-11,-11,-11	ok
-0.993828	-33.252711	-46.018272	0.774961	continued:5	137520058369471127	137520069382767449	-1,-11,-11,-11	11,-11,-11,-11	ok
-0.990992	-33.252711	-46.564434	0.772168	continued:5	137520058369471127	137520069382767449	-1,-11,-11,-11	11,-11,-11,-11	ok
-0.988157	-33.252711	-47.071464	0.769502	continued:5	137520058369471127	137520069382767449	-1,-11,-11,-11	11,-11,-11,-11	ok
-0.985321	-33.252711	-47.540527	0.767378	continued:5	137520058369471127	137520069382767449	-1,-11,-11,-11	11,-11,-11,-11	ok
-0.982485	-33.252711	-47.968245	0.765922	continued:5	137520058369471127	137520069382767449	-1,-11,-11,-11	11,-11,-11,-11	ok
-0.979650	-33.252711	-48.350994	0.765007	continued:5	137520058369471127	137520069382767449	-1,-11,-11,-11	11,-11,-11,-11	ok
-0.976814	-33.252711	-48.687606	0.764633	continued:5	137520058369471127	137520069382767449	-1,-11,-11,-11	11,-11,-11,-11	ok
-0.973978	-33.252711	-48.977928	0.763177	full	137520058369471127	137520069382767449	-1,-11,-11,-11	11,-11,-11,-11	ok
-0.971143	-33.252711	-46.262217	0.771511	continued:5	137520058369471127	137520069382767449	-1,-11,-11,-11	11,-11,-11,-11	ok
-0.968307	-33.252711	-46.792268	0.768717	continued:5	137520058369471127	137520069382767449	-1,-11,-11,-11	11,-11,-11,-11	ok
-0.965471	-33.252711	-47.283312	0.766258	continued:5	137520058369471127	137520069382767449	-1,-11,-11,-11	11,-11,-11,-11	ok
-0.962636	-33.252711	-47.734283	0.764340	continued:5	137520058369471127	137520069382767449	-1,-11,-11,-11	11,-11,-11,-11	ok
-0.959800	-33.252711	-48.142320	0.763091	continued:5	137520058369471127	137520069382767449	-1,-11,-11,-11	11,-11,-11,-11	ok
-0.956964	-33.252711	-48.504423	0.762383	continued:5	137520058369471127	137520069382767449	-1,-11,-11,-11	11,-11,-11,-11	ok
-0.954128	-33.252711	-48.820012	0.763091	full	137520058369471127	137520069382767449	-1,-11,-11,-11	11,-11,-11,-11	ok
-0.951293	-33.252711	-46.341123	0.768988	continued:5	9455884669399191660884342385366419	137520069382767449	-1,-11,-11,-11,-11	11,-11,-11,-11	ok
-0.948457	-33.252711	-46.867592	0.766194	continued:5	9455884669399191660884342385366419	137520069382767449	-1,-11,-11,-11,-11	11,-11,-11,-11	ok
-0.945621	-33.252711	-47.354276	0.763863	continued:5	9455884669399191660884342385366419	137520069382767449	-1,-11,-11,-11,-11	11,-11,-11,-11	ok
-0.942786	-33.252711	-47.799036	0.762073	continued:5	137520058369471127	137520069382767449	-1,-11,-11,-11	11,-11,-11,-11	ok
-0.939950	-33.252711	-48.199456	0.760824	continued:5	137520058369471127	137520069382767449	-1,-11,-11,-11	11,-11,-11,-11	ok
-0.937114	-33.252711	-48.554096	0.760115	continued:5	137520058369471127	137520069382767449	-1,-11,-11,-11	11,-11,-11,-11	ok
-0.934279	-33.252711	-48.862534	0.760283	full	137520058369471127	137520068858324757	-1,-11,-11,-11	-11,-11,-11,-11	ok
-0.931443	-33.252711	-46.422015	0.766640	continued:5	9455884669399191660884342385366419	137520068858324757	-1,-11,-11,-11,-11	-11,-11,-11,-11	ok
-0.928607	-33.252711	-46.942607	0.763847	continued:5	9455884669399191660884342385366419	137520068858324757	-1,-11,-11,-11,-11	-11,-11,-11,-11	ok
-0.925771	-33.252711	-47.423003	0.761388	continued:5	9455884669399191660884342385366419	137520068858324757	-1,-11,-11,-11,-11	-11,-11,-11,-11	ok
-0.922936	-33.252711	-47.862380	0.759598	continued:5	9455884669399191660884342385366419	137520068858324757	-1,-11,-11,-11,-11	-11,-11,-11,-11	ok
-0.920100	-33.252711	-48.257090	0.758555	continued:5	9455884669399191660884342385366419	137520068858324757	-1,-11,-11,-11,-11	-11,-11,-11,-11	ok
-0.917264	-33.252711	-48.604064	0.757847	continued:5	9455884669399191660884342385366419	137520068858324757	-1,-11,-11,-11,-11	-11,-11,-11,-11	ok
-0.914429	-33.252711	-48.905214	0.757473	full	9455884669399191660884342385366419	137520068858324757	-1,-11,-11,-11,-11	-11,-11,-11,-11	ok
-0.911593	-33.252711	-45.956651	0.766618	continued:5	9455884669399191660884342385366419	137520068858324757	-1,-11,-11,-11,-11	-11,-11,-11,-11	ok
-0.908757	-33.252711	-46.516028	0.763824	continued:5	9455884669399191660884342385366419	137520068858324757	-1,-11,-11,-11,-11	-11,-11,-11,-11	ok
-0.905922	-33.252711	-47.030748	0.761031	continued:5	9455884669399191660884342385366419	137520068858324757	-1,-11,-11,-11,-11	-11,-11,-11,-11	ok
-0.903086	-33.252711	-47.504661	0.758779	continued:5	9455884669399191660884342385366419	137520068858324757	-1,-11,-11,-11,-11	-11,-11,-11,-11	ok
-0.900250	-33.252711	-47.935152	0.756988	continued:5	9455884669399191660884342385366419	137520068858324757	-1,-11,-11,-11,-11	-11,-11,-11,-11	ok
-0.897415	-33.252711	-48.321068	0.755739	continued:5	9455884669399191660884342385366419	137520068858324757	-1,-11,-11,-11,-11	-11,-11,-11,-11	ok
-0.894579	-33.252711	-48.661367	0.755238	continued:5	9455884669399191660884342385366419	137520068858324757	-1,-11,-11,-11,-11	-11,-11,-11,-11	ok
-0.891743	-33.252711	-48.954180	0.754864	full	9455884669399191660884342385366419	137520068858324757	-1,-11,-11,-11,-11	-11,-11,-11,-11	ok
-0.888907	-33.252711	-46.058142	0.763782	continued:5	9455884669399191660884342385366419	137520068858324757	-1,-11,-11,-11,-11	-11,-11,-11,-11	ok
-0.886072	-33.252711	-46.611828	0.760988	continued:5	9455884669399191660884342385366419	137520068858324757	-1,-11,-11,-11,-11	-11,-11,-11,-11	ok
-0.883236	-33.252711	-47.120299	0.758195	continued:5	9455884669399191660884342385366419	137520068858324757	-1,-11,-11,-11,-11	-11,-11,-11,-11	ok
-0.880400	-33.252711	-47.587411	0.755943	continued:5	9455884669399191660884342385366419	137520068858324757	-1,-11,-11,-11,-11	-11,-11,-11,-11	ok
-0.877565	-33.252711	-48.010719	0.754359	continued:5	9455884669399191660884342385366419	137520068858324757	-1,-11,-11,-11,-11	-11,-11,-11,-11	ok
-0.874729	-33.252711	-48.387408	0.753110	continued:5	9455884669399191660884342385366419	137520068858324757	-1,-11,-11,-11,-11	-11,-11,-11,-11	ok
-0.871893	-33.252711	-48.718857	0.752608	continued:5	9455884669399191660884342385366419	137520068858324757	-1,-11,-11,-11,-11	-11,-11,-11,-11	ok
-0.869058	-33.252711	-49.003345	0.752235	full	9455884669399191660884342385366419	137520068858324757	-1,-11,-11,-11,-11	-11,-11,-11,-11	ok
-0.866222	-33.252711	-46.160489	0.760954	continued:5	9455884669399191660884342385366419	137520068858324757	-1,-11,-11,-11,-11	-11,-11,-11,-11	ok
-0.863386	-33.252711	-46.707929	0.758161	continued:5	9455884669399191660884342385366419	137520068858324757	-1,-11,-11,-11,-11	-11,-11,-11,-11	ok
-0.860550	-33.252711	-47.209672	0.755368	continued:5	9455884669399191660884342385366419	137520068858324757	-1,-11,-11,-11,-11	-11,-11,-11,-11	ok
-0.857715	-33.252711	-47.669600	0.753115	continued:5	9455884669399191660884342385366419	137520068858324757	-1,-11,-11,-11,-11	-11,-11,-11,-11	ok
-0.854879	-33.252711	-48.085438	0.751532	continued:5	9455884669399191660884342385366419	137520068858324757	-1,-11,-11,-11,-11	-11,-11,-11,-11	ok
-0.852043	-33.252711	-48.454592	0.750489	continued:5	9455884669399191660884342385366419	137520068858324757	-1,-11,-11,-11,-11	-11,-11,-11,-11	ok
-0.849208	-33.252711	-48.776815	0.749988	continued:5	9455884669399191660884342385366419	137520068858324757	-1,-11,-11,-11,-11	-11,-11,-11,-11	ok
-0.846372	-33.252711	-49.052707	0.749614	full	9455884669399191660884342385366419	137520068858324757	-1,-11,-11,-11,-11	-11,-11,-11,-11	ok
-0.843536	-33.252711	-46.270626	0.758084	continued:5	9455884669399191660884342385366419	137520068858324757	-1,-11,-11,-11,-11	-11,-11,-11,-11	ok
-0.840701	-33.252711	-46.810874	0.755291	continued:5	9455884669399191660884342385366419	137520068858324757	-1,-11,-11,-11,-11	-11,-11,-11,-11	ok
-0.837865	-33.252711	-47.305048	0.752497	continued:5	9455884669399191660884342385366419	137520068858324757	-1,-11,-11,-11,-11	-11,-11,-11,-11	ok
-0.835029	-33.252711	-47.757058	0.750373	continued:5	9455884669399191660884342385366419	137520068858324757	-1,-11,-11,-11,-11	-11,-11,-11,-11	ok
-0.832193	-33.252711	-48.163612	0.748917	continued:5	9455884669399191660884342385366419	137520068858324757	-1,-11,-11,-11,-11	-11,-11,-11,-11	ok
-0.829358	-33.252711	-48.522568	0.747874	continued:5	9455884669399191660884342385366419	137520068858324757	-1,-11,-11,-11,-11	-11,-11,-11,-11	ok
-0.826522	-33.252711	-48.835215	0.747373	continued:5	9455884669399191660884342385366419	137520068858324757	-1,-11,-11,-11,-11	-11,-11,-11,-11	ok
-0.823686	-33.252711	-49.102261	0.746999	full	9455884669399191660884342385366419	137520068858324757	-1,-11,-11,-11,-11	-11,-11,-11,-11	ok
-0.820851	-33.252711	-46.385878	0.755228	continued:5	9455884669399191660884342385366419	137520068858324757	-1,-11,-11,-11,-11	-11,-11,-11,-11	ok
-0.818015	-33.252711	-46.917707	0.752434	continued:5	9455884669399191660884342385366419	137520068858324757	-1,-11,-11,-11,-11	-11,-11,-11,-11	ok
-0.815179	-33.252711	-47.403258	0.749769	continued:5	9455884669399191660884342385366419	137520068858324757	-1,-11,-11,-11,-11	-11,-11,-11,-11	ok
-0.812344	-33.252711	-47.845243	0.747644	continued:5	9455884669399191660884342385366419	137520068858324757	-1,-11,-11,-11,-11	-11,-11,-11,-11	ok
-0.809508	-33.252711	-48.241982	0.746188	continued:5	9455884669399191660884342385366419	137520068858324757	-1,-11,-11,-11,-11	-11,-11,-11,-11	ok
-0.806672	-33.252711	-48.591507	0.745273	continued:5	9455884669399191660884342385366419	137520068858324757	-1,-11,-11,-11,-11	-11,-11,-11,-11	ok
-0.803837	-33.252711	-48.894131	0.744772	continued:5	9455884669399191660884342385366419	137520068858324757	-1,-11,-11,-11,-11	-11,-11,-11,-11	ok
-0.801001	-33.252711	-49.152002	0.744398	full	9455884669399191660884342385366419	137520068858324757	-1,-11,-11,-11,-11	-11,-11,-11,-11	ok
-0.798165	-33.252711	-46.498309	0.752308	continued:5	9455884669399191660884342385366419	137520068858324757	-1,-11,-11,-11,-11	-11,-11,-11,-11	ok
-0.795329	-33.252711	-47.022339	0.749515	continued:5	9455884669399191660884342385366419	137520068858324757	-1,-11,-11,-11,-11	-11,-11,-11,-11	ok
-0.792494	-33.252711	-47.499794	0.746849	continued:5	9455884669399191660884342385366419	137520068858324757	-1,-11,-11,-11,-11	-11,-11,-11,-11	ok
-0.789658	-33.252711	-47.933466	0.744931	continued:5	9455884669399191660884342385366419	137520068858324757	-1,-11,-11,-11,-11	-11,-11,-11,-11	ok
-0.786822	-33.252711	-48.319945	0.743554	continued:5	9455884669399191660884342385366419	137520068858324757	-1,-11,-11,-11,-11	-11,-11,-11,-11	ok
-0.783987	-33.252711	-48.659010	0.742512	continued:5	9455884669399191660884342385366419	137520068858324757	-1,-11,-11,-11,-11	-11,-11,-11,-11	ok
-0.781151	-33.252711	-48.953075	0.742138	continued:5	9455884669399191660884342385366419	137520068858324757	-1,-11,-11,-11,-11	-11,-11,-11,-11	ok
-0.778315	-33.252711	-49.201928	0.741764	full	9455884669399191660884342385366419	137520068858324757	-1,-11,-11,-11,-11	-11,-11,-11,-11	ok
-0.775480	-33.252711	-46.617717	0.749358	continued:5	9455884669399191660884342385366419	137520068858324757	-1,-11,-11,-11,-11	-11,-11,-11,-11	ok
-0.772644	-33.252711	-47.132881	0.746564	continued:5	9455884669399191660884342385366419	137520068858324757	-1,-11,-11,-11,-11	-11,-11,-11,-11	ok
-0.769808	-33.252711	-47.601316	0.744105	continued:5	9455884669399191660884342385366419	137520068858324757	-1,-11,-11,-11,-11	-11,-11,-11,-11	ok
-0.766972	-33.252711	-48.023928	0.742187	continued:5	9455884669399191660884342385366419	137520068858324757	-1,-11,-11,-11,-11	-11,-11,-11,-11	ok
-0.764137	-33.252711	-48.399812	0.740810	continued:5	9455884669399191660884342385366419	137520068858324757	-1,-11,-11,-11,-11	-11,-11,-11,-11	ok
-0.761301	-33.252711	-48.728890	0.739896	continued:5	9455884669399191660884342385366419	137520068858324757	-1,-11,-11,-11,-11	-11,-11,-11,-11	ok
-0.758465	-33.252711	-49.012568	0.739522	continued:5	9455884669399191660884342385366419	137520068858324757	-1,-11,-11,-11,-11	-11,-11,-11,-11	ok
-0.755630	-33.252711	-49.252036	0.739148	full	9455884669399191660884342385366419	137520068858324757	-1,-11,-11,-11,-11	-11,-11,-11,-11	ok
-0.752794	-33.252711	-46.738176	0.746410	continued:5	9455884669399191660884342385366419	137520068858324757	-1,-11,-11,-11,-11	-11,-11,-11,-11	ok
-0.749958	-33.252711	-47.243842	0.743617	continued:5	9455884669399191660884342385366419	137520068858324757	-1,-11,-11,-11,-11	-11,-11,-11,-11	ok
-0.747123	-33.252711	-47.702739	0.741158	continued:5	9455884669399191660884342385366419	137520068858324757	-1,-11,-11,-11,-11	-11,-11,-11,-11	ok
-0.744287	-33.252711	-48.115874	0.739368	continued:5	9455884669399191660884342385366419	137520068858324757	-1,-11,-11,-11,-11	-11,-11,-11,-11	ok
-0.741451	-33.252711	-48.481337	0.738119	continued:5	9455884669399191660884342385366419	137520068858324757	-1,-11,-11,-11,-11	-11,-11,-11,-11	ok
-0.738616	-33.252711	-48.799469	0.737283	continued:5	9455884669399191660884342385366419	137520068858324757	-1,-11,-11,-11,-11	-11,-11,-11,-11	ok
-0.735780	-33.252711	-49.072445	0.736909	continued:5	9455884669399191660884342385366419	137520068858324757	-1,-11,-11,-11,-11	-11,-11,-11,-11	ok
-0.732944	-33.252711	-49.302313	0.736535	full	9455884669399191660884342385366419	137520068858324757	-1,-11,-11,-11,-11	-11,-11,-11,-11	ok
-0.730108	-33.252711	-46.340319	0.745858	continued:5	9455884669399191660884342385366419	137520068858324757	-1,-11,-11,-11,-11	-11,-11,-11,-11	ok
-0.727273	-33.252711	-46.885410	0.743064	continued:5	9455884669399191660884342385366419	137520068858324757	-1,-11,-11,-11,-11	-11,-11,-11,-11	ok
-0.724437	-33.252711	-47.378474	0.740271	continued:5	9455884669399191660884342385366419	137520068858324757	-1,-11,-11,-11,-11	-11,-11,-11,-11	ok
-0.721601	-33.252711	-47.825001	0.737940	continued:5	9455884669399191660884342385366419	137520068858324757	-1,-11,-11,-11,-11	-11,-11,-11,-11	ok
-0.718766	-33.252711	-48.224891	0.736356	continued:5	9455884669399191660884342385366419	137520068858324757	-1,-11,-11,-11,-11	-11,-11,-11,-11	ok
-0.715930	-33.252711	-48.575941	0.735107	continued:5	9455884669399191660884342385366419	137520068858324757	-1,-11,-11,-11,-11	-11,-11,-11,-11	ok
-0.713094	-33.252711	-48.880875	0.734399	continued:5	9455884669399191660884342385366419	137520068858324757	-1,-11,-11,-11,-11	-11,-11,-11,-11	ok
-0.710259	-33.252711	-49.140793	0.734025	continued:5	9455884669399191660884342385366419	137520068858324757	-1,-11,-11,-11,-11	-11,-11,-11,-11	ok
-0.707423	-33.252711	-49.359076	0.733317	full	9455884669399191660884342385366419	137520068858324757	-1,-11,-11,-11,-11	-11,-11,-11,-11	ok
-0.704587	-33.252711	-46.497979	0.742598	continued:5	9455884669399191660884342385366419	137520068858324757	-1,-11,-11,-11,-11	-11,-11,-11,-11	ok
-0.701751	-33.252711	-47.028923	0.739805	continued:5	9455884669399191660884342385366419	137520068858324757	-1,-11,-11,-11,-11	-11,-11,-11,-11	ok
-0.698916	-33.252711	-47.508418	0.737012	continued:5	9455884669399191660884342385366419	137520068858324757	-1,-11,-11,-11,-11	-11,-11,-11,-11	ok
-0.696080	-33.252711	-47.941843	0.734887	continued:5	9455884669399191660884342385366419	137520068858324757	-1,-11,-11,-11,-11	-11,-11,-11,-11	ok
-0.693244	-33.252711	-48.327258	0.733097	continued:5	9455884669399191660884342385366419	137520068858324757	-1,-11,-11,-11,-11	-11,-11,-11,-11	ok
-0.690409	-33.252711	-48.666807	0.732054	continued:5	9455884669399191660884342385366419	137520068858324757	-1,-11,-11,-11,-11	-11,-11,-11,-11	ok
-0.687573	-33.252711	-48.959200	0.731346	continued:5	9455884669399191660884342385366419	137520068858324757	-1,-11,-11,-11,-11	-11,-11,-11,-11	ok
-0.684737	-33.252711	-49.207821	0.730972	continued:5	9455884669399191660884342385366419	137520068858324757	-1,-11,-11,-11,-11	-11,-11,-11,-11	ok
-0.681902	-33.252711	-49.416044	0.729516	full	9455884669399191660884342385366419	137520068858324757	-1,-11,-11,-11,-11	-11,-11,-11,-11	ok
-0.679066	-33.252711	-46.667385	0.739006	continued:5	9455884669399191660884342385366419	137520068858324757	-1,-11,-11,-11,-11	-11,-11,-11,-11	ok
-0.676230	-33.252711	-47.185261	0.736213	continued:5	9455884669399191660884342385366419	137520068858324757	-1,-11,-11,-11,-11	-11,-11,-11,-11	ok
-0.673394	-33.252711	-47.651969	0.733547	continued:5	9455884669399191660884342385366419	137520068858324757	-1,-11,-11,-11,-11	-11,-11,-11,-11	ok
-0.670559	-33.252711	-48.071645	0.731629	continued:5	9455884669399191660884342385366419	137520068858324757	-1,-11,-11,-11,-11	-11,-11,-11,-11	ok
-0.667723	-33.252711	-48.442036	0.730046	continued:5	9455884669399191660884342385366419	137520068858324757	-1,-11,-11,-11,-11	-11,-11,-11,-11	ok
-0.664887	-33.252711	-48.765833	0.729003	continued:5	9455884669399191660884342385366419	137520068858324757	-1,-11,-11,-11,-11	-11,-11,-11,-11	ok
-0.662052	-33.252711	-49.044060	0.728295	continued:5	9455884669399191660884342385366419	137520068858324757	-1,-11,-11,-11,-11	-11,-11,-11,-11	ok
-0.659216	-33.252711	-49.280082	0.728462	full	9455884669399191660884342385366419	137520068858324757	-1,-11,-11,-11,-11	-11,-11,-11,-11	ok
-0.656380	-33.252711	-46.797626	0.736130	continued:5	9455884669399191660884342385366419	137520068858324757	-1,-11,-11,-11,-11	-11,-11,-11,-11	ok
-0.653545	-33.252711	-47.303050	0.733337	continued:5	9455884669399191660884342385366419	137520068858324757	-1,-11,-11,-11,-11	-11,-11,-11,-11	ok
-0.650709	-33.252711	-47.757862	0.730671	continued:5	9455884669399191660884342385366419	137520068858324757	-1,-11,-11,-11,-11	-11,-11,-11,-11	ok
-0.647873	-33.252711	-48.166194	0.728754	continued:5	9455884669399191660884342385366419	137520068858324757	-1,-11,-11,-11,-11	-11,-11,-11,-11	ok
-0.645038	-33.252711	-48.525903	0.727298	continued:5	9455884669399191660884342385366419	137520068858324757	-1,-11,-11,-11,-11	-11,-11,-11,-11	ok
-0.642202	-33.252711	-48.838620	0.726255	continued:5	9455884669399191660884342385366419	137520068858324757	-1,-11,-11,-11,-11	-11,-11,-11,-11	ok
-0.639366	-33.252711	-49.106829	0.725754	continued:5	9455884669399191660884342385366419	137520068858324757	-1,-11,-11,-11,-11	-11,-11,-11,-11	ok
-0.636530	-33.252711	-49.332079	0.725380	full	9455884669399191660884342385366419	137520068858324757	-1,-11,-11,-11,-11	-11,-11,-11,-11	ok
-0.633695	-33.252711	-46.931239	0.733041	continued:5	9455884669399191660884342385366419	137520068858324757	-1,-11,-11,-11,-11	-11,-11,-11,-11	ok
-0.630859	-33.252711	-47.425404	0.730248	continued:5	9455884669399191660884342385366419	137520068858324757	-1,-11,-11,-11,-11	-11,-11,-11,-11	ok
-0.628023	-33.252711	-47.869281	0.727917	continued:5	9455884669399191660884342385366419	137520068858324757	-1,-11,-11,-11,-11	-11,-11,-11,-11	ok
-0.625188	-33.252711	-48.263874	0.725999	continued:5	9455884669399191660884342385366419	137520068858324757	-1,-11,-11,-11,-11	-11,-11,-11,-11	ok
-0.622352	-33.252711	-48.610966	0.724543	continued:5	9455884669399191660884342385366419	137520068858324757	-1,-11,-11,-11,-11	-11,-11,-11,-11	ok
-0.619516	-33.252711	-48.912230	0.723628	continued:5	9455884669399191660884342385366419	137520068858324757	-1,-11,-11,-11,-11	-11,-11,-11,-11	ok
-0.616681	-33.252711	-49.169023	0.723126	continued:5	9455884669399191660884342385366419	137520068858324757	-1,-11,-11,-11,-11	-11,-11,-11,-11	ok
-0.613845	-33.252711	-49.384225	0.722753	full	9455884669399191660884342385366419	137520068858324757	-1,-11,-11,-11,-11	-11,-11,-11,-11	ok
-0.611009	-33.252711	-46.551619	0.732514	continued:5	9455884669399191660884342385366419	137520068858324757	-1,-11,-11,-11,-11	-11,-11,-11,-11	ok
-0.608173	-33.252711	-47.086320	0.729720	continued:5	9455884669399191660884342385366419	137520068858324757	-1,-11,-11,-11,-11	-11,-11,-11,-11	ok
-0.605338	-33.252711	-47.564917	0.726927	continued:5	9455884669399191660884342385366419	137520068858324757	-1,-11,-11,-11,-11	-11,-11,-11,-11	ok
-0.602502	-33.252711	-47.994131	0.724596	continued:5	9455884669399191660884342385366419	137520068858324757	-1,-11,-11,-11,-11	-11,-11,-11,-11	ok
-0.599666	-33.252711	-48.374996	0.722805	continued:5	9455884669399191660884342385366419	137520068858324757	-1,-11,-11,-11,-11	-11,-11,-11,-11	ok
-0.596831	-33.252711	-48.708198	0.721556	continued:5	9455884669399191660884342385366419	137520068858324757	-1,-11,-11,-11,-11	-11,-11,-11,-11	ok
-0.593995	-33.252711	-48.995016	0.720641	continued:5	9455884669399191660884342385366419	137520068858324757	-1,-11,-11,-11,-11	-11,-11,-11,-11	ok
-0.591159	-33.252711	-49.239040	0.720140	continued:5	9455884669399191660884342385366419	137520068858324757	-1,-11,-11,-11,-11	-11,-11,-11,-11	ok
-0.588324	-33.252711	-49.443060	0.719766	full	9455884669399191660884342385366419	137520068858324757	-1,-11,-11,-11,-11	-11,-11,-11,-11	ok
-0.585488	-33.252711	-46.729413	0.729155	continued:5	9455884669399191660884342385366419	137520068858324757	-1,-11,-11,-11,-11	-11,-11,-11,-11	ok
-0.582652	-33.252711	-47.246216	0.726362	continued:5	9455884669399191660884342385366419	137520068858324757	-1,-11,-11,-11,-11	-11,-11,-11,-11	ok
-0.579817	-33.252711	-47.708214	0.723568	continued:5	9455884669399191660884342385366419	137520068858324757	-1,-11,-11,-11,-11	-11,-11,-11,-11	ok
-0.576981	-33.252711	-48.121941	0.721316	continued:5	9455884669399191660884342385366419	137520068858324757	-1,-11,-11,-11,-11	-11,-11,-11,-11	ok
-0.574145	-33.252711	-48.487710	0.719733	continued:5	9455884669399191660884342385366419	137520068858324757	-1,-11,-11,-11,-11	-11,-11,-11,-11	ok
-0.571309	-33.252711	-48.805249	0.718483	continued:5	9455884669399191660884342385366419	137520068858324757	-1,-11,-11,-11,-11	-11,-11,-11,-11	ok
-0.568474	-33.252711	-49.078134	0.717568	continued:5	9455884669399191660884342385366419	137520068858324757	-1,-11,-11,-11,-11	-11,-11,-11,-11	ok
-0.565638	-33.252711	-49.309885	0.717195	continued:5	9455884669399191660884342385366419	137520068858324757	-1,-11,-11,-11,-11	-11,-11,-11,-11	ok
-0.562802	-33.252711	-49.502063	0.716821	full	9455884669399191660884342385366419	137520068858324757	-1,-11,-11,-11,-11	-11,-11,-11,-11	ok
-0.559967	-33.252711	-46.906098	0.725527	continued:5	9455884669399191660884342385366419	137520068858324757	-1,-11,-11,-11,-11	-11,-11,-11,-11	ok
-0.557131	-33.252711	-47.407247	0.722733	continued:5	9455884669399191660884342385366419	137520068858324757	-1,-11,-11,-11,-11	-11,-11,-11,-11	ok
-0.554295	-33.252711	-47.854466	0.720068	continued:5	9455884669399191660884342385366419	137520068858324757	-1,-11,-11,-11,-11	-11,-11,-11,-11	ok
-0.551460	-33.252711	-48.252999	0.718150	continued:5	9455884669399191660884342385366419	137520068858324757	-1,-11,-11,-11,-11	-11,-11,-11,-11	ok
-0.548624	-33.252711	-48.601571	0.716566	continued:5	9455884669399191660884342385366419	137520068858324757	-1,-11,-11,-11,-11	-11,-11,-11,-11	ok
-0.545788	-33.252711	-48.903729	0.715317	continued:5	9455884669399191660884342385366419	137520068858324757	-1,-11,-11,-11,-11	-11,-11,-11,-11	ok
-0.542952	-33.252711	-49.162990	0.714609	continued:5	9455884669399191660884342385366419	137520068858324757	-1,-11,-11,-11,-11	-11,-11,-11,-11	ok
-0.540117	-33.252711	-49.380943	0.714235	continued:5	9455884669399191660884342385366419	137520068858324757	-1,-11,-11,-11,-11	-11,-11,-11,-11	ok
-0.537281	-33.252711	-49.561222	0.713861	full	9455884597277796819839275832919345	137520068858324757	-1,10,-11,-11,-11	-11,-11,-11,-11	ok
-0.534445	-33.252711	-46.576894	0.724371	continued:5	9455884597277796819839275832919345	137520068858324757	-1,10,-11,-11,-11	-11,-11,-11,-11	ok
-0.531610	-33.252711	-47.116787	0.721578	continued:5	9455884597277796819839275832919345	137520068858324757	-1,10,-11,-11,-11	-11,-11,-11,-11	ok
-0.528774	-33.252711	-47.596496	0.718784	continued:5	9455884597277796819839275832919345	137520068858324757	-1,10,-11,-11,-11	-11,-11,-11,-11	ok
-0.525938	-33.252711	-48.023951	0.716325	continued:5	9455884597277796819839275832919345	137520068858324757	-1,10,-11,-11,-11	-11,-11,-11,-11	ok
-0.523103	-33.252711	-48.402300	0.714407	continued:5	9455884597277796819839275832919345	137520068858324757	-1,10,-11,-11,-11	-11,-11,-11,-11	ok
-0.520267	-33.252711	-48.732663	0.712952	continued:5	9455884597277796819839275832919345	137520068858324757	-1,10,-11,-11,-11	-11,-11,-11,-11	ok
-0.517431	-33.252711	-49.017377	0.712037	continued:5	9455884597277796819839275832919345	137520068858324757	-1,10,-11,-11,-11	-11,-11,-11,-11	ok
-0.514595	-33.252711	-49.258270	0.711329	continued:5	9455884597277796819839275832919345	137520068858324757	-1,10,-11,-11,-11	-11,-11,-11,-11	ok
-0.511760	-33.252711	-49.460394	0.710955	continued:5	9455884597277796819839275832919345	137520068858324757	-1,10,-11,-11,-11	-11,-11,-11,-11	ok
-0.508924	-33.252711	-49.627123	0.710581	full	9455884597277796819839275832919345	137520068858324757	-1,10,-11,-11,-11	-11,-11,-11,-11	ok
-0.506088	-33.252711	-46.824654	0.720388	continued:5	9455884597277796819839275832919345	137503085306122257	-1,10,-11,-11,-11	-11,10,-11,-11	ok
-0.503253	-33.252711	-47.338120	0.717594	continued:5	9455884597277796819839275832919345	137503085306122257	-1,10,-11,-11,-11	-11,10,-11,-11	ok
-0.500417	-33.252711	-47.793969	0.714801	continued:5	2383351087713833083769793185671179	69041308118679450	-1,10,10,-11,10	-11,10,-11,10	ok
-0.497581	-33.252711	-48.199689	0.712676	continued:5	8878634226072810798964989918871527	133256401683868569	-1,10,10,10,-11	-11,10,10,-11	ok
-0.494746	-33.252711	-48.555122	0.710886	continued:5	2225840977019920444092511290911250	66720926273439432	-1,10,10,10,10	-11,10,10,10	ok
-0.491910	-33.252711	-48.863970	0.709509	continued:5	2225840977019920444092511290911250	66720926273439432	-1,10,10,10,10	-11,10,10,10	ok
-0.489074	-33.252711	-49.129125	0.708673	continued:5	2225840977019920444092511290911250	66720926273439432	-1,10,10,10,10	-11,10,10,10	ok
-0.486239	-33.252711	-49.352371	0.707965	continued:5	2225840977019920444092511290911250	66720925908142496	-1,10,10,10,10	10,10,10,10	ok
-0.483403	-33.252711	-49.539358	0.707591	continued:5	2225840977019920444092511290911250	66720925908142496	-1,10,10,10,10	10,10,10,10	ok
-0.480567	-33.252711	-49.693184	0.707090	full	2225840977019920444092511290911250	66720925908142496	-1,10,10,10,10	10,10,10,10	ok
-0.477731	-33.252711	-46.932054	0.717046	continued:5	2225840977019920444092511290911250	66720925908142496	-1,10,10,10,10	10,10,10,10	ok
-0.474896	-33.252711	-47.434384	0.714253	continued:5	2225840977019920444092511290911250	66720925908142496	-1,10,10,10,10	10,10,10,10	ok
-0.472060	-33.252711	-47.879601	0.711460	continued:5	2225840977019920444092511290911250	66720925908142496	-1,10,10,10,10	10,10,10,10	ok
-0.469224	-33.252711	-48.275244	0.709335	continued:5	2225840977019920444092511290911250	66720925908142496	-1,10,10,10,10	10,10,10,10	ok
-0.466389	-33.252711	-48.621262	0.707545	continued:5	2225840977019920444092511290911250	66720925908142496	-1,10,10,10,10	10,10,10,10	ok
-0.463553	-33.252711	-48.921446	0.706168	continued:5	2225840977019920444092511290911250	66720925908142496	-1,10,10,10,10	10,10,10,10	ok
-0.460717	-33.252711	-49.178743	0.705332	continued:5	2225840977019920444092511290911250	66720925908142496	-1,10,10,10,10	10,10,10,10	ok
-0.457882	-33.252711	-49.394947	0.704624	continued:5	2225840977019920444092511290911250	66720925908142496	-1,10,10,10,10	10,10,10,10	ok
-0.455046	-33.252711	-49.575699	0.705125	full	2225840977019920444092511290911250	66720925908142496	-1,10,10,10,10	10,10,10,10	ok
-0.452210	-33.252711	-47.123668	0.713474	continued:5	2225840977019920444092511290911250	66720925908142496	-1,10,10,10,10	10,10,10,10	ok
-0.449374	-33.252711	-47.605679	0.710681	continued:5	2225840977019920444092511290911250	66720925908142496	-1,10,10,10,10	10,10,10,10	ok
-0.446539	-33.252711	-48.032448	0.708015	continued:5	2225840977019920444092511290911250	66720925908142496	-1,10,10,10,10	10,10,10,10	ok
-0.443703	-33.252711	-48.410083	0.705891	continued:5	2225840977019920444092511290911250	66720925908142496	-1,10,10,10,10	10,10,10,10	ok
-0.440867	-33.252711	-48.739977	0.704307	continued:5	2225840977019920444092511290911250	66720925908142496	-1,10,10,10,10	10,10,10,10	ok
-0.438032	-33.252711	-49.023924	0.703058	continued:5	2225840977019920444092511290911250	66720925908142496	-1,10,10,10,10	10,10,10,10	ok
-0.435196	-33.252711	-49.265913	0.702222	continued:5	2225840977019920444092511290911250	66720925908142496	-1,10,10,10,10	10,10,10,10	ok
-0.432360	-33.252711	-49.468959	0.701720	continued:5	2225840977019920444092511290911250	66720925908142496	-1,10,10,10,10	10,10,10,10	ok
-0.429525	-33.252711	-49.636629	0.701347	full	2225840977019920444092511290911250	66720925908142496	-1,10,10,10,10	10,10,10,10	ok
-0.426689	-33.252711	-46.828434	0.712183	continued:5	2225840977019920444092511290911250	66720925908142496	-1,10,10,10,10	10,10,10,10	ok
-0.423853	-33.252711	-47.347774	0.709390	continued:5	2225840977019920444092511290911250	66720925908142496	-1,10,10,10,10	10,10,10,10	ok
-0.421018	-33.252711	-47.805536	0.706597	continued:5	2225840977019920444092511290911250	66720925908142496	-1,10,10,10,10	10,10,10,10	ok
-0.418182	-33.252711	-48.210441	0.704138	continued:5	2225840977019920444092511290911250	66720925908142496	-1,10,10,10,10	10,10,10,10	ok
-0.415346	-33.252711	-48.566401	0.702220	continued:5	2225840977019920444092511290911250	66720925908142496	-1,10,10,10,10	10,10,10,10	ok
-0.412510	-33.252711	-48.875157	0.700843	continued:5	2225840977019920444092511290911250	66720925908142496	-1,10,10,10,10	10,10,10,10	ok
-0.409675	-33.252711	-49.138779	0.699594	continued:5	2225840977019920444092511290911250	66720925908142496	-1,10,10,10,10	10,10,10,10	ok
-0.406839	-33.252711	-49.363316	0.698885	continued:5	2225840977019920444092511290911250	66720925908142496	-1,10,10,10,10	10,10,10,10	ok
-0.404003	-33.252711	-49.550322	0.698384	continued:5	2225840977019920444092511290911250	66720925908142496	-1,10,10,10,10	10,10,10,10	ok
-0.401168	-33.252711	-49.704436	0.698010	full	2225840977019920444092511290911250	66720925908142496	-1,10,10,10,10	10,10,10,10	ok
-0.398332	-33.252711	-47.093772	0.708100	continued:5	2225840977019920444092511290911250	66720925908142496	-1,10,10,10,10	10,10,10,10	ok
-0.395496	-33.252711	-47.582412	0.705307	continued:5	2225840977019920444092511290911250	66720925908142496	-1,10,10,10,10	10,10,10,10	ok
-0.392661	-33.252711	-48.013002	0.702513	continued:5	2225840977019920444092511290911250	66720925908142496	-1,10,10,10,10	10,10,10,10	ok
-0.389825	-33.252711	-48.393719	0.700389	continued:5	2225840977019920444092511290911250	66720925908142496	-1,10,10,10,10	10,10,10,10	ok
-0.386989	-33.252711	-48.725022	0.698598	continued:5	2225840977019920444092511290911250	66720925908142496	-1,10,10,10,10	10,10,10,10	ok
-0.384153	-33.252711	-49.011123	0.697222	continued:5	2225840977019920444092511290911250	66720925908142496	-1,10,10,10,10	10,10,10,10	ok
-0.381318	-33.252711	-49.255247	0.696179	continued:5	2225840977019920444092511290911250	66720925908142496	-1,10,10,10,10	10,10,10,10	ok
-0.378482	-33.252711	-49.461228	0.695471	continued:5	2225840977019920444092511290911250	66720925908142496	-1,10,10,10,10	10,10,10,10	ok
-0.375646	-33.252711	-49.632551	0.695097	continued:5	2225840977019920444092511290911250	66720925908142496	-1,10,10,10,10	10,10,10,10	ok
-0.372811	-33.252711	-49.772337	0.694723	full	2225840977019920444092511290911250	66720925908142496	-1,10,10,10,10	10,10,10,10	ok
-0.369975	-33.252711	-46.871783	0.706175	continued:5	2225840977019920444092511290911250	66720925908142496	-1,10,10,10,10	10,10,10,10	ok
-0.367139	-33.252711	-47.390374	0.703382	continued:5	2225840977019920444092511290911250	66720925908142496	-1,10,10,10,10	10,10,10,10	ok
-0.364304	-33.252711	-47.845312	0.700588	continued:5	2225840977019920444092511290911250	66720925908142496	-1,10,10,10,10	10,10,10,10	ok
-0.361468	-33.252711	-48.246061	0.698129	continued:5	2225840977019920444092511290911250	66720925908142496	-1,10,10,10,10	10,10,10,10	ok
-0.358632	-33.252711	-48.597080	0.696005	continued:5	2225840977019920444092511290911250	66720925908142496	-1,10,10,10,10	10,10,10,10	ok
-0.355796	-33.252711	-48.902480	0.694549	continued:5	2225840977019920444092511290911250	66720925908142496	-1,10,10,10,10	10,10,10,10	ok
-0.352961	-33.252711	-49.163007	0.693300	continued:5	2225840977019920444092511290911250	66720925908142496	-1,10,10,10,10	10,10,10,10	ok
-0.350125	-33.252711	-49.384136	0.692464	continued:5	2225840977019920444092511290911250	66720925908142496	-1,10,10,10,10	10,10,10,10	ok
-0.347289	-33.252711	-49.568785	0.691755	continued:5	2225840977019920444092511290911250	66720925908142496	-1,10,10,10,10	10,10,10,10	ok
-0.344454	-33.252711	-49.722237	0.691382	continued:5	2225840977019920444092511290911250	66720925908142496	-1,10,10,10,10	10,10,10,10	ok
-0.341618	-33.252711	-49.847110	0.691008	full	2225840977019920444092511290911250	66720925908142496	-1,10,10,10,10	10,10,10,10	ok
-0.338782	-33.252711	-47.224916	0.701399	continued:5	2225840977019920444092511290911250	66720925908142496	-1,10,10,10,10	10,10,10,10	ok
-0.335947	-33.252711	-47.700767	0.698606	continued:5	2225840977019920444092511290911250	66720925908142496	-1,10,10,10,10	10,10,10,10	ok
-0.333111	-33.252711	-48.118472	0.695813	continued:5	2225840977019920444092511290911250	66720925908142496	-1,10,10,10,10	10,10,10,10	ok
-0.330275	-33.252711	-48.486589	0.693560	continued:5	2225840977019920444092511290911250	66720925908142496	-1,10,10,10,10	10,10,10,10	ok
-0.327440	-33.252711	-48.807094	0.691770	continued:5	2225840977019920444092511290911250	66720925908142496	-1,10,10,10,10	10,10,10,10	ok
-0.324604	-33.252711	-49.082952	0.690393	continued:5	2225840977019920444092511290911250	66720925908142496	-1,10,10,10,10	10,10,10,10	ok
-0.321768	-33.252711	-49.317569	0.689351	continued:5	2225840977019920444092511290911250	66720925908142496	-1,10,10,10,10	10,10,10,10	ok
-0.318932	-33.252711	-49.514877	0.688515	continued:5	2225840977019920444092511290911250	66720925908142496	-1,10,10,10,10	10,10,10,10	ok
-0.316097	-33.252711	-49.679561	0.688141	continued:5	2225840977019920444092511290911250	66720925908142496	-1,10,10,10,10	10,10,10,10	ok
-0.313261	-33.252711	-49.813335	0.687767	continued:5	2225840977019920444092511290911250	66720925908142496	-1,10,10,10,10	10,10,10,10	ok
-0.310425	-33.252711	-49.921938	0.687393	full	2225840977019920444092511290911250	66720925908142496	-1,10,10,10,10	10,10,10,10	ok
-0.307590	-33.252711	-47.143119	0.698616	continued:5	2225840977019920444092511290911250	66720925908142496	-1,10,10,10,10	10,10,10,10	ok
-0.304754	-33.252711	-47.631208	0.695823	continued:5	2225840977019920444092511290911250	66720925908142496	-1,10,10,10,10	10,10,10,10	ok
-0.301918	-33.252711	-48.058214	0.693029	continued:5	2225840977019920444092511290911250	66720925908142496	-1,10,10,10,10	10,10,10,10	ok
-0.299083	-33.252711	-48.433437	0.690570	continued:5	2225840977019920444092511290911250	66720925908142496	-1,10,10,10,10	10,10,10,10	ok
-0.296247	-33.252711	-48.761334	0.688653	continued:5	2225840977019920444092511290911250	66720925908142496	-1,10,10,10,10	10,10,10,10	ok
-0.293411	-33.252711	-49.044048	0.687069	continued:5	2225840977019920444092511290911250	66720925908142496	-1,10,10,10,10	10,10,10,10	ok
-0.290575	-33.252711	-49.285828	0.686026	continued:5	2225840977019920444092511290911250	66720925908142496	-1,10,10,10,10	10,10,10,10	ok
-0.287740	-33.252711	-49.488624	0.684984	continued:5	2225840977019920444092511290911250	66720925908142496	-1,10,10,10,10	10,10,10,10	ok
-0.284904	-33.252711	-49.659374	0.684482	continued:5	2225840977019920444092511290911250	66720925908142496	-1,10,10,10,10	10,10,10,10	ok
-0.282068	-33.252711	-49.798948	0.684108	continued:5	2225840977019920444092511290911250	66720925908142496	-1,10,10,10,10	10,10,10,10	ok
-0.279233	-33.252711	-49.912015	0.683735	continued:5	2225840977019920444092511290911250	66720925908142496	-1,10,10,10,10	10,10,10,10	ok
-0.276397	-33.252711	-50.003596	0.682820	full	2225840977019920444092511290911250	66720925908142496	-1,10,10,10,10	10,10,10,10	ok
-0.273561	-33.252711	-47.105230	0.695193	continued:5	2225840977019920444092511290911250	66720925908142496	-1,10,10,10,10	10,10,10,10	ok
-0.270726	-33.252711	-47.602041	0.692399	continued:5	2225840977019920444092511290911250	66720925908142496	-1,10,10,10,10	10,10,10,10	ok
-0.267890	-33.252711	-48.035125	0.689606	continued:5	2225840977019920444092511290911250	66720925908142496	-1,10,10,10,10	10,10,10,10	ok
-0.265054	-33.252711	-48.414510	0.687147	continued:5	2225840977019920444092511290911250	66720925908142496	-1,10,10,10,10	10,10,10,10	ok
-0.262219	-33.252711	-48.745150	0.685229	continued:5	2225840977019920444092511290911250	66720925908142496	-1,10,10,10,10	10,10,10,10	ok
-0.259383	-33.252711	-49.029549	0.683439	continued:5	2225840977019920444092511290911250	66720925908142496	-1,10,10,10,10	10,10,10,10	ok
-0.256547	-33.252711	-49.274197	0.682189	continued:5	2225840977019920444092511290911250	66720925908142496	-1,10,10,10,10	10,10,10,10	ok
-0.253711	-33.252711	-49.480829	0.681275	continued:5	2225840977019920444092511290911250	66720925908142496	-1,10,10,10,10	10,10,10,10	ok
-0.250876	-33.252711	-49.653153	0.680566	continued:5	2225840977019920444092511290911250	66720925908142496	-1,10,10,10,10	10,10,10,10	ok
-0.248040	-33.252711	-49.795590	0.680065	continued:5	2225840977019920444092511290911250	66720925908142496	-1,10,10,10,10	10,10,10,10	ok
-0.245204	-33.252711	-49.911869	0.679691	full	2225840977019920444092511290911250	66720925908142496	-1,10,10,10,10	10,10,10,10	ok
-0.242369	-33.252711	-46.984810	0.692655	continued:5	2225840977019920444092511290911250	66720925908142496	-1,10,10,10,10	10,10,10,10	ok
-0.239533	-33.252711	-47.499245	0.689862	continued:5	2225840977019920444092511290911250	66720925908142496	-1,10,10,10,10	10,10,10,10	ok
-0.236697	-33.252711	-47.945945	0.687069	continued:5	2225840977019920444092511290911250	66720925908142496	-1,10,10,10,10	10,10,10,10	ok
-0.233862	-33.252711	-48.335970	0.684403	continued:5	2225840977019920444092511290911250	66720925908142496	-1,10,10,10,10	10,10,10,10	ok
-0.231026	-33.252711	-48.676967	0.682151	continued:5	2225840977019920444092511290911250	66720925908142496	-1,10,10,10,10	10,10,10,10	ok
-0.228190	-33.252711	-48.972688	0.680361	continued:5	2225840977019920444092511290911250	66720925908142496	-1,10,10,10,10	10,10,10,10	ok
-0.225354	-33.252711	-49.226202	0.678905	continued:5	2225840977019920444092511290911250	66720925908142496	-1,10,10,10,10	10,10,10,10	ok
-0.222519	-33.252711	-49.441660	0.677862	continued:5	2225840977019920444092511290911250	66720925908142496	-1,10,10,10,10	10,10,10,10	ok
-0.219683	-33.252711	-49.622021	0.676947	continued:5	2225840977019920444092511290911250	66720925908142496	-1,10,10,10,10	10,10,10,10	ok
-0.216847	-33.252711	-49.772591	0.676446	continued:5	2225840977019920444092511290911250	66720925908142496	-1,10,10,10,10	10,10,10,10	ok
-0.214012	-33.252711	-49.895189	0.675944	continued:5	2225840977019920444092511290911250	66720925908142496	-1,10,10,10,10	10,10,10,10	ok
-0.211176	-33.252711	-49.995198	0.675570	full	2225840977019920444092511290911250	66720925908142496	-1,10,10,10,10	10,10,10,10	ok
-0.208340	-33.252711	-47.007774	0.689139	continued:5	2225840977019920444092511290911250	66720925908142496	-1,10,10,10,10	10,10,10,10	ok
-0.205505	-33.252711	-47.521526	0.686346	continued:5	2225840977019920444092511290911250	66720925908142496	-1,10,10,10,10	10,10,10,10	ok
-0.202669	-33.252711	-47.966450	0.683553	continued:5	2225840977019920444092511290911250	66720925908142496	-1,10,10,10,10	10,10,10,10	ok
-0.199833	-33.252711	-48.354042	0.680759	continued:5	2225840977019920444092511290911250	66720925908142496	-1,10,10,10,10	10,10,10,10	ok
-0.196997	-33.252711	-48.693526	0.678507	continued:5	2225840977019920444092511290911250	66720925908142496	-1,10,10,10,10	10,10,10,10	ok
-0.194162	-33.252711	-48.987340	0.676717	continued:5	2225840977019920444092511290911250	66720925908142496	-1,10,10,10,10	10,10,10,10	ok
-0.191326	-33.252711	-49.238751	0.675340	continued:5	2225840977019920444092511290911250	66720925908142496	-1,10,10,10,10	10,10,10,10	ok
-0.188490	-33.252711	-49.451308	0.674091	continued:5	2225840977019920444092511290911250	66720925908142496	-1,10,10,10,10	10,10,10,10	ok
-0.185655	-33.252711	-49.630896	0.673176	continued:5	2225840977019920444092511290911250	66720925908142496	-1,10,10,10,10	10,10,10,10	ok
-0.182819	-33.252711	-49.780532	0.672468	continued:5	2225840977019920444092511290911250	66720925908142496	-1,10,10,10,10	10,10,10,10	ok
-0.179983	-33.252711	-49.904014	0.671966	continued:5	2225840977019920444092511290911250	66720925908142496	-1,10,10,10,10	10,10,10,10	ok
-0.177148	-33.252711	-50.004511	0.671592	continued:5	2225840977019920444092511290911250	66720925908142496	-1,10,10,10,10	10,10,10,10	ok
-0.174312	-33.252711	-50.085370	0.671218	full	2225840977019920444092511290911250	66720925908142496	-1,10,10,10,10	10,10,10,10	ok
-0.171476	-33.252711	-47.191894	0.684467	continued:5	2225840977019920444092511290911250	66720925908142496	-1,10,10,10,10	10,10,10,10	ok
-0.168641	-33.252711	-47.684184	0.681673	continued:5	2225840977019920444092511290911250	66720925908142496	-1,10,10,10,10	10,10,10,10	ok
-0.165805	-33.252711	-48.110061	0.678880	continued:5	2225840977019920444092511290911250	66720925908142496	-1,10,10,10,10	10,10,10,10	ok
-0.162969	-33.252711	-48.480716	0.676214	continued:5	2225840952646970776206890405816265	66720925908142496	-1,-10,10,10,10	10,10,10,10	ok
-0.160133	-33.252711	-48.803959	0.674090	continued:5	489473977720914081937327972658195	31288144257776695	-1,-10,-10,-10,-10	10,-10,-10,-10	ok
-0.157298	-33.252711	-49.082388	0.672299	continued:5	489473977720914081937327972658195	31288144257776695	-1,-10,-10,-10,-10	10,-10,-10,-10	ok
-0.154462	-33.252711	-49.320592	0.670922	continued:5	489473977720914081937327972658195	489473977720914676412064117517558	-1,-10,-10,-10,-10	10,-10,-10,-10,-10	ok
-0.151626	-33.252711	-49.521881	0.669673	continued:5	489473977720914081937327972658195	489473977720914676412064117517558	-1,-10,-10,-10,-10	10,-10,-10,-10,-10	ok
-0.148791	-33.252711	-49.691914	0.668758	continued:5	489473977720914081937327972658195	489473977720914676412064117517558	-1,-10,-10,-10,-10	10,-10,-10,-10,-10	ok
-0.145955	-33.252711	-49.833485	0.668050	continued:5	489473977720914081937327972658195	489473977720914645123920109893372	-1,-10,-10,-10,-10	-10,-10,-10,-10,-10	ok
-0.143119	-33.252711	-49.950188	0.667549	continued:5	489473977720914081937327972658195	489473977720914645123920109893372	-1,-10,-10,-10,-10	-10,-10,-10,-10,-10	ok
-0.140284	-33.252711	-50.045007	0.667175	continued:5	489473977720914081937327972658195	489473977720914645123920109893372	-1,-10,-10,-10,-10	-10,-10,-10,-10,-10	ok
-0.137448	-33.252711	-50.121126	0.666801	continued:5	489473977720914081937327972658195	489473977720914645123920109893372	-1,-10,-10,-10,-10	-10,-10,-10,-10,-10	ok
-0.134612	-33.252711	-50.182296	0.666427	full	489473977720914081937327972658195	489473977720914645123920109893372	-1,-10,-10,-10,-10	-10,-10,-10,-10,-10	ok
-0.131776	-33.252711	-47.312007	0.679690	continued:5	489473977720914081937327972658195	489473977720914645123920109893372	-1,-10,-10,-10,-10	-10,-10,-10,-10,-10	ok
-0.128941	-33.252711	-47.792525	0.676897	continued:5	489473977720914081937327972658195	489473977720914645123920109893372	-1,-10,-10,-10,-10	-10,-10,-10,-10,-10	ok
-0.126105	-33.252711	-48.207313	0.674103	continued:5	489473977720914081937327972658195	489473977720914645123920109893372	-1,-10,-10,-10,-10	-10,-10,-10,-10,-10	ok
-0.123269	-33.252711	-48.567663	0.671644	continued:5	489473977720914081937327972658195	489473977720914645123920109893372	-1,-10,-10,-10,-10	-10,-10,-10,-10,-10	ok
-0.120434	-33.252711	-48.879432	0.669520	continued:5	489473977720914081937327972658195	489473977720914645123920109893372	-1,-10,-10,-10,-10	-10,-10,-10,-10,-10	ok
-0.117598	-33.252711	-49.147741	0.667729	continued:5	489473977720914081937327972658195	489473977720914645123920109893372	-1,-10,-10,-10,-10	-10,-10,-10,-10,-10	ok
-0.114762	-33.252711	-49.377103	0.666353	continued:5	489473977720914081937327972658195	489473977720914645123920109893372	-1,-10,-10,-10,-10	-10,-10,-10,-10,-10	ok
-0.111927	-33.252711	-49.570727	0.665103	continued:5	489473977720914081937327972658195	489473977720914645123920109893372	-1,-10,-10,-10,-10	-10,-10,-10,-10,-10	ok
-0.109091	-33.252711	-49.734172	0.664188	continued:5	489473977720914081937327972658195	489473977720914645123920109893372	-1,-10,-10,-10,-10	-10,-10,-10,-10,-10	ok
-0.106255	-33.252711	-49.870108	0.663480	continued:5	489473977720914081937327972658195	489473977720914645123920109893372	-1,-10,-10,-10,-10	-10,-10,-10,-10,-10	ok
-0.103420	-33.252711	-49.982019	0.662772	continued:5	489473977720914081937327972658195	489473977720914645123920109893372	-1,-10,-10,-10,-10	-10,-10,-10,-10,-10	ok
-0.100584	-33.252711	-50.074690	0.662398	continued:5	489473977720914081937327972658195	489473977720914645123920109893372	-1,-10,-10,-10,-10	-10,-10,-10,-10,-10	ok
-0.097748	-33.252711	-50.148894	0.662024	continued:5	489473977720914081937327972658195	489473977720914645123920109893372	-1,-10,-10,-10,-10	-10,-10,-10,-10,-10	ok
-0.094912	-33.252711	-50.208386	0.661651	continued:5	489473977720914081937327972658195	489473977720914645123920109893372	-1,-10,-10,-10,-10	-10,-10,-10,-10,-10	ok
-0.092077	-33.252711	-50.256169	0.661483	continued:5	489473977720914081937327972658195	489473977720914645123920109893372	-1,-10,-10,-10,-10	-10,-10,-10,-10,-10	ok
-0.089241	-33.252711	-50.292748	0.660234	full	489473977720914081937327972658195	489473977720914645123920109893372	-1,-10,-10,-10,-10	-10,-10,-10,-10,-10	ok
-0.086405	-33.252711								error: T SSCS does not start with ±1: [-2, -10, -10, -10, -10]
-0.083570	-33.252711								error: T SSCS does not start with ±1: [-2, -10, -10, -10, -10]
-0.080734	-33.252711								error: T SSCS does not start with ±1: [-2, -10, -10, -10, -10]
-0.077898	-33.252711								error: T SSCS does not start with ±1: [-2, -10, -10, -10, -10]
-0.075063	-33.252711								error: T SSCS does not start with ±1: [-2, -10, -10, -10, -10]
-0.072227	-33.252711								error: T SSCS does not start with ±1: [-2, -10, -10, -10, -10]
-0.069391	-33.252711								error: T SSCS does not start with ±1: [-2, -10, -10, -10, -10]
-0.066555	-33.252711								error: T SSCS does not start with ±1: [-2, -10, -10, -10, -10]
-0.063720	-33.252711								error: T SSCS does not start with ±1: [-2, -10, -10, -10, -10]
-0.060884	-33.252711								error: T SSCS does not start with ±1: [-2, -10, -10, -10, -10]
-0.058048	-33.252711								error: T SSCS does not start with ±1: [-2, -10, -10, -10, -10]
-0.055213	-33.252711								error: T SSCS does not start with ±1: [-2, -10, -10, -10, -10]
-0.052377	-33.252711								error: T SSCS does not start with ±1: [-2, -10, -10, -10, -10]
-0.049541	-33.252711								error: T SSCS does not start with ±1: [-2, -10, -10, -10, -10]
-0.046706	-33.252711								error: T SSCS does not start with ±1: [-2, -10, -10, -10, -10]
-0.043870	-33.252711								error: T SSCS does not start with ±1: [-2, -10, -10, -10, -10]
-0.041034	-33.252711								error: T SSCS does not start with ±1: [-2, -10, -10, -10, -10]
-0.038198	-33.252711								error: T SSCS does not start with ±1: [-2, -10, -10, -10, -10]
-0.035363	-33.252711								error: T SSCS does not start with ±1: [-2, -10, -10, -10, -10]
-0.032527	-33.252711								error: T SSCS does not start with ±1: [-2, -10, -10, -10, -10]
-0.029691	-33.252711								error: T SSCS does not start with ±1: [-2, -10, -10, -10, -10]
-0.026856	-33.252711								error: T SSCS does not start with ±1: [-2, -10, -10, -10, -10]
-0.024020	-33.252711								error: T SSCS does not start with ±1: [-2, -10, -10, -10, -10]
-0.021184	-33.252711								error: T SSCS does not start with ±1: [-2, -10, -10, -10, -10]
-0.018349	-33.252711								error: T SSCS does not start with ±1: [-2, -10, -10, -10, -10]
-0.015513	-33.252711								error: T SSCS does not start with ±1: [-2, -10, -10, -10, -10]
-0.012677	-33.252711								error: T SSCS does not start with ±1: [-2, -10, -10, -10, -10]
-0.009842	-33.252711								error: T SSCS does not start with ±1: [-2, -10, -10, -10, -10]
-0.007006	-33.252711								error: T SSCS does not start with ±1: [-2, -10, -10, -10, -10]
-0.004170	-33.252711								error: T SSCS does not start with ±1: [-2, -10, -10, -10, -10]
-0.001334	-33.252711								error: T SSCS does not start with ±1: [-2, -10, -10, -10, -10]
0.001501	-33.252711								error: T SSCS does not start with ±1: [-2, -10, -10, -10, -10]
0.004337	-33.252711								error: T SSCS does not start with ±1: [-2, -10, -10, -10, -10]
0.007173	-33.252711								error: T SSCS does not start with ±1: [-2, -10, -10, -10, -10]
0.010008	-33.252711								error: T SSCS does not start with ±1: [-2, -10, -10, -10, -10]
0.012844	-33.252711								error: T SSCS does not start with ±1: [-2, -10, -10, -10, -10]
0.015680	-33.252711								error: T SSCS does not start with ±1: [-2, -10, -10, -10, -10]
0.018515	-33.252711								error: T SSCS does not start with ±1: [-2, -10, -10, -10, -10]
0.021351	-33.252711								error: T SSCS does not start with ±1: [-2, -10, -10, -10, -10]
0.024187	-33.252711								error: T SSCS does not start with ±1: [-2, -10, -10, -10, -10]
0.027023	-33.252711								error: T SSCS does not start with ±1: [-2, -10, -10, -10, -10]
0.029858	-33.252711								error: T SSCS does not start with ±1: [-2, -10, -10, -10, -10]
0.032694	-33.252711								error: T SSCS does not start with ±1: [-2, -10, -10, -10, -10]
0.035530	-33.252711								error: T SSCS does not start with ±1: [-2, -10, -10, -10, -10]
0.038365	-33.252711								error: T SSCS does not start with ±1: [-2, -10, -10, -10, -10]
0.041201	-33.252711								error: T SSCS does not start with ±1: [-2, -10, -10, -10, -10]
0.044037	-33.252711								error: T SSCS does not start with ±1: [-2, -10, -10, -10, -10]
0.046872	-33.252711								error: T SSCS does not start with ±1: [-2, -10, -10, -10, -10]
0.049708	-33.252711								error: T SSCS does not start with ±1: [-2, -10, -10, -10, -10]
0.052544	-33.252711								error: T SSCS does not start with ±1: [-2, -10, -10, -10, -10]
0.055379	-33.252711								error: T SSCS does not start with ±1: [-2, -10, -10, -10, -10]
0.058215	-33.252711								error: T SSCS does not start with ±1: [-2, -10, -10, -10, -10]
0.061051	-33.252711								error: T SSCS does not start with ±1: [-2, -10, -10, -10, -10]
0.063887	-33.252711								error: T SSCS does not start with ±1: [-2, -10, -10, -10, -10]
0.066722	-33.252711								error: T SSCS does not start with ±1: [-2, -10, -10, -10, -10, -10]
0.069558	-33.252711								error: T SSCS does not start with ±1: [-2, -10, -10, -10, -10, -10]
0.072394	-33.252711								error: T SSCS does not start with ±1: [-2, -10, -10, -10, -10, -10]
0.075229	-33.252711								error: T SSCS does not start with ±1: [-2, -10, -10, -10, -10, -10]
0.078065	-33.252711								error: T SSCS does not start with ±1: [-2, -10, -10, -10, -10, -10]
0.080901	-33.252711								error: T SSCS does not start with ±1: [-2, -10, -10, -10, -10, -10]
0.083736	-33.252711								error: T SSCS does not start with ±1: [-2, -10, -10, -10, -10, -10]
0.086572	-33.252711								error: T SSCS does not start with ±1: [-2, -10, -10, -10, -10, -10]
0.089408	-33.252711								error: T SSCS does not start with ±1: [-2, -10, -10, -10, -10, -10]
0.092244	-33.252711								error: T SSCS does not start with ±1: [-2, -10, -10, -10, -10, -10]
0.095079	-33.252711								error: T SSCS does not start with ±1: [-2, -10, -10, -10, -10, -10]
0.097915	-33.252711								error: T SSCS does not start with ±1: [-2, -10, -10, -10, -10, -10]
0.100751	-33.252711								error: T SSCS does not start with ±1: [-2, -10, -10, -10, -10, -10]
0.103586	-33.252711								error: T SSCS does not start with ±1: [-2, -10, -10, -10, -10, -10]
0.106422	-33.252711								error: T SSCS does not start with ±1: [-2, -10, -10, -10, -10, -10]
0.109258	-33.252711								error: T SSCS does not start with ±1: [-2, -10, -10, -10, -10, -10]
0.112093	-33.252711								error: T SSCS does not start with ±1: [-2, -10, -10, -10, -10, -10]
0.114929	-33.252711								error: T SSCS does not start with ±1: [-2, -10, -10, -10, -10, -10]
0.117765	-33.252711								error: T SSCS does not start with ±1: [-2, -10, -10, -10, -10, -10]
0.120601	-33.252711								error: T SSCS does not start with ±1: [-2, -10, -10, -10, -10, -10]
0.123436	-33.252711								error: T SSCS does not start with ±1: [-2, -10, -10, -10, -10, -10]
0.126272	-33.252711								error: T SSCS does not start with ±1: [-2, -10, -10, -10, -10, -10]
0.129108	-33.252711								error: T SSCS does not start with ±1: [-2, -10, -10, -10, -10, -10]
0.131943	-33.252711								error: T SSCS does not start with ±1: [-2, -10, -10, -10, -10, -10]
0.134779	-33.252711								error: T SSCS does not start with ±1: [-2, -10, -10, -10, -10, -10]
0.137615	-33.252711								error: T SSCS does not start with ±1: [-2, -10, -10, -10, -10, -10]
0.140450	-33.252711								error: T SSCS does not start with ±1: [-2, -10, -10, -10, -10, -10]
0.143286	-33.252711								error: T SSCS does not start with ±1: [-2, -10, -10, -10, -10, -10]
0.146122	-33.252711								error: T SSCS does not start with ±1: [-2, -10, -10, -10, -10, -10]
0.148957	-33.252711								error: T SSCS does not start with ±1: [-2, -10, -10, -10, -10, -10]
0.151793	-33.252711								error: T SSCS does not start with ±1: [-2, -10, -10, -10, -10, -10]
0.154629	-33.252711								error: T SSCS does not start with ±1: [-2, -10, -10, -10, -10, -10]
0.157465	-33.252711								error: T SSCS does not start with ±1: [-2, -10, -10, -10, -10, -10]
0.160300	-33.252711								error: T SSCS does not start with ±1: [-2, -10, -10, -10, -10, -10]
0.163136	-33.252711								error: T SSCS does not start with ±1: [-2, -10, -10, -10, -10, -10]
0.165972	-33.252711								error: T SSCS does not start with ±1: [-2, -10, -10, -10, -10, -10]
0.168807	-33.252711								error: T SSCS does not start with ±1: [-2, -10, -10, -10, -10, -10]
0.171643	-33.252711								error: T SSCS does not start with ±1: [-2, -10, -10, -10, -10, -10]
0.174479	-33.252711								error: T SSCS does not start with ±1: [-2, -10, -10, -10, -10, -10]
0.177314	-33.252711								error: T SSCS does not start with ±1: [-2, -10, -10, -10, -10, -10]
0.180150	-33.252711								error: T SSCS does not start with ±1: [-2, -10, -10, -10, -10, -10]
0.182986	-33.252711								error: T SSCS does not start with ±1: [-2, -10, -10, -10, -10, -10]
0.185822	-33.252711								error: T SSCS does not start with ±1: [-2, -10, -10, -10, -10, -10]
0.188657	-33.252711								error: T SSCS does not start with ±1: [-2, -10, -10, -10, -10, -10]
0.191493	-33.252711								error: T SSCS does not start with ±1: [-2, -10, -10, -10, -10, -10]
0.194329	-33.252711								error: T SSCS does not start with ±1: [-2, -10, -10, -10, -10, -10]
0.197164	-33.252711								error: T SSCS does not start with ±1: [-2, -10, -10, -10, -10, -10]
0.200000	-33.252711								error: T SSCS does not start with ±1: [-2, -10, -10, -10, -10, -10]
