delta_x	delta_ca	T0_V	T0_Ca	T0_method	T_encoding	gamma_encoding	T_scs	gamma_scs	status
-3.200000	-18.473728								error: Could not locate the first local maximum of the reduced return map.
-3.197164	-18.473728								error: Could not locate the first local maximum of the reduced return map.
-3.194329	-18.473728								error: Could not locate the first local maximum of the reduced return map.
-3.191493	-18.473728								error: Could not locate the first local maximum of the reduced return map.
-3.188657	-18.473728								error: Could not locate the first local maximum of the reduced return map.
-3.185822	-18.473728								error: Could not locate the first local maximum of the reduced return map.
-3.182986	-18.473728								error: Could not locate the first local maximum of the reduced return map.
-3.180150	-18.473728								error: Could not locate the first local maximum of the reduced return map.
-3.177314	-18.473728								error: Could not locate the first local maximum of the reduced return map.
-3.174479	-18.473728								error: Could not locate the first local maximum of the reduced return map.
-3.171643	-18.473728								error: Could not locate the first local maximum of the reduced return map.
-3.168807	-18.473728								error: Could not locate the first local maximum of the reduced return map.
-3.165972	-18.473728								error: Could not locate the first local maximum of the reduced return map.
-3.163136	-18.473728								error: Could not locate the first local maximum of the reduced return map.
-3.160300	-18.473728								error: Could not locate the first local maximum of the reduced return map.
-3.157465	-18.473728								error: Could not locate the first local maximum of the reduced return map.
-3.154629	-18.473728								error: Could not locate the first local maximum of the reduced return map.
-3.151793	-18.473728								error: Could not locate the first local maximum of the reduced return map.
-3.148957	-18.473728								error: Could not locate the first local maximum of the reduced return map.
-3.146122	-18.473728								error: Could not locate the first local maximum of the reduced return map.
-3.143286	-18.473728								error: Could not locate the first local maximum of the reduced return map.
-3.140450	-18.473728								error: Could not locate the first local maximum of the reduced return map.
-3.137615	-18.473728								error: T SSCS does not start with ±1: [0, 0, 0, 0, 0, 0, 0, 0, 0, 0]
-3.134779	-18.473728								error: T SSCS does not start with ±1: [0, 0, 0, 0, 0, 0, 0, 0, 0, 0]
-3.131943	-18.473728								error: T SSCS does not start with ±1: [0, 0, 0, 0, 0, 0, 0, 0, 0, 0]
-3.129108	-18.473728								error: T SSCS does not start with ±1: [0, 0, 0, 0, 0, 0, 0, 0, 0, 0]
-3.126272	-18.473728								error: T SSCS does not start with ±1: [0, 0, 0, 0, 0, 0, 0, 0, 0, 0]
-3.123436	-18.473728								error: T SSCS does not start with ±1: [0, 0, 0, 0, 0, 0, 0, 0, 0, 0]
-3.120601	-18.473728								error: T SSCS does not start with ±1: [0, 0, 0, 0, 0, 0, 0, 0, 0, 0]
-3.117765	-18.473728								error: T SSCS does not start with ±1: [0, 0, 0, 0, 0, 0, 0, 0, 0, 0]
-3.114929	-18.473728								error: T SSCS does not start with ±1: [0, 0, 0, 0, 0, 0, 0, 0, 0, 0]
-3.112093	-18.473728								error: T SSCS does not start with ±1: [0, 0, 0, 0, 0, 0, 0, 0, 0, 0]
-3.109258	-18.473728								error: T SSCS does not start with ±1: [0, 0, 0, 0, 0, 0, 0, 0, 0, 0]
-3.106422	-18.473728								error: T SSCS does not start with ±1: [0, 0, 0, 0, 0, 0, 0, 0, 0, 0]
-3.103586	-18.473728								error: T SSCS does not start with ±1: [0, 0, 0, 0, 0, 0, 0, 0, 0, 0]
-3.100751	-18.473728								error: T SSCS does not start with ±1: [0, 0, 0, 0, 0, 0, 0, 0, 0, 0]
-3.097915	-18.473728								error: T SSCS does not start with ±1: [0, 0, 0, 0, 0, 0, 0, 0, 0, 0]
-3.095079	-18.473728								error: T SSCS does not start with ±1: [0, 0, 0, 0, 0, 0, 0, 0, 0, 0]
-3.092244	-18.473728								error: T SSCS does not start with ±1: [0, 0, 0, 0, 0, 0, 0, 0, 0, 0]
-3.089408	-18.473728								error: T SSCS does not start with ±1: [0, 0, 0, 0, 0, 0, 0, 0, 0, 0]
-3.086572	-18.473728								error: T SSCS does not start with ±1: [0, 0, 0, 0, 0, 0, 0, 0, 0, 0]
-3.083736	-18.473728								error: T SSCS does not start with ±1: [0, 0, 0, 0, 0, 0, 0, 0, 0, 0]
-3.080901	-18.473728								error: T SSCS does not start with ±1: [0, 0, 0, 0, 0, 0, 0, 0, 0, 0]
-3.078065	-18.473728								error: T SSCS does not start with ±1: [0, 0, 0, 0, 0, 0, 0, 0, 0, 0]
-3.075229	-18.473728								error: T SSCS does not start with ±1: [0, 0, 0, 0, 0, 0, 0, 0, 0, 0]
-3.072394	-18.473728								error: T SSCS does not start with ±1: [0, 0, 0, 0, 0, 0, 0, 0, 0, 0]
-3.069558	-18.473728								error: T SSCS does not start with ±1: [0, 0, 0, 0, 0, 0, 0, 0, 0, 0]
-3.066722	-18.473728								error: T SSCS does not start with ±1: [0, 0, 0, 0, 0, 0, 0, 0, 0, 0]
-3.063887	-18.473728								error: T SSCS does not start with ±1: [0, 0, 0, 0, 0, 0, 0, 0, 0, 0]
-3.061051	-18.473728								error: T SSCS does not start with ±1: [0, 0, 0, 0, 0, 0, 0, 0, 0, 0]
-3.058215	-18.473728								error: T SSCS does not start with ±1: [0, 0, 0, 0, 0, 0, 0, 0, 0, 0]
-3.055379	-18.473728								error: T SSCS does not start with ±1: [0, 0, 0, 0, 0, 0, 0, 0, 0, 0]
-3.052544	-18.473728								error: T SSCS does not start with ±1: [0, 0, 0, 0, 0, 0, 0, 0, 0, 0]
-3.049708	-18.473728								error: T SSCS does not start with ±1: [0, 0, 0, 0, 0, 0, 0, 0, 0, 0]
-3.046872	-18.473728								error: T SSCS does not start with ±1: [0, 0, 0, 0, 0, 0, 0, 0, 0, 0]
-3.044037	-18.473728								error: T SSCS does not start with ±1: [0, 0, 0, 0, 0, 0, 0, 0, 0, 0]
-3.041201	-18.473728								error: T SSCS does not start with ±1: [0, 0, 0, 0, 0, 0, 0, 0, 0, 0]
-3.038365	-18.473728								error: T SSCS does not start with ±1: [0, 0, 0, 0, 0, 0, 0, 0, 0, 0]
-3.035530	-18.473728								error: T SSCS does not start with ±1: [0, 0, 0, 0, 0, 0, 0, 0, 0, 0]
-3.032694	-18.473728								error: T SSCS does not start with ±1: [0, 0, 0, 0, 0, 0, 0, 0, 0, 0]
-3.029858	-18.473728								error: T SSCS does not start with ±1: [0, 0, 0, 0, 0, 0, 0, 0, 0, 0]
-3.027023	-18.473728								error: T SSCS does not start with ±1: [0, 0, 0, 0, 0, 0, 0, 0, 0, 0]
-3.024187	-18.473728								error: T SSCS does not start with ±1: [0, 0, 0, 0, 0, 0, 0, 0, 0, 0]
-3.021351	-18.473728								error: T SSCS does not start with ±1: [0, 0, 0, 0, 0, 0, 0, 0, 0, 0]
-3.018515	-18.473728								error: T SSCS does not start with ±1: [0, 0, 0, 0, 0, 0, 0, 0, 0, 0]
-3.015680	-18.473728								error: T SSCS does not start with ±1: [0, 0, 0, 0, 0, 0, 0, 0, 0, 0]
-3.012844	-18.473728								error: T SSCS does not start with ±1: [0, 0, 0, 0, 0, 0, 0, 0, 0, 0]
-3.010008	-18.473728								error: T SSCS does not start with ±1: [0, 0, 0, 0, 0, 0, 0, 0, 0, 0]
-3.007173	-18.473728								error: T SSCS does not start with ±1: [0, 0, 0, 0, 0, 0, 0, 0, 0, 0]
-3.004337	-18.473728								error: T SSCS does not start with ±1: [0, 0, 0, 0, 0, 0, 0, 0, 0, 0]
-3.001501	-18.473728								error: T SSCS does not start with ±1: [0, 0, 0, 0, 0, 0, 0, 0, 0, 0]
-2.998666	-18.473728								error: T SSCS does not start with ±1: [0, 0, 0, 0, 0, 0, 0, 0, 0, 0]
-2.995830	-18.473728								error: T SSCS does not start with ±1: [0, 0, 0, 0, 0, 0, 0, 0, 0, 0]
-2.992994	-18.473728								error: T SSCS does not start with ±1: [0, 0, 0, 0, 0, 0, 0, 0, 0, 0]
-2.990158	-18.473728								error: T SSCS does not start with ±1: [0, 0, 0, 0, 0, 0, 0, 0, 0, 0]
-2.987323	-18.473728								error: T SSCS does not start with ±1: [0, 0, 0, 0, 0, 0, 0, 0, 0, 0]
-2.984487	-18.473728								error: T SSCS does not start with ±1: [0, 0, 0, 0, 0, 0, 0, 0, 0, 0]
-2.981651	-18.473728								error: T SSCS does not start with ±1: [0, 0, 0, 0, 0, 0, 0, 0, 0, 0]
-2.978816	-18.473728								error: T SSCS does not start with ±1: [0, 0, 0, 0, 0, 0, 0, 0, 0, 0]
-2.975980	-18.473728								error: T SSCS does not start with ±1: [0, 0, 0, 0, 0, 0, 0, 0, 0, 0]
-2.973144	-18.473728								error: T SSCS does not start with ±1: [0, 0, 0, 0, 0, 0, 0, 0, 0, 0]
-2.970309	-18.473728								error: T SSCS does not start with ±1: [0, 0, 0, 0, 0, 0, 0, 0, 0, 0]
-2.967473	-18.473728								error: T SSCS does not start with ±1: [0, 0, 0, 0, 0, 0, 0, 0, 0, 0]
-2.964637	-18.473728								error: T SSCS does not start with ±1: [0, 0, 0, 0, 0, 0, 0, 0, 0, 0]
-2.961802	-18.473728								error: T SSCS does not start with ±1: [0, 0, 0, 0, 0, 0, 0, 0, 0, 0]
-2.958966	-18.473728								error: T SSCS does not start with ±1: [0, 0, 0, 0, 0, 0, 0, 0, 0, 0]
-2.956130	-18.473728								error: T SSCS does not start with ±1: [0, 0, 0, 0, 0, 0, 0, 0, 0, 0]
-2.953294	-18.473728								error: T SSCS does not start with ±1: [0, 0, 0, 0, 0, 0, 0, 0, 0, 0]
-2.950459	-18.473728								error: T SSCS does not start with ±1: [0, 0, 0, 0, 0, 0, 0, 0, 0, 0]
-2.947623	-18.473728								error: T SSCS does not start with ±1: [0, 0, 0, 0, 0, 0, 0, 0, 0, 0]
-2.944787	-18.473728								error: T SSCS does not start with ±1: [0, 0, 0, 0, 0, 0, 0, 0, 0, 0]
-2.941952	-18.473728								error: T SSCS does not start with ±1: [0, 0, 0, 0, 0, 0, 0, 0, 0, 0]
-2.939116	-18.473728								error: T SSCS does not start with ±1: [0, 0, 0, 0, 0, 0, 0, 0, 0, 0]
-2.936280	-18.473728								error: T SSCS does not start with ±1: [0, 0, 0, 0, 0, 0, 0, 0, 0, 0]
-2.933445	-18.473728								error: T SSCS does not start with ±1: [0, 0, 0, 0, 0, 0, 0, 0, 0, 0]
-2.930609	-18.473728								error: T SSCS does not start with ±1: [0, 0, 0, 0, 0, 0, 0, 0, 0, 0]
-2.927773	-18.473728								error: T SSCS does not start with ±1: [0, 0, 0, 0, 0, 0, 0, 0, 0, 0]
-2.924937	-18.473728								error: T SSCS does not start with ±1: [0, 0, 0, 0, 0, 0, 0, 0, 0, 0]
-2.922102	-18.473728								error: T SSCS does not start with ±1: [0, 0, 0, 0, 0, 0, 0, 0, 0, 0]
-2.919266	-18.473728								error: T SSCS does not start with ±1: [0, 0, 0, 0, 0, 0, 0, 0, 0, 0]
-2.916430	-18.473728								error: T SSCS does not start with ±1: [0, 0, 0, 0, 0, 0, 0, 0, 0, 0]
-2.913595	-18.473728								error: T SSCS does not start with ±1: [0, 0, 0, 0, 0, 0, 0, 0, 0, 0]
-2.910759	-18.473728								error: T SSCS does not start with ±1: [0, 0, 0, 0, 0, 0, 0, 0, 0, 0]
-2.907923	-18.473728								error: T SSCS does not start with ±1: [0, 0, 0, 0, 0, 0, 0, 0, 0, 0]
-2.905088	-18.473728								error: T SSCS does not start with ±1: [0, 0, 0, 0, 0, 0, 0, 0, 0, 0]
-2.902252	-18.473728								error: T SSCS does not start with ±1: [0, 0, 0, 0, 0, 0, 0, 0, 0, 0]
-2.899416	-18.473728								error: T SSCS does not start with ±1: [0, 0, 0, 0, 0, 0, 0, 0, 0, 0]
-2.896580	-18.473728								error: T SSCS does not start with ±1: [0, 0, 0, 0, 0, 0, 0, 0, 0, 0]
-2.893745	-18.473728								error: T SSCS does not start with ±1: [0, 0, 0, 0, 0, 0, 0, 0, 0, 0]
-2.890909	-18.473728								error: T SSCS does not start with ±1: [0, 0, 0, 0, 0, 0, 0, 0, 0, 0]
-2.888073	-18.473728								error: T SSCS does not start with ±1: [0, 0, 0, 0, 0, 0, 0, 0, 0, 0]
-2.885238	-18.473728								error: T SSCS does not start with ±1: [0, 0, 0, 0, 0, 0, 0, 0, 0, 0]
-2.882402	-18.473728								error: T SSCS does not start with ±1: [0, 0, 0, 0, 0, 0, 0, 0, 0, 0]
-2.879566	-18.473728								error: T SSCS does not start with ±1: [0, 0, 0, 0, 0, 0, 0, 0, 0, 0]
-2.876731	-18.473728								error: T SSCS does not start with ±1: [0, 0, 0, 0, 0, 0, 0, 0, 0, 0]
-2.873895	-18.473728								error: T SSCS does not start with ±1: [0, 0, 0, 0, 0, 0, 0, 0, 0, 0]
-2.871059	-18.473728								error: T SSCS does not start with ±1: [0, 0, 0, 0, 0, 0, 0, 0, 0, 0]
-2.868224	-18.473728								error: T SSCS does not start with ±1: [0, 0, 0, 0, 0, 0, 0, 0, 0, 0]
-2.865388	-18.473728								error: T SSCS does not start with ±1: [0, 0, 0, 0, 0, 0, 0, 0, 0, 0]
-2.862552	-18.473728								error: T SSCS does not start with ±1: [0, 0, 0, 0, 0, 0, 0, 0, 0, 0]
-2.859716	-18.473728								error: T SSCS does not start with ±1: [0, 0, 0, 0, 0, 0, 0, 0, 0, 0]
-2.856881	-18.473728								error: T SSCS does not start with ±1: [0, 0, 0, 0, 0, 0, 0, 0, 0, 0]
-2.854045	-18.473728								error: T SSCS does not start with ±1: [0, 0, 0, 0, 0, 0, 0, 0, 0, 0]
-2.851209	-18.473728								error: T SSCS does not start with ±1: [0, 0, 0, 0, 0, 0, 0, 0, 0, 0]
-2.848374	-18.473728								error: T SSCS does not start with ±1: [0, 0, 0, 0, 0, 0, 0, 0, 0, 0]
-2.845538	-18.473728								error: T SSCS does not start with ±1: [0, 0, 0, 0, 0, 0, 0, 0, 0, 0]
-2.842702	-18.473728								error: T SSCS does not start with ±1: [0, 0, 0, 0, 0, 0, 0, 0, 0, 0]
-2.839867	-18.473728								error: T SSCS does not start with ±1: [0, 0, 0, 0, 0, 0, 0, 0, 0, 0]
-2.837031	-18.473728								error: T SSCS does not start with ±1: [0, 0, 0, 0, 0, 0, 0, 0, 0, 0]
-2.834195	-18.473728								error: T SSCS does not start with ±1: [0, 0, 0, 0, 0, 0, 0, 0, 0, 0]
-2.831359	-18.473728								error: Could not locate the first local maximum of the reduced return map.
-2.828524	-18.473728								error: Could not locate the first local maximum of the reduced return map.
-2.825688	-18.473728								error: Could not locate the first local maximum of the reduced return map.
-2.822852	-18.473728								error: Could not locate the first local maximum of the reduced return map.
-2.820017	-18.473728								error: Could not locate the first local maximum of the reduced return map.
-2.817181	-18.473728								error: Could not locate the first local maximum of the reduced return map.
-2.814345	-18.473728								error: Could not locate the first local maximum of the reduced return map.
-2.811510	-18.473728								error: Could not locate the first local maximum of the reduced return map.
-2.808674	-18.473728								error: Could not locate the first local maximum of the reduced return map.
-2.805838	-18.473728								error: Could not locate the first local maximum of the reduced return map.
-2.803003	-18.473728								error: Could not locate the first local maximum of the reduced return map.
-2.800167	-18.473728	-44.604460	0.922319	continued:5	131504586847961235687181874578063117114329409897647623619241560935125066908876631867479597863393264	131504586847961235687181874578063117114329409897647623619241560935125066908876631867479597863393264	1,0,0,0,0,0,0,0,0,0	1,0,0,0,0,0,0,0,0,0	ok
-2.797331	-18.473728	-45.477448	0.919526	continued:5	131504586847961235687181874578063117114329409897647623619241560935125066908876631867479597863393264	131504586847961235687181874578063117114329409897647623619241560935125066908876631867479597863393264	1,0,0,0,0,0,0,0,0,0	1,0,0,0,0,0,0,0,0,0	ok
-2.794495	-18.473728	-46.404353	0.916732	continued:5	131504586847961235687181874578063117114329409897631406061666638548823646371904376997883815099845702	131504586847961235687181874578063117114329409897647623619241560935125066908876631867479597863393264	-1,0,0,0,0,0,0,0,0,0	1,0,0,0,0,0,0,0,0,0	ok
-2.791660	-18.473728	-47.374139	0.914067	continued:5	131504586847961235687181874578063117114329409897647623619241560935125066908876631867479597863393264	131504586847961235687181874578063117114329409897647623619241560935125066908876631867479597863393264	1,0,0,0,0,0,0,0,0,0	1,0,0,0,0,0,0,0,0,0	ok
-2.788824	-18.473728	-48.362238	0.913231	continued:5	131504586847961235687181874578063117114329409897631406061666638548823646371904376997883815099845702	131504586847961235687181874578063117114329409897647623619241560935125066908876631867479597863393264	-1,0,0,0,0,0,0,0,0,0	1,0,0,0,0,0,0,0,0,0	ok
-2.785988	-18.473728	-49.325304	0.913064	full	131504586847961235687181874578063117114329409897631406061666638548823646371904376997883815099845702	131504586847961235687181874578063117114329409897647623619241560935125066908876631867479597863393264	-1,0,0,0,0,0,0,0,0,0	1,0,0,0,0,0,0,0,0,0	ok
-2.783153	-18.473728	-44.589613	0.921033	continued:5	131504586847961235687181874578063117114329409897647623619241560935125066908876631867479597863393264	131504586847961235687181874578063117114329409897647623619241560935125066908876631867479597863393264	1,0,0,0,0,0,0,0,0,0	1,0,0,0,0,0,0,0,0,0	ok
-2.780317	-18.473728	-45.458958	0.918240	continued:5	131504586847961235687181874578063117114329409897647623619241560935125066908876631867479597863393264	131504586847961235687181874578063117114329409897647623619241560935125066908876631867479597863393264	1,0,0,0,0,0,0,0,0,0	1,0,0,0,0,0,0,0,0,0	ok
-2.777481	-18.473728	-46.380797	0.915446	continued:5	131504586847961235687181874578063117114329409897631406061666638548823646371904376997883815099845702	131504586847961235687181874578063117114329409897647623619241560935125066908876631867479597863393264	-1,0,0,0,0,0,0,0,0,0	1,0,0,0,0,0,0,0,0,0	ok
-2.774646	-18.473728	-47.344591	0.912781	continued:5	131504586847961235687181874578063117114329409897631406061666638548823646371904376997883815099845702	131504586847961235687181874578063117114329409897647623619241560935125066908876631867479597863393264	-1,0,0,0,0,0,0,0,0,0	1,0,0,0,0,0,0,0,0,0	ok
-2.771810	-18.473728	-48.326375	0.911738	continued:5	131504586847961235687181874578063117114329409897631406061666638548823646371904376997883815099845702	131504586847961235687181874578063117114329409897647623619241560935125066908876631867479597863393264	-1,0,0,0,0,0,0,0,0,0	1,0,0,0,0,0,0,0,0,0	ok
-2.768974	-18.473728	-49.284863	0.911571	full	131504586847961235687181874578063117114329409897631406061666638548823646371904376997883815099845702	131504586847961235687181874578063117114329409897647623619241560935125066908876631867479597863393264	-1,0,0,0,0,0,0,0,0,0	1,0,0,0,0,0,0,0,0,0	ok
-2.766138	-18.473728	-44.714886	0.919120	continued:5	131504586847961235687181874578063117114329409897647623619241560935125066908876631867479597863393264	131504586847961235687181874578063117114329409897680058734391405707727907982821141606671163390488391	1,0,0,0,0,0,0,0,0,0	2,0,0,0,0,0,0,0,0,0	ok
-2.763303	-18.473728	-45.591384	0.916327	continued:5	131504586847961235687181874578063117114329409897647623619241560935125066908876631867479597863393264	131504586847961235687181874578063117114329409897680058734391405707727907982821141606671163390488391	1,0,0,0,0,0,0,0,0,0	2,0,0,0,0,0,0,0,0,0	ok
-2.760467	-18.473728	-46.518198	0.913533	continued:5	131504586847961235687181874578063117114329409897631406061666638548823646371904376997883815099845702	131504586847961235687181874578063117114329409897680058734391405707727907982821141606671163390488391	-1,0,0,0,0,0,0,0,0,0	2,0,0,0,0,0,0,0,0,0	ok
-2.757631	-18.473728	-47.482878	0.911074	continued:5	131504586847961235687181874578063117114329409897631406061666638548823646371904376997883815099845702	131504586847961235687181874578063117114329409897680058734391405707727907982821141606671163390488391	-1,0,0,0,0,0,0,0,0,0	2,0,0,0,0,0,0,0,0,0	ok
-2.754796	-18.473728	-48.458786	0.910366	continued:5	131504586847961235687181874578063117114329409897631406061666638548823646371904376997883815099845702	131504586847961235687181874578063117114329409897680058734391405707727907982821141606671163390488391	-1,0,0,0,0,0,0,0,0,0	2,0,0,0,0,0,0,0,0,0	ok
-2.751960	-18.473728	-49.404237	0.908114	full	131504586847961235687181874578063117114329409897647623619241560935125066908876631867479597863393264	131504586847961235687181874578063117114329409897680058734391405707727907982821141606671163390488391	1,0,0,0,0,0,0,0,0,0	2,0,0,0,0,0,0,0,0,0	ok
-2.749124	-18.473728	-44.681491	0.917846	continued:5	131504586847961235687181874578063117114329409897647623619241560935125066908876631867479597863393264	131504586847961235687181874578063117114329409897680058734391405707727907982821141606671163390488391	1,0,0,0,0,0,0,0,0,0	2,0,0,0,0,0,0,0,0,0	ok
-2.746289	-18.473728	-45.553597	0.915052	continued:5	131504586847961235687181874578063117114329409897647623619241560935125066908876631867479597863393264	131504586847961235687181874578063117114329409897680058734391405707727907982821141606671163390488391	1,0,0,0,0,0,0,0,0,0	2,0,0,0,0,0,0,0,0,0	ok
-2.743453	-18.473728	-46.474724	0.912259	continued:5	131504586847961235687181874578063117114329409897631406061666638548823646371904376997883815099845702	131504586847961235687181874578063117114329409897712493849541250480330749056765651345862728917583522	-1,0,0,0,0,0,0,0,0,0	3,0,0,0,0,0,0,0,0,0	ok
-2.740617	-18.473728	-47.433216	0.909800	continued:5	131504586847961235687181874578063117114329409897631406061666638548823646371904376997883815099845702	131504586847961235687181874578063117114329409897712493849541250480330749056765651345862728917583522	-1,0,0,0,0,0,0,0,0,0	3,0,0,0,0,0,0,0,0,0	ok
-2.737781	-18.473728	-48.403195	0.908758	continued:5	131504586847961235687181874578063117114329409897631406061666638548823646371904376997883815099845702	131504586847961235687181874578063117114329409897712493849541250480330749056765651345862728917583522	-1,0,0,0,0,0,0,0,0,0	3,0,0,0,0,0,0,0,0,0	ok
-2.734946	-18.473728	-49.345952	0.908590	full	131504586847961235687181874578063117114329409897631406061666638548823646371904376997883815099845702	131504586847961235687181874578063117114329409897712493849541250480330749056765651345862728917583522	-1,0,0,0,0,0,0,0,0,0	3,0,0,0,0,0,0,0,0,0	ok
-2.732110	-18.473728	-44.793359	0.916081	continued:5	131504586847961235687181874578063117114329409897647623619241560935125066908876631867479597863393264	131504586847961235687181874578063117114329409897712493849541250480330749056765651345862728917583522	1,0,0,0,0,0,0,0,0,0	3,0,0,0,0,0,0,0,0,0	ok
-2.729274	-18.473728	-45.670136	0.913287	continued:5	131504586847961235687181874578063117114329409897647623619241560935125066908876631867479597863393264	131504586847961235687181874578063117114329409897712493849541250480330749056765651345862728917583522	1,0,0,0,0,0,0,0,0,0	3,0,0,0,0,0,0,0,0,0	ok
-2.726439	-18.473728	-46.593763	0.910494	continued:5	131504586847961235687181874578063117114329409897631406061666638548823646371904376997883815099845702	131504586847961235687181874578063117114329409897744928964691095252933590130710161085054294444678657	-1,0,0,0,0,0,0,0,0,0	4,0,0,0,0,0,0,0,0,0	ok
-2.723603	-18.473728	-47.551040	0.908035	continued:5	131504586847961235687181874578063117114329409897631406061666638548823646371904376997883815099845702	131504586847961235687181874578063117114329409897744928964691095252933590130710161085054294444678657	-1,0,0,0,0,0,0,0,0,0	4,0,0,0,0,0,0,0,0,0	ok
-2.720767	-18.473728	-48.515393	0.907199	continued:5	131504586847961235687181874578063117114329409897631406061666638548823646371904376997883815099845702	131504586847961235687181874578063117114329409897744928964691095252933590130710161085054294444678657	-1,0,0,0,0,0,0,0,0,0	4,0,0,0,0,0,0,0,0,0	ok
-2.717932	-18.473728	-49.446940	0.904406	full	131504586847961235687181874578063117114329409897647623619241560935125066908876631867479597863393264	131504586847961235687181874578063117114329409897744928964691095252933590130710161085054294444678657	1,0,0,0,0,0,0,0,0,0	4,0,0,0,0,0,0,0,0,0	ok
-2.715096	-18.473728	-44.802003	0.914651	continued:5	131504586847961235687181874578063117114329409897647623619241560935125066908876631867479597863393264	131504586847961235687181874578063117114329409897744928964691095252933590130710161085054294444678657	1,0,0,0,0,0,0,0,0,0	4,0,0,0,0,0,0,0,0,0	ok
-2.712260	-18.473728	-45.677040	0.911858	continued:5	131504586847961235687181874578063117114329409897647623619241560935125066908876631867479597863393264	131504586847961235687181874578063117114329409897744928964691095252933590130710161085054294444678657	1,0,0,0,0,0,0,0,0,0	4,0,0,0,0,0,0,0,0,0	ok
-2.709425	-18.473728	-46.597407	0.909065	continued:5	131504586847961235687181874578063117114329409897631406061666638548823646371904376997883815099845702	131504586847961235687181874578063117114329409897744928964691095252933590130710161085054294444678657	-1,0,0,0,0,0,0,0,0,0	4,0,0,0,0,0,0,0,0,0	ok
-2.706589	-18.473728	-47.550025	0.906606	continued:5	131504586847961235687181874578063117114329409897631406061666638548823646371904376997883815099845702	131504586847961235687181874578063117114329409897777364079840940025536431204654670824245859971773796	-1,0,0,0,0,0,0,0,0,0	5,0,0,0,0,0,0,0,0,0	ok
-2.703753	-18.473728	-48.508655	0.905691	continued:5	131504586847961235687181874578063117114329409897631406061666638548823646371904376997883815099845702	131504586847961235687181874578063117114329409897777364079840940025536431204654670824245859971773796	-1,0,0,0,0,0,0,0,0,0	5,0,0,0,0,0,0,0,0,0	ok
-2.700917	-18.473728	-49.434456	0.904107	full	131504586847961235687181874578063117114329409897647623619241560935125066908876631867479597863393264	131504586847961235687181874578063117114329409897777364079840940025536431204654670824245859971773796	1,0,0,0,0,0,0,0,0,0	5,0,0,0,0,0,0,0,0,0	ok
-2.698082	-18.473728	-44.862290	0.913032	continued:5	131504586847961235687181874578063117114329409897647623619241560935125066908876631867479597863393264	131504586847961235687181874578063117114329409897777364079840940025536431204654670824245859971773796	1,0,0,0,0,0,0,0,0,0	5,0,0,0,0,0,0,0,0,0	ok
-2.695246	-18.473728	-45.738728	0.910239	continued:5	131504586847961235687181874578063117114329409897647623619241560935125066908876631867479597863393264	131504586847961235687181874578063117114329409897777364079840940025536431204654670824245859971773796	1,0,0,0,0,0,0,0,0,0	5,0,0,0,0,0,0,0,0,0	ok
-2.692410	-18.473728	-46.658567	0.907446	continued:5	131504586847961235687181874578063117114329409897631406061666638548823646371904376997883815099845702	131504586847961235687181874578063117114329409897777364079840940025536431204654670824245859971773796	-1,0,0,0,0,0,0,0,0,0	5,0,0,0,0,0,0,0,0,0	ok
-2.689575	-18.473728	-47.608078	0.904987	continued:5	131504586847961235687181874578063117114329409897631406061666638548823646371904376997883815099845702	131504586847961235687181874578063117114329409897777364079840940025536431204654670824245859971773796	-1,0,0,0,0,0,0,0,0,0	5,0,0,0,0,0,0,0,0,0	ok
-2.686739	-18.473728	-48.560901	0.903944	continued:5	131504586847961235687181874578063117114329409897647623619241560935125066908876631867479597863393264	131504586847961235687181874578063117114329409897777364079840940025536431204654670824245859971773796	1,0,0,0,0,0,0,0,0,0	5,0,0,0,0,0,0,0,0,0	ok
-2.683903	-18.473728	-49.479560	0.901151	full	131504586847961235687181874578063117114329409897647623619241560935125066908876631867479597863393264	131504586847961235687181874578063117114329409897777364079840940025536431204654670824245859971773796	1,0,0,0,0,0,0,0,0,0	5,0,0,0,0,0,0,0,0,0	ok
-2.681068	-18.473728	-44.861038	0.911595	continued:5	131504586847961235687181874578063117114329409897647623619241560935125066908876631867479597863393264	131504586847961235687181874578063117114329409897777364079840940025536431204654670824245859971773796	1,0,0,0,0,0,0,0,0,0	5,0,0,0,0,0,0,0,0,0	ok
-2.678232	-18.473728	-45.735495	0.908801	continued:5	131504586847961235687181874578063117114329409897647623619241560935125066908876631867479597863393264	131504586847961235687181874578063117114329409897809799194990784798139272278599180563437425498868939	1,0,0,0,0,0,0,0,0,0	6,0,0,0,0,0,0,0,0,0	ok
-2.675396	-18.473728	-46.651903	0.906008	continued:5	131504586847961235687181874578063117114329409897631406061666638548823646371904376997883815099845702	131504586847961235687181874578063117114329409897809799194990784798139272278599180563437425498868939	-1,0,0,0,0,0,0,0,0,0	6,0,0,0,0,0,0,0,0,0	ok
-2.672560	-18.473728	-47.596804	0.903677	continued:5	131504586847961235687181874578063117114329409897631406061666638548823646371904376997883815099845702	131504586847961235687181874578063117114329409897809799194990784798139272278599180563437425498868939	-1,0,0,0,0,0,0,0,0,0	6,0,0,0,0,0,0,0,0,0	ok
-2.669725	-18.473728	-48.543242	0.902841	continued:5	131504586847961235687181874578063117114329409897631406061666638548823646371904376997883815099845702	131504586847961235687181874578063117114329409897809799194990784798139272278599180563437425498868939	-1,0,0,0,0,0,0,0,0,0	6,0,0,0,0,0,0,0,0,0	ok
-2.666889	-18.473728	-49.453840	0.901464	full	131504586847961235687181874578063117114329409897647623619241560935125066908876631867479597863393264	131504586847961235687181874578063117114329409897809799194990784798139272278599180563437425498868939	1,0,0,0,0,0,0,0,0,0	6,0,0,0,0,0,0,0,0,0	ok
-2.664053	-18.473728	-44.807997	0.910293	continued:5	131504586847961235687181874578063117114329409897647623619241560935125066908876631867479597863393264	131504586847961235687181874578063117114329409897809799194990784798139272278599180563437425498868939	1,0,0,0,0,0,0,0,0,0	6,0,0,0,0,0,0,0,0,0	ok
-2.661218	-18.473728	-45.678079	0.907500	continued:5	131504586847961235687181874578063117114329409897647623619241560935125066908876631867479597863393264	131504586847961235687181874578063117114329409897809799194990784798139272278599180563437425498868939	1,0,0,0,0,0,0,0,0,0	6,0,0,0,0,0,0,0,0,0	ok
-2.658382	-18.473728	-46.589021	0.904706	continued:5	131504586847961235687181874578063117114329409897631406061666638548823646371904376997883815099845702	131504586847961235687181874578063117114329409897809799194990784798139272278599180563437425498868939	-1,0,0,0,0,0,0,0,0,0	6,0,0,0,0,0,0,0,0,0	ok
-2.655546	-18.473728	-47.528383	0.902247	continued:5	131504586847961235687181874578063117114329409897631406061666638548823646371904376997883815099845702	131504586847961235687181874578063117114329409897809799194990784798139272278599180563437425498868939	-1,0,0,0,0,0,0,0,0,0	6,0,0,0,0,0,0,0,0,0	ok
-2.652711	-18.473728	-48.471043	0.901205	continued:5	131504586847961235687181874578063117114329409897631406061666638548823646371904376997883815099845702	131504586847961235687181874578063117114329409897809799194990784798139272278599180563437425498868939	-1,0,0,0,0,0,0,0,0,0	6,0,0,0,0,0,0,0,0,0	ok
-2.649875	-18.473728	-49.380445	0.901038	full	131504586847961235687181874578063117114329409897631406061666638548823646371904376997883815099845702	131504586847961235687181874578063117114329409897809799194990784798139272278599180563437425498868939	-1,0,0,0,0,0,0,0,0,0	6,0,0,0,0,0,0,0,0,0	ok
-2.647039	-18.473728	-44.909680	0.908581	continued:5	131504586847961235687181874578063117114329409897647623619241560935125066908876631867479597863393264	131504586847961235687181874578063117114329409897809799194990784798139272278599180563437425498868939	1,0,0,0,0,0,0,0,0,0	6,0,0,0,0,0,0,0,0,0	ok
-2.644204	-18.473728	-45.782569	0.905787	continued:5	131504586847961235687181874578063117114329409897647623619241560935125066908876631867479597863393264	131504586847961235687181874578063117114329409897809799194990784798139272278599180563437425498868939	1,0,0,0,0,0,0,0,0,0	6,0,0,0,0,0,0,0,0,0	ok
-2.641368	-18.473728	-46.694138	0.902994	continued:5	131504586847961235687181874578063117114329409897631406061666638548823646371904376997883815099845702	131504586847961235687181874578063117114329409897809799194990784798139272278599180563437425498868939	-1,0,0,0,0,0,0,0,0,0	6,0,0,0,0,0,0,0,0,0	ok
-2.638532	-18.473728	-47.630758	0.900535	continued:5	131504586847961235687181874578063117114329409897631406061666638548823646371904376997883815099845702	131504586847961235687181874578063117114329409897809799194990784798139272278599180563437425498868939	-1,0,0,0,0,0,0,0,0,0	6,0,0,0,0,0,0,0,0,0	ok
-2.635696	-18.473728	-48.566899	0.899699	continued:5	131504586847961235687181874578063117114329409897631406061666638548823646371904376997883815099845702	131504586847961235687181874578063117114329409897809799194990784798139272278599180563437425498868939	-1,0,0,0,0,0,0,0,0,0	6,0,0,0,0,0,0,0,0,0	ok
-2.632861	-18.473728	-49.464953	0.899197	full	131504586847961235687181874578063117114329409897631406061666638548823646371904376997883815099845702	131504586847961235687181874578063117114329409897809799194990784798139272278599180563437425498868939	-1,0,0,0,0,0,0,0,0,0	6,0,0,0,0,0,0,0,0,0	ok
-2.630025	-18.473728	-44.998394	0.906958	continued:5	131504586847961235687181874578063117114329409897647623619241560935125066908876631867479597863393264	131504586847961235687181874578063117114329409897809799194990784798139272278599180563437425498868939	1,0,0,0,0,0,0,0,0,0	6,0,0,0,0,0,0,0,0,0	ok
-2.627189	-18.473728	-45.872614	0.904165	continued:5	131504586847961235687181874578063117114329409897647623619241560935125066908876631867479597863393264	131504586847961235687181874578063117114329409897809799194990784798139272278599180563437425498868939	1,0,0,0,0,0,0,0,0,0	6,0,0,0,0,0,0,0,0,0	ok
-2.624354	-18.473728	-46.783364	0.901371	continued:5	131504586847961235687181874578063117114329409897631406061666638548823646371904376997883815099845702	131504586847961235687181874578063117114329409897842234310140629570742113352543690302628991025964086	-1,0,0,0,0,0,0,0,0,0	7,0,0,0,0,0,0,0,0,0	ok
-2.621518	-18.473728	-47.716110	0.898912	continued:5	131504586847961235687181874578063117114329409897631406061666638548823646371904376997883815099845702	131504586847961235687181874578063117114329409897842234310140629570742113352543690302628991025964086	-1,0,0,0,0,0,0,0,0,0	7,0,0,0,0,0,0,0,0,0	ok
-2.618682	-18.473728	-48.645130	0.897870	continued:5	131504586847961235687181874578063117114329409897647623619241560935125066908876631867479597863393264	131504586847961235687181874578063117114329409897842234310140629570742113352543690302628991025964086	1,0,0,0,0,0,0,0,0,0	7,0,0,0,0,0,0,0,0,0	ok
-2.615847	-18.473728	-49.534837	0.895076	full	131504586847961235687181874578063117114329409897647623619241560935125066908876631867479597863393264	131504586847961235687181874578063117114329409897842234310140629570742113352543690302628991025964086	1,0,0,0,0,0,0,0,0,0	7,0,0,0,0,0,0,0,0,0	ok
-2.613011	-18.473728	-45.058285	0.905245	continued:5	131504586847961235687181874578063117114329409897647623619241560935125066908876631867479597863393264	131504586847961235687181874578063117114329409897842234310140629570742113352543690302628991025964086	1,0,0,0,0,0,0,0,0,0	7,0,0,0,0,0,0,0,0,0	ok
-2.610175	-18.473728	-45.934056	0.902452	continued:5	131504586847961235687181874578063117114329409897647623619241560935125066908876631867479597863393264	131504586847961235687181874578063117114329409897842234310140629570742113352543690302628991025964086	1,0,0,0,0,0,0,0,0,0	7,0,0,0,0,0,0,0,0,0	ok
-2.607339	-18.473728	-46.844273	0.899659	continued:5	131504586847961235687181874578063117114329409897631406061666638548823646371904376997883815099845702	131504586847961235687181874578063117114329409897842234310140629570742113352543690302628991025964086	-1,0,0,0,0,0,0,0,0,0	7,0,0,0,0,0,0,0,0,0	ok
-2.604504	-18.473728	-47.773889	0.896993	continued:5	131504586847961235687181874578063117114329409897647623619241560935125066908876631867479597863393264	131504586847961235687181874578063117114329409897842234310140629570742113352543690302628991025964086	1,0,0,0,0,0,0,0,0,0	7,0,0,0,0,0,0,0,0,0	ok
-2.601668	-18.473728	-48.698791	0.894200	continued:5	131504586847961235687181874578063117114329409897647623619241560935125066908876631867479597863393264	131504586847961235687181874578063117114329409897842234310140629570742113352543690302628991025964086	1,0,0,0,0,0,0,0,0,0	7,0,0,0,0,0,0,0,0,0	ok
-2.598832	-18.473728	-49.594700	0.891406	full	131504586847961235687181874578063117114329409897647623619241560935125066908876631867479597863393264	131504586847961235687181874578063117114329409897842234310140629570742113352543690302628991025964086	1,0,0,0,0,0,0,0,0,0	7,0,0,0,0,0,0,0,0,0	ok
-2.595997	-18.473728	-44.957556	0.904153	continued:5	131504586847961235687181874578063117114329409897647623619241560935125066908876631867479597863393264	131504586847961235687181874578063117114329409897842234310140629570742113352543690302628991025964086	1,0,0,0,0,0,0,0,0,0	7,0,0,0,0,0,0,0,0,0	ok
-2.593161	-18.473728	-45.826287	0.901359	continued:5	131504586847961235687181874578063117114329409897647623619241560935125066908876631867479597863393264	131504586847961235687181874578063117114329409897842234310140629570742113352543690302628991025964086	1,0,0,0,0,0,0,0,0,0	7,0,0,0,0,0,0,0,0,0	ok
-2.590325	-18.473728	-46.729081	0.898566	continued:5	131504586847961235687181874578063117114329409897631406061666638548823646371904376997883815099845702	131504586847961235687181874578063117114329409897842234310140629570742113352543690302628991025964086	-1,0,0,0,0,0,0,0,0,0	7,0,0,0,0,0,0,0,0,0	ok
-2.587490	-18.473728	-47.652471	0.896107	continued:5	131504586847961235687181874578063117114329409897631406061666638548823646371904376997883815099845702	131504586847961235687181874578063117114329409897842234310140629570742113352543690302628991025964086	-1,0,0,0,0,0,0,0,0,0	7,0,0,0,0,0,0,0,0,0	ok
-2.584654	-18.473728	-48.571785	0.895064	continued:5	131504586847961235687181874578063117114329409897631406061666638548823646371904376997883815099845702	131504586847961235687181874578063117114329409897842234310140629570742113352543690302628991025964086	-1,0,0,0,0,0,0,0,0,0	7,0,0,0,0,0,0,0,0,0	ok
-2.581818	-18.473728	-49.452266	0.894897	full	131504586847961235687181874578063117114329409897631406061666638548823646371904376997883815099845702	131504586847961235687181874578063117114329409897842234310140629570742113352543690302628991025964086	-1,0,0,0,0,0,0,0,0,0	7,0,0,0,0,0,0,0,0,0	ok
-2.578982	-18.473728	-45.023326	0.902475	continued:5	131504586847961235687181874578063117114329409897647623619241560935125066908876631867479597863393264	131504586847961235687181874578063117114329409897842234310140629570742113352543690302628991025964086	1,0,0,0,0,0,0,0,0,0	7,0,0,0,0,0,0,0,0,0	ok
-2.576147	-18.473728	-45.893213	0.899682	continued:5	131504586847961235687181874578063117114329409897647623619241560935125066908876631867479597863393264	131504586847961235687181874578063117114329409897842234310140629570742113352543690302628991025964086	1,0,0,0,0,0,0,0,0,0	7,0,0,0,0,0,0,0,0,0	ok
-2.573311	-18.473728	-46.795146	0.896888	continued:5	131504586847961235687181874578063117114329409897631406061666638548823646371904376997883815099845702	131504586847961235687181874578063117114329409897842234310140629570742113352543690302628991025964086	-1,0,0,0,0,0,0,0,0,0	7,0,0,0,0,0,0,0,0,0	ok
-2.570475	-18.473728	-47.715077	0.894557	continued:5	131504586847961235687181874578063117114329409897631406061666638548823646371904376997883815099845702	131504586847961235687181874578063117114329409897842234310140629570742113352543690302628991025964086	-1,0,0,0,0,0,0,0,0,0	7,0,0,0,0,0,0,0,0,0	ok
-2.567640	-18.473728	-48.627293	0.893514	continued:5	131504586847961235687181874578063117114329409897631406061666638548823646371904376997883815099845702	131504586847961235687181874578063117114329409897842234310140629570742113352543690302628991025964086	-1,0,0,0,0,0,0,0,0,0	7,0,0,0,0,0,0,0,0,0	ok
-2.564804	-18.473728	-49.498662	0.893347	full	131504586847961235687181874578063117114329409897631406061666638548823646371904376997883815099845702	131504586847961235687181874578063117114329409897842234310140629570742113352543690302628991025964086	-1,0,0,0,0,0,0,0,0,0	7,0,0,0,0,0,0,0,0,0	ok
-2.561968	-18.473728	-45.085179	0.900753	continued:5	131504586847961235687181874578063117114329409897647623619241560935125066908876631867479597863393264	131504586847961235687181874578063117114329409897842234310140629570742113352543690302628991025964086	1,0,0,0,0,0,0,0,0,0	7,0,0,0,0,0,0,0,0,0	ok
-2.559133	-18.473728	-45.956416	0.897960	continued:5	131504586847961235687181874578063117114329409897647623619241560935125066908876631867479597863393264	131504586847961235687181874578063117114329409897842234310140629570742113352543690302628991025964086	1,0,0,0,0,0,0,0,0,0	7,0,0,0,0,0,0,0,0,0	ok
-2.556297	-18.473728	-46.857633	0.895166	continued:5	131504586847961235687181874578063117114329409897631406061666638548823646371904376997883815099845702	131504586847961235687181874578063117114329409897842234310140629570742113352543690302628991025964086	-1,0,0,0,0,0,0,0,0,0	7,0,0,0,0,0,0,0,0,0	ok
-2.553461	-18.473728	-47.774284	0.892914	continued:5	131504586847961235687181874578063117114329409897631406061666638548823646371904376997883815099845702	131504586847961235687181874578063117114329409897842234310140629570742113352543690302628991025964086	-1,0,0,0,0,0,0,0,0,0	7,0,0,0,0,0,0,0,0,0	ok
-2.550626	-18.473728	-48.680052	0.892078	continued:5	131504586847961235687181874578063117114329409897631406061666638548823646371904376997883815099845702	131504586847961235687181874578063117114329409897842234310140629570742113352543690302628991025964086	-1,0,0,0,0,0,0,0,0,0	7,0,0,0,0,0,0,0,0,0	ok
-2.547790	-18.473728	-49.541500	0.891242	full	131504586847961235687181874578063117114329409897631406061666638548823646371904376997883815099845702	131504586847961235687181874578063117114329409897842234310140629570742113352543690302628991025964086	-1,0,0,0,0,0,0,0,0,0	7,0,0,0,0,0,0,0,0,0	ok
-2.544954	-18.473728	-45.146292	0.899156	continued:5	131504586847961235687181874578063117114329409897647623619241560935125066908876631867479597863393264	131504586847961235687181874578063117114329409897842234310140629570742113352543690302628991025964086	1,0,0,0,0,0,0,0,0,0	7,0,0,0,0,0,0,0,0,0	ok
-2.542118	-18.473728	-46.017382	0.896363	continued:5	131504586847961235687181874578063117114329409897647623619241560935125066908876631867479597863393264	131504586847961235687181874578063117114329409897842234310140629570742113352543690302628991025964086	1,0,0,0,0,0,0,0,0,0	7,0,0,0,0,0,0,0,0,0	ok
-2.539283	-18.473728	-46.916476	0.893569	continued:5	131504586847961235687181874578063117114329409897631406061666638548823646371904376997883815099845702	131504586847961235687181874578063117114329409897842234310140629570742113352543690302628991025964086	-1,0,0,0,0,0,0,0,0,0	7,0,0,0,0,0,0,0,0,0	ok
-2.536447	-18.473728	-47.828617	0.891238	continued:5	131504586847961235687181874578063117114329409897631406061666638548823646371904376997883815099845702	131504586847961235687181874578063117114329409897842234310140629570742113352543690302628991025964086	-1,0,0,0,0,0,0,0,0,0	7,0,0,0,0,0,0,0,0,0	ok
-2.533611	-18.473728	-48.728203	0.890402	continued:5	131504586847961235687181874578063117114329409897631406061666638548823646371904376997883815099845702	131504586847961235687181874578063117114329409897842234310140629570742113352543690302628991025964086	-1,0,0,0,0,0,0,0,0,0	7,0,0,0,0,0,0,0,0,0	ok
-2.530776	-18.473728	-49.581631	0.888484	full	131504586847961235687181874578063117114329409897647623619241560935125066908876631867479597863393264	131504586847961235687181874578063117114329409897842234310140629570742113352543690302628991025964086	1,0,0,0,0,0,0,0,0,0	7,0,0,0,0,0,0,0,0,0	ok
-2.527940	-18.473728	-45.203917	0.897493	continued:5	131504586847961235687181874578063117114329409897647623619241560935125066908876631867479597863393264	131504586847961235687181874578063117114329409897842234310140629570742113352543690302628991025964086	1,0,0,0,0,0,0,0,0,0	7,0,0,0,0,0,0,0,0,0	ok
-2.525104	-18.473728	-46.075313	0.894699	continued:5	131504586847961235687181874578063117114329409897647623619241560935125066908876631867479597863393264	131504586847961235687181874578063117114329409897842234310140629570742113352543690302628991025964086	1,0,0,0,0,0,0,0,0,0	7,0,0,0,0,0,0,0,0,0	ok
-2.522269	-18.473728	-46.972687	0.891906	continued:5	131504586847961235687181874578063117114329409897631406061666638548823646371904376997883815099845702	131504586847961235687181874578063117114329409897842234310140629570742113352543690302628991025964086	-1,0,0,0,0,0,0,0,0,0	7,0,0,0,0,0,0,0,0,0	ok
-2.519433	-18.473728	-47.880728	0.889654	continued:5	131504586847961235687181874578063117114329409897631406061666638548823646371904376997883815099845702	131504586847961235687181874578063117114329409897842234310140629570742113352543690302628991025964086	-1,0,0,0,0,0,0,0,0,0	7,0,0,0,0,0,0,0,0,0	ok
-2.516597	-18.473728	-48.773343	0.888611	continued:5	131504586847961235687181874578063117114329409897631406061666638548823646371904376997883815099845702	131504586847961235687181874578063117114329409897842234310140629570742113352543690302628991025964086	-1,0,0,0,0,0,0,0,0,0	7,0,0,0,0,0,0,0,0,0	ok
-2.513761	-18.473728	-49.619663	0.885818	full	131504586847961235687181874578063117114329409897647623619241560935125066908876631867479597863393264	131504586847961235687181874578063117114329409897842234310140629570742113352543690302628991025964086	1,0,0,0,0,0,0,0,0,0	7,0,0,0,0,0,0,0,0,0	ok
-2.510926	-18.473728	-45.255014	0.895852	continued:5	131504586847961235687181874578063117114329409897647623619241560935125066908876631867479597863393264	131504586847961235687181874578063117114329409897842234310140629570742113352543690302628991025964086	1,0,0,0,0,0,0,0,0,0	7,0,0,0,0,0,0,0,0,0	ok
-2.508090	-18.473728	-46.126268	0.893059	continued:5	131504586847961235687181874578063117114329409897647623619241560935125066908876631867479597863393264	131504586847961235687181874578063117114329409897842234310140629570742113352543690302628991025964086	1,0,0,0,0,0,0,0,0,0	7,0,0,0,0,0,0,0,0,0	ok
-2.505254	-18.473728	-47.021541	0.890265	continued:5	131504586847961235687181874578063117114329409897631406061666638548823646371904376997883815099845702	131504586847961235687181874578063117114329409897842234310140629570742113352543690302628991025964086	-1,0,0,0,0,0,0,0,0,0	7,0,0,0,0,0,0,0,0,0	ok
-2.502419	-18.473728	-47.925274	0.888141	continued:5	131504586847961235687181874578063117114329409897631406061666638548823646371904376997883815099845702	131504586847961235687181874578063117114329409897842234310140629570742113352543690302628991025964086	-1,0,0,0,0,0,0,0,0,0	7,0,0,0,0,0,0,0,0,0	ok
-2.499583	-18.473728	-48.810568	0.886016	continued:5	131504586847961235687181874578063117114329409897647623619241560935125066908876631867479597863393264	131504586847961235687181874578063117114329409897842234310140629570742113352543690302628991025964086	1,0,0,0,0,0,0,0,0,0	7,0,0,0,0,0,0,0,0,0	ok
-2.496747	-18.473728	-49.656041	0.883223	full	131504586847961235687181874578063117114329409897647623619241560935125066908876631867479597863393264	131504586847961235687181874578063117114329409897842234310140629570742113352543690302628991025964086	1,0,0,0,0,0,0,0,0,0	7,0,0,0,0,0,0,0,0,0	ok
-2.493912	-18.473728	-45.302137	0.894189	continued:5	131504586847961235687181874578063117114329409897647623619241560935125066908876631867479597863393264	131504586847961235687181874578063117114329409897842234310140629570742113352543690302628991025964086	1,0,0,0,0,0,0,0,0,0	7,0,0,0,0,0,0,0,0,0	ok
-2.491076	-18.473728	-46.173298	0.891395	continued:5	131504586847961235687181874578063117114329409897647623619241560935125066908876631867479597863393264	131504586847961235687181874578063117114329409897842234310140629570742113352543690302628991025964086	1,0,0,0,0,0,0,0,0,0	7,0,0,0,0,0,0,0,0,0	ok
-2.488240	-18.473728	-47.066531	0.888602	continued:5	131504586847961235687181874578063117114329409897631406061666638548823646371904376997883815099845702	131504586847961235687181874578063117114329409897842234310140629570742113352543690302628991025964086	-1,0,0,0,0,0,0,0,0,0	7,0,0,0,0,0,0,0,0,0	ok
-2.485405	-18.473728	-47.966092	0.886271	continued:5	131504586847961235687181874578063117114329409897631406061666638548823646371904376997883815099845702	131504586847961235687181874578063117114329409897842234310140629570742113352543690302628991025964086	-1,0,0,0,0,0,0,0,0,0	7,0,0,0,0,0,0,0,0,0	ok
-2.482569	-18.473728	-48.846901	0.883477	continued:5	131504586847961235687181874578063117114329409897647623619241560935125066908876631867479597863393264	131504586847961235687181874578063117114329409897842234310140629570742113352543690302628991025964086	1,0,0,0,0,0,0,0,0,0	7,0,0,0,0,0,0,0,0,0	ok
-2.479733	-18.473728	-49.691099	0.880684	full	131504586847961235687181874578063117114329409897647623619241560935125066908876631867479597863393264	131504586847961235687181874578063117114329409897842234310140629570742113352543690302628991025964086	1,0,0,0,0,0,0,0,0,0	7,0,0,0,0,0,0,0,0,0	ok
-2.476897	-18.473728	-45.333398	0.892157	continued:5	131504586847961235687181874578063117114329409897647623619241560935125066908876631867479597863393264	131504586847961235687181874578063117114329409897842234310140629570742113352543690302628991025964086	1,0,0,0,0,0,0,0,0,0	7,0,0,0,0,0,0,0,0,0	ok
-2.474062	-18.473728	-46.208019	0.889364	continued:5	131504586847961235687181874578063117114329409897647623619241560935125066908876631867479597863393264	131504586847961235687181874578063117114329409897842234310140629570742113352543690302628991025964086	1,0,0,0,0,0,0,0,0,0	7,0,0,0,0,0,0,0,0,0	ok
-2.471226	-18.473728	-47.102557	0.886571	continued:5	131504586847961235687181874578063117114329409897631406061666638548823646371904376997883815099845702	131504586847961235687181874578063117114329409897842234310140629570742113352543690302628991025964086	-1,0,0,0,0,0,0,0,0,0	7,0,0,0,0,0,0,0,0,0	ok
-2.468390	-18.473728	-48.001165	0.883777	continued:5	131504586847961235687181874578063117114329409897647623619241560935125066908876631867479597863393264	131504586847961235687181874578063117114329409897842234310140629570742113352543690302628991025964086	1,0,0,0,0,0,0,0,0,0	7,0,0,0,0,0,0,0,0,0	ok
-2.465555	-18.473728	-48.882518	0.880984	continued:5	131504586847961235687181874578063117114329409897647623619241560935125066908876631867479597863393264	131504586847961235687181874578063117114329409897842234310140629570742113352543690302628991025964086	1,0,0,0,0,0,0,0,0,0	7,0,0,0,0,0,0,0,0,0	ok
-2.462719	-18.473728	-49.725088	0.878191	full	131504586847961235687181874578063117114329409897647623619241560935125066908876631867479597863393264	131504586847961235687181874578063117114329409897842234310140629570742113352543690302628991025964086	1,0,0,0,0,0,0,0,0,0	7,0,0,0,0,0,0,0,0,0	ok
-2.459883	-18.473728	-45.219570	0.891556	continued:5	131504586847961235687181874578063117114329409897647623619241560935125066908876631867479597863393264	131504586847961235687181874578063117114329409897842234310140629570742113352543690302628991025964086	1,0,0,0,0,0,0,0,0,0	7,0,0,0,0,0,0,0,0,0	ok
-2.457048	-18.473728	-46.083389	0.888762	continued:5	131504586847961235687181874578063117114329409897647623619241560935125066908876631867479597863393264	131504586847961235687181874578063117114329409897842234310140629570742113352543690302628991025964086	1,0,0,0,0,0,0,0,0,0	7,0,0,0,0,0,0,0,0,0	ok
-2.454212	-18.473728	-46.967718	0.885969	continued:5	131504586847961235687181874578063117114329409897631406061666638548823646371904376997883815099845702	131504586847961235687181874578063117114329409897842234310140629570742113352543690302628991025964086	-1,0,0,0,0,0,0,0,0,0	7,0,0,0,0,0,0,0,0,0	ok
-2.451376	-18.473728	-47.858252	0.883510	continued:5	131504586847961235687181874578063117114329409897631406061666638548823646371904376997883815099845702	131504586847961235687181874578063117114329409897842234310140629570742113352543690302628991025964086	-1,0,0,0,0,0,0,0,0,0	7,0,0,0,0,0,0,0,0,0	ok
-2.448540	-18.473728	-48.731999	0.882468	continued:5	131504586847961235687181874578063117114329409897631406061666638548823646371904376997883815099845702	131504586847961235687181874578063117114329409897842234310140629570742113352543690302628991025964086	-1,0,0,0,0,0,0,0,0,0	7,0,0,0,0,0,0,0,0,0	ok
-2.445705	-18.473728	-49.557875	0.882300	full	131504586847961235687181874578063117114329409897631406061666638548823646371904376997883815099845702	131504586847961235687181874578063117114329409897842234310140629570742113352543690302628991025964086	-1,0,0,0,0,0,0,0,0,0	7,0,0,0,0,0,0,0,0,0	ok
-2.442869	-18.473728	-45.271566	0.889823	continued:5	131504586847961235687181874578063117114329409897647623619241560935125066908876631867479597863393264	131504586847961235687181874578063117114329409897842234310140629570742113352543690302628991025964086	1,0,0,0,0,0,0,0,0,0	7,0,0,0,0,0,0,0,0,0	ok
-2.440033	-18.473728	-46.135868	0.887030	continued:5	131504586847961235687181874578063117114329409897647623619241560935125066908876631867479597863393264	131504586847961235687181874578063117114329409897842234310140629570742113352543690302628991025964086	1,0,0,0,0,0,0,0,0,0	7,0,0,0,0,0,0,0,0,0	ok
-2.437198	-18.473728	-47.018695	0.884237	continued:5	131504586847961235687181874578063117114329409897631406061666638548823646371904376997883815099845702	131504586847961235687181874578063117114329409897842234310140629570742113352543690302628991025964086	-1,0,0,0,0,0,0,0,0,0	7,0,0,0,0,0,0,0,0,0	ok
-2.434362	-18.473728	-47.905497	0.881905	continued:5	131504586847961235687181874578063117114329409897631406061666638548823646371904376997883815099845702	131504586847961235687181874578063117114329409897842234310140629570742113352543690302628991025964086	-1,0,0,0,0,0,0,0,0,0	7,0,0,0,0,0,0,0,0,0	ok
-2.431526	-18.473728	-48.772444	0.880863	continued:5	131504586847961235687181874578063117114329409897631406061666638548823646371904376997883815099845702	131504586847961235687181874578063117114329409897842234310140629570742113352543690302628991025964086	-1,0,0,0,0,0,0,0,0,0	7,0,0,0,0,0,0,0,0,0	ok
-2.428691	-18.473728	-49.590103	0.880696	full	131504586847961235687181874578063117114329409897631406061666638548823646371904376997883815099845702	131504586847961235687181874578063117114329409897842234310140629570742113352543690302628991025964086	-1,0,0,0,0,0,0,0,0,0	7,0,0,0,0,0,0,0,0,0	ok
-2.425855	-18.473728	-45.324677	0.888130	continued:5	131504586847961235687181874578063117114329409897647623619241560935125066908876631867479597863393264	131504586847961235687181874578063117114329409897842234310140629570742113352543690302628991025964086	1,0,0,0,0,0,0,0,0,0	7,0,0,0,0,0,0,0,0,0	ok
-2.423019	-18.473728	-46.188881	0.885337	continued:5	131504586847961235687181874578063117114329409897631406061666638548823646371904376997883815099845702	131504586847961235687181874578063117114329409897842234310140629570742113352543690302628991025964086	-1,0,0,0,0,0,0,0,0,0	7,0,0,0,0,0,0,0,0,0	ok
-2.420183	-18.473728	-47.069648	0.882543	continued:5	131504586847961235687181874578063117114329409897631406061666638548823646371904376997883815099845702	131504586847961235687181874578063117114329409897842234310140629570742113352543690302628991025964086	-1,0,0,0,0,0,0,0,0,0	7,0,0,0,0,0,0,0,0,0	ok
-2.417348	-18.473728	-47.952213	0.880291	continued:5	131504586847961235687181874578063117114329409897631406061666638548823646371904376997883815099845702	131504586847961235687181874578063117114329409897842234310140629570742113352543690302628991025964086	-1,0,0,0,0,0,0,0,0,0	7,0,0,0,0,0,0,0,0,0	ok
-2.414512	-18.473728	-48.812327	0.879248	continued:5	131504586847961235687181874578063117114329409897631406061666638548823646371904376997883815099845702	131504586847961235687181874578063117114329409897842234310140629570742113352543690302628991025964086	-1,0,0,0,0,0,0,0,0,0	7,0,0,0,0,0,0,0,0,0	ok
-2.411676	-18.473728	-49.621790	0.879081	full	131504586847961235687181874578063117114329409897631406061666638548823646371904376997883815099845702	131504586847961235687181874578063117114329409897842234310140629570742113352543690302628991025964086	-1,0,0,0,0,0,0,0,0,0	7,0,0,0,0,0,0,0,0,0	ok
-2.408841	-18.473728	-45.377510	0.886461	continued:5	131504586847961235687181874578063117114329409897647623619241560935125066908876631867479597863393264	131504586847961235687181874578063117114329409897842234310140629570742113352543690302628991025964086	1,0,0,0,0,0,0,0,0,0	7,0,0,0,0,0,0,0,0,0	ok
-2.406005	-18.473728	-46.241197	0.883668	continued:5	131504586847961235687181874578063117114329409897631406061666638548823646371904376997883815099845702	131504586847961235687181874578063117114329409897842234310140629570742113352543690302628991025964086	-1,0,0,0,0,0,0,0,0,0	7,0,0,0,0,0,0,0,0,0	ok
-2.403169	-18.473728	-47.119507	0.880874	continued:5	131504586847961235687181874578063117114329409897631406061666638548823646371904376997883815099845702	131504586847961235687181874578063117114329409897842234310140629570742113352543690302628991025964086	-1,0,0,0,0,0,0,0,0,0	7,0,0,0,0,0,0,0,0,0	ok
-2.400334	-18.473728	-47.997499	0.878543	continued:5	131504586847961235687181874578063117114329409897631406061666638548823646371904376997883815099845702	131504586847961235687181874578063117114329409897842234310140629570742113352543690302628991025964086	-1,0,0,0,0,0,0,0,0,0	7,0,0,0,0,0,0,0,0,0	ok
-2.397498	-18.473728	-48.851774	0.877628	continued:5	131504586847961235687181874578063117114329409897631406061666638548823646371904376997883815099845702	131504586847961235687181874578063117114329409897842234310140629570742113352543690302628991025964086	-1,0,0,0,0,0,0,0,0,0	7,0,0,0,0,0,0,0,0,0	ok
-2.394662	-18.473728	-49.653028	0.877461	full	131504586847961235687181874578063117114329409897631406061666638548823646371904376997883815099845702	131504586847961235687181874578063117114329409897842234310140629570742113352543690302628991025964086	-1,0,0,0,0,0,0,0,0,0	7,0,0,0,0,0,0,0,0,0	ok
-2.391827	-18.473728	-45.430229	0.884731	continued:5	131504586847961235687181874578063117114329409897647623619241560935125066908876631867479597863393264	131504586847961235687181874578063117114329409897842234310140629570742113352543690302628991025964086	1,0,0,0,0,0,0,0,0,0	7,0,0,0,0,0,0,0,0,0	ok
-2.388991	-18.473728	-46.293832	0.881938	continued:5	131504586847961235687181874578063117114329409897631406061666638548823646371904376997883815099845702	131504586847961235687181874578063117114329409897842234310140629570742113352543690302628991025964086	-1,0,0,0,0,0,0,0,0,0	7,0,0,0,0,0,0,0,0,0	ok
-2.386155	-18.473728	-47.170055	0.879144	continued:5	131504586847961235687181874578063117114329409897631406061666638548823646371904376997883815099845702	131504586847961235687181874578063117114329409897842234310140629570742113352543690302628991025964086	-1,0,0,0,0,0,0,0,0,0	7,0,0,0,0,0,0,0,0,0	ok
-2.383319	-18.473728	-48.043799	0.876892	continued:5	131504586847961235687181874578063117114329409897631406061666638548823646371904376997883815099845702	131504586847961235687181874578063117114329409897842234310140629570742113352543690302628991025964086	-1,0,0,0,0,0,0,0,0,0	7,0,0,0,0,0,0,0,0,0	ok
-2.380484	-18.473728	-48.891290	0.876056	continued:5	131504586847961235687181874578063117114329409897631406061666638548823646371904376997883815099845702	131504586847961235687181874578063117114329409897842234310140629570742113352543690302628991025964086	-1,0,0,0,0,0,0,0,0,0	7,0,0,0,0,0,0,0,0,0	ok
-2.377648	-18.473728	-49.683890	0.875682	full	131504586847961235687181874578063117114329409897631406061666638548823646371904376997883815099845702	131504586847961235687181874578063117114329409897842234310140629570742113352543690302628991025964086	-1,0,0,0,0,0,0,0,0,0	7,0,0,0,0,0,0,0,0,0	ok
-2.374812	-18.473728	-45.483995	0.883061	continued:5	131504586847961235687181874578063117114329409897647623619241560935125066908876631867479597863393264	131504586847961235687181874578063117114329409897842234310140629570742113352543690302628991025964086	1,0,0,0,0,0,0,0,0,0	7,0,0,0,0,0,0,0,0,0	ok
-2.371977	-18.473728	-46.346730	0.880267	continued:5	131504586847961235687181874578063117114329409897631406061666638548823646371904376997883815099845702	131504586847961235687181874578063117114329409897842234310140629570742113352543690302628991025964086	-1,0,0,0,0,0,0,0,0,0	7,0,0,0,0,0,0,0,0,0	ok
-2.369141	-18.473728	-47.220134	0.877474	continued:5	131504586847961235687181874578063117114329409897631406061666638548823646371904376997883815099845702	131504586847961235687181874578063117114329409897842234310140629570742113352543690302628991025964086	-1,0,0,0,0,0,0,0,0,0	7,0,0,0,0,0,0,0,0,0	ok
-2.366305	-18.473728	-48.088983	0.875222	continued:5	131504586847961235687181874578063117114329409897631406061666638548823646371904376997883815099845702	131504586847961235687181874578063117114329409897842234310140629570742113352543690302628991025964086	-1,0,0,0,0,0,0,0,0,0	7,0,0,0,0,0,0,0,0,0	ok
-2.363470	-18.473728	-48.929780	0.874386	continued:5	131504586847961235687181874578063117114329409897631406061666638548823646371904376997883815099845702	131504586847961235687181874578063117114329409897842234310140629570742113352543690302628991025964086	-1,0,0,0,0,0,0,0,0,0	7,0,0,0,0,0,0,0,0,0	ok
-2.360634	-18.473728	-49.714440	0.873343	full	131504586847961235687181874578063117114329409897631406061666638548823646371904376997883815099845702	131504586847961235687181874578063117114329409897842234310140629570742113352543690302628991025964086	-1,0,0,0,0,0,0,0,0,0	7,0,0,0,0,0,0,0,0,0	ok
-2.357798	-18.473728	-45.538634	0.881350	continued:5	131504586847961235687181874578063117114329409897647623619241560935125066908876631867479597863393264	131504586847961235687181874578063117114329409897842234310140629570742113352543690302628991025964086	1,0,0,0,0,0,0,0,0,0	7,0,0,0,0,0,0,0,0,0	ok
-2.354962	-18.473728	-46.400715	0.878556	continued:5	131504586847961235687181874578063117114329409897631406061666638548823646371904376997883815099845702	131504586847961235687181874578063117114329409897842234310140629570742113352543690302628991025964086	-1,0,0,0,0,0,0,0,0,0	7,0,0,0,0,0,0,0,0,0	ok
-2.352127	-18.473728	-47.271463	0.875763	continued:5	131504586847961235687181874578063117114329409897631406061666638548823646371904376997883815099845702	131504586847961235687181874578063117114329409897842234310140629570742113352543690302628991025964086	-1,0,0,0,0,0,0,0,0,0	7,0,0,0,0,0,0,0,0,0	ok
-2.349291	-18.473728	-48.135547	0.873638	continued:5	131504586847961235687181874578063117114329409897631406061666638548823646371904376997883815099845702	131504586847961235687181874578063117114329409897842234310140629570742113352543690302628991025964086	-1,0,0,0,0,0,0,0,0,0	7,0,0,0,0,0,0,0,0,0	ok
-2.346455	-18.473728	-48.968764	0.872802	continued:5	131504586847961235687181874578063117114329409897631406061666638548823646371904376997883815099845702	131504586847961235687181874578063117114329409897842234310140629570742113352543690302628991025964086	-1,0,0,0,0,0,0,0,0,0	7,0,0,0,0,0,0,0,0,0	ok
-2.343620	-18.473728	-49.744729	0.871012	full	131504586847961235687181874578063117114329409897647623619241560935125066908876631867479597863393264	131504586847961235687181874578063117114329409897842234310140629570742113352543690302628991025964086	1,0,0,0,0,0,0,0,0,0	7,0,0,0,0,0,0,0,0,0	ok
-2.340784	-18.473728	-45.594045	0.879693	continued:5	131504586847961235687181874578063117114329409897647623619241560935125066908876631867479597863393264	131504586847961235687181874578063117114329409897842234310140629570742113352543690302628991025964086	1,0,0,0,0,0,0,0,0,0	7,0,0,0,0,0,0,0,0,0	ok
-2.337948	-18.473728	-46.454733	0.876900	continued:5	131504586847961235687181874578063117114329409897631406061666638548823646371904376997883815099845702	131504586847961235687181874578063117114329409897858451867715551957043533889515945172224773789511661	-1,0,0,0,0,0,0,0,0,0	-8,0,0,0,0,0,0,0,0,0	ok
-2.335113	-18.473728	-47.322140	0.874107	continued:5	131504586847961235687181874578063117114329409897631406061666638548823646371904376997883815099845702	131504586847961235687181874578063117114329409897858451867715551957043533889515945172224773789511661	-1,0,0,0,0,0,0,0,0,0	-8,0,0,0,0,0,0,0,0,0	ok
-2.332277	-18.473728	-48.180863	0.871982	continued:5	131504586847961235687181874578063117114329409897631406061666638548823646371904376997883815099845702	131504586847961235687181874578063117114329409897858451867715551957043533889515945172224773789511661	-1,0,0,0,0,0,0,0,0,0	-8,0,0,0,0,0,0,0,0,0	ok
-2.329441	-18.473728	-49.007022	0.871146	continued:5	131504586847961235687181874578063117114329409897631406061666638548823646371904376997883815099845702	131504586847961235687181874578063117114329409897858451867715551957043533889515945172224773789511661	-1,0,0,0,0,0,0,0,0,0	-8,0,0,0,0,0,0,0,0,0	ok
-2.326606	-18.473728	-49.774799	0.868687	full	131504586847961235687181874578063117114329409897647623619241560935125066908876631867479597863393264	131504586847961235687181874578063117114329409897858451867715551957043533889515945172224773789511661	1,0,0,0,0,0,0,0,0,0	-8,0,0,0,0,0,0,0,0,0	ok
-2.323770	-18.473728	-45.642292	0.877914	continued:5	131504586847961235687181874578063117114329409897647623619241560935125066908876631867479597863393264	131504586847961235687181874578063117114329409897858451867715551957043533889515945172224773789511661	1,0,0,0,0,0,0,0,0,0	-8,0,0,0,0,0,0,0,0,0	ok
-2.320934	-18.473728	-46.502736	0.875121	continued:5	131504586847961235687181874578063117114329409897631406061666638548823646371904376997883815099845702	131504586847961235687181874578063117114329409897858451867715551957043533889515945172224773789511661	-1,0,0,0,0,0,0,0,0,0	-8,0,0,0,0,0,0,0,0,0	ok
-2.318098	-18.473728	-47.367899	0.872327	continued:5	131504586847961235687181874578063117114329409897631406061666638548823646371904376997883815099845702	131504586847961235687181874578063117114329409897858451867715551957043533889515945172224773789511661	-1,0,0,0,0,0,0,0,0,0	-8,0,0,0,0,0,0,0,0,0	ok
-2.315263	-18.473728	-48.222357	0.870203	continued:5	131504586847961235687181874578063117114329409897631406061666638548823646371904376997883815099845702	131504586847961235687181874578063117114329409897858451867715551957043533889515945172224773789511661	-1,0,0,0,0,0,0,0,0,0	-8,0,0,0,0,0,0,0,0,0	ok
-2.312427	-18.473728	-49.042546	0.869160	continued:5	131504586847961235687181874578063117114329409897631406061666638548823646371904376997883815099845702	131504586847961235687181874578063117114329409897858451867715551957043533889515945172224773789511661	-1,0,0,0,0,0,0,0,0,0	-8,0,0,0,0,0,0,0,0,0	ok
-2.309591	-18.473728	-49.804687	0.866367	full	131504586847961235687181874578063117114329409897647623619241560935125066908876631867479597863393264	131504586847961235687181874578063117114329409897858451867715551957043533889515945172224773789511661	1,0,0,0,0,0,0,0,0,0	-8,0,0,0,0,0,0,0,0,0	ok
-2.306756	-18.473728	-45.689935	0.876138	continued:5	131504586847961235687181874578063117114329409897647623619241560935125066908876631867479597863393264	131504586847961235687181874578063117114329409897858451867715551957043533889515945172224773789511661	1,0,0,0,0,0,0,0,0,0	-8,0,0,0,0,0,0,0,0,0	ok
-2.303920	-18.473728	-46.549952	0.873344	continued:5	131504586847961235687181874578063117114329409897631406061666638548823646371904376997883815099845702	131504586847961235687181874578063117114329409897858451867715551957043533889515945172224773789511661	-1,0,0,0,0,0,0,0,0,0	-8,0,0,0,0,0,0,0,0,0	ok
-2.301084	-18.473728	-47.412705	0.870551	continued:5	131504586847961235687181874578063117114329409897631406061666638548823646371904376997883815099845702	131504586847961235687181874578063117114329409897858451867715551957043533889515945172224773789511661	-1,0,0,0,0,0,0,0,0,0	-8,0,0,0,0,0,0,0,0,0	ok
-2.298249	-18.473728	-48.262780	0.868633	continued:5	131504586847961235687181874578063117114329409897631406061666638548823646371904376997883815099845702	131504586847961235687181874578063117114329409897858451867715551957043533889515945172224773789511661	-1,0,0,0,0,0,0,0,0,0	-8,0,0,0,0,0,0,0,0,0	ok
-2.295413	-18.473728	-49.075345	0.866843	continued:5	131504586847961235687181874578063117114329409897631406061666638548823646371904376997883815099845702	131504586847961235687181874578063117114329409897858451867715551957043533889515945172224773789511661	-1,0,0,0,0,0,0,0,0,0	-8,0,0,0,0,0,0,0,0,0	ok
-2.292577	-18.473728	-49.834423	0.864050	full	131504586847961235687181874578063117114329409897647623619241560935125066908876631867479597863393264	131504586847961235687181874578063117114329409897858451867715551957043533889515945172224773789511661	1,0,0,0,0,0,0,0,0,0	-8,0,0,0,0,0,0,0,0,0	ok
-2.289741	-18.473728	-45.742190	0.874570	continued:5	131504586847961235687181874578063117114329409897647623619241560935125066908876631867479597863393264	131504586847961235687181874578063117114329409897858451867715551957043533889515945172224773789511661	1,0,0,0,0,0,0,0,0,0	-8,0,0,0,0,0,0,0,0,0	ok
-2.286906	-18.473728	-46.599485	0.871777	continued:5	131504586847961235687181874578063117114329409897631406061666638548823646371904376997883815099845702	131504586847961235687181874578063117114329409897858451867715551957043533889515945172224773789511661	-1,0,0,0,0,0,0,0,0,0	-8,0,0,0,0,0,0,0,0,0	ok
-2.284070	-18.473728	-47.457727	0.868983	continued:5	131504586847961235687181874578063117114329409897631406061666638548823646371904376997883815099845702	131504586847961235687181874578063117114329409897858451867715551957043533889515945172224773789511661	-1,0,0,0,0,0,0,0,0,0	-8,0,0,0,0,0,0,0,0,0	ok
-2.281234	-18.473728	-48.301543	0.866859	continued:5	131504586847961235687181874578063117114329409897631406061666638548823646371904376997883815099845702	131504586847961235687181874578063117114329409897858451867715551957043533889515945172224773789511661	-1,0,0,0,0,0,0,0,0,0	-8,0,0,0,0,0,0,0,0,0	ok
-2.278399	-18.473728	-49.108087	0.864528	continued:5	131504586847961235687181874578063117114329409897631406061666638548823646371904376997883815099845702	131504586847961235687181874578063117114329409897874669425290474343344954426488200041820556553059237	-1,0,0,0,0,0,0,0,0,0	8,0,0,0,0,0,0,0,0,0	ok
-2.275563	-18.473728	-49.864035	0.861734	full	131504586847961235687181874578063117114329409897647623619241560935125066908876631867479597863393264	131504586847961235687181874578063117114329409897874669425290474343344954426488200041820556553059237	1,0,0,0,0,0,0,0,0,0	8,0,0,0,0,0,0,0,0,0	ok
-2.272727	-18.473728	-45.789750	0.872846	continued:5	131504586847961235687181874578063117114329409897647623619241560935125066908876631867479597863393264	131504586847961235687181874578063117114329409897874669425290474343344954426488200041820556553059237	1,0,0,0,0,0,0,0,0,0	8,0,0,0,0,0,0,0,0,0	ok
-2.269892	-18.473728	-46.645793	0.870052	continued:5	131504586847961235687181874578063117114329409897631406061666638548823646371904376997883815099845702	131504586847961235687181874578063117114329409897874669425290474343344954426488200041820556553059237	-1,0,0,0,0,0,0,0,0,0	8,0,0,0,0,0,0,0,0,0	ok
-2.267056	-18.473728	-47.500885	0.867259	continued:5	131504586847961235687181874578063117114329409897631406061666638548823646371904376997883815099845702	131504586847961235687181874578063117114329409897874669425290474343344954426488200041820556553059237	-1,0,0,0,0,0,0,0,0,0	8,0,0,0,0,0,0,0,0,0	ok
-2.264220	-18.473728	-48.339714	0.865007	continued:5	131504586847961235687181874578063117114329409897631406061666638548823646371904376997883815099845702	131504586847961235687181874578063117114329409897874669425290474343344954426488200041820556553059237	-1,0,0,0,0,0,0,0,0,0	8,0,0,0,0,0,0,0,0,0	ok
-2.261384	-18.473728	-49.140788	0.862213	continued:5	131504586847961235687181874578063117114329409897647623619241560935125066908876631867479597863393264	131504586847961235687181874578063117114329409897874669425290474343344954426488200041820556553059237	1,0,0,0,0,0,0,0,0,0	8,0,0,0,0,0,0,0,0,0	ok
-2.258549	-18.473728	-49.893544	0.859420	full	131504586847961235687181874578063117114329409897647623619241560935125066908876631867479597863393264	16217557574922386301420628095190941477607231760144	1,0,0,0,0,0,0,0,0,0	8,0,0,0,0,0,0,0,0	ok
-2.255713	-18.473728	-45.622378	0.871666	continued:5	131504586847961235687181874578063117114329409897647623619241560935125066908876631867479597863393264	16217557574922386301420628095190941477607231760144	1,0,0,0,0,0,0,0,0,0	8,0,0,0,0,0,0,0,0	ok
-2.252877	-18.473728	-46.476857	0.868873	continued:5	131504586847961235687181874578063117114329409897631406061666638548823646371904376997883815099845702	16217557574922386301420628095190941477607231760144	-1,0,0,0,0,0,0,0,0,0	8,0,0,0,0,0,0,0,0	ok
-2.250042	-18.473728	-47.331352	0.866079	continued:5	131504586847961235687181874578063117114329409897631406061666638548823646371904376997883815099845702	16217557574922386301420628095190941477607231760144	-1,0,0,0,0,0,0,0,0,0	8,0,0,0,0,0,0,0,0	ok
-2.247206	-18.473728	-48.171807	0.863748	continued:5	131504586847961235687181874578063117114329409897631406061666638548823646371904376997883815099845702	16217557574922386301420628095190941477607231760144	-1,0,0,0,0,0,0,0,0,0	8,0,0,0,0,0,0,0,0	ok
-2.244370	-18.473728	-48.977678	0.862912	continued:5	131504586847961235687181874578063117114329409897631406061666638548823646371904376997883815099845702	131504586847961235687181874578063117114329409897874669425290474343344954426488200041820556553059237	-1,0,0,0,0,0,0,0,0,0	8,0,0,0,0,0,0,0,0,0	ok
-2.241535	-18.473728	-49.723082	0.862538	full	131504586847961235687181874578063117114329409897631406061666638548823646371904376997883815099845702	16217557574922386301420628095190941477607231760144	-1,0,0,0,0,0,0,0,0,0	8,0,0,0,0,0,0,0,0	ok
-2.238699	-18.473728	-45.677284	0.869973	continued:5	131504586847961235687181874578063117114329409897647623619241560935125066908876631867479597863393264	131504586847961235687181874578063117114329409897874669425290474343344954426488200041820556553059237	1,0,0,0,0,0,0,0,0,0	8,0,0,0,0,0,0,0,0,0	ok
-2.235863	-18.473728	-46.530146	0.867180	continued:5	131504586847961235687181874578063117114329409897631406061666638548823646371904376997883815099845702	5695183504546613417725670	-1,0,0,0,0,0,0,0,0,0	8,0,0,0,0,0,0,0	ok
-2.233028	-18.473728	-47.381150	0.864387	continued:5	131504586847961235687181874578063117114329409897631406061666638548823646371904376997883815099845702	5695183504546613417725670	-1,0,0,0,0,0,0,0,0,0	8,0,0,0,0,0,0,0	ok
-2.230192	-18.473728	-48.216227	0.862055	continued:5	131504586847961235687181874578063117114329409897631406061666638548823646371904376997883815099845702	5695183504546613417725670	-1,0,0,0,0,0,0,0,0,0	8,0,0,0,0,0,0,0	ok
-2.227356	-18.473728	-49.015170	0.861219	continued:5	131504586847961235687181874578063117114329409897631406061666638548823646371904376997883815099845702	3375003347987	-1,0,0,0,0,0,0,0,0,0	8,0,0,0,0,0,0	ok
-2.224520	-18.473728	-49.752646	0.860846	full	131504586847961235687181874578063117114329409897631406061666638548823646371904376997883815099845702	5695183504546613417725670	-1,0,0,0,0,0,0,0,0,0	8,0,0,0,0,0,0,0	ok
-2.221685	-18.473728	-45.730147	0.868192	continued:5	131504586847961235687181874578063117114329409897647623619241560935125066908876631867479597863393264	131504586847961235687181874578063117114329409897874669425290474343344954426488200041820556553059237	1,0,0,0,0,0,0,0,0,0	8,0,0,0,0,0,0,0,0,0	ok
-2.218849	-18.473728	-46.582140	0.865398	continued:5	131504586847961235687181874578063117114329409897631406061666638548823646371904376997883815099845702	5695183504546613417725670	-1,0,0,0,0,0,0,0,0,0	8,0,0,0,0,0,0,0	ok
-2.216013	-18.473728	-47.430328	0.862605	continued:5	131504586847961235687181874578063117114329409897631406061666638548823646371904376997883815099845702	3375003347987	-1,0,0,0,0,0,0,0,0,0	8,0,0,0,0,0,0	ok
-2.213178	-18.473728	-48.260651	0.860353	continued:5	131504586847961235687181874578063117114329409897631406061666638548823646371904376997883815099845702	3375003347987	-1,0,0,0,0,0,0,0,0,0	8,0,0,0,0,0,0	ok
-2.210342	-18.473728	-49.052628	0.859517	continued:5	131504586847961235687181874578063117114329409897631406061666638548823646371904376997883815099845702	2634644	-1,0,0,0,0,0,0,0,0,0	8,0,0,0,0,0	ok
-2.207506	-18.473728	-49.782177	0.859143	full	131504586847961235687181874578063117114329409897631406061666638548823646371904376997883815099845702	5695183504546613417725670	-1,0,0,0,0,0,0,0,0,0	8,0,0,0,0,0,0,0	ok
-2.204671	-18.473728	-45.782041	0.866356	continued:5	131504586847961235687181874578063117114329409897647623619241560935125066908876631867479597863393264	3375003347987	1,0,0,0,0,0,0,0,0,0	8,0,0,0,0,0,0	ok
-2.201835	-18.473728	-46.633553	0.863562	continued:5	131504586847961235687181874578063117114329409897631406061666638548823646371904376997883815099845702	3375003347987	-1,0,0,0,0,0,0,0,0,0	8,0,0,0,0,0,0	ok
-2.198999	-18.473728	-47.479267	0.860769	continued:5	131504586847961235687181874578063117114329409897631406061666638548823646371904376997883815099845702	3375003347987	-1,0,0,0,0,0,0,0,0,0	8,0,0,0,0,0,0	ok
-2.196163	-18.473728	-48.305159	0.858644	continued:5	131504586847961235687181874578063117114329409897631406061666638548823646371904376997883815099845702	3375003347987	-1,0,0,0,0,0,0,0,0,0	8,0,0,0,0,0,0	ok
-2.193328	-18.473728	-49.090097	0.857808	continued:5	131504586847961235687181874578063117114329409897631406061666638548823646371904376997883815099845702	2634644	-1,0,0,0,0,0,0,0,0,0	8,0,0,0,0,0	ok
-2.190492	-18.473728	-49.811687	0.857434	full	131504586847961235687181874578063117114329409897631406061666638548823646371904376997883815099845702	5695183504546613417725670	-1,0,0,0,0,0,0,0,0,0	8,0,0,0,0,0,0,0	ok
-2.187656	-18.473728	-45.838811	0.864639	continued:5	131504586847961235687181874578063117114329409897647623619241560935125066908876631867479597863393264	3375003347987	1,0,0,0,0,0,0,0,0,0	8,0,0,0,0,0,0	ok
-2.184821	-18.473728	-46.688347	0.861845	continued:5	131504586847961235687181874578063117114329409897631406061666638548823646371904376997883815099845702	5695183504546613417725670	-1,0,0,0,0,0,0,0,0,0	8,0,0,0,0,0,0,0	ok
-2.181985	-18.473728	-47.530198	0.859052	continued:5	131504586847961235687181874578063117114329409897631406061666638548823646371904376997883815099845702	2634644	-1,0,0,0,0,0,0,0,0,0	8,0,0,0,0,0	ok
-2.179149	-18.473728	-48.350394	0.856927	continued:5	131504586847961235687181874578063117114329409897631406061666638548823646371904376997883815099845702	5695183504546613417725670	-1,0,0,0,0,0,0,0,0,0	8,0,0,0,0,0,0,0	ok
-2.176314	-18.473728	-49.128189	0.856091	continued:5	131504586847961235687181874578063117114329409897631406061666638548823646371904376997883815099845702	3375003347987	-1,0,0,0,0,0,0,0,0,0	8,0,0,0,0,0,0	ok
-2.173478	-18.473728	-49.841749	0.855718	full	131504586847961235687181874578063117114329409897631406061666638548823646371904376997883815099845702	3375003347987	-1,0,0,0,0,0,0,0,0,0	8,0,0,0,0,0,0	ok
-2.170642	-18.473728	-45.890453	0.862792	continued:5	131504586847961235687181874578063117114329409897647623619241560935125066908876631867479597863393264	2634644	1,0,0,0,0,0,0,0,0,0	8,0,0,0,0,0	ok
-2.167807	-18.473728	-46.739256	0.859999	continued:5	131504586847961235687181874578063117114329409897631406061666638548823646371904376997883815099845702	2634644	-1,0,0,0,0,0,0,0,0,0	8,0,0,0,0,0	ok
-2.164971	-18.473728	-47.578398	0.857205	continued:5	131504586847961235687181874578063117114329409897631406061666638548823646371904376997883815099845702	2634644	-1,0,0,0,0,0,0,0,0,0	8,0,0,0,0,0	ok
-2.162135	-18.473728	-48.393990	0.855081	continued:5	131504586847961235687181874578063117114329409897631406061666638548823646371904376997883815099845702	2634644	-1,0,0,0,0,0,0,0,0,0	8,0,0,0,0,0	ok
-2.159299	-18.473728	-49.165667	0.854373	continued:5	131504586847961235687181874578063117114329409897631406061666638548823646371904376997883815099845702	2634644	-1,0,0,0,0,0,0,0,0,0	8,0,0,0,0,0	ok
-2.156464	-18.473728	-49.871195	0.853999	full	131504586847961235687181874578063117114329409897631406061666638548823646371904376997883815099845702	2634644	-1,0,0,0,0,0,0,0,0,0	8,0,0,0,0,0	ok
-2.153628	-18.473728	-45.947700	0.861069	continued:5	131504586847961235687181874578063117114329409897647623619241560935125066908876631867479597863393264	2634644	1,0,0,0,0,0,0,0,0,0	8,0,0,0,0,0	ok
-2.150792	-18.473728	-46.794198	0.858276	continued:5	131504586847961235687181874578063117114329409897631406061666638548823646371904376997883815099845702	2634644	-1,0,0,0,0,0,0,0,0,0	8,0,0,0,0,0	ok
-2.147957	-18.473728	-47.629167	0.855483	continued:5	131504586847961235687181874578063117114329409897631406061666638548823646371904376997883815099845702	2634644	-1,0,0,0,0,0,0,0,0,0	8,0,0,0,0,0	ok
-2.145121	-18.473728	-48.438822	0.853358	continued:5	131504586847961235687181874578063117114329409897631406061666638548823646371904376997883815099845702	2634644	-1,0,0,0,0,0,0,0,0,0	8,0,0,0,0,0	ok
-2.142285	-18.473728	-49.203208	0.852650	continued:5	131504586847961235687181874578063117114329409897631406061666638548823646371904376997883815099845702	2634644	-1,0,0,0,0,0,0,0,0,0	8,0,0,0,0,0	ok
-2.139450	-18.473728	-49.900656	0.852276	full	131504586847961235687181874578063117114329409897631406061666638548823646371904376997883815099845702	2634644	-1,0,0,0,0,0,0,0,0,0	8,0,0,0,0,0	ok
-2.136614	-18.473728	-46.004898	0.859356	continued:5	131504586847961235687181874578063117114329409897631406061666638548823646371904376997883815099845702	2634644	-1,0,0,0,0,0,0,0,0,0	8,0,0,0,0,0	ok
-2.133778	-18.473728	-46.848819	0.856562	continued:5	131504586847961235687181874578063117114329409897631406061666638548823646371904376997883815099845702	2634644	-1,0,0,0,0,0,0,0,0,0	8,0,0,0,0,0	ok
-2.130942	-18.473728	-47.679373	0.853769	continued:5	131504586847961235687181874578063117114329409897631406061666638548823646371904376997883815099845702	2634644	-1,0,0,0,0,0,0,0,0,0	8,0,0,0,0,0	ok
-2.128107	-18.473728	-48.482904	0.851644	continued:5	131504586847961235687181874578063117114329409897631406061666638548823646371904376997883815099845702	2634644	-1,0,0,0,0,0,0,0,0,0	8,0,0,0,0,0	ok
-2.125271	-18.473728	-49.239883	0.850808	continued:5	131504586847961235687181874578063117114329409897631406061666638548823646371904376997883815099845702	2634644	-1,0,0,0,0,0,0,0,0,0	8,0,0,0,0,0	ok
-2.122435	-18.473728	-49.930137	0.850435	full	131504586847961235687181874578063117114329409897631406061666638548823646371904376997883815099845702	2634644	-1,0,0,0,0,0,0,0,0,0	8,0,0,0,0,0	ok
-2.119600	-18.473728	-46.055725	0.857359	continued:5	131504586847961235687181874578063117114329409897631406061666638548823646371904376997883815099845702	2634644	-1,0,0,0,0,0,0,0,0,0	8,0,0,0,0,0	ok
-2.116764	-18.473728	-46.899849	0.854566	continued:5	131504586847961235687181874578063117114329409897631406061666638548823646371904376997883815099845702	2634644	-1,0,0,0,0,0,0,0,0,0	8,0,0,0,0,0	ok
-2.113928	-18.473728	-47.728505	0.851772	continued:5	131504586847961235687181874578063117114329409897631406061666638548823646371904376997883815099845702	2634644	-1,0,0,0,0,0,0,0,0,0	8,0,0,0,0,0	ok
-2.111093	-18.473728	-48.528173	0.849854	continued:5	131504586847961235687181874578063117114329409897631406061666638548823646371904376997883815099845702	2634644	-1,0,0,0,0,0,0,0,0,0	8,0,0,0,0,0	ok
-2.108257	-18.473728	-49.278127	0.849146	continued:5	131504586847961235687181874578063117114329409897631406061666638548823646371904376997883815099845702	2634644	-1,0,0,0,0,0,0,0,0,0	8,0,0,0,0,0	ok
-2.105421	-18.473728	-49.959645	0.848104	full	131504586847961235687181874578063117114329409897631406061666638548823646371904376997883815099845702	2634644	-1,0,0,0,0,0,0,0,0,0	8,0,0,0,0,0	ok
-2.102585	-18.473728	-46.111883	0.855564	continued:5	131504586847961235687181874578063117114329409897631406061666638548823646371904376997883815099845702	2634644	-1,0,0,0,0,0,0,0,0,0	8,0,0,0,0,0	ok
-2.099750	-18.473728	-46.953880	0.852770	continued:5	131504586847961235687181874578063117114329409897631406061666638548823646371904376997883815099845702	2634644	-1,0,0,0,0,0,0,0,0,0	8,0,0,0,0,0	ok
-2.096914	-18.473728	-47.778521	0.849977	continued:5	131504586847961235687181874578063117114329409897631406061666638548823646371904376997883815099845702	2634644	-1,0,0,0,0,0,0,0,0,0	8,0,0,0,0,0	ok
-2.094078	-18.473728	-48.572456	0.848059	continued:5	131504586847961235687181874578063117114329409897631406061666638548823646371904376997883815099845702	2634644	-1,0,0,0,0,0,0,0,0,0	8,0,0,0,0,0	ok
-2.091243	-18.473728	-49.315401	0.847351	continued:5	131504586847961235687181874578063117114329409897631406061666638548823646371904376997883815099845702	2634644	-1,0,0,0,0,0,0,0,0,0	8,0,0,0,0,0	ok
-2.088407	-18.473728	-49.989187	0.845767	full	131504586847961235687181874578063117114329409897631406061666638548823646371904376997883815099845702	2634644	-1,0,0,0,0,0,0,0,0,0	8,0,0,0,0,0	ok
-2.085571	-18.473728	-45.330639	0.856293	continued:5	131504586847961235687181874578063117114329409897647623619241560935125066908876631867479597863393264	2634644	1,0,0,0,0,0,0,0,0,0	8,0,0,0,0,0	ok
-2.082736	-18.473728	-46.180037	0.853500	continued:5	131504586847961235687181874578063117114329409897631406061666638548823646371904376997883815099845702	2634644	-1,0,0,0,0,0,0,0,0,0	8,0,0,0,0,0	ok
-2.079900	-18.473728	-47.018906	0.850707	continued:5	131504586847961235687181874578063117114329409897631406061666638548823646371904376997883815099845702	2634644	-1,0,0,0,0,0,0,0,0,0	8,0,0,0,0,0	ok
-2.077064	-18.473728	-47.838259	0.847913	continued:5	131504586847961235687181874578063117114329409897631406061666638548823646371904376997883815099845702	2634644	-1,0,0,0,0,0,0,0,0,0	8,0,0,0,0,0	ok
-2.074229	-18.473728	-48.624970	0.845995	continued:5	131504586847961235687181874578063117114329409897631406061666638548823646371904376997883815099845702	2634644	-1,0,0,0,0,0,0,0,0,0	8,0,0,0,0,0	ok
-2.071393	-18.473728	-49.359289	0.845287	continued:5	131504586847961235687181874578063117114329409897631406061666638548823646371904376997883815099845702	2634644	-1,0,0,0,0,0,0,0,0,0	8,0,0,0,0,0	ok
-2.068557	-18.473728	-50.023700	0.843035	full	131504586847961235687181874578063117114329409897631406061666638548823646371904376997883815099845702	2634644	-1,0,0,0,0,0,0,0,0,0	8,0,0,0,0,0	ok
-2.065721	-18.473728	-45.399555	0.854222	continued:5	131504586847961235687181874578063117114329409897647623619241560935125066908876631867479597863393264	2634644	1,0,0,0,0,0,0,0,0,0	8,0,0,0,0,0	ok
-2.062886	-18.473728	-46.247618	0.851429	continued:5	131504586847961235687181874578063117114329409897631406061666638548823646371904376997883815099845702	2634644	-1,0,0,0,0,0,0,0,0,0	8,0,0,0,0,0	ok
-2.060050	-18.473728	-47.083196	0.848635	continued:5	131504586847961235687181874578063117114329409897631406061666638548823646371904376997883815099845702	2634644	-1,0,0,0,0,0,0,0,0,0	8,0,0,0,0,0	ok
-2.057214	-18.473728	-47.897128	0.845842	continued:5	131504586847961235687181874578063117114329409897631406061666638548823646371904376997883815099845702	2634644	-1,0,0,0,0,0,0,0,0,0	8,0,0,0,0,0	ok
-2.054379	-18.473728	-48.676542	0.843924	continued:5	131504586847961235687181874578063117114329409897631406061666638548823646371904376997883815099845702	2634644	-1,0,0,0,0,0,0,0,0,0	8,0,0,0,0,0	ok
-2.051543	-18.473728	-49.402237	0.843088	continued:5	131504586847961235687181874578063117114329409897631406061666638548823646371904376997883815099845702	2634644	-1,0,0,0,0,0,0,0,0,0	8,0,0,0,0,0	ok
-2.048707	-18.473728	-50.058272	0.840295	full	131504586847961235687181874578063117114329409897631406061666638548823646371904376997883815099845702	2634644	-1,0,0,0,0,0,0,0,0,0	8,0,0,0,0,0	ok
-2.045872	-18.473728	-45.460638	0.852094	continued:5	131504586847961235687181874578063117114329409897647623619241560935125066908876631867479597863393264	2634644	1,0,0,0,0,0,0,0,0,0	8,0,0,0,0,0	ok
-2.043036	-18.473728	-46.308049	0.849301	continued:5	131504586847961235687181874578063117114329409897631406061666638548823646371904376997883815099845702	2634644	-1,0,0,0,0,0,0,0,0,0	8,0,0,0,0,0	ok
-2.040200	-18.473728	-47.140964	0.846507	continued:5	131504586847961235687181874578063117114329409897631406061666638548823646371904376997883815099845702	2634644	-1,0,0,0,0,0,0,0,0,0	8,0,0,0,0,0	ok
-2.037364	-18.473728	-47.950139	0.843714	continued:5	131504586847961235687181874578063117114329409897631406061666638548823646371904376997883815099845702	2634644	-1,0,0,0,0,0,0,0,0,0	8,0,0,0,0,0	ok
-2.034529	-18.473728	-48.722990	0.841796	continued:5	131504586847961235687181874578063117114329409897631406061666638548823646371904376997883815099845702	2634644	-1,0,0,0,0,0,0,0,0,0	8,0,0,0,0,0	ok
-2.031693	-18.473728	-49.440847	0.840340	continued:5	131504586847961235687181874578063117114329409897631406061666638548823646371904376997883815099845702	2634644	-1,0,0,0,0,0,0,0,0,0	8,0,0,0,0,0	ok
-2.028857	-18.473728	-50.092911	0.837547	full	131504586847961235687181874578063117114329409897631406061666638548823646371904376997883815099845702	2634644	-1,0,0,0,0,0,0,0,0,0	8,0,0,0,0,0	ok
-2.026022	-18.473728	-45.525099	0.850007	continued:5	131504586847961235687181874578063117114329409897647623619241560935125066908876631867479597863393264	2634644	1,0,0,0,0,0,0,0,0,0	8,0,0,0,0,0	ok
-2.023186	-18.473728	-46.371065	0.847213	continued:5	131504586847961235687181874578063117114329409897631406061666638548823646371904376997883815099845702	2634644	-1,0,0,0,0,0,0,0,0,0	8,0,0,0,0,0	ok
-2.020350	-18.473728	-47.200572	0.844420	continued:5	131504586847961235687181874578063117114329409897631406061666638548823646371904376997883815099845702	2634644	-1,0,0,0,0,0,0,0,0,0	8,0,0,0,0,0	ok
-2.017515	-18.473728	-48.004312	0.841627	continued:5	131504586847961235687181874578063117114329409897631406061666638548823646371904376997883815099845702	2634644	-1,0,0,0,0,0,0,0,0,0	8,0,0,0,0,0	ok
-2.014679	-18.473728	-48.770009	0.839709	continued:5	131504586847961235687181874578063117114329409897631406061666638548823646371904376997883815099845702	2634644	-1,0,0,0,0,0,0,0,0,0	8,0,0,0,0,0	ok
-2.011843	-18.473728	-49.479544	0.837584	continued:5	131504586847961235687181874578063117114329409897631406061666638548823646371904376997883815099845702	2634644	-1,0,0,0,0,0,0,0,0,0	8,0,0,0,0,0	ok
-2.009008	-18.473728	-50.127620	0.834791	full	131504586847961235687181874578063117114329409897647623619241560935125066908876631867479597863393264	2634644	1,0,0,0,0,0,0,0,0,0	8,0,0,0,0,0	ok
-2.006172	-18.473728	-46.172866	0.846058	continued:5	131504586847961235687181874578063117114329409897631406061666638548823646371904376997883815099845702	2634644	-1,0,0,0,0,0,0,0,0,0	8,0,0,0,0,0	ok
-2.003336	-18.473728	-47.006568	0.843265	continued:5	131504586847961235687181874578063117114329409897631406061666638548823646371904376997883815099845702	2634644	-1,0,0,0,0,0,0,0,0,0	8,0,0,0,0,0	ok
-2.000500	-18.473728	-47.815879	0.840472	continued:5	131504586847961235687181874578063117114329409897631406061666638548823646371904376997883815099845702	2634644	-1,0,0,0,0,0,0,0,0,0	8,0,0,0,0,0	ok
-1.997665	-18.473728	-48.589148	0.838219	continued:5	131504586847961235687181874578063117114329409897631406061666638548823646371904376997883815099845702	2634644	-1,0,0,0,0,0,0,0,0,0	8,0,0,0,0,0	ok
-1.994829	-18.473728	-49.310624	0.837383	continued:5	131504586847961235687181874578063117114329409897631406061666638548823646371904376997883815099845702	2634644	-1,0,0,0,0,0,0,0,0,0	8,0,0,0,0,0	ok
-1.991993	-18.473728	-49.961903	0.837010	full	131504586847961235687181874578063117114329409897631406061666638548823646371904376997883815099845702	2634644	-1,0,0,0,0,0,0,0,0,0	8,0,0,0,0,0	ok
-1.989158	-18.473728	-46.228968	0.844144	continued:5	131504586847961235687181874578063117114329409897631406061666638548823646371904376997883815099845702	2634644	-1,0,0,0,0,0,0,0,0,0	8,0,0,0,0,0	ok
-1.986322	-18.473728	-47.061017	0.841351	continued:5	131504586847961235687181874578063117114329409897631406061666638548823646371904376997883815099845702	2634644	-1,0,0,0,0,0,0,0,0,0	8,0,0,0,0,0	ok
-1.983486	-18.473728	-47.866790	0.838558	continued:5	131504586847961235687181874578063117114329409897631406061666638548823646371904376997883815099845702	2634644	-1,0,0,0,0,0,0,0,0,0	8,0,0,0,0,0	ok
-1.980651	-18.473728	-48.634846	0.836433	continued:5	131504586847961235687181874578063117114329409897631406061666638548823646371904376997883815099845702	2634644	-1,0,0,0,0,0,0,0,0,0	8,0,0,0,0,0	ok
-1.977815	-18.473728	-49.348877	0.835597	continued:5	131504586847961235687181874578063117114329409897631406061666638548823646371904376997883815099845702	2634644	-1,0,0,0,0,0,0,0,0,0	8,0,0,0,0,0	ok
-1.974979	-18.473728	-49.992167	0.835223	full	131504586847961235687181874578063117114329409897631406061666638548823646371904376997883815099845702	2634644	-1,0,0,0,0,0,0,0,0,0	8,0,0,0,0,0	ok
-1.972143	-18.473728	-46.289280	0.842346	continued:5	131504586847961235687181874578063117114329409897631406061666638548823646371904376997883815099845702	2634644	-1,0,0,0,0,0,0,0,0,0	8,0,0,0,0,0	ok
-1.969308	-18.473728	-47.118149	0.839553	continued:5	131504586847961235687181874578063117114329409897631406061666638548823646371904376997883815099845702	2634644	-1,0,0,0,0,0,0,0,0,0	8,0,0,0,0,0	ok
-1.966472	-18.473728	-47.919001	0.836760	continued:5	131504586847961235687181874578063117114329409897631406061666638548823646371904376997883815099845702	2634644	-1,0,0,0,0,0,0,0,0,0	8,0,0,0,0,0	ok
-1.963636	-18.473728	-48.680630	0.834635	continued:5	131504586847961235687181874578063117114329409897631406061666638548823646371904376997883815099845702	2634644	-1,0,0,0,0,0,0,0,0,0	8,0,0,0,0,0	ok
-1.960801	-18.473728	-49.387191	0.833799	continued:5	131504586847961235687181874578063117114329409897631406061666638548823646371904376997883815099845702	2634644	-1,0,0,0,0,0,0,0,0,0	8,0,0,0,0,0	ok
-1.957965	-18.473728	-50.022503	0.833425	full	131504586847961235687181874578063117114329409897631406061666638548823646371904376997883815099845702	2634644	-1,0,0,0,0,0,0,0,0,0	8,0,0,0,0,0	ok
-1.955129	-18.473728	-46.350351	0.840544	continued:5	131504586847961235687181874578063117114329409897631406061666638548823646371904376997883815099845702	2634644	-1,0,0,0,0,0,0,0,0,0	8,0,0,0,0,0	ok
-1.952294	-18.473728	-47.175837	0.837751	continued:5	131504586847961235687181874578063117114329409897631406061666638548823646371904376997883815099845702	2634644	-1,0,0,0,0,0,0,0,0,0	8,0,0,0,0,0	ok
-1.949458	-18.473728	-47.971584	0.834958	continued:5	131504586847961235687181874578063117114329409897631406061666638548823646371904376997883815099845702	2634644	-1,0,0,0,0,0,0,0,0,0	8,0,0,0,0,0	ok
-1.946622	-18.473728	-48.726640	0.832833	continued:5	131504586847961235687181874578063117114329409897631406061666638548823646371904376997883815099845702	2634644	-1,0,0,0,0,0,0,0,0,0	8,0,0,0,0,0	ok
-1.943786	-18.473728	-49.425633	0.831997	continued:5	131504586847961235687181874578063117114329409897631406061666638548823646371904376997883815099845702	2634644	-1,0,0,0,0,0,0,0,0,0	8,0,0,0,0,0	ok
-1.940951	-18.473728	-50.052913	0.831623	full	131504586847961235687181874578063117114329409897631406061666638548823646371904376997883815099845702	2634644	-1,0,0,0,0,0,0,0,0,0	8,0,0,0,0,0	ok
-1.938115	-18.473728	-45.570267	0.841098	continued:5	131504586847961235687181874578063117114329409897647623619241560935125066908876631867479597863393264	2634644	1,0,0,0,0,0,0,0,0,0	8,0,0,0,0,0	ok
-1.935279	-18.473728	-46.417032	0.838305	continued:5	131504586847961235687181874578063117114329409897631406061666638548823646371904376997883815099845702	2634644	-1,0,0,0,0,0,0,0,0,0	8,0,0,0,0,0	ok
-1.932444	-18.473728	-47.239892	0.835511	continued:5	131504586847961235687181874578063117114329409897631406061666638548823646371904376997883815099845702	2634644	-1,0,0,0,0,0,0,0,0,0	8,0,0,0,0,0	ok
-1.929608	-18.473728	-48.030898	0.832718	continued:5	131504586847961235687181874578063117114329409897631406061666638548823646371904376997883815099845702	2634644	-1,0,0,0,0,0,0,0,0,0	8,0,0,0,0,0	ok
-1.926772	-18.473728	-48.779411	0.830593	continued:5	131504586847961235687181874578063117114329409897631406061666638548823646371904376997883815099845702	2634644	-1,0,0,0,0,0,0,0,0,0	8,0,0,0,0,0	ok
-1.923937	-18.473728	-49.470604	0.829885	continued:5	131504586847961235687181874578063117114329409897631406061666638548823646371904376997883815099845702	2634644	-1,0,0,0,0,0,0,0,0,0	8,0,0,0,0,0	ok
-1.921101	-18.473728	-50.088489	0.829511	full	131504586847961235687181874578063117114329409897631406061666638548823646371904376997883815099845702	2634644	-1,0,0,0,0,0,0,0,0,0	8,0,0,0,0,0	ok
-1.918265	-18.473728	-45.637255	0.838779	continued:5	5695183504499363952821063	2634644	1,0,0,0,0,0,0,0	8,0,0,0,0,0	ok
-1.915430	-18.473728	-46.484028	0.835986	continued:5	5695183504495988991042170	2634644	-1,0,0,0,0,0,0,0	8,0,0,0,0,0	ok
-1.912594	-18.473728	-47.304725	0.833193	continued:5	5695183504495988991042170	2634644	-1,0,0,0,0,0,0,0	8,0,0,0,0,0	ok
-1.909758	-18.473728	-48.091383	0.830399	continued:5	131504586847961235687181874578063117114329409897631406061666638548823646371904376997883815099845702	2634644	-1,0,0,0,0,0,0,0,0,0	8,0,0,0,0,0	ok
-1.906922	-18.473728	-48.833702	0.828481	continued:5	131504586847961235687181874578063117114329409897631406061666638548823646371904376997883815099845702	2634644	-1,0,0,0,0,0,0,0,0,0	8,0,0,0,0,0	ok
-1.904087	-18.473728	-49.515802	0.827773	continued:5	3374964376952	2634644	-1,0,0,0,0,0,0	8,0,0,0,0,0	ok
-1.901251	-18.473728	-50.124172	0.827399	full	5695183504495988991042170	2634644	-1,0,0,0,0,0,0,0	8,0,0,0,0,0	ok
-1.898415	-18.473728	-45.714374	0.836660	continued:5	5695183504499363952821063	2634644	1,0,0,0,0,0,0,0	8,0,0,0,0,0	ok
-1.895580	-18.473728	-46.558277	0.833866	continued:5	16217557574922386301420542667438374088396792810839	2634644	-1,0,0,0,0,0,0,0,0	8,0,0,0,0,0	ok
-1.892744	-18.473728	-47.374211	0.831073	continued:5	3374964376952	2634644	-1,0,0,0,0,0,0	8,0,0,0,0,0	ok
-1.889908	-18.473728	-48.154184	0.828280	continued:5	3374964376952	2634644	-1,0,0,0,0,0,0	8,0,0,0,0,0	ok
-1.887073	-18.473728	-48.888266	0.826362	continued:5	3374964376952	2634644	-1,0,0,0,0,0,0	8,0,0,0,0,0	ok
-1.884237	-18.473728	-49.561161	0.825653	continued:5	3374964376952	2634644	-1,0,0,0,0,0,0	8,0,0,0,0,0	ok
-1.881401	-18.473728	-50.159966	0.825280	full	16217557574922386301420542667438374088396792810839	2634644	-1,0,0,0,0,0,0,0,0	8,0,0,0,0,0	ok
-1.878565	-18.473728	-45.787324	0.834406	continued:5	5695183504499363952821063	2634644	1,0,0,0,0,0,0,0	8,0,0,0,0,0	ok
-1.875730	-18.473728	-46.629684	0.831613	continued:5	5695183504495988991042170	2634644	-1,0,0,0,0,0,0,0	8,0,0,0,0,0	ok
-1.872894	-18.473728	-47.442009	0.828820	continued:5	131504586847961235687181874578063117114329409897631406061666638548823646371904376997883815099845702	2634644	-1,0,0,0,0,0,0,0,0,0	8,0,0,0,0,0	ok
-1.870058	-18.473728	-48.216342	0.826026	continued:5	5695183504495988991042170	2634644	-1,0,0,0,0,0,0,0	8,0,0,0,0,0	ok
-1.867223	-18.473728	-48.943141	0.824236	continued:5	3374964376952	2634644	-1,0,0,0,0,0,0	8,0,0,0,0,0	ok
-1.864387	-18.473728	-49.606700	0.823528	continued:5	3374964376952	2634644	-1,0,0,0,0,0,0	8,0,0,0,0,0	ok
-1.861551	-18.473728	-50.195872	0.823154	full	3374964376952	2634644	-1,0,0,0,0,0,0	8,0,0,0,0,0	ok
-1.858716	-18.473728	-45.866663	0.832267	continued:5	3374966975014	2634644	1,0,0,0,0,0,0	8,0,0,0,0,0	ok
-1.855880	-18.473728	-46.705657	0.829473	continued:5	3374964376952	2634644	-1,0,0,0,0,0,0	8,0,0,0,0,0	ok
-1.853044	-18.473728	-47.512716	0.826680	continued:5	3374964376952	2634644	-1,0,0,0,0,0,0	8,0,0,0,0,0	ok
-1.850209	-18.473728	-48.279933	0.823887	continued:5	3374964376952	2634644	-1,0,0,0,0,0,0	8,0,0,0,0,0	ok
-1.847373	-18.473728	-48.998182	0.822097	continued:5	3374964376952	2634644	-1,0,0,0,0,0,0	8,0,0,0,0,0	ok
-1.844537	-18.473728	-49.652354	0.821388	continued:5	3374964376952	2634644	-1,0,0,0,0,0,0	8,0,0,0,0,0	ok
-1.841701	-18.473728	-50.231893	0.820680	full	3374964376952	3470	-1,0,0,0,0,0,0	8,0,0,0,0	ok
-1.838866	-18.473728	-45.944863	0.830085	continued:5	3374964376952	3470	-1,0,0,0,0,0,0	8,0,0,0,0	ok
-1.836030	-18.473728	-46.780704	0.827291	continued:5	3374964376952	44845169	-1,0,0,0,0,0,0	8,0,0,0,1	ok
-1.833194	-18.473728	-47.582672	0.824498	continued:5	3374964376952	721722691327573199237	-1,0,0,0,0,0,0	8,0,0,0,4	ok
-1.830359	-18.473728	-48.342955	0.821704	continued:5	10296487298246453339	27368885	-1,0,0,0,0,0,-1	8,0,0,-1,0,0	ok
-1.827523	-18.473728	-49.052861	0.819914	continued:5	2600339	603335	-1,0,0,0,0,0	8,0,0,1,0	ok
-1.824687	-18.473728	-49.697878	0.819206	continued:5	998767320547577	140338074655817897292545987	-1,0,0,0,0,1	8,0,0,1,6	ok
-1.821852	-18.473728	-50.268031	0.817829	full	96210373218046352217225694943690748162871626464	17357236280524365758672214269	-1,0,0,0,0,5	8,0,0,2,7	ok
-1.819016	-18.473728	-46.018088	0.827764	continued:5	28542671096126607045891249430978542171122797577	4262480250365	-1,0,0,0,4,-5	8,0,0,5,0	ok
-1.816180	-18.473728	-46.852191	0.824971	continued:5	6127218708778202	52151008485432599350149984845	-1,0,0,0,2,0	8,0,0,6,7	ok
-1.813344	-18.473728	-47.650318	0.822178	continued:5	29319328041790359452	26480987	-1,0,0,0,3,0	8,0,-1,1,-1	ok
-1.810509	-18.473728	-48.404807	0.819384	continued:5	74308955395963627364598769985893139	9437	-1,0,0,0,6,2	8,0,-1,0,0	ok
-1.807673	-18.473728	-49.107414	0.817594	continued:5	27258035	105887612	-1,0,0,-1,0,0	8,0,1,0,1	ok
-1.804837	-18.473728	-49.744219	0.817093	continued:5	115456487310412649100170870	2338187	-1,0,0,1,0,2	8,0,1,1,0	ok
-1.802002	-18.473728	-50.304287	0.814968	full	1930099514	215074577750687	-1,0,0,-2,0,0	8,0,1,5,1	ok
-1.799166	-18.473728	-46.101147	0.825562	continued:5	43667370517328420	67880	-1,0,0,6,1,0	8,0,-2,0,0	ok
-1.796330	-18.473728	-46.931377	0.822769	continued:5	1550044241552661890	764604189294030071905055	-1,0,0,4,2,0	8,0,2,1,5	ok
-1.793495	-18.473728	-47.723705	0.819975	continued:5	67836579144545784452	385865	-1,0,0,5,3	8,0,-3,0,0	ok
-1.790659	-18.473728	-48.470625	0.817182	continued:5	859366719729104624572736327	214540770459170	-1,0,0,6,6	8,0,3,7	ok
-1.787823	-18.473728	-49.164372	0.815598	continued:5	181594960927468214	696409766823737	-1,0,0,7,1,0	8,0,4,7,0	ok
-1.784987	-18.473728	-49.790040	0.814890	continued:5	67892659490211978671591438264	110401530564830	-1,0,0,7,7	8,0,5,6,0	ok
-1.782152	-18.473728	-50.340663	0.812097	full	3826456583770673930361795746269127	11447789612564231411085356312	-1,0,1,0,7,-2	8,0,6,-1,7	ok
-1.779316	-18.473728	-46.695584	0.821649	continued:5	35471358947752796257266310404752	41457755843894	-1,0,1,1,7,1	8,0,6,6	ok
-1.776480	-18.473728	-47.499662	0.818856	continued:5	35471358947752796257266310404752	4022461955	-1,0,1,1,7,1	8,0,-7,0,1	ok
-1.773645	-18.473728	-48.259487	0.816062	continued:5	2773830445920276752	9915550115785791253082111090	-1,0,1,-6,0,1	8,0,7,0,7	ok
-1.770809	-18.473728	-48.967378	0.813938	continued:5	9565128099353532572649162389	8829543812	-1,0,1,7,-7	8,0,7,2,0	ok
-1.767973	-18.473728	-49.612047	0.813023	continued:5	95933743546657755809121989	5231685713525	-1,0,2,-1,0,2	8,0,7,5	ok
-1.765138	-18.473728	-50.182411	0.812983	full	1479097795065516752	393508197892562	-1,0,2,7,2	8,0,7,-7,0	ok
-1.762302	-18.473728	-45.936635	0.822270	continued:5	623965456297941619	368491029869975	1,0,6,3,2,0	8,0,7,7	ok
-1.759466	-18.473728	-46.774617	0.819476	continued:5	794648375963715027650	232887	-1,0,-5,0,4	8,-1,1,-1,0	ok
-1.756631	-18.473728	-47.572892	0.816683	continued:5	97361865369752108195874839	15250894639887	-1,0,-5,0,6	8,-1,0,-6,0	ok
-1.753795	-18.473728	-48.325206	0.813890	continued:5	1228610884559417083077240902	39885258529238191248439258599	-1,0,5,7,6	8,-1,0,5,7	ok
-1.750959	-18.473728	-49.024302	0.811765	continued:5	1223022152	150289815379512	-1,0,6,-2,0	8,-1,0,-7,0	ok
-1.748123	-18.473728	-49.659475	0.810929	continued:5	1778253596942108027	67892679497340322718831842754	-1,0,6,7,2	8,1,0,7,7	ok
-1.745288	-18.473728	-50.219614	0.810555	full	4051824219818685077	17747309368756533119833434	-1,0,-7,2,3	8,1,1,2,-6	ok
-1.742452	-18.473728	-46.011344	0.819892	continued:5	473968664203403882639	1125734	-1,0,7,7,3	8,1,2,-1,0	ok
-1.739616	-18.473728	-46.847690	0.817099	continued:5	5849645039252	3281998655	-1,0,7,-5,0	8,1,-4,-1,1	ok
-1.736781	-18.473728	-47.642258	0.814305	continued:5	624427399601686041305817614	6130235	-1,0,7,5,6	8,1,-6,0	ok
-1.733945	-18.473728	-48.388944	0.811512	continued:5	52975804817373952047893652890	3310322741375	-1,0,7,6,7	8,1,-7,1,-2	ok
-1.731109	-18.473728	-49.080938	0.809594	continued:5	1860843954309533627	437153173430	-1,0,7,7,2	8,1,7,4	ok
-1.728274	-18.473728	-49.706493	0.808758	continued:5	9725475893774614451639035889	368891209892309	-1,0,7,7,-7	8,1,7,7	ok
-1.725438	-18.473728	-50.256950	0.808384	full	68931363732964512425669182502	368891209892309	-1,0,7,7,7	8,1,7,7	ok
-1.722602	-18.473728	-46.096928	0.817716	continued:5	4537948277	161730427237637	-1,-1,-1,-1,-1,0	8,-2,1,7	ok
-1.719766	-18.473728	-46.928502	0.814923	continued:5	106443251833314384	78673282888820088059331225314	-1,-1,3,7,-2	8,-2,-1,0,-8	ok
-1.716931	-18.473728	-47.716564	0.812129	continued:5	68336139151784724143586817527	4189532100730590	-1,-1,3,7,7	8,2,-3,-7,1	ok
-1.714095	-18.473728	-48.455154	0.809336	continued:5	140999265682290867116567070	323683925143584	-1,-1,1,1,6	8,2,6,7	ok
-1.711259	-18.473728	-49.137926	0.807418	continued:5	7201913348682346651032929409	369291715801370	-1,-1,-1,-1,1,2	8,2,7,7	ok
-1.708424	-18.473728	-49.753722	0.806582	continued:5	52268152351485204897352744527	369291715801370	-1,-1,1,6,7	8,2,7,7	ok
-1.705588	-18.473728	-50.294422	0.806208	full	702148642964	18045012	-1,1,2,-3,1	8,-3,1,2	ok
-1.702752	-18.473728	-46.176622	0.815406	continued:5	68931383969220990001767139905	2485935800	-1,1,7,7,7	8,3,5,-3	ok
-1.699917	-18.473728	-47.004905	0.812613	continued:5	9712028982991964345528172920	369692547774050	-1,1,-7,7,-7	8,3,7,7	ok
-1.697081	-18.473728	-47.787772	0.809820	continued:5	13253767247328552746174163455	938892059447105	-1,1,-7,1,7	8,3,7,-8	ok
-1.694245	-18.473728	-48.519465	0.807026	continued:5	68929942286280249	64090111455269	-1,1,7,-7,-2	8,4,2,-7	ok
-1.691410	-18.473728	-49.194121	0.805108	continued:5	68931383969220990001767139905	138888786111114	-1,1,7,7,7	8,4,7,-7	ok
-1.688574	-18.473728	-49.801158	0.804400	continued:5	68931383969220990001767139905	370093705987289	-1,1,7,7,7	8,4,7,7	ok
-1.685738	-18.473728	-50.332029	0.804026	full	11262794286346985967363841194	452919805955849	-1,1,7,-8,-7	8,-5,1,-8	ok
-1.682902	-18.473728	-46.259692	0.813093	continued:5	68931404205481923162747069015	346963637	-1,2,7,7,7	8,5,-7,-2	ok
-1.680067	-18.473728	-47.084149	0.810299	continued:5	3108298668848100	370495190618075	-1,2,-5,-3,2	8,5,7,7	ok
-1.677231	-18.473728	-47.861314	0.807506	continued:5	983967399564929514	940506575655260	-1,2,6,-7,2	8,5,7,-8	ok
-1.674395	-18.473728	-48.585661	0.804712	continued:5	68931404205481923162747069015	187641192339305	-1,2,7,7,7	8,-6,2,7	ok
-1.671560	-18.473728	-49.251825	0.802922	continued:5	443797546140605980792922432265	284408304532610	-1,2,7,7,-8	8,6,5,7	ok
-1.668724	-18.473728	-49.848813	0.802214	continued:5	11489094216965143932884964	49659436899539	-1,2,-8,-7,5	8,6,7,6	ok
-1.665888	-18.473728	-50.369772	0.801840	full	68410336900508427466482873752	370897001843444	-1,-3,-4,7,7	8,6,7,7	ok
-1.663053	-18.473728	-46.350332	0.810902	continued:5	443797709722867639693521042084	370897001843444	-1,4,7,7,-8	8,6,7,7	ok
-1.660217	-18.473728	-47.168799	0.808109	continued:5	53035203045177847509183329174	941314614207434	-1,3,-8,6,7	8,6,7,-8	ok
-1.657381	-18.473728	-47.938330	0.805316	continued:5	275268649622339425801371421500	941314614207434	-1,-4,4,5,-8	8,6,7,-8	ok
-1.654545	-18.473728	-48.653649	0.802522	continued:5	68931444678017156241968904084	53975701935545	-1,4,7,7,7	8,6,-8,6	ok
-1.651710	-18.473728	-49.309905	0.800732	continued:5	17801293282336028991400884	371098029984434	-1,4,7,-8,5	8,-7,7,7	ok
-1.648874	-18.473728	-49.896689	0.800024	continued:5	331374310384630610097005	743674252157387	-1,-5,-5,-5,-5	8,-7,5,-8	ok
-1.646038	-18.473728	-50.407650	0.799650	full	68931464914291456161518841027	284573035626137	-1,5,7,7,7	8,-7,5,7	ok
-1.643203	-18.473728	-46.433339	0.808502	continued:5	68931485150570211668566811645	120102254826762	-1,6,7,7,7	8,-7,6,-7	ok
-1.640367	-18.473728	-47.248190	0.805709	continued:5	351077249489018338522387411560	837946801422344	-1,-6,7,6,-8	8,7,6,-8	ok
-1.637531	-18.473728	-48.012185	0.802915	continued:5	350147244074674718016592296777	49748462154689	-1,-6,-6,6,-8	8,7,7,6	ok
-1.634696	-18.473728	-48.720350	0.800122	continued:5	68931485150570211668566811645	371299139840480	-1,6,7,7,7	8,7,7,7	ok
-1.631860	-18.473728	-49.368364	0.798538	continued:5	443797873305174520488383070395	371299139840480	-1,6,7,7,-8	8,7,7,7	ok
-1.629024	-18.473728	-49.944786	0.797830	continued:5	11262820289287316648834849804	371299139840480	-1,6,7,-8,-7	8,7,7,7	ok
-1.626188	-18.473728	-50.445663	0.797456	full	1461805550074042558773273074	371299139840480	-1,6,7,-8,6	8,7,7,7	ok
-1.623353	-18.473728	-46.520481	0.806176	continued:5	60394981771526744070565452027	942123173356355	-1,-7,-7,-7,7	8,7,7,-8	ok
-1.620517	-18.473728	-47.330300	0.803383	continued:5	351387765567213437173181074685	942123173356355	-1,6,-8,6,-8	8,7,7,-8	ok
-1.617681	-18.473728	-48.087510	0.800590	continued:5	78505692431720681551345346304	942123173356355	-1,-7,7,-8,7	8,7,7,-8	ok
-1.614846	-18.473728	-48.787466	0.797924	continued:5	68931495268711260267606939459	942123173356355	-1,-7,7,7,7	8,7,7,-8	ok
-1.612010	-18.473728	-49.425344	0.796134	continued:5	8375026989470781121367460749	942123173356355	-1,-7,-7,-7,-7	8,7,7,-8	ok
-1.609174	-18.473728	-49.993103	0.795632	continued:5	68931495268711260267606939459	942123173356355	-1,-7,7,7,7	8,7,7,-8	ok
-1.606339	-18.473728	-50.483811	0.795259	full	443797955096344919098767340425	942123173356355	-1,7,7,7,-8	8,7,7,-8	ok
-1.603503	-18.473728	-46.608906	0.803785	continued:5	78505703586561152146712428260	942123173356355	-1,7,7,-8,7	8,7,7,-8	ok
-1.600667	-18.473728	-47.413878	0.800992	continued:5	78505703586561152146712428260	942123173356355	-1,7,7,-8,7	8,7,7,-8	ok
-1.597832	-18.473728	-48.164442	0.798198	continued:5	78505703586561152146712428260	998344874853929	-1,7,7,-8,7	8,7,-8,-8	ok
-1.594996	-18.473728	-48.856312	0.795533	continued:5	78505703586561152146712428260	396246705718154	-1,7,7,-8,7	8,7,-8,7	ok
-1.592160	-18.473728	-49.485219	0.794077	continued:5	78505703586561152146712428260	396246705718154	-1,7,7,-8,7	8,7,-8,7	ok
-1.589324	-18.473728	-50.041095	0.793369	continued:5	78505703586561152146712428260	396246705718154	-1,7,7,-8,7	8,7,-8,7	ok
-1.586489	-18.473728	-50.522094	0.792454	full	78505703586561152146712428260	396246705718154	-1,7,7,-8,7	8,7,-8,7	ok
-1.583653	-18.473728	-46.699571	0.801374	continued:5	78505703586561152146712428260	396246705718154	-1,7,7,-8,7	8,7,-8,7	ok
-1.580817	-18.473728	-47.499326	0.798581	continued:5	78505703586561152146712428260	396246705718154	-1,7,7,-8,7	8,7,-8,7	ok
-1.577982	-18.473728	-48.242905	0.795788	continued:5	78589431828053348663903502195	396246705718154	-1,7,-8,-8,7	8,7,-8,7	ok
-1.575146	-18.473728	-48.926413	0.793329	continued:5	444179101989908488653497105189	396246705718154	-1,7,-8,7,-8	8,7,-8,7	ok
-1.572310	-18.473728	-49.544475	0.791745	continued:5	444179101989908488653497105189	396246705718154	-1,7,-8,7,-8	8,7,-8,7	ok
-1.569475	-18.473728	-50.090551	0.791243	continued:5	444179101989908488653497105189	396246705718154	-1,7,-8,7,-8	8,7,-8,7	ok
-1.566639	-18.473728	-50.560510	0.789453	full	444179101989908488653497105189	396246705718154	-1,7,-8,7,-8	8,7,-8,7	ok
-1.563803	-18.473728	-46.792235	0.799032	continued:5	444179101989908488653497105189	396246705718154	-1,7,-8,7,-8	8,7,-8,7	ok
-1.560967	-18.473728	-47.585570	0.796239	continued:5	444179101989908488653497105189	396246705718154	-1,7,-8,7,-8	8,7,-8,7	ok
-1.558132	-18.473728	-48.321141	0.793446	continued:5	444179101989908488653497105189	396246705718154	-1,7,-8,7,-8	8,7,-8,7	ok
-1.555296	-18.473728	-48.995466	0.790987	continued:5	444179101989908488653497105189	396246705718154	-1,7,-8,7,-8	8,7,-8,7	ok
-1.552460	-18.473728	-49.603735	0.789610	continued:5	444179101989908488653497105189	396246705718154	-1,7,-8,7,-8	8,7,-8,7	ok
-1.549625	-18.473728	-50.138352	0.788901	continued:5	444179101989908488653497105189	396246705718154	-1,7,-8,7,-8	8,7,-8,7	ok
-1.546789	-18.473728	-50.599060	0.786442	full	444179101989908488653497105189	396246705718154	-1,7,-8,7,-8	8,7,-8,7	ok
-1.543953	-18.473728	-46.541448	0.797880	continued:5	444179101989908488653497105189	396246705718154	-1,7,-8,7,-8	8,7,-8,7	ok
-1.541118	-18.473728	-47.350354	0.795087	continued:5	444179101989908488653497105189	396246705718154	-1,7,-8,7,-8	8,7,-8,7	ok
-1.538282	-18.473728	-48.101350	0.792294	continued:5	444179101989908488653497105189	396246705718154	-1,7,-8,7,-8	8,7,-8,7	ok
-1.535446	-18.473728	-48.791382	0.789500	continued:5	444179101989908488653497105189	396246705718154	-1,7,-8,7,-8	8,7,-8,7	ok
-1.532611	-18.473728	-49.418108	0.787582	continued:5	444179101989908488653497105189	396246705718154	-1,7,-8,7,-8	8,7,-8,7	ok
-1.529775	-18.473728	-49.974399	0.786668	continued:5	444179101989908488653497105189	396246705718154	-1,7,-8,7,-8	8,7,-8,7	ok
-1.526939	-18.473728	-50.456133	0.786500	full	444179101989908488653497105189	396246705718154	-1,7,-8,7,-8	8,7,-8,7	ok
-1.524103	-18.473728	-46.638325	0.795564	continued:5	444179101989908488653497105189	396246705718154	-1,7,-8,7,-8	8,7,-8,7	ok
-1.521268	-18.473728	-47.440346	0.792770	continued:5	444179101989908488653497105189	396246705718154	-1,7,-8,7,-8	8,7,-8,7	ok
-1.518432	-18.473728	-48.182968	0.789977	continued:5	444179101989908488653497105189	396246705718154	-1,7,-8,7,-8	8,7,-8,7	ok
-1.515596	-18.473728	-48.863481	0.787183	continued:5	444179101989908488653497105189	396246705718154	-1,7,-8,7,-8	8,7,-8,7	ok
-1.512761	-18.473728	-49.480078	0.785393	continued:5	444179101989908488653497105189	396246705718154	-1,7,-8,7,-8	8,7,-8,7	ok
-1.509925	-18.473728	-50.025173	0.784557	continued:5	444179101989908488653497105189	396246705718154	-1,7,-8,7,-8	8,7,-8,7	ok
-1.507089	-18.473728	-50.495672	0.784183	full	444179101989908488653497105189	396246705718154	-1,7,-8,7,-8	8,7,-8,7	ok
-1.504254	-18.473728	-46.727209	0.793085	continued:5	444179101989908488653497105189	396246705718154	-1,7,-8,7,-8	8,7,-8,7	ok
-1.501418	-18.473728	-47.524349	0.790292	continued:5	444179101989908488653497105189	396246705718154	-1,7,-8,7,-8	8,7,-8,7	ok
-1.498582	-18.473728	-48.260380	0.787498	continued:5	444179101989908488653497105189	396246705718154	-1,7,-8,7,-8	8,7,-8,7	ok
-1.495746	-18.473728	-48.932987	0.784833	continued:5	444179101989908488653497105189	396246705718154	-1,7,-8,7,-8	8,7,-8,7	ok
-1.492911	-18.473728	-49.539866	0.783043	continued:5	444179101989908488653497105189	396457952765687	-1,7,-8,7,-8	8,-8,-8,7	ok
-1.490075	-18.473728	-50.075204	0.782334	continued:5	444179101989908488653497105189	396457952765687	-1,7,-8,7,-8	8,-8,-8,7	ok
-1.487239	-18.473728	-50.535350	0.781961	full	444179101989908488653497105189	396457952765687	-1,7,-8,7,-8	8,-8,-8,7	ok
-1.484404	-18.473728	-46.824673	0.790776	continued:5	444179101989908488653497105189	396457952765687	-1,7,-8,7,-8	8,-8,-8,7	ok
-1.481568	-18.473728	-47.614072	0.787983	continued:5	444179101989908488653497105189	396457952765687	-1,7,-8,7,-8	8,-8,-8,7	ok
-1.478732	-18.473728	-48.341030	0.785190	continued:5	444179101989908488653497105189	998767320547562	-1,7,-8,7,-8	8,-8,-8,-8	ok
-1.475897	-18.473728	-49.003627	0.782396	continued:5	498767991019499945485797460020	998767320547562	-1,7,-8,-8,-8	8,-8,-8,-8	ok
-1.473061	-18.473728	-49.601145	0.780813	continued:5	498767991019499945485797460020	998767320547562	-1,7,-8,-8,-8	8,-8,-8,-8	ok
-1.470225	-18.473728	-50.125429	0.780105	continued:5	498768035658188838763056363530	998767320547562	-1,-8,-8,-8,-8	8,-8,-8,-8	ok
-1.467389	-18.473728	-50.575165	0.779731	full	498768035658188838763056363530	998767320547562	-1,-8,-8,-8,-8	8,-8,-8,-8	ok
-1.464554	-18.473728	-46.924767	0.788409	continued:5	498768035658188838763056363530	998767320547562	-1,-8,-8,-8,-8	8,-8,-8,-8	ok
-1.461718	-18.473728	-47.706340	0.785615	continued:5	498768035658188838763056363530	998767320547562	-1,-8,-8,-8,-8	8,-8,-8,-8	ok
-1.458882	-18.473728	-48.424131	0.782822	continued:5	498768035658188838763056363530	998767320547562	-1,-8,-8,-8,-8	8,-8,-8,-8	ok
-1.456047	-18.473728	-49.076647	0.780156	continued:5	498768035658188838763056363530	998767320547562	-1,-8,-8,-8,-8	8,-8,-8,-8	ok
-1.453211	-18.473728	-49.662679	0.778573	continued:5	498768035658188838763056363530	998767320547562	-1,-8,-8,-8,-8	8,-8,-8,-8	ok
-1.450375	-18.473728	-50.175818	0.777865	continued:5	498768035658188838763056363530	998767320547562	-1,-8,-8,-8,-8	8,-8,-8,-8	ok
-1.447540	-18.473728	-50.615114	0.777491	full	498768035658188838763056363530	998767320547562	-1,-8,-8,-8,-8	8,-8,-8,-8	ok
-1.444704	-18.473728	-47.019060	0.785843	continued:5	498768035658188838763056363530	998767320547562	-1,-8,-8,-8,-8	8,-8,-8,-8	ok
-1.441868	-18.473728	-47.794933	0.783050	continued:5	498768035658188838763056363530	998767320547562	-1,-8,-8,-8,-8	8,-8,-8,-8	ok
-1.439033	-18.473728	-48.505417	0.780256	continued:5	498768035658188838763056363530	998767320547562	-1,-8,-8,-8,-8	8,-8,-8,-8	ok
-1.436197	-18.473728	-49.149492	0.777797	continued:5	498768035658188838763056363530	998767320547562	-1,-8,-8,-8,-8	8,-8,-8,-8	ok
-1.433361	-18.473728	-49.724832	0.776341	continued:5	498768035658188838763056363530	998767320547562	-1,-8,-8,-8,-8	8,-8,-8,-8	ok
-1.430525	-18.473728	-50.226535	0.775633	continued:5	498768035658188838763056363530	998767320547562	-1,-8,-8,-8,-8	8,-8,-8,-8	ok
-1.427690	-18.473728	-50.655196	0.775259	full	498768035658188838763056363530	998767320547562	-1,-8,-8,-8,-8	8,-8,-8,-8	ok
-1.424854	-18.473728	-47.122337	0.783538	continued:5	498768035658188838763056363530	998767320547562	-1,-8,-8,-8,-8	8,-8,-8,-8	ok
-1.422018	-18.473728	-47.888679	0.780745	continued:5	498768035658188838763056363530	998767320547562	-1,-8,-8,-8,-8	8,-8,-8,-8	ok
-1.419183	-18.473728	-48.588586	0.777951	continued:5	498768035658188838763056363530	998767320547562	-1,-8,-8,-8,-8	8,-8,-8,-8	ok
-1.416347	-18.473728	-49.221498	0.775492	continued:5	498768035658188838763056363530	998767320547562	-1,-8,-8,-8,-8	8,-8,-8,-8	ok
-1.413511	-18.473728	-49.785630	0.773909	continued:5	498768035658188838763056363530	998767320547562	-1,-8,-8,-8,-8	8,-8,-8,-8	ok
-1.410676	-18.473728	-50.277547	0.773407	continued:5	498768035658188838763056363530	998767320547562	-1,-8,-8,-8,-8	8,-8,-8,-8	ok
-1.407840	-18.473728	-50.695408	0.773033	full	498768035658188838763056363530	998767320547562	-1,-8,-8,-8,-8	8,-8,-8,-8	ok
-1.405004	-18.473728	-47.221894	0.781025	continued:5	498768035658188838763056363530	998767320547562	-1,-8,-8,-8,-8	8,-8,-8,-8	ok
-1.402168	-18.473728	-47.980687	0.778232	continued:5	498768035658188838763056363530	998767320547562	-1,-8,-8,-8,-8	8,-8,-8,-8	ok
-1.399333	-18.473728	-48.671735	0.775439	continued:5	498768035658188838763056363530	998767275853776	-1,-8,-8,-8,-8	-8,-8,-8,-8	ok
-1.396497	-18.473728	-49.294978	0.773107	continued:5	498768035658188838763056363530	998767275853776	-1,-8,-8,-8,-8	-8,-8,-8,-8	ok
-1.393661	-18.473728	-49.848150	0.771651	continued:5	498768035658188838763056363530	998767275853776	-1,-8,-8,-8,-8	-8,-8,-8,-8	ok
-1.390826	-18.473728	-50.328519	0.771150	continued:5	498768035658188838763056363530	998767275853776	-1,-8,-8,-8,-8	-8,-8,-8,-8	ok
-1.387990	-18.473728	-50.735748	0.770776	full	498768035658188838763056363530	998767275853776	-1,-8,-8,-8,-8	-8,-8,-8,-8	ok
-1.385154	-18.473728	-47.328073	0.778692	continued:5	498768035658188838763056363530	998767275853776	-1,-8,-8,-8,-8	-8,-8,-8,-8	ok
-1.382319	-18.473728	-48.076486	0.775898	continued:5	498768035658188838763056363530	998767275853776	-1,-8,-8,-8,-8	-8,-8,-8,-8	ok
-1.379483	-18.473728	-48.756283	0.773105	continued:5	498768035658188838763056363530	998767275853776	-1,-8,-8,-8,-8	-8,-8,-8,-8	ok
-1.376647	-18.473728	-49.367892	0.770774	continued:5	498768035658188838763056363530	998767275853776	-1,-8,-8,-8,-8	-8,-8,-8,-8	ok
-1.373812	-18.473728	-49.909578	0.769318	continued:5	498768035658188838763056363530	998767275853776	-1,-8,-8,-8,-8	-8,-8,-8,-8	ok
-1.370976	-18.473728	-50.379037	0.768816	continued:5	498768035658188838763056363530	998767275853776	-1,-8,-8,-8,-8	-8,-8,-8,-8	ok
-1.368140	-18.473728	-50.776213	0.767774	full	498768035658188838763056363530	998767275853776	-1,-8,-8,-8,-8	-8,-8,-8,-8	ok
-1.365304	-18.473728	-47.436358	0.776275	continued:5	498768035658188838763056363530	998767275853776	-1,-8,-8,-8,-8	-8,-8,-8,-8	ok
-1.362469	-18.473728	-48.174506	0.773482	continued:5	498768035658188838763056363530	998767275853776	-1,-8,-8,-8,-8	-8,-8,-8,-8	ok
-1.359633	-18.473728	-48.843151	0.770689	continued:5	498768035658188838763056363530	998767275853776	-1,-8,-8,-8,-8	-8,-8,-8,-8	ok
-1.356797	-18.473728	-49.443239	0.768436	continued:5	498768035658188838763056363530	998767275853776	-1,-8,-8,-8,-8	-8,-8,-8,-8	ok
-1.353962	-18.473728	-49.972925	0.767059	continued:5	498768035658188838763056363530	998767275853776	-1,-8,-8,-8,-8	-8,-8,-8,-8	ok
-1.351126	-18.473728	-50.430467	0.766558	continued:5	498768035658188838763056363530	998767275853776	-1,-8,-8,-8,-8	-8,-8,-8,-8	ok
-1.348290	-18.473728	-50.816800	0.764640	full	498768035658188838763056363530	998767275853776	-1,-8,-8,-8,-8	-8,-8,-8,-8	ok
-1.345455	-18.473728	-47.168488	0.775051	continued:5	498768035658188838763056363530	998767275853776	-1,-8,-8,-8,-8	-8,-8,-8,-8	ok
-1.342619	-18.473728	-47.930207	0.772258	continued:5	498768035658188838763056363530	998767275853776	-1,-8,-8,-8,-8	-8,-8,-8,-8	ok
-1.339783	-18.473728	-48.621188	0.769464	continued:5	498768035658188838763056363530	998767275853776	-1,-8,-8,-8,-8	-8,-8,-8,-8	ok
-1.336947	-18.473728	-49.242429	0.766799	continued:5	498768035658188838763056363530	998767275853776	-1,-8,-8,-8,-8	-8,-8,-8,-8	ok
-1.334112	-18.473728	-49.795141	0.765215	continued:5	498768035658188838763056363530	998767275853776	-1,-8,-8,-8,-8	-8,-8,-8,-8	ok
-1.331276	-18.473728	-50.274847	0.764300	continued:5	498768035658188838763056363530	998767275853776	-1,-8,-8,-8,-8	-8,-8,-8,-8	ok
-1.328440	-18.473728	-50.683604	0.764261	full	498768035658188838763056363530	998767275853776	-1,-8,-8,-8,-8	-8,-8,-8,-8	ok
-1.325605	-18.473728	-47.271259	0.772477	continued:5	498768035658188838763056363530	998767275853776	-1,-8,-8,-8,-8	-8,-8,-8,-8	ok
-1.322769	-18.473728	-48.025086	0.769684	continued:5	498768035658188838763056363530	998767275853776	-1,-8,-8,-8,-8	-8,-8,-8,-8	ok
-1.319933	-18.473728	-48.706986	0.766890	continued:5	498768035658188838763056363530	998767275853776	-1,-8,-8,-8,-8	-8,-8,-8,-8	ok
-1.317098	-18.473728	-49.318451	0.764431	continued:5	498768035658188838763056363530	998767275853776	-1,-8,-8,-8,-8	-8,-8,-8,-8	ok
-1.314262	-18.473728	-49.859533	0.762848	continued:5	498768035658188838763056363530	998767275853776	-1,-8,-8,-8,-8	-8,-8,-8,-8	ok
-1.311426	-18.473728	-50.328218	0.762139	continued:5	498768035658188838763056363530	998767275853776	-1,-8,-8,-8,-8	-8,-8,-8,-8	ok
-1.308590	-18.473728	-50.725244	0.761766	full	498768035658188838763056363530	998767275853776	-1,-8,-8,-8,-8	-8,-8,-8,-8	ok
-1.305755	-18.473728	-47.384075	0.770105	continued:5	498768035658188838763056363530	998767275853776	-1,-8,-8,-8,-8	-8,-8,-8,-8	ok
-1.302919	-18.473728	-48.126469	0.767312	continued:5	498768035658188838763056363530	998767275853776	-1,-8,-8,-8,-8	-8,-8,-8,-8	ok
-1.300083	-18.473728	-48.796284	0.764519	continued:5	498768035658188838763056363530	998767275853776	-1,-8,-8,-8,-8	-8,-8,-8,-8	ok
-1.297248	-18.473728	-49.395482	0.762060	continued:5	498768035658188838763056363530	998767275853776	-1,-8,-8,-8,-8	-8,-8,-8,-8	ok
-1.294412	-18.473728	-49.924618	0.760604	continued:5	498768035658188838763056363530	998767275853776	-1,-8,-8,-8,-8	-8,-8,-8,-8	ok
-1.291576	-18.473728	-50.381062	0.759896	continued:5	498768035658188838763056363530	998767275853776	-1,-8,-8,-8,-8	-8,-8,-8,-8	ok
-1.288741	-18.473728	-50.767004	0.759522	full	498768035658188838763056363530	998767275853776	-1,-8,-8,-8,-8	-8,-8,-8,-8	ok
-1.285905	-18.473728	-47.493504	0.767611	continued:5	498768035658188838763056363530	998767275853776	-1,-8,-8,-8,-8	-8,-8,-8,-8	ok
-1.283069	-18.473728	-48.225612	0.764818	continued:5	498768035658188838763056363530	998767275853776	-1,-8,-8,-8,-8	-8,-8,-8,-8	ok
-1.280234	-18.473728	-48.884370	0.762024	continued:5	498768035658188838763056363530	998767275853776	-1,-8,-8,-8,-8	-8,-8,-8,-8	ok
-1.277398	-18.473728	-49.472241	0.759693	continued:5	498768035658188838763056363530	998767275853776	-1,-8,-8,-8,-8	-8,-8,-8,-8	ok
-1.274562	-18.473728	-49.989235	0.758316	continued:5	498768035658188838763056363530	998767275853776	-1,-8,-8,-8,-8	-8,-8,-8,-8	ok
-1.271726	-18.473728	-50.433729	0.757608	continued:5	498768035658188838763056363530	998767275853776	-1,-8,-8,-8,-8	-8,-8,-8,-8	ok
-1.268891	-18.473728	-50.808879	0.757234	full	498768035658188838763056363530	998767275853776	-1,-8,-8,-8,-8	-8,-8,-8,-8	ok
-1.266055	-18.473728	-47.604173	0.765151	continued:5	498768035658188838763056363530	998767275853776	-1,-8,-8,-8,-8	-8,-8,-8,-8	ok
-1.263219	-18.473728	-48.325093	0.762358	continued:5	498768035658188838763056363530	998767275853776	-1,-8,-8,-8,-8	-8,-8,-8,-8	ok
-1.260384	-18.473728	-48.972090	0.759565	continued:5	498768035658188838763056363530	998767275853776	-1,-8,-8,-8,-8	-8,-8,-8,-8	ok
-1.257548	-18.473728	-49.548121	0.757312	continued:5	498768035658188838763056363530	998767275853776	-1,-8,-8,-8,-8	-8,-8,-8,-8	ok
-1.254712	-18.473728	-50.053030	0.755857	continued:5	498768035658188838763056363530	998767275853776	-1,-8,-8,-8,-8	-8,-8,-8,-8	ok
-1.251877	-18.473728	-50.486943	0.755355	continued:5	498768035658188838763056363530	998767275853776	-1,-8,-8,-8,-8	-8,-8,-8,-8	ok
-1.249041	-18.473728	-50.850866	0.754981	full	498768035658188838763056363530	998767275853776	-1,-8,-8,-8,-8	-8,-8,-8,-8	ok
-1.246205	-18.473728	-46.953878	0.765140	continued:5	498768035658188838763056363530	998767275853776	-1,-8,-8,-8,-8	-8,-8,-8,-8	ok
-1.243369	-18.473728	-47.737823	0.762347	continued:5	498768035658188838763056363530	498768035658202821504918316513	-1,-8,-8,-8,-8	-8,-8,-8,-8,-8	ok
-1.240534	-18.473728	-48.444442	0.759553	continued:5	498768035658188838763056363530	498768035658202821504918316513	-1,-8,-8,-8,-8	-8,-8,-8,-8,-8	ok
-1.237698	-18.473728	-49.076724	0.756760	continued:5	498768035658188838763056363530	498768035658202821504918316513	-1,-8,-8,-8,-8	-8,-8,-8,-8,-8	ok
-1.234862	-18.473728	-49.638195	0.754635	continued:5	498768035658188838763056363530	498768035658202821504918316513	-1,-8,-8,-8,-8	-8,-8,-8,-8,-8	ok
-1.232027	-18.473728	-50.128185	0.753258	continued:5	498768035658188838763056363530	498768035658202821504918316513	-1,-8,-8,-8,-8	-8,-8,-8,-8,-8	ok
-1.229191	-18.473728	-50.547805	0.752757	continued:5	498768035658188838763056363530	498768035658202821504918316513	-1,-8,-8,-8,-8	-8,-8,-8,-8,-8	ok
-1.226355	-18.473728	-50.898981	0.752383	full	498768035658188838763056363530	498768035658202821504918316513	-1,-8,-8,-8,-8	-8,-8,-8,-8,-8	ok
-1.223520	-18.473728	-47.110563	0.762429	continued:5	498768035658188838763056363530	498768035658202821504918316513	-1,-8,-8,-8,-8	-8,-8,-8,-8,-8	ok
-1.220684	-18.473728	-47.878229	0.759636	continued:5	498768035658188838763056363530	498768035658202821504918316513	-1,-8,-8,-8,-8	-8,-8,-8,-8,-8	ok
-1.217848	-18.473728	-48.568192	0.756842	continued:5	498768035658188838763056363530	498768035658202821504918316513	-1,-8,-8,-8,-8	-8,-8,-8,-8,-8	ok
-1.215013	-18.473728	-49.183833	0.754049	continued:5	498768035658188838763056363530	498768035658202821504918316513	-1,-8,-8,-8,-8	-8,-8,-8,-8,-8	ok
-1.212177	-18.473728	-49.729222	0.751924	continued:5	498768035658188838763056363530	498768035658202821504918316513	-1,-8,-8,-8,-8	-8,-8,-8,-8,-8	ok
-1.209341	-18.473728	-50.204166	0.750675	continued:5	498768035658188838763056363530	498768035658202821504918316513	-1,-8,-8,-8,-8	-8,-8,-8,-8,-8	ok
-1.206505	-18.473728	-50.609077	0.750174	continued:5	498768035658188838763056363530	498768035658202821504918316513	-1,-8,-8,-8,-8	-8,-8,-8,-8,-8	ok
-1.203670	-18.473728	-50.947229	0.749800	full	498768035658188838763056363530	498768035658202821504918316513	-1,-8,-8,-8,-8	-8,-8,-8,-8,-8	ok
-1.200834	-18.473728	-47.254268	0.759503	continued:5	498768035658188838763056363530	498768035658202821504918316513	-1,-8,-8,-8,-8	-8,-8,-8,-8,-8	ok
-1.197998	-18.473728	-48.008745	0.756710	continued:5	498768035658188838763056363530	498768035658202821504918316513	-1,-8,-8,-8,-8	-8,-8,-8,-8,-8	ok
-1.195163	-18.473728	-48.684771	0.753916	continued:5	498768035658188838763056363530	498768035658202821504918316513	-1,-8,-8,-8,-8	-8,-8,-8,-8,-8	ok
-1.192327	-18.473728	-49.286208	0.751123	continued:5	498768035658188838763056363530	498768035658202821504918316513	-1,-8,-8,-8,-8	-8,-8,-8,-8,-8	ok
-1.189491	-18.473728	-49.817693	0.749205	continued:5	498768035658188838763056363530	498768035658202821504918316513	-1,-8,-8,-8,-8	-8,-8,-8,-8,-8	ok
-1.186656	-18.473728	-50.277827	0.747956	continued:5	498768035658188838763056363530	498768035658202821504918316513	-1,-8,-8,-8,-8	-8,-8,-8,-8,-8	ok
-1.183820	-18.473728	-50.669336	0.747454	continued:5	498768035658188838763056363530	498768035658202821504918316513	-1,-8,-8,-8,-8	-8,-8,-8,-8,-8	ok
-1.180984	-18.473728	-50.995603	0.746412	full	498768035658188838763056363530	498768035658202821504918316513	-1,-8,-8,-8,-8	-8,-8,-8,-8,-8	ok
-1.178148	-18.473728	-47.730330	0.755451	continued:5	498768035658188838763056363530	498768035658202821504918316513	-1,-8,-8,-8,-8	-8,-8,-8,-8,-8	ok
-1.175313	-18.473728	-48.436461	0.752657	continued:5	498768035658188838763056363530	498768035658202821504918316513	-1,-8,-8,-8,-8	-8,-8,-8,-8,-8	ok
-1.172477	-18.473728	-49.065394	0.749864	continued:5	498768035658188838763056363530	498768035658202821504918316513	-1,-8,-8,-8,-8	-8,-8,-8,-8,-8	ok
-1.169641	-18.473728	-49.621755	0.747533	continued:5	498768035658188838763056363530	498768035658202821504918316513	-1,-8,-8,-8,-8	-8,-8,-8,-8,-8	ok
-1.166806	-18.473728	-50.107352	0.746077	continued:5	498768035658188838763056363530	498768035658202821504918316513	-1,-8,-8,-8,-8	-8,-8,-8,-8,-8	ok
-1.163970	-18.473728	-50.522458	0.745241	continued:5	498768035658188838763056363530	498768035658202821504918316513	-1,-8,-8,-8,-8	-8,-8,-8,-8,-8	ok
-1.161134	-18.473728	-50.871285	0.745615	full	498768035658188838763056363530	498768035658202821504918316513	-1,-8,-8,-8,-8	-8,-8,-8,-8,-8	ok
-1.158299	-18.473728	-47.094858	0.755393	continued:5	498768035658188838763056363530	498768035658202821504918316513	-1,-8,-8,-8,-8	-8,-8,-8,-8,-8	ok
-1.155463	-18.473728	-47.867683	0.752599	continued:5	498768035658188838763056363530	498768035658202821504918316513	-1,-8,-8,-8,-8	-8,-8,-8,-8,-8	ok
-1.152627	-18.473728	-48.558460	0.749806	continued:5	498768035658188838763056363530	498768035658202821504918316513	-1,-8,-8,-8,-8	-8,-8,-8,-8,-8	ok
-1.149791	-18.473728	-49.171975	0.747013	continued:5	498768035658188838763056363530	498768035658202821504918316513	-1,-8,-8,-8,-8	-8,-8,-8,-8,-8	ok
-1.146956	-18.473728	-49.713379	0.744760	continued:5	498768035658188838763056363530	498768035658202821504918316513	-1,-8,-8,-8,-8	-8,-8,-8,-8,-8	ok
-1.144120	-18.473728	-50.184290	0.743383	continued:5	498768035658188838763056363530	498768035658202821504918316513	-1,-8,-8,-8,-8	-8,-8,-8,-8,-8	ok
-1.141284	-18.473728	-50.585427	0.742675	continued:5	498768035658188838763056363530	498768035658202821504918316513	-1,-8,-8,-8,-8	-8,-8,-8,-8,-8	ok
-1.138449	-18.473728	-50.920883	0.742301	full	498768035658188838763056363530	498768035658202821504918316513	-1,-8,-8,-8,-8	-8,-8,-8,-8,-8	ok
-1.135613	-18.473728	-47.251631	0.752521	continued:5	498768035658188838763056363530	498768035658202821504918316513	-1,-8,-8,-8,-8	-8,-8,-8,-8,-8	ok
-1.132777	-18.473728	-48.008464	0.749728	continued:5	498768035658188838763056363530	498768035658202821504918316513	-1,-8,-8,-8,-8	-8,-8,-8,-8,-8	ok
-1.129942	-18.473728	-48.682993	0.746934	continued:5	498768035658188838763056363530	498768035658202821504918316513	-1,-8,-8,-8,-8	-8,-8,-8,-8,-8	ok
-1.127106	-18.473728	-49.280410	0.744141	continued:5	498768035658188838763056363530	498768035658202821504918316513	-1,-8,-8,-8,-8	-8,-8,-8,-8,-8	ok
-1.124270	-18.473728	-49.806379	0.742016	continued:5	498768035658188838763056363530	498768035658202821504918316513	-1,-8,-8,-8,-8	-8,-8,-8,-8,-8	ok
-1.121435	-18.473728	-50.261893	0.740767	continued:5	498768035658188838763056363530	498768035658202821504918316513	-1,-8,-8,-8,-8	-8,-8,-8,-8,-8	ok
-1.118599	-18.473728	-50.648166	0.740059	continued:5	498768035658188838763056363530	498768035658202821504918316513	-1,-8,-8,-8,-8	-8,-8,-8,-8,-8	ok
-1.115763	-18.473728	-50.970590	0.739685	full	498768035658188838763056363530	498768035658202821504918316513	-1,-8,-8,-8,-8	-8,-8,-8,-8,-8	ok
-1.112927	-18.473728	-47.407795	0.749619	continued:5	498768035658188838763056363530	498768035658202821504918316513	-1,-8,-8,-8,-8	-8,-8,-8,-8,-8	ok
-1.110092	-18.473728	-48.148330	0.746826	continued:5	498768035658188838763056363530	498768035658202821504918316513	-1,-8,-8,-8,-8	-8,-8,-8,-8,-8	ok
-1.107256	-18.473728	-48.806419	0.744033	continued:5	498768035658188838763056363530	498768035658202821504918316513	-1,-8,-8,-8,-8	-8,-8,-8,-8,-8	ok
-1.104420	-18.473728	-49.387693	0.741239	continued:5	498768035658188838763056363530	498768035658202821504918316513	-1,-8,-8,-8,-8	-8,-8,-8,-8,-8	ok
-1.101585	-18.473728	-49.898313	0.739321	continued:5	498768035658188838763056363530	498768035658202821504918316513	-1,-8,-8,-8,-8	-8,-8,-8,-8,-8	ok
-1.098749	-18.473728	-50.337963	0.737944	continued:5	498768035658188838763056363530	498768035658202821504918316513	-1,-8,-8,-8,-8	-8,-8,-8,-8,-8	ok
-1.095913	-18.473728	-50.711136	0.737443	continued:5	498768035658188838763056363530	498768035658202821504918316513	-1,-8,-8,-8,-8	-8,-8,-8,-8,-8	ok
-1.093078	-18.473728	-51.020400	0.737069	full	498768035658188838763056363530	498768035658202821504918316513	-1,-8,-8,-8,-8	-8,-8,-8,-8,-8	ok
-1.090242	-18.473728	-47.575379	0.746742	continued:5	498768035658188838763056363530	498768035658202821504918316513	-1,-8,-8,-8,-8	-8,-8,-8,-8,-8	ok
-1.087406	-18.473728	-48.297072	0.743949	continued:5	498768035658188838763056363530	498768035658202821504918316513	-1,-8,-8,-8,-8	-8,-8,-8,-8,-8	ok
-1.084570	-18.473728	-48.936580	0.741155	continued:5	498768035658188838763056363530	498768035658202821504918316513	-1,-8,-8,-8,-8	-8,-8,-8,-8,-8	ok
-1.081735	-18.473728	-49.499974	0.738490	continued:5	498768035658188838763056363530	498768035658202821504918316513	-1,-8,-8,-8,-8	-8,-8,-8,-8,-8	ok
-1.078899	-18.473728	-49.992799	0.736572	continued:5	498768035658188838763056363530	498768035658202821504918316513	-1,-8,-8,-8,-8	-8,-8,-8,-8,-8	ok
-1.076063	-18.473728	-50.416365	0.735323	continued:5	498768035658188838763056363530	498768035658202821504918316513	-1,-8,-8,-8,-8	-8,-8,-8,-8,-8	ok
-1.073228	-18.473728	-50.774272	0.734821	continued:5	498768035658188838763056363530	498768035658202821504918316513	-1,-8,-8,-8,-8	-8,-8,-8,-8,-8	ok
-1.070392	-18.473728	-51.070300	0.734447	full	498768035658188838763056363530	498768035658202821504918316513	-1,-8,-8,-8,-8	-8,-8,-8,-8,-8	ok
-1.067556	-18.473728	-47.739737	0.743785	continued:5	498768035658188838763056363530	498768035658202821504918316513	-1,-8,-8,-8,-8	-8,-8,-8,-8,-8	ok
-1.064721	-18.473728	-48.443064	0.740992	continued:5	498768035658188838763056363530	498768035658202821504918316513	-1,-8,-8,-8,-8	-8,-8,-8,-8,-8	ok
-1.061885	-18.473728	-49.064496	0.738198	continued:5	498768035658188838763056363530	498768035658202821504918316513	-1,-8,-8,-8,-8	-8,-8,-8,-8,-8	ok
-1.059049	-18.473728	-49.610572	0.735533	continued:5	498768035658188838763056363530	498768035658202821504918316513	-1,-8,-8,-8,-8	-8,-8,-8,-8,-8	ok
-1.056214	-18.473728	-50.087277	0.733742	continued:5	498768035658188838763056363530	498768035658202821504918316513	-1,-8,-8,-8,-8	-8,-8,-8,-8,-8	ok
-1.053378	-18.473728	-50.495176	0.732700	continued:5	498768035658188838763056363530	498768035658202821504918316513	-1,-8,-8,-8,-8	-8,-8,-8,-8,-8	ok
-1.050542	-18.473728	-50.837600	0.732198	continued:5	498768035658188838763056363530	498768035658202821504918316513	-1,-8,-8,-8,-8	-8,-8,-8,-8,-8	ok
-1.047706	-18.473728	-51.120283	0.731824	full	498768035658188838763056363530	498768035658202821504918316513	-1,-8,-8,-8,-8	-8,-8,-8,-8,-8	ok
-1.044871	-18.473728	-47.904352	0.740716	continued:5	498768035658188838763056363530	498768035658202821504918316513	-1,-8,-8,-8,-8	-8,-8,-8,-8,-8	ok
-1.042035	-18.473728	-48.589586	0.737922	continued:5	498768035658188838763056363530	498768035658202821504918316513	-1,-8,-8,-8,-8	-8,-8,-8,-8,-8	ok
-1.039199	-18.473728	-49.193250	0.735129	continued:5	498768035658188838763056363530	498768035658202821504918316513	-1,-8,-8,-8,-8	-8,-8,-8,-8,-8	ok
-1.036364	-18.473728	-49.722368	0.732798	continued:5	498768035658188838763056363530	498768035658202821504918316513	-1,-8,-8,-8,-8	-8,-8,-8,-8,-8	ok
-1.033528	-18.473728	-50.180547	0.731007	continued:5	498768035658188838763056363530	498768035658202821504918316513	-1,-8,-8,-8,-8	-8,-8,-8,-8,-8	ok
-1.030692	-18.473728	-50.571985	0.729965	continued:5	498768035658188838763056363530	498768035658202821504918316513	-1,-8,-8,-8,-8	-8,-8,-8,-8,-8	ok
-1.027857	-18.473728	-50.900037	0.729463	continued:5	498768035658188838763056363530	498768035658202821504918316513	-1,-8,-8,-8,-8	-8,-8,-8,-8,-8	ok
-1.025021	-18.473728	-51.170337	0.728962	full	498768035658188838763056363530	498768035658202821504918316513	-1,-8,-8,-8,-8	-8,-8,-8,-8,-8	ok
-1.022185	-18.473728	-47.611251	0.739487	continued:5	124384776697171140630079328682461662975044243401923320030869	498768035658202821504918316513	-1,-8,-8,-8,-8,-8	-8,-8,-8,-8,-8	ok
-1.019349	-18.473728	-48.328861	0.736693	continued:5	124384776697171140630079328682461662975044243401923320030869	498768035658202821504918316513	-1,-8,-8,-8,-8,-8	-8,-8,-8,-8,-8	ok
-1.016514	-18.473728	-48.961382	0.733900	continued:5	124384776697171140630079328682461662975044243401923320030869	498768035658202821504918316513	-1,-8,-8,-8,-8,-8	-8,-8,-8,-8,-8	ok
-1.013678	-18.473728	-49.516137	0.731107	continued:5	498768035658188838763056363530	498768035658202821504918316513	-1,-8,-8,-8,-8	-8,-8,-8,-8,-8	ok
-1.010842	-18.473728	-50.000707	0.728982	continued:5	498768035658188838763056363530	498768035658202821504918316513	-1,-8,-8,-8,-8	-8,-8,-8,-8,-8	ok
-1.008007	-18.473728	-50.417433	0.727605	continued:5	498768035658188838763056363530	498768035658202821504918316513	-1,-8,-8,-8,-8	-8,-8,-8,-8,-8	ok
-1.005171	-18.473728	-50.769348	0.726897	continued:5	498768035658188838763056363530	498768035658202821504918316513	-1,-8,-8,-8,-8	-8,-8,-8,-8,-8	ok
-1.002335	-18.473728	-51.060960	0.727271	full	498768035658188838763056363530	498768035658202821504918316513	-1,-8,-8,-8,-8	-8,-8,-8,-8,-8	ok
-0.999500	-18.473728	-47.780708	0.736413	continued:5	124384776697171140630079328682461662975044243401923320030869	498768035658202821504918316513	-1,-8,-8,-8,-8,-8	-8,-8,-8,-8,-8	ok
-0.996664	-18.473728	-48.479605	0.733620	continued:5	124384776697171140630079328682461662975044243401923320030869	498768035658202821504918316513	-1,-8,-8,-8,-8,-8	-8,-8,-8,-8,-8	ok
-0.993828	-18.473728	-49.093865	0.730827	continued:5	124384776697171140630079328682461662975044243401923320030869	498768035658202821504918316513	-1,-8,-8,-8,-8,-8	-8,-8,-8,-8,-8	ok
-0.990992	-18.473728	-49.631247	0.728161	continued:5	124384776697171140630079328682461662975044243401923320030869	498768035658202821504918316513	-1,-8,-8,-8,-8,-8	-8,-8,-8,-8,-8	ok
-0.988157	-18.473728	-50.098647	0.726243	continued:5	124384776697171140630079328682461662975044243401923320030869	498768035658202821504918316513	-1,-8,-8,-8,-8,-8	-8,-8,-8,-8,-8	ok
-0.985321	-18.473728	-50.498268	0.724994	continued:5	498768035658188838763056363530	498768035658202821504918316513	-1,-8,-8,-8,-8	-8,-8,-8,-8,-8	ok
-0.982485	-18.473728	-50.834234	0.724286	continued:5	498768035658188838763056363530	498768035658202821504918316513	-1,-8,-8,-8,-8	-8,-8,-8,-8,-8	ok
-0.979650	-18.473728	-51.112190	0.723912	full	498768035658188838763056363530	498768035658202821504918316513	-1,-8,-8,-8,-8	-8,-8,-8,-8,-8	ok
-0.976814	-18.473728	-47.953253	0.733468	continued:5	124384776697171140630079328682461662975044243401923320030869	498768035658202821504918316513	-1,-8,-8,-8,-8,-8	-8,-8,-8,-8,-8	ok
-0.973978	-18.473728	-48.630996	0.730674	continued:5	124384776697171140630079328682461662975044243401923320030869	498768035658202821504918316513	-1,-8,-8,-8,-8,-8	-8,-8,-8,-8,-8	ok
-0.971143	-18.473728	-49.225105	0.727881	continued:5	124384776697171140630079328682461662975044243401923320030869	498768035658202821504918316513	-1,-8,-8,-8,-8,-8	-8,-8,-8,-8,-8	ok
-0.968307	-18.473728	-49.743717	0.725215	continued:5	124384776697171140630079328682461662975044243401923320030869	498768035658202821504918316513	-1,-8,-8,-8,-8,-8	-8,-8,-8,-8,-8	ok
-0.965471	-18.473728	-50.194052	0.723425	continued:5	124384776697171140630079328682461662975044243401923320030869	498768035658202821504918316513	-1,-8,-8,-8,-8,-8	-8,-8,-8,-8,-8	ok
-0.962636	-18.473728	-50.577432	0.722176	continued:5	124384776697171140630079328682461662975044243401923320030869	498768035658202821504918316513	-1,-8,-8,-8,-8,-8	-8,-8,-8,-8,-8	ok
-0.959800	-18.473728	-50.899279	0.721674	continued:5	124384776697171140630079328682461662975044243401923320030869	498768035658202821504918316513	-1,-8,-8,-8,-8,-8	-8,-8,-8,-8,-8	ok
-0.956964	-18.473728	-51.163465	0.721300	full	124384776697171140630079328682461662975044243401923320030869	498768035658202821504918316513	-1,-8,-8,-8,-8,-8	-8,-8,-8,-8,-8	ok
-0.954128	-18.473728	-47.402706	0.732730	continued:5	124384776697171140630079328682461662975044243401923320030869	498768035658202821504918316513	-1,-8,-8,-8,-8,-8	-8,-8,-8,-8,-8	ok
-0.951293	-18.473728	-48.148965	0.729937	continued:5	124384776697171140630079328682461662975044243401923320030869	498768035658202821504918316513	-1,-8,-8,-8,-8,-8	-8,-8,-8,-8,-8	ok
-0.948457	-18.473728	-48.803782	0.727143	continued:5	124384776697171140630079328682461662975044243401923320030869	498768035658202821504918316513	-1,-8,-8,-8,-8,-8	-8,-8,-8,-8,-8	ok
-0.945621	-18.473728	-49.376030	0.724350	continued:5	124384776697171140630079328682461662975044243401923320030869	498768035658202821504918316513	-1,-8,-8,-8,-8,-8	-8,-8,-8,-8,-8	ok
-0.942786	-18.473728	-49.874300	0.722019	continued:5	124384776697171140630079328682461662975044243401923320030869	498768035658202821504918316513	-1,-8,-8,-8,-8,-8	-8,-8,-8,-8,-8	ok
-0.939950	-18.473728	-50.303342	0.720228	continued:5	124384776697171140630079328682461662975044243401923320030869	498768035658202821504918316513	-1,-8,-8,-8,-8,-8	-8,-8,-8,-8,-8	ok
-0.937114	-18.473728	-50.668056	0.719186	continued:5	124384776697171140630079328682461662975044243401923320030869	498768035658202821504918316513	-1,-8,-8,-8,-8,-8	-8,-8,-8,-8,-8	ok
-0.934279	-18.473728	-50.972105	0.718684	continued:5	124384776697171140630079328682461662975044243401923320030869	498768035658202821504918316513	-1,-8,-8,-8,-8,-8	-8,-8,-8,-8,-8	ok
-0.931443	-18.473728	-51.221189	0.718310	full	124384776697171140630079328682461662975044243401923320030869	498768035658202821504918316513	-1,-8,-8,-8,-8,-8	-8,-8,-8,-8,-8	ok
-0.928607	-18.473728	-47.635188	0.729315	continued:5	124384776697171140630079328682461662975044243401923320030869	498768035658202821504918316513	-1,-8,-8,-8,-8,-8	-8,-8,-8,-8,-8	ok
-0.925771	-18.473728	-48.353492	0.726522	continued:5	124384776697171140630079328682461662975044243401923320030869	498768035658202821504918316513	-1,-8,-8,-8,-8,-8	-8,-8,-8,-8,-8	ok
-0.922936	-18.473728	-48.981897	0.723728	continued:5	124384776697171140630079328682461662975044243401923320030869	498768035658202821504918316513	-1,-8,-8,-8,-8,-8	-8,-8,-8,-8,-8	ok
-0.920100	-18.473728	-49.529558	0.720935	continued:5	124384776697171140630079328682461662975044243401923320030869	498768035658202821504918316513	-1,-8,-8,-8,-8,-8	-8,-8,-8,-8,-8	ok
-0.917264	-18.473728	-50.005430	0.718683	continued:5	124384776697171140630079328682461662975044243401923320030869	498768035658202821504918316513	-1,-8,-8,-8,-8,-8	-8,-8,-8,-8,-8	ok
-0.914429	-18.473728	-50.413834	0.717099	continued:5	124384776697171140630079328682461662975044243401923320030869	498768035658202821504918316513	-1,-8,-8,-8,-8,-8	-8,-8,-8,-8,-8	ok
-0.911593	-18.473728	-50.758825	0.716184	continued:5	124384776697171140630079328682461662975044243401923320030869	498768035658202821504918316513	-1,-8,-8,-8,-8,-8	-8,-8,-8,-8,-8	ok
-0.908757	-18.473728	-51.044968	0.715683	continued:5	124384776697171140630079328682461662975044243401923320030869	498768035658202821504918316513	-1,-8,-8,-8,-8,-8	-8,-8,-8,-8,-8	ok
-0.905922	-18.473728	-51.278939	0.715309	full	124384776697171140630079328682461662975044243401923320030869	498768035658202821504918316513	-1,-8,-8,-8,-8,-8	-8,-8,-8,-8,-8	ok
-0.903086	-18.473728	-47.881203	0.725963	continued:5	124384776697171140630079328682461662975044243401923320030869	498768035658202821504918316513	-1,-8,-8,-8,-8,-8	-8,-8,-8,-8,-8	ok
-0.900250	-18.473728	-48.567624	0.723170	continued:5	124384776697171140630079328682461662975044243401923320030869	498768035658202821504918316513	-1,-8,-8,-8,-8,-8	-8,-8,-8,-8,-8	ok
-0.897415	-18.473728	-49.166442	0.720376	continued:5	124384776697171140630079328682461662975044243401923320030869	498768035658202821504918316513	-1,-8,-8,-8,-8,-8	-8,-8,-8,-8,-8	ok
-0.894579	-18.473728	-49.687066	0.717583	continued:5	124384776697171140630079328682461662975044243401923320030869	498768035658202821504918316513	-1,-8,-8,-8,-8,-8	-8,-8,-8,-8,-8	ok
-0.891743	-18.473728	-50.138710	0.715458	continued:5	124384776697171140630079328682461662975044243401923320030869	498768035658202821504918316513	-1,-8,-8,-8,-8,-8	-8,-8,-8,-8,-8	ok
-0.888907	-18.473728	-50.524740	0.714003	continued:5	124384776697171140630079328682461662975044243401923320030869	498768035658202821504918316513	-1,-8,-8,-8,-8,-8	-8,-8,-8,-8,-8	ok
-0.886072	-18.473728	-50.849392	0.713088	continued:5	124384776697171140630079328682461662975044243401923320030869	498768035658202821504918316513	-1,-8,-8,-8,-8,-8	-8,-8,-8,-8,-8	ok
-0.883236	-18.473728	-51.118273	0.712714	continued:5	124384776697171140630079328682461662975044243401923320030869	498768035658202821504918316513	-1,-8,-8,-8,-8,-8	-8,-8,-8,-8,-8	ok
-0.880400	-18.473728	-51.336697	0.712340	full	124384776697171140630079328682461662975044243401923320030869	498768035658202821504918316513	-1,-8,-8,-8,-8,-8	-8,-8,-8,-8,-8	ok
-0.877565	-18.473728	-47.552775	0.724167	continued:5	124384776697171140630079328682461662975044243401923320030869	498768035658202821504918316513	-1,-8,-8,-8,-8,-8	-8,-8,-8,-8,-8	ok
-0.874729	-18.473728	-48.283139	0.721374	continued:5	124384776697171140630079328682461662975044243401923320030869	498768035658202821504918316513	-1,-8,-8,-8,-8,-8	-8,-8,-8,-8,-8	ok
-0.871893	-18.473728	-48.919771	0.718580	continued:5	124384776697171140630079328682461662975044243401923320030869	498768035658202821504918316513	-1,-8,-8,-8,-8,-8	-8,-8,-8,-8,-8	ok
-0.869058	-18.473728	-49.472940	0.715787	continued:5	124384776697171140630079328682461662975044243401923320030869	498768035658202821504918316513	-1,-8,-8,-8,-8,-8	-8,-8,-8,-8,-8	ok
-0.866222	-18.473728	-49.952368	0.713328	continued:5	124384776697171140630079328682461662975044243401923320030869	498768035658202821504918316513	-1,-8,-8,-8,-8,-8	-8,-8,-8,-8,-8	ok
-0.863386	-18.473728	-50.364652	0.711538	continued:5	124384776697171140630079328682461662975044243401923320030869	498768035658202821504918316513	-1,-8,-8,-8,-8,-8	-8,-8,-8,-8,-8	ok
-0.860550	-18.473728	-50.713826	0.710495	continued:5	124384776697171140630079328682461662975044243401923320030869	498768035658202821504918316513	-1,-8,-8,-8,-8,-8	-8,-8,-8,-8,-8	ok
-0.857715	-18.473728	-51.003782	0.709787	continued:5	124384776697171140630079328682461662975044243401923320030869	498768035658202821504918316513	-1,-8,-8,-8,-8,-8	-8,-8,-8,-8,-8	ok
-0.854879	-18.473728	-51.241968	0.709954	full	124384776697171140630079328682461662975044243401923320030869	498768035658202821504918316513	-1,-8,-8,-8,-8,-8	-8,-8,-8,-8,-8	ok
-0.852043	-18.473728	-47.794469	0.720754	continued:5	124384776697171140630079328682461662975044243401923320030869	498768035658202821504918316513	-1,-8,-8,-8,-8,-8	-8,-8,-8,-8,-8	ok
-0.849208	-18.473728	-48.493844	0.717961	continued:5	124384776697171140630079328682461662975044243401923320030869	498768035658202821504918316513	-1,-8,-8,-8,-8,-8	-8,-8,-8,-8,-8	ok
-0.846372	-18.473728	-49.101814	0.715168	continued:5	124384776697171140630079328682461662975044243401923320030869	498768035658202821504918316513	-1,-8,-8,-8,-8,-8	-8,-8,-8,-8,-8	ok
-0.843536	-18.473728	-49.628824	0.712374	continued:5	124384776697171140630079328682461662975044243401923320030869	498768035658202821504918316513	-1,-8,-8,-8,-8,-8	-8,-8,-8,-8,-8	ok
-0.840701	-18.473728	-50.084825	0.710122	continued:5	124384776697171140630079328682461662975044243401923320030869	498768035658202821504918316513	-1,-8,-8,-8,-8,-8	-8,-8,-8,-8,-8	ok
-0.837865	-18.473728	-50.474758	0.708332	continued:5	124384776697171140630079328682461662975044243401923320030869	498768035658202821504918316513	-1,-8,-8,-8,-8,-8	-8,-8,-8,-8,-8	ok
-0.835029	-18.473728	-50.804721	0.707417	continued:5	124384776697171140630079328682461662975044243401923320030869	498768035658202821504918316513	-1,-8,-8,-8,-8,-8	-8,-8,-8,-8,-8	ok
-0.832193	-18.473728	-51.077308	0.706709	continued:5	124384776697171140630079328682461662975044243401923320030869	498768035658202821504918316513	-1,-8,-8,-8,-8,-8	-8,-8,-8,-8,-8	ok
-0.829358	-18.473728	-51.300922	0.706335	full	124384776697171140630079328682461662975044243401923320030869	498768035658202821504918316513	-1,-8,-8,-8,-8,-8	-8,-8,-8,-8,-8	ok
-0.826522	-18.473728	-48.037033	0.717246	continued:5	124384776697171140630079328682461662975044243401923320030869	498768035658202821504918316513	-1,-8,-8,-8,-8,-8	-8,-8,-8,-8,-8	ok
-0.823686	-18.473728	-48.704984	0.714453	continued:5	124384776697171140630079328682461662975044243401923320030869	498768035658202821504918316513	-1,-8,-8,-8,-8,-8	-8,-8,-8,-8,-8	ok
-0.820851	-18.473728	-49.284076	0.711659	continued:5	124384776697171140630079328682461662975044243401923320030869	498768035658202821504918316513	-1,-8,-8,-8,-8,-8	-8,-8,-8,-8,-8	ok
-0.818015	-18.473728	-49.784953	0.708866	continued:5	124384776697171140630079328682461662975044243401923320030869	498768035658202821504918316513	-1,-8,-8,-8,-8,-8	-8,-8,-8,-8,-8	ok
-0.815179	-18.473728	-50.217741	0.706741	continued:5	124384776697171140630079328682461662975044243401923320030869	498768035658202821504918316513	-1,-8,-8,-8,-8,-8	-8,-8,-8,-8,-8	ok
-0.812344	-18.473728	-50.586329	0.705158	continued:5	124384776697171140630079328682461662975044243401923320030869	498768035658202821504918316513	-1,-8,-8,-8,-8,-8	-8,-8,-8,-8,-8	ok
-0.809508	-18.473728	-50.896281	0.704243	continued:5	124384776697171140630079328682461662975044243401923320030869	498768035658202821504918316513	-1,-8,-8,-8,-8,-8	-8,-8,-8,-8,-8	ok
-0.806672	-18.473728	-51.152002	0.703741	continued:5	124384776697171140630079328682461662975044243401923320030869	498768035658202821504918316513	-1,-8,-8,-8,-8,-8	-8,-8,-8,-8,-8	ok
-0.803837	-18.473728	-51.359835	0.703368	full	124384776697171140630079328682461662975044243401923320030869	498768035658202821504918316513	-1,-8,-8,-8,-8,-8	-8,-8,-8,-8,-8	ok
-0.801001	-18.473728	-48.283096	0.713621	continued:5	124384776697171140630079328682461662975044243401923320030869	498768035658202821504918316513	-1,-8,-8,-8,-8,-8	-8,-8,-8,-8,-8	ok
-0.798165	-18.473728	-48.918899	0.710827	continued:5	124384776697171140630079328682461662975044243401923320030869	498768035658202821504918316513	-1,-8,-8,-8,-8,-8	-8,-8,-8,-8,-8	ok
-0.795329	-18.473728	-49.468678	0.708034	continued:5	124384776697171140630079328682461662975044243401923320030869	498768035658202821504918316513	-1,-8,-8,-8,-8,-8	-8,-8,-8,-8,-8	ok
-0.792494	-18.473728	-49.943265	0.705368	continued:5	124384776697171140630079328682461662975044243401923320030869	498768035658202821504918316513	-1,-8,-8,-8,-8,-8	-8,-8,-8,-8,-8	ok
-0.789658	-18.473728	-50.351786	0.703450	continued:5	124384776697171140630079328682461662975044243401923320030869	498768035658202821504918316513	-1,-8,-8,-8,-8,-8	-8,-8,-8,-8,-8	ok
-0.786822	-18.473728	-50.697674	0.701995	continued:5	124384776697171140630079328682461662975044243401923320030869	498768035658202821504918316513	-1,-8,-8,-8,-8,-8	-8,-8,-8,-8,-8	ok
-0.783987	-18.473728	-50.987319	0.701080	continued:5	124384776697171140630079328682461662975044243401923320030869	498768035658202821504918316513	-1,-8,-8,-8,-8,-8	-8,-8,-8,-8,-8	ok
-0.781151	-18.473728	-51.226036	0.700706	continued:5	124384776697171140630079328682461662975044243401923320030869	498768035658202821504918316513	-1,-8,-8,-8,-8,-8	-8,-8,-8,-8,-8	ok
-0.778315	-18.473728	-51.418688	0.700332	full	124384776697171140630079328682461662975044243401923320030869	498768035658202821504918316513	-1,-8,-8,-8,-8,-8	-8,-8,-8,-8,-8	ok
-0.775480	-18.473728	-47.883145	0.712248	continued:5	124384776697171140630079328682461662975044243401923320030869	498768035658202821504918316513	-1,-8,-8,-8,-8,-8	-8,-8,-8,-8,-8	ok
-0.772644	-18.473728	-48.573928	0.709455	continued:5	124384776697171140630079328682461662975044243401923320030869	498768035658202821504918316513	-1,-8,-8,-8,-8,-8	-8,-8,-8,-8,-8	ok
-0.769808	-18.473728	-49.170776	0.706662	continued:5	124384776697171140630079328682461662975044243401923320030869	498768035658202821504918316513	-1,-8,-8,-8,-8,-8	-8,-8,-8,-8,-8	ok
-0.766972	-18.473728	-49.685492	0.703868	continued:5	124384776697171140630079328682461662975044243401923320030869	498768035658202821504918316513	-1,-8,-8,-8,-8,-8	-8,-8,-8,-8,-8	ok
-0.764137	-18.473728	-50.129030	0.701616	continued:5	124384776697171140630079328682461662975044243401923320030869	498768035658202821504918316513	-1,-8,-8,-8,-8,-8	-8,-8,-8,-8,-8	ok
-0.761301	-18.473728	-50.506948	0.699826	continued:5	124384776697171140630079328682461662975044243401923320030869	498768035658202821504918316513	-1,-8,-8,-8,-8,-8	-8,-8,-8,-8,-8	ok
-0.758465	-18.473728	-50.825726	0.698576	continued:5	124384776697171140630079328682461662975044243401923320030869	498768035658202821504918316513	-1,-8,-8,-8,-8,-8	-8,-8,-8,-8,-8	ok
-0.755630	-18.473728	-51.090886	0.697740	continued:5	124384776697171140630079328682461662975044243401923320030869	498768035658202821504918316513	-1,-8,-8,-8,-8,-8	-8,-8,-8,-8,-8	ok
-0.752794	-18.473728	-51.308628	0.697367	continued:5	124384776697171140630079328682461662975044243401923320030869	498768035658202821504918316513	-1,-8,-8,-8,-8,-8	-8,-8,-8,-8,-8	ok
-0.749958	-18.473728	-51.483985	0.696993	full	124384776697171140630079328682461662975044243401923320030869	498768035658202821504918316513	-1,-8,-8,-8,-8,-8	-8,-8,-8,-8,-8	ok
-0.747123	-18.473728	-48.229827	0.708230	continued:5	124384776697171140630079328682461662975044243401923320030869	498768035658202821504918316513	-1,-8,-8,-8,-8,-8	-8,-8,-8,-8,-8	ok
-0.744287	-18.473728	-48.872088	0.705437	continued:5	124384776697171140630079328682461662975044243401923320030869	498768035658202821504918316513	-1,-8,-8,-8,-8,-8	-8,-8,-8,-8,-8	ok
-0.741451	-18.473728	-49.425585	0.702643	continued:5	124384776697171140630079328682461662975044243401923320030869	498768035658202821504918316513	-1,-8,-8,-8,-8,-8	-8,-8,-8,-8,-8	ok
-0.738616	-18.473728	-49.902030	0.699850	continued:5	124384776697171140630079328682461662975044243401923320030869	498768035658202821504918316513	-1,-8,-8,-8,-8,-8	-8,-8,-8,-8,-8	ok
-0.735780	-18.473728	-50.312277	0.697598	continued:5	124384776697171140630079328682461662975044243401923320030869	498768035658202821504918316513	-1,-8,-8,-8,-8,-8	-8,-8,-8,-8,-8	ok
-0.732944	-18.473728	-50.661658	0.696142	continued:5	124384776697171140630079328682461662975044243401923320030869	498768035658202821504918316513	-1,-8,-8,-8,-8,-8	-8,-8,-8,-8,-8	ok
-0.730108	-18.473728	-50.953447	0.695099	continued:5	124384776697171140630079328682461662975044243401923320030869	498768035658202821504918316513	-1,-8,-8,-8,-8,-8	-8,-8,-8,-8,-8	ok
-0.727273	-18.473728	-51.194383	0.694391	continued:5	124384776697171140630079328682461662975044243401923320030869	498768035658202821504918316513	-1,-8,-8,-8,-8,-8	-8,-8,-8,-8,-8	ok
-0.724437	-18.473728	-51.391072	0.694017	continued:5	124384776697171140630079328682461662975044243401923320030869	498768035658202821504918316513	-1,-8,-8,-8,-8,-8	-8,-8,-8,-8,-8	ok
-0.721601	-18.473728	-51.549157	0.692975	full	124384776697171140630079328682461662975044243401923320030869	498768035658202821504918316513	-1,-8,-8,-8,-8,-8	-8,-8,-8,-8,-8	ok
-0.718766	-18.473728	-47.850393	0.706280	continued:5	124384776697171140630079328682461662975044243401923320030869	498768035658202821504918316513	-1,-8,-8,-8,-8,-8	-8,-8,-8,-8,-8	ok
-0.715930	-18.473728	-48.548460	0.703487	continued:5	124384776697171140630079328682461662975044243401923320030869	498768035658202821504918316513	-1,-8,-8,-8,-8,-8	-8,-8,-8,-8,-8	ok
-0.713094	-18.473728	-49.149026	0.700693	continued:5	124384776697171140630079328682461662975044243401923320030869	498768035658202821504918316513	-1,-8,-8,-8,-8,-8	-8,-8,-8,-8,-8	ok
-0.710259	-18.473728	-49.665078	0.697900	continued:5	124384776697171140630079328682461662975044243401923320030869	498768035658202821504918316513	-1,-8,-8,-8,-8,-8	-8,-8,-8,-8,-8	ok
-0.707423	-18.473728	-50.108410	0.695441	continued:5	124384776697171140630079328682461662975044243401923320030869	498768035658202821504918316513	-1,-8,-8,-8,-8,-8	-8,-8,-8,-8,-8	ok
-0.704587	-18.473728	-50.486930	0.693523	continued:5	124384776697171140630079328682461662975044243401923320030869	498768035658202821504918316513	-1,-8,-8,-8,-8,-8	-8,-8,-8,-8,-8	ok
-0.701751	-18.473728	-50.806434	0.692146	continued:5	124384776697171140630079328682461662975044243401923320030869	498768035658202821504918316513	-1,-8,-8,-8,-8,-8	-8,-8,-8,-8,-8	ok
-0.698916	-18.473728	-51.072541	0.691104	continued:5	124384776697171140630079328682461662975044243401923320030869	498768035658202821504918316513	-1,-8,-8,-8,-8,-8	-8,-8,-8,-8,-8	ok
-0.696080	-18.473728	-51.292167	0.690602	continued:5	124384776697171140630079328682461662975044243401923320030869	498768035658202821504918316513	-1,-8,-8,-8,-8,-8	-8,-8,-8,-8,-8	ok
-0.693244	-18.473728	-51.469568	0.690228	full	124384776697171140630079328682461662975044243401923320030869	498768035658202821504918316513	-1,-8,-8,-8,-8,-8	-8,-8,-8,-8,-8	ok
-0.690409	-18.473728	-48.205188	0.702248	continued:5	124384776697171140630079328682461662975044243401923320030869	498768035658202821504918316513	-1,-8,-8,-8,-8,-8	-8,-8,-8,-8,-8	ok
-0.687573	-18.473728	-48.852525	0.699455	continued:5	124384776697171140630079328682461662975044243401923320030869	498768035658202821504918316513	-1,-8,-8,-8,-8,-8	-8,-8,-8,-8,-8	ok
-0.684737	-18.473728	-49.408183	0.696661	continued:5	124384776697171140630079328682461662975044243401923320030869	498768035658202821504918316513	-1,-8,-8,-8,-8,-8	-8,-8,-8,-8,-8	ok
-0.681902	-18.473728	-49.884879	0.693868	continued:5	124384776697171140630079328682461662975044243401923320030869	498768035658202821504918316513	-1,-8,-8,-8,-8,-8	-8,-8,-8,-8,-8	ok
-0.679066	-18.473728	-50.294187	0.691616	continued:5	124384776697171140630079328682461662975044243401923320030869	498768035658202821504918316513	-1,-8,-8,-8,-8,-8	-8,-8,-8,-8,-8	ok
-0.676230	-18.473728	-50.641898	0.689825	continued:5	124384776697171140630079328682461662975044243401923320030869	498768035658202821504918316513	-1,-8,-8,-8,-8,-8	-8,-8,-8,-8,-8	ok
-0.673394	-18.473728	-50.934435	0.688576	continued:5	124384776697171140630079328682461662975044243401923320030869	498768035658202821504918316513	-1,-8,-8,-8,-8,-8	-8,-8,-8,-8,-8	ok
-0.670559	-18.473728	-51.177062	0.687740	continued:5	124384776697171140630079328682461662975044243401923320030869	498768035658202821504918316513	-1,-8,-8,-8,-8,-8	-8,-8,-8,-8,-8	ok
-0.667723	-18.473728	-51.375623	0.687239	continued:5	124384776697171140630079328682461662975044243401923320030869	498768035658202821504918316513	-1,-8,-8,-8,-8,-8	-8,-8,-8,-8,-8	ok
-0.664887	-18.473728	-51.535801	0.686865	full	124384776697171140630079328682461662975044243401923320030869	498768035658202821504918316513	-1,-8,-8,-8,-8,-8	-8,-8,-8,-8,-8	ok
-0.662052	-18.473728	-47.896531	0.700395	continued:5	124384776697171140630079328682461662975044243401923320030869	498768035658202821504918316513	-1,-8,-8,-8,-8,-8	-8,-8,-8,-8,-8	ok
-0.659216	-18.473728	-48.587926	0.697602	continued:5	124384776697171140630079328682461662975044243401923320030869	498768035658202821504918316513	-1,-8,-8,-8,-8,-8	-8,-8,-8,-8,-8	ok
-0.656380	-18.473728	-49.180396	0.694809	continued:5	124384776697171140630079328682461662975044243401923320030869	498768035658202821504918316513	-1,-8,-8,-8,-8,-8	-8,-8,-8,-8,-8	ok
-0.653545	-18.473728	-49.687834	0.692015	continued:5	124384776697171140630079328682461662975044243401923320030869	498768035658202821504918316513	-1,-8,-8,-8,-8,-8	-8,-8,-8,-8,-8	ok
-0.650709	-18.473728	-50.122660	0.689350	continued:5	124384776697171140630079328682461662975044243401923320030869	498768035658202821504918316513	-1,-8,-8,-8,-8,-8	-8,-8,-8,-8,-8	ok
-0.647873	-18.473728	-50.494970	0.687225	continued:5	124384776697171140630079328682461662975044243401923320030869	498768035658202821504918316513	-1,-8,-8,-8,-8,-8	-8,-8,-8,-8,-8	ok
-0.645038	-18.473728	-50.810332	0.685641	continued:5	124384776697171140630079328682461662975044243401923320030869	498768035658202821504918316513	-1,-8,-8,-8,-8,-8	-8,-8,-8,-8,-8	ok
-0.642202	-18.473728	-51.074113	0.684727	continued:5	124384776697171140630079328682461662975044243401923320030869	498768035658202821504918316513	-1,-8,-8,-8,-8,-8	-8,-8,-8,-8,-8	ok
-0.639366	-18.473728	-51.290175	0.683891	continued:5	124384776697171140630079328682461662975044243401923320030869	498768035658202821504918316513	-1,-8,-8,-8,-8,-8	-8,-8,-8,-8,-8	ok
-0.636530	-18.473728	-51.467008	0.683517	continued:5	124384776697171140630079328682461662975044243401923320030869	498768035658202821504918316513	-1,-8,-8,-8,-8,-8	-8,-8,-8,-8,-8	ok
-0.633695	-18.473728	-51.608422	0.683143	full	124384776697171140630079328682461662975044243401923320030869	498768035658202821504918316513	-1,-8,-8,-8,-8,-8	-8,-8,-8,-8,-8	ok
-0.630859	-18.473728	-48.348784	0.695392	continued:5	124384776697171140630079328682461662975044243401923320030869	498768035658202821504918316513	-1,-8,-8,-8,-8,-8	-8,-8,-8,-8,-8	ok
-0.628023	-18.473728	-48.977238	0.692599	continued:5	124384776697171140630079328682461662975044243401923320030869	498768035658202821504918316513	-1,-8,-8,-8,-8,-8	-8,-8,-8,-8,-8	ok
-0.625188	-18.473728	-49.514406	0.689805	continued:5	124384776697171140630079328682461662975044243401923320030869	498768035658202821504918316513	-1,-8,-8,-8,-8,-8	-8,-8,-8,-8,-8	ok
-0.622352	-18.473728	-49.973704	0.687012	continued:5	124384776697171140630079328682461662975044243401923320030869	498768035658202821504918316513	-1,-8,-8,-8,-8,-8	-8,-8,-8,-8,-8	ok
-0.619516	-18.473728	-50.367153	0.684760	continued:5	124384776697171140630079328682461662975044243401923320030869	498768035658202821504918316513	-1,-8,-8,-8,-8,-8	-8,-8,-8,-8,-8	ok
-0.616681	-18.473728	-50.700723	0.682970	continued:5	124384776697171140630079328682461662975044243401923320030869	498768035658202821504918316513	-1,-8,-8,-8,-8,-8	-8,-8,-8,-8,-8	ok
-0.613845	-18.473728	-50.980865	0.681593	continued:5	124384776697171140630079328682461662975044243401923320030869	498768035658202821504918316513	-1,-8,-8,-8,-8,-8	-8,-8,-8,-8,-8	ok
-0.611009	-18.473728	-51.213843	0.680678	continued:5	124384776697171140630079328682461662975044243401923320030869	498768035658202821504918316513	-1,-8,-8,-8,-8,-8	-8,-8,-8,-8,-8	ok
-0.608173	-18.473728	-51.404708	0.680176	continued:5	124384776697171140630079328682461662975044243401923320030869	498768035658202821504918316513	-1,-8,-8,-8,-8,-8	-8,-8,-8,-8,-8	ok
-0.605338	-18.473728	-51.558223	0.679802	continued:5	124384776697171140630079328682461662975044243401923320030869	498768035658202821504918316513	-1,-8,-8,-8,-8,-8	-8,-8,-8,-8,-8	ok
-0.602502	-18.473728	-51.680761	0.679429	full	124384776697171140630079328682461662975044243401923320030869	498768035658202821504918316513	-1,-8,-8,-8,-8,-8	-8,-8,-8,-8,-8	ok
-0.599666	-18.473728	-47.953827	0.693541	continued:5	124384776697171140630079328682461662975044243401923320030869	498768035658202821504918316513	-1,-8,-8,-8,-8,-8	-8,-8,-8,-8,-8	ok
-0.596831	-18.473728	-48.640634	0.690747	continued:5	124384776697171140630079328682461662975044243401923320030869	498768035658202821504918316513	-1,-8,-8,-8,-8,-8	-8,-8,-8,-8,-8	ok
-0.593995	-18.473728	-49.226367	0.687954	continued:5	124384776697171140630079328682461662975044243401923320030869	498768035658202821504918316513	-1,-8,-8,-8,-8,-8	-8,-8,-8,-8,-8	ok
-0.591159	-18.473728	-49.726029	0.685161	continued:5	124384776697171140630079328682461662975044243401923320030869	498768035658202821504918316513	-1,-8,-8,-8,-8,-8	-8,-8,-8,-8,-8	ok
-0.588324	-18.473728	-50.152823	0.682367	continued:5	124384776697171140630079328682461662975044243401923320030869	498768035658202821504918316513	-1,-8,-8,-8,-8,-8	-8,-8,-8,-8,-8	ok
-0.585488	-18.473728	-50.518479	0.680243	continued:5	124384776697171140630079328682461662975044243401923320030869	498768035658202821504918316513	-1,-8,-8,-8,-8,-8	-8,-8,-8,-8,-8	ok
-0.582652	-18.473728	-50.827453	0.678659	continued:5	124384776697171140630079328682461662975044243401923320030869	498768035658202821504918316513	-1,-8,-8,-8,-8,-8	-8,-8,-8,-8,-8	ok
-0.579817	-18.473728	-51.085290	0.677410	continued:5	124384776697171140630079328682461662975044243401923320030869	498768035658202821504918316513	-1,-8,-8,-8,-8,-8	-8,-8,-8,-8,-8	ok
-0.576981	-18.473728	-51.298773	0.676495	continued:5	124384776697171140630079328682461662975044243401923320030869	498768035658202821504918316513	-1,-8,-8,-8,-8,-8	-8,-8,-8,-8,-8	ok
-0.574145	-18.473728	-51.473668	0.675993	continued:5	124384776697171140630079328682461662975044243401923320030869	498768035658202821504918316513	-1,-8,-8,-8,-8,-8	-8,-8,-8,-8,-8	ok
-0.571309	-18.473728	-51.614142	0.675620	full	124384776697171140630079328682461662975044243401923320030869	498768035658202821504918316513	-1,-8,-8,-8,-8,-8	-8,-8,-8,-8,-8	ok
-0.568474	-18.473728	-48.413420	0.688490	continued:5	124384776697171140630079328682461662975044243401923320030869	498768035658202821504918316513	-1,-8,-8,-8,-8,-8	-8,-8,-8,-8,-8	ok
-0.565638	-18.473728	-49.034603	0.685697	continued:5	124384776697171140630079328682461662975044243401923320030869	498768035658202821504918316513	-1,-8,-8,-8,-8,-8	-8,-8,-8,-8,-8	ok
-0.562802	-18.473728	-49.563280	0.682903	continued:5	124384776697171140630079328682461662975044243401923320030869	498768035658202821504918316513	-1,-8,-8,-8,-8,-8	-8,-8,-8,-8,-8	ok
-0.559967	-18.473728	-50.013745	0.680110	continued:5	124384776697171140630079328682461662975044243401923320030869	498768035658202821504918316513	-1,-8,-8,-8,-8,-8	-8,-8,-8,-8,-8	ok
-0.557131	-18.473728	-50.398605	0.677779	continued:5	124384776697171140630079328682461662975044243401923320030869	498768035658202821504918316513	-1,-8,-8,-8,-8,-8	-8,-8,-8,-8,-8	ok
-0.554295	-18.473728	-50.724835	0.675861	continued:5	124384776697171140630079328682461662975044243401923320030869	498768035658202821504918316513	-1,-8,-8,-8,-8,-8	-8,-8,-8,-8,-8	ok
-0.551460	-18.473728	-50.999316	0.674405	continued:5	124384776697171140630079328682461662975044243401923320030869	498768035658202821504918316513	-1,-8,-8,-8,-8,-8	-8,-8,-8,-8,-8	ok
-0.548624	-18.473728	-51.227732	0.673490	continued:5	124384776697171140630079328682461662975044243401923320030869	498768035658202821504918316513	-1,-8,-8,-8,-8,-8	-8,-8,-8,-8,-8	ok
-0.545788	-18.473728	-51.414371	0.672782	continued:5	124384776697171140630079328682461662975044243401923320030869	498768035658202821504918316513	-1,-8,-8,-8,-8,-8	-8,-8,-8,-8,-8	ok
-0.542952	-18.473728	-51.565786	0.672280	continued:5	124384776697171140630079328682461662975044243401923320030869	498768035658202821504918316513	-1,-8,-8,-8,-8,-8	-8,-8,-8,-8,-8	ok
-0.540117	-18.473728	-51.687338	0.671906	full	124384776697171140630079328682461662975044243401923320030869	498768035658202821504918316513	-1,-8,-8,-8,-8,-8	-8,-8,-8,-8,-8	ok
-0.537281	-18.473728	-48.282968	0.685665	continued:5	124384776697171140630079328682461662975044243401923320030869	498768035658202821504918316513	-1,-8,-8,-8,-8,-8	-8,-8,-8,-8,-8	ok
-0.534445	-18.473728	-48.924881	0.682872	continued:5	124384776697171140630079328682461662975044243401923320030869	498768035658202821504918316513	-1,-8,-8,-8,-8,-8	-8,-8,-8,-8,-8	ok
-0.531610	-18.473728	-49.469921	0.680078	continued:5	124384776697171140630079328682461662975044243401923320030869	498768035658202821504918316513	-1,-8,-8,-8,-8,-8	-8,-8,-8,-8,-8	ok
-0.528774	-18.473728	-49.933310	0.677285	continued:5	124384776697171140630079328682461662975044243401923320030869	498768035658202821504918316513	-1,-8,-8,-8,-8,-8	-8,-8,-8,-8,-8	ok
-0.525938	-18.473728	-50.328346	0.674826	continued:5	124384776697171140630079328682461662975044243401923320030869	498768035658202821504918316513	-1,-8,-8,-8,-8,-8	-8,-8,-8,-8,-8	ok
-0.523103	-18.473728	-50.663662	0.672702	continued:5	124384776697171140630079328682461662975044243401923320030869	498768035658202821504918316513	-1,-8,-8,-8,-8,-8	-8,-8,-8,-8,-8	ok
-0.520267	-18.473728	-50.947010	0.671246	continued:5	124384776697171140630079328682461662975044243401923320030869	498768035658202821504918316513	-1,-8,-8,-8,-8,-8	-8,-8,-8,-8,-8	ok
-0.517431	-18.473728	-51.182275	0.669996	continued:5	124384776697171140630079328682461662975044243401923320030869	498768035658202821504918316513	-1,-8,-8,-8,-8,-8	-8,-8,-8,-8,-8	ok
-0.514595	-18.473728	-51.377034	0.669082	continued:5	124384776697171140630079328682461662975044243401923320030869	498768035658202821504918316513	-1,-8,-8,-8,-8,-8	-8,-8,-8,-8,-8	ok
-0.511760	-18.473728	-51.536468	0.668580	continued:5	124384776697171140630079328682461662975044243401923320030869	498768035658202821504918316513	-1,-8,-8,-8,-8,-8	-8,-8,-8,-8,-8	ok
-0.508924	-18.473728	-51.664205	0.668078	continued:5	124384776697171140630079328682461662975044243401923320030869	498768035658202821504918316513	-1,-8,-8,-8,-8,-8	-8,-8,-8,-8,-8	ok
-0.506088	-18.473728	-51.766745	0.667705	full	124384776697171140630079328682461662975044243401923320030869	498768035658202821504918316513	-1,-8,-8,-8,-8,-8	-8,-8,-8,-8,-8	ok
-0.503253	-18.473728	-48.310640	0.682110	continued:5	124384776697171140630079328682461662975044243401923320030869	498768035658202821504918316513	-1,-8,-8,-8,-8,-8	-8,-8,-8,-8,-8	ok
-0.500417	-18.473728	-48.948414	0.679317	continued:5	124384776697171140630079328682461662975044243401923320030869	498768035658202821504918316513	-1,-8,-8,-8,-8,-8	-8,-8,-8,-8,-8	ok
-0.497581	-18.473728	-49.488774	0.676524	continued:5	124384776697171140630079328682461662975044243401923320030869	498768035658202821504918316513	-1,-8,-8,-8,-8,-8	-8,-8,-8,-8,-8	ok
-0.494746	-18.473728	-49.947391	0.673730	continued:5	124384776697171140630079328682461662975044243401923320030869	498768035658202821504918316513	-1,-8,-8,-8,-8,-8	-8,-8,-8,-8,-8	ok
-0.491910	-18.473728	-50.337855	0.671065	continued:5	124384776697171140630079328682461662975044243401923320030869	498768035658202821504918316513	-1,-8,-8,-8,-8,-8	-8,-8,-8,-8,-8	ok
-0.489074	-18.473728	-50.670804	0.668940	continued:5	124384776697171140630079328682461662975044243401923320030869	498768035658202821504918316513	-1,-8,-8,-8,-8,-8	-8,-8,-8,-8,-8	ok
-0.486239	-18.473728	-50.951806	0.667357	continued:5	124384776697171140630079328682461662975044243401923320030869	498768035658202821504918316513	-1,-8,-8,-8,-8,-8	-8,-8,-8,-8,-8	ok
-0.483403	-18.473728	-51.185946	0.665980	continued:5	124384776697171140630079328682461662975044243401923320030869	498768035658202821504918316513	-1,-8,-8,-8,-8,-8	-8,-8,-8,-8,-8	ok
-0.480567	-18.473728	-51.380616	0.665065	continued:5	124384776697171140630079328682461662975044243401923320030869	498768035658202821504918316513	-1,-8,-8,-8,-8,-8	-8,-8,-8,-8,-8	ok
-0.477731	-18.473728	-51.539725	0.664357	continued:5	124384776697171140630079328682461662975044243401923320030869	498768035658202821504918316513	-1,-8,-8,-8,-8,-8	-8,-8,-8,-8,-8	ok
-0.474896	-18.473728	-51.668756	0.663983	continued:5	124384776697171140630079328682461662975044243401923320030869	498768035658202821504918316513	-1,-8,-8,-8,-8,-8	-8,-8,-8,-8,-8	ok
-0.472060	-18.473728	-51.771060	0.663609	continued:5	124384776697171140630079328682461662975044243401923320030869	498768035658202821504918316513	-1,-8,-8,-8,-8,-8	-8,-8,-8,-8,-8	ok
-0.469224	-18.473728	-51.852200	0.663235	full	124384776697171140630079328682461662975044243401923320030869	498768035658202821504918316513	-1,-8,-8,-8,-8,-8	-8,-8,-8,-8,-8	ok
-0.466389	-18.473728	-48.493072	0.677327	continued:5	124384776697171140630079328682461662975044243401923320030869	498768035658202821504918316513	-1,-8,-8,-8,-8,-8	-8,-8,-8,-8,-8	ok
-0.463553	-18.473728	-49.106379	0.674534	continued:5	124384776697171140630079328682461662975044243401923320030869	498768035658202821504918316513	-1,-8,-8,-8,-8,-8	-8,-8,-8,-8,-8	ok
-0.460717	-18.473728	-49.624775	0.671740	continued:5	124384776697171140630079328682461662975044243401923320030869	498768035658202821504918316513	-1,-8,-8,-8,-8,-8	-8,-8,-8,-8,-8	ok
-0.457882	-18.473728	-50.064015	0.668947	continued:5	124384776697171140630079328682461662975044243401923320030869	498768035658202821504918316513	-1,-8,-8,-8,-8,-8	-8,-8,-8,-8,-8	ok
-0.455046	-18.473728	-50.437675	0.666488	continued:5	124384776697171140630079328682461662975044243401923320030869	498768035658202821504918316513	-1,-8,-8,-8,-8,-8	-8,-8,-8,-8,-8	ok
-0.452210	-18.473728	-50.754403	0.664570	continued:5	124384776697171140630079328682461662975044243401923320030869	498768035658202821504918316513	-1,-8,-8,-8,-8,-8	-8,-8,-8,-8,-8	ok
-0.449374	-18.473728	-51.019977	0.662780	continued:5	124384776697171140630079328682461662975044243401923320030869	498768035658202821504918316513	-1,-8,-8,-8,-8,-8	-8,-8,-8,-8,-8	ok
-0.446539	-18.473728	-51.243184	0.661531	continued:5	124384776697171140630079328682461662975044243401923320030869	498768035658202821504918316513	-1,-8,-8,-8,-8,-8	-8,-8,-8,-8,-8	ok
-0.443703	-18.473728	-51.427689	0.660616	continued:5	124384776697171140630079328682461662975044243401923320030869	498768035658202821504918316513	-1,-8,-8,-8,-8,-8	-8,-8,-8,-8,-8	ok
-0.440867	-18.473728	-51.578454	0.659908	continued:5	124384776697171140630079328682461662975044243401923320030869	498768035658202821504918316513	-1,-8,-8,-8,-8,-8	-8,-8,-8,-8,-8	ok
-0.438032	-18.473728	-51.700658	0.659406	continued:5	124384776697171140630079328682461662975044243401923320030869	498768035658202821504918316513	-1,-8,-8,-8,-8,-8	-8,-8,-8,-8,-8	ok
-0.435196	-18.473728	-51.798473	0.659032	full	124384776697171140630079328682461662975044243401923320030869	498768035658202821504918316513	-1,-8,-8,-8,-8,-8	-8,-8,-8,-8,-8	ok
-0.432360	-18.473728	-48.561135	0.673714	continued:5	124384776697171140630079328682461662975044243401923320030869	498768035658202821504918316513	-1,-8,-8,-8,-8,-8	-8,-8,-8,-8,-8	ok
-0.429525	-18.473728	-49.162837	0.670920	continued:5	124384776697171140630079328682461662975044243401923320030869	498768035658202821504918316513	-1,-8,-8,-8,-8,-8	-8,-8,-8,-8,-8	ok
-0.426689	-18.473728	-49.670543	0.668127	continued:5	124384776697171140630079328682461662975044243401923320030869	498768035658202821504918316513	-1,-8,-8,-8,-8,-8	-8,-8,-8,-8,-8	ok
-0.423853	-18.473728	-50.100203	0.665334	continued:5	124384776697171140630079328682461662975044243401923320030869	498768035658202821504918316513	-1,-8,-8,-8,-8,-8	-8,-8,-8,-8,-8	ok
-0.421018	-18.473728	-50.465469	0.662668	continued:5	124384776697171140630079328682461662975044243401923320030869	498768035658202821504918316513	-1,-8,-8,-8,-8,-8	-8,-8,-8,-8,-8	ok
-0.418182	-18.473728	-50.776828	0.660543	continued:5	124384776697171140630079328682461662975044243401923320030869	498768035658202821504918316513	-1,-8,-8,-8,-8,-8	-8,-8,-8,-8,-8	ok
-0.415346	-18.473728	-51.039529	0.658960	continued:5	124384776697171140630079328682461662975044243401923320030869	498768035658202821504918316513	-1,-8,-8,-8,-8,-8	-8,-8,-8,-8,-8	ok
-0.412510	-18.473728	-51.258272	0.657583	continued:5	124384776697171140630079328682461662975044243401923320030869	498768035658202821504918316513	-1,-8,-8,-8,-8,-8	-8,-8,-8,-8,-8	ok
-0.409675	-18.473728	-51.440089	0.656668	continued:5	124384776697171140630079328682461662975044243401923320030869	498768035658202821504918316513	-1,-8,-8,-8,-8,-8	-8,-8,-8,-8,-8	ok
-0.406839	-18.473728	-51.588498	0.655832	continued:5	124384776697171140630079328682461662975044243401923320030869	498768035658202821504918316513	-1,-8,-8,-8,-8,-8	-8,-8,-8,-8,-8	ok
-0.404003	-18.473728	-51.709766	0.655331	continued:5	124384776697171140630079328682461662975044243401923320030869	498768035658202821504918316513	-1,-8,-8,-8,-8,-8	-8,-8,-8,-8,-8	ok
-0.401168	-18.473728	-51.806689	0.654829	continued:5	124384776697171140630079328682461662975044243401923320030869	498768035658202821504918316513	-1,-8,-8,-8,-8,-8	-8,-8,-8,-8,-8	ok
-0.398332	-18.473728	-51.884413	0.654455	full	124384776697171140630079328682461662975044243401923320030869	498768035658202821504918316513	-1,-8,-8,-8,-8,-8	-8,-8,-8,-8,-8	ok
-0.395496	-18.473728	-48.241036	0.670813	continued:5	124384776697171140630079328682461662975044243401923320030869	498768035658202821504918316513	-1,-8,-8,-8,-8,-8	-8,-8,-8,-8,-8	ok
-0.392661	-18.473728	-48.897406	0.668019	continued:5	124384776697171140630079328682461662975044243401923320030869	498768035658202821504918316513	-1,-8,-8,-8,-8,-8	-8,-8,-8,-8,-8	ok
-0.389825	-18.473728	-49.448989	0.665226	continued:5	124384776697171140630079328682461662975044243401923320030869	498768035658202821504918316513	-1,-8,-8,-8,-8,-8	-8,-8,-8,-8,-8	ok
-0.386989	-18.473728	-49.913851	0.662433	continued:5	124384776697171140630079328682461662975044243401923320030869	498768035658202821504918316513	-1,-8,-8,-8,-8,-8	-8,-8,-8,-8,-8	ok
-0.384153	-18.473728	-50.307256	0.659639	continued:5	124384776697171140630079328682461662975044243401923320030869	498768035658202821504918316513	-1,-8,-8,-8,-8,-8	-8,-8,-8,-8,-8	ok
-0.381318	-18.473728	-50.642165	0.657308	continued:5	124384776697171140630079328682461662975044243401923320030869	498768035658202821504918316513	-1,-8,-8,-8,-8,-8	-8,-8,-8,-8,-8	ok
-0.378482	-18.473728	-50.925319	0.655390	continued:5	124384776697171140630079328682461662975044243401923320030869	498768035658202821504918316513	-1,-8,-8,-8,-8,-8	-8,-8,-8,-8,-8	ok
-0.375646	-18.473728	-51.163082	0.653934	continued:5	124384776697171140630079328682461662975044243401923320030869	498768035658202821504918316513	-1,-8,-8,-8,-8,-8	-8,-8,-8,-8,-8	ok
-0.372811	-18.473728	-51.360445	0.652685	continued:5	124384776697171140630079328682461662975044243401923320030869	498768035658202821504918316513	-1,-8,-8,-8,-8,-8	-8,-8,-8,-8,-8	ok
-0.369975	-18.473728	-51.523880	0.651642	continued:5	124384776697171140630079328682461662975044243401923320030869	498768035658202821504918316513	-1,-8,-8,-8,-8,-8	-8,-8,-8,-8,-8	ok
-0.367139	-18.473728	-51.658631	0.650934	continued:5	124384776697171140630079328682461662975044243401923320030869	498768035658202821504918316513	-1,-8,-8,-8,-8,-8	-8,-8,-8,-8,-8	ok
-0.364304	-18.473728	-51.767808	0.650226	continued:5	124384776697171140630079328682461662975044243401923320030869	498768035658202821504918316513	-1,-8,-8,-8,-8,-8	-8,-8,-8,-8,-8	ok
-0.361468	-18.473728	-51.856837	0.649852	continued:5	124384776697171140630079328682461662975044243401923320030869	498768035658202821504918316513	-1,-8,-8,-8,-8,-8	-8,-8,-8,-8,-8	ok
-0.358632	-18.473728	-51.927108	0.649478	continued:5	124384776697171140630079328682461662975044243401923320030869	498768035658202821504918316513	-1,-8,-8,-8,-8,-8	-8,-8,-8,-8,-8	ok
-0.355796	-18.473728	-51.982640	0.649104	full	124384776697171140630079328682461662975044243401923320030869	498768035658202821504918316513	-1,-8,-8,-8,-8,-8	-8,-8,-8,-8,-8	ok
-0.352961	-18.473728	-48.726350	0.664514	continued:5	124384776697171140630079328682461662975044243401923320030869	498768035658202821504918316513	-1,-8,-8,-8,-8,-8	-8,-8,-8,-8,-8	ok
-0.350125	-18.473728	-49.306874	0.661721	continued:5	124384776697171140630079328682461662975044243401923320030869	498768035658202821504918316513	-1,-8,-8,-8,-8,-8	-8,-8,-8,-8,-8	ok
-0.347289	-18.473728	-49.794388	0.658928	continued:5	124384776697171140630079328682461662975044243401923320030869	498768035658202821504918316513	-1,-8,-8,-8,-8,-8	-8,-8,-8,-8,-8	ok
-0.344454	-18.473728	-50.205504	0.656134	continued:5	124384776697171140630079328682461662975044243401923320030869	498768035658202821504918316513	-1,-8,-8,-8,-8,-8	-8,-8,-8,-8,-8	ok
-0.341618	-18.473728	-50.554222	0.653675	continued:5	124384776697171140630079328682461662975044243401923320030869	498768035658202821504918316513	-1,-8,-8,-8,-8,-8	-8,-8,-8,-8,-8	ok
-0.338782	-18.473728	-50.849238	0.651551	continued:5	124384776697171140630079328682461662975044243401923320030869	498768035658202821504918316513	-1,-8,-8,-8,-8,-8	-8,-8,-8,-8,-8	ok
-0.335947	-18.473728	-51.098004	0.649761	continued:5	124384776697171140630079328682461662975044243401923320030869	498768035658202821504918316513	-1,-8,-8,-8,-8,-8	-8,-8,-8,-8,-8	ok
-0.333111	-18.473728	-51.306805	0.648305	continued:5	124384776697171140630079328682461662975044243401923320030869	498768035658202821504918316513	-1,-8,-8,-8,-8,-8	-8,-8,-8,-8,-8	ok
-0.330275	-18.473728	-51.480862	0.647262	continued:5	124384776697171140630079328682461662975044243401923320030869	498768035658202821504918316513	-1,-8,-8,-8,-8,-8	-8,-8,-8,-8,-8	ok
-0.327440	-18.473728	-51.623769	0.646220	continued:5	124384776697171140630079328682461662975044243401923320030869	498768035658202821504918316513	-1,-8,-8,-8,-8,-8	-8,-8,-8,-8,-8	ok
-0.324604	-18.473728	-51.742126	0.645511	continued:5	124384776697171140630079328682461662975044243401923320030869	498768035658202821504918316513	-1,-8,-8,-8,-8,-8	-8,-8,-8,-8,-8	ok
-0.321768	-18.473728	-51.838219	0.645010	continued:5	124384776697171140630079328682461662975044243401923320030869	498768035658202821504918316513	-1,-8,-8,-8,-8,-8	-8,-8,-8,-8,-8	ok
-0.318932	-18.473728	-51.915018	0.644508	continued:5	124384776697171140630079328682461662975044243401923320030869	498768035658202821504918316513	-1,-8,-8,-8,-8,-8	-8,-8,-8,-8,-8	ok
-0.316097	-18.473728	-51.976687	0.644134	continued:5	124384776697171140630079328682461662975044243401923320030869	498768035658202821504918316513	-1,-8,-8,-8,-8,-8	-8,-8,-8,-8,-8	ok
-0.313261	-18.473728	-52.025378	0.643761	continued:5	124384776697171140630079328682461662975044243401923320030869	498768035658202821504918316513	-1,-8,-8,-8,-8,-8	-8,-8,-8,-8,-8	ok
-0.310425	-18.473728	-52.063903	0.643593	continued:5	124384776697171140630079328682461662975044243401923320030869	498768035658202821504918316513	-1,-8,-8,-8,-8,-8	-8,-8,-8,-8,-8	ok
-0.307590	-18.473728	-52.092667	0.642679	full	124384776697171140630079328682461662975044243401923320030869	498768035658202821504918316513	-1,-8,-8,-8,-8,-8	-8,-8,-8,-8,-8	ok
-0.304754	-18.473728								error: T SSCS does not start with ±1: [-2, -8, -8, -8, -8, -8]
-0.301918	-18.473728								error: T SSCS does not start with ±1: [-2, -8, -8, -8, -8, -8]
-0.299083	-18.473728								error: T SSCS does not start with ±1: [-2, -8, -8, -8, -8, -8]
-0.296247	-18.473728								error: T SSCS does not start with ±1: [-2, -8, -8, -8, -8, -8]
-0.293411	-18.473728								error: T SSCS does not start with ±1: [-2, -8, -8, -8, -8, -8]
-0.290575	-18.473728								error: T SSCS does not start with ±1: [-2, -8, -8, -8, -8, -8]
-0.287740	-18.473728								error: T SSCS does not start with ±1: [-2, -8, -8, -8, -8, -8]
-0.284904	-18.473728								error: T SSCS does not start with ±1: [-2, -8, -8, -8, -8, -8]
-0.282068	-18.473728								error: T SSCS does not start with ±1: [-2, -8, -8, -8, -8, -8]
-0.279233	-18.473728								error: T SSCS does not start with ±1: [-2, -8, -8, -8, -8, -8]
-0.276397	-18.473728								error: T SSCS does not start with ±1: [-2, -8, -8, -8, -8, -8]
-0.273561	-18.473728								error: T SSCS does not start with ±1: [-2, -8, -8, -8, -8, -8]
-0.270726	-18.473728								error: T SSCS does not start with ±1: [-2, 7, -8, -8, -8, -8]
-0.267890	-18.473728								error: T SSCS does not start with ±1: [-2, 7, -8, -8, -8, -8]
-0.265054	-18.473728								error: T SSCS does not start with ±1: [-2, 7, -8, -8, -8, -8]
-0.262219	-18.473728								error: T SSCS does not start with ±1: [-2, 7, -8, -8, -8]
-0.259383	-18.473728								error: T SSCS does not start with ±1: [-2, 7, -8, -8, -8]
-0.256547	-18.473728								error: T SSCS does not start with ±1: [-2, 7, -8, -8, -8]
-0.253711	-18.473728								error: T SSCS does not start with ±1: [-2, 7, 7, -8, 7]
-0.250876	-18.473728								error: T SSCS does not start with ±1: [-2, 7, 7, 7, 7]
-0.248040	-18.473728								error: T SSCS does not start with ±1: [-2, 7, 7, 7, 7]
-0.245204	-18.473728								error: T SSCS does not start with ±1: [-2, 7, 7, 7, 7]
-0.242369	-18.473728								error: T SSCS does not start with ±1: [-2, 7, 7, 7, 7]
-0.239533	-18.473728								error: T SSCS does not start with ±1: [-2, 7, 7, 7, 7]
-0.236697	-18.473728								error: T SSCS does not start with ±1: [-2, 7, 7, 7, 7]
-0.233862	-18.473728								error: T SSCS does not start with ±1: [-2, 7, 7, 7, 7]
-0.231026	-18.473728								error: T SSCS does not start with ±1: [-2, 7, 7, 7, 7]
-0.228190	-18.473728								error: T SSCS does not start with ±1: [-2, 7, 7, 7, 7]
-0.225354	-18.473728								error: T SSCS does not start with ±1: [-2, 7, 7, 7, 7]
-0.222519	-18.473728								error: T SSCS does not start with ±1: [-2, 7, 7, 7, 7]
-0.219683	-18.473728								error: T SSCS does not start with ±1: [-2, 7, 7, 7, 7]
-0.216847	-18.473728								error: T SSCS does not start with ±1: [-2, 7, 7, 7, 7]
-0.214012	-18.473728								error: T SSCS does not start with ±1: [-2, 7, 7, 7, 7]
-0.211176	-18.473728								error: T SSCS does not start with ±1: [-2, 7, 7, 7, 7]
-0.208340	-18.473728								error: T SSCS does not start with ±1: [-2, 7, 7, 7, 7]
-0.205505	-18.473728								error: T SSCS does not start with ±1: [-2, 7, 7, 7, 7]
-0.202669	-18.473728								error: T SSCS does not start with ±1: [-2, 7, 7, 7, 7]
-0.199833	-18.473728								error: T SSCS does not start with ±1: [-2, 7, 7, 7, 7]
-0.196997	-18.473728								error: T SSCS does not start with ±1: [-2, 7, 7, 7, 7, 7]
-0.194162	-18.473728								error: T SSCS does not start with ±1: [-2, 7, 7, 7, 7, 7]
-0.191326	-18.473728								error: T SSCS does not start with ±1: [-2, 7, 7, 7, 7, 7]
-0.188490	-18.473728								error: T SSCS does not start with ±1: [-2, 7, 7, 7, 7, 7]
-0.185655	-18.473728								error: T SSCS does not start with ±1: [-2, 7, 7, 7, 7, 7]
-0.182819	-18.473728								error: T SSCS does not start with ±1: [-2, 7, 7, 7, 7, 7]
-0.179983	-18.473728								error: T SSCS does not start with ±1: [-2, 7, 7, 7, 7, 7]
-0.177148	-18.473728								error: T SSCS does not start with ±1: [-2, 7, 7, 7, 7, 7]
-0.174312	-18.473728								error: T SSCS does not start with ±1: [-2, 7, 7, 7, 7, 7]
-0.171476	-18.473728								error: T SSCS does not start with ±1: [-2, 7, 7, 7, 7, 7]
-0.168641	-18.473728								error: T SSCS does not start with ±1: [-2, 7, 7, 7, 7, 7]
-0.165805	-18.473728								error: T SSCS does not start with ±1: [-2, 7, 7, 7, 7, 7]
-0.162969	-18.473728								error: T SSCS does not start with ±1: [-2, 7, 7, 7, 7, 7]
-0.160133	-18.473728								error: T SSCS does not start with ±1: [-2, 7, 7, 7, 7, 7]
-0.157298	-18.473728								error: T SSCS does not start with ±1: [-2, 7, 7, 7, 7, 7]
-0.154462	-18.473728								error: T SSCS does not start with ±1: [-2, 7, 7, 7, 7, 7]
-0.151626	-18.473728								error: T SSCS does not start with ±1: [-2, 7, 7, 7, 7, 7]
-0.148791	-18.473728								error: T SSCS does not start with ±1: [-2, 7, 7, 7, 7, 7]
-0.145955	-18.473728								error: T SSCS does not start with ±1: [-2, 7, 7, 7, 7, 7]
-0.143119	-18.473728								error: T SSCS does not start with ±1: [-2, 7, 7, 7, 7, 7]
-0.140284	-18.473728								error: T SSCS does not start with ±1: [-2, 7, 7, 7, 7, 7]
-0.137448	-18.473728								error: T SSCS does not start with ±1: [-2, 7, 7, 7, 7, 7]
-0.134612	-18.473728								error: T SSCS does not start with ±1: [-2, 7, 7, 7, 7, 7]
-0.131776	-18.473728								error: T SSCS does not start with ±1: [-2, 7, 7, 7, 7, 7]
-0.128941	-18.473728								error: T SSCS does not start with ±1: [-2, 7, 7, 7, 7, 7]
-0.126105	-18.473728								error: T SSCS does not start with ±1: [-2, 7, 7, 7, 7, 7]
-0.123269	-18.473728								error: T SSCS does not start with ±1: [-2, 7, 7, 7, 7, 7]
-0.120434	-18.473728								error: T SSCS does not start with ±1: [-2, 7, 7, 7, 7, 7]
-0.117598	-18.473728								error: T SSCS does not start with ±1: [-2, 7, 7, 7, 7, 7]
-0.114762	-18.473728								error: T SSCS does not start with ±1: [-2, 7, 7, 7, 7, 7]
-0.111927	-18.473728								error: T SSCS does not start with ±1: [-2, 7, 7, 7, 7, 7]
-0.109091	-18.473728								error: T SSCS does not start with ±1: [-2, 7, 7, 7, 7, 7]
-0.106255	-18.473728								error: T SSCS does not start with ±1: [-2, 7, 7, 7, 7, 7]
-0.103420	-18.473728								error: T SSCS does not start with ±1: [-2, 7, 7, 7, 7, 7]
-0.100584	-18.473728								error: T SSCS does not start with ±1: [-2, 7, 7, 7, 7, 7]
-0.097748	-18.473728								error: T SSCS does not start with ±1: [-2, 7, 7, 7, 7, 7]
-0.094912	-18.473728								error: T SSCS does not start with ±1: [-2, 7, 7, 7, 7, 7]
-0.092077	-18.473728								error: T SSCS does not start with ±1: [-2, 7, 7, 7, 7, 7]
-0.089241	-18.473728								error: T SSCS does not start with ±1: [-2, 7, 7, 7, 7, 7]
-0.086405	-18.473728								error: T SSCS does not start with ±1: [-2, 7, 7, 7, 7, 7]
-0.083570	-18.473728								error: T SSCS does not start with ±1: [-2, 7, 7, 7, 7, 7]
-0.080734	-18.473728								error: T SSCS does not start with ±1: [-2, 7, 7, 7, 7, 7]
-0.077898	-18.473728								error: T SSCS does not start with ±1: [-2, 7, 7, 7, 7, 7]
-0.075063	-18.473728								error: T SSCS does not start with ±1: [-2, 7, 7, 7, 7, 7]
-0.072227	-18.473728								error: T SSCS does not start with ±1: [-2, 7, 7, 7, 7, 7]
-0.069391	-18.473728								error: T SSCS does not start with ±1: [-2, 7, 7, 7, 7, 7]
-0.066555	-18.473728								error: T SSCS does not start with ±1: [-2, 7, 7, 7, 7, 7]
-0.063720	-18.473728								error: T SSCS does not start with ±1: [-2, 7, 7, 7, 7, 7]
-0.060884	-18.473728								error: T SSCS does not start with ±1: [-2, 7, 7, 7, 7, 7]
-0.058048	-18.473728								error: T SSCS does not start with ±1: [-2, 7, 7, 7, 7, 7]
-0.055213	-18.473728								error: T SSCS does not start with ±1: [-2, 7, 7, 7, 7, 7]
-0.052377	-18.473728								error: T SSCS does not start with ±1: [-2, 7, 7, 7, 7, 7]
-0.049541	-18.473728								error: T SSCS does not start with ±1: [-2, 7, 7, 7, 7, 7]
-0.046706	-18.473728								error: T SSCS does not start with ±1: [-2, 7, 7, 7, 7, 7]
-0.043870	-18.473728								error: T SSCS does not start with ±1: [-2, 7, 7, 7, 7, 7]
-0.041034	-18.473728								error: T SSCS does not start with ±1: [-2, 7, 7, 7, 7, 7]
-0.038198	-18.473728								error: T SSCS does not start with ±1: [-2, 7, 7, 7, 7, 7]
-0.035363	-18.473728								error: T SSCS does not start with ±1: [-2, 7, 7, 7, 7, 7]
-0.032527	-18.473728								error: T SSCS does not start with ±1: [-2, 7, 7, 7, 7, 7]
-0.029691	-18.473728								error: T SSCS does not start with ±1: [-2, 7, 7, 7, 7, 7]
-0.026856	-18.473728								error: T SSCS does not start with ±1: [-2, 7, 7, 7, 7, 7]
-0.024020	-18.473728								error: T SSCS does not start with ±1: [-2, 7, 7, 7, 7, 7]
-0.021184	-18.473728								error: T SSCS does not start with ±1: [-2, 7, 7, 7, 7, 7]
-0.018349	-18.473728								error: T SSCS does not start with ±1: [-2, 7, 7, 7, 7, 7]
-0.015513	-18.473728								error: T SSCS does not start with ±1: [-2, 7, 7, 7, 7, 7]
-0.012677	-18.473728								error: T SSCS does not start with ±1: [-2, 7, 7, 7, 7, 7]
-0.009842	-18.473728								error: T SSCS does not start with ±1: [-2, 7, 7, 7, 7, 7]
-0.007006	-18.473728								error: T SSCS does not start with ±1: [-2, 7, 7, 7, 7, 7]
-0.004170	-18.473728								error: T SSCS does not start with ±1: [-2, 7, 7, 7, 7, 7]
-0.001334	-18.473728								error: T SSCS does not start with ±1: [-2, 7, 7, 7, 7, 7]
0.001501	-18.473728								error: T SSCS does not start with ±1: [-2, 7, 7, 7, 7, 7]
0.004337	-18.473728								error: T SSCS does not start with ±1: [-2, 7, 7, 7, 7, 7]
0.007173	-18.473728								error: T SSCS does not start with ±1: [-2, 7, 7, 7, 7, 7]
0.010008	-18.473728								error: T SSCS does not start with ±1: [-2, 7, 7, 7, 7, 7]
0.012844	-18.473728								error: T SSCS does not start with ±1: [-2, 7, 7, 7, 7, 7]
0.015680	-18.473728								error: T SSCS does not start with ±1: [-2, 7, 7, 7, 7, 7]
0.018515	-18.473728								error: T SSCS does not start with ±1: [-2, 7, 7, 7, 7, 7]
0.021351	-18.473728								error: T SSCS does not start with ±1: [-2, 7, 7, 7, 7, 7]
0.024187	-18.473728								error: T SSCS does not start with ±1: [-2, 7, 7, 7, 7, 7]
0.027023	-18.473728								error: T SSCS does not start with ±1: [-2, 7, 7, 7, 7, 7]
0.029858	-18.473728								error: T SSCS does not start with ±1: [-2, 7, 7, 7, 7, 7]
0.032694	-18.473728								error: T SSCS does not start with ±1: [-2, 7, 7, 7, 7, 7]
0.035530	-18.473728								error: T SSCS does not start with ±1: [-2, 7, 7, 7, 7, 7]
0.038365	-18.473728								error: T SSCS does not start with ±1: [-2, 7, 7, 7, 7, 7]
0.041201	-18.473728								error: T SSCS does not start with ±1: [-2, 7, 7, 7, 7, 7]
0.044037	-18.473728								error: T SSCS does not start with ±1: [-2, 7, 7, 7, 7, 7]
0.046872	-18.473728								error: T SSCS does not start with ±1: [-2, 7, 7, 7, 7, 7]
0.049708	-18.473728								error: T SSCS does not start with ±1: [-2, 7, 7, 7, 7, 7]
0.052544	-18.473728								error: T SSCS does not start with ±1: [-2, 7, 7, 7, 7, 7]
0.055379	-18.473728								error: T SSCS does not start with ±1: [-2, 7, 7, 7, 7, 7]
0.058215	-18.473728								error: T SSCS does not start with ±1: [-2, 7, 7, 7, 7, 7]
0.061051	-18.473728								error: T SSCS does not start with ±1: [-2, 7, 7, 7, 7, 7]
0.063887	-18.473728								error: T SSCS does not start with ±1: [-2, 7, 7, 7, 7, 7]
0.066722	-18.473728								error: T SSCS does not start with ±1: [-2, 7, 7, 7, 7, 7]
0.069558	-18.473728								error: T SSCS does not start with ±1: [-2, 7, 7, 7, 7, 7]
0.072394	-18.473728								error: T SSCS does not start with ±1: [-2, 7, 7, 7, 7, 7]
0.075229	-18.473728								error: T SSCS does not start with ±1: [-2, 7, 7, 7, 7, 7]
0.078065	-18.473728								error: T SSCS does not start with ±1: [-2, 7, 7, 7, 7, 7]
0.080901	-18.473728								error: T SSCS does not start with ±1: [-2, 7, 7, 7, 7, 7]
0.083736	-18.473728								error: T SSCS does not start with ±1: [-2, 7, 7, 7, 7, 7]
0.086572	-18.473728								error: T SSCS does not start with ±1: [-2, 7, 7, 7, 7, 7]
0.089408	-18.473728								error: T SSCS does not start with ±1: [-2, 7, 7, 7, 7, 7]
0.092244	-18.473728								error: T SSCS does not start with ±1: [-2, 7, 7, 7, 7, 7]
0.095079	-18.473728								error: T SSCS does not start with ±1: [-2, 7, 7, 7, 7, 7]
0.097915	-18.473728								error: T SSCS does not start with ±1: [-2, 7, 7, 7, 7, 7]
0.100751	-18.473728								error: T SSCS does not start with ±1: [-2, 7, 7, 7, 7, 7]
0.103586	-18.473728								error: T SSCS does not start with ±1: [-2, 7, 7, 7, 7, 7]
0.106422	-18.473728								error: T SSCS does not start with ±1: [-2, 7, 7, 7, 7, 7]
0.109258	-18.473728								error: T SSCS does not start with ±1: [-2, 7, 7, 7, 7, 7]
0.112093	-18.473728								error: T SSCS does not start with ±1: [-2, 7, 7, 7, 7, 7]
0.114929	-18.473728								error: T SSCS does not start with ±1: [-2, 7, 7, 7, 7, 7]
0.117765	-18.473728								error: T SSCS does not start with ±1: [-2, 7, 7, 7, 7, 7]
0.120601	-18.473728								error: T SSCS does not start with ±1: [-2, 7, 7, 7, 7, 7]
0.123436	-18.473728								error: T SSCS does not start with ±1: [-2, 7, 7, 7, 7, 7]
0.126272	-18.473728								error: T SSCS does not start with ±1: [-2, 7, 7, 7, 7, 7]
0.129108	-18.473728								error: T SSCS does not start with ±1: [-2, 7, 7, 7, 7, 7]
0.131943	-18.473728								error: T SSCS does not start with ±1: [-2, 7, 7, 7, 7, 7]
0.134779	-18.473728								error: T SSCS does not start with ±1: [-2, 7, 7, 7, 7, 7]
0.137615	-18.473728								error: T SSCS does not start with ±1: [-2, 7, 7, 7, 7, 7]
0.140450	-18.473728								error: T SSCS does not start with ±1: [-2, 7, 7, 7, 7, 7]
0.143286	-18.473728								error: T SSCS does not start with ±1: [-2, 7, 7, 7, 7, 7]
0.146122	-18.473728								error: T SSCS does not start with ±1: [-2, 7, 7, 7, 7, 7]
0.148957	-18.473728								error: T SSCS does not start with ±1: [-2, 7, 7, 7, 7, 7]
0.151793	-18.473728								error: T SSCS does not start with ±1: [-2, 7, 7, 7, 7, 7]
0.154629	-18.473728								error: T SSCS does not start with ±1: [-2, 7, 7, 7, 7, 7]
0.157465	-18.473728								error: T SSCS does not start with ±1: [-2, 7, 7, 7, 7, 7]
0.160300	-18.473728								error: T SSCS does not start with ±1: [-2, 7, 7, 7, 7, 7]
0.163136	-18.473728								error: T SSCS does not start with ±1: [-2, 7, 7, 7, 7, 7]
0.165972	-18.473728								error: T SSCS does not start with ±1: [-2, 7, 7, 7, 7, 7]
0.168807	-18.473728								error: T SSCS does not start with ±1: [-2, 7, 7, 7, 7, 7]
0.171643	-18.473728								error: T SSCS does not start with ±1: [-2, 7, 7, 7, 7, 7]
0.174479	-18.473728								error: T SSCS does not start with ±1: [-2, 7, 7, 7, 7, 7]
0.177314	-18.473728								error: T SSCS does not start with ±1: [-2, 7, 7, 7, 7, 7]
0.180150	-18.473728								error: T SSCS does not start with ±1: [-2, 7, 7, 7, 7, 7]
0.182986	-18.473728								error: T SSCS does not start with ±1: [-2, 7, 7, 7, 7, 7]
0.185822	-18.473728								error: T SSCS does not start with ±1: [-2, 7, 7, 7, 7, 7]
0.188657	-18.473728								error: T SSCS does not start with ±1: [-2, 7, 7, 7, 7, 7]
0.191493	-18.473728								error: T SSCS does not start with ±1: [-2, 7, 7, 7, 7, 7]
0.194329	-18.473728								error: T SSCS does not start with ±1: [-2, 7, 7, 7, 7, 7]
0.197164	-18.473728								error: T SSCS does not start with ±1: [-2, 7, 7, 7, 7, 7]
0.200000	-18.473728								error: T SSCS does not start with ±1: [-2, 7, 7, 7, 7, 7]
