delta_x	delta_ca	T0_V	T0_Ca	T0_method	T_encoding	gamma_encoding	T_scs	gamma_scs	status
-3.200000	-40.492077								error: Could not locate the first local maximum of the reduced return map.
-3.197164	-40.492077								error: Could not locate the first local maximum of the reduced return map.
-3.194329	-40.492077								error: Could not locate the first local maximum of the reduced return map.
-3.191493	-40.492077								error: Could not locate the first local maximum of the reduced return map.
-3.188657	-40.492077								error: Could not locate the first local maximum of the reduced return map.
-3.185822	-40.492077								error: Could not locate the first local maximum of the reduced return map.
-3.182986	-40.492077								error: Could not locate the first local maximum of the reduced return map.
-3.180150	-40.492077								error: Could not locate the first local maximum of the reduced return map.
-3.177314	-40.492077								error: Could not locate the first local maximum of the reduced return map.
-3.174479	-40.492077								error: Could not locate the first local maximum of the reduced return map.
-3.171643	-40.492077								error: Could not locate the first local maximum of the reduced return map.
-3.168807	-40.492077								error: Could not locate the first local maximum of the reduced return map.
-3.165972	-40.492077								error: Could not locate the first local maximum of the reduced return map.
-3.163136	-40.492077								error: Could not locate the first local maximum of the reduced return map.
-3.160300	-40.492077								error: Could not locate the first local maximum of the reduced return map.
-3.157465	-40.492077								error: Could not locate the first local maximum of the reduced return map.
-3.154629	-40.492077								error: Could not locate the first local maximum of the reduced return map.
-3.151793	-40.492077								error: Could not locate the first local maximum of the reduced return map.
-3.148957	-40.492077								error: Could not locate the first local maximum of the reduced return map.
-3.146122	-40.492077								error: Could not locate the first local maximum of the reduced return map.
-3.143286	-40.492077								error: Could not locate the first local maximum of the reduced return map.
-3.140450	-40.492077								error: Could not locate the first local maximum of the reduced return map.
-3.137615	-40.492077								error: Could not locate the first local maximum of the reduced return map.
-3.134779	-40.492077								error: Could not locate the first local maximum of the reduced return map.
-3.131943	-40.492077								error: Could not locate the first local maximum of the reduced return map.
-3.129108	-40.492077								error: Could not locate the first local maximum of the reduced return map.
-3.126272	-40.492077								error: Could not locate the first local maximum of the reduced return map.
-3.123436	-40.492077								error: Could not locate the first local maximum of the reduced return map.
-3.120601	-40.492077								error: Could not locate the first local maximum of the reduced return map.
-3.117765	-40.492077								error: Could not locate the first local maximum of the reduced return map.
-3.114929	-40.492077								error: Could not locate the first local maximum of the reduced return map.
-3.112093	-40.492077								error: Could not locate the first local maximum of the reduced return map.
-3.109258	-40.492077								error: Could not locate the first local maximum of the reduced return map.
-3.106422	-40.492077								error: Could not locate the first local maximum of the reduced return map.
-3.103586	-40.492077								error: Could not locate the first local maximum of the reduced return map.
-3.100751	-40.492077								error: Could not locate the first local maximum of the reduced return map.
-3.097915	-40.492077								error: Could not locate the first local maximum of the reduced return map.
-3.095079	-40.492077								error: Could not locate the first local maximum of the reduced return map.
-3.092244	-40.492077								error: Could not locate the first local maximum of the reduced return map.
-3.089408	-40.492077								error: Could not locate the first local maximum of the reduced return map.
-3.086572	-40.492077								error: Could not locate the first local maximum of the reduced return map.
-3.083736	-40.492077								error: Could not locate the first local maximum of the reduced return map.
-3.080901	-40.492077								error: Could not locate the first local maximum of the reduced return map.
-3.078065	-40.492077								error: Could not locate the first local maximum of the reduced return map.
-3.075229	-40.492077								error: Could not locate the first local maximum of the reduced return map.
-3.072394	-40.492077								error: Could not locate the first local maximum of the reduced return map.
-3.069558	-40.492077								error: Could not locate the first local maximum of the reduced return map.
-3.066722	-40.492077								error: Could not locate the first local maximum of the reduced return map.
-3.063887	-40.492077								error: Could not locate the first local maximum of the reduced return map.
-3.061051	-40.492077								error: Could not locate the first local maximum of the reduced return map.
-3.058215	-40.492077								error: Could not locate the first local maximum of the reduced return map.
-3.055379	-40.492077								error: Could not locate the first local maximum of the reduced return map.
-3.052544	-40.492077								error: Could not locate the first local maximum of the reduced return map.
-3.049708	-40.492077								error: Could not locate the first local maximum of the reduced return map.
-3.046872	-40.492077								error: Could not locate the first local maximum of the reduced return map.
-3.044037	-40.492077								error: Could not locate the first local maximum of the reduced return map.
-3.041201	-40.492077								error: Could not locate the first local maximum of the reduced return map.
-3.038365	-40.492077								error: Could not locate the first local maximum of the reduced return map.
-3.035530	-40.492077								error: Could not locate the first local maximum of the reduced return map.
-3.032694	-40.492077								error: Could not locate the first local maximum of the reduced return map.
-3.029858	-40.492077								error: Could not locate the first local maximum of the reduced return map.
-3.027023	-40.492077								error: Could not locate the first local maximum of the reduced return map.
-3.024187	-40.492077								error: Could not locate the first local maximum of the reduced return map.
-3.021351	-40.492077								error: Could not locate the first local maximum of the reduced return map.
-3.018515	-40.492077								error: Could not locate the first local maximum of the reduced return map.
-3.015680	-40.492077								error: Could not locate the first local maximum of the reduced return map.
-3.012844	-40.492077								error: Could not locate the first local maximum of the reduced return map.
-3.010008	-40.492077								error: Could not locate the first local maximum of the reduced return map.
-3.007173	-40.492077								error: T SSCS does not start with ±1: [0, 0, 0, 0, 0, 0, 0, 0, 0, 0]
-3.004337	-40.492077								error: T SSCS does not start with ±1: [0, 0, 0, 0, 0, 0, 0, 0, 0, 0]
-3.001501	-40.492077								error: T SSCS does not start with ±1: [0, 0, 0, 0, 0, 0, 0, 0, 0, 0]
-2.998666	-40.492077								error: T SSCS does not start with ±1: [0, 0, 0, 0, 0, 0, 0, 0, 0, 0]
-2.995830	-40.492077								error: T SSCS does not start with ±1: [0, 0, 0, 0, 0, 0, 0, 0, 0, 0]
-2.992994	-40.492077								error: T SSCS does not start with ±1: [0, 0, 0, 0, 0, 0, 0, 0, 0, 0]
-2.990158	-40.492077								error: T SSCS does not start with ±1: [0, 0, 0, 0, 0, 0, 0, 0, 0, 0]
-2.987323	-40.492077								error: T SSCS does not start with ±1: [0, 0, 0, 0, 0, 0, 0, 0, 0, 0]
-2.984487	-40.492077								error: T SSCS does not start with ±1: [0, 0, 0, 0, 0, 0, 0, 0, 0, 0]
-2.981651	-40.492077								error: T SSCS does not start with ±1: [0, 0, 0, 0, 0, 0, 0, 0, 0, 0]
-2.978816	-40.492077								error: T SSCS does not start with ±1: [0, 0, 0, 0, 0, 0, 0, 0, 0, 0]
-2.975980	-40.492077								error: T SSCS does not start with ±1: [0, 0, 0, 0, 0, 0, 0, 0, 0, 0]
-2.973144	-40.492077								error: T SSCS does not start with ±1: [0, 0, 0, 0, 0, 0, 0, 0, 0, 0]
-2.970309	-40.492077								error: T SSCS does not start with ±1: [0, 0, 0, 0, 0, 0, 0, 0, 0, 0]
-2.967473	-40.492077								error: T SSCS does not start with ±1: [0, 0, 0, 0, 0, 0, 0, 0, 0, 0]
-2.964637	-40.492077								error: T SSCS does not start with ±1: [0, 0, 0, 0, 0, 0, 0, 0, 0, 0]
-2.961802	-40.492077								error: T SSCS does not start with ±1: [0, 0, 0, 0, 0, 0, 0, 0, 0, 0]
-2.958966	-40.492077								error: T SSCS does not start with ±1: [0, 0, 0, 0, 0, 0, 0, 0, 0, 0]
-2.956130	-40.492077								error: T SSCS does not start with ±1: [0, 0, 0, 0, 0, 0, 0, 0, 0, 0]
-2.953294	-40.492077								error: T SSCS does not start with ±1: [0, 0, 0, 0, 0, 0, 0, 0, 0, 0]
-2.950459	-40.492077								error: T SSCS does not start with ±1: [0, 0, 0, 0, 0, 0, 0, 0, 0, 0]
-2.947623	-40.492077								error: T SSCS does not start with ±1: [0, 0, 0, 0, 0, 0, 0, 0, 0, 0]
-2.944787	-40.492077								error: T SSCS does not start with ±1: [0, 0, 0, 0, 0, 0, 0, 0, 0, 0]
-2.941952	-40.492077								error: T SSCS does not start with ±1: [0, 0, 0, 0, 0, 0, 0, 0, 0, 0]
-2.939116	-40.492077								error: Could not locate the first local maximum of the reduced return map.
-2.936280	-40.492077								error: Could not locate the first local maximum of the reduced return map.
-2.933445	-40.492077								error: Could not locate the first local maximum of the reduced return map.
-2.930609	-40.492077								error: T SSCS does not start with ±1: [0, 0, 0, 0, 0, 0, 0, 0, 0, 0]
-2.927773	-40.492077								error: T SSCS does not start with ±1: [0, 0, 0, 0, 0, 0, 0, 0, 0, 0]
-2.924937	-40.492077								error: T SSCS does not start with ±1: [0, 0, 0, 0, 0, 0, 0, 0, 0, 0]
-2.922102	-40.492077								error: T SSCS does not start with ±1: [0, 0, 0, 0, 0, 0, 0, 0, 0, 0]
-2.919266	-40.492077								error: T SSCS does not start with ±1: [0, 0, 0, 0, 0, 0, 0, 0, 0, 0]
-2.916430	-40.492077								error: T SSCS does not start with ±1: [0, 0, 0, 0, 0, 0, 0, 0, 0, 0]
-2.913595	-40.492077								error: T SSCS does not start with ±1: [0, 0, 0, 0, 0, 0, 0, 0, 0, 0]
-2.910759	-40.492077								error: T SSCS does not start with ±1: [0, 0, 0, 0, 0, 0, 0, 0, 0, 0]
-2.907923	-40.492077								error: T SSCS does not start with ±1: [0, 0, 0, 0, 0, 0, 0, 0, 0, 0]
-2.905088	-40.492077								error: T SSCS does not start with ±1: [0, 0, 0, 0, 0, 0, 0, 0, 0, 0]
-2.902252	-40.492077								error: T SSCS does not start with ±1: [0, 0, 0, 0, 0, 0, 0, 0, 0, 0]
-2.899416	-40.492077								error: T SSCS does not start with ±1: [0, 0, 0, 0, 0, 0, 0, 0, 0, 0]
-2.896580	-40.492077								error: T SSCS does not start with ±1: [0, 0, 0, 0, 0, 0, 0, 0, 0, 0]
-2.893745	-40.492077								error: T SSCS does not start with ±1: [0, 0, 0, 0, 0, 0, 0, 0, 0, 0]
-2.890909	-40.492077								error: T SSCS does not start with ±1: [0, 0, 0, 0, 0, 0, 0, 0, 0, 0]
-2.888073	-40.492077								error: T SSCS does not start with ±1: [0, 0, 0, 0, 0, 0, 0, 0, 0, 0]
-2.885238	-40.492077	-40.700342	1.007388	continued:5	131504586847961235687181874578063117114329409897647623619241560935125066908876631867479597863393264	131504586847961235687181874578063117114329409897615188504091716162522225834932122128288032336298141	1,0,0,0,0,0,0,0,0,0	0,0,0,0,0,0,0,0,0,0	ok
-2.882402	-40.492077								error: T SSCS does not start with ±1: [0, 0, 0, 0, 0, 0, 0, 0, 0, 0]
-2.879566	-40.492077								error: T SSCS does not start with ±1: [0, 0, 0, 0, 0, 0, 0, 0, 0, 0]
-2.876731	-40.492077								error: T SSCS does not start with ±1: [0, 0, 0, 0, 0, 0, 0, 0, 0, 0]
-2.873895	-40.492077								error: T SSCS does not start with ±1: [0, 0, 0, 0, 0, 0, 0, 0, 0, 0]
-2.871059	-40.492077								error: T SSCS does not start with ±1: [0, 0, 0, 0, 0, 0, 0, 0, 0, 0]
-2.868224	-40.492077								error: T SSCS does not start with ±1: [0, 0, 0, 0, 0, 0, 0, 0, 0, 0]
-2.865388	-40.492077								error: T SSCS does not start with ±1: [0, 0, 0, 0, 0, 0, 0, 0, 0, 0]
-2.862552	-40.492077								error: T SSCS does not start with ±1: [0, 0, 0, 0, 0, 0, 0, 0, 0, 0]
-2.859716	-40.492077								error: T SSCS does not start with ±1: [0, 0, 0, 0, 0, 0, 0, 0, 0, 0]
-2.856881	-40.492077								error: T SSCS does not start with ±1: [0, 0, 0, 0, 0, 0, 0, 0, 0, 0]
-2.854045	-40.492077								error: T SSCS does not start with ±1: [0, 0, 0, 0, 0, 0, 0, 0, 0, 0]
-2.851209	-40.492077								error: T SSCS does not start with ±1: [0, 0, 0, 0, 0, 0, 0, 0, 0, 0]
-2.848374	-40.492077	-40.731148	1.004595	continued:5	131504586847961235687181874578063117114329409897647623619241560935125066908876631867479597863393264	131504586847961235687181874578063117114329409897615188504091716162522225834932122128288032336298141	1,0,0,0,0,0,0,0,0,0	0,0,0,0,0,0,0,0,0,0	ok
-2.845538	-40.492077								error: T SSCS does not start with ±1: [0, 0, 0, 0, 0, 0, 0, 0, 0, 0]
-2.842702	-40.492077								error: T SSCS does not start with ±1: [0, 0, 0, 0, 0, 0, 0, 0, 0, 0]
-2.839867	-40.492077								error: T SSCS does not start with ±1: [0, 0, 0, 0, 0, 0, 0, 0, 0, 0]
-2.837031	-40.492077								error: T SSCS does not start with ±1: [0, 0, 0, 0, 0, 0, 0, 0, 0, 0]
-2.834195	-40.492077								error: T SSCS does not start with ±1: [0, 0, 0, 0, 0, 0, 0, 0, 0, 0]
-2.831359	-40.492077								error: T SSCS does not start with ±1: [0, 0, 0, 0, 0, 0, 0, 0, 0, 0]
-2.828524	-40.492077								error: T SSCS does not start with ±1: [0, 0, 0, 0, 0, 0, 0, 0, 0, 0]
-2.825688	-40.492077								error: T SSCS does not start with ±1: [0, 0, 0, 0, 0, 0, 0, 0, 0, 0]
-2.822852	-40.492077								error: T SSCS does not start with ±1: [0, 0, 0, 0, 0, 0, 0, 0, 0, 0]
-2.820017	-40.492077								error: T SSCS does not start with ±1: [0, 0, 0, 0, 0, 0, 0, 0, 0, 0]
-2.817181	-40.492077	-40.762911	1.001802	continued:5	131504586847961235687181874578063117114329409897647623619241560935125066908876631867479597863393264	131504586847961235687181874578063117114329409897615188504091716162522225834932122128288032336298141	1,0,0,0,0,0,0,0,0,0	0,0,0,0,0,0,0,0,0,0	ok
-2.814345	-40.492077								error: T SSCS does not start with ±1: [0, 0, 0, 0, 0, 0, 0, 0, 0, 0]
-2.811510	-40.492077								error: T SSCS does not start with ±1: [0, 0, 0, 0, 0, 0, 0, 0, 0, 0]
-2.808674	-40.492077								error: T SSCS does not start with ±1: [0, 0, 0, 0, 0, 0, 0, 0, 0, 0]
-2.805838	-40.492077								error: T SSCS does not start with ±1: [0, 0, 0, 0, 0, 0, 0, 0, 0, 0]
-2.803003	-40.492077								error: T SSCS does not start with ±1: [0, 0, 0, 0, 0, 0, 0, 0, 0, 0]
-2.800167	-40.492077								error: T SSCS does not start with ±1: [0, 0, 0, 0, 0, 0, 0, 0, 0, 0]
-2.797331	-40.492077								error: T SSCS does not start with ±1: [0, 0, 0, 0, 0, 0, 0, 0, 0, 0]
-2.794495	-40.492077								error: T SSCS does not start with ±1: [0, 0, 0, 0, 0, 0, 0, 0, 0, 0]
-2.791660	-40.492077								error: T SSCS does not start with ±1: [0, 0, 0, 0, 0, 0, 0, 0, 0, 0]
-2.788824	-40.492077								error: T SSCS does not start with ±1: [0, 0, 0, 0, 0, 0, 0, 0, 0, 0]
-2.785988	-40.492077	-40.800885	0.999008	continued:5	131504586847961235687181874578063117114329409897647623619241560935125066908876631867479597863393264	131504586847961235687181874578063117114329409897615188504091716162522225834932122128288032336298141	1,0,0,0,0,0,0,0,0,0	0,0,0,0,0,0,0,0,0,0	ok
-2.783153	-40.492077								error: T SSCS does not start with ±1: [0, 0, 0, 0, 0, 0, 0, 0, 0, 0]
-2.780317	-40.492077								error: T SSCS does not start with ±1: [0, 0, 0, 0, 0, 0, 0, 0, 0, 0]
-2.777481	-40.492077								error: T SSCS does not start with ±1: [0, 0, 0, 0, 0, 0, 0, 0, 0, 0]
-2.774646	-40.492077								error: T SSCS does not start with ±1: [0, 0, 0, 0, 0, 0, 0, 0, 0, 0]
-2.771810	-40.492077								error: T SSCS does not start with ±1: [0, 0, 0, 0, 0, 0, 0, 0, 0, 0]
-2.768974	-40.492077								error: T SSCS does not start with ±1: [0, 0, 0, 0, 0, 0, 0, 0, 0, 0]
-2.766138	-40.492077								error: T SSCS does not start with ±1: [0, 0, 0, 0, 0, 0, 0, 0, 0, 0]
-2.763303	-40.492077								error: T SSCS does not start with ±1: [0, 0, 0, 0, 0, 0, 0, 0, 0, 0]
-2.760467	-40.492077								error: T SSCS does not start with ±1: [0, 0, 0, 0, 0, 0, 0, 0, 0, 0]
-2.757631	-40.492077								error: T SSCS does not start with ±1: [0, 0, 0, 0, 0, 0, 0, 0, 0, 0]
-2.754796	-40.492077								error: T SSCS does not start with ±1: [0, 0, 0, 0, 0, 0, 0, 0, 0, 0]
-2.751960	-40.492077	-40.842732	0.996215	continued:5	131504586847961235687181874578063117114329409897647623619241560935125066908876631867479597863393264	131504586847961235687181874578063117114329409897615188504091716162522225834932122128288032336298141	1,0,0,0,0,0,0,0,0,0	0,0,0,0,0,0,0,0,0,0	ok
-2.749124	-40.492077								error: T SSCS does not start with ±1: [0, 0, 0, 0, 0, 0, 0, 0, 0, 0]
-2.746289	-40.492077								error: T SSCS does not start with ±1: [0, 0, 0, 0, 0, 0, 0, 0, 0, 0]
-2.743453	-40.492077								error: T SSCS does not start with ±1: [0, 0, 0, 0, 0, 0, 0, 0, 0, 0]
-2.740617	-40.492077								error: T SSCS does not start with ±1: [0, 0, 0, 0, 0, 0, 0, 0, 0, 0]
-2.737781	-40.492077								error: T SSCS does not start with ±1: [0, 0, 0, 0, 0, 0, 0, 0, 0, 0]
-2.734946	-40.492077								error: T SSCS does not start with ±1: [0, 0, 0, 0, 0, 0, 0, 0, 0, 0]
-2.732110	-40.492077								error: T SSCS does not start with ±1: [0, 0, 0, 0, 0, 0, 0, 0, 0, 0]
-2.729274	-40.492077								error: T SSCS does not start with ±1: [0, 0, 0, 0, 0, 0, 0, 0, 0, 0]
-2.726439	-40.492077								error: T SSCS does not start with ±1: [0, 0, 0, 0, 0, 0, 0, 0, 0, 0]
-2.723603	-40.492077								error: T SSCS does not start with ±1: [0, 0, 0, 0, 0, 0, 0, 0, 0, 0]
-2.720767	-40.492077	-40.884265	0.993422	continued:5	131504586847961235687181874578063117114329409897647623619241560935125066908876631867479597863393264	131504586847961235687181874578063117114329409897615188504091716162522225834932122128288032336298141	1,0,0,0,0,0,0,0,0,0	0,0,0,0,0,0,0,0,0,0	ok
-2.717932	-40.492077								error: T SSCS does not start with ±1: [0, 0, 0, 0, 0, 0, 0, 0, 0, 0]
-2.715096	-40.492077								error: T SSCS does not start with ±1: [0, 0, 0, 0, 0, 0, 0, 0, 0, 0]
-2.712260	-40.492077								error: T SSCS does not start with ±1: [0, 0, 0, 0, 0, 0, 0, 0, 0, 0]
-2.709425	-40.492077								error: T SSCS does not start with ±1: [0, 0, 0, 0, 0, 0, 0, 0, 0, 0]
-2.706589	-40.492077								error: T SSCS does not start with ±1: [0, 0, 0, 0, 0, 0, 0, 0, 0, 0]
-2.703753	-40.492077								error: T SSCS does not start with ±1: [0, 0, 0, 0, 0, 0, 0, 0, 0, 0]
-2.700917	-40.492077								error: T SSCS does not start with ±1: [0, 0, 0, 0, 0, 0, 0, 0, 0, 0]
-2.698082	-40.492077								error: T SSCS does not start with ±1: [0, 0, 0, 0, 0, 0, 0, 0, 0, 0]
-2.695246	-40.492077	-40.928523	0.990628	continued:5	131504586847961235687181874578063117114329409897647623619241560935125066908876631867479597863393264	131504586847961235687181874578063117114329409897615188504091716162522225834932122128288032336298141	1,0,0,0,0,0,0,0,0,0	0,0,0,0,0,0,0,0,0,0	ok
-2.692410	-40.492077								error: T SSCS does not start with ±1: [0, 0, 0, 0, 0, 0, 0, 0, 0, 0]
-2.689575	-40.492077								error: T SSCS does not start with ±1: [0, 0, 0, 0, 0, 0, 0, 0, 0, 0]
-2.686739	-40.492077								error: T SSCS does not start with ±1: [0, 0, 0, 0, 0, 0, 0, 0, 0, 0]
-2.683903	-40.492077								error: T SSCS does not start with ±1: [0, 0, 0, 0, 0, 0, 0, 0, 0, 0]
-2.681068	-40.492077								error: T SSCS does not start with ±1: [0, 0, 0, 0, 0, 0, 0, 0, 0, 0]
-2.678232	-40.492077								error: T SSCS does not start with ±1: [0, 0, 0, 0, 0, 0, 0, 0, 0, 0]
-2.675396	-40.492077								error: T SSCS does not start with ±1: [0, 0, 0, 0, 0, 0, 0, 0, 0, 0]
-2.672560	-40.492077								error: T SSCS does not start with ±1: [0, 0, 0, 0, 0, 0, 0, 0, 0, 0]
-2.669725	-40.492077								error: T SSCS does not start with ±1: [0, 0, 0, 0, 0, 0, 0, 0, 0, 0]
-2.666889	-40.492077								error: T SSCS does not start with ±1: [0, 0, 0, 0, 0, 0, 0, 0, 0, 0]
-2.664053	-40.492077	-40.980334	0.987835	continued:5	131504586847961235687181874578063117114329409897647623619241560935125066908876631867479597863393264	131504586847961235687181874578063117114329409897615188504091716162522225834932122128288032336298141	1,0,0,0,0,0,0,0,0,0	0,0,0,0,0,0,0,0,0,0	ok
-2.661218	-40.492077								error: T SSCS does not start with ±1: [0, 0, 0, 0, 0, 0, 0, 0, 0, 0]
-2.658382	-40.492077								error: T SSCS does not start with ±1: [0, 0, 0, 0, 0, 0, 0, 0, 0, 0]
-2.655546	-40.492077								error: T SSCS does not start with ±1: [0, 0, 0, 0, 0, 0, 0, 0, 0, 0]
-2.652711	-40.492077								error: T SSCS does not start with ±1: [0, 0, 0, 0, 0, 0, 0, 0, 0, 0]
-2.649875	-40.492077								error: T SSCS does not start with ±1: [0, 0, 0, 0, 0, 0, 0, 0, 0, 0]
-2.647039	-40.492077								error: T SSCS does not start with ±1: [0, 0, 0, 0, 0, 0, 0, 0, 0, 0]
-2.644204	-40.492077								error: T SSCS does not start with ±1: [0, 0, 0, 0, 0, 0, 0, 0, 0, 0]
-2.641368	-40.492077								error: T SSCS does not start with ±1: [0, 0, 0, 0, 0, 0, 0, 0, 0, 0]
-2.638532	-40.492077	-41.031667	0.985042	continued:5	131504586847961235687181874578063117114329409897647623619241560935125066908876631867479597863393264	131504586847961235687181874578063117114329409897615188504091716162522225834932122128288032336298141	1,0,0,0,0,0,0,0,0,0	0,0,0,0,0,0,0,0,0,0	ok
-2.635696	-40.492077								error: T SSCS does not start with ±1: [0, 0, 0, 0, 0, 0, 0, 0, 0, 0]
-2.632861	-40.492077								error: T SSCS does not start with ±1: [0, 0, 0, 0, 0, 0, 0, 0, 0, 0]
-2.630025	-40.492077								error: T SSCS does not start with ±1: [0, 0, 0, 0, 0, 0, 0, 0, 0, 0]
-2.627189	-40.492077								error: T SSCS does not start with ±1: [0, 0, 0, 0, 0, 0, 0, 0, 0, 0]
-2.624354	-40.492077								error: T SSCS does not start with ±1: [0, 0, 0, 0, 0, 0, 0, 0, 0, 0]
-2.621518	-40.492077								error: T SSCS does not start with ±1: [0, 0, 0, 0, 0, 0, 0, 0, 0, 0]
-2.618682	-40.492077								error: T SSCS does not start with ±1: [0, 0, 0, 0, 0, 0, 0, 0, 0, 0]
-2.615847	-40.492077								error: T SSCS does not start with ±1: [0, 0, 0, 0, 0, 0, 0, 0, 0, 0]
-2.613011	-40.492077	-41.088606	0.982248	continued:5	131504586847961235687181874578063117114329409897647623619241560935125066908876631867479597863393264	131504586847961235687181874578063117114329409897615188504091716162522225834932122128288032336298141	1,0,0,0,0,0,0,0,0,0	0,0,0,0,0,0,0,0,0,0	ok
-2.610175	-40.492077								error: Could not locate the first local maximum of the reduced return map.
-2.607339	-40.492077								error: Could not locate the first local maximum of the reduced return map.
-2.604504	-40.492077								error: Could not locate the first local maximum of the reduced return map.
-2.601668	-40.492077								error: Could not locate the first local maximum of the reduced return map.
-2.598832	-40.492077								error: Could not locate the first local maximum of the reduced return map.
-2.595997	-40.492077								error: Could not locate the first local maximum of the reduced return map.
-2.593161	-40.492077								error: Could not locate the first local maximum of the reduced return map.
-2.590325	-40.492077								error: Could not locate the first local maximum of the reduced return map.
-2.587490	-40.492077	-41.149681	0.979455	continued:5	131504586847961235687181874578063117114329409897647623619241560935125066908876631867479597863393264	131504586847961235687181874578063117114329409897615188504091716162522225834932122128288032336298141	1,0,0,0,0,0,0,0,0,0	0,0,0,0,0,0,0,0,0,0	ok
-2.584654	-40.492077								error: Could not locate the first local maximum of the reduced return map.
-2.581818	-40.492077								error: Could not locate the first local maximum of the reduced return map.
-2.578982	-40.492077								error: Could not locate the first local maximum of the reduced return map.
-2.576147	-40.492077								error: Could not locate the first local maximum of the reduced return map.
-2.573311	-40.492077								error: Could not locate the first local maximum of the reduced return map.
-2.570475	-40.492077								error: Could not locate the first local maximum of the reduced return map.
-2.567640	-40.492077								error: Could not locate the first local maximum of the reduced return map.
-2.564804	-40.492077	-41.214031	0.976662	continued:5	131504586847961235687181874578063117114329409897647623619241560935125066908876631867479597863393264	131504586847961235687181874578063117114329409897615188504091716162522225834932122128288032336298141	1,0,0,0,0,0,0,0,0,0	0,0,0,0,0,0,0,0,0,0	ok
-2.561968	-40.492077								error: T SSCS does not start with ±1: [0, 0, 0, 0, 0, 0, 0, 0, 0, 0]
-2.559133	-40.492077								error: T SSCS does not start with ±1: [0, 0, 0, 0, 0, 0, 0, 0, 0, 0]
-2.556297	-40.492077								error: T SSCS does not start with ±1: [0, 0, 0, 0, 0, 0, 0, 0, 0, 0]
-2.553461	-40.492077								error: T SSCS does not start with ±1: [0, 0, 0, 0, 0, 0, 0, 0, 0, 0]
-2.550626	-40.492077								error: T SSCS does not start with ±1: [0, 0, 0, 0, 0, 0, 0, 0, 0, 0]
-2.547790	-40.492077								error: T SSCS does not start with ±1: [0, 0, 0, 0, 0, 0, 0, 0, 0, 0]
-2.544954	-40.492077								error: T SSCS does not start with ±1: [0, 0, 0, 0, 0, 0, 0, 0, 0, 0]
-2.542118	-40.492077	-41.283999	0.973868	continued:5	131504586847961235687181874578063117114329409897647623619241560935125066908876631867479597863393264	131504586847961235687181874578063117114329409897615188504091716162522225834932122128288032336298141	1,0,0,0,0,0,0,0,0,0	0,0,0,0,0,0,0,0,0,0	ok
-2.539283	-40.492077								error: T SSCS does not start with ±1: [0, 0, 0, 0, 0, 0, 0, 0, 0, 0]
-2.536447	-40.492077								error: T SSCS does not start with ±1: [0, 0, 0, 0, 0, 0, 0, 0, 0, 0]
-2.533611	-40.492077								error: T SSCS does not start with ±1: [0, 0, 0, 0, 0, 0, 0, 0, 0, 0]
-2.530776	-40.492077								error: T SSCS does not start with ±1: [0, 0, 0, 0, 0, 0, 0, 0, 0, 0]
-2.527940	-40.492077								error: T SSCS does not start with ±1: [0, 0, 0, 0, 0, 0, 0, 0, 0, 0]
-2.525104	-40.492077								error: T SSCS does not start with ±1: [0, 0, 0, 0, 0, 0, 0, 0, 0, 0]
-2.522269	-40.492077								error: T SSCS does not start with ±1: [0, 0, 0, 0, 0, 0, 0, 0, 0, 0]
-2.519433	-40.492077	-41.358580	0.971075	continued:5	131504586847961235687181874578063117114329409897647623619241560935125066908876631867479597863393264	131504586847961235687181874578063117114329409897615188504091716162522225834932122128288032336298141	1,0,0,0,0,0,0,0,0,0	0,0,0,0,0,0,0,0,0,0	ok
-2.516597	-40.492077								error: T SSCS does not start with ±1: [0, 0, 0, 0, 0, 0, 0, 0, 0, 0]
-2.513761	-40.492077								error: T SSCS does not start with ±1: [0, 0, 0, 0, 0, 0, 0, 0, 0, 0]
-2.510926	-40.492077								error: T SSCS does not start with ±1: [0, 0, 0, 0, 0, 0, 0, 0, 0, 0]
-2.508090	-40.492077								error: T SSCS does not start with ±1: [0, 0, 0, 0, 0, 0, 0, 0, 0, 0]
-2.505254	-40.492077								error: T SSCS does not start with ±1: [0, 0, 0, 0, 0, 0, 0, 0, 0, 0]
-2.502419	-40.492077								error: T SSCS does not start with ±1: [0, 0, 0, 0, 0, 0, 0, 0, 0, 0]
-2.499583	-40.492077	-41.437213	0.968282	continued:5	131504586847961235687181874578063117114329409897647623619241560935125066908876631867479597863393264	131504586847961235687181874578063117114329409897615188504091716162522225834932122128288032336298141	1,0,0,0,0,0,0,0,0,0	0,0,0,0,0,0,0,0,0,0	ok
-2.496747	-40.492077								error: Could not locate the first local maximum of the reduced return map.
-2.493912	-40.492077								error: Could not locate the first local maximum of the reduced return map.
-2.491076	-40.492077								error: Could not locate the first local maximum of the reduced return map.
-2.488240	-40.492077								error: Could not locate the first local maximum of the reduced return map.
-2.485405	-40.492077								error: Could not locate the first local maximum of the reduced return map.
-2.482569	-40.492077								error: Could not locate the first local maximum of the reduced return map.
-2.479733	-40.492077								error: Could not locate the first local maximum of the reduced return map.
-2.476897	-40.492077	-41.522456	0.965488	continued:5	131504586847961235687181874578063117114329409897647623619241560935125066908876631867479597863393264	131504586847961235687181874578063117114329409897615188504091716162522225834932122128288032336298141	1,0,0,0,0,0,0,0,0,0	0,0,0,0,0,0,0,0,0,0	ok
-2.474062	-40.492077								error: Could not locate the first local maximum of the reduced return map.
-2.471226	-40.492077								error: Could not locate the first local maximum of the reduced return map.
-2.468390	-40.492077								error: Could not locate the first local maximum of the reduced return map.
-2.465555	-40.492077								error: Could not locate the first local maximum of the reduced return map.
-2.462719	-40.492077								error: Could not locate the first local maximum of the reduced return map.
-2.459883	-40.492077								error: Could not locate the first local maximum of the reduced return map.
-2.457048	-40.492077	-41.610771	0.962695	continued:5	131504586847961235687181874578063117114329409897647623619241560935125066908876631867479597863393264	131504586847961235687181874578063117114329409897615188504091716162522225834932122128288032336298141	1,0,0,0,0,0,0,0,0,0	0,0,0,0,0,0,0,0,0,0	ok
-2.454212	-40.492077								error: Could not locate the first local maximum of the reduced return map.
-2.451376	-40.492077								error: Could not locate the first local maximum of the reduced return map.
-2.448540	-40.492077								error: Could not locate the first local maximum of the reduced return map.
-2.445705	-40.492077								error: Could not locate the first local maximum of the reduced return map.
-2.442869	-40.492077								error: Could not locate the first local maximum of the reduced return map.
-2.440033	-40.492077	-41.705233	0.959902	continued:5	131504586847961235687181874578063117114329409897647623619241560935125066908876631867479597863393264	131504586847961235687181874578063117114329409897615188504091716162522225834932122128288032336298141	1,0,0,0,0,0,0,0,0,0	0,0,0,0,0,0,0,0,0,0	ok
-2.437198	-40.492077								error: Could not locate the first local maximum of the reduced return map.
-2.434362	-40.492077								error: Could not locate the first local maximum of the reduced return map.
-2.431526	-40.492077								error: Could not locate the first local maximum of the reduced return map.
-2.428691	-40.492077								error: Could not locate the first local maximum of the reduced return map.
-2.425855	-40.492077								error: Could not locate the first local maximum of the reduced return map.
-2.423019	-40.492077								error: Could not locate the first local maximum of the reduced return map.
-2.420183	-40.492077	-41.808418	0.957108	continued:5	131504586847961235687181874578063117114329409897647623619241560935125066908876631867479597863393264	131504586847961235687181874578063117114329409897615188504091716162522225834932122128288032336298141	1,0,0,0,0,0,0,0,0,0	0,0,0,0,0,0,0,0,0,0	ok
-2.417348	-40.492077								error: Could not locate the first local maximum of the reduced return map.
-2.414512	-40.492077								error: Could not locate the first local maximum of the reduced return map.
-2.411676	-40.492077								error: Could not locate the first local maximum of the reduced return map.
-2.408841	-40.492077								error: Could not locate the first local maximum of the reduced return map.
-2.406005	-40.492077								error: Could not locate the first local maximum of the reduced return map.
-2.403169	-40.492077	-41.917009	0.954315	continued:5	131504586847961235687181874578063117114329409897647623619241560935125066908876631867479597863393264	131504586847961235687181874578063117114329409897615188504091716162522225834932122128288032336298141	1,0,0,0,0,0,0,0,0,0	0,0,0,0,0,0,0,0,0,0	ok
-2.400334	-40.492077								error: Could not locate the first local maximum of the reduced return map.
-2.397498	-40.492077								error: Could not locate the first local maximum of the reduced return map.
-2.394662	-40.492077								error: Could not locate the first local maximum of the reduced return map.
-2.391827	-40.492077								error: Could not locate the first local maximum of the reduced return map.
-2.388991	-40.492077								error: Could not locate the first local maximum of the reduced return map.
-2.386155	-40.492077								error: Could not locate the first local maximum of the reduced return map.
-2.383319	-40.492077	-42.034168	0.951521	continued:5	131504586847961235687181874578063117114329409897647623619241560935125066908876631867479597863393264	131504586847961235687181874578063117114329409897615188504091716162522225834932122128288032336298141	1,0,0,0,0,0,0,0,0,0	0,0,0,0,0,0,0,0,0,0	ok
-2.380484	-40.492077								error: Could not locate the first local maximum of the reduced return map.
-2.377648	-40.492077								error: Could not locate the first local maximum of the reduced return map.
-2.374812	-40.492077								error: Could not locate the first local maximum of the reduced return map.
-2.371977	-40.492077								error: Could not locate the first local maximum of the reduced return map.
-2.369141	-40.492077								error: Could not locate the first local maximum of the reduced return map.
-2.366305	-40.492077	-42.157105	0.948728	continued:5	131504586847961235687181874578063117114329409897647623619241560935125066908876631867479597863393264	131504586847961235687181874578063117114329409897615188504091716162522225834932122128288032336298141	1,0,0,0,0,0,0,0,0,0	0,0,0,0,0,0,0,0,0,0	ok
-2.363470	-40.492077								error: Could not locate the first local maximum of the reduced return map.
-2.360634	-40.492077								error: Could not locate the first local maximum of the reduced return map.
-2.357798	-40.492077								error: Could not locate the first local maximum of the reduced return map.
-2.354962	-40.492077								error: Could not locate the first local maximum of the reduced return map.
-2.352127	-40.492077								error: Could not locate the first local maximum of the reduced return map.
-2.349291	-40.492077	-42.289291	0.945935	continued:5	131504586847961235687181874578063117114329409897647623619241560935125066908876631867479597863393264	131504586847961235687181874578063117114329409897615188504091716162522225834932122128288032336298141	1,0,0,0,0,0,0,0,0,0	0,0,0,0,0,0,0,0,0,0	ok
-2.346455	-40.492077								error: Could not locate the first local maximum of the reduced return map.
-2.343620	-40.492077								error: Could not locate the first local maximum of the reduced return map.
-2.340784	-40.492077								error: Could not locate the first local maximum of the reduced return map.
-2.337948	-40.492077								error: Could not locate the first local maximum of the reduced return map.
-2.335113	-40.492077								error: Could not locate the first local maximum of the reduced return map.
-2.332277	-40.492077								error: Could not locate the first local maximum of the reduced return map.
-2.329441	-40.492077	-42.431125	0.943141	continued:5	131504586847961235687181874578063117114329409897647623619241560935125066908876631867479597863393264	131504586847961235687181874578063117114329409897615188504091716162522225834932122128288032336298141	1,0,0,0,0,0,0,0,0,0	0,0,0,0,0,0,0,0,0,0	ok
-2.326606	-40.492077								error: Could not locate the first local maximum of the reduced return map.
-2.323770	-40.492077								error: Could not locate the first local maximum of the reduced return map.
-2.320934	-40.492077								error: Could not locate the first local maximum of the reduced return map.
-2.318098	-40.492077								error: Could not locate the first local maximum of the reduced return map.
-2.315263	-40.492077								error: Could not locate the first local maximum of the reduced return map.
-2.312427	-40.492077	-42.580380	0.940348	continued:5	131504586847961235687181874578063117114329409897647623619241560935125066908876631867479597863393264	131504586847961235687181874578063117114329409897615188504091716162522225834932122128288032336298141	1,0,0,0,0,0,0,0,0,0	0,0,0,0,0,0,0,0,0,0	ok
-2.309591	-40.492077								error: Could not locate the first local maximum of the reduced return map.
-2.306756	-40.492077								error: Could not locate the first local maximum of the reduced return map.
-2.303920	-40.492077								error: Could not locate the first local maximum of the reduced return map.
-2.301084	-40.492077								error: Could not locate the first local maximum of the reduced return map.
-2.298249	-40.492077								error: Could not locate the first local maximum of the reduced return map.
-2.295413	-40.492077								error: Could not locate the first local maximum of the reduced return map.
-2.292577	-40.492077	-42.740864	0.937555	continued:5	131504586847961235687181874578063117114329409897647623619241560935125066908876631867479597863393264	131504586847961235687181874578063117114329409897647623619241560935125066908876631867479597863393264	1,0,0,0,0,0,0,0,0,0	1,0,0,0,0,0,0,0,0,0	ok
-2.289741	-40.492077								error: Could not locate the first local maximum of the reduced return map.
-2.286906	-40.492077								error: Could not locate the first local maximum of the reduced return map.
-2.284070	-40.492077								error: Could not locate the first local maximum of the reduced return map.
-2.281234	-40.492077								error: Could not locate the first local maximum of the reduced return map.
-2.278399	-40.492077								error: Could not locate the first local maximum of the reduced return map.
-2.275563	-40.492077	-42.910583	0.934761	continued:5	131504586847961235687181874578063117114329409897647623619241560935125066908876631867479597863393264	131504586847961235687181874578063117114329409897647623619241560935125066908876631867479597863393264	1,0,0,0,0,0,0,0,0,0	1,0,0,0,0,0,0,0,0,0	ok
-2.272727	-40.492077								error: Could not locate the first local maximum of the reduced return map.
-2.269892	-40.492077								error: Could not locate the first local maximum of the reduced return map.
-2.267056	-40.492077								error: Could not locate the first local maximum of the reduced return map.
-2.264220	-40.492077								error: Could not locate the first local maximum of the reduced return map.
-2.261384	-40.492077								error: Could not locate the first local maximum of the reduced return map.
-2.258549	-40.492077								error: Could not locate the first local maximum of the reduced return map.
-2.255713	-40.492077	-43.093470	0.931968	continued:5	131504586847961235687181874578063117114329409897647623619241560935125066908876631867479597863393264	131504586847961235687181874578063117114329409897647623619241560935125066908876631867479597863393264	1,0,0,0,0,0,0,0,0,0	1,0,0,0,0,0,0,0,0,0	ok
-2.252877	-40.492077								error: Could not locate the first local maximum of the reduced return map.
-2.250042	-40.492077								error: Could not locate the first local maximum of the reduced return map.
-2.247206	-40.492077								error: Could not locate the first local maximum of the reduced return map.
-2.244370	-40.492077								error: Could not locate the first local maximum of the reduced return map.
-2.241535	-40.492077								error: Could not locate the first local maximum of the reduced return map.
-2.238699	-40.492077								error: Could not locate the first local maximum of the reduced return map.
-2.235863	-40.492077	-43.287722	0.929175	continued:5	131504586847961235687181874578063117114329409897647623619241560935125066908876631867479597863393264	131504586847961235687181874578063117114329409897647623619241560935125066908876631867479597863393264	1,0,0,0,0,0,0,0,0,0	1,0,0,0,0,0,0,0,0,0	ok
-2.233028	-40.492077								error: Could not locate the first local maximum of the reduced return map.
-2.230192	-40.492077								error: Could not locate the first local maximum of the reduced return map.
-2.227356	-40.492077								error: Could not locate the first local maximum of the reduced return map.
-2.224520	-40.492077								error: Could not locate the first local maximum of the reduced return map.
-2.221685	-40.492077								error: Could not locate the first local maximum of the reduced return map.
-2.218849	-40.492077								error: Could not locate the first local maximum of the reduced return map.
-2.216013	-40.492077	-43.494495	0.926509	continued:5	131504586847961235687181874578063117114329409897647623619241560935125066908876631867479597863393264	131504586847961235687181874578063117114329409897615188504091716162522225834932122128288032336298141	1,0,0,0,0,0,0,0,0,0	0,0,0,0,0,0,0,0,0,0	ok
-2.213178	-40.492077								error: Could not locate the first local maximum of the reduced return map.
-2.210342	-40.492077								error: Could not locate the first local maximum of the reduced return map.
-2.207506	-40.492077								error: Could not locate the first local maximum of the reduced return map.
-2.204671	-40.492077								error: Could not locate the first local maximum of the reduced return map.
-2.201835	-40.492077								error: Could not locate the first local maximum of the reduced return map.
-2.198999	-40.492077								error: Could not locate the first local maximum of the reduced return map.
-2.196163	-40.492077	-43.713324	0.923843	continued:5	131504586847961235687181874578063117114329409897647623619241560935125066908876631867479597863393264	131504586847961235687181874578063117114329409897647623619241560935125066908876631867479597863393264	1,0,0,0,0,0,0,0,0,0	1,0,0,0,0,0,0,0,0,0	ok
-2.193328	-40.492077								error: Could not locate the first local maximum of the reduced return map.
-2.190492	-40.492077								error: Could not locate the first local maximum of the reduced return map.
-2.187656	-40.492077								error: Could not locate the first local maximum of the reduced return map.
-2.184821	-40.492077								error: Could not locate the first local maximum of the reduced return map.
-2.181985	-40.492077								error: Could not locate the first local maximum of the reduced return map.
-2.179149	-40.492077	-43.945295	0.921591	continued:5	131504586847961235687181874578063117114329409897647623619241560935125066908876631867479597863393264	131504586847961235687181874578063117114329409897647623619241560935125066908876631867479597863393264	1,0,0,0,0,0,0,0,0,0	1,0,0,0,0,0,0,0,0,0	ok
-2.176314	-40.492077								error: Could not locate the first local maximum of the reduced return map.
-2.173478	-40.492077								error: Could not locate the first local maximum of the reduced return map.
-2.170642	-40.492077								error: T SSCS does not start with ±1: [0, 0, 0, 0, 0, 0, 0, 0, 0, 0]
-2.167807	-40.492077								error: Could not locate the first local maximum of the reduced return map.
-2.164971	-40.492077								error: Could not locate the first local maximum of the reduced return map.
-2.162135	-40.492077								error: Could not locate the first local maximum of the reduced return map.
-2.159299	-40.492077	-44.189323	0.919339	continued:5	131504586847961235687181874578063117114329409897647623619241560935125066908876631867479597863393264	131504586847961235687181874578063117114329409897647623619241560935125066908876631867479597863393264	1,0,0,0,0,0,0,0,0,0	1,0,0,0,0,0,0,0,0,0	ok
-2.156464	-40.492077								error: Could not locate the first local maximum of the reduced return map.
-2.153628	-40.492077								error: Could not locate the first local maximum of the reduced return map.
-2.150792	-40.492077								error: Could not locate the first local maximum of the reduced return map.
-2.147957	-40.492077								error: T SSCS does not start with ±1: [0, 0, 0, 0, 0, 0, 0, 0, 0, 0]
-2.145121	-40.492077								error: Could not locate the first local maximum of the reduced return map.
-2.142285	-40.492077								error: Could not locate the first local maximum of the reduced return map.
-2.139450	-40.492077	-44.443462	0.917086	continued:5	131504586847961235687181874578063117114329409897647623619241560935125066908876631867479597863393264	131504586847961235687181874578063117114329409897647623619241560935125066908876631867479597863393264	1,0,0,0,0,0,0,0,0,0	1,0,0,0,0,0,0,0,0,0	ok
-2.136614	-40.492077								error: T SSCS does not start with ±1: [0, 0, 0, 0, 0, 0, 0, 0, 0, 0]
-2.133778	-40.492077								error: Could not locate the first local maximum of the reduced return map.
-2.130942	-40.492077								error: Could not locate the first local maximum of the reduced return map.
-2.128107	-40.492077	-44.708192	0.915837	continued:5	131504586847961235687181874578063117114329409897647623619241560935125066908876631867479597863393264	131504586847961235687181874578063117114329409897647623619241560935125066908876631867479597863393264	1,0,0,0,0,0,0,0,0,0	1,0,0,0,0,0,0,0,0,0	ok
-2.125271	-40.492077								error: T SSCS does not start with ±1: [0, 0, 0, 0, 0, 0, 0, 0, 0, 0]
-2.122435	-40.492077								error: Could not locate the first local maximum of the reduced return map.
-2.119600	-40.492077								error: Could not locate the first local maximum of the reduced return map.
-2.116764	-40.492077	-44.981379	0.914795	full	131504586847961235687181874578063117114329409897647623619241560935125066908876631867479597863393264	131504586847961235687181874578063117114329409897647623619241560935125066908876631867479597863393264	1,0,0,0,0,0,0,0,0,0	1,0,0,0,0,0,0,0,0,0	ok
-2.113928	-40.492077								error: T SSCS does not start with ±1: [0, 0, 0, 0, 0, 0, 0, 0, 0, 0]
-2.111093	-40.492077								error: Could not locate the first local maximum of the reduced return map.
-2.108257	-40.492077								error: Could not locate the first local maximum of the reduced return map.
-2.105421	-40.492077	-44.754669	0.913571	continued:5	131504586847961235687181874578063117114329409897647623619241560935125066908876631867479597863393264	131504586847961235687181874578063117114329409897647623619241560935125066908876631867479597863393264	1,0,0,0,0,0,0,0,0,0	1,0,0,0,0,0,0,0,0,0	ok
-2.102585	-40.492077								error: T SSCS does not start with ±1: [0, 0, 0, 0, 0, 0, 0, 0, 0, 0]
-2.099750	-40.492077								error: Could not locate the first local maximum of the reduced return map.
-2.096914	-40.492077								error: Could not locate the first local maximum of the reduced return map.
-2.094078	-40.492077	-45.030338	0.912529	full	131504586847961235687181874578063117114329409897647623619241560935125066908876631867479597863393264	131504586847961235687181874578063117114329409897647623619241560935125066908876631867479597863393264	1,0,0,0,0,0,0,0,0,0	1,0,0,0,0,0,0,0,0,0	ok
-2.091243	-40.492077	-44.777919	0.912220	continued:5	131504586847961235687181874578063117114329409897647623619241560935125066908876631867479597863393264	131504586847961235687181874578063117114329409897647623619241560935125066908876631867479597863393264	1,0,0,0,0,0,0,0,0,0	1,0,0,0,0,0,0,0,0,0	ok
-2.088407	-40.492077								error: Could not locate the first local maximum of the reduced return map.
-2.085571	-40.492077								error: Could not locate the first local maximum of the reduced return map.
-2.082736	-40.492077	-45.054229	0.911384	full	131504586847961235687181874578063117114329409897647623619241560935125066908876631867479597863393264	131504586847961235687181874578063117114329409897647623619241560935125066908876631867479597863393264	1,0,0,0,0,0,0,0,0,0	1,0,0,0,0,0,0,0,0,0	ok
-2.079900	-40.492077								error: T SSCS does not start with ±1: [0, 0, 0, 0, 0, 0, 0, 0, 0, 0]
-2.077064	-40.492077								error: Could not locate the first local maximum of the reduced return map.
-2.074229	-40.492077	-42.036140	0.927379	continued:5	131504586847961235687181874578063117114329409897647623619241560935125066908876631867479597863393264	131504586847961235687181874578063117114329409897647623619241560935125066908876631867479597863393264	1,0,0,0,0,0,0,0,0,0	1,0,0,0,0,0,0,0,0,0	ok
-2.071393	-40.492077	-42.208783	0.925126	continued:5	131504586847961235687181874578063117114329409897647623619241560935125066908876631867479597863393264	131504586847961235687181874578063117114329409897647623619241560935125066908876631867479597863393264	1,0,0,0,0,0,0,0,0,0	1,0,0,0,0,0,0,0,0,0	ok
-2.068557	-40.492077	-42.383860	0.922795	continued:5	131504586847961235687181874578063117114329409897647623619241560935125066908876631867479597863393264	5695183504499363952821063	1,0,0,0,0,0,0,0,0,0	1,0,0,0,0,0,0,0	ok
-2.065721	-40.492077	-42.565819	0.920543	continued:5	131504586847961235687181874578063117114329409897647623619241560935125066908876631867479597863393264	131504586847961235687181874578063117114329409897647623619241560935125066908876631867479597863393264	1,0,0,0,0,0,0,0,0,0	1,0,0,0,0,0,0,0,0,0	ok
-2.062886	-40.492077	-42.756052	0.918625	continued:5	131504586847961235687181874578063117114329409897647623619241560935125066908876631867479597863393264	131504586847961235687181874578063117114329409897647623619241560935125066908876631867479597863393264	1,0,0,0,0,0,0,0,0,0	1,0,0,0,0,0,0,0,0,0	ok
-2.060050	-40.492077	-42.952369	0.916500	continued:5	131504586847961235687181874578063117114329409897647623619241560935125066908876631867479597863393264	131504586847961235687181874578063117114329409897647623619241560935125066908876631867479597863393264	1,0,0,0,0,0,0,0,0,0	1,0,0,0,0,0,0,0,0,0	ok
-2.057214	-40.492077	-43.160186	0.914710	continued:5	131504586847961235687181874578063117114329409897647623619241560935125066908876631867479597863393264	131504586847961235687181874578063117114329409897647623619241560935125066908876631867479597863393264	1,0,0,0,0,0,0,0,0,0	1,0,0,0,0,0,0,0,0,0	ok
-2.054379	-40.492077	-43.377230	0.912920	continued:5	131504586847961235687181874578063117114329409897647623619241560935125066908876631867479597863393264	5695183504499363952821063	1,0,0,0,0,0,0,0,0,0	1,0,0,0,0,0,0,0	ok
-2.051543	-40.492077	-43.605825	0.911336	continued:5	131504586847961235687181874578063117114329409897647623619241560935125066908876631867479597863393264	16217557574922386301420548362621878581010822074119	1,0,0,0,0,0,0,0,0,0	1,0,0,0,0,0,0,0,0	ok
-2.048707	-40.492077	-43.845501	0.909959	continued:5	131504586847961235687181874578063117114329409897647623619241560935125066908876631867479597863393264	5695183504499363952821063	1,0,0,0,0,0,0,0,0,0	1,0,0,0,0,0,0,0	ok
-2.045872	-40.492077	-44.095792	0.908710	continued:5	131504586847961235687181874578063117114329409897647623619241560935125066908876631867479597863393264	3374966975014	1,0,0,0,0,0,0,0,0,0	1,0,0,0,0,0,0	ok
-2.043036	-40.492077	-44.357037	0.907795	continued:5	131504586847961235687181874578063117114329409897647623619241560935125066908876631867479597863393264	5695183504499363952821063	1,0,0,0,0,0,0,0,0,0	1,0,0,0,0,0,0,0	ok
-2.040200	-40.492077	-44.626990	0.907087	continued:5	131504586847961235687181874578063117114329409897647623619241560935125066908876631867479597863393264	3374966975014	1,0,0,0,0,0,0,0,0,0	1,0,0,0,0,0,0	ok
-2.037364	-40.492077								error: Could not locate the first local maximum of the reduced return map.
-2.034529	-40.492077	-44.904640	0.906379	continued:5	131504586847961235687181874578063117114329409897647623619241560935125066908876631867479597863393264	3374966975014	1,0,0,0,0,0,0,0,0,0	1,0,0,0,0,0,0	ok
-2.031693	-40.492077								error: T SSCS does not start with ±1: [0, 0, 0, 0, 0, 0, 0, 0, 0, 0]
-2.028857	-40.492077	-45.187953	0.905877	full	131504586847961235687181874578063117114329409897647623619241560935125066908876631867479597863393264	5695183504499363952821063	1,0,0,0,0,0,0,0,0,0	1,0,0,0,0,0,0,0	ok
-2.026022	-40.492077	-42.184915	0.921265	continued:5	131504586847961235687181874578063117114329409897647623619241560935125066908876631867479597863393264	3374966975014	1,0,0,0,0,0,0,0,0,0	1,0,0,0,0,0,0	ok
-2.023186	-40.492077	-42.374588	0.918806	continued:5	131504586847961235687181874578063117114329409897647623619241560935125066908876631867479597863393264	3374966975014	1,0,0,0,0,0,0,0,0,0	1,0,0,0,0,0,0	ok
-2.020350	-40.492077	-42.569239	0.916475	continued:5	131504586847961235687181874578063117114329409897647623619241560935125066908876631867479597863393264	3374969573077	1,0,0,0,0,0,0,0,0,0	-2,0,0,0,0,0,0	ok
-2.017515	-40.492077	-42.770402	0.914350	continued:5	131504586847961235687181874578063117114329409897647623619241560935125066908876631867479597863393264	2607182	1,0,0,0,0,0,0,0,0,0	2,0,0,0,0,0	ok
-2.014679	-40.492077	-42.978251	0.912226	continued:5	131504586847961235687181874578063117114329409897647623619241560935125066908876631867479597863393264	131504586847961235687181874578063117114329409897680058734391405707727907982821141606671163390488391	1,0,0,0,0,0,0,0,0,0	2,0,0,0,0,0,0,0,0,0	ok
-2.011843	-40.492077	-43.195673	0.910308	continued:5	131504586847961235687181874578063117114329409897647623619241560935125066908876631867479597863393264	3374972171141	1,0,0,0,0,0,0,0,0,0	2,0,0,0,0,0,0	ok
-2.009008	-40.492077	-43.422474	0.908517	continued:5	131504586847961235687181874578063117114329409897647623619241560935125066908876631867479597863393264	3374972171141	1,0,0,0,0,0,0,0,0,0	2,0,0,0,0,0,0	ok
-2.006172	-40.492077	-43.659492	0.906727	continued:5	131504586847961235687181874578063117114329409897647623619241560935125066908876631867479597863393264	16217557574922386301420559752988887566238880600682	1,0,0,0,0,0,0,0,0,0	2,0,0,0,0,0,0,0,0	ok
-2.003336	-40.492077	-43.908958	0.905350	continued:5	131504586847961235687181874578063117114329409897647623619241560935125066908876631867479597863393264	16217557574922386301420559752988887566238880600682	1,0,0,0,0,0,0,0,0,0	2,0,0,0,0,0,0,0,0	ok
-2.000500	-40.492077	-44.167870	0.904101	continued:5	131504586847961235687181874578063117114329409897647623619241560935125066908876631867479597863393264	3374972171141	1,0,0,0,0,0,0,0,0,0	2,0,0,0,0,0,0	ok
-1.997665	-40.492077	-44.436612	0.903186	continued:5	131504586847961235687181874578063117114329409897647623619241560935125066908876631867479597863393264	3374972171141	1,0,0,0,0,0,0,0,0,0	2,0,0,0,0,0,0	ok
-1.994829	-40.492077	-44.712920	0.902478	continued:5	131504586847961235687181874578063117114329409897647623619241560935125066908876631867479597863393264	5695183504506113876378852	1,0,0,0,0,0,0,0,0,0	2,0,0,0,0,0,0,0	ok
-1.991993	-40.492077	-44.995702	0.902104	continued:5	131504586847961235687181874578063117114329409897647623619241560935125066908876631867479597863393264	131504586847961235687181874578063117114329409897680058734391405707727907982821141606671163390488391	1,0,0,0,0,0,0,0,0,0	2,0,0,0,0,0,0,0,0,0	ok
-1.989158	-40.492077	-45.282156	0.901730	full	131504586847961235687181874578063117114329409897647623619241560935125066908876631867479597863393264	2607182	1,0,0,0,0,0,0,0,0,0	2,0,0,0,0,0	ok
-1.986322	-40.492077	-42.353625	0.915558	continued:5	131504586847961235687181874578063117114329409897647623619241560935125066908876631867479597863393264	2552	1,0,0,0,0,0,0,0,0,0	2,0,0,0,0	ok
-1.983486	-40.492077	-42.560700	0.913227	continued:5	131504586847961235687181874578063117114329409897647623619241560935125066908876631867479597863393264	2552	1,0,0,0,0,0,0,0,0,0	2,0,0,0,0	ok
-1.980651	-40.492077	-42.771238	0.910896	continued:5	131504586847961235687181874578063117114329409897647623619241560935125066908876631867479597863393264	2607182	1,0,0,0,0,0,0,0,0,0	2,0,0,0,0,0	ok
-1.977815	-40.492077	-42.989104	0.908644	continued:5	131504586847961235687181874578063117114329409897647623619241560935125066908876631867479597863393264	2552	1,0,0,0,0,0,0,0,0,0	2,0,0,0,0	ok
-1.974979	-40.492077	-43.216332	0.906726	continued:5	131504586847961235687181874578063117114329409897647623619241560935125066908876631867479597863393264	2552	1,0,0,0,0,0,0,0,0,0	2,0,0,0,0	ok
-1.972143	-40.492077	-43.451338	0.904808	continued:5	131504586847961235687181874578063117114329409897647623619241560935125066908876631867479597863393264	16217557574922386301420559752988887566238880600682	1,0,0,0,0,0,0,0,0,0	2,0,0,0,0,0,0,0,0	ok
-1.969308	-40.492077	-43.696880	0.903017	continued:5	131504586847961235687181874578063117114329409897647623619241560935125066908876631867479597863393264	5695183504506113876378852	1,0,0,0,0,0,0,0,0,0	2,0,0,0,0,0,0,0	ok
-1.966472	-40.492077	-43.953689	0.901562	continued:5	131504586847961235687181874578063117114329409897647623619241560935125066908876631867479597863393264	16217557574922386301420559752988887566238880600682	1,0,0,0,0,0,0,0,0,0	2,0,0,0,0,0,0,0,0	ok
-1.963636	-40.492077	-44.219821	0.900312	continued:5	131504586847961235687181874578063117114329409897647623619241560935125066908876631867479597863393264	3374972171141	1,0,0,0,0,0,0,0,0,0	2,0,0,0,0,0,0	ok
-1.960801	-40.492077	-44.494740	0.899270	continued:5	131504586847961235687181874578063117114329409897647623619241560935125066908876631867479597863393264	3374972171141	1,0,0,0,0,0,0,0,0,0	2,0,0,0,0,0,0	ok
-1.957965	-40.492077	-44.777595	0.898562	continued:5	131504586847961235687181874578063117114329409897647623619241560935125066908876631867479597863393264	3374972171141	1,0,0,0,0,0,0,0,0,0	2,0,0,0,0,0,0	ok
-1.955129	-40.492077	-45.065800	0.898188	continued:5	131504586847961235687181874578063117114329409897647623619241560935125066908876631867479597863393264	3374972171141	1,0,0,0,0,0,0,0,0,0	2,0,0,0,0,0,0	ok
-1.952294	-40.492077	-45.356492	0.897814	full	131504586847961235687181874578063117114329409897647623619241560935125066908876631867479597863393264	2607182	1,0,0,0,0,0,0,0,0,0	2,0,0,0,0,0	ok
-1.949458	-40.492077	-42.534370	0.910227	continued:5	131504586847961235687181874578063117114329409897647623619241560935125066908876631867479597863393264	3374972171141	1,0,0,0,0,0,0,0,0,0	2,0,0,0,0,0,0	ok
-1.946622	-40.492077	-42.755987	0.907896	continued:5	131504586847961235687181874578063117114329409897647623619241560935125066908876631867479597863393264	3374972171141	1,0,0,0,0,0,0,0,0,0	2,0,0,0,0,0,0	ok
-1.943786	-40.492077	-42.982147	0.905565	continued:5	131504586847961235687181874578063117114329409897647623619241560935125066908876631867479597863393264	2607182	1,0,0,0,0,0,0,0,0,0	2,0,0,0,0,0	ok
-1.940951	-40.492077	-43.216678	0.903440	continued:5	131504586847961235687181874578063117114329409897647623619241560935125066908876631867479597863393264	2607182	1,0,0,0,0,0,0,0,0,0	2,0,0,0,0,0	ok
-1.938115	-40.492077	-43.459967	0.901522	continued:5	131504586847961235687181874578063117114329409897647623619241560935125066908876631867479597863393264	2607182	1,0,0,0,0,0,0,0,0,0	2,0,0,0,0,0	ok
-1.935279	-40.492077	-43.712240	0.899604	continued:5	131504586847961235687181874578063117114329409897647623619241560935125066908876631867479597863393264	3374972171141	1,0,0,0,0,0,0,0,0,0	2,0,0,0,0,0,0	ok
-1.932444	-40.492077	-43.976034	0.898020	continued:5	131504586847961235687181874578063117114329409897647623619241560935125066908876631867479597863393264	2607182	1,0,0,0,0,0,0,0,0,0	2,0,0,0,0,0	ok
-1.929608	-40.492077	-44.249423	0.896771	continued:5	131504586847961235687181874578063117114329409897647623619241560935125066908876631867479597863393264	2607182	1,0,0,0,0,0,0,0,0,0	2,0,0,0,0,0	ok
-1.926772	-40.492077	-44.530408	0.895729	continued:5	131504586847961235687181874578063117114329409897647623619241560935125066908876631867479597863393264	2609465	1,0,0,0,0,0,0,0,0,0	-3,0,0,0,0,0	ok
-1.923937	-40.492077	-44.818195	0.894893	continued:5	131504586847961235687181874578063117114329409897647623619241560935125066908876631867479597863393264	3374977367272	1,0,0,0,0,0,0,0,0,0	3,0,0,0,0,0,0	ok
-1.921101	-40.492077	-45.111564	0.894519	continued:5	131504586847961235687181874578063117114329409897647623619241560935125066908876631867479597863393264	3374977367272	1,0,0,0,0,0,0,0,0,0	3,0,0,0,0,0,0	ok
-1.918265	-40.492077	-45.406231	0.894145	full	131504586847961235687181874578063117114329409897647623619241560935125066908876631867479597863393264	2695	1,0,0,0,0,0,0,0,0,0	3,0,0,0,0	ok
-1.915430	-40.492077	-42.550277	0.906813	continued:5	131504586847961235687181874578063117114329409897647623619241560935125066908876631867479597863393264	3374977367272	1,0,0,0,0,0,0,0,0,0	3,0,0,0,0,0,0	ok
-1.912594	-40.492077	-42.783639	0.904354	continued:5	131504586847961235687181874578063117114329409897647623619241560935125066908876631867479597863393264	3374977367272	1,0,0,0,0,0,0,0,0,0	3,0,0,0,0,0,0	ok
-1.909758	-40.492077	-43.021194	0.902022	continued:5	131504586847961235687181874578063117114329409897647623619241560935125066908876631867479597863393264	2695	1,0,0,0,0,0,0,0,0,0	3,0,0,0,0	ok
-1.906922	-40.492077	-43.265478	0.899898	continued:5	131504586847961235687181874578063117114329409897647623619241560935125066908876631867479597863393264	2611749	1,0,0,0,0,0,0,0,0,0	3,0,0,0,0,0	ok
-1.904087	-40.492077	-43.517326	0.897773	continued:5	131504586847961235687181874578063117114329409897647623619241560935125066908876631867479597863393264	2695	1,0,0,0,0,0,0,0,0,0	3,0,0,0,0	ok
-1.901251	-40.492077	-43.779798	0.895983	continued:5	131504586847961235687181874578063117114329409897647623619241560935125066908876631867479597863393264	2695	1,0,0,0,0,0,0,0,0,0	3,0,0,0,0	ok
-1.898415	-40.492077	-44.051270	0.894399	continued:5	131504586847961235687181874578063117114329409897647623619241560935125066908876631867479597863393264	2695	1,0,0,0,0,0,0,0,0,0	3,0,0,0,0	ok
-1.895580	-40.492077	-44.331542	0.892943	continued:5	131504586847961235687181874578063117114329409897647623619241560935125066908876631867479597863393264	2695	1,0,0,0,0,0,0,0,0,0	3,0,0,0,0	ok
-1.892744	-40.492077	-44.620934	0.891901	continued:5	131504586847961235687181874578063117114329409897647623619241560935125066908876631867479597863393264	2695	1,0,0,0,0,0,0,0,0,0	3,0,0,0,0	ok
-1.889908	-40.492077	-44.916146	0.891193	continued:5	131504586847961235687181874578063117114329409897647623619241560935125066908876631867479597863393264	2611749	1,0,0,0,0,0,0,0,0,0	3,0,0,0,0,0	ok
-1.887073	-40.492077	-45.214514	0.890819	continued:5	131504586847961235687181874578063117114329409897647623619241560935125066908876631867479597863393264	2611749	1,0,0,0,0,0,0,0,0,0	3,0,0,0,0,0	ok
-1.884237	-40.492077	-45.513050	0.890445	full	131504586847961235687181874578063117114329409897647623619241560935125066908876631867479597863393264	2611749	1,0,0,0,0,0,0,0,0,0	3,0,0,0,0,0	ok
-1.881401	-40.492077	-42.810468	0.901103	continued:5	131504586847961235687181874578063117114329409897647623619241560935125066908876631867479597863393264	2611749	1,0,0,0,0,0,0,0,0,0	3,0,0,0,0,0	ok
-1.878565	-40.492077	-43.058185	0.898644	continued:5	131504586847961235687181874578063117114329409897647623619241560935125066908876631867479597863393264	2611749	1,0,0,0,0,0,0,0,0,0	3,0,0,0,0,0	ok
-1.875730	-40.492077	-43.312815	0.896520	continued:5	131504586847961235687181874578063117114329409897647623619241560935125066908876631867479597863393264	2842	1,0,0,0,0,0,0,0,0,0	4,0,0,0,0	ok
-1.872894	-40.492077	-43.573764	0.894395	continued:5	131504586847961235687181874578063117114329409897647623619241560935125066908876631867479597863393264	2616320	1,0,0,0,0,0,0,0,0,0	4,0,0,0,0,0	ok
-1.870058	-40.492077	-43.844362	0.892477	continued:5	131504586847961235687181874578063117114329409897647623619241560935125066908876631867479597863393264	2616320	1,0,0,0,0,0,0,0,0,0	4,0,0,0,0,0	ok
-1.867223	-40.492077	-44.124670	0.890894	continued:5	131504586847961235687181874578063117114329409897647623619241560935125066908876631867479597863393264	2842	1,0,0,0,0,0,0,0,0,0	4,0,0,0,0	ok
-1.864387	-40.492077	-44.412911	0.889517	continued:5	131504586847961235687181874578063117114329409897647623619241560935125066908876631867479597863393264	2842	1,0,0,0,0,0,0,0,0,0	4,0,0,0,0	ok
-1.861551	-40.492077	-44.708512	0.888474	continued:5	131504586847961235687181874578063117114329409897647623619241560935125066908876631867479597863393264	2842	1,0,0,0,0,0,0,0,0,0	4,0,0,0,0	ok
-1.858716	-40.492077	-45.009044	0.887766	continued:5	131504586847961235687181874578063117114329409897647623619241560935125066908876631867479597863393264	2842	1,0,0,0,0,0,0,0,0,0	4,0,0,0,0	ok
-1.855880	-40.492077	-45.311742	0.887392	continued:5	131504586847961235687181874578063117114329409897647623619241560935125066908876631867479597863393264	2842	1,0,0,0,0,0,0,0,0,0	4,0,0,0,0	ok
-1.853044	-40.492077	-45.613506	0.887018	full	131504586847961235687181874578063117114329409897647623619241560935125066908876631867479597863393264	2842	1,0,0,0,0,0,0,0,0,0	4,0,0,0,0	ok
-1.850209	-40.492077	-42.772390	0.898299	continued:5	131504586847961235687181874578063117114329409897647623619241560935125066908876631867479597863393264	2842	1,0,0,0,0,0,0,0,0,0	4,0,0,0,0	ok
-1.847373	-40.492077	-43.031222	0.895840	continued:5	131504586847961235687181874578063117114329409897647623619241560935125066908876631867479597863393264	2618607	1,0,0,0,0,0,0,0,0,0	-5,0,0,0,0,0	ok
-1.844537	-40.492077	-43.293976	0.893588	continued:5	131504586847961235687181874578063117114329409897647623619241560935125066908876631867479597863393264	2993	1,0,0,0,0,0,0,0,0,0	5,0,0,0,0	ok
-1.841701	-40.492077	-43.562476	0.891463	continued:5	131504586847961235687181874578063117114329409897647623619241560935125066908876631867479597863393264	2993	1,0,0,0,0,0,0,0,0,0	5,0,0,0,0	ok
-1.838866	-40.492077	-43.838779	0.889339	continued:5	131504586847961235687181874578063117114329409897647623619241560935125066908876631867479597863393264	2993	1,0,0,0,0,0,0,0,0,0	5,0,0,0,0	ok
-1.836030	-40.492077	-44.125758	0.887755	continued:5	131504586847961235687181874578063117114329409897647623619241560935125066908876631867479597863393264	2993	1,0,0,0,0,0,0,0,0,0	5,0,0,0,0	ok
-1.833194	-40.492077	-44.419205	0.886172	continued:5	131504586847961235687181874578063117114329409897647623619241560935125066908876631867479597863393264	2993	1,0,0,0,0,0,0,0,0,0	5,0,0,0,0	ok
-1.830359	-40.492077	-44.721039	0.885129	continued:5	131504586847961235687181874578063117114329409897647623619241560935125066908876631867479597863393264	2993	1,0,0,0,0,0,0,0,0,0	5,0,0,0,0	ok
-1.827523	-40.492077	-45.026493	0.884293	continued:5	131504586847961235687181874578063117114329409897647623619241560935125066908876631867479597863393264	2623184	1,0,0,0,0,0,0,0,0,0	-6,0,0,0,0,0	ok
-1.824687	-40.492077	-45.334220	0.883919	continued:5	131504586847961235687181874578063117114329409897647623619241560935125066908876631867479597863393264	3148	1,0,0,0,0,0,0,0,0,0	6,0,0,0,0	ok
-1.821852	-40.492077	-45.639769	0.883545	full	131504586847961235687181874578063117114329409897647623619241560935125066908876631867479597863393264	3148	1,0,0,0,0,0,0,0,0,0	6,0,0,0,0	ok
-1.819016	-40.492077	-43.099585	0.892431	continued:5	131504586847961235687181874578063117114329409897647623619241560935125066908876631867479597863393264	3148	1,0,0,0,0,0,0,0,0,0	6,0,0,0,0	ok
-1.816180	-40.492077	-43.372814	0.890100	continued:5	131504586847961235687181874578063117114329409897647623619241560935125066908876631867479597863393264	3148	1,0,0,0,0,0,0,0,0,0	6,0,0,0,0	ok
-1.813344	-40.492077	-43.652069	0.887847	continued:5	131504586847961235687181874578063117114329409897647623619241560935125066908876631867479597863393264	3307	1,0,0,0,0,0,0,0,0,0	7,0,0,0,0	ok
-1.810509	-40.492077	-43.940042	0.885929	continued:5	131504586847961235687181874578063117114329409897647623619241560935125066908876631867479597863393264	3307	1,0,0,0,0,0,0,0,0,0	7,0,0,0,0	ok
-1.807673	-40.492077	-44.235515	0.884346	continued:5	131504586847961235687181874578063117114329409897647623619241560935125066908876631867479597863393264	3307	1,0,0,0,0,0,0,0,0,0	7,0,0,0,0	ok
-1.804837	-40.492077	-44.536935	0.882890	continued:5	131504586847961235687181874578063117114329409897647623619241560935125066908876631867479597863393264	3307	1,0,0,0,0,0,0,0,0,0	7,0,0,0,0	ok
-1.802002	-40.492077	-44.844649	0.881847	continued:5	131504586847961235687181874578063117114329409897647623619241560935125066908876631867479597863393264	3470	1,0,0,0,0,0,0,0,0,0	8,0,0,0,0	ok
-1.799166	-40.492077	-45.155246	0.881139	continued:5	131504586847961235687181874578063117114329409897647623619241560935125066908876631867479597863393264	3470	1,0,0,0,0,0,0,0,0,0	8,0,0,0,0	ok
-1.796330	-40.492077	-45.465855	0.880765	continued:5	131504586847961235687181874578063117114329409897647623619241560935125066908876631867479597863393264	2636939	1,0,0,0,0,0,0,0,0,0	-9,0,0,0,0,0	ok
-1.793495	-40.492077	-45.773247	0.880391	full	131504586847961235687181874578063117114329409897647623619241560935125066908876631867479597863393264	3637	1,0,0,0,0,0,0,0,0,0	9,0,0,0,0	ok
-1.790659	-40.492077								error: T SSCS does not start with ±1: [2, 0, 0, 0, 0, 0, 0, 0, 0, 0]
-1.787823	-40.492077								error: T SSCS does not start with ±1: [2, 0, 0, 0, 0, 0, 0, 0, 0, 0]
-1.784987	-40.492077	-43.123993	0.888810	continued:5	131504586847961235687181874578063117114329409897647623619241560935125066908876631867479597863393264	3808	1,0,0,0,0,0,0,0,0,0	10,0,0,0,0	ok
-1.782152	-40.492077	-43.408487	0.886478	continued:5	131504586847961235687181874578063117114329409897647623619241560935125066908876631867479597863393264	3983	1,0,0,0,0,0,0,0,0,0	11,0,0,0,0	ok
-1.779316	-40.492077	-43.697189	0.884226	continued:5	131504586847961235687181874578063117114329409897647623619241560935125066908876631867479597863393264	3983	1,0,0,0,0,0,0,0,0,0	11,0,0,0,0	ok
-1.776480	-40.492077	-43.993193	0.882308	continued:5	131504586847961235687181874578063117114329409897647623619241560935125066908876631867479597863393264	4162	1,0,0,0,0,0,0,0,0,0	12,0,0,0,0	ok
-1.773645	-40.492077	-44.295487	0.880518	continued:5	131504586847961235687181874578063117114329409897647623619241560935125066908876631867479597863393264	4162	1,0,0,0,0,0,0,0,0,0	12,0,0,0,0	ok
-1.770809	-40.492077	-44.604969	0.879062	continued:5	131504586847961235687181874578063117114329409897647623619241560935125066908876631867479597863393264	4253	1,0,0,0,0,0,0,0,0,0	-13,0,0,0,0	ok
-1.767973	-40.492077	-44.919482	0.878019	continued:5	131504586847961235687181874578063117114329409897647623619241560935125066908876631867479597863393264	4345	1,0,0,0,0,0,0,0,0,0	13,0,0,0,0	ok
-1.765138	-40.492077	-45.235604	0.877311	continued:5	131504586847961235687181874578063117114329409897647623619241560935125066908876631867479597863393264	4345	1,0,0,0,0,0,0,0,0,0	13,0,0,0,0	ok
-1.762302	-40.492077	-45.550417	0.876937	continued:5	131504586847961235687181874578063117114329409897647623619241560935125066908876631867479597863393264	4345	1,0,0,0,0,0,0,0,0,0	13,0,0,0,0	ok
-1.759466	-40.492077	-45.860640	0.876564	full	131504586847961235687181874578063117114329409897647623619241560935125066908876631867479597863393264	752	1,0,0,0,0,0,0,0,0,0	14,0,0,0	ok
-1.756631	-40.492077	-43.204716	0.885418	continued:5	131504586847961235687181874578063117114329409897647623619241560935125066908876631867479597863393264	4532	1,0,0,0,0,0,0,0,0,0	14,0,0,0,0	ok
-1.753795	-40.492077	-43.497790	0.882959	continued:5	131504586847961235687181874578063117114329409897647623619241560935125066908876631867479597863393264	4532	1,0,0,0,0,0,0,0,0,0	14,0,0,0,0	ok
-1.750959	-40.492077	-43.796265	0.880835	continued:5	131504586847961235687181874578063117114329409897647623619241560935125066908876631867479597863393264	4532	1,0,0,0,0,0,0,0,0,0	14,0,0,0,0	ok
-1.748123	-40.492077	-44.099931	0.878710	continued:5	131504586847961235687181874578063117114329409897647623619241560935125066908876631867479597863393264	4532	1,0,0,0,0,0,0,0,0,0	14,0,0,0,0	ok
-1.745288	-40.492077	-44.411853	0.877126	continued:5	131504586847961235687181874578063117114329409897647623619241560935125066908876631867479597863393264	4532	1,0,0,0,0,0,0,0,0,0	14,0,0,0,0	ok
-1.742452	-40.492077	-44.727863	0.875670	continued:5	131504586847961235687181874578063117114329409897647623619241560935125066908876631867479597863393264	4532	1,0,0,0,0,0,0,0,0,0	14,0,0,0,0	ok
-1.739616	-40.492077	-45.048153	0.874756	continued:5	131504586847961235687181874578063117114329409897647623619241560935125066908876631867479597863393264	4627	1,0,0,0,0,0,0,0,0,0	-15,0,0,0,0	ok
-1.736781	-40.492077	-45.367779	0.874047	continued:5	131504586847961235687181874578063117114329409897647623619241560935125066908876631867479597863393264	831	1,0,0,0,0,0,0,0,0,0	15,0,0,0	ok
-1.733945	-40.492077	-45.685057	0.873674	continued:5	131504586847961235687181874578063117114329409897647623619241560935125066908876631867479597863393264	831	1,0,0,0,0,0,0,0,0,0	15,0,0,0	ok
-1.731109	-40.492077	-45.996545	0.872090	full	131504586847961235687181874578063117114329409897647623619241560935125066908876631867479597863393264	4723	1,0,0,0,0,0,0,0,0,0	15,0,0,0,0	ok
-1.728274	-40.492077								error: T SSCS does not start with ±1: [2, 0, 0, 0, 0, 0, 0, 0, 0, 0]
-1.725438	-40.492077								error: T SSCS does not start with ±1: [2, 0, 0, 0, 0, 0, 0, 0, 0, 0]
-1.722602	-40.492077								error: T SSCS does not start with ±1: [2, 0, 0, 0, 0, 0, 0, 0, 0, 0]
-1.719766	-40.492077								error: T SSCS does not start with ±1: [2, 0, 0, 0, 0, 0, 0, 0, 0, 0]
-1.716931	-40.492077								error: T SSCS does not start with ±1: [2, 0, 0, 0, 0, 0, 0, 0, 0, 0]
-1.714095	-40.492077								error: T SSCS does not start with ±1: [2, 0, 0, 0, 0, 0, 0, 0, 0, 0]
-1.711259	-40.492077								error: T SSCS does not start with ±1: [2, 0, 0, 0, 0, 0, 0, 0, 0, 0]
-1.708424	-40.492077								error: T SSCS does not start with ±1: [2, 0, 0, 0, 0, 0, 0, 0, 0, 0]
-1.705588	-40.492077								error: T SSCS does not start with ±1: [2, 0, 0, 0, 0, 0, 0, 0, 0, 0]
-1.702752	-40.492077								error: T SSCS does not start with ±1: [2, 0, 0, 0, 0, 0, 0, 0, 0, 0]
-1.699917	-40.492077								error: T SSCS does not start with ±1: [2, 0, 0, 0, 0, 0, 0, 0, 0, 0]
-1.697081	-40.492077								error: T SSCS does not start with ±1: [2, 0, 0, 0, 0, 0, 0, 0, 0, 0]
-1.694245	-40.492077								error: T SSCS does not start with ±1: [2, 0, 0, 0, 0, 0, 0, 0, 0, 0]
-1.691410	-40.492077								error: T SSCS does not start with ±1: [2, 0, 0, 0, 0, 0, 0, 0, 0, 0]
-1.688574	-40.492077								error: T SSCS does not start with ±1: [2, 0, 0, 0, 0, 0, 0, 0, 0, 0]
-1.685738	-40.492077								error: T SSCS does not start with ±1: [2, 0, 0, 0, 0, 0, 0, 0, 0, 0]
-1.682902	-40.492077								error: T SSCS does not start with ±1: [2, 0, 0, 0, 0, 0, 0, 0, 0, 0]
-1.680067	-40.492077								error: T SSCS does not start with ±1: [2, 0, 0, 0, 0, 0, 0, 0, 0, 0]
-1.677231	-40.492077								error: T SSCS does not start with ±1: [2, 0, 0, 0, 0, 0, 0, 0, 0, 0]
-1.674395	-40.492077								error: T SSCS does not start with ±1: [2, 0, 0, 0, 0, 0, 0, 0, 0, 0]
-1.671560	-40.492077								error: T SSCS does not start with ±1: [2, 0, 0, 0, 0, 0, 0, 0, 0, 0]
-1.668724	-40.492077								error: T SSCS does not start with ±1: [2, 0, 0, 0, 0, 0, 0, 0, 0, 0]
-1.665888	-40.492077								error: T SSCS does not start with ±1: [2, 0, 0, 0, 0, 0, 0, 0, 0, 0]
-1.663053	-40.492077								error: T SSCS does not start with ±1: [2, 0, 0, 0, 0, 0, 0, 0, 0, 0]
-1.660217	-40.492077								error: T SSCS does not start with ±1: [2, 0, 0, 0, 0, 0, 0, 0, 0, 0]
-1.657381	-40.492077								error: T SSCS does not start with ±1: [2, 0, 0, 0, 0, 0, 0, 0, 0, 0]
-1.654545	-40.492077								error: T SSCS does not start with ±1: [2, 0, 0, 0, 0, 0, 0, 0, 0, 0]
-1.651710	-40.492077								error: T SSCS does not start with ±1: [2, 0, 0, 0, 0, 0, 0, 0, 0, 0]
-1.648874	-40.492077								error: T SSCS does not start with ±1: [2, 0, 0, 0, 0, 0, 0, 0, 0, 0]
-1.646038	-40.492077								error: T SSCS does not start with ±1: [2, 0, 0, 0, 0, 0, 0, 0, 0, 0]
-1.643203	-40.492077								error: T SSCS does not start with ±1: [2, 0, 0, 0, 0, 0, 0, 0, 0, 0]
-1.640367	-40.492077								error: T SSCS does not start with ±1: [2, 0, 0, 0, 0, 0, 0, 0, 0, 0]
-1.637531	-40.492077								error: T SSCS does not start with ±1: [2, 0, 0, 0, 0, 0, 0, 0, 0, 0]
-1.634696	-40.492077								error: T SSCS does not start with ±1: [2, 0, 0, 0, 0, 0, 0, 0, 0, 0]
-1.631860	-40.492077								error: T SSCS does not start with ±1: [2, 0, 0, 0, 0, 0, 0, 0, 0, 0]
-1.629024	-40.492077								error: T SSCS does not start with ±1: [2, 0, 0, 0, 0, 0, 0, 0, 0, 0]
-1.626188	-40.492077								error: T SSCS does not start with ±1: [2, 0, 0, 0, 0, 0, 0, 0, 0, 0]
-1.623353	-40.492077								error: T SSCS does not start with ±1: [2, 0, 0, 0, 0, 0, 0, 0, 0, 0]
-1.620517	-40.492077								error: T SSCS does not start with ±1: [2, 0, 0, 0, 0, 0, 0, 0, 0, 0]
-1.617681	-40.492077								error: T SSCS does not start with ±1: [2, 0, 0, 0, 0, 0, 0, 0, 0, 0]
-1.614846	-40.492077								error: T SSCS does not start with ±1: [2, 0, 0, 0, 0, 0, 0, 0, 0, 0]
-1.612010	-40.492077								error: T SSCS does not start with ±1: [2, 0, 0, 0, 0, 0, 0, 0, 0, 0]
-1.609174	-40.492077	-43.705013	0.866656	continued:5	131504586847961235687181874578063117114329409897647623619241560935125066908876631867479597863393264	4723	1,0,0,0,0,0,0,0,0,0	15,0,0,0,0	ok
-1.606339	-40.492077	-44.046420	0.864197	continued:5	131504586847961235687181874578063117114329409897647623619241560935125066908876631867479597863393264	4723	1,0,0,0,0,0,0,0,0,0	15,0,0,0,0	ok
-1.603503	-40.492077	-44.390563	0.862279	continued:5	131504586847961235687181874578063117114329409897647623619241560935125066908876631867479597863393264	4723	1,0,0,0,0,0,0,0,0,0	15,0,0,0,0	ok
-1.600667	-40.492077	-44.734487	0.860489	continued:5	131504586847961235687181874578063117114329409897647623619241560935125066908876631867479597863393264	4723	1,0,0,0,0,0,0,0,0,0	15,0,0,0,0	ok
-1.597832	-40.492077	-45.079186	0.859033	continued:5	131504586847961235687181874578063117114329409897647623619241560935125066908876631867479597863393264	4723	1,0,0,0,0,0,0,0,0,0	15,0,0,0,0	ok
-1.594996	-40.492077	-45.422280	0.858118	continued:5	131504586847961235687181874578063117114329409897647623619241560935125066908876631867479597863393264	4723	1,0,0,0,0,0,0,0,0,0	15,0,0,0,0	ok
-1.592160	-40.492077	-45.758682	0.857410	continued:5	131504586847961235687181874578063117114329409897647623619241560935125066908876631867479597863393264	4723	1,0,0,0,0,0,0,0,0,0	15,0,0,0,0	ok
-1.589324	-40.492077	-46.086498	0.857577	full	131504586847961235687181874578063117114329409897647623619241560935125066908876631867479597863393264	4723	1,0,0,0,0,0,0,0,0,0	15,0,0,0,0	ok
-1.586489	-40.492077	-43.645030	0.864744	continued:5	131504586847961235687181874578063117114329409897647623619241560935125066908876631867479597863393264	4723	1,0,0,0,0,0,0,0,0,0	15,0,0,0,0	ok
-1.583653	-40.492077	-43.992412	0.862285	continued:5	131504586847961235687181874578063117114329409897647623619241560935125066908876631867479597863393264	4723	1,0,0,0,0,0,0,0,0,0	15,0,0,0,0	ok
-1.580817	-40.492077	-44.340256	0.860032	continued:5	131504586847961235687181874578063117114329409897647623619241560935125066908876631867479597863393264	4723	1,0,0,0,0,0,0,0,0,0	15,0,0,0,0	ok
-1.577982	-40.492077	-44.690023	0.858242	continued:5	131504586847961235687181874578063117114329409897647623619241560935125066908876631867479597863393264	4723	1,0,0,0,0,0,0,0,0,0	15,0,0,0,0	ok
-1.575146	-40.492077	-45.038940	0.856658	continued:5	131504586847961235687181874578063117114329409897647623619241560935125066908876631867479597863393264	4723	1,0,0,0,0,0,0,0,0,0	15,0,0,0,0	ok
-1.572310	-40.492077	-45.386330	0.855616	continued:5	131504586847961235687181874578063117114329409897647623619241560935125066908876631867479597863393264	4723	1,0,0,0,0,0,0,0,0,0	15,0,0,0,0	ok
-1.569475	-40.492077	-45.727180	0.854908	continued:5	131504586847961235687181874578063117114329409897647623619241560935125066908876631867479597863393264	4723	1,0,0,0,0,0,0,0,0,0	15,0,0,0,0	ok
-1.566639	-40.492077	-46.058387	0.854534	continued:5	131504586847961235687181874578063117114329409897647623619241560935125066908876631867479597863393264	4723	1,0,0,0,0,0,0,0,0,0	15,0,0,0,0	ok
-1.563803	-40.492077	-46.376578	0.852744	full	131504586847961235687181874578063117114329409897647623619241560935125066908876631867479597863393264	4723	1,0,0,0,0,0,0,0,0,0	15,0,0,0,0	ok
-1.560967	-40.492077	-44.010757	0.859759	continued:5	131504586847961235687181874578063117114329409897647623619241560935125066908876631867479597863393264	4723	1,0,0,0,0,0,0,0,0,0	15,0,0,0,0	ok
-1.558132	-40.492077	-44.364852	0.857507	continued:5	131504586847961235687181874578063117114329409897647623619241560935125066908876631867479597863393264	4723	1,0,0,0,0,0,0,0,0,0	15,0,0,0,0	ok
-1.555296	-40.492077	-44.719589	0.855589	continued:5	131504586847961235687181874578063117114329409897647623619241560935125066908876631867479597863393264	4723	1,0,0,0,0,0,0,0,0,0	15,0,0,0,0	ok
-1.552460	-40.492077	-45.073759	0.854005	continued:5	131504586847961235687181874578063117114329409897647623619241560935125066908876631867479597863393264	4723	1,0,0,0,0,0,0,0,0,0	15,0,0,0,0	ok
-1.549625	-40.492077	-45.425228	0.852963	continued:5	131504586847961235687181874578063117114329409897647623619241560935125066908876631867479597863393264	4723	1,0,0,0,0,0,0,0,0,0	15,0,0,0,0	ok
-1.546789	-40.492077	-45.769043	0.852254	continued:5	131504586847961235687181874578063117114329409897647623619241560935125066908876631867479597863393264	4723	1,0,0,0,0,0,0,0,0,0	15,0,0,0,0	ok
-1.543953	-40.492077	-46.102146	0.851881	continued:5	131504586847961235687181874578063117114329409897647623619241560935125066908876631867479597863393264	4723	1,0,0,0,0,0,0,0,0,0	15,0,0,0,0	ok
-1.541118	-40.492077	-46.421214	0.850297	full	131504586847961235687181874578063117114329409897647623619241560935125066908876631867479597863393264	4723	1,0,0,0,0,0,0,0,0,0	15,0,0,0,0	ok
-1.538282	-40.492077	-44.033255	0.857261	continued:5	131504586847961235687181874578063117114329409897647623619241560935125066908876631867479597863393264	4723	1,0,0,0,0,0,0,0,0,0	15,0,0,0,0	ok
-1.535446	-40.492077	-44.392903	0.854930	continued:5	131504586847961235687181874578063117114329409897647623619241560935125066908876631867479597863393264	4723	1,0,0,0,0,0,0,0,0,0	15,0,0,0,0	ok
-1.532611	-40.492077	-44.752899	0.853012	continued:5	131504586847961235687181874578063117114329409897647623619241560935125066908876631867479597863393264	4723	1,0,0,0,0,0,0,0,0,0	15,0,0,0,0	ok
-1.529775	-40.492077	-45.111165	0.851556	continued:5	131504586847961235687181874578063117114329409897647623619241560935125066908876631867479597863393264	4723	1,0,0,0,0,0,0,0,0,0	15,0,0,0,0	ok
-1.526939	-40.492077	-45.464279	0.850307	continued:5	131504586847961235687181874578063117114329409897647623619241560935125066908876631867479597863393264	4723	1,0,0,0,0,0,0,0,0,0	15,0,0,0,0	ok
-1.524103	-40.492077	-45.810927	0.849598	continued:5	131504586847961235687181874578063117114329409897647623619241560935125066908876631867479597863393264	4723	1,0,0,0,0,0,0,0,0,0	15,0,0,0,0	ok
-1.521268	-40.492077	-46.145787	0.849225	continued:5	131504586847961235687181874578063117114329409897647623619241560935125066908876631867479597863393264	4723	1,0,0,0,0,0,0,0,0,0	15,0,0,0,0	ok
-1.518432	-40.492077	-46.465593	0.847848	full	131504586847961235687181874578063117114329409897647623619241560935125066908876631867479597863393264	4723	1,0,0,0,0,0,0,0,0,0	15,0,0,0,0	ok
-1.515596	-40.492077	-44.056774	0.854678	continued:5	131504586847961235687181874578063117114329409897647623619241560935125066908876631867479597863393264	4723	1,0,0,0,0,0,0,0,0,0	15,0,0,0,0	ok
-1.512761	-40.492077	-44.422825	0.852347	continued:5	131504586847961235687181874578063117114329409897647623619241560935125066908876631867479597863393264	4723	1,0,0,0,0,0,0,0,0,0	15,0,0,0,0	ok
-1.509925	-40.492077	-44.787919	0.850429	continued:5	131504586847961235687181874578063117114329409897647623619241560935125066908876631867479597863393264	4723	1,0,0,0,0,0,0,0,0,0	15,0,0,0,0	ok
-1.507089	-40.492077	-45.150121	0.848973	continued:5	131504586847961235687181874578063117114329409897647623619241560935125066908876631867479597863393264	4723	1,0,0,0,0,0,0,0,0,0	15,0,0,0,0	ok
-1.504254	-40.492077	-45.506081	0.847724	continued:5	131504586847961235687181874578063117114329409897647623619241560935125066908876631867479597863393264	4723	1,0,0,0,0,0,0,0,0,0	15,0,0,0,0	ok
-1.501418	-40.492077	-45.854523	0.847016	continued:5	131504586847961235687181874578063117114329409897647623619241560935125066908876631867479597863393264	4723	1,0,0,0,0,0,0,0,0,0	15,0,0,0,0	ok
-1.498582	-40.492077	-46.190169	0.846642	continued:5	131504586847961235687181874578063117114329409897647623619241560935125066908876631867479597863393264	4723	1,0,0,0,0,0,0,0,0,0	15,0,0,0,0	ok
-1.495746	-40.492077	-46.509807	0.845393	full	131504586847961235687181874578063117114329409897647623619241560935125066908876631867479597863393264	4723	1,0,0,0,0,0,0,0,0,0	15,0,0,0,0	ok
-1.492911	-40.492077	-44.078152	0.852136	continued:5	131504586847961235687181874578063117114329409897647623619241560935125066908876631867479597863393264	4723	1,0,0,0,0,0,0,0,0,0	15,0,0,0,0	ok
-1.490075	-40.492077	-44.450199	0.849805	continued:5	131504586847961235687181874578063117114329409897647623619241560935125066908876631867479597863393264	4723	1,0,0,0,0,0,0,0,0,0	15,0,0,0,0	ok
-1.487239	-40.492077	-44.819978	0.847887	continued:5	131504586847961235687181874578063117114329409897647623619241560935125066908876631867479597863393264	4723	1,0,0,0,0,0,0,0,0,0	15,0,0,0,0	ok
-1.484404	-40.492077	-45.185702	0.846303	continued:5	131504586847961235687181874578063117114329409897647623619241560935125066908876631867479597863393264	4723	1,0,0,0,0,0,0,0,0,0	15,0,0,0,0	ok
-1.481568	-40.492077	-45.545458	0.845054	continued:5	131504586847961235687181874578063117114329409897647623619241560935125066908876631867479597863393264	4723	1,0,0,0,0,0,0,0,0,0	15,0,0,0,0	ok
-1.478732	-40.492077	-45.896545	0.844346	continued:5	131504586847961235687181874578063117114329409897647623619241560935125066908876631867479597863393264	4723	1,0,0,0,0,0,0,0,0,0	15,0,0,0,0	ok
-1.475897	-40.492077	-46.233748	0.843972	continued:5	131504586847961235687181874578063117114329409897647623619241560935125066908876631867479597863393264	4723	1,0,0,0,0,0,0,0,0,0	15,0,0,0,0	ok
-1.473061	-40.492077	-46.553924	0.842929	full	131504586847961235687181874578063117114329409897647623619241560935125066908876631867479597863393264	4723	1,0,0,0,0,0,0,0,0,0	15,0,0,0,0	ok
-1.470225	-40.492077	-44.104684	0.849624	continued:5	131504586847961235687181874578063117114329409897647623619241560935125066908876631867479597863393264	4723	1,0,0,0,0,0,0,0,0,0	15,0,0,0,0	ok
-1.467389	-40.492077	-44.481872	0.847372	continued:5	131504586847961235687181874578063117114329409897647623619241560935125066908876631867479597863393264	4723	1,0,0,0,0,0,0,0,0,0	15,0,0,0,0	ok
-1.464554	-40.492077	-44.854692	0.845248	continued:5	131504586847961235687181874578063117114329409897647623619241560935125066908876631867479597863393264	4723	1,0,0,0,0,0,0,0,0,0	15,0,0,0,0	ok
-1.461718	-40.492077	-45.224731	0.843664	continued:5	131504586847961235687181874578063117114329409897647623619241560935125066908876631867479597863393264	4723	1,0,0,0,0,0,0,0,0,0	15,0,0,0,0	ok
-1.458882	-40.492077	-45.587631	0.842415	continued:5	131504586847961235687181874578063117114329409897647623619241560935125066908876631867479597863393264	4723	1,0,0,0,0,0,0,0,0,0	15,0,0,0,0	ok
-1.456047	-40.492077	-45.940751	0.841707	continued:5	131504586847961235687181874578063117114329409897647623619241560935125066908876631867479597863393264	4723	1,0,0,0,0,0,0,0,0,0	15,0,0,0,0	ok
-1.453211	-40.492077	-46.278930	0.841333	continued:5	131504586847961235687181874578063117114329409897647623619241560935125066908876631867479597863393264	4723	1,0,0,0,0,0,0,0,0,0	15,0,0,0,0	ok
-1.450375	-40.492077	-46.599100	0.840418	full	131504586847961235687181874578063117114329409897647623619241560935125066908876631867479597863393264	4723	1,0,0,0,0,0,0,0,0,0	15,0,0,0,0	ok
-1.447540	-40.492077	-44.131449	0.847147	continued:5	131504586847961235687181874578063117114329409897647623619241560935125066908876631867479597863393264	4723	1,0,0,0,0,0,0,0,0,0	15,0,0,0,0	ok
-1.444704	-40.492077	-44.513259	0.844816	continued:5	131504586847961235687181874578063117114329409897647623619241560935125066908876631867479597863393264	4723	1,0,0,0,0,0,0,0,0,0	15,0,0,0,0	ok
-1.441868	-40.492077	-44.890442	0.842691	continued:5	131504586847961235687181874578063117114329409897647623619241560935125066908876631867479597863393264	4723	1,0,0,0,0,0,0,0,0,0	15,0,0,0,0	ok
-1.439033	-40.492077	-45.263690	0.841107	continued:5	5695183504499363952821063	4723	1,0,0,0,0,0,0,0	15,0,0,0,0	ok
-1.436197	-40.492077	-45.628714	0.839858	continued:5	131504586847961235687181874578063117114329409897647623619241560935125066908876631867479597863393264	4723	1,0,0,0,0,0,0,0,0,0	15,0,0,0,0	ok
-1.433361	-40.492077	-45.982923	0.839022	continued:5	131504586847961235687181874578063117114329409897647623619241560935125066908876631867479597863393264	4723	1,0,0,0,0,0,0,0,0,0	15,0,0,0,0	ok
-1.430525	-40.492077	-46.322469	0.838648	continued:5	131504586847961235687181874578063117114329409897647623619241560935125066908876631867479597863393264	4723	1,0,0,0,0,0,0,0,0,0	15,0,0,0,0	ok
-1.427690	-40.492077	-46.642988	0.837940	full	131504586847961235687181874578063117114329409897647623619241560935125066908876631867479597863393264	4723	1,0,0,0,0,0,0,0,0,0	15,0,0,0,0	ok
-1.424854	-40.492077	-44.154930	0.844577	continued:5	131504586847961235687181874578063117114329409897647623619241560935125066908876631867479597863393264	4723	1,0,0,0,0,0,0,0,0,0	15,0,0,0,0	ok
-1.422018	-40.492077	-44.542635	0.842118	continued:5	131504586847961235687181874578063117114329409897647623619241560935125066908876631867479597863393264	4723	1,0,0,0,0,0,0,0,0,0	15,0,0,0,0	ok
-1.419183	-40.492077	-44.925814	0.840200	continued:5	5695183504499363952821063	4723	1,0,0,0,0,0,0,0	15,0,0,0,0	ok
-1.416347	-40.492077	-45.301439	0.838410	continued:5	16217557574922386301420548362621878581010822074119	4723	1,0,0,0,0,0,0,0,0	15,0,0,0,0	ok
-1.413511	-40.492077	-45.669999	0.837161	continued:5	5695183504499363952821063	4723	1,0,0,0,0,0,0,0	15,0,0,0,0	ok
-1.410676	-40.492077	-46.026563	0.836453	continued:5	5695183504499363952821063	4723	1,0,0,0,0,0,0,0	15,0,0,0,0	ok
-1.407840	-40.492077	-46.366104	0.835951	continued:5	16217557574922386301420548362621878581010822074119	4723	1,0,0,0,0,0,0,0,0	15,0,0,0,0	ok
-1.405004	-40.492077	-46.686931	0.835449	full	16217557574922386301420548362621878581010822074119	4723	1,0,0,0,0,0,0,0,0	15,0,0,0,0	ok
-1.402168	-40.492077	-44.181917	0.841945	continued:5	16217557574922386301420548362621878581010822074119	4723	1,0,0,0,0,0,0,0,0	15,0,0,0,0	ok
-1.399333	-40.492077	-44.575868	0.839486	continued:5	3374966975014	4723	1,0,0,0,0,0,0	15,0,0,0,0	ok
-1.396497	-40.492077	-44.963900	0.837568	continued:5	3374966975014	4723	1,0,0,0,0,0,0	15,0,0,0,0	ok
-1.393661	-40.492077	-45.343139	0.835778	continued:5	131504586847961235687181874578063117114329409897647623619241560935125066908876631867479597863393264	4723	1,0,0,0,0,0,0,0,0,0	15,0,0,0,0	ok
-1.390826	-40.492077	-45.714154	0.834529	continued:5	131504586847961235687181874578063117114329409897647623619241560935125066908876631867479597863393264	4723	1,0,0,0,0,0,0,0,0,0	15,0,0,0,0	ok
-1.387990	-40.492077	-46.072074	0.833821	continued:5	131504586847961235687181874578063117114329409897647623619241560935125066908876631867479597863393264	4723	1,0,0,0,0,0,0,0,0,0	15,0,0,0,0	ok
-1.385154	-40.492077	-46.411943	0.833447	continued:5	16217557574922386301420548362621878581010822074119	2664557	1,0,0,0,0,0,0,0,0	-15,0,0,0,0,0	ok
-1.382319	-40.492077	-46.730944	0.832945	full	131504586847961235687181874578063117114329409897647623619241560935125066908876631867479597863393264	2664557	1,0,0,0,0,0,0,0,0,0	-15,0,0,0,0,0	ok
-1.379483	-40.492077	-44.210537	0.839412	continued:5	131504586847961235687181874578063117114329409897647623619241560935125066908876631867479597863393264	2664557	1,0,0,0,0,0,0,0,0,0	-15,0,0,0,0,0	ok
-1.376647	-40.492077	-44.609323	0.836953	continued:5	2602619	2664557	1,0,0,0,0,0	-15,0,0,0,0,0	ok
-1.373812	-40.492077	-45.000949	0.834828	continued:5	16217557574922386301420548362621878581010822074119	2664557	1,0,0,0,0,0,0,0,0	-15,0,0,0,0,0	ok
-1.370976	-40.492077	-45.384912	0.833245	continued:5	16217557574922386301420548362621878581010822074119	2664557	1,0,0,0,0,0,0,0,0	-15,0,0,0,0,0	ok
-1.368140	-40.492077	-45.757184	0.831995	continued:5	16217557574922386301420548362621878581010822074119	2664557	1,0,0,0,0,0,0,0,0	-15,0,0,0,0,0	ok
-1.365304	-40.492077	-46.115371	0.831160	continued:5	3374966975014	2664557	1,0,0,0,0,0,0	-15,0,0,0,0,0	ok
-1.362469	-40.492077	-46.455830	0.830786	continued:5	5695183504499363952821063	2664557	1,0,0,0,0,0,0,0	-15,0,0,0,0,0	ok
-1.359633	-40.492077	-46.774462	0.830412	full	131504586847961235687181874578063117114329409897647623619241560935125066908876631867479597863393264	2664557	1,0,0,0,0,0,0,0,0,0	-15,0,0,0,0,0	ok
-1.356797	-40.492077	-44.639489	0.834762	continued:5	5695183504499363952821063	2664557	1,0,0,0,0,0,0,0	-15,0,0,0,0,0	ok
-1.353962	-40.492077	-45.033793	0.832510	continued:5	131504586847961235687181874578063117114329409897647623619241560935125066908876631867479597863393264	2664557	1,0,0,0,0,0,0,0,0,0	-15,0,0,0,0,0	ok
-1.351126	-40.492077	-45.420877	0.830927	continued:5	2602619	2664557	1,0,0,0,0,0	-15,0,0,0,0,0	ok
-1.348290	-40.492077	-45.795229	0.829677	continued:5	5695183504499363952821063	2664557	1,0,0,0,0,0,0,0	-15,0,0,0,0,0	ok
-1.345455	-40.492077	-46.154520	0.828841	continued:5	3374966975014	2664557	1,0,0,0,0,0,0	-15,0,0,0,0,0	ok
-1.342619	-40.492077	-46.495181	0.828468	continued:5	131504586847961235687181874578063117114329409897647623619241560935125066908876631867479597863393264	4627	1,0,0,0,0,0,0,0,0,0	-15,0,0,0,0	ok
-1.339783	-40.492077	-46.813199	0.828094	full	16217557574922386301420548362621878581010822074119	4627	1,0,0,0,0,0,0,0,0	-15,0,0,0,0	ok
-1.336947	-40.492077	-44.672740	0.832524	continued:5	3374966975014	4627	1,0,0,0,0,0,0	-15,0,0,0,0	ok
-1.334112	-40.492077	-45.069931	0.830399	continued:5	5695183504499363952821063	4627	1,0,0,0,0,0,0,0	-15,0,0,0,0	ok
-1.331276	-40.492077	-45.457537	0.828609	continued:5	16217557574922386301420548362621878581010822074119	4627	1,0,0,0,0,0,0,0,0	-15,0,0,0,0	ok
-1.328440	-40.492077	-45.833800	0.827359	continued:5	2602619	4627	1,0,0,0,0,0	-15,0,0,0,0	ok
-1.325605	-40.492077	-46.194033	0.826524	continued:5	5695183504499363952821063	4627	1,0,0,0,0,0,0,0	-15,0,0,0,0	ok
-1.322769	-40.492077	-46.534743	0.826150	continued:5	3374966975014	4627	1,0,0,0,0,0,0	-15,0,0,0,0	ok
-1.319933	-40.492077	-46.852009	0.825776	full	16217557574922386301420548362621878581010822074119	44968357	1,0,0,0,0,0,0,0,0	-15,0,0,0,1	ok
-1.317098	-40.492077	-44.703625	0.830208	continued:5	5695183504499363952821063	27465137	1,0,0,0,0,0,0,0	-15,0,0,-1,0,0	ok
-1.314262	-40.492077	-45.104659	0.828083	continued:5	3374966975014	617687	1,0,0,0,0,0,0	-15,0,0,1,0	ok
-1.311426	-40.492077	-45.495003	0.826293	continued:5	3374966975014	43678502	1,0,0,0,0,0,0	-15,0,-1,-1,0,0	ok
-1.308590	-40.492077	-45.872977	0.825044	continued:5	2602619	4840687	1,0,0,0,0,0	-15,0,-1,0,0,0	ok
-1.305755	-40.492077	-46.233963	0.824208	continued:5	2602619	28891	1,0,0,0,0,0	-15,0,1,0,0	ok
-1.302919	-40.492077	-46.574545	0.823834	continued:5	2602619	202030864282	1,0,0,0,0,0	-15,0,1,-1,-2	ok
-1.300083	-40.492077	-46.890898	0.823460	full	2602619	1020593581	1,0,0,0,0,0	-15,-1,1,0,-1,0	ok
-1.297248	-40.492077	-44.735384	0.827890	continued:5	2602619	44958874	1,0,0,0,0,0	-15,-1,-1,-1,0,0	ok
-1.294412	-40.492077	-45.140119	0.825765	continued:5	2602619	46276981	1,0,0,0,0,0	-15,-1,0,0,1	ok
-1.291576	-40.492077	-45.533062	0.823975	continued:5	2602619	2821471	1,0,0,0,0,0	-15,-1,0,0,0,0	ok
-1.288741	-40.492077	-45.912609	0.822726	continued:5	2602619	2821471	1,0,0,0,0,0	-15,-1,0,0,0,0	ok
-1.285905	-40.492077	-46.274214	0.821890	continued:5	2602619	7111	1,0,0,0,0,0	-15,1,0,0,0	ok
-1.283069	-40.492077	-46.614545	0.821516	continued:5	2602619	7111	1,0,0,0,0,0	-15,1,0,0,0	ok
-1.280234	-40.492077	-46.929875	0.821142	full	2602619	47614132	1,0,0,0,0,0	-15,1,0,0,1	ok
-1.277398	-40.492077	-44.768345	0.825573	continued:5	2602619	267517	1,0,0,0,0,0	-15,1,1,-1,0	ok
-1.274562	-40.492077	-45.176565	0.823449	continued:5	2602619	10702	1,0,0,0,0,0	-15,2,0,0,0	ok
-1.271726	-40.492077	-45.571903	0.821658	continued:5	2602619	26767	1,0,0,0,0,0	-15,-5,0,0,0	ok
-1.268891	-40.492077	-45.952831	0.820409	continued:5	2602619	236988	1,0,0,0,0,0	14,-4,0,0,-1	ok
-1.266055	-40.492077	-46.314875	0.819573	continued:5	2602619	79197377	1,0,0,0,0,0	14,-3,-1,0,1	ok
-1.263219	-40.492077	-46.654787	0.819199	continued:5	2602619	1863	1,0,0,0,0,0	14,2,0,0	ok
-1.260384	-40.492077	-46.968946	0.818825	full	131504586847961235687181874578063117114329409897647623619241560935125066908876631867479597863393264	10557	1,0,0,0,0,0,0,0,0,0	14,2,0,0,0	ok
-1.257548	-40.492077	-44.804224	0.823386	continued:5	2602619	8618	1,0,0,0,0,0	14,-2,0,0,0	ok
-1.254712	-40.492077	-45.214106	0.821134	continued:5	3374966975014	783098	1,0,0,0,0,0,0	14,-2,0,1,0	ok
-1.251877	-40.492077	-45.611608	0.819344	continued:5	2602619	120758	1,0,0,0,0,0	14,-2,1,1	ok
-1.249041	-40.492077	-45.993700	0.818095	continued:5	2602619	106925	1,0,0,0,0,0	14,1,1,1	ok
-1.246205	-40.492077	-46.355982	0.817259	continued:5	3374966975014	4343	1,0,0,0,0,0,0	14,1,1,0	ok
-1.243369	-40.492077	-46.695292	0.816885	continued:5	3374966975014	295268	1,0,0,0,0,0,0	14,1,-1,0,-1	ok
-1.240534	-40.492077	-47.008115	0.816511	full	2602619	9673373	1,0,0,0,0,0	14,1,-1,2	ok
-1.237698	-40.492077	-44.840219	0.821070	continued:5	3374966975014	724178	1,0,0,0,0,0,0	14,1,0,1,0	ok
-1.234862	-40.492077	-45.253104	0.818739	continued:5	3374966975014	53600	1,0,0,0,0,0,0	14,1,0,-1,0	ok
-1.232027	-40.492077	-45.653406	0.817155	continued:5	2602619	378743975	1,0,0,0,0,0	14,1,0,-1,1	ok
-1.229191	-40.492077	-46.035067	0.815778	continued:5	3374966975014	47604375	1,0,0,0,0,0,0	14,1,0,0,1	ok
-1.226355	-40.492077	-46.397440	0.814942	continued:5	3374966975014	136998	1,0,0,0,0,0,0	14,1,0,0,-1	ok
-1.223520	-40.492077	-46.736016	0.814568	continued:5	3374966975014	6993	1,0,0,0,0,0,0	14,1,0,0,0	ok
-1.220684	-40.492077	-47.047388	0.814194	full	2602619	6993	1,0,0,0,0,0	14,1,0,0,0	ok
-1.217848	-40.492077	-44.879607	0.818756	continued:5	2602619	6993	1,0,0,0,0,0	14,1,0,0,0	ok
-1.215013	-40.492077	-45.295045	0.816631	continued:5	2602619	6993	1,0,0,0,0,0	14,1,0,0,0	ok
-1.212177	-40.492077	-45.694670	0.814841	continued:5	2602619	6993	1,0,0,0,0,0	14,1,0,0,0	ok
-1.209341	-40.492077	-46.077110	0.813464	continued:5	2602619	6993	1,0,0,0,0,0	14,1,0,0,0	ok
-1.206505	-40.492077	-46.439364	0.812628	continued:5	2602619	6993	1,0,0,0,0,0	14,1,0,0,0	ok
-1.203670	-40.492077	-46.777015	0.812254	continued:5	2602619	6993	1,0,0,0,0,0	14,1,0,0,0	ok
-1.200834	-40.492077	-47.086769	0.811881	full	2602619	2819097	1,0,0,0,0,0	14,-1,0,0,0,0	ok
-1.197998	-40.492077	-44.917514	0.816442	continued:5	2602619	5643	1,0,0,0,0,0	14,-1,0,0,0	ok
-1.195163	-40.492077	-45.335525	0.814317	continued:5	4538138813	5643	1,0,0,0,0,-1	14,-1,0,0,0	ok
-1.192327	-40.492077	-45.736699	0.812527	continued:5	4538138813	5643	1,0,0,0,0,-1	14,-1,0,0,0	ok
-1.189491	-40.492077	-46.119730	0.811150	continued:5	4538138813	5643	1,0,0,0,0,-1	14,-1,0,0,0	ok
-1.186656	-40.492077	-46.481691	0.810314	continued:5	10296487302784401619	5643	1,0,0,0,0,0,-1	14,-1,0,0,0	ok
-1.183820	-40.492077	-46.818260	0.809940	continued:5	4538138813	533615418	1,0,0,0,0,-1	14,-1,0,0,-1,0	ok
-1.180984	-40.492077	-47.126262	0.809566	full	4538138813	46267362	1,0,0,0,0,-1	14,-1,0,0,1	ok
-1.178148	-40.492077	-44.956770	0.814128	continued:5	9455884669399194686325857268511369	533555201417159592	1,0,0,0,0,0,-1,0	14,-1,0,0,-3,0	ok
-1.175313	-40.492077	-45.377099	0.812004	continued:5	137520069907210163	3483161352	1,0,0,0,0,-1,0	14,-1,0,-1,-1,0	ok
-1.172477	-40.492077	-45.779587	0.810214	continued:5	137520069907210163	28361718	1,0,0,0,0,-1,0	14,-1,0,-1,0,0	ok
-1.169641	-40.492077	-46.162992	0.808837	continued:5	998767365241364	668718	1,0,0,0,0,1	14,-1,0,1,0	ok
-1.166806	-40.492077	-46.524461	0.808001	continued:5	498768035658204819039470024113	9677772	1,0,0,0,0,0,1	14,-1,0,-2,0	ok
-1.163970	-40.492077	-46.859774	0.807627	continued:5	498768035658204819039470024113	204188297418	1,0,0,0,0,0,1	14,-1,0,-5	ok
-1.161134	-40.492077	-47.165871	0.807253	full	998767365241364	19885065572	1,0,0,0,0,1	14,-1,-1,-2,1	ok
-1.158299	-40.492077	-44.997348	0.811816	continued:5	124384776697171140630079328690441951545575488546002013095244	129422433987468	1,0,0,0,0,0,0,1	14,-1,-1,-1,-2,0	ok
-1.155463	-40.492077	-45.419743	0.809691	continued:5	998767365241364	13502	1,0,0,0,0,1	14,-1,-1,0,0	ok
-1.152627	-40.492077	-45.823314	0.807901	continued:5	998767365241364	5083238	1,0,0,0,0,1	14,-1,-1,0,0,0	ok
-1.149791	-40.492077	-46.206881	0.806524	continued:5	498768035658204819039470024113	565488	1,0,0,0,0,0,1	14,-1,1,0,-1	ok
-1.146956	-40.492077	-46.567667	0.805688	continued:5	474075634852359393488	2507652	1,0,0,0,0,-2	14,-1,1,1,0	ok
-1.144120	-40.492077	-46.901551	0.805314	continued:5	474075634852359393488	56387032443	1,0,0,0,0,-2	14,-1,-2,0,-2	ok
-1.141284	-40.492077	-47.205599	0.804940	full	474075634852359393488	474797	1,0,0,0,0,-2	14,-1,2,1	ok
-1.138449	-40.492077	-46.586325	0.804697	continued:5	112373853751138262663616245828809728992119	785603	1,0,0,0,0,0,-2	14,-1,4,0	ok
-1.135613	-40.492077	-46.919542	0.804324	continued:5	112373853751138262663616245828809728992119	13339079417	1,0,0,0,0,0,-2	14,-1,13,-2	ok
-1.132777	-40.492077	-47.222662	0.803950	full	19932928654438063785531237407128516766383096420996333229842235064522133469289794613727440371080439030990147188931399517579750934242525050890728296147083748643722188	7973634875	1,0,0,0,0,0,0,0,-2	14,0,-14,1	ok
-1.129942	-40.492077	-45.054491	0.808516	continued:5	474075634852359393488	3586663832	1,0,0,0,0,-2	14,0,-13,0,0	ok
-1.127106	-40.492077	-45.479662	0.806263	continued:5	112373853751138262663616245828809728992119	260387582	1,0,0,0,0,0,-2	14,0,-10,0	ok
-1.124270	-40.492077	-45.885968	0.804473	continued:5	474075634852359393488	3316199646812	1,0,0,0,0,-2	14,0,5,5	ok
-1.121435	-40.492077	-46.270787	0.803224	continued:5	474075634852359393488	726587	1,0,0,0,0,-2	14,0,4,0	ok
-1.118599	-40.492077	-46.630217	0.802388	continued:5	198660822371459020040991262664725654695098457218806712582493901613744593605138589491073110089387358700256374795521340949758912532164260081300551137281749648529713495803898232064923236703346932426532145693783821767048976448511010313946678804767453996519527121898244360474393269193483315369831563834569954791744509398079716557244	3727787	1,0,0,0,0,0,0,0,0,-2	14,0,3,-1,0	ok
-1.115763	-40.492077	-46.961730	0.802014	continued:5	19932928654438063785531237407128516766383096420996333229842235064522133469289794613727440371080439030990147188931399517579750934242525050890728296147083748643722188	335599250	1,0,0,0,0,0,0,0,-2	14,0,-3,0,1	ok
-1.112927	-40.492077	-47.262565	0.801640	full	498768035658204819039470024113	39966242	1,0,0,0,0,0,1	14,0,2,2	ok
-1.110092	-40.492077	-45.098348	0.806204	continued:5	124384776697171140630079328690441951545575488546002013095244	20072	1,0,0,0,0,0,0,1	14,0,2,0	ok
-1.107256	-40.492077	-45.524954	0.803951	continued:5	124384776697171140630079328690441951545575488546002013095244	72362	1,0,0,0,0,0,0,1	14,0,-2,0,0	ok
-1.104420	-40.492077	-45.931767	0.802161	continued:5	7735786337002564403960715824989841254571299116547423314876119385236111757393929197871923072064461096917087443985104764	158339882	1,0,0,0,0,0,0,0,1	14,0,-2,0,1	ok
-1.101585	-40.492077	-46.316218	0.800912	continued:5	124384776697171140630079328690441951545575488546002013095244	194972	1,0,0,0,0,0,0,1	14,0,-2,1	ok
-1.098749	-40.492077	-46.674489	0.800076	continued:5	999352445239468059728339976028399275632875215628777031331993261277866348700276632297712122230629324694170424628009242732787488395381063	150999390521192375	1,0,0,0,0,0,0,0,-1,0	14,0,1,11	ok
-1.095913	-40.492077	-47.004159	0.799702	continued:5	986967230807456606732814471963693279599699550412763576650215712022876040225325604509130072922943806714150735009286957251514786042124870295797653387244	353633687	1,0,0,0,0,0,0,0,0,-1	14,0,1,-2,-1	ok
-1.093078	-40.492077	-47.302593	0.799328	full	131504586847961235687181874578063117114329409897647623619241560935125066908876631867479597863393264	217442	1,0,0,0,0,0,0,0,0,0	14,0,1,-1,0	ok
-1.090242	-40.492077	-45.143827	0.803895	continued:5	1404967779564682121491827836997988245654164107093047015628260724137243603313	2747	1,0,0,0,0,0,0,0,-1	14,0,1,0	ok
-1.087406	-40.492077	-45.571541	0.801642	continued:5	131504586847961235687181874578063117114329409897647623619241560935125066908876631867479597863393264	519662	1,0,0,0,0,0,0,0,0,0	14,0,1,0,-1	ok
-1.084570	-40.492077	-45.978567	0.799852	continued:5	131504586847961235687181874578063117114329409897647623619241560935125066908876631867479597863393264	28652	1,0,0,0,0,0,0,0,0,0	14,0,1,0,0	ok
-1.081735	-40.492077	-46.362387	0.798603	continued:5	131504586847961235687181874578063117114329409897647623619241560935125066908876631867479597863393264	11147	1,0,0,0,0,0,0,0,0,0	14,0,-1,0,0	ok
-1.078899	-40.492077	-46.719265	0.797767	continued:5	131504586847961235687181874578063117114329409897647623619241560935125066908876631867479597863393264	731741612	1,0,0,0,0,0,0,0,0,0	14,0,-1,0,-1,0	ok
-1.076063	-40.492077	-47.046888	0.797393	continued:5	131504586847961235687181874578063117114329409897631406061666638548823646371904376997883815099845702	1247	-1,0,0,0,0,0,0,0,0,0	14,0,-1,0	ok
-1.073228	-40.492077	-47.342749	0.797019	full	131504586847961235687181874578063117114329409897647623619241560935125066908876631867479597863393264	94802	1,0,0,0,0,0,0,0,0,0	14,0,-1,-1,0	ok
-1.070392	-40.492077	-45.190889	0.801588	continued:5	131504586847961235687181874578063117114329409897631406061666638548823646371904376997883815099845702	165156197	-1,0,0,0,0,0,0,0,0,0	14,0,-1,2,0	ok
-1.067556	-40.492077	-45.619392	0.799335	continued:5	131504586847961235687181874578063117114329409897631406061666638548823646371904376997883815099845702	1948634228711926742	-1,0,0,0,0,0,0,0,0,0	14,0,-1,13	ok
-1.064721	-40.492077	-46.026343	0.797545	continued:5	131504586847961235687181874578063117114329409897631406061666638548823646371904376997883815099845702	1905213356734001000	-1,0,0,0,0,0,0,0,0,0	14,0,0,13	ok
-1.061885	-40.492077	-46.409273	0.796296	continued:5	131504586847961235687181874578063117114329409897631406061666638548823646371904376997883815099845702	15232619509250	-1,0,0,0,0,0,0,0,0,0	14,0,0,-6,0	ok
-1.059049	-40.492077	-46.764530	0.795460	continued:5	16217557574922386301420542667438374088396792810839	117335985010225187	-1,0,0,0,0,0,0,0,0	14,0,0,-3,-3	ok
-1.056214	-40.492077	-47.089911	0.795086	continued:5	986967230807456606732814471963693279599699550412763576650215712022876040223920636729565390801451978877152746763738810795011239721071633418121580902714	168645767	-1,0,0,0,0,0,0,0,0,-1	14,0,0,-2,-1	ok
-1.053378	-40.492077	-47.383036	0.794712	full	124384776697171140630079328689943183509917285724497094778714	16242123	-1,0,0,0,0,0,0,1	-14,0,0,1,-1	ok
-1.050542	-40.492077	-45.237877	0.799153	continued:5	4620127949335671579886132191730631601027007282615956576514139814003535013279752896447641535799578266795	39594	-1,0,0,0,0,0,0,2	-14,0,0,-1,0	ok
-1.047706	-40.492077	-45.668433	0.797029	continued:5	4038051699060058531378258171430395688244274887581233931707737427438588587713570735212946599365223061491824883993646213122810611325589	144288965388	-1,0,0,0,0,0,-11	-14,0,0,-1,-2	ok
-1.044871	-40.492077	-46.075039	0.795239	continued:5	178169187138219364255516761872252809268220457495801766941256608701116754184298570546883522540247306155119342289606228900023880423063048112610818295	714	-1,0,0,0,0,-1,-14	-14,0,0,0	ok
-1.042035	-40.492077	-46.456837	0.793989	continued:5	3024431385195874231223073476980824076638380708545139	30798765739	-1,0,0,0,-1,-1,0,0,0	-14,0,0,0,-2	ok
-1.039199	-40.492077	-46.810259	0.793153	continued:5	1123449779957341410833534473850925696948274238285503779321046088125734013425345839	44949394	-1,0,0,0,0,0,-1,0,-1	-14,0,0,0,1	ok
-1.036364	-40.492077	-47.133215	0.792780	continued:5	129422015682764	44949394	-1,0,0,0,1,-1	-14,0,0,0,1	ok
-1.033528	-40.492077	-47.423455	0.792406	full	474075634821567328445	30798765739	-1,0,0,0,0,-2	-14,0,0,0,-2	ok
-1.030692	-40.492077	-45.288011	0.796848	continued:5	169988880600096195745173314681687189495482322948722586669535694574363377887622148902890140238448195970	714	-1,0,0,0,0,0,2,-2	-14,0,0,0	ok
-1.027857	-40.492077	-45.718728	0.794724	continued:5	2343270768201160831176600833102622038249610183820905677994042666592293078379092899596434543927492833788548332294406646142721394276975684644790634360626391444336342867420508907504772128369387633373967549804755485662170	28851170377826439694	-1,0,0,0,0,0,0,-5,1	-14,0,0,-1,-4	ok
-1.025021	-40.492077	-46.124698	0.792933	continued:5	1802776366761797960905534690677806047367960727116415845648393127005251952	24821368194	-1,0,0,0,0,-13,0	-14,0,0,-1,0,-1	ok
-1.022185	-40.492077	-46.505107	0.791684	continued:5	17360062177740889818539984025777096943793259574962252893084712855286485077	111213988823163	-1,0,0,0,0,-14	-14,0,0,1,2	ok
-1.019349	-40.492077	-46.856470	0.790848	continued:5	6407238762855205446416153460709138214	1422017758	-1,0,0,-1,13,0	-14,0,0,2,-1	ok
-1.016514	-40.492077	-47.176811	0.790474	continued:5	453731883157558705067846499420014	42108082247922978	-1,0,0,0,-1,-2,-1	-14,0,0,-7,-2	ok
-1.013678	-40.492077	-47.464007	0.790101	full	124174445277470681095943179282161743398798713789520130908202	1905213354781969569	-1,0,0,0,-1,-1,-1,0,0	-14,0,0,13	ok
-1.010842	-40.492077	-45.337381	0.794548	continued:5	4210651604756982179523674829940536010059727997610064966835045	1948634226737776684	-1,0,0,0,0,-1,0,1	-14,0,-1,13	ok
-1.008007	-40.492077	-45.768138	0.792217	continued:5	27258035	33643	-1,0,0,-1,0,0	-14,0,-1,1	ok
-1.005171	-40.492077	-46.175532	0.790633	continued:5	197600868380059373264	1815151247182691098756700358365331688	-1,0,0,0,1,-1,0	-14,0,-1,0,13	ok
-1.002335	-40.492077	-46.554228	0.789384	continued:5	2111500706809916600701481207948248566296850892289350525835615839318184977308166342307465700864560279954887828146458908208609452169589089	10999	-1,0,0,0,0,1,11	-14,0,-1,0,0	ok
-0.999500	-40.492077	-46.903252	0.788548	continued:5	837206156906735	216784	-1,0,0,-2,-2,0	-14,0,1,-1,0	ok
-0.996664	-40.492077	-47.220739	0.788174	continued:5	360629784142300795905495322481795	1992919245254592859	-1,0,0,0,2,0,1	-14,0,1,13	ok
-0.993828	-40.492077	-47.504696	0.787673	full	1824121625702	15995498002806288	-1,0,0,-3,-1,0	-14,0,-2,0,-2,-1	ok
-0.990992	-40.492077	-45.386306	0.792154	continued:5	482540519212022989634348494142772598983491371878524427708464	3731634520016080069	-1,0,0,0,-4,-1,-1,0,0	-14,0,2,-14	ok
-0.988157	-40.492077	-45.818036	0.789902	continued:5	6204050435005567816238366304497598440616816199666620958504758565269837920	21671209	-1,0,0,0,-8,13	-14,0,-4,-2	ok
-0.985321	-40.492077	-46.224638	0.788318	continued:5	7846712652582188214690321658202	3910684114	-1,0,0,-13,8	-14,0,8,-2,0	ok
-0.982485	-40.492077	-46.601806	0.787069	continued:5	19083810526191976964	1975909789	-1,0,0,13,1	-14,0,-13,0	ok
-0.979650	-40.492077	-46.948661	0.786233	continued:5	15866110533105854501026556024926691612909301585466031853010700103487340264	32951167228	-1,0,0,0,13,13	-14,0,13,2	ok
-0.976814	-40.492077	-47.263457	0.785731	continued:5	17600273546670623215432553511154640702	1953718768	-1,0,0,-14,-14	-14,0,13	ok
-0.973978	-40.492077	-47.545521	0.785230	full	504388250354745564724696831604154671720	3427774828545240084	-1,0,0,0,-14,1	-14,0,-14,13	ok
-0.971143	-40.492077	-45.440529	0.789856	continued:5	16924866489251673048878412431137005410	2527398341301	-1,0,-1,13,-14	-14,-1,-14,4	ok
-0.968307	-40.492077	-45.871452	0.787731	continued:5	1507123451246805621833252	33135231138	-1,0,-1,-13,0,-2	-14,-1,13,2	ok
-0.965471	-40.492077	-46.275218	0.785941	continued:5	1135901638541535445243286324458113475167233002440454028674028411680066781780057236578414182294565390672618275752419154996824899675367857058472667156243600962697842087852919214769716913745	1377901324112788176	-1,0,-1,-4,0,0,0,0,-1,-1	-14,-1,6,-13	ok
-0.962636	-40.492077	-46.651179	0.784692	continued:5	17371576434919401223572352284182016685211505633849670481529263269775601902	1370444454	-1,0,-1,-2,0,-14	-14,-1,2,-1,1	ok
-0.959800	-40.492077	-46.996138	0.783856	continued:5	1647808918157425596313026010687397200524042806117302857053317486839464777	93934	-1,0,-1,1,0,13	-14,-1,1,1	ok
-0.956964	-40.492077	-47.308479	0.783482	continued:5	2239142610249035016028491921154657638860156752895084981446514	24821145388	-1,0,0,-1,-1,-3,2	-14,-1,-1,1,-1,0	ok
-0.954128	-40.492077	-47.586485	0.782774	full	509138387454199847527555457957451725	1905335323561872714	-1,0,-1,0,0,2,-1	-14,-1,0,13	ok
-0.951293	-40.492077	-45.495442	0.787387	continued:5	1971826832153477284001198030706409520979610596877902695161983039151766810	172153263	-1,0,-1,0,1,13	-14,-1,0,-2,-1	ok
-0.948457	-40.492077	-45.927175	0.785262	continued:5	69425435	16851888	-1,0,-1,0,1	-14,-1,0,1,-1	ok
-0.945621	-40.492077	-46.330816	0.783679	continued:5	6408640257366567326428701088394373152	1905457298197932579	-1,0,1,-1,13,0	-14,1,0,13	ok
-0.942786	-40.492077	-46.703712	0.782429	continued:5	6680572396516475220268162459290027002	106464	-1,0,1,-2,-14	-14,1,1,1	ok
-0.939950	-40.492077	-47.045160	0.781593	continued:5	308027735643150077	393801	-1,0,1,11,0	-14,1,-4,0	ok
-0.937114	-40.492077	-47.353652	0.781220	continued:5	5634388153124457168991868893960891514	1998162909	-1,0,1,13,13	-14,1,13	ok
-0.934279	-40.492077	-47.627589	0.780305	full	449825	165212118805516476	-1,0,-2,-1,0	-14,1,-14,-11	ok
-0.931443	-40.492077	-45.548824	0.785033	continued:5	13749471715595	2513511324	-1,0,-2,1,-1,-1	-14,-2,3,-1,1	ok
-0.928607	-40.492077	-45.980134	0.782908	continued:5	390577656738324707561786002314856779888478221437642639	3506121342968833198	-1,0,0,-2,0,0,-2,0	-14,-2,-1,-14	ok
-0.925771	-40.492077	-46.382588	0.781324	continued:5	2360766967537305616225074254966300415047276790729960680541350892976173827	1905701265039272268	-1,0,0,2,2,13	-14,2,0,13	ok
-0.922936	-40.492077	-46.753605	0.780075	continued:5	5636266856541150209726116955783061815	1510877908	-1,0,-3,13,13	-14,2,-13	ok
-0.920100	-40.492077	-47.092586	0.779239	continued:5	608274753005176964	34067416824	-1,0,-3,0,-3,0	-14,-3,-13,-2,0	ok
-0.917264	-40.492077	-47.398149	0.778865	continued:5	2277754378023853652	1905823257244926999	-1,0,-4,-13,0	-14,-3,0,13	ok
-0.914429	-40.492077	-47.668833	0.777823	full	135040147277	2136128176	-1,0,-9,-1,-1,0	-14,-4,-13,0	ok
-0.911593	-40.492077	-45.668714	0.782446	continued:5	1817941886353552786959823825563000005	2878469848	-1,0,-7,0,13	-14,-5,-14	ok
-0.908757	-40.492077	-46.094268	0.780322	continued:5	536265918243330794019071726324884652	1223714629	-1,0,-11,0,-13	-14,6,12	ok
-0.905922	-40.492077	-46.490849	0.778866	continued:5	3217910681072212277	548739857561981103	-1,0,12,13	-14,-10,0,12	ok
-0.903086	-40.492077	-46.854469	0.777617	continued:5	1163016096410	1035785600482206009	-1,0,-13,-2,1	-14,-12,0,-13	ok
-0.900250	-40.492077	-47.185989	0.776908	continued:5	1820736278892466479682392013576171952	2565750768	-1,0,-13,0,13	-14,-13,13	ok
-0.897415	-40.492077	-47.482880	0.778285	full	3356526775495775777	124723	-1,0,13,13	-14,-13,-1,0	ok
-0.894579	-40.492077	-45.715305	0.780475	continued:5	6178106060	1908264331557734844	-1,0,13,1	-14,-13,0,13	ok
-0.891743	-40.492077	-46.139543	0.778351	continued:5	2278169983470218236489597845548212445	1951737196251380734	-1,0,13,-3,13	-14,-13,-1,13	ok
-0.888907	-40.492077	-46.534276	0.776767	continued:5	43480869212976902	338226	-1,0,13,-9,-1	-14,13,1,-1	ok
-0.886072	-40.492077	-46.896852	0.775724	continued:5	6050813101228035695	306126	-1,0,13,-13,-1	-14,13,-2,0	ok
-0.883236	-40.492077	-47.224759	0.774888	continued:5	10285251605205728615	4068351	-1,0,13,13,-1	-14,13,-4,-1	ok
-0.880400	-40.492077	-47.519093	0.776138	full	3356526775495775777	1074740676	-1,0,13,13	-14,13,-12	ok
-0.877565	-40.492077	-45.765532	0.778317	continued:5	3356526775495775777	3480991614	-1,0,13,13	-14,13,-13,-1	ok
-0.874729	-40.492077	-46.189901	0.776399	continued:5	3356526775495775777	3480991614	-1,0,13,13	-14,13,-13,-1	ok
-0.871893	-40.492077	-46.581877	0.774816	continued:5	3356526775495775777	2592900051	-1,0,13,13	-14,13,13	ok
-0.869058	-40.492077	-46.941340	0.773773	continued:5	3356526775495775777	2592900051	-1,0,13,13	-14,13,13	ok
-0.866222	-40.492077	-47.265857	0.773065	continued:5	3356526775495775777	2592900051	-1,0,13,13	-14,13,13	ok
-0.863386	-40.492077	-47.555416	0.773980	full	3356526775495775777	2592900051	-1,0,13,13	-14,13,13	ok
-0.860550	-40.492077	-45.812222	0.776435	continued:5	3356526775495775777	2592900051	-1,0,13,13	-14,13,13	ok
-0.857715	-40.492077	-46.234082	0.774311	continued:5	3356526775495775777	2592900051	-1,0,13,13	-14,13,13	ok
-0.854879	-40.492077	-46.625318	0.772855	continued:5	3356526775495775777	2592900051	-1,0,13,13	-14,13,13	ok
-0.852043	-40.492077	-46.982146	0.771606	continued:5	3356713288062094277	2592900051	-1,-1,13,13	-14,13,13	ok
-0.849208	-40.492077	-47.305705	0.771104	continued:5	3356713288062094277	2592900051	-1,-1,13,13	-14,13,13	ok
-0.846372	-40.492077	-47.591852	0.771812	full	79374842330481869184	2592900051	-1,-1,13,-13,-2	-14,13,13	ok
-0.843536	-40.492077	-45.421365	0.776559	continued:5	125153474525317718559	2592900051	-1,-1,13,13,-2	-14,13,13	ok
-0.840701	-40.492077	-45.872498	0.774100	continued:5	6051103269819516909	2592828040	-1,-1,13,-13,-1	13,13,13	ok
-0.837865	-40.492077	-46.292068	0.771975	continued:5	3885406442292255309	2592828040	-1,-1,13,-10,-2	13,13,13	ok
-0.835029	-40.492077	-46.680486	0.770520	continued:5	130850653527	2592828040	-1,-1,13,-2,-1	13,13,13	ok
-0.832193	-40.492077	-47.034036	0.769477	continued:5	37561629690027	2592828040	-1,-1,-13,-1,-1,-1	13,13,13	ok
-0.829358	-40.492077	-47.351969	0.768769	continued:5	982779048692996634	2592828040	-1,-1,-13,-1,3	13,13,13	ok
-0.826522	-40.492077	-47.634500	0.769270	full	3084508127825722460	2592828040	-1,-1,11,13	13,13,13	ok
-0.823686	-40.492077	-45.476447	0.774052	continued:5	1284759956649892779101682252	2592828040	-1,-1,12,-2,-1,2	13,13,13	ok
-0.820851	-40.492077	-45.928410	0.771593	continued:5	192634097583778202	2592828040	-1,-1,7,-2,-2,-1	13,13,13	ok
-0.818015	-40.492077	-46.347867	0.769675	continued:5	586499458981418863652	2592828040	-1,-1,-4,13,2	13,13,13	ok
-0.815179	-40.492077	-46.733205	0.768092	continued:5	5636266865241388648208658197752594059	2592828040	-1,-1,-3,13,13	13,13,13	ok
-0.812344	-40.492077	-47.084538	0.767049	continued:5	13896961526404883631750100148918833526065704425067377269324440023870970	2592828040	-1,-1,-2,-1,1,12	13,13,13	ok
-0.809508	-40.492077	-47.399765	0.766548	continued:5	5635014335403716472619175078179022730	2592828040	-1,-1,-2,13,13	13,13,13	ok
-0.806672	-40.492077	-47.677301	0.766715	full	2833167742500967391492657751981779865	2592828040	-1,-1,1,5,13	13,13,13	ok
-0.803837	-40.492077	-45.535494	0.771690	continued:5	38398524054527	2592828040	-1,-1,1,-2,-1,-1	13,13,13	ok
-0.801001	-40.492077	-45.986039	0.769231	continued:5	5695183504492614029263277	2592828040	-1,-1,-1,-1,-1,-1,-1	13,13,13	ok
-0.798165	-40.492077	-46.403480	0.767313	continued:5	5695183504492614029263277	2592828040	-1,-1,-1,-1,-1,-1,-1	13,13,13	ok
-0.795329	-40.492077	-46.786240	0.765729	continued:5	649003545078885944581866587732453670	2592828040	-1,-1,1,2,-13	13,13,13	ok
-0.792494	-40.492077	-47.134522	0.764687	continued:5	5634388161822520517665000308416125902	2592828040	-1,-1,1,13,13	13,13,13	ok
-0.789658	-40.492077	-47.446346	0.764185	continued:5	12121622542867656509	1952031377	-1,1,2,-13,1	13,13,-13	ok
-0.786822	-40.492077	-47.720254	0.764146	full	2081864401413097948146325668210563249	1952031377	-1,1,-10,-2,13	13,13,-13	ok
-0.783987	-40.492077	-45.602257	0.769314	continued:5	1859765703892497455	1952031377	-1,1,-13,-13	13,13,-13	ok
-0.781151	-40.492077	-46.050373	0.766855	continued:5	1992157492622859614871028642482145940	1952031377	-1,1,-13,1,13	13,13,-13	ok
-0.778315	-40.492077	-46.464930	0.764937	continued:5	6433935556970	1952031377	-1,1,13,-5	13,13,-13	ok
-0.775480	-40.492077	-46.844360	0.763481	continued:5	1902287758996324215	1952031377	-1,1,13,-13	13,13,-13	ok
-0.772644	-40.492077	-47.187674	0.762439	continued:5	17810792687519680869	1952031377	-1,1,13,-13,1	13,13,-13	ok
-0.769808	-40.492077	-47.494460	0.761937	continued:5	1902287758996324215	1952031377	-1,1,13,-13	13,13,-13	ok
-0.766972	-40.492077	-47.763360	0.761563	full	3356899808401353080	1952031377	-1,1,13,13	13,13,-13	ok
-0.764137	-40.492077	-45.669147	0.766994	continued:5	79378842561919175729	1952031377	-1,-2,13,-13,-2	13,13,-13	ok
-0.761301	-40.492077	-46.114020	0.764535	continued:5	1057734428282702939	1952031377	-1,-2,13,12	13,13,-13	ok
-0.758465	-40.492077	-46.525003	0.762617	continued:5	47670921119434771723712832080152679	1952031377	-1,-2,-13,-2,-12	13,13,-13	ok
-0.755630	-40.492077	-46.900525	0.761162	continued:5	78260704535430990377	1952031377	-1,-2,-13,-13,-2	13,13,-13	ok
-0.752794	-40.492077	-47.239666	0.760119	continued:5	40537777503746200907348540654	1952031377	-1,-2,-4,-2,-4,-2	13,13,-13	ok
-0.749958	-40.492077	-47.542112	0.759617	continued:5	5695183504485864105705494	1952031377	-1,-2,-2,-2,-2,-2	13,13,-13	ok
-0.747123	-40.492077	-47.806617	0.759244	full	2278033283876637377	1952031377	-1,-2,4,13	13,13,-13	ok
-0.744287	-40.492077	-45.735911	0.764497	continued:5	651180062902892260819677236909361674	1455705877	-1,2,-13,2,-13	13,13,12	ok
-0.741451	-40.492077	-46.179304	0.762166	continued:5	1902531421418224905	1455705877	-1,2,13,-13	13,13,12	ok
-0.738616	-40.492077	-46.586843	0.760248	continued:5	1902531421418224905	1074694315	-1,2,13,-13	13,13,-12	ok
-0.735780	-40.492077	-46.958563	0.758871	continued:5	561509280150107849	1060692685	-1,-3,-13,-12	13,-13,-12	ok
-0.732944	-40.492077	-47.292846	0.757828	continued:5	3287496908907715349	773916127	-1,-3,-13,13	13,-13,11	ok
-0.730108	-40.492077	-47.590382	0.757327	continued:5	33640152546436100	558230965	-1,-3,-11,-10	13,-13,-11	ok
-0.727273	-40.492077	-47.850025	0.756953	full	1902775107247510274	279791314	-1,3,13,-13	13,-13,-10	ok
-0.724437	-40.492077	-45.806288	0.762080	continued:5	673405075980	132722752	-1,-4,-13,-4	13,-13,-9	ok
-0.721601	-40.492077	-46.246659	0.759749	continued:5	298925417360566439	89358370	-1,4,-13,11	13,-13,8	ok
-0.718766	-40.492077	-46.650788	0.757959	continued:5	1860604286093777894	89358370	-1,-5,-13,-13	13,-13,8	ok
-0.715930	-40.492077	-47.017442	0.756582	continued:5	1860843933088689290	132722752	-1,-6,-13,-13	13,-13,-9	ok
-0.713094	-40.492077	-47.346584	0.755539	continued:5	1903750084668480300	279791314	-1,7,13,-13	13,-13,-10	ok
-0.710259	-40.492077	-47.638988	0.755038	continued:5	1033547951797539869	397775089	-1,-10,-13,12	13,-13,10	ok
-0.707423	-40.492077	-47.893598	0.754664	full	1862162405398256670	773916127	-1,11,-13,-13	13,-13,11	ok
-0.704587	-40.492077	-45.876946	0.759714	continued:5	562387944415937939	1060692685	-1,-12,-13,-12	13,-13,-12	ok
-0.701751	-40.492077	-46.313515	0.757462	continued:5	984561954416682389	1060692685	-1,-12,-12,12	13,-13,-12	ok
-0.698916	-40.492077	-46.712758	0.755544	continued:5	1033933481742876119	1438115239	-1,12,-13,12	13,-13,12	ok
-0.696080	-40.492077	-47.075697	0.754167	continued:5	1862402202891664994	1438115239	-1,12,-13,-13	13,-13,12	ok
-0.693244	-40.492077	-47.400855	0.753252	continued:5	1862402202891664994	1438115239	-1,12,-13,-13	13,-13,12	ok
-0.690409	-40.492077	-47.687900	0.752750	continued:5	1904969333290748570	1930099489	-1,12,13,-13	13,-13,-13	ok
-0.687573	-40.492077	-47.937306	0.752377	full	1905091290355651650	1930099489	-1,-13,13,-13	13,-13,-13	ok
-0.684737	-40.492077	-45.951452	0.757300	continued:5	1862522110322978202	1930099489	-1,-13,-13,-13	13,-13,-13	ok
-0.681902	-40.492077	-46.384019	0.755047	continued:5	1862522110322978202	1930099489	-1,-13,-13,-13	13,-13,-13	ok
-0.679066	-40.492077	-46.779016	0.753257	continued:5	1862522110322978202	1930099489	-1,-13,-13,-13	13,-13,-13	ok
-0.676230	-40.492077	-47.136195	0.751880	continued:5	1862522110322978202	1930099489	-1,-13,-13,-13	13,-13,-13	ok
-0.673394	-40.492077	-47.455649	0.750965	continued:5	1862522110322978202	1930099489	-1,-13,-13,-13	13,-13,-13	ok
-0.670559	-40.492077	-47.737121	0.750464	continued:5	1862522110322978202	1930099489	-1,-13,-13,-13	13,-13,-13	ok
-0.667723	-40.492077	-47.981163	0.750090	full	1862522110322978202	1930099489	-1,-13,-13,-13	13,-13,-13	ok
-0.664887	-40.492077	-46.025252	0.754808	continued:5	1862522110322978202	1930099489	-1,-13,-13,-13	13,-13,-13	ok
-0.662052	-40.492077	-46.454528	0.752684	continued:5	1862522110322978202	1930099489	-1,-13,-13,-13	13,-13,-13	ok
-0.659216	-40.492077	-46.844550	0.750893	continued:5	1862522110322978202	1930099489	-1,-13,-13,-13	13,-13,-13	ok
-0.656380	-40.492077	-47.196653	0.749517	continued:5	1862522110322978202	1930037360	-1,-13,-13,-13	-13,-13,-13	ok
-0.653545	-40.492077	-47.510998	0.748681	continued:5	1862522110322978202	1930037360	-1,-13,-13,-13	-13,-13,-13	ok
-0.650709	-40.492077	-47.786664	0.748179	continued:5	1862522110322978202	1930037360	-1,-13,-13,-13	-13,-13,-13	ok
-0.647873	-40.492077	-48.025169	0.747805	full	1862522110322978202	1930037360	-1,-13,-13,-13	-13,-13,-13	ok
-0.645038	-40.492077	-46.102290	0.752399	continued:5	1862522110322978202	1930037360	-1,-13,-13,-13	-13,-13,-13	ok
-0.642202	-40.492077	-46.526744	0.750274	continued:5	1862522110322978202	1930037360	-1,-13,-13,-13	-13,-13,-13	ok
-0.639366	-40.492077	-46.911828	0.748484	continued:5	1862522110322978202	1930037360	-1,-13,-13,-13	-13,-13,-13	ok
-0.636530	-40.492077	-47.258890	0.747234	continued:5	1862522110322978202	1930037360	-1,-13,-13,-13	-13,-13,-13	ok
-0.633695	-40.492077	-47.566920	0.746399	continued:5	1862522110322978202	1930037360	-1,-13,-13,-13	-13,-13,-13	ok
-0.630859	-40.492077	-47.836537	0.745897	continued:5	1862522110322978202	1930037360	-1,-13,-13,-13	-13,-13,-13	ok
-0.628023	-40.492077	-48.069321	0.745523	full	1862522110322978202	1930037360	-1,-13,-13,-13	-13,-13,-13	ok
-0.625188	-40.492077	-46.177320	0.749988	continued:5	1862522110322978202	1930037360	-1,-13,-13,-13	-13,-13,-13	ok
-0.622352	-40.492077	-46.597027	0.747736	continued:5	1862522110322978202	1930037360	-1,-13,-13,-13	-13,-13,-13	ok
-0.619516	-40.492077	-46.978551	0.746152	continued:5	1862522110322978202	1930037360	-1,-13,-13,-13	-13,-13,-13	ok
-0.616681	-40.492077	-47.319680	0.744903	continued:5	1862522110322978202	1862522156643875166	-1,-13,-13,-13	-13,-13,-13,-13	ok
-0.613845	-40.492077	-47.621916	0.743988	continued:5	1862522110322978202	1862522156643875166	-1,-13,-13,-13	-13,-13,-13,-13	ok
-0.611009	-40.492077	-47.886702	0.743614	continued:5	1862522110322978202	1862522156643875166	-1,-13,-13,-13	-13,-13,-13,-13	ok
-0.608173	-40.492077	-48.113620	0.743240	full	1862522110322978202	1862522156643875166	-1,-13,-13,-13	-13,-13,-13,-13	ok
-0.605338	-40.492077	-46.257860	0.747502	continued:5	1862522110322978202	1862522156643875166	-1,-13,-13,-13	-13,-13,-13,-13	ok
-0.602502	-40.492077	-46.672622	0.745378	continued:5	1862522110322978202	1862522156643875166	-1,-13,-13,-13	-13,-13,-13,-13	ok
-0.599666	-40.492077	-47.047785	0.743794	continued:5	1862522110322978202	1862522156643875166	-1,-13,-13,-13	-13,-13,-13,-13	ok
-0.596831	-40.492077	-47.382701	0.742545	continued:5	1862522110322978202	1862522156643875166	-1,-13,-13,-13	-13,-13,-13,-13	ok
-0.593995	-40.492077	-47.678921	0.741709	continued:5	1862522110322978202	1862522156643875166	-1,-13,-13,-13	-13,-13,-13,-13	ok
-0.591159	-40.492077	-47.937202	0.741335	continued:5	1862522110322978202	1862522156643875166	-1,-13,-13,-13	-13,-13,-13,-13	ok
-0.588324	-40.492077	-48.158062	0.740961	full	1862522110322978202	1862522156643875166	-1,-13,-13,-13	-13,-13,-13,-13	ok
-0.585488	-40.492077	-45.903893	0.747359	continued:5	1862522110322978202	1862522156643875166	-1,-13,-13,-13	-13,-13,-13,-13	ok
-0.582652	-40.492077	-46.351291	0.744693	continued:5	1862522110322978202	1862522156643875166	-1,-13,-13,-13	-13,-13,-13,-13	ok
-0.579817	-40.492077	-46.759583	0.742569	continued:5	1862522110322978202	1862522156643875166	-1,-13,-13,-13	-13,-13,-13,-13	ok
-0.576981	-40.492077	-47.128293	0.740985	continued:5	1862522110322978202	1862522156643875166	-1,-13,-13,-13	-13,-13,-13,-13	ok
-0.574145	-40.492077	-47.456805	0.739942	continued:5	1862522110322978202	1862522156643875166	-1,-13,-13,-13	-13,-13,-13,-13	ok
-0.571309	-40.492077	-47.744746	0.739106	continued:5	1862522110322978202	1862522156643875166	-1,-13,-13,-13	-13,-13,-13,-13	ok
-0.568474	-40.492077	-47.995302	0.738733	continued:5	1862522110322978202	1862522156643875166	-1,-13,-13,-13	-13,-13,-13,-13	ok
-0.565638	-40.492077	-48.209028	0.738359	full	1862522110322978202	1862522156643875166	-1,-13,-13,-13	-13,-13,-13,-13	ok
-0.562802	-40.492077	-46.008947	0.744435	continued:5	1862522110322978202	1862522156643875166	-1,-13,-13,-13	-13,-13,-13,-13	ok
-0.559967	-40.492077	-46.449965	0.741976	continued:5	1862522110322978202	1862522156643875166	-1,-13,-13,-13	-13,-13,-13,-13	ok
-0.557131	-40.492077	-46.849752	0.739852	continued:5	1862522110322978202	1862522156643875166	-1,-13,-13,-13	-13,-13,-13,-13	ok
-0.554295	-40.492077	-47.210314	0.738268	continued:5	1862522110322978202	1862522156643875166	-1,-13,-13,-13	-13,-13,-13,-13	ok
-0.551460	-40.492077	-47.531024	0.737226	continued:5	1862522110322978202	1862522156643875166	-1,-13,-13,-13	-13,-13,-13,-13	ok
-0.548624	-40.492077	-47.811553	0.736517	continued:5	1862522110322978202	1862522156643875166	-1,-13,-13,-13	-13,-13,-13,-13	ok
-0.545788	-40.492077	-48.053931	0.736144	continued:5	1862522110322978202	1862522156643875166	-1,-13,-13,-13	-13,-13,-13,-13	ok
-0.542952	-40.492077	-48.260176	0.735770	full	1862522110322978202	1862522156643875166	-1,-13,-13,-13	-13,-13,-13,-13	ok
-0.540117	-40.492077	-46.118108	0.741499	continued:5	1862522110322978202	1862522156643875166	-1,-13,-13,-13	-13,-13,-13,-13	ok
-0.537281	-40.492077	-46.551946	0.739040	continued:5	1862522110322978202	1862522156643875166	-1,-13,-13,-13	-13,-13,-13,-13	ok
-0.534445	-40.492077	-46.944712	0.737122	continued:5	1862522110322978202	1862522156643875166	-1,-13,-13,-13	-13,-13,-13,-13	ok
-0.531610	-40.492077	-47.296259	0.735666	continued:5	1862522110322978202	1862522156643875166	-1,-13,-13,-13	-13,-13,-13,-13	ok
-0.528774	-40.492077	-47.607195	0.734623	continued:5	1862522110322978202	1862522156643875166	-1,-13,-13,-13	-13,-13,-13,-13	ok
-0.525938	-40.492077	-47.878694	0.733915	continued:5	1862522110322978202	1862522156643875166	-1,-13,-13,-13	-13,-13,-13,-13	ok
-0.523103	-40.492077	-48.112791	0.733541	continued:5	1862522110322978202	1862522156643875166	-1,-13,-13,-13	-13,-13,-13,-13	ok
-0.520267	-40.492077	-48.311505	0.733167	full	1862522110322978202	1862522156643875166	-1,-13,-13,-13	-13,-13,-13,-13	ok
-0.517431	-40.492077	-46.231376	0.738559	continued:5	1734494391994675935236770902305451695	1862522156643875166	-1,-13,-13,-13,-13	-13,-13,-13,-13	ok
-0.514595	-40.492077	-46.657093	0.736307	continued:5	1862522110322978202	1862522156643875166	-1,-13,-13,-13	-13,-13,-13,-13	ok
-0.511760	-40.492077	-47.039902	0.734389	continued:5	1862522110322978202	1862522156643875166	-1,-13,-13,-13	-13,-13,-13,-13	ok
-0.508924	-40.492077	-47.382111	0.732933	continued:5	1862522110322978202	1862522156643875166	-1,-13,-13,-13	-13,-13,-13,-13	ok
-0.506088	-40.492077	-47.684298	0.732018	continued:5	1862522110322978202	1862522156643875166	-1,-13,-13,-13	-13,-13,-13,-13	ok
-0.503253	-40.492077	-47.946426	0.731310	continued:5	1862522110322978202	1862522156643875166	-1,-13,-13,-13	-13,-13,-13,-13	ok
-0.500417	-40.492077	-48.171996	0.730936	continued:5	1862522110322978202	1862522156643875166	-1,-13,-13,-13	-13,-13,-13,-13	ok
-0.497581	-40.492077	-48.363010	0.730562	full	1862522110322978202	1862522156643875166	-1,-13,-13,-13	-13,-13,-13,-13	ok
-0.494746	-40.492077	-46.345482	0.735688	continued:5	1734494391994675935236770902305451695	1862522156643875166	-1,-13,-13,-13,-13	-13,-13,-13,-13	ok
-0.491910	-40.492077	-46.761863	0.733436	continued:5	1734494391994675935236770902305451695	1862522156643875166	-1,-13,-13,-13,-13	-13,-13,-13,-13	ok
-0.489074	-40.492077	-47.135859	0.731645	continued:5	1734494391994675935236770902305451695	1862522156643875166	-1,-13,-13,-13,-13	-13,-13,-13,-13	ok
-0.486239	-40.492077	-47.468414	0.730268	continued:5	1734494391994675935236770902305451695	1862522156643875166	-1,-13,-13,-13,-13	-13,-13,-13,-13	ok
-0.483403	-40.492077	-47.760849	0.729226	continued:5	1862522110322978202	1862522156643875166	-1,-13,-13,-13	-13,-13,-13,-13	ok
-0.480567	-40.492077	-48.015269	0.728724	continued:5	1862522110322978202	1862522156643875166	-1,-13,-13,-13	-13,-13,-13,-13	ok
-0.477731	-40.492077	-48.231779	0.728350	continued:5	1862522110322978202	1862522156643875166	-1,-13,-13,-13	-13,-13,-13,-13	ok
-0.474896	-40.492077	-48.414688	0.727977	full	1862522110322978202	1862522156643875166	-1,-13,-13,-13	-13,-13,-13,-13	ok
-0.472060	-40.492077	-46.461113	0.732781	continued:5	1734494391994675935236770902305451695	1862522156643875166	-1,-13,-13,-13,-13	-13,-13,-13,-13	ok
-0.469224	-40.492077	-46.867931	0.730657	continued:5	1734494391994675935236770902305451695	1862522156643875166	-1,-13,-13,-13,-13	-13,-13,-13,-13	ok
-0.466389	-40.492077	-47.231615	0.728866	continued:5	1734494391994675935236770902305451695	1862522156643875166	-1,-13,-13,-13,-13	-13,-13,-13,-13	ok
-0.463553	-40.492077	-47.554586	0.727489	continued:5	1734494391994675935236770902305451695	1862522156643875166	-1,-13,-13,-13,-13	-13,-13,-13,-13	ok
-0.460717	-40.492077	-47.838138	0.726575	continued:5	1734494391994675935236770902305451695	1862522156643875166	-1,-13,-13,-13,-13	-13,-13,-13,-13	ok
-0.457882	-40.492077	-48.083159	0.726073	continued:5	1734494391994675935236770902305451695	1862522156643875166	-1,-13,-13,-13,-13	-13,-13,-13,-13	ok
-0.455046	-40.492077	-48.291200	0.725699	continued:5	1862522110322978202	1862522156643875166	-1,-13,-13,-13	-13,-13,-13,-13	ok
-0.452210	-40.492077	-48.466534	0.724863	full	1862522110322978202	1862522156643875166	-1,-13,-13,-13	-13,-13,-13,-13	ok
-0.449374	-40.492077	-46.488617	0.730295	continued:5	1734494391994675935236770902305451695	1862522156643875166	-1,-13,-13,-13,-13	-13,-13,-13,-13	ok
-0.446539	-40.492077	-46.894761	0.728170	continued:5	1734494391994675935236770902305451695	1862522156643875166	-1,-13,-13,-13,-13	-13,-13,-13,-13	ok
-0.443703	-40.492077	-47.257105	0.726380	continued:5	1734494391994675935236770902305451695	1862522156643875166	-1,-13,-13,-13,-13	-13,-13,-13,-13	ok
-0.440867	-40.492077	-47.578267	0.725003	continued:5	1734494391994675935236770902305451695	1862522156643875166	-1,-13,-13,-13,-13	-13,-13,-13,-13	ok
-0.438032	-40.492077	-47.859705	0.723961	continued:5	1734494391994675935236770902305451695	1862522156643875166	-1,-13,-13,-13,-13	-13,-13,-13,-13	ok
-0.435196	-40.492077	-48.103668	0.723459	continued:5	1734494391994675935236770902305451695	1862522156643875166	-1,-13,-13,-13,-13	-13,-13,-13,-13	ok
-0.432360	-40.492077	-48.310373	0.724374	full	1734494391994675935236770902305451695	1862522156643875166	-1,-13,-13,-13,-13	-13,-13,-13,-13	ok
-0.429525	-40.492077	-46.155290	0.730144	continued:5	1734494391994675935236770902305451695	1862522156643875166	-1,-13,-13,-13,-13	-13,-13,-13,-13	ok
-0.426689	-40.492077	-46.595538	0.727479	continued:5	1734494391994675935236770902305451695	1862522156643875166	-1,-13,-13,-13,-13	-13,-13,-13,-13	ok
-0.423853	-40.492077	-46.991963	0.725354	continued:5	1734494391994675935236770902305451695	1862522156643875166	-1,-13,-13,-13,-13	-13,-13,-13,-13	ok
-0.421018	-40.492077	-47.345251	0.723564	continued:5	1734494391994675935236770902305451695	1862522156643875166	-1,-13,-13,-13,-13	-13,-13,-13,-13	ok
-0.418182	-40.492077	-47.657954	0.722314	continued:5	1734494391994675935236770902305451695	1862522156643875166	-1,-13,-13,-13,-13	-13,-13,-13,-13	ok
-0.415346	-40.492077	-47.930288	0.721479	continued:5	1734494391994675935236770902305451695	1862522156643875166	-1,-13,-13,-13,-13	-13,-13,-13,-13	ok
-0.412510	-40.492077	-48.164008	0.720770	continued:5	1862522110322978202	1862522156643875166	-1,-13,-13,-13	-13,-13,-13,-13	ok
-0.409675	-40.492077	-48.363593	0.721144	full	1862522110322978202	1862522156643875166	-1,-13,-13,-13	-13,-13,-13,-13	ok
-0.406839	-40.492077	-46.275832	0.727106	continued:5	1734494391994675935236770902305451695	1862522156643875166	-1,-13,-13,-13,-13	-13,-13,-13,-13	ok
-0.404003	-40.492077	-46.707074	0.724440	continued:5	1734494391994675935236770902305451695	1862522156643875166	-1,-13,-13,-13,-13	-13,-13,-13,-13	ok
-0.401168	-40.492077	-47.095032	0.722522	continued:5	1734494391994675935236770902305451695	1862522156643875166	-1,-13,-13,-13,-13	-13,-13,-13,-13	ok
-0.398332	-40.492077	-47.438172	0.720938	continued:5	1734494391994675935236770902305451695	1862522156643875166	-1,-13,-13,-13,-13	-13,-13,-13,-13	ok
-0.395496	-40.492077	-47.739474	0.719689	continued:5	1862522110322978202	1862522156643875166	-1,-13,-13,-13	-13,-13,-13,-13	ok
-0.392661	-40.492077	-48.001559	0.718774	continued:5	1862522110322978202	1862522156643875166	-1,-13,-13,-13	-13,-13,-13,-13	ok
-0.389825	-40.492077	-48.226868	0.718273	continued:5	1862522110322978202	1862522156643875166	-1,-13,-13,-13	-13,-13,-13,-13	ok
-0.386989	-40.492077	-48.416976	0.717899	full	1862522110322978202	1862522156643875166	-1,-13,-13,-13	-13,-13,-13,-13	ok
-0.384153	-40.492077	-46.399368	0.724099	continued:5	1734494391994675935236770902305451695	1862522156643875166	-1,-13,-13,-13,-13	-13,-13,-13,-13	ok
-0.381318	-40.492077	-46.820400	0.721768	continued:5	1862522110322978202	1862522156643875166	-1,-13,-13,-13	-13,-13,-13,-13	ok
-0.378482	-40.492077	-47.195415	0.719643	continued:5	1862522110322978202	1862522156643875166	-1,-13,-13,-13	-13,-13,-13,-13	ok
-0.375646	-40.492077	-47.528984	0.718060	continued:5	1862402202891664994	1862522156643875166	-1,12,-13,-13	-13,-13,-13,-13	ok
-0.372811	-40.492077	-47.821463	0.717017	continued:5	1862402202891664994	1862522156643875166	-1,12,-13,-13	-13,-13,-13,-13	ok
-0.369975	-40.492077	-48.073449	0.716181	continued:5	1862402202891664994	1862522156643875166	-1,12,-13,-13	-13,-13,-13,-13	ok
-0.367139	-40.492077	-48.289001	0.715680	continued:5	1862402202891664994	1862522156643875166	-1,12,-13,-13	-13,-13,-13,-13	ok
-0.364304	-40.492077	-48.470517	0.715306	full	1862402202891664994	1862522156643875166	-1,12,-13,-13	-13,-13,-13,-13	ok
-0.361468	-40.492077	-46.525852	0.721122	continued:5	1862402202891664994	1862522156643875166	-1,12,-13,-13	-13,-13,-13,-13	ok
-0.358632	-40.492077	-46.935490	0.718791	continued:5	1862402202891664994	1862522156643875166	-1,12,-13,-13	-13,-13,-13,-13	ok
-0.355796	-40.492077	-47.300083	0.716873	continued:5	1862402202891664994	1862522156643875166	-1,12,-13,-13	-13,-13,-13,-13	ok
-0.352961	-40.492077	-47.621959	0.715496	continued:5	1862402202891664994	1862522156643875166	-1,12,-13,-13	-13,-13,-13,-13	ok
-0.350125	-40.492077	-47.901861	0.714247	continued:5	1862402202891664994	1862522156643875166	-1,12,-13,-13	-13,-13,-13,-13	ok
-0.347289	-40.492077	-48.144736	0.713539	continued:5	1820670354090281045	1862402249211070886	-1,12,12,-13	-13,12,-13,-13	ok
-0.344454	-40.492077	-48.350923	0.713037	continued:5	1009021255905833795	1908291506	-1,12,12,12	-13,12,-13	ok
-0.341618	-40.492077	-48.524209	0.712663	full	1009021255905833795	1420631531	-1,12,12,12	-13,12,12	ok
-0.338782	-40.492077	-46.231132	0.720453	continued:5	1009021255905833795	1009021289999711615	-1,12,12,12	-13,12,12,12	ok
-0.335947	-40.492077	-46.673846	0.717787	continued:5	1009021255905833795	1420578229	-1,12,12,12	12,12,12	ok
-0.333111	-40.492077	-47.069096	0.715535	continued:5	1009021255905833795	1420578229	-1,12,12,12	12,12,12	ok
-0.330275	-40.492077	-47.419867	0.713745	continued:5	1009021255905833795	1009021288579133361	-1,12,12,12	12,12,12,12	ok
-0.327440	-40.492077	-47.727973	0.712368	continued:5	1009021255905833795	1009021288579133361	-1,12,12,12	12,12,12,12	ok
-0.324604	-40.492077	-47.995572	0.711325	continued:5	1009021255905833795	1009021288579133361	-1,12,12,12	12,12,12,12	ok
-0.321768	-40.492077	-48.225492	0.710489	continued:5	1009021255905833795	1009021288579133361	-1,12,12,12	12,12,12,12	ok
-0.318932	-40.492077	-48.421569	0.710115	continued:5	1009021255905833795	1009021288579133361	-1,12,12,12	12,12,12,12	ok
-0.316097	-40.492077	-48.584788	0.709742	full	1009021255905833795	1009021288579133361	-1,12,12,12	12,12,12,12	ok
-0.313261	-40.492077	-46.398895	0.716917	continued:5	1009021255905833795	1009021288579133361	-1,12,12,12	12,12,12,12	ok
-0.310425	-40.492077	-46.826476	0.714458	continued:5	1009021255905833795	1009021288579133361	-1,12,12,12	12,12,12,12	ok
-0.307590	-40.492077	-47.205976	0.712333	continued:5	1009021255905833795	1009021288579133361	-1,12,12,12	12,12,12,12	ok
-0.304754	-40.492077	-47.541327	0.710543	continued:5	1009021255905833795	1009021288579133361	-1,12,12,12	12,12,12,12	ok
-0.301918	-40.492077	-47.835689	0.709294	continued:5	1009021255905833795	1009021288579133361	-1,12,12,12	12,12,12,12	ok
-0.299083	-40.492077	-48.089804	0.708251	continued:5	1009021255905833795	1009021288579133361	-1,12,12,12	12,12,12,12	ok
-0.296247	-40.492077	-48.307868	0.707543	continued:5	1009021255905833795	1009021288579133361	-1,12,12,12	12,12,12,12	ok
-0.293411	-40.492077	-48.492350	0.707169	continued:5	1009021255905833795	1009021288579133361	-1,12,12,12	12,12,12,12	ok
-0.290575	-40.492077	-48.645541	0.706796	full	1009021255905833795	1009021288579133361	-1,12,12,12	12,12,12,12	ok
-0.287740	-40.492077	-46.574745	0.713405	continued:5	1009021255905833795	1009021288579133361	-1,12,12,12	12,12,12,12	ok
-0.284904	-40.492077	-46.984992	0.710946	continued:5	1009021255905833795	1009021288579133361	-1,12,12,12	12,12,12,12	ok
-0.282068	-40.492077	-47.349095	0.709028	continued:5	1009021255905833795	1009021288579133361	-1,12,12,12	12,12,12,12	ok
-0.279233	-40.492077	-47.668527	0.707444	continued:5	1009021255905833795	1009021288579133361	-1,12,12,12	12,12,12,12	ok
-0.276397	-40.492077	-47.946707	0.706195	continued:5	1009021255905833795	1009021288579133361	-1,12,12,12	12,12,12,12	ok
-0.273561	-40.492077	-48.186657	0.705153	continued:5	1009021255905833795	1009021288579133361	-1,12,12,12	12,12,12,12	ok
-0.270726	-40.492077	-48.392362	0.704651	continued:5	1009021255905833795	1009021288579133361	-1,12,12,12	12,12,12,12	ok
-0.267890	-40.492077	-48.564146	0.704277	continued:5	1009021255905833795	1009021288579133361	-1,12,12,12	12,12,12,12	ok
-0.265054	-40.492077	-48.706458	0.703903	full	1009021255905833795	1009021288579133361	-1,12,12,12	12,12,12,12	ok
-0.262219	-40.492077	-46.337608	0.712262	continued:5	509061980402947364530239914359411565	1009021288579133361	-1,12,12,12,12	12,12,12,12	ok
-0.259383	-40.492077	-46.775209	0.709469	continued:5	509061980402947364530239914359411565	1009021288579133361	-1,12,12,12,12	12,12,12,12	ok
-0.256547	-40.492077	-47.164958	0.707137	continued:5	509061980402947364530239914359411565	1009021288579133361	-1,12,12,12,12	12,12,12,12	ok
-0.253711	-40.492077	-47.509606	0.705347	continued:5	509061980402947364530239914359411565	1009021288579133361	-1,12,12,12,12	12,12,12,12	ok
-0.250876	-40.492077	-47.810542	0.703763	continued:5	509061980402947364530239914359411565	1009021288579133361	-1,12,12,12,12	12,12,12,12	ok
-0.248040	-40.492077	-48.072454	0.702721	continued:5	509061980402947364530239914359411565	1009021288579133361	-1,12,12,12,12	12,12,12,12	ok
-0.245204	-40.492077	-48.296119	0.701885	continued:5	509061980402947364530239914359411565	1009021288579133361	-1,12,12,12,12	12,12,12,12	ok
-0.242369	-40.492077	-48.485737	0.701383	continued:5	509061980402947364530239914359411565	1009021288579133361	-1,12,12,12,12	12,12,12,12	ok
-0.239533	-40.492077	-48.643752	0.701010	continued:5	509061980402947364530239914359411565	1009021288579133361	-1,12,12,12,12	12,12,12,12	ok
-0.236697	-40.492077	-48.774325	0.700636	full	509061980402947364530239914359411565	1009021288579133361	-1,12,12,12,12	12,12,12,12	ok
-0.233862	-40.492077	-46.570611	0.707973	continued:5	509061980402947364530239914359411565	1009021288579133361	-1,12,12,12,12	12,12,12,12	ok
-0.231026	-40.492077	-46.986108	0.705514	continued:5	509061980402947364530239914359411565	1009021288579133361	-1,12,12,12,12	12,12,12,12	ok
-0.228190	-40.492077	-47.352919	0.703389	continued:5	509061980402947364530239914359411565	1009021288579133361	-1,12,12,12,12	12,12,12,12	ok
-0.225354	-40.492077	-47.675333	0.701599	continued:5	509061980402947364530239914359411565	1009021288579133361	-1,12,12,12,12	12,12,12,12	ok
-0.222519	-40.492077	-47.956863	0.700350	continued:5	509061980402947364530239914359411565	1009021288579133361	-1,12,12,12,12	12,12,12,12	ok
-0.219683	-40.492077	-48.198542	0.699307	continued:5	509061980402947364530239914359411565	1009021288579133361	-1,12,12,12,12	12,12,12,12	ok
-0.216847	-40.492077	-48.404812	0.698471	continued:5	509061980402947364530239914359411565	1009021288579133361	-1,12,12,12,12	12,12,12,12	ok
-0.214012	-40.492077	-48.579525	0.698098	continued:5	509061980402947364530239914359411565	1009021288579133361	-1,12,12,12,12	12,12,12,12	ok
-0.211176	-40.492077	-48.723601	0.697724	continued:5	509061980402947364530239914359411565	1009021288579133361	-1,12,12,12,12	12,12,12,12	ok
-0.208340	-40.492077	-48.842366	0.697350	full	509061980402947364530239914359411565	1009021288579133361	-1,12,12,12,12	12,12,12,12	ok
-0.205505	-40.492077	-46.408168	0.706106	continued:5	509061980402947364530239914359411565	1009021288579133361	-1,12,12,12,12	12,12,12,12	ok
-0.202669	-40.492077	-46.844105	0.703313	continued:5	509061980402947364530239914359411565	1009021288579133361	-1,12,12,12,12	12,12,12,12	ok
-0.199833	-40.492077	-47.230564	0.700981	continued:5	509061980402947364530239914359411565	1009021288579133361	-1,12,12,12,12	12,12,12,12	ok
-0.196997	-40.492077	-47.570806	0.699063	continued:5	509061980402947364530239914359411565	1009021288579133361	-1,12,12,12,12	12,12,12,12	ok
-0.194162	-40.492077	-47.867932	0.697480	continued:5	509061980402947364530239914359411565	1009021288579133361	-1,12,12,12,12	12,12,12,12	ok
-0.191326	-40.492077	-48.125438	0.696437	continued:5	509061980402947364530239914359411565	1009021288579133361	-1,12,12,12,12	12,12,12,12	ok
-0.188490	-40.492077	-48.344395	0.695601	continued:5	509061978969553666169707075032833604	1009021288579133361	-1,-12,12,12,12	12,12,12,12	ok
-0.185655	-40.492077	-48.529251	0.694893	continued:5	142315511012103471820664918283921429	533508222173189616	-1,-12,-12,-12,-12	12,-12,-12,-12	ok
-0.182819	-40.492077	-48.684590	0.694519	continued:5	142315511012103471820664918283921429	533508222173189616	-1,-12,-12,-12,-12	12,-12,-12,-12	ok
-0.179983	-40.492077	-48.812343	0.694145	continued:5	142315511012103471820664918283921429	533508222173189616	-1,-12,-12,-12,-12	12,-12,-12,-12	ok
-0.177148	-40.492077	-48.917394	0.693231	full	142315511012103471820664918283921429	533508222173189616	-1,-12,-12,-12,-12	12,-12,-12,-12	ok
-0.174312	-40.492077	-46.735642	0.701200	continued:5	142315511012103471820664918283921429	533508222173189616	-1,-12,-12,-12,-12	12,-12,-12,-12	ok
-0.171476	-40.492077	-47.135508	0.698741	continued:5	142315511012103471820664918283921429	533508222173189616	-1,-12,-12,-12,-12	12,-12,-12,-12	ok
-0.168641	-40.492077	-47.487528	0.696617	continued:5	142315511012103471820664918283921429	533508222173189616	-1,-12,-12,-12,-12	12,-12,-12,-12	ok
-0.165805	-40.492077	-47.796017	0.694826	continued:5	142315511012103471820664918283921429	533508221140224737	-1,-12,-12,-12,-12	-12,-12,-12,-12	ok
-0.162969	-40.492077	-48.064564	0.693577	continued:5	142315511012103471820664918283921429	533508221140224737	-1,-12,-12,-12,-12	-12,-12,-12,-12	ok
-0.160133	-40.492077	-48.294273	0.692535	continued:5	142315511012103471820664918283921429	533508221140224737	-1,-12,-12,-12,-12	-12,-12,-12,-12	ok
-0.157298	-40.492077	-48.489637	0.691699	continued:5	142315511012103471820664918283921429	533508221140224737	-1,-12,-12,-12,-12	-12,-12,-12,-12	ok
-0.154462	-40.492077	-48.654519	0.691197	continued:5	142315511012103471820664918283921429	533508221140224737	-1,-12,-12,-12,-12	-12,-12,-12,-12	ok
-0.151626	-40.492077	-48.791024	0.691364	full	142315511012103471820664918283921429	533508221140224737	-1,-12,-12,-12,-12	-12,-12,-12,-12	ok
-0.148791	-40.492077	-46.519821	0.699926	continued:5	142315511012103471820664918283921429	533508221140224737	-1,-12,-12,-12,-12	-12,-12,-12,-12	ok
-0.145955	-40.492077	-46.946736	0.697133	continued:5	142315511012103471820664918283921429	533508221140224737	-1,-12,-12,-12,-12	-12,-12,-12,-12	ok
-0.143119	-40.492077	-47.323965	0.694801	continued:5	142315511012103471820664918283921429	533508221140224737	-1,-12,-12,-12,-12	-12,-12,-12,-12	ok
-0.140284	-40.492077	-47.654977	0.692883	continued:5	142315511012103471820664918283921429	533508221140224737	-1,-12,-12,-12,-12	-12,-12,-12,-12	ok
-0.137448	-40.492077	-47.943088	0.691300	continued:5	142315511012103471820664918283921429	533508221140224737	-1,-12,-12,-12,-12	-12,-12,-12,-12	ok
-0.134612	-40.492077	-48.191977	0.690051	continued:5	142315511012103471820664918283921429	533508221140224737	-1,-12,-12,-12,-12	-12,-12,-12,-12	ok
-0.131776	-40.492077	-48.404875	0.689008	continued:5	142315511012103471820664918283921429	533508221140224737	-1,-12,-12,-12,-12	-12,-12,-12,-12	ok
-0.128941	-40.492077	-48.585903	0.688506	continued:5	142315511012103471820664918283921429	533508221140224737	-1,-12,-12,-12,-12	-12,-12,-12,-12	ok
-0.126105	-40.492077	-48.735378	0.687798	continued:5	142315511012103471820664918283921429	533508221140224737	-1,-12,-12,-12,-12	-12,-12,-12,-12	ok
-0.123269	-40.492077	-48.860938	0.687631	full	142315511012103471820664918283921429	533508221140224737	-1,-12,-12,-12,-12	-12,-12,-12,-12	ok
-0.120434	-40.492077	-46.777322	0.695666	continued:5	142315511012103471820664918283921429	533508221140224737	-1,-12,-12,-12,-12	-12,-12,-12,-12	ok
-0.117598	-40.492077	-47.175425	0.693000	continued:5	142315511012103471820664918283921429	533508221140224737	-1,-12,-12,-12,-12	-12,-12,-12,-12	ok
-0.114762	-40.492077	-47.526637	0.690875	continued:5	142315511012103471820664918283921429	533508221140224737	-1,-12,-12,-12,-12	-12,-12,-12,-12	ok
-0.111927	-40.492077	-47.833110	0.689085	continued:5	142315511012103471820664918283921429	533508221140224737	-1,-12,-12,-12,-12	-12,-12,-12,-12	ok
-0.109091	-40.492077	-48.098863	0.687629	continued:5	142315511012103471820664918283921429	533508221140224737	-1,-12,-12,-12,-12	-12,-12,-12,-12	ok
-0.106255	-40.492077	-48.327368	0.686587	continued:5	142315511012103471820664918283921429	533508221140224737	-1,-12,-12,-12,-12	-12,-12,-12,-12	ok
-0.103420	-40.492077	-48.520914	0.685751	continued:5	142315511012103471820664918283921429	533508221140224737	-1,-12,-12,-12,-12	-12,-12,-12,-12	ok
-0.100584	-40.492077	-48.683626	0.685042	continued:5	142315511012103471820664918283921429	533508221140224737	-1,-12,-12,-12,-12	-12,-12,-12,-12	ok
-0.097748	-40.492077	-48.819774	0.684669	continued:5	142315511012103471820664918283921429	533508221140224737	-1,-12,-12,-12,-12	-12,-12,-12,-12	ok
-0.094912	-40.492077	-48.930966	0.684295	full	142315511012103471820664918283921429	533508221140224737	-1,-12,-12,-12,-12	-12,-12,-12,-12	ok
-0.092077	-40.492077	-46.643133	0.693519	continued:5	142315511012103471820664918283921429	533508221140224737	-1,-12,-12,-12,-12	-12,-12,-12,-12	ok
-0.089241	-40.492077	-47.060846	0.690726	continued:5	142315511012103471820664918283921429	533508221140224737	-1,-12,-12,-12,-12	-12,-12,-12,-12	ok
-0.086405	-40.492077	-47.428743	0.688395	continued:5	142315511012103471820664918283921429	533508221140224737	-1,-12,-12,-12,-12	-12,-12,-12,-12	ok
-0.083570	-40.492077	-47.750492	0.686477	continued:5	142315511012103471820664918283921429	533508221140224737	-1,-12,-12,-12,-12	-12,-12,-12,-12	ok
-0.080734	-40.492077	-48.029615	0.685021	continued:5	142315511012103471820664918283921429	533508221140224737	-1,-12,-12,-12,-12	-12,-12,-12,-12	ok
-0.077898	-40.492077	-48.268679	0.683772	continued:5	142315511012103471820664918283921429	533508221140224737	-1,-12,-12,-12,-12	-12,-12,-12,-12	ok
-0.075063	-40.492077	-48.472577	0.682729	continued:5	142315511012103471820664918283921429	533508221140224737	-1,-12,-12,-12,-12	-12,-12,-12,-12	ok
-0.072227	-40.492077	-48.645461	0.681893	continued:5	142315511012103471820664918283921429	533508221140224737	-1,-12,-12,-12,-12	-12,-12,-12,-12	ok
-0.069391	-40.492077	-48.790863	0.681392	continued:5	142315511012103471820664918283921429	533508221140224737	-1,-12,-12,-12,-12	-12,-12,-12,-12	ok
-0.066555	-40.492077	-48.910561	0.681018	continued:5	142315511012103471820664918283921429	533508221140224737	-1,-12,-12,-12,-12	-12,-12,-12,-12	ok
-0.063720	-40.492077	-49.008104	0.680644	full	142315511012103471820664918283921429	533508221140224737	-1,-12,-12,-12,-12	-12,-12,-12,-12	ok
-0.060884	-40.492077	-46.597606	0.690633	continued:5	142315511012103471820664918283921429	533508221140224737	-1,-12,-12,-12,-12	-12,-12,-12,-12	ok
-0.058048	-40.492077	-47.024300	0.687840	continued:5	142315511012103471820664918283921429	533508221140224737	-1,-12,-12,-12,-12	-12,-12,-12,-12	ok
-0.055213	-40.492077	-47.398598	0.685509	continued:5	142315511012103471820664918283921429	533508221140224737	-1,-12,-12,-12,-12	-12,-12,-12,-12	ok
-0.052377	-40.492077	-47.724859	0.683384	continued:5	142315511012103471820664918283921429	533508221140224737	-1,-12,-12,-12,-12	-12,-12,-12,-12	ok
-0.049541	-40.492077	-48.009209	0.681800	continued:5	142315511012103471820664918283921429	533508221140224737	-1,-12,-12,-12,-12	-12,-12,-12,-12	ok
-0.046706	-40.492077	-48.253309	0.680423	continued:5	142315511012103471820664918283921429	533508221140224737	-1,-12,-12,-12,-12	-12,-12,-12,-12	ok
-0.043870	-40.492077	-48.462138	0.679381	continued:5	142315511012103471820664918283921429	533508221140224737	-1,-12,-12,-12,-12	-12,-12,-12,-12	ok
-0.041034	-40.492077	-48.638648	0.678545	continued:5	142315511012103471820664918283921429	533508221140224737	-1,-12,-12,-12,-12	-12,-12,-12,-12	ok
-0.038198	-40.492077	-48.786679	0.677837	continued:5	142315511012103471820664918283921429	533508221140224737	-1,-12,-12,-12,-12	-12,-12,-12,-12	ok
-0.035363	-40.492077	-48.910236	0.677463	continued:5	142315511012103471820664918283921429	533508221140224737	-1,-12,-12,-12,-12	-12,-12,-12,-12	ok
-0.032527	-40.492077	-49.010663	0.677089	continued:5	142315511012103471820664918283921429	533508221140224737	-1,-12,-12,-12,-12	-12,-12,-12,-12	ok
-0.029691	-40.492077	-49.092350	0.676715	full	142315511012103471820664918283921429	533508221140224737	-1,-12,-12,-12,-12	-12,-12,-12,-12	ok
-0.026856	-40.492077	-46.668611	0.686993	continued:5	142315511012103471820664918283921429	533508221140224737	-1,-12,-12,-12,-12	-12,-12,-12,-12	ok
-0.024020	-40.492077	-47.087928	0.684200	continued:5	142315511012103471820664918283921429	533508221140224737	-1,-12,-12,-12,-12	-12,-12,-12,-12	ok
-0.021184	-40.492077	-47.455238	0.681741	continued:5	142315511012103471820664918283921429	533508221140224737	-1,-12,-12,-12,-12	-12,-12,-12,-12	ok
-0.018349	-40.492077	-47.776265	0.679616	continued:5	142315511012103471820664918283921429	533508221140224737	-1,-12,-12,-12,-12	-12,-12,-12,-12	ok
-0.015513	-40.492077	-48.055570	0.678033	continued:5	142315511012103471820664918283921429	533508221140224737	-1,-12,-12,-12,-12	-12,-12,-12,-12	ok
-0.012677	-40.492077	-48.294896	0.676577	continued:5	142315511012103471820664918283921429	533508221140224737	-1,-12,-12,-12,-12	-12,-12,-12,-12	ok
-0.009842	-40.492077	-48.500082	0.675534	continued:5	142315511012103471820664918283921429	533508221140224737	-1,-12,-12,-12,-12	-12,-12,-12,-12	ok
-0.007006	-40.492077	-48.673165	0.674698	continued:5	142315511012103471820664918283921429	533508221140224737	-1,-12,-12,-12,-12	-12,-12,-12,-12	ok
-0.004170	-40.492077	-48.818033	0.673990	continued:5	142315511012103471820664918283921429	533508221140224737	-1,-12,-12,-12,-12	-12,-12,-12,-12	ok
-0.001334	-40.492077	-48.938716	0.673488	continued:5	142315511012103471820664918283921429	533508221140224737	-1,-12,-12,-12,-12	-12,-12,-12,-12	ok
0.001501	-40.492077	-49.037790	0.672987	continued:5	142315511012103471820664918283921429	533508221140224737	-1,-12,-12,-12,-12	-12,-12,-12,-12	ok
0.004337	-40.492077	-49.119392	0.672820	continued:5	142315511012103471820664918283921429	533508221140224737	-1,-12,-12,-12,-12	-12,-12,-12,-12	ok
0.007173	-40.492077	-49.183688	0.672446	full	142315511012103471820664918283921429	533508221140224737	-1,-12,-12,-12,-12	-12,-12,-12,-12	ok
0.010008	-40.492077	-46.946812	0.681743	continued:5	142315511012103471820664918283921429	533508221140224737	-1,-12,-12,-12,-12	-12,-12,-12,-12	ok
0.012844	-40.492077	-47.333496	0.679077	continued:5	142315511012103471820664918283921429	533508221140224737	-1,-12,-12,-12,-12	-12,-12,-12,-12	ok
0.015680	-40.492077	-47.671775	0.676825	continued:5	142315511012103471820664918283921429	533508221140224737	-1,-12,-12,-12,-12	-12,-12,-12,-12	ok
0.018515	-40.492077	-47.965903	0.674907	continued:5	142315511012103471820664918283921429	533508221140224737	-1,-12,-12,-12,-12	-12,-12,-12,-12	ok
0.021351	-40.492077	-48.220236	0.673324	continued:5	142315511012103471820664918283921429	533508221140224737	-1,-12,-12,-12,-12	-12,-12,-12,-12	ok
0.024187	-40.492077	-48.438479	0.672074	continued:5	142315511012103471820664918283921429	533508221140224737	-1,-12,-12,-12,-12	-12,-12,-12,-12	ok
0.027023	-40.492077	-48.623829	0.671159	continued:5	142315511012103471820664918283921429	533508221140224737	-1,-12,-12,-12,-12	-12,-12,-12,-12	ok
0.029858	-40.492077	-48.779066	0.670324	continued:5	142315511012103471820664918283921429	533508221140224737	-1,-12,-12,-12,-12	-12,-12,-12,-12	ok
0.032694	-40.492077	-48.909094	0.669615	continued:5	142315511012103471820664918283921429	533508221140224737	-1,-12,-12,-12,-12	-12,-12,-12,-12	ok
0.035530	-40.492077	-49.017466	0.669114	continued:5	142315511012103471820664918283921429	533508221140224737	-1,-12,-12,-12,-12	-12,-12,-12,-12	ok
0.038365	-40.492077	-49.106345	0.668740	continued:5	142315511012103471820664918283921429	533508221140224737	-1,-12,-12,-12,-12	-12,-12,-12,-12	ok
0.041201	-40.492077	-49.178295	0.668366	continued:5	142315511012103471820664918283921429	533508221140224737	-1,-12,-12,-12,-12	-12,-12,-12,-12	ok
0.044037	-40.492077	-49.236639	0.668199	continued:5	142315511012103471820664918283921429	533508221140224737	-1,-12,-12,-12,-12	-12,-12,-12,-12	ok
0.046872	-40.492077	-49.282080	0.667156	full	142315511012103471820664918283921429	533508221140224737	-1,-12,-12,-12,-12	-12,-12,-12,-12	ok
0.049708	-40.492077								error: T SSCS does not start with ±1: [-2, -12, -12, -12, -12]
0.052544	-40.492077								error: T SSCS does not start with ±1: [-2, -12, -12, -12, -12]
0.055379	-40.492077								error: T SSCS does not start with ±1: [-2, -12, -12, -12, -12]
0.058215	-40.492077								error: T SSCS does not start with ±1: [-2, -12, -12, -12, -12]
0.061051	-40.492077								error: T SSCS does not start with ±1: [-2, -12, -12, -12, -12]
0.063887	-40.492077								error: T SSCS does not start with ±1: [-2, -12, -12, -12, -12]
0.066722	-40.492077								error: T SSCS does not start with ±1: [-2, -12, -12, -12, -12]
0.069558	-40.492077								error: T SSCS does not start with ±1: [-2, -12, -12, -12, -12]
0.072394	-40.492077								error: T SSCS does not start with ±1: [-2, -12, -12, -12, -12]
0.075229	-40.492077								error: T SSCS does not start with ±1: [-2, -12, -12, -12, -12]
0.078065	-40.492077								error: T SSCS does not start with ±1: [-2, -12, -12, -12, -12]
0.080901	-40.492077								error: T SSCS does not start with ±1: [-2, -12, -12, -12, -12]
0.083736	-40.492077								error: T SSCS does not start with ±1: [-2, -12, -12, -12, -12]
0.086572	-40.492077								error: T SSCS does not start with ±1: [-2, -12, -12, -12, -12]
0.089408	-40.492077								error: T SSCS does not start with ±1: [-2, -12, -12, -12, -12]
0.092244	-40.492077								error: T SSCS does not start with ±1: [-2, -12, -12, -12, -12]
0.095079	-40.492077								error: T SSCS does not start with ±1: [-2, -12, -12, -12, -12]
0.097915	-40.492077								error: T SSCS does not start with ±1: [-2, -12, -12, -12, -12]
0.100751	-40.492077								error: T SSCS does not start with ±1: [-2, -12, -12, -12, -12]
0.103586	-40.492077								error: T SSCS does not start with ±1: [-2, -12, -12, -12, -12]
0.106422	-40.492077								error: T SSCS does not start with ±1: [-2, -12, -12, -12, -12]
0.109258	-40.492077								error: T SSCS does not start with ±1: [-2, -12, -12, -12, -12]
0.112093	-40.492077								error: T SSCS does not start with ±1: [-2, -12, -12, -12, -12]
0.114929	-40.492077								error: T SSCS does not start with ±1: [-2, -12, -12, -12, -12]
0.117765	-40.492077								error: T SSCS does not start with ±1: [-2, -12, -12, -12, -12]
0.120601	-40.492077								error: T SSCS does not start with ±1: [-2, -12, -12, -12, -12]
0.123436	-40.492077								error: T SSCS does not start with ±1: [-2, -12, -12, -12, -12]
0.126272	-40.492077								error: T SSCS does not start with ±1: [-2, -12, -12, -12, -12]
0.129108	-40.492077								error: T SSCS does not start with ±1: [-2, -12, -12, -12, -12]
0.131943	-40.492077								error: T SSCS does not start with ±1: [-2, -12, -12, -12, -12]
0.134779	-40.492077								error: T SSCS does not start with ±1: [-2, -12, -12, -12, -12]
0.137615	-40.492077								error: T SSCS does not start with ±1: [-2, -12, -12, -12, -12]
0.140450	-40.492077								error: T SSCS does not start with ±1: [-2, -12, -12, -12, -12]
0.143286	-40.492077								error: T SSCS does not start with ±1: [-2, -12, -12, -12, -12]
0.146122	-40.492077								error: T SSCS does not start with ±1: [-2, -12, -12, -12, -12]
0.148957	-40.492077								error: T SSCS does not start with ±1: [-2, -12, -12, -12, -12]
0.151793	-40.492077								error: T SSCS does not start with ±1: [-2, -12, -12, -12, -12]
0.154629	-40.492077								error: T SSCS does not start with ±1: [-2, -12, -12, -12, -12]
0.157465	-40.492077								error: T SSCS does not start with ±1: [-2, -12, -12, -12, -12]
0.160300	-40.492077								error: T SSCS does not start with ±1: [-2, -12, -12, -12, -12]
0.163136	-40.492077								error: T SSCS does not start with ±1: [-2, -12, -12, -12, -12]
0.165972	-40.492077								error: T SSCS does not start with ±1: [-2, -12, -12, -12, -12]
0.168807	-40.492077								error: T SSCS does not start with ±1: [-2, -12, -12, -12, -12]
0.171643	-40.492077								error: T SSCS does not start with ±1: [-2, -12, -12, -12, -12]
0.174479	-40.492077								error: T SSCS does not start with ±1: [-2, -12, -12, -12, -12]
0.177314	-40.492077								error: T SSCS does not start with ±1: [-2, -12, -12, -12, -12]
0.180150	-40.492077								error: T SSCS does not start with ±1: [-2, -12, -12, -12, -12]
0.182986	-40.492077								error: T SSCS does not start with ±1: [-2, -12, -12, -12, -12]
0.185822	-40.492077								error: T SSCS does not start with ±1: [-2, -12, -12, -12, -12]
0.188657	-40.492077								error: T SSCS does not start with ±1: [-2, -12, -12, -12, -12]
0.191493	-40.492077								error: T SSCS does not start with ±1: [-2, -12, -12, -12, -12]
0.194329	-40.492077								error: T SSCS does not start with ±1: [-2, -12, -12, -12, -12]
0.197164	-40.492077								error: T SSCS does not start with ±1: [-2, -12, -12, -12, -12]
0.200000	-40.492077								error: T SSCS does not start with ±1: [-2, -12, -12, -12, -12]
