delta_x	delta_ca	T0_V	T0_Ca	T0_method	T_encoding	gamma_encoding	T_scs	gamma_scs	status
-2.000000	12.552553	-54.423426	0.718503	full	24739664234858138982047535273920704865888201889876711837493816699690678265963591165069870505023217046633362579621148489165328977987949899797415602900085081435628786567950676391780949633448253616219680559998014214784634910618447122667639804607217055610037222276897125660535867393387520758988742191975475097134159821776175469287214857624750265388130867415580412873925910271279382629434282479656095907178473638142326186864698341018602123575843883404208311798618679388046194707946385968872279636660172423920762823771748609336176990325713506490614247467311351878471253089939596514261196666267475682898635077588364628629417296554229734815495315011752337585393015754405944996164827318009845582551593321289722257247006063686910061456841431892563940020873466746931070957111770150069590359792388197563206227771911411885143855184505614961998508226343153531223089971459935049708039359327667779120430067461929055441744031224422705223831560005091108633317128720548165517033711719448300771525660964913525817712220131912105082815080054605883136048554894173783193438041716508681297001277350562437894851607688119124032266056066591963623197071229719772200831481260746898621517899928612391918713268983151048632780119641862099341297750029719247138068107870567427809776657455687319701838924741863308222734432202510337739630178136531110971656173596021532837063752331474827244593016389208170040764442819691907770087191341213542994238071675478371667411760202828972644593655472936430022638265804496288506618255007607597261306800770629215694428152763539594122443113397834178395207996598716220002965896330970082443535250927929904492141006573361720988244715211217527130416678582951733423938369853743171684564563983626349177586585309068907765500850217594153854188047776587284365072518433984417293128363047391462716592055471493359419811107561342379892318778123925091563362374613867366678251457873793628074433727030300530950329229975263034924403251033542199868020318082547039853201861477386663713823422139778523859265843416231918568932910666969700151238740942339401304783089680591040988665406081595115408547281380162869428403417683884461842344285716707869589494202888211027076797507049117122865083118647547742153521842961992278245772944988321821569733799225419188854384961205608576158230616860757999397989539066443962861226899321589864179340820711868686349448121813826870507375443712146219837353948680559747483860596315536999095	7034154424642401747454328459501917449685654526340289234293828087926975613698802301253003986901229215126768695382654920627455886105135280152035329700795293889355277633235554290181731583963896545283708550798937691796831540083280954013969081834852044711745750936591265486142590658887384357622867085996692586453058919153585952060415957522567566865538187811250229599842059880481947984178097859188998403958821704789800639826276154408227101968478017808199641072860113261734126894755184038936912559481727105509595689327789267565191530603413648113580189237367411627675879529633249741994303516453677678521324564605325119725927695831754611039798421122101506731220488066036713717120701411036794883397460722160843016800519444106049417607698006481489488044887841601323256331484690745258941581526519606958978860443069929836956667169284397933742977876404203492316561378378512861114766806421451715817991347590479744862529167279385737955575664607215557326053286007065520686985715251970094900983270412095636863724385260531498939160101374673001936655504838201190695877156813846818180809750971967347766702023915553428471354067020043870622223369932400826108969096396137275861123865322900846190642584620797339050084596458	-1,3,3,3,3,3,3,3,3,3,3,3	-4,3,3,3,3,3,3,3,3,3,3	ok
-1.995996	12.552553	-44.000729	0.718315	continued:5	24739664234858138982047535273920704865888201889876711837493816699690678265963591165069870505023217046633362579621148489165328977987949899797415602900085081435628786567950676391780949633448253616219680559998014214784634910618447122667639804607217055610037222276897125660535867393387520758988742191975475097134159821776175469287214857624750265388130867415580412873925910271279382629434282479656095907178473638142326186864698341018602123575843883404208311798618679388046194707946385968872279636660172423920762823771748609336176990325713506490614247467311351878471253089939596514261196666267475682898635077588364628629417296554229734815495315011752337585393015754405944996164827318009845582551593321289722257247006063686910061456841431892563940020873466746931070957111770150069590359792388197563206227771911411885143855184505614961998508226343153531223089971459935049708039359327667779120430067461929055441744031224422705223831560005091108633317128720548165517033711719448300771525660964913525817712220131912105082815080054605883136048554894173783193438041716508681297001277350562437894851607688119124032266056066591963623197071229719772200831481260746898621517899928612391918713268983151048632780119641862099341297750029719247138068107870567427809776657455687319701838924741863308222734432202510337739630178136531110971656173596021532837063752331474827244593016389208170040764442819691907770087191341213542994238071675478371667411760202828972644593655472936430022638265804496288506618255007607597261306800770629215694428152763539594122443113397834178395207996598716220002965896330970082443535250927929904492141006573361720988244715211217527130416678582951733423938369853743171684564563983626349177586585309068907765500850217594153854188047776587284365072518433984417293128363047391462716592055471493359419811107561342379892318778123925091563362374613867366678251457873793628074433727030300530950329229975263034924403251033542199868020318082547039853201861477386663713823422139778523859265843416231918568932910666969700151238740942339401304783089680591040988665406081595115408547281380162869428403417683884461842344285716707869589494202888211027076797507049117122865083118647547742153521842961992278245772944988321821569733799225419188854384961205608576158230616860757999397989539066443962861226899321589864179340820711868686349448121813826870507375443712146219837353948680559747483860596315536999095	7034154424642401747454328459501917449685654526340289234293828087926975613698802301253003986901229215126768695382654920627455886105135280152035329700795293889355277633235554290181731583963896545283708550798937691796831540083280954013969081834852044711745750936591265486142590658887384357622867085996692586453058919153585952060415957522567566865538187811250229599842059880481947984178097859188998403958821704789800639826276154408227101968478017808199641072860113261734126894755184038936912559481727105509595689327789267565191530603413648113580189237367411627675879529633249741994303516453677678521324564605325119725927695831754611039798421122101506731220488066036713717120701411036794883397460722160843016800519444106049417607698006481489488044887841601323256331484690745258941581526519606958978860443069929836956667169284397933742977876404203492316561378378512861114766806421451715817991347590479744862529167279385737955575664607215557326053286007065520686985715251970094900983270412095636863724385260531498939160101374673001936655504838201190695877156813846818180809750971967347766702023915553428471354067020043870622223369932400826108969096396137275861123865322900846190642584620797339050084596458	-1,3,3,3,3,3,3,3,3,3,3,3	-4,3,3,3,3,3,3,3,3,3,3	ok
-1.991992	12.552553	-46.820371	0.716732	continued:5	24739664234858138982047535273920704865888201889876711837493816699690678265963591165069870505023217046633362579621148489165328977987949899797415602900085081435628786567950676391780949633448253616219680559998014214784634910618447122667639804607217055610037222276897125660535867393387520758988742191975475097134159821776175469287214857624750265388130867415580412873925910271279382629434282479656095907178473638142326186864698341018602123575843883404208311798618679388046194707946385968872279636660172423920762823771748609336176990325713506490614247467311351878471253089939596514261196666267475682898635911908731494486904182965558798994916608466464004782386781525115550402067143147698500136991417807965993746533707493179716917949661657133802752099530380500629832889813766318693972247359960254936881029359545309059646697237241209564888106340558287762532356251637258398401846377922451692640383953053577384608293675046043906591724400907098081482508558109337883729893322775980233270148019416024194836854355986212330386751079897066437531206720139847788674454652536826169059736982479309839712946775980354134355139497105828903507866078114564099313317787443741699279748434354864282108704676095037950494415256272879365315930663517025679634755902448699358608049074059104259348543181641647188952629782971692173635697840427983375677261567262584214867713709371860338633977387449637293243129810611676621320366270708554278918316918470345093780709448108394628006019342686787014058206826388120551654519604386522097231339495212147745743867789144919575582727474005117415997496465078534339647675408615918522433302348862709003633057864179680766398265726596442076124791300817800652047126641717040186601244301755110773087776803280246402025562535891406098147526896904037061823994199277468251644588097958297487548090567517639043827248810933915737930383924204711815016801312645519957427891282157964895774887523136975951457118632409852132666546126544919172181541180050558378640298885367355892517726649419931505220360063384660944850665683733551873585713758787536011625171151047107511728947587533530141092115309752132664273982344245777970593962598594522467209018680179520641797200903061736525605474519606685230837366881434833057824801124044937194158792554648596683367664462990190030773142540579267833464241236574936879660051354977479692399369442650305205936406502835190033319601651940045585368055710469176056200654671755479967570	7034154424642401747454328459501917449685654526340289234293828087926975613698802301253003986901229215126768695382654920627455886105135280152035329700795293889355277633235554290181731583963896545283708550798937691796831540083280954013969081834852044711745750936591265486142590658887384357622867085996692586453058919153585952060415957522567566865538187811250229599842059880481947984178097859188998403958821704789800639826276154408227101968478017808199641072860113261734126894755184038936912559481727105509595689327789267565191530603413648113580189237367411627675879529633249741994303516453677678521324564605325119725927695831754611039798421122101506731220488066036713717120701411036794883397460722160843016800519444106049417607698006481489488044887841601323256331484690745258941581526519606958978860443069929836956667169284397933742977876404203492316561378378512861114766806421451715817991347590479744862529167279385737955575664607215557326053286007065520686985715251970094900983270412095636863724385260531498939160101374673001936655504838201190695877156813846818180809750971967347766702023915553428471354067020043870622223369932400826108969096396137275861123865322900846190642584620797339050084596458	0,-4,3,3,3,3,3,3,3,3,3,3	-4,3,3,3,3,3,3,3,3,3,3	ok
-1.987988	12.552553	-49.077155	0.713938	continued:5	24739664234858138982047535273920704865888201889876711837493816699690678265963591165069870505023217046633362579621148489165328977987949899797415602900085081435628786567950676391780949633448253616219680559998014214784634910618447122667639804607217055610037222276897125660535867393387520758988742191975475097134159821776175469287214857624750265388130867415580412873925910271279382629434282479656095907178473638142326186864698341018602123575843883404208311798618679388046194707946385968872279636660172423920762823771748609336176990325713506490614247467311351878471253089939596514261196666267475682898635911908731494486904182965558798994916608466464004782386781525115550402067143147698500136991417807965993746533707493179716917949661657133802752099530380500629832889813766318693972247359960254936881029359545309059646697237241209564888106340558287762532356251637258398401846377922451692640383953053577384608293675046043906591724400907098081482508558109337883729893322775980233270148019416024194836854355986212330386751079897066437531206720139847788674454652536826169059736982479309839712946775980354134355139497105828903507866078114564099313317787443741699279748434354864282108704676095037950494415256286947674165215467011934336553759737348070667660729652527691915524397132869044793555135790945494632065951377818748685518516479034794485428017780031261929221756098004903764351710174074844549113456838125655876793700512133425260342617476046558297710108766178288887240737798673301869429288319632256269224724668118265584051039693265751490627862607736193791619996924278218459408639304584274718151680345670626647042637465459333318707082180800379032160407700099946372273650109970829696969322175580229736541987822471625057604097666274467304974823124064415536558817454629227310911087581946904520455445924560288173037899050385771129593893146284308657261004326107960933559964709592206298596961112903770872901440318443453171554758225380134568194504159026648154323501531880018861899217167303094558259573981342381830990525357646886212154509626273491764433578135680230268485973309763063753935018741388115359454941833970836305152734074505673796423449794831627213811331944435707956109414709408651771661558155162281828345864121923257396908138558521907693044066844381944344400836176940887335408175932108340927491158211920187826439457183894751945801208155053128226111876203662293316013857402850461225442249349855649160489	7034154424642401747454328459501917449685654526340289234293828087926975613698802301253003986901229215126768695382654920627455886105135280152035329700795293889355277633235554290181731583963896545283708550798937691796831540083280954013969081834852044711745750936591265486142590658887384357622867085996692586453058919153585952060415957522567566865538187811250229599842059880481947984178097859188998403958821704789800639826276154408227101968478017808199641072860113261734126894755184038936912559481727105509595689327789267565191530603413648113580189237367411627675879529633249741994303516453677678521324564605325119725927695831754611039798421122101506731220488066036713717120701411036794883397460722160843016800519444106049417607698006481489488044887841601323256331484690745258941581526519606958978860443069929836956667169284397933742977876404203492316561378378512861114766806421451715817991347590479744862529167279385737955575664607215557326053286007065520686985715251970094900983270412095636863724385260531498939160101374673001936655504838201190695877156813846818180809750971967347766702023915553428471354067020043870622223369932400826108969096396137275861123865322900846190642584620797339050084596458	1,-4,3,3,3,3,3,3,3,3,3,3	-4,3,3,3,3,3,3,3,3,3,3	ok
-1.983984	12.552553	-50.959727	0.711145	continued:5	24739664234858138982047535273920704865888201889876711837493816699690678265963591165069870505023217046633362579621148489165328977987949899797415602900085081435628786567950676391780949633448253616219680559998014214784634910618447122667639804607217055610037222276897125660535867393387520758988742191975475097134159821776175469287214857624750265388130867415580412873925910271279382629434282479656095907178473638142326186864698341018602123575843883404208311798618679388046194707946385968872279636660172423920762823771748609336176990325713506490614247467311351878471253089939596514261196666267475682898635077588364628629417296554229734815495315011752337585393015754405944996164827318009845582551593321289722257247006063686910061456841431892563940020873466746931070957111770150069590359792388197563206227771911411885143855184505614961998508226343153531223089971459935049708039359327667779120430067461929055441744031224422705223831560005091108633317128720548165517033711719448300771525660964913525817712220131912105082815080054605883136048554894173783193438041716508681297001277350562437894851607688119124032266056066591963623197071229719772200831481260746898621517899928612391918713268983151048632780119648896253765940151777173575597570025320253082336116946689981147789765900355562110523987436189411566954756946831913765892283629482126668117215787661175622538482371666841405595054624551275871666632475049764341931929868507018454948365774171910807496638367218687366613903751947086947394002612630474683257999387223688134848014104823955551645010680263372366206458226198558279883447844315148180302724249331888726196930807213187997142652942313186005148224878224024593537200103980637926868603500896185830904692094904758235554768415409124757267836161356776521732484146109863946926378105041694979170269733992817805415234240628485488200053302199364211031646323082439647263607276631895871769259044401451363766451126814443473134220489198884697731101960802990910300139680959518854832128513597114746389737973151315057975842081443516593123962467786526070102139874765749035637088432614260030772344792316488840415153698481155126035457741137680097748660410763036811870095293313414540437283852893333234643562710973384060038416228190613325616933189150517789061901654152308030489428549857055082465581427407486143000730202660813809057790100346399768338483335257539245860316494779637880208922066168766414992991208014608723526	7034154424642401747454328459501917449685654526340289234293828087926975613698802301253003986901229215126768695382654920627455886105135280152035329700795293889355277633235554290181731583963896545283708550798937691796831540083280954013969081834852044711745750936591265486142590658887384357622867085996692586453058919153585952060415957522567566865538187811250229599842059880481947984178097859188998403958821704789800639826276154408227101968478017808199641072860113261734126894755184038936912559481727105509595689327789267565191530603413648113580189237367411627675879529633249741994303516453677678521324564605325119725927695831754611039798421122101506731220488066036713717120701411036794883397460722160843016800519444106049417607698006481489488044887841601323256331484690745258941581526519606958978860443069929836956667169284397933742977876404203492316561378378512861114766806421451715817991347590479744862529167279385737955575664607215557326053286007065520686985715251970094900983270412095636863724385260531498939160101374673001936655504838201190695877156813846818180809750971967347766702023915553428471354067020043870622223369932400826108969096396137275861123865322900846190642584620797339050084596458	1,3,3,3,3,3,3,3,3,3,3,3	-4,3,3,3,3,3,3,3,3,3,3	ok
-1.979980	12.552553	-52.490697	0.708352	continued:5	24739664234858138982047535273920704865888201889876711837493816699690678265963591165069870505023217046633362579621148489165328977987949899797415602900085081435628786567950676391780949633448253616219680559998014214784634910618447122667639804607217055610037222276897125660535867393387520758988742191975475097134159821776175469287214857624750265388130867415580412873925910271279382629434282479656095907178473638142326186864698341018602123575843883404208311798618679388046194707946385968872279636660172423920762823771748609336176990325713506490614247467311351878471253089939596514261196666267475682898635077588364628629417296554229734815495315011752337585393015754405944996164827318009845582551593321289722257247006063686910061456841431892563940020873466746931070957111770150069590359792388197563206227771911411885143855184505614961998508226343153531223089971459935049708039359327667779120430067461929055441744031224422705223831560005091108633317128720548165517033711719448300771525660964913525817712220131912105082815080054605883136048554894173783193438041716508681297001277350562437894851607688119124032266056066591963623197071229719772200831481260746898621517899928612391918713268983151048632780119641862099341297750029719247138068107870567427809776657455687319701838924741863308222734432202510337739630178136531110971656173596021532837063752331474827244593016389208170040764442819691907770087191341213542994238071675478371667411760202828972644593655472936430022638265804496288506618255007607597261306800770629215694428152763539594122443113397834178395207996598716220002965896330970082443535250927929904492141006573361720988244715211217527130416678582951733423938369853743171684564563983626349177586585309068907765500850217594153854188047776587284365072518433984417293128363047391462716592055471493359419811107561342379892318778123925091563362374613867366678251457873793628074433727030300530950329229975263034924403251033542199868020318082547039853201861477386663713823422139778523859265843416231918568932910666969700151238740942339401304783089680591040988665406081595115408547281380162869428403417683884461842344285716707869589494202888211027076797507049117122865083118647547742153521842961992278245772944988321821569733799225419188854384961205608576158230616860757999397989539066443962861226899321589864179340820711868686349448121813826870507375443712146219837353948680559747483860596315536999095	7034154424642401747454328459501917449685654526340289234293828087926975613698802301253003986901229215126768695382654920627455886105135280152035329700795293889355277633235554290181731583963896545283708550798937691796831540083280954013969081834852044711745750936591265486142590658887384357622867085996692586453058919153585952060415957522567566865538187811250229599842059880481947984178097859188998403958821704789800639826276154408227101968478017808199641072860113261734126894755184038936912559481727105509595689327789267565191530603413648113580189237367411627675879529633249741994303516453677678521324564605325119725927695831754611039798421122101506731220488066036713717120701411036794883397460722160843016800519444106049417607698006481489488044887841601323256331484690745258941581526519606958978860443069929836956667169284397933742977876404203492316561378378512861114766806421451715817991347590479744862529167279385737955575664607215557326053286007065520686985715251970094900983270412095636863724385260531498939160101374673001936655504838201190695877156813846818180809750971967347766702023915553428471354067020043870622223369932400826108969096396137275861123865322900846190642584620797339050084596458	-1,3,3,3,3,3,3,3,3,3,3,3	-4,3,3,3,3,3,3,3,3,3,3	ok
-1.975976	12.552553	-53.667604	0.711145	continued:5	24739664234858138982047535273920704865888201889876711837493816699690678265963591165069870505023217046633362579621148489165328977987949899797415602900085081435628786567950676391780949633448253616219680559998014214784634910618447122667639804607217055610037222276897125660535867393387520758988742191975475097134159821776175469287214857624750265388130867415580412873925910271279382629434282479656095907178473638142326186864698341018602123575843883404208311798618679388046194707946385968872279636660172423920762823771748609336176990325713506490614247467311351878471253089939596514261196666267475682898635077588364628629417296554229734815495315011752337585393015754405944996164827318009845582551593321289722257247006063686910061456841431892563940020873466746931070957111770150069590359792388197563206227771911411885143855184505614961998508226343153531223089971459935049708039359327667779120430067461929055441744031224422705223831560005091108633317128720548165517033711719448300771525660964913525817712220131912105082815080054605883136048554894173783193438041716508681297001277350562437894851607688119124032266056066591963623197071229719772200831481260746898621517899928612391918713268983151048632780119648896253765940151777173575597570025320253082336116946689981147789765900355562110523987436189411566954756946831913765892283629482126668117215787661175622538482371666841405595054624551275871666632475049764341931929868507018454948365774171910807496638367218687366613903751947086947394002612630474683257999387223688134848014104823955551645010680263372366206458226198558279883447844315148180302724249331888726196930807213187997142652942313186005148224878224024593537200103980637926868603500896185830904692094904758235554768415409124757267836161356776521732484146109863946926378105041694979170269733992817805415234240628485488200053302199364211031646323082439647263607276631895871769259044401451363766451126814443473134220489198884697731101960802990910300139680959518854832128513597114746389737973151315057975842081443516593123962467786526070102139874765749035637088432614260030772344792316488840415153698481155126035457741137680097748660410763036811870095293313414540437283852893333234643562710973384060038416228190613325616933189150517789061901654152308030489428549857055082465581427407486143000730202660813809057790100346399768338483335257539245860316494779637880208922066168766414992991208014608723526	7034154424642401747454328459501917449685654526340289234293828087926975613698802301253003986901229215126768695382654920627455886105135280152035329700795293889355277633235554290181731583963896545283708550798937691796831540083280954013969081834852044711745750936591265486142590658887384357622867085996692586453058919153585952060415957522567566865538187811250229599842059880481947984178097859188998403958821704789800639826276154408227101968478017808199641072860113261734126894755184038936912559481727105509595689327789267565191530603413648113580189237367411627675879529633249741994303516453677678521324564605325119725927695831754611039798421122101506731220488066036713717120701411036794883397460722160843016800519444106049417607698006481489488044887841601323256331484690745258941581526519606958978860443069929836956667169284397933742977876404203492316561378378512861114766806421451715817991347590479744862529167279385737955575664607215557326053286007065520686985715251970094900983270412095636863724385260531498939160101374673001936655504838201190695877156813846818180809750971967347766702023915553428471354067020043870622223369932400826108969096396137275861123865322900846190642584620797339050084596458	1,3,3,3,3,3,3,3,3,3,3,3	-4,3,3,3,3,3,3,3,3,3,3	ok
-1.971972	12.552553	-54.469478	0.713938	full	24739664234858138982047535273920704865888201889876711837493816699690678265963591165069870505023217046633362579621148489165328977987949899797415602900085081435628786567950676391780949633448253616219680559998014214784634910618447122667639804607217055610037222276897125660535867393387520758988742191975475097134159821776175469287214857624750265388130867415580412873925910271279382629434282479656095907178473638142326186864698341018602123575843883404208311798618679388046194707946385968872279636660172423920762823771748609336176990325713506490614247467311351878471253089939596514261196666267475682898635077588364628629417296554229734815495315011752337585393015754405944996164827318009845582551593321289722257247006063686910061456841431892563940020873466746931070957111770150069590359792388197563206227771911411885143855184505614961998508226343153531223089971459935049708039359327667779120430067461929055441744031224422705223831560005091108633317128720548165517033711719448300771525660964913525817712220131912105082815080054605883136048554894173783193438041716508681297001277350562437894851607688119124032266056066591963623197071229719772200831481260746898621517899928612391918713268983151048632780119641862099341297750029719247138068107870567427809776657455687319701838924741863308222734432202510337739630178136531110971656173596021532837063752331474827244593016389208170040764442819691907770087191341213542994238071675478371667411760202828972644593655472936430022638265804496288506618255007607597261306800770629215694428152763539594122443113397834178395207996598716220002965896330970082443535250927929904492141006573361720988244715211217527130416678582951733423938369853743171684564563983626349177586585309068907765500850217594153854188047776587284365072518433984417293128363047391462716592055471493359419811107561342379892318778123925091563362374613867366678251457873793628074433727030300530950329229975263034924403251033542199868020318082547039853201861477386663713823422139778523859265843416231918568932910666969700151238740942339401304783089680591040988665406081595115408547281380162869428403417683884461842344285716707869589494202888211027076797507049117122865083118647547742153521842961992278245772944988321821569733799225419188854384961205608576158230616860757999397989539066443962861226899321589864179340820711868686349448121813826870507375443712146219837353948680559747483860596315536999095	7034154424642401747454328459501917449685654526340289234293828087926975613698802301253003986901229215126768695382654920627455886105135280152035329700795293889355277633235554290181731583963896545283708550798937691796831540083280954013969081834852044711745750936591265486142590658887384357622867085996692586453058919153585952060415957522567566865538187811250229599842059880481947984178097859188998403958821704789800639826276154408227101968478017808199641072860113261734126894755184038936912559481727105509595689327789267565191530603413648113580189237367411627675879529633249741994303516453677678521324564605325119725927695831754611039798421122101506731220488066036713717120701411036794883397460722160843016800519444106049417607698006481489488044887841601323256331484690745258941581526519606958978860443069929836956667169284397933742977876404203492316561378378512861114766806421451715817991347590479744862529167279385737955575664607215557326053286007065520686985715251970094900983270412095636863724385260531498939160101374673001936655504838201190695877156813846818180809750971967347766702023915553428471354067020043870622223369932400826108969096396137275861123865322900846190642584620797339050084596458	-1,3,3,3,3,3,3,3,3,3,3,3	-4,3,3,3,3,3,3,3,3,3,3	ok
-1.967968	12.552553	-44.088733	0.714959	continued:5	24739664234858138982047535273920704865888201889876711837493816699690678265963591165069870505023217046633362579621148489165328977987949899797415602900085081435628786567950676391780949633448253616219680559998014214784634910618447122667639804607217055610037222276897125660535867393387520758988742191975475097134159821776175469287214857624750265388130867415580412873925910271279382629434282479656095907178473638142326186864698341018602123575843883404208311798618679388046194707946385968872279636660172423920762823771748609336176990325713506490614247467311351878471253089939596514261196666267475682898635077588364628629417296554229734815495315011752337585393015754405944996164827318009845582551593321289722257247006063686910061456841431892563940020873466746931070957111770150069590359792388197563206227771911411885143855184505614961998508226343153531223089971459935049708039359327667779120430067461929055441744031224422705223831560005091108633317128720548165517033711719448300771525660964913525817712220131912105082815080054605883136048554894173783193438041716508681297001277350562437894851607688119124032266056066591963623197071229719772200831481260746898621517899928612391918713268983151048632780119641862099341297750029719247138068107870567427809776657455687319701838924741863308222734432202510337739630178136531110971656173596021532837063752331474827244593016389208170040764442819691907770087191341213542994238071675478371667411760202828972644593655472936430022638265804496288506618255007607597261306800770629215694428152763539594122443113397834178395207996598716220002965896330970082443535250927929904492141006573361720988244715211217527130416678582951733423938369853743171684564563983626349177586585309068907765500850217594153854188047776587284365072518433984417293128363047391462716592055471493359419811107561342379892318778123925091563362374613867366678251457873793628074433727030300530950329229975263034924403251033542199868020318082547039853201861477386663713823422139778523859265843416231918568932910666969700151238740942339401304783089680591040988665406081595115408547281380162869428403417683884461842344285716707869589494202888211027076797507049117122865083118647547742153521842961992278245772944988321821569733799225419188854384961205608576158230616860757999397989539066443962861226899321589864179340820711868686349448121813826870507375443712146219837353948680559747483860596315536999095	7034154424642401747454328459501917449685654526340289234293828087926975613698802301253003986901229215126768695382654920627455886105135280152035329700795293889355277633235554290181731583963896545283708550798937691796831540083280954013969081834852044711745750936591265486142590658887384357622867085996692586453058919153585952060415957522567566865538187811250229599842059880481947984178097859188998403958821704789800639826276154408227101968478017808199641072860113261734126894755184038936912559481727105509595689327789267565191530603413648113580189237367411627675879529633249741994303516453677678521324564605325119725927695831754611039798421122101506731220488066036713717120701411036794883397460722160843016800519444106049417607698006481489488044887841601323256331484690745258941581526519606958978860443069929836956667169284397933742977876404203492316561378378512861114766806421451715817991347590479744862529167279385737955575664607215557326053286007065520686985715251970094900983270412095636863724385260531498939160101374673001936655504838201190695877156813846818180809750971967347766702023915553428471354067020043870622223369932400826108969096396137275861123865322900846190642584620797339050084596458	-1,3,3,3,3,3,3,3,3,3,3,3	-4,3,3,3,3,3,3,3,3,3,3	ok
-1.963964	12.552553	-46.900860	0.712166	continued:5	24739664234858138982047535273920704865888201889876711837493816699690678265963591165069870505023217046633362579621148489165328977987949899797415602900085081435628786567950676391780949633448253616219680559998014214784634910618447122667639804607217055610037222276897125660535867393387520758988742191975475097134159821776175469287214857624750265388130867415580412873925910271279382629434282479656095907178473638142326186864698341018602123575843883404208311798618679388046194707946385968872279636660172423920762823771748609336176990325713506490614247467311351878471253089939596514261196666267475682898635911908731494486904182965558798994916608466464004782386781525115550402067143147698500136991417807965993746533707493179716917949661657133802752099530380500629832889813766318693972247359960254936881029359545309059646697237241209564888106340558287762532356251637258398401846377922451692640383953053577384608293675046043906591724400907098081482508558109337883729893322775980233270148019416024194836854355986212330386751079897066437531206720139847788674454652536826169059736982479309839712946775980354134355139497105828903507866078114564099313317787443741699279748434354864282108704676095037950494415256272879365315930663517025679634755902448699358608049074059104259348543181641647188952629782971692173635697840427983375677261567262584214867713709371860338633977387449637293243129810611676621320366270708554278918316918470345093780709448108394628006019342686787014058206826388120551654519604386522097231339495212147745743867789144919575582727474005117415997496465078534339647675408615918522433302348862709003633057864179680766398265726596442076124791300817800652047126641717040186601244301755110773087776803280246402025562535891406098147526896904037061823994199277468251644588097958297487548090567517639043827248810933915737930383924204711815016801312645519957427891282157964895774887523136975951457118632409852132666546126544919172181541180050558378640298885367355892517726649419931505220360063384660944850665683733551873585713758787536011625171151047107511728947587533530141092115309752132664273982344245777970593962598594522467209018680179520641797200903061736525605474519606685230837366881434833057824801124044937194158792554648596683367664462990190030773142540579267833464241236574936879660051354977479692399369442650305205936406502835190033319601651940045585368055710469176056200654671755479967570	7034154424642401747454328459501917449685654526340289234293828087926975613698802301253003986901229215126768695382654920627455886105135280152035329700795293889355277633235554290181731583963896545283708550798937691796831540083280954013969081834852044711745750936591265486142590658887384357622867085996692586453058919153585952060415957522567566865538187811250229599842059880481947984178097859188998403958821704789800639826276154408227101968478017808199641072860113261734126894755184038936912559481727105509595689327789267565191530603413648113580189237367411627675879529633249741994303516453677678521324564605325119725927695831754611039798421122101506731220488066036713717120701411036794883397460722160843016800519444106049417607698006481489488044887841601323256331484690745258941581526519606958978860443069929836956667169284397933742977876404203492316561378378512861114766806421451715817991347590479744862529167279385737955575664607215557326053286007065520686985715251970094900983270412095636863724385260531498939160101374673001936655504838201190695877156813846818180809750971967347766702023915553428471354067020043870622223369932400826108969096396137275861123865322900846190642584620797339050084596458	0,-4,3,3,3,3,3,3,3,3,3,3	-4,3,3,3,3,3,3,3,3,3,3	ok
-1.959960	12.552553	-49.162905	0.709372	continued:5	24739664234858138982047535273920704865888201889876711837493816699690678265963591165069870505023217046633362579621148489165328977987949899797415602900085081435628786567950676391780949633448253616219680559998014214784634910618447122667639804607217055610037222276897125660535867393387520758988742191975475097134159821776175469287214857624750265388130867415580412873925910271279382629434282479656095907178473638142326186864698341018602123575843883404208311798618679388046194707946385968872279636660172423920762823771748609336176990325713506490614247467311351878471253089939596514261196666267475682898635911908731494486904182965558798994916608466464004782386781525115550402067143147698500136991417807965993746533707493179716917949661657133802752099530380500629832889813766318693972247359960254936881029359545309059646697237241209564888106340558287762532356251637258398401846377922451692640383953053577384608293675046043906591724400907098081482508558109337883729893322775980233270148019416024194836854355986212330386751079897066437531206720139847788674454652536826169059736982479309839712946775980354134355139497105828903507866078114564099313317787443741699279748434354864282108704676095037950494415256286947674165215467011934336553759737348070667660729652527691915524397132869044793555135790945494632065951377818748685518516479034794485428017780031261929221756098004903764351710174074844549113456838125655876793700512133425260342617476046558297710108766178288887240737798673301869429288319632256269224724668118265584051039693265751490627862607736193791619996924278218459408639304584274718151680345670626647042637465459333318707082180800379032160407700099946372273650109970829696969322175580229736541987822471625057604097666274467304974823124064415536558817454629227310911087581946904520455445924560288173037899050385771129593893146284308657261004326107960933559964709592206298596961112903770872901440318443453171554758225380134568194504159026648154323501531880018861899217167303094558259573981342381830990525357646886212154509626273491764433578135680230268485973309763063753935018741388115359454941833970836305152734074505673796423449794831627213811331944435707956109414709408651771661558155162281828345864121923257396908138558521907693044066844381944344400836176940887335408175932108340927491158211920187826439457183894751945801208155053128226111876203662293316013857402850461225442249349855649160489	7034154424642401747454328459501917449685654526340289234293828087926975613698802301253003986901229215126768695382654920627455886105135280152035329700795293889355277633235554290181731583963896545283708550798937691796831540083280954013969081834852044711745750936591265486142590658887384357622867085996692586453058919153585952060415957522567566865538187811250229599842059880481947984178097859188998403958821704789800639826276154408227101968478017808199641072860113261734126894755184038936912559481727105509595689327789267565191530603413648113580189237367411627675879529633249741994303516453677678521324564605325119725927695831754611039798421122101506731220488066036713717120701411036794883397460722160843016800519444106049417607698006481489488044887841601323256331484690745258941581526519606958978860443069929836956667169284397933742977876404203492316561378378512861114766806421451715817991347590479744862529167279385737955575664607215557326053286007065520686985715251970094900983270412095636863724385260531498939160101374673001936655504838201190695877156813846818180809750971967347766702023915553428471354067020043870622223369932400826108969096396137275861123865322900846190642584620797339050084596458	1,-4,3,3,3,3,3,3,3,3,3,3	-4,3,3,3,3,3,3,3,3,3,3	ok
-1.955956	12.552553	-51.042502	0.706579	continued:5	24739664234858138982047535273920704865888201889876711837493816699690678265963591165069870505023217046633362579621148489165328977987949899797415602900085081435628786567950676391780949633448253616219680559998014214784634910618447122667639804607217055610037222276897125660535867393387520758988742191975475097134159821776175469287214857624750265388130867415580412873925910271279382629434282479656095907178473638142326186864698341018602123575843883404208311798618679388046194707946385968872279636660172423920762823771748609336176990325713506490614247467311351878471253089939596514261196666267475682898635077588364628629417296554229734815495315011752337585393015754405944996164827318009845582551593321289722257247006063686910061456841431892563940020873466746931070957111770150069590359792388197563206227771911411885143855184505614961998508226343153531223089971459935049708039359327667779120430067461929055441744031224422705223831560005091108633317128720548165517033711719448300771525660964913525817712220131912105082815080054605883136048554894173783193438041716508681297001277350562437894851607688119124032266056066591963623197071229719772200831481260746898621517899928612391918713268983151048632780119648896253765940151777173575597570025320253082336116946689981147789765900355562110523987436189411566954756946831913765892283629482126668117215787661175622538482371666841405595054624551275871666632475049764341931929868507018454948365774171910807496638367218687366613903751947086947394002612630474683257999387223688134848014104823955551645010680263372366206458226198558279883447844315148180302724249331888726196930807213187997142652942313186005148224878224024593537200103980637926868603500896185830904692094904758235554768415409124757267836161356776521732484146109863946926378105041694979170269733992817805415234240628485488200053302199364211031646323082439647263607276631895871769259044401451363766451126814443473134220489198884697731101960802990910300139680959518854832128513597114746389737973151315057975842081443516593123962467786526070102139874765749035637088432614260030772344792316488840415153698481155126035457741137680097748660410763036811870095293313414540437283852893333234643562710973384060038416228190613325616933189150517789061901654152308030489428549857055082465581427407486143000730202660813809057790100346399768338483335257539245860316494779637880208922066168766414992991208014608723526	7034154424642401747454328459501917449685654526340289234293828087926975613698802301253003986901229215126768695382654920627455886105135280152035329700795293889355277633235554290181731583963896545283708550798937691796831540083280954013969081834852044711745750936591265486142590658887384357622867085996692586453058919153585952060415957522567566865538187811250229599842059880481947984178097859188998403958821704789800639826276154408227101968478017808199641072860113261734126894755184038936912559481727105509595689327789267565191530603413648113580189237367411627675879529633249741994303516453677678521324564605325119725927695831754611039798421122101506731220488066036713717120701411036794883397460722160843016800519444106049417607698006481489488044887841601323256331484690745258941581526519606958978860443069929836956667169284397933742977876404203492316561378378512861114766806421451715817991347590479744862529167279385737955575664607215557326053286007065520686985715251970094900983270412095636863724385260531498939160101374673001936655504838201190695877156813846818180809750971967347766702023915553428471354067020043870622223369932400826108969096396137275861123865322900846190642584620797339050084596458	1,3,3,3,3,3,3,3,3,3,3,3	-4,3,3,3,3,3,3,3,3,3,3	ok
-1.951952	12.552553	-52.564475	0.703786	continued:5	24739664234858138982047535273920704865888201889876711837493816699690678265963591165069870505023217046633362579621148489165328977987949899797415602900085081435628786567950676391780949633448253616219680559998014214784634910618447122667639804607217055610037222276897125660535867393387520758988742191975475097134159821776175469287214857624750265388130867415580412873925910271279382629434282479656095907178473638142326186864698341018602123575843883404208311798618679388046194707946385968872279636660172423920762823771748609336176990325713506490614247467311351878471253089939596514261196666267475682898635077588364628629417296554229734815495315011752337585393015754405944996164827318009845582551593321289722257247006063686910061456841431892563940020873466746931070957111770150069590359792388197563206227771911411885143855184505614961998508226343153531223089971459935049708039359327667779120430067461929055441744031224422705223831560005091108633317128720548165517033711719448300771525660964913525817712220131912105082815080054605883136048554894173783193438041716508681297001277350562437894851607688119124032266056066591963623197071229719772200831481260746898621517899928612391918713268983151048632780119641862099341297750029719247138068107870567427809776657455687319701838924741863308222734432202510337739630178136531110971656173596021532837063752331474827244593016389208170040764442819691907770087191341213542994238071675478371667411760202828972644593655472936430022638265804496288506618255007607597261306800770629215694428152763539594122443113397834178395207996598716220002965896330970082443535250927929904492141006573361720988244715211217527130416678582951733423938369853743171684564563983626349177586585309068907765500850217594153854188047776587284365072518433984417293128363047391462716592055471493359419811107561342379892318778123925091563362374613867366678251457873793628074433727030300530950329229975263034924403251033542199868020318082547039853201861477386663713823422139778523859265843416231918568932910666969700151238740942339401304783089680591040988665406081595115408547281380162869428403417683884461842344285716707869589494202888211027076797507049117122865083118647547742153521842961992278245772944988321821569733799225419188854384961205608576158230616860757999397989539066443962861226899321589864179340820711868686349448121813826870507375443712146219837353948680559747483860596315536999095	7034154424642401747454328459501917449685654526340289234293828087926975613698802301253003986901229215126768695382654920627455886105135280152035329700795293889355277633235554290181731583963896545283708550798937691796831540083280954013969081834852044711745750936591265486142590658887384357622867085996692586453058919153585952060415957522567566865538187811250229599842059880481947984178097859188998403958821704789800639826276154408227101968478017808199641072860113261734126894755184038936912559481727105509595689327789267565191530603413648113580189237367411627675879529633249741994303516453677678521324564605325119725927695831754611039798421122101506731220488066036713717120701411036794883397460722160843016800519444106049417607698006481489488044887841601323256331484690745258941581526519606958978860443069929836956667169284397933742977876404203492316561378378512861114766806421451715817991347590479744862529167279385737955575664607215557326053286007065520686985715251970094900983270412095636863724385260531498939160101374673001936655504838201190695877156813846818180809750971967347766702023915553428471354067020043870622223369932400826108969096396137275861123865322900846190642584620797339050084596458	-1,3,3,3,3,3,3,3,3,3,3,3	-4,3,3,3,3,3,3,3,3,3,3	ok
-1.947948	12.552553	-53.727643	0.706579	continued:5	24739664234858138982047535273920704865888201889876711837493816699690678265963591165069870505023217046633362579621148489165328977987949899797415602900085081435628786567950676391780949633448253616219680559998014214784634910618447122667639804607217055610037222276897125660535867393387520758988742191975475097134159821776175469287214857624750265388130867415580412873925910271279382629434282479656095907178473638142326186864698341018602123575843883404208311798618679388046194707946385968872279636660172423920762823771748609336176990325713506490614247467311351878471253089939596514261196666267475682898635077588364628629417296554229734815495315011752337585393015754405944996164827318009845582551593321289722257247006063686910061456841431892563940020873466746931070957111770150069590359792388197563206227771911411885143855184505614961998508226343153531223089971459935049708039359327667779120430067461929055441744031224422705223831560005091108633317128720548165517033711719448300771525660964913525817712220131912105082815080054605883136048554894173783193438041716508681297001277350562437894851607688119124032266056066591963623197071229719772200831481260746898621517899928612391918713268983151048632780119648896253765940151777173575597570025320253082336116946689981147789765900355562110523987436189411566954756946831913765892283629482126668117215787661175622538482371666841405595054624551275871666632475049764341931929868507018454948365774171910807496638367218687366613903751947086947394002612630474683257999387223688134848014104823955551645010680263372366206458226198558279883447844315148180302724249331888726196930807213187997142652942313186005148224878224024593537200103980637926868603500896185830904692094904758235554768415409124757267836161356776521732484146109863946926378105041694979170269733992817805415234240628485488200053302199364211031646323082439647263607276631895871769259044401451363766451126814443473134220489198884697731101960802990910300139680959518854832128513597114746389737973151315057975842081443516593123962467786526070102139874765749035637088432614260030772344792316488840415153698481155126035457741137680097748660410763036811870095293313414540437283852893333234643562710973384060038416228190613325616933189150517789061901654152308030489428549857055082465581427407486143000730202660813809057790100346399768338483335257539245860316494779637880208922066168766414992991208014608723526	7034154424642401747454328459501917449685654526340289234293828087926975613698802301253003986901229215126768695382654920627455886105135280152035329700795293889355277633235554290181731583963896545283708550798937691796831540083280954013969081834852044711745750936591265486142590658887384357622867085996692586453058919153585952060415957522567566865538187811250229599842059880481947984178097859188998403958821704789800639826276154408227101968478017808199641072860113261734126894755184038936912559481727105509595689327789267565191530603413648113580189237367411627675879529633249741994303516453677678521324564605325119725927695831754611039798421122101506731220488066036713717120701411036794883397460722160843016800519444106049417607698006481489488044887841601323256331484690745258941581526519606958978860443069929836956667169284397933742977876404203492316561378378512861114766806421451715817991347590479744862529167279385737955575664607215557326053286007065520686985715251970094900983270412095636863724385260531498939160101374673001936655504838201190695877156813846818180809750971967347766702023915553428471354067020043870622223369932400826108969096396137275861123865322900846190642584620797339050084596458	1,3,3,3,3,3,3,3,3,3,3,3	-4,3,3,3,3,3,3,3,3,3,3	ok
-1.943944	12.552553	-54.515672	0.709372	full	24739664234858138982047535273920704865888201889876711837493816699690678265963591165069870505023217046633362579621148489165328977987949899797415602900085081435628786567950676391780949633448253616219680559998014214784634910618447122667639804607217055610037222276897125660535867393387520758988742191975475097134159821776175469287214857624750265388130867415580412873925910271279382629434282479656095907178473638142326186864698341018602123575843883404208311798618679388046194707946385968872279636660172423920762823771748609336176990325713506490614247467311351878471253089939596514261196666267475682898635077588364628629417296554229734815495315011752337585393015754405944996164827318009845582551593321289722257247006063686910061456841431892563940020873466746931070957111770150069590359792388197563206227771911411885143855184505614961998508226343153531223089971459935049708039359327667779120430067461929055441744031224422705223831560005091108633317128720548165517033711719448300771525660964913525817712220131912105082815080054605883136048554894173783193438041716508681297001277350562437894851607688119124032266056066591963623197071229719772200831481260746898621517899928612391918713268983151048632780119641862099341297750029719247138068107870567427809776657455687319701838924741863308222734432202510337739630178136531110971656173596021532837063752331474827244593016389208170040764442819691907770087191341213542994238071675478371667411760202828972644593655472936430022638265804496288506618255007607597261306800770629215694428152763539594122443113397834178395207996598716220002965896330970082443535250927929904492141006573361720988244715211217527130416678582951733423938369853743171684564563983626349177586585309068907765500850217594153854188047776587284365072518433984417293128363047391462716592055471493359419811107561342379892318778123925091563362374613867366678251457873793628074433727030300530950329229975263034924403251033542199868020318082547039853201861477386663713823422139778523859265843416231918568932910666969700151238740942339401304783089680591040988665406081595115408547281380162869428403417683884461842344285716707869589494202888211027076797507049117122865083118647547742153521842961992278245772944988321821569733799225419188854384961205608576158230616860757999397989539066443962861226899321589864179340820711868686349448121813826870507375443712146219837353948680559747483860596315536999095	7034154424642401747454328459501917449685654526340289234293828087926975613698802301253003986901229215126768695382654920627455886105135280152035329700795293889355277633235554290181731583963896545283708550798937691796831540083280954013969081834852044711745750936591265486142590658887384357622867085996692586453058919153585952060415957522567566865538187811250229599842059880481947984178097859188998403958821704789800639826276154408227101968478017808199641072860113261734126894755184038936912559481727105509595689327789267565191530603413648113580189237367411627675879529633249741994303516453677678521324564605325119725927695831754611039798421122101506731220488066036713717120701411036794883397460722160843016800519444106049417607698006481489488044887841601323256331484690745258941581526519606958978860443069929836956667169284397933742977876404203492316561378378512861114766806421451715817991347590479744862529167279385737955575664607215557326053286007065520686985715251970094900983270412095636863724385260531498939160101374673001936655504838201190695877156813846818180809750971967347766702023915553428471354067020043870622223369932400826108969096396137275861123865322900846190642584620797339050084596458	-1,3,3,3,3,3,3,3,3,3,3,3	-4,3,3,3,3,3,3,3,3,3,3	ok
-1.939940	12.552553	-44.157364	0.710391	continued:5	24739664234858138982047535273920704865888201889876711837493816699690678265963591165069870505023217046633362579621148489165328977987949899797415602900085081435628786567950676391780949633448253616219680559998014214784634910618447122667639804607217055610037222276897125660535867393387520758988742191975475097134159821776175469287214857624750265388130867415580412873925910271279382629434282479656095907178473638142326186864698341018602123575843883404208311798618679388046194707946385968872279636660172423920762823771748609336176990325713506490614247467311351878471253089939596514261196666267475682898635911908731494486904182965558798994916608466464004782386781525115550402067143147698500136991417807965993746533707493179716917949661657133802752099530380500629832889813766318693972247359960254936881029359545309059646697237241209564888106340558287762532356251637258398401846377922451692640383953053577384608293675046043906591724400907098081482508558109337883729893322775980233270148019416024194836854355986212330386751079897066437531206720139847788674454652536826169059736982479309839712946775980354134355139497105828903507866078114564099313317787443741699279748434354864282108704676095037950494415256279913519740573065264480008094257819898385013134389363293398087436470157255345991253882786958593402850824609123366030597889023148689350147865744701561133927866742727270528797419992343260585216911554417105077856008715301885177061663462077476462858064054432537950649472312530711210541903962009389183228032081665206664897453741205335533105295040870655603808746694678376399528157356600096620292491347266667825337847664819507042552673953698410554142599500458873512160388375843934941785283238667670254814882312875935729814830101082936701561175010484226299191405826953347781277837839952601004001768246038963608432573930659843433762138535244510236138902819376740445493927995875085597185924318020373412179279475426652652110652175962526870188022669538603266481900208623687377208471908361513031739967022363521387920595520690219042870111692530513888029374643363668890107460448648296947513567025570124011864462089108307137873348336550098131816234237505573927804266423748722240857444614507668501249462518298557443085332622984097295533465556585252188205865653686067187586989358760077584436208584341638903575604783448833759419413313272528575868807328944159129715738927801169450690956556659818640821452010805564564029	7034154424642401747454328459501917449685654526340289234293828087926975613698802301253003986901229215126768695382654920627455886105135280152035329700795293889355277633235554290181731583963896545283708550798937691796831540083280954013969081834852044711745750936591265486142590658887384357622867085996692586453058919153585952060415957522567566865538187811250229599842059880481947984178097859188998403958821704789800639826276154408227101968478017808199641072860113261734126894755184038936912559481727105509595689327789267565191530603413648113580189237367411627675879529633249741994303516453677678521324564605325119725927695831754611039798421122101506731220488066036713717120701411036794883397460722160843016800519444106049417607698006481489488044887841601323256331484690745258941581526519606958978860443069929836956667169284397933742977876404203492316561378378512861114766806421451715817991347590479744862529167279385737955575664607215557326053286007065520686985715251970094900983270412095636863724385260531498939160101374673001936655504838201190695877156813846818180809750971967347766702023915553428471354067020043870622223369932400826108969096396137275861123865322900846190642584620797339050084596458	-1,-4,3,3,3,3,3,3,3,3,3,3	-4,3,3,3,3,3,3,3,3,3,3	ok
-1.935936	12.552553	-46.982802	0.707598	continued:5	24739664234858138982047535273920704865888201889876711837493816699690678265963591165069870505023217046633362579621148489165328977987949899797415602900085081435628786567950676391780949633448253616219680559998014214784634910618447122667639804607217055610037222276897125660535867393387520758988742191975475097134159821776175469287214857624750265388130867415580412873925910271279382629434282479656095907178473638142326186864698341018602123575843883404208311798618679388046194707946385968872279636660172423920762823771748609336176990325713506490614247467311351878471253089939596514261196666267475682898635911908731494486904182965558798994916608466464004782386781525115550402067143147698500136991417807965993746533707493179716917949661657133802752099530380500629832889813766318693972247359960254936881029359545309059646697237241209564888106340558287762532356251637258398401846377922451692640383953053577384608293675046043906591724400907098081482508558109337883729893322775980233270148019416024194836854355986212330386751079897066437531206720139847788674454652536826169059736982479309839712946775980354134355139497105828903507866078114564099313317787443741699279748434354864282108704676095037950494415256272879365315930663517025679634755902448699358608049074059104259348543181641647188952629782971692173635697840427983375677261567262584214867713709371860338633977387449637293243129810611676621320366270708554278918316918470345093780709448108394628006019342686787014058206826388120551654519604386522097231339495212147745743867789144919575582727474005117415997496465078534339647675408615918522433302348862709003633057864179680766398265726596442076124791300817800652047126641717040186601244301755110773087776803280246402025562535891406098147526896904037061823994199277468251644588097958297487548090567517639043827248810933915737930383924204711815016801312645519957427891282157964895774887523136975951457118632409852132666546126544919172181541180050558378640298885367355892517726649419931505220360063384660944850665683733551873585713758787536011625171151047107511728947587533530141092115309752132664273982344245777970593962598594522467209018680179520641797200903061736525605474519606685230837366881434833057824801124044937194158792554648596683367664462990190030773142540579267833464241236574936879660051354977479692399369442650305205936406502835190033319601651940045585368055710469176056200654671755479967570	7034154424642401747454328459501917449685654526340289234293828087926975613698802301253003986901229215126768695382654920627455886105135280152035329700795293889355277633235554290181731583963896545283708550798937691796831540083280954013969081834852044711745750936591265486142590658887384357622867085996692586453058919153585952060415957522567566865538187811250229599842059880481947984178097859188998403958821704789800639826276154408227101968478017808199641072860113261734126894755184038936912559481727105509595689327789267565191530603413648113580189237367411627675879529633249741994303516453677678521324564605325119725927695831754611039798421122101506731220488066036713717120701411036794883397460722160843016800519444106049417607698006481489488044887841601323256331484690745258941581526519606958978860443069929836956667169284397933742977876404203492316561378378512861114766806421451715817991347590479744862529167279385737955575664607215557326053286007065520686985715251970094900983270412095636863724385260531498939160101374673001936655504838201190695877156813846818180809750971967347766702023915553428471354067020043870622223369932400826108969096396137275861123865322900846190642584620797339050084596458	0,-4,3,3,3,3,3,3,3,3,3,3	-4,3,3,3,3,3,3,3,3,3,3	ok
-1.931932	12.552553	-49.249622	0.704805	continued:5	24739664234858138982047535273920704865888201889876711837493816699690678265963591165069870505023217046633362579621148489165328977987949899797415602900085081435628786567950676391780949633448253616219680559998014214784634910618447122667639804607217055610037222276897125660535867393387520758988742191975475097134159821776175469287214857624750265388130867415580412873925910271279382629434282479656095907178473638142326186864698341018602123575843883404208311798618679388046194707946385968872279636660172423920762823771748609336176990325713506490614247467311351878471253089939596514261196666267475682898635911908731494486904182965558798994916608466464004782386781525115550402067143147698500136991417807965993746533707493179716917949661657133802752099530380500629832889813766318693972247359960254936881029359545309059646697237241209564888106340558287762532356251637258398401846377922451692640383953053577384608293675046043906591724400907098081482508558109337883729893322775980233270148019416024194836854355986212330386751079897066437531206720139847788674454652536826169059736982479309839712946775980354134355139497105828903507866078114564099313317787443741699279748434354864282108704676095037950494415256286947674165215467011934336553759737348070667660729652527691915524397132869044793555135790945494632065951377818748685518516479034794485428017780031261929221756098004903764351710174074844549113456838125655876793700512133425260342617476046558297710108766178288887240737798673301869429288319632256269224724668118265584051039693265751490627862607736193791619996924278218459408639304584274718151680345670626647042637465459333318707082180800379032160407700099946372273650109970829696969322175580229736541987822471625057604097666274467304974823124064415536558817454629227310911087581946904520455445924560288173037899050385771129593893146284308657261004326107960933559964709592206298596961112903770872901440318443453171554758225380134568194504159026648154323501531880018861899217167303094558259573981342381830990525357646886212154509626273491764433578135680230268485973309763063753935018741388115359454941833970836305152734074505673796423449794831627213811331944435707956109414709408651771661558155162281828345864121923257396908138558521907693044066844381944344400836176940887335408175932108340927491158211920187826439457183894751945801208155053128226111876203662293316013857402850461225442249349855649160489	7034154424642401747454328459501917449685654526340289234293828087926975613698802301253003986901229215126768695382654920627455886105135280152035329700795293889355277633235554290181731583963896545283708550798937691796831540083280954013969081834852044711745750936591265486142590658887384357622867085996692586453058919153585952060415957522567566865538187811250229599842059880481947984178097859188998403958821704789800639826276154408227101968478017808199641072860113261734126894755184038936912559481727105509595689327789267565191530603413648113580189237367411627675879529633249741994303516453677678521324564605325119725927695831754611039798421122101506731220488066036713717120701411036794883397460722160843016800519444106049417607698006481489488044887841601323256331484690745258941581526519606958978860443069929836956667169284397933742977876404203492316561378378512861114766806421451715817991347590479744862529167279385737955575664607215557326053286007065520686985715251970094900983270412095636863724385260531498939160101374673001936655504838201190695877156813846818180809750971967347766702023915553428471354067020043870622223369932400826108969096396137275861123865322900846190642584620797339050084596458	1,-4,3,3,3,3,3,3,3,3,3,3	-4,3,3,3,3,3,3,3,3,3,3	ok
-1.927928	12.552553	-51.125872	0.702011	continued:5	24739664234858138982047535273920704865888201889876711837493816699690678265963591165069870505023217046633362579621148489165328977987949899797415602900085081435628786567950676391780949633448253616219680559998014214784634910618447122667639804607217055610037222276897125660535867393387520758988742191975475097134159821776175469287214857624750265388130867415580412873925910271279382629434282479656095907178473638142326186864698341018602123575843883404208311798618679388046194707946385968872279636660172423920762823771748609336176990325713506490614247467311351878471253089939596514261196666267475682898635911908731494486904182965558798994916608466464004782386781525115550402067143147698500136991417807965993746533707493179716917949661657133802752099530380500629832889813766318693972247359960254936881029359545309059646697237241209564888106340558287762532356251637258398401846377922451692640383953053577384608293675046043906591724400907098081482508558109337883729893322775980233270148019416024194836854355986212330386751079897066437531206720139847788674454652536826169059736982479309839712946775980354134355139497105828903507866078114564099313317787443741699279748434354864282108704676095037950494415256286947674165215467011934336553759737348070667660729652527691915524397132869044793555135790945494632065951377818748685518516479034794485428017780031261929221756098004903764351710174074844549113456838125655876793700512133425260342617476046558297710108766178288887240737798673301869429288319632256269224724668118265584051039693265751490627862607736193791619996924278218459408639304584274718151680345670626647042637465459333318707082180800379032160407700099946372273650109970829696969322175580229736541987822471625057604097666274467304974823124064415536558817454629227310911087581946904520455445924560288173037899050385771129593893146284308657261004326107960933559964709592206298596961112903770872901440318443453171554758225380134568194504159026648154323501531880018861899217167303094558259573981342381830990525357646886212154509626273491764433578135680230268485973309763063753935018741388115359454941833970836305152734074505673796423449794831627213811331944435707956109414709408651771661558155162281828345864121923257396908138558521907693044066844381944344400836176940887335408175932108340927491158211920187826439457183894751945801208155053128226111876203662293316013857402850461225442249349855649160489	7034154424642401747454328459501917449685654526340289234293828087926975613698802301253003986901229215126768695382654920627455886105135280152035329700795293889355277633235554290181731583963896545283708550798937691796831540083280954013969081834852044711745750936591265486142590658887384357622867085996692586453058919153585952060415957522567566865538187811250229599842059880481947984178097859188998403958821704789800639826276154408227101968478017808199641072860113261734126894755184038936912559481727105509595689327789267565191530603413648113580189237367411627675879529633249741994303516453677678521324564605325119725927695831754611039798421122101506731220488066036713717120701411036794883397460722160843016800519444106049417607698006481489488044887841601323256331484690745258941581526519606958978860443069929836956667169284397933742977876404203492316561378378512861114766806421451715817991347590479744862529167279385737955575664607215557326053286007065520686985715251970094900983270412095636863724385260531498939160101374673001936655504838201190695877156813846818180809750971967347766702023915553428471354067020043870622223369932400826108969096396137275861123865322900846190642584620797339050084596458	1,-4,3,3,3,3,3,3,3,3,3,3	-4,3,3,3,3,3,3,3,3,3,3	ok
-1.923924	12.552553	-52.638533	0.699218	continued:5	24739664234858138982047535273920704865888201889876711837493816699690678265963591165069870505023217046633362579621148489165328977987949899797415602900085081435628786567950676391780949633448253616219680559998014214784634910618447122667639804607217055610037222276897125660535867393387520758988742191975475097134159821776175469287214857624750265388130867415580412873925910271279382629434282479656095907178473638142326186864698341018602123575843883404208311798618679388046194707946385968872279636660172423920762823771748609336176990325713506490614247467311351878471253089939596514261196666267475682898635077588364628629417296554229734815495315011752337585393015754405944996164827318009845582551593321289722257247006063686910061456841431892563940020873466746931070957111770150069590359792388197563206227771911411885143855184505614961998508226343153531223089971459935049708039359327667779120430067461929055441744031224422705223831560005091108633317128720548165517033711719448300771525660964913525817712220131912105082815080054605883136048554894173783193438041716508681297001277350562437894851607688119124032266056066591963623197071229719772200831481260746898621517899928612391918713268983151048632780119641862099341297750029719247138068107870567427809776657455687319701838924741863308222734432202510337739630178136531110971656173596021532837063752331474827244593016389208170040764442819691907770087191341213542994238071675478371667411760202828972644593655472936430022638265804496288506618255007607597261306800770629215694428152763539594122443113397834178395207996598716220002965896330970082443535250927929904492141006573361720988244715211217527130416678582951733423938369853743171684564563983626349177586585309068907765500850217594153854188047776587284365072518433984417293128363047391462716592055471493359419811107561342379892318778123925091563362374613867366678251457873793628074433727030300530950329229975263034924403251033542199868020318082547039853201861477386663713823422139778523859265843416231918568932910666969700151238740942339401304783089680591040988665406081595115408547281380162869428403417683884461842344285716707869589494202888211027076797507049117122865083118647547742153521842961992278245772944988321821569733799225419188854384961205608576158230616860757999397989539066443962861226899321589864179340820711868686349448121813826870507375443712146219837353948680559747483860596315536999095	7034154424642401747454328459501917449685654526340289234293828087926975613698802301253003986901229215126768695382654920627455886105135280152035329700795293889355277633235554290181731583963896545283708550798937691796831540083280954013969081834852044711745750936591265486142590658887384357622867085996692586453058919153585952060415957522567566865538187811250229599842059880481947984178097859188998403958821704789800639826276154408227101968478017808199641072860113261734126894755184038936912559481727105509595689327789267565191530603413648113580189237367411627675879529633249741994303516453677678521324564605325119725927695831754611039798421122101506731220488066036713717120701411036794883397460722160843016800519444106049417607698006481489488044887841601323256331484690745258941581526519606958978860443069929836956667169284397933742977876404203492316561378378512861114766806421451715817991347590479744862529167279385737955575664607215557326053286007065520686985715251970094900983270412095636863724385260531498939160101374673001936655504838201190695877156813846818180809750971967347766702023915553428471354067020043870622223369932400826108969096396137275861123865322900846190642584620797339050084596458	-1,3,3,3,3,3,3,3,3,3,3,3	-4,3,3,3,3,3,3,3,3,3,3	ok
-1.919920	12.552553	-53.787719	0.702011	continued:5	24739664234858138982047535273920704865888201889876711837493816699690678265963591165069870505023217046633362579621148489165328977987949899797415602900085081435628786567950676391780949633448253616219680559998014214784634910618447122667639804607217055610037222276897125660535867393387520758988742191975475097134159821776175469287214857624750265388130867415580412873925910271279382629434282479656095907178473638142326186864698341018602123575843883404208311798618679388046194707946385968872279636660172423920762823771748609336176990325713506490614247467311351878471253089939596514261196666267475682898635077588364628629417296554229734815495315011752337585393015754405944996164827318009845582551593321289722257247006063686910061456841431892563940020873466746931070957111770150069590359792388197563206227771911411885143855184505614961998508226343153531223089971459935049708039359327667779120430067461929055441744031224422705223831560005091108633317128720548165517033711719448300771525660964913525817712220131912105082815080054605883136048554894173783193438041716508681297001277350562437894851607688119124032266056066591963623197071229719772200831481260746898621517899928612391918713268983151048632780119648896253765940151777173575597570025320253082336116946689981147789765900355562110523987436189411566954756946831913765892283629482126668117215787661175622538482371666841405595054624551275871666632475049764341931929868507018454948365774171910807496638367218687366613903751947086947394002612630474683257999387223688134848014104823955551645010680263372366206458226198558279883447844315148180302724249331888726196930807213187997142652942313186005148224878224024593537200103980637926868603500896185830904692094904758235554768415409124757267836161356776521732484146109863946926378105041694979170269733992817805415234240628485488200053302199364211031646323082439647263607276631895871769259044401451363766451126814443473134220489198884697731101960802990910300139680959518854832128513597114746389737973151315057975842081443516593123962467786526070102139874765749035637088432614260030772344792316488840415153698481155126035457741137680097748660410763036811870095293313414540437283852893333234643562710973384060038416228190613325616933189150517789061901654152308030489428549857055082465581427407486143000730202660813809057790100346399768338483335257539245860316494779637880208922066168766414992991208014608723526	7034154424642401747454328459501917449685654526340289234293828087926975613698802301253003986901229215126768695382654920627455886105135280152035329700795293889355277633235554290181731583963896545283708550798937691796831540083280954013969081834852044711745750936591265486142590658887384357622867085996692586453058919153585952060415957522567566865538187811250229599842059880481947984178097859188998403958821704789800639826276154408227101968478017808199641072860113261734126894755184038936912559481727105509595689327789267565191530603413648113580189237367411627675879529633249741994303516453677678521324564605325119725927695831754611039798421122101506731220488066036713717120701411036794883397460722160843016800519444106049417607698006481489488044887841601323256331484690745258941581526519606958978860443069929836956667169284397933742977876404203492316561378378512861114766806421451715817991347590479744862529167279385737955575664607215557326053286007065520686985715251970094900983270412095636863724385260531498939160101374673001936655504838201190695877156813846818180809750971967347766702023915553428471354067020043870622223369932400826108969096396137275861123865322900846190642584620797339050084596458	1,3,3,3,3,3,3,3,3,3,3,3	-4,3,3,3,3,3,3,3,3,3,3	ok
-1.915916	12.552553	-54.562026	0.704805	full	24739664234858138982047535273920704865888201889876711837493816699690678265963591165069870505023217046633362579621148489165328977987949899797415602900085081435628786567950676391780949633448253616219680559998014214784634910618447122667639804607217055610037222276897125660535867393387520758988742191975475097134159821776175469287214857624750265388130867415580412873925910271279382629434282479656095907178473638142326186864698341018602123575843883404208311798618679388046194707946385968872279636660172423920762823771748609336176990325713506490614247467311351878471253089939596514261196666267475682898635077588364628629417296554229734815495315011752337585393015754405944996164827318009845582551593321289722257247006063686910061456841431892563940020873466746931070957111770150069590359792388197563206227771911411885143855184505614961998508226343153531223089971459935049708039359327667779120430067461929055441744031224422705223831560005091108633317128720548165517033711719448300771525660964913525817712220131912105082815080054605883136048554894173783193438041716508681297001277350562437894851607688119124032266056066591963623197071229719772200831481260746898621517899928612391918713268983151048632780119641862099341297750029719247138068107870567427809776657455687319701838924741863308222734432202510337739630178136531110971656173596021532837063752331474827244593016389208170040764442819691907770087191341213542994238071675478371667411760202828972644593655472936430022638265804496288506618255007607597261306800770629215694428152763539594122443113397834178395207996598716220002965896330970082443535250927929904492141006573361720988244715211217527130416678582951733423938369853743171684564563983626349177586585309068907765500850217594153854188047776587284365072518433984417293128363047391462716592055471493359419811107561342379892318778123925091563362374613867366678251457873793628074433727030300530950329229975263034924403251033542199868020318082547039853201861477386663713823422139778523859265843416231918568932910666969700151238740942339401304783089680591040988665406081595115408547281380162869428403417683884461842344285716707869589494202888211027076797507049117122865083118647547742153521842961992278245772944988321821569733799225419188854384961205608576158230616860757999397989539066443962861226899321589864179340820711868686349448121813826870507375443712146219837353948680559747483860596315536999095	7034154424642401747454328459501917449685654526340289234293828087926975613698802301253003986901229215126768695382654920627455886105135280152035329700795293889355277633235554290181731583963896545283708550798937691796831540083280954013969081834852044711745750936591265486142590658887384357622867085996692586453058919153585952060415957522567566865538187811250229599842059880481947984178097859188998403958821704789800639826276154408227101968478017808199641072860113261734126894755184038936912559481727105509595689327789267565191530603413648113580189237367411627675879529633249741994303516453677678521324564605325119725927695831754611039798421122101506731220488066036713717120701411036794883397460722160843016800519444106049417607698006481489488044887841601323256331484690745258941581526519606958978860443069929836956667169284397933742977876404203492316561378378512861114766806421451715817991347590479744862529167279385737955575664607215557326053286007065520686985715251970094900983270412095636863724385260531498939160101374673001936655504838201190695877156813846818180809750971967347766702023915553428471354067020043870622223369932400826108969096396137275861123865322900846190642584620797339050084596458	-1,3,3,3,3,3,3,3,3,3,3,3	-4,3,3,3,3,3,3,3,3,3,3	ok
-1.911912	12.552553	-44.227976	0.705821	continued:5	24739664234858138982047535273920704865888201889876711837493816699690678265963591165069870505023217046633362579621148489165328977987949899797415602900085081435628786567950676391780949633448253616219680559998014214784634910618447122667639804607217055610037222276897125660535867393387520758988742191975475097134159821776175469287214857624750265388130867415580412873925910271279382629434282479656095907178473638142326186864698341018602123575843883404208311798618679388046194707946385968872279636660172423920762823771748609336176990325713506490614247467311351878471253089939596514261196666267475682898635911908731494486904182965558798994916608466464004782386781525115550402067143147698500136991417807965993746533707493179716917949661657133802752099530380500629832889813766318693972247359960254936881029359545309059646697237241209564888106340558287762532356251637258398401846377922451692640383953053577384608293675046043906591724400907098081482508558109337883729893322775980233270148019416024194836854355986212330386751079897066437531206720139847788674454652536826169059736982479309839712946775980354134355139497105828903507866078114564099313317787443741699279748434354864282108704676095037950494415256279913519740573065264480008094257819898385013134389363293398087436470157255345991253882786958593402850824609123366030597889023148689350147865744701561133927866742727270528797419992343260585216911554417105077856008715301885177061663462077476462858064054432537950649472312530711210541903962009389183228032081665206664897453741205335533105295040870655603808746694678376399528157356600096620292491347266667825337847664819507042552673953698410554142599500458873512160388375843934941785283238667670254814882312875935729814830101082936701561175010484226299191405826953347781277837839952601004001768246038963608432573930659843433762138535244510236138902819376740445493927995875085597185924318020373412179279475426652652110652175962526870188022669538603266481900208623687377208471908361513031739967022363521387920595520690219042870111692530513888029374643363668890107460448648296947513567025570124011864462089108307137873348336550098131816234237505573927804266423748722240857444614507668501249462518298557443085332622984097295533465556585252188205865653686067187586989358760077584436208584341638903575604783448833759419413313272528575868807328944159129715738927801169450690956556659818640821452010805564564029	7034154424642401747454328459501917449685654526340289234293828087926975613698802301253003986901229215126768695382654920627455886105135280152035329700795293889355277633235554290181731583963896545283708550798937691796831540083280954013969081834852044711745750936591265486142590658887384357622867085996692586453058919153585952060415957522567566865538187811250229599842059880481947984178097859188998403958821704789800639826276154408227101968478017808199641072860113261734126894755184038936912559481727105509595689327789267565191530603413648113580189237367411627675879529633249741994303516453677678521324564605325119725927695831754611039798421122101506731220488066036713717120701411036794883397460722160843016800519444106049417607698006481489488044887841601323256331484690745258941581526519606958978860443069929836956667169284397933742977876404203492316561378378512861114766806421451715817991347590479744862529167279385737955575664607215557326053286007065520686985715251970094900983270412095636863724385260531498939160101374673001936655504838201190695877156813846818180809750971967347766702023915553428471354067020043870622223369932400826108969096396137275861123865322900846190642584620797339050084596458	-1,-4,3,3,3,3,3,3,3,3,3,3	-4,3,3,3,3,3,3,3,3,3,3	ok
-1.907908	12.552553	-47.066119	0.703028	continued:5	24739664234858138982047535273920704865888201889876711837493816699690678265963591165069870505023217046633362579621148489165328977987949899797415602900085081435628786567950676391780949633448253616219680559998014214784634910618447122667639804607217055610037222276897125660535867393387520758988742191975475097134159821776175469287214857624750265388130867415580412873925910271279382629434282479656095907178473638142326186864698341018602123575843883404208311798618679388046194707946385968872279636660172423920762823771748609336176990325713506490614247467311351878471253089939596514261196666267475682898635911908731494486904182965558798994916608466464004782386781525115550402067143147698500136991417807965993746533707493179716917949661657133802752099530380500629832889813766318693972247359960254936881029359545309059646697237241209564888106340558287762532356251637258398401846377922451692640383953053577384608293675046043906591724400907098081482508558109337883729893322775980233270148019416024194836854355986212330386751079897066437531206720139847788674454652536826169059736982479309839712946775980354134355139497105828903507866078114564099313317787443741699279748434354864282108704676095037950494415256272879365315930663517025679634755902448699358608049074059104259348543181641647188952629782971692173635697840427983375677261567262584214867713709371860338633977387449637293243129810611676621320366270708554278918316918470345093780709448108394628006019342686787014058206826388120551654519604386522097231339495212147745743867789144919575582727474005117415997496465078534339647675408615918522433302348862709003633057864179680766398265726596442076124791300817800652047126641717040186601244301755110773087776803280246402025562535891406098147526896904037061823994199277468251644588097958297487548090567517639043827248810933915737930383924204711815016801312645519957427891282157964895774887523136975951457118632409852132666546126544919172181541180050558378640298885367355892517726649419931505220360063384660944850665683733551873585713758787536011625171151047107511728947587533530141092115309752132664273982344245777970593962598594522467209018680179520641797200903061736525605474519606685230837366881434833057824801124044937194158792554648596683367664462990190030773142540579267833464241236574936879660051354977479692399369442650305205936406502835190033319601651940045585368055710469176056200654671755479967570	7034154424642401747454328459501917449685654526340289234293828087926975613698802301253003986901229215126768695382654920627455886105135280152035329700795293889355277633235554290181731583963896545283708550798937691796831540083280954013969081834852044711745750936591265486142590658887384357622867085996692586453058919153585952060415957522567566865538187811250229599842059880481947984178097859188998403958821704789800639826276154408227101968478017808199641072860113261734126894755184038936912559481727105509595689327789267565191530603413648113580189237367411627675879529633249741994303516453677678521324564605325119725927695831754611039798421122101506731220488066036713717120701411036794883397460722160843016800519444106049417607698006481489488044887841601323256331484690745258941581526519606958978860443069929836956667169284397933742977876404203492316561378378512861114766806421451715817991347590479744862529167279385737955575664607215557326053286007065520686985715251970094900983270412095636863724385260531498939160101374673001936655504838201190695877156813846818180809750971967347766702023915553428471354067020043870622223369932400826108969096396137275861123865322900846190642584620797339050084596458	0,-4,3,3,3,3,3,3,3,3,3,3	-4,3,3,3,3,3,3,3,3,3,3	ok
-1.903904	12.552553	-49.337248	0.700234	continued:5	24739664234858138982047535273920704865888201889876711837493816699690678265963591165069870505023217046633362579621148489165328977987949899797415602900085081435628786567950676391780949633448253616219680559998014214784634910618447122667639804607217055610037222276897125660535867393387520758988742191975475097134159821776175469287214857624750265388130867415580412873925910271279382629434282479656095907178473638142326186864698341018602123575843883404208311798618679388046194707946385968872279636660172423920762823771748609336176990325713506490614247467311351878471253089939596514261196666267475682898635911908731494486904182965558798994916608466464004782386781525115550402067143147698500136991417807965993746533707493179716917949661657133802752099530380500629832889813766318693972247359960254936881029359545309059646697237241209564888106340558287762532356251637258398401846377922451692640383953053577384608293675046043906591724400907098081482508558109337883729893322775980233270148019416024194836854355986212330386751079897066437531206720139847788674454652536826169059736982479309839712946775980354134355139497105828903507866078114564099313317787443741699279748434354864282108704676095037950494415256286947674165215467011934336553759737348070667660729652527691915524397132869044793555135790945494632065951377818748685518516479034794485428017780031261929221756098004903764351710174074844549113456838125655876793700512133425260342617476046558297710108766178288887240737798673301869429288319632256269224724668118265584051039693265751490627862607736193791619996924278218459408639304584274718151680345670626647042637465459333318707082180800379032160407700099946372273650109970829696969322175580229736541987822471625057604097666274467304974823124064415536558817454629227310911087581946904520455445924560288173037899050385771129593893146284308657261004326107960933559964709592206298596961112903770872901440318443453171554758225380134568194504159026648154323501531880018861899217167303094558259573981342381830990525357646886212154509626273491764433578135680230268485973309763063753935018741388115359454941833970836305152734074505673796423449794831627213811331944435707956109414709408651771661558155162281828345864121923257396908138558521907693044066844381944344400836176940887335408175932108340927491158211920187826439457183894751945801208155053128226111876203662293316013857402850461225442249349855649160489	7034154424642401747454328459501917449685654526340289234293828087926975613698802301253003986901229215126768695382654920627455886105135280152035329700795293889355277633235554290181731583963896545283708550798937691796831540083280954013969081834852044711745750936591265486142590658887384357622867085996692586453058919153585952060415957522567566865538187811250229599842059880481947984178097859188998403958821704789800639826276154408227101968478017808199641072860113261734126894755184038936912559481727105509595689327789267565191530603413648113580189237367411627675879529633249741994303516453677678521324564605325119725927695831754611039798421122101506731220488066036713717120701411036794883397460722160843016800519444106049417607698006481489488044887841601323256331484690745258941581526519606958978860443069929836956667169284397933742977876404203492316561378378512861114766806421451715817991347590479744862529167279385737955575664607215557326053286007065520686985715251970094900983270412095636863724385260531498939160101374673001936655504838201190695877156813846818180809750971967347766702023915553428471354067020043870622223369932400826108969096396137275861123865322900846190642584620797339050084596458	1,-4,3,3,3,3,3,3,3,3,3,3	-4,3,3,3,3,3,3,3,3,3,3	ok
-1.899900	12.552553	-51.209800	0.697441	continued:5	24739664234858138982047535273920704865888201889876711837493816699690678265963591165069870505023217046633362579621148489165328977987949899797415602900085081435628786567950676391780949633448253616219680559998014214784634910618447122667639804607217055610037222276897125660535867393387520758988742191975475097134159821776175469287214857624750265388130867415580412873925910271279382629434282479656095907178473638142326186864698341018602123575843883404208311798618679388046194707946385968872279636660172423920762823771748609336176990325713506490614247467311351878471253089939596514261196666267475682898635911908731494486904182965558798994916608466464004782386781525115550402067143147698500136991417807965993746533707493179716917949661657133802752099530380500629832889813766318693972247359960254936881029359545309059646697237241209564888106340558287762532356251637258398401846377922451692640383953053577384608293675046043906591724400907098081482508558109337883729893322775980233270148019416024194836854355986212330386751079897066437531206720139847788674454652536826169059736982479309839712946775980354134355139497105828903507866078114564099313317787443741699279748434354864282108704676095037950494415256286947674165215467011934336553759737348070667660729652527691915524397132869044793555135790945494632065951377818748685518516479034794485428017780031261929221756098004903764351710174074844549113456838125655876793700512133425260342617476046558297710108766178288887240737798673301869429288319632256269224724668118265584051039693265751490627862607736193791619996924278218459408639304584274718151680345670626647042637465459333318707082180800379032160407700099946372273650109970829696969322175580229736541987822471625057604097666274467304974823124064415536558817454629227310911087581946904520455445924560288173037899050385771129593893146284308657261004326107960933559964709592206298596961112903770872901440318443453171554758225380134568194504159026648154323501531880018861899217167303094558259573981342381830990525357646886212154509626273491764433578135680230268485973309763063753935018741388115359454941833970836305152734074505673796423449794831627213811331944435707956109414709408651771661558155162281828345864121923257396908138558521907693044066844381944344400836176940887335408175932108340927491158211920187826439457183894751945801208155053128226111876203662293316013857402850461225442249349855649160489	7034154424642401747454328459501917449685654526340289234293828087926975613698802301253003986901229215126768695382654920627455886105135280152035329700795293889355277633235554290181731583963896545283708550798937691796831540083280954013969081834852044711745750936591265486142590658887384357622867085996692586453058919153585952060415957522567566865538187811250229599842059880481947984178097859188998403958821704789800639826276154408227101968478017808199641072860113261734126894755184038936912559481727105509595689327789267565191530603413648113580189237367411627675879529633249741994303516453677678521324564605325119725927695831754611039798421122101506731220488066036713717120701411036794883397460722160843016800519444106049417607698006481489488044887841601323256331484690745258941581526519606958978860443069929836956667169284397933742977876404203492316561378378512861114766806421451715817991347590479744862529167279385737955575664607215557326053286007065520686985715251970094900983270412095636863724385260531498939160101374673001936655504838201190695877156813846818180809750971967347766702023915553428471354067020043870622223369932400826108969096396137275861123865322900846190642584620797339050084596458	1,-4,3,3,3,3,3,3,3,3,3,3	-4,3,3,3,3,3,3,3,3,3,3	ok
-1.895896	12.552553	-52.712841	0.694648	continued:5	24739664234858138982047535273920704865888201889876711837493816699690678265963591165069870505023217046633362579621148489165328977987949899797415602900085081435628786567950676391780949633448253616219680559998014214784634910618447122667639804607217055610037222276897125660535867393387520758988742191975475097134159821776175469287214857624750265388130867415580412873925910271279382629434282479656095907178473638142326186864698341018602123575843883404208311798618679388046194707946385968872279636660172423920762823771748609336176990325713506490614247467311351878471253089939596514261196666267475682898635077588364628629417296554229734815495315011752337585393015754405944996164827318009845582551593321289722257247006063686910061456841431892563940020873466746931070957111770150069590359792388197563206227771911411885143855184505614961998508226343153531223089971459935049708039359327667779120430067461929055441744031224422705223831560005091108633317128720548165517033711719448300771525660964913525817712220131912105082815080054605883136048554894173783193438041716508681297001277350562437894851607688119124032266056066591963623197071229719772200831481260746898621517899928612391918713268983151048632780119641862099341297750029719247138068107870567427809776657455687319701838924741863308222734432202510337739630178136531110971656173596021532837063752331474827244593016389208170040764442819691907770087191341213542994238071675478371667411760202828972644593655472936430022638265804496288506618255007607597261306800770629215694428152763539594122443113397834178395207996598716220002965896330970082443535250927929904492141006573361720988244715211217527130416678582951733423938369853743171684564563983626349177586585309068907765500850217594153854188047776587284365072518433984417293128363047391462716592055471493359419811107561342379892318778123925091563362374613867366678251457873793628074433727030300530950329229975263034924403251033542199868020318082547039853201861477386663713823422139778523859265843416231918568932910666969700151238740942339401304783089680591040988665406081595115408547281380162869428403417683884461842344285716707869589494202888211027076797507049117122865083118647547742153521842961992278245772944988321821569733799225419188854384961205608576158230616860757999397989539066443962861226899321589864179340820711868686349448121813826870507375443712146219837353948680559747483860596315536999095	7034154424642401747454328459501917449685654526340289234293828087926975613698802301253003986901229215126768695382654920627455886105135280152035329700795293889355277633235554290181731583963896545283708550798937691796831540083280954013969081834852044711745750936591265486142590658887384357622867085996692586453058919153585952060415957522567566865538187811250229599842059880481947984178097859188998403958821704789800639826276154408227101968478017808199641072860113261734126894755184038936912559481727105509595689327789267565191530603413648113580189237367411627675879529633249741994303516453677678521324564605325119725927695831754611039798421122101506731220488066036713717120701411036794883397460722160843016800519444106049417607698006481489488044887841601323256331484690745258941581526519606958978860443069929836956667169284397933742977876404203492316561378378512861114766806421451715817991347590479744862529167279385737955575664607215557326053286007065520686985715251970094900983270412095636863724385260531498939160101374673001936655504838201190695877156813846818180809750971967347766702023915553428471354067020043870622223369932400826108969096396137275861123865322900846190642584620797339050084596458	-1,3,3,3,3,3,3,3,3,3,3,3	-4,3,3,3,3,3,3,3,3,3,3	ok
-1.891892	12.552553	-53.847821	0.697441	continued:5	24739664234858138982047535273920704865888201889876711837493816699690678265963591165069870505023217046633362579621148489165328977987949899797415602900085081435628786567950676391780949633448253616219680559998014214784634910618447122667639804607217055610037222276897125660535867393387520758988742191975475097134159821776175469287214857624750265388130867415580412873925910271279382629434282479656095907178473638142326186864698341018602123575843883404208311798618679388046194707946385968872279636660172423920762823771748609336176990325713506490614247467311351878471253089939596514261196666267475682898635077588364628629417296554229734815495315011752337585393015754405944996164827318009845582551593321289722257247006063686910061456841431892563940020873466746931070957111770150069590359792388197563206227771911411885143855184505614961998508226343153531223089971459935049708039359327667779120430067461929055441744031224422705223831560005091108633317128720548165517033711719448300771525660964913525817712220131912105082815080054605883136048554894173783193438041716508681297001277350562437894851607688119124032266056066591963623197071229719772200831481260746898621517899928612391918713268983151048632780119648896253765940151777173575597570025320253082336116946689981147789765900355562110523987436189411566954756946831913765892283629482126668117215787661175622538482371666841405595054624551275871666632475049764341931929868507018454948365774171910807496638367218687366613903751947086947394002612630474683257999387223688134848014104823955551645010680263372366206458226198558279883447844315148180302724249331888726196930807213187997142652942313186005148224878224024593537200103980637926868603500896185830904692094904758235554768415409124757267836161356776521732484146109863946926378105041694979170269733992817805415234240628485488200053302199364211031646323082439647263607276631895871769259044401451363766451126814443473134220489198884697731101960802990910300139680959518854832128513597114746389737973151315057975842081443516593123962467786526070102139874765749035637088432614260030772344792316488840415153698481155126035457741137680097748660410763036811870095293313414540437283852893333234643562710973384060038416228190613325616933189150517789061901654152308030489428549857055082465581427407486143000730202660813809057790100346399768338483335257539245860316494779637880208922066168766414992991208014608723526	7034154424642401747454328459501917449685654526340289234293828087926975613698802301253003986901229215126768695382654920627455886105135280152035329700795293889355277633235554290181731583963896545283708550798937691796831540083280954013969081834852044711745750936591265486142590658887384357622867085996692586453058919153585952060415957522567566865538187811250229599842059880481947984178097859188998403958821704789800639826276154408227101968478017808199641072860113261734126894755184038936912559481727105509595689327789267565191530603413648113580189237367411627675879529633249741994303516453677678521324564605325119725927695831754611039798421122101506731220488066036713717120701411036794883397460722160843016800519444106049417607698006481489488044887841601323256331484690745258941581526519606958978860443069929836956667169284397933742977876404203492316561378378512861114766806421451715817991347590479744862529167279385737955575664607215557326053286007065520686985715251970094900983270412095636863724385260531498939160101374673001936655504838201190695877156813846818180809750971967347766702023915553428471354067020043870622223369932400826108969096396137275861123865322900846190642584620797339050084596458	1,3,3,3,3,3,3,3,3,3,3,3	-4,3,3,3,3,3,3,3,3,3,3	ok
-1.887888	12.552553	-54.608559	0.700234	full	24739664234858138982047535273920704865888201889876711837493816699690678265963591165069870505023217046633362579621148489165328977987949899797415602900085081435628786567950676391780949633448253616219680559998014214784634910618447122667639804607217055610037222276897125660535867393387520758988742191975475097134159821776175469287214857624750265388130867415580412873925910271279382629434282479656095907178473638142326186864698341018602123575843883404208311798618679388046194707946385968872279636660172423920762823771748609336176990325713506490614247467311351878471253089939596514261196666267475682898635077588364628629417296554229734815495315011752337585393015754405944996164827318009845582551593321289722257247006063686910061456841431892563940020873466746931070957111770150069590359792388197563206227771911411885143855184505614961998508226343153531223089971459935049708039359327667779120430067461929055441744031224422705223831560005091108633317128720548165517033711719448300771525660964913525817712220131912105082815080054605883136048554894173783193438041716508681297001277350562437894851607688119124032266056066591963623197071229719772200831481260746898621517899928612391918713268983151048632780119641862099341297750029719247138068107870567427809776657455687319701838924741863308222734432202510337739630178136531110971656173596021532837063752331474827244593016389208170040764442819691907770087191341213542994238071675478371667411760202828972644593655472936430022638265804496288506618255007607597261306800770629215694428152763539594122443113397834178395207996598716220002965896330970082443535250927929904492141006573361720988244715211217527130416678582951733423938369853743171684564563983626349177586585309068907765500850217594153854188047776587284365072518433984417293128363047391462716592055471493359419811107561342379892318778123925091563362374613867366678251457873793628074433727030300530950329229975263034924403251033542199868020318082547039853201861477386663713823422139778523859265843416231918568932910666969700151238740942339401304783089680591040988665406081595115408547281380162869428403417683884461842344285716707869589494202888211027076797507049117122865083118647547742153521842961992278245772944988321821569733799225419188854384961205608576158230616860757999397989539066443962861226899321589864179340820711868686349448121813826870507375443712146219837353948680559747483860596315536999095	7034154424642401747454328459501917449685654526340289234293828087926975613698802301253003986901229215126768695382654920627455886105135280152035329700795293889355277633235554290181731583963896545283708550798937691796831540083280954013969081834852044711745750936591265486142590658887384357622867085996692586453058919153585952060415957522567566865538187811250229599842059880481947984178097859188998403958821704789800639826276154408227101968478017808199641072860113261734126894755184038936912559481727105509595689327789267565191530603413648113580189237367411627675879529633249741994303516453677678521324564605325119725927695831754611039798421122101506731220488066036713717120701411036794883397460722160843016800519444106049417607698006481489488044887841601323256331484690745258941581526519606958978860443069929836956667169284397933742977876404203492316561378378512861114766806421451715817991347590479744862529167279385737955575664607215557326053286007065520686985715251970094900983270412095636863724385260531498939160101374673001936655504838201190695877156813846818180809750971967347766702023915553428471354067020043870622223369932400826108969096396137275861123865322900846190642584620797339050084596458	-1,3,3,3,3,3,3,3,3,3,3,3	-4,3,3,3,3,3,3,3,3,3,3	ok
-1.883884	12.552553	-44.100346	0.695660	continued:5	24739664234858138982047535273920704865888201889876711837493816699690678265963591165069870505023217046633362579621148489165328977987949899797415602900085081435628786567950676391780949633448253616219680559998014214784634910618447122667639804607217055610037222276897125660535867393387520758988742191975475097134159821776175469287214857624750265388130867415580412873925910271279382629434282479656095907178473638142326186864698341018602123575843883404208311798618679388046194707946385968872279636660172423920762823771748609336176990325713506490614247467311351878471253089939596514261196666267475682898635911908731494486904182965558798994916608466464004782386781525115550402067143147698500136991417807965993746533707493179716917949661657133802752099530380500629832889813766318693972247359960254936881029359545309059646697237241209564888106340558287762532356251637258398401846377922451692640383953053577384608293675046043906591724400907098081482508558109337883729893322775980233270148019416024194836854355986212330386751079897066437531206720139847788674454652536826169059736982479309839712946775980354134355139497105828903507866078114564099313317787443741699279748434354864282108704676095037950494415256286947674165215467011934336553759737348070667660729652527691915524397132869044793555135790945494632065951377818748685518516479034794485428017780031261929221756098004903764351710174074844549113456838125655876793700512133425260342617476046558297710108766178288887240737798673301869429288319632256269224724668118265584051039693265751490627862607736193791619996924278218459408639304584274718151680345670626647042637465459333318707082180800379032160407700099946372273650109970829696969322175580229736541987822471625057604097666274467304974823124064415536558817454629227310911087581946904520455445924560288173037899050385771129593893146284308657261004326107960933559964709592206298596961112903770872901440318443453171554758225380134568194504159026648154323501531880018861899217167303094558259573981342381830990525357646886212154509626273491764433578135680230268485973309763063753935018741388115359454941833970836305152734074505673796423449794831627213811331944435707956109414709408651771661558155162281828345864121923257396908138558521907693044066844381944344400836176940887335408175932108340927491158211920187826439457183894751945801208155053128226111876203662293316013857402850461225442249349855649160489	7034154424642401747454328459501917449685654526340289234293828087926975613698802301253003986901229215126768695382654920627455886105135280152035329700795293889355277633235554290181731583963896545283708550798937691796831540083280954013969081834852044711745750936591265486142590658887384357622867085996692586453058919153585952060415957522567566865538187811250229599842059880481947984178097859188998403958821704789800639826276154408227101968478017808199641072860113261734126894755184038936912559481727105509595689327789267565191530603413648113580189237367411627675879529633249741994303516453677678521324564605325119725927695831754611039798421122101506731220488066036713717120701411036794883397460722160843016800519444106049417607698006481489488044887841601323256331484690745258941581526519606958978860443069929836956667169284397933742977876404203492316561378378512861114766806421451715817991347590479744862529167279385737955575664607215557326053286007065520686985715251970094900983270412095636863724385260531498939160101374673001936655504838201190695877156813846818180809750971967347766702023915553428471354067020043870622223369932400826108969096396137275861123865322900846190642584620797339050084596458	1,-4,3,3,3,3,3,3,3,3,3,3	-4,3,3,3,3,3,3,3,3,3,3	ok
-1.879880	12.552553	-47.078656	0.692867	continued:5	24739664234858138982047535273920704865888201889876711837493816699690678265963591165069870505023217046633362579621148489165328977987949899797415602900085081435628786567950676391780949633448253616219680559998014214784634910618447122667639804607217055610037222276897125660535867393387520758988742191975475097134159821776175469287214857624750265388130867415580412873925910271279382629434282479656095907178473638142326186864698341018602123575843883404208311798618679388046194707946385968872279636660172423920762823771748609336176990325713506490614247467311351878471253089939596514261196666267475682898635911908731494486904182965558798994916608466464004782386781525115550402067143147698500136991417807965993746533707493179716917949661657133802752099530380500629832889813766318693972247359960254936881029359545309059646697237241209564888106340558287762532356251637258398401846377922451692640383953053577384608293675046043906591724400907098081482508558109337883729893322775980233270148019416024194836854355986212330386751079897066437531206720139847788674454652536826169059736982479309839712946775980354134355139497105828903507866078114564099313317787443741699279748434354864282108704676095037950494415256279913519740573065264480008094257819898385013134389363293398087436470157255345991253882786958593402850824609123366030597889023148689350147865744701561133927866742727270528797419992343260585216911554417105077856008715301885177061663462077476462858064054432537950649472312530711210541903962009389183228032081665206664897453741205335533105295040870655603808746694678376399528157356600096620292491347266667825337847664819507042552673953698410554142599500458873512160388375843934941785283238667670254814882312875935729814830101082936701561175010484226299191405826953347781277837839952601004001768246038963608432573930659843433762138535244510236138902819376740445493927995875085597185924318020373412179279475426652652110652175962526870188022669538603266481900208623687377208471908361513031739967022363521387920595520690219042870111692530513888029374643363668890107460448648296947513567025570124011864462089108307137873348336550098131816234237505573927804266423748722240857444614507668501249462518298557443085332622984097295533465556585252188205865653686067187586989358760077584436208584341638903575604783448833759419413313272528575868807328944159129715738927801169450690956556659818640821452010805564564029	7034154424642401747454328459501917449685654526340289234293828087926975613698802301253003986901229215126768695382654920627455886105135280152035329700795293889355277633235554290181731583963896545283708550798937691796831540083280954013969081834852044711745750936591265486142590658887384357622867085996692586453058919153585952060415957522567566865538187811250229599842059880481947984178097859188998403958821704789800639826276154408227101968478017808199641072860113261734126894755184038936912559481727105509595689327789267565191530603413648113580189237367411627675879529633249741994303516453677678521324564605325119725927695831754611039798421122101506731220488066036713717120701411036794883397460722160843016800519444106049417607698006481489488044887841601323256331484690745258941581526519606958978860443069929836956667169284397933742977876404203492316561378378512861114766806421451715817991347590479744862529167279385737955575664607215557326053286007065520686985715251970094900983270412095636863724385260531498939160101374673001936655504838201190695877156813846818180809750971967347766702023915553428471354067020043870622223369932400826108969096396137275861123865322900846190642584620797339050084596458	-1,-4,3,3,3,3,3,3,3,3,3,3	-4,3,3,3,3,3,3,3,3,3,3	ok
-1.875876	12.552553	-49.425719	0.695660	continued:5	24739664234858138982047535273920704865888201889876711837493816699690678265963591165069870505023217046633362579621148489165328977987949899797415602900085081435628786567950676391780949633448253616219680559998014214784634910618447122667639804607217055610037222276897125660535867393387520758988742191975475097134159821776175469287214857624750265388130867415580412873925910271279382629434282479656095907178473638142326186864698341018602123575843883404208311798618679388046194707946385968872279636660172423920762823771748609336176990325713506490614247467311351878471253089939596514261196666267475682898635911908731494486904182965558798994916608466464004782386781525115550402067143147698500136991417807965993746533707493179716917949661657133802752099530380500629832889813766318693972247359960254936881029359545309059646697237241209564888106340558287762532356251637258398401846377922451692640383953053577384608293675046043906591724400907098081482508558109337883729893322775980233270148019416024194836854355986212330386751079897066437531206720139847788674454652536826169059736982479309839712946775980354134355139497105828903507866078114564099313317787443741699279748434354864282108704676095037950494415256286947674165215467011934336553759737348070667660729652527691915524397132869044793555135790945494632065951377818748685518516479034794485428017780031261929221756098004903764351710174074844549113456838125655876793700512133425260342617476046558297710108766178288887240737798673301869429288319632256269224724668118265584051039693265751490627862607736193791619996924278218459408639304584274718151680345670626647042637465459333318707082180800379032160407700099946372273650109970829696969322175580229736541987822471625057604097666274467304974823124064415536558817454629227310911087581946904520455445924560288173037899050385771129593893146284308657261004326107960933559964709592206298596961112903770872901440318443453171554758225380134568194504159026648154323501531880018861899217167303094558259573981342381830990525357646886212154509626273491764433578135680230268485973309763063753935018741388115359454941833970836305152734074505673796423449794831627213811331944435707956109414709408651771661558155162281828345864121923257396908138558521907693044066844381944344400836176940887335408175932108340927491158211920187826439457183894751945801208155053128226111876203662293316013857402850461225442249349855649160489	7034154424642401747454328459501917449685654526340289234293828087926975613698802301253003986901229215126768695382654920627455886105135280152035329700795293889355277633235554290181731583963896545283708550798937691796831540083280954013969081834852044711745750936591265486142590658887384357622867085996692586453058919153585952060415957522567566865538187811250229599842059880481947984178097859188998403958821704789800639826276154408227101968478017808199641072860113261734126894755184038936912559481727105509595689327789267565191530603413648113580189237367411627675879529633249741994303516453677678521324564605325119725927695831754611039798421122101506731220488066036713717120701411036794883397460722160843016800519444106049417607698006481489488044887841601323256331484690745258941581526519606958978860443069929836956667169284397933742977876404203492316561378378512861114766806421451715817991347590479744862529167279385737955575664607215557326053286007065520686985715251970094900983270412095636863724385260531498939160101374673001936655504838201190695877156813846818180809750971967347766702023915553428471354067020043870622223369932400826108969096396137275861123865322900846190642584620797339050084596458	1,-4,3,3,3,3,3,3,3,3,3,3	-4,3,3,3,3,3,3,3,3,3,3	ok
-1.871872	12.552553	-51.294242	0.692867	continued:5	24739664234858138982047535273920704865888201889876711837493816699690678265963591165069870505023217046633362579621148489165328977987949899797415602900085081435628786567950676391780949633448253616219680559998014214784634910618447122667639804607217055610037222276897125660535867393387520758988742191975475097134159821776175469287214857624750265388130867415580412873925910271279382629434282479656095907178473638142326186864698341018602123575843883404208311798618679388046194707946385968872279636660172423920762823771748609336176990325713506490614247467311351878471253089939596514261196666267475682898635911908731494486904182965558798994916608466464004782386781525115550402067143147698500136991417807965993746533707493179716917949661657133802752099530380500629832889813766318693972247359960254936881029359545309059646697237241209564888106340558287762532356251637258398401846377922451692640383953053577384608293675046043906591724400907098081482508558109337883729893322775980233270148019416024194836854355986212330386751079897066437531206720139847788674454652536826169059736982479309839712946775980354134355139497105828903507866078114564099313317787443741699279748434354864282108704676095037950494415256286947674165215467011934336553759737348070667660729652527691915524397132869044793555135790945494632065951377818748685518516479034794485428017780031261929221756098004903764351710174074844549113456838125655876793700512133425260342617476046558297710108766178288887240737798673301869429288319632256269224724668118265584051039693265751490627862607736193791619996924278218459408639304584274718151680345670626647042637465459333318707082180800379032160407700099946372273650109970829696969322175580229736541987822471625057604097666274467304974823124064415536558817454629227310911087581946904520455445924560288173037899050385771129593893146284308657261004326107960933559964709592206298596961112903770872901440318443453171554758225380134568194504159026648154323501531880018861899217167303094558259573981342381830990525357646886212154509626273491764433578135680230268485973309763063753935018741388115359454941833970836305152734074505673796423449794831627213811331944435707956109414709408651771661558155162281828345864121923257396908138558521907693044066844381944344400836176940887335408175932108340927491158211920187826439457183894751945801208155053128226111876203662293316013857402850461225442249349855649160489	7034154424642401747454328459501917449685654526340289234293828087926975613698802301253003986901229215126768695382654920627455886105135280152035329700795293889355277633235554290181731583963896545283708550798937691796831540083280954013969081834852044711745750936591265486142590658887384357622867085996692586453058919153585952060415957522567566865538187811250229599842059880481947984178097859188998403958821704789800639826276154408227101968478017808199641072860113261734126894755184038936912559481727105509595689327789267565191530603413648113580189237367411627675879529633249741994303516453677678521324564605325119725927695831754611039798421122101506731220488066036713717120701411036794883397460722160843016800519444106049417607698006481489488044887841601323256331484690745258941581526519606958978860443069929836956667169284397933742977876404203492316561378378512861114766806421451715817991347590479744862529167279385737955575664607215557326053286007065520686985715251970094900983270412095636863724385260531498939160101374673001936655504838201190695877156813846818180809750971967347766702023915553428471354067020043870622223369932400826108969096396137275861123865322900846190642584620797339050084596458	1,-4,3,3,3,3,3,3,3,3,3,3	-4,3,3,3,3,3,3,3,3,3,3	ok
-1.867868	12.552553	-52.787366	0.690074	continued:5	24739664234858138982047535273920704865888201889876711837493816699690678265963591165069870505023217046633362579621148489165328977987949899797415602900085081435628786567950676391780949633448253616219680559998014214784634910618447122667639804607217055610037222276897125660535867393387520758988742191975475097134159821776175469287214857624750265388130867415580412873925910271279382629434282479656095907178473638142326186864698341018602123575843883404208311798618679388046194707946385968872279636660172423920762823771748609336176990325713506490614247467311351878471253089939596514261196666267475682898635077588364628629417296554229734815495315011752337585393015754405944996164827318009845582551593321289722257247006063686910061456841431892563940020873466746931070957111770150069590359792388197563206227771911411885143855184505614961998508226343153531223089971459935049708039359327667779120430067461929055441744031224422705223831560005091108633317128720548165517033711719448300771525660964913525817712220131912105082815080054605883136048554894173783193438041716508681297001277350562437894851607688119124032266056066591963623197071229719772200831481260746898621517899928612391918713268983151048632780119641862099341297750029719247138068107870567427809776657455687319701838924741863308222734432202510337739630178136531110971656173596021532837063752331474827244593016389208170040764442819691907770087191341213542994238071675478371667411760202828972644593655472936430022638265804496288506618255007607597261306800770629215694428152763539594122443113397834178395207996598716220002965896330970082443535250927929904492141006573361720988244715211217527130416678582951733423938369853743171684564563983626349177586585309068907765500850217594153854188047776587284365072518433984417293128363047391462716592055471493359419811107561342379892318778123925091563362374613867366678251457873793628074433727030300530950329229975263034924403251033542199868020318082547039853201861477386663713823422139778523859265843416231918568932910666969700151238740942339401304783089680591040988665406081595115408547281380162869428403417683884461842344285716707869589494202888211027076797507049117122865083118647547742153521842961992278245772944988321821569733799225419188854384961205608576158230616860757999397989539066443962861226899321589864179340820711868686349448121813826870507375443712146219837353948680559747483860596315536999095	7034154424642401747454328459501917449685654526340289234293828087926975613698802301253003986901229215126768695382654920627455886105135280152035329700795293889355277633235554290181731583963896545283708550798937691796831540083280954013969081834852044711745750936591265486142590658887384357622867085996692586453058919153585952060415957522567566865538187811250229599842059880481947984178097859188998403958821704789800639826276154408227101968478017808199641072860113261734126894755184038936912559481727105509595689327789267565191530603413648113580189237367411627675879529633249741994303516453677678521324564605325119725927695831754611039798421122101506731220488066036713717120701411036794883397460722160843016800519444106049417607698006481489488044887841601323256331484690745258941581526519606958978860443069929836956667169284397933742977876404203492316561378378512861114766806421451715817991347590479744862529167279385737955575664607215557326053286007065520686985715251970094900983270412095636863724385260531498939160101374673001936655504838201190695877156813846818180809750971967347766702023915553428471354067020043870622223369932400826108969096396137275861123865322900846190642584620797339050084596458	-1,3,3,3,3,3,3,3,3,3,3,3	-4,3,3,3,3,3,3,3,3,3,3	ok
-1.863864	12.552553	-53.907940	0.692867	continued:5	24739664234858138982047535273920704865888201889876711837493816699690678265963591165069870505023217046633362579621148489165328977987949899797415602900085081435628786567950676391780949633448253616219680559998014214784634910618447122667639804607217055610037222276897125660535867393387520758988742191975475097134159821776175469287214857624750265388130867415580412873925910271279382629434282479656095907178473638142326186864698341018602123575843883404208311798618679388046194707946385968872279636660172423920762823771748609336176990325713506490614247467311351878471253089939596514261196666267475682898635077588364628629417296554229734815495315011752337585393015754405944996164827318009845582551593321289722257247006063686910061456841431892563940020873466746931070957111770150069590359792388197563206227771911411885143855184505614961998508226343153531223089971459935049708039359327667779120430067461929055441744031224422705223831560005091108633317128720548165517033711719448300771525660964913525817712220131912105082815080054605883136048554894173783193438041716508681297001277350562437894851607688119124032266056066591963623197071229719772200831481260746898621517899928612391918713268983151048632780119648896253765940151777173575597570025320253082336116946689981147789765900355562110523987436189411566954756946831913765892283629482126668117215787661175622538482371666841405595054624551275871666632475049764341931929868507018454948365774171910807496638367218687366613903751947086947394002612630474683257999387223688134848014104823955551645010680263372366206458226198558279883447844315148180302724249331888726196930807213187997142652942313186005148224878224024593537200103980637926868603500896185830904692094904758235554768415409124757267836161356776521732484146109863946926378105041694979170269733992817805415234240628485488200053302199364211031646323082439647263607276631895871769259044401451363766451126814443473134220489198884697731101960802990910300139680959518854832128513597114746389737973151315057975842081443516593123962467786526070102139874765749035637088432614260030772344792316488840415153698481155126035457741137680097748660410763036811870095293313414540437283852893333234643562710973384060038416228190613325616933189150517789061901654152308030489428549857055082465581427407486143000730202660813809057790100346399768338483335257539245860316494779637880208922066168766414992991208014608723526	7034154424642401747454328459501917449685654526340289234293828087926975613698802301253003986901229215126768695382654920627455886105135280152035329700795293889355277633235554290181731583963896545283708550798937691796831540083280954013969081834852044711745750936591265486142590658887384357622867085996692586453058919153585952060415957522567566865538187811250229599842059880481947984178097859188998403958821704789800639826276154408227101968478017808199641072860113261734126894755184038936912559481727105509595689327789267565191530603413648113580189237367411627675879529633249741994303516453677678521324564605325119725927695831754611039798421122101506731220488066036713717120701411036794883397460722160843016800519444106049417607698006481489488044887841601323256331484690745258941581526519606958978860443069929836956667169284397933742977876404203492316561378378512861114766806421451715817991347590479744862529167279385737955575664607215557326053286007065520686985715251970094900983270412095636863724385260531498939160101374673001936655504838201190695877156813846818180809750971967347766702023915553428471354067020043870622223369932400826108969096396137275861123865322900846190642584620797339050084596458	1,3,3,3,3,3,3,3,3,3,3,3	-4,3,3,3,3,3,3,3,3,3,3	ok
-1.859860	12.552553	-54.655293	0.695660	full	24739664234858138982047535273920704865888201889876711837493816699690678265963591165069870505023217046633362579621148489165328977987949899797415602900085081435628786567950676391780949633448253616219680559998014214784634910618447122667639804607217055610037222276897125660535867393387520758988742191975475097134159821776175469287214857624750265388130867415580412873925910271279382629434282479656095907178473638142326186864698341018602123575843883404208311798618679388046194707946385968872279636660172423920762823771748609336176990325713506490614247467311351878471253089939596514261196666267475682898635077588364628629417296554229734815495315011752337585393015754405944996164827318009845582551593321289722257247006063686910061456841431892563940020873466746931070957111770150069590359792388197563206227771911411885143855184505614961998508226343153531223089971459935049708039359327667779120430067461929055441744031224422705223831560005091108633317128720548165517033711719448300771525660964913525817712220131912105082815080054605883136048554894173783193438041716508681297001277350562437894851607688119124032266056066591963623197071229719772200831481260746898621517899928612391918713268983151048632780119641862099341297750029719247138068107870567427809776657455687319701838924741863308222734432202510337739630178136531110971656173596021532837063752331474827244593016389208170040764442819691907770087191341213542994238071675478371667411760202828972644593655472936430022638265804496288506618255007607597261306800770629215694428152763539594122443113397834178395207996598716220002965896330970082443535250927929904492141006573361720988244715211217527130416678582951733423938369853743171684564563983626349177586585309068907765500850217594153854188047776587284365072518433984417293128363047391462716592055471493359419811107561342379892318778123925091563362374613867366678251457873793628074433727030300530950329229975263034924403251033542199868020318082547039853201861477386663713823422139778523859265843416231918568932910666969700151238740942339401304783089680591040988665406081595115408547281380162869428403417683884461842344285716707869589494202888211027076797507049117122865083118647547742153521842961992278245772944988321821569733799225419188854384961205608576158230616860757999397989539066443962861226899321589864179340820711868686349448121813826870507375443712146219837353948680559747483860596315536999095	7034154424642401747454328459501917449685654526340289234293828087926975613698802301253003986901229215126768695382654920627455886105135280152035329700795293889355277633235554290181731583963896545283708550798937691796831540083280954013969081834852044711745750936591265486142590658887384357622867085996692586453058919153585952060415957522567566865538187811250229599842059880481947984178097859188998403958821704789800639826276154408227101968478017808199641072860113261734126894755184038936912559481727105509595689327789267565191530603413648113580189237367411627675879529633249741994303516453677678521324564605325119725927695831754611039798421122101506731220488066036713717120701411036794883397460722160843016800519444106049417607698006481489488044887841601323256331484690745258941581526519606958978860443069929836956667169284397933742977876404203492316561378378512861114766806421451715817991347590479744862529167279385737955575664607215557326053286007065520686985715251970094900983270412095636863724385260531498939160101374673001936655504838201190695877156813846818180809750971967347766702023915553428471354067020043870622223369932400826108969096396137275861123865322900846190642584620797339050084596458	-1,3,3,3,3,3,3,3,3,3,3,3	-4,3,3,3,3,3,3,3,3,3,3	ok
-1.855856	12.552553	-44.178910	0.691210	continued:5	24739664234858138982047535273920704865888201889876711837493816699690678265963591165069870505023217046633362579621148489165328977987949899797415602900085081435628786567950676391780949633448253616219680559998014214784634910618447122667639804607217055610037222276897125660535867393387520758988742191975475097134159821776175469287214857624750265388130867415580412873925910271279382629434282479656095907178473638142326186864698341018602123575843883404208311798618679388046194707946385968872279636660172423920762823771748609336176990325713506490614247467311351878471253089939596514261196666267475682898635911908731494486904182965558798994916608466464004782386781525115550402067143147698500136991417807965993746533707493179716917949661657133802752099530380500629832889813766318693972247359960254936881029359545309059646697237241209564888106340558287762532356251637258398401846377922451692640383953053577384608293675046043906591724400907098081482508558109337883729893322775980233270148019416024194836854355986212330386751079897066437531206720139847788674454652536826169059736982479309839712946775980354134355139497105828903507866078114564099313317787443741699279748434354864282108704676095037950494415256286947674165215467011934336553759737348070667660729652527691915524397132869044793555135790945494632065951377818748685518516479034794485428017780031261929221756098004903764351710174074844549113456838125655876793700512133425260342617476046558297710108766178288887240737798673301869429288319632256269224724668118265584051039693265751490627862607736193791619996924278218459408639304584274718151680345670626647042637465459333318707082180800379032160407700099946372273650109970829696969322175580229736541987822471625057604097666274467304974823124064415536558817454629227310911087581946904520455445924560288173037899050385771129593893146284308657261004326107960933559964709592206298596961112903770872901440318443453171554758225380134568194504159026648154323501531880018861899217167303094558259573981342381830990525357646886212154509626273491764433578135680230268485973309763063753935018741388115359454941833970836305152734074505673796423449794831627213811331944435707956109414709408651771661558155162281828345864121923257396908138558521907693044066844381944344400836176940887335408175932108340927491158211920187826439457183894751945801208155053128226111876203662293316013857402850461225442249349855649160489	7034154424642401747454328459501917449685654526340289234293828087926975613698802301253003986901229215126768695382654920627455886105135280152035329700795293889355277633235554290181731583963896545283708550798937691796831540083280954013969081834852044711745750936591265486142590658887384357622867085996692586453058919153585952060415957522567566865538187811250229599842059880481947984178097859188998403958821704789800639826276154408227101968478017808199641072860113261734126894755184038936912559481727105509595689327789267565191530603413648113580189237367411627675879529633249741994303516453677678521324564605325119725927695831754611039798421122101506731220488066036713717120701411036794883397460722160843016800519444106049417607698006481489488044887841601323256331484690745258941581526519606958978860443069929836956667169284397933742977876404203492316561378378512861114766806421451715817991347590479744862529167279385737955575664607215557326053286007065520686985715251970094900983270412095636863724385260531498939160101374673001936655504838201190695877156813846818180809750971967347766702023915553428471354067020043870622223369932400826108969096396137275861123865322900846190642584620797339050084596458	1,-4,3,3,3,3,3,3,3,3,3,3	-4,3,3,3,3,3,3,3,3,3,3	ok
-1.851852	12.552553	-47.165824	0.688417	continued:5	24739664234858138982047535273920704865888201889876711837493816699690678265963591165069870505023217046633362579621148489165328977987949899797415602900085081435628786567950676391780949633448253616219680559998014214784634910618447122667639804607217055610037222276897125660535867393387520758988742191975475097134159821776175469287214857624750265388130867415580412873925910271279382629434282479656095907178473638142326186864698341018602123575843883404208311798618679388046194707946385968872279636660172423920762823771748609336176990325713506490614247467311351878471253089939596514261196666267475682898635911908731494486904182965558798994916608466464004782386781525115550402067143147698500136991417807965993746533707493179716917949661657133802752099530380500629832889813766318693972247359960254936881029359545309059646697237241209564888106340558287762532356251637258398401846377922451692640383953053577384608293675046043906591724400907098081482508558109337883729893322775980233270148019416024194836854355986212330386751079897066437531206720139847788674454652536826169059736982479309839712946775980354134355139497105828903507866078114564099313317787443741699279748434354864282108704676095037950494415256279913519740573065264480008094257819898385013134389363293398087436470157255345991253882786958593402850824609123366030597889023148689350147865744701561133927866742727270528797419992343260585216911554417105077856008715301885177061663462077476462858064054432537950649472312530711210541903962009389183228032081665206664897453741205335533105295040870655603808746694678376399528157356600096620292491347266667825337847664819507042552673953698410554142599500458873512160388375843934941785283238667670254814882312875935729814830101082936701561175010484226299191405826953347781277837839952601004001768246038963608432573930659843433762138535244510236138902819376740445493927995875085597185924318020373412179279475426652652110652175962526870188022669538603266481900208623687377208471908361513031739967022363521387920595520690219042870111692530513888029374643363668890107460448648296947513567025570124011864462089108307137873348336550098131816234237505573927804266423748722240857444614507668501249462518298557443085332622984097295533465556585252188205865653686067187586989358760077584436208584341638903575604783448833759419413313272528575868807328944159129715738927801169450690956556659818640821452010805564564029	7034154424642401747454328459501917449685654526340289234293828087926975613698802301253003986901229215126768695382654920627455886105135280152035329700795293889355277633235554290181731583963896545283708550798937691796831540083280954013969081834852044711745750936591265486142590658887384357622867085996692586453058919153585952060415957522567566865538187811250229599842059880481947984178097859188998403958821704789800639826276154408227101968478017808199641072860113261734126894755184038936912559481727105509595689327789267565191530603413648113580189237367411627675879529633249741994303516453677678521324564605325119725927695831754611039798421122101506731220488066036713717120701411036794883397460722160843016800519444106049417607698006481489488044887841601323256331484690745258941581526519606958978860443069929836956667169284397933742977876404203492316561378378512861114766806421451715817991347590479744862529167279385737955575664607215557326053286007065520686985715251970094900983270412095636863724385260531498939160101374673001936655504838201190695877156813846818180809750971967347766702023915553428471354067020043870622223369932400826108969096396137275861123865322900846190642584620797339050084596458	-1,-4,3,3,3,3,3,3,3,3,3,3	-4,3,3,3,3,3,3,3,3,3,3	ok
-1.847848	12.552553	-49.514958	0.691082	continued:5	24739664234858138982047535273920704865888201889876711837493816699690678265963591165069870505023217046633362579621148489165328977987949899797415602900085081435628786567950676391780949633448253616219680559998014214784634910618447122667639804607217055610037222276897125660535867393387520758988742191975475097134159821776175469287214857624750265388130867415580412873925910271279382629434282479656095907178473638142326186864698341018602123575843883404208311798618679388046194707946385968872279636660172423920762823771748609336176990325713506490614247467311351878471253089939596514261196666267475682898635911908731494486904182965558798994916608466464004782386781525115550402067143147698500136991417807965993746533707493179716917949661657133802752099530380500629832889813766318693972247359960254936881029359545309059646697237241209564888106340558287762532356251637258398401846377922451692640383953053577384608293675046043906591724400907098081482508558109337883729893322775980233270148019416024194836854355986212330386751079897066437531206720139847788674454652536826169059736982479309839712946775980354134355139497105828903507866078114564099313317787443741699279748434354864282108704676095037950494415256286947674165215467011934336553759737348070667660729652527691915524397132869044793555135790945494632065951377818748685518516479034794485428017780031261929221756098004903764351710174074844549113456838125655876793700512133425260342617476046558297710108766178288887240737798673301869429288319632256269224724668118265584051039693265751490627862607736193791619996924278218459408639304584274718151680345670626647042637465459333318707082180800379032160407700099946372273650109970829696969322175580229736541987822471625057604097666274467304974823124064415536558817454629227310911087581946904520455445924560288173037899050385771129593893146284308657261004326107960933559964709592206298596961112903770872901440318443453171554758225380134568194504159026648154323501531880018861899217167303094558259573981342381830990525357646886212154509626273491764433578135680230268485973309763063753935018741388115359454941833970836305152734074505673796423449794831627213811331944435707956109414709408651771661558155162281828345864121923257396908138558521907693044066844381944344400836176940887335408175932108340927491158211920187826439457183894751945801208155053128226111876203662293316013857402850461225442249349855649160489	7034154424642401747454328459501917449685654526340289234293828087926975613698802301253003986901229215126768695382654920627455886105135280152035329700795293889355277633235554290181731583963896545283708550798937691796831540083280954013969081834852044711745750936591265486142590658887384357622867085996692586453058919153585952060415957522567566865538187811250229599842059880481947984178097859188998403958821704789800639826276154408227101968478017808199641072860113261734126894755184038936912559481727105509595689327789267565191530603413648113580189237367411627675879529633249741994303516453677678521324564605325119725927695831754611039798421122101506731220488066036713717120701411036794883397460722160843016800519444106049417607698006481489488044887841601323256331484690745258941581526519606958978860443069929836956667169284397933742977876404203492316561378378512861114766806421451715817991347590479744862529167279385737955575664607215557326053286007065520686985715251970094900983270412095636863724385260531498939160101374673001936655504838201190695877156813846818180809750971967347766702023915553428471354067020043870622223369932400826108969096396137275861123865322900846190642584620797339050084596458	1,-4,3,3,3,3,3,3,3,3,3,3	-4,3,3,3,3,3,3,3,3,3,3	ok
-1.843844	12.552553	-51.379146	0.688289	continued:5	24739664234858138982047535273920704865888201889876711837493816699690678265963591165069870505023217046633362579621148489165328977987949899797415602900085081435628786567950676391780949633448253616219680559998014214784634910618447122667639804607217055610037222276897125660535867393387520758988742191975475097134159821776175469287214857624750265388130867415580412873925910271279382629434282479656095907178473638142326186864698341018602123575843883404208311798618679388046194707946385968872279636660172423920762823771748609336176990325713506490614247467311351878471253089939596514261196666267475682898635911908731494486904182965558798994916608466464004782386781525115550402067143147698500136991417807965993746533707493179716917949661657133802752099530380500629832889813766318693972247359960254936881029359545309059646697237241209564888106340558287762532356251637258398401846377922451692640383953053577384608293675046043906591724400907098081482508558109337883729893322775980233270148019416024194836854355986212330386751079897066437531206720139847788674454652536826169059736982479309839712946775980354134355139497105828903507866078114564099313317787443741699279748434354864282108704676095037950494415256286947674165215467011934336553759737348070667660729652527691915524397132869044793555135790945494632065951377818748685518516479034794485428017780031261929221756098004903764351710174074844549113456838125655876793700512133425260342617476046558297710108766178288887240737798673301869429288319632256269224724668118265584051039693265751490627862607736193791619996924278218459408639304584274718151680345670626647042637465459333318707082180800379032160407700099946372273650109970829696969322175580229736541987822471625057604097666274467304974823124064415536558817454629227310911087581946904520455445924560288173037899050385771129593893146284308657261004326107960933559964709592206298596961112903770872901440318443453171554758225380134568194504159026648154323501531880018861899217167303094558259573981342381830990525357646886212154509626273491764433578135680230268485973309763063753935018741388115359454941833970836305152734074505673796423449794831627213811331944435707956109414709408651771661558155162281828345864121923257396908138558521907693044066844381944344400836176940887335408175932108340927491158211920187826439457183894751945801208155053128226111876203662293316013857402850461225442249349855649160489	7034154424642401747454328459501917449685654526340289234293828087926975613698802301253003986901229215126768695382654920627455886105135280152035329700795293889355277633235554290181731583963896545283708550798937691796831540083280954013969081834852044711745750936591265486142590658887384357622867085996692586453058919153585952060415957522567566865538187811250229599842059880481947984178097859188998403958821704789800639826276154408227101968478017808199641072860113261734126894755184038936912559481727105509595689327789267565191530603413648113580189237367411627675879529633249741994303516453677678521324564605325119725927695831754611039798421122101506731220488066036713717120701411036794883397460722160843016800519444106049417607698006481489488044887841601323256331484690745258941581526519606958978860443069929836956667169284397933742977876404203492316561378378512861114766806421451715817991347590479744862529167279385737955575664607215557326053286007065520686985715251970094900983270412095636863724385260531498939160101374673001936655504838201190695877156813846818180809750971967347766702023915553428471354067020043870622223369932400826108969096396137275861123865322900846190642584620797339050084596458	1,-4,3,3,3,3,3,3,3,3,3,3	-4,3,3,3,3,3,3,3,3,3,3	ok
-1.839840	12.552553	-52.862070	0.685495	continued:5	24739664234858138982047535273920704865888201889876711837493816699690678265963591165069870505023217046633362579621148489165328977987949899797415602900085081435628786567950676391780949633448253616219680559998014214784634910618447122667639804607217055610037222276897125660535867393387520758988742191975475097134159821776175469287214857624750265388130867415580412873925910271279382629434282479656095907178473638142326186864698341018602123575843883404208311798618679388046194707946385968872279636660172423920762823771748609336176990325713506490614247467311351878471253089939596514261196666267475682898635077588364628629417296554229734815495315011752337585393015754405944996164827318009845582551593321289722257247006063686910061456841431892563940020873466746931070957111770150069590359792388197563206227771911411885143855184505614961998508226343153531223089971459935049708039359327667779120430067461929055441744031224422705223831560005091108633317128720548165517033711719448300771525660964913525817712220131912105082815080054605883136048554894173783193438041716508681297001277350562437894851607688119124032266056066591963623197071229719772200831481260746898621517899928612391918713268983151048632780119641862099341297750029719247138068107870567427809776657455687319701838924741863308222734432202510337739630178136531110971656173596021532837063752331474827244593016389208170040764442819691907770087191341213542994238071675478371667411760202828972644593655472936430022638265804496288506618255007607597261306800770629215694428152763539594122443113397834178395207996598716220002965896330970082443535250927929904492141006573361720988244715211217527130416678582951733423938369853743171684564563983626349177586585309068907765500850217594153854188047776587284365072518433984417293128363047391462716592055471493359419811107561342379892318778123925091563362374613867366678251457873793628074433727030300530950329229975263034924403251033542199868020318082547039853201861477386663713823422139778523859265843416231918568932910666969700151238740942339401304783089680591040988665406081595115408547281380162869428403417683884461842344285716707869589494202888211027076797507049117122865083118647547742153521842961992278245772944988321821569733799225419188854384961205608576158230616860757999397989539066443962861226899321589864179340820711868686349448121813826870507375443712146219837353948680559747483860596315536999095	7034154424642401747454328459501917449685654526340289234293828087926975613698802301253003986901229215126768695382654920627455886105135280152035329700795293889355277633235554290181731583963896545283708550798937691796831540083280954013969081834852044711745750936591265486142590658887384357622867085996692586453058919153585952060415957522567566865538187811250229599842059880481947984178097859188998403958821704789800639826276154408227101968478017808199641072860113261734126894755184038936912559481727105509595689327789267565191530603413648113580189237367411627675879529633249741994303516453677678521324683215227106384712283355774698004157722775919064993868695546717608676139159127248272395644088628199789194420600678394860669872898149881336255645905236264827030530778263185426425826830508741788222637746732950503136787445596072140641769084011050199547964762108602695696868697479105920699656724194209208927787670365658020490179101055264906777280787220833255109674012931739455556181048334150405716056988728419714676028698702146613948212409468885688445054859296495703365322418876342807192361867691603553603484189161638461609915657875766438774225817439333500654756070274233574893078501732464066401097468488	-1,3,3,3,3,3,3,3,3,3,3,3	4,3,3,3,3,3,3,3,3,3,3	ok
-1.835836	12.552553	-53.968069	0.688289	continued:5	24739664234858138982047535273920704865888201889876711837493816699690678265963591165069870505023217046633362579621148489165328977987949899797415602900085081435628786567950676391780949633448253616219680559998014214784634910618447122667639804607217055610037222276897125660535867393387520758988742191975475097134159821776175469287214857624750265388130867415580412873925910271279382629434282479656095907178473638142326186864698341018602123575843883404208311798618679388046194707946385968872279636660172423920762823771748609336176990325713506490614247467311351878471253089939596514261196666267475682898635077588364628629417296554229734815495315011752337585393015754405944996164827318009845582551593321289722257247006063686910061456841431892563940020873466746931070957111770150069590359792388197563206227771911411885143855184505614961998508226343153531223089971459935049708039359327667779120430067461929055441744031224422705223831560005091108633317128720548165517033711719448300771525660964913525817712220131912105082815080054605883136048554894173783193438041716508681297001277350562437894851607688119124032266056066591963623197071229719772200831481260746898621517899928612391918713268983151048632780119648896253765940151777173575597570025320253082336116946689981147789765900355562110523987436189411566954756946831913765892283629482126668117215787661175622538482371666841405595054624551275871666632475049764341931929868507018454948365774171910807496638367218687366613903751947086947394002612630474683257999387223688134848014104823955551645010680263372366206458226198558279883447844315148180302724249331888726196930807213187997142652942313186005148224878224024593537200103980637926868603500896185830904692094904758235554768415409124757267836161356776521732484146109863946926378105041694979170269733992817805415234240628485488200053302199364211031646323082439647263607276631895871769259044401451363766451126814443473134220489198884697731101960802990910300139680959518854832128513597114746389737973151315057975842081443516593123962467786526070102139874765749035637088432614260030772344792316488840415153698481155126035457741137680097748660410763036811870095293313414540437283852893333234643562710973384060038416228190613325616933189150517789061901654152308030489428549857055082465581427407486143000730202660813809057790100346399768338483335257539245860316494779637880208922066168766414992991208014608723526	7034154424642401747454328459501917449685654526340289234293828087926975613698802301253003986901229215126768695382654920627455886105135280152035329700795293889355277633235554290181731583963896545283708550798937691796831540083280954013969081834852044711745750936591265486142590658887384357622867085996692586453058919153585952060415957522567566865538187811250229599842059880481947984178097859188998403958821704789800639826276154408227101968478017808199641072860113261734126894755184038936912559481727105509595689327789267565191530603413648113580189237367411627675879529633249741994303516453677678521324683215227106384712283355774698004157722775919064993868695546717608676139159127248272395644088628199789194420600678394860669872898149881336255645905236264827030530778263185426425826830508741788222637746732950503136787445596072140641769084011050199547964762108602695696868697479105920699656724194209208927787670365658020490179101055264906777280787220833255109674012931739455556181048334150405716056988728419714676028698702146613948212409468885688445054859296495703365322418876342807192361867691603553603484189161638461609915657875766438774225817439333500654756070274233574893078501732464066401097468488	1,3,3,3,3,3,3,3,3,3,3,3	4,3,3,3,3,3,3,3,3,3,3	ok
-1.831832	12.552553	-54.702251	0.691082	full	24739664234858138982047535273920704865888201889876711837493816699690678265963591165069870505023217046633362579621148489165328977987949899797415602900085081435628786567950676391780949633448253616219680559998014214784634910618447122667639804607217055610037222276897125660535867393387520758988742191975475097134159821776175469287214857624750265388130867415580412873925910271279382629434282479656095907178473638142326186864698341018602123575843883404208311798618679388046194707946385968872279636660172423920762823771748609336176990325713506490614247467311351878471253089939596514261196666267475682898635077588364628629417296554229734815495315011752337585393015754405944996164827318009845582551593321289722257247006063686910061456841431892563940020873466746931070957111770150069590359792388197563206227771911411885143855184505614961998508226343153531223089971459935049708039359327667779120430067461929055441744031224422705223831560005091108633317128720548165517033711719448300771525660964913525817712220131912105082815080054605883136048554894173783193438041716508681297001277350562437894851607688119124032266056066591963623197071229719772200831481260746898621517899928612391918713268983151048632780119641862099341297750029719247138068107870567427809776657455687319701838924741863308222734432202510337739630178136531110971656173596021532837063752331474827244593016389208170040764442819691907770087191341213542994238071675478371667411760202828972644593655472936430022638265804496288506618255007607597261306800770629215694428152763539594122443113397834178395207996598716220002965896330970082443535250927929904492141006573361720988244715211217527130416678582951733423938369853743171684564563983626349177586585309068907765500850217594153854188047776587284365072518433984417293128363047391462716592055471493359419811107561342379892318778123925091563362374613867366678251457873793628074433727030300530950329229975263034924403251033542199868020318082547039853201861477386663713823422139778523859265843416231918568932910666969700151238740942339401304783089680591040988665406081595115408547281380162869428403417683884461842344285716707869589494202888211027076797507049117122865083118647547742153521842961992278245772944988321821569733799225419188854384961205608576158230616860757999397989539066443962861226899321589864179340820711868686349448121813826870507375443712146219837353948680559747483860596315536999095	7034154424642401747454328459501917449685654526340289234293828087926975613698802301253003986901229215126768695382654920627455886105135280152035329700795293889355277633235554290181731583963896545283708550798937691796831540083280954013969081834852044711745750936591265486142590658887384357622867085996692586453058919153585952060415957522567566865538187811250229599842059880481947984178097859188998403958821704789800639826276154408227101968478017808199641072860113261734126894755184038936912559481727105509595689327789267565191530603413648113580189237367411627675879529633249741994303516453677678521324683215227106384712283355774698004157722775919064993868695546717608676139159127248272395644088628199789194420600678394860669872898149881336255645905236264827030530778263185426425826830508741788222637746732950503136787445596072140641769084011050199547964762108602695696868697479105920699656724194209208927787670365658020490179101055264906777280787220833255109674012931739455556181048334150405716056988728419714676028698702146613948212409468885688445054859296495703365322418876342807192361867691603553603484189161638461609915657875766438774225817439333500654756070274233574893078501732464066401097468488	-1,3,3,3,3,3,3,3,3,3,3,3	4,3,3,3,3,3,3,3,3,3,3	ok
-1.827828	12.552553	-44.313444	0.688249	continued:5	24739664234858138982047535273920704865888201889876711837493816699690678265963591165069870505023217046633362579621148489165328977987949899797415602900085081435628786567950676391780949633448253616219680559998014214784634910618447122667639804607217055610037222276897125660535867393387520758988742191975475097134159821776175469287214857624750265388130867415580412873925910271279382629434282479656095907178473638142326186864698341018602123575843883404208311798618679388046194707946385968872279636660172423920762823771748609336176990325713506490614247467311351878471253089939596514261196666267475682898635911908731494486904182965558798994916608466464004782386781525115550402067143147698500136991417807965993746533707493179716917949661657133802752099530380500629832889813766318693972247359960254936881029359545309059646697237241209564888106340558287762532356251637258398401846377922451692640383953053577384608293675046043906591724400907098081482508558109337883729893322775980233270148019416024194836854355986212330386751079897066437531206720139847788674454652536826169059736982479309839712946775980354134355139497105828903507866078114564099313317787443741699279748434354864282108704676095037950494415256286947674165215467011934336553759737348070667660729652527691915524397132869044793555135790945494632065951377818748685518516479034794485428017780031261929221756098004903764351710174074844549113456838125655876793700512133425260342617476046558297710108766178288887240737798673301869429288319632256269224724668118265584051039693265751490627862607736193791619996924278218459408639304584274718151680345670626647042637465459333318707082180800379032160407700099946372273650109970829696969322175580229736541987822471625057604097666274467304974823124064415536558817454629227310911087581946904520455445924560288173037899050385771129593893146284308657261004326107960933559964709592206298596961112903770872901440318443453171554758225380134568194504159026648154323501531880018861899217167303094558259573981342381830990525357646886212154509626273491764433578135680230268485973309763063753935018741388115359454941833970836305152734074505673796423449794831627213811331944435707956109414709408651771661558155162281828345864121923257396908138558521907693044066844381944344400836176940887335408175932108340927491158211920187826439457183894751945801208155053128226111876203662293316013857402850461225442249349855649160489	7034154424642401747454328459501917449685654526340289234293828087926975613698802301253003986901229215126768695382654920627455886105135280152035329700795293889355277633235554290181731583963896545283708550798937691796831540083280954013969081834852044711745750936591265486142590658887384357622867085996692586453058919153585952060415957522567566865538187811250229599842059880481947984178097859188998403958821704789800639826276154408227101968478017808199641072860113261734126894755184038936912559481727105509595689327789267565191530603413648113580189237367411627675879529633249741994303516453677678521324683215227106384712283355774698004157722775919064993868695546717608676139159127248272395644088628199789194420600678394860669872898149881336255645905236264827030530778263185426425826830508741788222637746732950503136787445596072140641769084011050199547964762108602695696868697479105920699656724194209208927787670365658020490179101055264906777280787220833255109674012931739455556181048334150405716056988728419714676028698702146613948212409468885688445054859296495703365322418876342807192361867691603553603484189161638461609915657875766438774225817439333500654756070274233574893078501732464066401097468488	1,-4,3,3,3,3,3,3,3,3,3,3	4,3,3,3,3,3,3,3,3,3,3	ok
-1.823824	12.552553	-47.273616	0.685455	continued:5	24739664234858138982047535273920704865888201889876711837493816699690678265963591165069870505023217046633362579621148489165328977987949899797415602900085081435628786567950676391780949633448253616219680559998014214784634910618447122667639804607217055610037222276897125660535867393387520758988742191975475097134159821776175469287214857624750265388130867415580412873925910271279382629434282479656095907178473638142326186864698341018602123575843883404208311798618679388046194707946385968872279636660172423920762823771748609336176990325713506490614247467311351878471253089939596514261196666267475682898635911908731494486904182965558798994916608466464004782386781525115550402067143147698500136991417807965993746533707493179716917949661657133802752099530380500629832889813766318693972247359960254936881029359545309059646697237241209564888106340558287762532356251637258398401846377922451692640383953053577384608293675046043906591724400907098081482508558109337883729893322775980233270148019416024194836854355986212330386751079897066437531206720139847788674454652536826169059736982479309839712946775980354134355139497105828903507866078114564099313317787443741699279748434354864282108704676095037950494415256279913519740573065264480008094257819898385013134389363293398087436470157255345991253882786958593402850824609123366030597889023148689350147865744701561133927866742727270528797419992343260585216911554417105077856008715301885177061663462077476462858064054432537950649472312530711210541903962009389183228032081665206664897453741205335533105295040870655603808746694678376399528157356600096620292491347266667825337847664819507042552673953698410554142599500458873512160388375843934941785283238667670254814882312875935729814830101082936701561175010484226299191405826953347781277837839952601004001768246038963608432573930659843433762138535244510236138902819376740445493927995875085597185924318020373412179279475426652652110652175962526870188022669538603266481900208623687377208471908361513031739967022363521387920595520690219042870111692530513888029374643363668890107460448648296947513567025570124011864462089108307137873348336550098131816234237505573927804266423748722240857444614507668501249462518298557443085332622984097295533465556585252188205865653686067187586989358760077584436208584341638903575604783448833759419413313272528575868807328944159129715738927801169450690956556659818640821452010805564564029	7034154424642401747454328459501917449685654526340289234293828087926975613698802301253003986901229215126768695382654920627455886105135280152035329700795293889355277633235554290181731583963896545283708550798937691796831540083280954013969081834852044711745750936591265486142590658887384357622867085996692586453058919153585952060415957522567566865538187811250229599842059880481947984178097859188998403958821704789800639826276154408227101968478017808199641072860113261734126894755184038936912559481727105509595689327789267565191530603413648113580189237367411627675879529633249741994303516453677678521324683215227106384712283355774698004157722775919064993868695546717608676139159127248272395644088628199789194420600678394860669872898149881336255645905236264827030530778263185426425826830508741788222637746732950503136787445596072140641769084011050199547964762108602695696868697479105920699656724194209208927787670365658020490179101055264906777280787220833255109674012931739455556181048334150405716056988728419714676028698702146613948212409468885688445054859296495703365322418876342807192361867691603553603484189161638461609915657875766438774225817439333500654756070274233574893078501732464066401097468488	-1,-4,3,3,3,3,3,3,3,3,3,3	4,3,3,3,3,3,3,3,3,3,3	ok
-1.819820	12.552553	-49.604879	0.686498	continued:5	24739664234858138982047535273920704865888201889876711837493816699690678265963591165069870505023217046633362579621148489165328977987949899797415602900085081435628786567950676391780949633448253616219680559998014214784634910618447122667639804607217055610037222276897125660535867393387520758988742191975475097134159821776175469287214857624750265388130867415580412873925910271279382629434282479656095907178473638142326186864698341018602123575843883404208311798618679388046194707946385968872279636660172423920762823771748609336176990325713506490614247467311351878471253089939596514261196666267475682898635911908731494486904182965558798994916608466464004782386781525115550402067143147698500136991417807965993746533707493179716917949661657133802752099530380500629832889813766318693972247359960254936881029359545309059646697237241209564888106340558287762532356251637258398401846377922451692640383953053577384608293675046043906591724400907098081482508558109337883729893322775980233270148019416024194836854355986212330386751079897066437531206720139847788674454652536826169059736982479309839712946775980354134355139497105828903507866078114564099313317787443741699279748434354864282108704676095037950494415256286947674165215467011934336553759737348070667660729652527691915524397132869044793555135790945494632065951377818748685518516479034794485428017780031261929221756098004903764351710174074844549113456838125655876793700512133425260342617476046558297710108766178288887240737798673301869429288319632256269224724668118265584051039693265751490627862607736193791619996924278218459408639304584274718151680345670626647042637465459333318707082180800379032160407700099946372273650109970829696969322175580229736541987822471625057604097666274467304974823124064415536558817454629227310911087581946904520455445924560288173037899050385771129593893146284308657261004326107960933559964709592206298596961112903770872901440318443453171554758225380134568194504159026648154323501531880018861899217167303094558259573981342381830990525357646886212154509626273491764433578135680230268485973309763063753935018741388115359454941833970836305152734074505673796423449794831627213811331944435707956109414709408651771661558155162281828345864121923257396908138558521907693044066844381944344400836176940887335408175932108340927491158211920187826439457183894751945801208155053128226111876203662293316013857402850461225442249349855649160489	7034154424642401747454328459501917449685654526340289234293828087926975613698802301253003986901229215126768695382654920627455886105135280152035329700795293889355277633235554290181731583963896545283708550798937691796831540083280954013969081834852044711745750936591265486142590658887384357622867085996692586453058919153585952060415957522567566865538187811250229599842059880481947984178097859188998403958821704789800639826276154408227101968478017808199641072860113261734126894755184038936912559481727105509595689327789267565191530603413648113580189237367411627675879529633249741994303516453677678521324683215227106384712283355774698004157722775919064993868695546717608676139159127248272395644088628199789194420600678394860669872898149881336255645905236264827030530778263185426425826830508741788222637746732950503136787445596072140641769084011050199547964762108602695696868697479105920699656724194209208927787670365658020490179101055264906777280787220833255109674012931739455556181048334150405716056988728419714676028698702146613948212409468885688445054859296495703365322418876342807192361867691603553603484189161638461609915657875766438774225817439333500654756070274233574893078501732464066401097468488	1,-4,3,3,3,3,3,3,3,3,3,3	4,3,3,3,3,3,3,3,3,3,3	ok
-1.815816	12.552553	-51.464455	0.683705	continued:5	24739664234858138982047535273920704865888201889876711837493816699690678265963591165069870505023217046633362579621148489165328977987949899797415602900085081435628786567950676391780949633448253616219680559998014214784634910618447122667639804607217055610037222276897125660535867393387520758988742191975475097134159821776175469287214857624750265388130867415580412873925910271279382629434282479656095907178473638142326186864698341018602123575843883404208311798618679388046194707946385968872279636660172423920762823771748609336176990325713506490614247467311351878471253089939596514261196666267475682898635911908731494486904182965558798994916608466464004782386781525115550402067143147698500136991417807965993746533707493179716917949661657133802752099530380500629832889813766318693972247359960254936881029359545309059646697237241209564888106340558287762532356251637258398401846377922451692640383953053577384608293675046043906591724400907098081482508558109337883729893322775980233270148019416024194836854355986212330386751079897066437531206720139847788674454652536826169059736982479309839712946775980354134355139497105828903507866078114564099313317787443741699279748434354864282108704676095037950494415256286947674165215467011934336553759737348070667660729652527691915524397132869044793555135790945494632065951377818748685518516479034794485428017780031261929221756098004903764351710174074844549113456838125655876793700512133425260342617476046558297710108766178288887240737798673301869429288319632256269224724668118265584051039693265751490627862607736193791619996924278218459408639304584274718151680345670626647042637465459333318707082180800379032160407700099946372273650109970829696969322175580229736541987822471625057604097666274467304974823124064415536558817454629227310911087581946904520455445924560288173037899050385771129593893146284308657261004326107960933559964709592206298596961112903770872901440318443453171554758225380134568194504159026648154323501531880018861899217167303094558259573981342381830990525357646886212154509626273491764433578135680230268485973309763063753935018741388115359454941833970836305152734074505673796423449794831627213811331944435707956109414709408651771661558155162281828345864121923257396908138558521907693044066844381944344400836176940887335408175932108340927491158211920187826439457183894751945801208155053128226111876203662293316013857402850461225442249349855649160489	7034154424642401747454328459501917449685654526340289234293828087926975613698802301253003986901229215126768695382654920627455886105135280152035329700795293889355277633235554290181731583963896545283708550798937691796831540083280954013969081834852044711745750936591265486142590658887384357622867085996692586453058919153585952060415957522567566865538187811250229599842059880481947984178097859188998403958821704789800639826276154408227101968478017808199641072860113261734126894755184038936912559481727105509595689327789267565191530603413648113580189237367411627675879529633249741994303516453677678521324683215227106384712283355774698004157722775919064993868695546717608676139159127248272395644088628199789194420600678394860669872898149881336255645905236264827030530778263185426425826830508741788222637746732950503136787445596072140641769084011050199547964762108602695696868697479105920699656724194209208927787670365658020490179101055264906777280787220833255109674012931739455556181048334150405716056988728419714676028698702146613948212409468885688445054859296495703365322418876342807192361867691603553603484189161638461609915657875766438774225817439333500654756070274233574893078501732464066401097468488	1,-4,3,3,3,3,3,3,3,3,3,3	4,3,3,3,3,3,3,3,3,3,3	ok
-1.811812	12.552553	-52.936915	0.680911	continued:5	24739664234858138982047535273920704865888201889876711837493816699690678265963591165069870505023217046633362579621148489165328977987949899797415602900085081435628786567950676391780949633448253616219680559998014214784634910618447122667639804607217055610037222276897125660535867393387520758988742191975475097134159821776175469287214857624750265388130867415580412873925910271279382629434282479656095907178473638142326186864698341018602123575843883404208311798618679388046194707946385968872279636660172423920762823771748609336176990325713506490614247467311351878471253089939596514261196666267475682898635077588364628629417296554229734815495315011752337585393015754405944996164827318009845582551593321289722257247006063686910061456841431892563940020873466746931070957111770150069590359792388197563206227771911411885143855184505614961998508226343153531223089971459935049708039359327667779120430067461929055441744031224422705223831560005091108633317128720548165517033711719448300771525660964913525817712220131912105082815080054605883136048554894173783193438041716508681297001277350562437894851607688119124032266056066591963623197071229719772200831481260746898621517899928612391918713268983151048632780119641862099341297750029719247138068107870567427809776657455687319701838924741863308222734432202510337739630178136531110971656173596021532837063752331474827244593016389208170040764442819691907770087191341213542994238071675478371667411760202828972644593655472936430022638265804496288506618255007607597261306800770629215694428152763539594122443113397834178395207996598716220002965896330970082443535250927929904492141006573361720988244715211217527130416678582951733423938369853743171684564563983626349177586585309068907765500850217594153854188047776587284365072518433984417293128363047391462716592055471493359419811107561342379892318778123925091563362374613867366678251457873793628074433727030300530950329229975263034924403251033542199868020318082547039853201861477386663713823422139778523859265843416231918568932910666969700151238740942339401304783089680591040988665406081595115408547281380162869428403417683884461842344285716707869589494202888211027076797507049117122865083118647547742153521842961992278245772944988321821569733799225419188854384961205608576158230616860757999397989539066443962861226899321589864179340820711868686349448121813826870507375443712146219837353948680559747483860596315536999095	7034154424642401747454328459501917449685654526340289234293828087926975613698802301253003986901229215126768695382654920627455886105135280152035329700795293889355277633235554290181731583963896545283708550798937691796831540083280954013969081834852044711745750936591265486142590658887384357622867085996692586453058919153585952060415957522567566865538187811250229599842059880481947984178097859188998403958821704789800639826276154408227101968478017808199641072860113261734126894755184038936912559481727105509595689327789267565191530603413648113580189237367411627675879529633249741994303516453677678521324683215227106384712283355774698004157722775919064993868695546717608676139159127248272395644088628199789194420600678394860669872898149881336255645905236264827030530778263185426425826830508741788222637746732950503136787445596072140641769084011050199547964762108602695696868697479105920699656724194209208927787670365658020490179101055264906777280787220833255109674012931739455556181048334150405716056988728419714676028698702146613948212409468885688445054859296495703365322418876342807192361867691603553603484189161638461609915657875766438774225817439333500654756070274233574893078501732464066401097468488	-1,3,3,3,3,3,3,3,3,3,3,3	4,3,3,3,3,3,3,3,3,3,3	ok
-1.807808	12.552553	-54.028201	0.683705	continued:5	24739664234858138982047535273920704865888201889876711837493816699690678265963591165069870505023217046633362579621148489165328977987949899797415602900085081435628786567950676391780949633448253616219680559998014214784634910618447122667639804607217055610037222276897125660535867393387520758988742191975475097134159821776175469287214857624750265388130867415580412873925910271279382629434282479656095907178473638142326186864698341018602123575843883404208311798618679388046194707946385968872279636660172423920762823771748609336176990325713506490614247467311351878471253089939596514261196666267475682898635077588364628629417296554229734815495315011752337585393015754405944996164827318009845582551593321289722257247006063686910061456841431892563940020873466746931070957111770150069590359792388197563206227771911411885143855184505614961998508226343153531223089971459935049708039359327667779120430067461929055441744031224422705223831560005091108633317128720548165517033711719448300771525660964913525817712220131912105082815080054605883136048554894173783193438041716508681297001277350562437894851607688119124032266056066591963623197071229719772200831481260746898621517899928612391918713268983151048632780119648896253765940151777173575597570025320253082336116946689981147789765900355562110523987436189411566954756946831913765892283629482126668117215787661175622538482371666841405595054624551275871666632475049764341931929868507018454948365774171910807496638367218687366613903751947086947394002612630474683257999387223688134848014104823955551645010680263372366206458226198558279883447844315148180302724249331888726196930807213187997142652942313186005148224878224024593537200103980637926868603500896185830904692094904758235554768415409124757267836161356776521732484146109863946926378105041694979170269733992817805415234240628485488200053302199364211031646323082439647263607276631895871769259044401451363766451126814443473134220489198884697731101960802990910300139680959518854832128513597114746389737973151315057975842081443516593123962467786526070102139874765749035637088432614260030772344792316488840415153698481155126035457741137680097748660410763036811870095293313414540437283852893333234643562710973384060038416228190613325616933189150517789061901654152308030489428549857055082465581427407486143000730202660813809057790100346399768338483335257539245860316494779637880208922066168766414992991208014608723526	7034154424642401747454328459501917449685654526340289234293828087926975613698802301253003986901229215126768695382654920627455886105135280152035329700795293889355277633235554290181731583963896545283708550798937691796831540083280954013969081834852044711745750936591265486142590658887384357622867085996692586453058919153585952060415957522567566865538187811250229599842059880481947984178097859188998403958821704789800639826276154408227101968478017808199641072860113261734126894755184038936912559481727105509595689327789267565191530603413648113580189237367411627675879529633249741994303516453677678521324683215227106384712283355774698004157722775919064993868695546717608676139159127248272395644088628199789194420600678394860669872898149881336255645905236264827030530778263185426425826830508741788222637746732950503136787445596072140641769084011050199547964762108602695696868697479105920699656724194209208927787670365658020490179101055264906777280787220833255109674012931739455556181048334150405716056988728419714676028698702146613948212409468885688445054859296495703365322418876342807192361867691603553603484189161638461609915657875766438774225817439333500654756070274233574893078501732464066401097468488	1,3,3,3,3,3,3,3,3,3,3,3	4,3,3,3,3,3,3,3,3,3,3	ok
-1.803804	12.552553	-54.749459	0.686498	full	24739664234858138982047535273920704865888201889876711837493816699690678265963591165069870505023217046633362579621148489165328977987949899797415602900085081435628786567950676391780949633448253616219680559998014214784634910618447122667639804607217055610037222276897125660535867393387520758988742191975475097134159821776175469287214857624750265388130867415580412873925910271279382629434282479656095907178473638142326186864698341018602123575843883404208311798618679388046194707946385968872279636660172423920762823771748609336176990325713506490614247467311351878471253089939596514261196666267475682898635077588364628629417296554229734815495315011752337585393015754405944996164827318009845582551593321289722257247006063686910061456841431892563940020873466746931070957111770150069590359792388197563206227771911411885143855184505614961998508226343153531223089971459935049708039359327667779120430067461929055441744031224422705223831560005091108633317128720548165517033711719448300771525660964913525817712220131912105082815080054605883136048554894173783193438041716508681297001277350562437894851607688119124032266056066591963623197071229719772200831481260746898621517899928612391918713268983151048632780119641862099341297750029719247138068107870567427809776657455687319701838924741863308222734432202510337739630178136531110971656173596021532837063752331474827244593016389208170040764442819691907770087191341213542994238071675478371667411760202828972644593655472936430022638265804496288506618255007607597261306800770629215694428152763539594122443113397834178395207996598716220002965896330970082443535250927929904492141006573361720988244715211217527130416678582951733423938369853743171684564563983626349177586585309068907765500850217594153854188047776587284365072518433984417293128363047391462716592055471493359419811107561342379892318778123925091563362374613867366678251457873793628074433727030300530950329229975263034924403251033542199868020318082547039853201861477386663713823422139778523859265843416231918568932910666969700151238740942339401304783089680591040988665406081595115408547281380162869428403417683884461842344285716707869589494202888211027076797507049117122865083118647547742153521842961992278245772944988321821569733799225419188854384961205608576158230616860757999397989539066443962861226899321589864179340820711868686349448121813826870507375443712146219837353948680559747483860596315536999095	7034154424642401747454328459501917449685654526340289234293828087926975613698802301253003986901229215126768695382654920627455886105135280152035329700795293889355277633235554290181731583963896545283708550798937691796831540083280954013969081834852044711745750936591265486142590658887384357622867085996692586453058919153585952060415957522567566865538187811250229599842059880481947984178097859188998403958821704789800639826276154408227101968478017808199641072860113261734126894755184038936912559481727105509595689327789267565191530603413648113580189237367411627675879529633249741994303516453677678521324683215227106384712283355774698004157722775919064993868695546717608676139159127248272395644088628199789194420600678394860669872898149881336255645905236264827030530778263185426425826830508741788222637746732950503136787445596072140641769084011050199547964762108602695696868697479105920699656724194209208927787670365658020490179101055264906777280787220833255109674012931739455556181048334150405716056988728419714676028698702146613948212409468885688445054859296495703365322418876342807192361867691603553603484189161638461609915657875766438774225817439333500654756070274233574893078501732464066401097468488	-1,3,3,3,3,3,3,3,3,3,3,3	4,3,3,3,3,3,3,3,3,3,3	ok
-1.799800	12.552553	-40.978406	0.696552	continued:5	24739664234858138982047535273920704865888201889876711837493816699690678265963591165069870505023217046633362579621148489165328977987949899797415602900085081435628786567950676391780949633448253616219680559998014214784634910618447122667639804607217055610037222276897125660535867393387520758988742191975475097134159821776175469287214857624750265388130867415580412873925910271279382629434282479656095907178473638142326186864698341018602123575843883404208311798618679388046194707946385968872279636660172423920762823771748609336176990325713506490614247467311351878471253089939596514261196666267475682898635911908731494486904182965558798994916608466464004782386781525115550402067143147698500136991417807965993746533707493179716917949661657133802752099530380500629832889813766318693972247359960254936881029359545309059646697237241209564888106340558287762532356251637258398401846377922451692640383953053577384608293675046043906591724400907098081482508558109337883729893322775980233270148019416024194836854355986212330386751079897066437531206720139847788674454652536826169059736982479309839712946775980354134355139497105828903507866078114564099313317787443741699279748434354864282108704676095037950494415256286947674165215467011934336553759737348070667660729652527691915524397132869044793555135790945494632065951377818748685518516479034794485428017780031261929221756098004903764351710174074844549113456838125655876793700512133425260342617476046558297710108766178288887240737798673301869429288319632256269224724668118265584051039693265751490627862607736193791619996924278218459408639304584274718151680345670626647042637465459333318707082180800379032160407700099946372273650109970829696969322175580229736541987822471625057604097666274467304974823124064415536558817454629227310911087581946904520455445924560288173037899050385771129593893146284308657261004326107960933559964709592206298596961112903770872901440318443453171554758225380134568194504159026648154323501531880018861899217167303094558259573981342381830990525357646886212154509626273491764433578135680230268485973309763063753935018741388115359454941833970836305152734074505673796423449794831627213811331944435707956109414709408651771661558155162281828345864121923257396908138558521907693044066844381944344400836176940887335408175932108340927491158211920187826439457183894751945801208155053128226111876203662293316013857402850461225442249349855649160489	7034154424642401747454328459501917449685654526340289234293828087926975613698802301253003986901229215126768695382654920627455886105135280152035329700795293889355277633235554290181731583963896545283708550798937691796831540083280954013969081834852044711745750936591265486142590658887384357622867085996692586453058919153585952060415957522567566865538187811250229599842059880481947984178097859188998403958821704789800639826276154408227101968478017808199641072860113261734126894755184038936912559481727105509595689327789267565191530603413648113580189237367411627675879529633249741994303516453677678521324683215227106384712283355774698004157722775919064993868695546717608676139159127248272395644088628199789194420600678394860669872898149881336255645905236264827030530778263185426425826830508741788222637746732950503136787445596072140641769084011050199547964762108602695696868697479105920699656724194209208927787670365658020490179101055264906777280787220833255109674012931739455556181048334150405716056988728419714676028698702146613948212409468885688445054859296495703365322418876342807192361867691603553603484189161638461609915657875766438774225817439333500654756070274233574893078501732464066401097468488	1,-4,3,3,3,3,3,3,3,3,3,3	4,3,3,3,3,3,3,3,3,3,3	ok
-1.795796	12.552553	-45.329233	0.693758	continued:5	24739664234858138982047535273920704865888201889876711837493816699690678265963591165069870505023217046633362579621148489165328977987949899797415602900085081435628786567950676391780949633448253616219680559998014214784634910618447122667639804607217055610037222276897125660535867393387520758988742191975475097134159821776175469287214857624750265388130867415580412873925910271279382629434282479656095907178473638142326186864698341018602123575843883404208311798618679388046194707946385968872279636660172423920762823771748609336176990325713506490614247467311351878471253089939596514261196666267475682898635911908731494486904182965558798994916608466464004782386781525115550402067143147698500136991417807965993746533707493179716917949661657133802752099530380500629832889813766318693972247359960254936881029359545309059646697237241209564888106340558287762532356251637258398401846377922451692640383953053577384608293675046043906591724400907098081482508558109337883729893322775980233270148019416024194836854355986212330386751079897066437531206720139847788674454652536826169059736982479309839712946775980354134355139497105828903507866078114564099313317787443741699279748434354864282108704676095037950494415256279913519740573065264480008094257819898385013134389363293398087436470157255345991253882786958593402850824609123366030597889023148689350147865744701561133927866742727270528797419992343260585216911554417105077856008715301885177061663462077476462858064054432537950649472312530711210541903962009389183228032081665206664897453741205335533105295040870655603808746694678376399528157356600096620292491347266667825337847664819507042552673953698410554142599500458873512160388375843934941785283238667670254814882312875935729814830101082936701561175010484226299191405826953347781277837839952601004001768246038963608432573930659843433762138535244510236138902819376740445493927995875085597185924318020373412179279475426652652110652175962526870188022669538603266481900208623687377208471908361513031739967022363521387920595520690219042870111692530513888029374643363668890107460448648296947513567025570124011864462089108307137873348336550098131816234237505573927804266423748722240857444614507668501249462518298557443085332622984097295533465556585252188205865653686067187586989358760077584436208584341638903575604783448833759419413313272528575868807328944159129715738927801169450690956556659818640821452010805564564029	7034154424642401747454328459501917449685654526340289234293828087926975613698802301253003986901229215126768695382654920627455886105135280152035329700795293889355277633235554290181731583963896545283708550798937691796831540083280954013969081834852044711745750936591265486142590658887384357622867085996692586453058919153585952060415957522567566865538187811250229599842059880481947984178097859188998403958821704789800639826276154408227101968478017808199641072860113261734126894755184038936912559481727105509595689327789267565191530603413648113580189237367411627675879529633249741994303516453677678521324683215227106384712283355774698004157722775919064993868695546717608676139159127248272395644088628199789194420600678394860669872898149881336255645905236264827030530778263185426425826830508741788222637746732950503136787445596072140641769084011050199547964762108602695696868697479105920699656724194209208927787670365658020490179101055264906777280787220833255109674012931739455556181048334150405716056988728419714676028698702146613948212409468885688445054859296495703365322418876342807192361867691603553603484189161638461609915657875766438774225817439333500654756070274233574893078501732464066401097468488	-1,-4,3,3,3,3,3,3,3,3,3,3	4,3,3,3,3,3,3,3,3,3,3	ok
-1.791792	12.552553	-47.936860	0.696552	continued:5	24739664234858138982047535273920704865888201889876711837493816699690678265963591165069870505023217046633362579621148489165328977987949899797415602900085081435628786567950676391780949633448253616219680559998014214784634910618447122667639804607217055610037222276897125660535867393387520758988742191975475097134159821776175469287214857624750265388130867415580412873925910271279382629434282479656095907178473638142326186864698341018602123575843883404208311798618679388046194707946385968872279636660172423920762823771748609336176990325713506490614247467311351878471253089939596514261196666267475682898636746229098360344391069376887863174337901921175671979380547295825155807969458977387154691431242294642265235820408922672523774442481882375041564178187294254328594822515762487318354134927532312310555830947179206234149539289976804167777704454773421993841622531814581747095653396517235606160337838645225713774843318867665107959617241809105054331699987498127601942752933832512165768770377867134863855996491840512555690687079739526991926364885385521794155471263357143656822472687608057241531041944272589144678012938145065843392535084999408426425804093626736499937978968781116172298696083206924852356050392932033248989133183994149425969451366825573907511682647599696511346955340996226278887537149688478926392272577500966260065376784473567438018971807731049031198919179620599358662655905329997190456826484910098210593162952591372149017823191890287622775623876883641344458837331542107450351958384256904941188142535465901952407651233767963387133282102074553404844785851957720698814312712837579353859825440413323389593133924345304916425919646389540537190398721616941011123361850087916222254079787176833123906389059634181207442694482331340456095458200352243788752562390824470204529046800846417578194299793649082630826281033233846116723407253551614317997193602814109877999635276433563595970854066240501331134434568378783064482246765969931336090788459667946216609810690960053179367290410013674680692477631537199832423055806086441895222757890908270504741833059985659344793011709698226719288527586751071719670291858062012639204307015690829413913257338421360896904563178554233896314438218204162467403430160805573568042290651647587180264122481783725483341695234310747005195495081467478667705235946873258360792939149122395422274789774114558341422871350296659418586788289231543797336362670913054952065637921342722705805	7034154424642401747454328459501917449685654526340289234293828087926975613698802301253003986901229215126768695382654920627455886105135280152035329700795293889355277633235554290181731583963896545283708550798937691796831540083280954013969081834852044711745750936591265486142590658887384357622867085996692586453058919153585952060415957522567566865538187811250229599842059880481947984178097859188998403958821704789800639826276154408227101968478017808199641072860113261734126894755184038936912559481727105509595689327789267565191530603413648113580189237367411627675879529633249741994303516453677678521324683215227106384712283355774698004157722775919064993868695546717608676139159127248272395644088628199789194420600678394860669872898149881336255645905236264827030530778263185426425826830508741788222637746732950503136787445596072140641769084011050199547964762108602695696868697479105920699656724194209208927787670365658020490179101055264906777280787220833255109674012931739455556181048334150405716056988728419714676028698702146613948212409468885688445054859296495703365322418876342807192361867691603553603484189161638461609915657875766438774225817439333500654756070274233574893078501732464066401097468488	0,4,3,3,3,3,3,3,3,3,3,3	4,3,3,3,3,3,3,3,3,3,3	ok
-1.787788	12.552553	-49.996624	0.693758	continued:5	24739664234858138982047535273920704865888201889876711837493816699690678265963591165069870505023217046633362579621148489165328977987949899797415602900085081435628786567950676391780949633448253616219680559998014214784634910618447122667639804607217055610037222276897125660535867393387520758988742191975475097134159821776175469287214857624750265388130867415580412873925910271279382629434282479656095907178473638142326186864698341018602123575843883404208311798618679388046194707946385968872279636660172423920762823771748609336176990325713506490614247467311351878471253089939596514261196666267475682898635911908731494486904182965558798994916608466464004782386781525115550402067143147698500136991417807965993746533707493179716917949661657133802752099530380500629832889813766318693972247359960254936881029359545309059646697237241209564888106340558287762532356251637258398401846377922451692640383953053577384608293675046043906591724400907098081482508558109337883729893322775980233270148019416024194836854355986212330386751079897066437531206720139847788674454652536826169059736982479309839712946775980354134355139497105828903507866078114564099313317787443741699279748434354864282108704676095037950494415256286947674165215467011934336553759737348070667660729652527691915524397132869044793555135790945494632065951377818748685518516479034794485428017780031261929221756098004903764351710174074844549113456838125655876793700512133425260342617476046558297710108766178288887240737798673301869429288319632256269224724668118265584051039693265751490627862607736193791619996924278218459408639304584274718151680345670626647042637465459333318707082180800379032160407700099946372273650109970829696969322175580229736541987822471625057604097666274467304974823124064415536558817454629227310911087581946904520455445924560288173037899050385771129593893146284308657261004326107960933559964709592206298596961112903770872901440318443453171554758225380134568194504159026648154323501531880018861899217167303094558259573981342381830990525357646886212154509626273491764433578135680230268485973309763063753935018741388115359454941833970836305152734074505673796423449794831627213811331944435707956109414709408651771661558155162281828345864121923257396908138558521907693044066844381944344400836176940887335408175932108340927491158211920187826439457183894751945801208155053128226111876203662293316013857402850461225442249349855649160489	7034154424642401747454328459501917449685654526340289234293828087926975613698802301253003986901229215126768695382654920627455886105135280152035329700795293889355277633235554290181731583963896545283708550798937691796831540083280954013969081834852044711745750936591265486142590658887384357622867085996692586453058919153585952060415957522567566865538187811250229599842059880481947984178097859188998403958821704789800639826276154408227101968478017808199641072860113261734126894755184038936912559481727105509595689327789267565191530603413648113580189237367411627675879529633249741994303516453677678521324683215227106384712283355774698004157722775919064993868695546717608676139159127248272395644088628199789194420600678394860669872898149881336255645905236264827030530778263185426425826830508741788222637746732950503136787445596072140641769084011050199547964762108602695696868697479105920699656724194209208927787670365658020490179101055264906777280787220833255109674012931739455556181048334150405716056988728419714676028698702146613948212409468885688445054859296495703365322418876342807192361867691603553603484189161638461609915657875766438774225817439333500654756070274233574893078501732464066401097468488	1,-4,3,3,3,3,3,3,3,3,3,3	4,3,3,3,3,3,3,3,3,3,3	ok
-1.783784	12.552553	-51.679621	0.690965	continued:5	24739664234858138982047535273920704865888201889876711837493816699690678265963591165069870505023217046633362579621148489165328977987949899797415602900085081435628786567950676391780949633448253616219680559998014214784634910618447122667639804607217055610037222276897125660535867393387520758988742191975475097134159821776175469287214857624750265388130867415580412873925910271279382629434282479656095907178473638142326186864698341018602123575843883404208311798618679388046194707946385968872279636660172423920762823771748609336176990325713506490614247467311351878471253089939596514261196666267475682898635911908731494486904182965558798994916608466464004782386781525115550402067143147698500136991417807965993746533707493179716917949661657133802752099530380500629832889813766318693972247359960254936881029359545309059646697237241209564888106340558287762532356251637258398401846377922451692640383953053577384608293675046043906591724400907098081482508558109337883729893322775980233270148019416024194836854355986212330386751079897066437531206720139847788674454652536826169059736982479309839712946775980354134355139497105828903507866078114564099313317787443741699279748434354864282108704676095037950494415256286947674165215467011934336553759737348070667660729652527691915524397132869044793555135790945494632065951377818748685518516479034794485428017780031261929221756098004903764351710174074844549113456838125655876793700512133425260342617476046558297710108766178288887240737798673301869429288319632256269224724668118265584051039693265751490627862607736193791619996924278218459408639304584274718151680345670626647042637465459333318707082180800379032160407700099946372273650109970829696969322175580229736541987822471625057604097666274467304974823124064415536558817454629227310911087581946904520455445924560288173037899050385771129593893146284308657261004326107960933559964709592206298596961112903770872901440318443453171554758225380134568194504159026648154323501531880018861899217167303094558259573981342381830990525357646886212154509626273491764433578135680230268485973309763063753935018741388115359454941833970836305152734074505673796423449794831627213811331944435707956109414709408651771661558155162281828345864121923257396908138558521907693044066844381944344400836176940887335408175932108340927491158211920187826439457183894751945801208155053128226111876203662293316013857402850461225442249349855649160489	7034154424642401747454328459501917449685654526340289234293828087926975613698802301253003986901229215126768695382654920627455886105135280152035329700795293889355277633235554290181731583963896545283708550798937691796831540083280954013969081834852044711745750936591265486142590658887384357622867085996692586453058919153585952060415957522567566865538187811250229599842059880481947984178097859188998403958821704789800639826276154408227101968478017808199641072860113261734126894755184038936912559481727105509595689327789267565191530603413648113580189237367411627675879529633249741994303516453677678521324683215227106384712283355774698004157722775919064993868695546717608676139159127248272395644088628199789194420600678394860669872898149881336255645905236264827030530778263185426425826830508741788222637746732950503136787445596072140641769084011050199547964762108602695696868697479105920699656724194209208927787670365658020490179101055264906777280787220833255109674012931739455556181048334150405716056988728419714676028698702146613948212409468885688445054859296495703365322418876342807192361867691603553603484189161638461609915657875766438774225817439333500654756070274233574893078501732464066401097468488	1,-4,3,3,3,3,3,3,3,3,3,3	4,3,3,3,3,3,3,3,3,3,3	ok
-1.779780	12.552553	-53.007908	0.688172	continued:5	24739664234858138982047535273920704865888201889876711837493816699690678265963591165069870505023217046633362579621148489165328977987949899797415602900085081435628786567950676391780949633448253616219680559998014214784634910618447122667639804607217055610037222276897125660535867393387520758988742191975475097134159821776175469287214857624750265388130867415580412873925910271279382629434282479656095907178473638142326186864698341018602123575843883404208311798618679388046194707946385968872279636660172423920762823771748609336176990325713506490614247467311351878471253089939596514261196666267475682898635077588364628629417296554229734815495315011752337585393015754405944996164827318009845582551593321289722257247006063686910061456841431892563940020873466746931070957111770150069590359792388197563206227771911411885143855184505614961998508226343153531223089971459935049708039359327667779120430067461929055441744031224422705223831560005091108633317128720548165517033711719448300771525660964913525817712220131912105082815080054605883136048554894173783193438041716508681297001277350562437894851607688119124032266056066591963623197071229719772200831481260746898621517899928612391918713268983151048632780119648896253765940151777173575597570025320253082336116946689981147789765900355562110523987436189411566954756946831913765892283629482126668117215787661175622538482371666841405595054624551275871666632475049764341931929868507018454948365774171910807496638367218687366613903751947086947394002612630474683257999387223688134848014104823955551645010680263372366206458226198558279883447844315148180302724249331888726196930807213187997142652942313186005148224878224024593537200103980637926868603500896185830904692094904758235554768415409124757267836161356776521732484146109863946926378105041694979170269733992817805415234240628485488200053302199364211031646323082439647263607276631895871769259044401451363766451126814443473134220489198884697731101960802990910300139680959518854832128513597114746389737973151315057975842081443516593123962467786526070102139874765749035637088432614260030772344792316488840415153698481155126035457741137680097748660410763036811870095293313414540437283852893333234643562710973384060038416228190613325616933189150517789061901654152308030489428549857055082465581427407486143000730202660813809057790100346399768338483335257539245860316494779637880208922066168766414992991208014608723526	7034154424642401747454328459501917449685654526340289234293828087926975613698802301253003986901229215126768695382654920627455886105135280152035329700795293889355277633235554290181731583963896545283708550798937691796831540083280954013969081834852044711745750936591265486142590658887384357622867085996692586453058919153585952060415957522567566865538187811250229599842059880481947984178097859188998403958821704789800639826276154408227101968478017808199641072860113261734126894755184038936912559481727105509595689327789267565191530603413648113580189237367411627675879529633249741994303516453677678521324683215227106384712283355774698004157722775919064993868695546717608676139159127248272395644088628199789194420600678394860669872898149881336255645905236264827030530778263185426425826830508741788222637746732950503136787445596072140641769084011050199547964762108602695696868697479105920699656724194209208927787670365658020490179101055264906777280787220833255109674012931739455556181048334150405716056988728419714676028698702146613948212409468885688445054859296495703365322418876342807192361867691603553603484189161638461609915657875766438774225817439333500654756070274233574893078501732464066401097468488	1,3,3,3,3,3,3,3,3,3,3,3	4,3,3,3,3,3,3,3,3,3,3	ok
-1.775776	12.552553	-53.989136	0.686381	continued:5	24739664234858138982047535273920704865888201889876711837493816699690678265963591165069870505023217046633362579621148489165328977987949899797415602900085081435628786567950676391780949633448253616219680559998014214784634910618447122667639804607217055610037222276897125660535867393387520758988742191975475097134159821776175469287214857624750265388130867415580412873925910271279382629434282479656095907178473638142326186864698341018602123575843883404208311798618679388046194707946385968872279636660172423920762823771748609336176990325713506490614247467311351878471253089939596514261196666267475682898635077588364628629417296554229734815495315011752337585393015754405944996164827318009845582551593321289722257247006063686910061456841431892563940020873466746931070957111770150069590359792388197563206227771911411885143855184505614961998508226343153531223089971459935049708039359327667779120430067461929055441744031224422705223831560005091108633317128720548165517033711719448300771525660964913525817712220131912105082815080054605883136048554894173783193438041716508681297001277350562437894851607688119124032266056066591963623197071229719772200831481260746898621517899928612391918713268983151048632780119648896253765940151777173575597570025320253082336116946689981147789765900355562110523987436189411566954756946831913765892283629482126668117215787661175622538482371666841405595054624551275871666632475049764341931929868507018454948365774171910807496638367218687366613903751947086947394002612630474683257999387223688134848014104823955551645010680263372366206458226198558279883447844315148180302724249331888726196930807213187997142652942313186005148224878224024593537200103980637926868603500896185830904692094904758235554768415409124757267836161356776521732484146109863946926378105041694979170269733992817805415234240628485488200053302199364211031646323082439647263607276631895871769259044401451363766451126814443473134220489198884697731101960802990910300139680959518854832128513597114746389737973151315057975842081443516593123962467786526070102139874765749035637088432614260030772344792316488840415153698481155126035457741137680097748660410763036811870095293313414540437283852893333234643562710973384060038416228190613325616933189150517789061901654152308030489428549857055082465581427407486143000730202660813809057790100346399768338483335257539245860316494779637880208922066168766414992991208014608723526	7034154424642401747454328459501917449685654526340289234293828087926975613698802301253003986901229215126768695382654920627455886105135280152035329700795293889355277633235554290181731583963896545283708550798937691796831540083280954013969081834852044711745750936591265486142590658887384357622867085996692586453058919153585952060415957522567566865538187811250229599842059880481947984178097859188998403958821704789800639826276154408227101968478017808199641072860113261734126894755184038936912559481727105509595689327789267565191530603413648113580189237367411627675879529633249741994303516453677678521324683215227106384712283355774698004157722775919064993868695546717608676139159127248272395644088628199789194420600678394860669872898149881336255645905236264827030530778263185426425826830508741788222637746732950503136787445596072140641769084011050199547964762108602695696868697479105920699656724194209208927787670365658020490179101055264906777280787220833255109674012931739455556181048334150405716056988728419714676028698702146613948212409468885688445054859296495703365322418876342807192361867691603553603484189161638461609915657875766438774225817439333500654756070274233574893078501732464066401097468488	1,3,3,3,3,3,3,3,3,3,3,3	4,3,3,3,3,3,3,3,3,3,3	ok
-1.771772	12.552553	-54.670770	0.689175	full	24739664234858138982047535273920704865888201889876711837493816699690678265963591165069870505023217046633362579621148489165328977987949899797415602900085081435628786567950676391780949633448253616219680559998014214784634910618447122667639804607217055610037222276897125660535867393387520758988742191975475097134159821776175469287214857624750265388130867415580412873925910271279382629434282479656095907178473638142326186864698341018602123575843883404208311798618679388046194707946385968872279636660172423920762823771748609336176990325713506490614247467311351878471253089939596514261196666267475682898635077588364628629417296554229734815495315011752337585393015754405944996164827318009845582551593321289722257247006063686910061456841431892563940020873466746931070957111770150069590359792388197563206227771911411885143855184505614961998508226343153531223089971459935049708039359327667779120430067461929055441744031224422705223831560005091108633317128720548165517033711719448300771525660964913525817712220131912105082815080054605883136048554894173783193438041716508681297001277350562437894851607688119124032266056066591963623197071229719772200831481260746898621517899928612391918713268983151048632780119641862099341297750029719247138068107870567427809776657455687319701838924741863308222734432202510337739630178136531110971656173596021532837063752331474827244593016389208170040764442819691907770087191341213542994238071675478371667411760202828972644593655472936430022638265804496288506618255007607597261306800770629215694428152763539594122443113397834178395207996598716220002965896330970082443535250927929904492141006573361720988244715211217527130416678582951733423938369853743171684564563983626349177586585309068907765500850217594153854188047776587284365072518433984417293128363047391462716592055471493359419811107561342379892318778123925091563362374613867366678251457873793628074433727030300530950329229975263034924403251033542199868020318082547039853201861477386663713823422139778523859265843416231918568932910666969700151238740942339401304783089680591040988665406081595115408547281380162869428403417683884461842344285716707869589494202888211027076797507049117122865083118647547742153521842961992278245772944988321821569733799225419188854384961205608576158230616860757999397989539066443962861226899321589864179340820711868686349448121813826870507375443712146219837353948680559747483860596315536999095	7034154424642401747454328459501917449685654526340289234293828087926975613698802301253003986901229215126768695382654920627455886105135280152035329700795293889355277633235554290181731583963896545283708550798937691796831540083280954013969081834852044711745750936591265486142590658887384357622867085996692586453058919153585952060415957522567566865538187811250229599842059880481947984178097859188998403958821704789800639826276154408227101968478017808199641072860113261734126894755184038936912559481727105509595689327789267565191530603413648113580189237367411627675879529633249741994303516453677678521324683215227106384712283355774698004157722775919064993868695546717608676139159127248272395644088628199789194420600678394860669872898149881336255645905236264827030530778263185426425826830508741788222637746732950503136787445596072140641769084011050199547964762108602695696868697479105920699656724194209208927787670365658020490179101055264906777280787220833255109674012931739455556181048334150405716056988728419714676028698702146613948212409468885688445054859296495703365322418876342807192361867691603553603484189161638461609915657875766438774225817439333500654756070274233574893078501732464066401097468488	-1,3,3,3,3,3,3,3,3,3,3,3	4,3,3,3,3,3,3,3,3,3,3	ok
-1.767768	12.552553	-41.244204	0.692836	continued:5	24739664234858138982047535273920704865888201889876711837493816699690678265963591165069870505023217046633362579621148489165328977987949899797415602900085081435628786567950676391780949633448253616219680559998014214784634910618447122667639804607217055610037222276897125660535867393387520758988742191975881454668757766456386039099618304136651166884285837894817315224103333988986022139294086321685154999346340705988103078279492809641656432950215478117816222205266648568411397418925046010008480574710698821954765024242012324702958840527170691397468834926110714722062344576291849261675828451121993701604116535828610494398858073192433728929874800133162657855679334648028974130744805195983254778166504043858756600786845441298121283027836349047833375238491618175326353210956094314167716502406167476033025536651753033790053751206652384585746115239561996892536666131683827025813468403181407673361179171245419483790320448563829803597121039061081903977294706476632363273453702462195417251028018906861626078936533343480076925181509854593577050552299348783155956422201185632761576292754100011590188442168211102949925619627047439598534360546055031000281001928203258611405909641923152552286611404351267570680350001051764003611431723102891459507229038125977844333773195319673886775726584071280740074748143013852473893640046309244383736757829061042216743645633347384050504715465958975669511966164724718215857335142426010105280569572745908020015784731679605501168548970540868090904487631863112542385276273915778797867692769863630216665707341765679080418605607952515462826668569733336850666512404315663807426783960360152165258610738960418667902249763401361322801759365248523640991348784955793696792730235461603233735532223861267261730199125544472526119734296814058143421496026752678416184043077702253006159278576793917270934954507362250134974756600064980355974246236738312106192644676885429201388740589727567838602565062245556577369616797798434031944915542269166251604936898217266392868070791768796748304912057180009945364921817319752996573679184733554655983624963076175623731390750369279689473092910932200723218513987163979367846045843270395620755908614303910995934167021980861032608901385201356450416691089289030331329309712219104513698029639367086553141025135747402643485892404403110168710394797971352256549789298741407292400652495708557676198579731719136359769310090742986854063072073831063000898335193423886180454	7034154424642401747454328459501917449685654526340289234293828087926975613698802301253003986901229215126768695382654920627455886105135280152035329700795293889355277633235554290181731583963896545283708550798937691796831540083280954013969081834852044711745750936591265486142590658887384357622867085996692586453058919153585952060415957522567566865538187811250229599842059880481947984178097859188998403958821704789800639826276154408227101968478017808199641072860113261734126894755184038936912559481727105509595689327789267565191530603413648113580189237367411627675879529633249741994303516453677678521324683215227106384712283355774698004157722775919064993868695546717608676139159127248272395644088628199789194420600678394860669872898149881336255645905236264827030530778263185426425826830508741788222637746732950503136787445596072140641769084011050199547964762108602695696868697479105920699656724194209208927787670365658020490179101055264906777280787220833255109674012931739455556181048334150405716056988728419714676028698702146613948212409468885688445054859296495703365322418876342807192361867691603553603484189161638461609915657875766438774225817439333500654756070274233574893078501732464066401097468488	1,4,-4,3,3,3,3,3,3,3,3,3	4,3,3,3,3,3,3,3,3,3,3	ok
-1.763764	12.552553	-45.434011	0.690043	continued:5	24739664234858138982047535273920704865888201889876711837493816699690678265963591165069870505023217046633362579621148489165328977987949899797415602900085081435628786567950676391780949633448253616219680559998014214784634910618447122667639804607217055610037222276897125660535867393387520758988742191975881454668757766456386039099618304136651166884285837894817315224103333988986022139294086321685154999346340705988103078279492809641656432950215478117816222205266648568411397418925046010008480574710698821954765024242012324702958840527170691397468834926110714722062344576291849261675828451121993701604116535828610494398858073192433728929874800133162657855679334648028974130744805195983254778166504043858756600786845441298121283027836349047833375238491618175326353210956094314167716502406167476033025536651753033790053751206652384585746115239561996892536666131683827025813468403181407673361179171245419483790320448563829803597121039061081903977294706476632363273453702462195417251028018906861626078936533343480076925181509854593577050552299348783155956422201185632761576292754100011590188442168211102949925619627047439598534360546055031000281001928203258611405909641923152552286611404351267570680350001044729849186789321355437131047727120676292189807432906085380058687799608457581937773495139026951244678513277613861728816130373174937081463493598017683255210826110681342433957675982993134251960789858717459306342877775914367936734830717710523666316504258795117154313222145720521883497891916292911711870942414201926350419099196182041558458852669694799716470387720658913568772905517851660359251564194906312359993536302594461201205814813364243487382538064752384471527991383161489496287219055618416977391556773152044361959224592255922914763146624733791793234884228269491686572370561122358191734871317157403300721227535427278184179832808477802155886664674546664448633464039357178589574023806881908868927363175457163132612845247338917801808442014062927952175444045551194292750352842179707621874236325923969001960309070418402519472931209154301979012715091700381210661591775065253592970502149740019302580102036621602009583547456412069724783890752412941427816427630992358055671440291697323641108104814511990652786578615781378311520779879224049972899387484072081452158188752260262346042308831125890705442247641756342430965397140630918348462867204333651681130135756008606982010861779317726351482664456626260809784	7034154424642401747454328459501917449685654526340289234293828087926975613698802301253003986901229215126768695382654920627455886105135280152035329700795293889355277633235554290181731583963896545283708550798937691796831540083280954013969081834852044711745750936591265486142590658887384357622867085996692586453058919153585952060415957522567566865538187811250229599842059880481947984178097859188998403958821704789800639826276154408227101968478017808199641072860113261734126894755184038936912559481727105509595689327789267565191530603413648113580189237367411627675879529633249741994303516453677678521324683215227106384712283355774698004157722775919064993868695546717608676139159127248272395644088628199789194420600678394860669872898149881336255645905236264827030530778263185426425826830508741788222637746732950503136787445596072140641769084011050199547964762108602695696868697479105920699656724194209208927787670365658020490179101055264906777280787220833255109674012931739455556181048334150405716056988728419714676028698702146613948212409468885688445054859296495703365322418876342807192361867691603553603484189161638461609915657875766438774225817439333500654756070274233574893078501732464066401097468488	-1,4,-4,3,3,3,3,3,3,3,3,3	4,3,3,3,3,3,3,3,3,3,3	ok
-1.759760	12.552553	-48.030816	0.690957	continued:5	24739664234858138982047535273920704865888201889876711837493816699690678265963591165069870505023217046633362579621148489165328977987949899797415602900085081435628786567950676391780949633448253616219680559998014214784634910618447122667639804607217055610037222276897125660535867393387520758988742191975881454668757766456386039099618304136651166884285837894817315224103333988986022139294086321685154999346340705988103078279492809641656432950215478117816222205266648568411397418925046010008480574710698821954765024242012324702958840527170691397468834926110714722062344576291849261675828451121993701604116535828610494398858073192433728929874800133162657855679334648028974130744805195983254778166504043858756600786845441298121283027836349047833375238491618175326353210956094314167716502406167476033025536651753033790053751206652384585746115239561996892536666131683827025813468403181407673361179171245419483790320448563829803597121039061081903977294706476632363273453702462195417251028018906861626078936533343480076925181509854593577050552299348783155956422201185632761576292754100011590188442168211102949925619627047439598534360546055031000281001928203258611405909641923152552286611404351267570680350001037695694762146919607982802588225203226606535281092616851086230599872632843883135472242135040050015463386508918479073895502917288831946183341562687982459916936755403709198403385801261550288064244575008908507405185979082827853453876703741441831464459547049366217721956659577931224610507558670044625874192058540222484172491050598404036499099731437083970114106871584490286879298631387656911076344429452472554728461866228503734509379863327125651963316764256245302064633981367185295781707875775230721047581322442821462188250058967373303406558952653525443048272429786304956960698044542463377310464057520889330507500563492306233384909016890623955799083112355016791074283401828927977759307024036249899252161288668769687856073696879401571671968485856689652745951192885122192632634892590618495443560594667928058555696323517052042372183233575049302041805220324586797591792799761227496467911388547837881941690086079224651321049069553743828811872890521971859698688240003855078733979198193290831799518539734950974243847519343652109343530119081013392657749832396760260830485100117414523374222864280429154334705984771277569530141785553279020727154676948167002490961421274227109958651484804389702066993719828635439115	7034154424642401747454328459501917449685654526340289234293828087926975613698802301253003986901229215126768695382654920627455886105135280152035329700795293889355277633235554290181731583963896545283708550798937691796831540083280954013969081834852044711745750936591265486142590658887384357622867085996692586453058919153585952060415957522567566865538187811250229599842059880481947984178097859188998403958821704789800639826276154408227101968478017808199641072860113261734126894755184038936912559481727105509595689327789267565191530603413648113580189237367411627675879529633249741994303516453677678521324683215227106384712283355774698004157722775919064993868695546717608676139159127248272395644088628199789194420600678394860669872898149881336255645905236264827030530778263185426425826830508741788222637746732950503136787445596072140641769084011050199547964762108602695696868697479105920699656724194209208927787670365658020490179101055264906777280787220833255109674012931739455556181048334150405716056988728419714676028698702146613948212409468885688445054859296495703365322418876342807192361867691603553603484189161638461609915657875766438774225817439333500654756070274233574893078501732464066401097468488	0,4,-4,3,3,3,3,3,3,3,3,3	4,3,3,3,3,3,3,3,3,3,3	ok
-1.755756	12.552553	-50.096140	0.688164	continued:5	24739664234858138982047535273920704865888201889876711837493816699690678265963591165069870505023217046633362579621148489165328977987949899797415602900085081435628786567950676391780949633448253616219680559998014214784634910618447122667639804607217055610037222276897125660535867393387520758988742191975475097134159821776175469287214857624750265388130867415580412873925910271279382629434282479656095907178473638142326186864698341018602123575843883404208311798618679388046194707946385968872279636660172423920762823771748609336176990325713506490614247467311351878471253089939596514261196666267475682898636746229098360344391069376887863174337901921175671979380547295825155807969458977387154691431242294642265235820408922672523774442481882375041564178187294254328594822515762487318354134927532312310555830947179206234149539289976804167777704454773421993841622531814581747095653396517235606160337838645225713774843318867665107959617241809105054331699987498127601942752933832512165768770377867134863855996491840512555690687079739526991926364885385521794155471263357143656822472687608057241531041944272589144678012938145065843392535084999408426425804093626736499937978968781116172298696083206924852356050392946101557838417987489058082888455201724945216564363226068284167522809292223623883490043157662281384822526114891731569906631696245777708579275878390450621786697890175865829771236268793165118249917052327199808468546546254452315579731219828451292479713300375143217641368303827288768126727099502639113181527708372019790714823137888795302178417235805629780467286311157404818575276608805935549578203437221241033002713525624957468734736100593477493226015120899086731349885318341705732622157661001952087360600078825559863021229612714401662922754427512622263487385646176229263795546284835024611101655150691731997256735246003270683434956649559929763549031732801847269093070493785841914225350611031789508390834146767624265839036487309677132390551132179238027082340345021114735893661262865328341709961207982475325888956812360016786414902172191808672763933459081588869010217101091964114246739428150385168058710275917587979935623056671187616023787151975922471346229688773581922177917129316524564071730972237687545499130080999644577668415709680150302279466611200856723788486488198123505457921561257982096176146256329363800598066697334389657174404227845111053465455290541055937884829820699211955530566054144917642784	7034154424642401747454328459501917449685654526340289234293828087926975613698802301253003986901229215126768695382654920627455886105135280152035329700795293889355277633235554290181731583963896545283708550798937691796831540083280954013969081834852044711745750936591265486142590658887384357622867085996692586453058919153585952060415957522567566865538187811250229599842059880481947984178097859188998403958821704789800639826276154408227101968478017808199641072860113261734126894755184038936912559481727105509595689327789267565191530603413648113580189237367411627675879529633249741994303516453677678521324683215227106384712283355774698004157722775919064993868695546717608676139159127248272395644088628199789194420600678394860669872898149881336255645905236264827030530778263185426425826830508741788222637746732950503136787445596072140641769084011050199547964762108602695696868697479105920699656724194209208927787670365658020490179101055264906777280787220833255109674012931739455556181048334150405716056988728419714676028698702146613948212409468885688445054859296495703365322418876342807192361867691603553603484189161638461609915657875766438774225817439333500654756070274233574893078501732464066401097468488	1,4,3,3,3,3,3,3,3,3,3,3	4,3,3,3,3,3,3,3,3,3,3	ok
-1.751752	12.552553	-51.775733	0.685371	continued:5	24739664234858138982047535273920704865888201889876711837493816699690678265963591165069870505023217046633362579621148489165328977987949899797415602900085081435628786567950676391780949633448253616219680559998014214784634910618447122667639804607217055610037222276897125660535867393387520758988742191975475097134159821776175469287214857624750265388130867415580412873925910271279382629434282479656095907178473638142326186864698341018602123575843883404208311798618679388046194707946385968872279636660172423920762823771748609336176990325713506490614247467311351878471253089939596514261196666267475682898635911908731494486904182965558798994916608466464004782386781525115550402067143147698500136991417807965993746533707493179716917949661657133802752099530380500629832889813766318693972247359960254936881029359545309059646697237241209564888106340558287762532356251637258398401846377922451692640383953053577384608293675046043906591724400907098081482508558109337883729893322775980233270148019416024194836854355986212330386751079897066437531206720139847788674454652536826169059736982479309839712946775980354134355139497105828903507866078114564099313317787443741699279748434354864282108704676095037950494415256286947674165215467011934336553759737348070667660729652527691915524397132869044793555135790945494632065951377818748685518516479034794485428017780031261929221756098004903764351710174074844549113456838125655876793700512133425260342617476046558297710108766178288887240737798673301869429288319632256269224724668118265584051039693265751490627862607736193791619996924278218459408639304584274718151680345670626647042637465459333318707082180800379032160407700099946372273650109970829696969322175580229736541987822471625057604097666274467304974823124064415536558817454629227310911087581946904520455445924560288173037899050385771129593893146284308657261004326107960933559964709592206298596961112903770872901440318443453171554758225380134568194504159026648154323501531880018861899217167303094558259573981342381830990525357646886212154509626273491764433578135680230268485973309763063753935018741388115359454941833970836305152734074505673796423449794831627213811331944435707956109414709408651771661558155162281828345864121923257396908138558521907693044066844381944344400836176940887335408175932108340927491158211920187826439457183894751945801208155053128226111876203662293316013857402850461225442249349855649160489	7034154424642401747454328459501917449685654526340289234293828087926975613698802301253003986901229215126768695382654920627455886105135280152035329700795293889355277633235554290181731583963896545283708550798937691796831540083280954013969081834852044711745750936591265486142590658887384357622867085996692586453058919153585952060415957522567566865538187811250229599842059880481947984178097859188998403958821704789800639826276154408227101968478017808199641072860113261734126894755184038936912559481727105509595689327789267565191530603413648113580189237367411627675879529633249741994303516453677678521324683215227106384712283355774698004157722775919064993868695546717608676139159127248272395644088628199789194420600678394860669872898149881336255645905236264827030530778263185426425826830508741788222637746732950503136787445596072140641769084011050199547964762108602695696868697479105920699656724194209208927787670365658020490179101055264906777280787220833255109674012931739455556181048334150405716056988728419714676028698702146613948212409468885688445054859296495703365322418876342807192361867691603553603484189161638461609915657875766438774225817439333500654756070274233574893078501732464066401097468488	1,-4,3,3,3,3,3,3,3,3,3,3	4,3,3,3,3,3,3,3,3,3,3	ok
-1.747748	12.552553	-53.093575	0.682577	continued:5	24739664234858138982047535273920704865888201889876711837493816699690678265963591165069870505023217046633362579621148489165328977987949899797415602900085081435628786567950676391780949633448253616219680559998014214784634910618447122667639804607217055610037222276897125660535867393387520758988742191975475097134159821776175469287214857624750265388130867415580412873925910271279382629434282479656095907178473638142326186864698341018602123575843883404208311798618679388046194707946385968872279636660172423920762823771748609336176990325713506490614247467311351878471253089939596514261196666267475682898635077588364628629417296554229734815495315011752337585393015754405944996164827318009845582551593321289722257247006063686910061456841431892563940020873466746931070957111770150069590359792388197563206227771911411885143855184505614961998508226343153531223089971459935049708039359327667779120430067461929055441744031224422705223831560005091108633317128720548165517033711719448300771525660964913525817712220131912105082815080054605883136048554894173783193438041716508681297001277350562437894851607688119124032266056066591963623197071229719772200831481260746898621517899928612391918713268983151048632780119648896253765940151777173575597570025320253082336116946689981147789765900355562110523987436189411566954756946831913765892283629482126668117215787661175622538482371666841405595054624551275871666632475049764341931929868507018454948365774171910807496638367218687366613903751947086947394002612630474683257999387223688134848014104823955551645010680263372366206458226198558279883447844315148180302724249331888726196930807213187997142652942313186005148224878224024593537200103980637926868603500896185830904692094904758235554768415409124757267836161356776521732484146109863946926378105041694979170269733992817805415234240628485488200053302199364211031646323082439647263607276631895871769259044401451363766451126814443473134220489198884697731101960802990910300139680959518854832128513597114746389737973151315057975842081443516593123962467786526070102139874765749035637088432614260030772344792316488840415153698481155126035457741137680097748660410763036811870095293313414540437283852893333234643562710973384060038416228190613325616933189150517789061901654152308030489428549857055082465581427407486143000730202660813809057790100346399768338483335257539245860316494779637880208922066168766414992991208014608723526	7034154424642401747454328459501917449685654526340289234293828087926975613698802301253003986901229215126768695382654920627455886105135280152035329700795293889355277633235554290181731583963896545283708550798937691796831540083280954013969081834852044711745750936591265486142590658887384357622867085996692586453058919153585952060415957522567566865538187811250229599842059880481947984178097859188998403958821704789800639826276154408227101968478017808199641072860113261734126894755184038936912559481727105509595689327789267565191530603413648113580189237367411627675879529633249741994303516453677678521324683215227106384712283355774698004157722775919064993868695546717608676139159127248272395644088628199789194420600678394860669872898149881336255645905236264827030530778263185426425826830508741788222637746732950503136787445596072140641769084011050199547964762108602695696868697479105920699656724194209208927787670365658020490179101055264906777280787220833255109674012931739455556181048334150405716056988728419714676028698702146613948212409468885688445054859296495703365322418876342807192361867691603553603484189161638461609915657875766438774225817439333500654756070274233574893078501732464066401097468488	1,3,3,3,3,3,3,3,3,3,3,3	4,3,3,3,3,3,3,3,3,3,3	ok
-1.743744	12.552553	-54.059848	0.680994	continued:5	24739664234858138982047535273920704865888201889876711837493816699690678265963591165069870505023217046633362579621148489165328977987949899797415602900085081435628786567950676391780949633448253616219680559998014214784634910618447122667639804607217055610037222276897125660535867393387520758988742191975475097134159821776175469287214857624750265388130867415580412873925910271279382629434282479656095907178473638142326186864698341018602123575843883404208311798618679388046194707946385968872279636660172423920762823771748609336176990325713506490614247467311351878471253089939596514261196666267475682898635077588364628629417296554229734815495315011752337585393015754405944996164827318009845582551593321289722257247006063686910061456841431892563940020873466746931070957111770150069590359792388197563206227771911411885143855184505614961998508226343153531223089971459935049708039359327667779120430067461929055441744031224422705223831560005091108633317128720548165517033711719448300771525660964913525817712220131912105082815080054605883136048554894173783193438041716508681297001277350562437894851607688119124032266056066591963623197071229719772200831481260746898621517899928612391918713268983151048632780119648896253765940151777173575597570025320253082336116946689981147789765900355562110523987436189411566954756946831913765892283629482126668117215787661175622538482371666841405595054624551275871666632475049764341931929868507018454948365774171910807496638367218687366613903751947086947394002612630474683257999387223688134848014104823955551645010680263372366206458226198558279883447844315148180302724249331888726196930807213187997142652942313186005148224878224024593537200103980637926868603500896185830904692094904758235554768415409124757267836161356776521732484146109863946926378105041694979170269733992817805415234240628485488200053302199364211031646323082439647263607276631895871769259044401451363766451126814443473134220489198884697731101960802990910300139680959518854832128513597114746389737973151315057975842081443516593123962467786526070102139874765749035637088432614260030772344792316488840415153698481155126035457741137680097748660410763036811870095293313414540437283852893333234643562710973384060038416228190613325616933189150517789061901654152308030489428549857055082465581427407486143000730202660813809057790100346399768338483335257539245860316494779637880208922066168766414992991208014608723526	7034154424642401747454328459501917449685654526340289234293828087926975613698802301253003986901229215126768695382654920627455886105135280152035329700795293889355277633235554290181731583963896545283708550798937691796831540083280954013969081834852044711745750936591265486142590658887384357622867085996692586453058919153585952060415957522567566865538187811250229599842059880481947984178097859188998403958821704789800639826276154408227101968478017808199641072860113261734126894755184038936912559481727105509595689327789267565191530603413648113580189237367411627675879529633249741994303516453677678521324683215227106384712283355774698004157722775919064993868695546717608676139159127248272395644088628199789194420600678394860669872898149881336255645905236264827030530778263185426425826830508741788222637746732950503136787445596072140641769084011050199547964762108602695696868697479105920699656724194209208927787670365658020490179101055264906777280787220833255109674012931739455556181048334150405716056988728419714676028698702146613948212409468885688445054859296495703365322418876342807192361867691603553603484189161638461609915657875766438774225817439333500654756070274233574893078501732464066401097468488	1,3,3,3,3,3,3,3,3,3,3,3	4,3,3,3,3,3,3,3,3,3,3	ok
-1.739740	12.552553	-54.727319	0.683787	full	24739664234858138982047535273920704865888201889876711837493816699690678265963591165069870505023217046633362579621148489165328977987949899797415602900085081435628786567950676391780949633448253616219680559998014214784634910618447122667639804607217055610037222276897125660535867393387520758988742191975475097134159821776175469287214857624750265388130867415580412873925910271279382629434282479656095907178473638142326186864698341018602123575843883404208311798618679388046194707946385968872279636660172423920762823771748609336176990325713506490614247467311351878471253089939596514261196666267475682898635077588364628629417296554229734815495315011752337585393015754405944996164827318009845582551593321289722257247006063686910061456841431892563940020873466746931070957111770150069590359792388197563206227771911411885143855184505614961998508226343153531223089971459935049708039359327667779120430067461929055441744031224422705223831560005091108633317128720548165517033711719448300771525660964913525817712220131912105082815080054605883136048554894173783193438041716508681297001277350562437894851607688119124032266056066591963623197071229719772200831481260746898621517899928612391918713268983151048632780119641862099341297750029719247138068107870567427809776657455687319701838924741863308222734432202510337739630178136531110971656173596021532837063752331474827244593016389208170040764442819691907770087191341213542994238071675478371667411760202828972644593655472936430022638265804496288506618255007607597261306800770629215694428152763539594122443113397834178395207996598716220002965896330970082443535250927929904492141006573361720988244715211217527130416678582951733423938369853743171684564563983626349177586585309068907765500850217594153854188047776587284365072518433984417293128363047391462716592055471493359419811107561342379892318778123925091563362374613867366678251457873793628074433727030300530950329229975263034924403251033542199868020318082547039853201861477386663713823422139778523859265843416231918568932910666969700151238740942339401304783089680591040988665406081595115408547281380162869428403417683884461842344285716707869589494202888211027076797507049117122865083118647547742153521842961992278245772944988321821569733799225419188854384961205608576158230616860757999397989539066443962861226899321589864179340820711868686349448121813826870507375443712146219837353948680559747483860596315536999095	7034154424642401747454328459501917449685654526340289234293828087926975613698802301253003986901229215126768695382654920627455886105135280152035329700795293889355277633235554290181731583963896545283708550798937691796831540083280954013969081834852044711745750936591265486142590658887384357622867085996692586453058919153585952060415957522567566865538187811250229599842059880481947984178097859188998403958821704789800639826276154408227101968478017808199641072860113261734126894755184038936912559481727105509595689327789267565191530603413648113580189237367411627675879529633249741994303516453677678521324683215227106384712283355774698004157722775919064993868695546717608676139159127248272395644088628199789194420600678394860669872898149881336255645905236264827030530778263185426425826830508741788222637746732950503136787445596072140641769084011050199547964762108602695696868697479105920699656724194209208927787670365658020490179101055264906777280787220833255109674012931739455556181048334150405716056988728419714676028698702146613948212409468885688445054859296495703365322418876342807192361867691603553603484189161638461609915657875766438774225817439333500654756070274233574893078501732464066401097468488	-1,3,3,3,3,3,3,3,3,3,3,3	4,3,3,3,3,3,3,3,3,3,3	ok
-1.735736	12.552553	-44.933457	0.679058	continued:5	24739664234858138982047535273920704865888201889876711837493816699690678265963591165069870505023217046633362579621148489165328977987949899797415602900085081435628786567950676391780949633448253616219680559998014214784634910618447122667639804607217055610037222276897125660535867393387520758988742191975881454668757766456386039099618304136651166884285837894817315224103333988986022139294086321685154999346340705988103078279492809641656432950215478117816222205266648568411397418925046010008480574710698821954765024242012324702958840527170691397468834926110714722062344576291849261675828451121993701604116535828610494398858073192433728929874800133162657855679334648028974130744805195983254778166504043858756600786845441298121283027836349047833375238491618175326353210956094314167716502406167476033025536651753033790053751206652384585746115239561996892536666131683827025813468403181407673361179171245419483790320448563829803597121039061081903977294706476632363273453702462195417251028018906861626078936533343480076925181509854593577050552299348783155956422201185632761576292754100011590188442168211102949925619627047439598534360546055031000281001928203258611405909641923152552286611404351267570680350001051764003611431723102891459507229038125977844333773195319673886775726584071280740074748143013852473893640046309244383736757829061042216743645633347384050504715465958975669511966164724718215857335142426010105280569572745908020015784731679605501168548970540868090904487631863112542385276273915778797867692769863630216665707341765679080418605607952515462826668569733336850666512404315663807426783960360152165258610738960418667902249763401361322801759365248523640991348784955793696792730235461603233735532223861267261730199125544472526119734296814058143421496026752678416184043077702253006159278576793917270934954507362250134974756600064980355974246236738312106192644676885429201388740589727567838602565062245556577369616797798434031944915542269166251604936898217266392868070791768796748304912057180009945364921817319752996573679184733554655983624963076175623731390750369279689473092910932200723218513987163979367846045843270395620755908614303910995934167021980861032608901385201356450416691089289030331329309712219104513698029639367086553141025135747402643485892404403110168710394797971352256549789298741407292400652495708557676198579731719136359769310090742986854063072073831063000898335193423886180454	7034154424642401747454328459501917449685654526340289234293828087926975613698802301253003986901229215126768695382654920627455886105135280152035329700795293889355277633235554290181731583963896545283708550798937691796831540083280954013969081834852044711745750936591265486142590658887384357622867085996692586453058919153585952060415957522567566865538187811250229599842059880481947984178097859188998403958821704789800639826276154408227101968478017808199641072860113261734126894755184038936912559481727105509595689327789267565191530603413648113580189237367411627675879529633249741994303516453677678521324683215227106384712283355774698004157722775919064993868695546717608676139159127248272395644088628199789194420600678394860669872898149881336255645905236264827030530778263185426425826830508741788222637746732950503136787445596072140641769084011050199547964762108602695696868697479105920699656724194209208927787670365658020490179101055264906777280787220833255109674012931739455556181048334150405716056988728419714676028698702146613948212409468885688445054859296495703365322418876342807192361867691603553603484189161638461609915657875766438774225817439333500654756070274233574893078501732464066401097468488	1,4,-4,3,3,3,3,3,3,3,3,3	4,3,3,3,3,3,3,3,3,3,3	ok
-1.731732	12.552553	-47.755819	0.676265	continued:5	24739664234858138982047535273920704865888201889876711837493816699690678265963591165069870505023217046633362579621148489165328977987949899797415602900085081435628786567950676391780949633448253616219680559998014214784634910618447122667639804607217055610037222276897125660535867393387520758988742191975881454668757766456386039099618304136651166884285837894817315224103333988986022139294086321685154999346340705988103078279492809641656432950215478117816222205266648568411397418925046010008480574710698821954765024242012324702958840527170691397468834926110714722062344576291849261675828451121993701604116535828610494398858073192433728929874800133162657855679334648028974130744805195983254778166504043858756600786845441298121283027836349047833375238491618175326353210956094314167716502406167476033025536651753033790053751206652384585746115239561996892536666131683827025813468403181407673361179171245419483790320448563829803597121039061081903977294706476632363273453702462195417251028018906861626078936533343480076925181509854593577050552299348783155956422201185632761576292754100011590188442168211102949925619627047439598534360546055031000281001928203258611405909641923152552286611404351267570680350001044729849186789321355437131047727120676292189807432906085380058687799608457581937773495139026951244678513277613861728816130373174937081463493598017683255210826110681342433957675982993134251960789858717459306342877775914367936734830717710523666316504258795117154313222145720521883497891916292911711870942414201926350419099196182041558458852669694799716470387720658913568772905517851660359251564194906312359993536302594461201205814813364243487382538064752384471527991383161489496287219055618416977391556773152044361959224592255922914763146624733791793234884228269491686572370561122358191734871317157403300721227535427278184179832808477802155886664674546664448633464039357178589574023806881908868927363175457163132612845247338917801808442014062927952175444045551194292750352842179707621874236325923969001960309070418402519472931209154301979012715091700381210661591775065253592970502149740019302580102036621602009583547456412069724783890752412941427816427630992358055671440291697323641108104814511990652786578615781378311520779879224049972899387484072081452158188752260262346042308831125890705442247641756342430965397140630918348462867204333651681130135756008606982010861779317726351482664456626260809784	7034154424642401747454328459501917449685654526340289234293828087926975613698802301253003986901229215126768695382654920627455886105135280152035329700795293889355277633235554290181731583963896545283708550798937691796831540083280954013969081834852044711745750936591265486142590658887384357622867085996692586453058919153585952060415957522567566865538187811250229599842059880481947984178097859188998403958821704789800639826276154408227101968478017808199641072860113261734126894755184038936912559481727105509595689327789267565191530603413648113580189237367411627675879529633249741994303516453677678521324683215227106384712283355774698004157722775919064993868695546717608676139159127248272395644088628199789194420600678394860669872898149881336255645905236264827030530778263185426425826830508741788222637746732950503136787445596072140641769084011050199547964762108602695696868697479105920699656724194209208927787670365658020490179101055264906777280787220833255109674012931739455556181048334150405716056988728419714676028698702146613948212409468885688445054859296495703365322418876342807192361867691603553603484189161638461609915657875766438774225817439333500654756070274233574893078501732464066401097468488	-1,4,-4,3,3,3,3,3,3,3,3,3	4,3,3,3,3,3,3,3,3,3,3	ok
-1.727728	12.552553	-49.995202	0.679058	continued:5	24739664234858138982047535273920704865888201889876711837493816699690678265963591165069870505023217046633362579621148489165328977987949899797415602900085081435628786567950676391780949633448253616219680559998014214784634910618447122667639804607217055610037222276897125660535867393387520758988742191975881454668757766456386039099618304136651166884285837894817315224103333988986022139294086321685154999346340705988103078279492809641656432950215478117816222205266648568411397418925046010008480574710698821954765024242012324702958840527170691397468834926110714722062344576291849261675828451121993701604116535828610494398858073192433728929874800133162657855679334648028974130744805195983254778166504043858756600786845441298121283027836349047833375238491618175326353210956094314167716502406167476033025536651753033790053751206652384585746115239561996892536666131683827025813468403181407673361179171245419483790320448563829803597121039061081903977294706476632363273453702462195417251028018906861626078936533343480076925181509854593577050552299348783155956422201185632761576292754100011590188442168211102949925619627047439598534360546055031000281001928203258611405909641923152552286611404351267570680350001051764003611431723102891459507229038125977844333773195319673886775726584071280740074748143013852473893640046309244383736757829061042216743645633347384050504715465958975669511966164724718215857335142426010105280569572745908020015784731679605501168548970540868090904487631863112542385276273915778797867692769863630216665707341765679080418605607952515462826668569733336850666512404315663807426783960360152165258610738960418667902249763401361322801759365248523640991348784955793696792730235461603233735532223861267261730199125544472526119734296814058143421496026752678416184043077702253006159278576793917270934954507362250134974756600064980355974246236738312106192644676885429201388740589727567838602565062245556577369616797798434031944915542269166251604936898217266392868070791768796748304912057180009945364921817319752996573679184733554655983624963076175623731390750369279689473092910932200723218513987163979367846045843270395620755908614303910995934167021980861032608901385201356450416691089289030331329309712219104513698029639367086553141025135747402643485892404403110168710394797971352256549789298741407292400652495708557676198579731719136359769310090742986854063072073831063000898335193423886180454	7034154424642401747454328459501917449685654526340289234293828087926975613698802301253003986901229215126768695382654920627455886105135280152035329700795293889355277633235554290181731583963896545283708550798937691796831540083280954013969081834852044711745750936591265486142590658887384357622867085996692586453058919153585952060415957522567566865538187811250229599842059880481947984178097859188998403958821704789800639826276154408227101968478017808199641072860113261734126894755184038936912559481727105509595689327789267565191530603413648113580189237367411627675879529633249741994303516453677678521324683215227106384712283355774698004157722775919064993868695546717608676139159127248272395644088628199789194420600678394860669872898149881336255645905236264827030530778263185426425826830508741788222637746732950503136787445596072140641769084011050199547964762108602695696868697479105920699656724194209208927787670365658020490179101055264906777280787220833255109674012931739455556181048334150405716056988728419714676028698702146613948212409468885688445054859296495703365322418876342807192361867691603553603484189161638461609915657875766438774225817439333500654756070274233574893078501732464066401097468488	1,4,-4,3,3,3,3,3,3,3,3,3	4,3,3,3,3,3,3,3,3,3,3	ok
-1.723724	12.552553	-51.749015	0.676265	continued:5	24739664234858138982047535273920704865888201889876711837493816699690678265963591165069870505023217046633362579621148489165328977987949899797415602900085081435628786567950676391780949633448253616219680559998014214784634910618447122667639804607217055610037222276897125660535867393387520758988742191975475097134159821776175469287214857624750265388130867415580412873925910271279382629434282479656095907178473638142326186864698341018602123575843883404208311798618679388046194707946385968872279636660172423920762823771748609336176990325713506490614247467311351878471253089939596514261196666267475682898635911908731494486904182965558798994916608466464004782386781525115550402067143147698500136991417807965993746533707493179716917949661657133802752099530380500629832889813766318693972247359960254936881029359545309059646697237241209564888106340558287762532356251637258398401846377922451692640383953053577384608293675046043906591724400907098081482508558109337883729893322775980233270148019416024194836854355986212330386751079897066437531206720139847788674454652536826169059736982479309839712946775980354134355139497105828903507866078114564099313317787443741699279748434354864282108704676095037950494415256286947674165215467011934336553759737348070667660729652527691915524397132869044793555135790945494632065951377818748685518516479034794485428017780031261929221756098004903764351710174074844549113456838125655876793700512133425260342617476046558297710108766178288887240737798673301869429288319632256269224724668118265584051039693265751490627862607736193791619996924278218459408639304584274718151680345670626647042637465459333318707082180800379032160407700099946372273650109970829696969322175580229736541987822471625057604097666274467304974823124064415536558817454629227310911087581946904520455445924560288173037899050385771129593893146284308657261004326107960933559964709592206298596961112903770872901440318443453171554758225380134568194504159026648154323501531880018861899217167303094558259573981342381830990525357646886212154509626273491764433578135680230268485973309763063753935018741388115359454941833970836305152734074505673796423449794831627213811331944435707956109414709408651771661558155162281828345864121923257396908138558521907693044066844381944344400836176940887335408175932108340927491158211920187826439457183894751945801208155053128226111876203662293316013857402850461225442249349855649160489	7034154424642401747454328459501917449685654526340289234293828087926975613698802301253003986901229215126768695382654920627455886105135280152035329700795293889355277633235554290181731583963896545283708550798937691796831540083280954013969081834852044711745750936591265486142590658887384357622867085996692586453058919153585952060415957522567566865538187811250229599842059880481947984178097859188998403958821704789800639826276154408227101968478017808199641072860113261734126894755184038936912559481727105509595689327789267565191530603413648113580189237367411627675879529633249741994303516453677678521324683215227106384712283355774698004157722775919064993868695546717608676139159127248272395644088628199789194420600678394860669872898149881336255645905236264827030530778263185426425826830508741788222637746732950503136787445596072140641769084011050199547964762108602695696868697479105920699656724194209208927787670365658020490179101055264906777280787220833255109674012931739455556181048334150405716056988728419714676028698702146613948212409468885688445054859296495703365322418876342807192361867691603553603484189161638461609915657875766438774225817439333500654756070274233574893078501732464066401097468488	1,-4,3,3,3,3,3,3,3,3,3,3	4,3,3,3,3,3,3,3,3,3,3	ok
-1.719720	12.552553	-53.120627	0.673472	continued:5	24739664234858138982047535273920704865888201889876711837493816699690678265963591165069870505023217046633362579621148489165328977987949899797415602900085081435628786567950676391780949633448253616219680559998014214784634910618447122667639804607217055610037222276897125660535867393387520758988742191975475097134159821776175469287214857624750265388130867415580412873925910271279382629434282479656095907178473638142326186864698341018602123575843883404208311798618679388046194707946385968872279636660172423920762823771748609336176990325713506490614247467311351878471253089939596514261196666267475682898635077588364628629417296554229734815495315011752337585393015754405944996164827318009845582551593321289722257247006063686910061456841431892563940020873466746931070957111770150069590359792388197563206227771911411885143855184505614961998508226343153531223089971459935049708039359327667779120430067461929055441744031224422705223831560005091108633317128720548165517033711719448300771525660964913525817712220131912105082815080054605883136048554894173783193438041716508681297001277350562437894851607688119124032266056066591963623197071229719772200831481260746898621517899928612391918713268983151048632780119641862099341297750029719247138068107870567427809776657455687319701838924741863308222734432202510337739630178136531110971656173596021532837063752331474827244593016389208170040764442819691907770087191341213542994238071675478371667411760202828972644593655472936430022638265804496288506618255007607597261306800770629215694428152763539594122443113397834178395207996598716220002965896330970082443535250927929904492141006573361720988244715211217527130416678582951733423938369853743171684564563983626349177586585309068907765500850217594153854188047776587284365072518433984417293128363047391462716592055471493359419811107561342379892318778123925091563362374613867366678251457873793628074433727030300530950329229975263034924403251033542199868020318082547039853201861477386663713823422139778523859265843416231918568932910666969700151238740942339401304783089680591040988665406081595115408547281380162869428403417683884461842344285716707869589494202888211027076797507049117122865083118647547742153521842961992278245772944988321821569733799225419188854384961205608576158230616860757999397989539066443962861226899321589864179340820711868686349448121813826870507375443712146219837353948680559747483860596315536999095	7034154424642401747454328459501917449685654526340289234293828087926975613698802301253003986901229215126768695382654920627455886105135280152035329700795293889355277633235554290181731583963896545283708550798937691796831540083280954013969081834852044711745750936591265486142590658887384357622867085996692586453058919153585952060415957522567566865538187811250229599842059880481947984178097859188998403958821704789800639826276154408227101968478017808199641072860113261734126894755184038936912559481727105509595689327789267565191530603413648113580189237367411627675879529633249741994303516453677678521324683215227106384712283355774698004157722775919064993868695546717608676139159127248272395644088628199789194420600678394860669872898149881336255645905236264827030530778263185426425826830508741788222637746732950503136787445596072140641769084011050199547964762108602695696868697479105920699656724194209208927787670365658020490179101055264906777280787220833255109674012931739455556181048334150405716056988728419714676028698702146613948212409468885688445054859296495703365322418876342807192361867691603553603484189161638461609915657875766438774225817439333500654756070274233574893078501732464066401097468488	-1,3,3,3,3,3,3,3,3,3,3,3	4,3,3,3,3,3,3,3,3,3,3	ok
-1.715716	12.552553	-54.121799	0.676265	continued:5	24739664234858138982047535273920704865888201889876711837493816699690678265963591165069870505023217046633362579621148489165328977987949899797415602900085081435628786567950676391780949633448253616219680559998014214784634910618447122667639804607217055610037222276897125660535867393387520758988742191975475097134159821776175469287214857624750265388130867415580412873925910271279382629434282479656095907178473638142326186864698341018602123575843883404208311798618679388046194707946385968872279636660172423920762823771748609336176990325713506490614247467311351878471253089939596514261196666267475682898635077588364628629417296554229734815495315011752337585393015754405944996164827318009845582551593321289722257247006063686910061456841431892563940020873466746931070957111770150069590359792388197563206227771911411885143855184505614961998508226343153531223089971459935049708039359327667779120430067461929055441744031224422705223831560005091108633317128720548165517033711719448300771525660964913525817712220131912105082815080054605883136048554894173783193438041716508681297001277350562437894851607688119124032266056066591963623197071229719772200831481260746898621517899928612391918713268983151048632780119648896253765940151777173575597570025320253082336116946689981147789765900355562110523987436189411566954756946831913765892283629482126668117215787661175622538482371666841405595054624551275871666632475049764341931929868507018454948365774171910807496638367218687366613903751947086947394002612630474683257999387223688134848014104823955551645010680263372366206458226198558279883447844315148180302724249331888726196930807213187997142652942313186005148224878224024593537200103980637926868603500896185830904692094904758235554768415409124757267836161356776521732484146109863946926378105041694979170269733992817805415234240628485488200053302199364211031646323082439647263607276631895871769259044401451363766451126814443473134220489198884697731101960802990910300139680959518854832128513597114746389737973151315057975842081443516593123962467786526070102139874765749035637088432614260030772344792316488840415153698481155126035457741137680097748660410763036811870095293313414540437283852893333234643562710973384060038416228190613325616933189150517789061901654152308030489428549857055082465581427407486143000730202660813809057790100346399768338483335257539245860316494779637880208922066168766414992991208014608723526	7034154424642401747454328459501917449685654526340289234293828087926975613698802301253003986901229215126768695382654920627455886105135280152035329700795293889355277633235554290181731583963896545283708550798937691796831540083280954013969081834852044711745750936591265486142590658887384357622867085996692586453058919153585952060415957522567566865538187811250229599842059880481947984178097859188998403958821704789800639826276154408227101968478017808199641072860113261734126894755184038936912559481727105509595689327789267565191530603413648113580189237367411627675879529633249741994303516453677678521324683215227106384712283355774698004157722775919064993868695546717608676139159127248272395644088628199789194420600678394860669872898149881336255645905236264827030530778263185426425826830508741788222637746732950503136787445596072140641769084011050199547964762108602695696868697479105920699656724194209208927787670365658020490179101055264906777280787220833255109674012931739455556181048334150405716056988728419714676028698702146613948212409468885688445054859296495703365322418876342807192361867691603553603484189161638461609915657875766438774225817439333500654756070274233574893078501732464066401097468488	1,3,3,3,3,3,3,3,3,3,3,3	4,3,3,3,3,3,3,3,3,3,3	ok
-1.711712	12.552553	-54.777231	0.679058	full	24739664234858138982047535273920704865888201889876711837493816699690678265963591165069870505023217046633362579621148489165328977987949899797415602900085081435628786567950676391780949633448253616219680559998014214784634910618447122667639804607217055610037222276897125660535867393387520758988742191975475097134159821776175469287214857624750265388130867415580412873925910271279382629434282479656095907178473638142326186864698341018602123575843883404208311798618679388046194707946385968872279636660172423920762823771748609336176990325713506490614247467311351878471253089939596514261196666267475682898635077588364628629417296554229734815495315011752337585393015754405944996164827318009845582551593321289722257247006063686910061456841431892563940020873466746931070957111770150069590359792388197563206227771911411885143855184505614961998508226343153531223089971459935049708039359327667779120430067461929055441744031224422705223831560005091108633317128720548165517033711719448300771525660964913525817712220131912105082815080054605883136048554894173783193438041716508681297001277350562437894851607688119124032266056066591963623197071229719772200831481260746898621517899928612391918713268983151048632780119641862099341297750029719247138068107870567427809776657455687319701838924741863308222734432202510337739630178136531110971656173596021532837063752331474827244593016389208170040764442819691907770087191341213542994238071675478371667411760202828972644593655472936430022638265804496288506618255007607597261306800770629215694428152763539594122443113397834178395207996598716220002965896330970082443535250927929904492141006573361720988244715211217527130416678582951733423938369853743171684564563983626349177586585309068907765500850217594153854188047776587284365072518433984417293128363047391462716592055471493359419811107561342379892318778123925091563362374613867366678251457873793628074433727030300530950329229975263034924403251033542199868020318082547039853201861477386663713823422139778523859265843416231918568932910666969700151238740942339401304783089680591040988665406081595115408547281380162869428403417683884461842344285716707869589494202888211027076797507049117122865083118647547742153521842961992278245772944988321821569733799225419188854384961205608576158230616860757999397989539066443962861226899321589864179340820711868686349448121813826870507375443712146219837353948680559747483860596315536999095	7034154424642401747454328459501917449685654526340289234293828087926975613698802301253003986901229215126768695382654920627455886105135280152035329700795293889355277633235554290181731583963896545283708550798937691796831540083280954013969081834852044711745750936591265486142590658887384357622867085996750355661703866246608145583637521959752938257715746356280849074423281893606886464003448175219765453839805265074436365957466696434950037117835419221300496139169463357401794304200505511179843186256343975450709222899770974533288549611356587672080266350186611798483186729611672516579894814424407259636513970213726971934971950794923791587178200087581562191647657559180637528250611814716782845658969675201886788393444756771550459516230136473528206238299429492852666072100117717949589089126430675731256040943404612746901350477100747975579252676970909871375794413069798975304026096502590761192181420638411950542377358262498386858325895972017861890969568117739390988502976937461093504032809308586274777039678542731096437726202177249760143036580241637651675321191327703652142847822668085966845461551107541656985064861435255355077639327735712527385484678639174334734379872052210294513336649415670736797625370668	-1,3,3,3,3,3,3,3,3,3,3,3	4,-4,3,3,3,3,3,3,3,3,3	ok
-1.707708	12.552553	-44.445735	0.668727	continued:5	24739664234858138982047535273920704865888201889876711837493816699690678265963591165069870505023217046633362579621148489165328977987949899797415602900085081435628786567950676391780949633448253616219680559998014214784634910618447122667639804607217055610037222276897125660535867393387520758988742191975881454668757766456386039099618304136651166884285837894817315224103333988986022139294086321685154999346340705988103078279492809641656432950215478117816222205266648568411397418925046010008480574710698821954765024242012324702958840527170691397468834926110714722062344576291849261675828451121993701604116535828610494398858073192433728929874800133162657855679334648028974130744805195983254778166504043858756600786845441298121283027836349047833375238491618175326353210956094314167716502406167476033025536651753033790053751206652384585746115239561996892536666131683827025813468403181407673361179171245419483790320448563829803597121039061081903977294706476632363273453702462195417251028018906861626078936533343480076925181509854593577050552299348783155956422201185632761576292754100011590188442168211102949925619627047439598534360546055031000281001928203258611405909641923152552286611404351267570680350001051764003611431723102891459507229038125977844333773195319673886775726584071280740074748143013852473893640046309244383736757829061042216743645633347384050504715465958975669511966164724718215857335142426010105280569572745908020015784731679605501168548970540868090904487631863112542385276273915778797867692769863630216665707341765679080418605607952515462826668569733336850666512404315663807426783960360152165258610738960418667902249763401361322801759365248523640991348784955793696792730235461603233735532223861267261730199125544472526119734296814058143421496026752678416184043077702253006159278576793917270934954507362250134974756600064980355974246236738312106192644676885429201388740589727567838602565062245556577369616797798434031944915542269166251604936898217266392868070791768796748304912057180009945364921817319752996573679184733554655983624963076175623731390750369279689473092910932200723218513987163979367846045843270395620755908614303910995934167021980861032608901385201356450416691089289030331329309712219104513698029639367086553141025135747402643485892404403110168710394797971352256549789298741407292400652495708557676198579731719136359769310090742986854063072073831063000898335193423886180454	7034154424642401747454328459501917449685654526340289234293828087926975613698802301253003986901229215126768695382654920627455886105135280152035329700795293889355277633235554290181731583963896545283708550798937691796831540083280954013969081834852044711745750936591265486142590658887384357622867085996750355661703866246608145583637521959752938257715746356280849074423281893606886464003448175219765453839805265074436365957466696434950037117835419221300496139169463357401794304200505511179843186256343975450709222899770974533288549611356587672080266350186611798483186729611672516579894814424407259636513970213726971934971950794923791587178200087581562191647657559180637528250611814716782845658969675201886788393444756771550459516230136473528206238299429492852666072100117717949589089126430675731256040943404612746901350477100747975579252676970909871375794413069798975304026096502590761192181420638411950542377358262498386858325895972017861890969568117739390988502976937461093504032809308586274777039678542731096437726202177249760143036580241637651675321191327703652142847822668085966845461551107541656985064861435255355077639327735712527385484678639174334734379872052210294513336649415670736797625370668	1,4,-4,3,3,3,3,3,3,3,3,3	4,-4,3,3,3,3,3,3,3,3,3	ok
-1.703704	12.552553	-47.505623	0.665933	continued:5	24739664234858138982047535273920704865888201889876711837493816699690678265963591165069870505023217046633362579621148489165328977987949899797415602900085081435628786567950676391780949633448253616219680559998014214784634910618447122667639804607217055610037222276897125660535867393387520758988742191975881454668757766456386039099618304136651166884285837894817315224103333988986022139294086321685154999346340705988103078279492809641656432950215478117816222205266648568411397418925046010008480574710698821954765024242012324702958840527170691397468834926110714722062344576291849261675828451121993701604116535828610494398858073192433728929874800133162657855679334648028974130744805195983254778166504043858756600786845441298121283027836349047833375238491618175326353210956094314167716502406167476033025536651753033790053751206652384585746115239561996892536666131683827025813468403181407673361179171245419483790320448563829803597121039061081903977294706476632363273453702462195417251028018906861626078936533343480076925181509854593577050552299348783155956422201185632761576292754100011590188442168211102949925619627047439598534360546055031000281001928203258611405909641923152552286611404351267570680350001051764003611431723102891459507229038125977844333773195319673886775726584071280740074748143013852473893640046309244383736757829061042216743645633347384050504715465958975669511966164724718215857335142426010105280569572745908020015784731679605501168548970540868090904487631863112542385276273915778797867692769863630216665707341765679080418605607952515462826668569733336850666512404315663807426783960360152165258610738960418667902249763401361322801759365248523640991348784955793696792730235461603233735532223861267261730199125544472526119734296814058143421496026752678416184043077702253006159278576793917270934954507362250134974756600064980355974246236738312106192644676885429201388740589727567838602565062245556577369616797798434031944915542269166251604936898217266392868070791768796748304912057180009945364921817319752996573679184733554655983624963076175623731390750369279689473092910932200723218513987163979367846045843270395620755908614303910995934167021980861032608901385201356450416691089289030331329309712219104513698029639367086553141025135747402643485892404403110168710394797971352256549789298741407292400652495708557676198579731719136359769310090742986854063072073831063000898335193423886180454	7034154424642401747454328459501917449685654526340289234293828087926975613698802301253003986901229215126768695382654920627455886105135280152035329700795293889355277633235554290181731583963896545283708550798937691796831540083280954013969081834852044711745750936591265486142590658887384357622867085996750355661703866246608145583637521959752938257715746356280849074423281893606886464003448175219765453839805265074436365957466696434950037117835419221300496139169463357401794304200505511179843186256343975450709222899770974533288549611356587672080266350186611798483186729611672516579894814424407259636513970213726971934971950794923791587178200087581562191647657559180637528250611814716782845658969675201886788393444756771550459516230136473528206238299429492852666072100117717949589089126430675731256040943404612746901350477100747975579252676970909871375794413069798975304026096502590761192181420638411950542377358262498386858325895972017861890969568117739390988502976937461093504032809308586274777039678542731096437726202177249760143036580241637651675321191327703652142847822668085966845461551107541656985064861435255355077639327735712527385484678639174334734379872052210294513336649415670736797625370668	1,4,-4,3,3,3,3,3,3,3,3,3	4,-4,3,3,3,3,3,3,3,3,3	ok
-1.699700	12.552553	-49.876190	0.663140	continued:5	24739664234858138982047535273920704865888201889876711837493816699690678265963591165069870505023217046633362579621148489165328977987949899797415602900085081435628786567950676391780949633448253616219680559998014214784634910618447122667639804607217055610037222276897125660535867393387520758988742191975881454668757766456386039099618304136651166884285837894817315224103333988986022139294086321685154999346340705988103078279492809641656432950215478117816222205266648568411397418925046010008480574710698821954765024242012324702958840527170691397468834926110714722062344576291849261675828451121993701604116535828610494398858073192433728929874800133162657855679334648028974130744805195983254778166504043858756600786845441298121283027836349047833375238491618175326353210956094314167716502406167476033025536651753033790053751206652384585746115239561996892536666131683827025813468403181407673361179171245419483790320448563829803597121039061081903977294706476632363273453702462195417251028018906861626078936533343480076925181509854593577050552299348783155956422201185632761576292754100011590188442168211102949925619627047439598534360546055031000281001928203258611405909641923152552286611404351267570680350001058798158036074124850345787966730955575663498860113484553967714863653559684979542376001147000753703108766815004627038657385284947147352023797668677084845798604821236608905066256346456302179753880426134560904218261369577448103296738745648687336020593682286619027495753118005703201272660631538645883864443125525334082912315487349316602378358546210231209182949418807760132560119290779667255602003725813991970523685175326376134598684713438479158220980665744662810454706186750097897298241415304789490079507674570490161501173658833022137476321968894324493608107825235865145795715594282147820583685836430431241148681479297222085769680391652158556061827798929959763751825314413679813203457372573226808277766949033950022126388348257950262081389070475404551034429750883338492985788741357885874735587788436050888769534564221103473674427160312807332954534834451970036801189725673305785975683672124382143856925937706356726108544230128721516727926476194880564051906412969364009546362478705389259725277364066070009872040808656830715875279399510123133382662787422723834813596056545957991378480764816813807657330955726472153835907850786197003934292259104621038408484425477366726115282368344399650314005930221511551125	7034154424642401747454328459501917449685654526340289234293828087926975613698802301253003986901229215126768695382654920627455886105135280152035329700795293889355277633235554290181731583963896545283708550798937691796831540083280954013969081834852044711745750936591265486142590658887384357622867085996750355661703866246608145583637521959752938257715746356280849074423281893606886464003448175219765453839805265074436365957466696434950037117835419221300496139169463357401794304200505511179843186256343975450709222899770974533288549611356587672080266350186611798483186729611672516579894814424407259636513970213726971934971950794923791587178200087581562191647657559180637528250611814716782845658969675201886788393444756771550459516230136473528206238299429492852666072100117717949589089126430675731256040943404612746901350477100747975579252676970909871375794413069798975304026096502590761192181420638411950542377358262498386858325895972017861890969568117739390988502976937461093504032809308586274777039678542731096437726202177249760143036580241637651675321191327703652142847822668085966845461551107541656985064861435255355077639327735712527385484678639174334734379872052210294513336649415670736797625370668	-2,4,-4,3,3,3,3,3,3,3,3,3	4,-4,3,3,3,3,3,3,3,3,3	ok
-1.695696	12.552553	-51.773077	0.665933	continued:5	24739664234858138982047535273920704865888201889876711837493816699690678265963591165069870505023217046633362579621148489165328977987949899797415602900085081435628786567950676391780949633448253616219680559998014214784634910618447122667639804607217055610037222276897125660535867393387520758988742191975475097134159821776175469287214857624750265388130867415580412873925910271279382629434282479656095907178473638142326186864698341018602123575843883404208311798618679388046194707946385968872279636660172423920762823771748609336176990325713506490614247467311351878471253089939596514261196666267475682898635911908731494486904182965558798994916608466464004782386781525115550402067143147698500136991417807965993746533707493179716917949661657133802752099530380500629832889813766318693972247359960254936881029359545309059646697237241209564888106340558287762532356251637258398401846377922451692640383953053577384608293675046043906591724400907098081482508558109337883729893322775980233270148019416024194836854355986212330386751079897066437531206720139847788674454652536826169059736982479309839712946775980354134355139497105828903507866078114564099313317787443741699279748434354864282108704676095037950494415256286947674165215467011934336553759737348070667660729652527691915524397132869044793555135790945494632065951377818748685518516479034794485428017780031261929221756098004903764351710174074844549113456838125655876793700512133425260342617476046558297710108766178288887240737798673301869429288319632256269224724668118265584051039693265751490627862607736193791619996924278218459408639304584274718151680345670626647042637465459333318707082180800379032160407700099946372273650109970829696969322175580229736541987822471625057604097666274467304974823124064415536558817454629227310911087581946904520455445924560288173037899050385771129593893146284308657261004326107960933559964709592206298596961112903770872901440318443453171554758225380134568194504159026648154323501531880018861899217167303094558259573981342381830990525357646886212154509626273491764433578135680230268485973309763063753935018741388115359454941833970836305152734074505673796423449794831627213811331944435707956109414709408651771661558155162281828345864121923257396908138558521907693044066844381944344400836176940887335408175932108340927491158211920187826439457183894751945801208155053128226111876203662293316013857402850461225442249349855649160489	7034154424642401747454328459501917449685654526340289234293828087926975613698802301253003986901229215126768695382654920627455886105135280152035329700795293889355277633235554290181731583963896545283708550798937691796831540083280954013969081834852044711745750936591265486142590658887384357622867085996750355661703866246608145583637521959752938257715746356280849074423281893606886464003448175219765453839805265074436365957466696434950037117835419221300496139169463357401794304200505511179843186256343975450709222899770974533288549611356587672080266350186611798483186729611672516579894814424407259636513970213726971934971950794923791587178200087581562191647657559180637528250611814716782845658969675201886788393444756771550459516230136473528206238299429492852666072100117717949589089126430675731256040943404612746901350477100747975579252676970909871375794413069798975304026096502590761192181420638411950542377358262498386858325895972017861890969568117739390988502976937461093504032809308586274777039678542731096437726202177249760143036580241637651675321191327703652142847822668085966845461551107541656985064861435255355077639327735712527385484678639174334734379872052210294513336649415670736797625370668	1,-4,3,3,3,3,3,3,3,3,3,3	4,-4,3,3,3,3,3,3,3,3,3	ok
-1.691692	12.552553	-53.197145	0.668727	continued:5	24739664234858138982047535273920704865888201889876711837493816699690678265963591165069870505023217046633362579621148489165328977987949899797415602900085081435628786567950676391780949633448253616219680559998014214784634910618447122667639804607217055610037222276897125660535867393387520758988742191975475097134159821776175469287214857624750265388130867415580412873925910271279382629434282479656095907178473638142326186864698341018602123575843883404208311798618679388046194707946385968872279636660172423920762823771748609336176990325713506490614247467311351878471253089939596514261196666267475682898635077588364628629417296554229734815495315011752337585393015754405944996164827318009845582551593321289722257247006063686910061456841431892563940020873466746931070957111770150069590359792388197563206227771911411885143855184505614961998508226343153531223089971459935049708039359327667779120430067461929055441744031224422705223831560005091108633317128720548165517033711719448300771525660964913525817712220131912105082815080054605883136048554894173783193438041716508681297001277350562437894851607688119124032266056066591963623197071229719772200831481260746898621517899928612391918713268983151048632780119641862099341297750029719247138068107870567427809776657455687319701838924741863308222734432202510337739630178136531110971656173596021532837063752331474827244593016389208170040764442819691907770087191341213542994238071675478371667411760202828972644593655472936430022638265804496288506618255007607597261306800770629215694428152763539594122443113397834178395207996598716220002965896330970082443535250927929904492141006573361720988244715211217527130416678582951733423938369853743171684564563983626349177586585309068907765500850217594153854188047776587284365072518433984417293128363047391462716592055471493359419811107561342379892318778123925091563362374613867366678251457873793628074433727030300530950329229975263034924403251033542199868020318082547039853201861477386663713823422139778523859265843416231918568932910666969700151238740942339401304783089680591040988665406081595115408547281380162869428403417683884461842344285716707869589494202888211027076797507049117122865083118647547742153521842961992278245772944988321821569733799225419188854384961205608576158230616860757999397989539066443962861226899321589864179340820711868686349448121813826870507375443712146219837353948680559747483860596315536999095	7034154424642401747454328459501917449685654526340289234293828087926975613698802301253003986901229215126768695382654920627455886105135280152035329700795293889355277633235554290181731583963896545283708550798937691796831540083280954013969081834852044711745750936591265486142590658887384357622867085996750355661703866246608145583637521959752938257715746356280849074423281893606886464003448175219765453839805265074436365957466696434950037117835419221300496139169463357401794304200505511179843186256343975450709222899770974533288549611356587672080266350186611798483186729611672516579894814424407259636513970213726971934971950794923791587178200087581562191647657559180637528250611814716782845658969675201886788393444756771550459516230136473528206238299429492852666072100117717949589089126430675731256040943404612746901350477100747975579252676970909871375794413069798975304026096502590761192181420638411950542377358262498386858325895972017861890969568117739390988502976937461093504032809308586274777039678542731096437726202177249760143036580241637651675321191327703652142847822668085966845461551107541656985064861435255355077639327735712527385484678639174334734379872052210294513336649415670736797625370668	-1,3,3,3,3,3,3,3,3,3,3,3	4,-4,3,3,3,3,3,3,3,3,3	ok
-1.687688	12.552553	-54.183825	0.671520	continued:5	24739664234858138982047535273920704865888201889876711837493816699690678265963591165069870505023217046633362579621148489165328977987949899797415602900085081435628786567950676391780949633448253616219680559998014214784634910618447122667639804607217055610037222276897125660535867393387520758988742191975475097134159821776175469287214857624750265388130867415580412873925910271279382629434282479656095907178473638142326186864698341018602123575843883404208311798618679388046194707946385968872279636660172423920762823771748609336176990325713506490614247467311351878471253089939596514261196666267475682898635077588364628629417296554229734815495315011752337585393015754405944996164827318009845582551593321289722257247006063686910061456841431892563940020873466746931070957111770150069590359792388197563206227771911411885143855184505614961998508226343153531223089971459935049708039359327667779120430067461929055441744031224422705223831560005091108633317128720548165517033711719448300771525660964913525817712220131912105082815080054605883136048554894173783193438041716508681297001277350562437894851607688119124032266056066591963623197071229719772200831481260746898621517899928612391918713268983151048632780119648896253765940151777173575597570025320253082336116946689981147789765900355562110523987436189411566954756946831913765892283629482126668117215787661175622538482371666841405595054624551275871666632475049764341931929868507018454948365774171910807496638367218687366613903751947086947394002612630474683257999387223688134848014104823955551645010680263372366206458226198558279883447844315148180302724249331888726196930807213187997142652942313186005148224878224024593537200103980637926868603500896185830904692094904758235554768415409124757267836161356776521732484146109863946926378105041694979170269733992817805415234240628485488200053302199364211031646323082439647263607276631895871769259044401451363766451126814443473134220489198884697731101960802990910300139680959518854832128513597114746389737973151315057975842081443516593123962467786526070102139874765749035637088432614260030772344792316488840415153698481155126035457741137680097748660410763036811870095293313414540437283852893333234643562710973384060038416228190613325616933189150517789061901654152308030489428549857055082465581427407486143000730202660813809057790100346399768338483335257539245860316494779637880208922066168766414992991208014608723526	7034154424642401747454328459501917449685654526340289234293828087926975613698802301253003986901229215126768695382654920627455886105135280152035329700795293889355277633235554290181731583963896545283708550798937691796831540083280954013969081834852044711745750936591265486142590658887384357622867085996750355661703866246608145583637521959752938257715746356280849074423281893606886464003448175219765453839805265074436365957466696434950037117835419221300496139169463357401794304200505511179843186256343975450709222899770974533288549611356587672080266350186611798483186729611672516579894814424407259636513970213726971934971950794923791587178200087581562191647657559180637528250611814716782845658969675201886788393444756771550459516230136473528206238299429492852666072100117717949589089126430675731256040943404612746901350477100747975579252676970909871375794413069798975304026096502590761192181420638411950542377358262498386858325895972017861890969568117739390988502976937461093504032809308586274777039678542731096437726202177249760143036580241637651675321191327703652142847822668085966845461551107541656985064861435255355077639327735712527385484678639174334734379872052210294513336649415670736797625370668	1,3,3,3,3,3,3,3,3,3,3,3	4,-4,3,3,3,3,3,3,3,3,3	ok
-1.683684	12.552553	-54.827591	0.674313	full	24739664234858138982047535273920704865888201889876711837493816699690678265963591165069870505023217046633362579621148489165328977987949899797415602900085081435628786567950676391780949633448253616219680559998014214784634910618447122667639804607217055610037222276897125660535867393387520758988742191975475097134159821776175469287214857624750265388130867415580412873925910271279382629434282479656095907178473638142326186864698341018602123575843883404208311798618679388046194707946385968872279636660172423920762823771748609336176990325713506490614247467311351878471253089939596514261196666267475682898635077588364628629417296554229734815495315011752337585393015754405944996164827318009845582551593321289722257247006063686910061456841431892563940020873466746931070957111770150069590359792388197563206227771911411885143855184505614961998508226343153531223089971459935049708039359327667779120430067461929055441744031224422705223831560005091108633317128720548165517033711719448300771525660964913525817712220131912105082815080054605883136048554894173783193438041716508681297001277350562437894851607688119124032266056066591963623197071229719772200831481260746898621517899928612391918713268983151048632780119641862099341297750029719247138068107870567427809776657455687319701838924741863308222734432202510337739630178136531110971656173596021532837063752331474827244593016389208170040764442819691907770087191341213542994238071675478371667411760202828972644593655472936430022638265804496288506618255007607597261306800770629215694428152763539594122443113397834178395207996598716220002965896330970082443535250927929904492141006573361720988244715211217527130416678582951733423938369853743171684564563983626349177586585309068907765500850217594153854188047776587284365072518433984417293128363047391462716592055471493359419811107561342379892318778123925091563362374613867366678251457873793628074433727030300530950329229975263034924403251033542199868020318082547039853201861477386663713823422139778523859265843416231918568932910666969700151238740942339401304783089680591040988665406081595115408547281380162869428403417683884461842344285716707869589494202888211027076797507049117122865083118647547742153521842961992278245772944988321821569733799225419188854384961205608576158230616860757999397989539066443962861226899321589864179340820711868686349448121813826870507375443712146219837353948680559747483860596315536999095	7034154424642401747454328459501917449685654526340289234293828087926975613698802301253003986901229215126768695382654920627455886105135280152035329700795293889355277633235554290181731583963896545283708550798937691796831540083280954013969081834852044711745750936591265486142590658887384357622867085996750355661703866246608145583637521959752938257715746356280849074423281893606886464003448175219765453839805265074436365957466696434950037117835419221300496139169463357401794304200505511179843186256343975450709222899770974533288549611356587672080266350186611798483186729611672516579894814424407259636513970213726971934971950794923791587178200087581562191647657559180637528250611814716782845658969675201886788393444756771550459516230136473528206238299429492852666072100117717949589089126430675731256040943404612746901350477100747975579252676970909871375794413069798975304026096502590761192181420638411950542377358262498386858325895972017861890969568117739390988502976937461093504032809308586274777039678542731096437726202177249760143036580241637651675321191327703652142847822668085966845461551107541656985064861435255355077639327735712527385484678639174334734379872052210294513336649415670736797625370668	-1,3,3,3,3,3,3,3,3,3,3,3	4,-4,3,3,3,3,3,3,3,3,3	ok
-1.679680	12.552553	-44.516736	0.663963	continued:5	24739664234858138982047535273920704865888201889876711837493816699690678265963591165069870505023217046633362579621148489165328977987949899797415602900085081435628786567950676391780949633448253616219680559998014214784634910618447122667639804607217055610037222276897125660535867393387520758988742191975881454668757766456386039099618304136651166884285837894817315224103333988986022139294086321685154999346340705988103078279492809641656432950215478117816222205266648568411397418925046010008480574710698821954765024242012324702958840527170691397468834926110714722062344576291849261675828451121993701604116535828610494398858073192433728929874800133162657855679334648028974130744805195983254778166504043858756600786845441298121283027836349047833375238491618175326353210956094314167716502406167476033025536651753033790053751206652384585746115239561996892536666131683827025813468403181407673361179171245419483790320448563829803597121039061081903977294706476632363273453702462195417251028018906861626078936533343480076925181509854593577050552299348783155956422201185632761576292754100011590188442168211102949925619627047439598534360546055031000281001928203258611405909641923152552286611404351267570680350001051764003611431723102891459507229038125977844333773195319673886775726584071280740074748143013852473893640046309244383736757829061042216743645633347384050504715465958975669511966164724718215857335142426010105280569572745908020015784731679605501168548970540868090904487631863112542385276273915778797867692769863630216665707341765679080418605607952515462826668569733336850666512404315663807426783960360152165258610738960418667902249763401361322801759365248523640991348784955793696792730235461603233735532223861267261730199125544472526119734296814058143421496026752678416184043077702253006159278576793917270934954507362250134974756600064980355974246236738312106192644676885429201388740589727567838602565062245556577369616797798434031944915542269166251604936898217266392868070791768796748304912057180009945364921817319752996573679184733554655983624963076175623731390750369279689473092910932200723218513987163979367846045843270395620755908614303910995934167021980861032608901385201356450416691089289030331329309712219104513698029639367086553141025135747402643485892404403110168710394797971352256549789298741407292400652495708557676198579731719136359769310090742986854063072073831063000898335193423886180454	7034154424642401747454328459501917449685654526340289234293828087926975613698802301253003986901229215126768695382654920627455886105135280152035329700795293889355277633235554290181731583963896545283708550798937691796831540083280954013969081834852044711745750936591265486142590658887384357622867085996750355661703866246608145583637521959752938257715746356280849074423281893606886464003448175219765453839805265074436365957466696434950037117835419221300496139169463357401794304200505511179843186256343975450709222899770974533288549611356587672080266350186611798483186729611672516579894814424407259636513970213726971934971950794923791587178200087581562191647657559180637528250611814716782845658969675201886788393444756771550459516230136473528206238299429492852666072100117717949589089126430675731256040943404612746901350477100747975579252676970909871375794413069798975304026096502590761192181420638411950542377358262498386858325895972017861890969568117739390988502976937461093504032809308586274777039678542731096437726202177249760143036580241637651675321191327703652142847822668085966845461551107541656985064861435255355077639327735712527385484678639174334734379872052210294513336649415670736797625370668	1,4,-4,3,3,3,3,3,3,3,3,3	4,-4,3,3,3,3,3,3,3,3,3	ok
-1.675676	12.552553	-47.591121	0.661170	continued:5	24739664234858138982047535273920704865888201889876711837493816699690678265963591165069870505023217046633362579621148489165328977987949899797415602900085081435628786567950676391780949633448253616219680559998014214784634910618447122667639804607217055610037222276897125660535867393387520758988742191975881454668757766456386039099618304136651166884285837894817315224103333988986022139294086321685154999346340705988103078279492809641656432950215478117816222205266648568411397418925046010008480574710698821954765024242012324702958840527170691397468834926110714722062344576291849261675828451121993701604116535828610494398858073192433728929874800133162657855679334648028974130744805195983254778166504043858756600786845441298121283027836349047833375238491618175326353210956094314167716502406167476033025536651753033790053751206652384585746115239561996892536666131683827025813468403181407673361179171245419483790320448563829803597121039061081903977294706476632363273453702462195417251028018906861626078936533343480076925181509854593577050552299348783155956422201185632761576292754100011590188442168211102949925619627047439598534360546055031000281001928203258611405909641923152552286611404351267570680350001051764003611431723102891459507229038125977844333773195319673886775726584071280740074748143013852473893640046309244383736757829061042216743645633347384050504715465958975669511966164724718215857335142426010105280569572745908020015784731679605501168548970540868090904487631863112542385276273915778797867692769863630216665707341765679080418605607952515462826668569733336850666512404315663807426783960360152165258610738960418667902249763401361322801759365248523640991348784955793696792730235461603233735532223861267261730199125544472526119734296814058143421496026752678416184043077702253006159278576793917270934954507362250134974756600064980355974246236738312106192644676885429201388740589727567838602565062245556577369616797798434031944915542269166251604936898217266392868070791768796748304912057180009945364921817319752996573679184733554655983624963076175623731390750369279689473092910932200723218513987163979367846045843270395620755908614303910995934167021980861032608901385201356450416691089289030331329309712219104513698029639367086553141025135747402643485892404403110168710394797971352256549789298741407292400652495708557676198579731719136359769310090742986854063072073831063000898335193423886180454	7034154424642401747454328459501917449685654526340289234293828087926975613698802301253003986901229215126768695382654920627455886105135280152035329700795293889355277633235554290181731583963896545283708550798937691796831540083280954013969081834852044711745750936591265486142590658887384357622867085996750355661703866246608145583637521959752938257715746356280849074423281893606886464003448175219765453839805265074436365957466696434950037117835419221300496139169463357401794304200505511179843186256343975450709222899770974533288549611356587672080266350186611798483186729611672516579894814424407259636513970213726971934971950794923791587178200087581562191647657559180637528250611814716782845658969675201886788393444756771550459516230136473528206238299429492852666072100117717949589089126430675731256040943404612746901350477100747975579252676970909871375794413069798975304026096502590761192181420638411950542377358262498386858325895972017861890969568117739390988502976937461093504032809308586274777039678542731096437726202177249760143036580241637651675321191327703652142847822668085966845461551107541656985064861435255355077639327735712527385484678639174334734379872052210294513336649415670736797625370668	1,4,-4,3,3,3,3,3,3,3,3,3	4,-4,3,3,3,3,3,3,3,3,3	ok
-1.671672	12.552553	-49.966442	0.658377	continued:5	24739664234858138982047535273920704865888201889876711837493816699690678265963591165069870505023217046633362579621148489165328977987949899797415602900085081435628786567950676391780949633448253616219680559998014214784634910618447122667639804607217055610037222276897125660535867393387520758988742191975881454668757766456386039099618304136651166884285837894817315224103333988986022139294086321685154999346340705988103078279492809641656432950215478117816222205266648568411397418925046010008480574710698821954765024242012324702958840527170691397468834926110714722062344576291849261675828451121993701604116535828610494398858073192433728929874800133162657855679334648028974130744805195983254778166504043858756600786845441298121283027836349047833375238491618175326353210956094314167716502406167476033025536651753033790053751206652384585746115239561996892536666131683827025813468403181407673361179171245419483790320448563829803597121039061081903977294706476632363273453702462195417251028018906861626078936533343480076925181509854593577050552299348783155956422201185632761576292754100011590188442168211102949925619627047439598534360546055031000281001928203258611405909641923152552286611404351267570680350001044729849186789321355437131047727120676292189807432906085380058687799608457581937773495139026951244678513277613861728816130373174937081463493598017683255210826110681342433957675982993134251960789858717459306342877775914367936734830717710523666316504258795117154313222145720521883497891916292911711870942414201926350419099196182041558458852669694799716470387720658913568772905517851660359251564194906312359993536302594461201205814813364243487382538064752384471527991383161489496287219055618416977391556773152044361959224592255922914763146624733791793234884228269491686572370561122358191734871317157403300721227535427278184179832808477802155886664674546664448633464039357178589574023806881908868927363175457163132612845247338917801808442014062927952175444045551194292750352842179707621874236325923969001960309070418402519472931209154301979012715091700381210661591775065253592970502149740019302580102036621602009583547456412069724783890752412941427816427630992358055671440291697323641108104814511990652786578615781378311520779879224049972899387484072081452158188752260262346042308831125890705442247641756342430965397140630918348462867204333651681130135756008606982010861779317726351482664456626260809784	7034154424642401747454328459501917449685654526340289234293828087926975613698802301253003986901229215126768695382654920627455886105135280152035329700795293889355277633235554290181731583963896545283708550798937691796831540083280954013969081834852044711745750936591265486142590658887384357622867085996750355661703866246608145583637521959752938257715746356280849074423281893606886464003448175219765453839805265074436365957466696434950037117835419221300496139169463357401794304200505511179843186256343975450709222899770974533288549611356587672080266350186611798483186729611672516579894814424407259636513970213726971934971950794923791587178200087581562191647657559180637528250611814716782845658969675201886788393444756771550459516230136473528206238299429492852666072100117717949589089126430675731256040943404612746901350477100747975579252676970909871375794413069798975304026096502590761192181420638411950542377358262498386858325895972017861890969568117739390988502976937461093504032809308586274777039678542731096437726202177249760143036580241637651675321191327703652142847822668085966845461551107541656985064861435255355077639327735712527385484678639174334734379872052210294513336649415670736797625370668	-1,4,-4,3,3,3,3,3,3,3,3,3	4,-4,3,3,3,3,3,3,3,3,3	ok
-1.667668	12.552553	-51.859900	0.661170	continued:5	24739664234858138982047535273920704865888201889876711837493816699690678265963591165069870505023217046633362579621148489165328977987949899797415602900085081435628786567950676391780949633448253616219680559998014214784634910618447122667639804607217055610037222276897125660535867393387520758988742191975475097134159821776175469287214857624750265388130867415580412873925910271279382629434282479656095907178473638142326186864698341018602123575843883404208311798618679388046194707946385968872279636660172423920762823771748609336176990325713506490614247467311351878471253089939596514261196666267475682898635911908731494486904182965558798994916608466464004782386781525115550402067143147698500136991417807965993746533707493179716917949661657133802752099530380500629832889813766318693972247359960254936881029359545309059646697237241209564888106340558287762532356251637258398401846377922451692640383953053577384608293675046043906591724400907098081482508558109337883729893322775980233270148019416024194836854355986212330386751079897066437531206720139847788674454652536826169059736982479309839712946775980354134355139497105828903507866078114564099313317787443741699279748434354864282108704676095037950494415256286947674165215467011934336553759737348070667660729652527691915524397132869044793555135790945494632065951377818748685518516479034794485428017780031261929221756098004903764351710174074844549113456838125655876793700512133425260342617476046558297710108766178288887240737798673301869429288319632256269224724668118265584051039693265751490627862607736193791619996924278218459408639304584274718151680345670626647042637465459333318707082180800379032160407700099946372273650109970829696969322175580229736541987822471625057604097666274467304974823124064415536558817454629227310911087581946904520455445924560288173037899050385771129593893146284308657261004326107960933559964709592206298596961112903770872901440318443453171554758225380134568194504159026648154323501531880018861899217167303094558259573981342381830990525357646886212154509626273491764433578135680230268485973309763063753935018741388115359454941833970836305152734074505673796423449794831627213811331944435707956109414709408651771661558155162281828345864121923257396908138558521907693044066844381944344400836176940887335408175932108340927491158211920187826439457183894751945801208155053128226111876203662293316013857402850461225442249349855649160489	7034154424642401747454328459501917449685654526340289234293828087926975613698802301253003986901229215126768695382654920627455886105135280152035329700795293889355277633235554290181731583963896545283708550798937691796831540083280954013969081834852044711745750936591265486142590658887384357622867085996750355661703866246608145583637521959752938257715746356280849074423281893606886464003448175219765453839805265074436365957466696434950037117835419221300496139169463357401794304200505511179843186256343975450709222899770974533288549611356587672080266350186611798483186729611672516579894814424407259636513970213726971934971950794923791587178200087581562191647657559180637528250611814716782845658969675201886788393444756771550459516230136473528206238299429492852666072100117717949589089126430675731256040943404612746901350477100747975579252676970909871375794413069798975304026096502590761192181420638411950542377358262498386858325895972017861890969568117739390988502976937461093504032809308586274777039678542731096437726202177249760143036580241637651675321191327703652142847822668085966845461551107541656985064861435255355077639327735712527385484678639174334734379872052210294513336649415670736797625370668	1,-4,3,3,3,3,3,3,3,3,3,3	4,-4,3,3,3,3,3,3,3,3,3	ok
-1.663664	12.552553	-53.273649	0.663963	continued:5	24739664234858138982047535273920704865888201889876711837493816699690678265963591165069870505023217046633362579621148489165328977987949899797415602900085081435628786567950676391780949633448253616219680559998014214784634910618447122667639804607217055610037222276897125660535867393387520758988742191975475097134159821776175469287214857624750265388130867415580412873925910271279382629434282479656095907178473638142326186864698341018602123575843883404208311798618679388046194707946385968872279636660172423920762823771748609336176990325713506490614247467311351878471253089939596514261196666267475682898635077588364628629417296554229734815495315011752337585393015754405944996164827318009845582551593321289722257247006063686910061456841431892563940020873466746931070957111770150069590359792388197563206227771911411885143855184505614961998508226343153531223089971459935049708039359327667779120430067461929055441744031224422705223831560005091108633317128720548165517033711719448300771525660964913525817712220131912105082815080054605883136048554894173783193438041716508681297001277350562437894851607688119124032266056066591963623197071229719772200831481260746898621517899928612391918713268983151048632780119641862099341297750029719247138068107870567427809776657455687319701838924741863308222734432202510337739630178136531110971656173596021532837063752331474827244593016389208170040764442819691907770087191341213542994238071675478371667411760202828972644593655472936430022638265804496288506618255007607597261306800770629215694428152763539594122443113397834178395207996598716220002965896330970082443535250927929904492141006573361720988244715211217527130416678582951733423938369853743171684564563983626349177586585309068907765500850217594153854188047776587284365072518433984417293128363047391462716592055471493359419811107561342379892318778123925091563362374613867366678251457873793628074433727030300530950329229975263034924403251033542199868020318082547039853201861477386663713823422139778523859265843416231918568932910666969700151238740942339401304783089680591040988665406081595115408547281380162869428403417683884461842344285716707869589494202888211027076797507049117122865083118647547742153521842961992278245772944988321821569733799225419188854384961205608576158230616860757999397989539066443962861226899321589864179340820711868686349448121813826870507375443712146219837353948680559747483860596315536999095	7034154424642401747454328459501917449685654526340289234293828087926975613698802301253003986901229215126768695382654920627455886105135280152035329700795293889355277633235554290181731583963896545283708550798937691796831540083280954013969081834852044711745750936591265486142590658887384357622867085996750355661703866246608145583637521959752938257715746356280849074423281893606886464003448175219765453839805265074436365957466696434950037117835419221300496139169463357401794304200505511179843186256343975450709222899770974533288549611356587672080266350186611798483186729611672516579894814424407259636513970213726971934971950794923791587178200087581562191647657559180637528250611814716782845658969675201886788393444756771550459516230136473528206238299429492852666072100117717949589089126430675731256040943404612746901350477100747975579252676970909871375794413069798975304026096502590761192181420638411950542377358262498386858325895972017861890969568117739390988502976937461093504032809308586274777039678542731096437726202177249760143036580241637651675321191327703652142847822668085966845461551107541656985064861435255355077639327735712527385484678639174334734379872052210294513336649415670736797625370668	-1,3,3,3,3,3,3,3,3,3,3,3	4,-4,3,3,3,3,3,3,3,3,3	ok
-1.659660	12.552553	-54.245935	0.666757	continued:5	24739664234858138982047535273920704865888201889876711837493816699690678265963591165069870505023217046633362579621148489165328977987949899797415602900085081435628786567950676391780949633448253616219680559998014214784634910618447122667639804607217055610037222276897125660535867393387520758988742191975475097134159821776175469287214857624750265388130867415580412873925910271279382629434282479656095907178473638142326186864698341018602123575843883404208311798618679388046194707946385968872279636660172423920762823771748609336176990325713506490614247467311351878471253089939596514261196666267475682898635077588364628629417296554229734815495315011752337585393015754405944996164827318009845582551593321289722257247006063686910061456841431892563940020873466746931070957111770150069590359792388197563206227771911411885143855184505614961998508226343153531223089971459935049708039359327667779120430067461929055441744031224422705223831560005091108633317128720548165517033711719448300771525660964913525817712220131912105082815080054605883136048554894173783193438041716508681297001277350562437894851607688119124032266056066591963623197071229719772200831481260746898621517899928612391918713268983151048632780119648896253765940151777173575597570025320253082336116946689981147789765900355562110523987436189411566954756946831913765892283629482126668117215787661175622538482371666841405595054624551275871666632475049764341931929868507018454948365774171910807496638367218687366613903751947086947394002612630474683257999387223688134848014104823955551645010680263372366206458226198558279883447844315148180302724249331888726196930807213187997142652942313186005148224878224024593537200103980637926868603500896185830904692094904758235554768415409124757267836161356776521732484146109863946926378105041694979170269733992817805415234240628485488200053302199364211031646323082439647263607276631895871769259044401451363766451126814443473134220489198884697731101960802990910300139680959518854832128513597114746389737973151315057975842081443516593123962467786526070102139874765749035637088432614260030772344792316488840415153698481155126035457741137680097748660410763036811870095293313414540437283852893333234643562710973384060038416228190613325616933189150517789061901654152308030489428549857055082465581427407486143000730202660813809057790100346399768338483335257539245860316494779637880208922066168766414992991208014608723526	7034154424642401747454328459501917449685654526340289234293828087926975613698802301253003986901229215126768695382654920627455886105135280152035329700795293889355277633235554290181731583963896545283708550798937691796831540083280954013969081834852044711745750936591265486142590658887384357622867085996750355661703866246608145583637521959752938257715746356280849074423281893606886464003448175219765453839805265074436365957466696434950037117835419221300496139169463357401794304200505511179843186256343975450709222899770974533288549611356587672080266350186611798483186729611672516579894814424407259636513970213726971934971950794923791587178200087581562191647657559180637528250611814716782845658969675201886788393444756771550459516230136473528206238299429492852666072100117717949589089126430675731256040943404612746901350477100747975579252676970909871375794413069798975304026096502590761192181420638411950542377358262498386858325895972017861890969568117739390988502976937461093504032809308586274777039678542731096437726202177249760143036580241637651675321191327703652142847822668085966845461551107541656985064861435255355077639327735712527385484678639174334734379872052210294513336649415670736797625370668	1,3,3,3,3,3,3,3,3,3,3,3	4,-4,3,3,3,3,3,3,3,3,3	ok
-1.655656	12.552553	-54.878448	0.669550	full	24739664234858138982047535273920704865888201889876711837493816699690678265963591165069870505023217046633362579621148489165328977987949899797415602900085081435628786567950676391780949633448253616219680559998014214784634910618447122667639804607217055610037222276897125660535867393387520758988742191975475097134159821776175469287214857624750265388130867415580412873925910271279382629434282479656095907178473638142326186864698341018602123575843883404208311798618679388046194707946385968872279636660172423920762823771748609336176990325713506490614247467311351878471253089939596514261196666267475682898635077588364628629417296554229734815495315011752337585393015754405944996164827318009845582551593321289722257247006063686910061456841431892563940020873466746931070957111770150069590359792388197563206227771911411885143855184505614961998508226343153531223089971459935049708039359327667779120430067461929055441744031224422705223831560005091108633317128720548165517033711719448300771525660964913525817712220131912105082815080054605883136048554894173783193438041716508681297001277350562437894851607688119124032266056066591963623197071229719772200831481260746898621517899928612391918713268983151048632780119641862099341297750029719247138068107870567427809776657455687319701838924741863308222734432202510337739630178136531110971656173596021532837063752331474827244593016389208170040764442819691907770087191341213542994238071675478371667411760202828972644593655472936430022638265804496288506618255007607597261306800770629215694428152763539594122443113397834178395207996598716220002965896330970082443535250927929904492141006573361720988244715211217527130416678582951733423938369853743171684564563983626349177586585309068907765500850217594153854188047776587284365072518433984417293128363047391462716592055471493359419811107561342379892318778123925091563362374613867366678251457873793628074433727030300530950329229975263034924403251033542199868020318082547039853201861477386663713823422139778523859265843416231918568932910666969700151238740942339401304783089680591040988665406081595115408547281380162869428403417683884461842344285716707869589494202888211027076797507049117122865083118647547742153521842961992278245772944988321821569733799225419188854384961205608576158230616860757999397989539066443962861226899321589864179340820711868686349448121813826870507375443712146219837353948680559747483860596315536999095	7034154424642401747454328459501917449685654526340289234293828087926975613698802301253003986901229215126768695382654920627455886105135280152035329700795293889355277633235554290181731583963896545283708550798937691796831540083280954013969081834852044711745750936591265486142590658887384357622867085996750355661703866246608145583637521959752938257715746356280849074423281893606886464003448175219765453839805265074436365957466696434950037117835419221300496139169463357401794304200505511179843186256343975450709222899770974533288549611356587672080266350186611798483186729611672516579894814424407259636513970213726971934971950794923791587178200087581562191647657559180637528250611814716782845658969675201886788393444756771550459516230136473528206238299429492852666072100117717949589089126430675731256040943404612746901350477100747975579252676970909871375794413069798975304026096502590761192181420638411950542377358262498386858325895972017861890969568117739390988502976937461093504032809308586274777039678542731096437726202177249760143036580241637651675321191327703652142847822668085966845461551107541656985064861435255355077639327735712527385484678639174334734379872052210294513336649415670736797625370668	-1,3,3,3,3,3,3,3,3,3,3,3	4,-4,3,3,3,3,3,3,3,3,3	ok
-1.651652	12.552553	-44.391113	0.581475	continued:5	24739664234858138982047535273920704865888201889876711837493816699690678265963591165069870505023217046633362579621148489165328977987949899797415602900085081435628786567950676391780949633448253616219680559998014214784634910618447122667639804607217055610037222276897125660535867393387520758988742191975881454668757766456386039099618304136651166884285837894817315224103333988986022139294086321685154999346340705988103078279492809641656432950215478117816222205266648568411397418925046010008480574710698821954765024242012324702958840527170691397468834926110714722062344576291849261675828451121993701604116535828610494398858073192433728929874800133162657855679334648028974130744805195983254778166504043858756600786845441298121283027836349047833375238491618175326353210956094314167716502406167476033025536651753033790053751206652384585746115239561996892536666131683827025813468403181407673361179171245419483790320448563829803597121039061081903977294706476632363273453702462195417251028018906861626078936533343480076925181509854593577050552299348783155956422201185632761576292754100011590188442168211102949925619627047439598534360546055031000281001928203258611405909641923152552286611404351267570680350001058798158036074124850345787966730955575663498860113484553967714863653559684979542376001147000753703108766815004627038657385284947147352023797668677084845798604821236608905066256346456302179753880426134560904218261369577448103296738745648687336020593682286619027495753118005703201272660631538645883864443125525334082912315487349316602378358546210231209182949418807760132560119290779667255602003725813991970523685175326376134598684713438479158220980665744662810454706186750097897298241415304789490079507674570490161501173658833022137476321968894324493608107825235865145795715594282147820583685836430431241148681479297222085769680391652158556061827798929959763751825314413679813203457372573226808277766949033950022126388348257950262081389070475404551034429750883338492985788741357885874735587788436050888769534564221103473674427160312807332954534834451970036801189725673305785975683672124382143856925937706356726108544230128721516727926476194880564051906412969364009546362478705389259725277364066070009872040808656830715875279399510123133382662787422723834813596056545957991378480764816813807657330955726472153835907850786197003934292259104621038408484425477366726115282368344399650314005930221511551125	7034154424642401747454328459501917449685654526340289234293828087926975613698802301253003986901229215126768695382654920627455886105135280152035329700795293889355277633235554290181731583963896545283708550798937691796831540083280954013969081834852044711745750936591265486142590658887384357622867085996750355661703866246608145583637521959752938257715746356280849074423281893606886464003448175219765453839805265074436365957466696434950037117835419221300496139169463357401794304200505511179843186256343975450709222899770974533288549611356587672080266350186611798483186729611672516579894814424407259636513970213726971934971950794923791587178200087581562191647657559180637528250611814716782845658969675201886788393444756771550459516230136473528206238299429492852666072100117717949589089126430675731256040943404612746901350477100747975579252676970909871375794413069798975304026096502590761192181420638411950542377358262498386858325895972017861890969568117739390988502976937461093504032809308586274777039678542731096437726202177249760143036580241637651675321191327703652142847822668085966845461551107541656985064861435255355077639327735712527385484678639174334734379872052210294513336649415670736797625370668	-2,4,-4,3,3,3,3,3,3,3,3,3	4,-4,3,3,3,3,3,3,3,3,3	ok
-1.647648	12.552553	-48.633959	0.580973	continued:5	24739664234858138982047535273920704865888201889876711837493816699690678265963591165069870505023217046633362579621148489165328977987949899797415602900085081435628786567950676391780949633448253616219680559998014214784634910618447122667639804607217055610037222276897125660535867393387520758988742191975881454668757766456386039099618304136651166884285837894817315224103333988986022139294086321685154999346340705988103078279492809641656432950215478117816222205266648568411397418925046010008480574710698821954765024242012324702958840527170691397468834926110714722062344576291849261675828451121993701604116535828610494398858073192433728929874800133162657855679334648028974130744805195983254778166504043858756600786845441298121283027836349047833375238491618175326353210956094314167716502406167476033025536651753033790053751206652384585746115239561996892536666131683827025813468403181407673361179171245419483790320448563829803597121039061081903977294706476632363273453702462195417251028018906861626078936533343480076925181509854593577050552299348783155956422201185632761576292754100011590188442168211102949925619627047439598534360546055031000281001928203258611405909641923152552286611404351267570680350001065832312460716526597800116426232873025349153386453773788261542951580535298678344677254150987654932323893583700009693578012740833252487303949704006785641092494176514242140620546528187886143650425709843111703155953166408988186577692759617769170872638394032369964087018604148293860160044989161512969861193481187037949158923632932954124338111484467946955539230267882183414453726177243670703777223491267831775788759611692333601295119663475596993640201966240801979918063588544402097803752595147975746423483125279713061272148192121571748832909640974590843794719623719051875407388110862042635008093096066945211362408451232194036564604183239336756149409361121607421311005951941930425018174155418885777952968835822343466883159898717466492217862598681642850463922603549410593103506690946975001166263519692091832174147311122453950775175135892060009925444705827764449870988700977331882478274433316563564495337888248734084371042616987047412699944338085850132169645803957866986483823572209422069033863638843109688414771905094556918052529159653159713624300439098045026141299708688805814046566731662275358764872612711537015271163205863836331670004786490105717047658760211746598167492662857736299729676667019136921797	7034154424642401747454328459501917449685654526340289234293828087926975613698802301253003986901229215126768695382654920627455886105135280152035329700795293889355277633235554290181731583963896545283708550798937691796831540083280954013969081834852044711745750936591265486142590658887384357622867085996750355661703866246608145583637521959752938257715746356280849074423281893606886464003448175219765453839805265074436365957466696434950037117835419221300496139169463357401794304200505511179843186256343975450709222899770974533288549611356587672080266350186611798483186729611672516579894814424407259636513970213726971934971950794923791587178200087581562191647657559180637528250611814716782845658969675201886788393444756771550459516230136473528206238299429492852666072100117717949589089126430675731256040943404612746901350477100747975579252676970909871375794413069798975304026096502590761192181420638411950542377358262498386858325895972017861890969568117739390988502976937461093504032809308586274777039678542731096437726202177249760143036580241637651675321191327703652142847822668085966845461551107541656985064861435255355077639327735712527385484678639174334734379872052210294513336649415670736797625370668	2,4,-4,3,3,3,3,3,3,3,3,3	4,-4,3,3,3,3,3,3,3,3,3	ok
-1.643644	12.552553	-51.620538	0.578180	continued:5	24739664234858138982047535273920704865888201889876711837493816699690678265963591165069870505023217046633362579621148489165328977987949899797415602900085081435628786567950676391780949633448253616219680559998014214784634910618447122667639804607217055610037222276897125660535867393387520758988742191975881454668757766456386039099618304136651166884285837894817315224103333988986022139294086321685154999346340705988103078279492809641656432950215478117816222205266648568411397418925046010008480574710698821954765024242012324702958840527170691397468834926110714722062344576291849261675828451121993701604115701508243628541371186781104664750453506678450990658685568877319368724842489366294600223726679557182485111500144011805314426535016123806594563159834704421627591278254098145543334614838595418659350735064119136615550909153916789982856517125346862661227399851506503677119661384586623759841225285653771144345770541906184539519104941031220044588169549394770200017461390905581925298086151522809307449802203222974575540394725875975613318942282656692285373790701768039928224139907689742983609684357165165999207726031406986345064845442052163822899745749684239296069717432693993739901942491195871247188184005636613094050788582226601637682152530350691376917185997902490952322289470886842901099027761445553511658000637844716977782658994441378737958208908170878905194758675688853082602498095398932742428174022121517569252714521064005772757867846369956139133507540215206259788712173064456745103217426069291785441246921231426107555960727681283492056231713890450382451935487066881225173995970034735781015173739366087100946132367479638959135884446181194722953525182509952751890018337420201115309920794056935209448315186326095323804212270440838034120816567397950492968452392533582851420691201289322498035208218523539164011259575328165076596989285257992792931363754121525187873559799952275929122070779557841981155270113921690353762152731140903674468841823489398009698401871239872510723725071355172279356040169340681320981940903654745772372942480405840799687467498914261366362329202267100418071260290131674992320501190614863318785856252391943716625637102722462869576624761143406884232148627722158697422141154054201541567364483109448192181263840671292220217574276980988763918233185224068063203280987347031056529048315925134392769281488755995154880447973128721989892932087515303813172804439221853175587264110331814817622	7034154424642401747454328459501917449685654526340289234293828087926975613698802301253003986901229215126768695382654920627455886105135280152035329700795293889355277633235554290181731583963896545283708550798937691796831540083280954013969081834852044711745750936591265486142590658887384357622867085996750355661703866246608145583637521959752938257715746356280849074423281893606886464003448175219765453839805265074436365957466696434950037117835419221300496139169463357401794304200505511179843186256343975450709222899770974533288549611356587672080266350186611798483186729611672516579894814424407259636513970213726971934971950794923791587178200087581562191647657559180637528250611814716782845658969675201886788393444756771550459516230136473528206238299429492852666072100117717949589089126430675731256040943404612746901350477100747975579252676970909871375794413069798975304026096502590761192181420638411950542377358262498386858325895972017861890969568117739390988502976937461093504032809308586274777039678542731096437726202177249760143036580241637651675321191327703652142847822668085966845461551107541656985064861435255355077639327735712527385484678639174334734379872052210294513336649415670736797625370668	2,-4,-4,3,3,3,3,3,3,3,3,3	4,-4,3,3,3,3,3,3,3,3,3	ok
-1.639640	12.552553	-53.846311	0.580845	continued:5	24739664234858138982047535273920704865888201889876711837493816699690678265963591165069870505023217046633362579621148489165328977987949899797415602900085081435628786567950676391780949633448253616219680559998014214784634910618447122667639804607217055610037222276897125660535867393387520758988742191975475097134159821776175469287214857624750265388130867415580412873925910271279382629434282479656095907178473638142326186864698341018602123575843883404208311798618679388046194707946385968872279636660172423920762823771748609336176990325713506490614247467311351878471253089939596514261196666267475682898635077588364628629417296554229734815495315011752337585393015754405944996164827318009845582551593321289722257247006063686910061456841431892563940020873466746931070957111770150069590359792388197563206227771911411885143855184505614961998508226343153531223089971459935049708039359327667779120430067461929055441744031224422705223831560005091108633317128720548165517033711719448300771525660964913525817712220131912105082815080054605883136048554894173783193438041716508681297001277350562437894851607688119124032266056066591963623197071229719772200831481260746898621517899928612391918713268983151048632780119662964562615224955272082232516573860219624391388797525158568803965619851582959715126493444163214025385010484222679075733538541254336938677519858320577213126261082222107876703634988014443799459723042466865939807313462170098621510273802110074477200727790710189239796434724232268265168771327876208855251384560129805973155186008944787466690145813994448741828958685398242399644411740283504376021102246139806369606510408492840549451469396517122961183841277506170313763723572234427437236681374721304794358903114096136891133303545792185964095132388517154996467307401461623006192877589030302012077625091035466697406080506762771704815522350350242449968214220019584208434318914148100359158909679143753029398694920492804349553854965529569693457265246243878651194015319923783237068738696511787191450682232621481336789660422996610379069409921474899407696853444936065024933934485679589861499939814189140782388654260075696454421684651979624554066992826512688381456690865842009375581685321384904219623644446996167623623702794595196333711331969000714989476935040045706939151824415849649248600765204089570503279736809339261698814688659615461932316553762144963996566198596914621200952058301145179750011252431412752172391	7034154424642401747454328459501917449685654526340289234293828087926975613698802301253003986901229215126768695382654920627455886105135280152035329700795293889355277633235554290181731583963896545283708550798937691796831540083280954013969081834852044711745750936591265486142590658887384357622867085996750355661703866246608145583637521959752938257715746356280849074423281893606886464003448175219765453839805265074436365957466696434950037117835419221300496139169463357401794304200505511179843186256343975450709222899770974533288549611356587672080266350186611798483186729611672516579894814424407259636513970213726971934971950794923791587178200087581562191647657559180637528250611814716782845658969675201886788393444756771550459516230136473528206238299429492852666072100117717949589089126430675731256040943404612746901350477100747975579252676970909871375794413069798975304026096502590761192181420638411950542377358262498386858325895972017861890969568117739390988502976937461093504032809308586274777039678542731096437726202177249760143036580241637651675321191327703652142847822668085966845461551107541656985064861435255355077639327735712527385484678639174334734379872052210294513336649415670736797625370668	2,3,3,3,3,3,3,3,3,3,3,3	4,-4,3,3,3,3,3,3,3,3,3	ok
-1.635636	12.552553	-55.318031	0.583639	continued:5	24739664234858138982047535273920704865888201889876711837493816699690678265963591165069870505023217046633362579621148489165328977987949899797415602900085081435628786567950676391780949633448253616219680559998014214784634910618447122667639804607217055610037222276897125660535867393387520758988742191975475097134159821776175469287214857624750265388130867415580412873925910271279382629434282479656095907178473638142326186864698341018602123575843883404208311798618679388046194707946385968872279636660172423920762823771748609336176990325713506490614247467311351878471253089939596514261196666267475682898635077588364628629417296554229734815495315011752337585393015754405944996164827318009845582551593321289722257247006063686910061456841431892563940020873466746931070957111770150069590359792388197563206227771911411885143855184505614961998508226343153531223089971459935049708039359327667779120430067461929055441744031224422705223831560005091108633317128720548165517033711719448300771525660964913525817712220131912105082815080054605883136048554894173783193438041716508681297001277350562437894851607688119124032266056066591963623197071229719772200831481260746898621517899928612391918713268983151048632780119648896253765940151777173575597570025320253082336116946689981147789765900355562110523987436189411566954756946831913765892283629482126668117215787661175622538482371666841405595054624551275871666632475049764341931929868507018454948365774171910807496638367218687366613903751947086947394002612630474683257999387223688134848014104823955551645010680263372366206458226198558279883447844315148180302724249331888726196930807213187997142652942313186005148224878224024593537200103980637926868603500896185830904692094904758235554768415409124757267836161356776521732484146109863946926378105041694979170269733992817805415234240628485488200053302199364211031646323082439647263607276631895871769259044401451363766451126814443473134220489198884697731101960802990910300139680959518854832128513597114746389737973151315057975842081443516593123962467786526070102139874765749035637088432614260030772344792316488840415153698481155126035457741137680097748660410763036811870095293313414540437283852893333234643562710973384060038416228190613325616933189150517789061901654152308030489428549857055082465581427407486143000730202660813809057790100346399768338483335257539245860316494779637880208922066168766414992991208014608723526	7034154424642401747454328459501917449685654526340289234293828087926975613698802301253003986901229215126768695382654920627455886105135280152035329700795293889355277633235554290181731583963896545283708550798937691796831540083280954013969081834852044711745750936591265486142590658887384357622867085996750355661703866246608145583637521959752938257715746356280849074423281893606886464003448175219765453839805265074436365957466696434950037117835419221300496139169463357401794304200505511179843186256343975450709222899770974533288549611356587672080266350186611798483186729611672516579894814424407259636513970213726971934971950794923791587178200087581562191647657559180637528250611814716782845658969675201886788393444756771550459516230136473528206238299429492852666072100117717949589089126430675731256040943404612746901350477100747975579252676970909871375794413069798975304026096502590761192181420638411950542377358262498386858325895972017861890969568117739390988502976937461093504032809308586274777039678542731096437726202177249760143036580241637651675321191327703652142847822668085966845461551107541656985064861435255355077639327735712527385484678639174334734379872052210294513336649415670736797625370668	1,3,3,3,3,3,3,3,3,3,3,3	4,-4,3,3,3,3,3,3,3,3,3	ok
-1.631632	12.552553	-56.291392	0.586432	full	24739664234858138982047535273920704865888201889876711837493816699690678265963591165069870505023217046633362579621148489165328977987949899797415602900085081435628786567950676391780949633448253616219680559998014214784634910618447122667639804607217055610037222276897125660535867393387520758988742191975475097134159821776175469287214857624750265388130867415580412873925910271279382629434282479656095907178473638142326186864698341018602123575843883404208311798618679388046194707946385968872279636660172423920762823771748609336176990325713506490614247467311351878471253089939596514261196666267475682898635077588364628629417296554229734815495315011752337585393015754405944996164827318009845582551593321289722257247006063686910061456841431892563940020873466746931070957111770150069590359792388197563206227771911411885143855184505614961998508226343153531223089971459935049708039359327667779120430067461929055441744031224422705223831560005091108633317128720548165517033711719448300771525660964913525817712220131912105082815080054605883136048554894173783193438041716508681297001277350562437894851607688119124032266056066591963623197071229719772200831481260746898621517899928612391918713268983151048632780119655930408190582553524627904057071942769938736862457235924274975877692875969260912825240440176312796169883715527296420812911085368231803397367822990876417832371726944474641149344806282859835563177758758315140869621665338558538229319788140992642348683078964438303205169238089677606281386970253341769254691973676747054001600056884371509167578247128910554017708455798400339763929792299326278161913247735847547901720607853014273297061169415154483166033077865097453650461838107532682052642437808745312631797604500447563344035980600655360681484274936965759099895773785743476559627847035998495623947412514142251410657373695628596507787826274803330499930271551011927848963095389998115464084361772602196582573023653623911344037727364227195594183603523434780747077500441651045950433605054450968920210102886398197382751252220063486096686194630712738899496659850907030285511459146924946136142303252814811401903979278425790228571196558652325907826618637862596663393079577711958009484587139118727133603578984775841831059511392904829664132579075616389269418347099007484820626482853352165533173315748528323140233506000037753936239379980930850327518548701251621213257545847129540580490183656973082502121819713680447958	7034154424642401747454328459501917449685654526340289234293828087926975613698802301253003986901229215126768695382654920627455886105135280152035329700795293889355277633235554290181731583963896545283708550798937691796831540083280954013969081834852044711745750936591265486142590658887384357622867085996750355661703866246608145583637521959752938257715746356280849074423281893606886464003448175219765453839805265074436365957466696434950037117835419221300496139169463357401794304200505511179843186256343975450709222899770974533288549611356587672080266350186611798483186729611672516579894814424407259636513970213726971934971950794923791587178200087581562191647657559180637528250611814716782845658969675201886788393444756771550459516230136473528206238299429492852666072100117717949589089126430675731256040943404612746901350477100747975579252676970909871375794413069798975304026096502590761192181420638411950542377358262498386858325895972017861890969568117739390988502976937461093504032809308586274777039678542731096437726202177249760143036580241637651675321191327703652142847822668085966845461551107541656985064861435255355077639327735712527385484678639174334734379872052210294513336649415670736797625370668	-2,3,3,3,3,3,3,3,3,3,3,3	4,-4,3,3,3,3,3,3,3,3,3	ok
-1.627628	12.552553	-44.474471	0.579169	continued:5	24739664234858138982047535273920704865888201889876711837493816699690678265963591165069870505023217046633362579621148489165328977987949899797415602900085081435628786567950676391780949633448253616219680559998014214784634910618447122667639804607217055610037222276897125660535867393387520758988742191975881454668757766456386039099618304136651166884285837894817315224103333988986022139294086321685154999346340705988103078279492809641656432950215478117816222205266648568411397418925046010008480574710698821954765024242012324702958840527170691397468834926110714722062344576291849261675828451121993701604116535828610494398858073192433728929874800133162657855679334648028974130744805195983254778166504043858756600786845441298121283027836349047833375238491618175326353210956094314167716502406167476033025536651753033790053751206652384585746115239561996892536666131683827025813468403181407673361179171245419483790320448563829803597121039061081903977294706476632363273453702462195417251028018906861626078936533343480076925181509854593577050552299348783155956422201185632761576292754100011590188442168211102949925619627047439598534360546055031000281001928203258611405909641923152552286611404351267570680350001058798158036074124850345787966730955575663498860113484553967714863653559684979542376001147000753703108766815004627038657385284947147352023797668677084845798604821236608905066256346456302179753880426134560904218261369577448103296738745648687336020593682286619027495753118005703201272660631538645883864443125525334082912315487349316602378358546210231209182949418807760132560119290779667255602003725813991970523685175326376134598684713438479158220980665744662810454706186750097897298241415304789490079507674570490161501173658833022137476321968894324493608107825235865145795715594282147820583685836430431241148681479297222085769680391652158556061827798929959763751825314413679813203457372573226808277766949033950022126388348257950262081389070475404551034429750883338492985788741357885874735587788436050888769534564221103473674427160312807332954534834451970036801189725673305785975683672124382143856925937706356726108544230128721516727926476194880564051906412969364009546362478705389259725277364066070009872040808656830715875279399510123133382662787422723834813596056545957991378480764816813807657330955726472153835907850786197003934292259104621038408484425477366726115282368344399650314005930221511551125	7034154424642401747454328459501917449685654526340289234293828087926975613698802301253003986901229215126768695382654920627455886105135280152035329700795293889355277633235554290181731583963896545283708550798937691796831540083280954013969081834852044711745750936591265486142590658887384357622867085996750355661703866246608145583637521959752938257715746356280849074423281893606886464003448175219765453839805265074436365957466696434950037117835419221300496139169463357401794304200505511179843186256343975450709222899770974533288549611356587672080266350186611798483186729611672516579894814424407259636513970213726971934971950794923791587178200087581562191647657559180637528250611814716782845658969675201886788393444756771550459516230136473528206238299429492852666072100117717949589089126430675731256040943404612746901350477100747975579252676970909871375794413069798975304026096502590761192181420638411950542377358262498386858325895972017861890969568117739390988502976937461093504032809308586274777039678542731096437726202177249760143036580241637651675321191327703652142847822668085966845461551107541656985064861435255355077639327735712527385484678639174334734379872052210294513336649415670736797625370668	-2,4,-4,3,3,3,3,3,3,3,3,3	4,-4,3,3,3,3,3,3,3,3,3	ok
-1.623624	12.552553	-48.695710	0.577919	continued:5	24739664234858138982047535273920704865888201889876711837493816699690678265963591165069870505023217046633362579621148489165328977987949899797415602900085081435628786567950676391780949633448253616219680559998014214784634910618447122667639804607217055610037222276897125660535867393387520758988742191975881454668757766456386039099618304136651166884285837894817315224103333988986022139294086321685154999346340705988103078279492809641656432950215478117816222205266648568411397418925046010008480574710698821954765024242012324702958840527170691397468834926110714722062344576291849261675828451121993701604116535828610494398858073192433728929874800133162657855679334648028974130744805195983254778166504043858756600786845441298121283027836349047833375238491618175326353210956094314167716502406167476033025536651753033790053751206652384585746115239561996892536666131683827025813468403181407673361179171245419483790320448563829803597121039061081903977294706476632363273453702462195417251028018906861626078936533343480076925181509854593577050552299348783155956422201185632761576292754100011590188442168211102949925619627047439598534360546055031000281001928203258611405909641923152552286611404351267570680350001065832312460716526597800116426232873025349153386453773788261542951580535298678344677254150987654932323893583700009693578012740833252487303949704006785641092494176514242140620546528187886143650425709843111703155953166408988186577692759617769170872638394032369964087018604148293860160044989161512969861193481187037949158923632932954124338111484467946955539230267882183414453726177243670703777223491267831775788759611692333601295119663475596993640201966240801979918063588544402097803752595147975746423483125279713061272148192121571748832909640974590843794719623719051875407388110862042635008093096066945211362408451232194036564604183239336756149409361121607421311005951941930425018174155418885777952968835822343466883159898717466492217862598681642850463922603549410593103506690946975001166263519692091832174147311122453950775175135892060009925444705827764449870988700977331882478274433316563564495337888248734084371042616987047412699944338085850132169645803957866986483823572209422069033863638843109688414771905094556918052529159653159713624300439098045026141299708688805814046566731662275358764872612711537015271163205863836331670004786490105717047658760211746598167492662857736299729676667019136921797	7034154424642401747454328459501917449685654526340289234293828087926975613698802301253003986901229215126768695382654920627455886105135280152035329700795293889355277633235554290181731583963896545283708550798937691796831540083280954013969081834852044711745750936591265486142590658887384357622867085996750355661703866246608145583637521959752938257715746356280849074423281893606886464003448175219765453839805265074436365957466696434950037117835419221300496139169463357401794304200505511179843186256343975450709222899770974533288549611356587672080266350186611798483186729611672516579894814424407259636513970213726971934971950794923791587178200087581562191647657559180637528250611814716782845658969675201886788393444756771550459516230136473528206238299429492852666072100117717949589089126430675731256040943404612746901350477100747975579252676970909871375794413069798975304026096502590761192181420638411950542377358262498386858325895972017861890969568117739390988502976937461093504032809308586274777039678542731096437726202177249760143036580241637651675321191327703652142847822668085966845461551107541656985064861435255355077639327735712527385484678639174334734379872052210294513336649415670736797625370668	2,4,-4,3,3,3,3,3,3,3,3,3	4,-4,3,3,3,3,3,3,3,3,3	ok
-1.619620	12.552553	-51.677442	0.575126	continued:5	24739664234858138982047535273920704865888201889876711837493816699690678265963591165069870505023217046633362579621148489165328977987949899797415602900085081435628786567950676391780949633448253616219680559998014214784634910618447122667639804607217055610037222276897125660535867393387520758988742191975881454668757766456386039099618304136651166884285837894817315224103333988986022139294086321685154999346340705988103078279492809641656432950215478117816222205266648568411397418925046010008480574710698821954765024242012324702958840527170691397468834926110714722062344576291849261675828451121993701604115701508243628541371186781104664750453506678450990658685568877319368724842489366294600223726679557182485111500144011805314426535016123806594563159834704421627591278254098145543334614838595418659350735064119136615550909153916789982856517125346862661227399851506503677119661384586623759841225285653771144345770541906184539519104941031220044588169549394770200017461390905581925298086151522809307449802203222974575540394725875975613318942282656692285373790701768039928224139907689742983609684357165165999207726031406986345064845442052163822899745749684239296069717432693993739901942491195871247188184005636613094050788582226601637682152530350691376917185997902490952322289470886842901099027761445553511658000637844716977782658994441378737958208908170878905194758675688853082602498095398932742428174022121517569252714521064005772757867846369956139133507540215206259788712173064456745103217426069291785441246921231426107555960727681283492056231713890450382451935487066881225173995970034735781015173739366087100946132367479638959135884446181194722953525182509952751890018337420201115309920794056935209448315186326095323804212270440838034120816567397950492968452392533582851420691201289322498035208218523539164011259575328165076596989285257992792931363754121525187873559799952275929122070779557841981155270113921690353762152731140903674468841823489398009698401871239872510723725071355172279356040169340681320981940903654745772372942480405840799687467498914261366362329202267100418071260290131674992320501190614863318785856252391943716625637102722462869576624761143406884232148627722158697422141154054201541567364483109448192181263840671292220217574276980988763918233185224068063203280987347031056529048315925134392769281488755995154880447973128721989892932087515303813172804439221853175587264110331814817622	7034154424642401747454328459501917449685654526340289234293828087926975613698802301253003986901229215126768695382654920627455886105135280152035329700795293889355277633235554290181731583963896545283708550798937691796831540083280954013969081834852044711745750936591265486142590658887384357622867085996750355661703866246608145583637521959752938257715746356280849074423281893606886464003448175219765453839805265074436365957466696434950037117835419221300496139169463357401794304200505511179843186256343975450709222899770974533288549611356587672080266350186611798483186729611672516579894814424407259636513970213726971934971950794923791587178200087581562191647657559180637528250611814716782845658969675201886788393444756771550459516230136473528206238299429492852666072100117717949589089126430675731256040943404612746901350477100747975579252676970909871375794413069798975304026096502590761192181420638411950542377358262498386858325895972017861890969568117739390988502976937461093504032809308586274777039678542731096437726202177249760143036580241637651675321191327703652142847822668085966845461551107541656985064861435255355077639327735712527385484678639174334734379872052210294513336649415670736797625370668	2,-4,-4,3,3,3,3,3,3,3,3,3	4,-4,3,3,3,3,3,3,3,3,3	ok
-1.615616	12.552553	-53.893797	0.577919	continued:5	24739664234858138982047535273920704865888201889876711837493816699690678265963591165069870505023217046633362579621148489165328977987949899797415602900085081435628786567950676391780949633448253616219680559998014214784634910618447122667639804607217055610037222276897125660535867393387520758988742191975475097134159821776175469287214857624750265388130867415580412873925910271279382629434282479656095907178473638142326186864698341018602123575843883404208311798618679388046194707946385968872279636660172423920762823771748609336176990325713506490614247467311351878471253089939596514261196666267475682898635077588364628629417296554229734815495315011752337585393015754405944996164827318009845582551593321289722257247006063686910061456841431892563940020873466746931070957111770150069590359792388197563206227771911411885143855184505614961998508226343153531223089971459935049708039359327667779120430067461929055441744031224422705223831560005091108633317128720548165517033711719448300771525660964913525817712220131912105082815080054605883136048554894173783193438041716508681297001277350562437894851607688119124032266056066591963623197071229719772200831481260746898621517899928612391918713268983151048632780119662964562615224955272082232516573860219624391388797525158568803965619851582959715126493444163214025385010484222679075733538541254336938677519858320577213126261082222107876703634988014443799459723042466865939807313462170098621510273802110074477200727790710189239796434724232268265168771327876208855251384560129805973155186008944787466690145813994448741828958685398242399644411740283504376021102246139806369606510408492840549451469396517122961183841277506170313763723572234427437236681374721304794358903114096136891133303545792185964095132388517154996467307401461623006192877589030302012077625091035466697406080506762771704815522350350242449968214220019584208434318914148100359158909679143753029398694920492804349553854965529569693457265246243878651194015319923783237068738696511787191450682232621481336789660422996610379069409921474899407696853444936065024933934485679589861499939814189140782388654260075696454421684651979624554066992826512688381456690865842009375581685321384904219623644446996167623623702794595196333711331969000714989476935040045706939151824415849649248600765204089570503279736809339261698814688659615461932316553762144963996566198596914621200952058301145179750011252431412752172391	7034154424642401747454328459501917449685654526340289234293828087926975613698802301253003986901229215126768695382654920627455886105135280152035329700795293889355277633235554290181731583963896545283708550798937691796831540083280954013969081834852044711745750936591265486142590658887384357622867085996750355661703866246608145583637521959752938257715746356280849074423281893606886464003448175219765453839805265074436365957466696434950037117835419221300496139169463357401794304200505511179843186256343975450709222899770974533288549611356587672080266350186611798483186729611672516579894814424407259636513970213726971934971950794923791587178200087581562191647657559180637528250611814716782845658969675201886788393444756771550459516230136473528206238299429492852666072100117717949589089126430675731256040943404612746901350477100747975579252676970909871375794413069798975304026096502590761192181420638411950542377358262498386858325895972017861890969568117739390988502976937461093504032809308586274777039678542731096437726202177249760143036580241637651675321191327703652142847822668085966845461551107541656985064861435255355077639327735712527385484678639174334734379872052210294513336649415670736797625370668	2,3,3,3,3,3,3,3,3,3,3,3	4,-4,3,3,3,3,3,3,3,3,3	ok
-1.611612	12.552553	-55.352175	0.580713	continued:5	24739664234858138982047535273920704865888201889876711837493816699690678265963591165069870505023217046633362579621148489165328977987949899797415602900085081435628786567950676391780949633448253616219680559998014214784634910618447122667639804607217055610037222276897125660535867393387520758988742191975475097134159821776175469287214857624750265388130867415580412873925910271279382629434282479656095907178473638142326186864698341018602123575843883404208311798618679388046194707946385968872279636660172423920762823771748609336176990325713506490614247467311351878471253089939596514261196666267475682898635077588364628629417296554229734815495315011752337585393015754405944996164827318009845582551593321289722257247006063686910061456841431892563940020873466746931070957111770150069590359792388197563206227771911411885143855184505614961998508226343153531223089971459935049708039359327667779120430067461929055441744031224422705223831560005091108633317128720548165517033711719448300771525660964913525817712220131912105082815080054605883136048554894173783193438041716508681297001277350562437894851607688119124032266056066591963623197071229719772200831481260746898621517899928612391918713268983151048632780119648896253765940151777173575597570025320253082336116946689981147789765900355562110523987436189411566954756946831913765892283629482126668117215787661175622538482371666841405595054624551275871666632475049764341931929868507018454948365774171910807496638367218687366613903751947086947394002612630474683257999387223688134848014104823955551645010680263372366206458226198558279883447844315148180302724249331888726196930807213187997142652942313186005148224878224024593537200103980637926868603500896185830904692094904758235554768415409124757267836161356776521732484146109863946926378105041694979170269733992817805415234240628485488200053302199364211031646323082439647263607276631895871769259044401451363766451126814443473134220489198884697731101960802990910300139680959518854832128513597114746389737973151315057975842081443516593123962467786526070102139874765749035637088432614260030772344792316488840415153698481155126035457741137680097748660410763036811870095293313414540437283852893333234643562710973384060038416228190613325616933189150517789061901654152308030489428549857055082465581427407486143000730202660813809057790100346399768338483335257539245860316494779637880208922066168766414992991208014608723526	7034154424642401747454328459501917449685654526340289234293828087926975613698802301253003986901229215126768695382654920627455886105135280152035329700795293889355277633235554290181731583963896545283708550798937691796831540083280954013969081834852044711745750936591265486142590658887384357622867085996750355661703866246608145583637521959752938257715746356280849074423281893606886464003448175219765453839805265074436365957466696434950037117835419221300496139169463357401794304200505511179843186256343975450709222899770974533288549611356587672080266350186611798483186729611672516579894814424407259636513970213726971934971950794923791587178200087581562191647657559180637528250611814716782845658969675201886788393444756771550459516230136473528206238299429492852666072100117717949589089126430675731256040943404612746901350477100747975579252676970909871375794413069798975304026096502590761192181420638411950542377358262498386858325895972017861890969568117739390988502976937461093504032809308586274777039678542731096437726202177249760143036580241637651675321191327703652142847822668085966845461551107541656985064861435255355077639327735712527385484678639174334734379872052210294513336649415670736797625370668	1,3,3,3,3,3,3,3,3,3,3,3	4,-4,3,3,3,3,3,3,3,3,3	ok
-1.607608	12.552553	-56.318257	0.583506	full	24739664234858138982047535273920704865888201889876711837493816699690678265963591165069870505023217046633362579621148489165328977987949899797415602900085081435628786567950676391780949633448253616219680559998014214784634910618447122667639804607217055610037222276897125660535867393387520758988742191975475097134159821776175469287214857624750265388130867415580412873925910271279382629434282479656095907178473638142326186864698341018602123575843883404208311798618679388046194707946385968872279636660172423920762823771748609336176990325713506490614247467311351878471253089939596514261196666267475682898635077588364628629417296554229734815495315011752337585393015754405944996164827318009845582551593321289722257247006063686910061456841431892563940020873466746931070957111770150069590359792388197563206227771911411885143855184505614961998508226343153531223089971459935049708039359327667779120430067461929055441744031224422705223831560005091108633317128720548165517033711719448300771525660964913525817712220131912105082815080054605883136048554894173783193438041716508681297001277350562437894851607688119124032266056066591963623197071229719772200831481260746898621517899928612391918713268983151048632780119655930408190582553524627904057071942769938736862457235924274975877692875969260912825240440176312796169883715527296420812911085368231803397367822990876417832371726944474641149344806282859835563177758758315140869621665338558538229319788140992642348683078964438303205169238089677606281386970253341769254691973676747054001600056884371509167578247128910554017708455798400339763929792299326278161913247735847547901720607853014273297061169415154483166033077865097453650461838107532682052642437808745312631797604500447563344035980600655360681484274936965759099895773785743476559627847035998495623947412514142251410657373695628596507787826274803330499930271551011927848963095389998115464084361772602196582573023653623911344037727364227195594183603523434780747077500441651045950433605054450968920210102886398197382751252220063486096686194630712738899496659850907030285511459146924946136142303252814811401903979278425790228571196558652325907826618637862596663393079577711958009484587139118727133603578984775841831059511392904829664132579075616389269418347099007484820626482853352165533173315748528323140233506000037753936239379980930850327518548701251621213257545847129540580490183656973082502121819713680447958	7034154424642401747454328459501917449685654526340289234293828087926975613698802301253003986901229215126768695382654920627455886105135280152035329700795293889355277633235554290181731583963896545283708550798937691796831540083280954013969081834852044711745750936591265486142590658887384357622867085996750355661703866246608145583637521959752938257715746356280849074423281893606886464003448175219765453839805265074436365957466696434950037117835419221300496139169463357401794304200505511179843186256343975450709222899770974533288549611356587672080266350186611798483186729611672516579894814424407259636513970213726971934971950794923791587178200087581562191647657559180637528250611814716782845658969675201886788393444756771550459516230136473528206238299429492852666072100117717949589089126430675731256040943404612746901350477100747975579252676970909871375794413069798975304026096502590761192181420638411950542377358262498386858325895972017861890969568117739390988502976937461093504032809308586274777039678542731096437726202177249760143036580241637651675321191327703652142847822668085966845461551107541656985064861435255355077639327735712527385484678639174334734379872052210294513336649415670736797625370668	-2,3,3,3,3,3,3,3,3,3,3,3	4,-4,3,3,3,3,3,3,3,3,3	ok
-1.603604	12.552553	-45.133990	0.658039	continued:5	24739664234858138982047535273920704865888201889876711837493816699690678265963591165069870505023217046633362579621148489165328977987949899797415602900085081435628786567950676391780949633448253616219680559998014214784634910618447122667639804607217055610037222276897125660535867393387520758988742191975881454668757766456386039099618304136651166884285837894817315224103333988986022139294086321685154999346340705988103078279492809641656432950215478117816222205266648568411397418925046010008480574710698821954765024242012324702958840527170691397468834926110714722062344576291849261675828451121993701604116535828610494398858073192433728929874800133162657855679334648028974130744805195983254778166504043858756600786845441298121283027836349047833375238491618175326353210956094314167716502406167476033025536651753033790053751206652384585746115239561996892536666131683827025813468403181407673361179171245419483790320448563829803597121039061081903977294706476632363273453702462195417251028018906861626078936533343480076925181509854593577050552299348783155956422201185632761576292754100011590188442168211102949925619627047439598534360546055031000281001928203258611405909641923152552286611404351267570680350001051764003611431723102891459507229038125977844333773195319673886775726584071280740074748143013852473893640046309244383736757829061042216743645633347384050504715465958975669511966164724718215857335142426010105280569572745908020015784731679605501168548970540868090904487631863112542385276273915778797867692769863630216665707341765679080418605607952515462826668569733336850666512404315663807426783960360152165258610738960418667902249763401361322801759365248523640991348784955793696792730235461603233735532223861267261730199125544472526119734296814058143421496026752678416184043077702253006159278576793917270934954507362250134974756600064980355974246236738312106192644676885429201388740589727567838602565062245556577369616797798434031944915542269166251604936898217266392868070791768796748304912057180009945364921817319752996573679184733554655983624963076175623731390750369279689473092910932200723218513987163979367846045843270395620755908614303910995934167021980861032608901385201356450416691089289030331329309712219104513698029639367086553141025135747402643485892404403110168710394797971352256549789298741407292400652495708557676198579731719136359769310090742986854063072073831063000898335193423886180454	7034154424642401747454328459501917449685654526340289234293828087926975613698802301253003986901229215126768695382654920627455886105135280152035329700795293889355277633235554290181731583963896545283708550798937691796831540083280954013969081834852044711745750936591265486142590658887384357622867085996750355661703866246608145583637521959752938257715746356280849074423281893606886464003448175219765453839805265074436365957466696434950037117835419221300496139169463357401794304200505511179843186256343975450709222899770974533288549611356587672080266350186611798483186729611672516579894814424407259636513970213726971934971950794923791587178200087581562191647657559180637528250611814716782845658969675201886788393444756771550459516230136473528206238299429492852666072100117717949589089126430675731256040943404612746901350477100747975579252676970909871375794413069798975304026096502590761192181420638411950542377358262498386858325895972017861890969568117739390988502976937461093504032809308586274777039678542731096437726202177249760143036580241637651675321191327703652142847822668085966845461551107541656985064861435255355077639327735712527385484678639174334734379872052210294513336649415670736797625370668	1,4,-4,3,3,3,3,3,3,3,3,3	4,-4,3,3,3,3,3,3,3,3,3	ok
-1.599600	12.552553	-48.038487	0.655246	continued:5	24739664234858138982047535273920704865888201889876711837493816699690678265963591165069870505023217046633362579621148489165328977987949899797415602900085081435628786567950676391780949633448253616219680559998014214784634910618447122667639804607217055610037222276897125660535867393387520758988742191975881454668757766456386039099618304136651166884285837894817315224103333988986022139294086321685154999346340705988103078279492809641656432950215478117816222205266648568411397418925046010008480574710698821954765024242012324702958840527170691397468834926110714722062344576291849261675828451121993701604116535828610494398858073192433728929874800133162657855679334648028974130744805195983254778166504043858756600786845441298121283027836349047833375238491618175326353210956094314167716502406167476033025536651753033790053751206652384585746115239561996892536666131683827025813468403181407673361179171245419483790320448563829803597121039061081903977294706476632363273453702462195417251028018906861626078936533343480076925181509854593577050552299348783155956422201185632761576292754100011590188442168211102949925619627047439598534360546055031000281001928203258611405909641923152552286611404351267570680350001051764003611431723102891459507229038125977844333773195319673886775726584071280740074748143013852473893640046309244383736757829061042216743645633347384050504715465958975669511966164724718215857335142426010105280569572745908020015784731679605501168548970540868090904487631863112542385276273915778797867692769863630216665707341765679080418605607952515462826668569733336850666512404315663807426783960360152165258610738960418667902249763401361322801759365248523640991348784955793696792730235461603233735532223861267261730199125544472526119734296814058143421496026752678416184043077702253006159278576793917270934954507362250134974756600064980355974246236738312106192644676885429201388740589727567838602565062245556577369616797798434031944915542269166251604936898217266392868070791768796748304912057180009945364921817319752996573679184733554655983624963076175623731390750369279689473092910932200723218513987163979367846045843270395620755908614303910995934167021980861032608901385201356450416691089289030331329309712219104513698029639367086553141025135747402643485892404403110168710394797971352256549789298741407292400652495708557676198579731719136359769310090742986854063072073831063000898335193423886180454	7034154424642401747454328459501917449685654526340289234293828087926975613698802301253003986901229215126768695382654920627455886105135280152035329700795293889355277633235554290181731583963896545283708550798937691796831540083280954013969081834852044711745750936591265486142590658887384357622867085996750355661703866246608145583637521959752938257715746356280849074423281893606886464003448175219765453839805265074436365957466696434950037117835419221300496139169463357401794304200505511179843186256343975450709222899770974533288549611356587672080266350186611798483186729611672516579894814424407259636513970213726971934971950794923791587178200087581562191647657559180637528250611814716782845658969675201886788393444756771550459516230136473528206238299429492852666072100117717949589089126430675731256040943404612746901350477100747975579252676970909871375794413069798975304026096502590761192181420638411950542377358262498386858325895972017861890969568117739390988502976937461093504032809308586274777039678542731096437726202177249760143036580241637651675321191327703652142847822668085966845461551107541656985064861435255355077639327735712527385484678639174334734379872052210294513336649415670736797625370668	1,4,-4,3,3,3,3,3,3,3,3,3	4,-4,3,3,3,3,3,3,3,3,3	ok
-1.595596	12.552553	-50.305329	0.652452	continued:5	24739664234858138982047535273920704865888201889876711837493816699690678265963591165069870505023217046633362579621148489165328977987949899797415602900085081435628786567950676391780949633448253616219680559998014214784634910618447122667639804607217055610037222276897125660535867393387520758988742191975881454668757766456386039099618304136651166884285837894817315224103333988986022139294086321685154999346340705988103078279492809641656432950215478117816222205266648568411397418925046010008480574710698821954765024242012324702958840527170691397468834926110714722062344576291849261675828451121993701604116535828610494398858073192433728929874800133162657855679334648028974130744805195983254778166504043858756600786845441298121283027836349047833375238491618175326353210956094314167716502406167476033025536651753033790053751206652384585746115239561996892536666131683827025813468403181407673361179171245419483790320448563829803597121039061081903977294706476632363273453702462195417251028018906861626078936533343480076925181509854593577050552299348783155956422201185632761576292754100011590188442168211102949925619627047439598534360546055031000281001928203258611405909641923152552286611404351267570680350001058798158036074124850345787966730955575663498860113484553967714863653559684979542376001147000753703108766815004627038657385284947147352023797668677084845798604821236608905066256346456302179753880426134560904218261369577448103296738745648687336020593682286619027495753118005703201272660631538645883864443125525334082912315487349316602378358546210231209182949418807760132560119290779667255602003725813991970523685175326376134598684713438479158220980665744662810454706186750097897298241415304789490079507674570490161501173658833022137476321968894324493608107825235865145795715594282147820583685836430431241148681479297222085769680391652158556061827798929959763751825314413679813203457372573226808277766949033950022126388348257950262081389070475404551034429750883338492985788741357885874735587788436050888769534564221103473674427160312807332954534834451970036801189725673305785975683672124382143856925937706356726108544230128721516727926476194880564051906412969364009546362478705389259725277364066070009872040808656830715875279399510123133382662787422723834813596056545957991378480764816813807657330955726472153835907850786197003934292259104621038408484425477366726115282368344399650314005930221511551125	24739664234858138982047535273920704865888201889876711837493816699690678265963591165069870505023217046633362579621148489165328977987949899797415602900085081435628786567950676391780949633448253616219680559998014214784634910618447122667639804607217055610037222276897125660535867393387520758988742191975475097134159821776175469287214857624750265388130867415580412873925910271279382629434282479656095907178473638142326186864698341018602123575843883404208311798618679388046194707946385968872279636660172423920762823771748609336176990325713506490614247467311351878471253089939596514261196666267475682898635911908731494486904182965558798994916608466464004782386781525115550402067143147698500136991417807965993746533707493179716917949661657133802752099530380500629832889813766318693972247359960254936881029359545309059646697237241209564888106340558287762532356251637258398401846377922451692640383953053577384608293675046043906591724400907098081482508558109337883729893322775980233270148019416024194836854355986212330386751079897066437531206720139847788674454652536826169059736982479309839712946775980354134355139497105828903507866078114564099313317787443741699279748434354864282108704676095037950494415256329152600713069877496660307310771242046184594818771387933454884051958986551237607362653814866902007356711989991044615042281214351425297108929992009466700985092229670703177677451264464348332492728540376960670419851293122665760028341559861049306822377036652794506788330715528845822753594465369458785204880186836619098972555405628247235763268008929422918487498301877270818691530992489343305306814336094379577271376269298290975633531543412189900267256897946383532953220514732198228073555797055586626904620880045761024339703057423650925456711805545550960763287220684504488710586033912725619177511995688235560669849768741337304584420812523099183993613366495283861956184991894930507063181882204155637234405376544256288219394521885780756233393095954917481373109471418007770043688720952583717377215735215544489410104379386889227860897228731359022858799089579598538757050476451664592463729036296063444997820303146011308829048502239127784066743138787946929853725068557622247621235278814551394134131976344628139909053115558218005156176570141840722073273988557207285283917086025745841239980018708553070984478782748312228559720407628092165395613111706942804488699858829036507951262479994316733167033384156156739270	-2,4,-4,3,3,3,3,3,3,3,3,3	4,-4,3,3,3,3,3,3,3,3,3,3	ok
-1.591592	12.552553	-52.101821	0.655246	continued:5	24739664234858138982047535273920704865888201889876711837493816699690678265963591165069870505023217046633362579621148489165328977987949899797415602900085081435628786567950676391780949633448253616219680559998014214784634910618447122667639804607217055610037222276897125660535867393387520758988742191975881454668757766456386039099618304136651166884285837894817315224103333988986022139294086321685154999346340705988103078279492809641656432950215478117816222205266648568411397418925046010008480574710698821954765024242012324702958840527170691397468834926110714722062344576291849261675828451121993701604115701508243628541371186781104664750453506678450990658685568877319368724842489366294600223726679557182485111500144011805314426535016123806594563159834704421627591278254098145543334614838595418659350735064119136615550909153916789982856517125346862661227399851506503677119661384586623759841225285653771144345770541906184539519104941031220044588169549394770200017461390905581925298086151522809307449802203222974575540394725875975613318942282656692285373790701768039928224139907689742983609684357165165999207726031406986345064845442052163822899745749684239296069717432693993739901942491195871247188184005622544785201503778731692980763148695451320067864505419433903296146435519659445296496521753471751053227747100453951667941404082669168467397904837511477314606979965133586611493917731935764814635083454704415971377330927400925606195959818431792469429418116723704386606181200779275427328448710823557613447746209908018375062744436514008448136725837375018889739373788918034661386782197106728884664734208458407490415983494747724025743014546106959052115082581517674412963303533831592714298898434370562696760364284907649524262263203863738811407641223237417792595228795567209392197346168129532869186393699250511460803609604775790350055181876012354996063835746263526287716560314813811620925060168891017297616944232700143626717187252726401614482694460612123445628743173456126897633169507145484634472958365316154041498756742212285370794794943044917860959341170625479307682910920823252007181387177510642904251136218634729923121143365381055468330009120571229595835534174707444212211923579929623123189784216056145019741206793077625668066727235911128282011752922343020711243420613039895996532816209969481955781758149729410573607684771633603829608966645618928414800755731073563281257215197415316980466356186475953769123	24739664234858138982047535273920704865888201889876711837493816699690678265963591165069870505023217046633362579621148489165328977987949899797415602900085081435628786567950676391780949633448253616219680559998014214784634910618447122667639804607217055610037222276897125660535867393387520758988742191975475097134159821776175469287214857624750265388130867415580412873925910271279382629434282479656095907178473638142326186864698341018602123575843883404208311798618679388046194707946385968872279636660172423920762823771748609336176990325713506490614247467311351878471253089939596514261196666267475682898635911908731494486904182965558798994916608466464004782386781525115550402067143147698500136991417807965993746533707493179716917949661657133802752099530380500629832889813766318693972247359960254936881029359545309059646697237241209564888106340558287762532356251637258398401846377922451692640383953053577384608293675046043906591724400907098081482508558109337883729893322775980233270148019416024194836854355986212330386751079897066437531206720139847788674454652536826169059736982479309839712946775980354134355139497105828903507866078114564099313317787443741699279748434354864282108704676095037950494415256329152600713069877496660307310771242046184594818771387933454884051958986551237607362653814866902007356711989991044615042281214351425297108929992009466700985092229670703177677451264464348332492728540376960670419851293122665760028341559861049306822377036652794506788330715528845822753594465369458785204880186836619098972555405628247235763268008929422918487498301877270818691530992489343305306814336094379577271376269298290975633531543412189900267256897946383532953220514732198228073555797055586626904620880045761024339703057423650925456711805545550960763287220684504488710586033912725619177511995688235560669849768741337304584420812523099183993613366495283861956184991894930507063181882204155637234405376544256288219394521885780756233393095954917481373109471418007770043688720952583717377215735215544489410104379386889227860897228731359022858799089579598538757050476451664592463729036296063444997820303146011308829048502239127784066743138787946929853725068557622247621235278814551394134131976344628139909053115558218005156176570141840722073273988557207285283917086025745841239980018708553070984478782748312228559720407628092165395613111706942804488699858829036507951262479994316733167033384156156739270	1,-4,-4,3,3,3,3,3,3,3,3,3	4,-4,3,3,3,3,3,3,3,3,3,3	ok
-1.587588	12.552553	-53.424621	0.658039	continued:5	24739664234858138982047535273920704865888201889876711837493816699690678265963591165069870505023217046633362579621148489165328977987949899797415602900085081435628786567950676391780949633448253616219680559998014214784634910618447122667639804607217055610037222276897125660535867393387520758988742191975475097134159821776175469287214857624750265388130867415580412873925910271279382629434282479656095907178473638142326186864698341018602123575843883404208311798618679388046194707946385968872279636660172423920762823771748609336176990325713506490614247467311351878471253089939596514261196666267475682898635077588364628629417296554229734815495315011752337585393015754405944996164827318009845582551593321289722257247006063686910061456841431892563940020873466746931070957111770150069590359792388197563206227771911411885143855184505614961998508226343153531223089971459935049708039359327667779120430067461929055441744031224422705223831560005091108633317128720548165517033711719448300771525660964913525817712220131912105082815080054605883136048554894173783193438041716508681297001277350562437894851607688119124032266056066591963623197071229719772200831481260746898621517899928612391918713268983151048632780119648896253765940151777173575597570025320253082336116946689981147789765900355562110523987436189411566954756946831913765892283629482126668117215787661175622538482371666841405595054624551275871666632475049764341931929868507018454948365774171910807496638367218687366613903751947086947394002612630474683257999387223688134848014104823955551645010680263372366206458226198558279883447844315148180302724249331888726196930807213187997142652942313186005148224878224024593537200103980637926868603500896185830904692094904758235554768415409124757267836161356776521732484146109863946926378105041694979170269733992817805415234240628485488200053302199364211031646323082439647263607276631895871769259044401451363766451126814443473134220489198884697731101960802990910300139680959518854832128513597114746389737973151315057975842081443516593123962467786526070102139874765749035637088432614260030772344792316488840415153698481155126035457741137680097748660410763036811870095293313414540437283852893333234643562710973384060038416228190613325616933189150517789061901654152308030489428549857055082465581427407486143000730202660813809057790100346399768338483335257539245860316494779637880208922066168766414992991208014608723526	24739664234858138982047535273920704865888201889876711837493816699690678265963591165069870505023217046633362579621148489165328977987949899797415602900085081435628786567950676391780949633448253616219680559998014214784634910618447122667639804607217055610037222276897125660535867393387520758988742191975475097134159821776175469287214857624750265388130867415580412873925910271279382629434282479656095907178473638142326186864698341018602123575843883404208311798618679388046194707946385968872279636660172423920762823771748609336176990325713506490614247467311351878471253089939596514261196666267475682898635911908731494486904182965558798994916608466464004782386781525115550402067143147698500136991417807965993746533707493179716917949661657133802752099530380500629832889813766318693972247359960254936881029359545309059646697237241209564888106340558287762532356251637258398401846377922451692640383953053577384608293675046043906591724400907098081482508558109337883729893322775980233270148019416024194836854355986212330386751079897066437531206720139847788674454652536826169059736982479309839712946775980354134355139497105828903507866078114564099313317787443741699279748434354864282108704676095037950494415256329152600713069877496660307310771242046184594818771387933454884051958986551237607362653814866902007356711989991044615042281214351425297108929992009466700985092229670703177677451264464348332492728540376960670419851293122665760028341559861049306822377036652794506788330715528845822753594465369458785204880186836619098972555405628247235763268008929422918487498301877270818691530992489343305306814336094379577271376269298290975633531543412189900267256897946383532953220514732198228073555797055586626904620880045761024339703057423650925456711805545550960763287220684504488710586033912725619177511995688235560669849768741337304584420812523099183993613366495283861956184991894930507063181882204155637234405376544256288219394521885780756233393095954917481373109471418007770043688720952583717377215735215544489410104379386889227860897228731359022858799089579598538757050476451664592463729036296063444997820303146011308829048502239127784066743138787946929853725068557622247621235278814551394134131976344628139909053115558218005156176570141840722073273988557207285283917086025745841239980018708553070984478782748312228559720407628092165395613111706942804488699858829036507951262479994316733167033384156156739270	1,3,3,3,3,3,3,3,3,3,3,3	4,-4,3,3,3,3,3,3,3,3,3,3	ok
-1.583584	12.552553	-54.319647	0.660832	continued:5	24739664234858138982047535273920704865888201889876711837493816699690678265963591165069870505023217046633362579621148489165328977987949899797415602900085081435628786567950676391780949633448253616219680559998014214784634910618447122667639804607217055610037222276897125660535867393387520758988742191975475097134159821776175469287214857624750265388130867415580412873925910271279382629434282479656095907178473638142326186864698341018602123575843883404208311798618679388046194707946385968872279636660172423920762823771748609336176990325713506490614247467311351878471253089939596514261196666267475682898635077588364628629417296554229734815495315011752337585393015754405944996164827318009845582551593321289722257247006063686910061456841431892563940020873466746931070957111770150069590359792388197563206227771911411885143855184505614961998508226343153531223089971459935049708039359327667779120430067461929055441744031224422705223831560005091108633317128720548165517033711719448300771525660964913525817712220131912105082815080054605883136048554894173783193438041716508681297001277350562437894851607688119124032266056066591963623197071229719772200831481260746898621517899928612391918713268983151048632780119648896253765940151777173575597570025320253082336116946689981147789765900355562110523987436189411566954756946831913765892283629482126668117215787661175622538482371666841405595054624551275871666632475049764341931929868507018454948365774171910807496638367218687366613903751947086947394002612630474683257999387223688134848014104823955551645010680263372366206458226198558279883447844315148180302724249331888726196930807213187997142652942313186005148224878224024593537200103980637926868603500896185830904692094904758235554768415409124757267836161356776521732484146109863946926378105041694979170269733992817805415234240628485488200053302199364211031646323082439647263607276631895871769259044401451363766451126814443473134220489198884697731101960802990910300139680959518854832128513597114746389737973151315057975842081443516593123962467786526070102139874765749035637088432614260030772344792316488840415153698481155126035457741137680097748660410763036811870095293313414540437283852893333234643562710973384060038416228190613325616933189150517789061901654152308030489428549857055082465581427407486143000730202660813809057790100346399768338483335257539245860316494779637880208922066168766414992991208014608723526	24739664234858138982047535273920704865888201889876711837493816699690678265963591165069870505023217046633362579621148489165328977987949899797415602900085081435628786567950676391780949633448253616219680559998014214784634910618447122667639804607217055610037222276897125660535867393387520758988742191975475097134159821776175469287214857624750265388130867415580412873925910271279382629434282479656095907178473638142326186864698341018602123575843883404208311798618679388046194707946385968872279636660172423920762823771748609336176990325713506490614247467311351878471253089939596514261196666267475682898635911908731494486904182965558798994916608466464004782386781525115550402067143147698500136991417807965993746533707493179716917949661657133802752099530380500629832889813766318693972247359960254936881029359545309059646697237241209564888106340558287762532356251637258398401846377922451692640383953053577384608293675046043906591724400907098081482508558109337883729893322775980233270148019416024194836854355986212330386751079897066437531206720139847788674454652536826169059736982479309839712946775980354134355139497105828903507866078114564099313317787443741699279748434354864282108704676095037950494415256329152600713069877496660307310771242046184594818771387933454884051958986551237607362653814866902007356711989991044615042281214351425297108929992009466700985092229670703177677451264464348332492728540376960670419851293122665760028341559861049306822377036652794506788330715528845822753594465369458785204880186836619098972555405628247235763268008929422918487498301877270818691530992489343305306814336094379577271376269298290975633531543412189900267256897946383532953220514732198228073555797055586626904620880045761024339703057423650925456711805545550960763287220684504488710586033912725619177511995688235560669849768741337304584420812523099183993613366495283861956184991894930507063181882204155637234405376544256288219394521885780756233393095954917481373109471418007770043688720952583717377215735215544489410104379386889227860897228731359022858799089579598538757050476451664592463729036296063444997820303146011308829048502239127784066743138787946929853725068557622247621235278814551394134131976344628139909053115558218005156176570141840722073273988557207285283917086025745841239980018708553070984478782748312228559720407628092165395613111706942804488699858829036507951262479994316733167033384156156739270	1,3,3,3,3,3,3,3,3,3,3,3	4,-4,3,3,3,3,3,3,3,3,3,3	ok
-1.579580	12.552553	-54.898514	0.663626	full	24739664234858138982047535273920704865888201889876711837493816699690678265963591165069870505023217046633362579621148489165328977987949899797415602900085081435628786567950676391780949633448253616219680559998014214784634910618447122667639804607217055610037222276897125660535867393387520758988742191975475097134159821776175469287214857624750265388130867415580412873925910271279382629434282479656095907178473638142326186864698341018602123575843883404208311798618679388046194707946385968872279636660172423920762823771748609336176990325713506490614247467311351878471253089939596514261196666267475682898635077588364628629417296554229734815495315011752337585393015754405944996164827318009845582551593321289722257247006063686910061456841431892563940020873466746931070957111770150069590359792388197563206227771911411885143855184505614961998508226343153531223089971459935049708039359327667779120430067461929055441744031224422705223831560005091108633317128720548165517033711719448300771525660964913525817712220131912105082815080054605883136048554894173783193438041716508681297001277350562437894851607688119124032266056066591963623197071229719772200831481260746898621517899928612391918713268983151048632780119641862099341297750029719247138068107870567427809776657455687319701838924741863308222734432202510337739630178136531110971656173596021532837063752331474827244593016389208170040764442819691907770087191341213542994238071675478371667411760202828972644593655472936430022638265804496288506618255007607597261306800770629215694428152763539594122443113397834178395207996598716220002965896330970082443535250927929904492141006573361720988244715211217527130416678582951733423938369853743171684564563983626349177586585309068907765500850217594153854188047776587284365072518433984417293128363047391462716592055471493359419811107561342379892318778123925091563362374613867366678251457873793628074433727030300530950329229975263034924403251033542199868020318082547039853201861477386663713823422139778523859265843416231918568932910666969700151238740942339401304783089680591040988665406081595115408547281380162869428403417683884461842344285716707869589494202888211027076797507049117122865083118647547742153521842961992278245772944988321821569733799225419188854384961205608576158230616860757999397989539066443962861226899321589864179340820711868686349448121813826870507375443712146219837353948680559747483860596315536999095	24739664234858138982047535273920704865888201889876711837493816699690678265963591165069870505023217046633362579621148489165328977987949899797415602900085081435628786567950676391780949633448253616219680559998014214784634910618447122667639804607217055610037222276897125660535867393387520758988742191975475097134159821776175469287214857624750265388130867415580412873925910271279382629434282479656095907178473638142326186864698341018602123575843883404208311798618679388046194707946385968872279636660172423920762823771748609336176990325713506490614247467311351878471253089939596514261196666267475682898635911908731494486904182965558798994916608466464004782386781525115550402067143147698500136991417807965993746533707493179716917949661657133802752099530380500629832889813766318693972247359960254936881029359545309059646697237241209564888106340558287762532356251637258398401846377922451692640383953053577384608293675046043906591724400907098081482508558109337883729893322775980233270148019416024194836854355986212330386751079897066437531206720139847788674454652536826169059736982479309839712946775980354134355139497105828903507866078114564099313317787443741699279748434354864282108704676095037950494415256329152600713069877496660307310771242046184594818771387933454884051958986551237607362653814866902007356711989991044615042281214351425297108929992009466700985092229670703177677451264464348332492728540376960670419851293122665760028341559861049306822377036652794506788330715528845822753594465369458785204880186836619098972555405628247235763268008929422918487498301877270818691530992489343305306814336094379577271376269298290975633531543412189900267256897946383532953220514732198228073555797055586626904620880045761024339703057423650925456711805545550960763287220684504488710586033912725619177511995688235560669849768741337304584420812523099183993613366495283861956184991894930507063181882204155637234405376544256288219394521885780756233393095954917481373109471418007770043688720952583717377215735215544489410104379386889227860897228731359022858799089579598538757050476451664592463729036296063444997820303146011308829048502239127784066743138787946929853725068557622247621235278814551394134131976344628139909053115558218005156176570141840722073273988557207285283917086025745841239980018708553070984478782748312228559720407628092165395613111706942804488699858829036507951262479994316733167033384156156739270	-1,3,3,3,3,3,3,3,3,3,3,3	4,-4,3,3,3,3,3,3,3,3,3,3	ok
-1.575576	12.552553	-45.199723	0.653046	continued:5	24739664234858138982047535273920704865888201889876711837493816699690678265963591165069870505023217046633362579621148489165328977987949899797415602900085081435628786567950676391780949633448253616219680559998014214784634910618447122667639804607217055610037222276897125660535867393387520758988742191975881454668757766456386039099618304136651166884285837894817315224103333988986022139294086321685154999346340705988103078279492809641656432950215478117816222205266648568411397418925046010008480574710698821954765024242012324702958840527170691397468834926110714722062344576291849261675828451121993701604116535828610494398858073192433728929874800133162657855679334648028974130744805195983254778166504043858756600786845441298121283027836349047833375238491618175326353210956094314167716502406167476033025536651753033790053751206652384585746115239561996892536666131683827025813468403181407673361179171245419483790320448563829803597121039061081903977294706476632363273453702462195417251028018906861626078936533343480076925181509854593577050552299348783155956422201185632761576292754100011590188442168211102949925619627047439598534360546055031000281001928203258611405909641923152552286611404351267570680350001051764003611431723102891459507229038125977844333773195319673886775726584071280740074748143013852473893640046309244383736757829061042216743645633347384050504715465958975669511966164724718215857335142426010105280569572745908020015784731679605501168548970540868090904487631863112542385276273915778797867692769863630216665707341765679080418605607952515462826668569733336850666512404315663807426783960360152165258610738960418667902249763401361322801759365248523640991348784955793696792730235461603233735532223861267261730199125544472526119734296814058143421496026752678416184043077702253006159278576793917270934954507362250134974756600064980355974246236738312106192644676885429201388740589727567838602565062245556577369616797798434031944915542269166251604936898217266392868070791768796748304912057180009945364921817319752996573679184733554655983624963076175623731390750369279689473092910932200723218513987163979367846045843270395620755908614303910995934167021980861032608901385201356450416691089289030331329309712219104513698029639367086553141025135747402643485892404403110168710394797971352256549789298741407292400652495708557676198579731719136359769310090742986854063072073831063000898335193423886180454	24739664234858138982047535273920704865888201889876711837493816699690678265963591165069870505023217046633362579621148489165328977987949899797415602900085081435628786567950676391780949633448253616219680559998014214784634910618447122667639804607217055610037222276897125660535867393387520758988742191975475097134159821776175469287214857624750265388130867415580412873925910271279382629434282479656095907178473638142326186864698341018602123575843883404208311798618679388046194707946385968872279636660172423920762823771748609336176990325713506490614247467311351878471253089939596514261196666267475682898635911908731494486904182965558798994916608466464004782386781525115550402067143147698500136991417807965993746533707493179716917949661657133802752099530380500629832889813766318693972247359960254936881029359545309059646697237241209564888106340558287762532356251637258398401846377922451692640383953053577384608293675046043906591724400907098081482508558109337883729893322775980233270148019416024194836854355986212330386751079897066437531206720139847788674454652536826169059736982479309839712946775980354134355139497105828903507866078114564099313317787443741699279748434354864282108704676095037950494415256329152600713069877496660307310771242046184594818771387933454884051958986551237607362653814866902007356711989991044615042281214351425297108929992009466700985092229670703177677451264464348332492728540376960670419851293122665760028341559861049306822377036652794506788330715528845822753594465369458785204880186836619098972555405628247235763268008929422918487498301877270818691530992489343305306814336094379577271376269298290975633531543412189900267256897946383532953220514732198228073555797055586626904620880045761024339703057423650925456711805545550960763287220684504488710586033912725619177511995688235560669849768741337304584420812523099183993613366495283861956184991894930507063181882204155637234405376544256288219394521885780756233393095954917481373109471418007770043688720952583717377215735215544489410104379386889227860897228731359022858799089579598538757050476451664592463729036296063444997820303146011308829048502239127784066743138787946929853725068557622247621235278814551394134131976344628139909053115558218005156176570141840722073273988557207285283917086025745841239980018708553070984478782748312228559720407628092165395613111706942804488699858829036507951262479994316733167033384156156739270	1,4,-4,3,3,3,3,3,3,3,3,3	4,-4,3,3,3,3,3,3,3,3,3,3	ok
-1.571572	12.552553	-48.122311	0.650253	continued:5	24739664234858138982047535273920704865888201889876711837493816699690678265963591165069870505023217046633362579621148489165328977987949899797415602900486143006268665268678106964453841999524106595607605727243377372487650564782802452333008206763043514220470865892407412103036806892083064510289504814600080741268157165354063032161189525829409088498985531970815025159686244986955270210405434697787650037103444327391942508501376229453985083037857645944890272090078718974473418025044221755928344004123983175888817859152476099625581493080234216246769749121423440316080188755726314866454849365625903310727411962210265060239147673443344215878137030132192806617845508521429134953442005172595687239288806640105913992832181188271002687607995224248543333026219927493239086602157995778446585721011574420179073238618804110120164359864009422453308161100362518741977810549869001591965741855811340851965796864669769309938280536893230248984085900380693657531507520663457858253997875508959903776272993901756549954431436631827613577026154262262745869742433942174619397247389317330840056156398455179653516874026488205839386685172939856955291059529251622792608475702297701480330647337063298624177487084690036125279368730087379950066198561615264728488414085736850530789634982618171829862930410295139430342013024750434181851629906571952336534758531940529861984238241338452172439814428011649585222302495795525654762410035603012442970783590885273653991815302580886460114816036807656785353325076095401570870871067796692206306997923786823576477445168922602597883994241052413155171459025668568588201399900227215347935959147792766552418814125253663780577093858269295494599560007366980566400413243193349726898989744554419076712195176948161186072020406475240748570254993508798067921619801633329336971846083914652416321268851592913093356373458649348755856659416561961406345866255431884116774653514877596917830638237479732022330805332910721869764579787147038741057243002192544015762423052629578157446762138839322691024963167687371438886441042274245581429747565067357698937279798018463957482840425669516684734982445475076363622054497665426917823140723003569910285889932418453929318996107109387930268894269885064335111873960659067616447178970011772021621952222915091843537379000494754741715980919120805830064676890354348795141595257067539557749911766951870010922826860198520621087899943598052291258667388883422190135815934490441634574	24739664234858138982047535273920704865888201889876711837493816699690678265963591165069870505023217046633362579621148489165328977987949899797415602900085081435628786567950676391780949633448253616219680559998014214784634910618447122667639804607217055610037222276897125660535867393387520758988742191975475097134159821776175469287214857624750265388130867415580412873925910271279382629434282479656095907178473638142326186864698341018602123575843883404208311798618679388046194707946385968872279636660172423920762823771748609336176990325713506490614247467311351878471253089939596514261196666267475682898635911908731494486904182965558798994916608466464004782386781525115550402067143147698500136991417807965993746533707493179716917949661657133802752099530380500629832889813766318693972247359960254936881029359545309059646697237241209564888106340558287762532356251637258398401846377922451692640383953053577384608293675046043906591724400907098081482508558109337883729893322775980233270148019416024194836854355986212330386751079897066437531206720139847788674454652536826169059736982479309839712946775980354134355139497105828903507866078114564099313317787443741699279748434354864282108704676095037950494415256329152600713069877496660307310771242046184594818771387933454884051958986551237607362653814866902007356711989991044615042281214351425297108929992009466700985092229670703177677451264464348332492728540376960670419851293122665760028341559861049306822377036652794506788330715528845822753594465369458785204880186836619098972555405628247235763268008929422918487498301877270818691530992489343305306814336094379577271376269298290975633531543412189900267256897946383532953220514732198228073555797055586626904620880045761024339703057423650925456711805545550960763287220684504488710586033912725619177511995688235560669849768741337304584420812523099183993613366495283861956184991894930507063181882204155637234405376544256288219394521885780756233393095954917481373109471418007770043688720952583717377215735215544489410104379386889227860897228731359022858799089579598538757050476451664592463729036296063444997820303146011308829048502239127784066743138787946929853725068557622247621235278814551394134131976344628139909053115558218005156176570141840722073273988557207285283917086025745841239980018708553070984478782748312228559720407628092165395613111706942804488699858829036507951262479994316733167033384156156739270	1,4,-4,-4,3,3,3,3,3,3,3,3	4,-4,3,3,3,3,3,3,3,3,3,3	ok
-1.567568	12.552553	-50.395362	0.647459	continued:5	24739664234858138982047535273920704865888201889876711837493816699690678265963591165069870505023217046633362579621148489165328977987949899797415602900085081435628786567950676391780949633448253616219680559998014214784634910618447122667639804607217055610037222276897125660535867393387520758988742191975881454668757766456386039099618304136651166884285837894817315224103333988986022139294086321685154999346340705988103078279492809641656432950215478117816222205266648568411397418925046010008480574710698821954765024242012324702958840527170691397468834926110714722062344576291849261675828451121993701604116535828610494398858073192433728929874800133162657855679334648028974130744805195983254778166504043858756600786845441298121283027836349047833375238491618175326353210956094314167716502406167476033025536651753033790053751206652384585746115239561996892536666131683827025813468403181407673361179171245419483790320448563829803597121039061081903977294706476632363273453702462195417251028018906861626078936533343480076925181509854593577050552299348783155956422201185632761576292754100011590188442168211102949925619627047439598534360546055031000281001928203258611405909641923152552286611404351267570680350001058798158036074124850345787966730955575663498860113484553967714863653559684979542376001147000753703108766815004627038657385284947147352023797668677084845798604821236608905066256346456302179753880426134560904218261369577448103296738745648687336020593682286619027495753118005703201272660631538645883864443125525334082912315487349316602378358546210231209182949418807760132560119290779667255602003725813991970523685175326376134598684713438479158220980665744662810454706186750097897298241415304789490079507674570490161501173658833022137476321968894324493608107825235865145795715594282147820583685836430431241148681479297222085769680391652158556061827798929959763751825314413679813203457372573226808277766949033950022126388348257950262081389070475404551034429750883338492985788741357885874735587788436050888769534564221103473674427160312807332954534834451970036801189725673305785975683672124382143856925937706356726108544230128721516727926476194880564051906412969364009546362478705389259725277364066070009872040808656830715875279399510123133382662787422723834813596056545957991378480764816813807657330955726472153835907850786197003934292259104621038408484425477366726115282368344399650314005930221511551125	24739664234858138982047535273920704865888201889876711837493816699690678265963591165069870505023217046633362579621148489165328977987949899797415602900085081435628786567950676391780949633448253616219680559998014214784634910618447122667639804607217055610037222276897125660535867393387520758988742191975475097134159821776175469287214857624750265388130867415580412873925910271279382629434282479656095907178473638142326186864698341018602123575843883404208311798618679388046194707946385968872279636660172423920762823771748609336176990325713506490614247467311351878471253089939596514261196666267475682898635911908731494486904182965558798994916608466464004782386781525115550402067143147698500136991417807965993746533707493179716917949661657133802752099530380500629832889813766318693972247359960254936881029359545309059646697237241209564888106340558287762532356251637258398401846377922451692640383953053577384608293675046043906591724400907098081482508558109337883729893322775980233270148019416024194836854355986212330386751079897066437531206720139847788674454652536826169059736982479309839712946775980354134355139497105828903507866078114564099313317787443741699279748434354864282108704676095037950494415256329152600713069877496660307310771242046184594818771387933454884051958986551237607362653814866902007356711989991044615042281214351425297108929992009466700985092229670703177677451264464348332492728540376960670419851293122665760028341559861049306822377036652794506788330715528845822753594465369458785204880186836619098972555405628247235763268008929422918487498301877270818691530992489343305306814336094379577271376269298290975633531543412189900267256897946383532953220514732198228073555797055586626904620880045761024339703057423650925456711805545550960763287220684504488710586033912725619177511995688235560669849768741337304584420812523099183993613366495283861956184991894930507063181882204155637234405376544256288219394521885780756233393095954917481373109471418007770043688720952583717377215735215544489410104379386889227860897228731359022858799089579598538757050476451664592463729036296063444997820303146011308829048502239127784066743138787946929853725068557622247621235278814551394134131976344628139909053115558218005156176570141840722073273988557207285283917086025745841239980018708553070984478782748312228559720407628092165395613111706942804488699858829036507951262479994316733167033384156156739270	-2,4,-4,3,3,3,3,3,3,3,3,3	4,-4,3,3,3,3,3,3,3,3,3,3	ok
-1.563564	12.552553	-52.189558	0.650253	continued:5	24739664234858138982047535273920704865888201889876711837493816699690678265963591165069870505023217046633362579621148489165328977987949899797415602900085081435628786567950676391780949633448253616219680559998014214784634910618447122667639804607217055610037222276897125660535867393387520758988742191975881454668757766456386039099618304136651166884285837894817315224103333988986022139294086321685154999346340705988103078279492809641656432950215478117816222205266648568411397418925046010008480574710698821954765024242012324702958840527170691397468834926110714722062344576291849261675828451121993701604115701508243628541371186781104664750453506678450990658685568877319368724842489366294600223726679557182485111500144011805314426535016123806594563159834704421627591278254098145543334614838595418659350735064119136615550909153916789982856517125346862661227399851506503677119661384586623759841225285653771144345770541906184539519104941031220044588169549394770200017461390905581925298086151522809307449802203222974575540394725875975613318942282656692285373790701768039928224139907689742983609684357165165999207726031406986345064845442052163822899745749684239296069717432693993739901942491195871247188184005622544785201503778731692980763148695451320067864505419433903296146435519659445296496521753471751053227747100453951667941404082669168467397904837511477314606979965133586611493917731935764814635083454704415971377330927400925606195959818431792469429418116723704386606181200779275427328448710823557613447746209908018375062744436514008448136725837375018889739373788918034661386782197106728884664734208458407490415983494747724025743014546106959052115082581517674412963303533831592714298898434370562696760364284907649524262263203863738811407641223237417792595228795567209392197346168129532869186393699250511460803609604775790350055181876012354996063835746263526287716560314813811620925060168891017297616944232700143626717187252726401614482694460612123445628743173456126897633169507145484634472958365316154041498756742212285370794794943044917860959341170625479307682910920823252007181387177510642904251136218634729923121143365381055468330009120571229595835534174707444212211923579929623123189784216056145019741206793077625668066727235911128282011752922343020711243420613039895996532816209969481955781758149729410573607684771633603829608966645618928414800755731073563281257215197415316980466356186475953769123	24739664234858138982047535273920704865888201889876711837493816699690678265963591165069870505023217046633362579621148489165328977987949899797415602900085081435628786567950676391780949633448253616219680559998014214784634910618447122667639804607217055610037222276897125660535867393387520758988742191975475097134159821776175469287214857624750265388130867415580412873925910271279382629434282479656095907178473638142326186864698341018602123575843883404208311798618679388046194707946385968872279636660172423920762823771748609336176990325713506490614247467311351878471253089939596514261196666267475682898635911908731494486904182965558798994916608466464004782386781525115550402067143147698500136991417807965993746533707493179716917949661657133802752099530380500629832889813766318693972247359960254936881029359545309059646697237241209564888106340558287762532356251637258398401846377922451692640383953053577384608293675046043906591724400907098081482508558109337883729893322775980233270148019416024194836854355986212330386751079897066437531206720139847788674454652536826169059736982479309839712946775980354134355139497105828903507866078114564099313317787443741699279748434354864282108704676095037950494415256329152600713069877496660307310771242046184594818771387933454884051958986551237607362653814866902007356711989991044615042281214351425297108929992009466700985092229670703177677451264464348332492728540376960670419851293122665760028341559861049306822377036652794506788330715528845822753594465369458785204880186836619098972555405628247235763268008929422918487498301877270818691530992489343305306814336094379577271376269298290975633531543412189900267256897946383532953220514732198228073555797055586626904620880045761024339703057423650925456711805545550960763287220684504488710586033912725619177511995688235560669849768741337304584420812523099183993613366495283861956184991894930507063181882204155637234405376544256288219394521885780756233393095954917481373109471418007770043688720952583717377215735215544489410104379386889227860897228731359022858799089579598538757050476451664592463729036296063444997820303146011308829048502239127784066743138787946929853725068557622247621235278814551394134131976344628139909053115558218005156176570141840722073273988557207285283917086025745841239980018708553070984478782748312228559720407628092165395613111706942804488699858829036507951262479994316733167033384156156739270	1,-4,-4,3,3,3,3,3,3,3,3,3	4,-4,3,3,3,3,3,3,3,3,3,3	ok
-1.559560	12.552553	-53.502541	0.653046	continued:5	24739664234858138982047535273920704865888201889876711837493816699690678265963591165069870505023217046633362579621148489165328977987949899797415602900085081435628786567950676391780949633448253616219680559998014214784634910618447122667639804607217055610037222276897125660535867393387520758988742191975475097134159821776175469287214857624750265388130867415580412873925910271279382629434282479656095907178473638142326186864698341018602123575843883404208311798618679388046194707946385968872279636660172423920762823771748609336176990325713506490614247467311351878471253089939596514261196666267475682898635077588364628629417296554229734815495315011752337585393015754405944996164827318009845582551593321289722257247006063686910061456841431892563940020873466746931070957111770150069590359792388197563206227771911411885143855184505614961998508226343153531223089971459935049708039359327667779120430067461929055441744031224422705223831560005091108633317128720548165517033711719448300771525660964913525817712220131912105082815080054605883136048554894173783193438041716508681297001277350562437894851607688119124032266056066591963623197071229719772200831481260746898621517899928612391918713268983151048632780119648896253765940151777173575597570025320253082336116946689981147789765900355562110523987436189411566954756946831913765892283629482126668117215787661175622538482371666841405595054624551275871666632475049764341931929868507018454948365774171910807496638367218687366613903751947086947394002612630474683257999387223688134848014104823955551645010680263372366206458226198558279883447844315148180302724249331888726196930807213187997142652942313186005148224878224024593537200103980637926868603500896185830904692094904758235554768415409124757267836161356776521732484146109863946926378105041694979170269733992817805415234240628485488200053302199364211031646323082439647263607276631895871769259044401451363766451126814443473134220489198884697731101960802990910300139680959518854832128513597114746389737973151315057975842081443516593123962467786526070102139874765749035637088432614260030772344792316488840415153698481155126035457741137680097748660410763036811870095293313414540437283852893333234643562710973384060038416228190613325616933189150517789061901654152308030489428549857055082465581427407486143000730202660813809057790100346399768338483335257539245860316494779637880208922066168766414992991208014608723526	24739664234858138982047535273920704865888201889876711837493816699690678265963591165069870505023217046633362579621148489165328977987949899797415602900085081435628786567950676391780949633448253616219680559998014214784634910618447122667639804607217055610037222276897125660535867393387520758988742191975475097134159821776175469287214857624750265388130867415580412873925910271279382629434282479656095907178473638142326186864698341018602123575843883404208311798618679388046194707946385968872279636660172423920762823771748609336176990325713506490614247467311351878471253089939596514261196666267475682898635911908731494486904182965558798994916608466464004782386781525115550402067143147698500136991417807965993746533707493179716917949661657133802752099530380500629832889813766318693972247359960254936881029359545309059646697237241209564888106340558287762532356251637258398401846377922451692640383953053577384608293675046043906591724400907098081482508558109337883729893322775980233270148019416024194836854355986212330386751079897066437531206720139847788674454652536826169059736982479309839712946775980354134355139497105828903507866078114564099313317787443741699279748434354864282108704676095037950494415256329152600713069877496660307310771242046184594818771387933454884051958986551237607362653814866902007356711989991044615042281214351425297108929992009466700985092229670703177677451264464348332492728540376960670419851293122665760028341559861049306822377036652794506788330715528845822753594465369458785204880186836619098972555405628247235763268008929422918487498301877270818691530992489343305306814336094379577271376269298290975633531543412189900267256897946383532953220514732198228073555797055586626904620880045761024339703057423650925456711805545550960763287220684504488710586033912725619177511995688235560669849768741337304584420812523099183993613366495283861956184991894930507063181882204155637234405376544256288219394521885780756233393095954917481373109471418007770043688720952583717377215735215544489410104379386889227860897228731359022858799089579598538757050476451664592463729036296063444997820303146011308829048502239127784066743138787946929853725068557622247621235278814551394134131976344628139909053115558218005156176570141840722073273988557207285283917086025745841239980018708553070984478782748312228559720407628092165395613111706942804488699858829036507951262479994316733167033384156156739270	1,3,3,3,3,3,3,3,3,3,3,3	4,-4,3,3,3,3,3,3,3,3,3,3	ok
-1.555556	12.552553	-54.384398	0.655839	continued:5	24739664234858138982047535273920704865888201889876711837493816699690678265963591165069870505023217046633362579621148489165328977987949899797415602900085081435628786567950676391780949633448253616219680559998014214784634910618447122667639804607217055610037222276897125660535867393387520758988742191975475097134159821776175469287214857624750265388130867415580412873925910271279382629434282479656095907178473638142326186864698341018602123575843883404208311798618679388046194707946385968872279636660172423920762823771748609336176990325713506490614247467311351878471253089939596514261196666267475682898635077588364628629417296554229734815495315011752337585393015754405944996164827318009845582551593321289722257247006063686910061456841431892563940020873466746931070957111770150069590359792388197563206227771911411885143855184505614961998508226343153531223089971459935049708039359327667779120430067461929055441744031224422705223831560005091108633317128720548165517033711719448300771525660964913525817712220131912105082815080054605883136048554894173783193438041716508681297001277350562437894851607688119124032266056066591963623197071229719772200831481260746898621517899928612391918713268983151048632780119648896253765940151777173575597570025320253082336116946689981147789765900355562110523987436189411566954756946831913765892283629482126668117215787661175622538482371666841405595054624551275871666632475049764341931929868507018454948365774171910807496638367218687366613903751947086947394002612630474683257999387223688134848014104823955551645010680263372366206458226198558279883447844315148180302724249331888726196930807213187997142652942313186005148224878224024593537200103980637926868603500896185830904692094904758235554768415409124757267836161356776521732484146109863946926378105041694979170269733992817805415234240628485488200053302199364211031646323082439647263607276631895871769259044401451363766451126814443473134220489198884697731101960802990910300139680959518854832128513597114746389737973151315057975842081443516593123962467786526070102139874765749035637088432614260030772344792316488840415153698481155126035457741137680097748660410763036811870095293313414540437283852893333234643562710973384060038416228190613325616933189150517789061901654152308030489428549857055082465581427407486143000730202660813809057790100346399768338483335257539245860316494779637880208922066168766414992991208014608723526	24739664234858138982047535273920704865888201889876711837493816699690678265963591165069870505023217046633362579621148489165328977987949899797415602900085081435628786567950676391780949633448253616219680559998014214784634910618447122667639804607217055610037222276897125660535867393387520758988742191975475097134159821776175469287214857624750265388130867415580412873925910271279382629434282479656095907178473638142326186864698341018602123575843883404208311798618679388046194707946385968872279636660172423920762823771748609336176990325713506490614247467311351878471253089939596514261196666267475682898635911908731494486904182965558798994916608466464004782386781525115550402067143147698500136991417807965993746533707493179716917949661657133802752099530380500629832889813766318693972247359960254936881029359545309059646697237241209564888106340558287762532356251637258398401846377922451692640383953053577384608293675046043906591724400907098081482508558109337883729893322775980233270148019416024194836854355986212330386751079897066437531206720139847788674454652536826169059736982479309839712946775980354134355139497105828903507866078114564099313317787443741699279748434354864282108704676095037950494415256329152600713069877496660307310771242046184594818771387933454884051958986551237607362653814866902007356711989991044615042281214351425297108929992009466700985092229670703177677451264464348332492728540376960670419851293122665760028341559861049306822377036652794506788330715528845822753594465369458785204880186836619098972555405628247235763268008929422918487498301877270818691530992489343305306814336094379577271376269298290975633531543412189900267256897946383532953220514732198228073555797055586626904620880045761024339703057423650925456711805545550960763287220684504488710586033912725619177511995688235560669849768741337304584420812523099183993613366495283861956184991894930507063181882204155637234405376544256288219394521885780756233393095954917481373109471418007770043688720952583717377215735215544489410104379386889227860897228731359022858799089579598538757050476451664592463729036296063444997820303146011308829048502239127784066743138787946929853725068557622247621235278814551394134131976344628139909053115558218005156176570141840722073273988557207285283917086025745841239980018708553070984478782748312228559720407628092165395613111706942804488699858829036507951262479994316733167033384156156739270	1,3,3,3,3,3,3,3,3,3,3,3	4,-4,3,3,3,3,3,3,3,3,3,3	ok
-1.551552	12.552553	-54.953724	0.658633	full	24739664234858138982047535273920704865888201889876711837493816699690678265963591165069870505023217046633362579621148489165328977987949899797415602900085081435628786567950676391780949633448253616219680559998014214784634910618447122667639804607217055610037222276897125660535867393387520758988742191975475097134159821776175469287214857624750265388130867415580412873925910271279382629434282479656095907178473638142326186864698341018602123575843883404208311798618679388046194707946385968872279636660172423920762823771748609336176990325713506490614247467311351878471253089939596514261196666267475682898635077588364628629417296554229734815495315011752337585393015754405944996164827318009845582551593321289722257247006063686910061456841431892563940020873466746931070957111770150069590359792388197563206227771911411885143855184505614961998508226343153531223089971459935049708039359327667779120430067461929055441744031224422705223831560005091108633317128720548165517033711719448300771525660964913525817712220131912105082815080054605883136048554894173783193438041716508681297001277350562437894851607688119124032266056066591963623197071229719772200831481260746898621517899928612391918713268983151048632780119641862099341297750029719247138068107870567427809776657455687319701838924741863308222734432202510337739630178136531110971656173596021532837063752331474827244593016389208170040764442819691907770087191341213542994238071675478371667411760202828972644593655472936430022638265804496288506618255007607597261306800770629215694428152763539594122443113397834178395207996598716220002965896330970082443535250927929904492141006573361720988244715211217527130416678582951733423938369853743171684564563983626349177586585309068907765500850217594153854188047776587284365072518433984417293128363047391462716592055471493359419811107561342379892318778123925091563362374613867366678251457873793628074433727030300530950329229975263034924403251033542199868020318082547039853201861477386663713823422139778523859265843416231918568932910666969700151238740942339401304783089680591040988665406081595115408547281380162869428403417683884461842344285716707869589494202888211027076797507049117122865083118647547742153521842961992278245772944988321821569733799225419188854384961205608576158230616860757999397989539066443962861226899321589864179340820711868686349448121813826870507375443712146219837353948680559747483860596315536999095	24739664234858138982047535273920704865888201889876711837493816699690678265963591165069870505023217046633362579621148489165328977987949899797415602900085081435628786567950676391780949633448253616219680559998014214784634910618447122667639804607217055610037222276897125660535867393387520758988742191975475097134159821776175469287214857624750265388130867415580412873925910271279382629434282479656095907178473638142326186864698341018602123575843883404208311798618679388046194707946385968872279636660172423920762823771748609336176990325713506490614247467311351878471253089939596514261196666267475682898635911908731494486904182965558798994916608466464004782386781525115550402067143147698500136991417807965993746533707493179716917949661657133802752099530380500629832889813766318693972247359960254936881029359545309059646697237241209564888106340558287762532356251637258398401846377922451692640383953053577384608293675046043906591724400907098081482508558109337883729893322775980233270148019416024194836854355986212330386751079897066437531206720139847788674454652536826169059736982479309839712946775980354134355139497105828903507866078114564099313317787443741699279748434354864282108704676095037950494415256329152600713069877496660307310771242046184594818771387933454884051958986551237607362653814866902007356711989991044615042281214351425297108929992009466700985092229670703177677451264464348332492728540376960670419851293122665760028341559861049306822377036652794506788330715528845822753594465369458785204880186836619098972555405628247235763268008929422918487498301877270818691530992489343305306814336094379577271376269298290975633531543412189900267256897946383532953220514732198228073555797055586626904620880045761024339703057423650925456711805545550960763287220684504488710586033912725619177511995688235560669849768741337304584420812523099183993613366495283861956184991894930507063181882204155637234405376544256288219394521885780756233393095954917481373109471418007770043688720952583717377215735215544489410104379386889227860897228731359022858799089579598538757050476451664592463729036296063444997820303146011308829048502239127784066743138787946929853725068557622247621235278814551394134131976344628139909053115558218005156176570141840722073273988557207285283917086025745841239980018708553070984478782748312228559720407628092165395613111706942804488699858829036507951262479994316733167033384156156739270	-1,3,3,3,3,3,3,3,3,3,3,3	4,-4,3,3,3,3,3,3,3,3,3,3	ok
-1.547548	12.552553	-45.262705	0.648016	continued:5	24739664234858138982047535273920704865888201889876711837493816699690678265963591165069870505023217046633362579621148489165328977987949899797415602900486143006268665268678106964453841999524106595607605727243377372487650564782802452333008206763043514220470865892407412103036806892083064510289504814600080741268157165354063032161189525829409088498985531970815025159686244986955270210405434697787650037103444327391942508501376229453985083037857645944890272090078718974473418025044221755928344004123983175888817859152476099625581493080234216246769749121423440316080188755726314866454849365625903310727411962210265060239147673443344215878137030132192806617845508521429134953442005172595687239288806640105913992832181188271002687607995224248543333026219927493239086602157995778446585721011574420179073238618804110120164359864009422453308161100362518741977810549869001591965741855811340851965796864669769309938280536893230248984085900380693657531507520663457858253997875508959903776272993901756549954431436631827613577026154262262745869742433942174619397247389317330840056156398455179653516874026488205839386685172939856955291059529251622792608475702297701480330647337063298624177487084690036125279368730087379950066198561615264728488414085736850530789634982618171829862930410295139430342013024750434181851629906571952336534758531940529861984238241338452172439814428011649585222302495795525654762410035603012442970783590885273653991815302580886460114816036807656785353325076095401570870871067796692206306997923786823576477445168922602597883994241052413155171459025668568588201399900227215347935959147792766552418814125253663780577093858269295494599560007366980566400413243193349726898989744554419076712195176948161186072020406475240748570254993508798067921619801633329336971846083914652416321268851592913093356373458649348755856659416561961406345866255431884116774653514877596917830638237479732022330805332910721869764579787147038741057243002192544015762423052629578157446762138839322691024963167687371438886441042274245581429747565067357698937279798018463957482840425669516684734982445475076363622054497665426917823140723003569910285889932418453929318996107109387930268894269885064335111873960659067616447178970011772021621952222915091843537379000494754741715980919120805830064676890354348795141595257067539557749911766951870010922826860198520621087899943598052291258667388883422190135815934490441634574	24739664234858138982047535273920704865888201889876711837493816699690678265963591165069870505023217046633362579621148489165328977987949899797415602900085081435628786567950676391780949633448253616219680559998014214784634910618447122667639804607217055610037222276897125660535867393387520758988742191975475097134159821776175469287214857624750265388130867415580412873925910271279382629434282479656095907178473638142326186864698341018602123575843883404208311798618679388046194707946385968872279636660172423920762823771748609336176990325713506490614247467311351878471253089939596514261196666267475682898635911908731494486904182965558798994916608466464004782386781525115550402067143147698500136991417807965993746533707493179716917949661657133802752099530380500629832889813766318693972247359960254936881029359545309059646697237241209564888106340558287762532356251637258398401846377922451692640383953053577384608293675046043906591724400907098081482508558109337883729893322775980233270148019416024194836854355986212330386751079897066437531206720139847788674454652536826169059736982479309839712946775980354134355139497105828903507866078114564099313317787443741699279748434354864282108704676095037950494415256329152600713069877496660307310771242046184594818771387933454884051958986551237607362653814866902007356711989991044615042281214351425297108929992009466700985092229670703177677451264464348332492728540376960670419851293122665760028341559861049306822377036652794506788330715528845822753594465369458785204880186836619098972555405628247235763268008929422918487498301877270818691530992489343305306814336094379577271376269298290975633531543412189900267256897946383532953220514732198228073555797055586626904620880045761024339703057423650925456711805545550960763287220684504488710586033912725619177511995688235560669849768741337304584420812523099183993613366495283861956184991894930507063181882204155637234405376544256288219394521885780756233393095954917481373109471418007770043688720952583717377215735215544489410104379386889227860897228731359022858799089579598538757050476451664592463729036296063444997820303146011308829048502239127784066743138787946929853725068557622247621235278814551394134131976344628139909053115558218005156176570141840722073273988557207285283917086025745841239980018708553070984478782748312228559720407628092165395613111706942804488699858829036507951262479994316733167033384156156739270	1,4,-4,-4,3,3,3,3,3,3,3,3	4,-4,3,3,3,3,3,3,3,3,3,3	ok
-1.543544	12.552553	-48.204559	0.645222	continued:5	24739664234858138982047535273920704865888201889876711837493816699690678265963591165069870505023217046633362579621148489165328977987949899797415602900486143006268665268678106964453841999524106595607605727243377372487650564782802452333008206763043514220470865892407412103036806892083064510289504814600080741268157165354063032161189525829409088498985531970815025159686244986955270210405434697787650037103444327391942508501376229453985083037857645944890272090078718974473418025044221755928344004123983175888817859152476099625581493080234216246769749121423440316080188755726314866454849365625903310727411962210265060239147673443344215878137030132192806617845508521429134953442005172595687239288806640105913992832181188271002687607995224248543333026219927493239086602157995778446585721011574420179073238618804110120164359864009422453308161100362518741977810549869001591965741855811340851965796864669769309938280536893230248984085900380693657531507520663457858253997875508959903776272993901756549954431436631827613577026154262262745869742433942174619397247389317330840056156398455179653516874026488205839386685172939856955291059529251622792608475702297701480330647337063298624177487084690036125279368730087379950066198561615264728488414085736850530789634982618171829862930410295139430342013024750434181851629906571952336534758531940529861984238241338452172439814428011649585222302495795525654762410035603012442970783590885273653991815302580886460114816036807656785353325076095401570870871067796692206306997923786823576477445168922602597883994241052413155171459025668568588201399900227215347935959147792766552418814125253663780577093858269295494599560007366980566400413243193349726898989744554419076712195176948161186072020406475240748570254993508798067921619801633329336971846083914652416321268851592913093356373458649348755856659416561961406345866255431884116774653514877596917830638237479732022330805332910721869764579787147038741057243002192544015762423052629578157446762138839322691024963167687371438886441042274245581429747565067357698937279798018463957482840425669516684734982445475076363622054497665426917823140723003569910285889932418453929318996107109387930268894269885064335111873960659067616447178970011772021621952222915091843537379000494754741715980919120805830064676890354348795141595257067539557749911766951870010922826860198520621087899943598052291258667388883422190135815934490441634574	24739664234858138982047535273920704865888201889876711837493816699690678265963591165069870505023217046633362579621148489165328977987949899797415602900085081435628786567950676391780949633448253616219680559998014214784634910618447122667639804607217055610037222276897125660535867393387520758988742191975475097134159821776175469287214857624750265388130867415580412873925910271279382629434282479656095907178473638142326186864698341018602123575843883404208311798618679388046194707946385968872279636660172423920762823771748609336176990325713506490614247467311351878471253089939596514261196666267475682898635911908731494486904182965558798994916608466464004782386781525115550402067143147698500136991417807965993746533707493179716917949661657133802752099530380500629832889813766318693972247359960254936881029359545309059646697237241209564888106340558287762532356251637258398401846377922451692640383953053577384608293675046043906591724400907098081482508558109337883729893322775980233270148019416024194836854355986212330386751079897066437531206720139847788674454652536826169059736982479309839712946775980354134355139497105828903507866078114564099313317787443741699279748434354864282108704676095037950494415256329152600713069877496660307310771242046184594818771387933454884051958986551237607362653814866902007356711989991044615042281214351425297108929992009466700985092229670703177677451264464348332492728540376960670419851293122665760028341559861049306822377036652794506788330715528845822753594465369458785204880186836619098972555405628247235763268008929422918487498301877270818691530992489343305306814336094379577271376269298290975633531543412189900267256897946383532953220514732198228073555797055586626904620880045761024339703057423650925456711805545550960763287220684504488710586033912725619177511995688235560669849768741337304584420812523099183993613366495283861956184991894930507063181882204155637234405376544256288219394521885780756233393095954917481373109471418007770043688720952583717377215735215544489410104379386889227860897228731359022858799089579598538757050476451664592463729036296063444997820303146011308829048502239127784066743138787946929853725068557622247621235278814551394134131976344628139909053115558218005156176570141840722073273988557207285283917086025745841239980018708553070984478782748312228559720407628092165395613111706942804488699858829036507951262479994316733167033384156156739270	1,4,-4,-4,3,3,3,3,3,3,3,3	4,-4,3,3,3,3,3,3,3,3,3,3	ok
-1.539540	12.552553	-50.484464	0.642429	continued:5	24739664234858138982047535273920704865888201889876711837493816699690678265963591165069870505023217046633362579621148489165328977987949899797415602900486143006268665268678106964453841999524106595607605727243377372487650564782802452333008206763043514220470865892407412103036806892083064510289504814600080741268157165354063032161189525829409088498985531970815025159686244986955270210405434697787650037103444327391942508501376229453985083037857645944890272090078718974473418025044221755928344004123983175888817859152476099625581493080234216246769749121423440316080188755726314866454849365625903310727411962210265060239147673443344215878137030132192806617845508521429134953442005172595687239288806640105913992832181188271002687607995224248543333026219927493239086602157995778446585721011574420179073238618804110120164359864009422453308161100362518741977810549869001591965741855811340851965796864669769309938280536893230248984085900380693657531507520663457858253997875508959903776272993901756549954431436631827613577026154262262745869742433942174619397247389317330840056156398455179653516874026488205839386685172939856955291059529251622792608475702297701480330647337063298624177487084690036125279368730094414104490840963362719056947916003186536185315975271852465657950857385908838232643266028737335411066756675267334991455385987826634997264390276668153024750019665530897903532213725629232324655478525428927404916876681618621394986147249416816169415741619018775698815792395323860320212993858528856378516390243777203718500122711111208599070955157214336437191686555907484805138066609504085909947175360518453526693705890549130842794700872463289376311457093187636969589780217719522120433593893407277768895690655478498452787380780473502460463001759213467601700278805603285554163034924205092130688723527497435211292254437353097554589581424986916527558286705255225721771701079702586790849482477952449976672814407982061382325477072685113998273598577575183448063077983069570718711507610352638604037725215943935889672903608154957607996151351877632905049390712835139427795812426255052076641871158894119615353028714798473694209504489583285561757196612165011778965930104047361517443067168986238217919825047258185521756752674794207588288308802008215331604645384457220337041482431409623460023743256851446720771804723848915701265010733847568100068781245864502134765059159534090537228001206588075177592873639041674588397	24739664234858138982047535273920704865888201889876711837493816699690678265963591165069870505023217046633362579621148489165328977987949899797415602900085081435628786567950676391780949633448253616219680559998014214784634910618447122667639804607217055610037222276897125660535867393387520758988742191975475097134159821776175469287214857624750265388130867415580412873925910271279382629434282479656095907178473638142326186864698341018602123575843883404208311798618679388046194707946385968872279636660172423920762823771748609336176990325713506490614247467311351878471253089939596514261196666267475682898635911908731494486904182965558798994916608466464004782386781525115550402067143147698500136991417807965993746533707493179716917949661657133802752099530380500629832889813766318693972247359960254936881029359545309059646697237241209564888106340558287762532356251637258398401846377922451692640383953053577384608293675046043906591724400907098081482508558109337883729893322775980233270148019416024194836854355986212330386751079897066437531206720139847788674454652536826169059736982479309839712946775980354134355139497105828903507866078114564099313317787443741699279748434354864282108704676095037950494415256329152600713069877496660307310771242046184594818771387933454884051958986551237607362653814866902007356711989991044615042281214351425297108929992009466700985092229670703177677451264464348332492728540376960670419851293122665760028341559861049306822377036652794506788330715528845822753594465369458785204880186836619098972555405628247235763268008929422918487498301877270818691530992489343305306814336094379577271376269298290975633531543412189900267256897946383532953220514732198228073555797055586626904620880045761024339703057423650925456711805545550960763287220684504488710586033912725619177511995688235560669849768741337304584420812523099183993613366495283861956184991894930507063181882204155637234405376544256288219394521885780756233393095954917481373109471418007770043688720952583717377215735215544489410104379386889227860897228731359022858799089579598538757050476451664592463729036296063444997820303146011308829048502239127784066743138787946929853725068557622247621235278814551394134131976344628139909053115558218005156176570141840722073273988557207285283917086025745841239980018708553070984478782748312228559720407628092165395613111706942804488699858829036507951262479994316733167033384156156739270	-2,4,-4,-4,3,3,3,3,3,3,3,3	4,-4,3,3,3,3,3,3,3,3,3,3	ok
-1.535536	12.552553	-52.276835	0.645222	continued:5	24739664234858138982047535273920704865888201889876711837493816699690678265963591165069870505023217046633362579621148489165328977987949899797415602900085081435628786567950676391780949633448253616219680559998014214784634910618447122667639804607217055610037222276897125660535867393387520758988742191975881454668757766456386039099618304136651166884285837894817315224103333988986022139294086321685154999346340705988103078279492809641656432950215478117816222205266648568411397418925046010008480574710698821954765024242012324702958840527170691397468834926110714722062344576291849261675828451121993701604115701508243628541371186781104664750453506678450990658685568877319368724842489366294600223726679557182485111500144011805314426535016123806594563159834704421627591278254098145543334614838595418659350735064119136615550909153916789982856517125346862661227399851506503677119661384586623759841225285653771144345770541906184539519104941031220044588169549394770200017461390905581925298086151522809307449802203222974575540394725875975613318942282656692285373790701768039928224139907689742983609684357165165999207726031406986345064845442052163822899745749684239296069717432693993739901942491195871247188184005622544785201503778731692980763148695451320067864505419433903296146435519659445296496521753471751053227747100453951667941404082669168467397904837511477314606979965133586611493917731935764814635083454704415971377330927400925606195959818431792469429418116723704386606181200779275427328448710823557613447746209908018375062744436514008448136725837375018889739373788918034661386782197106728884664734208458407490415983494747724025743014546106959052115082581517674412963303533831592714298898434370562696760364284907649524262263203863738811407641223237417792595228795567209392197346168129532869186393699250511460803609604775790350055181876012354996063835746263526287716560314813811620925060168891017297616944232700143626717187252726401614482694460612123445628743173456126897633169507145484634472958365316154041498756742212285370794794943044917860959341170625479307682910920823252007181387177510642904251136218634729923121143365381055468330009120571229595835534174707444212211923579929623123189784216056145019741206793077625668066727235911128282011752922343020711243420613039895996532816209969481955781758149729410573607684771633603829608966645618928414800755731073563281257215197415316980466356186475953769123	24739664234858138982047535273920704865888201889876711837493816699690678265963591165069870505023217046633362579621148489165328977987949899797415602900085081435628786567950676391780949633448253616219680559998014214784634910618447122667639804607217055610037222276897125660535867393387520758988742191975475097134159821776175469287214857624750265388130867415580412873925910271279382629434282479656095907178473638142326186864698341018602123575843883404208311798618679388046194707946385968872279636660172423920762823771748609336176990325713506490614247467311351878471253089939596514261196666267475682898635911908731494486904182965558798994916608466464004782386781525115550402067143147698500136991417807965993746533707493179716917949661657133802752099530380500629832889813766318693972247359960254936881029359545309059646697237241209564888106340558287762532356251637258398401846377922451692640383953053577384608293675046043906591724400907098081482508558109337883729893322775980233270148019416024194836854355986212330386751079897066437531206720139847788674454652536826169059736982479309839712946775980354134355139497105828903507866078114564099313317787443741699279748434354864282108704676095037950494415256329152600713069877496660307310771242046184594818771387933454884051958986551237607362653814866902007356711989991044615042281214351425297108929992009466700985092229670703177677451264464348332492728540376960670419851293122665760028341559861049306822377036652794506788330715528845822753594465369458785204880186836619098972555405628247235763268008929422918487498301877270818691530992489343305306814336094379577271376269298290975633531543412189900267256897946383532953220514732198228073555797055586626904620880045761024339703057423650925456711805545550960763287220684504488710586033912725619177511995688235560669849768741337304584420812523099183993613366495283861956184991894930507063181882204155637234405376544256288219394521885780756233393095954917481373109471418007770043688720952583717377215735215544489410104379386889227860897228731359022858799089579598538757050476451664592463729036296063444997820303146011308829048502239127784066743138787946929853725068557622247621235278814551394134131976344628139909053115558218005156176570141840722073273988557207285283917086025745841239980018708553070984478782748312228559720407628092165395613111706942804488699858829036507951262479994316733167033384156156739270	1,-4,-4,3,3,3,3,3,3,3,3,3	4,-4,3,3,3,3,3,3,3,3,3,3	ok
-1.531532	12.552553	-53.580241	0.648016	continued:5	24739664234858138982047535273920704865888201889876711837493816699690678265963591165069870505023217046633362579621148489165328977987949899797415602900085081435628786567950676391780949633448253616219680559998014214784634910618447122667639804607217055610037222276897125660535867393387520758988742191975475097134159821776175469287214857624750265388130867415580412873925910271279382629434282479656095907178473638142326186864698341018602123575843883404208311798618679388046194707946385968872279636660172423920762823771748609336176990325713506490614247467311351878471253089939596514261196666267475682898635077588364628629417296554229734815495315011752337585393015754405944996164827318009845582551593321289722257247006063686910061456841431892563940020873466746931070957111770150069590359792388197563206227771911411885143855184505614961998508226343153531223089971459935049708039359327667779120430067461929055441744031224422705223831560005091108633317128720548165517033711719448300771525660964913525817712220131912105082815080054605883136048554894173783193438041716508681297001277350562437894851607688119124032266056066591963623197071229719772200831481260746898621517899928612391918713268983151048632780119648896253765940151777173575597570025320253082336116946689981147789765900355562110523987436189411566954756946831913765892283629482126668117215787661175622538482371666841405595054624551275871666632475049764341931929868507018454948365774171910807496638367218687366613903751947086947394002612630474683257999387223688134848014104823955551645010680263372366206458226198558279883447844315148180302724249331888726196930807213187997142652942313186005148224878224024593537200103980637926868603500896185830904692094904758235554768415409124757267836161356776521732484146109863946926378105041694979170269733992817805415234240628485488200053302199364211031646323082439647263607276631895871769259044401451363766451126814443473134220489198884697731101960802990910300139680959518854832128513597114746389737973151315057975842081443516593123962467786526070102139874765749035637088432614260030772344792316488840415153698481155126035457741137680097748660410763036811870095293313414540437283852893333234643562710973384060038416228190613325616933189150517789061901654152308030489428549857055082465581427407486143000730202660813809057790100346399768338483335257539245860316494779637880208922066168766414992991208014608723526	24739664234858138982047535273920704865888201889876711837493816699690678265963591165069870505023217046633362579621148489165328977987949899797415602900085081435628786567950676391780949633448253616219680559998014214784634910618447122667639804607217055610037222276897125660535867393387520758988742191975475097134159821776175469287214857624750265388130867415580412873925910271279382629434282479656095907178473638142326186864698341018602123575843883404208311798618679388046194707946385968872279636660172423920762823771748609336176990325713506490614247467311351878471253089939596514261196666267475682898635911908731494486904182965558798994916608466464004782386781525115550402067143147698500136991417807965993746533707493179716917949661657133802752099530380500629832889813766318693972247359960254936881029359545309059646697237241209564888106340558287762532356251637258398401846377922451692640383953053577384608293675046043906591724400907098081482508558109337883729893322775980233270148019416024194836854355986212330386751079897066437531206720139847788674454652536826169059736982479309839712946775980354134355139497105828903507866078114564099313317787443741699279748434354864282108704676095037950494415256329152600713069877496660307310771242046184594818771387933454884051958986551237607362653814866902007356711989991044615042281214351425297108929992009466700985092229670703177677451264464348332492728540376960670419851293122665760028341559861049306822377036652794506788330715528845822753594465369458785204880186836619098972555405628247235763268008929422918487498301877270818691530992489343305306814336094379577271376269298290975633531543412189900267256897946383532953220514732198228073555797055586626904620880045761024339703057423650925456711805545550960763287220684504488710586033912725619177511995688235560669849768741337304584420812523099183993613366495283861956184991894930507063181882204155637234405376544256288219394521885780756233393095954917481373109471418007770043688720952583717377215735215544489410104379386889227860897228731359022858799089579598538757050476451664592463729036296063444997820303146011308829048502239127784066743138787946929853725068557622247621235278814551394134131976344628139909053115558218005156176570141840722073273988557207285283917086025745841239980018708553070984478782748312228559720407628092165395613111706942804488699858829036507951262479994316733167033384156156739270	1,3,3,3,3,3,3,3,3,3,3,3	4,-4,3,3,3,3,3,3,3,3,3,3	ok
-1.527528	12.552553	-54.449392	0.650809	continued:5	24739664234858138982047535273920704865888201889876711837493816699690678265963591165069870505023217046633362579621148489165328977987949899797415602900085081435628786567950676391780949633448253616219680559998014214784634910618447122667639804607217055610037222276897125660535867393387520758988742191975475097134159821776175469287214857624750265388130867415580412873925910271279382629434282479656095907178473638142326186864698341018602123575843883404208311798618679388046194707946385968872279636660172423920762823771748609336176990325713506490614247467311351878471253089939596514261196666267475682898635077588364628629417296554229734815495315011752337585393015754405944996164827318009845582551593321289722257247006063686910061456841431892563940020873466746931070957111770150069590359792388197563206227771911411885143855184505614961998508226343153531223089971459935049708039359327667779120430067461929055441744031224422705223831560005091108633317128720548165517033711719448300771525660964913525817712220131912105082815080054605883136048554894173783193438041716508681297001277350562437894851607688119124032266056066591963623197071229719772200831481260746898621517899928612391918713268983151048632780119648896253765940151777173575597570025320253082336116946689981147789765900355562110523987436189411566954756946831913765892283629482126668117215787661175622538482371666841405595054624551275871666632475049764341931929868507018454948365774171910807496638367218687366613903751947086947394002612630474683257999387223688134848014104823955551645010680263372366206458226198558279883447844315148180302724249331888726196930807213187997142652942313186005148224878224024593537200103980637926868603500896185830904692094904758235554768415409124757267836161356776521732484146109863946926378105041694979170269733992817805415234240628485488200053302199364211031646323082439647263607276631895871769259044401451363766451126814443473134220489198884697731101960802990910300139680959518854832128513597114746389737973151315057975842081443516593123962467786526070102139874765749035637088432614260030772344792316488840415153698481155126035457741137680097748660410763036811870095293313414540437283852893333234643562710973384060038416228190613325616933189150517789061901654152308030489428549857055082465581427407486143000730202660813809057790100346399768338483335257539245860316494779637880208922066168766414992991208014608723526	24739664234858138982047535273920704865888201889876711837493816699690678265963591165069870505023217046633362579621148489165328977987949899797415602900085081435628786567950676391780949633448253616219680559998014214784634910618447122667639804607217055610037222276897125660535867393387520758988742191975475097134159821776175469287214857624750265388130867415580412873925910271279382629434282479656095907178473638142326186864698341018602123575843883404208311798618679388046194707946385968872279636660172423920762823771748609336176990325713506490614247467311351878471253089939596514261196666267475682898635911908731494486904182965558798994916608466464004782386781525115550402067143147698500136991417807965993746533707493179716917949661657133802752099530380500629832889813766318693972247359960254936881029359545309059646697237241209564888106340558287762532356251637258398401846377922451692640383953053577384608293675046043906591724400907098081482508558109337883729893322775980233270148019416024194836854355986212330386751079897066437531206720139847788674454652536826169059736982479309839712946775980354134355139497105828903507866078114564099313317787443741699279748434354864282108704676095037950494415256329152600713069877496660307310771242046184594818771387933454884051958986551237607362653814866902007356711989991044615042281214351425297108929992009466700985092229670703177677451264464348332492728540376960670419851293122665760028341559861049306822377036652794506788330715528845822753594465369458785204880186836619098972555405628247235763268008929422918487498301877270818691530992489343305306814336094379577271376269298290975633531543412189900267256897946383532953220514732198228073555797055586626904620880045761024339703057423650925456711805545550960763287220684504488710586033912725619177511995688235560669849768741337304584420812523099183993613366495283861956184991894930507063181882204155637234405376544256288219394521885780756233393095954917481373109471418007770043688720952583717377215735215544489410104379386889227860897228731359022858799089579598538757050476451664592463729036296063444997820303146011308829048502239127784066743138787946929853725068557622247621235278814551394134131976344628139909053115558218005156176570141840722073273988557207285283917086025745841239980018708553070984478782748312228559720407628092165395613111706942804488699858829036507951262479994316733167033384156156739270	1,3,3,3,3,3,3,3,3,3,3,3	4,-4,3,3,3,3,3,3,3,3,3,3	ok
-1.523524	12.552553	-55.009806	0.653602	full	24739664234858138982047535273920704865888201889876711837493816699690678265963591165069870505023217046633362579621148489165328977987949899797415602900085081435628786567950676391780949633448253616219680559998014214784634910618447122667639804607217055610037222276897125660535867393387520758988742191975475097134159821776175469287214857624750265388130867415580412873925910271279382629434282479656095907178473638142326186864698341018602123575843883404208311798618679388046194707946385968872279636660172423920762823771748609336176990325713506490614247467311351878471253089939596514261196666267475682898635077588364628629417296554229734815495315011752337585393015754405944996164827318009845582551593321289722257247006063686910061456841431892563940020873466746931070957111770150069590359792388197563206227771911411885143855184505614961998508226343153531223089971459935049708039359327667779120430067461929055441744031224422705223831560005091108633317128720548165517033711719448300771525660964913525817712220131912105082815080054605883136048554894173783193438041716508681297001277350562437894851607688119124032266056066591963623197071229719772200831481260746898621517899928612391918713268983151048632780119641862099341297750029719247138068107870567427809776657455687319701838924741863308222734432202510337739630178136531110971656173596021532837063752331474827244593016389208170040764442819691907770087191341213542994238071675478371667411760202828972644593655472936430022638265804496288506618255007607597261306800770629215694428152763539594122443113397834178395207996598716220002965896330970082443535250927929904492141006573361720988244715211217527130416678582951733423938369853743171684564563983626349177586585309068907765500850217594153854188047776587284365072518433984417293128363047391462716592055471493359419811107561342379892318778123925091563362374613867366678251457873793628074433727030300530950329229975263034924403251033542199868020318082547039853201861477386663713823422139778523859265843416231918568932910666969700151238740942339401304783089680591040988665406081595115408547281380162869428403417683884461842344285716707869589494202888211027076797507049117122865083118647547742153521842961992278245772944988321821569733799225419188854384961205608576158230616860757999397989539066443962861226899321589864179340820711868686349448121813826870507375443712146219837353948680559747483860596315536999095	24739664234858138982047535273920704865888201889876711837493816699690678265963591165069870505023217046633362579621148489165328977987949899797415602900085081435628786567950676391780949633448253616219680559998014214784634910618447122667639804607217055610037222276897125660535867393387520758988742191975475097134159821776175469287214857624750265388130867415580412873925910271279382629434282479656095907178473638142326186864698341018602123575843883404208311798618679388046194707946385968872279636660172423920762823771748609336176990325713506490614247467311351878471253089939596514261196666267475682898635911908731494486904182965558798994916608466464004782386781525115550402067143147698500136991417807965993746533707493179716917949661657133802752099530380500629832889813766318693972247359960254936881029359545309059646697237241209564888106340558287762532356251637258398401846377922451692640383953053577384608293675046043906591724400907098081482508558109337883729893322775980233270148019416024194836854355986212330386751079897066437531206720139847788674454652536826169059736982479309839712946775980354134355139497105828903507866078114564099313317787443741699279748434354864282108704676095037950494415256329152600713069877496660307310771242046184594818771387933454884051958986551237607362653814866902007356711989991044615042281214351425297108929992009466700985092229670703177677451264464348332492728540376960670419851293122665760028341559861049306822377036652794506788330715528845822753594465369458785204880186836619098972555405628247235763268008929422918487498301877270818691530992489343305306814336094379577271376269298290975633531543412189900267256897946383532953220514732198228073555797055586626904620880045761024339703057423650925456711805545550960763287220684504488710586033912725619177511995688235560669849768741337304584420812523099183993613366495283861956184991894930507063181882204155637234405376544256288219394521885780756233393095954917481373109471418007770043688720952583717377215735215544489410104379386889227860897228731359022858799089579598538757050476451664592463729036296063444997820303146011308829048502239127784066743138787946929853725068557622247621235278814551394134131976344628139909053115558218005156176570141840722073273988557207285283917086025745841239980018708553070984478782748312228559720407628092165395613111706942804488699858829036507951262479994316733167033384156156739270	-1,3,3,3,3,3,3,3,3,3,3,3	4,-4,3,3,3,3,3,3,3,3,3,3	ok
-1.519520	12.552553	-45.138714	0.568453	continued:5	24739664234858138982047535273920704865888201889876711837493816699690678265963591165069870505023217046633362579621148489165328977987949899797415602900486143006268665268678106964453841999524106595607605727243377372487650564782802452333008206763043514220470865892407412103036806892083064510289504814600080741268157165354063032161189525829409088498985531970815025159686244986955270210405434697787650037103444327391942508501376229453985083037857645944890272090078718974473418025044221755928344004123983175888817859152476099625581493080234216246769749121423440316080188755726314866454849365625903310727411962210265060239147673443344215878137030132192806617845508521429134953442005172595687239288806640105913992832181188271002687607995224248543333026219927493239086602157995778446585721011574420179073238618804110120164359864009422453308161100362518741977810549869001591965741855811340851965796864669769309938280536893230248984085900380693657531507520663457858253997875508959903776272993901756549954431436631827613577026154262262745869742433942174619397247389317330840056156398455179653516874026488205839386685172939856955291059529251622792608475702297701480330647337063298624177487084690036125279368730094414104490840963362719056947916003186536185315975271852465657950857385908838232643266028737335411066756675267334991455385987826634997264390276668153024750019665530897903532213725629232324655478525428927404916876681618621394986147249416816169415741619018775698815792395323860320212993858528856378516390243777203718500122711111208599070955157214336437191686555907484805138066609504085909947175360518453526693705890549130842794700872463289376311457093187636969589780217719522120433593893407277768895690655478498452787380780473502460463001759213467601700278805603285554163034924205092130688723527497435211292254437353097554589581424986916527558286705255225721771701079702586790849482477952449976672814407982061382325477072685113998273598577575183448063077983069570718711507610352638604037725215943935889672903608154957607996151351877632905049390712835139427795812426255052076641871158894119615353028714798473694209504489583285561757196612165011778965930104047361517443067168986238217919825047258185521756752674794207588288308802008215331604645384457220337041482431409623460023743256851446720771804723848915701265010733847568100068781245864502134765059159534090537228001206588075177592873639041674588397	24739664234858138982047535273920704865888201889876711837493816699690678265963591165069870505023217046633362579621148489165328977987949899797415602900085081435628786567950676391780949633448253616219680559998014214784634910618447122667639804607217055610037222276897125660535867393387520758988742191975475097134159821776175469287214857624750265388130867415580412873925910271279382629434282479656095907178473638142326186864698341018602123575843883404208311798618679388046194707946385968872279636660172423920762823771748609336176990325713506490614247467311351878471253089939596514261196666267475682898635911908731494486904182965558798994916608466464004782386781525115550402067143147698500136991417807965993746533707493179716917949661657133802752099530380500629832889813766318693972247359960254936881029359545309059646697237241209564888106340558287762532356251637258398401846377922451692640383953053577384608293675046043906591724400907098081482508558109337883729893322775980233270148019416024194836854355986212330386751079897066437531206720139847788674454652536826169059736982479309839712946775980354134355139497105828903507866078114564099313317787443741699279748434354864282108704676095037950494415256329152600713069877496660307310771242046184594818771387933454884051958986551237607362653814866902007356711989991044615042281214351425297108929992009466700985092229670703177677451264464348332492728540376960670419851293122665760028341559861049306822377036652794506788330715528845822753594465369458785204880186836619098972555405628247235763268008929422918487498301877270818691530992489343305306814336094379577271376269298290975633531543412189900267256897946383532953220514732198228073555797055586626904620880045761024339703057423650925456711805545550960763287220684504488710586033912725619177511995688235560669849768741337304584420812523099183993613366495283861956184991894930507063181882204155637234405376544256288219394521885780756233393095954917481373109471418007770043688720952583717377215735215544489410104379386889227860897228731359022858799089579598538757050476451664592463729036296063444997820303146011308829048502239127784066743138787946929853725068557622247621235278814551394134131976344628139909053115558218005156176570141840722073273988557207285283917086025745841239980018708553070984478782748312228559720407628092165395613111706942804488699858829036507951262479994316733167033384156156739270	-2,4,-4,-4,3,3,3,3,3,3,3,3	4,-4,3,3,3,3,3,3,3,3,3,3	ok
-1.515516	12.552553	-49.167105	0.571247	continued:5	24739664234858138982047535273920704865888201889876711837493816699690678265963591165069870505023217046633362579621148489165328977987949899797415602900486143006268665268678106964453841999524106595607605727243377372487650564782802452333008206763043514220470865892407412103036806892083064510289504814600080741268157165354063032161189525829409088498985531970815025159686244986955270210405434697787650037103444327391942508501376229453985083037857645944890272090078718974473418025044221755928344004123983175888817859152476099625581493080234216246769749121423440316080188755726314866454849365625903310727411962210265060239147673443344215878137030132192806617845508521429134953442005172595687239288806640105913992832181188271002687607995224248543333026219927493239086602157995778446585721011574420179073238618804110120164359864009422453308161100362518741977810549869001591965741855811340851965796864669769309938280536893230248984085900380693657531507520663457858253997875508959903776272993901756549954431436631827613577026154262262745869742433942174619397247389317330840056156398455179653516874026488205839386685172939856955291059529251622792608475702297701480330647337063298624177487084690036125279368730101448258915483365110173385407417920636221839842315561086759486038784361522537034944519032724236640281883443962717646376013443712740132544542311997853877060224903050146221842124955462938994548547015254842366862969772351969135980479196252745878716667201229894612278259714552319069555116649261020550725782563767583860522800253299814600257916073376259719211914086146401022074733318780956471958391573244140500968597655844597905012307886657283258023354179008293372779147192245694513968198042260136461079186134008835719502741154471764172355748524918137135478937809573241771354223764495531845056178203401957329228135416056846353322503433411871648770707155078567326768748644527576663868326718425167931014823483053400894886374358223189255489954152957822880363732913509563279976253081865954517050487264200500340459366174035669634562555138687908111161501627651814898108784426840587468548759872313162867084002931931520470595868256163001213228503291911569628612864100985335104617240068087412100727776133857303427066326379576643154954665381101338819671911768419685932366983943698441089982809623348544646402014190630291844780109700743266189214735631530483648442218375470128783197335024292728165049931343592907542221	24739664234858138982047535273920704865888201889876711837493816699690678265963591165069870505023217046633362579621148489165328977987949899797415602900085081435628786567950676391780949633448253616219680559998014214784634910618447122667639804607217055610037222276897125660535867393387520758988742191975475097134159821776175469287214857624750265388130867415580412873925910271279382629434282479656095907178473638142326186864698341018602123575843883404208311798618679388046194707946385968872279636660172423920762823771748609336176990325713506490614247467311351878471253089939596514261196666267475682898635911908731494486904182965558798994916608466464004782386781525115550402067143147698500136991417807965993746533707493179716917949661657133802752099530380500629832889813766318693972247359960254936881029359545309059646697237241209564888106340558287762532356251637258398401846377922451692640383953053577384608293675046043906591724400907098081482508558109337883729893322775980233270148019416024194836854355986212330386751079897066437531206720139847788674454652536826169059736982479309839712946775980354134355139497105828903507866078114564099313317787443741699279748434354864282108704676095037950494415256329152600713069877496660307310771242046184594818771387933454884051958986551237607362653814866902007356711989991044615042281214351425297108929992009466700985092229670703177677451264464348332492728540376960670419851293122665760028341559861049306822377036652794506788330715528845822753594465369458785204880186836619098972555405628247235763268008929422918487498301877270818691530992489343305306814336094379577271376269298290975633531543412189900267256897946383532953220514732198228073555797055586626904620880045761024339703057423650925456711805545550960763287220684504488710586033912725619177511995688235560669849768741337304584420812523099183993613366495283861956184991894930507063181882204155637234405376544256288219394521885780756233393095954917481373109471418007770043688720952583717377215735215544489410104379386889227860897228731359022858799089579598538757050476451664592463729036296063444997820303146011308829048502239127784066743138787946929853725068557622247621235278814551394134131976344628139909053115558218005156176570141840722073273988557207285283917086025745841239980018708553070984478782748312228559720407628092165395613111706942804488699858829036507951262479994316733167033384156156739270	2,4,-4,-4,3,3,3,3,3,3,3,3	4,-4,3,3,3,3,3,3,3,3,3,3	ok
-1.511512	12.552553	-51.994706	0.568453	continued:5	24739664234858138982047535273920704865888201889876711837493816699690678265963591165069870505023217046633362579621148489165328977987949899797415602900085081435628786567950676391780949633448253616219680559998014214784634910618447122667639804607217055610037222276897125660535867393387520758988742191975881454668757766456386039099618304136651166884285837894817315224103333988986022139294086321685154999346340705988103078279492809641656432950215478117816222205266648568411397418925046010008480574710698821954765024242012324702958840527170691397468834926110714722062344576291849261675828451121993701604115701508243628541371186781104664750453506678450990658685568877319368724842489366294600223726679557182485111500144011805314426535016123806594563159834704421627591278254098145543334614838595418659350735064119136615550909153916789982856517125346862661227399851506503677119661384586623759841225285653771144345770541906184539519104941031220044588169549394770200017461390905581925298086151522809307449802203222974575540394725875975613318942282656692285373790701768039928224139907689742983609684357165165999207726031406986345064845442052163822899745749684239296069717432693993739901942491195871247188184005636613094050788582226601637682152530350691376917185997902490952322289470886842901099027761445553511658000637844716977782658994441378737958208908170878905194758675688853082602498095398932742428174022121517569252714521064005772757867846369956139133507540215206259788712173064456745103217426069291785441246921231426107555960727681283492056231713890450382451935487066881225173995970034735781015173739366087100946132367479638959135884446181194722953525182509952751890018337420201115309920794056935209448315186326095323804212270440838034120816567397950492968452392533582851420691201289322498035208218523539164011259575328165076596989285257992792931363754121525187873559799952275929122070779557841981155270113921690353762152731140903674468841823489398009698401871239872510723725071355172279356040169340681320981940903654745772372942480405840799687467498914261366362329202267100418071260290131674992320501190614863318785856252391943716625637102722462869576624761143406884232148627722158697422141154054201541567364483109448192181263840671292220217574276980988763918233185224068063203280987347031056529048315925134392769281488755995154880447973128721989892932087515303813172804439221853175587264110331814817622	24739664234858138982047535273920704865888201889876711837493816699690678265963591165069870505023217046633362579621148489165328977987949899797415602900085081435628786567950676391780949633448253616219680559998014214784634910618447122667639804607217055610037222276897125660535867393387520758988742191975475097134159821776175469287214857624750265388130867415580412873925910271279382629434282479656095907178473638142326186864698341018602123575843883404208311798618679388046194707946385968872279636660172423920762823771748609336176990325713506490614247467311351878471253089939596514261196666267475682898635911908731494486904182965558798994916608466464004782386781525115550402067143147698500136991417807965993746533707493179716917949661657133802752099530380500629832889813766318693972247359960254936881029359545309059646697237241209564888106340558287762532356251637258398401846377922451692640383953053577384608293675046043906591724400907098081482508558109337883729893322775980233270148019416024194836854355986212330386751079897066437531206720139847788674454652536826169059736982479309839712946775980354134355139497105828903507866078114564099313317787443741699279748434354864282108704676095037950494415256329152600713069877496660307310771242046184594818771387933454884051958986551237607362653814866902007356711989991044615042281214351425297108929992009466700985092229670703177677451264464348332492728540376960670419851293122665760028341559861049306822377036652794506788330715528845822753594465369458785204880186836619098972555405628247235763268008929422918487498301877270818691530992489343305306814336094379577271376269298290975633531543412189900267256897946383532953220514732198228073555797055586626904620880045761024339703057423650925456711805545550960763287220684504488710586033912725619177511995688235560669849768741337304584420812523099183993613366495283861956184991894930507063181882204155637234405376544256288219394521885780756233393095954917481373109471418007770043688720952583717377215735215544489410104379386889227860897228731359022858799089579598538757050476451664592463729036296063444997820303146011308829048502239127784066743138787946929853725068557622247621235278814551394134131976344628139909053115558218005156176570141840722073273988557207285283917086025745841239980018708553070984478782748312228559720407628092165395613111706942804488699858829036507951262479994316733167033384156156739270	2,-4,-4,3,3,3,3,3,3,3,3,3	4,-4,3,3,3,3,3,3,3,3,3,3	ok
-1.507508	12.552553	-54.077013	0.571247	continued:5	24739664234858138982047535273920704865888201889876711837493816699690678265963591165069870505023217046633362579621148489165328977987949899797415602900085081435628786567950676391780949633448253616219680559998014214784634910618447122667639804607217055610037222276897125660535867393387520758988742191975475097134159821776175469287214857624750265388130867415580412873925910271279382629434282479656095907178473638142326186864698341018602123575843883404208311798618679388046194707946385968872279636660172423920762823771748609336176990325713506490614247467311351878471253089939596514261196666267475682898635077588364628629417296554229734815495315011752337585393015754405944996164827318009845582551593321289722257247006063686910061456841431892563940020873466746931070957111770150069590359792388197563206227771911411885143855184505614961998508226343153531223089971459935049708039359327667779120430067461929055441744031224422705223831560005091108633317128720548165517033711719448300771525660964913525817712220131912105082815080054605883136048554894173783193438041716508681297001277350562437894851607688119124032266056066591963623197071229719772200831481260746898621517899928612391918713268983151048632780119655930408190582553524627904057071942769938736862457235924274975877692875969260912825240440176312796169883715527296420812911085368231803397367822990876417832371726944474641149344806282859835563177758758315140869621665338558538229319788140992642348683078964438303205169238089677606281386970253341769254691973676747054001600056884371509167578247128910554017708455798400339763929792299326278161913247735847547901720607853014273297061169415154483166033077865097453650461838107532682052642437808745312631797604500447563344035980600655360681484274936965759099895773785743476559627847035998495623947412514142251410657373695628596507787826274803330499930271551011927848963095389998115464084361772602196582573023653623911344037727364227195594183603523434780747077500441651045950433605054450968920210102886398197382751252220063486096686194630712738899496659850907030285511459146924946136142303252814811401903979278425790228571196558652325907826618637862596663393079577711958009484587139118727133603578984775841831059511392904829664132579075616389269418347099007484820626482853352165533173315748528323140233506000037753936239379980930850327518548701251621213257545847129540580490183656973082502121819713680447958	24739664234858138982047535273920704865888201889876711837493816699690678265963591165069870505023217046633362579621148489165328977987949899797415602900085081435628786567950676391780949633448253616219680559998014214784634910618447122667639804607217055610037222276897125660535867393387520758988742191975475097134159821776175469287214857624750265388130867415580412873925910271279382629434282479656095907178473638142326186864698341018602123575843883404208311798618679388046194707946385968872279636660172423920762823771748609336176990325713506490614247467311351878471253089939596514261196666267475682898635911908731494486904182965558798994916608466464004782386781525115550402067143147698500136991417807965993746533707493179716917949661657133802752099530380500629832889813766318693972247359960254936881029359545309059646697237241209564888106340558287762532356251637258398401846377922451692640383953053577384608293675046043906591724400907098081482508558109337883729893322775980233270148019416024194836854355986212330386751079897066437531206720139847788674454652536826169059736982479309839712946775980354134355139497105828903507866078114564099313317787443741699279748434354864282108704676095037950494415256329152600713069877496660307310771242046184594818771387933454884051958986551237607362653814866902007356711989991044615042281214351425297108929992009466700985092229670703177677451264464348332492728540376960670419851293122665760028341559861049306822377036652794506788330715528845822753594465369458785204880186836619098972555405628247235763268008929422918487498301877270818691530992489343305306814336094379577271376269298290975633531543412189900267256897946383532953220514732198228073555797055586626904620880045761024339703057423650925456711805545550960763287220684504488710586033912725619177511995688235560669849768741337304584420812523099183993613366495283861956184991894930507063181882204155637234405376544256288219394521885780756233393095954917481373109471418007770043688720952583717377215735215544489410104379386889227860897228731359022858799089579598538757050476451664592463729036296063444997820303146011308829048502239127784066743138787946929853725068557622247621235278814551394134131976344628139909053115558218005156176570141840722073273988557207285283917086025745841239980018708553070984478782748312228559720407628092165395613111706942804488699858829036507951262479994316733167033384156156739270	-2,3,3,3,3,3,3,3,3,3,3,3	4,-4,3,3,3,3,3,3,3,3,3,3	ok
-1.503504	12.552553	-55.425963	0.574040	continued:5	24739664234858138982047535273920704865888201889876711837493816699690678265963591165069870505023217046633362579621148489165328977987949899797415602900085081435628786567950676391780949633448253616219680559998014214784634910618447122667639804607217055610037222276897125660535867393387520758988742191975475097134159821776175469287214857624750265388130867415580412873925910271279382629434282479656095907178473638142326186864698341018602123575843883404208311798618679388046194707946385968872279636660172423920762823771748609336176990325713506490614247467311351878471253089939596514261196666267475682898635077588364628629417296554229734815495315011752337585393015754405944996164827318009845582551593321289722257247006063686910061456841431892563940020873466746931070957111770150069590359792388197563206227771911411885143855184505614961998508226343153531223089971459935049708039359327667779120430067461929055441744031224422705223831560005091108633317128720548165517033711719448300771525660964913525817712220131912105082815080054605883136048554894173783193438041716508681297001277350562437894851607688119124032266056066591963623197071229719772200831481260746898621517899928612391918713268983151048632780119662964562615224955272082232516573860219624391388797525158568803965619851582959715126493444163214025385010484222679075733538541254336938677519858320577213126261082222107876703634988014443799459723042466865939807313462170098621510273802110074477200727790710189239796434724232268265168771327876208855251384560129805973155186008944787466690145813994448741828958685398242399644411740283504376021102246139806369606510408492840549451469396517122961183841277506170313763723572234427437236681374721304794358903114096136891133303545792185964095132388517154996467307401461623006192877589030302012077625091035466697406080506762771704815522350350242449968214220019584208434318914148100359158909679143753029398694920492804349553854965529569693457265246243878651194015319923783237068738696511787191450682232621481336789660422996610379069409921474899407696853444936065024933934485679589861499939814189140782388654260075696454421684651979624554066992826512688381456690865842009375581685321384904219623644446996167623623702794595196333711331969000714989476935040045706939151824415849649248600765204089570503279736809339261698814688659615461932316553762144963996566198596914621200952058301145179750011252431412752172391	24739664234858138982047535273920704865888201889876711837493816699690678265963591165069870505023217046633362579621148489165328977987949899797415602900085081435628786567950676391780949633448253616219680559998014214784634910618447122667639804607217055610037222276897125660535867393387520758988742191975881454668757766456386039099618304136651166884285837894817315224103333988986022139294086321685154999346340705988103078279492809641656432950215478117816222205266648568411397418925046010008480574710698821954765024242012324702958840527170691397468834926110714722062344576291849261675828451121993701604115701508243628541371186781104664750453506678450990658685568877319368724842489366294600223726679557182485111500144011805314426535016123806594563159834704421627591278254098145543334614838595418659350735064119136615550909153916789982856517125346862661227399851506503677119661384586623759841225285653771144345770541906184539519104941031220044588169549394770200017461390905581925298086151522809307449802203222974575540394725875975613318942282656692285373790701768039928224139907689742983609684357165165999207726031406986345064845442052163822899745749684239296069717432693993739901942491195871247188184005664749711749358189216418951520160200149433995022547154839666264673997373341638110304039777393158428518507712626247597465168817985799279078817049489682086370316096799386024819658822325268598014355156955720765003481708390166105881683902246283478541686387198210006153774117634819380652754856560760129428248343878241572542393310015833579895243466921313367877058883364574352748423515890749573716052801181446322006430112943468825921624246329666064630410384494509429743447944597417917331965513429680234824216989162986922888110403595036479547167255719015893714899586466329769867381267608901755732837257069594570426559516432914529680604103749268386666419769837522988187558770229204545516092000891491348231921876364783807852083687969907794441136549243947137837719266807363736904836199774547569122203777389735879948309226539666575529237555127686677143720155491825483721165765154797239851006515373739168459231134575130110115282026413720213216893067024929417058805934015332228272598723307229845886855030050314585219679863173093240410337050191620096629216986256924869267858329592412196544210542102129258023628648316582031092474923000777805423410628148309140077284800398784877003982922834925565829079958043536914632	2,3,3,3,3,3,3,3,3,3,3,3	4,-4,-4,3,3,3,3,3,3,3,3,3	ok
-1.499499	12.552553	-56.324017	0.576833	full	24739664234858138982047535273920704865888201889876711837493816699690678265963591165069870505023217046633362579621148489165328977987949899797415602900085081435628786567950676391780949633448253616219680559998014214784634910618447122667639804607217055610037222276897125660535867393387520758988742191975475097134159821776175469287214857624750265388130867415580412873925910271279382629434282479656095907178473638142326186864698341018602123575843883404208311798618679388046194707946385968872279636660172423920762823771748609336176990325713506490614247467311351878471253089939596514261196666267475682898635077588364628629417296554229734815495315011752337585393015754405944996164827318009845582551593321289722257247006063686910061456841431892563940020873466746931070957111770150069590359792388197563206227771911411885143855184505614961998508226343153531223089971459935049708039359327667779120430067461929055441744031224422705223831560005091108633317128720548165517033711719448300771525660964913525817712220131912105082815080054605883136048554894173783193438041716508681297001277350562437894851607688119124032266056066591963623197071229719772200831481260746898621517899928612391918713268983151048632780119655930408190582553524627904057071942769938736862457235924274975877692875969260912825240440176312796169883715527296420812911085368231803397367822990876417832371726944474641149344806282859835563177758758315140869621665338558538229319788140992642348683078964438303205169238089677606281386970253341769254691973676747054001600056884371509167578247128910554017708455798400339763929792299326278161913247735847547901720607853014273297061169415154483166033077865097453650461838107532682052642437808745312631797604500447563344035980600655360681484274936965759099895773785743476559627847035998495623947412514142251410657373695628596507787826274803330499930271551011927848963095389998115464084361772602196582573023653623911344037727364227195594183603523434780747077500441651045950433605054450968920210102886398197382751252220063486096686194630712738899496659850907030285511459146924946136142303252814811401903979278425790228571196558652325907826618637862596663393079577711958009484587139118727133603578984775841831059511392904829664132579075616389269418347099007484820626482853352165533173315748528323140233506000037753936239379980930850327518548701251621213257545847129540580490183656973082502121819713680447958	24739664234858138982047535273920704865888201889876711837493816699690678265963591165069870505023217046633362579621148489165328977987949899797415602900085081435628786567950676391780949633448253616219680559998014214784634910618447122667639804607217055610037222276897125660535867393387520758988742191975881454668757766456386039099618304136651166884285837894817315224103333988986022139294086321685154999346340705988103078279492809641656432950215478117816222205266648568411397418925046010008480574710698821954765024242012324702958840527170691397468834926110714722062344576291849261675828451121993701604115701508243628541371186781104664750453506678450990658685568877319368724842489366294600223726679557182485111500144011805314426535016123806594563159834704421627591278254098145543334614838595418659350735064119136615550909153916789982856517125346862661227399851506503677119661384586623759841225285653771144345770541906184539519104941031220044588169549394770200017461390905581925298086151522809307449802203222974575540394725875975613318942282656692285373790701768039928224139907689742983609684357165165999207726031406986345064845442052163822899745749684239296069717432693993739901942491195871247188184005664749711749358189216418951520160200149433995022547154839666264673997373341638110304039777393158428518507712626247597465168817985799279078817049489682086370316096799386024819658822325268598014355156955720765003481708390166105881683902246283478541686387198210006153774117634819380652754856560760129428248343878241572542393310015833579895243466921313367877058883364574352748423515890749573716052801181446322006430112943468825921624246329666064630410384494509429743447944597417917331965513429680234824216989162986922888110403595036479547167255719015893714899586466329769867381267608901755732837257069594570426559516432914529680604103749268386666419769837522988187558770229204545516092000891491348231921876364783807852083687969907794441136549243947137837719266807363736904836199774547569122203777389735879948309226539666575529237555127686677143720155491825483721165765154797239851006515373739168459231134575130110115282026413720213216893067024929417058805934015332228272598723307229845886855030050314585219679863173093240410337050191620096629216986256924869267858329592412196544210542102129258023628648316582031092474923000777805423410628148309140077284800398784877003982922834925565829079958043536914632	-2,3,3,3,3,3,3,3,3,3,3,3	4,-4,-4,3,3,3,3,3,3,3,3,3	ok
-1.495495	12.552553	-45.206454	0.565443	continued:5	24739664234858138982047535273920704865888201889876711837493816699690678265963591165069870505023217046633362579621148489165328977987949899797415602900486143006268665268678106964453841999524106595607605727243377372487650564782802452333008206763043514220470865892407412103036806892083064510289504814600080741268157165354063032161189525829409088498985531970815025159686244986955270210405434697787650037103444327391942508501376229453985083037857645944890272090078718974473418025044221755928344004123983175888817859152476099625581493080234216246769749121423440316080188755726314866454849365625903310727411962210265060239147673443344215878137030132192806617845508521429134953442005172595687239288806640105913992832181188271002687607995224248543333026219927493239086602157995778446585721011574420179073238618804110120164359864009422453308161100362518741977810549869001591965741855811340851965796864669769309938280536893230248984085900380693657531507520663457858253997875508959903776272993901756549954431436631827613577026154262262745869742433942174619397247389317330840056156398455179653516874026488205839386685172939856955291059529251622792608475702297701480330647337063298624177487084690036125279368730094414104490840963362719056947916003186536185315975271852465657950857385908838232643266028737335411066756675267334991455385987826634997264390276668153024750019665530897903532213725629232324655478525428927404916876681618621394986147249416816169415741619018775698815792395323860320212993858528856378516390243777203718500122711111208599070955157214336437191686555907484805138066609504085909947175360518453526693705890549130842794700872463289376311457093187636969589780217719522120433593893407277768895690655478498452787380780473502460463001759213467601700278805603285554163034924205092130688723527497435211292254437353097554589581424986916527558286705255225721771701079702586790849482477952449976672814407982061382325477072685113998273598577575183448063077983069570718711507610352638604037725215943935889672903608154957607996151351877632905049390712835139427795812426255052076641871158894119615353028714798473694209504489583285561757196612165011778965930104047361517443067168986238217919825047258185521756752674794207588288308802008215331604645384457220337041482431409623460023743256851446720771804723848915701265010733847568100068781245864502134765059159534090537228001206588075177592873639041674588397	24739664234858138982047535273920704865888201889876711837493816699690678265963591165069870505023217046633362579621148489165328977987949899797415602900085081435628786567950676391780949633448253616219680559998014214784634910618447122667639804607217055610037222276897125660535867393387520758988742191975881454668757766456386039099618304136651166884285837894817315224103333988986022139294086321685154999346340705988103078279492809641656432950215478117816222205266648568411397418925046010008480574710698821954765024242012324702958840527170691397468834926110714722062344576291849261675828451121993701604115701508243628541371186781104664750453506678450990658685568877319368724842489366294600223726679557182485111500144011805314426535016123806594563159834704421627591278254098145543334614838595418659350735064119136615550909153916789982856517125346862661227399851506503677119661384586623759841225285653771144345770541906184539519104941031220044588169549394770200017461390905581925298086151522809307449802203222974575540394725875975613318942282656692285373790701768039928224139907689742983609684357165165999207726031406986345064845442052163822899745749684239296069717432693993739901942491195871247188184005664749711749358189216418951520160200149433995022547154839666264673997373341638110304039777393158428518507712626247597465168817985799279078817049489682086370316096799386024819658822325268598014355156955720765003481708390166105881683902246283478541686387198210006153774117634819380652754856560760129428248343878241572542393310015833579895243466921313367877058883364574352748423515890749573716052801181446322006430112943468825921624246329666064630410384494509429743447944597417917331965513429680234824216989162986922888110403595036479547167255719015893714899586466329769867381267608901755732837257069594570426559516432914529680604103749268386666419769837522988187558770229204545516092000891491348231921876364783807852083687969907794441136549243947137837719266807363736904836199774547569122203777389735879948309226539666575529237555127686677143720155491825483721165765154797239851006515373739168459231134575130110115282026413720213216893067024929417058805934015332228272598723307229845886855030050314585219679863173093240410337050191620096629216986256924869267858329592412196544210542102129258023628648316582031092474923000777805423410628148309140077284800398784877003982922834925565829079958043536914632	-2,4,-4,-4,3,3,3,3,3,3,3,3	4,-4,-4,3,3,3,3,3,3,3,3,3	ok
-1.491491	12.552553	-49.230484	0.568237	continued:5	24739664234858138982047535273920704865888201889876711837493816699690678265963591165069870505023217046633362579621148489165328977987949899797415602900486143006268665268678106964453841999524106595607605727243377372487650564782802452333008206763043514220470865892407412103036806892083064510289504814600080741268157165354063032161189525829409088498985531970815025159686244986955270210405434697787650037103444327391942508501376229453985083037857645944890272090078718974473418025044221755928344004123983175888817859152476099625581493080234216246769749121423440316080188755726314866454849365625903310727411962210265060239147673443344215878137030132192806617845508521429134953442005172595687239288806640105913992832181188271002687607995224248543333026219927493239086602157995778446585721011574420179073238618804110120164359864009422453308161100362518741977810549869001591965741855811340851965796864669769309938280536893230248984085900380693657531507520663457858253997875508959903776272993901756549954431436631827613577026154262262745869742433942174619397247389317330840056156398455179653516874026488205839386685172939856955291059529251622792608475702297701480330647337063298624177487084690036125279368730101448258915483365110173385407417920636221839842315561086759486038784361522537034944519032724236640281883443962717646376013443712740132544542311997853877060224903050146221842124955462938994548547015254842366862969772351969135980479196252745878716667201229894612278259714552319069555116649261020550725782563767583860522800253299814600257916073376259719211914086146401022074733318780956471958391573244140500968597655844597905012307886657283258023354179008293372779147192245694513968198042260136461079186134008835719502741154471764172355748524918137135478937809573241771354223764495531845056178203401957329228135416056846353322503433411871648770707155078567326768748644527576663868326718425167931014823483053400894886374358223189255489954152957822880363732913509563279976253081865954517050487264200500340459366174035669634562555138687908111161501627651814898108784426840587468548759872313162867084002931931520470595868256163001213228503291911569628612864100985335104617240068087412100727776133857303427066326379576643154954665381101338819671911768419685932366983943698441089982809623348544646402014190630291844780109700743266189214735631530483648442218375470128783197335024292728165049931343592907542221	24739664234858138982047535273920704865888201889876711837493816699690678265963591165069870505023217046633362579621148489165328977987949899797415602900085081435628786567950676391780949633448253616219680559998014214784634910618447122667639804607217055610037222276897125660535867393387520758988742191975881454668757766456386039099618304136651166884285837894817315224103333988986022139294086321685154999346340705988103078279492809641656432950215478117816222205266648568411397418925046010008480574710698821954765024242012324702958840527170691397468834926110714722062344576291849261675828451121993701604115701508243628541371186781104664750453506678450990658685568877319368724842489366294600223726679557182485111500144011805314426535016123806594563159834704421627591278254098145543334614838595418659350735064119136615550909153916789982856517125346862661227399851506503677119661384586623759841225285653771144345770541906184539519104941031220044588169549394770200017461390905581925298086151522809307449802203222974575540394725875975613318942282656692285373790701768039928224139907689742983609684357165165999207726031406986345064845442052163822899745749684239296069717432693993739901942491195871247188184005664749711749358189216418951520160200149433995022547154839666264673997373341638110304039777393158428518507712626247597465168817985799279078817049489682086370316096799386024819658822325268598014355156955720765003481708390166105881683902246283478541686387198210006153774117634819380652754856560760129428248343878241572542393310015833579895243466921313367877058883364574352748423515890749573716052801181446322006430112943468825921624246329666064630410384494509429743447944597417917331965513429680234824216989162986922888110403595036479547167255719015893714899586466329769867381267608901755732837257069594570426559516432914529680604103749268386666419769837522988187558770229204545516092000891491348231921876364783807852083687969907794441136549243947137837719266807363736904836199774547569122203777389735879948309226539666575529237555127686677143720155491825483721165765154797239851006515373739168459231134575130110115282026413720213216893067024929417058805934015332228272598723307229845886855030050314585219679863173093240410337050191620096629216986256924869267858329592412196544210542102129258023628648316582031092474923000777805423410628148309140077284800398784877003982922834925565829079958043536914632	2,4,-4,-4,3,3,3,3,3,3,3,3	4,-4,-4,3,3,3,3,3,3,3,3,3	ok
-1.487487	12.552553	-52.051801	0.565443	continued:5	24739664234858138982047535273920704865888201889876711837493816699690678265963591165069870505023217046633362579621148489165328977987949899797415602900085081435628786567950676391780949633448253616219680559998014214784634910618447122667639804607217055610037222276897125660535867393387520758988742191975881454668757766456386039099618304136651166884285837894817315224103333988986022139294086321685154999346340705988103078279492809641656432950215478117816222205266648568411397418925046010008480574710698821954765024242012324702958840527170691397468834926110714722062344576291849261675828451121993701604115701508243628541371186781104664750453506678450990658685568877319368724842489366294600223726679557182485111500144011805314426535016123806594563159834704421627591278254098145543334614838595418659350735064119136615550909153916789982856517125346862661227399851506503677119661384586623759841225285653771144345770541906184539519104941031220044588169549394770200017461390905581925298086151522809307449802203222974575540394725875975613318942282656692285373790701768039928224139907689742983609684357165165999207726031406986345064845442052163822899745749684239296069717432693993739901942491195871247188184005636613094050788582226601637682152530350691376917185997902490952322289470886842901099027761445553511658000637844716977782658994441378737958208908170878905194758675688853082602498095398932742428174022121517569252714521064005772757867846369956139133507540215206259788712173064456745103217426069291785441246921231426107555960727681283492056231713890450382451935487066881225173995970034735781015173739366087100946132367479638959135884446181194722953525182509952751890018337420201115309920794056935209448315186326095323804212270440838034120816567397950492968452392533582851420691201289322498035208218523539164011259575328165076596989285257992792931363754121525187873559799952275929122070779557841981155270113921690353762152731140903674468841823489398009698401871239872510723725071355172279356040169340681320981940903654745772372942480405840799687467498914261366362329202267100418071260290131674992320501190614863318785856252391943716625637102722462869576624761143406884232148627722158697422141154054201541567364483109448192181263840671292220217574276980988763918233185224068063203280987347031056529048315925134392769281488755995154880447973128721989892932087515303813172804439221853175587264110331814817622	24739664234858138982047535273920704865888201889876711837493816699690678265963591165069870505023217046633362579621148489165328977987949899797415602900085081435628786567950676391780949633448253616219680559998014214784634910618447122667639804607217055610037222276897125660535867393387520758988742191975881454668757766456386039099618304136651166884285837894817315224103333988986022139294086321685154999346340705988103078279492809641656432950215478117816222205266648568411397418925046010008480574710698821954765024242012324702958840527170691397468834926110714722062344576291849261675828451121993701604115701508243628541371186781104664750453506678450990658685568877319368724842489366294600223726679557182485111500144011805314426535016123806594563159834704421627591278254098145543334614838595418659350735064119136615550909153916789982856517125346862661227399851506503677119661384586623759841225285653771144345770541906184539519104941031220044588169549394770200017461390905581925298086151522809307449802203222974575540394725875975613318942282656692285373790701768039928224139907689742983609684357165165999207726031406986345064845442052163822899745749684239296069717432693993739901942491195871247188184005664749711749358189216418951520160200149433995022547154839666264673997373341638110304039777393158428518507712626247597465168817985799279078817049489682086370316096799386024819658822325268598014355156955720765003481708390166105881683902246283478541686387198210006153774117634819380652754856560760129428248343878241572542393310015833579895243466921313367877058883364574352748423515890749573716052801181446322006430112943468825921624246329666064630410384494509429743447944597417917331965513429680234824216989162986922888110403595036479547167255719015893714899586466329769867381267608901755732837257069594570426559516432914529680604103749268386666419769837522988187558770229204545516092000891491348231921876364783807852083687969907794441136549243947137837719266807363736904836199774547569122203777389735879948309226539666575529237555127686677143720155491825483721165765154797239851006515373739168459231134575130110115282026413720213216893067024929417058805934015332228272598723307229845886855030050314585219679863173093240410337050191620096629216986256924869267858329592412196544210542102129258023628648316582031092474923000777805423410628148309140077284800398784877003982922834925565829079958043536914632	2,-4,-4,3,3,3,3,3,3,3,3,3	4,-4,-4,3,3,3,3,3,3,3,3,3	ok
-1.483483	12.552553	-54.123475	0.568237	continued:5	24739664234858138982047535273920704865888201889876711837493816699690678265963591165069870505023217046633362579621148489165328977987949899797415602900085081435628786567950676391780949633448253616219680559998014214784634910618447122667639804607217055610037222276897125660535867393387520758988742191975475097134159821776175469287214857624750265388130867415580412873925910271279382629434282479656095907178473638142326186864698341018602123575843883404208311798618679388046194707946385968872279636660172423920762823771748609336176990325713506490614247467311351878471253089939596514261196666267475682898635077588364628629417296554229734815495315011752337585393015754405944996164827318009845582551593321289722257247006063686910061456841431892563940020873466746931070957111770150069590359792388197563206227771911411885143855184505614961998508226343153531223089971459935049708039359327667779120430067461929055441744031224422705223831560005091108633317128720548165517033711719448300771525660964913525817712220131912105082815080054605883136048554894173783193438041716508681297001277350562437894851607688119124032266056066591963623197071229719772200831481260746898621517899928612391918713268983151048632780119655930408190582553524627904057071942769938736862457235924274975877692875969260912825240440176312796169883715527296420812911085368231803397367822990876417832371726944474641149344806282859835563177758758315140869621665338558538229319788140992642348683078964438303205169238089677606281386970253341769254691973676747054001600056884371509167578247128910554017708455798400339763929792299326278161913247735847547901720607853014273297061169415154483166033077865097453650461838107532682052642437808745312631797604500447563344035980600655360681484274936965759099895773785743476559627847035998495623947412514142251410657373695628596507787826274803330499930271551011927848963095389998115464084361772602196582573023653623911344037727364227195594183603523434780747077500441651045950433605054450968920210102886398197382751252220063486096686194630712738899496659850907030285511459146924946136142303252814811401903979278425790228571196558652325907826618637862596663393079577711958009484587139118727133603578984775841831059511392904829664132579075616389269418347099007484820626482853352165533173315748528323140233506000037753936239379980930850327518548701251621213257545847129540580490183656973082502121819713680447958	24739664234858138982047535273920704865888201889876711837493816699690678265963591165069870505023217046633362579621148489165328977987949899797415602900085081435628786567950676391780949633448253616219680559998014214784634910618447122667639804607217055610037222276897125660535867393387520758988742191975881454668757766456386039099618304136651166884285837894817315224103333988986022139294086321685154999346340705988103078279492809641656432950215478117816222205266648568411397418925046010008480574710698821954765024242012324702958840527170691397468834926110714722062344576291849261675828451121993701604115701508243628541371186781104664750453506678450990658685568877319368724842489366294600223726679557182485111500144011805314426535016123806594563159834704421627591278254098145543334614838595418659350735064119136615550909153916789982856517125346862661227399851506503677119661384586623759841225285653771144345770541906184539519104941031220044588169549394770200017461390905581925298086151522809307449802203222974575540394725875975613318942282656692285373790701768039928224139907689742983609684357165165999207726031406986345064845442052163822899745749684239296069717432693993739901942491195871247188184005664749711749358189216418951520160200149433995022547154839666264673997373341638110304039777393158428518507712626247597465168817985799279078817049489682086370316096799386024819658822325268598014355156955720765003481708390166105881683902246283478541686387198210006153774117634819380652754856560760129428248343878241572542393310015833579895243466921313367877058883364574352748423515890749573716052801181446322006430112943468825921624246329666064630410384494509429743447944597417917331965513429680234824216989162986922888110403595036479547167255719015893714899586466329769867381267608901755732837257069594570426559516432914529680604103749268386666419769837522988187558770229204545516092000891491348231921876364783807852083687969907794441136549243947137837719266807363736904836199774547569122203777389735879948309226539666575529237555127686677143720155491825483721165765154797239851006515373739168459231134575130110115282026413720213216893067024929417058805934015332228272598723307229845886855030050314585219679863173093240410337050191620096629216986256924869267858329592412196544210542102129258023628648316582031092474923000777805423410628148309140077284800398784877003982922834925565829079958043536914632	-2,3,3,3,3,3,3,3,3,3,3,3	4,-4,-4,3,3,3,3,3,3,3,3,3	ok
-1.479479	12.552553	-55.460731	0.571030	continued:5	24739664234858138982047535273920704865888201889876711837493816699690678265963591165069870505023217046633362579621148489165328977987949899797415602900085081435628786567950676391780949633448253616219680559998014214784634910618447122667639804607217055610037222276897125660535867393387520758988742191975475097134159821776175469287214857624750265388130867415580412873925910271279382629434282479656095907178473638142326186864698341018602123575843883404208311798618679388046194707946385968872279636660172423920762823771748609336176990325713506490614247467311351878471253089939596514261196666267475682898635077588364628629417296554229734815495315011752337585393015754405944996164827318009845582551593321289722257247006063686910061456841431892563940020873466746931070957111770150069590359792388197563206227771911411885143855184505614961998508226343153531223089971459935049708039359327667779120430067461929055441744031224422705223831560005091108633317128720548165517033711719448300771525660964913525817712220131912105082815080054605883136048554894173783193438041716508681297001277350562437894851607688119124032266056066591963623197071229719772200831481260746898621517899928612391918713268983151048632780119662964562615224955272082232516573860219624391388797525158568803965619851582959715126493444163214025385010484222679075733538541254336938677519858320577213126261082222107876703634988014443799459723042466865939807313462170098621510273802110074477200727790710189239796434724232268265168771327876208855251384560129805973155186008944787466690145813994448741828958685398242399644411740283504376021102246139806369606510408492840549451469396517122961183841277506170313763723572234427437236681374721304794358903114096136891133303545792185964095132388517154996467307401461623006192877589030302012077625091035466697406080506762771704815522350350242449968214220019584208434318914148100359158909679143753029398694920492804349553854965529569693457265246243878651194015319923783237068738696511787191450682232621481336789660422996610379069409921474899407696853444936065024933934485679589861499939814189140782388654260075696454421684651979624554066992826512688381456690865842009375581685321384904219623644446996167623623702794595196333711331969000714989476935040045706939151824415849649248600765204089570503279736809339261698814688659615461932316553762144963996566198596914621200952058301145179750011252431412752172391	24739664234858138982047535273920704865888201889876711837493816699690678265963591165069870505023217046633362579621148489165328977987949899797415602900085081435628786567950676391780949633448253616219680559998014214784634910618447122667639804607217055610037222276897125660535867393387520758988742191975881454668757766456386039099618304136651166884285837894817315224103333988986022139294086321685154999346340705988103078279492809641656432950215478117816222205266648568411397418925046010008480574710698821954765024242012324702958840527170691397468834926110714722062344576291849261675828451121993701604115701508243628541371186781104664750453506678450990658685568877319368724842489366294600223726679557182485111500144011805314426535016123806594563159834704421627591278254098145543334614838595418659350735064119136615550909153916789982856517125346862661227399851506503677119661384586623759841225285653771144345770541906184539519104941031220044588169549394770200017461390905581925298086151522809307449802203222974575540394725875975613318942282656692285373790701768039928224139907689742983609684357165165999207726031406986345064845442052163822899745749684239296069717432693993739901942491195871247188184005664749711749358189216418951520160200149433995022547154839666264673997373341638110304039777393158428518507712626247597465168817985799279078817049489682086370316096799386024819658822325268598014355156955720765003481708390166105881683902246283478541686387198210006153774117634819380652754856560760129428248343878241572542393310015833579895243466921313367877058883364574352748423515890749573716052801181446322006430112943468825921624246329666064630410384494509429743447944597417917331965513429680234824216989162986922888110403595036479547167255719015893714899586466329769867381267608901755732837257069594570426559516432914529680604103749268386666419769837522988187558770229204545516092000891491348231921876364783807852083687969907794441136549243947137837719266807363736904836199774547569122203777389735879948309226539666575529237555127686677143720155491825483721165765154797239851006515373739168459231134575130110115282026413720213216893067024929417058805934015332228272598723307229845886855030050314585219679863173093240410337050191620096629216986256924869267858329592412196544210542102129258023628648316582031092474923000777805423410628148309140077284800398784877003982922834925565829079958043536914632	2,3,3,3,3,3,3,3,3,3,3,3	4,-4,-4,3,3,3,3,3,3,3,3,3	ok
-1.475475	12.552553	-56.352814	0.573823	full	24739664234858138982047535273920704865888201889876711837493816699690678265963591165069870505023217046633362579621148489165328977987949899797415602900085081435628786567950676391780949633448253616219680559998014214784634910618447122667639804607217055610037222276897125660535867393387520758988742191975475097134159821776175469287214857624750265388130867415580412873925910271279382629434282479656095907178473638142326186864698341018602123575843883404208311798618679388046194707946385968872279636660172423920762823771748609336176990325713506490614247467311351878471253089939596514261196666267475682898635077588364628629417296554229734815495315011752337585393015754405944996164827318009845582551593321289722257247006063686910061456841431892563940020873466746931070957111770150069590359792388197563206227771911411885143855184505614961998508226343153531223089971459935049708039359327667779120430067461929055441744031224422705223831560005091108633317128720548165517033711719448300771525660964913525817712220131912105082815080054605883136048554894173783193438041716508681297001277350562437894851607688119124032266056066591963623197071229719772200831481260746898621517899928612391918713268983151048632780119655930408190582553524627904057071942769938736862457235924274975877692875969260912825240440176312796169883715527296420812911085368231803397367822990876417832371726944474641149344806282859835563177758758315140869621665338558538229319788140992642348683078964438303205169238089677606281386970253341769254691973676747054001600056884371509167578247128910554017708455798400339763929792299326278161913247735847547901720607853014273297061169415154483166033077865097453650461838107532682052642437808745312631797604500447563344035980600655360681484274936965759099895773785743476559627847035998495623947412514142251410657373695628596507787826274803330499930271551011927848963095389998115464084361772602196582573023653623911344037727364227195594183603523434780747077500441651045950433605054450968920210102886398197382751252220063486096686194630712738899496659850907030285511459146924946136142303252814811401903979278425790228571196558652325907826618637862596663393079577711958009484587139118727133603578984775841831059511392904829664132579075616389269418347099007484820626482853352165533173315748528323140233506000037753936239379980930850327518548701251621213257545847129540580490183656973082502121819713680447958	24739664234858138982047535273920704865888201889876711837493816699690678265963591165069870505023217046633362579621148489165328977987949899797415602900085081435628786567950676391780949633448253616219680559998014214784634910618447122667639804607217055610037222276897125660535867393387520758988742191975881454668757766456386039099618304136651166884285837894817315224103333988986022139294086321685154999346340705988103078279492809641656432950215478117816222205266648568411397418925046010008480574710698821954765024242012324702958840527170691397468834926110714722062344576291849261675828451121993701604115701508243628541371186781104664750453506678450990658685568877319368724842489366294600223726679557182485111500144011805314426535016123806594563159834704421627591278254098145543334614838595418659350735064119136615550909153916789982856517125346862661227399851506503677119661384586623759841225285653771144345770541906184539519104941031220044588169549394770200017461390905581925298086151522809307449802203222974575540394725875975613318942282656692285373790701768039928224139907689742983609684357165165999207726031406986345064845442052163822899745749684239296069717432693993739901942491195871247188184005664749711749358189216418951520160200149433995022547154839666264673997373341638110304039777393158428518507712626247597465168817985799279078817049489682086370316096799386024819658822325268598014355156955720765003481708390166105881683902246283478541686387198210006153774117634819380652754856560760129428248343878241572542393310015833579895243466921313367877058883364574352748423515890749573716052801181446322006430112943468825921624246329666064630410384494509429743447944597417917331965513429680234824216989162986922888110403595036479547167255719015893714899586466329769867381267608901755732837257069594570426559516432914529680604103749268386666419769837522988187558770229204545516092000891491348231921876364783807852083687969907794441136549243947137837719266807363736904836199774547569122203777389735879948309226539666575529237555127686677143720155491825483721165765154797239851006515373739168459231134575130110115282026413720213216893067024929417058805934015332228272598723307229845886855030050314585219679863173093240410337050191620096629216986256924869267858329592412196544210542102129258023628648316582031092474923000777805423410628148309140077284800398784877003982922834925565829079958043536914632	-2,3,3,3,3,3,3,3,3,3,3,3	4,-4,-4,3,3,3,3,3,3,3,3,3	ok
-1.471471	12.552553	-45.283020	0.562897	continued:5	24739664234858138982047535273920704865888201889876711837493816699690678265963591165069870505023217046633362579621148489165328977987949899797415602900486143006268665268678106964453841999524106595607605727243377372487650564782802452333008206763043514220470865892407412103036806892083064510289504814600080741268157165354063032161189525829409088498985531970815025159686244986955270210405434697787650037103444327391942508501376229453985083037857645944890272090078718974473418025044221755928344004123983175888817859152476099625581493080234216246769749121423440316080188755726314866454849365625903310727411962210265060239147673443344215878137030132192806617845508521429134953442005172595687239288806640105913992832181188271002687607995224248543333026219927493239086602157995778446585721011574420179073238618804110120164359864009422453308161100362518741977810549869001591965741855811340851965796864669769309938280536893230248984085900380693657531507520663457858253997875508959903776272993901756549954431436631827613577026154262262745869742433942174619397247389317330840056156398455179653516874026488205839386685172939856955291059529251622792608475702297701480330647337063298624177487084690036125279368730094414104490840963362719056947916003186536185315975271852465657950857385908838232643266028737335411066756675267334991455385987826634997264390276668153024750019665530897903532213725629232324655478525428927404916876681618621394986147249416816169415741619018775698815792395323860320212993858528856378516390243777203718500122711111208599070955157214336437191686555907484805138066609504085909947175360518453526693705890549130842794700872463289376311457093187636969589780217719522120433593893407277768895690655478498452787380780473502460463001759213467601700278805603285554163034924205092130688723527497435211292254437353097554589581424986916527558286705255225721771701079702586790849482477952449976672814407982061382325477072685113998273598577575183448063077983069570718711507610352638604037725215943935889672903608154957607996151351877632905049390712835139427795812426255052076641871158894119615353028714798473694209504489583285561757196612165011778965930104047361517443067168986238217919825047258185521756752674794207588288308802008215331604645384457220337041482431409623460023743256851446720771804723848915701265010733847568100068781245864502134765059159534090537228001206588075177592873639041674588397	24739664234858138982047535273920704865888201889876711837493816699690678265963591165069870505023217046633362579621148489165328977987949899797415602900085081435628786567950676391780949633448253616219680559998014214784634910618447122667639804607217055610037222276897125660535867393387520758988742191975881454668757766456386039099618304136651166884285837894817315224103333988986022139294086321685154999346340705988103078279492809641656432950215478117816222205266648568411397418925046010008480574710698821954765024242012324702958840527170691397468834926110714722062344576291849261675828451121993701604115701508243628541371186781104664750453506678450990658685568877319368724842489366294600223726679557182485111500144011805314426535016123806594563159834704421627591278254098145543334614838595418659350735064119136615550909153916789982856517125346862661227399851506503677119661384586623759841225285653771144345770541906184539519104941031220044588169549394770200017461390905581925298086151522809307449802203222974575540394725875975613318942282656692285373790701768039928224139907689742983609684357165165999207726031406986345064845442052163822899745749684239296069717432693993739901942491195871247188184005664749711749358189216418951520160200149433995022547154839666264673997373341638110304039777393158428518507712626247597465168817985799279078817049489682086370316096799386024819658822325268598014355156955720765003481708390166105881683902246283478541686387198210006153774117634819380652754856560760129428248343878241572542393310015833579895243466921313367877058883364574352748423515890749573716052801181446322006430112943468825921624246329666064630410384494509429743447944597417917331965513429680234824216989162986922888110403595036479547167255719015893714899586466329769867381267608901755732837257069594570426559516432914529680604103749268386666419769837522988187558770229204545516092000891491348231921876364783807852083687969907794441136549243947137837719266807363736904836199774547569122203777389735879948309226539666575529237555127686677143720155491825483721165765154797239851006515373739168459231134575130110115282026413720213216893067024929417058805934015332228272598723307229845886855030050314585219679863173093240410337050191620096629216986256924869267858329592412196544210542102129258023628648316582031092474923000777805423410628148309140077284800398784877003982922834925565829079958043536914632	-2,4,-4,-4,3,3,3,3,3,3,3,3	4,-4,-4,3,3,3,3,3,3,3,3,3	ok
-1.467467	12.552553	-49.293037	0.565228	continued:5	24739664234858138982047535273920704865888201889876711837493816699690678265963591165069870505023217046633362579621148489165328977987949899797415602900486143006268665268678106964453841999524106595607605727243377372487650564782802452333008206763043514220470865892407412103036806892083064510289504814600080741268157165354063032161189525829409088498985531970815025159686244986955270210405434697787650037103444327391942508501376229453985083037857645944890272090078718974473418025044221755928344004123983175888817859152476099625581493080234216246769749121423440316080188755726314866454849365625903310727411962210265060239147673443344215878137030132192806617845508521429134953442005172595687239288806640105913992832181188271002687607995224248543333026219927493239086602157995778446585721011574420179073238618804110120164359864009422453308161100362518741977810549869001591965741855811340851965796864669769309938280536893230248984085900380693657531507520663457858253997875508959903776272993901756549954431436631827613577026154262262745869742433942174619397247389317330840056156398455179653516874026488205839386685172939856955291059529251622792608475702297701480330647337063298624177487084690036125279368730101448258915483365110173385407417920636221839842315561086759486038784361522537034944519032724236640281883443962717646376013443712740132544542311997853877060224903050146221842124955462938994548547015254842366862969772351969135980479196252745878716667201229894612278259714552319069555116649261020550725782563767583860522800253299814600257916073376259719211914086146401022074733318780956471958391573244140500968597655844597905012307886657283258023354179008293372779147192245694513968198042260136461079186134008835719502741154471764172355748524918137135478937809573241771354223764495531845056178203401957329228135416056846353322503433411871648770707155078567326768748644527576663868326718425167931014823483053400894886374358223189255489954152957822880363732913509563279976253081865954517050487264200500340459366174035669634562555138687908111161501627651814898108784426840587468548759872313162867084002931931520470595868256163001213228503291911569628612864100985335104617240068087412100727776133857303427066326379576643154954665381101338819671911768419685932366983943698441089982809623348544646402014190630291844780109700743266189214735631530483648442218375470128783197335024292728165049931343592907542221	24739664234858138982047535273920704865888201889876711837493816699690678265963591165069870505023217046633362579621148489165328977987949899797415602900085081435628786567950676391780949633448253616219680559998014214784634910618447122667639804607217055610037222276897125660535867393387520758988742191975881454668757766456386039099618304136651166884285837894817315224103333988986022139294086321685154999346340705988103078279492809641656432950215478117816222205266648568411397418925046010008480574710698821954765024242012324702958840527170691397468834926110714722062344576291849261675828451121993701604115701508243628541371186781104664750453506678450990658685568877319368724842489366294600223726679557182485111500144011805314426535016123806594563159834704421627591278254098145543334614838595418659350735064119136615550909153916789982856517125346862661227399851506503677119661384586623759841225285653771144345770541906184539519104941031220044588169549394770200017461390905581925298086151522809307449802203222974575540394725875975613318942282656692285373790701768039928224139907689742983609684357165165999207726031406986345064845442052163822899745749684239296069717432693993739901942491195871247188184005664749711749358189216418951520160200149433995022547154839666264673997373341638110304039777393158428518507712626247597465168817985799279078817049489682086370316096799386024819658822325268598014355156955720765003481708390166105881683902246283478541686387198210006153774117634819380652754856560760129428248343878241572542393310015833579895243466921313367877058883364574352748423515890749573716052801181446322006430112943468825921624246329666064630410384494509429743447944597417917331965513429680234824216989162986922888110403595036479547167255719015893714899586466329769867381267608901755732837257069594570426559516432914529680604103749268386666419769837522988187558770229204545516092000891491348231921876364783807852083687969907794441136549243947137837719266807363736904836199774547569122203777389735879948309226539666575529237555127686677143720155491825483721165765154797239851006515373739168459231134575130110115282026413720213216893067024929417058805934015332228272598723307229845886855030050314585219679863173093240410337050191620096629216986256924869267858329592412196544210542102129258023628648316582031092474923000777805423410628148309140077284800398784877003982922834925565829079958043536914632	2,4,-4,-4,3,3,3,3,3,3,3,3	4,-4,-4,3,3,3,3,3,3,3,3,3	ok
-1.463463	12.552553	-52.108277	0.562435	continued:5	24739664234858138982047535273920704865888201889876711837493816699690678265963591165069870505023217046633362579621148489165328977987949899797415602900085081435628786567950676391780949633448253616219680559998014214784634910618447122667639804607217055610037222276897125660535867393387520758988742191975881454668757766456386039099618304136651166884285837894817315224103333988986022139294086321685154999346340705988103078279492809641656432950215478117816222205266648568411397418925046010008480574710698821954765024242012324702958840527170691397468834926110714722062344576291849261675828451121993701604115701508243628541371186781104664750453506678450990658685568877319368724842489366294600223726679557182485111500144011805314426535016123806594563159834704421627591278254098145543334614838595418659350735064119136615550909153916789982856517125346862661227399851506503677119661384586623759841225285653771144345770541906184539519104941031220044588169549394770200017461390905581925298086151522809307449802203222974575540394725875975613318942282656692285373790701768039928224139907689742983609684357165165999207726031406986345064845442052163822899745749684239296069717432693993739901942491195871247188184005636613094050788582226601637682152530350691376917185997902490952322289470886842901099027761445553511658000637844716977782658994441378737958208908170878905194758675688853082602498095398932742428174022121517569252714521064005772757867846369956139133507540215206259788712173064456745103217426069291785441246921231426107555960727681283492056231713890450382451935487066881225173995970034735781015173739366087100946132367479638959135884446181194722953525182509952751890018337420201115309920794056935209448315186326095323804212270440838034120816567397950492968452392533582851420691201289322498035208218523539164011259575328165076596989285257992792931363754121525187873559799952275929122070779557841981155270113921690353762152731140903674468841823489398009698401871239872510723725071355172279356040169340681320981940903654745772372942480405840799687467498914261366362329202267100418071260290131674992320501190614863318785856252391943716625637102722462869576624761143406884232148627722158697422141154054201541567364483109448192181263840671292220217574276980988763918233185224068063203280987347031056529048315925134392769281488755995154880447973128721989892932087515303813172804439221853175587264110331814817622	24739664234858138982047535273920704865888201889876711837493816699690678265963591165069870505023217046633362579621148489165328977987949899797415602900085081435628786567950676391780949633448253616219680559998014214784634910618447122667639804607217055610037222276897125660535867393387520758988742191975881454668757766456386039099618304136651166884285837894817315224103333988986022139294086321685154999346340705988103078279492809641656432950215478117816222205266648568411397418925046010008480574710698821954765024242012324702958840527170691397468834926110714722062344576291849261675828451121993701604115701508243628541371186781104664750453506678450990658685568877319368724842489366294600223726679557182485111500144011805314426535016123806594563159834704421627591278254098145543334614838595418659350735064119136615550909153916789982856517125346862661227399851506503677119661384586623759841225285653771144345770541906184539519104941031220044588169549394770200017461390905581925298086151522809307449802203222974575540394725875975613318942282656692285373790701768039928224139907689742983609684357165165999207726031406986345064845442052163822899745749684239296069717432693993739901942491195871247188184005664749711749358189216418951520160200149433995022547154839666264673997373341638110304039777393158428518507712626247597465168817985799279078817049489682086370316096799386024819658822325268598014355156955720765003481708390166105881683902246283478541686387198210006153774117634819380652754856560760129428248343878241572542393310015833579895243466921313367877058883364574352748423515890749573716052801181446322006430112943468825921624246329666064630410384494509429743447944597417917331965513429680234824216989162986922888110403595036479547167255719015893714899586466329769867381267608901755732837257069594570426559516432914529680604103749268386666419769837522988187558770229204545516092000891491348231921876364783807852083687969907794441136549243947137837719266807363736904836199774547569122203777389735879948309226539666575529237555127686677143720155491825483721165765154797239851006515373739168459231134575130110115282026413720213216893067024929417058805934015332228272598723307229845886855030050314585219679863173093240410337050191620096629216986256924869267858329592412196544210542102129258023628648316582031092474923000777805423410628148309140077284800398784877003982922834925565829079958043536914632	2,-4,-4,3,3,3,3,3,3,3,3,3	4,-4,-4,3,3,3,3,3,3,3,3,3	ok
-1.459459	12.552553	-54.169453	0.565228	continued:5	24739664234858138982047535273920704865888201889876711837493816699690678265963591165069870505023217046633362579621148489165328977987949899797415602900085081435628786567950676391780949633448253616219680559998014214784634910618447122667639804607217055610037222276897125660535867393387520758988742191975475097134159821776175469287214857624750265388130867415580412873925910271279382629434282479656095907178473638142326186864698341018602123575843883404208311798618679388046194707946385968872279636660172423920762823771748609336176990325713506490614247467311351878471253089939596514261196666267475682898635077588364628629417296554229734815495315011752337585393015754405944996164827318009845582551593321289722257247006063686910061456841431892563940020873466746931070957111770150069590359792388197563206227771911411885143855184505614961998508226343153531223089971459935049708039359327667779120430067461929055441744031224422705223831560005091108633317128720548165517033711719448300771525660964913525817712220131912105082815080054605883136048554894173783193438041716508681297001277350562437894851607688119124032266056066591963623197071229719772200831481260746898621517899928612391918713268983151048632780119655930408190582553524627904057071942769938736862457235924274975877692875969260912825240440176312796169883715527296420812911085368231803397367822990876417832371726944474641149344806282859835563177758758315140869621665338558538229319788140992642348683078964438303205169238089677606281386970253341769254691973676747054001600056884371509167578247128910554017708455798400339763929792299326278161913247735847547901720607853014273297061169415154483166033077865097453650461838107532682052642437808745312631797604500447563344035980600655360681484274936965759099895773785743476559627847035998495623947412514142251410657373695628596507787826274803330499930271551011927848963095389998115464084361772602196582573023653623911344037727364227195594183603523434780747077500441651045950433605054450968920210102886398197382751252220063486096686194630712738899496659850907030285511459146924946136142303252814811401903979278425790228571196558652325907826618637862596663393079577711958009484587139118727133603578984775841831059511392904829664132579075616389269418347099007484820626482853352165533173315748528323140233506000037753936239379980930850327518548701251621213257545847129540580490183656973082502121819713680447958	24739664234858138982047535273920704865888201889876711837493816699690678265963591165069870505023217046633362579621148489165328977987949899797415602900085081435628786567950676391780949633448253616219680559998014214784634910618447122667639804607217055610037222276897125660535867393387520758988742191975881454668757766456386039099618304136651166884285837894817315224103333988986022139294086321685154999346340705988103078279492809641656432950215478117816222205266648568411397418925046010008480574710698821954765024242012324702958840527170691397468834926110714722062344576291849261675828451121993701604115701508243628541371186781104664750453506678450990658685568877319368724842489366294600223726679557182485111500144011805314426535016123806594563159834704421627591278254098145543334614838595418659350735064119136615550909153916789982856517125346862661227399851506503677119661384586623759841225285653771144345770541906184539519104941031220044588169549394770200017461390905581925298086151522809307449802203222974575540394725875975613318942282656692285373790701768039928224139907689742983609684357165165999207726031406986345064845442052163822899745749684239296069717432693993739901942491195871247188184005664749711749358189216418951520160200149433995022547154839666264673997373341638110304039777393158428518507712626247597465168817985799279078817049489682086370316096799386024819658822325268598014355156955720765003481708390166105881683902246283478541686387198210006153774117634819380652754856560760129428248343878241572542393310015833579895243466921313367877058883364574352748423515890749573716052801181446322006430112943468825921624246329666064630410384494509429743447944597417917331965513429680234824216989162986922888110403595036479547167255719015893714899586466329769867381267608901755732837257069594570426559516432914529680604103749268386666419769837522988187558770229204545516092000891491348231921876364783807852083687969907794441136549243947137837719266807363736904836199774547569122203777389735879948309226539666575529237555127686677143720155491825483721165765154797239851006515373739168459231134575130110115282026413720213216893067024929417058805934015332228272598723307229845886855030050314585219679863173093240410337050191620096629216986256924869267858329592412196544210542102129258023628648316582031092474923000777805423410628148309140077284800398784877003982922834925565829079958043536914632	-2,3,3,3,3,3,3,3,3,3,3,3	4,-4,-4,3,3,3,3,3,3,3,3,3	ok
-1.455455	12.552553	-55.495354	0.568021	continued:5	24739664234858138982047535273920704865888201889876711837493816699690678265963591165069870505023217046633362579621148489165328977987949899797415602900085081435628786567950676391780949633448253616219680559998014214784634910618447122667639804607217055610037222276897125660535867393387520758988742191975475097134159821776175469287214857624750265388130867415580412873925910271279382629434282479656095907178473638142326186864698341018602123575843883404208311798618679388046194707946385968872279636660172423920762823771748609336176990325713506490614247467311351878471253089939596514261196666267475682898635077588364628629417296554229734815495315011752337585393015754405944996164827318009845582551593321289722257247006063686910061456841431892563940020873466746931070957111770150069590359792388197563206227771911411885143855184505614961998508226343153531223089971459935049708039359327667779120430067461929055441744031224422705223831560005091108633317128720548165517033711719448300771525660964913525817712220131912105082815080054605883136048554894173783193438041716508681297001277350562437894851607688119124032266056066591963623197071229719772200831481260746898621517899928612391918713268983151048632780119662964562615224955272082232516573860219624391388797525158568803965619851582959715126493444163214025385010484222679075733538541254336938677519858320577213126261082222107876703634988014443799459723042466865939807313462170098621510273802110074477200727790710189239796434724232268265168771327876208855251384560129805973155186008944787466690145813994448741828958685398242399644411740283504376021102246139806369606510408492840549451469396517122961183841277506170313763723572234427437236681374721304794358903114096136891133303545792185964095132388517154996467307401461623006192877589030302012077625091035466697406080506762771704815522350350242449968214220019584208434318914148100359158909679143753029398694920492804349553854965529569693457265246243878651194015319923783237068738696511787191450682232621481336789660422996610379069409921474899407696853444936065024933934485679589861499939814189140782388654260075696454421684651979624554066992826512688381456690865842009375581685321384904219623644446996167623623702794595196333711331969000714989476935040045706939151824415849649248600765204089570503279736809339261698814688659615461932316553762144963996566198596914621200952058301145179750011252431412752172391	24739664234858138982047535273920704865888201889876711837493816699690678265963591165069870505023217046633362579621148489165328977987949899797415602900085081435628786567950676391780949633448253616219680559998014214784634910618447122667639804607217055610037222276897125660535867393387520758988742191975881454668757766456386039099618304136651166884285837894817315224103333988986022139294086321685154999346340705988103078279492809641656432950215478117816222205266648568411397418925046010008480574710698821954765024242012324702958840527170691397468834926110714722062344576291849261675828451121993701604115701508243628541371186781104664750453506678450990658685568877319368724842489366294600223726679557182485111500144011805314426535016123806594563159834704421627591278254098145543334614838595418659350735064119136615550909153916789982856517125346862661227399851506503677119661384586623759841225285653771144345770541906184539519104941031220044588169549394770200017461390905581925298086151522809307449802203222974575540394725875975613318942282656692285373790701768039928224139907689742983609684357165165999207726031406986345064845442052163822899745749684239296069717432693993739901942491195871247188184005664749711749358189216418951520160200149433995022547154839666264673997373341638110304039777393158428518507712626247597465168817985799279078817049489682086370316096799386024819658822325268598014355156955720765003481708390166105881683902246283478541686387198210006153774117634819380652754856560760129428248343878241572542393310015833579895243466921313367877058883364574352748423515890749573716052801181446322006430112943468825921624246329666064630410384494509429743447944597417917331965513429680234824216989162986922888110403595036479547167255719015893714899586466329769867381267608901755732837257069594570426559516432914529680604103749268386666419769837522988187558770229204545516092000891491348231921876364783807852083687969907794441136549243947137837719266807363736904836199774547569122203777389735879948309226539666575529237555127686677143720155491825483721165765154797239851006515373739168459231134575130110115282026413720213216893067024929417058805934015332228272598723307229845886855030050314585219679863173093240410337050191620096629216986256924869267858329592412196544210542102129258023628648316582031092474923000777805423410628148309140077284800398784877003982922834925565829079958043536914632	2,3,3,3,3,3,3,3,3,3,3,3	4,-4,-4,3,3,3,3,3,3,3,3,3	ok
-1.451451	12.552553	-56.381727	0.570815	full	24739664234858138982047535273920704865888201889876711837493816699690678265963591165069870505023217046633362579621148489165328977987949899797415602900085081435628786567950676391780949633448253616219680559998014214784634910618447122667639804607217055610037222276897125660535867393387520758988742191975475097134159821776175469287214857624750265388130867415580412873925910271279382629434282479656095907178473638142326186864698341018602123575843883404208311798618679388046194707946385968872279636660172423920762823771748609336176990325713506490614247467311351878471253089939596514261196666267475682898635077588364628629417296554229734815495315011752337585393015754405944996164827318009845582551593321289722257247006063686910061456841431892563940020873466746931070957111770150069590359792388197563206227771911411885143855184505614961998508226343153531223089971459935049708039359327667779120430067461929055441744031224422705223831560005091108633317128720548165517033711719448300771525660964913525817712220131912105082815080054605883136048554894173783193438041716508681297001277350562437894851607688119124032266056066591963623197071229719772200831481260746898621517899928612391918713268983151048632780119655930408190582553524627904057071942769938736862457235924274975877692875969260912825240440176312796169883715527296420812911085368231803397367822990876417832371726944474641149344806282859835563177758758315140869621665338558538229319788140992642348683078964438303205169238089677606281386970253341769254691973676747054001600056884371509167578247128910554017708455798400339763929792299326278161913247735847547901720607853014273297061169415154483166033077865097453650461838107532682052642437808745312631797604500447563344035980600655360681484274936965759099895773785743476559627847035998495623947412514142251410657373695628596507787826274803330499930271551011927848963095389998115464084361772602196582573023653623911344037727364227195594183603523434780747077500441651045950433605054450968920210102886398197382751252220063486096686194630712738899496659850907030285511459146924946136142303252814811401903979278425790228571196558652325907826618637862596663393079577711958009484587139118727133603578984775841831059511392904829664132579075616389269418347099007484820626482853352165533173315748528323140233506000037753936239379980930850327518548701251621213257545847129540580490183656973082502121819713680447958	24739664234858138982047535273920704865888201889876711837493816699690678265963591165069870505023217046633362579621148489165328977987949899797415602900085081435628786567950676391780949633448253616219680559998014214784634910618447122667639804607217055610037222276897125660535867393387520758988742191975881454668757766456386039099618304136651166884285837894817315224103333988986022139294086321685154999346340705988103078279492809641656432950215478117816222205266648568411397418925046010008480574710698821954765024242012324702958840527170691397468834926110714722062344576291849261675828451121993701604115701508243628541371186781104664750453506678450990658685568877319368724842489366294600223726679557182485111500144011805314426535016123806594563159834704421627591278254098145543334614838595418659350735064119136615550909153916789982856517125346862661227399851506503677119661384586623759841225285653771144345770541906184539519104941031220044588169549394770200017461390905581925298086151522809307449802203222974575540394725875975613318942282656692285373790701768039928224139907689742983609684357165165999207726031406986345064845442052163822899745749684239296069717432693993739901942491195871247188184005664749711749358189216418951520160200149433995022547154839666264673997373341638110304039777393158428518507712626247597465168817985799279078817049489682086370316096799386024819658822325268598014355156955720765003481708390166105881683902246283478541686387198210006153774117634819380652754856560760129428248343878241572542393310015833579895243466921313367877058883364574352748423515890749573716052801181446322006430112943468825921624246329666064630410384494509429743447944597417917331965513429680234824216989162986922888110403595036479547167255719015893714899586466329769867381267608901755732837257069594570426559516432914529680604103749268386666419769837522988187558770229204545516092000891491348231921876364783807852083687969907794441136549243947137837719266807363736904836199774547569122203777389735879948309226539666575529237555127686677143720155491825483721165765154797239851006515373739168459231134575130110115282026413720213216893067024929417058805934015332228272598723307229845886855030050314585219679863173093240410337050191620096629216986256924869267858329592412196544210542102129258023628648316582031092474923000777805423410628148309140077284800398784877003982922834925565829079958043536914632	-2,3,3,3,3,3,3,3,3,3,3,3	4,-4,-4,3,3,3,3,3,3,3,3,3	ok
-1.447447	12.552553	-45.854586	0.636012	continued:5	24739664234858138982047535273920704865888201889876711837493816699690678265963591165069870505023217046633362579621148489165328977987949899797415602900486143006268665268678106964453841999524106595607605727243377372487650564782802452333008206763043514220470865892407412103036806892083064510289504814600080741268157165354063032161189525829409088498985531970815025159686244986955270210405434697787650037103444327391942508501376229453985083037857645944890272090078718974473418025044221755928344004123983175888817859152476099625581493080234216246769749121423440316080188755726314866454849365625903310727411962210265060239147673443344215878137030132192806617845508521429134953442005172595687239288806640105913992832181188271002687607995224248543333026219927493239086602157995778446585721011574420179073238618804110120164359864009422453308161100362518741977810549869001591965741855811340851965796864669769309938280536893230248984085900380693657531507520663457858253997875508959903776272993901756549954431436631827613577026154262262745869742433942174619397247389317330840056156398455179653516874026488205839386685172939856955291059529251622792608475702297701480330647337063298624177487084690036125279368730087379950066198561615264728488414085736850530789634982618171829862930410295139430342013024750434181851629906571952336534758531940529861984238241338452172439814428011649585222302495795525654762410035603012442970783590885273653991815302580886460114816036807656785353325076095401570870871067796692206306997923786823576477445168922602597883994241052413155171459025668568588201399900227215347935959147792766552418814125253663780577093858269295494599560007366980566400413243193349726898989744554419076712195176948161186072020406475240748570254993508798067921619801633329336971846083914652416321268851592913093356373458649348755856659416561961406345866255431884116774653514877596917830638237479732022330805332910721869764579787147038741057243002192544015762423052629578157446762138839322691024963167687371438886441042274245581429747565067357698937279798018463957482840425669516684734982445475076363622054497665426917823140723003569910285889932418453929318996107109387930268894269885064335111873960659067616447178970011772021621952222915091843537379000494754741715980919120805830064676890354348795141595257067539557749911766951870010922826860198520621087899943598052291258667388883422190135815934490441634574	24739664234858138982047535273920704865888201889876711837493816699690678265963591165069870505023217046633362579621148489165328977987949899797415602900085081435628786567950676391780949633448253616219680559998014214784634910618447122667639804607217055610037222276897125660535867393387520758988742191975881454668757766456386039099618304136651166884285837894817315224103333988986022139294086321685154999346340705988103078279492809641656432950215478117816222205266648568411397418925046010008480574710698821954765024242012324702958840527170691397468834926110714722062344576291849261675828451121993701604115701508243628541371186781104664750453506678450990658685568877319368724842489366294600223726679557182485111500144011805314426535016123806594563159834704421627591278254098145543334614838595418659350735064119136615550909153916789982856517125346862661227399851506503677119661384586623759841225285653771144345770541906184539519104941031220044588169549394770200017461390905581925298086151522809307449802203222974575540394725875975613318942282656692285373790701768039928224139907689742983609684357165165999207726031406986345064845442052163822899745749684239296069717432693993739901942491195871247188184005664749711749358189216418951520160200149433995022547154839666264673997373341638110304039777393158428518507712626247597465168817985799279078817049489682086370316096799386024819658822325268598014355156955720765003481708390166105881683902246283478541686387198210006153774117634819380652754856560760129428248343878241572542393310015833579895243466921313367877058883364574352748423515890749573716052801181446322006430112943468825921624246329666064630410384494509429743447944597417917331965513429680234824216989162986922888110403595036479547167255719015893714899586466329769867381267608901755732837257069594570426559516432914529680604103749268386666419769837522988187558770229204545516092000891491348231921876364783807852083687969907794441136549243947137837719266807363736904836199774547569122203777389735879948309226539666575529237555127686677143720155491825483721165765154797239851006515373739168459231134575130110115282026413720213216893067024929417058805934015332228272598723307229845886855030050314585219679863173093240410337050191620096629216986256924869267858329592412196544210542102129258023628648316582031092474923000777805423410628148309140077284800398784877003982922834925565829079958043536914632	1,4,-4,-4,3,3,3,3,3,3,3,3	4,-4,-4,3,3,3,3,3,3,3,3,3	ok
-1.443443	12.552553	-48.691786	0.633218	continued:5	24739664234858138982047535273920704865888201889876711837493816699690678265963591165069870505023217046633362579621148489165328977987949899797415602900486143006268665268678106964453841999524106595607605727243377372487650564782802452333008206763043514220470865892407412103036806892083064510289504814600080741268157165354063032161189525829409088498985531970815025159686244986955270210405434697787650037103444327391942508501376229453985083037857645944890272090078718974473418025044221755928344004123983175888817859152476099625581493080234216246769749121423440316080188755726314866454849365625903310727411962210265060239147673443344215878137030132192806617845508521429134953442005172595687239288806640105913992832181188271002687607995224248543333026219927493239086602157995778446585721011574420179073238618804110120164359864009422453308161100362518741977810549869001591965741855811340851965796864669769309938280536893230248984085900380693657531507520663457858253997875508959903776272993901756549954431436631827613577026154262262745869742433942174619397247389317330840056156398455179653516874026488205839386685172939856955291059529251622792608475702297701480330647337063298624177487084690036125279368730087379950066198561615264728488414085736850530789634982618171829862930410295139430342013024750434181851629906571952336534758531940529861984238241338452172439814428011649585222302495795525654762410035603012442970783590885273653991815302580886460114816036807656785353325076095401570870871067796692206306997923786823576477445168922602597883994241052413155171459025668568588201399900227215347935959147792766552418814125253663780577093858269295494599560007366980566400413243193349726898989744554419076712195176948161186072020406475240748570254993508798067921619801633329336971846083914652416321268851592913093356373458649348755856659416561961406345866255431884116774653514877596917830638237479732022330805332910721869764579787147038741057243002192544015762423052629578157446762138839322691024963167687371438886441042274245581429747565067357698937279798018463957482840425669516684734982445475076363622054497665426917823140723003569910285889932418453929318996107109387930268894269885064335111873960659067616447178970011772021621952222915091843537379000494754741715980919120805830064676890354348795141595257067539557749911766951870010922826860198520621087899943598052291258667388883422190135815934490441634574	24739664234858138982047535273920704865888201889876711837493816699690678265963591165069870505023217046633362579621148489165328977987949899797415602900085081435628786567950676391780949633448253616219680559998014214784634910618447122667639804607217055610037222276897125660535867393387520758988742191975881454668757766456386039099618304136651166884285837894817315224103333988986022139294086321685154999346340705988103078279492809641656432950215478117816222205266648568411397418925046010008480574710698821954765024242012324702958840527170691397468834926110714722062344576291849261675828451121993701604115701508243628541371186781104664750453506678450990658685568877319368724842489366294600223726679557182485111500144011805314426535016123806594563159834704421627591278254098145543334614838595418659350735064119136615550909153916789982856517125346862661227399851506503677119661384586623759841225285653771144345770541906184539519104941031220044588169549394770200017461390905581925298086151522809307449802203222974575540394725875975613318942282656692285373790701768039928224139907689742983609684357165165999207726031406986345064845442052163822899745749684239296069717432693993739901942491195871247188184005664749711749358189216418951520160200149433995022547154839666264673997373341638110304039777393158428518507712626247597465168817985799279078817049489682086370316096799386024819658822325268598014355156955720765003481708390166105881683902246283478541686387198210006153774117634819380652754856560760129428248343878241572542393310015833579895243466921313367877058883364574352748423515890749573716052801181446322006430112943468825921624246329666064630410384494509429743447944597417917331965513429680234824216989162986922888110403595036479547167255719015893714899586466329769867381267608901755732837257069594570426559516432914529680604103749268386666419769837522988187558770229204545516092000891491348231921876364783807852083687969907794441136549243947137837719266807363736904836199774547569122203777389735879948309226539666575529237555127686677143720155491825483721165765154797239851006515373739168459231134575130110115282026413720213216893067024929417058805934015332228272598723307229845886855030050314585219679863173093240410337050191620096629216986256924869267858329592412196544210542102129258023628648316582031092474923000777805423410628148309140077284800398784877003982922834925565829079958043536914632	1,4,-4,-4,3,3,3,3,3,3,3,3	4,-4,-4,3,3,3,3,3,3,3,3,3	ok
-1.439439	12.552553	-50.888637	0.630425	continued:5	24739664234858138982047535273920704865888201889876711837493816699690678265963591165069870505023217046633362579621148489165328977987949899797415602900486143006268665268678106964453841999524106595607605727243377372487650564782802452333008206763043514220470865892407412103036806892083064510289504814600080741268157165354063032161189525829409088498985531970815025159686244986955270210405434697787650037103444327391942508501376229453985083037857645944890272090078718974473418025044221755928344004123983175888817859152476099625581493080234216246769749121423440316080188755726314866454849365625903310727411962210265060239147673443344215878137030132192806617845508521429134953442005172595687239288806640105913992832181188271002687607995224248543333026219927493239086602157995778446585721011574420179073238618804110120164359864009422453308161100362518741977810549869001591965741855811340851965796864669769309938280536893230248984085900380693657531507520663457858253997875508959903776272993901756549954431436631827613577026154262262745869742433942174619397247389317330840056156398455179653516874026488205839386685172939856955291059529251622792608475702297701480330647337063298624177487084690036125279368730094414104490840963362719056947916003186536185315975271852465657950857385908838232643266028737335411066756675267334991455385987826634997264390276668153024750019665530897903532213725629232324655478525428927404916876681618621394986147249416816169415741619018775698815792395323860320212993858528856378516390243777203718500122711111208599070955157214336437191686555907484805138066609504085909947175360518453526693705890549130842794700872463289376311457093187636969589780217719522120433593893407277768895690655478498452787380780473502460463001759213467601700278805603285554163034924205092130688723527497435211292254437353097554589581424986916527558286705255225721771701079702586790849482477952449976672814407982061382325477072685113998273598577575183448063077983069570718711507610352638604037725215943935889672903608154957607996151351877632905049390712835139427795812426255052076641871158894119615353028714798473694209504489583285561757196612165011778965930104047361517443067168986238217919825047258185521756752674794207588288308802008215331604645384457220337041482431409623460023743256851446720771804723848915701265010733847568100068781245864502134765059159534090537228001206588075177592873639041674588397	24739664234858138982047535273920704865888201889876711837493816699690678265963591165069870505023217046633362579621148489165328977987949899797415602900085081435628786567950676391780949633448253616219680559998014214784634910618447122667639804607217055610037222276897125660535867393387520758988742191975881454668757766456386039099618304136651166884285837894817315224103333988986022139294086321685154999346340705988103078279492809641656432950215478117816222205266648568411397418925046010008480574710698821954765024242012324702958840527170691397468834926110714722062344576291849261675828451121993701604115701508243628541371186781104664750453506678450990658685568877319368724842489366294600223726679557182485111500144011805314426535016123806594563159834704421627591278254098145543334614838595418659350735064119136615550909153916789982856517125346862661227399851506503677119661384586623759841225285653771144345770541906184539519104941031220044588169549394770200017461390905581925298086151522809307449802203222974575540394725875975613318942282656692285373790701768039928224139907689742983609684357165165999207726031406986345064845442052163822899745749684239296069717432693993739901942491195871247188184005664749711749358189216418951520160200149433995022547154839666264673997373341638110304039777393158428518507712626247597465168817985799279078817049489682086370316096799386024819658822325268598014355156955720765003481708390166105881683902246283478541686387198210006153774117634819380652754856560760129428248343878241572542393310015833579895243466921313367877058883364574352748423515890749573716052801181446322006430112943468825921624246329666064630410384494509429743447944597417917331965513429680234824216989162986922888110403595036479547167255719015893714899586466329769867381267608901755732837257069594570426559516432914529680604103749268386666419769837522988187558770229204545516092000891491348231921876364783807852083687969907794441136549243947137837719266807363736904836199774547569122203777389735879948309226539666575529237555127686677143720155491825483721165765154797239851006515373739168459231134575130110115282026413720213216893067024929417058805934015332228272598723307229845886855030050314585219679863173093240410337050191620096629216986256924869267858329592412196544210542102129258023628648316582031092474923000777805423410628148309140077284800398784877003982922834925565829079958043536914632	-2,4,-4,-4,3,3,3,3,3,3,3,3	4,-4,-4,3,3,3,3,3,3,3,3,3	ok
-1.435435	12.552553	-52.596059	0.633218	continued:5	24739664234858138982047535273920704865888201889876711837493816699690678265963591165069870505023217046633362579621148489165328977987949899797415602900085081435628786567950676391780949633448253616219680559998014214784634910618447122667639804607217055610037222276897125660535867393387520758988742191975881454668757766456386039099618304136651166884285837894817315224103333988986022139294086321685154999346340705988103078279492809641656432950215478117816222205266648568411397418925046010008480574710698821954765024242012324702958840527170691397468834926110714722062344576291849261675828451121993701604115701508243628541371186781104664750453506678450990658685568877319368724842489366294600223726679557182485111500144011805314426535016123806594563159834704421627591278254098145543334614838595418659350735064119136615550909153916789982856517125346862661227399851506503677119661384586623759841225285653771144345770541906184539519104941031220044588169549394770200017461390905581925298086151522809307449802203222974575540394725875975613318942282656692285373790701768039928224139907689742983609684357165165999207726031406986345064845442052163822899745749684239296069717432693993739901942491195871247188184005622544785201503778731692980763148695451320067864505419433903296146435519659445296496521753471751053227747100453951667941404082669168467397904837511477314606979965133586611493917731935764814635083454704415971377330927400925606195959818431792469429418116723704386606181200779275427328448710823557613447746209908018375062744436514008448136725837375018889739373788918034661386782197106728884664734208458407490415983494747724025743014546106959052115082581517674412963303533831592714298898434370562696760364284907649524262263203863738811407641223237417792595228795567209392197346168129532869186393699250511460803609604775790350055181876012354996063835746263526287716560314813811620925060168891017297616944232700143626717187252726401614482694460612123445628743173456126897633169507145484634472958365316154041498756742212285370794794943044917860959341170625479307682910920823252007181387177510642904251136218634729923121143365381055468330009120571229595835534174707444212211923579929623123189784216056145019741206793077625668066727235911128282011752922343020711243420613039895996532816209969481955781758149729410573607684771633603829608966645618928414800755731073563281257215197415316980466356186475953769123	24739664234858138982047535273920704865888201889876711837493816699690678265963591165069870505023217046633362579621148489165328977987949899797415602900085081435628786567950676391780949633448253616219680559998014214784634910618447122667639804607217055610037222276897125660535867393387520758988742191975881454668757766456386039099618304136651166884285837894817315224103333988986022139294086321685154999346340705988103078279492809641656432950215478117816222205266648568411397418925046010008480574710698821954765024242012324702958840527170691397468834926110714722062344576291849261675828451121993701604115701508243628541371186781104664750453506678450990658685568877319368724842489366294600223726679557182485111500144011805314426535016123806594563159834704421627591278254098145543334614838595418659350735064119136615550909153916789982856517125346862661227399851506503677119661384586623759841225285653771144345770541906184539519104941031220044588169549394770200017461390905581925298086151522809307449802203222974575540394725875975613318942282656692285373790701768039928224139907689742983609684357165165999207726031406986345064845442052163822899745749684239296069717432693993739901942491195871247188184005664749711749358189216418951520160200149433995022547154839666264673997373341638110304039777393158428518507712626247597465168817985799279078817049489682086370316096799386024819658822325268598014355156955720765003481708390166105881683902246283478541686387198210006153774117634819380652754856560760129428248343878241572542393310015833579895243466921313367877058883364574352748423515890749573716052801181446322006430112943468825921624246329666064630410384494509429743447944597417917331965513429680234824216989162986922888110403595036479547167255719015893714899586466329769867381267608901755732837257069594570426559516432914529680604103749268386666419769837522988187558770229204545516092000891491348231921876364783807852083687969907794441136549243947137837719266807363736904836199774547569122203777389735879948309226539666575529237555127686677143720155491825483721165765154797239851006515373739168459231134575130110115282026413720213216893067024929417058805934015332228272598723307229845886855030050314585219679863173093240410337050191620096629216986256924869267858329592412196544210542102129258023628648316582031092474923000777805423410628148309140077284800398784877003982922834925565829079958043536914632	1,-4,-4,3,3,3,3,3,3,3,3,3	4,-4,-4,3,3,3,3,3,3,3,3,3	ok
-1.431431	12.552553	-53.809039	0.636012	continued:5	24739664234858138982047535273920704865888201889876711837493816699690678265963591165069870505023217046633362579621148489165328977987949899797415602900085081435628786567950676391780949633448253616219680559998014214784634910618447122667639804607217055610037222276897125660535867393387520758988742191975475097134159821776175469287214857624750265388130867415580412873925910271279382629434282479656095907178473638142326186864698341018602123575843883404208311798618679388046194707946385968872279636660172423920762823771748609336176990325713506490614247467311351878471253089939596514261196666267475682898635077588364628629417296554229734815495315011752337585393015754405944996164827318009845582551593321289722257247006063686910061456841431892563940020873466746931070957111770150069590359792388197563206227771911411885143855184505614961998508226343153531223089971459935049708039359327667779120430067461929055441744031224422705223831560005091108633317128720548165517033711719448300771525660964913525817712220131912105082815080054605883136048554894173783193438041716508681297001277350562437894851607688119124032266056066591963623197071229719772200831481260746898621517899928612391918713268983151048632780119648896253765940151777173575597570025320253082336116946689981147789765900355562110523987436189411566954756946831913765892283629482126668117215787661175622538482371666841405595054624551275871666632475049764341931929868507018454948365774171910807496638367218687366613903751947086947394002612630474683257999387223688134848014104823955551645010680263372366206458226198558279883447844315148180302724249331888726196930807213187997142652942313186005148224878224024593537200103980637926868603500896185830904692094904758235554768415409124757267836161356776521732484146109863946926378105041694979170269733992817805415234240628485488200053302199364211031646323082439647263607276631895871769259044401451363766451126814443473134220489198884697731101960802990910300139680959518854832128513597114746389737973151315057975842081443516593123962467786526070102139874765749035637088432614260030772344792316488840415153698481155126035457741137680097748660410763036811870095293313414540437283852893333234643562710973384060038416228190613325616933189150517789061901654152308030489428549857055082465581427407486143000730202660813809057790100346399768338483335257539245860316494779637880208922066168766414992991208014608723526	24739664234858138982047535273920704865888201889876711837493816699690678265963591165069870505023217046633362579621148489165328977987949899797415602900085081435628786567950676391780949633448253616219680559998014214784634910618447122667639804607217055610037222276897125660535867393387520758988742191975881454668757766456386039099618304136651166884285837894817315224103333988986022139294086321685154999346340705988103078279492809641656432950215478117816222205266648568411397418925046010008480574710698821954765024242012324702958840527170691397468834926110714722062344576291849261675828451121993701604115701508243628541371186781104664750453506678450990658685568877319368724842489366294600223726679557182485111500144011805314426535016123806594563159834704421627591278254098145543334614838595418659350735064119136615550909153916789982856517125346862661227399851506503677119661384586623759841225285653771144345770541906184539519104941031220044588169549394770200017461390905581925298086151522809307449802203222974575540394725875975613318942282656692285373790701768039928224139907689742983609684357165165999207726031406986345064845442052163822899745749684239296069717432693993739901942491195871247188184005664749711749358189216418951520160200149433995022547154839666264673997373341638110304039777393158428518507712626247597465168817985799279078817049489682086370316096799386024819658822325268598014355156955720765003481708390166105881683902246283478541686387198210006153774117634819380652754856560760129428248343878241572542393310015833579895243466921313367877058883364574352748423515890749573716052801181446322006430112943468825921624246329666064630410384494509429743447944597417917331965513429680234824216989162986922888110403595036479547167255719015893714899586466329769867381267608901755732837257069594570426559516432914529680604103749268386666419769837522988187558770229204545516092000891491348231921876364783807852083687969907794441136549243947137837719266807363736904836199774547569122203777389735879948309226539666575529237555127686677143720155491825483721165765154797239851006515373739168459231134575130110115282026413720213216893067024929417058805934015332228272598723307229845886855030050314585219679863173093240410337050191620096629216986256924869267858329592412196544210542102129258023628648316582031092474923000777805423410628148309140077284800398784877003982922834925565829079958043536914632	1,3,3,3,3,3,3,3,3,3,3,3	4,-4,-4,3,3,3,3,3,3,3,3,3	ok
-1.427427	12.552553	-54.600751	0.638805	continued:5	24739664234858138982047535273920704865888201889876711837493816699690678265963591165069870505023217046633362579621148489165328977987949899797415602900085081435628786567950676391780949633448253616219680559998014214784634910618447122667639804607217055610037222276897125660535867393387520758988742191975475097134159821776175469287214857624750265388130867415580412873925910271279382629434282479656095907178473638142326186864698341018602123575843883404208311798618679388046194707946385968872279636660172423920762823771748609336176990325713506490614247467311351878471253089939596514261196666267475682898635077588364628629417296554229734815495315011752337585393015754405944996164827318009845582551593321289722257247006063686910061456841431892563940020873466746931070957111770150069590359792388197563206227771911411885143855184505614961998508226343153531223089971459935049708039359327667779120430067461929055441744031224422705223831560005091108633317128720548165517033711719448300771525660964913525817712220131912105082815080054605883136048554894173783193438041716508681297001277350562437894851607688119124032266056066591963623197071229719772200831481260746898621517899928612391918713268983151048632780119648896253765940151777173575597570025320253082336116946689981147789765900355562110523987436189411566954756946831913765892283629482126668117215787661175622538482371666841405595054624551275871666632475049764341931929868507018454948365774171910807496638367218687366613903751947086947394002612630474683257999387223688134848014104823955551645010680263372366206458226198558279883447844315148180302724249331888726196930807213187997142652942313186005148224878224024593537200103980637926868603500896185830904692094904758235554768415409124757267836161356776521732484146109863946926378105041694979170269733992817805415234240628485488200053302199364211031646323082439647263607276631895871769259044401451363766451126814443473134220489198884697731101960802990910300139680959518854832128513597114746389737973151315057975842081443516593123962467786526070102139874765749035637088432614260030772344792316488840415153698481155126035457741137680097748660410763036811870095293313414540437283852893333234643562710973384060038416228190613325616933189150517789061901654152308030489428549857055082465581427407486143000730202660813809057790100346399768338483335257539245860316494779637880208922066168766414992991208014608723526	24739664234858138982047535273920704865888201889876711837493816699690678265963591165069870505023217046633362579621148489165328977987949899797415602900085081435628786567950676391780949633448253616219680559998014214784634910618447122667639804607217055610037222276897125660535867393387520758988742191975881454668757766456386039099618304136651166884285837894817315224103333988986022139294086321685154999346340705988103078279492809641656432950215478117816222205266648568411397418925046010008480574710698821954765024242012324702958840527170691397468834926110714722062344576291849261675828451121993701604115701508243628541371186781104664750453506678450990658685568877319368724842489366294600223726679557182485111500144011805314426535016123806594563159834704421627591278254098145543334614838595418659350735064119136615550909153916789982856517125346862661227399851506503677119661384586623759841225285653771144345770541906184539519104941031220044588169549394770200017461390905581925298086151522809307449802203222974575540394725875975613318942282656692285373790701768039928224139907689742983609684357165165999207726031406986345064845442052163822899745749684239296069717432693993739901942491195871247188184005664749711749358189216418951520160200149433995022547154839666264673997373341638110304039777393158428518507712626247597465168817985799279078817049489682086370316096799386024819658822325268598014355156955720765003481708390166105881683902246283478541686387198210006153774117634819380652754856560760129428248343878241572542393310015833579895243466921313367877058883364574352748423515890749573716052801181446322006430112943468825921624246329666064630410384494509429743447944597417917331965513429680234824216989162986922888110403595036479547167255719015893714899586466329769867381267608901755732837257069594570426559516432914529680604103749268386666419769837522988187558770229204545516092000891491348231921876364783807852083687969907794441136549243947137837719266807363736904836199774547569122203777389735879948309226539666575529237555127686677143720155491825483721165765154797239851006515373739168459231134575130110115282026413720213216893067024929417058805934015332228272598723307229845886855030050314585219679863173093240410337050191620096629216986256924869267858329592412196544210542102129258023628648316582031092474923000777805423410628148309140077284800398784877003982922834925565829079958043536914632	1,3,3,3,3,3,3,3,3,3,3,3	4,-4,-4,3,3,3,3,3,3,3,3,3	ok
-1.423423	12.552553	-55.109624	0.641598	full	24739664234858138982047535273920704865888201889876711837493816699690678265963591165069870505023217046633362579621148489165328977987949899797415602900085081435628786567950676391780949633448253616219680559998014214784634910618447122667639804607217055610037222276897125660535867393387520758988742191975475097134159821776175469287214857624750265388130867415580412873925910271279382629434282479656095907178473638142326186864698341018602123575843883404208311798618679388046194707946385968872279636660172423920762823771748609336176990325713506490614247467311351878471253089939596514261196666267475682898635077588364628629417296554229734815495315011752337585393015754405944996164827318009845582551593321289722257247006063686910061456841431892563940020873466746931070957111770150069590359792388197563206227771911411885143855184505614961998508226343153531223089971459935049708039359327667779120430067461929055441744031224422705223831560005091108633317128720548165517033711719448300771525660964913525817712220131912105082815080054605883136048554894173783193438041716508681297001277350562437894851607688119124032266056066591963623197071229719772200831481260746898621517899928612391918713268983151048632780119641862099341297750029719247138068107870567427809776657455687319701838924741863308222734432202510337739630178136531110971656173596021532837063752331474827244593016389208170040764442819691907770087191341213542994238071675478371667411760202828972644593655472936430022638265804496288506618255007607597261306800770629215694428152763539594122443113397834178395207996598716220002965896330970082443535250927929904492141006573361720988244715211217527130416678582951733423938369853743171684564563983626349177586585309068907765500850217594153854188047776587284365072518433984417293128363047391462716592055471493359419811107561342379892318778123925091563362374613867366678251457873793628074433727030300530950329229975263034924403251033542199868020318082547039853201861477386663713823422139778523859265843416231918568932910666969700151238740942339401304783089680591040988665406081595115408547281380162869428403417683884461842344285716707869589494202888211027076797507049117122865083118647547742153521842961992278245772944988321821569733799225419188854384961205608576158230616860757999397989539066443962861226899321589864179340820711868686349448121813826870507375443712146219837353948680559747483860596315536999095	24739664234858138982047535273920704865888201889876711837493816699690678265963591165069870505023217046633362579621148489165328977987949899797415602900085081435628786567950676391780949633448253616219680559998014214784634910618447122667639804607217055610037222276897125660535867393387520758988742191975881454668757766456386039099618304136651166884285837894817315224103333988986022139294086321685154999346340705988103078279492809641656432950215478117816222205266648568411397418925046010008480574710698821954765024242012324702958840527170691397468834926110714722062344576291849261675828451121993701604115701508243628541371186781104664750453506678450990658685568877319368724842489366294600223726679557182485111500144011805314426535016123806594563159834704421627591278254098145543334614838595418659350735064119136615550909153916789982856517125346862661227399851506503677119661384586623759841225285653771144345770541906184539519104941031220044588169549394770200017461390905581925298086151522809307449802203222974575540394725875975613318942282656692285373790701768039928224139907689742983609684357165165999207726031406986345064845442052163822899745749684239296069717432693993739901942491195871247188184005664749711749358189216418951520160200149433995022547154839666264673997373341638110304039777393158428518507712626247597465168817985799279078817049489682086370316096799386024819658822325268598014355156955720765003481708390166105881683902246283478541686387198210006153774117634819380652754856560760129428248343878241572542393310015833579895243466921313367877058883364574352748423515890749573716052801181446322006430112943468825921624246329666064630410384494509429743447944597417917331965513429680234824216989162986922888110403595036479547167255719015893714899586466329769867381267608901755732837257069594570426559516432914529680604103749268386666419769837522988187558770229204545516092000891491348231921876364783807852083687969907794441136549243947137837719266807363736904836199774547569122203777389735879948309226539666575529237555127686677143720155491825483721165765154797239851006515373739168459231134575130110115282026413720213216893067024929417058805934015332228272598723307229845886855030050314585219679863173093240410337050191620096629216986256924869267858329592412196544210542102129258023628648316582031092474923000777805423410628148309140077284800398784877003982922834925565829079958043536914632	-1,3,3,3,3,3,3,3,3,3,3,3	4,-4,-4,3,3,3,3,3,3,3,3,3	ok
-1.419419	12.552553	-46.083048	0.568955	continued:5	24739664234858138982047535273920704865888201889876711837493816699690678265963591165069870505023217046633362579621148489165328977987949899797415602900486143006268665268678106964453841999524106595607605727243377372487650564782802452333008206763043514220470865892407412103036806892083064510289504814600080741268157165354063032161189525829409088498985531970815025159686244986955270210405434697787650037103444327391942508501376229453985083037857645944890272090078718974473418025044221755928344004123983175888817859152476099625581493080234216246769749121423440316080188755726314866454849365625903310727411962210265060239147673443344215878137030132192806617845508521429134953442005172595687239288806640105913992832181188271002687607995224248543333026219927493239086602157995778446585721011574420179073238618804110120164359864009422453308161100362518741977810549869001591965741855811340851965796864669769309938280536893230248984085900380693657531507520663457858253997875508959903776272993901756549954431436631827613577026154262262745869742433942174619397247389317330840056156398455179653516874026488205839386685172939856955291059529251622792608475702297701480330647337063298624177487084690036125279368730087379950066198561615264728488414085736850530789634982618171829862930410295139430342013024750434181851629906571952336534758531940529861984238241338452172439814428011649585222302495795525654762410035603012442970783590885273653991815302580886460114816036807656785353325076095401570870871067796692206306997923786823576477445168922602597883994241052413155171459025668568588201399900227215347935959147792766552418814125253663780577093858269295494599560007366980566400413243193349726898989744554419076712195176948161186072020406475240748570254993508798067921619801633329336971846083914652416321268851592913093356373458649348755856659416561961406345866255431884116774653514877596917830638237479732022330805332910721869764579787147038741057243002192544015762423052629578157446762138839322691024963167687371438886441042274245581429747565067357698937279798018463957482840425669516684734982445475076363622054497665426917823140723003569910285889932418453929318996107109387930268894269885064335111873960659067616447178970011772021621952222915091843537379000494754741715980919120805830064676890354348795141595257067539557749911766951870010922826860198520621087899943598052291258667388883422190135815934490441634574	24739664234858138982047535273920704865888201889876711837493816699690678265963591165069870505023217046633362579621148489165328977987949899797415602900085081435628786567950676391780949633448253616219680559998014214784634910618447122667639804607217055610037222276897125660535867393387520758988742191975881454668757766456386039099618304136651166884285837894817315224103333988986022139294086321685154999346340705988103078279492809641656432950215478117816222205266648568411397418925046010008480574710698821954765024242012324702958840527170691397468834926110714722062344576291849261675828451121993701604115701508243628541371186781104664750453506678450990658685568877319368724842489366294600223726679557182485111500144011805314426535016123806594563159834704421627591278254098145543334614838595418659350735064119136615550909153916789982856517125346862661227399851506503677119661384586623759841225285653771144345770541906184539519104941031220044588169549394770200017461390905581925298086151522809307449802203222974575540394725875975613318942282656692285373790701768039928224139907689742983609684357165165999207726031406986345064845442052163822899745749684239296069717432693993739901942491195871247188184005664749711749358189216418951520160200149433995022547154839666264673997373341638110304039777393158428518507712626247597465168817985799279078817049489682086370316096799386024819658822325268598014355156955720765003481708390166105881683902246283478541686387198210006153774117634819380652754856560760129428248343878241572542393310015833579895243466921313367877058883364574352748423515890749573716052801181446322006430112943468825921624246329666064630410384494509429743447944597417917331965513429680234824216989162986922888110403595036479547167255719015893714899586466329769867381267608901755732837257069594570426559516432914529680604103749268386666419769837522988187558770229204545516092000891491348231921876364783807852083687969907794441136549243947137837719266807363736904836199774547569122203777389735879948309226539666575529237555127686677143720155491825483721165765154797239851006515373739168459231134575130110115282026413720213216893067024929417058805934015332228272598723307229845886855030050314585219679863173093240410337050191620096629216986256924869267858329592412196544210542102129258023628648316582031092474923000777805423410628148309140077284800398784877003982922834925565829079958043536914632	1,4,-4,-4,3,3,3,3,3,3,3,3	4,-4,-4,3,3,3,3,3,3,3,3,3	ok
-1.415415	12.552553	-49.695836	0.566161	continued:5	24739664234858138982047535273920704865888201889876711837493816699690678265963591165069870505023217046633362579621148489165328977987949899797415602900486143006268665268678106964453841999524106595607605727243377372487650564782802452333008206763043514220470865892407412103036806892083064510289504814600080741268157165354063032161189525829409088498985531970815025159686244986955270210405434697787650037103444327391942508501376229453985083037857645944890272090078718974473418025044221755928344004123983175888817859152476099625581493080234216246769749121423440316080188755726314866454849365625903310727411962210265060239147673443344215878137030132192806617845508521429134953442005172595687239288806640105913992832181188271002687607995224248543333026219927493239086602157995778446585721011574420179073238618804110120164359864009422453308161100362518741977810549869001591965741855811340851965796864669769309938280536893230248984085900380693657531507520663457858253997875508959903776272993901756549954431436631827613577026154262262745869742433942174619397247389317330840056156398455179653516874026488205839386685172939856955291059529251622792608475702297701480330647337063298624177487084690036125279368730101448258915483365110173385407417920636221839842315561086759486038784361522537034944519032724236640281883443962717646376013443712740132544542311997853877060224903050146221842124955462938994548547015254842366862969772351969135980479196252745878716667201229894612278259714552319069555116649261020550725782563767583860522800253299814600257916073376259719211914086146401022074733318780956471958391573244140500968597655844597905012307886657283258023354179008293372779147192245694513968198042260136461079186134008835719502741154471764172355748524918137135478937809573241771354223764495531845056178203401957329228135416056846353322503433411871648770707155078567326768748644527576663868326718425167931014823483053400894886374358223189255489954152957822880363732913509563279976253081865954517050487264200500340459366174035669634562555138687908111161501627651814898108784426840587468548759872313162867084002931931520470595868256163001213228503291911569628612864100985335104617240068087412100727776133857303427066326379576643154954665381101338819671911768419685932366983943698441089982809623348544646402014190630291844780109700743266189214735631530483648442218375470128783197335024292728165049931343592907542221	24739664234858138982047535273920704865888201889876711837493816699690678265963591165069870505023217046633362579621148489165328977987949899797415602900085081435628786567950676391780949633448253616219680559998014214784634910618447122667639804607217055610037222276897125660535867393387520758988742191975881454668757766456386039099618304136651166884285837894817315224103333988986022139294086321685154999346340705988103078279492809641656432950215478117816222205266648568411397418925046010008480574710698821954765024242012324702958840527170691397468834926110714722062344576291849261675828451121993701604115701508243628541371186781104664750453506678450990658685568877319368724842489366294600223726679557182485111500144011805314426535016123806594563159834704421627591278254098145543334614838595418659350735064119136615550909153916789982856517125346862661227399851506503677119661384586623759841225285653771144345770541906184539519104941031220044588169549394770200017461390905581925298086151522809307449802203222974575540394725875975613318942282656692285373790701768039928224139907689742983609684357165165999207726031406986345064845442052163822899745749684239296069717432693993739901942491195871247188184005664749711749358189216418951520160200149433995022547154839666264673997373341638110304039777393158428518507712626247597465168817985799279078817049489682086370316096799386024819658822325268598014355156955720765003481708390166105881683902246283478541686387198210006153774117634819380652754856560760129428248343878241572542393310015833579895243466921313367877058883364574352748423515890749573716052801181446322006430112943468825921624246329666064630410384494509429743447944597417917331965513429680234824216989162986922888110403595036479547167255719015893714899586466329769867381267608901755732837257069594570426559516432914529680604103749268386666419769837522988187558770229204545516092000891491348231921876364783807852083687969907794441136549243947137837719266807363736904836199774547569122203777389735879948309226539666575529237555127686677143720155491825483721165765154797239851006515373739168459231134575130110115282026413720213216893067024929417058805934015332228272598723307229845886855030050314585219679863173093240410337050191620096629216986256924869267858329592412196544210542102129258023628648316582031092474923000777805423410628148309140077284800398784877003982922834925565829079958043536914632	2,4,-4,-4,3,3,3,3,3,3,3,3	4,-4,-4,3,3,3,3,3,3,3,3,3	ok
-1.411411	12.552553	-52.342185	0.563368	continued:5	24739664234858138982047535273920704865888201889876711837493816699690678265963591165069870505023217046633362579621148489165328977987949899797415602900085081435628786567950676391780949633448253616219680559998014214784634910618447122667639804607217055610037222276897125660535867393387520758988742191975881454668757766456386039099618304136651166884285837894817315224103333988986022139294086321685154999346340705988103078279492809641656432950215478117816222205266648568411397418925046010008480574710698821954765024242012324702958840527170691397468834926110714722062344576291849261675828451121993701604115701508243628541371186781104664750453506678450990658685568877319368724842489366294600223726679557182485111500144011805314426535016123806594563159834704421627591278254098145543334614838595418659350735064119136615550909153916789982856517125346862661227399851506503677119661384586623759841225285653771144345770541906184539519104941031220044588169549394770200017461390905581925298086151522809307449802203222974575540394725875975613318942282656692285373790701768039928224139907689742983609684357165165999207726031406986345064845442052163822899745749684239296069717432693993739901942491195871247188184005629578939626146180479147309222650612901005722390845708668197124234362495273144098797774757458652282442873869149334322862031538555273602678056872841178109900869320411219847048207913667348778531628738412966770315022724232465689476913832400874304281462828469455323197446686921866086215833068446424699444496565569722241309352582097645970096478775632734636095654637992457943280389083570732332839953973912247295681057931113681492439449496144076887534303882013813582426660935625896914804409614213748953104339735616872424033237737152288422764228895317684142781840594050396121809018684709427683610800958887025312407434590051977713326085580635173894497599750192525737795060057383043775023565474224429639386107173310916990239669991933652644475768142050760727663572522347999704178447289250328456914499267328417681240348822933515571583868711725379330323404334769870337022620061545176212626323733821158948285818704624796620953499808886499592477823111646846232706079467925425548222036103825890910305962685055173280654285638093536930123995538291210251114663599662004737580826899131982029868048598658256506155403232827272483188483130194799492244707309373825202346843909294433547215009818318585078026810148403884293372	24739664234858138982047535273920704865888201889876711837493816699690678265963591165069870505023217046633362579621148489165328977987949899797415602900085081435628786567950676391780949633448253616219680559998014214784634910618447122667639804607217055610037222276897125660535867393387520758988742191975881454668757766456386039099618304136651166884285837894817315224103333988986022139294086321685154999346340705988103078279492809641656432950215478117816222205266648568411397418925046010008480574710698821954765024242012324702958840527170691397468834926110714722062344576291849261675828451121993701604115701508243628541371186781104664750453506678450990658685568877319368724842489366294600223726679557182485111500144011805314426535016123806594563159834704421627591278254098145543334614838595418659350735064119136615550909153916789982856517125346862661227399851506503677119661384586623759841225285653771144345770541906184539519104941031220044588169549394770200017461390905581925298086151522809307449802203222974575540394725875975613318942282656692285373790701768039928224139907689742983609684357165165999207726031406986345064845442052163822899745749684239296069717432693993739901942491195871247188184005664749711749358189216418951520160200149433995022547154839666264673997373341638110304039777393158428518507712626247597465168817985799279078817049489682086370316096799386024819658822325268598014355156955720765003481708390166105881683902246283478541686387198210006153774117634819380652754856560760129428248343878241572542393310015833579895243466921313367877058883364574352748423515890749573716052801181446322006430112943468825921624246329666064630410384494509429743447944597417917331965513429680234824216989162986922888110403595036479547167255719015893714899586466329769867381267608901755732837257069594570426559516432914529680604103749268386666419769837522988187558770229204545516092000891491348231921876364783807852083687969907794441136549243947137837719266807363736904836199774547569122203777389735879948309226539666575529237555127686677143720155491825483721165765154797239851006515373739168459231134575130110115282026413720213216893067024929417058805934015332228272598723307229845886855030050314585219679863173093240410337050191620096629216986256924869267858329592412196544210542102129258023628648316582031092474923000777805423410628148309140077284800398784877003982922834925565829079958043536914632	-2,-4,-4,3,3,3,3,3,3,3,3,3	4,-4,-4,3,3,3,3,3,3,3,3,3	ok
-1.407407	12.552553	-54.268406	0.566161	continued:5	24739664234858138982047535273920704865888201889876711837493816699690678265963591165069870505023217046633362579621148489165328977987949899797415602900085081435628786567950676391780949633448253616219680559998014214784634910618447122667639804607217055610037222276897125660535867393387520758988742191975475097134159821776175469287214857624750265388130867415580412873925910271279382629434282479656095907178473638142326186864698341018602123575843883404208311798618679388046194707946385968872279636660172423920762823771748609336176990325713506490614247467311351878471253089939596514261196666267475682898635077588364628629417296554229734815495315011752337585393015754405944996164827318009845582551593321289722257247006063686910061456841431892563940020873466746931070957111770150069590359792388197563206227771911411885143855184505614961998508226343153531223089971459935049708039359327667779120430067461929055441744031224422705223831560005091108633317128720548165517033711719448300771525660964913525817712220131912105082815080054605883136048554894173783193438041716508681297001277350562437894851607688119124032266056066591963623197071229719772200831481260746898621517899928612391918713268983151048632780119648896253765940151777173575597570025320253082336116946689981147789765900355562110523987436189411566954756946831913765892283629482126668117215787661175622538482371666841405595054624551275871666632475049764341931929868507018454948365774171910807496638367218687366613903751947086947394002612630474683257999387223688134848014104823955551645010680263372366206458226198558279883447844315148180302724249331888726196930807213187997142652942313186005148224878224024593537200103980637926868603500896185830904692094904758235554768415409124757267836161356776521732484146109863946926378105041694979170269733992817805415234240628485488200053302199364211031646323082439647263607276631895871769259044401451363766451126814443473134220489198884697731101960802990910300139680959518854832128513597114746389737973151315057975842081443516593123962467786526070102139874765749035637088432614260030772344792316488840415153698481155126035457741137680097748660410763036811870095293313414540437283852893333234643562710973384060038416228190613325616933189150517789061901654152308030489428549857055082465581427407486143000730202660813809057790100346399768338483335257539245860316494779637880208922066168766414992991208014608723526	24739664234858138982047535273920704865888201889876711837493816699690678265963591165069870505023217046633362579621148489165328977987949899797415602900085081435628786567950676391780949633448253616219680559998014214784634910618447122667639804607217055610037222276897125660535867393387520758988742191975881454668757766456386039099618304136651166884285837894817315224103333988986022139294086321685154999346340705988103078279492809641656432950215478117816222205266648568411397418925046010008480574710698821954765024242012324702958840527170691397468834926110714722062344576291849261675828451121993701604115701508243628541371186781104664750453506678450990658685568877319368724842489366294600223726679557182485111500144011805314426535016123806594563159834704421627591278254098145543334614838595418659350735064119136615550909153916789982856517125346862661227399851506503677119661384586623759841225285653771144345770541906184539519104941031220044588169549394770200017461390905581925298086151522809307449802203222974575540394725875975613318942282656692285373790701768039928224139907689742983609684357165165999207726031406986345064845442052163822899745749684239296069717432693993739901942491195871247188184005664749711749358189216418951520160200149433995022547154839666264673997373341638110304039777393158428518507712626247597465168817985799279078817049489682086370316096799386024819658822325268598014355156955720765003481708390166105881683902246283478541686387198210006153774117634819380652754856560760129428248343878241572542393310015833579895243466921313367877058883364574352748423515890749573716052801181446322006430112943468825921624246329666064630410384494509429743447944597417917331965513429680234824216989162986922888110403595036479547167255719015893714899586466329769867381267608901755732837257069594570426559516432914529680604103749268386666419769837522988187558770229204545516092000891491348231921876364783807852083687969907794441136549243947137837719266807363736904836199774547569122203777389735879948309226539666575529237555127686677143720155491825483721165765154797239851006515373739168459231134575130110115282026413720213216893067024929417058805934015332228272598723307229845886855030050314585219679863173093240410337050191620096629216986256924869267858329592412196544210542102129258023628648316582031092474923000777805423410628148309140077284800398784877003982922834925565829079958043536914632	1,3,3,3,3,3,3,3,3,3,3,3	4,-4,-4,3,3,3,3,3,3,3,3,3	ok
-1.403403	12.552553	-55.499206	0.567410	continued:5	24739664234858138982047535273920704865888201889876711837493816699690678265963591165069870505023217046633362579621148489165328977987949899797415602900085081435628786567950676391780949633448253616219680559998014214784634910618447122667639804607217055610037222276897125660535867393387520758988742191975475097134159821776175469287214857624750265388130867415580412873925910271279382629434282479656095907178473638142326186864698341018602123575843883404208311798618679388046194707946385968872279636660172423920762823771748609336176990325713506490614247467311351878471253089939596514261196666267475682898635077588364628629417296554229734815495315011752337585393015754405944996164827318009845582551593321289722257247006063686910061456841431892563940020873466746931070957111770150069590359792388197563206227771911411885143855184505614961998508226343153531223089971459935049708039359327667779120430067461929055441744031224422705223831560005091108633317128720548165517033711719448300771525660964913525817712220131912105082815080054605883136048554894173783193438041716508681297001277350562437894851607688119124032266056066591963623197071229719772200831481260746898621517899928612391918713268983151048632780119662964562615224955272082232516573860219624391388797525158568803965619851582959715126493444163214025385010484222679075733538541254336938677519858320577213126261082222107876703634988014443799459723042466865939807313462170098621510273802110074477200727790710189239796434724232268265168771327876208855251384560129805973155186008944787466690145813994448741828958685398242399644411740283504376021102246139806369606510408492840549451469396517122961183841277506170313763723572234427437236681374721304794358903114096136891133303545792185964095132388517154996467307401461623006192877589030302012077625091035466697406080506762771704815522350350242449968214220019584208434318914148100359158909679143753029398694920492804349553854965529569693457265246243878651194015319923783237068738696511787191450682232621481336789660422996610379069409921474899407696853444936065024933934485679589861499939814189140782388654260075696454421684651979624554066992826512688381456690865842009375581685321384904219623644446996167623623702794595196333711331969000714989476935040045706939151824415849649248600765204089570503279736809339261698814688659615461932316553762144963996566198596914621200952058301145179750011252431412752172391	24739664234858138982047535273920704865888201889876711837493816699690678265963591165069870505023217046633362579621148489165328977987949899797415602900085081435628786567950676391780949633448253616219680559998014214784634910618447122667639804607217055610037222276897125660535867393387520758988742191975881454668757766456386039099618304136651166884285837894817315224103333988986022139294086321685154999346340705988103078279492809641656432950215478117816222205266648568411397418925046010008480574710698821954765024242012324702958840527170691397468834926110714722062344576291849261675828451121993701604115701508243628541371186781104664750453506678450990658685568877319368724842489366294600223726679557182485111500144011805314426535016123806594563159834704421627591278254098145543334614838595418659350735064119136615550909153916789982856517125346862661227399851506503677119661384586623759841225285653771144345770541906184539519104941031220044588169549394770200017461390905581925298086151522809307449802203222974575540394725875975613318942282656692285373790701768039928224139907689742983609684357165165999207726031406986345064845442052163822899745749684239296069717432693993739901942491195871247188184005664749711749358189216418951520160200149433995022547154839666264673997373341638110304039777393158428518507712626247597465168817985799279078817049489682086370316096799386024819658822325268598014355156955720765003481708390166105881683902246283478541686387198210006153774117634819380652754856560760129428248343878241572542393310015833579895243466921313367877058883364574352748423515890749573716052801181446322006430112943468825921624246329666064630410384494509429743447944597417917331965513429680234824216989162986922888110403595036479547167255719015893714899586466329769867381267608901755732837257069594570426559516432914529680604103749268386666419769837522988187558770229204545516092000891491348231921876364783807852083687969907794441136549243947137837719266807363736904836199774547569122203777389735879948309226539666575529237555127686677143720155491825483721165765154797239851006515373739168459231134575130110115282026413720213216893067024929417058805934015332228272598723307229845886855030050314585219679863173093240410337050191620096629216986256924869267858329592412196544210542102129258023628648316582031092474923000777805423410628148309140077284800398784877003982922834925565829079958043536914632	2,3,3,3,3,3,3,3,3,3,3,3	4,-4,-4,3,3,3,3,3,3,3,3,3	ok
-1.399399	12.552553	-56.338105	0.570204	full	24739664234858138982047535273920704865888201889876711837493816699690678265963591165069870505023217046633362579621148489165328977987949899797415602900085081435628786567950676391780949633448253616219680559998014214784634910618447122667639804607217055610037222276897125660535867393387520758988742191975475097134159821776175469287214857624750265388130867415580412873925910271279382629434282479656095907178473638142326186864698341018602123575843883404208311798618679388046194707946385968872279636660172423920762823771748609336176990325713506490614247467311351878471253089939596514261196666267475682898635077588364628629417296554229734815495315011752337585393015754405944996164827318009845582551593321289722257247006063686910061456841431892563940020873466746931070957111770150069590359792388197563206227771911411885143855184505614961998508226343153531223089971459935049708039359327667779120430067461929055441744031224422705223831560005091108633317128720548165517033711719448300771525660964913525817712220131912105082815080054605883136048554894173783193438041716508681297001277350562437894851607688119124032266056066591963623197071229719772200831481260746898621517899928612391918713268983151048632780119655930408190582553524627904057071942769938736862457235924274975877692875969260912825240440176312796169883715527296420812911085368231803397367822990876417832371726944474641149344806282859835563177758758315140869621665338558538229319788140992642348683078964438303205169238089677606281386970253341769254691973676747054001600056884371509167578247128910554017708455798400339763929792299326278161913247735847547901720607853014273297061169415154483166033077865097453650461838107532682052642437808745312631797604500447563344035980600655360681484274936965759099895773785743476559627847035998495623947412514142251410657373695628596507787826274803330499930271551011927848963095389998115464084361772602196582573023653623911344037727364227195594183603523434780747077500441651045950433605054450968920210102886398197382751252220063486096686194630712738899496659850907030285511459146924946136142303252814811401903979278425790228571196558652325907826618637862596663393079577711958009484587139118727133603578984775841831059511392904829664132579075616389269418347099007484820626482853352165533173315748528323140233506000037753936239379980930850327518548701251621213257545847129540580490183656973082502121819713680447958	24739664234858138982047535273920704865888201889876711837493816699690678265963591165069870505023217046633362579621148489165328977987949899797415602900085081435628786567950676391780949633448253616219680559998014214784634910618447122667639804607217055610037222276897125660535867393387520758988742191975881454668757766456386039099618304136651166884285837894817315224103333988986022139294086321685154999346340705988103078279492809641656432950215478117816222205266648568411397418925046010008480574710698821954765024242012324702958840527170691397468834926110714722062344576291849261675828451121993701604115701508243628541371186781104664750453506678450990658685568877319368724842489366294600223726679557182485111500144011805314426535016123806594563159834704421627591278254098145543334614838595418659350735064119136615550909153916789982856517125346862661227399851506503677119661384586623759841225285653771144345770541906184539519104941031220044588169549394770200017461390905581925298086151522809307449802203222974575540394725875975613318942282656692285373790701768039928224139907689742983609684357165165999207726031406986345064845442052163822899745749684239296069717432693993739901942491195871247188184005664749711749358189216418951520160200149433995022547154839666264673997373341638110304039777393158428518507712626247597465168817985799279078817049489682086370316096799386024819658822325268598014355156955720765003481708390166105881683902246283478541686387198210006153774117634819380652754856560760129428248343878241572542393310015833579895243466921313367877058883364574352748423515890749573716052801181446322006430112943468825921624246329666064630410384494509429743447944597417917331965513429680234824216989162986922888110403595036479547167255719015893714899586466329769867381267608901755732837257069594570426559516432914529680604103749268386666419769837522988187558770229204545516092000891491348231921876364783807852083687969907794441136549243947137837719266807363736904836199774547569122203777389735879948309226539666575529237555127686677143720155491825483721165765154797239851006515373739168459231134575130110115282026413720213216893067024929417058805934015332228272598723307229845886855030050314585219679863173093240410337050191620096629216986256924869267858329592412196544210542102129258023628648316582031092474923000777805423410628148309140077284800398784877003982922834925565829079958043536914632	-2,3,3,3,3,3,3,3,3,3,3,3	4,-4,-4,3,3,3,3,3,3,3,3,3	ok
-1.395395	12.552553	-45.852523	0.558680	continued:5	24739664234858138982047535273920704865888201889876711837493816699690678265963591165069870505023217046633362579621148489165328977987949899797415602900486143006268665268678106964453841999524106595607605727243377372487650564782802452333008206763043514220470865892407412103036806892083064510289504814600080741268157165354063032161189525829409088498985531970815025159686244986955270210405434697787650037103444327391942508501376229453985083037857645944890272090078718974473418025044221755928344004123983175888817859152476099625581493080234216246769749121423440316080188755726314866454849365625903310727411962210265060239147673443344215878137030132192806617845508521429134953442005172595687239288806640105913992832181188271002687607995224248543333026219927493239086602157995778446585721011574420179073238618804110120164359864009422453308161100362518741977810549869001591965741855811340851965796864669769309938280536893230248984085900380693657531507520663457858253997875508959903776272993901756549954431436631827613577026154262262745869742433942174619397247389317330840056156398455179653516874026488205839386685172939856955291059529251622792608475702297701480330647337063298624177487084690036125279368730094414104490840963362719056947916003186536185315975271852465657950857385908838232643266028737335411066756675267334991455385987826634997264390276668153024750019665530897903532213725629232324655478525428927404916876681618621394986147249416816169415741619018775698815792395323860320212993858528856378516390243777203718500122711111208599070955157214336437191686555907484805138066609504085909947175360518453526693705890549130842794700872463289376311457093187636969589780217719522120433593893407277768895690655478498452787380780473502460463001759213467601700278805603285554163034924205092130688723527497435211292254437353097554589581424986916527558286705255225721771701079702586790849482477952449976672814407982061382325477072685113998273598577575183448063077983069570718711507610352638604037725215943935889672903608154957607996151351877632905049390712835139427795812426255052076641871158894119615353028714798473694209504489583285561757196612165011778965930104047361517443067168986238217919825047258185521756752674794207588288308802008215331604645384457220337041482431409623460023743256851446720771804723848915701265010733847568100068781245864502134765059159534090537228001206588075177592873639041674588397	24739664234858138982047535273920704865888201889876711837493816699690678265963591165069870505023217046633362579621148489165328977987949899797415602900085081435628786567950676391780949633448253616219680559998014214784634910618447122667639804607217055610037222276897125660535867393387520758988742191975881454668757766456386039099618304136651166884285837894817315224103333988986022139294086321685154999346340705988103078279492809641656432950215478117816222205266648568411397418925046010008480574710698821954765024242012324702958840527170691397468834926110714722062344576291849261675828451121993701604115701508243628541371186781104664750453506678450990658685568877319368724842489366294600223726679557182485111500144011805314426535016123806594563159834704421627591278254098145543334614838595418659350735064119136615550909153916789982856517125346862661227399851506503677119661384586623759841225285653771144345770541906184539519104941031220044588169549394770200017461390905581925298086151522809307449802203222974575540394725875975613318942282656692285373790701768039928224139907689742983609684357165165999207726031406986345064845442052163822899745749684239296069717432693993739901942491195871247188184005664749711749358189216418951520160200149433995022547154839666264673997373341638110304039777393158428518507712626247597465168817985799279078817049489682086370316096799386024819658822325268598014355156955720765003481708390166105881683902246283478541686387198210006153774117634819380652754856560760129428248343878241572542393310015833579895243466921313367877058883364574352748423515890749573716052801181446322006430112943468825921624246329666064630410384494509429743447944597417917331965513429680234824216989162986922888110403595036479547167255719015893714899586466329769867381267608901755732837257069594570426559516432914529680604103749268386666419769837522988187558770229204545516092000891491348231921876364783807852083687969907794441136549243947137837719266807363736904836199774547569122203777389735879948309226539666575529237555127686677143720155491825483721165765154797239851006515373739168459231134575130110115282026413720213216893067024929417058805934015332228272598723307229845886855030050314585219679863173093240410337050191620096629216986256924869267858329592412196544210542102129258023628648316582031092474923000777805423410628148309140077284800398784877003982922834925565829079958043536914632	-2,4,-4,-4,3,3,3,3,3,3,3,3	4,-4,-4,3,3,3,3,3,3,3,3,3	ok
-1.391391	12.552553	-49.655359	0.561473	continued:5	24739664234858138982047535273920704865888201889876711837493816699690678265963591165069870505023217046633362579621148489165328977987949899797415602900486143006268665268678106964453841999524106595607605727243377372487650564782802452333008206763043514220470865892407412103036806892083064510289504814600080741268157165354063032161189525829409088498985531970815025159686244986955270210405434697787650037103444327391942508501376229453985083037857645944890272090078718974473418025044221755928344004123983175888817859152476099625581493080234216246769749121423440316080188755726314866454849365625903310727411962210265060239147673443344215878137030132192806617845508521429134953442005172595687239288806640105913992832181188271002687607995224248543333026219927493239086602157995778446585721011574420179073238618804110120164359864009422453308161100362518741977810549869001591965741855811340851965796864669769309938280536893230248984085900380693657531507520663457858253997875508959903776272993901756549954431436631827613577026154262262745869742433942174619397247389317330840056156398455179653516874026488205839386685172939856955291059529251622792608475702297701480330647337063298624177487084690036125279368730101448258915483365110173385407417920636221839842315561086759486038784361522537034944519032724236640281883443962717646376013443712740132544542311997853877060224903050146221842124955462938994548547015254842366862969772351969135980479196252745878716667201229894612278259714552319069555116649261020550725782563767583860522800253299814600257916073376259719211914086146401022074733318780956471958391573244140500968597655844597905012307886657283258023354179008293372779147192245694513968198042260136461079186134008835719502741154471764172355748524918137135478937809573241771354223764495531845056178203401957329228135416056846353322503433411871648770707155078567326768748644527576663868326718425167931014823483053400894886374358223189255489954152957822880363732913509563279976253081865954517050487264200500340459366174035669634562555138687908111161501627651814898108784426840587468548759872313162867084002931931520470595868256163001213228503291911569628612864100985335104617240068087412100727776133857303427066326379576643154954665381101338819671911768419685932366983943698441089982809623348544646402014190630291844780109700743266189214735631530483648442218375470128783197335024292728165049931343592907542221	24739664234858138982047535273920704865888201889876711837493816699690678265963591165069870505023217046633362579621148489165328977987949899797415602900085081435628786567950676391780949633448253616219680559998014214784634910618447122667639804607217055610037222276897125660535867393387520758988742191975881454668757766456386039099618304136651166884285837894817315224103333988986022139294086321685154999346340705988103078279492809641656432950215478117816222205266648568411397418925046010008480574710698821954765024242012324702958840527170691397468834926110714722062344576291849261675828451121993701604115701508243628541371186781104664750453506678450990658685568877319368724842489366294600223726679557182485111500144011805314426535016123806594563159834704421627591278254098145543334614838595418659350735064119136615550909153916789982856517125346862661227399851506503677119661384586623759841225285653771144345770541906184539519104941031220044588169549394770200017461390905581925298086151522809307449802203222974575540394725875975613318942282656692285373790701768039928224139907689742983609684357165165999207726031406986345064845442052163822899745749684239296069717432693993739901942491195871247188184005664749711749358189216418951520160200149433995022547154839666264673997373341638110304039777393158428518507712626247597465168817985799279078817049489682086370316096799386024819658822325268598014355156955720765003481708390166105881683902246283478541686387198210006153774117634819380652754856560760129428248343878241572542393310015833579895243466921313367877058883364574352748423515890749573716052801181446322006430112943468825921624246329666064630410384494509429743447944597417917331965513429680234824216989162986922888110403595036479547167255719015893714899586466329769867381267608901755732837257069594570426559516432914529680604103749268386666419769837522988187558770229204545516092000891491348231921876364783807852083687969907794441136549243947137837719266807363736904836199774547569122203777389735879948309226539666575529237555127686677143720155491825483721165765154797239851006515373739168459231134575130110115282026413720213216893067024929417058805934015332228272598723307229845886855030050314585219679863173093240410337050191620096629216986256924869267858329592412196544210542102129258023628648316582031092474923000777805423410628148309140077284800398784877003982922834925565829079958043536914632	2,4,-4,-4,3,3,3,3,3,3,3,3	4,-4,-4,3,3,3,3,3,3,3,3,3	ok
-1.387387	12.552553	-52.341334	0.558680	continued:5	24739664234858138982047535273920704865888201889876711837493816699690678265963591165069870505023217046633362579621148489165328977987949899797415602900486143006268665268678106964453841999524106595607605727243377372487650564782802452333008206763043514220470865892407412103036806892083064510289504814600080741268157165354063032161189525829409088498985531970815025159686244986955270210405434697787650037103444327391942508501376229453985083037857645944890272090078718974473418025044221755928344004123983175888817859152476099625581493080234216246769749121423440316080188755726314866454849365625903310727411127889898194381660787032015151698715736677481139420851742750719529547539689342907032684848982153429642503545479758778195831115174999007304520947563003595490867019874169994914300124258307833187901988179428014704959954258008163520937529812950909650540738739709363910934624816250948310905870516490152323845654698835235607375139145151252300518952681249670519366224367191080941950960612430590599784107574388270912656395965864142364667984575546882550050402798003370469155776659862256338059002106715868920421959433223756311341506694462249246973686264750035944554027554964157670321252914659435234646443493677683597745405971141225539474137172699883423005413138177182630992270091780616069575556620632114862474028755630107263022823486452810582479861484178386084401732841472850038162089857730565405969047435643920136439634336604016728923871833481559806979683137755206220799504109663331208514413464430418551053706989442470258202310367381155045766426374273253898576206837490031074086028221393484536720474016085653508931383903513694137058764136569652465772117298842821928522143333156039359822831589477971662862806772542865053653268812787194981044774561432027631927740266279297127218941745071346551870491710228931443732125082669073300133305333557226381450558628803418742838780575592664663498499732751742981131906329221811915572836440111786562018495581399857715929689574591275483205964204612337157102215690145590491757373012687396302905949244185968504318632423096835739322206969511655795900949956880726578854591280830716907776049686818330424314656174016109138495605656679904045914457526289307375818001406305017117144535218152699191238593044812519708769054010738927750601064808233841054319348937955463320904378159806803983217193136649028784818187695263085809235629577995855098293430968673291470193274242954506200738	24739664234858138982047535273920704865888201889876711837493816699690678265963591165069870505023217046633362579621148489165328977987949899797415602900085081435628786567950676391780949633448253616219680559998014214784634910618447122667639804607217055610037222276897125660535867393387520758988742191975881454668757766456386039099618304136651166884285837894817315224103333988986022139294086321685154999346340705988103078279492809641656432950215478117816222205266648568411397418925046010008480574710698821954765024242012324702958840527170691397468834926110714722062344576291849261675828451121993701604115701508243628541371186781104664750453506678450990658685568877319368724842489366294600223726679557182485111500144011805314426535016123806594563159834704421627591278254098145543334614838595418659350735064119136615550909153916789982856517125346862661227399851506503677119661384586623759841225285653771144345770541906184539519104941031220044588169549394770200017461390905581925298086151522809307449802203222974575540394725875975613318942282656692285373790701768039928224139907689742983609684357165165999207726031406986345064845442052163822899745749684239296069717432693993739901942491195871247188184005664749711749358189216418951520160200149433995022547154839666264673997373341638110304039777393158428518507712626247597465168817985799279078817049489682086370316096799386024819658822325268598014355156955720765003481708390166105881683902246283478541686387198210006153774117634819380652754856560760129428248343878241572542393310015833579895243466921313367877058883364574352748423515890749573716052801181446322006430112943468825921624246329666064630410384494509429743447944597417917331965513429680234824216989162986922888110403595036479547167255719015893714899586466329769867381267608901755732837257069594570426559516432914529680604103749268386666419769837522988187558770229204545516092000891491348231921876364783807852083687969907794441136549243947137837719266807363736904836199774547569122203777389735879948309226539666575529237555127686677143720155491825483721165765154797239851006515373739168459231134575130110115282026413720213216893067024929417058805934015332228272598723307229845886855030050314585219679863173093240410337050191620096629216986256924869267858329592412196544210542102129258023628648316582031092474923000777805423410628148309140077284800398784877003982922834925565829079958043536914632	-2,-4,-4,-4,3,3,3,3,3,3,3,3	4,-4,-4,3,3,3,3,3,3,3,3,3	ok
-1.383383	12.552553	-54.291811	0.561473	continued:5	24739664234858138982047535273920704865888201889876711837493816699690678265963591165069870505023217046633362579621148489165328977987949899797415602900085081435628786567950676391780949633448253616219680559998014214784634910618447122667639804607217055610037222276897125660535867393387520758988742191975475097134159821776175469287214857624750265388130867415580412873925910271279382629434282479656095907178473638142326186864698341018602123575843883404208311798618679388046194707946385968872279636660172423920762823771748609336176990325713506490614247467311351878471253089939596514261196666267475682898635077588364628629417296554229734815495315011752337585393015754405944996164827318009845582551593321289722257247006063686910061456841431892563940020873466746931070957111770150069590359792388197563206227771911411885143855184505614961998508226343153531223089971459935049708039359327667779120430067461929055441744031224422705223831560005091108633317128720548165517033711719448300771525660964913525817712220131912105082815080054605883136048554894173783193438041716508681297001277350562437894851607688119124032266056066591963623197071229719772200831481260746898621517899928612391918713268983151048632780119655930408190582553524627904057071942769938736862457235924274975877692875969260912825240440176312796169883715527296420812911085368231803397367822990876417832371726944474641149344806282859835563177758758315140869621665338558538229319788140992642348683078964438303205169238089677606281386970253341769254691973676747054001600056884371509167578247128910554017708455798400339763929792299326278161913247735847547901720607853014273297061169415154483166033077865097453650461838107532682052642437808745312631797604500447563344035980600655360681484274936965759099895773785743476559627847035998495623947412514142251410657373695628596507787826274803330499930271551011927848963095389998115464084361772602196582573023653623911344037727364227195594183603523434780747077500441651045950433605054450968920210102886398197382751252220063486096686194630712738899496659850907030285511459146924946136142303252814811401903979278425790228571196558652325907826618637862596663393079577711958009484587139118727133603578984775841831059511392904829664132579075616389269418347099007484820626482853352165533173315748528323140233506000037753936239379980930850327518548701251621213257545847129540580490183656973082502121819713680447958	24739664234858138982047535273920704865888201889876711837493816699690678265963591165069870505023217046633362579621148489165328977987949899797415602900085081435628786567950676391780949633448253616219680559998014214784634910618447122667639804607217055610037222276897125660535867393387520758988742191975881454668757766456386039099618304136651166884285837894817315224103333988986022139294086321685154999346340705988103078279492809641656432950215478117816222205266648568411397418925046010008480574710698821954765024242012324702958840527170691397468834926110714722062344576291849261675828451121993701604115701508243628541371186781104664750453506678450990658685568877319368724842489366294600223726679557182485111500144011805314426535016123806594563159834704421627591278254098145543334614838595418659350735064119136615550909153916789982856517125346862661227399851506503677119661384586623759841225285653771144345770541906184539519104941031220044588169549394770200017461390905581925298086151522809307449802203222974575540394725875975613318942282656692285373790701768039928224139907689742983609684357165165999207726031406986345064845442052163822899745749684239296069717432693993739901942491195871247188184005664749711749358189216418951520160200149433995022547154839666264673997373341638110304039777393158428518507712626247597465168817985799279078817049489682086370316096799386024819658822325268598014355156955720765003481708390166105881683902246283478541686387198210006153774117634819380652754856560760129428248343878241572542393310015833579895243466921313367877058883364574352748423515890749573716052801181446322006430112943468825921624246329666064630410384494509429743447944597417917331965513429680234824216989162986922888110403595036479547167255719015893714899586466329769867381267608901755732837257069594570426559516432914529680604103749268386666419769837522988187558770229204545516092000891491348231921876364783807852083687969907794441136549243947137837719266807363736904836199774547569122203777389735879948309226539666575529237555127686677143720155491825483721165765154797239851006515373739168459231134575130110115282026413720213216893067024929417058805934015332228272598723307229845886855030050314585219679863173093240410337050191620096629216986256924869267858329592412196544210542102129258023628648316582031092474923000777805423410628148309140077284800398784877003982922834925565829079958043536914632	-2,3,3,3,3,3,3,3,3,3,3,3	4,-4,-4,3,3,3,3,3,3,3,3,3	ok
-1.379379	12.552553	-55.535306	0.564267	continued:5	24739664234858138982047535273920704865888201889876711837493816699690678265963591165069870505023217046633362579621148489165328977987949899797415602900085081435628786567950676391780949633448253616219680559998014214784634910618447122667639804607217055610037222276897125660535867393387520758988742191975475097134159821776175469287214857624750265388130867415580412873925910271279382629434282479656095907178473638142326186864698341018602123575843883404208311798618679388046194707946385968872279636660172423920762823771748609336176990325713506490614247467311351878471253089939596514261196666267475682898635077588364628629417296554229734815495315011752337585393015754405944996164827318009845582551593321289722257247006063686910061456841431892563940020873466746931070957111770150069590359792388197563206227771911411885143855184505614961998508226343153531223089971459935049708039359327667779120430067461929055441744031224422705223831560005091108633317128720548165517033711719448300771525660964913525817712220131912105082815080054605883136048554894173783193438041716508681297001277350562437894851607688119124032266056066591963623197071229719772200831481260746898621517899928612391918713268983151048632780119662964562615224955272082232516573860219624391388797525158568803965619851582959715126493444163214025385010484222679075733538541254336938677519858320577213126261082222107876703634988014443799459723042466865939807313462170098621510273802110074477200727790710189239796434724232268265168771327876208855251384560129805973155186008944787466690145813994448741828958685398242399644411740283504376021102246139806369606510408492840549451469396517122961183841277506170313763723572234427437236681374721304794358903114096136891133303545792185964095132388517154996467307401461623006192877589030302012077625091035466697406080506762771704815522350350242449968214220019584208434318914148100359158909679143753029398694920492804349553854965529569693457265246243878651194015319923783237068738696511787191450682232621481336789660422996610379069409921474899407696853444936065024933934485679589861499939814189140782388654260075696454421684651979624554066992826512688381456690865842009375581685321384904219623644446996167623623702794595196333711331969000714989476935040045706939151824415849649248600765204089570503279736809339261698814688659615461932316553762144963996566198596914621200952058301145179750011252431412752172391	24739664234858138982047535273920704865888201889876711837493816699690678265963591165069870505023217046633362579621148489165328977987949899797415602900085081435628786567950676391780949633448253616219680559998014214784634910618447122667639804607217055610037222276897125660535867393387520758988742191975881454668757766456386039099618304136651166884285837894817315224103333988986022139294086321685154999346340705988103078279492809641656432950215478117816222205266648568411397418925046010008480574710698821954765024242012324702958840527170691397468834926110714722062344576291849261675828451121993701604115701508243628541371186781104664750453506678450990658685568877319368724842489366294600223726679557182485111500144011805314426535016123806594563159834704421627591278254098145543334614838595418659350735064119136615550909153916789982856517125346862661227399851506503677119661384586623759841225285653771144345770541906184539519104941031220044588169549394770200017461390905581925298086151522809307449802203222974575540394725875975613318942282656692285373790701768039928224139907689742983609684357165165999207726031406986345064845442052163822899745749684239296069717432693993739901942491195871247188184005664749711749358189216418951520160200149433995022547154839666264673997373341638110304039777393158428518507712626247597465168817985799279078817049489682086370316096799386024819658822325268598014355156955720765003481708390166105881683902246283478541686387198210006153774117634819380652754856560760129428248343878241572542393310015833579895243466921313367877058883364574352748423515890749573716052801181446322006430112943468825921624246329666064630410384494509429743447944597417917331965513429680234824216989162986922888110403595036479547167255719015893714899586466329769867381267608901755732837257069594570426559516432914529680604103749268386666419769837522988187558770229204545516092000891491348231921876364783807852083687969907794441136549243947137837719266807363736904836199774547569122203777389735879948309226539666575529237555127686677143720155491825483721165765154797239851006515373739168459231134575130110115282026413720213216893067024929417058805934015332228272598723307229845886855030050314585219679863173093240410337050191620096629216986256924869267858329592412196544210542102129258023628648316582031092474923000777805423410628148309140077284800398784877003982922834925565829079958043536914632	2,3,3,3,3,3,3,3,3,3,3,3	4,-4,-4,3,3,3,3,3,3,3,3,3	ok
-1.375375	12.552553	-56.369637	0.567060	full	24739664234858138982047535273920704865888201889876711837493816699690678265963591165069870505023217046633362579621148489165328977987949899797415602900085081435628786567950676391780949633448253616219680559998014214784634910618447122667639804607217055610037222276897125660535867393387520758988742191975475097134159821776175469287214857624750265388130867415580412873925910271279382629434282479656095907178473638142326186864698341018602123575843883404208311798618679388046194707946385968872279636660172423920762823771748609336176990325713506490614247467311351878471253089939596514261196666267475682898635077588364628629417296554229734815495315011752337585393015754405944996164827318009845582551593321289722257247006063686910061456841431892563940020873466746931070957111770150069590359792388197563206227771911411885143855184505614961998508226343153531223089971459935049708039359327667779120430067461929055441744031224422705223831560005091108633317128720548165517033711719448300771525660964913525817712220131912105082815080054605883136048554894173783193438041716508681297001277350562437894851607688119124032266056066591963623197071229719772200831481260746898621517899928612391918713268983151048632780119655930408190582553524627904057071942769938736862457235924274975877692875969260912825240440176312796169883715527296420812911085368231803397367822990876417832371726944474641149344806282859835563177758758315140869621665338558538229319788140992642348683078964438303205169238089677606281386970253341769254691973676747054001600056884371509167578247128910554017708455798400339763929792299326278161913247735847547901720607853014273297061169415154483166033077865097453650461838107532682052642437808745312631797604500447563344035980600655360681484274936965759099895773785743476559627847035998495623947412514142251410657373695628596507787826274803330499930271551011927848963095389998115464084361772602196582573023653623911344037727364227195594183603523434780747077500441651045950433605054450968920210102886398197382751252220063486096686194630712738899496659850907030285511459146924946136142303252814811401903979278425790228571196558652325907826618637862596663393079577711958009484587139118727133603578984775841831059511392904829664132579075616389269418347099007484820626482853352165533173315748528323140233506000037753936239379980930850327518548701251621213257545847129540580490183656973082502121819713680447958	24739664234858138982047535273920704865888201889876711837493816699690678265963591165069870505023217046633362579621148489165328977987949899797415602900085081435628786567950676391780949633448253616219680559998014214784634910618447122667639804607217055610037222276897125660535867393387520758988742191975881454668757766456386039099618304136651166884285837894817315224103333988986022139294086321685154999346340705988103078279492809641656432950215478117816222205266648568411397418925046010008480574710698821954765024242012324702958840527170691397468834926110714722062344576291849261675828451121993701604115701508243628541371186781104664750453506678450990658685568877319368724842489366294600223726679557182485111500144011805314426535016123806594563159834704421627591278254098145543334614838595418659350735064119136615550909153916789982856517125346862661227399851506503677119661384586623759841225285653771144345770541906184539519104941031220044588169549394770200017461390905581925298086151522809307449802203222974575540394725875975613318942282656692285373790701768039928224139907689742983609684357165165999207726031406986345064845442052163822899745749684239296069717432693993739901942491195871247188184005664749711749358189216418951520160200149433995022547154839666264673997373341638110304039777393158428518507712626247597465168817985799279078817049489682086370316096799386024819658822325268598014355156955720765003481708390166105881683902246283478541686387198210006153774117634819380652754856560760129428248343878241572542393310015833579895243466921313367877058883364574352748423515890749573716052801181446322006430112943468825921624246329666064630410384494509429743447944597417917331965513429680234824216989162986922888110403595036479547167255719015893714899586466329769867381267608901755732837257069594570426559516432914529680604103749268386666419769837522988187558770229204545516092000891491348231921876364783807852083687969907794441136549243947137837719266807363736904836199774547569122203777389735879948309226539666575529237555127686677143720155491825483721165765154797239851006515373739168459231134575130110115282026413720213216893067024929417058805934015332228272598723307229845886855030050314585219679863173093240410337050191620096629216986256924869267858329592412196544210542102129258023628648316582031092474923000777805423410628148309140077284800398784877003982922834925565829079958043536914632	-2,3,3,3,3,3,3,3,3,3,3,3	4,-4,-4,3,3,3,3,3,3,3,3,3	ok
-1.371371	12.552553	-45.908809	0.555533	continued:5	24739664234858138982047535273920704865888201889876711837493816699690678266527069749440504790571412139398611409270908450362730376250155074764676347344069888126517298474570859817860608502873391373146285427510315747585633769201540786967750755426439244909325087395028128868044225308262789884128060956514754247517702306425810931411575896427989859706075064718218471893517140662118299639008577497356111854595428210166315807732026393320608795249168317651695729421548767897306733768613302513900313747234910216702628396343057972743120228768071687743367812170271420131539175277064250947772621001186024499362164170113969037248276327644674423496719281068224647688689343687707265802860245639651607134326359641136324726585371262331364916625440921082380001792334509530862900701385682064100476033324289461171828023477494502451890058053706879749446830279215332206384905322345331554956873043720142257549509061263656508818618752241259600679674848847524613277440716293223210481620721238376094141656723446188028021149687164815920155927512079209571023792623637758171695631301409761954681699511155458453188936526605094181737900601141376338772559054179777941237701136271611441712313440501780354334800184683076010868292580549849432953935533514639234526760914327125958779780711305755657210674232131002896934988015937154739467308130740924925543086665900124007181100744548225721958635005785735890739273986409594513769183536994333033978580586609787823252070567466980639882831334262196317172005526784097926655665593656720859677739479070382099308840124083825450855172988957414095077614549916975812235847316348707184008309141066723864278210348184304579994577156409606743906911119211367425415372554960002213531434317801357071774026980391283845621651235678005248496006146971164673973220426438179650702401332400719620901188873469431700062547660826989665568094105530304615170107797975340995377745980478127306895362802829942985334217498538705130622200946630077026982608440838461810803320050035082056405667772183412837260069649257195664815733754904564434808608505331214029212127763198001826500125229710075595949417770391792604715726324351842688290052467256072787501125604768368278423100681768693325682659220921728783810179347685021331561446812929187462182412684464169018328810486981849544249554631357295210220349275287261826752991755439097286396750442097062982340190141479619148098611280450065265414328154322008231067184478529568000588	24739664234858138982047535273920704865888201889876711837493816699690678265963591165069870505023217046633362579621148489165328977987949899797415602900085081435628786567950676391780949633448253616219680559998014214784634910618447122667639804607217055610037222276897125660535867393387520758988742191975881454668757766456386039099618304136651166884285837894817315224103333988986022139294086321685154999346340705988103078279492809641656432950215478117816222205266648568411397418925046010008480574710698821954765024242012324702958840527170691397468834926110714722062344576291849261675828451121993701604115701508243628541371186781104664750453506678450990658685568877319368724842489366294600223726679557182485111500144011805314426535016123806594563159834704421627591278254098145543334614838595418659350735064119136615550909153916789982856517125346862661227399851506503677119661384586623759841225285653771144345770541906184539519104941031220044588169549394770200017461390905581925298086151522809307449802203222974575540394725875975613318942282656692285373790701768039928224139907689742983609684357165165999207726031406986345064845442052163822899745749684239296069717432693993739901942491195871247188184005664749711749358189216418951520160200149433995022547154839666264673997373341638110304039777393158428518507712626247597465168817985799279078817049489682086370316096799386024819658822325268598014355156955720765003481708390166105881683902246283478541686387198210006153774117634819380652754856560760129428248343878241572542393310015833579895243466921313367877058883364574352748423515890749573716052801181446322006430112943468825921624246329666064630410384494509429743447944597417917331965513429680234824216989162986922888110403595036479547167255719015893714899586466329769867381267608901755732837257069594570426559516432914529680604103749268386666419769837522988187558770229204545516092000891491348231921876364783807852083687969907794441136549243947137837719266807363736904836199774547569122203777389735879948309226539666575529237555127686677143720155491825483721165765154797239851006515373739168459231134575130110115282026413720213216893067024929417058805934015332228272598723307229845886855030050314585219679863173093240410337050191620096629216986256924869267858329592412196544210542102129258023628648316582031092474923000777805423410628148309140077284800398784877003982922834925565829079958043536914632	-2,4,-4,-4,-4,3,3,3,3,3,3,3	4,-4,-4,3,3,3,3,3,3,3,3,3	ok
-1.367367	12.552553	-49.713257	0.558326	continued:5	24739664234858138982047535273920704865888201889876711837493816699690678265963591165069870505023217046633362579621148489165328977987949899797415602900486143006268665268678106964453841999524106595607605727243377372487650564782802452333008206763043514220470865892407412103036806892083064510289504814600080741268157165354063032161189525829409088498985531970815025159686244986955270210405434697787650037103444327391942508501376229453985083037857645944890272090078718974473418025044221755928344004123983175888817859152476099625581493080234216246769749121423440316080188755726314866454849365625903310727411962210265060239147673443344215878137030132192806617845508521429134953442005172595687239288806640105913992832181188271002687607995224248543333026219927493239086602157995778446585721011574420179073238618804110120164359864009422453308161100362518741977810549869001591965741855811340851965796864669769309938280536893230248984085900380693657531507520663457858253997875508959903776272993901756549954431436631827613577026154262262745869742433942174619397247389317330840056156398455179653516874026488205839386685172939856955291059529251622792608475702297701480330647337063298624177487084690036125279368730101448258915483365110173385407417920636221839842315561086759486038784361522537034944519032724236640281883443962717646376013443712740132544542311997853877060224903050146221842124955462938994548547015254842366862969772351969135980479196252745878716667201229894612278259714552319069555116649261020550725782563767583860522800253299814600257916073376259719211914086146401022074733318780956471958391573244140500968597655844597905012307886657283258023354179008293372779147192245694513968198042260136461079186134008835719502741154471764172355748524918137135478937809573241771354223764495531845056178203401957329228135416056846353322503433411871648770707155078567326768748644527576663868326718425167931014823483053400894886374358223189255489954152957822880363732913509563279976253081865954517050487264200500340459366174035669634562555138687908111161501627651814898108784426840587468548759872313162867084002931931520470595868256163001213228503291911569628612864100985335104617240068087412100727776133857303427066326379576643154954665381101338819671911768419685932366983943698441089982809623348544646402014190630291844780109700743266189214735631530483648442218375470128783197335024292728165049931343592907542221	24739664234858138982047535273920704865888201889876711837493816699690678265963591165069870505023217046633362579621148489165328977987949899797415602900085081435628786567950676391780949633448253616219680559998014214784634910618447122667639804607217055610037222276897125660535867393387520758988742191975881454668757766456386039099618304136651166884285837894817315224103333988986022139294086321685154999346340705988103078279492809641656432950215478117816222205266648568411397418925046010008480574710698821954765024242012324702958840527170691397468834926110714722062344576291849261675828451121993701604115701508243628541371186781104664750453506678450990658685568877319368724842489366294600223726679557182485111500144011805314426535016123806594563159834704421627591278254098145543334614838595418659350735064119136615550909153916789982856517125346862661227399851506503677119661384586623759841225285653771144345770541906184539519104941031220044588169549394770200017461390905581925298086151522809307449802203222974575540394725875975613318942282656692285373790701768039928224139907689742983609684357165165999207726031406986345064845442052163822899745749684239296069717432693993739901942491195871247188184005664749711749358189216418951520160200149433995022547154839666264673997373341638110304039777393158428518507712626247597465168817985799279078817049489682086370316096799386024819658822325268598014355156955720765003481708390166105881683902246283478541686387198210006153774117634819380652754856560760129428248343878241572542393310015833579895243466921313367877058883364574352748423515890749573716052801181446322006430112943468825921624246329666064630410384494509429743447944597417917331965513429680234824216989162986922888110403595036479547167255719015893714899586466329769867381267608901755732837257069594570426559516432914529680604103749268386666419769837522988187558770229204545516092000891491348231921876364783807852083687969907794441136549243947137837719266807363736904836199774547569122203777389735879948309226539666575529237555127686677143720155491825483721165765154797239851006515373739168459231134575130110115282026413720213216893067024929417058805934015332228272598723307229845886855030050314585219679863173093240410337050191620096629216986256924869267858329592412196544210542102129258023628648316582031092474923000777805423410628148309140077284800398784877003982922834925565829079958043536914632	2,4,-4,-4,3,3,3,3,3,3,3,3	4,-4,-4,3,3,3,3,3,3,3,3,3	ok
-1.363363	12.552553	-52.395552	0.555533	continued:5	24739664234858138982047535273920704865888201889876711837493816699690678265963591165069870505023217046633362579621148489165328977987949899797415602900486143006268665268678106964453841999524106595607605727243377372487650564782802452333008206763043514220470865892407412103036806892083064510289504814600080741268157165354063032161189525829409088498985531970815025159686244986955270210405434697787650037103444327391942508501376229453985083037857645944890272090078718974473418025044221755928344004123983175888817859152476099625581493080234216246769749121423440316080188755726314866454849365625903310727411127889898194381660787032015151698715736677481139420851742750719529547539689342907032684848982153429642503545479758778195831115174999007304520947563003595490867019874169994914300124258307833187901988179428014704959954258008163520937529812950909650540738739709363910934624816250948310905870516490152323845654698835235607375139145151252300518952681249670519366224367191080941950960612430590599784107574388270912656395965864142364667984575546882550050402798003370469155776659862256338059002106715868920421959433223756311341506694462249246973686264750035944554027554964157670321252914659435234646443493677683597745405971141225539474137172699883423005413138177182630992270091780616069575556620632114862474028755630107263022823486452810582479861484178386084401732841472850038162089857730565405969047435643920136439634336604016728923871833481559806979683137755206220799504109663331208514413464430418551053706989442470258202310367381155045766426374273253898576206837490031074086028221393484536720474016085653508931383903513694137058764136569652465772117298842821928522143333156039359822831589477971662862806772542865053653268812787194981044774561432027631927740266279297127218941745071346551870491710228931443732125082669073300133305333557226381450558628803418742838780575592664663498499732751742981131906329221811915572836440111786562018495581399857715929689574591275483205964204612337157102215690145590491757373012687396302905949244185968504318632423096835739322206969511655795900949956880726578854591280830716907776049686818330424314656174016109138495605656679904045914457526289307375818001406305017117144535218152699191238593044812519708769054010738927750601064808233841054319348937955463320904378159806803983217193136649028784818187695263085809235629577995855098293430968673291470193274242954506200738	24739664234858138982047535273920704865888201889876711837493816699690678265963591165069870505023217046633362579621148489165328977987949899797415602900085081435628786567950676391780949633448253616219680559998014214784634910618447122667639804607217055610037222276897125660535867393387520758988742191975881454668757766456386039099618304136651166884285837894817315224103333988986022139294086321685154999346340705988103078279492809641656432950215478117816222205266648568411397418925046010008480574710698821954765024242012324702958840527170691397468834926110714722062344576291849261675828451121993701604115701508243628541371186781104664750453506678450990658685568877319368724842489366294600223726679557182485111500144011805314426535016123806594563159834704421627591278254098145543334614838595418659350735064119136615550909153916789982856517125346862661227399851506503677119661384586623759841225285653771144345770541906184539519104941031220044588169549394770200017461390905581925298086151522809307449802203222974575540394725875975613318942282656692285373790701768039928224139907689742983609684357165165999207726031406986345064845442052163822899745749684239296069717432693993739901942491195871247188184005664749711749358189216418951520160200149433995022547154839666264673997373341638110304039777393158428518507712626247597465168817985799279078817049489682086370316096799386024819658822325268598014355156955720765003481708390166105881683902246283478541686387198210006153774117634819380652754856560760129428248343878241572542393310015833579895243466921313367877058883364574352748423515890749573716052801181446322006430112943468825921624246329666064630410384494509429743447944597417917331965513429680234824216989162986922888110403595036479547167255719015893714899586466329769867381267608901755732837257069594570426559516432914529680604103749268386666419769837522988187558770229204545516092000891491348231921876364783807852083687969907794441136549243947137837719266807363736904836199774547569122203777389735879948309226539666575529237555127686677143720155491825483721165765154797239851006515373739168459231134575130110115282026413720213216893067024929417058805934015332228272598723307229845886855030050314585219679863173093240410337050191620096629216986256924869267858329592412196544210542102129258023628648316582031092474923000777805423410628148309140077284800398784877003982922834925565829079958043536914632	-2,-4,-4,-4,3,3,3,3,3,3,3,3	4,-4,-4,3,3,3,3,3,3,3,3,3	ok
-1.359359	12.552553	-54.337063	0.558326	continued:5	24739664234858138982047535273920704865888201889876711837493816699690678265963591165069870505023217046633362579621148489165328977987949899797415602900085081435628786567950676391780949633448253616219680559998014214784634910618447122667639804607217055610037222276897125660535867393387520758988742191975475097134159821776175469287214857624750265388130867415580412873925910271279382629434282479656095907178473638142326186864698341018602123575843883404208311798618679388046194707946385968872279636660172423920762823771748609336176990325713506490614247467311351878471253089939596514261196666267475682898635077588364628629417296554229734815495315011752337585393015754405944996164827318009845582551593321289722257247006063686910061456841431892563940020873466746931070957111770150069590359792388197563206227771911411885143855184505614961998508226343153531223089971459935049708039359327667779120430067461929055441744031224422705223831560005091108633317128720548165517033711719448300771525660964913525817712220131912105082815080054605883136048554894173783193438041716508681297001277350562437894851607688119124032266056066591963623197071229719772200831481260746898621517899928612391918713268983151048632780119655930408190582553524627904057071942769938736862457235924274975877692875969260912825240440176312796169883715527296420812911085368231803397367822990876417832371726944474641149344806282859835563177758758315140869621665338558538229319788140992642348683078964438303205169238089677606281386970253341769254691973676747054001600056884371509167578247128910554017708455798400339763929792299326278161913247735847547901720607853014273297061169415154483166033077865097453650461838107532682052642437808745312631797604500447563344035980600655360681484274936965759099895773785743476559627847035998495623947412514142251410657373695628596507787826274803330499930271551011927848963095389998115464084361772602196582573023653623911344037727364227195594183603523434780747077500441651045950433605054450968920210102886398197382751252220063486096686194630712738899496659850907030285511459146924946136142303252814811401903979278425790228571196558652325907826618637862596663393079577711958009484587139118727133603578984775841831059511392904829664132579075616389269418347099007484820626482853352165533173315748528323140233506000037753936239379980930850327518548701251621213257545847129540580490183656973082502121819713680447958	24739664234858138982047535273920704865888201889876711837493816699690678265963591165069870505023217046633362579621148489165328977987949899797415602900085081435628786567950676391780949633448253616219680559998014214784634910618447122667639804607217055610037222276897125660535867393387520758988742191975881454668757766456386039099618304136651166884285837894817315224103333988986022139294086321685154999346340705988103078279492809641656432950215478117816222205266648568411397418925046010008480574710698821954765024242012324702958840527170691397468834926110714722062344576291849261675828451121993701604115701508243628541371186781104664750453506678450990658685568877319368724842489366294600223726679557182485111500144011805314426535016123806594563159834704421627591278254098145543334614838595418659350735064119136615550909153916789982856517125346862661227399851506503677119661384586623759841225285653771144345770541906184539519104941031220044588169549394770200017461390905581925298086151522809307449802203222974575540394725875975613318942282656692285373790701768039928224139907689742983609684357165165999207726031406986345064845442052163822899745749684239296069717432693993739901942491195871247188184005664749711749358189216418951520160200149433995022547154839666264673997373341638110304039777393158428518507712626247597465168817985799279078817049489682086370316096799386024819658822325268598014355156955720765003481708390166105881683902246283478541686387198210006153774117634819380652754856560760129428248343878241572542393310015833579895243466921313367877058883364574352748423515890749573716052801181446322006430112943468825921624246329666064630410384494509429743447944597417917331965513429680234824216989162986922888110403595036479547167255719015893714899586466329769867381267608901755732837257069594570426559516432914529680604103749268386666419769837522988187558770229204545516092000891491348231921876364783807852083687969907794441136549243947137837719266807363736904836199774547569122203777389735879948309226539666575529237555127686677143720155491825483721165765154797239851006515373739168459231134575130110115282026413720213216893067024929417058805934015332228272598723307229845886855030050314585219679863173093240410337050191620096629216986256924869267858329592412196544210542102129258023628648316582031092474923000777805423410628148309140077284800398784877003982922834925565829079958043536914632	-2,3,3,3,3,3,3,3,3,3,3,3	4,-4,-4,3,3,3,3,3,3,3,3,3	ok
-1.355355	12.552553	-55.571302	0.561120	continued:5	24739664234858138982047535273920704865888201889876711837493816699690678265963591165069870505023217046633362579621148489165328977987949899797415602900085081435628786567950676391780949633448253616219680559998014214784634910618447122667639804607217055610037222276897125660535867393387520758988742191975475097134159821776175469287214857624750265388130867415580412873925910271279382629434282479656095907178473638142326186864698341018602123575843883404208311798618679388046194707946385968872279636660172423920762823771748609336176990325713506490614247467311351878471253089939596514261196666267475682898635077588364628629417296554229734815495315011752337585393015754405944996164827318009845582551593321289722257247006063686910061456841431892563940020873466746931070957111770150069590359792388197563206227771911411885143855184505614961998508226343153531223089971459935049708039359327667779120430067461929055441744031224422705223831560005091108633317128720548165517033711719448300771525660964913525817712220131912105082815080054605883136048554894173783193438041716508681297001277350562437894851607688119124032266056066591963623197071229719772200831481260746898621517899928612391918713268983151048632780119662964562615224955272082232516573860219624391388797525158568803965619851582959715126493444163214025385010484222679075733538541254336938677519858320577213126261082222107876703634988014443799459723042466865939807313462170098621510273802110074477200727790710189239796434724232268265168771327876208855251384560129805973155186008944787466690145813994448741828958685398242399644411740283504376021102246139806369606510408492840549451469396517122961183841277506170313763723572234427437236681374721304794358903114096136891133303545792185964095132388517154996467307401461623006192877589030302012077625091035466697406080506762771704815522350350242449968214220019584208434318914148100359158909679143753029398694920492804349553854965529569693457265246243878651194015319923783237068738696511787191450682232621481336789660422996610379069409921474899407696853444936065024933934485679589861499939814189140782388654260075696454421684651979624554066992826512688381456690865842009375581685321384904219623644446996167623623702794595196333711331969000714989476935040045706939151824415849649248600765204089570503279736809339261698814688659615461932316553762144963996566198596914621200952058301145179750011252431412752172391	24739664234858138982047535273920704865888201889876711837493816699690678265963591165069870505023217046633362579621148489165328977987949899797415602900085081435628786567950676391780949633448253616219680559998014214784634910618447122667639804607217055610037222276897125660535867393387520758988742191975881454668757766456386039099618304136651166884285837894817315224103333988986022139294086321685154999346340705988103078279492809641656432950215478117816222205266648568411397418925046010008480574710698821954765024242012324702958840527170691397468834926110714722062344576291849261675828451121993701604115701508243628541371186781104664750453506678450990658685568877319368724842489366294600223726679557182485111500144011805314426535016123806594563159834704421627591278254098145543334614838595418659350735064119136615550909153916789982856517125346862661227399851506503677119661384586623759841225285653771144345770541906184539519104941031220044588169549394770200017461390905581925298086151522809307449802203222974575540394725875975613318942282656692285373790701768039928224139907689742983609684357165165999207726031406986345064845442052163822899745749684239296069717432693993739901942491195871247188184005664749711749358189216418951520160200149433995022547154839666264673997373341638110304039777393158428518507712626247597465168817985799279078817049489682086370316096799386024819658822325268598014355156955720765003481708390166105881683902246283478541686387198210006153774117634819380652754856560760129428248343878241572542393310015833579895243466921313367877058883364574352748423515890749573716052801181446322006430112943468825921624246329666064630410384494509429743447944597417917331965513429680234824216989162986922888110403595036479547167255719015893714899586466329769867381267608901755732837257069594570426559516432914529680604103749268386666419769837522988187558770229204545516092000891491348231921876364783807852083687969907794441136549243947137837719266807363736904836199774547569122203777389735879948309226539666575529237555127686677143720155491825483721165765154797239851006515373739168459231134575130110115282026413720213216893067024929417058805934015332228272598723307229845886855030050314585219679863173093240410337050191620096629216986256924869267858329592412196544210542102129258023628648316582031092474923000777805423410628148309140077284800398784877003982922834925565829079958043536914632	2,3,3,3,3,3,3,3,3,3,3,3	4,-4,-4,3,3,3,3,3,3,3,3,3	ok
-1.351351	12.552553	-56.401384	0.563913	full	24739664234858138982047535273920704865888201889876711837493816699690678265963591165069870505023217046633362579621148489165328977987949899797415602900085081435628786567950676391780949633448253616219680559998014214784634910618447122667639804607217055610037222276897125660535867393387520758988742191975475097134159821776175469287214857624750265388130867415580412873925910271279382629434282479656095907178473638142326186864698341018602123575843883404208311798618679388046194707946385968872279636660172423920762823771748609336176990325713506490614247467311351878471253089939596514261196666267475682898635077588364628629417296554229734815495315011752337585393015754405944996164827318009845582551593321289722257247006063686910061456841431892563940020873466746931070957111770150069590359792388197563206227771911411885143855184505614961998508226343153531223089971459935049708039359327667779120430067461929055441744031224422705223831560005091108633317128720548165517033711719448300771525660964913525817712220131912105082815080054605883136048554894173783193438041716508681297001277350562437894851607688119124032266056066591963623197071229719772200831481260746898621517899928612391918713268983151048632780119655930408190582553524627904057071942769938736862457235924274975877692875969260912825240440176312796169883715527296420812911085368231803397367822990876417832371726944474641149344806282859835563177758758315140869621665338558538229319788140992642348683078964438303205169238089677606281386970253341769254691973676747054001600056884371509167578247128910554017708455798400339763929792299326278161913247735847547901720607853014273297061169415154483166033077865097453650461838107532682052642437808745312631797604500447563344035980600655360681484274936965759099895773785743476559627847035998495623947412514142251410657373695628596507787826274803330499930271551011927848963095389998115464084361772602196582573023653623911344037727364227195594183603523434780747077500441651045950433605054450968920210102886398197382751252220063486096686194630712738899496659850907030285511459146924946136142303252814811401903979278425790228571196558652325907826618637862596663393079577711958009484587139118727133603578984775841831059511392904829664132579075616389269418347099007484820626482853352165533173315748528323140233506000037753936239379980930850327518548701251621213257545847129540580490183656973082502121819713680447958	24739664234858138982047535273920704865888201889876711837493816699690678265963591165069870505023217046633362579621148489165328977987949899797415602900085081435628786567950676391780949633448253616219680559998014214784634910618447122667639804607217055610037222276897125660535867393387520758988742191975881454668757766456386039099618304136651166884285837894817315224103333988986022139294086321685154999346340705988103078279492809641656432950215478117816222205266648568411397418925046010008480574710698821954765024242012324702958840527170691397468834926110714722062344576291849261675828451121993701604115701508243628541371186781104664750453506678450990658685568877319368724842489366294600223726679557182485111500144011805314426535016123806594563159834704421627591278254098145543334614838595418659350735064119136615550909153916789982856517125346862661227399851506503677119661384586623759841225285653771144345770541906184539519104941031220044588169549394770200017461390905581925298086151522809307449802203222974575540394725875975613318942282656692285373790701768039928224139907689742983609684357165165999207726031406986345064845442052163822899745749684239296069717432693993739901942491195871247188184005664749711749358189216418951520160200149433995022547154839666264673997373341638110304039777393158428518507712626247597465168817985799279078817049489682086370316096799386024819658822325268598014355156955720765003481708390166105881683902246283478541686387198210006153774117634819380652754856560760129428248343878241572542393310015833579895243466921313367877058883364574352748423515890749573716052801181446322006430112943468825921624246329666064630410384494509429743447944597417917331965513429680234824216989162986922888110403595036479547167255719015893714899586466329769867381267608901755732837257069594570426559516432914529680604103749268386666419769837522988187558770229204545516092000891491348231921876364783807852083687969907794441136549243947137837719266807363736904836199774547569122203777389735879948309226539666575529237555127686677143720155491825483721165765154797239851006515373739168459231134575130110115282026413720213216893067024929417058805934015332228272598723307229845886855030050314585219679863173093240410337050191620096629216986256924869267858329592412196544210542102129258023628648316582031092474923000777805423410628148309140077284800398784877003982922834925565829079958043536914632	-2,3,3,3,3,3,3,3,3,3,3,3	4,-4,-4,3,3,3,3,3,3,3,3,3	ok
-1.347347	12.552553	-45.963111	0.552384	continued:5	24739664234858138982047535273920704865888201889876711837493816699690678266527069749440504790571412139398611409270908450362730376250155074764676347344069888126517298474570859817860608502873391373146285427510315747585633769201540786967750755426439244909325087395028128868044225308262789884128060956514754247517702306425810931411575896427989859706075064718218471893517140662118299639008577497356111854595428210166315807732026393320608795249168317651695729421548767897306733768613302513900313747234910216702628396343057972743120228768071687743367812170271420131539175277064250947772621001186024499362164170113969037248276327644674423496719281068224647688689343687707265802860245639651607134326359641136324726585371262331364916625440921082380001792334509530862900701385682064100476033324289461171828023477494502451890058053706879749446830279215332206384905322345331554956873043720142257549509061263656508818618752241259600679674848847524613277440716293223210481620721238376094141656723446188028021149687164815920155927512079209571023792623637758171695631301409761954681699511155458453188936526605094181737900601141376338772559054179777941237701136271611441712313440501780354334800184683076010868292580549849432953935533514639234526760914327125958779780711305755657210674232131002896934988015937154739467308130740924925543086665900124007181100744548225721958635005785735890739273986409594513769183536994333033978580586609787823252070567466980639882831334262196317172005526784097926655665593656720859677739479070382099308840124083825450855172988957414095077614549916975812235847316348707184008309141066723864278210348184304579994577156409606743906911119211367425415372554960002213531434317801357071774026980391283845621651235678005248496006146971164673973220426438179650702401332400719620901188873469431700062547660826989665568094105530304615170107797975340995377745980478127306895362802829942985334217498538705130622200946630077026982608440838461810803320050035082056405667772183412837260069649257195664815733754904564434808608505331214029212127763198001826500125229710075595949417770391792604715726324351842688290052467256072787501125604768368278423100681768693325682659220921728783810179347685021331561446812929187462182412684464169018328810486981849544249554631357295210220349275287261826752991755439097286396750442097062982340190141479619148098611280450065265414328154322008231067184478529568000588	24739664234858138982047535273920704865888201889876711837493816699690678265963591165069870505023217046633362579621148489165328977987949899797415602900085081435628786567950676391780949633448253616219680559998014214784634910618447122667639804607217055610037222276897125660535867393387520758988742191975881454668757766456386039099618304136651166884285837894817315224103333988986022139294086321685154999346340705988103078279492809641656432950215478117816222205266648568411397418925046010008480574710698821954765024242012324702958840527170691397468834926110714722062344576291849261675828451121993701604115701508243628541371186781104664750453506678450990658685568877319368724842489366294600223726679557182485111500144011805314426535016123806594563159834704421627591278254098145543334614838595418659350735064119136615550909153916789982856517125346862661227399851506503677119661384586623759841225285653771144345770541906184539519104941031220044588169549394770200017461390905581925298086151522809307449802203222974575540394725875975613318942282656692285373790701768039928224139907689742983609684357165165999207726031406986345064845442052163822899745749684239296069717432693993739901942491195871247188184005664749711749358189216418951520160200149433995022547154839666264673997373341638110304039777393158428518507712626247597465168817985799279078817049489682086370316096799386024819658822325268598014355156955720765003481708390166105881683902246283478541686387198210006153774117634819380652754856560760129428248343878241572542393310015833579895243466921313367877058883364574352748423515890749573716052801181446322006430112943468825921624246329666064630410384494509429743447944597417917331965513429680234824216989162986922888110403595036479547167255719015893714899586466329769867381267608901755732837257069594570426559516432914529680604103749268386666419769837522988187558770229204545516092000891491348231921876364783807852083687969907794441136549243947137837719266807363736904836199774547569122203777389735879948309226539666575529237555127686677143720155491825483721165765154797239851006515373739168459231134575130110115282026413720213216893067024929417058805934015332228272598723307229845886855030050314585219679863173093240410337050191620096629216986256924869267858329592412196544210542102129258023628648316582031092474923000777805423410628148309140077284800398784877003982922834925565829079958043536914632	-2,4,-4,-4,-4,3,3,3,3,3,3,3	4,-4,-4,3,3,3,3,3,3,3,3,3	ok
-1.343343	12.552553	-49.769893	0.555177	continued:5	24739664234858138982047535273920704865888201889876711837493816699690678266527069749440504790571412139398611409270908450362730376250155074764676347344069888126517298474570859817860608502873391373146285427510315747585633769201540786967750755426439244909325087395028128868044225308262789884128060956514754247517702306425810931411575896427989859706075064718218471893517140662118299639008577497356111854595428210166315807732026393320608795249168317651695729421548767897306733768613302513900313747234910216702628396343057972743120228768071687743367812170271420131539175277064250947772621001186024499362164170113969037248276327644674423496719281068224647688689343687707265802860245639651607134326359641136324726585371262331364916625440921082380001792334509530862900701385682064100476033324289461171828023477494502451890058053706879749446830279215332206384905322345331554956873043720142257549509061263656508818618752241259600679674848847524613277440716293223210481620721238376094141656723446188028021149687164815920155927512079209571023792623637758171695631301409761954681699511155458453188936526605094181737900601141376338772559054179777941237701136271611441712313440501780354334800184683076010868292580556883587378577935262093562986262831776811613306121000540049485298601207744781805322965051445752193141291970099859358304212033376390252519933410500300117460943826950337142532482407223339004711599116744121602002450711412006949285181235045586424857602366907304376221514858251709719030402231002513612188059347405404885802764525018138093927991200892413632093719167015931953101716632092709511035409221789764960228143026836194581116662721163145221521314828882123190429294324141346481881676165388633425183435137850393170397275935603509349614785533759256662716509156320263989891714894713081540607581973180428623449090621882495250171905047194393413104629062175699256796056546447588089553389588497403694897885369885015184517656689491700077289283790517678116632224511196173429212925753886547763111924404780435446866944609396073616747728296990381684950421193974227931046721614133771631438158752559467048564135877156960228525865157749822356466657188722436042638503345720834352419523907528295609179767013581696008003371016228095049673253001118957990648730910547076300758018232017033329206804643448200288677170843289137587136241307555893724030430716584261974253765777358240079058853747442899934620077427862825834449	24739664234858138982047535273920704865888201889876711837493816699690678265963591165069870505023217046633362579621148489165328977987949899797415602900085081435628786567950676391780949633448253616219680559998014214784634910618447122667639804607217055610037222276897125660535867393387520758988742191975881454668757766456386039099618304136651166884285837894817315224103333988986022139294086321685154999346340705988103078279492809641656432950215478117816222205266648568411397418925046010008480574710698821954765024242012324702958840527170691397468834926110714722062344576291849261675828451121993701604115701508243628541371186781104664750453506678450990658685568877319368724842489366294600223726679557182485111500144011805314426535016123806594563159834704421627591278254098145543334614838595418659350735064119136615550909153916789982856517125346862661227399851506503677119661384586623759841225285653771144345770541906184539519104941031220044588169549394770200017461390905581925298086151522809307449802203222974575540394725875975613318942282656692285373790701768039928224139907689742983609684357165165999207726031406986345064845442052163822899745749684239296069717432693993739901942491195871247188184005664749711749358189216418951520160200149433995022547154839666264673997373341638110304039777393158428518507712626247597465168817985799279078817049489682086370316096799386024819658822325268598014355156955720765003481708390166105881683902246283478541686387198210006153774117634819380652754856560760129428248343878241572542393310015833579895243466921313367877058883364574352748423515890749573716052801181446322006430112943468825921624246329666064630410384494509429743447944597417917331965513429680234824216989162986922888110403595036479547167255719015893714899586466329769867381267608901755732837257069594570426559516432914529680604103749268386666419769837522988187558770229204545516092000891491348231921876364783807852083687969907794441136549243947137837719266807363736904836199774547569122203777389735879948309226539666575529237555127686677143720155491825483721165765154797239851006515373739168459231134575130110115282026413720213216893067024929417058805934015332228272598723307229845886855030050314585219679863173093240410337050191620096629216986256924869267858329592412196544210542102129258023628648316582031092474923000777805423410628148309140077284800398784877003982922834925565829079958043536914632	2,4,-4,-4,-4,3,3,3,3,3,3,3	4,-4,-4,3,3,3,3,3,3,3,3,3	ok
-1.339339	12.552553	-52.448911	0.552384	continued:5	24739664234858138982047535273920704865888201889876711837493816699690678265963591165069870505023217046633362579621148489165328977987949899797415602900486143006268665268678106964453841999524106595607605727243377372487650564782802452333008206763043514220470865892407412103036806892083064510289504814600080741268157165354063032161189525829409088498985531970815025159686244986955270210405434697787650037103444327391942508501376229453985083037857645944890272090078718974473418025044221755928344004123983175888817859152476099625581493080234216246769749121423440316080188755726314866454849365625903310727411127889898194381660787032015151698715736677481139420851742750719529547539689342907032684848982153429642503545479758778195831115174999007304520947563003595490867019874169994914300124258307833187901988179428014704959954258008163520937529812950909650540738739709363910934624816250948310905870516490152323845654698835235607375139145151252300518952681249670519366224367191080941950960612430590599784107574388270912656395965864142364667984575546882550050402798003370469155776659862256338059002106715868920421959433223756311341506694462249246973686264750035944554027554964157670321252914659435234646443493677683597745405971141225539474137172699883423005413138177182630992270091780616069575556620632114862474028755630107263022823486452810582479861484178386084401732841472850038162089857730565405969047435643920136439634336604016728923871833481559806979683137755206220799504109663331208514413464430418551053706989442470258202310367381155045766426374273253898576206837490031074086028221393484536720474016085653508931383903513694137058764136569652465772117298842821928522143333156039359822831589477971662862806772542865053653268812787194981044774561432027631927740266279297127218941745071346551870491710228931443732125082669073300133305333557226381450558628803418742838780575592664663498499732751742981131906329221811915572836440111786562018495581399857715929689574591275483205964204612337157102215690145590491757373012687396302905949244185968504318632423096835739322206969511655795900949956880726578854591280830716907776049686818330424314656174016109138495605656679904045914457526289307375818001406305017117144535218152699191238593044812519708769054010738927750601064808233841054319348937955463320904378159806803983217193136649028784818187695263085809235629577995855098293430968673291470193274242954506200738	24739664234858138982047535273920704865888201889876711837493816699690678265963591165069870505023217046633362579621148489165328977987949899797415602900085081435628786567950676391780949633448253616219680559998014214784634910618447122667639804607217055610037222276897125660535867393387520758988742191975881454668757766456386039099618304136651166884285837894817315224103333988986022139294086321685154999346340705988103078279492809641656432950215478117816222205266648568411397418925046010008480574710698821954765024242012324702958840527170691397468834926110714722062344576291849261675828451121993701604115701508243628541371186781104664750453506678450990658685568877319368724842489366294600223726679557182485111500144011805314426535016123806594563159834704421627591278254098145543334614838595418659350735064119136615550909153916789982856517125346862661227399851506503677119661384586623759841225285653771144345770541906184539519104941031220044588169549394770200017461390905581925298086151522809307449802203222974575540394725875975613318942282656692285373790701768039928224139907689742983609684357165165999207726031406986345064845442052163822899745749684239296069717432693993739901942491195871247188184005664749711749358189216418951520160200149433995022547154839666264673997373341638110304039777393158428518507712626247597465168817985799279078817049489682086370316096799386024819658822325268598014355156955720765003481708390166105881683902246283478541686387198210006153774117634819380652754856560760129428248343878241572542393310015833579895243466921313367877058883364574352748423515890749573716052801181446322006430112943468825921624246329666064630410384494509429743447944597417917331965513429680234824216989162986922888110403595036479547167255719015893714899586466329769867381267608901755732837257069594570426559516432914529680604103749268386666419769837522988187558770229204545516092000891491348231921876364783807852083687969907794441136549243947137837719266807363736904836199774547569122203777389735879948309226539666575529237555127686677143720155491825483721165765154797239851006515373739168459231134575130110115282026413720213216893067024929417058805934015332228272598723307229845886855030050314585219679863173093240410337050191620096629216986256924869267858329592412196544210542102129258023628648316582031092474923000777805423410628148309140077284800398784877003982922834925565829079958043536914632	-2,-4,-4,-4,3,3,3,3,3,3,3,3	4,-4,-4,3,3,3,3,3,3,3,3,3	ok
-1.335335	12.552553	-54.381747	0.555177	continued:5	24739664234858138982047535273920704865888201889876711837493816699690678265963591165069870505023217046633362579621148489165328977987949899797415602900085081435628786567950676391780949633448253616219680559998014214784634910618447122667639804607217055610037222276897125660535867393387520758988742191975475097134159821776175469287214857624750265388130867415580412873925910271279382629434282479656095907178473638142326186864698341018602123575843883404208311798618679388046194707946385968872279636660172423920762823771748609336176990325713506490614247467311351878471253089939596514261196666267475682898635077588364628629417296554229734815495315011752337585393015754405944996164827318009845582551593321289722257247006063686910061456841431892563940020873466746931070957111770150069590359792388197563206227771911411885143855184505614961998508226343153531223089971459935049708039359327667779120430067461929055441744031224422705223831560005091108633317128720548165517033711719448300771525660964913525817712220131912105082815080054605883136048554894173783193438041716508681297001277350562437894851607688119124032266056066591963623197071229719772200831481260746898621517899928612391918713268983151048632780119655930408190582553524627904057071942769938736862457235924274975877692875969260912825240440176312796169883715527296420812911085368231803397367822990876417832371726944474641149344806282859835563177758758315140869621665338558538229319788140992642348683078964438303205169238089677606281386970253341769254691973676747054001600056884371509167578247128910554017708455798400339763929792299326278161913247735847547901720607853014273297061169415154483166033077865097453650461838107532682052642437808745312631797604500447563344035980600655360681484274936965759099895773785743476559627847035998495623947412514142251410657373695628596507787826274803330499930271551011927848963095389998115464084361772602196582573023653623911344037727364227195594183603523434780747077500441651045950433605054450968920210102886398197382751252220063486096686194630712738899496659850907030285511459146924946136142303252814811401903979278425790228571196558652325907826618637862596663393079577711958009484587139118727133603578984775841831059511392904829664132579075616389269418347099007484820626482853352165533173315748528323140233506000037753936239379980930850327518548701251621213257545847129540580490183656973082502121819713680447958	24739664234858138982047535273920704865888201889876711837493816699690678265963591165069870505023217046633362579621148489165328977987949899797415602900085081435628786567950676391780949633448253616219680559998014214784634910618447122667639804607217055610037222276897125660535867393387520758988742191975881454668757766456386039099618304136651166884285837894817315224103333988986022139294086321685154999346340705988103078279492809641656432950215478117816222205266648568411397418925046010008480574710698821954765024242012324702958840527170691397468834926110714722062344576291849261675828451121993701604115701508243628541371186781104664750453506678450990658685568877319368724842489366294600223726679557182485111500144011805314426535016123806594563159834704421627591278254098145543334614838595418659350735064119136615550909153916789982856517125346862661227399851506503677119661384586623759841225285653771144345770541906184539519104941031220044588169549394770200017461390905581925298086151522809307449802203222974575540394725875975613318942282656692285373790701768039928224139907689742983609684357165165999207726031406986345064845442052163822899745749684239296069717432693993739901942491195871247188184005664749711749358189216418951520160200149433995022547154839666264673997373341638110304039777393158428518507712626247597465168817985799279078817049489682086370316096799386024819658822325268598014355156955720765003481708390166105881683902246283478541686387198210006153774117634819380652754856560760129428248343878241572542393310015833579895243466921313367877058883364574352748423515890749573716052801181446322006430112943468825921624246329666064630410384494509429743447944597417917331965513429680234824216989162986922888110403595036479547167255719015893714899586466329769867381267608901755732837257069594570426559516432914529680604103749268386666419769837522988187558770229204545516092000891491348231921876364783807852083687969907794441136549243947137837719266807363736904836199774547569122203777389735879948309226539666575529237555127686677143720155491825483721165765154797239851006515373739168459231134575130110115282026413720213216893067024929417058805934015332228272598723307229845886855030050314585219679863173093240410337050191620096629216986256924869267858329592412196544210542102129258023628648316582031092474923000777805423410628148309140077284800398784877003982922834925565829079958043536914632	-2,3,3,3,3,3,3,3,3,3,3,3	4,-4,-4,3,3,3,3,3,3,3,3,3	ok
-1.331331	12.552553	-55.607179	0.557971	continued:5	24739664234858138982047535273920704865888201889876711837493816699690678265963591165069870505023217046633362579621148489165328977987949899797415602900085081435628786567950676391780949633448253616219680559998014214784634910618447122667639804607217055610037222276897125660535867393387520758988742191975475097134159821776175469287214857624750265388130867415580412873925910271279382629434282479656095907178473638142326186864698341018602123575843883404208311798618679388046194707946385968872279636660172423920762823771748609336176990325713506490614247467311351878471253089939596514261196666267475682898635077588364628629417296554229734815495315011752337585393015754405944996164827318009845582551593321289722257247006063686910061456841431892563940020873466746931070957111770150069590359792388197563206227771911411885143855184505614961998508226343153531223089971459935049708039359327667779120430067461929055441744031224422705223831560005091108633317128720548165517033711719448300771525660964913525817712220131912105082815080054605883136048554894173783193438041716508681297001277350562437894851607688119124032266056066591963623197071229719772200831481260746898621517899928612391918713268983151048632780119662964562615224955272082232516573860219624391388797525158568803965619851582959715126493444163214025385010484222679075733538541254336938677519858320577213126261082222107876703634988014443799459723042466865939807313462170098621510273802110074477200727790710189239796434724232268265168771327876208855251384560129805973155186008944787466690145813994448741828958685398242399644411740283504376021102246139806369606510408492840549451469396517122961183841277506170313763723572234427437236681374721304794358903114096136891133303545792185964095132388517154996467307401461623006192877589030302012077625091035466697406080506762771704815522350350242449968214220019584208434318914148100359158909679143753029398694920492804349553854965529569693457265246243878651194015319923783237068738696511787191450682232621481336789660422996610379069409921474899407696853444936065024933934485679589861499939814189140782388654260075696454421684651979624554066992826512688381456690865842009375581685321384904219623644446996167623623702794595196333711331969000714989476935040045706939151824415849649248600765204089570503279736809339261698814688659615461932316553762144963996566198596914621200952058301145179750011252431412752172391	24739664234858138982047535273920704865888201889876711837493816699690678265963591165069870505023217046633362579621148489165328977987949899797415602900085081435628786567950676391780949633448253616219680559998014214784634910618447122667639804607217055610037222276897125660535867393387520758988742191975881454668757766456386039099618304136651166884285837894817315224103333988986022139294086321685154999346340705988103078279492809641656432950215478117816222205266648568411397418925046010008480574710698821954765024242012324702958840527170691397468834926110714722062344576291849261675828451121993701604115701508243628541371186781104664750453506678450990658685568877319368724842489366294600223726679557182485111500144011805314426535016123806594563159834704421627591278254098145543334614838595418659350735064119136615550909153916789982856517125346862661227399851506503677119661384586623759841225285653771144345770541906184539519104941031220044588169549394770200017461390905581925298086151522809307449802203222974575540394725875975613318942282656692285373790701768039928224139907689742983609684357165165999207726031406986345064845442052163822899745749684239296069717432693993739901942491195871247188184005664749711749358189216418951520160200149433995022547154839666264673997373341638110304039777393158428518507712626247597465168817985799279078817049489682086370316096799386024819658822325268598014355156955720765003481708390166105881683902246283478541686387198210006153774117634819380652754856560760129428248343878241572542393310015833579895243466921313367877058883364574352748423515890749573716052801181446322006430112943468825921624246329666064630410384494509429743447944597417917331965513429680234824216989162986922888110403595036479547167255719015893714899586466329769867381267608901755732837257069594570426559516432914529680604103749268386666419769837522988187558770229204545516092000891491348231921876364783807852083687969907794441136549243947137837719266807363736904836199774547569122203777389735879948309226539666575529237555127686677143720155491825483721165765154797239851006515373739168459231134575130110115282026413720213216893067024929417058805934015332228272598723307229845886855030050314585219679863173093240410337050191620096629216986256924869267858329592412196544210542102129258023628648316582031092474923000777805423410628148309140077284800398784877003982922834925565829079958043536914632	2,3,3,3,3,3,3,3,3,3,3,3	4,-4,-4,3,3,3,3,3,3,3,3,3	ok
-1.327327	12.552553	-56.433327	0.560764	full	24739664234858138982047535273920704865888201889876711837493816699690678265963591165069870505023217046633362579621148489165328977987949899797415602900085081435628786567950676391780949633448253616219680559998014214784634910618447122667639804607217055610037222276897125660535867393387520758988742191975475097134159821776175469287214857624750265388130867415580412873925910271279382629434282479656095907178473638142326186864698341018602123575843883404208311798618679388046194707946385968872279636660172423920762823771748609336176990325713506490614247467311351878471253089939596514261196666267475682898635077588364628629417296554229734815495315011752337585393015754405944996164827318009845582551593321289722257247006063686910061456841431892563940020873466746931070957111770150069590359792388197563206227771911411885143855184505614961998508226343153531223089971459935049708039359327667779120430067461929055441744031224422705223831560005091108633317128720548165517033711719448300771525660964913525817712220131912105082815080054605883136048554894173783193438041716508681297001277350562437894851607688119124032266056066591963623197071229719772200831481260746898621517899928612391918713268983151048632780119655930408190582553524627904057071942769938736862457235924274975877692875969260912825240440176312796169883715527296420812911085368231803397367822990876417832371726944474641149344806282859835563177758758315140869621665338558538229319788140992642348683078964438303205169238089677606281386970253341769254691973676747054001600056884371509167578247128910554017708455798400339763929792299326278161913247735847547901720607853014273297061169415154483166033077865097453650461838107532682052642437808745312631797604500447563344035980600655360681484274936965759099895773785743476559627847035998495623947412514142251410657373695628596507787826274803330499930271551011927848963095389998115464084361772602196582573023653623911344037727364227195594183603523434780747077500441651045950433605054450968920210102886398197382751252220063486096686194630712738899496659850907030285511459146924946136142303252814811401903979278425790228571196558652325907826618637862596663393079577711958009484587139118727133603578984775841831059511392904829664132579075616389269418347099007484820626482853352165533173315748528323140233506000037753936239379980930850327518548701251621213257545847129540580490183656973082502121819713680447958	24739664234858138982047535273920704865888201889876711837493816699690678265963591165069870505023217046633362579621148489165328977987949899797415602900085081435628786567950676391780949633448253616219680559998014214784634910618447122667639804607217055610037222276897125660535867393387520758988742191975881454668757766456386039099618304136651166884285837894817315224103333988986022139294086321685154999346340705988103078279492809641656432950215478117816222205266648568411397418925046010008480574710698821954765024242012324702958840527170691397468834926110714722062344576291849261675828451121993701604115701508243628541371186781104664750453506678450990658685568877319368724842489366294600223726679557182485111500144011805314426535016123806594563159834704421627591278254098145543334614838595418659350735064119136615550909153916789982856517125346862661227399851506503677119661384586623759841225285653771144345770541906184539519104941031220044588169549394770200017461390905581925298086151522809307449802203222974575540394725875975613318942282656692285373790701768039928224139907689742983609684357165165999207726031406986345064845442052163822899745749684239296069717432693993739901942491195871247188184005664749711749358189216418951520160200149433995022547154839666264673997373341638110304039777393158428518507712626247597465168817985799279078817049489682086370316096799386024819658822325268598014355156955720765003481708390166105881683902246283478541686387198210006153774117634819380652754856560760129428248343878241572542393310015833579895243466921313367877058883364574352748423515890749573716052801181446322006430112943468825921624246329666064630410384494509429743447944597417917331965513429680234824216989162986922888110403595036479547167255719015893714899586466329769867381267608901755732837257069594570426559516432914529680604103749268386666419769837522988187558770229204545516092000891491348231921876364783807852083687969907794441136549243947137837719266807363736904836199774547569122203777389735879948309226539666575529237555127686677143720155491825483721165765154797239851006515373739168459231134575130110115282026413720213216893067024929417058805934015332228272598723307229845886855030050314585219679863173093240410337050191620096629216986256924869267858329592412196544210542102129258023628648316582031092474923000777805423410628148309140077284800398784877003982922834925565829079958043536914632	-2,3,3,3,3,3,3,3,3,3,3,3	4,-4,-4,3,3,3,3,3,3,3,3,3	ok
-1.323323	12.552553	-46.015485	0.549235	continued:5	24739664234858138982047535273920704865888201889876711837493816699690678266527069749440504790571412139398611409270908450362730376250155074764676347344069888126517298474570859817860608502873391373146285427510315747585633769201540786967750755426439244909325087395028128868044225308262789884128060956514754247517702306425810931411575896427989859706075064718218471893517140662118299639008577497356111854595428210166315807732026393320608795249168317651695729421548767897306733768613302513900313747234910216702628396343057972743120228768071687743367812170271420131539175277064250947772621001186024499362164170113969037248276327644674423496719281068224647688689343687707265802860245639651607134326359641136324726585371262331364916625440921082380001792334509530862900701385682064100476033324289461171828023477494502451890058053706879749446830279215332206384905322345331554956873043720142257549509061263656508818618752241259600679674848847524613277440716293223210481620721238376094141656723446188028021149687164815920155927512079209571023792623637758171695631301409761954681699511155458453188936526605094181737900601141376338772559054179777941237701136271611441712313440501780354334800184683076010868292580549849432953935533514639234526760914327125958779780711305755657210674232131002896934988015937154739467308130740924925543086665900124007181100744548225721958635005785735890739273986409594513769183536994333033978580586609787823252070567466980639882831334262196317172005526784097926655665593656720859677739479070382099308840124083825450855172988957414095077614549916975812235847316348707184008309141066723864278210348184304579994577156409606743906911119211367425415372554960002213531434317801357071774026980391283845621651235678005248496006146971164673973220426438179650702401332400719620901188873469431700062547660826989665568094105530304615170107797975340995377745980478127306895362802829942985334217498538705130622200946630077026982608440838461810803320050035082056405667772183412837260069649257195664815733754904564434808608505331214029212127763198001826500125229710075595949417770391792604715726324351842688290052467256072787501125604768368278423100681768693325682659220921728783810179347685021331561446812929187462182412684464169018328810486981849544249554631357295210220349275287261826752991755439097286396750442097062982340190141479619148098611280450065265414328154322008231067184478529568000588	24739664234858138982047535273920704865888201889876711837493816699690678265963591165069870505023217046633362579621148489165328977987949899797415602900085081435628786567950676391780949633448253616219680559998014214784634910618447122667639804607217055610037222276897125660535867393387520758988742191975881454668757766456386039099618304136651166884285837894817315224103333988986022139294086321685154999346340705988103078279492809641656432950215478117816222205266648568411397418925046010008480574710698821954765024242012324702958840527170691397468834926110714722062344576291849261675828451121993701604115701508243628541371186781104664750453506678450990658685568877319368724842489366294600223726679557182485111500144011805314426535016123806594563159834704421627591278254098145543334614838595418659350735064119136615550909153916789982856517125346862661227399851506503677119661384586623759841225285653771144345770541906184539519104941031220044588169549394770200017461390905581925298086151522809307449802203222974575540394725875975613318942282656692285373790701768039928224139907689742983609684357165165999207726031406986345064845442052163822899745749684239296069717432693993739901942491195871247188184005664749711749358189216418951520160200149433995022547154839666264673997373341638110304039777393158428518507712626247597465168817985799279078817049489682086370316096799386024819658822325268598014355156955720765003481708390166105881683902246283478541686387198210006153774117634819380652754856560760129428248343878241572542393310015833579895243466921313367877058883364574352748423515890749573716052801181446322006430112943468825921624246329666064630410384494509429743447944597417917331965513429680234824216989162986922888110403595036479547167255719015893714899586466329769867381267608901755732837257069594570426559516432914529680604103749268386666419769837522988187558770229204545516092000891491348231921876364783807852083687969907794441136549243947137837719266807363736904836199774547569122203777389735879948309226539666575529237555127686677143720155491825483721165765154797239851006515373739168459231134575130110115282026413720213216893067024929417058805934015332228272598723307229845886855030050314585219679863173093240410337050191620096629216986256924869267858329592412196544210542102129258023628648316582031092474923000777805423410628148309140077284800398784877003982922834925565829079958043536914632	-2,4,-4,-4,-4,3,3,3,3,3,3,3	4,-4,-4,3,3,3,3,3,3,3,3,3	ok
-1.319319	12.552553	-49.825281	0.552028	continued:5	24739664234858138982047535273920704865888201889876711837493816699690678266527069749440504790571412139398611409270908450362730376250155074764676347344069888126517298474570859817860608502873391373146285427510315747585633769201540786967750755426439244909325087395028128868044225308262789884128060956514754247517702306425810931411575896427989859706075064718218471893517140662118299639008577497356111854595428210166315807732026393320608795249168317651695729421548767897306733768613302513900313747234910216702628396343057972743120228768071687743367812170271420131539175277064250947772621001186024499362164170113969037248276327644674423496719281068224647688689343687707265802860245639651607134326359641136324726585371262331364916625440921082380001792334509530862900701385682064100476033324289461171828023477494502451890058053706879749446830279215332206384905322345331554956873043720142257549509061263656508818618752241259600679674848847524613277440716293223210481620721238376094141656723446188028021149687164815920155927512079209571023792623637758171695631301409761954681699511155458453188936526605094181737900601141376338772559054179777941237701136271611441712313440501780354334800184683076010868292580556883587378577935262093562986262831776811613306121000540049485298601207744781805322965051445752193141291970099859358304212033376390252519933410500300117460943826950337142532482407223339004711599116744121602002450711412006949285181235045586424857602366907304376221514858251709719030402231002513612188059347405404885802764525018138093927991200892413632093719167015931953101716632092709511035409221789764960228143026836194581116662721163145221521314828882123190429294324141346481881676165388633425183435137850393170397275935603509349614785533759256662716509156320263989891714894713081540607581973180428623449090621882495250171905047194393413104629062175699256796056546447588089553389588497403694897885369885015184517656689491700077289283790517678116632224511196173429212925753886547763111924404780435446866944609396073616747728296990381684950421193974227931046721614133771631438158752559467048564135877156960228525865157749822356466657188722436042638503345720834352419523907528295609179767013581696008003371016228095049673253001118957990648730910547076300758018232017033329206804643448200288677170843289137587136241307555893724030430716584261974253765777358240079058853747442899934620077427862825834449	24739664234858138982047535273920704865888201889876711837493816699690678265963591165069870505023217046633362579621148489165328977987949899797415602900085081435628786567950676391780949633448253616219680559998014214784634910618447122667639804607217055610037222276897125660535867393387520758988742191975881454668757766456386039099618304136651166884285837894817315224103333988986022139294086321685154999346340705988103078279492809641656432950215478117816222205266648568411397418925046010008480574710698821954765024242012324702958840527170691397468834926110714722062344576291849261675828451121993701604115701508243628541371186781104664750453506678450990658685568877319368724842489366294600223726679557182485111500144011805314426535016123806594563159834704421627591278254098145543334614838595418659350735064119136615550909153916789982856517125346862661227399851506503677119661384586623759841225285653771144345770541906184539519104941031220044588169549394770200017461390905581925298086151522809307449802203222974575540394725875975613318942282656692285373790701768039928224139907689742983609684357165165999207726031406986345064845442052163822899745749684239296069717432693993739901942491195871247188184005664749711749358189216418951520160200149433995022547154839666264673997373341638110304039777393158428518507712626247597465168817985799279078817049489682086370316096799386024819658822325268598014355156955720765003481708390166105881683902246283478541686387198210006153774117634819380652754856560760129428248343878241572542393310015833579895243466921313367877058883364574352748423515890749573716052801181446322006430112943468825921624246329666064630410384494509429743447944597417917331965513429680234824216989162986922888110403595036479547167255719015893714899586466329769867381267608901755732837257069594570426559516432914529680604103749268386666419769837522988187558770229204545516092000891491348231921876364783807852083687969907794441136549243947137837719266807363736904836199774547569122203777389735879948309226539666575529237555127686677143720155491825483721165765154797239851006515373739168459231134575130110115282026413720213216893067024929417058805934015332228272598723307229845886855030050314585219679863173093240410337050191620096629216986256924869267858329592412196544210542102129258023628648316582031092474923000777805423410628148309140077284800398784877003982922834925565829079958043536914632	2,4,-4,-4,-4,3,3,3,3,3,3,3	4,-4,-4,3,3,3,3,3,3,3,3,3	ok
-1.315315	12.552553	-52.501404	0.549235	continued:5	24739664234858138982047535273920704865888201889876711837493816699690678265963591165069870505023217046633362579621148489165328977987949899797415602900486143006268665268678106964453841999524106595607605727243377372487650564782802452333008206763043514220470865892407412103036806892083064510289504814600080741268157165354063032161189525829409088498985531970815025159686244986955270210405434697787650037103444327391942508501376229453985083037857645944890272090078718974473418025044221755928344004123983175888817859152476099625581493080234216246769749121423440316080188755726314866454849365625903310727411127889898194381660787032015151698715736677481139420851742750719529547539689342907032684848982153429642503545479758778195831115174999007304520947563003595490867019874169994914300124258307833187901988179428014704959954258008163520937529812950909650540738739709363910934624816250948310905870516490152323845654698835235607375139145151252300518952681249670519366224367191080941950960612430590599784107574388270912656395965864142364667984575546882550050402798003370469155776659862256338059002106715868920421959433223756311341506694462249246973686264750035944554027554964157670321252914659435234646443493677683597745405971141225539474137172699883423005413138177182630992270091780616069575556620632114862474028755630107263022823486452810582479861484178386084401732841472850038162089857730565405969047435643920136439634336604016728923871833481559806979683137755206220799504109663331208514413464430418551053706989442470258202310367381155045766426374273253898576206837490031074086028221393484536720474016085653508931383903513694137058764136569652465772117298842821928522143333156039359822831589477971662862806772542865053653268812787194981044774561432027631927740266279297127218941745071346551870491710228931443732125082669073300133305333557226381450558628803418742838780575592664663498499732751742981131906329221811915572836440111786562018495581399857715929689574591275483205964204612337157102215690145590491757373012687396302905949244185968504318632423096835739322206969511655795900949956880726578854591280830716907776049686818330424314656174016109138495605656679904045914457526289307375818001406305017117144535218152699191238593044812519708769054010738927750601064808233841054319348937955463320904378159806803983217193136649028784818187695263085809235629577995855098293430968673291470193274242954506200738	24739664234858138982047535273920704865888201889876711837493816699690678265963591165069870505023217046633362579621148489165328977987949899797415602900085081435628786567950676391780949633448253616219680559998014214784634910618447122667639804607217055610037222276897125660535867393387520758988742191975881454668757766456386039099618304136651166884285837894817315224103333988986022139294086321685154999346340705988103078279492809641656432950215478117816222205266648568411397418925046010008480574710698821954765024242012324702958840527170691397468834926110714722062344576291849261675828451121993701604115701508243628541371186781104664750453506678450990658685568877319368724842489366294600223726679557182485111500144011805314426535016123806594563159834704421627591278254098145543334614838595418659350735064119136615550909153916789982856517125346862661227399851506503677119661384586623759841225285653771144345770541906184539519104941031220044588169549394770200017461390905581925298086151522809307449802203222974575540394725875975613318942282656692285373790701768039928224139907689742983609684357165165999207726031406986345064845442052163822899745749684239296069717432693993739901942491195871247188184005664749711749358189216418951520160200149433995022547154839666264673997373341638110304039777393158428518507712626247597465168817985799279078817049489682086370316096799386024819658822325268598014355156955720765003481708390166105881683902246283478541686387198210006153774117634819380652754856560760129428248343878241572542393310015833579895243466921313367877058883364574352748423515890749573716052801181446322006430112943468825921624246329666064630410384494509429743447944597417917331965513429680234824216989162986922888110403595036479547167255719015893714899586466329769867381267608901755732837257069594570426559516432914529680604103749268386666419769837522988187558770229204545516092000891491348231921876364783807852083687969907794441136549243947137837719266807363736904836199774547569122203777389735879948309226539666575529237555127686677143720155491825483721165765154797239851006515373739168459231134575130110115282026413720213216893067024929417058805934015332228272598723307229845886855030050314585219679863173093240410337050191620096629216986256924869267858329592412196544210542102129258023628648316582031092474923000777805423410628148309140077284800398784877003982922834925565829079958043536914632	-2,-4,-4,-4,3,3,3,3,3,3,3,3	4,-4,-4,3,3,3,3,3,3,3,3,3	ok
-1.311311	12.552553	-54.425847	0.552028	continued:5	24739664234858138982047535273920704865888201889876711837493816699690678265963591165069870505023217046633362579621148489165328977987949899797415602900085081435628786567950676391780949633448253616219680559998014214784634910618447122667639804607217055610037222276897125660535867393387520758988742191975475097134159821776175469287214857624750265388130867415580412873925910271279382629434282479656095907178473638142326186864698341018602123575843883404208311798618679388046194707946385968872279636660172423920762823771748609336176990325713506490614247467311351878471253089939596514261196666267475682898635077588364628629417296554229734815495315011752337585393015754405944996164827318009845582551593321289722257247006063686910061456841431892563940020873466746931070957111770150069590359792388197563206227771911411885143855184505614961998508226343153531223089971459935049708039359327667779120430067461929055441744031224422705223831560005091108633317128720548165517033711719448300771525660964913525817712220131912105082815080054605883136048554894173783193438041716508681297001277350562437894851607688119124032266056066591963623197071229719772200831481260746898621517899928612391918713268983151048632780119655930408190582553524627904057071942769938736862457235924274975877692875969260912825240440176312796169883715527296420812911085368231803397367822990876417832371726944474641149344806282859835563177758758315140869621665338558538229319788140992642348683078964438303205169238089677606281386970253341769254691973676747054001600056884371509167578247128910554017708455798400339763929792299326278161913247735847547901720607853014273297061169415154483166033077865097453650461838107532682052642437808745312631797604500447563344035980600655360681484274936965759099895773785743476559627847035998495623947412514142251410657373695628596507787826274803330499930271551011927848963095389998115464084361772602196582573023653623911344037727364227195594183603523434780747077500441651045950433605054450968920210102886398197382751252220063486096686194630712738899496659850907030285511459146924946136142303252814811401903979278425790228571196558652325907826618637862596663393079577711958009484587139118727133603578984775841831059511392904829664132579075616389269418347099007484820626482853352165533173315748528323140233506000037753936239379980930850327518548701251621213257545847129540580490183656973082502121819713680447958	24739664234858138982047535273920704865888201889876711837493816699690678265963591165069870505023217046633362579621148489165328977987949899797415602900486143006268665268678106964453841999524106595607605727243377372487650564782802452333008206763043514220470865892407412103036806892083064510289504814600080741268157165354063032161189525829409088498985531970815025159686244986955270210405434697787650037103444327391942508501376229453985083037857645944890272090078718974473418025044221755928344004123983175888817859152476099625581493080234216246769749121423440316080188755726314866454849365625903310727411127889898194381660787032015151698715736677481139420851742750719529547539689342907032684848982153429642503545479758778195831115174999007304520947563003595490867019874169994914300124258307833187901988179428014704959954258008163520937529812950909650540738739709363910934624816250948310905870516490152323845654698835235607375139145151252300518952681249670519366224367191080941950960612430590599784107574388270912656395965864142364667984575546882550050402798003370469155776659862256338059002106715868920421959433223756311341506694462249246973686264750035944554027554964157670321252914659435234646443493712854369868617979878497181771646759948311695637114584348651771431904969849110081081821640566621008549662599107020537625960765883336258880621660826890345952759029069091629711646006899098755434389884773494946170099790270755433895531567661208353484311048810800788111840705805624955225027418091239412100668589394370968315698078324185051701230955082870308677344488684612158769361767777837346776555079714088380305842729991029448146799207539621874331602727946103944468978205786901327495852333742265123780284165194551387230070682778503540508508389955375300821035286129078213174885946523545123707765089751541440362020042893894356177814940860205479243573086606885730420613924922521740011663547554099613311756973690409072205878811540836847383274224475049790457243185325279438273042557043847012495945760862308288423540927383680854827497339606169050376870686398107894177947146791089184241703574242968937991180851504354800610526401521888202577981939219626385442402993398786958505406650671605859325060691570751348645230741121655977138022407591313103172516392559634766168346842153104566194869343830694435498319973439702075544800957829477506044770101419201949849121162917842988679511434283413847620024076684849310313	-2,3,3,3,3,3,3,3,3,3,3,3	4,-4,-4,-4,3,3,3,3,3,3,3,3	ok
-1.307307	12.552553	-55.642910	0.554822	continued:5	24739664234858138982047535273920704865888201889876711837493816699690678265963591165069870505023217046633362579621148489165328977987949899797415602900085081435628786567950676391780949633448253616219680559998014214784634910618447122667639804607217055610037222276897125660535867393387520758988742191975475097134159821776175469287214857624750265388130867415580412873925910271279382629434282479656095907178473638142326186864698341018602123575843883404208311798618679388046194707946385968872279636660172423920762823771748609336176990325713506490614247467311351878471253089939596514261196666267475682898635077588364628629417296554229734815495315011752337585393015754405944996164827318009845582551593321289722257247006063686910061456841431892563940020873466746931070957111770150069590359792388197563206227771911411885143855184505614961998508226343153531223089971459935049708039359327667779120430067461929055441744031224422705223831560005091108633317128720548165517033711719448300771525660964913525817712220131912105082815080054605883136048554894173783193438041716508681297001277350562437894851607688119124032266056066591963623197071229719772200831481260746898621517899928612391918713268983151048632780119662964562615224955272082232516573860219624391388797525158568803965619851582959715126493444163214025385010484222679075733538541254336938677519858320577213126261082222107876703634988014443799459723042466865939807313462170098621510273802110074477200727790710189239796434724232268265168771327876208855251384560129805973155186008944787466690145813994448741828958685398242399644411740283504376021102246139806369606510408492840549451469396517122961183841277506170313763723572234427437236681374721304794358903114096136891133303545792185964095132388517154996467307401461623006192877589030302012077625091035466697406080506762771704815522350350242449968214220019584208434318914148100359158909679143753029398694920492804349553854965529569693457265246243878651194015319923783237068738696511787191450682232621481336789660422996610379069409921474899407696853444936065024933934485679589861499939814189140782388654260075696454421684651979624554066992826512688381456690865842009375581685321384904219623644446996167623623702794595196333711331969000714989476935040045706939151824415849649248600765204089570503279736809339261698814688659615461932316553762144963996566198596914621200952058301145179750011252431412752172391	24739664234858138982047535273920704865888201889876711837493816699690678265963591165069870505023217046633362579621148489165328977987949899797415602900486143006268665268678106964453841999524106595607605727243377372487650564782802452333008206763043514220470865892407412103036806892083064510289504814600080741268157165354063032161189525829409088498985531970815025159686244986955270210405434697787650037103444327391942508501376229453985083037857645944890272090078718974473418025044221755928344004123983175888817859152476099625581493080234216246769749121423440316080188755726314866454849365625903310727411127889898194381660787032015151698715736677481139420851742750719529547539689342907032684848982153429642503545479758778195831115174999007304520947563003595490867019874169994914300124258307833187901988179428014704959954258008163520937529812950909650540738739709363910934624816250948310905870516490152323845654698835235607375139145151252300518952681249670519366224367191080941950960612430590599784107574388270912656395965864142364667984575546882550050402798003370469155776659862256338059002106715868920421959433223756311341506694462249246973686264750035944554027554964157670321252914659435234646443493712854369868617979878497181771646759948311695637114584348651771431904969849110081081821640566621008549662599107020537625960765883336258880621660826890345952759029069091629711646006899098755434389884773494946170099790270755433895531567661208353484311048810800788111840705805624955225027418091239412100668589394370968315698078324185051701230955082870308677344488684612158769361767777837346776555079714088380305842729991029448146799207539621874331602727946103944468978205786901327495852333742265123780284165194551387230070682778503540508508389955375300821035286129078213174885946523545123707765089751541440362020042893894356177814940860205479243573086606885730420613924922521740011663547554099613311756973690409072205878811540836847383274224475049790457243185325279438273042557043847012495945760862308288423540927383680854827497339606169050376870686398107894177947146791089184241703574242968937991180851504354800610526401521888202577981939219626385442402993398786958505406650671605859325060691570751348645230741121655977138022407591313103172516392559634766168346842153104566194869343830694435498319973439702075544800957829477506044770101419201949849121162917842988679511434283413847620024076684849310313	2,3,3,3,3,3,3,3,3,3,3,3	4,-4,-4,-4,3,3,3,3,3,3,3,3	ok
-1.303303	12.552553	-56.465427	0.557615	full	24739664234858138982047535273920704865888201889876711837493816699690678265963591165069870505023217046633362579621148489165328977987949899797415602900085081435628786567950676391780949633448253616219680559998014214784634910618447122667639804607217055610037222276897125660535867393387520758988742191975475097134159821776175469287214857624750265388130867415580412873925910271279382629434282479656095907178473638142326186864698341018602123575843883404208311798618679388046194707946385968872279636660172423920762823771748609336176990325713506490614247467311351878471253089939596514261196666267475682898635077588364628629417296554229734815495315011752337585393015754405944996164827318009845582551593321289722257247006063686910061456841431892563940020873466746931070957111770150069590359792388197563206227771911411885143855184505614961998508226343153531223089971459935049708039359327667779120430067461929055441744031224422705223831560005091108633317128720548165517033711719448300771525660964913525817712220131912105082815080054605883136048554894173783193438041716508681297001277350562437894851607688119124032266056066591963623197071229719772200831481260746898621517899928612391918713268983151048632780119655930408190582553524627904057071942769938736862457235924274975877692875969260912825240440176312796169883715527296420812911085368231803397367822990876417832371726944474641149344806282859835563177758758315140869621665338558538229319788140992642348683078964438303205169238089677606281386970253341769254691973676747054001600056884371509167578247128910554017708455798400339763929792299326278161913247735847547901720607853014273297061169415154483166033077865097453650461838107532682052642437808745312631797604500447563344035980600655360681484274936965759099895773785743476559627847035998495623947412514142251410657373695628596507787826274803330499930271551011927848963095389998115464084361772602196582573023653623911344037727364227195594183603523434780747077500441651045950433605054450968920210102886398197382751252220063486096686194630712738899496659850907030285511459146924946136142303252814811401903979278425790228571196558652325907826618637862596663393079577711958009484587139118727133603578984775841831059511392904829664132579075616389269418347099007484820626482853352165533173315748528323140233506000037753936239379980930850327518548701251621213257545847129540580490183656973082502121819713680447958	24739664234858138982047535273920704865888201889876711837493816699690678265963591165069870505023217046633362579621148489165328977987949899797415602900486143006268665268678106964453841999524106595607605727243377372487650564782802452333008206763043514220470865892407412103036806892083064510289504814600080741268157165354063032161189525829409088498985531970815025159686244986955270210405434697787650037103444327391942508501376229453985083037857645944890272090078718974473418025044221755928344004123983175888817859152476099625581493080234216246769749121423440316080188755726314866454849365625903310727411127889898194381660787032015151698715736677481139420851742750719529547539689342907032684848982153429642503545479758778195831115174999007304520947563003595490867019874169994914300124258307833187901988179428014704959954258008163520937529812950909650540738739709363910934624816250948310905870516490152323845654698835235607375139145151252300518952681249670519366224367191080941950960612430590599784107574388270912656395965864142364667984575546882550050402798003370469155776659862256338059002106715868920421959433223756311341506694462249246973686264750035944554027554964157670321252914659435234646443493712854369868617979878497181771646759948311695637114584348651771431904969849110081081821640566621008549662599107020537625960765883336258880621660826890345952759029069091629711646006899098755434389884773494946170099790270755433895531567661208353484311048810800788111840705805624955225027418091239412100668589394370968315698078324185051701230955082870308677344488684612158769361767777837346776555079714088380305842729991029448146799207539621874331602727946103944468978205786901327495852333742265123780284165194551387230070682778503540508508389955375300821035286129078213174885946523545123707765089751541440362020042893894356177814940860205479243573086606885730420613924922521740011663547554099613311756973690409072205878811540836847383274224475049790457243185325279438273042557043847012495945760862308288423540927383680854827497339606169050376870686398107894177947146791089184241703574242968937991180851504354800610526401521888202577981939219626385442402993398786958505406650671605859325060691570751348645230741121655977138022407591313103172516392559634766168346842153104566194869343830694435498319973439702075544800957829477506044770101419201949849121162917842988679511434283413847620024076684849310313	-2,3,3,3,3,3,3,3,3,3,3,3	4,-4,-4,-4,3,3,3,3,3,3,3,3	ok
-1.299299	12.552553								error: Could not locate the first local maximum of the reduced return map.
-1.295295	12.552553								error: Could not locate the first local maximum of the reduced return map.
-1.291291	12.552553								error: Could not locate the first local maximum of the reduced return map.
-1.287287	12.552553								error: Could not locate the first local maximum of the reduced return map.
-1.283283	12.552553								error: Could not locate the first local maximum of the reduced return map.
-1.279279	12.552553	-46.557233	0.554166	continued:5	24739664234858138982047535273920704865888201889876711837493816699690678266527069749440504790571412139398611409270908450362730376250155074764676347344069888126517298474570859817860608502873391373146285427510315747585633769201540786967750755426439244909325087395028128868044225308262789884128060956514754247517702306425810931411575896427989859706075064718218471893517140662118299639008577497356111854595428210166315807732026393320608795249168317651695729421548767897306733768613302513900313747234910216702628396343057972743120228768071687743367812170271420131539175277064250947772621001186024499362164170113969037248276327644674423496719281068224647688689343687707265802860245639651607134326359641136324726585371262331364916625440921082380001792334509530862900701385682064100476033324289461171828023477494502451890058053706879749446830279215332206384905322345331554956873043720142257549509061263656508818618752241259600679674848847524613277440716293223210481620721238376094141656723446188028021149687164815920155927512079209571023792623637758171695631301409761954681699511155458453188936526605094181737900601141376338772559054179777941237701136271611441712313440501780354334800184683076010868292580542815278529293131767184906067258996877440304253440422071461829122747256517223988547010980428557285793324291381990492781961298423857761842268078596151326456326184621134638946065565595850022826767957244544465954710461807568697218959899888374854908060301617088258122496195316486134280928956310928107167419610735359312814915723149512807782354777022414558061509932818019671369978000604704856981209060343682768328277669532414578872491591656068266292507409540611660401450785778657945181192470214080718364618822932174520846026535752501147377226760183072685229931696556095311513087770088357701194795773758434776676004699771484080964283163866215817235586533774982733959435414508666524237336017162482275770549627192395076726745203768453976675933091159245504974415588873990683598409790480277911408214893733955882764522900413055252869488713672046373473834332421775721953528845286379560460676788224118160867316771546725148054239776762323218535594020814300514207698017816552298945794534315161958440591681788346655119522609630279874691572367809380046008890063416622787741091030697557091233893907126323364828812667589056985657259576638232240649949566374976321943456783541890451769802561201116527514291529196310166728	24739664234858138982047535273920704865888201889876711837493816699690678265963591165069870505023217046633362579621148489165328977987949899797415602900486143006268665268678106964453841999524106595607605727243377372487650564782802452333008206763043514220470865892407412103036806892083064510289504814600080741268157165354063032161189525829409088498985531970815025159686244986955270210405434697787650037103444327391942508501376229453985083037857645944890272090078718974473418025044221755928344004123983175888817859152476099625581493080234216246769749121423440316080188755726314866454849365625903310727411127889898194381660787032015151698715736677481139420851742750719529547539689342907032684848982153429642503545479758778195831115174999007304520947563003595490867019874169994914300124258307833187901988179428014704959954258008163520937529812950909650540738739709363910934624816250948310905870516490152323845654698835235607375139145151252300518952681249670519366224367191080941950960612430590599784107574388270912656395965864142364667984575546882550050402798003370469155776659862256338059002106715868920421959433223756311341506694462249246973686264750035944554027554964157670321252914659435234646443493712854369868617979878497181771646759948311695637114584348651771431904969849110081081821640566621008549662599107020537625960765883336258880621660826890345952759029069091629711646006899098755434389884773494946170099790270755433895531567661208353484311048810800788111840705805624955225027418091239412100668589394370968315698078324185051701230955082870308677344488684612158769361767777837346776555079714088380305842729991029448146799207539621874331602727946103944468978205786901327495852333742265123780284165194551387230070682778503540508508389955375300821035286129078213174885946523545123707765089751541440362020042893894356177814940860205479243573086606885730420613924922521740011663547554099613311756973690409072205878811540836847383274224475049790457243185325279438273042557043847012495945760862308288423540927383680854827497339606169050376870686398107894177947146791089184241703574242968937991180851504354800610526401521888202577981939219626385442402993398786958505406650671605859325060691570751348645230741121655977138022407591313103172516392559634766168346842153104566194869343830694435498319973439702075544800957829477506044770101419201949849121162917842988679511434283413847620024076684849310313	1,4,-4,-4,-4,3,3,3,3,3,3,3	4,-4,-4,-4,3,3,3,3,3,3,3,3	ok
-1.275275	12.552553	-50.084140	0.551373	continued:5	24739664234858138982047535273920704865888201889876711837493816699690678266527069749440504790571412139398611409270908450362730376250155074764676347344069888126517298474570859817860608502873391373146285427510315747585633769201540786967750755426439244909325087395028128868044225308262789884128060956514754247517702306425810931411575896427989859706075064718218471893517140662118299639008577497356111854595428210166315807732026393320608795249168317651695729421548767897306733768613302513900313747234910216702628396343057972743120228768071687743367812170271420131539175277064250947772621001186024499362164170113969037248276327644674423496719281068224647688689343687707265802860245639651607134326359641136324726585371262331364916625440921082380001792334509530862900701385682064100476033324289461171828023477494502451890058053706879749446830279215332206384905322345331554956873043720142257549509061263656508818618752241259600679674848847524613277440716293223210481620721238376094141656723446188028021149687164815920155927512079209571023792623637758171695631301409761954681699511155458453188936526605094181737900601141376338772559054179777941237701136271611441712313440501780354334800184683076010868292580556883587378577935262093562986262831776811613306121000540049485298601207744781805322965051445752193141291970099859358304212033376390252519933410500300117460943826950337142532482407223339004711599116744121602002450711412006949285181235045586424857602366907304376221514858251709719030402231002513612188059347405404885802764525018138093927991200892413632093719167015931953101716632092709511035409221789764960228143026836194581116662721163145221521314828882123190429294324141346481881676165388633425183435137850393170397275935603509349614785533759256662716509156320263989891714894713081540607581973180428623449090621882495250171905047194393413104629062175699256796056546447588089553389588497403694897885369885015184517656689491700077289283790517678116632224511196173429212925753886547763111924404780435446866944609396073616747728296990381684950421193974227931046721614133771631438158752559467048564135877156960228525865157749822356466657188722436042638503345720834352419523907528295609179767013581696008003371016228095049673253001118957990648730910547076300758018232017033329206804643448200288677170843289137587136241307555893724030430716584261974253765777358240079058853747442899934620077427862825834449	24739664234858138982047535273920704865888201889876711837493816699690678265963591165069870505023217046633362579621148489165328977987949899797415602900486143006268665268678106964453841999524106595607605727243377372487650564782802452333008206763043514220470865892407412103036806892083064510289504814600080741268157165354063032161189525829409088498985531970815025159686244986955270210405434697787650037103444327391942508501376229453985083037857645944890272090078718974473418025044221755928344004123983175888817859152476099625581493080234216246769749121423440316080188755726314866454849365625903310727411127889898194381660787032015151698715736677481139420851742750719529547539689342907032684848982153429642503545479758778195831115174999007304520947563003595490867019874169994914300124258307833187901988179428014704959954258008163520937529812950909650540738739709363910934624816250948310905870516490152323845654698835235607375139145151252300518952681249670519366224367191080941950960612430590599784107574388270912656395965864142364667984575546882550050402798003370469155776659862256338059002106715868920421959433223756311341506694462249246973686264750035944554027554964157670321252914659435234646443493712854369868617979878497181771646759948311695637114584348651771431904969849110081081821640566621008549662599107020537625960765883336258880621660826890345952759029069091629711646006899098755434389884773494946170099790270755433895531567661208353484311048810800788111840705805624955225027418091239412100668589394370968315698078324185051701230955082870308677344488684612158769361767777837346776555079714088380305842729991029448146799207539621874331602727946103944468978205786901327495852333742265123780284165194551387230070682778503540508508389955375300821035286129078213174885946523545123707765089751541440362020042893894356177814940860205479243573086606885730420613924922521740011663547554099613311756973690409072205878811540836847383274224475049790457243185325279438273042557043847012495945760862308288423540927383680854827497339606169050376870686398107894177947146791089184241703574242968937991180851504354800610526401521888202577981939219626385442402993398786958505406650671605859325060691570751348645230741121655977138022407591313103172516392559634766168346842153104566194869343830694435498319973439702075544800957829477506044770101419201949849121162917842988679511434283413847620024076684849310313	2,4,-4,-4,-4,3,3,3,3,3,3,3	4,-4,-4,-4,3,3,3,3,3,3,3,3	ok
-1.271271	12.552553	-52.653388	0.548579	continued:5	24739664234858138982047535273920704865888201889876711837493816699690678265963591165069870505023217046633362579621148489165328977987949899797415602900486143006268665268678106964453841999524106595607605727243377372487650564782802452333008206763043514220470865892407412103036806892083064510289504814600080741268157165354063032161189525829409088498985531970815025159686244986955270210405434697787650037103444327391942508501376229453985083037857645944890272090078718974473418025044221755928344004123983175888817859152476099625581493080234216246769749121423440316080188755726314866454849365625903310727411127889898194381660787032015151698715736677481139420851742750719529547539689342907032684848982153429642503545479758778195831115174999007304520947563003595490867019874169994914300124258307833187901988179428014704959954258008163520937529812950909650540738739709363910934624816250948310905870516490152323845654698835235607375139145151252300518952681249670519366224367191080941950960612430590599784107574388270912656395965864142364667984575546882550050402798003370469155776659862256338059002106715868920421959433223756311341506694462249246973686264750035944554027554964157670321252914659435234646443493677683597745405971141225539474137172699883423005413138177182630992270091780616069575556620632114862474028755630107263022823486452810582479861484178386084401732841472850038162089857730565405969047435643920136439634336604016728923871833481559806979683137755206220799504109663331208514413464430418551053706989442470258202310367381155045766426374273253898576206837490031074086028221393484536720474016085653508931383903513694137058764136569652465772117298842821928522143333156039359822831589477971662862806772542865053653268812787194981044774561432027631927740266279297127218941745071346551870491710228931443732125082669073300133305333557226381450558628803418742838780575592664663498499732751742981131906329221811915572836440111786562018495581399857715929689574591275483205964204612337157102215690145590491757373012687396302905949244185968504318632423096835739322206969511655795900949956880726578854591280830716907776049686818330424314656174016109138495605656679904045914457526289307375818001406305017117144535218152699191238593044812519708769054010738927750601064808233841054319348937955463320904378159806803983217193136649028784818187695263085809235629577995855098293430968673291470193274242954506200738	24739664234858138982047535273920704865888201889876711837493816699690678265963591165069870505023217046633362579621148489165328977987949899797415602900486143006268665268678106964453841999524106595607605727243377372487650564782802452333008206763043514220470865892407412103036806892083064510289504814600080741268157165354063032161189525829409088498985531970815025159686244986955270210405434697787650037103444327391942508501376229453985083037857645944890272090078718974473418025044221755928344004123983175888817859152476099625581493080234216246769749121423440316080188755726314866454849365625903310727411127889898194381660787032015151698715736677481139420851742750719529547539689342907032684848982153429642503545479758778195831115174999007304520947563003595490867019874169994914300124258307833187901988179428014704959954258008163520937529812950909650540738739709363910934624816250948310905870516490152323845654698835235607375139145151252300518952681249670519366224367191080941950960612430590599784107574388270912656395965864142364667984575546882550050402798003370469155776659862256338059002106715868920421959433223756311341506694462249246973686264750035944554027554964157670321252914659435234646443493712854369868617979878497181771646759948311695637114584348651771431904969849110081081821640566621008549662599107020537625960765883336258880621660826890345952759029069091629711646006899098755434389884773494946170099790270755433895531567661208353484311048810800788111840705805624955225027418091239412100668589394370968315698078324185051701230955082870308677344488684612158769361767777837346776555079714088380305842729991029448146799207539621874331602727946103944468978205786901327495852333742265123780284165194551387230070682778503540508508389955375300821035286129078213174885946523545123707765089751541440362020042893894356177814940860205479243573086606885730420613924922521740011663547554099613311756973690409072205878811540836847383274224475049790457243185325279438273042557043847012495945760862308288423540927383680854827497339606169050376870686398107894177947146791089184241703574242968937991180851504354800610526401521888202577981939219626385442402993398786958505406650671605859325060691570751348645230741121655977138022407591313103172516392559634766168346842153104566194869343830694435498319973439702075544800957829477506044770101419201949849121162917842988679511434283413847620024076684849310313	-2,-4,-4,-4,3,3,3,3,3,3,3,3	4,-4,-4,-4,3,3,3,3,3,3,3,3	ok
-1.267267	12.552553	-54.490070	0.551373	continued:5	24739664234858138982047535273920704865888201889876711837493816699690678265963591165069870505023217046633362579621148489165328977987949899797415602900085081435628786567950676391780949633448253616219680559998014214784634910618447122667639804607217055610037222276897125660535867393387520758988742191975475097134159821776175469287214857624750265388130867415580412873925910271279382629434282479656095907178473638142326186864698341018602123575843883404208311798618679388046194707946385968872279636660172423920762823771748609336176990325713506490614247467311351878471253089939596514261196666267475682898635077588364628629417296554229734815495315011752337585393015754405944996164827318009845582551593321289722257247006063686910061456841431892563940020873466746931070957111770150069590359792388197563206227771911411885143855184505614961998508226343153531223089971459935049708039359327667779120430067461929055441744031224422705223831560005091108633317128720548165517033711719448300771525660964913525817712220131912105082815080054605883136048554894173783193438041716508681297001277350562437894851607688119124032266056066591963623197071229719772200831481260746898621517899928612391918713268983151048632780119648896253765940151777173575597570025320253082336116946689981147789765900355562110523987436189411566954756946831913765892283629482126668117215787661175622538482371666841405595054624551275871666632475049764341931929868507018454948365774171910807496638367218687366613903751947086947394002612630474683257999387223688134848014104823955551645010680263372366206458226198558279883447844315148180302724249331888726196930807213187997142652942313186005148224878224024593537200103980637926868603500896185830904692094904758235554768415409124757267836161356776521732484146109863946926378105041694979170269733992817805415234240628485488200053302199364211031646323082439647263607276631895871769259044401451363766451126814443473134220489198884697731101960802990910300139680959518854832128513597114746389737973151315057975842081443516593123962467786526070102139874765749035637088432614260030772344792316488840415153698481155126035457741137680097748660410763036811870095293313414540437283852893333234643562710973384060038416228190613325616933189150517789061901654152308030489428549857055082465581427407486143000730202660813809057790100346399768338483335257539245860316494779637880208922066168766414992991208014608723526	24739664234858138982047535273920704865888201889876711837493816699690678265963591165069870505023217046633362579621148489165328977987949899797415602900486143006268665268678106964453841999524106595607605727243377372487650564782802452333008206763043514220470865892407412103036806892083064510289504814600080741268157165354063032161189525829409088498985531970815025159686244986955270210405434697787650037103444327391942508501376229453985083037857645944890272090078718974473418025044221755928344004123983175888817859152476099625581493080234216246769749121423440316080188755726314866454849365625903310727411127889898194381660787032015151698715736677481139420851742750719529547539689342907032684848982153429642503545479758778195831115174999007304520947563003595490867019874169994914300124258307833187901988179428014704959954258008163520937529812950909650540738739709363910934624816250948310905870516490152323845654698835235607375139145151252300518952681249670519366224367191080941950960612430590599784107574388270912656395965864142364667984575546882550050402798003370469155776659862256338059002106715868920421959433223756311341506694462249246973686264750035944554027554964157670321252914659435234646443493712854369868617979878497181771646759948311695637114584348651771431904969849110081081821640566621008549662599107020537625960765883336258880621660826890345952759029069091629711646006899098755434389884773494946170099790270755433895531567661208353484311048810800788111840705805624955225027418091239412100668589394370968315698078324185051701230955082870308677344488684612158769361767777837346776555079714088380305842729991029448146799207539621874331602727946103944468978205786901327495852333742265123780284165194551387230070682778503540508508389955375300821035286129078213174885946523545123707765089751541440362020042893894356177814940860205479243573086606885730420613924922521740011663547554099613311756973690409072205878811540836847383274224475049790457243185325279438273042557043847012495945760862308288423540927383680854827497339606169050376870686398107894177947146791089184241703574242968937991180851504354800610526401521888202577981939219626385442402993398786958505406650671605859325060691570751348645230741121655977138022407591313103172516392559634766168346842153104566194869343830694435498319973439702075544800957829477506044770101419201949849121162917842988679511434283413847620024076684849310313	1,3,3,3,3,3,3,3,3,3,3,3	4,-4,-4,-4,3,3,3,3,3,3,3,3	ok
-1.263263	12.552553	-55.647778	0.554166	continued:5	24739664234858138982047535273920704865888201889876711837493816699690678265963591165069870505023217046633362579621148489165328977987949899797415602900085081435628786567950676391780949633448253616219680559998014214784634910618447122667639804607217055610037222276897125660535867393387520758988742191975475097134159821776175469287214857624750265388130867415580412873925910271279382629434282479656095907178473638142326186864698341018602123575843883404208311798618679388046194707946385968872279636660172423920762823771748609336176990325713506490614247467311351878471253089939596514261196666267475682898635077588364628629417296554229734815495315011752337585393015754405944996164827318009845582551593321289722257247006063686910061456841431892563940020873466746931070957111770150069590359792388197563206227771911411885143855184505614961998508226343153531223089971459935049708039359327667779120430067461929055441744031224422705223831560005091108633317128720548165517033711719448300771525660964913525817712220131912105082815080054605883136048554894173783193438041716508681297001277350562437894851607688119124032266056066591963623197071229719772200831481260746898621517899928612391918713268983151048632780119662964562615224955272082232516573860219624391388797525158568803965619851582959715126493444163214025385010484222679075733538541254336938677519858320577213126261082222107876703634988014443799459723042466865939807313462170098621510273802110074477200727790710189239796434724232268265168771327876208855251384560129805973155186008944787466690145813994448741828958685398242399644411740283504376021102246139806369606510408492840549451469396517122961183841277506170313763723572234427437236681374721304794358903114096136891133303545792185964095132388517154996467307401461623006192877589030302012077625091035466697406080506762771704815522350350242449968214220019584208434318914148100359158909679143753029398694920492804349553854965529569693457265246243878651194015319923783237068738696511787191450682232621481336789660422996610379069409921474899407696853444936065024933934485679589861499939814189140782388654260075696454421684651979624554066992826512688381456690865842009375581685321384904219623644446996167623623702794595196333711331969000714989476935040045706939151824415849649248600765204089570503279736809339261698814688659615461932316553762144963996566198596914621200952058301145179750011252431412752172391	24739664234858138982047535273920704865888201889876711837493816699690678265963591165069870505023217046633362579621148489165328977987949899797415602900486143006268665268678106964453841999524106595607605727243377372487650564782802452333008206763043514220470865892407412103036806892083064510289504814600080741268157165354063032161189525829409088498985531970815025159686244986955270210405434697787650037103444327391942508501376229453985083037857645944890272090078718974473418025044221755928344004123983175888817859152476099625581493080234216246769749121423440316080188755726314866454849365625903310727411127889898194381660787032015151698715736677481139420851742750719529547539689342907032684848982153429642503545479758778195831115174999007304520947563003595490867019874169994914300124258307833187901988179428014704959954258008163520937529812950909650540738739709363910934624816250948310905870516490152323845654698835235607375139145151252300518952681249670519366224367191080941950960612430590599784107574388270912656395965864142364667984575546882550050402798003370469155776659862256338059002106715868920421959433223756311341506694462249246973686264750035944554027554964157670321252914659435234646443493712854369868617979878497181771646759948311695637114584348651771431904969849110081081821640566621008549662599107020537625960765883336258880621660826890345952759029069091629711646006899098755434389884773494946170099790270755433895531567661208353484311048810800788111840705805624955225027418091239412100668589394370968315698078324185051701230955082870308677344488684612158769361767777837346776555079714088380305842729991029448146799207539621874331602727946103944468978205786901327495852333742265123780284165194551387230070682778503540508508389955375300821035286129078213174885946523545123707765089751541440362020042893894356177814940860205479243573086606885730420613924922521740011663547554099613311756973690409072205878811540836847383274224475049790457243185325279438273042557043847012495945760862308288423540927383680854827497339606169050376870686398107894177947146791089184241703574242968937991180851504354800610526401521888202577981939219626385442402993398786958505406650671605859325060691570751348645230741121655977138022407591313103172516392559634766168346842153104566194869343830694435498319973439702075544800957829477506044770101419201949849121162917842988679511434283413847620024076684849310313	2,3,3,3,3,3,3,3,3,3,3,3	4,-4,-4,-4,3,3,3,3,3,3,3,3	ok
-1.259259	12.552553	-56.431186	0.556959	full	24739664234858138982047535273920704865888201889876711837493816699690678265963591165069870505023217046633362579621148489165328977987949899797415602900085081435628786567950676391780949633448253616219680559998014214784634910618447122667639804607217055610037222276897125660535867393387520758988742191975475097134159821776175469287214857624750265388130867415580412873925910271279382629434282479656095907178473638142326186864698341018602123575843883404208311798618679388046194707946385968872279636660172423920762823771748609336176990325713506490614247467311351878471253089939596514261196666267475682898635077588364628629417296554229734815495315011752337585393015754405944996164827318009845582551593321289722257247006063686910061456841431892563940020873466746931070957111770150069590359792388197563206227771911411885143855184505614961998508226343153531223089971459935049708039359327667779120430067461929055441744031224422705223831560005091108633317128720548165517033711719448300771525660964913525817712220131912105082815080054605883136048554894173783193438041716508681297001277350562437894851607688119124032266056066591963623197071229719772200831481260746898621517899928612391918713268983151048632780119655930408190582553524627904057071942769938736862457235924274975877692875969260912825240440176312796169883715527296420812911085368231803397367822990876417832371726944474641149344806282859835563177758758315140869621665338558538229319788140992642348683078964438303205169238089677606281386970253341769254691973676747054001600056884371509167578247128910554017708455798400339763929792299326278161913247735847547901720607853014273297061169415154483166033077865097453650461838107532682052642437808745312631797604500447563344035980600655360681484274936965759099895773785743476559627847035998495623947412514142251410657373695628596507787826274803330499930271551011927848963095389998115464084361772602196582573023653623911344037727364227195594183603523434780747077500441651045950433605054450968920210102886398197382751252220063486096686194630712738899496659850907030285511459146924946136142303252814811401903979278425790228571196558652325907826618637862596663393079577711958009484587139118727133603578984775841831059511392904829664132579075616389269418347099007484820626482853352165533173315748528323140233506000037753936239379980930850327518548701251621213257545847129540580490183656973082502121819713680447958	24739664234858138982047535273920704865888201889876711837493816699690678265963591165069870505023217046633362579621148489165328977987949899797415602900486143006268665268678106964453841999524106595607605727243377372487650564782802452333008206763043514220470865892407412103036806892083064510289504814600080741268157165354063032161189525829409088498985531970815025159686244986955270210405434697787650037103444327391942508501376229453985083037857645944890272090078718974473418025044221755928344004123983175888817859152476099625581493080234216246769749121423440316080188755726314866454849365625903310727411127889898194381660787032015151698715736677481139420851742750719529547539689342907032684848982153429642503545479758778195831115174999007304520947563003595490867019874169994914300124258307833187901988179428014704959954258008163520937529812950909650540738739709363910934624816250948310905870516490152323845654698835235607375139145151252300518952681249670519366224367191080941950960612430590599784107574388270912656395965864142364667984575546882550050402798003370469155776659862256338059002106715868920421959433223756311341506694462249246973686264750035944554027554964157670321252914659435234646443493712854369868617979878497181771646759948311695637114584348651771431904969849110081081821640566621008549662599107020537625960765883336258880621660826890345952759029069091629711646006899098755434389884773494946170099790270755433895531567661208353484311048810800788111840705805624955225027418091239412100668589394370968315698078324185051701230955082870308677344488684612158769361767777837346776555079714088380305842729991029448146799207539621874331602727946103944468978205786901327495852333742265123780284165194551387230070682778503540508508389955375300821035286129078213174885946523545123707765089751541440362020042893894356177814940860205479243573086606885730420613924922521740011663547554099613311756973690409072205878811540836847383274224475049790457243185325279438273042557043847012495945760862308288423540927383680854827497339606169050376870686398107894177947146791089184241703574242968937991180851504354800610526401521888202577981939219626385442402993398786958505406650671605859325060691570751348645230741121655977138022407591313103172516392559634766168346842153104566194869343830694435498319973439702075544800957829477506044770101419201949849121162917842988679511434283413847620024076684849310313	-2,3,3,3,3,3,3,3,3,3,3,3	4,-4,-4,-4,3,3,3,3,3,3,3,3	ok
-1.255255	12.552553	-46.491513	0.545307	continued:5	24739664234858138982047535273920704865888201889876711837493816699690678266527069749440504790571412139398611409270908450362730376250155074764676347344069888126517298474570859817860608502873391373146285427510315747585633769201540786967750755426439244909325087395028128868044225308262789884128060956514754247517702306425810931411575896427989859706075064718218471893517140662118299639008577497356111854595428210166315807732026393320608795249168317651695729421548767897306733768613302513900313747234910216702628396343057972743120228768071687743367812170271420131539175277064250947772621001186024499362164170113969037248276327644674423496719281068224647688689343687707265802860245639651607134326359641136324726585371262331364916625440921082380001792334509530862900701385682064100476033324289461171828023477494502451890058053706879749446830279215332206384905322345331554956873043720142257549509061263656508818618752241259600679674848847524613277440716293223210481620721238376094141656723446188028021149687164815920155927512079209571023792623637758171695631301409761954681699511155458453188936526605094181737900601141376338772559054179777941237701136271611441712313440501780354334800184683076010868292580549849432953935533514639234526760914327125958779780711305755657210674232131002896934988015937154739467308130740924925543086665900124007181100744548225721958635005785735890739273986409594513769183536994333033978580586609787823252070567466980639882831334262196317172005526784097926655665593656720859677739479070382099308840124083825450855172988957414095077614549916975812235847316348707184008309141066723864278210348184304579994577156409606743906911119211367425415372554960002213531434317801357071774026980391283845621651235678005248496006146971164673973220426438179650702401332400719620901188873469431700062547660826989665568094105530304615170107797975340995377745980478127306895362802829942985334217498538705130622200946630077026982608440838461810803320050035082056405667772183412837260069649257195664815733754904564434808608505331214029212127763198001826500125229710075595949417770391792604715726324351842688290052467256072787501125604768368278423100681768693325682659220921728783810179347685021331561446812929187462182412684464169018328810486981849544249554631357295210220349275287261826752991755439097286396750442097062982340190141479619148098611280450065265414328154322008231067184478529568000588	24739664234858138982047535273920704865888201889876711837493816699690678265963591165069870505023217046633362579621148489165328977987949899797415602900486143006268665268678106964453841999524106595607605727243377372487650564782802452333008206763043514220470865892407412103036806892083064510289504814600080741268157165354063032161189525829409088498985531970815025159686244986955270210405434697787650037103444327391942508501376229453985083037857645944890272090078718974473418025044221755928344004123983175888817859152476099625581493080234216246769749121423440316080188755726314866454849365625903310727411127889898194381660787032015151698715736677481139420851742750719529547539689342907032684848982153429642503545479758778195831115174999007304520947563003595490867019874169994914300124258307833187901988179428014704959954258008163520937529812950909650540738739709363910934624816250948310905870516490152323845654698835235607375139145151252300518952681249670519366224367191080941950960612430590599784107574388270912656395965864142364667984575546882550050402798003370469155776659862256338059002106715868920421959433223756311341506694462249246973686264750035944554027554964157670321252914659435234646443493712854369868617979878497181771646759948311695637114584348651771431904969849110081081821640566621008549662599107020537625960765883336258880621660826890345952759029069091629711646006899098755434389884773494946170099790270755433895531567661208353484311048810800788111840705805624955225027418091239412100668589394370968315698078324185051701230955082870308677344488684612158769361767777837346776555079714088380305842729991029448146799207539621874331602727946103944468978205786901327495852333742265123780284165194551387230070682778503540508508389955375300821035286129078213174885946523545123707765089751541440362020042893894356177814940860205479243573086606885730420613924922521740011663547554099613311756973690409072205878811540836847383274224475049790457243185325279438273042557043847012495945760862308288423540927383680854827497339606169050376870686398107894177947146791089184241703574242968937991180851504354800610526401521888202577981939219626385442402993398786958505406650671605859325060691570751348645230741121655977138022407591313103172516392559634766168346842153104566194869343830694435498319973439702075544800957829477506044770101419201949849121162917842988679511434283413847620024076684849310313	-2,4,-4,-4,-4,3,3,3,3,3,3,3	4,-4,-4,-4,3,3,3,3,3,3,3,3	ok
-1.251251	12.552553	-50.135336	0.548100	continued:5	24739664234858138982047535273920704865888201889876711837493816699690678266527069749440504790571412139398611409270908450362730376250155074764676347344069888126517298474570859817860608502873391373146285427510315747585633769201540786967750755426439244909325087395028128868044225308262789884128060956514754247517702306425810931411575896427989859706075064718218471893517140662118299639008577497356111854595428210166315807732026393320608795249168317651695729421548767897306733768613302513900313747234910216702628396343057972743120228768071687743367812170271420131539175277064250947772621001186024499362164170113969037248276327644674423496719281068224647688689343687707265802860245639651607134326359641136324726585371262331364916625440921082380001792334509530862900701385682064100476033324289461171828023477494502451890058053706879749446830279215332206384905322345331554956873043720142257549509061263656508818618752241259600679674848847524613277440716293223210481620721238376094141656723446188028021149687164815920155927512079209571023792623637758171695631301409761954681699511155458453188936526605094181737900601141376338772559054179777941237701136271611441712313440501780354334800184683076010868292580556883587378577935262093562986262831776811613306121000540049485298601207744781805322965051445752193141291970099859358304212033376390252519933410500300117460943826950337142532482407223339004711599116744121602002450711412006949285181235045586424857602366907304376221514858251709719030402231002513612188059347405404885802764525018138093927991200892413632093719167015931953101716632092709511035409221789764960228143026836194581116662721163145221521314828882123190429294324141346481881676165388633425183435137850393170397275935603509349614785533759256662716509156320263989891714894713081540607581973180428623449090621882495250171905047194393413104629062175699256796056546447588089553389588497403694897885369885015184517656689491700077289283790517678116632224511196173429212925753886547763111924404780435446866944609396073616747728296990381684950421193974227931046721614133771631438158752559467048564135877156960228525865157749822356466657188722436042638503345720834352419523907528295609179767013581696008003371016228095049673253001118957990648730910547076300758018232017033329206804643448200288677170843289137587136241307555893724030430716584261974253765777358240079058853747442899934620077427862825834449	24739664234858138982047535273920704865888201889876711837493816699690678265963591165069870505023217046633362579621148489165328977987949899797415602900486143006268665268678106964453841999524106595607605727243377372487650564782802452333008206763043514220470865892407412103036806892083064510289504814600080741268157165354063032161189525829409088498985531970815025159686244986955270210405434697787650037103444327391942508501376229453985083037857645944890272090078718974473418025044221755928344004123983175888817859152476099625581493080234216246769749121423440316080188755726314866454849365625903310727411127889898194381660787032015151698715736677481139420851742750719529547539689342907032684848982153429642503545479758778195831115174999007304520947563003595490867019874169994914300124258307833187901988179428014704959954258008163520937529812950909650540738739709363910934624816250948310905870516490152323845654698835235607375139145151252300518952681249670519366224367191080941950960612430590599784107574388270912656395965864142364667984575546882550050402798003370469155776659862256338059002106715868920421959433223756311341506694462249246973686264750035944554027554964157670321252914659435234646443493712854369868617979878497181771646759948311695637114584348651771431904969849110081081821640566621008549662599107020537625960765883336258880621660826890345952759029069091629711646006899098755434389884773494946170099790270755433895531567661208353484311048810800788111840705805624955225027418091239412100668589394370968315698078324185051701230955082870308677344488684612158769361767777837346776555079714088380305842729991029448146799207539621874331602727946103944468978205786901327495852333742265123780284165194551387230070682778503540508508389955375300821035286129078213174885946523545123707765089751541440362020042893894356177814940860205479243573086606885730420613924922521740011663547554099613311756973690409072205878811540836847383274224475049790457243185325279438273042557043847012495945760862308288423540927383680854827497339606169050376870686398107894177947146791089184241703574242968937991180851504354800610526401521888202577981939219626385442402993398786958505406650671605859325060691570751348645230741121655977138022407591313103172516392559634766168346842153104566194869343830694435498319973439702075544800957829477506044770101419201949849121162917842988679511434283413847620024076684849310313	2,4,-4,-4,-4,3,3,3,3,3,3,3	4,-4,-4,-4,3,3,3,3,3,3,3,3	ok
-1.247247	12.552553	-52.703895	0.545307	continued:5	24739664234858138982047535273920704865888201889876711837493816699690678265963591165069870505023217046633362579621148489165328977987949899797415602900486143006268665268678106964453841999524106595607605727243377372487650564782802452333008206763043514220470865892407412103036806892083064510289504814600080741268157165354063032161189525829409088498985531970815025159686244986955270210405434697787650037103444327391942508501376229453985083037857645944890272090078718974473418025044221755928344004123983175888817859152476099625581493080234216246769749121423440316080188755726314866454849365625903310727411127889898194381660787032015151698715736677481139420851742750719529547539689342907032684848982153429642503545479758778195831115174999007304520947563003595490867019874169994914300124258307833187901988179428014704959954258008163520937529812950909650540738739709363910934624816250948310905870516490152323845654698835235607375139145151252300518952681249670519366224367191080941950960612430590599784107574388270912656395965864142364667984575546882550050402798003370469155776659862256338059002106715868920421959433223756311341506694462249246973686264750035944554027554964157670321252914659435234646443493677683597745405971141225539474137172699883423005413138177182630992270091780616069575556620632114862474028755630107263022823486452810582479861484178386084401732841472850038162089857730565405969047435643920136439634336604016728923871833481559806979683137755206220799504109663331208514413464430418551053706989442470258202310367381155045766426374273253898576206837490031074086028221393484536720474016085653508931383903513694137058764136569652465772117298842821928522143333156039359822831589477971662862806772542865053653268812787194981044774561432027631927740266279297127218941745071346551870491710228931443732125082669073300133305333557226381450558628803418742838780575592664663498499732751742981131906329221811915572836440111786562018495581399857715929689574591275483205964204612337157102215690145590491757373012687396302905949244185968504318632423096835739322206969511655795900949956880726578854591280830716907776049686818330424314656174016109138495605656679904045914457526289307375818001406305017117144535218152699191238593044812519708769054010738927750601064808233841054319348937955463320904378159806803983217193136649028784818187695263085809235629577995855098293430968673291470193274242954506200738	24739664234858138982047535273920704865888201889876711837493816699690678265963591165069870505023217046633362579621148489165328977987949899797415602900486143006268665268678106964453841999524106595607605727243377372487650564782802452333008206763043514220470865892407412103036806892083064510289504814600080741268157165354063032161189525829409088498985531970815025159686244986955270210405434697787650037103444327391942508501376229453985083037857645944890272090078718974473418025044221755928344004123983175888817859152476099625581493080234216246769749121423440316080188755726314866454849365625903310727411127889898194381660787032015151698715736677481139420851742750719529547539689342907032684848982153429642503545479758778195831115174999007304520947563003595490867019874169994914300124258307833187901988179428014704959954258008163520937529812950909650540738739709363910934624816250948310905870516490152323845654698835235607375139145151252300518952681249670519366224367191080941950960612430590599784107574388270912656395965864142364667984575546882550050402798003370469155776659862256338059002106715868920421959433223756311341506694462249246973686264750035944554027554964157670321252914659435234646443493712854369868617979878497181771646759948311695637114584348651771431904969849110081081821640566621008549662599107020537625960765883336258880621660826890345952759029069091629711646006899098755434389884773494946170099790270755433895531567661208353484311048810800788111840705805624955225027418091239412100668589394370968315698078324185051701230955082870308677344488684612158769361767777837346776555079714088380305842729991029448146799207539621874331602727946103944468978205786901327495852333742265123780284165194551387230070682778503540508508389955375300821035286129078213174885946523545123707765089751541440362020042893894356177814940860205479243573086606885730420613924922521740011663547554099613311756973690409072205878811540836847383274224475049790457243185325279438273042557043847012495945760862308288423540927383680854827497339606169050376870686398107894177947146791089184241703574242968937991180851504354800610526401521888202577981939219626385442402993398786958505406650671605859325060691570751348645230741121655977138022407591313103172516392559634766168346842153104566194869343830694435498319973439702075544800957829477506044770101419201949849121162917842988679511434283413847620024076684849310313	-2,-4,-4,-4,3,3,3,3,3,3,3,3	4,-4,-4,-4,3,3,3,3,3,3,3,3	ok
-1.243243	12.552553	-54.533710	0.548100	continued:5	24739664234858138982047535273920704865888201889876711837493816699690678265963591165069870505023217046633362579621148489165328977987949899797415602900085081435628786567950676391780949633448253616219680559998014214784634910618447122667639804607217055610037222276897125660535867393387520758988742191975475097134159821776175469287214857624750265388130867415580412873925910271279382629434282479656095907178473638142326186864698341018602123575843883404208311798618679388046194707946385968872279636660172423920762823771748609336176990325713506490614247467311351878471253089939596514261196666267475682898635077588364628629417296554229734815495315011752337585393015754405944996164827318009845582551593321289722257247006063686910061456841431892563940020873466746931070957111770150069590359792388197563206227771911411885143855184505614961998508226343153531223089971459935049708039359327667779120430067461929055441744031224422705223831560005091108633317128720548165517033711719448300771525660964913525817712220131912105082815080054605883136048554894173783193438041716508681297001277350562437894851607688119124032266056066591963623197071229719772200831481260746898621517899928612391918713268983151048632780119648896253765940151777173575597570025320253082336116946689981147789765900355562110523987436189411566954756946831913765892283629482126668117215787661175622538482371666841405595054624551275871666632475049764341931929868507018454948365774171910807496638367218687366613903751947086947394002612630474683257999387223688134848014104823955551645010680263372366206458226198558279883447844315148180302724249331888726196930807213187997142652942313186005148224878224024593537200103980637926868603500896185830904692094904758235554768415409124757267836161356776521732484146109863946926378105041694979170269733992817805415234240628485488200053302199364211031646323082439647263607276631895871769259044401451363766451126814443473134220489198884697731101960802990910300139680959518854832128513597114746389737973151315057975842081443516593123962467786526070102139874765749035637088432614260030772344792316488840415153698481155126035457741137680097748660410763036811870095293313414540437283852893333234643562710973384060038416228190613325616933189150517789061901654152308030489428549857055082465581427407486143000730202660813809057790100346399768338483335257539245860316494779637880208922066168766414992991208014608723526	24739664234858138982047535273920704865888201889876711837493816699690678265963591165069870505023217046633362579621148489165328977987949899797415602900486143006268665268678106964453841999524106595607605727243377372487650564782802452333008206763043514220470865892407412103036806892083064510289504814600080741268157165354063032161189525829409088498985531970815025159686244986955270210405434697787650037103444327391942508501376229453985083037857645944890272090078718974473418025044221755928344004123983175888817859152476099625581493080234216246769749121423440316080188755726314866454849365625903310727411127889898194381660787032015151698715736677481139420851742750719529547539689342907032684848982153429642503545479758778195831115174999007304520947563003595490867019874169994914300124258307833187901988179428014704959954258008163520937529812950909650540738739709363910934624816250948310905870516490152323845654698835235607375139145151252300518952681249670519366224367191080941950960612430590599784107574388270912656395965864142364667984575546882550050402798003370469155776659862256338059002106715868920421959433223756311341506694462249246973686264750035944554027554964157670321252914659435234646443493712854369868617979878497181771646759948311695637114584348651771431904969849110081081821640566621008549662599107020537625960765883336258880621660826890345952759029069091629711646006899098755434389884773494946170099790270755433895531567661208353484311048810800788111840705805624955225027418091239412100668589394370968315698078324185051701230955082870308677344488684612158769361767777837346776555079714088380305842729991029448146799207539621874331602727946103944468978205786901327495852333742265123780284165194551387230070682778503540508508389955375300821035286129078213174885946523545123707765089751541440362020042893894356177814940860205479243573086606885730420613924922521740011663547554099613311756973690409072205878811540836847383274224475049790457243185325279438273042557043847012495945760862308288423540927383680854827497339606169050376870686398107894177947146791089184241703574242968937991180851504354800610526401521888202577981939219626385442402993398786958505406650671605859325060691570751348645230741121655977138022407591313103172516392559634766168346842153104566194869343830694435498319973439702075544800957829477506044770101419201949849121162917842988679511434283413847620024076684849310313	1,3,3,3,3,3,3,3,3,3,3,3	4,-4,-4,-4,3,3,3,3,3,3,3,3	ok
-1.239239	12.552553	-55.684808	0.550893	continued:5	24739664234858138982047535273920704865888201889876711837493816699690678265963591165069870505023217046633362579621148489165328977987949899797415602900085081435628786567950676391780949633448253616219680559998014214784634910618447122667639804607217055610037222276897125660535867393387520758988742191975475097134159821776175469287214857624750265388130867415580412873925910271279382629434282479656095907178473638142326186864698341018602123575843883404208311798618679388046194707946385968872279636660172423920762823771748609336176990325713506490614247467311351878471253089939596514261196666267475682898635077588364628629417296554229734815495315011752337585393015754405944996164827318009845582551593321289722257247006063686910061456841431892563940020873466746931070957111770150069590359792388197563206227771911411885143855184505614961998508226343153531223089971459935049708039359327667779120430067461929055441744031224422705223831560005091108633317128720548165517033711719448300771525660964913525817712220131912105082815080054605883136048554894173783193438041716508681297001277350562437894851607688119124032266056066591963623197071229719772200831481260746898621517899928612391918713268983151048632780119662964562615224955272082232516573860219624391388797525158568803965619851582959715126493444163214025385010484222679075733538541254336938677519858320577213126261082222107876703634988014443799459723042466865939807313462170098621510273802110074477200727790710189239796434724232268265168771327876208855251384560129805973155186008944787466690145813994448741828958685398242399644411740283504376021102246139806369606510408492840549451469396517122961183841277506170313763723572234427437236681374721304794358903114096136891133303545792185964095132388517154996467307401461623006192877589030302012077625091035466697406080506762771704815522350350242449968214220019584208434318914148100359158909679143753029398694920492804349553854965529569693457265246243878651194015319923783237068738696511787191450682232621481336789660422996610379069409921474899407696853444936065024933934485679589861499939814189140782388654260075696454421684651979624554066992826512688381456690865842009375581685321384904219623644446996167623623702794595196333711331969000714989476935040045706939151824415849649248600765204089570503279736809339261698814688659615461932316553762144963996566198596914621200952058301145179750011252431412752172391	24739664234858138982047535273920704865888201889876711837493816699690678265963591165069870505023217046633362579621148489165328977987949899797415602900486143006268665268678106964453841999524106595607605727243377372487650564782802452333008206763043514220470865892407412103036806892083064510289504814600080741268157165354063032161189525829409088498985531970815025159686244986955270210405434697787650037103444327391942508501376229453985083037857645944890272090078718974473418025044221755928344004123983175888817859152476099625581493080234216246769749121423440316080188755726314866454849365625903310727411127889898194381660787032015151698715736677481139420851742750719529547539689342907032684848982153429642503545479758778195831115174999007304520947563003595490867019874169994914300124258307833187901988179428014704959954258008163520937529812950909650540738739709363910934624816250948310905870516490152323845654698835235607375139145151252300518952681249670519366224367191080941950960612430590599784107574388270912656395965864142364667984575546882550050402798003370469155776659862256338059002106715868920421959433223756311341506694462249246973686264750035944554027554964157670321252914659435234646443493712854369868617979878497181771646759948311695637114584348651771431904969849110081081821640566621008549662599107020537625960765883336258880621660826890345952759029069091629711646006899098755434389884773494946170099790270755433895531567661208353484311048810800788111840705805624955225027418091239412100668589394370968315698078324185051701230955082870308677344488684612158769361767777837346776555079714088380305842729991029448146799207539621874331602727946103944468978205786901327495852333742265123780284165194551387230070682778503540508508389955375300821035286129078213174885946523545123707765089751541440362020042893894356177814940860205479243573086606885730420613924922521740011663547554099613311756973690409072205878811540836847383274224475049790457243185325279438273042557043847012495945760862308288423540927383680854827497339606169050376870686398107894177947146791089184241703574242968937991180851504354800610526401521888202577981939219626385442402993398786958505406650671605859325060691570751348645230741121655977138022407591313103172516392559634766168346842153104566194869343830694435498319973439702075544800957829477506044770101419201949849121162917842988679511434283413847620024076684849310313	2,3,3,3,3,3,3,3,3,3,3,3	4,-4,-4,-4,3,3,3,3,3,3,3,3	ok
-1.235235	12.552553	-56.465754	0.553687	full	24739664234858138982047535273920704865888201889876711837493816699690678265963591165069870505023217046633362579621148489165328977987949899797415602900085081435628786567950676391780949633448253616219680559998014214784634910618447122667639804607217055610037222276897125660535867393387520758988742191975475097134159821776175469287214857624750265388130867415580412873925910271279382629434282479656095907178473638142326186864698341018602123575843883404208311798618679388046194707946385968872279636660172423920762823771748609336176990325713506490614247467311351878471253089939596514261196666267475682898635077588364628629417296554229734815495315011752337585393015754405944996164827318009845582551593321289722257247006063686910061456841431892563940020873466746931070957111770150069590359792388197563206227771911411885143855184505614961998508226343153531223089971459935049708039359327667779120430067461929055441744031224422705223831560005091108633317128720548165517033711719448300771525660964913525817712220131912105082815080054605883136048554894173783193438041716508681297001277350562437894851607688119124032266056066591963623197071229719772200831481260746898621517899928612391918713268983151048632780119655930408190582553524627904057071942769938736862457235924274975877692875969260912825240440176312796169883715527296420812911085368231803397367822990876417832371726944474641149344806282859835563177758758315140869621665338558538229319788140992642348683078964438303205169238089677606281386970253341769254691973676747054001600056884371509167578247128910554017708455798400339763929792299326278161913247735847547901720607853014273297061169415154483166033077865097453650461838107532682052642437808745312631797604500447563344035980600655360681484274936965759099895773785743476559627847035998495623947412514142251410657373695628596507787826274803330499930271551011927848963095389998115464084361772602196582573023653623911344037727364227195594183603523434780747077500441651045950433605054450968920210102886398197382751252220063486096686194630712738899496659850907030285511459146924946136142303252814811401903979278425790228571196558652325907826618637862596663393079577711958009484587139118727133603578984775841831059511392904829664132579075616389269418347099007484820626482853352165533173315748528323140233506000037753936239379980930850327518548701251621213257545847129540580490183656973082502121819713680447958	24739664234858138982047535273920704865888201889876711837493816699690678265963591165069870505023217046633362579621148489165328977987949899797415602900486143006268665268678106964453841999524106595607605727243377372487650564782802452333008206763043514220470865892407412103036806892083064510289504814600080741268157165354063032161189525829409088498985531970815025159686244986955270210405434697787650037103444327391942508501376229453985083037857645944890272090078718974473418025044221755928344004123983175888817859152476099625581493080234216246769749121423440316080188755726314866454849365625903310727411127889898194381660787032015151698715736677481139420851742750719529547539689342907032684848982153429642503545479758778195831115174999007304520947563003595490867019874169994914300124258307833187901988179428014704959954258008163520937529812950909650540738739709363910934624816250948310905870516490152323845654698835235607375139145151252300518952681249670519366224367191080941950960612430590599784107574388270912656395965864142364667984575546882550050402798003370469155776659862256338059002106715868920421959433223756311341506694462249246973686264750035944554027554964157670321252914659435234646443493712854369868617979878497181771646759948311695637114584348651771431904969849110081081821640566621008549662599107020537625960765883336258880621660826890345952759029069091629711646006899098755434389884773494946170099790270755433895531567661208353484311048810800788111840705805624955225027418091239412100668589394370968315698078324185051701230955082870308677344488684612158769361767777837346776555079714088380305842729991029448146799207539621874331602727946103944468978205786901327495852333742265123780284165194551387230070682778503540508508389955375300821035286129078213174885946523545123707765089751541440362020042893894356177814940860205479243573086606885730420613924922521740011663547554099613311756973690409072205878811540836847383274224475049790457243185325279438273042557043847012495945760862308288423540927383680854827497339606169050376870686398107894177947146791089184241703574242968937991180851504354800610526401521888202577981939219626385442402993398786958505406650671605859325060691570751348645230741121655977138022407591313103172516392559634766168346842153104566194869343830694435498319973439702075544800957829477506044770101419201949849121162917842988679511434283413847620024076684849310313	-2,3,3,3,3,3,3,3,3,3,3,3	4,-4,-4,-4,3,3,3,3,3,3,3,3	ok
-1.231231	12.552553	-46.534709	0.542056	continued:5	24739664234858138982047535273920704865888201889876711837493816699690678266527069749440504790571412139398611409270908450362730376250155074764676347344069888126517298474570859817860608502873391373146285427510315747585633769201540786967750755426439244909325087395028128868044225308262789884128060956514754247517702306425810931411575896427989859706075064718218471893517140662118299639008577497356111854595428210166315807732026393320608795249168317651695729421548767897306733768613302513900313747234910216702628396343057972743120228768071687743367812170271420131539175277064250947772621001186024499362164170113969037248276327644674423496719281068224647688689343687707265802860245639651607134326359641136324726585371262331364916625440921082380001792334509530862900701385682064100476033324289461171828023477494502451890058053706879749446830279215332206384905322345331554956873043720142257549509061263656508818618752241259600679674848847524613277440716293223210481620721238376094141656723446188028021149687164815920155927512079209571023792623637758171695631301409761954681699511155458453188936526605094181737900601141376338772559054179777941237701136271611441712313440501780354334800184683076010868292580549849432953935533514639234526760914327125958779780711305755657210674232131002896934988015937154739467308130740924925543086665900124007181100744548225721958635005785735890739273986409594513769183536994333033978580586609787823252070567466980639882831334262196317172005526784097926655665593656720859677739479070382099308840124083825450855172988957414095077614549916975812235847316348707184008309141066723864278210348184304579994577156409606743906911119211367425415372554960002213531434317801357071774026980391283845621651235678005248496006146971164673973220426438179650702401332400719620901188873469431700062547660826989665568094105530304615170107797975340995377745980478127306895362802829942985334217498538705130622200946630077026982608440838461810803320050035082056405667772183412837260069649257195664815733754904564434808608505331214029212127763198001826500125229710075595949417770391792604715726324351842688290052467256072787501125604768368278423100681768693325682659220921728783810179347685021331561446812929187462182412684464169018328810486981849544249554631357295210220349275287261826752991755439097286396750442097062982340190141479619148098611280450065265414328154322008231067184478529568000588	24739664234858138982047535273920704865888201889876711837493816699690678265963591165069870505023217046633362579621148489165328977987949899797415602900486143006268665268678106964453841999524106595607605727243377372487650564782802452333008206763043514220470865892407412103036806892083064510289504814600080741268157165354063032161189525829409088498985531970815025159686244986955270210405434697787650037103444327391942508501376229453985083037857645944890272090078718974473418025044221755928344004123983175888817859152476099625581493080234216246769749121423440316080188755726314866454849365625903310727411127889898194381660787032015151698715736677481139420851742750719529547539689342907032684848982153429642503545479758778195831115174999007304520947563003595490867019874169994914300124258307833187901988179428014704959954258008163520937529812950909650540738739709363910934624816250948310905870516490152323845654698835235607375139145151252300518952681249670519366224367191080941950960612430590599784107574388270912656395965864142364667984575546882550050402798003370469155776659862256338059002106715868920421959433223756311341506694462249246973686264750035944554027554964157670321252914659435234646443493712854369868617979878497181771646759948311695637114584348651771431904969849110081081821640566621008549662599107020537625960765883336258880621660826890345952759029069091629711646006899098755434389884773494946170099790270755433895531567661208353484311048810800788111840705805624955225027418091239412100668589394370968315698078324185051701230955082870308677344488684612158769361767777837346776555079714088380305842729991029448146799207539621874331602727946103944468978205786901327495852333742265123780284165194551387230070682778503540508508389955375300821035286129078213174885946523545123707765089751541440362020042893894356177814940860205479243573086606885730420613924922521740011663547554099613311756973690409072205878811540836847383274224475049790457243185325279438273042557043847012495945760862308288423540927383680854827497339606169050376870686398107894177947146791089184241703574242968937991180851504354800610526401521888202577981939219626385442402993398786958505406650671605859325060691570751348645230741121655977138022407591313103172516392559634766168346842153104566194869343830694435498319973439702075544800957829477506044770101419201949849121162917842988679511434283413847620024076684849310313	-2,4,-4,-4,-4,3,3,3,3,3,3,3	4,-4,-4,-4,3,3,3,3,3,3,3,3	ok
-1.227227	12.552553	-50.185647	0.544849	continued:5	24739664234858138982047535273920704865888201889876711837493816699690678266527069749440504790571412139398611409270908450362730376250155074764676347344069888126517298474570859817860608502873391373146285427510315747585633769201540786967750755426439244909325087395028128868044225308262789884128060956514754247517702306425810931411575896427989859706075064718218471893517140662118299639008577497356111854595428210166315807732026393320608795249168317651695729421548767897306733768613302513900313747234910216702628396343057972743120228768071687743367812170271420131539175277064250947772621001186024499362164170113969037248276327644674423496719281068224647688689343687707265802860245639651607134326359641136324726585371262331364916625440921082380001792334509530862900701385682064100476033324289461171828023477494502451890058053706879749446830279215332206384905322345331554956873043720142257549509061263656508818618752241259600679674848847524613277440716293223210481620721238376094141656723446188028021149687164815920155927512079209571023792623637758171695631301409761954681699511155458453188936526605094181737900601141376338772559054179777941237701136271611441712313440501780354334800184683076010868292580556883587378577935262093562986262831776811613306121000540049485298601207744781805322965051445752193141291970099859358304212033376390252519933410500300117460943826950337142532482407223339004711599116744121602002450711412006949285181235045586424857602366907304376221514858251709719030402231002513612188059347405404885802764525018138093927991200892413632093719167015931953101716632092709511035409221789764960228143026836194581116662721163145221521314828882123190429294324141346481881676165388633425183435137850393170397275935603509349614785533759256662716509156320263989891714894713081540607581973180428623449090621882495250171905047194393413104629062175699256796056546447588089553389588497403694897885369885015184517656689491700077289283790517678116632224511196173429212925753886547763111924404780435446866944609396073616747728296990381684950421193974227931046721614133771631438158752559467048564135877156960228525865157749822356466657188722436042638503345720834352419523907528295609179767013581696008003371016228095049673253001118957990648730910547076300758018232017033329206804643448200288677170843289137587136241307555893724030430716584261974253765777358240079058853747442899934620077427862825834449	24739664234858138982047535273920704865888201889876711837493816699690678265963591165069870505023217046633362579621148489165328977987949899797415602900486143006268665268678106964453841999524106595607605727243377372487650564782802452333008206763043514220470865892407412103036806892083064510289504814600080741268157165354063032161189525829409088498985531970815025159686244986955270210405434697787650037103444327391942508501376229453985083037857645944890272090078718974473418025044221755928344004123983175888817859152476099625581493080234216246769749121423440316080188755726314866454849365625903310727411127889898194381660787032015151698715736677481139420851742750719529547539689342907032684848982153429642503545479758778195831115174999007304520947563003595490867019874169994914300124258307833187901988179428014704959954258008163520937529812950909650540738739709363910934624816250948310905870516490152323845654698835235607375139145151252300518952681249670519366224367191080941950960612430590599784107574388270912656395965864142364667984575546882550050402798003370469155776659862256338059002106715868920421959433223756311341506694462249246973686264750035944554027554964157670321252914659435234646443493712854369868617979878497181771646759948311695637114584348651771431904969849110081081821640566621008549662599107020537625960765883336258880621660826890345952759029069091629711646006899098755434389884773494946170099790270755433895531567661208353484311048810800788111840705805624955225027418091239412100668589394370968315698078324185051701230955082870308677344488684612158769361767777837346776555079714088380305842729991029448146799207539621874331602727946103944468978205786901327495852333742265123780284165194551387230070682778503540508508389955375300821035286129078213174885946523545123707765089751541440362020042893894356177814940860205479243573086606885730420613924922521740011663547554099613311756973690409072205878811540836847383274224475049790457243185325279438273042557043847012495945760862308288423540927383680854827497339606169050376870686398107894177947146791089184241703574242968937991180851504354800610526401521888202577981939219626385442402993398786958505406650671605859325060691570751348645230741121655977138022407591313103172516392559634766168346842153104566194869343830694435498319973439702075544800957829477506044770101419201949849121162917842988679511434283413847620024076684849310313	2,4,-4,-4,-4,3,3,3,3,3,3,3	4,-4,-4,-4,3,3,3,3,3,3,3,3	ok
-1.223223	12.552553	-52.753600	0.542056	continued:5	24739664234858138982047535273920704865888201889876711837493816699690678265963591165069870505023217046633362579621148489165328977987949899797415602900486143006268665268678106964453841999524106595607605727243377372487650564782802452333008206763043514220470865892407412103036806892083064510289504814600080741268157165354063032161189525829409088498985531970815025159686244986955270210405434697787650037103444327391942508501376229453985083037857645944890272090078718974473418025044221755928344004123983175888817859152476099625581493080234216246769749121423440316080188755726314866454849365625903310727411127889898194381660787032015151698715736677481139420851742750719529547539689342907032684848982153429642503545479758778195831115174999007304520947563003595490867019874169994914300124258307833187901988179428014704959954258008163520937529812950909650540738739709363910934624816250948310905870516490152323845654698835235607375139145151252300518952681249670519366224367191080941950960612430590599784107574388270912656395965864142364667984575546882550050402798003370469155776659862256338059002106715868920421959433223756311341506694462249246973686264750035944554027554964157670321252914659435234646443493677683597745405971141225539474137172699883423005413138177182630992270091780616069575556620632114862474028755630107263022823486452810582479861484178386084401732841472850038162089857730565405969047435643920136439634336604016728923871833481559806979683137755206220799504109663331208514413464430418551053706989442470258202310367381155045766426374273253898576206837490031074086028221393484536720474016085653508931383903513694137058764136569652465772117298842821928522143333156039359822831589477971662862806772542865053653268812787194981044774561432027631927740266279297127218941745071346551870491710228931443732125082669073300133305333557226381450558628803418742838780575592664663498499732751742981131906329221811915572836440111786562018495581399857715929689574591275483205964204612337157102215690145590491757373012687396302905949244185968504318632423096835739322206969511655795900949956880726578854591280830716907776049686818330424314656174016109138495605656679904045914457526289307375818001406305017117144535218152699191238593044812519708769054010738927750601064808233841054319348937955463320904378159806803983217193136649028784818187695263085809235629577995855098293430968673291470193274242954506200738	24739664234858138982047535273920704865888201889876711837493816699690678265963591165069870505023217046633362579621148489165328977987949899797415602900486143006268665268678106964453841999524106595607605727243377372487650564782802452333008206763043514220470865892407412103036806892083064510289504814600080741268157165354063032161189525829409088498985531970815025159686244986955270210405434697787650037103444327391942508501376229453985083037857645944890272090078718974473418025044221755928344004123983175888817859152476099625581493080234216246769749121423440316080188755726314866454849365625903310727411127889898194381660787032015151698715736677481139420851742750719529547539689342907032684848982153429642503545479758778195831115174999007304520947563003595490867019874169994914300124258307833187901988179428014704959954258008163520937529812950909650540738739709363910934624816250948310905870516490152323845654698835235607375139145151252300518952681249670519366224367191080941950960612430590599784107574388270912656395965864142364667984575546882550050402798003370469155776659862256338059002106715868920421959433223756311341506694462249246973686264750035944554027554964157670321252914659435234646443493712854369868617979878497181771646759948311695637114584348651771431904969849110081081821640566621008549662599107020537625960765883336258880621660826890345952759029069091629711646006899098755434389884773494946170099790270755433895531567661208353484311048810800788111840705805624955225027418091239412100668589394370968315698078324185051701230955082870308677344488684612158769361767777837346776555079714088380305842729991029448146799207539621874331602727946103944468978205786901327495852333742265123780284165194551387230070682778503540508508389955375300821035286129078213174885946523545123707765089751541440362020042893894356177814940860205479243573086606885730420613924922521740011663547554099613311756973690409072205878811540836847383274224475049790457243185325279438273042557043847012495945760862308288423540927383680854827497339606169050376870686398107894177947146791089184241703574242968937991180851504354800610526401521888202577981939219626385442402993398786958505406650671605859325060691570751348645230741121655977138022407591313103172516392559634766168346842153104566194869343830694435498319973439702075544800957829477506044770101419201949849121162917842988679511434283413847620024076684849310313	-2,-4,-4,-4,3,3,3,3,3,3,3,3	4,-4,-4,-4,3,3,3,3,3,3,3,3	ok
-1.219219	12.552553	-54.576639	0.544849	continued:5	24739664234858138982047535273920704865888201889876711837493816699690678265963591165069870505023217046633362579621148489165328977987949899797415602900085081435628786567950676391780949633448253616219680559998014214784634910618447122667639804607217055610037222276897125660535867393387520758988742191975475097134159821776175469287214857624750265388130867415580412873925910271279382629434282479656095907178473638142326186864698341018602123575843883404208311798618679388046194707946385968872279636660172423920762823771748609336176990325713506490614247467311351878471253089939596514261196666267475682898635077588364628629417296554229734815495315011752337585393015754405944996164827318009845582551593321289722257247006063686910061456841431892563940020873466746931070957111770150069590359792388197563206227771911411885143855184505614961998508226343153531223089971459935049708039359327667779120430067461929055441744031224422705223831560005091108633317128720548165517033711719448300771525660964913525817712220131912105082815080054605883136048554894173783193438041716508681297001277350562437894851607688119124032266056066591963623197071229719772200831481260746898621517899928612391918713268983151048632780119648896253765940151777173575597570025320253082336116946689981147789765900355562110523987436189411566954756946831913765892283629482126668117215787661175622538482371666841405595054624551275871666632475049764341931929868507018454948365774171910807496638367218687366613903751947086947394002612630474683257999387223688134848014104823955551645010680263372366206458226198558279883447844315148180302724249331888726196930807213187997142652942313186005148224878224024593537200103980637926868603500896185830904692094904758235554768415409124757267836161356776521732484146109863946926378105041694979170269733992817805415234240628485488200053302199364211031646323082439647263607276631895871769259044401451363766451126814443473134220489198884697731101960802990910300139680959518854832128513597114746389737973151315057975842081443516593123962467786526070102139874765749035637088432614260030772344792316488840415153698481155126035457741137680097748660410763036811870095293313414540437283852893333234643562710973384060038416228190613325616933189150517789061901654152308030489428549857055082465581427407486143000730202660813809057790100346399768338483335257539245860316494779637880208922066168766414992991208014608723526	24739664234858138982047535273920704865888201889876711837493816699690678265963591165069870505023217046633362579621148489165328977987949899797415602900486143006268665268678106964453841999524106595607605727243377372487650564782802452333008206763043514220470865892407412103036806892083064510289504814600080741268157165354063032161189525829409088498985531970815025159686244986955270210405434697787650037103444327391942508501376229453985083037857645944890272090078718974473418025044221755928344004123983175888817859152476099625581493080234216246769749121423440316080188755726314866454849365625903310727411127889898194381660787032015151698715736677481139420851742750719529547539689342907032684848982153429642503545479758778195831115174999007304520947563003595490867019874169994914300124258307833187901988179428014704959954258008163520937529812950909650540738739709363910934624816250948310905870516490152323845654698835235607375139145151252300518952681249670519366224367191080941950960612430590599784107574388270912656395965864142364667984575546882550050402798003370469155776659862256338059002106715868920421959433223756311341506694462249246973686264750035944554027554964157670321252914659435234646443493712854369868617979878497181771646759948311695637114584348651771431904969849110081081821640566621008549662599107020537625960765883336258880621660826890345952759029069091629711646006899098755434389884773494946170099790270755433895531567661208353484311048810800788111840705805624955225027418091239412100668589394370968315698078324185051701230955082870308677344488684612158769361767777837346776555079714088380305842729991029448146799207539621874331602727946103944468978205786901327495852333742265123780284165194551387230070682778503540508508389955375300821035286129078213174885946523545123707765089751541440362020042893894356177814940860205479243573086606885730420613924922521740011663547554099613311756973690409072205878811540836847383274224475049790457243185325279438273042557043847012495945760862308288423540927383680854827497339606169050376870686398107894177947146791089184241703574242968937991180851504354800610526401521888202577981939219626385442402993398786958505406650671605859325060691570751348645230741121655977138022407591313103172516392559634766168346842153104566194869343830694435498319973439702075544800957829477506044770101419201949849121162917842988679511434283413847620024076684849310313	1,3,3,3,3,3,3,3,3,3,3,3	4,-4,-4,-4,3,3,3,3,3,3,3,3	ok
-1.215215	12.552553	-55.721435	0.547642	continued:5	24739664234858138982047535273920704865888201889876711837493816699690678265963591165069870505023217046633362579621148489165328977987949899797415602900085081435628786567950676391780949633448253616219680559998014214784634910618447122667639804607217055610037222276897125660535867393387520758988742191975475097134159821776175469287214857624750265388130867415580412873925910271279382629434282479656095907178473638142326186864698341018602123575843883404208311798618679388046194707946385968872279636660172423920762823771748609336176990325713506490614247467311351878471253089939596514261196666267475682898635077588364628629417296554229734815495315011752337585393015754405944996164827318009845582551593321289722257247006063686910061456841431892563940020873466746931070957111770150069590359792388197563206227771911411885143855184505614961998508226343153531223089971459935049708039359327667779120430067461929055441744031224422705223831560005091108633317128720548165517033711719448300771525660964913525817712220131912105082815080054605883136048554894173783193438041716508681297001277350562437894851607688119124032266056066591963623197071229719772200831481260746898621517899928612391918713268983151048632780119662964562615224955272082232516573860219624391388797525158568803965619851582959715126493444163214025385010484222679075733538541254336938677519858320577213126261082222107876703634988014443799459723042466865939807313462170098621510273802110074477200727790710189239796434724232268265168771327876208855251384560129805973155186008944787466690145813994448741828958685398242399644411740283504376021102246139806369606510408492840549451469396517122961183841277506170313763723572234427437236681374721304794358903114096136891133303545792185964095132388517154996467307401461623006192877589030302012077625091035466697406080506762771704815522350350242449968214220019584208434318914148100359158909679143753029398694920492804349553854965529569693457265246243878651194015319923783237068738696511787191450682232621481336789660422996610379069409921474899407696853444936065024933934485679589861499939814189140782388654260075696454421684651979624554066992826512688381456690865842009375581685321384904219623644446996167623623702794595196333711331969000714989476935040045706939151824415849649248600765204089570503279736809339261698814688659615461932316553762144963996566198596914621200952058301145179750011252431412752172391	24739664234858138982047535273920704865888201889876711837493816699690678265963591165069870505023217046633362579621148489165328977987949899797415602900486143006268665268678106964453841999524106595607605727243377372487650564782802452333008206763043514220470865892407412103036806892083064510289504814600080741268157165354063032161189525829409088498985531970815025159686244986955270210405434697787650037103444327391942508501376229453985083037857645944890272090078718974473418025044221755928344004123983175888817859152476099625581493080234216246769749121423440316080188755726314866454849365625903310727411127889898194381660787032015151698715736677481139420851742750719529547539689342907032684848982153429642503545479758778195831115174999007304520947563003595490867019874169994914300124258307833187901988179428014704959954258008163520937529812950909650540738739709363910934624816250948310905870516490152323845654698835235607375139145151252300518952681249670519366224367191080941950960612430590599784107574388270912656395965864142364667984575546882550050402798003370469155776659862256338059002106715868920421959433223756311341506694462249246973686264750035944554027554964157670321252914659435234646443493712854369868617979878497181771646759948311695637114584348651771431904969849110081081821640566621008549662599107020537625960765883336258880621660826890345952759029069091629711646006899098755434389884773494946170099790270755433895531567661208353484311048810800788111840705805624955225027418091239412100668589394370968315698078324185051701230955082870308677344488684612158769361767777837346776555079714088380305842729991029448146799207539621874331602727946103944468978205786901327495852333742265123780284165194551387230070682778503540508508389955375300821035286129078213174885946523545123707765089751541440362020042893894356177814940860205479243573086606885730420613924922521740011663547554099613311756973690409072205878811540836847383274224475049790457243185325279438273042557043847012495945760862308288423540927383680854827497339606169050376870686398107894177947146791089184241703574242968937991180851504354800610526401521888202577981939219626385442402993398786958505406650671605859325060691570751348645230741121655977138022407591313103172516392559634766168346842153104566194869343830694435498319973439702075544800957829477506044770101419201949849121162917842988679511434283413847620024076684849310313	2,3,3,3,3,3,3,3,3,3,3,3	4,-4,-4,-4,3,3,3,3,3,3,3,3	ok
-1.211211	12.552553	-56.500112	0.550436	full	24739664234858138982047535273920704865888201889876711837493816699690678265963591165069870505023217046633362579621148489165328977987949899797415602900085081435628786567950676391780949633448253616219680559998014214784634910618447122667639804607217055610037222276897125660535867393387520758988742191975475097134159821776175469287214857624750265388130867415580412873925910271279382629434282479656095907178473638142326186864698341018602123575843883404208311798618679388046194707946385968872279636660172423920762823771748609336176990325713506490614247467311351878471253089939596514261196666267475682898635077588364628629417296554229734815495315011752337585393015754405944996164827318009845582551593321289722257247006063686910061456841431892563940020873466746931070957111770150069590359792388197563206227771911411885143855184505614961998508226343153531223089971459935049708039359327667779120430067461929055441744031224422705223831560005091108633317128720548165517033711719448300771525660964913525817712220131912105082815080054605883136048554894173783193438041716508681297001277350562437894851607688119124032266056066591963623197071229719772200831481260746898621517899928612391918713268983151048632780119655930408190582553524627904057071942769938736862457235924274975877692875969260912825240440176312796169883715527296420812911085368231803397367822990876417832371726944474641149344806282859835563177758758315140869621665338558538229319788140992642348683078964438303205169238089677606281386970253341769254691973676747054001600056884371509167578247128910554017708455798400339763929792299326278161913247735847547901720607853014273297061169415154483166033077865097453650461838107532682052642437808745312631797604500447563344035980600655360681484274936965759099895773785743476559627847035998495623947412514142251410657373695628596507787826274803330499930271551011927848963095389998115464084361772602196582573023653623911344037727364227195594183603523434780747077500441651045950433605054450968920210102886398197382751252220063486096686194630712738899496659850907030285511459146924946136142303252814811401903979278425790228571196558652325907826618637862596663393079577711958009484587139118727133603578984775841831059511392904829664132579075616389269418347099007484820626482853352165533173315748528323140233506000037753936239379980930850327518548701251621213257545847129540580490183656973082502121819713680447958	24739664234858138982047535273920704865888201889876711837493816699690678265963591165069870505023217046633362579621148489165328977987949899797415602900486143006268665268678106964453841999524106595607605727243377372487650564782802452333008206763043514220470865892407412103036806892083064510289504814600080741268157165354063032161189525829409088498985531970815025159686244986955270210405434697787650037103444327391942508501376229453985083037857645944890272090078718974473418025044221755928344004123983175888817859152476099625581493080234216246769749121423440316080188755726314866454849365625903310727411127889898194381660787032015151698715736677481139420851742750719529547539689342907032684848982153429642503545479758778195831115174999007304520947563003595490867019874169994914300124258307833187901988179428014704959954258008163520937529812950909650540738739709363910934624816250948310905870516490152323845654698835235607375139145151252300518952681249670519366224367191080941950960612430590599784107574388270912656395965864142364667984575546882550050402798003370469155776659862256338059002106715868920421959433223756311341506694462249246973686264750035944554027554964157670321252914659435234646443493712854369868617979878497181771646759948311695637114584348651771431904969849110081081821640566621008549662599107020537625960765883336258880621660826890345952759029069091629711646006899098755434389884773494946170099790270755433895531567661208353484311048810800788111840705805624955225027418091239412100668589394370968315698078324185051701230955082870308677344488684612158769361767777837346776555079714088380305842729991029448146799207539621874331602727946103944468978205786901327495852333742265123780284165194551387230070682778503540508508389955375300821035286129078213174885946523545123707765089751541440362020042893894356177814940860205479243573086606885730420613924922521740011663547554099613311756973690409072205878811540836847383274224475049790457243185325279438273042557043847012495945760862308288423540927383680854827497339606169050376870686398107894177947146791089184241703574242968937991180851504354800610526401521888202577981939219626385442402993398786958505406650671605859325060691570751348645230741121655977138022407591313103172516392559634766168346842153104566194869343830694435498319973439702075544800957829477506044770101419201949849121162917842988679511434283413847620024076684849310313	-2,3,3,3,3,3,3,3,3,3,3,3	4,-4,-4,-4,3,3,3,3,3,3,3,3	ok
-1.207207	12.552553								error: Could not locate the first local maximum of the reduced return map.
-1.203203	12.552553								error: Could not locate the first local maximum of the reduced return map.
-1.199199	12.552553								error: Could not locate the first local maximum of the reduced return map.
-1.195195	12.552553								error: Could not locate the first local maximum of the reduced return map.
-1.191191	12.552553								error: Could not locate the first local maximum of the reduced return map.
-1.187187	12.552553								error: Could not locate the first local maximum of the reduced return map.
-1.183183	12.552553								error: Could not locate the first local maximum of the reduced return map.
-1.179179	12.552553								error: Could not locate the first local maximum of the reduced return map.
-1.175175	12.552553	-47.050796	0.544680	continued:5	24739664234858138982047535273920704895757539726112908251438163205018941142815780311745551274768732340258877681883220709254438060557727943084431578832787664786285033962897137475109966594536921196345368988178928734319550990616798234738426441329975811082542418687032574754555670308806400073011386994034122559084338923961564827243679948341711906639370687199591334610184232323549682995276987956088064516661660343597404353309026284818116830917705446825786992810866587209705521015335282251073699235984232692064386328873635550251467202252037321107786049250681199223578740058812830716655171327994111037989161388580029907113217692516151428882189052826236600101273658886718730310553097215413200632660197834522110148812564416726466161627534493324033549752171802592897151602613248451315348260736832056433051559954155147585463625391563460493609698430870330083136852882419032247730342913978343554562730770419758446813349422527948308241368216588733332198672216448671794686245327236681990537031981609573316311253709649252862192211878152631195397035161127064177339265906900387740653342404629140325692355213269809853567599849659085628930540968823303404033463195252204362983977144369471637695837923620243240181198736955961747434837635225569580746451205228328018384349285210990036112485671795939694278477789793638768923112251802540982408669211519575265865180392348748909015985609587506288716150411925124999250630446806900663084670460774530546527512822327225712543979545013835078486467868374362097268756194633429409326526615160776258755770448867774527266183447885731778184789128051965471100554599924777749740745909734403623388749554262910775904699300237737810062944812340259418912324406171603860578109006226099040707291435431063519333042625109662228710844957162214436902524353210356385662867762680086626026977893228460118018090151617250658620427854136761962650726856122374246090212358116732424383426418352630699241198504281238794863186055258398622241262760187907775603305739369541109301768574437788919754092295056161741756366411566924027836867107725972812501646992740709441882012415918534474117570703027880431942569075280444990705572873561341538394212968482610125466832513528007560117484276783060767071205988826162872638236644782265854906259179059792339847718299896082979864586321788693392888814834685562406597456832499212818003438234511767334048405713184408062271393144363146252426160837004888811960717256925942316059	24739664234858138982047535273920704865888201889876711837493816699690678265963591165069870505023217046633362579621148489165328977987949899797415602900486143006268665268678106964453841999524106595607605727243377372487650564782802452333008206763043514220470865892407412103036806892083064510289504814600080741268157165354063032161189525829409088498985531970815025159686244986955270210405434697787650037103444327391942508501376229453985083037857645944890272090078718974473418025044221755928344004123983175888817859152476099625581493080234216246769749121423440316080188755726314866454849365625903310727411127889898194381660787032015151698715736677481139420851742750719529547539689342907032684848982153429642503545479758778195831115174999007304520947563003595490867019874169994914300124258307833187901988179428014704959954258008163520937529812950909650540738739709363910934624816250948310905870516490152323845654698835235607375139145151252300518952681249670519366224367191080941950960612430590599784107574388270912656395965864142364667984575546882550050402798003370469155776659862256338059002106715868920421959433223756311341506694462249246973686264750035944554027554964157670321252914659435234646443493712854369868617979878497181771646759948311695637114584348651771431904969849110081081821640566621008549662599107020537625960765883336258880621660826890345952759029069091629711646006899098755434389884773494946170099790270755433895531567661208353484311048810800788111840705805624955225027418091239412100668589394370968315698078324185051701230955082870308677344488684612158769361767777837346776555079714088380305842729991029448146799207539621874331602727946103944468978205786901327495852333742265123780284165194551387230070682778503540508508389955375300821035286129078213174885946523545123707765089751541440362020042893894356177814940860205479243573086606885730420613924922521740011663547554099613311756973690409072205878811540836847383274224475049790457243185325279438273042557043847012495945760862308288423540927383680854827497339606169050376870686398107894177947146791089184241703574242968937991180851504354800610526401521888202577981939219626385442402993398786958505406650671605859325060691570751348645230741121655977138022407591313103172516392559634766168346842153104566194869343830694435498319973439702075544800957829477506044770101419201949849121162917842988679511434283413847620024076684849310313	1,4,-4,-4,-4,-4,3,3,3,3,3,3	4,-4,-4,-4,3,3,3,3,3,3,3,3	ok
-1.171171	12.552553	-50.451259	0.541886	continued:5	24739664234858138982047535273920704865888201889876711837493816699690678266527069749440504790571412139398611409270908450362730376250155074764676347344069888126517298474570859817860608502873391373146285427510315747585633769201540786967750755426439244909325087395028128868044225308262789884128060956514754247517702306425810931411575896427989859706075064718218471893517140662118299639008577497356111854595428210166315807732026393320608795249168317651695729421548767897306733768613302513900313747234910216702628396343057972743120228768071687743367812170271420131539175277064250947772621001186024499362164170113969037248276327644674423496719281068224647688689343687707265802860245639651607134326359641136324726585371262331364916625440921082380001792334509530862900701385682064100476033324289461171828023477494502451890058053706879749446830279215332206384905322345331554956873043720142257549509061263656508818618752241259600679674848847524613277440716293223210481620721238376094141656723446188028021149687164815920155927512079209571023792623637758171695631301409761954681699511155458453188936526605094181737900601141376338772559054179777941237701136271611441712313440501780354334800184683076010868292580556883587378577935262093562986262831776811613306121000540049485298601207744781805322965051445752193141291970099859358304212033376390252519933410500300117460943826950337142532482407223339004711599116744121602002450711412006949285181235045586424857602366907304376221514858251709719030402231002513612188059347405404885802764525018138093927991200892413632093719167015931953101716632092709511035409221789764960228143026836194581116662721163145221521314828882123190429294324141346481881676165388633425183435137850393170397275935603509349614785533759256662716509156320263989891714894713081540607581973180428623449090621882495250171905047194393413104629062175699256796056546447588089553389588497403694897885369885015184517656689491700077289283790517678116632224511196173429212925753886547763111924404780435446866944609396073616747728296990381684950421193974227931046721614133771631438158752559467048564135877156960228525865157749822356466657188722436042638503345720834352419523907528295609179767013581696008003371016228095049673253001118957990648730910547076300758018232017033329206804643448200288677170843289137587136241307555893724030430716584261974253765777358240079058853747442899934620077427862825834449	24739664234858138982047535273920704865888201889876711837493816699690678265963591165069870505023217046633362579621148489165328977987949899797415602900486143006268665268678106964453841999524106595607605727243377372487650564782802452333008206763043514220470865892407412103036806892083064510289504814600080741268157165354063032161189525829409088498985531970815025159686244986955270210405434697787650037103444327391942508501376229453985083037857645944890272090078718974473418025044221755928344004123983175888817859152476099625581493080234216246769749121423440316080188755726314866454849365625903310727411127889898194381660787032015151698715736677481139420851742750719529547539689342907032684848982153429642503545479758778195831115174999007304520947563003595490867019874169994914300124258307833187901988179428014704959954258008163520937529812950909650540738739709363910934624816250948310905870516490152323845654698835235607375139145151252300518952681249670519366224367191080941950960612430590599784107574388270912656395965864142364667984575546882550050402798003370469155776659862256338059002106715868920421959433223756311341506694462249246973686264750035944554027554964157670321252914659435234646443493712854369868617979878497181771646759948311695637114584348651771431904969849110081081821640566621008549662599107020537625960765883336258880621660826890345952759029069091629711646006899098755434389884773494946170099790270755433895531567661208353484311048810800788111840705805624955225027418091239412100668589394370968315698078324185051701230955082870308677344488684612158769361767777837346776555079714088380305842729991029448146799207539621874331602727946103944468978205786901327495852333742265123780284165194551387230070682778503540508508389955375300821035286129078213174885946523545123707765089751541440362020042893894356177814940860205479243573086606885730420613924922521740011663547554099613311756973690409072205878811540836847383274224475049790457243185325279438273042557043847012495945760862308288423540927383680854827497339606169050376870686398107894177947146791089184241703574242968937991180851504354800610526401521888202577981939219626385442402993398786958505406650671605859325060691570751348645230741121655977138022407591313103172516392559634766168346842153104566194869343830694435498319973439702075544800957829477506044770101419201949849121162917842988679511434283413847620024076684849310313	2,4,-4,-4,-4,3,3,3,3,3,3,3	4,-4,-4,-4,3,3,3,3,3,3,3,3	ok
-1.167167	12.552553	-52.923396	0.539093	continued:5	24739664234858138982047535273920704865888201889876711837493816699690678265963591165069870505023217046633362579621148489165328977987949899797415602900486143006268665268678106964453841999524106595607605727243377372487650564782802452333008206763043514220470865892407412103036806892083064510289504814600080741268157165354063032161189525829409088498985531970815025159686244986955270210405434697787650037103444327391942508501376229453985083037857645944890272090078718974473418025044221755928344004123983175888817859152476099625581493080234216246769749121423440316080188755726314866454849365625903310727411127889898194381660787032015151698715736677481139420851742750719529547539689342907032684848982153429642503545479758778195831115174999007304520947563003595490867019874169994914300124258307833187901988179428014704959954258008163520937529812950909650540738739709363910934624816250948310905870516490152323845654698835235607375139145151252300518952681249670519366224367191080941950960612430590599784107574388270912656395965864142364667984575546882550050402798003370469155776659862256338059002106715868920421959433223756311341506694462249246973686264750035944554027554964157670321252914659435234646443493670649443320763569393771211014635255250197768479072848942888802904343116166917267274303616645213633258901986934724608102196030566705447199709448848685232091527603953601719852178627896858736075978945818005174493541245870668987929539886645630097678757555544087307337036790434872459172290673698254378844314669452090116179632825192549044579465458111330616555979307251114857149361512116613974709257803359966534656492138218227074841157122375658584060220213022165525332776358629866966288227440625112970679311294012527786937908438788933269152027795727358098149081262309340910027752904780906837503037034324409444406146090624109088924403412096630561891955737242725345322413905726693248195866969791271654695936200328092484246227965825976504945539852784819301024178852444474692192548534126035186023469676002246932424139429748139392521639625101928395106984770436581308351058934055769118232799233408278107027273366695989329209154343877618868661991020975405689106246189336127463396267701412847679116589549251870270844396113558907834058707172256761029888361534374786347487608401449988351944244856780417097985589797080224364751671572412939040572871214031862581112931261011457520216214875551266994707924276208437578826	24739664234858138982047535273920704865888201889876711837493816699690678265963591165069870505023217046633362579621148489165328977987949899797415602900486143006268665268678106964453841999524106595607605727243377372487650564782802452333008206763043514220470865892407412103036806892083064510289504814600080741268157165354063032161189525829409088498985531970815025159686244986955270210405434697787650037103444327391942508501376229453985083037857645944890272090078718974473418025044221755928344004123983175888817859152476099625581493080234216246769749121423440316080188755726314866454849365625903310727411127889898194381660787032015151698715736677481139420851742750719529547539689342907032684848982153429642503545479758778195831115174999007304520947563003595490867019874169994914300124258307833187901988179428014704959954258008163520937529812950909650540738739709363910934624816250948310905870516490152323845654698835235607375139145151252300518952681249670519366224367191080941950960612430590599784107574388270912656395965864142364667984575546882550050402798003370469155776659862256338059002106715868920421959433223756311341506694462249246973686264750035944554027554964157670321252914659435234646443493712854369868617979878497181771646759948311695637114584348651771431904969849110081081821640566621008549662599107020537625960765883336258880621660826890345952759029069091629711646006899098755434389884773494946170099790270755433895531567661208353484311048810800788111840705805624955225027418091239412100668589394370968315698078324185051701230955082870308677344488684612158769361767777837346776555079714088380305842729991029448146799207539621874331602727946103944468978205786901327495852333742265123780284165194551387230070682778503540508508389955375300821035286129078213174885946523545123707765089751541440362020042893894356177814940860205479243573086606885730420613924922521740011663547554099613311756973690409072205878811540836847383274224475049790457243185325279438273042557043847012495945760862308288423540927383680854827497339606169050376870686398107894177947146791089184241703574242968937991180851504354800610526401521888202577981939219626385442402993398786958505406650671605859325060691570751348645230741121655977138022407591313103172516392559634766168346842153104566194869343830694435498319973439702075544800957829477506044770101419201949849121162917842988679511434283413847620024076684849310313	1,-4,-4,-4,3,3,3,3,3,3,3,3	4,-4,-4,-4,3,3,3,3,3,3,3,3	ok
-1.163163	12.552553	-54.662919	0.541886	continued:5	24739664234858138982047535273920704865888201889876711837493816699690678265963591165069870505023217046633362579621148489165328977987949899797415602900085081435628786567950676391780949633448253616219680559998014214784634910618447122667639804607217055610037222276897125660535867393387520758988742191975475097134159821776175469287214857624750265388130867415580412873925910271279382629434282479656095907178473638142326186864698341018602123575843883404208311798618679388046194707946385968872279636660172423920762823771748609336176990325713506490614247467311351878471253089939596514261196666267475682898635077588364628629417296554229734815495315011752337585393015754405944996164827318009845582551593321289722257247006063686910061456841431892563940020873466746931070957111770150069590359792388197563206227771911411885143855184505614961998508226343153531223089971459935049708039359327667779120430067461929055441744031224422705223831560005091108633317128720548165517033711719448300771525660964913525817712220131912105082815080054605883136048554894173783193438041716508681297001277350562437894851607688119124032266056066591963623197071229719772200831481260746898621517899928612391918713268983151048632780119648896253765940151777173575597570025320253082336116946689981147789765900355562110523987436189411566954756946831913765892283629482126668117215787661175622538482371666841405595054624551275871666632475049764341931929868507018454948365774171910807496638367218687366613903751947086947394002612630474683257999387223688134848014104823955551645010680263372366206458226198558279883447844315148180302724249331888726196930807213187997142652942313186005148224878224024593537200103980637926868603500896185830904692094904758235554768415409124757267836161356776521732484146109863946926378105041694979170269733992817805415234240628485488200053302199364211031646323082439647263607276631895871769259044401451363766451126814443473134220489198884697731101960802990910300139680959518854832128513597114746389737973151315057975842081443516593123962467786526070102139874765749035637088432614260030772344792316488840415153698481155126035457741137680097748660410763036811870095293313414540437283852893333234643562710973384060038416228190613325616933189150517789061901654152308030489428549857055082465581427407486143000730202660813809057790100346399768338483335257539245860316494779637880208922066168766414992991208014608723526	24739664234858138982047535273920704865888201889876711837493816699690678265963591165069870505023217046633362579621148489165328977987949899797415602900486143006268665268678106964453841999524106595607605727243377372487650564782802452333008206763043514220470865892407412103036806892083064510289504814600080741268157165354063032161189525829409088498985531970815025159686244986955270210405434697787650037103444327391942508501376229453985083037857645944890272090078718974473418025044221755928344004123983175888817859152476099625581493080234216246769749121423440316080188755726314866454849365625903310727411127889898194381660787032015151698715736677481139420851742750719529547539689342907032684848982153429642503545479758778195831115174999007304520947563003595490867019874169994914300124258307833187901988179428014704959954258008163520937529812950909650540738739709363910934624816250948310905870516490152323845654698835235607375139145151252300518952681249670519366224367191080941950960612430590599784107574388270912656395965864142364667984575546882550050402798003370469155776659862256338059002106715868920421959433223756311341506694462249246973686264750035944554027554964157670321252914659435234646443493712854369868617979878497181771646759948311695637114584348651771431904969849110081081821640566621008549662599107020537625960765883336258880621660826890345952759029069091629711646006899098755434389884773494946170099790270755433895531567661208353484311048810800788111840705805624955225027418091239412100668589394370968315698078324185051701230955082870308677344488684612158769361767777837346776555079714088380305842729991029448146799207539621874331602727946103944468978205786901327495852333742265123780284165194551387230070682778503540508508389955375300821035286129078213174885946523545123707765089751541440362020042893894356177814940860205479243573086606885730420613924922521740011663547554099613311756973690409072205878811540836847383274224475049790457243185325279438273042557043847012495945760862308288423540927383680854827497339606169050376870686398107894177947146791089184241703574242968937991180851504354800610526401521888202577981939219626385442402993398786958505406650671605859325060691570751348645230741121655977138022407591313103172516392559634766168346842153104566194869343830694435498319973439702075544800957829477506044770101419201949849121162917842988679511434283413847620024076684849310313	1,3,3,3,3,3,3,3,3,3,3,3	4,-4,-4,-4,3,3,3,3,3,3,3,3	ok
-1.159159	12.552553	-55.752478	0.544680	continued:5	24739664234858138982047535273920704865888201889876711837493816699690678265963591165069870505023217046633362579621148489165328977987949899797415602900085081435628786567950676391780949633448253616219680559998014214784634910618447122667639804607217055610037222276897125660535867393387520758988742191975475097134159821776175469287214857624750265388130867415580412873925910271279382629434282479656095907178473638142326186864698341018602123575843883404208311798618679388046194707946385968872279636660172423920762823771748609336176990325713506490614247467311351878471253089939596514261196666267475682898635077588364628629417296554229734815495315011752337585393015754405944996164827318009845582551593321289722257247006063686910061456841431892563940020873466746931070957111770150069590359792388197563206227771911411885143855184505614961998508226343153531223089971459935049708039359327667779120430067461929055441744031224422705223831560005091108633317128720548165517033711719448300771525660964913525817712220131912105082815080054605883136048554894173783193438041716508681297001277350562437894851607688119124032266056066591963623197071229719772200831481260746898621517899928612391918713268983151048632780119662964562615224955272082232516573860219624391388797525158568803965619851582959715126493444163214025385010484222679075733538541254336938677519858320577213126261082222107876703634988014443799459723042466865939807313462170098621510273802110074477200727790710189239796434724232268265168771327876208855251384560129805973155186008944787466690145813994448741828958685398242399644411740283504376021102246139806369606510408492840549451469396517122961183841277506170313763723572234427437236681374721304794358903114096136891133303545792185964095132388517154996467307401461623006192877589030302012077625091035466697406080506762771704815522350350242449968214220019584208434318914148100359158909679143753029398694920492804349553854965529569693457265246243878651194015319923783237068738696511787191450682232621481336789660422996610379069409921474899407696853444936065024933934485679589861499939814189140782388654260075696454421684651979624554066992826512688381456690865842009375581685321384904219623644446996167623623702794595196333711331969000714989476935040045706939151824415849649248600765204089570503279736809339261698814688659615461932316553762144963996566198596914621200952058301145179750011252431412752172391	24739664234858138982047535273920704865888201889876711837493816699690678265963591165069870505023217046633362579621148489165328977987949899797415602900486143006268665268678106964453841999524106595607605727243377372487650564782802452333008206763043514220470865892407412103036806892083064510289504814600080741268157165354063032161189525829409088498985531970815025159686244986955270210405434697787650037103444327391942508501376229453985083037857645944890272090078718974473418025044221755928344004123983175888817859152476099625581493080234216246769749121423440316080188755726314866454849365625903310727411127889898194381660787032015151698715736677481139420851742750719529547539689342907032684848982153429642503545479758778195831115174999007304520947563003595490867019874169994914300124258307833187901988179428014704959954258008163520937529812950909650540738739709363910934624816250948310905870516490152323845654698835235607375139145151252300518952681249670519366224367191080941950960612430590599784107574388270912656395965864142364667984575546882550050402798003370469155776659862256338059002106715868920421959433223756311341506694462249246973686264750035944554027554964157670321252914659435234646443493712854369868617979878497181771646759948311695637114584348651771431904969849110081081821640566621008549662599107020537625960765883336258880621660826890345952759029069091629711646006899098755434389884773494946170099790270755433895531567661208353484311048810800788111840705805624955225027418091239412100668589394370968315698078324185051701230955082870308677344488684612158769361767777837346776555079714088380305842729991029448146799207539621874331602727946103944468978205786901327495852333742265123780284165194551387230070682778503540508508389955375300821035286129078213174885946523545123707765089751541440362020042893894356177814940860205479243573086606885730420613924922521740011663547554099613311756973690409072205878811540836847383274224475049790457243185325279438273042557043847012495945760862308288423540927383680854827497339606169050376870686398107894177947146791089184241703574242968937991180851504354800610526401521888202577981939219626385442402993398786958505406650671605859325060691570751348645230741121655977138022407591313103172516392559634766168346842153104566194869343830694435498319973439702075544800957829477506044770101419201949849121162917842988679511434283413847620024076684849310313	2,3,3,3,3,3,3,3,3,3,3,3	4,-4,-4,-4,3,3,3,3,3,3,3,3	ok
-1.155155	12.552553	-56.495760	0.547473	full	24739664234858138982047535273920704865888201889876711837493816699690678265963591165069870505023217046633362579621148489165328977987949899797415602900085081435628786567950676391780949633448253616219680559998014214784634910618447122667639804607217055610037222276897125660535867393387520758988742191975475097134159821776175469287214857624750265388130867415580412873925910271279382629434282479656095907178473638142326186864698341018602123575843883404208311798618679388046194707946385968872279636660172423920762823771748609336176990325713506490614247467311351878471253089939596514261196666267475682898635077588364628629417296554229734815495315011752337585393015754405944996164827318009845582551593321289722257247006063686910061456841431892563940020873466746931070957111770150069590359792388197563206227771911411885143855184505614961998508226343153531223089971459935049708039359327667779120430067461929055441744031224422705223831560005091108633317128720548165517033711719448300771525660964913525817712220131912105082815080054605883136048554894173783193438041716508681297001277350562437894851607688119124032266056066591963623197071229719772200831481260746898621517899928612391918713268983151048632780119655930408190582553524627904057071942769938736862457235924274975877692875969260912825240440176312796169883715527296420812911085368231803397367822990876417832371726944474641149344806282859835563177758758315140869621665338558538229319788140992642348683078964438303205169238089677606281386970253341769254691973676747054001600056884371509167578247128910554017708455798400339763929792299326278161913247735847547901720607853014273297061169415154483166033077865097453650461838107532682052642437808745312631797604500447563344035980600655360681484274936965759099895773785743476559627847035998495623947412514142251410657373695628596507787826274803330499930271551011927848963095389998115464084361772602196582573023653623911344037727364227195594183603523434780747077500441651045950433605054450968920210102886398197382751252220063486096686194630712738899496659850907030285511459146924946136142303252814811401903979278425790228571196558652325907826618637862596663393079577711958009484587139118727133603578984775841831059511392904829664132579075616389269418347099007484820626482853352165533173315748528323140233506000037753936239379980930850327518548701251621213257545847129540580490183656973082502121819713680447958	24739664234858138982047535273920704865888201889876711837493816699690678265963591165069870505023217046633362579621148489165328977987949899797415602900486143006268665268678106964453841999524106595607605727243377372487650564782802452333008206763043514220470865892407412103036806892083064510289504814600080741268157165354063032161189525829409088498985531970815025159686244986955270210405434697787650037103444327391942508501376229453985083037857645944890272090078718974473418025044221755928344004123983175888817859152476099625581493080234216246769749121423440316080188755726314866454849365625903310727411127889898194381660787032015151698715736677481139420851742750719529547539689342907032684848982153429642503545479758778195831115174999007304520947563003595490867019874169994914300124258307833187901988179428014704959954258008163520937529812950909650540738739709363910934624816250948310905870516490152323845654698835235607375139145151252300518952681249670519366224367191080941950960612430590599784107574388270912656395965864142364667984575546882550050402798003370469155776659862256338059002106715868920421959433223756311341506694462249246973686264750035944554027554964157670321252914659435234646443493712854369868617979878497181771646759948311695637114584348651771431904969849110081081821640566621008549662599107020537625960765883336258880621660826890345952759029069091629711646006899098755434389884773494946170099790270755433895531567661208353484311048810800788111840705805624955225027418091239412100668589394370968315698078324185051701230955082870308677344488684612158769361767777837346776555079714088380305842729991029448146799207539621874331602727946103944468978205786901327495852333742265123780284165194551387230070682778503540508508389955375300821035286129078213174885946523545123707765089751541440362020042893894356177814940860205479243573086606885730420613924922521740011663547554099613311756973690409072205878811540836847383274224475049790457243185325279438273042557043847012495945760862308288423540927383680854827497339606169050376870686398107894177947146791089184241703574242968937991180851504354800610526401521888202577981939219626385442402993398786958505406650671605859325060691570751348645230741121655977138022407591313103172516392559634766168346842153104566194869343830694435498319973439702075544800957829477506044770101419201949849121162917842988679511434283413847620024076684849310313	-2,3,3,3,3,3,3,3,3,3,3,3	4,-4,-4,-4,3,3,3,3,3,3,3,3	ok
-1.151151	12.552553	-46.983039	0.535833	continued:5	24739664234858138982047535273920704895757539726112908251438163205018941142815780311745551274768732340258877681883220709254438060557727943084431578832787664786285033962897137475109966594536921196345368988178928734319550990616798234738426441329975811082542418687032574754555670308806400073011386994034122559084338923961564827243679948341711906639370687199591334610184232323549682995276987956088064516661660343597404353309026284818116830917705446825786992810866587209705521015335282251073699235984232692064386328873635550251467202252037321107786049250681199223578740058812830716655171327994111037989161388580029907113217692516151428882189052826236600101273658886718730310553097215413200632660197834522110148812564416726466161627534493324033549752171802592897151602613248451315348260736832056433051559954155147585463625391563460493609698430870330083136852882419032247730342913978343554562730770419758446813349422527948308241368216588733332198672216448671794686245327236681990537031981609573316311253709649252862192211878152631195397035161127064177339265906900387740653342404629140325692355213269809853567599849659085628930540968823303404033463195252204362983977144369471637695837923620243240181198736962995901859480036973023909205953122682260002466889881555114569016089373999241654603949447594279473281503564045842473334678274261026089693561307209494535507700418187494096621763004702853003855689744580594703744483838151768796640819877349594218266197992530962409452368193318447425687064727620251150366033303693780286621230049121055674110395915902441403194620371125118943600652847429479358268212438884339328801835077266470430907852470854367177947525175133904160060578633478797997994940654957795787260759006389663647867556322796383141693399650590656282798389664234089572386088486935161659564176697806028784099330919867890092665395257780292550017255332520880325035249543943852697023956482652175930440966670459832521182438259673245799479219006646108636251604085242714657576348757610318178426697755469991404993686300517457470145563610850175091031875928535175956604582529625168028203936645915163406598375932255594768681483927312041839588440878702798024859266721128007645927170104804653587749768788833036190768571209657946184391304097901551943028695186715466976311948644003803215016708838813322938733138259279706927333715365318533342622040676196565835150637017370673020253736281907835186429266172101494023025	24739664234858138982047535273920704865888201889876711837493816699690678265963591165069870505023217046633362579621148489165328977987949899797415602900486143006268665268678106964453841999524106595607605727243377372487650564782802452333008206763043514220470865892407412103036806892083064510289504814600080741268157165354063032161189525829409088498985531970815025159686244986955270210405434697787650037103444327391942508501376229453985083037857645944890272090078718974473418025044221755928344004123983175888817859152476099625581493080234216246769749121423440316080188755726314866454849365625903310727411127889898194381660787032015151698715736677481139420851742750719529547539689342907032684848982153429642503545479758778195831115174999007304520947563003595490867019874169994914300124258307833187901988179428014704959954258008163520937529812950909650540738739709363910934624816250948310905870516490152323845654698835235607375139145151252300518952681249670519366224367191080941950960612430590599784107574388270912656395965864142364667984575546882550050402798003370469155776659862256338059002106715868920421959433223756311341506694462249246973686264750035944554027554964157670321252914659435234646443493712854369868617979878497181771646759948311695637114584348651771431904969849110081081821640566621008549662599107020537625960765883336258880621660826890345952759029069091629711646006899098755434389884773494946170099790270755433895531567661208353484311048810800788111840705805624955225027418091239412100668589394370968315698078324185051701230955082870308677344488684612158769361767777837346776555079714088380305842729991029448146799207539621874331602727946103944468978205786901327495852333742265123780284165194551387230070682778503540508508389955375300821035286129078213174885946523545123707765089751541440362020042893894356177814940860205479243573086606885730420613924922521740011663547554099613311756973690409072205878811540836847383274224475049790457243185325279438273042557043847012495945760862308288423540927383680854827497339606169050376870686398107894177947146791089184241703574242968937991180851504354800610526401521888202577981939219626385442402993398786958505406650671605859325060691570751348645230741121655977138022407591313103172516392559634766168346842153104566194869343830694435498319973439702075544800957829477506044770101419201949849121162917842988679511434283413847620024076684849310313	-2,4,-4,-4,-4,-4,3,3,3,3,3,3	4,-4,-4,-4,3,3,3,3,3,3,3,3	ok
-1.147147	12.552553	-50.499249	0.538626	continued:5	24739664234858138982047535273920704895757539726112908251438163205018941142815780311745551274768732340258877681883220709254438060557727943084431578832787664786285033962897137475109966594536921196345368988178928734319550990616798234738426441329975811082542418687032574754555670308806400073011386994034122559084338923961564827243679948341711906639370687199591334610184232323549682995276987956088064516661660343597404353309026284818116830917705446825786992810866587209705521015335282251073699235984232692064386328873635550251467202252037321107786049250681199223578740058812830716655171327994111037989161388580029907113217692516151428882189052826236600101273658886718730310553097215413200632660197834522110148812564416726466161627534493324033549752171802592897151602613248451315348260736832056433051559954155147585463625391563460493609698430870330083136852882419032247730342913978343554562730770419758446813349422527948308241368216588733332198672216448671794686245327236681990537031981609573316311253709649252862192211878152631195397035161127064177339265906900387740653342404629140325692355213269809853567599849659085628930540968823303404033463195252204362983977144369471637695837923620243240181198736970030056284122438720478237665455040136191986549430477899239101919693076202543614929421105394920177639894876289143964260687337002476913521942222070240161999415226787481904527375597480581008460749042354288744404297215529007046754126932371962723988416440048089740418268518262532754105373260607072891405539992226784314486689649374336820954608383919151028204451614198272416100751094934180966795678968034275034214920600270030085911005641470996545832105537927548901208832860785992135411772303689492533814226577348263776402070020483104054675954344019098128694254975257822759109309211190236693101375502383597450180571688118529526710362661423823137383783808919386403980286729770972969664486546951721161640734836638426247501690464088092976717175253104309496899902431115888205850928940782847437099303215883821068231006189467990912454260113974377369562104864329642471327152643331801582290302588802446381254182789230744546657394981062742140782668788922985924251700928728007731736855932826246408428331588839909508898905774533626513876349016743311546209672073534850972759310966218913037144602842941083470868819686060201036663992496125299351195675639208723608029880890378199788081311726810781560897815087277045729992	24739664234858138982047535273920704865888201889876711837493816699690678265963591165069870505023217046633362579621148489165328977987949899797415602900486143006268665268678106964453841999524106595607605727243377372487650564782802452333008206763043514220470865892407412103036806892083064510289504814600080741268157165354063032161189525829409088498985531970815025159686244986955270210405434697787650037103444327391942508501376229453985083037857645944890272090078718974473418025044221755928344004123983175888817859152476099625581493080234216246769749121423440316080188755726314866454849365625903310727411127889898194381660787032015151698715736677481139420851742750719529547539689342907032684848982153429642503545479758778195831115174999007304520947563003595490867019874169994914300124258307833187901988179428014704959954258008163520937529812950909650540738739709363910934624816250948310905870516490152323845654698835235607375139145151252300518952681249670519366224367191080941950960612430590599784107574388270912656395965864142364667984575546882550050402798003370469155776659862256338059002106715868920421959433223756311341506694462249246973686264750035944554027554964157670321252914659435234646443493712854369868617979878497181771646759948311695637114584348651771431904969849110081081821640566621008549662599107020537625960765883336258880621660826890345952759029069091629711646006899098755434389884773494946170099790270755433895531567661208353484311048810800788111840705805624955225027418091239412100668589394370968315698078324185051701230955082870308677344488684612158769361767777837346776555079714088380305842729991029448146799207539621874331602727946103944468978205786901327495852333742265123780284165194551387230070682778503540508508389955375300821035286129078213174885946523545123707765089751541440362020042893894356177814940860205479243573086606885730420613924922521740011663547554099613311756973690409072205878811540836847383274224475049790457243185325279438273042557043847012495945760862308288423540927383680854827497339606169050376870686398107894177947146791089184241703574242968937991180851504354800610526401521888202577981939219626385442402993398786958505406650671605859325060691570751348645230741121655977138022407591313103172516392559634766168346842153104566194869343830694435498319973439702075544800957829477506044770101419201949849121162917842988679511434283413847620024076684849310313	2,4,-4,-4,-4,-4,3,3,3,3,3,3	4,-4,-4,-4,3,3,3,3,3,3,3,3	ok
-1.143143	12.552553	-52.971304	0.535833	continued:5	24739664234858138982047535273920704865888201889876711837493816699690678265963591165069870505023217046633362579621148489165328977987949899797415602900486143006268665268678106964453841999524106595607605727243377372487650564782802452333008206763043514220470865892407412103036806892083064510289504814600080741268157165354063032161189525829409088498985531970815025159686244986955270210405434697787650037103444327391942508501376229453985083037857645944890272090078718974473418025044221755928344004123983175888817859152476099625581493080234216246769749121423440316080188755726314866454849365625903310727411127889898194381660787032015151698715736677481139420851742750719529547539689342907032684848982153429642503545479758778195831115174999007304520947563003595490867019874169994914300124258307833187901988179428014704959954258008163520937529812950909650540738739709363910934624816250948310905870516490152323845654698835235607375139145151252300518952681249670519366224367191080941950960612430590599784107574388270912656395965864142364667984575546882550050402798003370469155776659862256338059002106715868920421959433223756311341506694462249246973686264750035944554027554964157670321252914659435234646443493670649443320763569393771211014635255250197768479072848942888802904343116166917267274303616645213633258901986934724608102196030566705447199709448848685232091527603953601719852178627896858736075978945818005174493541245870668987929539886645630097678757555544087307337036790434872459172290673698254378844314669452090116179632825192549044579465458111330616555979307251114857149361512116613974709257803359966534656492138218227074841157122375658584060220213022165525332776358629866966288227440625112970679311294012527786937908438788933269152027795727358098149081262309340910027752904780906837503037034324409444406146090624109088924403412096630561891955737242725345322413905726693248195866969791271654695936200328092484246227965825976504945539852784819301024178852444474692192548534126035186023469676002246932424139429748139392521639625101928395106984770436581308351058934055769118232799233408278107027273366695989329209154343877618868661991020975405689106246189336127463396267701412847679116589549251870270844396113558907834058707172256761029888361534374786347487608401449988351944244856780417097985589797080224364751671572412939040572871214031862581112931261011457520216214875551266994707924276208437578826	24739664234858138982047535273920704865888201889876711837493816699690678265963591165069870505023217046633362579621148489165328977987949899797415602900486143006268665268678106964453841999524106595607605727243377372487650564782802452333008206763043514220470865892407412103036806892083064510289504814600080741268157165354063032161189525829409088498985531970815025159686244986955270210405434697787650037103444327391942508501376229453985083037857645944890272090078718974473418025044221755928344004123983175888817859152476099625581493080234216246769749121423440316080188755726314866454849365625903310727411127889898194381660787032015151698715736677481139420851742750719529547539689342907032684848982153429642503545479758778195831115174999007304520947563003595490867019874169994914300124258307833187901988179428014704959954258008163520937529812950909650540738739709363910934624816250948310905870516490152323845654698835235607375139145151252300518952681249670519366224367191080941950960612430590599784107574388270912656395965864142364667984575546882550050402798003370469155776659862256338059002106715868920421959433223756311341506694462249246973686264750035944554027554964157670321252914659435234646443493712854369868617979878497181771646759948311695637114584348651771431904969849110081081821640566621008549662599107020537625960765883336258880621660826890345952759029069091629711646006899098755434389884773494946170099790270755433895531567661208353484311048810800788111840705805624955225027418091239412100668589394370968315698078324185051701230955082870308677344488684612158769361767777837346776555079714088380305842729991029448146799207539621874331602727946103944468978205786901327495852333742265123780284165194551387230070682778503540508508389955375300821035286129078213174885946523545123707765089751541440362020042893894356177814940860205479243573086606885730420613924922521740011663547554099613311756973690409072205878811540836847383274224475049790457243185325279438273042557043847012495945760862308288423540927383680854827497339606169050376870686398107894177947146791089184241703574242968937991180851504354800610526401521888202577981939219626385442402993398786958505406650671605859325060691570751348645230741121655977138022407591313103172516392559634766168346842153104566194869343830694435498319973439702075544800957829477506044770101419201949849121162917842988679511434283413847620024076684849310313	1,-4,-4,-4,3,3,3,3,3,3,3,3	4,-4,-4,-4,3,3,3,3,3,3,3,3	ok
-1.139139	12.552553	-54.704516	0.538626	continued:5	24739664234858138982047535273920704865888201889876711837493816699690678265963591165069870505023217046633362579621148489165328977987949899797415602900085081435628786567950676391780949633448253616219680559998014214784634910618447122667639804607217055610037222276897125660535867393387520758988742191975475097134159821776175469287214857624750265388130867415580412873925910271279382629434282479656095907178473638142326186864698341018602123575843883404208311798618679388046194707946385968872279636660172423920762823771748609336176990325713506490614247467311351878471253089939596514261196666267475682898635077588364628629417296554229734815495315011752337585393015754405944996164827318009845582551593321289722257247006063686910061456841431892563940020873466746931070957111770150069590359792388197563206227771911411885143855184505614961998508226343153531223089971459935049708039359327667779120430067461929055441744031224422705223831560005091108633317128720548165517033711719448300771525660964913525817712220131912105082815080054605883136048554894173783193438041716508681297001277350562437894851607688119124032266056066591963623197071229719772200831481260746898621517899928612391918713268983151048632780119648896253765940151777173575597570025320253082336116946689981147789765900355562110523987436189411566954756946831913765892283629482126668117215787661175622538482371666841405595054624551275871666632475049764341931929868507018454948365774171910807496638367218687366613903751947086947394002612630474683257999387223688134848014104823955551645010680263372366206458226198558279883447844315148180302724249331888726196930807213187997142652942313186005148224878224024593537200103980637926868603500896185830904692094904758235554768415409124757267836161356776521732484146109863946926378105041694979170269733992817805415234240628485488200053302199364211031646323082439647263607276631895871769259044401451363766451126814443473134220489198884697731101960802990910300139680959518854832128513597114746389737973151315057975842081443516593123962467786526070102139874765749035637088432614260030772344792316488840415153698481155126035457741137680097748660410763036811870095293313414540437283852893333234643562710973384060038416228190613325616933189150517789061901654152308030489428549857055082465581427407486143000730202660813809057790100346399768338483335257539245860316494779637880208922066168766414992991208014608723526	24739664234858138982047535273920704865888201889876711837493816699690678265963591165069870505023217046633362579621148489165328977987949899797415602900486143006268665268678106964453841999524106595607605727243377372487650564782802452333008206763043514220470865892407412103036806892083064510289504814600080741268157165354063032161189525829409088498985531970815025159686244986955270210405434697787650037103444327391942508501376229453985083037857645944890272090078718974473418025044221755928344004123983175888817859152476099625581493080234216246769749121423440316080188755726314866454849365625903310727411127889898194381660787032015151698715736677481139420851742750719529547539689342907032684848982153429642503545479758778195831115174999007304520947563003595490867019874169994914300124258307833187901988179428014704959954258008163520937529812950909650540738739709363910934624816250948310905870516490152323845654698835235607375139145151252300518952681249670519366224367191080941950960612430590599784107574388270912656395965864142364667984575546882550050402798003370469155776659862256338059002106715868920421959433223756311341506694462249246973686264750035944554027554964157670321252914659435234646443493712854369868617979878497181771646759948311695637114584348651771431904969849110081081821640566621008549662599107020537625960765883336258880621660826890345952759029069091629711646006899098755434389884773494946170099790270755433895531567661208353484311048810800788111840705805624955225027418091239412100668589394370968315698078324185051701230955082870308677344488684612158769361767777837346776555079714088380305842729991029448146799207539621874331602727946103944468978205786901327495852333742265123780284165194551387230070682778503540508508389955375300821035286129078213174885946523545123707765089751541440362020042893894356177814940860205479243573086606885730420613924922521740011663547554099613311756973690409072205878811540836847383274224475049790457243185325279438273042557043847012495945760862308288423540927383680854827497339606169050376870686398107894177947146791089184241703574242968937991180851504354800610526401521888202577981939219626385442402993398786958505406650671605859325060691570751348645230741121655977138022407591313103172516392559634766168346842153104566194869343830694435498319973439702075544800957829477506044770101419201949849121162917842988679511434283413847620024076684849310313	1,3,3,3,3,3,3,3,3,3,3,3	4,-4,-4,-4,3,3,3,3,3,3,3,3	ok
-1.135135	12.552553	-55.788934	0.541420	continued:5	24739664234858138982047535273920704865888201889876711837493816699690678265963591165069870505023217046633362579621148489165328977987949899797415602900085081435628786567950676391780949633448253616219680559998014214784634910618447122667639804607217055610037222276897125660535867393387520758988742191975475097134159821776175469287214857624750265388130867415580412873925910271279382629434282479656095907178473638142326186864698341018602123575843883404208311798618679388046194707946385968872279636660172423920762823771748609336176990325713506490614247467311351878471253089939596514261196666267475682898635077588364628629417296554229734815495315011752337585393015754405944996164827318009845582551593321289722257247006063686910061456841431892563940020873466746931070957111770150069590359792388197563206227771911411885143855184505614961998508226343153531223089971459935049708039359327667779120430067461929055441744031224422705223831560005091108633317128720548165517033711719448300771525660964913525817712220131912105082815080054605883136048554894173783193438041716508681297001277350562437894851607688119124032266056066591963623197071229719772200831481260746898621517899928612391918713268983151048632780119662964562615224955272082232516573860219624391388797525158568803965619851582959715126493444163214025385010484222679075733538541254336938677519858320577213126261082222107876703634988014443799459723042466865939807313462170098621510273802110074477200727790710189239796434724232268265168771327876208855251384560129805973155186008944787466690145813994448741828958685398242399644411740283504376021102246139806369606510408492840549451469396517122961183841277506170313763723572234427437236681374721304794358903114096136891133303545792185964095132388517154996467307401461623006192877589030302012077625091035466697406080506762771704815522350350242449968214220019584208434318914148100359158909679143753029398694920492804349553854965529569693457265246243878651194015319923783237068738696511787191450682232621481336789660422996610379069409921474899407696853444936065024933934485679589861499939814189140782388654260075696454421684651979624554066992826512688381456690865842009375581685321384904219623644446996167623623702794595196333711331969000714989476935040045706939151824415849649248600765204089570503279736809339261698814688659615461932316553762144963996566198596914621200952058301145179750011252431412752172391	24739664234858138982047535273920704865888201889876711837493816699690678265963591165069870505023217046633362579621148489165328977987949899797415602900486143006268665268678106964453841999524106595607605727243377372487650564782802452333008206763043514220470865892407412103036806892083064510289504814600080741268157165354063032161189525829409088498985531970815025159686244986955270210405434697787650037103444327391942508501376229453985083037857645944890272090078718974473418025044221755928344004123983175888817859152476099625581493080234216246769749121423440316080188755726314866454849365625903310727411127889898194381660787032015151698715736677481139420851742750719529547539689342907032684848982153429642503545479758778195831115174999007304520947563003595490867019874169994914300124258307833187901988179428014704959954258008163520937529812950909650540738739709363910934624816250948310905870516490152323845654698835235607375139145151252300518952681249670519366224367191080941950960612430590599784107574388270912656395965864142364667984575546882550050402798003370469155776659862256338059002106715868920421959433223756311341506694462249246973686264750035944554027554964157670321252914659435234646443493712854369868617979878497181771646759948311695637114584348651771431904969849110081081821640566621008549662599107020537625960765883336258880621660826890345952759029069091629711646006899098755434389884773494946170099790270755433895531567661208353484311048810800788111840705805624955225027418091239412100668589394370968315698078324185051701230955082870308677344488684612158769361767777837346776555079714088380305842729991029448146799207539621874331602727946103944468978205786901327495852333742265123780284165194551387230070682778503540508508389955375300821035286129078213174885946523545123707765089751541440362020042893894356177814940860205479243573086606885730420613924922521740011663547554099613311756973690409072205878811540836847383274224475049790457243185325279438273042557043847012495945760862308288423540927383680854827497339606169050376870686398107894177947146791089184241703574242968937991180851504354800610526401521888202577981939219626385442402993398786958505406650671605859325060691570751348645230741121655977138022407591313103172516392559634766168346842153104566194869343830694435498319973439702075544800957829477506044770101419201949849121162917842988679511434283413847620024076684849310313	2,3,3,3,3,3,3,3,3,3,3,3	4,-4,-4,-4,3,3,3,3,3,3,3,3	ok
-1.131131	12.552553	-56.530639	0.544213	full	24739664234858138982047535273920704865888201889876711837493816699690678265963591165069870505023217046633362579621148489165328977987949899797415602900085081435628786567950676391780949633448253616219680559998014214784634910618447122667639804607217055610037222276897125660535867393387520758988742191975475097134159821776175469287214857624750265388130867415580412873925910271279382629434282479656095907178473638142326186864698341018602123575843883404208311798618679388046194707946385968872279636660172423920762823771748609336176990325713506490614247467311351878471253089939596514261196666267475682898635077588364628629417296554229734815495315011752337585393015754405944996164827318009845582551593321289722257247006063686910061456841431892563940020873466746931070957111770150069590359792388197563206227771911411885143855184505614961998508226343153531223089971459935049708039359327667779120430067461929055441744031224422705223831560005091108633317128720548165517033711719448300771525660964913525817712220131912105082815080054605883136048554894173783193438041716508681297001277350562437894851607688119124032266056066591963623197071229719772200831481260746898621517899928612391918713268983151048632780119655930408190582553524627904057071942769938736862457235924274975877692875969260912825240440176312796169883715527296420812911085368231803397367822990876417832371726944474641149344806282859835563177758758315140869621665338558538229319788140992642348683078964438303205169238089677606281386970253341769254691973676747054001600056884371509167578247128910554017708455798400339763929792299326278161913247735847547901720607853014273297061169415154483166033077865097453650461838107532682052642437808745312631797604500447563344035980600655360681484274936965759099895773785743476559627847035998495623947412514142251410657373695628596507787826274803330499930271551011927848963095389998115464084361772602196582573023653623911344037727364227195594183603523434780747077500441651045950433605054450968920210102886398197382751252220063486096686194630712738899496659850907030285511459146924946136142303252814811401903979278425790228571196558652325907826618637862596663393079577711958009484587139118727133603578984775841831059511392904829664132579075616389269418347099007484820626482853352165533173315748528323140233506000037753936239379980930850327518548701251621213257545847129540580490183656973082502121819713680447958	24739664234858138982047535273920704865888201889876711837493816699690678265963591165069870505023217046633362579621148489165328977987949899797415602900486143006268665268678106964453841999524106595607605727243377372487650564782802452333008206763043514220470865892407412103036806892083064510289504814600080741268157165354063032161189525829409088498985531970815025159686244986955270210405434697787650037103444327391942508501376229453985083037857645944890272090078718974473418025044221755928344004123983175888817859152476099625581493080234216246769749121423440316080188755726314866454849365625903310727411127889898194381660787032015151698715736677481139420851742750719529547539689342907032684848982153429642503545479758778195831115174999007304520947563003595490867019874169994914300124258307833187901988179428014704959954258008163520937529812950909650540738739709363910934624816250948310905870516490152323845654698835235607375139145151252300518952681249670519366224367191080941950960612430590599784107574388270912656395965864142364667984575546882550050402798003370469155776659862256338059002106715868920421959433223756311341506694462249246973686264750035944554027554964157670321252914659435234646443493712854369868617979878497181771646759948311695637114584348651771431904969849110081081821640566621008549662599107020537625960765883336258880621660826890345952759029069091629711646006899098755434389884773494946170099790270755433895531567661208353484311048810800788111840705805624955225027418091239412100668589394370968315698078324185051701230955082870308677344488684612158769361767777837346776555079714088380305842729991029448146799207539621874331602727946103944468978205786901327495852333742265123780284165194551387230070682778503540508508389955375300821035286129078213174885946523545123707765089751541440362020042893894356177814940860205479243573086606885730420613924922521740011663547554099613311756973690409072205878811540836847383274224475049790457243185325279438273042557043847012495945760862308288423540927383680854827497339606169050376870686398107894177947146791089184241703574242968937991180851504354800610526401521888202577981939219626385442402993398786958505406650671605859325060691570751348645230741121655977138022407591313103172516392559634766168346842153104566194869343830694435498319973439702075544800957829477506044770101419201949849121162917842988679511434283413847620024076684849310313	-2,3,3,3,3,3,3,3,3,3,3,3	4,-4,-4,-4,3,3,3,3,3,3,3,3	ok
-1.127127	12.552553								error: Could not locate the first local maximum of the reduced return map.
-1.123123	12.552553								error: Could not locate the first local maximum of the reduced return map.
-1.119119	12.552553								error: Could not locate the first local maximum of the reduced return map.
-1.115115	12.552553								error: Could not locate the first local maximum of the reduced return map.
-1.111111	12.552553								error: Could not locate the first local maximum of the reduced return map.
-1.107107	12.552553								error: Could not locate the first local maximum of the reduced return map.
-1.103103	12.552553								error: Could not locate the first local maximum of the reduced return map.
-1.099099	12.552553								error: Could not locate the first local maximum of the reduced return map.
-1.095095	12.552553								error: Could not locate the first local maximum of the reduced return map.
-1.091091	12.552553								error: Could not locate the first local maximum of the reduced return map.
-1.087087	12.552553								error: Could not locate the first local maximum of the reduced return map.
-1.083083	12.552553								error: Could not locate the first local maximum of the reduced return map.
-1.079079	12.552553	-47.459363	0.534982	continued:5	24739664234858138982047535273920704895757539726112908251438163205018941142815780311745551274768732340258877681883220709254438060557727943084431578832787664786285033962897137475109966594536921196345368988178928734319550990616798234738426441329975811082542418687032574754555670308806400073011386994034122559084338923961564827243679948341711906639370687199591334610184232323549682995276987956088064516661660343597404353309026284818116830917705446825786992810866587209705521015335282251073699235984232692064386328873635550251467202252037321107786049250681199223578740058812830716655171327994111037989161388580029907113217692516151428882189052826236600101273658886718730310553097215413200632660197834522110148812564416726466161627534493324033549752171802592897151602613248451315348260736832056433051559954155147585463625391563460493609698430870330083136852882419032247730342913978343554562730770419758446813349422527948308241368216588733332198672216448671794686245327236681990537031981609573316311253709649252862192211878152631195397035161127064177339265906900387740653342404629140325692355213269809853567599849659085628930540968823303404033463195252204362983977144369471637695837923620243240181198736955961747434837635225569580746451205228328018384349285210990036112485671795939694278477789793638768923112251802540982408669211519575265865180392348748909015985609587506288716150411925124999250630446806900663084670460774530546527512822327225712543979545013835078486467868374362097268756194633429409326526615160776258755770448867774527266183447885731778184789128051965471100554599924777749740745909734403623388749554262910775904699300237737810062944812340259418912324406171603860578109006226099040707291435431063519333042625109662228710844957162214436902524353210356385662867762680086626026977893228460118018090151617250658620427854136761962650726856122374246090212358116732424383426418352630699241198504281238794863186055258398622241262760187907775603305739369541109301768574437788919754092295056161741756366411566924027836867107725972812501646992740709441882012415918534474117570703027880431942569075280444990705572873561341538394212968482610125466832513528007560117484276783060767071205988826162872638236644782265854906259179059792339847718299896082979864586321788693392888814834685562406597456832499212818003438234511767334048405713184408062271393144363146252426160837004888811960717256925942316059	24739664234858138982047535273920704865888201889876711837493816699690678266527069749440504790571412139398611409270908450362730376250155074764676347344069888126517298474570859817860608502873391373146285427510315747585633769201540786967750755426439244909325087395028128868044225308262789884128060956514754247517702306425810931411575896427989859706075064718218471893517140662118299639008577497356111854595428210166315807732026393320608795249168317651695729421548767897306733768613302513900313747234910216702628396343057972743120228768071687743367812170271420131539175277064250947772621001186024499362163335793602171390789441233345359317297987613512980491695577916997660396957915557900310271635623458055025007041775847069041635811203256895352566087822033786766343037302223398419442420288675160901222754706690690966518603785237711745730763499632246794821702611212581403238113406002252819908487238453210437930412907369377220770586565902403360469112052194331355699172681218058600912097861834234685728509163337737349074185342289032272009772529037195573254778966688587558900055660072144278809022487554382658809806558064428353021275127081776410900980967206199354460442391625214857639764133401759178616057210715361170181155207291974765362134188430088718654944399534641609712082327183498848543674854211019549672901658412899512239971078861570858091999233599891455776733136774007468374814324085647562053557811317644404201613559010184410281670495806276765909865447049704363912350495095788218936903850023877083781738493466261299508229286777297119380450850858524926966526240335925549029087855552702166701098601603568346986357381158892692214593350783281418531935972959380635265589337316053216767057127704275165044892552214469013651628175747851898137388353038994943550688618657567252497399784676624642763199156277934634025607340838126992047908445942411795826757479689779132010608646283219363751428974834498090630122612096853122752040204502310032917212021304011645972457651787412787344268581265823386183000406576882585605095036485910703235593719636301235565540384727017689410037102864511530110898201866812751047378019046417547263773393719611527671930567253117253434746997897679488737540381176832937452379034311515340461621655390050588498652552307949079852673280935183475716218133923833589955512970801219036617934671633955715584704182839799871748505610177319158252804911002558005975661061592146432802973683065670063195	1,4,-4,-4,-4,-4,3,3,3,3,3,3	4,-4,-4,-4,-4,3,3,3,3,3,3,3	ok
-1.075075	12.552553	-50.770280	0.532189	continued:5	24739664234858138982047535273920704895757539726112908251438163205018941142815780311745551274768732340258877681883220709254438060557727943084431578832787664786285033962897137475109966594536921196345368988178928734319550990616798234738426441329975811082542418687032574754555670308806400073011386994034122559084338923961564827243679948341711906639370687199591334610184232323549682995276987956088064516661660343597404353309026284818116830917705446825786992810866587209705521015335282251073699235984232692064386328873635550251467202252037321107786049250681199223578740058812830716655171327994111037989161388580029907113217692516151428882189052826236600101273658886718730310553097215413200632660197834522110148812564416726466161627534493324033549752171802592897151602613248451315348260736832056433051559954155147585463625391563460493609698430870330083136852882419032247730342913978343554562730770419758446813349422527948308241368216588733332198672216448671794686245327236681990537031981609573316311253709649252862192211878152631195397035161127064177339265906900387740653342404629140325692355213269809853567599849659085628930540968823303404033463195252204362983977144369471637695837923620243240181198736970030056284122438720478237665455040136191986549430477899239101919693076202543614929421105394920177639894876289143964260687337002476913521942222070240161999415226787481904527375597480581008460749042354288744404297215529007046754126932371962723988416440048089740418268518262532754105373260607072891405539992226784314486689649374336820954608383919151028204451614198272416100751094934180966795678968034275034214920600270030085911005641470996545832105537927548901208832860785992135411772303689492533814226577348263776402070020483104054675954344019098128694254975257822759109309211190236693101375502383597450180571688118529526710362661423823137383783808919386403980286729770972969664486546951721161640734836638426247501690464088092976717175253104309496899902431115888205850928940782847437099303215883821068231006189467990912454260113974377369562104864329642471327152643331801582290302588802446381254182789230744546657394981062742140782668788922985924251700928728007731736855932826246408428331588839909508898905774533626513876349016743311546209672073534850972759310966218913037144602842941083470868819686060201036663992496125299351195675639208723608029880890378199788081311726810781560897815087277045729992	24739664234858138982047535273920704865888201889876711837493816699690678266527069749440504790571412139398611409270908450362730376250155074764676347344069888126517298474570859817860608502873391373146285427510315747585633769201540786967750755426439244909325087395028128868044225308262789884128060956514754247517702306425810931411575896427989859706075064718218471893517140662118299639008577497356111854595428210166315807732026393320608795249168317651695729421548767897306733768613302513900313747234910216702628396343057972743120228768071687743367812170271420131539175277064250947772621001186024499362163335793602171390789441233345359317297987613512980491695577916997660396957915557900310271635623458055025007041775847069041635811203256895352566087822033786766343037302223398419442420288675160901222754706690690966518603785237711745730763499632246794821702611212581403238113406002252819908487238453210437930412907369377220770586565902403360469112052194331355699172681218058600912097861834234685728509163337737349074185342289032272009772529037195573254778966688587558900055660072144278809022487554382658809806558064428353021275127081776410900980967206199354460442391625214857639764133401759178616057210715361170181155207291974765362134188430088718654944399534641609712082327183498848543674854211019549672901658412899512239971078861570858091999233599891455776733136774007468374814324085647562053557811317644404201613559010184410281670495806276765909865447049704363912350495095788218936903850023877083781738493466261299508229286777297119380450850858524926966526240335925549029087855552702166701098601603568346986357381158892692214593350783281418531935972959380635265589337316053216767057127704275165044892552214469013651628175747851898137388353038994943550688618657567252497399784676624642763199156277934634025607340838126992047908445942411795826757479689779132010608646283219363751428974834498090630122612096853122752040204502310032917212021304011645972457651787412787344268581265823386183000406576882585605095036485910703235593719636301235565540384727017689410037102864511530110898201866812751047378019046417547263773393719611527671930567253117253434746997897679488737540381176832937452379034311515340461621655390050588498652552307949079852673280935183475716218133923833589955512970801219036617934671633955715584704182839799871748505610177319158252804911002558005975661061592146432802973683065670063195	2,4,-4,-4,-4,-4,3,3,3,3,3,3	4,-4,-4,-4,-4,3,3,3,3,3,3,3	ok
-1.071071	12.552553	-53.167466	0.530399	continued:5	24739664234858138982047535273920704865888201889876711837493816699690678265963591165069870505023217046633362579621148489165328977987949899797415602900486143006268665268678106964453841999524106595607605727243377372487650564782802452333008206763043514220470865892407412103036806892083064510289504814600080741268157165354063032161189525829409088498985531970815025159686244986955270210405434697787650037103444327391942508501376229453985083037857645944890272090078718974473418025044221755928344004123983175888817859152476099625581493080234216246769749121423440316080188755726314866454849365625903310727411127889898194381660787032015151698715736677481139420851742750719529547539689342907032684848982153429642503545479758778195831115174999007304520947563003595490867019874169994914300124258307833187901988179428014704959954258008163520937529812950909650540738739709363910934624816250948310905870516490152323845654698835235607375139145151252300518952681249670519366224367191080941950960612430590599784107574388270912656395965864142364667984575546882550050402798003370469155776659862256338059002106715868920421959433223756311341506694462249246973686264750035944554027554964157670321252914659435234646443493670649443320763569393771211014635255250197768479072848942888802904343116166917267274303616645213633258901986934724608102196030566705447199709448848685232091527603953601719852178627896858736075978945818005174493541245870668987929539886645630097678757555544087307337036790434872459172290673698254378844314669452090116179632825192549044579465458111330616555979307251114857149361512116613974709257803359966534656492138218227074841157122375658584060220213022165525332776358629866966288227440625112970679311294012527786937908438788933269152027795727358098149081262309340910027752904780906837503037034324409444406146090624109088924403412096630561891955737242725345322413905726693248195866969791271654695936200328092484246227965825976504945539852784819301024178852444474692192548534126035186023469676002246932424139429748139392521639625101928395106984770436581308351058934055769118232799233408278107027273366695989329209154343877618868661991020975405689106246189336127463396267701412847679116589549251870270844396113558907834058707172256761029888361534374786347487608401449988351944244856780417097985589797080224364751671572412939040572871214031862581112931261011457520216214875551266994707924276208437578826	24739664234858138982047535273920704865888201889876711837493816699690678266527069749440504790571412139398611409270908450362730376250155074764676347344069888126517298474570859817860608502873391373146285427510315747585633769201540786967750755426439244909325087395028128868044225308262789884128060956514754247517702306425810931411575896427989859706075064718218471893517140662118299639008577497356111854595428210166315807732026393320608795249168317651695729421548767897306733768613302513900313747234910216702628396343057972743120228768071687743367812170271420131539175277064250947772621001186024499362163335793602171390789441233345359317297987613512980491695577916997660396957915557900310271635623458055025007041775847069041635811203256895352566087822033786766343037302223398419442420288675160901222754706690690966518603785237711745730763499632246794821702611212581403238113406002252819908487238453210437930412907369377220770586565902403360469112052194331355699172681218058600912097861834234685728509163337737349074185342289032272009772529037195573254778966688587558900055660072144278809022487554382658809806558064428353021275127081776410900980967206199354460442391625214857639764133401759178616057210715361170181155207291974765362134188430088718654944399534641609712082327183498848543674854211019549672901658412899512239971078861570858091999233599891455776733136774007468374814324085647562053557811317644404201613559010184410281670495806276765909865447049704363912350495095788218936903850023877083781738493466261299508229286777297119380450850858524926966526240335925549029087855552702166701098601603568346986357381158892692214593350783281418531935972959380635265589337316053216767057127704275165044892552214469013651628175747851898137388353038994943550688618657567252497399784676624642763199156277934634025607340838126992047908445942411795826757479689779132010608646283219363751428974834498090630122612096853122752040204502310032917212021304011645972457651787412787344268581265823386183000406576882585605095036485910703235593719636301235565540384727017689410037102864511530110898201866812751047378019046417547263773393719611527671930567253117253434746997897679488737540381176832937452379034311515340461621655390050588498652552307949079852673280935183475716218133923833589955512970801219036617934671633955715584704182839799871748505610177319158252804911002558005975661061592146432802973683065670063195	1,-4,-4,-4,3,3,3,3,3,3,3,3	4,-4,-4,-4,-4,3,3,3,3,3,3,3	ok
-1.067067	12.552553	-54.816630	0.533192	continued:5	24739664234858138982047535273920704865888201889876711837493816699690678265963591165069870505023217046633362579621148489165328977987949899797415602900085081435628786567950676391780949633448253616219680559998014214784634910618447122667639804607217055610037222276897125660535867393387520758988742191975475097134159821776175469287214857624750265388130867415580412873925910271279382629434282479656095907178473638142326186864698341018602123575843883404208311798618679388046194707946385968872279636660172423920762823771748609336176990325713506490614247467311351878471253089939596514261196666267475682898635077588364628629417296554229734815495315011752337585393015754405944996164827318009845582551593321289722257247006063686910061456841431892563940020873466746931070957111770150069590359792388197563206227771911411885143855184505614961998508226343153531223089971459935049708039359327667779120430067461929055441744031224422705223831560005091108633317128720548165517033711719448300771525660964913525817712220131912105082815080054605883136048554894173783193438041716508681297001277350562437894851607688119124032266056066591963623197071229719772200831481260746898621517899928612391918713268983151048632780119648896253765940151777173575597570025320253082336116946689981147789765900355562110523987436189411566954756946831913765892283629482126668117215787661175622538482371666841405595054624551275871666632475049764341931929868507018454948365774171910807496638367218687366613903751947086947394002612630474683257999387223688134848014104823955551645010680263372366206458226198558279883447844315148180302724249331888726196930807213187997142652942313186005148224878224024593537200103980637926868603500896185830904692094904758235554768415409124757267836161356776521732484146109863946926378105041694979170269733992817805415234240628485488200053302199364211031646323082439647263607276631895871769259044401451363766451126814443473134220489198884697731101960802990910300139680959518854832128513597114746389737973151315057975842081443516593123962467786526070102139874765749035637088432614260030772344792316488840415153698481155126035457741137680097748660410763036811870095293313414540437283852893333234643562710973384060038416228190613325616933189150517789061901654152308030489428549857055082465581427407486143000730202660813809057790100346399768338483335257539245860316494779637880208922066168766414992991208014608723526	24739664234858138982047535273920704865888201889876711837493816699690678266527069749440504790571412139398611409270908450362730376250155074764676347344069888126517298474570859817860608502873391373146285427510315747585633769201540786967750755426439244909325087395028128868044225308262789884128060956514754247517702306425810931411575896427989859706075064718218471893517140662118299639008577497356111854595428210166315807732026393320608795249168317651695729421548767897306733768613302513900313747234910216702628396343057972743120228768071687743367812170271420131539175277064250947772621001186024499362163335793602171390789441233345359317297987613512980491695577916997660396957915557900310271635623458055025007041775847069041635811203256895352566087822033786766343037302223398419442420288675160901222754706690690966518603785237711745730763499632246794821702611212581403238113406002252819908487238453210437930412907369377220770586565902403360469112052194331355699172681218058600912097861834234685728509163337737349074185342289032272009772529037195573254778966688587558900055660072144278809022487554382658809806558064428353021275127081776410900980967206199354460442391625214857639764133401759178616057210715361170181155207291974765362134188430088718654944399534641609712082327183498848543674854211019549672901658412899512239971078861570858091999233599891455776733136774007468374814324085647562053557811317644404201613559010184410281670495806276765909865447049704363912350495095788218936903850023877083781738493466261299508229286777297119380450850858524926966526240335925549029087855552702166701098601603568346986357381158892692214593350783281418531935972959380635265589337316053216767057127704275165044892552214469013651628175747851898137388353038994943550688618657567252497399784676624642763199156277934634025607340838126992047908445942411795826757479689779132010608646283219363751428974834498090630122612096853122752040204502310032917212021304011645972457651787412787344268581265823386183000406576882585605095036485910703235593719636301235565540384727017689410037102864511530110898201866812751047378019046417547263773393719611527671930567253117253434746997897679488737540381176832937452379034311515340461621655390050588498652552307949079852673280935183475716218133923833589955512970801219036617934671633955715584704182839799871748505610177319158252804911002558005975661061592146432802973683065670063195	1,3,3,3,3,3,3,3,3,3,3,3	4,-4,-4,-4,-4,3,3,3,3,3,3,3	ok
-1.063063	12.552553	-55.847338	0.535985	continued:5	24739664234858138982047535273920704865888201889876711837493816699690678265963591165069870505023217046633362579621148489165328977987949899797415602900085081435628786567950676391780949633448253616219680559998014214784634910618447122667639804607217055610037222276897125660535867393387520758988742191975475097134159821776175469287214857624750265388130867415580412873925910271279382629434282479656095907178473638142326186864698341018602123575843883404208311798618679388046194707946385968872279636660172423920762823771748609336176990325713506490614247467311351878471253089939596514261196666267475682898635077588364628629417296554229734815495315011752337585393015754405944996164827318009845582551593321289722257247006063686910061456841431892563940020873466746931070957111770150069590359792388197563206227771911411885143855184505614961998508226343153531223089971459935049708039359327667779120430067461929055441744031224422705223831560005091108633317128720548165517033711719448300771525660964913525817712220131912105082815080054605883136048554894173783193438041716508681297001277350562437894851607688119124032266056066591963623197071229719772200831481260746898621517899928612391918713268983151048632780119662964562615224955272082232516573860219624391388797525158568803965619851582959715126493444163214025385010484222679075733538541254336938677519858320577213126261082222107876703634988014443799459723042466865939807313462170098621510273802110074477200727790710189239796434724232268265168771327876208855251384560129805973155186008944787466690145813994448741828958685398242399644411740283504376021102246139806369606510408492840549451469396517122961183841277506170313763723572234427437236681374721304794358903114096136891133303545792185964095132388517154996467307401461623006192877589030302012077625091035466697406080506762771704815522350350242449968214220019584208434318914148100359158909679143753029398694920492804349553854965529569693457265246243878651194015319923783237068738696511787191450682232621481336789660422996610379069409921474899407696853444936065024933934485679589861499939814189140782388654260075696454421684651979624554066992826512688381456690865842009375581685321384904219623644446996167623623702794595196333711331969000714989476935040045706939151824415849649248600765204089570503279736809339261698814688659615461932316553762144963996566198596914621200952058301145179750011252431412752172391	24739664234858138982047535273920704865888201889876711837493816699690678266527069749440504790571412139398611409270908450362730376250155074764676347344069888126517298474570859817860608502873391373146285427510315747585633769201540786967750755426439244909325087395028128868044225308262789884128060956514754247517702306425810931411575896427989859706075064718218471893517140662118299639008577497356111854595428210166315807732026393320608795249168317651695729421548767897306733768613302513900313747234910216702628396343057972743120228768071687743367812170271420131539175277064250947772621001186024499362163335793602171390789441233345359317297987613512980491695577916997660396957915557900310271635623458055025007041775847069041635811203256895352566087822033786766343037302223398419442420288675160901222754706690690966518603785237711745730763499632246794821702611212581403238113406002252819908487238453210437930412907369377220770586565902403360469112052194331355699172681218058600912097861834234685728509163337737349074185342289032272009772529037195573254778966688587558900055660072144278809022487554382658809806558064428353021275127081776410900980967206199354460442391625214857639764133401759178616057210715361170181155207291974765362134188430088718654944399534641609712082327183498848543674854211019549672901658412899512239971078861570858091999233599891455776733136774007468374814324085647562053557811317644404201613559010184410281670495806276765909865447049704363912350495095788218936903850023877083781738493466261299508229286777297119380450850858524926966526240335925549029087855552702166701098601603568346986357381158892692214593350783281418531935972959380635265589337316053216767057127704275165044892552214469013651628175747851898137388353038994943550688618657567252497399784676624642763199156277934634025607340838126992047908445942411795826757479689779132010608646283219363751428974834498090630122612096853122752040204502310032917212021304011645972457651787412787344268581265823386183000406576882585605095036485910703235593719636301235565540384727017689410037102864511530110898201866812751047378019046417547263773393719611527671930567253117253434746997897679488737540381176832937452379034311515340461621655390050588498652552307949079852673280935183475716218133923833589955512970801219036617934671633955715584704182839799871748505610177319158252804911002558005975661061592146432802973683065670063195	2,3,3,3,3,3,3,3,3,3,3,3	4,-4,-4,-4,-4,3,3,3,3,3,3,3	ok
-1.059059	12.552553	-56.555643	0.538779	full	24739664234858138982047535273920704865888201889876711837493816699690678265963591165069870505023217046633362579621148489165328977987949899797415602900085081435628786567950676391780949633448253616219680559998014214784634910618447122667639804607217055610037222276897125660535867393387520758988742191975475097134159821776175469287214857624750265388130867415580412873925910271279382629434282479656095907178473638142326186864698341018602123575843883404208311798618679388046194707946385968872279636660172423920762823771748609336176990325713506490614247467311351878471253089939596514261196666267475682898635077588364628629417296554229734815495315011752337585393015754405944996164827318009845582551593321289722257247006063686910061456841431892563940020873466746931070957111770150069590359792388197563206227771911411885143855184505614961998508226343153531223089971459935049708039359327667779120430067461929055441744031224422705223831560005091108633317128720548165517033711719448300771525660964913525817712220131912105082815080054605883136048554894173783193438041716508681297001277350562437894851607688119124032266056066591963623197071229719772200831481260746898621517899928612391918713268983151048632780119655930408190582553524627904057071942769938736862457235924274975877692875969260912825240440176312796169883715527296420812911085368231803397367822990876417832371726944474641149344806282859835563177758758315140869621665338558538229319788140992642348683078964438303205169238089677606281386970253341769254691973676747054001600056884371509167578247128910554017708455798400339763929792299326278161913247735847547901720607853014273297061169415154483166033077865097453650461838107532682052642437808745312631797604500447563344035980600655360681484274936965759099895773785743476559627847035998495623947412514142251410657373695628596507787826274803330499930271551011927848963095389998115464084361772602196582573023653623911344037727364227195594183603523434780747077500441651045950433605054450968920210102886398197382751252220063486096686194630712738899496659850907030285511459146924946136142303252814811401903979278425790228571196558652325907826618637862596663393079577711958009484587139118727133603578984775841831059511392904829664132579075616389269418347099007484820626482853352165533173315748528323140233506000037753936239379980930850327518548701251621213257545847129540580490183656973082502121819713680447958	24739664234858138982047535273920704865888201889876711837493816699690678266527069749440504790571412139398611409270908450362730376250155074764676347344069888126517298474570859817860608502873391373146285427510315747585633769201540786967750755426439244909325087395028128868044225308262789884128060956514754247517702306425810931411575896427989859706075064718218471893517140662118299639008577497356111854595428210166315807732026393320608795249168317651695729421548767897306733768613302513900313747234910216702628396343057972743120228768071687743367812170271420131539175277064250947772621001186024499362163335793602171390789441233345359317297987613512980491695577916997660396957915557900310271635623458055025007041775847069041635811203256895352566087822033786766343037302223398419442420288675160901222754706690690966518603785237711745730763499632246794821702611212581403238113406002252819908487238453210437930412907369377220770586565902403360469112052194331355699172681218058600912097861834234685728509163337737349074185342289032272009772529037195573254778966688587558900055660072144278809022487554382658809806558064428353021275127081776410900980967206199354460442391625214857639764133401759178616057210715361170181155207291974765362134188430088718654944399534641609712082327183498848543674854211019549672901658412899512239971078861570858091999233599891455776733136774007468374814324085647562053557811317644404201613559010184410281670495806276765909865447049704363912350495095788218936903850023877083781738493466261299508229286777297119380450850858524926966526240335925549029087855552702166701098601603568346986357381158892692214593350783281418531935972959380635265589337316053216767057127704275165044892552214469013651628175747851898137388353038994943550688618657567252497399784676624642763199156277934634025607340838126992047908445942411795826757479689779132010608646283219363751428974834498090630122612096853122752040204502310032917212021304011645972457651787412787344268581265823386183000406576882585605095036485910703235593719636301235565540384727017689410037102864511530110898201866812751047378019046417547263773393719611527671930567253117253434746997897679488737540381176832937452379034311515340461621655390050588498652552307949079852673280935183475716218133923833589955512970801219036617934671633955715584704182839799871748505610177319158252804911002558005975661061592146432802973683065670063195	-2,3,3,3,3,3,3,3,3,3,3,3	4,-4,-4,-4,-4,3,3,3,3,3,3,3	ok
-1.055055	12.552553								error: Could not locate the first local maximum of the reduced return map.
-1.051051	12.552553								error: Could not locate the first local maximum of the reduced return map.
-1.047047	12.552553								error: Could not locate the first local maximum of the reduced return map.
-1.043043	12.552553								error: Could not locate the first local maximum of the reduced return map.
-1.039039	12.552553								error: Could not locate the first local maximum of the reduced return map.
-1.035035	12.552553								error: Could not locate the first local maximum of the reduced return map.
-1.031031	12.552553								error: Could not locate the first local maximum of the reduced return map.
-1.027027	12.552553								error: Could not locate the first local maximum of the reduced return map.
-1.023023	12.552553								error: Could not locate the first local maximum of the reduced return map.
-1.019019	12.552553								error: Could not locate the first local maximum of the reduced return map.
-1.015015	12.552553	-47.542183	0.520307	continued:5	24739664234858138982047535273920704895757539726112908251438163205018941142815780311745551274768732340258877681883220709254438060557727943084431578832787664786285033962897137475109966594536921196345368988178928734319550990616798234738426441329975811082542418687032574754555670308806400073011386994034122559084338923961564827243679948341711906639370687199591334610184232323549682995276987956088064516661660343597404353309026284818116830917705446825786992810866587209705521015335282251073699235984232692064386328873635550251467202252037321107786049250681199223578740058812830716655171327994111037989161388580029907113217692516151428882189052826236600101273658886718730310553097215413200632660197834522110148812564416726466161627534493324033549752171802592897151602613248451315348260736832056433051559954155147585463625391563460493609698430870330083136852882419032247730342913978343554562730770419758446813349422527948308241368216588733332198672216448671794686245327236681990537031981609573316311253709649252862192211878152631195397035161127064177339265906900387740653342404629140325692355213269809853567599849659085628930540968823303404033463195252204362983977144369471637695837923620243240181198736962995901859480036973023909205953122682260002466889881555114569016089373999241654603949447594279473281503564045842473334678274261026089693561307209494535507700418187494096621763004702853003855689744580594703744483838151768796640819877349594218266197992530962409452368193318447425687064727620251150366033303693780286621230049121055674110395915902441403194620371125118943600652847429479358268212438884339328801835077266470430907852470854367177947525175133904160060578633478797997994940654957795787260759006389663647867556322796383141693399650590656282798389664234089572386088486935161659564176697806028784099330919867890092665395257780292550017255332520880325035249543943852697023956482652175930440966670459832521182438259673245799479219006646108636251604085242714657576348757610318178426697755469991404993686300517457470145563610850175091031875928535175956604582529625168028203936645915163406598375932255594768681483927312041839588440878702798024859266721128007645927170104804653587749768788833036190768571209657946184391304097901551943028695186715466976311948644003803215016708838813322938733138259279706927333715365318533342622040676196565835150637017370673020253736281907835186429266172101494023025	24739664234858138982047535273920704865888201889876711837493816699690678266527069749440504790571412139398611409270908450362730376250155074764676347344069888126517298474570859817860608502873391373146285427510315747585633769201540786967750755426439244909325087395028128868044225308262789884128060956514754247517702306425810931411575896427989859706075064718218471893517140662118299639008577497356111854595428210166315807732026393320608795249168317651695729421548767897306733768613302513900313747234910216702628396343057972743120228768071687743367812170271420131539175277064250947772621001186024499362163335793602171390789441233345359317297987613512980491695577916997660396957915557900310271635623458055025007041775847069041635811203256895352566087822033786766343037302223398419442420288675160901222754706690690966518603785237711745730763499632246794821702611212581403238113406002252819908487238453210437930412907369377220770586565902403360469112052194331355699172681218058600912097861834234685728509163337737349074185342289032272009772529037195573254778966688587558900055660072144278809022487554382658809806558064428353021275127081776410900980967206199354460442391625214857639764133401759178616057210715361170181155207291974765362134188430088718654944399534641609712082327183498848543674854211019549672901658412899512239971078861570858091999233599891455776733136774007468374814324085647562053557811317644404201613559010184410281670495806276765909865447049704363912350495095788218936903850023877083781738493466261299508229286777297119380450850858524926966526240335925549029087855552702166701098601603568346986357381158892692214593350783281418531935972959380635265589337316053216767057127704275165044892552214469013651628175747851898137388353038994943550688618657567252497399784676624642763199156277934634025607340838126992047908445942411795826757479689779132010608646283219363751428974834498090630122612096853122752040204502310032917212021304011645972457651787412787344268581265823386183000406576882585605095036485910703235593719636301235565540384727017689410037102864511530110898201866812751047378019046417547263773393719611527671930567253117253434746997897679488737540381176832937452379034311515340461621655390050588498652552307949079852673280935183475716218133923833589955512970801219036617934671633955715584704182839799871748505610177319158252804911002558005975661061592146432802973683065670063195	-2,4,-4,-4,-4,-4,3,3,3,3,3,3	4,-4,-4,-4,-4,3,3,3,3,3,3,3	ok
-1.011011	12.552553	-50.961183	0.523100	continued:5	24739664234858138982047535273920704895757539726112908251438163205018941142815780311745551274768732340258877681883220709254438060557727943084431578832787664786285033962897137475109966594536921196345368988178928734319550990616798234738426441329975811082542418687032574754555670308806400073011386994034122559084338923961564827243679948341711906639370687199591334610184232323549682995276987956088064516661660343597404353309026284818116830917705446825786992810866587209705521015335282251073699235984232692064386328873635550251467202252037321107786049250681199223578740058812830716655171327994111037989161388580029907113217692516151428882189052826236600101273658886718730310553097215413200632660197834522110148812564416726466161627534493324033549752171802592897151602613248451315348260736832056433051559954155147585463625391563460493609698430870330083136852882419032247730342913978343554562730770419758446813349422527948308241368216588733332198672216448671794686245327236681990537031981609573316311253709649252862192211878152631195397035161127064177339265906900387740653342404629140325692355213269809853567599849659085628930540968823303404033463195252204362983977144369471637695837923620243240181198736970030056284122438720478237665455040136191986549430477899239101919693076202543614929421105394920177639894876289143964260687337002476913521942222070240161999415226787481904527375597480581008460749042354288744404297215529007046754126932371962723988416440048089740418268518262532754105373260607072891405539992226784314486689649374336820954608383919151028204451614198272416100751094934180966795678968034275034214920600270030085911005641470996545832105537927548901208832860785992135411772303689492533814226577348263776402070020483104054675954344019098128694254975257822759109309211190236693101375502383597450180571688118529526710362661423823137383783808919386403980286729770972969664486546951721161640734836638426247501690464088092976717175253104309496899902431115888205850928940782847437099303215883821068231006189467990912454260113974377369562104864329642471327152643331801582290302588802446381254182789230744546657394981062742140782668788922985924251700928728007731736855932826246408428331588839909508898905774533626513876349016743311546209672073534850972759310966218913037144602842941083470868819686060201036663992496125299351195675639208723608029880890378199788081311726810781560897815087277045729992	24739664234858138982047535273920704865888201889876711837493816699690678266527069749440504790571412139398611409270908450362730376250155074764676347344069888126517298474570859817860608502873391373146285427510315747585633769201540786967750755426439244909325087395028128868044225308262789884128060956514754247517702306425810931411575896427989859706075064718218471893517140662118299639008577497356111854595428210166315807732026393320608795249168317651695729421548767897306733768613302513900313747234910216702628396343057972743120228768071687743367812170271420131539175277064250947772621001186024499362163335793602171390789441233345359317297987613512980491695577916997660396957915557900310271635623458055025007041775847069041635811203256895352566087822033786766343037302223398419442420288675160901222754706690690966518603785237711745730763499632246794821702611212581403238113406002252819908487238453210437930412907369377220770586565902403360469112052194331355699172681218058600912097861834234685728509163337737349074185342289032272009772529037195573254778966688587558900055660072144278809022487554382658809806558064428353021275127081776410900980967206199354460442391625214857639764133401759178616057210715361170181155207291974765362134188430088718654944399534641609712082327183498848543674854211019549672901658412899512239971078861570858091999233599891455776733136774007468374814324085647562053557811317644404201613559010184410281670495806276765909865447049704363912350495095788218936903850023877083781738493466261299508229286777297119380450850858524926966526240335925549029087855552702166701098601603568346986357381158892692214593350783281418531935972959380635265589337316053216767057127704275165044892552214469013651628175747851898137388353038994943550688618657567252497399784676624642763199156277934634025607340838126992047908445942411795826757479689779132010608646283219363751428974834498090630122612096853122752040204502310032917212021304011645972457651787412787344268581265823386183000406576882585605095036485910703235593719636301235565540384727017689410037102864511530110898201866812751047378019046417547263773393719611527671930567253117253434746997897679488737540381176832937452379034311515340461621655390050588498652552307949079852673280935183475716218133923833589955512970801219036617934671633955715584704182839799871748505610177319158252804911002558005975661061592146432802973683065670063195	2,4,-4,-4,-4,-4,3,3,3,3,3,3	4,-4,-4,-4,-4,3,3,3,3,3,3,3	ok
-1.007007	12.552553	-53.344522	0.525894	continued:5	24739664234858138982047535273920704865888201889876711837493816699690678265963591165069870505023217046633362579621148489165328977987949899797415602900486143006268665268678106964453841999524106595607605727243377372487650564782802452333008206763043514220470865892407412103036806892083064510289504814600080741268157165354063032161189525829409088498985531970815025159686244986955270210405434697787650037103444327391942508501376229453985083037857645944890272090078718974473418025044221755928344004123983175888817859152476099625581493080234216246769749121423440316080188755726314866454849365625903310727411127889898194381660787032015151698715736677481139420851742750719529547539689342907032684848982153429642503545479758778195831115174999007304520947563003595490867019874169994914300124258307833187901988179428014704959954258008163520937529812950909650540738739709363910934624816250948310905870516490152323845654698835235607375139145151252300518952681249670519366224367191080941950960612430590599784107574388270912656395965864142364667984575546882550050402798003370469155776659862256338059002106715868920421959433223756311341506694462249246973686264750035944554027554964157670321252914659435234646443493670649443320763569393771211014635255250197768479072848942888802904343116166917267274303616645213633258901986934724608102196030566705447199709448848685232091527603953601719852178627896858736075978945818005174493541245870668987929539886645630097678757555544087307337036790434872459172290673698254378844314669452090116179632825192549044579465458111330616555979307251114857149361512116613974709257803359966534656492138218227074841157122375658584060220213022165525332776358629866966288227440625112970679311294012527786937908438788933269152027795727358098149081262309340910027752904780906837503037034324409444406146090624109088924403412096630561891955737242725345322413905726693248195866969791271654695936200328092484246227965825976504945539852784819301024178852444474692192548534126035186023469676002246932424139429748139392521639625101928395106984770436581308351058934055769118232799233408278107027273366695989329209154343877618868661991020975405689106246189336127463396267701412847679116589549251870270844396113558907834058707172256761029888361534374786347487608401449988351944244856780417097985589797080224364751671572412939040572871214031862581112931261011457520216214875551266994707924276208437578826	24739664234858138982047535273920704865888201889876711837493816699690678266527069749440504790571412139398611409270908450362730376250155074764676347344069888126517298474570859817860608502873391373146285427510315747585633769201540786967750755426439244909325087395028128868044225308262789884128060956514754247517702306425810931411575896427989859706075064718218471893517140662118299639008577497356111854595428210166315807732026393320608795249168317651695729421548767897306733768613302513900313747234910216702628396343057972743120228768071687743367812170271420131539175277064250947772621001186024499362163335793602171390789441233345359317297987613512980491695577916997660396957915557900310271635623458055025007041775847069041635811203256895352566087822033786766343037302223398419442420288675160901222754706690690966518603785237711745730763499632246794821702611212581403238113406002252819908487238453210437930412907369377220770586565902403360469112052194331355699172681218058600912097861834234685728509163337737349074185342289032272009772529037195573254778966688587558900055660072144278809022487554382658809806558064428353021275127081776410900980967206199354460442391625214857639764133401759178616057210715361170181155207291974765362134188430088718654944399534641609712082327183498848543674854211019549672901658412899512239971078861570858091999233599891455776733136774007468374814324085647562053557811317644404201613559010184410281670495806276765909865447049704363912350495095788218936903850023877083781738493466261299508229286777297119380450850858524926966526240335925549029087855552702166701098601603568346986357381158892692214593350783281418531935972959380635265589337316053216767057127704275165044892552214469013651628175747851898137388353038994943550688618657567252497399784676624642763199156277934634025607340838126992047908445942411795826757479689779132010608646283219363751428974834498090630122612096853122752040204502310032917212021304011645972457651787412787344268581265823386183000406576882585605095036485910703235593719636301235565540384727017689410037102864511530110898201866812751047378019046417547263773393719611527671930567253117253434746997897679488737540381176832937452379034311515340461621655390050588498652552307949079852673280935183475716218133923833589955512970801219036617934671633955715584704182839799871748505610177319158252804911002558005975661061592146432802973683065670063195	1,-4,-4,-4,3,3,3,3,3,3,3,3	4,-4,-4,-4,-4,3,3,3,3,3,3,3	ok
-1.003003	12.552553	-54.913632	0.528687	continued:5	24739664234858138982047535273920704865888201889876711837493816699690678265963591165069870505023217046633362579621148489165328977987949899797415602900085081435628786567950676391780949633448253616219680559998014214784634910618447122667639804607217055610037222276897125660535867393387520758988742191975475097134159821776175469287214857624750265388130867415580412873925910271279382629434282479656095907178473638142326186864698341018602123575843883404208311798618679388046194707946385968872279636660172423920762823771748609336176990325713506490614247467311351878471253089939596514261196666267475682898635077588364628629417296554229734815495315011752337585393015754405944996164827318009845582551593321289722257247006063686910061456841431892563940020873466746931070957111770150069590359792388197563206227771911411885143855184505614961998508226343153531223089971459935049708039359327667779120430067461929055441744031224422705223831560005091108633317128720548165517033711719448300771525660964913525817712220131912105082815080054605883136048554894173783193438041716508681297001277350562437894851607688119124032266056066591963623197071229719772200831481260746898621517899928612391918713268983151048632780119648896253765940151777173575597570025320253082336116946689981147789765900355562110523987436189411566954756946831913765892283629482126668117215787661175622538482371666841405595054624551275871666632475049764341931929868507018454948365774171910807496638367218687366613903751947086947394002612630474683257999387223688134848014104823955551645010680263372366206458226198558279883447844315148180302724249331888726196930807213187997142652942313186005148224878224024593537200103980637926868603500896185830904692094904758235554768415409124757267836161356776521732484146109863946926378105041694979170269733992817805415234240628485488200053302199364211031646323082439647263607276631895871769259044401451363766451126814443473134220489198884697731101960802990910300139680959518854832128513597114746389737973151315057975842081443516593123962467786526070102139874765749035637088432614260030772344792316488840415153698481155126035457741137680097748660410763036811870095293313414540437283852893333234643562710973384060038416228190613325616933189150517789061901654152308030489428549857055082465581427407486143000730202660813809057790100346399768338483335257539245860316494779637880208922066168766414992991208014608723526	24739664234858138982047535273920704865888201889876711837493816699690678266527069749440504790571412139398611409270908450362730376250155074764676347344069888126517298474570859817860608502873391373146285427510315747585633769201540786967750755426439244909325087395028128868044225308262789884128060956514754247517702306425810931411575896427989859706075064718218471893517140662118299639008577497356111854595428210166315807732026393320608795249168317651695729421548767897306733768613302513900313747234910216702628396343057972743120228768071687743367812170271420131539175277064250947772621001186024499362163335793602171390789441233345359317297987613512980491695577916997660396957915557900310271635623458055025007041775847069041635811203256895352566087822033786766343037302223398419442420288675160901222754706690690966518603785237711745730763499632246794821702611212581403238113406002252819908487238453210437930412907369377220770586565902403360469112052194331355699172681218058600912097861834234685728509163337737349074185342289032272009772529037195573254778966688587558900055660072144278809022487554382658809806558064428353021275127081776410900980967206199354460442391625214857639764133401759178616057210715361170181155207291974765362134188430088718654944399534641609712082327183498848543674854211019549672901658412899512239971078861570858091999233599891455776733136774007468374814324085647562053557811317644404201613559010184410281670495806276765909865447049704363912350495095788218936903850023877083781738493466261299508229286777297119380450850858524926966526240335925549029087855552702166701098601603568346986357381158892692214593350783281418531935972959380635265589337316053216767057127704275165044892552214469013651628175747851898137388353038994943550688618657567252497399784676624642763199156277934634025607340838126992047908445942411795826757479689779132010608646283219363751428974834498090630122612096853122752040204502310032917212021304011645972457651787412787344268581265823386183000406576882585605095036485910703235593719636301235565540384727017689410037102864511530110898201866812751047378019046417547263773393719611527671930567253117253434746997897679488737540381176832937452379034311515340461621655390050588498652552307949079852673280935183475716218133923833589955512970801219036617934671633955715584704182839799871748505610177319158252804911002558005975661061592146432802973683065670063195	1,3,3,3,3,3,3,3,3,3,3,3	4,-4,-4,-4,-4,3,3,3,3,3,3,3	ok
-0.998999	12.552553	-55.895193	0.531480	continued:5	24739664234858138982047535273920704865888201889876711837493816699690678265963591165069870505023217046633362579621148489165328977987949899797415602900085081435628786567950676391780949633448253616219680559998014214784634910618447122667639804607217055610037222276897125660535867393387520758988742191975475097134159821776175469287214857624750265388130867415580412873925910271279382629434282479656095907178473638142326186864698341018602123575843883404208311798618679388046194707946385968872279636660172423920762823771748609336176990325713506490614247467311351878471253089939596514261196666267475682898635077588364628629417296554229734815495315011752337585393015754405944996164827318009845582551593321289722257247006063686910061456841431892563940020873466746931070957111770150069590359792388197563206227771911411885143855184505614961998508226343153531223089971459935049708039359327667779120430067461929055441744031224422705223831560005091108633317128720548165517033711719448300771525660964913525817712220131912105082815080054605883136048554894173783193438041716508681297001277350562437894851607688119124032266056066591963623197071229719772200831481260746898621517899928612391918713268983151048632780119662964562615224955272082232516573860219624391388797525158568803965619851582959715126493444163214025385010484222679075733538541254336938677519858320577213126261082222107876703634988014443799459723042466865939807313462170098621510273802110074477200727790710189239796434724232268265168771327876208855251384560129805973155186008944787466690145813994448741828958685398242399644411740283504376021102246139806369606510408492840549451469396517122961183841277506170313763723572234427437236681374721304794358903114096136891133303545792185964095132388517154996467307401461623006192877589030302012077625091035466697406080506762771704815522350350242449968214220019584208434318914148100359158909679143753029398694920492804349553854965529569693457265246243878651194015319923783237068738696511787191450682232621481336789660422996610379069409921474899407696853444936065024933934485679589861499939814189140782388654260075696454421684651979624554066992826512688381456690865842009375581685321384904219623644446996167623623702794595196333711331969000714989476935040045706939151824415849649248600765204089570503279736809339261698814688659615461932316553762144963996566198596914621200952058301145179750011252431412752172391	24739664234858138982047535273920704865888201889876711837493816699690678266527069749440504790571412139398611409270908450362730376250155074764676347344069888126517298474570859817860608502873391373146285427510315747585633769201540786967750755426439244909325087395028128868044225308262789884128060956514754247517702306425810931411575896427989859706075064718218471893517140662118299639008577497356111854595428210166315807732026393320608795249168317651695729421548767897306733768613302513900313747234910216702628396343057972743120228768071687743367812170271420131539175277064250947772621001186024499362163335793602171390789441233345359317297987613512980491695577916997660396957915557900310271635623458055025007041775847069041635811203256895352566087822033786766343037302223398419442420288675160901222754706690690966518603785237711745730763499632246794821702611212581403238113406002252819908487238453210437930412907369377220770586565902403360469112052194331355699172681218058600912097861834234685728509163337737349074185342289032272009772529037195573254778966688587558900055660072144278809022487554382658809806558064428353021275127081776410900980967206199354460442391625214857639764133401759178616057210715361170181155207291974765362134188430088718654944399534641609712082327183498848543674854211019549672901658412899512239971078861570858091999233599891455776733136774007468374814324085647562053557811317644404201613559010184410281670495806276765909865447049704363912350495095788218936903850023877083781738493466261299508229286777297119380450850858524926966526240335925549029087855552702166701098601603568346986357381158892692214593350783281418531935972959380635265589337316053216767057127704275165044892552214469013651628175747851898137388353038994943550688618657567252497399784676624642763199156277934634025607340838126992047908445942411795826757479689779132010608646283219363751428974834498090630122612096853122752040204502310032917212021304011645972457651787412787344268581265823386183000406576882585605095036485910703235593719636301235565540384727017689410037102864511530110898201866812751047378019046417547263773393719611527671930567253117253434746997897679488737540381176832937452379034311515340461621655390050588498652552307949079852673280935183475716218133923833589955512970801219036617934671633955715584704182839799871748505610177319158252804911002558005975661061592146432802973683065670063195	2,3,3,3,3,3,3,3,3,3,3,3	4,-4,-4,-4,-4,3,3,3,3,3,3,3	ok
-0.994995	12.552553	-56.572266	0.534274	full	24739664234858138982047535273920704865888201889876711837493816699690678265963591165069870505023217046633362579621148489165328977987949899797415602900085081435628786567950676391780949633448253616219680559998014214784634910618447122667639804607217055610037222276897125660535867393387520758988742191975475097134159821776175469287214857624750265388130867415580412873925910271279382629434282479656095907178473638142326186864698341018602123575843883404208311798618679388046194707946385968872279636660172423920762823771748609336176990325713506490614247467311351878471253089939596514261196666267475682898635077588364628629417296554229734815495315011752337585393015754405944996164827318009845582551593321289722257247006063686910061456841431892563940020873466746931070957111770150069590359792388197563206227771911411885143855184505614961998508226343153531223089971459935049708039359327667779120430067461929055441744031224422705223831560005091108633317128720548165517033711719448300771525660964913525817712220131912105082815080054605883136048554894173783193438041716508681297001277350562437894851607688119124032266056066591963623197071229719772200831481260746898621517899928612391918713268983151048632780119655930408190582553524627904057071942769938736862457235924274975877692875969260912825240440176312796169883715527296420812911085368231803397367822990876417832371726944474641149344806282859835563177758758315140869621665338558538229319788140992642348683078964438303205169238089677606281386970253341769254691973676747054001600056884371509167578247128910554017708455798400339763929792299326278161913247735847547901720607853014273297061169415154483166033077865097453650461838107532682052642437808745312631797604500447563344035980600655360681484274936965759099895773785743476559627847035998495623947412514142251410657373695628596507787826274803330499930271551011927848963095389998115464084361772602196582573023653623911344037727364227195594183603523434780747077500441651045950433605054450968920210102886398197382751252220063486096686194630712738899496659850907030285511459146924946136142303252814811401903979278425790228571196558652325907826618637862596663393079577711958009484587139118727133603578984775841831059511392904829664132579075616389269418347099007484820626482853352165533173315748528323140233506000037753936239379980930850327518548701251621213257545847129540580490183656973082502121819713680447958	24739664234858138982047535273920704865888201889876711837493816699690678266527069749440504790571412139398611409270908450362730376250155074764676347344069888126517298474570859817860608502873391373146285427510315747585633769201540786967750755426439244909325087395028128868044225308262789884128060956514754247517702306425810931411575896427989859706075064718218471893517140662118299639008577497356111854595428210166315807732026393320608795249168317651695729421548767897306733768613302513900313747234910216702628396343057972743120228768071687743367812170271420131539175277064250947772621001186024499362163335793602171390789441233345359317297987613512980491695577916997660396957915557900310271635623458055025007041775847069041635811203256895352566087822033786766343037302223398419442420288675160901222754706690690966518603785237711745730763499632246794821702611212581403238113406002252819908487238453210437930412907369377220770586565902403360469112052194331355699172681218058600912097861834234685728509163337737349074185342289032272009772529037195573254778966688587558900055660072144278809022487554382658809806558064428353021275127081776410900980967206199354460442391625214857639764133401759178616057210715361170181155207291974765362134188430088718654944399534641609712082327183498848543674854211019549672901658412899512239971078861570858091999233599891455776733136774007468374814324085647562053557811317644404201613559010184410281670495806276765909865447049704363912350495095788218936903850023877083781738493466261299508229286777297119380450850858524926966526240335925549029087855552702166701098601603568346986357381158892692214593350783281418531935972959380635265589337316053216767057127704275165044892552214469013651628175747851898137388353038994943550688618657567252497399784676624642763199156277934634025607340838126992047908445942411795826757479689779132010608646283219363751428974834498090630122612096853122752040204502310032917212021304011645972457651787412787344268581265823386183000406576882585605095036485910703235593719636301235565540384727017689410037102864511530110898201866812751047378019046417547263773393719611527671930567253117253434746997897679488737540381176832937452379034311515340461621655390050588498652552307949079852673280935183475716218133923833589955512970801219036617934671633955715584704182839799871748505610177319158252804911002558005975661061592146432802973683065670063195	-2,3,3,3,3,3,3,3,3,3,3,3	4,-4,-4,-4,-4,3,3,3,3,3,3,3	ok
-0.990991	12.552553								error: Could not locate the first local maximum of the reduced return map.
-0.986987	12.552553								error: Could not locate the first local maximum of the reduced return map.
-0.982983	12.552553								error: Could not locate the first local maximum of the reduced return map.
-0.978979	12.552553								error: Could not locate the first local maximum of the reduced return map.
-0.974975	12.552553								error: Could not locate the first local maximum of the reduced return map.
-0.970971	12.552553								error: Could not locate the first local maximum of the reduced return map.
-0.966967	12.552553								error: Could not locate the first local maximum of the reduced return map.
-0.962963	12.552553								error: Could not locate the first local maximum of the reduced return map.
-0.958959	12.552553								error: Could not locate the first local maximum of the reduced return map.
-0.954955	12.552553								error: Could not locate the first local maximum of the reduced return map.
-0.950951	12.552553								error: Could not locate the first local maximum of the reduced return map.
-0.946947	12.552553								error: Could not locate the first local maximum of the reduced return map.
-0.942943	12.552553								error: Could not locate the first local maximum of the reduced return map.
-0.938939	12.552553								error: Could not locate the first local maximum of the reduced return map.
-0.934935	12.552553								error: Could not locate the first local maximum of the reduced return map.
-0.930931	12.552553								error: Could not locate the first local maximum of the reduced return map.
-0.926927	12.552553								error: Could not locate the first local maximum of the reduced return map.
-0.922923	12.552553								error: Could not locate the first local maximum of the reduced return map.
-0.918919	12.552553								error: Could not locate the first local maximum of the reduced return map.
-0.914915	12.552553								error: Could not locate the first local maximum of the reduced return map.
-0.910911	12.552553								error: Could not locate the first local maximum of the reduced return map.
-0.906907	12.552553								error: Could not locate the first local maximum of the reduced return map.
-0.902903	12.552553								error: Could not locate the first local maximum of the reduced return map.
-0.898899	12.552553								error: Could not locate the first local maximum of the reduced return map.
-0.894895	12.552553								error: Could not locate the first local maximum of the reduced return map.
-0.890891	12.552553								error: Could not locate the first local maximum of the reduced return map.
-0.886887	12.552553								error: Could not locate the first local maximum of the reduced return map.
-0.882883	12.552553								error: Could not locate the first local maximum of the reduced return map.
-0.878879	12.552553								error: Could not locate the first local maximum of the reduced return map.
-0.874875	12.552553								error: Could not locate the first local maximum of the reduced return map.
-0.870871	12.552553								error: Could not locate the first local maximum of the reduced return map.
-0.866867	12.552553								error: Could not locate the first local maximum of the reduced return map.
-0.862863	12.552553								error: Could not locate the first local maximum of the reduced return map.
-0.858859	12.552553								error: Could not locate the first local maximum of the reduced return map.
-0.854855	12.552553								error: Could not locate the first local maximum of the reduced return map.
-0.850851	12.552553								error: Could not locate the first local maximum of the reduced return map.
-0.846847	12.552553								error: Could not locate the first local maximum of the reduced return map.
-0.842843	12.552553								error: Could not locate the first local maximum of the reduced return map.
-0.838839	12.552553								error: Could not locate the first local maximum of the reduced return map.
-0.834835	12.552553								error: Could not locate the first local maximum of the reduced return map.
-0.830831	12.552553								error: Could not locate the first local maximum of the reduced return map.
-0.826827	12.552553								error: Could not locate the first local maximum of the reduced return map.
-0.822823	12.552553								error: Could not locate the first local maximum of the reduced return map.
-0.818819	12.552553								error: Could not locate the first local maximum of the reduced return map.
-0.814815	12.552553								error: Could not locate the first local maximum of the reduced return map.
-0.810811	12.552553								error: Could not locate the first local maximum of the reduced return map.
-0.806807	12.552553								error: Could not locate the first local maximum of the reduced return map.
-0.802803	12.552553								error: Could not locate the first local maximum of the reduced return map.
-0.798799	12.552553								error: Could not locate the first local maximum of the reduced return map.
-0.794795	12.552553								error: Could not locate the first local maximum of the reduced return map.
-0.790791	12.552553								error: Could not locate the first local maximum of the reduced return map.
-0.786787	12.552553								error: Could not locate the first local maximum of the reduced return map.
-0.782783	12.552553								error: Could not locate the first local maximum of the reduced return map.
-0.778779	12.552553								error: Could not locate the first local maximum of the reduced return map.
-0.774775	12.552553								error: Could not locate the first local maximum of the reduced return map.
-0.770771	12.552553								error: Could not locate the first local maximum of the reduced return map.
-0.766767	12.552553								error: Could not locate the first local maximum of the reduced return map.
-0.762763	12.552553								error: Could not locate the first local maximum of the reduced return map.
-0.758759	12.552553								error: Could not locate the first local maximum of the reduced return map.
-0.754755	12.552553								error: Could not locate the first local maximum of the reduced return map.
-0.750751	12.552553								error: Could not locate the first local maximum of the reduced return map.
-0.746747	12.552553								error: Could not locate the first local maximum of the reduced return map.
-0.742743	12.552553								error: Could not locate the first local maximum of the reduced return map.
-0.738739	12.552553								error: Could not locate the first local maximum of the reduced return map.
-0.734735	12.552553								error: Could not locate the first local maximum of the reduced return map.
-0.730731	12.552553								error: Could not locate the first local maximum of the reduced return map.
-0.726727	12.552553								error: Could not locate the first local maximum of the reduced return map.
-0.722723	12.552553								error: Could not locate the first local maximum of the reduced return map.
-0.718719	12.552553								error: Could not locate the first local maximum of the reduced return map.
-0.714715	12.552553								error: Could not locate the first local maximum of the reduced return map.
-0.710711	12.552553								error: Could not locate the first local maximum of the reduced return map.
-0.706707	12.552553								error: Could not locate the first local maximum of the reduced return map.
-0.702703	12.552553								error: Could not locate the first local maximum of the reduced return map.
-0.698699	12.552553								error: Could not locate the first local maximum of the reduced return map.
-0.694695	12.552553								error: Could not locate the first local maximum of the reduced return map.
-0.690691	12.552553								error: Could not locate the first local maximum of the reduced return map.
-0.686687	12.552553								error: Could not locate the first local maximum of the reduced return map.
-0.682683	12.552553								error: Could not locate the first local maximum of the reduced return map.
-0.678679	12.552553								error: Could not locate the first local maximum of the reduced return map.
-0.674675	12.552553								error: Could not locate the first local maximum of the reduced return map.
-0.670671	12.552553								error: Could not locate the first local maximum of the reduced return map.
-0.666667	12.552553								error: Could not locate the first local maximum of the reduced return map.
-0.662663	12.552553								error: Could not locate the first local maximum of the reduced return map.
-0.658659	12.552553								error: Could not locate the first local maximum of the reduced return map.
-0.654655	12.552553								error: Could not locate the first local maximum of the reduced return map.
-0.650651	12.552553								error: Could not locate the first local maximum of the reduced return map.
-0.646647	12.552553								error: Could not locate the first local maximum of the reduced return map.
-0.642643	12.552553								error: Could not locate the first local maximum of the reduced return map.
-0.638639	12.552553								error: Could not locate the first local maximum of the reduced return map.
-0.634635	12.552553								error: Could not locate the first local maximum of the reduced return map.
-0.630631	12.552553								error: Could not locate the first local maximum of the reduced return map.
-0.626627	12.552553								error: Could not locate the first local maximum of the reduced return map.
-0.622623	12.552553								error: Could not locate the first local maximum of the reduced return map.
-0.618619	12.552553								error: Could not locate the first local maximum of the reduced return map.
-0.614615	12.552553								error: Could not locate the first local maximum of the reduced return map.
-0.610611	12.552553								error: Could not locate the first local maximum of the reduced return map.
-0.606607	12.552553								error: Could not locate the first local maximum of the reduced return map.
-0.602603	12.552553								error: Could not locate the first local maximum of the reduced return map.
-0.598599	12.552553								error: Could not locate the first local maximum of the reduced return map.
-0.594595	12.552553								error: Could not locate the first local maximum of the reduced return map.
-0.590591	12.552553	-46.028640	0.490439	continued:5	24739665630500802138610170887519272966771298454457124053431325632156904049064895741755490753422315552977895520720975891498656739086660502486951720874535930777038264079654486696806199080647084522983917136963884370348990004143791410489326516430000194438660880919820488766925303365962093933959575081920131962673523344969600533381766340980003792586369026711412116154803807367520822296384209539557816686263434516742684038799495085817087117773251057547921602984121848061476616270441885331717510898936313762203919152925879417627701717527935659433861129698733565802577206541266825715457828956776037319737138271803306595366129436121485948293762460593964625354580159242309738948400273313934907150446568543458827655570219767133649679741594302510605733077647524871262059050938829527622716655327741932897805780443015242482143436375713155149685889999615249058494382500934285056057517312062669419785173078243587534805526887714760598541358140482114471305453850744723252729733937992133004013302413276538178094140628643128347042162826623357813773406541335032232691214937391196292853585674761821225512469775314111548594094991602440046573019905356059332540165516711451434594826806615851220565279219123622984888807341189785547458533292314406510882156581844213733673303988102544926104505054085853001768673401187377897172077105748488120667323552420315608473401325434671469156763532422312654394294500286767053813829358136494434320159259337866098177720981157196218736105005050011101346638676101353574973673412059140741552933816318122387160365484151283238716991181631366618252962718142926872075967896939646229804071870951010170617275504923414163443171433457849364347882802582634199797651769357667482533688448555728211990076949338062582710630172020007947671221102073045883100774658374850140363607356756138033910514100479975184414114804123577275199205706194510562559771423370586763893886764139015685738925476473831031184647958268693849091805324335159788093055601303023067075504918711229721656789587097563826255902282096905295213641827919172066605311241667240326424949277630066797371812163165912271582321005720813696787351664127619890021388206149049290395989104686698033066654152467977205719783108787077996519271992011077686932314698926377829011335308799335324177168152565310021331880015069464539080022893521788323573885213894625842764068217159830458739740503496771682933418931471522702876891996590330176904469374465768403238	24739664234858139289596792776213395126048089560964325860575729835583842533848297593721721016960133864586270478784566007837923738431102728632493488653686206422427517659865711750940728149273086021245543535037838973580791205998559559705146231073926853464589222083804255555246497856881480415382797028869947515409102466362624308138158295291171590499716827763074129642966611568980216950264829324577223314767622193926428361795673887835629956332562297465397279725893986435790621308317269268856881805654365465396459180361810212552392995264852193433280433258188779211896433656912690564002557543250673156421667764668236781952850982629778814217384438800569104873914151225457969126655952227400981393524039718258600500038035726455070068944432622142862524152684687123594860595765059200459981272529406516243425962957012576867490658726986026722180698217312788933354193995408757039115876907513670085001165669118485616264261888736175570565920805527055528071932177850674296160319879959605667945565690721172572749561424617027837407176906531354804980365442446343891397651704871647118327773450016445278339898989384299592794511445998991916998045003607230690602303876149209851274958049158657286619350298225360207043927020857827462682077120984104025380130222960767706531851061263270527508363808559469641900679055204385120949512835559731615214552862120444696753685418083025252720365797213122517126492975582255347004941983197164724513383656930383866091012072708185097169676771810228590152706669003725792633571385997372234953371065020612542293903077335653525115977808680836263146590981079247887221858904364226385962137872772723941049106778755214247914812345636028716662249110262965472888773267439579317891921782317918423933114006534814467374270728062147436904069677031281850266008000171897149092232155561665112184172027458388976083708407338858789206156680132195260960727802790084035302902635810548227352326918892626768096980427231216145375505866079416950327694622000464122043938152802476393805881981041152882079708912625313449294944955385648186314531079474561258524752764052717326338193355789322337853666847393664902807746029827899074462797846264455496436928945922431557197351701864449641918576941927023783290958101995967714847577744060734146840694414781040578677889105244664885873196988762332251046102643520420205198747275484032601762191293569346700895161875470330647534391203484723879051912966118847435183550900722111444913	-2,4,-4,-4,-4,-4,-4,-4,3,3,3,3	4,-4,-4,-4,-4,-4,-4,3,3,3,3,3	ok
-0.586587	12.552553	-49.969497	0.493233	continued:5	24739665630500802138610170887519272966771298454457124053431325632156904049064895741755490753422315552977895520720975891498656739086660502486951720874535930777038264079654486696806199080647084522983917136963884370348990004143791410489326516430000194438660880919820488766925303365962093933959575081920131962673523344969600533381766340980003792586369026711412116154803807367520822296384209539557816686263434516742684038799495085817087117773251057547921602984121848061476616270441885331717510898936313762203919152925879417627701717527935659433861129698733565802577206541266825715457828956776037319737138271803306595366129436121485948293762460593964625354580159242309738948400273313934907150446568543458827655570219767133649679741594302510605733077647524871262059050938829527622716655327741932897805780443015242482143436375713155149685889999615249058494382500934285056057517312062669419785173078243587534805526887714760598541358140482114471305453850744723252729733937992133004013302413276538178094140628643128347042162826623357813773406541335032232691214937391196292853585674761821225512469775314111548594094991602440046573019905356059332540165516711451434594826806615851220565279219123622984888807341182751392835481450111092347669953187058361047318057112556565181415100104571461592969320107471556174047186175962338328206570367862083337894125949041247646051899048475359730405917945483876539336514104462111728965277989893115200937756486547531572275697033318179637278752273490381515398069154836501319082659786753201532772515925270237667336626679298080214512763953469899679130535556309006471094150875793272797054399467728937347928400616562311166777457188227779283113771749684328679063426168717701883761442053565602237032225671033415030666329462808616531545919607341776065256819439836029243772873905914355751641668523023076276391612200588521530205601304547622148210732368694480854560075368510968793671033117235091383573429304196641901600135848356440183590600518554984590563277195318755756989950510887253603968795501095271579871498916009705602601605438343311315808600078303839485975256608359043993263700284775819514083049731997060913758647076594623344696066130371436325537124395311340266432794706988484010546769057666988154781162137068315217127027005913079862383102043186326935891253733833508333592902235626273172120206384399110922032347325283566887971356243110081032344661525142850054377500687690683040153	24739664234858139289596792776213395126048089560964325860575729835583842533848297593721721016960133864586270478784566007837923738431102728632493488653686206422427517659865711750940728149273086021245543535037838973580791205998559559705146231073926853464589222083804255555246497856881480415382797028869947515409102466362624308138158295291171590499716827763074129642966611568980216950264829324577223314767622193926428361795673887835629956332562297465397279725893986435790621308317269268856881805654365465396459180361810212552392995264852193433280433258188779211896433656912690564002557543250673156421667764668236781952850982629778814217384438800569104873914151225457969126655952227400981393524039718258600500038035726455070068944432622142862524152684687123594860595765059200459981272529406516243425962957012576867490658726986026722180698217312788933354193995408757039115876907513670085001165669118485616264261888736175570565920805527055528071932177850674296160319879959605667945565690721172572749561424617027837407176906531354804980365442446343891397651704871647118327773450016445278339898989384299592794511445998991916998045003607230690602303876149209851274958049158657286619350298225360207043927020857827462682077120984104025380130222960767706531851061263270527508363808559469641900679055204385120949512835559731615214552862120444696753685418083025252720365797213122517126492975582255347004941983197164724513383656930383866091012072708185097169676771810228590152706669003725792633571385997372234953371065020612542293903077335653525115977808680836263146590981079247887221858904364226385962137872772723941049106778755214247914812345636028716662249110262965472888773267439579317891921782317918423933114006534814467374270728062147436904069677031281850266008000171897149092232155561665112184172027458388976083708407338858789206156680132195260960727802790084035302902635810548227352326918892626768096980427231216145375505866079416950327694622000464122043938152802476393805881981041152882079708912625313449294944955385648186314531079474561258524752764052717326338193355789322337853666847393664902807746029827899074462797846264455496436928945922431557197351701864449641918576941927023783290958101995967714847577744060734146840694414781040578677889105244664885873196988762332251046102643520420205198747275484032601762191293569346700895161875470330647534391203484723879051912966118847435183550900722111444913	1,4,-4,-4,-4,-4,-4,-4,3,3,3,3	4,-4,-4,-4,-4,-4,-4,3,3,3,3,3	ok
-0.582583	12.552553	-52.589186	0.490439	continued:5	24739664234858139289596792776213395126048089560964325860575729835583842533848297593721721016960133864586270478784566007837923738431102728632493488653686206422427517659865711750940728149273086021245543535037838973580791205998559559705146231073926853464589222083804255555246497856881480415382797028869947515409102466362624308138158295291171590499716827763074129642966611568980216950264829324577223314767622193926428361795673887835629956332562297465397279725893986435790621308317269268856881805654365465396459180361810212552392995264852193433280433258188779211896433656912690564002557543250673156421667764668236781952850982629778814217384438800569104873914151225457969126655952227400981393524039718258600500038035726455070068944432622142862524152684687123594860595765059200459981272529406516243425962957012576867490658726986026722180698217312788933354193995408757039115876907513670085001165669118485616264261888736175570565920805527055528071932177850674296160319879959605667945565690721172572749561424617027837407176906531354804980365442446343891397651704871647118327773450016445278339898989384299592794511445998991916998045003607230690602303876149209851274958049158657286619350298225360207043927020822656690558865112028220991481043947531370659743507177536490218012837061331315065234825459380806121497944163399237560632753334957305216904936348483210648510454863946502104557632705872606436136498907621235435545805674659937522261212524224275278395860192957742037844074358851366758343126131545998792983950175834595644151756311440430192162012035635165842104658849459874274599198302562357834678860100187370151404608616323548216907085553017696397910538011895287056063410163816689944661201848732230727875618861564647795728246588936577935996202241947139795354148132472714850190905040162934588847442588642658410708882650109470869917531185214098984068791294726548172245111464055969639909924881639055554748414860071490472116748225096473529435074700967894548277516081945939647109032115843984082649281917530959703259533793278825778839098891622587708424953622707337513620209201021101233118284611481380610587123819877802031092151751461460542930588186114302249625469392614063980041687478686014840284002314316281547373039295722930301217299936098470445243285041285354728786201045458349860322239159361231059923043500744895759932719430697665990664950087666093655596390170340705500771854759006622676998677704530530277338	24739664234858139289596792776213395126048089560964325860575729835583842533848297593721721016960133864586270478784566007837923738431102728632493488653686206422427517659865711750940728149273086021245543535037838973580791205998559559705146231073926853464589222083804255555246497856881480415382797028869947515409102466362624308138158295291171590499716827763074129642966611568980216950264829324577223314767622193926428361795673887835629956332562297465397279725893986435790621308317269268856881805654365465396459180361810212552392995264852193433280433258188779211896433656912690564002557543250673156421667764668236781952850982629778814217384438800569104873914151225457969126655952227400981393524039718258600500038035726455070068944432622142862524152684687123594860595765059200459981272529406516243425962957012576867490658726986026722180698217312788933354193995408757039115876907513670085001165669118485616264261888736175570565920805527055528071932177850674296160319879959605667945565690721172572749561424617027837407176906531354804980365442446343891397651704871647118327773450016445278339898989384299592794511445998991916998045003607230690602303876149209851274958049158657286619350298225360207043927020857827462682077120984104025380130222960767706531851061263270527508363808559469641900679055204385120949512835559731615214552862120444696753685418083025252720365797213122517126492975582255347004941983197164724513383656930383866091012072708185097169676771810228590152706669003725792633571385997372234953371065020612542293903077335653525115977808680836263146590981079247887221858904364226385962137872772723941049106778755214247914812345636028716662249110262965472888773267439579317891921782317918423933114006534814467374270728062147436904069677031281850266008000171897149092232155561665112184172027458388976083708407338858789206156680132195260960727802790084035302902635810548227352326918892626768096980427231216145375505866079416950327694622000464122043938152802476393805881981041152882079708912625313449294944955385648186314531079474561258524752764052717326338193355789322337853666847393664902807746029827899074462797846264455496436928945922431557197351701864449641918576941927023783290958101995967714847577744060734146840694414781040578677889105244664885873196988762332251046102643520420205198747275484032601762191293569346700895161875470330647534391203484723879051912966118847435183550900722111444913	-2,-4,-4,-4,-4,-4,-4,3,3,3,3,3	4,-4,-4,-4,-4,-4,-4,3,3,3,3,3	ok
-0.578579	12.552553	-54.409268	0.493233	continued:5	24739664234858138982047535273920704865888201889876711837493816699690678265963591165069870505023217046633362579621148489165328977987949899797415602900085081435628786567950676391780949633448253616219680559998014214784634910618447122667639804607217055610037222276897125660535867393387520758988742191975475097134159821776175469287214857624750265388130867415580412873925910271279382629434282479656095907178473638142326186864698341018602123575843883404208311798618679388046194707946385968872279636660172423920762823771748609336176990325713506490614247467311351878471253089939596514261196666267475682898635077588364628629417296554229734815495315011752337585393015754405944996164827318009845582551593321289722257247006063686910061456841431892563940020873466746931070957111770150069590359792388197563206227771911411885143855184505614961998508226343153531223089971459935049708039359327667779120430067461929055441744031224422705223831560005091108633317128720548165517033711719448300771525660964913525817712220131912105082815080054605883136048554894173783193438041716508681297001277350562437894851607688119124032266056066591963623197071229719772200831481260746898621517899928612391918713268983151048632780119655930408190582553524627904057071942769938736862457235924274975877692875969260912825240440176312796169883715527296420812911085368231803397367822990876417832371726944474641149344806282859835563177758758315140869621665338558538229319788140992642348683078964438303205169238089677606281386970253341769254691973676747054001600056884371509167578247128910554017708455798400339763929792299326278161913247735847547901720607853014273297061169415154483166033077865097453650461838107532682052642437808745312631797604500447563344035980600655360681484274936965759099895773785743476559627847035998495623947412514142251410657373695628596507787826274803330499930271551011927848963095389998115464084361772602196582573023653623911344037727364227195594183603523434780747077500441651045950433605054450968920210102886398197382751252220063486096686194630712738899496659850907030285511459146924946136142303252814811401903979278425790228571196558652325907826618637862596663393079577711958009484587139118727133603578984775841831059511392904829664132579075616389269418347099007484820626482853352165533173315748528323140233506000037753936239379980930850327518548701251621213257545847129540580490183656973082502121819713680447958	24739664234858139289596792776213395126048089560964325860575729835583842533848297593721721016960133864586270478784566007837923738431102728632493488653686206422427517659865711750940728149273086021245543535037838973580791205998559559705146231073926853464589222083804255555246497856881480415382797028869947515409102466362624308138158295291171590499716827763074129642966611568980216950264829324577223314767622193926428361795673887835629956332562297465397279725893986435790621308317269268856881805654365465396459180361810212552392995264852193433280433258188779211896433656912690564002557543250673156421667764668236781952850982629778814217384438800569104873914151225457969126655952227400981393524039718258600500038035726455070068944432622142862524152684687123594860595765059200459981272529406516243425962957012576867490658726986026722180698217312788933354193995408757039115876907513670085001165669118485616264261888736175570565920805527055528071932177850674296160319879959605667945565690721172572749561424617027837407176906531354804980365442446343891397651704871647118327773450016445278339898989384299592794511445998991916998045003607230690602303876149209851274958049158657286619350298225360207043927020857827462682077120984104025380130222960767706531851061263270527508363808559469641900679055204385120949512835559731615214552862120444696753685418083025252720365797213122517126492975582255347004941983197164724513383656930383866091012072708185097169676771810228590152706669003725792633571385997372234953371065020612542293903077335653525115977808680836263146590981079247887221858904364226385962137872772723941049106778755214247914812345636028716662249110262965472888773267439579317891921782317918423933114006534814467374270728062147436904069677031281850266008000171897149092232155561665112184172027458388976083708407338858789206156680132195260960727802790084035302902635810548227352326918892626768096980427231216145375505866079416950327694622000464122043938152802476393805881981041152882079708912625313449294944955385648186314531079474561258524752764052717326338193355789322337853666847393664902807746029827899074462797846264455496436928945922431557197351701864449641918576941927023783290958101995967714847577744060734146840694414781040578677889105244664885873196988762332251046102643520420205198747275484032601762191293569346700895161875470330647534391203484723879051912966118847435183550900722111444913	-2,3,3,3,3,3,3,3,3,3,3,3	4,-4,-4,-4,-4,-4,-4,3,3,3,3,3	ok
-0.574575	12.552553	-55.517259	0.496026	continued:5	24739664234858138982047535273920704865888201889876711837493816699690678265963591165069870505023217046633362579621148489165328977987949899797415602900085081435628786567950676391780949633448253616219680559998014214784634910618447122667639804607217055610037222276897125660535867393387520758988742191975475097134159821776175469287214857624750265388130867415580412873925910271279382629434282479656095907178473638142326186864698341018602123575843883404208311798618679388046194707946385968872279636660172423920762823771748609336176990325713506490614247467311351878471253089939596514261196666267475682898635077588364628629417296554229734815495315011752337585393015754405944996164827318009845582551593321289722257247006063686910061456841431892563940020873466746931070957111770150069590359792388197563206227771911411885143855184505614961998508226343153531223089971459935049708039359327667779120430067461929055441744031224422705223831560005091108633317128720548165517033711719448300771525660964913525817712220131912105082815080054605883136048554894173783193438041716508681297001277350562437894851607688119124032266056066591963623197071229719772200831481260746898621517899928612391918713268983151048632780119662964562615224955272082232516573860219624391388797525158568803965619851582959715126493444163214025385010484222679075733538541254336938677519858320577213126261082222107876703634988014443799459723042466865939807313462170098621510273802110074477200727790710189239796434724232268265168771327876208855251384560129805973155186008944787466690145813994448741828958685398242399644411740283504376021102246139806369606510408492840549451469396517122961183841277506170313763723572234427437236681374721304794358903114096136891133303545792185964095132388517154996467307401461623006192877589030302012077625091035466697406080506762771704815522350350242449968214220019584208434318914148100359158909679143753029398694920492804349553854965529569693457265246243878651194015319923783237068738696511787191450682232621481336789660422996610379069409921474899407696853444936065024933934485679589861499939814189140782388654260075696454421684651979624554066992826512688381456690865842009375581685321384904219623644446996167623623702794595196333711331969000714989476935040045706939151824415849649248600765204089570503279736809339261698814688659615461932316553762144963996566198596914621200952058301145179750011252431412752172391	24739664234858139289596792776213395126048089560964325860575729835583842533848297593721721016960133864586270478784566007837923738431102728632493488653686206422427517659865711750940728149273086021245543535037838973580791205998559559705146231073926853464589222083804255555246497856881480415382797028869947515409102466362624308138158295291171590499716827763074129642966611568980216950264829324577223314767622193926428361795673887835629956332562297465397279725893986435790621308317269268856881805654365465396459180361810212552392995264852193433280433258188779211896433656912690564002557543250673156421667764668236781952850982629778814217384438800569104873914151225457969126655952227400981393524039718258600500038035726455070068944432622142862524152684687123594860595765059200459981272529406516243425962957012576867490658726986026722180698217312788933354193995408757039115876907513670085001165669118485616264261888736175570565920805527055528071932177850674296160319879959605667945565690721172572749561424617027837407176906531354804980365442446343891397651704871647118327773450016445278339898989384299592794511445998991916998045003607230690602303876149209851274958049158657286619350298225360207043927020857827462682077120984104025380130222960767706531851061263270527508363808559469641900679055204385120949512835559731615214552862120444696753685418083025252720365797213122517126492975582255347004941983197164724513383656930383866091012072708185097169676771810228590152706669003725792633571385997372234953371065020612542293903077335653525115977808680836263146590981079247887221858904364226385962137872772723941049106778755214247914812345636028716662249110262965472888773267439579317891921782317918423933114006534814467374270728062147436904069677031281850266008000171897149092232155561665112184172027458388976083708407338858789206156680132195260960727802790084035302902635810548227352326918892626768096980427231216145375505866079416950327694622000464122043938152802476393805881981041152882079708912625313449294944955385648186314531079474561258524752764052717326338193355789322337853666847393664902807746029827899074462797846264455496436928945922431557197351701864449641918576941927023783290958101995967714847577744060734146840694414781040578677889105244664885873196988762332251046102643520420205198747275484032601762191293569346700895161875470330647534391203484723879051912966118847435183550900722111444913	2,3,3,3,3,3,3,3,3,3,3,3	4,-4,-4,-4,-4,-4,-4,3,3,3,3,3	ok
-0.570571	12.552553	-56.236661	0.498819	continued:5	24739664234858138982047535273920704865888201889876711837493816699690678265963591165069870505023217046633362579621148489165328977987949899797415602900085081435628786567950676391780949633448253616219680559998014214784634910618447122667639804607217055610037222276897125660535867393387520758988742191975475097134159821776175469287214857624750265388130867415580412873925910271279382629434282479656095907178473638142326186864698341018602123575843883404208311798618679388046194707946385968872279636660172423920762823771748609336176990325713506490614247467311351878471253089939596514261196666267475682898635077588364628629417296554229734815495315011752337585393015754405944996164827318009845582551593321289722257247006063686910061456841431892563940020873466746931070957111770150069590359792388197563206227771911411885143855184505614961998508226343153531223089971459935049708039359327667779120430067461929055441744031224422705223831560005091108633317128720548165517033711719448300771525660964913525817712220131912105082815080054605883136048554894173783193438041716508681297001277350562437894851607688119124032266056066591963623197071229719772200831481260746898621517899928612391918713268983151048632780119655930408190582553524627904057071942769938736862457235924274975877692875969260912825240440176312796169883715527296420812911085368231803397367822990876417832371726944474641149344806282859835563177758758315140869621665338558538229319788140992642348683078964438303205169238089677606281386970253341769254691973676747054001600056884371509167578247128910554017708455798400339763929792299326278161913247735847547901720607853014273297061169415154483166033077865097453650461838107532682052642437808745312631797604500447563344035980600655360681484274936965759099895773785743476559627847035998495623947412514142251410657373695628596507787826274803330499930271551011927848963095389998115464084361772602196582573023653623911344037727364227195594183603523434780747077500441651045950433605054450968920210102886398197382751252220063486096686194630712738899496659850907030285511459146924946136142303252814811401903979278425790228571196558652325907826618637862596663393079577711958009484587139118727133603578984775841831059511392904829664132579075616389269418347099007484820626482853352165533173315748528323140233506000037753936239379980930850327518548701251621213257545847129540580490183656973082502121819713680447958	24739664234858139289596792776213395126048089560964325860575729835583842533848297593721721016960133864586270478784566007837923738431102728632493488653686206422427517659865711750940728149273086021245543535037838973580791205998559559705146231073926853464589222083804255555246497856881480415382797028869947515409102466362624308138158295291171590499716827763074129642966611568980216950264829324577223314767622193926428361795673887835629956332562297465397279725893986435790621308317269268856881805654365465396459180361810212552392995264852193433280433258188779211896433656912690564002557543250673156421667764668236781952850982629778814217384438800569104873914151225457969126655952227400981393524039718258600500038035726455070068944432622142862524152684687123594860595765059200459981272529406516243425962957012576867490658726986026722180698217312788933354193995408757039115876907513670085001165669118485616264261888736175570565920805527055528071932177850674296160319879959605667945565690721172572749561424617027837407176906531354804980365442446343891397651704871647118327773450016445278339898989384299592794511445998991916998045003607230690602303876149209851274958049158657286619350298225360207043927020857827462682077120984104025380130222960767706531851061263270527508363808559469641900679055204385120949512835559731615214552862120444696753685418083025252720365797213122517126492975582255347004941983197164724513383656930383866091012072708185097169676771810228590152706669003725792633571385997372234953371065020612542293903077335653525115977808680836263146590981079247887221858904364226385962137872772723941049106778755214247914812345636028716662249110262965472888773267439579317891921782317918423933114006534814467374270728062147436904069677031281850266008000171897149092232155561665112184172027458388976083708407338858789206156680132195260960727802790084035302902635810548227352326918892626768096980427231216145375505866079416950327694622000464122043938152802476393805881981041152882079708912625313449294944955385648186314531079474561258524752764052717326338193355789322337853666847393664902807746029827899074462797846264455496436928945922431557197351701864449641918576941927023783290958101995967714847577744060734146840694414781040578677889105244664885873196988762332251046102643520420205198747275484032601762191293569346700895161875470330647534391203484723879051912966118847435183550900722111444913	-2,3,3,3,3,3,3,3,3,3,3,3	4,-4,-4,-4,-4,-4,-4,3,3,3,3,3	ok
-0.566567	12.552553	-56.742819	0.501613	full	24739664234858138982047535273920704865888201889876711837493816699690678265963591165069870505023217046633362579621148489165328977987949899797415602900085081435628786567950676391780949633448253616219680559998014214784634910618447122667639804607217055610037222276897125660535867393387520758988742191975475097134159821776175469287214857624750265388130867415580412873925910271279382629434282479656095907178473638142326186864698341018602123575843883404208311798618679388046194707946385968872279636660172423920762823771748609336176990325713506490614247467311351878471253089939596514261196666267475682898635077588364628629417296554229734815495315011752337585393015754405944996164827318009845582551593321289722257247006063686910061456841431892563940020873466746931070957111770150069590359792388197563206227771911411885143855184505614961998508226343153531223089971459935049708039359327667779120430067461929055441744031224422705223831560005091108633317128720548165517033711719448300771525660964913525817712220131912105082815080054605883136048554894173783193438041716508681297001277350562437894851607688119124032266056066591963623197071229719772200831481260746898621517899928612391918713268983151048632780119655930408190582553524627904057071942769938736862457235924274975877692875969260912825240440176312796169883715527296420812911085368231803397367822990876417832371726944474641149344806282859835563177758758315140869621665338558538229319788140992642348683078964438303205169238089677606281386970253341769254691973676747054001600056884371509167578247128910554017708455798400339763929792299326278161913247735847547901720607853014273297061169415154483166033077865097453650461838107532682052642437808745312631797604500447563344035980600655360681484274936965759099895773785743476559627847035998495623947412514142251410657373695628596507787826274803330499930271551011927848963095389998115464084361772602196582573023653623911344037727364227195594183603523434780747077500441651045950433605054450968920210102886398197382751252220063486096686194630712738899496659850907030285511459146924946136142303252814811401903979278425790228571196558652325907826618637862596663393079577711958009484587139118727133603578984775841831059511392904829664132579075616389269418347099007484820626482853352165533173315748528323140233506000037753936239379980930850327518548701251621213257545847129540580490183656973082502121819713680447958	24739664234858139289596792776213395126048089560964325860575729835583842533848297593721721016960133864586270478784566007837923738431102728632493488653686206422427517659865711750940728149273086021245543535037838973580791205998559559705146231073926853464589222083804255555246497856881480415382797028869947515409102466362624308138158295291171590499716827763074129642966611568980216950264829324577223314767622193926428361795673887835629956332562297465397279725893986435790621308317269268856881805654365465396459180361810212552392995264852193433280433258188779211896433656912690564002557543250673156421667764668236781952850982629778814217384438800569104873914151225457969126655952227400981393524039718258600500038035726455070068944432622142862524152684687123594860595765059200459981272529406516243425962957012576867490658726986026722180698217312788933354193995408757039115876907513670085001165669118485616264261888736175570565920805527055528071932177850674296160319879959605667945565690721172572749561424617027837407176906531354804980365442446343891397651704871647118327773450016445278339898989384299592794511445998991916998045003607230690602303876149209851274958049158657286619350298225360207043927020857827462682077120984104025380130222960767706531851061263270527508363808559469641900679055204385120949512835559731615214552862120444696753685418083025252720365797213122517126492975582255347004941983197164724513383656930383866091012072708185097169676771810228590152706669003725792633571385997372234953371065020612542293903077335653525115977808680836263146590981079247887221858904364226385962137872772723941049106778755214247914812345636028716662249110262965472888773267439579317891921782317918423933114006534814467374270728062147436904069677031281850266008000171897149092232155561665112184172027458388976083708407338858789206156680132195260960727802790084035302902635810548227352326918892626768096980427231216145375505866079416950327694622000464122043938152802476393805881981041152882079708912625313449294944955385648186314531079474561258524752764052717326338193355789322337853666847393664902807746029827899074462797846264455496436928945922431557197351701864449641918576941927023783290958101995967714847577744060734146840694414781040578677889105244664885873196988762332251046102643520420205198747275484032601762191293569346700895161875470330647534391203484723879051912966118847435183550900722111444913	-2,3,3,3,3,3,3,3,3,3,3,3	4,-4,-4,-4,-4,-4,-4,3,3,3,3,3	ok
-0.562563	12.552553								error: Could not locate the first local maximum of the reduced return map.
-0.558559	12.552553								error: Could not locate the first local maximum of the reduced return map.
-0.554555	12.552553								error: Could not locate the first local maximum of the reduced return map.
-0.550551	12.552553								error: Could not locate the first local maximum of the reduced return map.
-0.546547	12.552553								error: Could not locate the first local maximum of the reduced return map.
-0.542543	12.552553								error: Could not locate the first local maximum of the reduced return map.
-0.538539	12.552553								error: Could not locate the first local maximum of the reduced return map.
-0.534535	12.552553								error: Could not locate the first local maximum of the reduced return map.
-0.530531	12.552553								error: Could not locate the first local maximum of the reduced return map.
-0.526527	12.552553								error: Could not locate the first local maximum of the reduced return map.
-0.522523	12.552553								error: Could not locate the first local maximum of the reduced return map.
-0.518519	12.552553								error: Could not locate the first local maximum of the reduced return map.
-0.514515	12.552553								error: Could not locate the first local maximum of the reduced return map.
-0.510511	12.552553								error: Could not locate the first local maximum of the reduced return map.
-0.506507	12.552553								error: Could not locate the first local maximum of the reduced return map.
-0.502503	12.552553								error: Could not locate the first local maximum of the reduced return map.
-0.498498	12.552553								error: Could not locate the first local maximum of the reduced return map.
-0.494494	12.552553								error: Could not locate the first local maximum of the reduced return map.
-0.490490	12.552553								error: Could not locate the first local maximum of the reduced return map.
-0.486486	12.552553								error: Could not locate the first local maximum of the reduced return map.
-0.482482	12.552553	-46.918564	0.482562	continued:5	24872980842386653487817412693228013352330949864046270910820114474440196492544904280219612711542167984595749917255949912995766330482465945181368396150473329167197164112692394241179216302616246377226517223428931913749396779724561873060028262018208124462513341959842975683186529696902631244901764501005926275671115853020496118132712948602712555866641433142395283718933454855235287632879015192464687339096139860876710294678858856043972202704679597029624340241282416374291289670757627634288043324211837230605974335144905854519694474922440341526576168562404459366188185243628898717087944878536273569742190173304490236503837519615375377744569988029861520841434625212198451958800146155194782764993925864348388562429295360954691787271343082133470034768680890511883614954035493407231117460090339408743805911269172876077937224366304002909501060920826348927855525602325892006485872216251537515126576616901959435571055667522000230834699479167671703902560793331690301370557493252341464385314537025685500115288410202304499310077645920539870766731177145778954747714219144229235294284888418864648168779380871327976581888499350123027050451596197142603722150740523791902529773403065585996875479068907331072496461285244888910563042821427498368803254764523560829807254535546233159939549422308855665031241848533526747144485405807346146563474407457028295446628449660810686987321215174441664945937234941464696104888541652827609197398119991159671479344806214844230986172180289966214784581754789843045290319705039082485527073185623032508615221235866656676135406173628707112281501914816359223880570625008270025963437200875883487571654642069802191417103059413051373759465438059611200158938663454630528126236759126544671950598303675127740455719782975594655215094770692979105163753230427377528318218269782363946283345211456199536277220485482443811869949173480387568936239277493036734837269756185468494024525084078736273531235375550834780580803285934294841876595733725280003060477057603281501975923954190876781799866533728029701250508398617424989912040882144489251865486281633657368570522568498646355852043874637152247347561688060533349751335590310636697686739656057847990619048570884750543673493636952809217560800355822441842621543652977049041432991233585340678419776961272089027330334389302134335071997576926651851108882251160796892632959422335180118525085071519585800747496238227160478736600072302624172199174180769237708400	24739664234858139289596792776213395126048089560964325860575729835583842533848297593721721016960133864586270478784566007837923738431102728632493488653686206422427517659865711750940728149273086021245543535037838973580791205998559559705146231073926853464589222083804255555246497856881480415382797028869947515409102466362624308138158295291171590499716827763074129642966611568980216950264829324577223314767622193926428361795673887835629956332562297465397279725893986435790621308317269268856881805654365465396459180361810212552392995264852193433280433258188779211896433656912690564002557543250673156421667764668236781952850982629778814217384438800569104873914151225457969126655952227400981393524039718258600500038035726455070068944432622142862524152684687123594860595765059200459981272529406516243425962957012576867490658726986026722180698217312788933354193995408757039115876907513670085001165669118485616264261888736175570565920805527055528071932177850674296160319879959605667945565690721172572749561424617027837407176906531354804980365442446343891397651704871647118327773450016445278339898989384299592794511445998991916998045003607230690602303876149209851274958049158657286619350298225360207043927020857827462682077120984104025380130222960767706531851061263270527508363808559469641900679055204385120949512835559731615214552862120444696753685418083025252720365797213122517126492975582255347004941983197164724513383656930383866091012072708185097169676771810228590152706669003725792633571385997372234953371065020612542293903077335653525115977808680836263146590981079247887221858904364226385962137872772723941049106778755214247914812345636028716662249110262965472888773267439579317891921782317918423933114006534814467374270728062147436904069677031281850266008000171897149092232155561665112184172027458388976083708407338858789206156680132195260960727802790084035302902635810548227352326918892626768096980427231216145375505866079416950327694622000464122043938152802476393805881981041152882079708912625313449294944955385648186314531079474561258524752764052717326338193355789322337853666847393664902807746029827899074462797846264455496436928945922431557197351701864449641918576941927023783290958101995967714847577744060734146840694414781040578677889105244664885873196988762332251046102643520420205198747275484032601762191293569346700895161875470330647534391203484723879051912966118847435183550900722111444913	-2,4,-4,-4,-4,-4,-4,-4,-4,3,3,3	4,-4,-4,-4,-4,-4,-4,3,3,3,3,3	ok
-0.478478	12.552553	-50.551027	0.485356	continued:5	24739665630500802138610170887519272966771298454457124053431325632156904049064895741755490753422315552977895520720975891498656739086660502486951720874535930777038264079654486696806199080647084522983917136963884370348990004143791410489326516430000194438660880919820488766925303365962093933959575081920131962673523344969600533381766340980003792586369026711412116154803807367520822296384209539557816686263434516742684038799495085817087117773251057547921602984121848061476616270441885331717510898936313762203919152925879417627701717527935659433861129698733565802577206541266825715457828956776037319737138271803306595366129436121485948293762460593964625354580159242309738948400273313934907150446568543458827655570219767133649679741594302510605733077647524871262059050938829527622716655327741932897805780443015242482143436375713155149685889999615249058494382500934285056057517312062669419785173078243587534805526887714760598541358140482114471305453850744723252729733937992133004013302413276538178094140628643128347042162826623357813773406541335032232691214937391196292853585674761821225512469775314111548594094991602440046573019905356059332540165516711451434594826806615851220565279219123622984888807341196819702081585134517720674094359976630066420028550863648524670793910003600244410568026694903199620296968035534637913128076736978547879052676701828095292261628016369265578382671055089657568291144611810877139675040528782616995417685475766860865196512976781842565414525078712325634549277669281780164023207845883043241548215043032328810097355683964653021993161482815954065021400237570285988513992866108747544180151542117890978957942250353387561918308416937489116481531789031006286003950728393754540218711845110522928389034673006600864676112741337475234655629709407924215470395273676246824048154295045594617186561085224078274006799211800499594913941542193551379577041159583550516917775584436693268698262799302296314610181344473677674585975354249605950560409318867474852750301978876371895521854053306556986458488154743072553339123567324775050248293116916822278935024248027985057189385403082583400311003043479420265959726680301037667033331132778772721437242174564518085902441822262815726605749277033671363317860340185767503241508480530355431227309299217540180280657986952602142268792053210068313554868192162978513407930049920549995447133681709976477895481619832964373409122468037810299431438061240853766324	24739664234858139289596792776213395126048089560964325860575729835583842533848297593721721016960133864586270478784566007837923738431102728632493488653686206422427517659865711750940728149273086021245543535037838973580791205998559559705146231073926853464589222083804255555246497856881480415382797028869947515409102466362624308138158295291171590499716827763074129642966611568980216950264829324577223314767622193926428361795673887835629956332562297465397279725893986435790621308317269268856881805654365465396459180361810212552392995264852193433280433258188779211896433656912690564002557543250673156421667764668236781952850982629778814217384438800569104873914151225457969126655952227400981393524039718258600500038035726455070068944432622142862524152684687123594860595765059200459981272529406516243425962957012576867490658726986026722180698217312788933354193995408757039115876907513670085001165669118485616264261888736175570565920805527055528071932177850674296160319879959605667945565690721172572749561424617027837407176906531354804980365442446343891397651704871647118327773450016445278339898989384299592794511445998991916998045003607230690602303876149209851274958049158657286619350298225360207043927020857827462682077120984104025380130222960767706531851061263270527508363808559469641900679055204385120949512835559731615214552862120444696753685418083025252720365797213122517126492975582255347004941983197164724513383656930383866091012072708185097169676771810228590152706669003725792633571385997372234953371065020612542293903077335653525115977808680836263146590981079247887221858904364226385962137872772723941049106778755214247914812345636028716662249110262965472888773267439579317891921782317918423933114006534814467374270728062147436904069677031281850266008000171897149092232155561665112184172027458388976083708407338858789206156680132195260960727802790084035302902635810548227352326918892626768096980427231216145375505866079416950327694622000464122043938152802476393805881981041152882079708912625313449294944955385648186314531079474561258524752764052717326338193355789322337853666847393664902807746029827899074462797846264455496436928945922431557197351701864449641918576941927023783290958101995967714847577744060734146840694414781040578677889105244664885873196988762332251046102643520420205198747275484032601762191293569346700895161875470330647534391203484723879051912966118847435183550900722111444913	2,4,-4,-4,-4,-4,-4,-4,3,3,3,3	4,-4,-4,-4,-4,-4,-4,3,3,3,3,3	ok
-0.474474	12.552553	-52.989059	0.482562	continued:5	24739664234858139289596792776213395126048089560964325860575729835583842533848297593721721016960133864586270478784566007837923738431102728632493488653686206422427517659865711750940728149273086021245543535037838973580791205998559559705146231073926853464589222083804255555246497856881480415382797028869947515409102466362624308138158295291171590499716827763074129642966611568980216950264829324577223314767622193926428361795673887835629956332562297465397279725893986435790621308317269268856881805654365465396459180361810212552392995264852193433280433258188779211896433656912690564002557543250673156421667764668236781952850982629778814217384438800569104873914151225457969126655952227400981393524039718258600500038035726455070068944432622142862524152684687123594860595765059200459981272529406516243425962957012576867490658726986026722180698217312788933354193995408757039115876907513670085001165669118485616264261888736175570565920805527055528071932177850674296160319879959605667945565690721172572749561424617027837407176906531354804980365442446343891397651704871647118327773450016445278339898989384299592794511445998991916998045003607230690602303876149209851274958049158657286619350298225360207043927020822656690558865112028220991481043947531370659743507177536490218012837061331315065234825459380806121497944163399237560632753334957305216904936348483210648510454863946502104557632705872606436136498907621235435545805674659937522261212524224275278395860192957742037844074358851366758343126131545998792983950175834595644151756311440430192162012035635165842104658849459874274599198302562357834678860100187370151404608616323548216907085553017696397910538011895287056063410163816689944661201848732230727875618861564647795728246588936577935996202241947139795354148132472714850190905040162934588847442588642658410708882650109470869917531185214098984068791294726548172245111464055969639909924881639055554748414860071490472116748225096473529435074700967894548277516081945939647109032115843984082649281917530959703259533793278825778839098891622587708424953622707337513620209201021101233118284611481380610587123819877802031092151751461460542930588186114302249625469392614063980041687478686014840284002314316281547373039295722930301217299936098470445243285041285354728786201045458349860322239159361231059923043500744895759932719430697665990664950087666093655596390170340705500771854759006622676998677704530530277338	24739664234858139289596792776213395126048089560964325860575729835583842533848297593721721016960133864586270478784566007837923738431102728632493488653686206422427517659865711750940728149273086021245543535037838973580791205998559559705146231073926853464589222083804255555246497856881480415382797028869947515409102466362624308138158295291171590499716827763074129642966611568980216950264829324577223314767622193926428361795673887835629956332562297465397279725893986435790621308317269268856881805654365465396459180361810212552392995264852193433280433258188779211896433656912690564002557543250673156421667764668236781952850982629778814217384438800569104873914151225457969126655952227400981393524039718258600500038035726455070068944432622142862524152684687123594860595765059200459981272529406516243425962957012576867490658726986026722180698217312788933354193995408757039115876907513670085001165669118485616264261888736175570565920805527055528071932177850674296160319879959605667945565690721172572749561424617027837407176906531354804980365442446343891397651704871647118327773450016445278339898989384299592794511445998991916998045003607230690602303876149209851274958049158657286619350298225360207043927020857827462682077120984104025380130222960767706531851061263270527508363808559469641900679055204385120949512835559731615214552862120444696753685418083025252720365797213122517126492975582255347004941983197164724513383656930383866091012072708185097169676771810228590152706669003725792633571385997372234953371065020612542293903077335653525115977808680836263146590981079247887221858904364226385962137872772723941049106778755214247914812345636028716662249110262965472888773267439579317891921782317918423933114006534814467374270728062147436904069677031281850266008000171897149092232155561665112184172027458388976083708407338858789206156680132195260960727802790084035302902635810548227352326918892626768096980427231216145375505866079416950327694622000464122043938152802476393805881981041152882079708912625313449294944955385648186314531079474561258524752764052717326338193355789322337853666847393664902807746029827899074462797846264455496436928945922431557197351701864449641918576941927023783290958101995967714847577744060734146840694414781040578677889105244664885873196988762332251046102643520420205198747275484032601762191293569346700895161875470330647534391203484723879051912966118847435183550900722111444913	-2,-4,-4,-4,-4,-4,-4,3,3,3,3,3	4,-4,-4,-4,-4,-4,-4,3,3,3,3,3	ok
-0.470470	12.552553	-54.650938	0.485356	continued:5	24739664234858138982047535273920704865888201889876711837493816699690678265963591165069870505023217046633362579621148489165328977987949899797415602900085081435628786567950676391780949633448253616219680559998014214784634910618447122667639804607217055610037222276897125660535867393387520758988742191975475097134159821776175469287214857624750265388130867415580412873925910271279382629434282479656095907178473638142326186864698341018602123575843883404208311798618679388046194707946385968872279636660172423920762823771748609336176990325713506490614247467311351878471253089939596514261196666267475682898635077588364628629417296554229734815495315011752337585393015754405944996164827318009845582551593321289722257247006063686910061456841431892563940020873466746931070957111770150069590359792388197563206227771911411885143855184505614961998508226343153531223089971459935049708039359327667779120430067461929055441744031224422705223831560005091108633317128720548165517033711719448300771525660964913525817712220131912105082815080054605883136048554894173783193438041716508681297001277350562437894851607688119124032266056066591963623197071229719772200831481260746898621517899928612391918713268983151048632780119648896253765940151777173575597570025320253082336116946689981147789765900355562110523987436189411566954756946831913765892283629482126668117215787661175622538482371666841405595054624551275871666632475049764341931929868507018454948365774171910807496638367218687366613903751947086947394002612630474683257999387223688134848014104823955551645010680263372366206458226198558279883447844315148180302724249331888726196930807213187997142652942313186005148224878224024593537200103980637926868603500896185830904692094904758235554768415409124757267836161356776521732484146109863946926378105041694979170269733992817805415234240628485488200053302199364211031646323082439647263607276631895871769259044401451363766451126814443473134220489198884697731101960802990910300139680959518854832128513597114746389737973151315057975842081443516593123962467786526070102139874765749035637088432614260030772344792316488840415153698481155126035457741137680097748660410763036811870095293313414540437283852893333234643562710973384060038416228190613325616933189150517789061901654152308030489428549857055082465581427407486143000730202660813809057790100346399768338483335257539245860316494779637880208922066168766414992991208014608723526	24739664234858139289596792776213395126048089560964325860575729835583842533848297593721721016960133864586270478784566007837923738431102728632493488653686206422427517659865711750940728149273086021245543535037838973580791205998559559705146231073926853464589222083804255555246497856881480415382797028869947515409102466362624308138158295291171590499716827763074129642966611568980216950264829324577223314767622193926428361795673887835629956332562297465397279725893986435790621308317269268856881805654365465396459180361810212552392995264852193433280433258188779211896433656912690564002557543250673156421667764668236781952850982629778814217384438800569104873914151225457969126655952227400981393524039718258600500038035726455070068944432622142862524152684687123594860595765059200459981272529406516243425962957012576867490658726986026722180698217312788933354193995408757039115876907513670085001165669118485616264261888736175570565920805527055528071932177850674296160319879959605667945565690721172572749561424617027837407176906531354804980365442446343891397651704871647118327773450016445278339898989384299592794511445998991916998045003607230690602303876149209851274958049158657286619350298225360207043927020857827462682077120984104025380130222960767706531851061263270527508363808559469641900679055204385120949512835559731615214552862120444696753685418083025252720365797213122517126492975582255347004941983197164724513383656930383866091012072708185097169676771810228590152706669003725792633571385997372234953371065020612542293903077335653525115977808680836263146590981079247887221858904364226385962137872772723941049106778755214247914812345636028716662249110262965472888773267439579317891921782317918423933114006534814467374270728062147436904069677031281850266008000171897149092232155561665112184172027458388976083708407338858789206156680132195260960727802790084035302902635810548227352326918892626768096980427231216145375505866079416950327694622000464122043938152802476393805881981041152882079708912625313449294944955385648186314531079474561258524752764052717326338193355789322337853666847393664902807746029827899074462797846264455496436928945922431557197351701864449641918576941927023783290958101995967714847577744060734146840694414781040578677889105244664885873196988762332251046102643520420205198747275484032601762191293569346700895161875470330647534391203484723879051912966118847435183550900722111444913	1,3,3,3,3,3,3,3,3,3,3,3	4,-4,-4,-4,-4,-4,-4,3,3,3,3,3	ok
-0.466466	12.552553	-55.655540	0.486732	continued:5	24739664234858138982047535273920704865888201889876711837493816699690678265963591165069870505023217046633362579621148489165328977987949899797415602900085081435628786567950676391780949633448253616219680559998014214784634910618447122667639804607217055610037222276897125660535867393387520758988742191975475097134159821776175469287214857624750265388130867415580412873925910271279382629434282479656095907178473638142326186864698341018602123575843883404208311798618679388046194707946385968872279636660172423920762823771748609336176990325713506490614247467311351878471253089939596514261196666267475682898635077588364628629417296554229734815495315011752337585393015754405944996164827318009845582551593321289722257247006063686910061456841431892563940020873466746931070957111770150069590359792388197563206227771911411885143855184505614961998508226343153531223089971459935049708039359327667779120430067461929055441744031224422705223831560005091108633317128720548165517033711719448300771525660964913525817712220131912105082815080054605883136048554894173783193438041716508681297001277350562437894851607688119124032266056066591963623197071229719772200831481260746898621517899928612391918713268983151048632780119662964562615224955272082232516573860219624391388797525158568803965619851582959715126493444163214025385010484222679075733538541254336938677519858320577213126261082222107876703634988014443799459723042466865939807313462170098621510273802110074477200727790710189239796434724232268265168771327876208855251384560129805973155186008944787466690145813994448741828958685398242399644411740283504376021102246139806369606510408492840549451469396517122961183841277506170313763723572234427437236681374721304794358903114096136891133303545792185964095132388517154996467307401461623006192877589030302012077625091035466697406080506762771704815522350350242449968214220019584208434318914148100359158909679143753029398694920492804349553854965529569693457265246243878651194015319923783237068738696511787191450682232621481336789660422996610379069409921474899407696853444936065024933934485679589861499939814189140782388654260075696454421684651979624554066992826512688381456690865842009375581685321384904219623644446996167623623702794595196333711331969000714989476935040045706939151824415849649248600765204089570503279736809339261698814688659615461932316553762144963996566198596914621200952058301145179750011252431412752172391	24739664234858139289596792776213395126048089560964325860575729835583842533848297593721721016960133864586270478784566007837923738431102728632493488653686206422427517659865711750940728149273086021245543535037838973580791205998559559705146231073926853464589222083804255555246497856881480415382797028869947515409102466362624308138158295291171590499716827763074129642966611568980216950264829324577223314767622193926428361795673887835629956332562297465397279725893986435790621308317269268856881805654365465396459180361810212552392995264852193433280433258188779211896433656912690564002557543250673156421667764668236781952850982629778814217384438800569104873914151225457969126655952227400981393524039718258600500038035726455070068944432622142862524152684687123594860595765059200459981272529406516243425962957012576867490658726986026722180698217312788933354193995408757039115876907513670085001165669118485616264261888736175570565920805527055528071932177850674296160319879959605667945565690721172572749561424617027837407176906531354804980365442446343891397651704871647118327773450016445278339898989384299592794511445998991916998045003607230690602303876149209851274958049158657286619350298225360207043927020857827462682077120984104025380130222960767706531851061263270527508363808559469641900679055204385120949512835559731615214552862120444696753685418083025252720365797213122517126492975582255347004941983197164724513383656930383866091012072708185097169676771810228590152706669003725792633571385997372234953371065020612542293903077335653525115977808680836263146590981079247887221858904364226385962137872772723941049106778755214247914812345636028716662249110262965472888773267439579317891921782317918423933114006534814467374270728062147436904069677031281850266008000171897149092232155561665112184172027458388976083708407338858789206156680132195260960727802790084035302902635810548227352326918892626768096980427231216145375505866079416950327694622000464122043938152802476393805881981041152882079708912625313449294944955385648186314531079474561258524752764052717326338193355789322337853666847393664902807746029827899074462797846264455496436928945922431557197351701864449641918576941927023783290958101995967714847577744060734146840694414781040578677889105244664885873196988762332251046102643520420205198747275484032601762191293569346700895161875470330647534391203484723879051912966118847435183550900722111444913	2,3,3,3,3,3,3,3,3,3,3,3	4,-4,-4,-4,-4,-4,-4,3,3,3,3,3	ok
-0.462462	12.552553	-56.332133	0.489526	continued:5	24739664234858138982047535273920704865888201889876711837493816699690678265963591165069870505023217046633362579621148489165328977987949899797415602900085081435628786567950676391780949633448253616219680559998014214784634910618447122667639804607217055610037222276897125660535867393387520758988742191975475097134159821776175469287214857624750265388130867415580412873925910271279382629434282479656095907178473638142326186864698341018602123575843883404208311798618679388046194707946385968872279636660172423920762823771748609336176990325713506490614247467311351878471253089939596514261196666267475682898635077588364628629417296554229734815495315011752337585393015754405944996164827318009845582551593321289722257247006063686910061456841431892563940020873466746931070957111770150069590359792388197563206227771911411885143855184505614961998508226343153531223089971459935049708039359327667779120430067461929055441744031224422705223831560005091108633317128720548165517033711719448300771525660964913525817712220131912105082815080054605883136048554894173783193438041716508681297001277350562437894851607688119124032266056066591963623197071229719772200831481260746898621517899928612391918713268983151048632780119655930408190582553524627904057071942769938736862457235924274975877692875969260912825240440176312796169883715527296420812911085368231803397367822990876417832371726944474641149344806282859835563177758758315140869621665338558538229319788140992642348683078964438303205169238089677606281386970253341769254691973676747054001600056884371509167578247128910554017708455798400339763929792299326278161913247735847547901720607853014273297061169415154483166033077865097453650461838107532682052642437808745312631797604500447563344035980600655360681484274936965759099895773785743476559627847035998495623947412514142251410657373695628596507787826274803330499930271551011927848963095389998115464084361772602196582573023653623911344037727364227195594183603523434780747077500441651045950433605054450968920210102886398197382751252220063486096686194630712738899496659850907030285511459146924946136142303252814811401903979278425790228571196558652325907826618637862596663393079577711958009484587139118727133603578984775841831059511392904829664132579075616389269418347099007484820626482853352165533173315748528323140233506000037753936239379980930850327518548701251621213257545847129540580490183656973082502121819713680447958	24739664234858139289596792776213395126048089560964325860575729835583842533848297593721721016960133864586270478784566007837923738431102728632493488653686206422427517659865711750940728149273086021245543535037838973580791205998559559705146231073926853464589222083804255555246497856881480415382797028869947515409102466362624308138158295291171590499716827763074129642966611568980216950264829324577223314767622193926428361795673887835629956332562297465397279725893986435790621308317269268856881805654365465396459180361810212552392995264852193433280433258188779211896433656912690564002557543250673156421667764668236781952850982629778814217384438800569104873914151225457969126655952227400981393524039718258600500038035726455070068944432622142862524152684687123594860595765059200459981272529406516243425962957012576867490658726986026722180698217312788933354193995408757039115876907513670085001165669118485616264261888736175570565920805527055528071932177850674296160319879959605667945565690721172572749561424617027837407176906531354804980365442446343891397651704871647118327773450016445278339898989384299592794511445998991916998045003607230690602303876149209851274958049158657286619350298225360207043927020857827462682077120984104025380130222960767706531851061263270527508363808559469641900679055204385120949512835559731615214552862120444696753685418083025252720365797213122517126492975582255347004941983197164724513383656930383866091012072708185097169676771810228590152706669003725792633571385997372234953371065020612542293903077335653525115977808680836263146590981079247887221858904364226385962137872772723941049106778755214247914812345636028716662249110262965472888773267439579317891921782317918423933114006534814467374270728062147436904069677031281850266008000171897149092232155561665112184172027458388976083708407338858789206156680132195260960727802790084035302902635810548227352326918892626768096980427231216145375505866079416950327694622000464122043938152802476393805881981041152882079708912625313449294944955385648186314531079474561258524752764052717326338193355789322337853666847393664902807746029827899074462797846264455496436928945922431557197351701864449641918576941927023783290958101995967714847577744060734146840694414781040578677889105244664885873196988762332251046102643520420205198747275484032601762191293569346700895161875470330647534391203484723879051912966118847435183550900722111444913	-2,3,3,3,3,3,3,3,3,3,3,3	4,-4,-4,-4,-4,-4,-4,3,3,3,3,3	ok
-0.458458	12.552553	-56.810045	0.492319	full	24739664234858138982047535273920704865888201889876711837493816699690678265963591165069870505023217046633362579621148489165328977987949899797415602900085081435628786567950676391780949633448253616219680559998014214784634910618447122667639804607217055610037222276897125660535867393387520758988742191975475097134159821776175469287214857624750265388130867415580412873925910271279382629434282479656095907178473638142326186864698341018602123575843883404208311798618679388046194707946385968872279636660172423920762823771748609336176990325713506490614247467311351878471253089939596514261196666267475682898635077588364628629417296554229734815495315011752337585393015754405944996164827318009845582551593321289722257247006063686910061456841431892563940020873466746931070957111770150069590359792388197563206227771911411885143855184505614961998508226343153531223089971459935049708039359327667779120430067461929055441744031224422705223831560005091108633317128720548165517033711719448300771525660964913525817712220131912105082815080054605883136048554894173783193438041716508681297001277350562437894851607688119124032266056066591963623197071229719772200831481260746898621517899928612391918713268983151048632780119655930408190582553524627904057071942769938736862457235924274975877692875969260912825240440176312796169883715527296420812911085368231803397367822990876417832371726944474641149344806282859835563177758758315140869621665338558538229319788140992642348683078964438303205169238089677606281386970253341769254691973676747054001600056884371509167578247128910554017708455798400339763929792299326278161913247735847547901720607853014273297061169415154483166033077865097453650461838107532682052642437808745312631797604500447563344035980600655360681484274936965759099895773785743476559627847035998495623947412514142251410657373695628596507787826274803330499930271551011927848963095389998115464084361772602196582573023653623911344037727364227195594183603523434780747077500441651045950433605054450968920210102886398197382751252220063486096686194630712738899496659850907030285511459146924946136142303252814811401903979278425790228571196558652325907826618637862596663393079577711958009484587139118727133603578984775841831059511392904829664132579075616389269418347099007484820626482853352165533173315748528323140233506000037753936239379980930850327518548701251621213257545847129540580490183656973082502121819713680447958	24739664234858139289596792776213395126048089560964325860575729835583842533848297593721721016960133864586270478784566007837923738431102728632493488653686206422427517659865711750940728149273086021245543535037838973580791205998559559705146231073926853464589222083804255555246497856881480415382797028869947515409102466362624308138158295291171590499716827763074129642966611568980216950264829324577223314767622193926428361795673887835629956332562297465397279725893986435790621308317269268856881805654365465396459180361810212552392995264852193433280433258188779211896433656912690564002557543250673156421667764668236781952850982629778814217384438800569104873914151225457969126655952227400981393524039718258600500038035726455070068944432622142862524152684687123594860595765059200459981272529406516243425962957012576867490658726986026722180698217312788933354193995408757039115876907513670085001165669118485616264261888736175570565920805527055528071932177850674296160319879959605667945565690721172572749561424617027837407176906531354804980365442446343891397651704871647118327773450016445278339898989384299592794511445998991916998045003607230690602303876149209851274958049158657286619350298225360207043927020857827462682077120984104025380130222960767706531851061263270527508363808559469641900679055204385120949512835559731615214552862120444696753685418083025252720365797213122517126492975582255347004941983197164724513383656930383866091012072708185097169676771810228590152706669003725792633571385997372234953371065020612542293903077335653525115977808680836263146590981079247887221858904364226385962137872772723941049106778755214247914812345636028716662249110262965472888773267439579317891921782317918423933114006534814467374270728062147436904069677031281850266008000171897149092232155561665112184172027458388976083708407338858789206156680132195260960727802790084035302902635810548227352326918892626768096980427231216145375505866079416950327694622000464122043938152802476393805881981041152882079708912625313449294944955385648186314531079474561258524752764052717326338193355789322337853666847393664902807746029827899074462797846264455496436928945922431557197351701864449641918576941927023783290958101995967714847577744060734146840694414781040578677889105244664885873196988762332251046102643520420205198747275484032601762191293569346700895161875470330647534391203484723879051912966118847435183550900722111444913	-2,3,3,3,3,3,3,3,3,3,3,3	4,-4,-4,-4,-4,-4,-4,3,3,3,3,3	ok
-0.454454	12.552553								error: Could not locate the first local maximum of the reduced return map.
-0.450450	12.552553								error: Could not locate the first local maximum of the reduced return map.
-0.446446	12.552553								error: Could not locate the first local maximum of the reduced return map.
-0.442442	12.552553								error: Could not locate the first local maximum of the reduced return map.
-0.438438	12.552553								error: Could not locate the first local maximum of the reduced return map.
-0.434434	12.552553								error: Could not locate the first local maximum of the reduced return map.
-0.430430	12.552553								error: Could not locate the first local maximum of the reduced return map.
-0.426426	12.552553								error: Could not locate the first local maximum of the reduced return map.
-0.422422	12.552553								error: Could not locate the first local maximum of the reduced return map.
-0.418418	12.552553								error: Could not locate the first local maximum of the reduced return map.
-0.414414	12.552553								error: Could not locate the first local maximum of the reduced return map.
-0.410410	12.552553								error: Could not locate the first local maximum of the reduced return map.
-0.406406	12.552553								error: Could not locate the first local maximum of the reduced return map.
-0.402402	12.552553								error: Could not locate the first local maximum of the reduced return map.
-0.398398	12.552553								error: Could not locate the first local maximum of the reduced return map.
-0.394394	12.552553								error: Could not locate the first local maximum of the reduced return map.
-0.390390	12.552553								error: Could not locate the first local maximum of the reduced return map.
-0.386386	12.552553								error: Could not locate the first local maximum of the reduced return map.
-0.382382	12.552553								error: Could not locate the first local maximum of the reduced return map.
-0.378378	12.552553								error: Could not locate the first local maximum of the reduced return map.
-0.374374	12.552553								error: Could not locate the first local maximum of the reduced return map.
-0.370370	12.552553								error: Could not locate the first local maximum of the reduced return map.
-0.366366	12.552553								error: Could not locate the first local maximum of the reduced return map.
-0.362362	12.552553	-47.211940	0.467703	continued:5	24872980842386653487817412693228013352330949864046270910820114474440196492544904280219612711542167984595749917255949912995766330482465945181368396150473329167197164112692394241179216302616246377226517223428931913749396779724561873060028262018208124462513341959842975683186529696902631244901764501005926275671115853020496118132712948602712555866641433142395283718933454855235287632879015192464687339096139860876710294678858856043972202704679597029624340241282416374291289670757627634288043324211837230605974335144905854519694474922440341526576168562404459366188185243628898717087944878536273569742190173304490236503837519615375377744569988029861520841434625212198451958800146155194782764993925864348388562429295360954691787271343082133470034768680890511883614954035493407231117460090339408743805911269172876077937224366304002909501060920826348927855525602325892006485872216251537515126576616901959435571055667522000230834699479167671703902560793331690301370557493252341464385314537025685500115288410202304499310077645920539870766731177145778954747714219144229235294284888418864648168779380871327976581888499350123027050451596197142603722150740523791902529773403065585996875479068907331072496461285244888910563042821427498368803254764523560829807254535546233159939549422308855665031241848533526747144485405807346146563474407457028295446628449660810686987321215174441664945937234941464696104888541652827609197398119991159671479344806214844230986172180289966214784581754789843045290319705039082485527073185623032508615221235866656676135406173628707112281501914816359223880570625008270025963437200875883487571654642069802191417103059413051373759465438059611200158938663454630528126236759126544671950598303675127740455719782975594655215094770692979105163753230427377528318218269782363946283345211456199536277220485482443811869949173480387568936239277493036734837269756185468494024525084078736273531235375550834780580803285934294841876595733725280003060477057603281501975923954190876781799866533728029701250508398617424989912040882144489251865486281633657368570522568498646355852043874637152247347561688060533349751335590310636697686739656057847990619048570884750543673493636952809217560800355822441842621543652977049041432991233585340678419776961272089027330334389302134335071997576926651851108882251160796892632959422335180118525085071519585800747496238227160478736600072302624172199174180769237708400	24739664234858139289596792776213395126048089560964325860575729835583842533848297593721721016960133864586270478784566007837923738431102728632493488653686206422427517659865711750940728149273086021245543535037838973580791205998559559705146231073926853464589222083804255555246497856881480415382797028869947515409102466362624308138158295291171590499716827763074129642966611568980216950264829324577223314767622193926428361795673887835629956332562297465397279725893986435790621308317269268856881805654365465396459180361810212552392995264852193433280433258188779211896433656912690564002557543250673156421667764668236781952850982629778814217384438800569104873914151225457969126655952227400981393524039718258600500038035726455070068944432622142862524152684687123594860595765059200459981272529406516243425962957012576867490658726986026722180698217312788933354193995408757039115876907513670085001165669118485616264261888736175570565920805527055528071932177850674296160319879959605667945565690721172572749561424617027837407176906531354804980365442446343891397651704871647118327773450016445278339898989384299592794511445998991916998045003607230690602303876149209851274958049158657286619350298225360207043927020857827462682077120984104025380130222960767706531851061263270527508363808559469641900679055204385120949512835559731615214552862120444696753685418083025252720365797213122517126492975582255347004941983197164724513383656930383866091012072708185097169676771810228590152706669003725792633571385997372234953371065020612542293903077335653525115977808680836263146590981079247887221858904364226385962137872772723941049106778755214247914812345636028716662249110262965472888773267439579317891921782317918423933114006534814467374270728062147436904069677031281850266008000171897149092232155561665112184172027458388976083708407338858789206156680132195260960727802790084035302902635810548227352326918892626768096980427231216145375505866079416950327694622000464122043938152802476393805881981041152882079708912625313449294944955385648186314531079474561258524752764052717326338193355789322337853666847393664902807746029827899074462797846264455496436928945922431557197351701864449641918576941927023783290958101995967714847577744060734146840694414781040578677889105244664885873196988762332251046102643520420205198747275484032601762191293569346700895161875470330647534391203484723879051912966118847435183550900722111444913	-2,4,-4,-4,-4,-4,-4,-4,-4,3,3,3	4,-4,-4,-4,-4,-4,-4,3,3,3,3,3	ok
-0.358358	12.552553	-50.848212	0.470497	continued:5	24739665630500802138610170887519272966771298454457124053431325632156904049064895741755490753422315552977895520720975891498656739086660502486951720874535930777038264079654486696806199080647084522983917136963884370348990004143791410489326516430000194438660880919820488766925303365962093933959575081920131962673523344969600533381766340980003792586369026711412116154803807367520822296384209539557816686263434516742684038799495085817087117773251057547921602984121848061476616270441885331717510898936313762203919152925879417627701717527935659433861129698733565802577206541266825715457828956776037319737138271803306595366129436121485948293762460593964625354580159242309738948400273313934907150446568543458827655570219767133649679741594302510605733077647524871262059050938829527622716655327741932897805780443015242482143436375713155149685889999615249058494382500934285056057517312062669419785173078243587534805526887714760598541358140482114471305453850744723252729733937992133004013302413276538178094140628643128347042162826623357813773406541335032232691214937391196292853585674761821225512469775314111548594094991602440046573019905356059332540165516711451434594826806615851220565279219123622984888807341196819702081585134517720674094359976630066420028550863648524670793910003600244410568026694903199620296968035534637913128076736978547879052676701828095292261628016369265578382671055089657568291144611810877139675040528782616995417685475766860865196512976781842565414525078712325634549277669281780164023207845883043241548215043032328810097355683964653021993161482815954065021400237570285988513992866108747544180151542117890978957942250353387561918308416937489116481531789031006286003950728393754540218711845110522928389034673006600864676112741337475234655629709407924215470395273676246824048154295045594617186561085224078274006799211800499594913941542193551379577041159583550516917775584436693268698262799302296314610181344473677674585975354249605950560409318867474852750301978876371895521854053306556986458488154743072553339123567324775050248293116916822278935024248027985057189385403082583400311003043479420265959726680301037667033331132778772721437242174564518085902441822262815726605749277033671363317860340185767503241508480530355431227309299217540180280657986952602142268792053210068313554868192162978513407930049920549995447133681709976477895481619832964373409122468037810299431438061240853766324	24739664234858139289596792776213395126048089560964325860575729835583842533848297593721721016960133864586270478784566007837923738431102728632493488653686206422427517659865711750940728149273086021245543535037838973580791205998559559705146231073926853464589222083804255555246497856881480415382797028869947515409102466362624308138158295291171590499716827763074129642966611568980216950264829324577223314767622193926428361795673887835629956332562297465397279725893986435790621308317269268856881805654365465396459180361810212552392995264852193433280433258188779211896433656912690564002557543250673156421667764668236781952850982629778814217384438800569104873914151225457969126655952227400981393524039718258600500038035726455070068944432622142862524152684687123594860595765059200459981272529406516243425962957012576867490658726986026722180698217312788933354193995408757039115876907513670085001165669118485616264261888736175570565920805527055528071932177850674296160319879959605667945565690721172572749561424617027837407176906531354804980365442446343891397651704871647118327773450016445278339898989384299592794511445998991916998045003607230690602303876149209851274958049158657286619350298225360207043927020857827462682077120984104025380130222960767706531851061263270527508363808559469641900679055204385120949512835559731615214552862120444696753685418083025252720365797213122517126492975582255347004941983197164724513383656930383866091012072708185097169676771810228590152706669003725792633571385997372234953371065020612542293903077335653525115977808680836263146590981079247887221858904364226385962137872772723941049106778755214247914812345636028716662249110262965472888773267439579317891921782317918423933114006534814467374270728062147436904069677031281850266008000171897149092232155561665112184172027458388976083708407338858789206156680132195260960727802790084035302902635810548227352326918892626768096980427231216145375505866079416950327694622000464122043938152802476393805881981041152882079708912625313449294944955385648186314531079474561258524752764052717326338193355789322337853666847393664902807746029827899074462797846264455496436928945922431557197351701864449641918576941927023783290958101995967714847577744060734146840694414781040578677889105244664885873196988762332251046102643520420205198747275484032601762191293569346700895161875470330647534391203484723879051912966118847435183550900722111444913	2,4,-4,-4,-4,-4,-4,-4,3,3,3,3	4,-4,-4,-4,-4,-4,-4,3,3,3,3,3	ok
-0.354354	12.552553	-53.269166	0.470871	continued:5	24739664234858139289596792776213395126048089560964325860575729835583842533848297593721721016960133864586270478784566007837923738431102728632493488653686206422427517659865711750940728149273086021245543535037838973580791205998559559705146231073926853464589222083804255555246497856881480415382797028869947515409102466362624308138158295291171590499716827763074129642966611568980216950264829324577223314767622193926428361795673887835629956332562297465397279725893986435790621308317269268856881805654365465396459180361810212552392995264852193433280433258188779211896433656912690564002557543250673156421667764668236781952850982629778814217384438800569104873914151225457969126655952227400981393524039718258600500038035726455070068944432622142862524152684687123594860595765059200459981272529406516243425962957012576867490658726986026722180698217312788933354193995408757039115876907513670085001165669118485616264261888736175570565920805527055528071932177850674296160319879959605667945565690721172572749561424617027837407176906531354804980365442446343891397651704871647118327773450016445278339898989384299592794511445998991916998045003607230690602303876149209851274958049158657286619350298225360207043927020815622536134222710237044384701226692445491250385838400791134156113731711885684149901654740216090321607630428967138749716393429524677320935186534563247727668472677293178022043860651930676653962810292506049577752290078205848253495252614527493314641096877187244727382347896820894951485037080655724104590065997997392264523326958261385525571218881026031757896272423135999552074666182201984124422204545670299393475708983837215010705540194494029934160195792221751372698337543092112070015057862015093188664119832570614461399041761111464035814628754930311384371776158932878390410639617083188484180096700879512297633917498663593286059806086230479728690403993113840999633553229705053922421444474188341312078701746639545337464996696899884845256550716761380633524231667774632297769662142804550322763196518512088954052451560857461297344012454052192998404993794438261551076612370067457012171208164298923752142999377887782622418022532500861552229320034152676388111092930763986847666309586037813051682611156780344313878131606055369532092621040361956418556364228493492697368801856797553382177466462529393230867902745797068391566825058123329848618907730105246257208789963711901825115843117584177725361703065292214043826	24739664234858139289596792776213395126048089560964325860575729835583842533848297593721721016960133864586270478784566007837923738431102728632493488653686206422427517659865711750940728149273086021245543535037838973580791205998559559705146231073926853464589222083804255555246497856881480415382797028869947515409102466362624308138158295291171590499716827763074129642966611568980216950264829324577223314767622193926428361795673887835629956332562297465397279725893986435790621308317269268856881805654365465396459180361810212552392995264852193433280433258188779211896433656912690564002557543250673156421667764668236781952850982629778814217384438800569104873914151225457969126655952227400981393524039718258600500038035726455070068944432622142862524152684687123594860595765059200459981272529406516243425962957012576867490658726986026722180698217312788933354193995408757039115876907513670085001165669118485616264261888736175570565920805527055528071932177850674296160319879959605667945565690721172572749561424617027837407176906531354804980365442446343891397651704871647118327773450016445278339898989384299592794511445998991916998045003607230690602303876149209851274958049158657286619350298225360207043927020857827462682077120984104025380130222960767706531851061263270527508363808559469641900679055204385120949512835559731615214552862120444696753685418083025252720365797213122517126492975582255347004941983197164724513383656930383866091012072708185097169676771810228590152706669003725792633571385997372234953371065020612542293903077335653525115977808680836263146590981079247887221858904364226385962137872772723941049106778755214247914812345636028716662249110262965472888773267439579317891921782317918423933114006534814467374270728062147436904069677031281850266008000171897149092232155561665112184172027458388976083708407338858789206156680132195260960727802790084035302902635810548227352326918892626768096980427231216145375505866079416950327694622000464122043938152802476393805881981041152882079708912625313449294944955385648186314531079474561258524752764052717326338193355789322337853666847393664902807746029827899074462797846264455496436928945922431557197351701864449641918576941927023783290958101995967714847577744060734146840694414781040578677889105244664885873196988762332251046102643520420205198747275484032601762191293569346700895161875470330647534391203484723879051912966118847435183550900722111444913	1,-4,-4,-4,-4,-4,-4,3,3,3,3,3	4,-4,-4,-4,-4,-4,-4,3,3,3,3,3	ok
-0.350350	12.552553	-54.848346	0.473664	continued:5	24739664234858138982047535273920704865888201889876711837493816699690678265963591165069870505023217046633362579621148489165328977987949899797415602900085081435628786567950676391780949633448253616219680559998014214784634910618447122667639804607217055610037222276897125660535867393387520758988742191975475097134159821776175469287214857624750265388130867415580412873925910271279382629434282479656095907178473638142326186864698341018602123575843883404208311798618679388046194707946385968872279636660172423920762823771748609336176990325713506490614247467311351878471253089939596514261196666267475682898635077588364628629417296554229734815495315011752337585393015754405944996164827318009845582551593321289722257247006063686910061456841431892563940020873466746931070957111770150069590359792388197563206227771911411885143855184505614961998508226343153531223089971459935049708039359327667779120430067461929055441744031224422705223831560005091108633317128720548165517033711719448300771525660964913525817712220131912105082815080054605883136048554894173783193438041716508681297001277350562437894851607688119124032266056066591963623197071229719772200831481260746898621517899928612391918713268983151048632780119648896253765940151777173575597570025320253082336116946689981147789765900355562110523987436189411566954756946831913765892283629482126668117215787661175622538482371666841405595054624551275871666632475049764341931929868507018454948365774171910807496638367218687366613903751947086947394002612630474683257999387223688134848014104823955551645010680263372366206458226198558279883447844315148180302724249331888726196930807213187997142652942313186005148224878224024593537200103980637926868603500896185830904692094904758235554768415409124757267836161356776521732484146109863946926378105041694979170269733992817805415234240628485488200053302199364211031646323082439647263607276631895871769259044401451363766451126814443473134220489198884697731101960802990910300139680959518854832128513597114746389737973151315057975842081443516593123962467786526070102139874765749035637088432614260030772344792316488840415153698481155126035457741137680097748660410763036811870095293313414540437283852893333234643562710973384060038416228190613325616933189150517789061901654152308030489428549857055082465581427407486143000730202660813809057790100346399768338483335257539245860316494779637880208922066168766414992991208014608723526	24739664234858139289596792776213395126048089560964325860575729835583842533848297593721721016960133864586270478784566007837923738431102728632493488653686206422427517659865711750940728149273086021245543535037838973580791205998559559705146231073926853464589222083804255555246497856881480415382797028869947515409102466362624308138158295291171590499716827763074129642966611568980216950264829324577223314767622193926428361795673887835629956332562297465397279725893986435790621308317269268856881805654365465396459180361810212552392995264852193433280433258188779211896433656912690564002557543250673156421667764668236781952850982629778814217384438800569104873914151225457969126655952227400981393524039718258600500038035726455070068944432622142862524152684687123594860595765059200459981272529406516243425962957012576867490658726986026722180698217312788933354193995408757039115876907513670085001165669118485616264261888736175570565920805527055528071932177850674296160319879959605667945565690721172572749561424617027837407176906531354804980365442446343891397651704871647118327773450016445278339898989384299592794511445998991916998045003607230690602303876149209851274958049158657286619350298225360207043927020857827462682077120984104025380130222960767706531851061263270527508363808559469641900679055204385120949512835559731615214552862120444696753685418083025252720365797213122517126492975582255347004941983197164724513383656930383866091012072708185097169676771810228590152706669003725792633571385997372234953371065020612542293903077335653525115977808680836263146590981079247887221858904364226385962137872772723941049106778755214247914812345636028716662249110262965472888773267439579317891921782317918423933114006534814467374270728062147436904069677031281850266008000171897149092232155561665112184172027458388976083708407338858789206156680132195260960727802790084035302902635810548227352326918892626768096980427231216145375505866079416950327694622000464122043938152802476393805881981041152882079708912625313449294944955385648186314531079474561258524752764052717326338193355789322337853666847393664902807746029827899074462797846264455496436928945922431557197351701864449641918576941927023783290958101995967714847577744060734146840694414781040578677889105244664885873196988762332251046102643520420205198747275484032601762191293569346700895161875470330647534391203484723879051912966118847435183550900722111444913	1,3,3,3,3,3,3,3,3,3,3,3	4,-4,-4,-4,-4,-4,-4,3,3,3,3,3	ok
-0.346346	12.552553	-55.801720	0.476457	continued:5	24739664234858138982047535273920704865888201889876711837493816699690678265963591165069870505023217046633362579621148489165328977987949899797415602900085081435628786567950676391780949633448253616219680559998014214784634910618447122667639804607217055610037222276897125660535867393387520758988742191975475097134159821776175469287214857624750265388130867415580412873925910271279382629434282479656095907178473638142326186864698341018602123575843883404208311798618679388046194707946385968872279636660172423920762823771748609336176990325713506490614247467311351878471253089939596514261196666267475682898635077588364628629417296554229734815495315011752337585393015754405944996164827318009845582551593321289722257247006063686910061456841431892563940020873466746931070957111770150069590359792388197563206227771911411885143855184505614961998508226343153531223089971459935049708039359327667779120430067461929055441744031224422705223831560005091108633317128720548165517033711719448300771525660964913525817712220131912105082815080054605883136048554894173783193438041716508681297001277350562437894851607688119124032266056066591963623197071229719772200831481260746898621517899928612391918713268983151048632780119662964562615224955272082232516573860219624391388797525158568803965619851582959715126493444163214025385010484222679075733538541254336938677519858320577213126261082222107876703634988014443799459723042466865939807313462170098621510273802110074477200727790710189239796434724232268265168771327876208855251384560129805973155186008944787466690145813994448741828958685398242399644411740283504376021102246139806369606510408492840549451469396517122961183841277506170313763723572234427437236681374721304794358903114096136891133303545792185964095132388517154996467307401461623006192877589030302012077625091035466697406080506762771704815522350350242449968214220019584208434318914148100359158909679143753029398694920492804349553854965529569693457265246243878651194015319923783237068738696511787191450682232621481336789660422996610379069409921474899407696853444936065024933934485679589861499939814189140782388654260075696454421684651979624554066992826512688381456690865842009375581685321384904219623644446996167623623702794595196333711331969000714989476935040045706939151824415849649248600765204089570503279736809339261698814688659615461932316553762144963996566198596914621200952058301145179750011252431412752172391	24739664234858139289596792776213395126048089560964325860575729835583842533848297593721721016960133864586270478784566007837923738431102728632493488653686206422427517659865711750940728149273086021245543535037838973580791205998559559705146231073926853464589222083804255555246497856881480415382797028869947515409102466362624308138158295291171590499716827763074129642966611568980216950264829324577223314767622193926428361795673887835629956332562297465397279725893986435790621308317269268856881805654365465396459180361810212552392995264852193433280433258188779211896433656912690564002557543250673156421667764668236781952850982629778814217384438800569104873914151225457969126655952227400981393524039718258600500038035726455070068944432622142862524152684687123594860595765059200459981272529406516243425962957012576867490658726986026722180698217312788933354193995408757039115876907513670085001165669118485616264261888736175570565920805527055528071932177850674296160319879959605667945565690721172572749561424617027837407176906531354804980365442446343891397651704871647118327773450016445278339898989384299592794511445998991916998045003607230690602303876149209851274958049158657286619350298225360207043927020857827462682077120984104025380130222960767706531851061263270527508363808559469641900679055204385120949512835559731615214552862120444696753685418083025252720365797213122517126492975582255347004941983197164724513383656930383866091012072708185097169676771810228590152706669003725792633571385997372234953371065020612542293903077335653525115977808680836263146590981079247887221858904364226385962137872772723941049106778755214247914812345636028716662249110262965472888773267439579317891921782317918423933114006534814467374270728062147436904069677031281850266008000171897149092232155561665112184172027458388976083708407338858789206156680132195260960727802790084035302902635810548227352326918892626768096980427231216145375505866079416950327694622000464122043938152802476393805881981041152882079708912625313449294944955385648186314531079474561258524752764052717326338193355789322337853666847393664902807746029827899074462797846264455496436928945922431557197351701864449641918576941927023783290958101995967714847577744060734146840694414781040578677889105244664885873196988762332251046102643520420205198747275484032601762191293569346700895161875470330647534391203484723879051912966118847435183550900722111444913	2,3,3,3,3,3,3,3,3,3,3,3	4,-4,-4,-4,-4,-4,-4,3,3,3,3,3	ok
-0.342342	12.552553	-56.436313	0.479251	continued:5	24739664234858138982047535273920704865888201889876711837493816699690678265963591165069870505023217046633362579621148489165328977987949899797415602900085081435628786567950676391780949633448253616219680559998014214784634910618447122667639804607217055610037222276897125660535867393387520758988742191975475097134159821776175469287214857624750265388130867415580412873925910271279382629434282479656095907178473638142326186864698341018602123575843883404208311798618679388046194707946385968872279636660172423920762823771748609336176990325713506490614247467311351878471253089939596514261196666267475682898635077588364628629417296554229734815495315011752337585393015754405944996164827318009845582551593321289722257247006063686910061456841431892563940020873466746931070957111770150069590359792388197563206227771911411885143855184505614961998508226343153531223089971459935049708039359327667779120430067461929055441744031224422705223831560005091108633317128720548165517033711719448300771525660964913525817712220131912105082815080054605883136048554894173783193438041716508681297001277350562437894851607688119124032266056066591963623197071229719772200831481260746898621517899928612391918713268983151048632780119655930408190582553524627904057071942769938736862457235924274975877692875969260912825240440176312796169883715527296420812911085368231803397367822990876417832371726944474641149344806282859835563177758758315140869621665338558538229319788140992642348683078964438303205169238089677606281386970253341769254691973676747054001600056884371509167578247128910554017708455798400339763929792299326278161913247735847547901720607853014273297061169415154483166033077865097453650461838107532682052642437808745312631797604500447563344035980600655360681484274936965759099895773785743476559627847035998495623947412514142251410657373695628596507787826274803330499930271551011927848963095389998115464084361772602196582573023653623911344037727364227195594183603523434780747077500441651045950433605054450968920210102886398197382751252220063486096686194630712738899496659850907030285511459146924946136142303252814811401903979278425790228571196558652325907826618637862596663393079577711958009484587139118727133603578984775841831059511392904829664132579075616389269418347099007484820626482853352165533173315748528323140233506000037753936239379980930850327518548701251621213257545847129540580490183656973082502121819713680447958	24739664234858139289596792776213395126048089560964325860575729835583842533848297593721721016960133864586270478784566007837923738431102728632493488653686206422427517659865711750940728149273086021245543535037838973580791205998559559705146231073926853464589222083804255555246497856881480415382797028869947515409102466362624308138158295291171590499716827763074129642966611568980216950264829324577223314767622193926428361795673887835629956332562297465397279725893986435790621308317269268856881805654365465396459180361810212552392995264852193433280433258188779211896433656912690564002557543250673156421667764668236781952850982629778814217384438800569104873914151225457969126655952227400981393524039718258600500038035726455070068944432622142862524152684687123594860595765059200459981272529406516243425962957012576867490658726986026722180698217312788933354193995408757039115876907513670085001165669118485616264261888736175570565920805527055528071932177850674296160319879959605667945565690721172572749561424617027837407176906531354804980365442446343891397651704871647118327773450016445278339898989384299592794511445998991916998045003607230690602303876149209851274958049158657286619350298225360207043927020857827462682077120984104025380130222960767706531851061263270527508363808559469641900679055204385120949512835559731615214552862120444696753685418083025252720365797213122517126492975582255347004941983197164724513383656930383866091012072708185097169676771810228590152706669003725792633571385997372234953371065020612542293903077335653525115977808680836263146590981079247887221858904364226385962137872772723941049106778755214247914812345636028716662249110262965472888773267439579317891921782317918423933114006534814467374270728062147436904069677031281850266008000171897149092232155561665112184172027458388976083708407338858789206156680132195260960727802790084035302902635810548227352326918892626768096980427231216145375505866079416950327694622000464122043938152802476393805881981041152882079708912625313449294944955385648186314531079474561258524752764052717326338193355789322337853666847393664902807746029827899074462797846264455496436928945922431557197351701864449641918576941927023783290958101995967714847577744060734146840694414781040578677889105244664885873196988762332251046102643520420205198747275484032601762191293569346700895161875470330647534391203484723879051912966118847435183550900722111444913	-2,3,3,3,3,3,3,3,3,3,3,3	4,-4,-4,-4,-4,-4,-4,3,3,3,3,3	ok
-0.338338	12.552553	-56.886134	0.482044	full	24739664234858138982047535273920704865888201889876711837493816699690678265963591165069870505023217046633362579621148489165328977987949899797415602900085081435628786567950676391780949633448253616219680559998014214784634910618447122667639804607217055610037222276897125660535867393387520758988742191975475097134159821776175469287214857624750265388130867415580412873925910271279382629434282479656095907178473638142326186864698341018602123575843883404208311798618679388046194707946385968872279636660172423920762823771748609336176990325713506490614247467311351878471253089939596514261196666267475682898635077588364628629417296554229734815495315011752337585393015754405944996164827318009845582551593321289722257247006063686910061456841431892563940020873466746931070957111770150069590359792388197563206227771911411885143855184505614961998508226343153531223089971459935049708039359327667779120430067461929055441744031224422705223831560005091108633317128720548165517033711719448300771525660964913525817712220131912105082815080054605883136048554894173783193438041716508681297001277350562437894851607688119124032266056066591963623197071229719772200831481260746898621517899928612391918713268983151048632780119655930408190582553524627904057071942769938736862457235924274975877692875969260912825240440176312796169883715527296420812911085368231803397367822990876417832371726944474641149344806282859835563177758758315140869621665338558538229319788140992642348683078964438303205169238089677606281386970253341769254691973676747054001600056884371509167578247128910554017708455798400339763929792299326278161913247735847547901720607853014273297061169415154483166033077865097453650461838107532682052642437808745312631797604500447563344035980600655360681484274936965759099895773785743476559627847035998495623947412514142251410657373695628596507787826274803330499930271551011927848963095389998115464084361772602196582573023653623911344037727364227195594183603523434780747077500441651045950433605054450968920210102886398197382751252220063486096686194630712738899496659850907030285511459146924946136142303252814811401903979278425790228571196558652325907826618637862596663393079577711958009484587139118727133603578984775841831059511392904829664132579075616389269418347099007484820626482853352165533173315748528323140233506000037753936239379980930850327518548701251621213257545847129540580490183656973082502121819713680447958	24739664234858139289596792776213395126048089560964325860575729835583842533848297593721721016960133864586270478784566007837923738431102728632493488653686206422427517659865711750940728149273086021245543535037838973580791205998559559705146231073926853464589222083804255555246497856881480415382797028869947515409102466362624308138158295291171590499716827763074129642966611568980216950264829324577223314767622193926428361795673887835629956332562297465397279725893986435790621308317269268856881805654365465396459180361810212552392995264852193433280433258188779211896433656912690564002557543250673156421667764668236781952850982629778814217384438800569104873914151225457969126655952227400981393524039718258600500038035726455070068944432622142862524152684687123594860595765059200459981272529406516243425962957012576867490658726986026722180698217312788933354193995408757039115876907513670085001165669118485616264261888736175570565920805527055528071932177850674296160319879959605667945565690721172572749561424617027837407176906531354804980365442446343891397651704871647118327773450016445278339898989384299592794511445998991916998045003607230690602303876149209851274958049158657286619350298225360207043927020857827462682077120984104025380130222960767706531851061263270527508363808559469641900679055204385120949512835559731615214552862120444696753685418083025252720365797213122517126492975582255347004941983197164724513383656930383866091012072708185097169676771810228590152706669003725792633571385997372234953371065020612542293903077335653525115977808680836263146590981079247887221858904364226385962137872772723941049106778755214247914812345636028716662249110262965472888773267439579317891921782317918423933114006534814467374270728062147436904069677031281850266008000171897149092232155561665112184172027458388976083708407338858789206156680132195260960727802790084035302902635810548227352326918892626768096980427231216145375505866079416950327694622000464122043938152802476393805881981041152882079708912625313449294944955385648186314531079474561258524752764052717326338193355789322337853666847393664902807746029827899074462797846264455496436928945922431557197351701864449641918576941927023783290958101995967714847577744060734146840694414781040578677889105244664885873196988762332251046102643520420205198747275484032601762191293569346700895161875470330647534391203484723879051912966118847435183550900722111444913	-2,3,3,3,3,3,3,3,3,3,3,3	4,-4,-4,-4,-4,-4,-4,3,3,3,3,3	ok
-0.334334	12.552553								error: Could not locate the first local maximum of the reduced return map.
-0.330330	12.552553								error: Could not locate the first local maximum of the reduced return map.
-0.326326	12.552553								error: Could not locate the first local maximum of the reduced return map.
-0.322322	12.552553								error: Could not locate the first local maximum of the reduced return map.
-0.318318	12.552553								error: Could not locate the first local maximum of the reduced return map.
-0.314314	12.552553								error: Could not locate the first local maximum of the reduced return map.
-0.310310	12.552553								error: Could not locate the first local maximum of the reduced return map.
-0.306306	12.552553								error: Could not locate the first local maximum of the reduced return map.
-0.302302	12.552553								error: Could not locate the first local maximum of the reduced return map.
-0.298298	12.552553								error: Could not locate the first local maximum of the reduced return map.
-0.294294	12.552553								error: Could not locate the first local maximum of the reduced return map.
-0.290290	12.552553								error: Could not locate the first local maximum of the reduced return map.
-0.286286	12.552553								error: Could not locate the first local maximum of the reduced return map.
-0.282282	12.552553								error: Could not locate the first local maximum of the reduced return map.
-0.278278	12.552553								error: Could not locate the first local maximum of the reduced return map.
-0.274274	12.552553								error: Could not locate the first local maximum of the reduced return map.
-0.270270	12.552553								error: Could not locate the first local maximum of the reduced return map.
-0.266266	12.552553								error: Could not locate the first local maximum of the reduced return map.
-0.262262	12.552553								error: Could not locate the first local maximum of the reduced return map.
-0.258258	12.552553								error: Could not locate the first local maximum of the reduced return map.
-0.254254	12.552553	-46.470139	0.466178	continued:5	24739665630500802138610170887519272966771298454457124053431325632156904049064895741755490753422315552977895520720975891498656739086660502486951720874535930777038264079654486696806199080647084522983917136963884370348990004143791410489326516430000194438660880919820488766925303365962093933959575081920131962673523344969600533381766340980003792586369026711412116154803807367520822296384209539557816686263434516742684038799495085817087117773251057547921602984121848061476616270441885331717510898936313762203919152925879417627701717527935659433861129698733565802577206541266825715457828956776037319737138271803306595366129436121485948293762460593964625354580159242309738948400273313934907150446568543458827655570219767133649679741594302510605733077647524871262059050938829527622716655327741932897805780443015242482143436375713155149685889999615249058494382500934285056057517312062669419785173078243587534805526887714760598541358140482114471305453850744723252729733937992133004013302413276538178094140628643128347042162826623357813773406541335032232691214937391196292853585674761821225512469775314111548594094991602440046573019905356059332540165516711451434594826806615851220565279219123622984888807341189785547458533292314406510882156581844213733673303988102544926104505054085853001768673401187377897172077105748488120667323552420315608473401325434671469156763532422312654394294500286767053813829358136494434320159259337866098177720981157196218736105005050011101346638676101353574973673412059140741552933816318122387160365484151283238716991181631366618252962718142926872075967896939646229804071870951010170617275504923414163443171433457849364347882802582634199797651769357667482533688448555728211990076949338062582710630172020007947671221102073045883100774658374850140363607356756138033910514100479975184414114804123577275199205706194510562559771423370586763893886764139015685738925476473831031184647958268693849091805324335159788093055601303023067075504918711229721656789587097563826255902282096905295213641827919172066605311241667240326424949277630066797371812163165912271582321005720813696787351664127619890021388206149049290395989104686698033066654152467977205719783108787077996519271992011077686932314698926377829011335308799335324177168152565310021331880015069464539080022893521788323573885213894625842764068217159830458739740503496771682933418931471522702876891996590330176904469374465768403238	24739664234858139289596792776213395126048089560964325860575729835583842533848297593721721016960133864586270478784566007837923738431102728632493488653686206422427517659865711750940728149273086021245543535037838973580791205998559559705146231073926853464589222083804255555246497856881480415382797028869947515409102466362624308138158295291171590499716827763074129642966611568980216950264829324577223314767622193926428361795673887835629956332562297465397279725893986435790621308317269268856881805654365465396459180361810212552392995264852193433280433258188779211896433656912690564002557543250673156421667764668236781952850982629778814217384438800569104873914151225457969126655952227400981393524039718258600500038035726455070068944432622142862524152684687123594860595765059200459981272529406516243425962957012576867490658726986026722180698217312788933354193995408757039115876907513670085001165669118485616264261888736175570565920805527055528071932177850674296160319879959605667945565690721172572749561424617027837407176906531354804980365442446343891397651704871647118327773450016445278339898989384299592794511445998991916998045003607230690602303876149209851274958049158657286619350298225360207043927020857827462682077120984104025380130222960767706531851061263270527508363808559469641900679055204385120949512835559731615214552862120444696753685418083025252720365797213122517126492975582255347004941983197164724513383656930383866091012072708185097169676771810228590152706669003725792633571385997372234953371065020612542293903077335653525115977808680836263146590981079247887221858904364226385962137872772723941049106778755214247914812345636028716662249110262965472888773267439579317891921782317918423933114006534814467374270728062147436904069677031281850266008000171897149092232155561665112184172027458388976083708407338858789206156680132195260960727802790084035302902635810548227352326918892626768096980427231216145375505866079416950327694622000464122043938152802476393805881981041152882079708912625313449294944955385648186314531079474561258524752764052717326338193355789322337853666847393664902807746029827899074462797846264455496436928945922431557197351701864449641918576941927023783290958101995967714847577744060734146840694414781040578677889105244664885873196988762332251046102643520420205198747275484032601762191293569346700895161875470330647534391203484723879051912966118847435183550900722111444913	-2,4,-4,-4,-4,-4,-4,-4,3,3,3,3	4,-4,-4,-4,-4,-4,-4,3,3,3,3,3	ok
-0.250250	12.552553	-50.291653	0.468971	continued:5	24739665630500802138610170887519272966771298454457124053431325632156904049064895741755490753422315552977895520720975891498656739086660502486951720874535930777038264079654486696806199080647084522983917136963884370348990004143791410489326516430000194438660880919820488766925303365962093933959575081920131962673523344969600533381766340980003792586369026711412116154803807367520822296384209539557816686263434516742684038799495085817087117773251057547921602984121848061476616270441885331717510898936313762203919152925879417627701717527935659433861129698733565802577206541266825715457828956776037319737138271803306595366129436121485948293762460593964625354580159242309738948400273313934907150446568543458827655570219767133649679741594302510605733077647524871262059050938829527622716655327741932897805780443015242482143436375713155149685889999615249058494382500934285056057517312062669419785173078243587534805526887714760598541358140482114471305453850744723252729733937992133004013302413276538178094140628643128347042162826623357813773406541335032232691214937391196292853585674761821225512469775314111548594094991602440046573019905356059332540165516711451434594826806615851220565279219123622984888807341182751392835481450111092347669953187058361047318057112556565181415100104571461592969320107471556174047186175962338328206570367862083337894125949041247646051899048475359730405917945483876539336514104462111728965277989893115200937756486547531572275697033318179637278752273490381515398069154836501319082659786753201532772515925270237667336626679298080214512763953469899679130535556309006471094150875793272797054399467728937347928400616562311166777457188227779283113771749684328679063426168717701883761442053565602237032225671033415030666329462808616531545919607341776065256819439836029243772873905914355751641668523023076276391612200588521530205601304547622148210732368694480854560075368510968793671033117235091383573429304196641901600135848356440183590600518554984590563277195318755756989950510887253603968795501095271579871498916009705602601605438343311315808600078303839485975256608359043993263700284775819514083049731997060913758647076594623344696066130371436325537124395311340266432794706988484010546769057666988154781162137068315217127027005913079862383102043186326935891253733833508333592902235626273172120206384399110922032347325283566887971356243110081032344661525142850054377500687690683040153	24739664234858139289596792776213395126048089560964325860575729835583842533848297593721721016960133864586270478784566007837923738431102728632493488653686206422427517659865711750940728149273086021245543535037838973580791205998559559705146231073926853464589222083804255555246497856881480415382797028869947515409102466362624308138158295291171590499716827763074129642966611568980216950264829324577223314767622193926428361795673887835629956332562297465397279725893986435790621308317269268856881805654365465396459180361810212552392995264852193433280433258188779211896433656912690564002557543250673156421667764668236781952850982629778814217384438800569104873914151225457969126655952227400981393524039718258600500038035726455070068944432622142862524152684687123594860595765059200459981272529406516243425962957012576867490658726986026722180698217312788933354193995408757039115876907513670085001165669118485616264261888736175570565920805527055528071932177850674296160319879959605667945565690721172572749561424617027837407176906531354804980365442446343891397651704871647118327773450016445278339898989384299592794511445998991916998045003607230690602303876149209851274958049158657286619350298225360207043927020857827462682077120984104025380130222960767706531851061263270527508363808559469641900679055204385120949512835559731615214552862120444696753685418083025252720365797213122517126492975582255347004941983197164724513383656930383866091012072708185097169676771810228590152706669003725792633571385997372234953371065020612542293903077335653525115977808680836263146590981079247887221858904364226385962137872772723941049106778755214247914812345636028716662249110262965472888773267439579317891921782317918423933114006534814467374270728062147436904069677031281850266008000171897149092232155561665112184172027458388976083708407338858789206156680132195260960727802790084035302902635810548227352326918892626768096980427231216145375505866079416950327694622000464122043938152802476393805881981041152882079708912625313449294944955385648186314531079474561258524752764052717326338193355789322337853666847393664902807746029827899074462797846264455496436928945922431557197351701864449641918576941927023783290958101995967714847577744060734146840694414781040578677889105244664885873196988762332251046102643520420205198747275484032601762191293569346700895161875470330647534391203484723879051912966118847435183550900722111444913	1,4,-4,-4,-4,-4,-4,-4,3,3,3,3	4,-4,-4,-4,-4,-4,-4,3,3,3,3,3	ok
-0.246246	12.552553	-52.798785	0.466178	continued:5	24739664234858139289596792776213395126048089560964325860575729835583842533848297593721721016960133864586270478784566007837923738431102728632493488653686206422427517659865711750940728149273086021245543535037838973580791205998559559705146231073926853464589222083804255555246497856881480415382797028869947515409102466362624308138158295291171590499716827763074129642966611568980216950264829324577223314767622193926428361795673887835629956332562297465397279725893986435790621308317269268856881805654365465396459180361810212552392995264852193433280433258188779211896433656912690564002557543250673156421667764668236781952850982629778814217384438800569104873914151225457969126655952227400981393524039718258600500038035726455070068944432622142862524152684687123594860595765059200459981272529406516243425962957012576867490658726986026722180698217312788933354193995408757039115876907513670085001165669118485616264261888736175570565920805527055528071932177850674296160319879959605667945565690721172572749561424617027837407176906531354804980365442446343891397651704871647118327773450016445278339898989384299592794511445998991916998045003607230690602303876149209851274958049158657286619350298225360207043927020822656690558865112028220991481043947531370659743507177536490218012837061331315065234825459380806121497944163399237560632753334957305216904936348483210648510454863946502104557632705872606436136498907621235435545805674659937522261212524224275278395860192957742037844074358851366758343126131545998792983950175834595644151756311440430192162012035635165842104658849459874274599198302562357834678860100187370151404608616323548216907085553017696397910538011895287056063410163816689944661201848732230727875618861564647795728246588936577935996202241947139795354148132472714850190905040162934588847442588642658410708882650109470869917531185214098984068791294726548172245111464055969639909924881639055554748414860071490472116748225096473529435074700967894548277516081945939647109032115843984082649281917530959703259533793278825778839098891622587708424953622707337513620209201021101233118284611481380610587123819877802031092151751461460542930588186114302249625469392614063980041687478686014840284002314316281547373039295722930301217299936098470445243285041285354728786201045458349860322239159361231059923043500744895759932719430697665990664950087666093655596390170340705500771854759006622676998677704530530277338	24739664234858139289596792776213395126048089560964325860575729835583842533848297593721721016960133864586270478784566007837923738431102728632493488653686206422427517659865711750940728149273086021245543535037838973580791205998559559705146231073926853464589222083804255555246497856881480415382797028869947515409102466362624308138158295291171590499716827763074129642966611568980216950264829324577223314767622193926428361795673887835629956332562297465397279725893986435790621308317269268856881805654365465396459180361810212552392995264852193433280433258188779211896433656912690564002557543250673156421667764668236781952850982629778814217384438800569104873914151225457969126655952227400981393524039718258600500038035726455070068944432622142862524152684687123594860595765059200459981272529406516243425962957012576867490658726986026722180698217312788933354193995408757039115876907513670085001165669118485616264261888736175570565920805527055528071932177850674296160319879959605667945565690721172572749561424617027837407176906531354804980365442446343891397651704871647118327773450016445278339898989384299592794511445998991916998045003607230690602303876149209851274958049158657286619350298225360207043927020857827462682077120984104025380130222960767706531851061263270527508363808559469641900679055204385120949512835559731615214552862120444696753685418083025252720365797213122517126492975582255347004941983197164724513383656930383866091012072708185097169676771810228590152706669003725792633571385997372234953371065020612542293903077335653525115977808680836263146590981079247887221858904364226385962137872772723941049106778755214247914812345636028716662249110262965472888773267439579317891921782317918423933114006534814467374270728062147436904069677031281850266008000171897149092232155561665112184172027458388976083708407338858789206156680132195260960727802790084035302902635810548227352326918892626768096980427231216145375505866079416950327694622000464122043938152802476393805881981041152882079708912625313449294944955385648186314531079474561258524752764052717326338193355789322337853666847393664902807746029827899074462797846264455496436928945922431557197351701864449641918576941927023783290958101995967714847577744060734146840694414781040578677889105244664885873196988762332251046102643520420205198747275484032601762191293569346700895161875470330647534391203484723879051912966118847435183550900722111444913	-2,-4,-4,-4,-4,-4,-4,3,3,3,3,3	4,-4,-4,-4,-4,-4,-4,3,3,3,3,3	ok
-0.242242	12.552553	-54.506145	0.468971	continued:5	24739664234858138982047535273920704865888201889876711837493816699690678265963591165069870505023217046633362579621148489165328977987949899797415602900085081435628786567950676391780949633448253616219680559998014214784634910618447122667639804607217055610037222276897125660535867393387520758988742191975475097134159821776175469287214857624750265388130867415580412873925910271279382629434282479656095907178473638142326186864698341018602123575843883404208311798618679388046194707946385968872279636660172423920762823771748609336176990325713506490614247467311351878471253089939596514261196666267475682898635077588364628629417296554229734815495315011752337585393015754405944996164827318009845582551593321289722257247006063686910061456841431892563940020873466746931070957111770150069590359792388197563206227771911411885143855184505614961998508226343153531223089971459935049708039359327667779120430067461929055441744031224422705223831560005091108633317128720548165517033711719448300771525660964913525817712220131912105082815080054605883136048554894173783193438041716508681297001277350562437894851607688119124032266056066591963623197071229719772200831481260746898621517899928612391918713268983151048632780119655930408190582553524627904057071942769938736862457235924274975877692875969260912825240440176312796169883715527296420812911085368231803397367822990876417832371726944474641149344806282859835563177758758315140869621665338558538229319788140992642348683078964438303205169238089677606281386970253341769254691973676747054001600056884371509167578247128910554017708455798400339763929792299326278161913247735847547901720607853014273297061169415154483166033077865097453650461838107532682052642437808745312631797604500447563344035980600655360681484274936965759099895773785743476559627847035998495623947412514142251410657373695628596507787826274803330499930271551011927848963095389998115464084361772602196582573023653623911344037727364227195594183603523434780747077500441651045950433605054450968920210102886398197382751252220063486096686194630712738899496659850907030285511459146924946136142303252814811401903979278425790228571196558652325907826618637862596663393079577711958009484587139118727133603578984775841831059511392904829664132579075616389269418347099007484820626482853352165533173315748528323140233506000037753936239379980930850327518548701251621213257545847129540580490183656973082502121819713680447958	24739664234858139289596792776213395126048089560964325860575729835583842533848297593721721016960133864586270478784566007837923738431102728632493488653686206422427517659865711750940728149273086021245543535037838973580791205998559559705146231073926853464589222083804255555246497856881480415382797028869947515409102466362624308138158295291171590499716827763074129642966611568980216950264829324577223314767622193926428361795673887835629956332562297465397279725893986435790621308317269268856881805654365465396459180361810212552392995264852193433280433258188779211896433656912690564002557543250673156421667764668236781952850982629778814217384438800569104873914151225457969126655952227400981393524039718258600500038035726455070068944432622142862524152684687123594860595765059200459981272529406516243425962957012576867490658726986026722180698217312788933354193995408757039115876907513670085001165669118485616264261888736175570565920805527055528071932177850674296160319879959605667945565690721172572749561424617027837407176906531354804980365442446343891397651704871647118327773450016445278339898989384299592794511445998991916998045003607230690602303876149209851274958049158657286619350298225360207043927020857827462682077120984104025380130222960767706531851061263270527508363808559469641900679055204385120949512835559731615214552862120444696753685418083025252720365797213122517126492975582255347004941983197164724513383656930383866091012072708185097169676771810228590152706669003725792633571385997372234953371065020612542293903077335653525115977808680836263146590981079247887221858904364226385962137872772723941049106778755214247914812345636028716662249110262965472888773267439579317891921782317918423933114006534814467374270728062147436904069677031281850266008000171897149092232155561665112184172027458388976083708407338858789206156680132195260960727802790084035302902635810548227352326918892626768096980427231216145375505866079416950327694622000464122043938152802476393805881981041152882079708912625313449294944955385648186314531079474561258524752764052717326338193355789322337853666847393664902807746029827899074462797846264455496436928945922431557197351701864449641918576941927023783290958101995967714847577744060734146840694414781040578677889105244664885873196988762332251046102643520420205198747275484032601762191293569346700895161875470330647534391203484723879051912966118847435183550900722111444913	-2,3,3,3,3,3,3,3,3,3,3,3	4,-4,-4,-4,-4,-4,-4,3,3,3,3,3	ok
-0.238238	12.552553	-55.526160	0.471765	continued:5	24739664234858138982047535273920704865888201889876711837493816699690678265963591165069870505023217046633362579621148489165328977987949899797415602900085081435628786567950676391780949633448253616219680559998014214784634910618447122667639804607217055610037222276897125660535867393387520758988742191975475097134159821776175469287214857624750265388130867415580412873925910271279382629434282479656095907178473638142326186864698341018602123575843883404208311798618679388046194707946385968872279636660172423920762823771748609336176990325713506490614247467311351878471253089939596514261196666267475682898635077588364628629417296554229734815495315011752337585393015754405944996164827318009845582551593321289722257247006063686910061456841431892563940020873466746931070957111770150069590359792388197563206227771911411885143855184505614961998508226343153531223089971459935049708039359327667779120430067461929055441744031224422705223831560005091108633317128720548165517033711719448300771525660964913525817712220131912105082815080054605883136048554894173783193438041716508681297001277350562437894851607688119124032266056066591963623197071229719772200831481260746898621517899928612391918713268983151048632780119662964562615224955272082232516573860219624391388797525158568803965619851582959715126493444163214025385010484222679075733538541254336938677519858320577213126261082222107876703634988014443799459723042466865939807313462170098621510273802110074477200727790710189239796434724232268265168771327876208855251384560129805973155186008944787466690145813994448741828958685398242399644411740283504376021102246139806369606510408492840549451469396517122961183841277506170313763723572234427437236681374721304794358903114096136891133303545792185964095132388517154996467307401461623006192877589030302012077625091035466697406080506762771704815522350350242449968214220019584208434318914148100359158909679143753029398694920492804349553854965529569693457265246243878651194015319923783237068738696511787191450682232621481336789660422996610379069409921474899407696853444936065024933934485679589861499939814189140782388654260075696454421684651979624554066992826512688381456690865842009375581685321384904219623644446996167623623702794595196333711331969000714989476935040045706939151824415849649248600765204089570503279736809339261698814688659615461932316553762144963996566198596914621200952058301145179750011252431412752172391	24739664234858139289596792776213395126048089560964325860575729835583842533848297593721721016960133864586270478784566007837923738431102728632493488653686206422427517659865711750940728149273086021245543535037838973580791205998559559705146231073926853464589222083804255555246497856881480415382797028869947515409102466362624308138158295291171590499716827763074129642966611568980216950264829324577223314767622193926428361795673887835629956332562297465397279725893986435790621308317269268856881805654365465396459180361810212552392995264852193433280433258188779211896433656912690564002557543250673156421667764668236781952850982629778814217384438800569104873914151225457969126655952227400981393524039718258600500038035726455070068944432622142862524152684687123594860595765059200459981272529406516243425962957012576867490658726986026722180698217312788933354193995408757039115876907513670085001165669118485616264261888736175570565920805527055528071932177850674296160319879959605667945565690721172572749561424617027837407176906531354804980365442446343891397651704871647118327773450016445278339898989384299592794511445998991916998045003607230690602303876149209851274958049158657286619350298225360207043927020857827462682077120984104025380130222960767706531851061263270527508363808559469641900679055204385120949512835559731615214552862120444696753685418083025252720365797213122517126492975582255347004941983197164724513383656930383866091012072708185097169676771810228590152706669003725792633571385997372234953371065020612542293903077335653525115977808680836263146590981079247887221858904364226385962137872772723941049106778755214247914812345636028716662249110262965472888773267439579317891921782317918423933114006534814467374270728062147436904069677031281850266008000171897149092232155561665112184172027458388976083708407338858789206156680132195260960727802790084035302902635810548227352326918892626768096980427231216145375505866079416950327694622000464122043938152802476393805881981041152882079708912625313449294944955385648186314531079474561258524752764052717326338193355789322337853666847393664902807746029827899074462797846264455496436928945922431557197351701864449641918576941927023783290958101995967714847577744060734146840694414781040578677889105244664885873196988762332251046102643520420205198747275484032601762191293569346700895161875470330647534391203484723879051912966118847435183550900722111444913	2,3,3,3,3,3,3,3,3,3,3,3	4,-4,-4,-4,-4,-4,-4,3,3,3,3,3	ok
-0.234234	12.552553	-56.181163	0.474558	continued:5	24739664234858138982047535273920704865888201889876711837493816699690678265963591165069870505023217046633362579621148489165328977987949899797415602900085081435628786567950676391780949633448253616219680559998014214784634910618447122667639804607217055610037222276897125660535867393387520758988742191975475097134159821776175469287214857624750265388130867415580412873925910271279382629434282479656095907178473638142326186864698341018602123575843883404208311798618679388046194707946385968872279636660172423920762823771748609336176990325713506490614247467311351878471253089939596514261196666267475682898635077588364628629417296554229734815495315011752337585393015754405944996164827318009845582551593321289722257247006063686910061456841431892563940020873466746931070957111770150069590359792388197563206227771911411885143855184505614961998508226343153531223089971459935049708039359327667779120430067461929055441744031224422705223831560005091108633317128720548165517033711719448300771525660964913525817712220131912105082815080054605883136048554894173783193438041716508681297001277350562437894851607688119124032266056066591963623197071229719772200831481260746898621517899928612391918713268983151048632780119655930408190582553524627904057071942769938736862457235924274975877692875969260912825240440176312796169883715527296420812911085368231803397367822990876417832371726944474641149344806282859835563177758758315140869621665338558538229319788140992642348683078964438303205169238089677606281386970253341769254691973676747054001600056884371509167578247128910554017708455798400339763929792299326278161913247735847547901720607853014273297061169415154483166033077865097453650461838107532682052642437808745312631797604500447563344035980600655360681484274936965759099895773785743476559627847035998495623947412514142251410657373695628596507787826274803330499930271551011927848963095389998115464084361772602196582573023653623911344037727364227195594183603523434780747077500441651045950433605054450968920210102886398197382751252220063486096686194630712738899496659850907030285511459146924946136142303252814811401903979278425790228571196558652325907826618637862596663393079577711958009484587139118727133603578984775841831059511392904829664132579075616389269418347099007484820626482853352165533173315748528323140233506000037753936239379980930850327518548701251621213257545847129540580490183656973082502121819713680447958	24739664234858139289596792776213395126048089560964325860575729835583842533848297593721721016960133864586270478784566007837923738431102728632493488653686206422427517659865711750940728149273086021245543535037838973580791205998559559705146231073926853464589222083804255555246497856881480415382797028869947515409102466362624308138158295291171590499716827763074129642966611568980216950264829324577223314767622193926428361795673887835629956332562297465397279725893986435790621308317269268856881805654365465396459180361810212552392995264852193433280433258188779211896433656912690564002557543250673156421667764668236781952850982629778814217384438800569104873914151225457969126655952227400981393524039718258600500038035726455070068944432622142862524152684687123594860595765059200459981272529406516243425962957012576867490658726986026722180698217312788933354193995408757039115876907513670085001165669118485616264261888736175570565920805527055528071932177850674296160319879959605667945565690721172572749561424617027837407176906531354804980365442446343891397651704871647118327773450016445278339898989384299592794511445998991916998045003607230690602303876149209851274958049158657286619350298225360207043927020857827462682077120984104025380130222960767706531851061263270527508363808559469641900679055204385120949512835559731615214552862120444696753685418083025252720365797213122517126492975582255347004941983197164724513383656930383866091012072708185097169676771810228590152706669003725792633571385997372234953371065020612542293903077335653525115977808680836263146590981079247887221858904364226385962137872772723941049106778755214247914812345636028716662249110262965472888773267439579317891921782317918423933114006534814467374270728062147436904069677031281850266008000171897149092232155561665112184172027458388976083708407338858789206156680132195260960727802790084035302902635810548227352326918892626768096980427231216145375505866079416950327694622000464122043938152802476393805881981041152882079708912625313449294944955385648186314531079474561258524752764052717326338193355789322337853666847393664902807746029827899074462797846264455496436928945922431557197351701864449641918576941927023783290958101995967714847577744060734146840694414781040578677889105244664885873196988762332251046102643520420205198747275484032601762191293569346700895161875470330647534391203484723879051912966118847435183550900722111444913	-2,3,3,3,3,3,3,3,3,3,3,3	4,-4,-4,-4,-4,-4,-4,3,3,3,3,3	ok
-0.230230	12.552553	-56.632863	0.477351	continued:5	24739664234858138982047535273920704865888201889876711837493816699690678265963591165069870505023217046633362579621148489165328977987949899797415602900085081435628786567950676391780949633448253616219680559998014214784634910618447122667639804607217055610037222276897125660535867393387520758988742191975475097134159821776175469287214857624750265388130867415580412873925910271279382629434282479656095907178473638142326186864698341018602123575843883404208311798618679388046194707946385968872279636660172423920762823771748609336176990325713506490614247467311351878471253089939596514261196666267475682898635077588364628629417296554229734815495315011752337585393015754405944996164827318009845582551593321289722257247006063686910061456841431892563940020873466746931070957111770150069590359792388197563206227771911411885143855184505614961998508226343153531223089971459935049708039359327667779120430067461929055441744031224422705223831560005091108633317128720548165517033711719448300771525660964913525817712220131912105082815080054605883136048554894173783193438041716508681297001277350562437894851607688119124032266056066591963623197071229719772200831481260746898621517899928612391918713268983151048632780119648896253765940151777173575597570025320253082336116946689981147789765900355562110523987436189411566954756946831913765892283629482126668117215787661175622538482371666841405595054624551275871666632475049764341931929868507018454948365774171910807496638367218687366613903751947086947394002612630474683257999387223688134848014104823955551645010680263372366206458226198558279883447844315148180302724249331888726196930807213187997142652942313186005148224878224024593537200103980637926868603500896185830904692094904758235554768415409124757267836161356776521732484146109863946926378105041694979170269733992817805415234240628485488200053302199364211031646323082439647263607276631895871769259044401451363766451126814443473134220489198884697731101960802990910300139680959518854832128513597114746389737973151315057975842081443516593123962467786526070102139874765749035637088432614260030772344792316488840415153698481155126035457741137680097748660410763036811870095293313414540437283852893333234643562710973384060038416228190613325616933189150517789061901654152308030489428549857055082465581427407486143000730202660813809057790100346399768338483335257539245860316494779637880208922066168766414992991208014608723526	24739664234858139289596792776213395126048089560964325860575729835583842533848297593721721016960133864586270478784566007837923738431102728632493488653686206422427517659865711750940728149273086021245543535037838973580791205998559559705146231073926853464589222083804255555246497856881480415382797028869947515409102466362624308138158295291171590499716827763074129642966611568980216950264829324577223314767622193926428361795673887835629956332562297465397279725893986435790621308317269268856881805654365465396459180361810212552392995264852193433280433258188779211896433656912690564002557543250673156421667764668236781952850982629778814217384438800569104873914151225457969126655952227400981393524039718258600500038035726455070068944432622142862524152684687123594860595765059200459981272529406516243425962957012576867490658726986026722180698217312788933354193995408757039115876907513670085001165669118485616264261888736175570565920805527055528071932177850674296160319879959605667945565690721172572749561424617027837407176906531354804980365442446343891397651704871647118327773450016445278339898989384299592794511445998991916998045003607230690602303876149209851274958049158657286619350298225360207043927020857827462682077120984104025380130222960767706531851061263270527508363808559469641900679055204385120949512835559731615214552862120444696753685418083025252720365797213122517126492975582255347004941983197164724513383656930383866091012072708185097169676771810228590152706669003725792633571385997372234953371065020612542293903077335653525115977808680836263146590981079247887221858904364226385962137872772723941049106778755214247914812345636028716662249110262965472888773267439579317891921782317918423933114006534814467374270728062147436904069677031281850266008000171897149092232155561665112184172027458388976083708407338858789206156680132195260960727802790084035302902635810548227352326918892626768096980427231216145375505866079416950327694622000464122043938152802476393805881981041152882079708912625313449294944955385648186314531079474561258524752764052717326338193355789322337853666847393664902807746029827899074462797846264455496436928945922431557197351701864449641918576941927023783290958101995967714847577744060734146840694414781040578677889105244664885873196988762332251046102643520420205198747275484032601762191293569346700895161875470330647534391203484723879051912966118847435183550900722111444913	1,3,3,3,3,3,3,3,3,3,3,3	4,-4,-4,-4,-4,-4,-4,3,3,3,3,3	ok
-0.226226	12.552553	-56.951406	0.476977	full	24739664234858138982047535273920704865888201889876711837493816699690678265963591165069870505023217046633362579621148489165328977987949899797415602900085081435628786567950676391780949633448253616219680559998014214784634910618447122667639804607217055610037222276897125660535867393387520758988742191975475097134159821776175469287214857624750265388130867415580412873925910271279382629434282479656095907178473638142326186864698341018602123575843883404208311798618679388046194707946385968872279636660172423920762823771748609336176990325713506490614247467311351878471253089939596514261196666267475682898635077588364628629417296554229734815495315011752337585393015754405944996164827318009845582551593321289722257247006063686910061456841431892563940020873466746931070957111770150069590359792388197563206227771911411885143855184505614961998508226343153531223089971459935049708039359327667779120430067461929055441744031224422705223831560005091108633317128720548165517033711719448300771525660964913525817712220131912105082815080054605883136048554894173783193438041716508681297001277350562437894851607688119124032266056066591963623197071229719772200831481260746898621517899928612391918713268983151048632780119648896253765940151777173575597570025320253082336116946689981147789765900355562110523987436189411566954756946831913765892283629482126668117215787661175622538482371666841405595054624551275871666632475049764341931929868507018454948365774171910807496638367218687366613903751947086947394002612630474683257999387223688134848014104823955551645010680263372366206458226198558279883447844315148180302724249331888726196930807213187997142652942313186005148224878224024593537200103980637926868603500896185830904692094904758235554768415409124757267836161356776521732484146109863946926378105041694979170269733992817805415234240628485488200053302199364211031646323082439647263607276631895871769259044401451363766451126814443473134220489198884697731101960802990910300139680959518854832128513597114746389737973151315057975842081443516593123962467786526070102139874765749035637088432614260030772344792316488840415153698481155126035457741137680097748660410763036811870095293313414540437283852893333234643562710973384060038416228190613325616933189150517789061901654152308030489428549857055082465581427407486143000730202660813809057790100346399768338483335257539245860316494779637880208922066168766414992991208014608723526	24739664234858139289596792776213395126048089560964325860575729835583842533848297593721721016960133864586270478784566007837923738431102728632493488653686206422427517659865711750940728149273086021245543535037838973580791205998559559705146231073926853464589222083804255555246497856881480415382797028869947515409102466362624308138158295291171590499716827763074129642966611568980216950264829324577223314767622193926428361795673887835629956332562297465397279725893986435790621308317269268856881805654365465396459180361810212552392995264852193433280433258188779211896433656912690564002557543250673156421667764668236781952850982629778814217384438800569104873914151225457969126655952227400981393524039718258600500038035726455070068944432622142862524152684687123594860595765059200459981272529406516243425962957012576867490658726986026722180698217312788933354193995408757039115876907513670085001165669118485616264261888736175570565920805527055528071932177850674296160319879959605667945565690721172572749561424617027837407176906531354804980365442446343891397651704871647118327773450016445278339898989384299592794511445998991916998045003607230690602303876149209851274958049158657286619350298225360207043927020857827462682077120984104025380130222960767706531851061263270527508363808559469641900679055204385120949512835559731615214552862120444696753685418083025252720365797213122517126492975582255347004941983197164724513383656930383866091012072708185097169676771810228590152706669003725792633571385997372234953371065020612542293903077335653525115977808680836263146590981079247887221858904364226385962137872772723941049106778755214247914812345636028716662249110262965472888773267439579317891921782317918423933114006534814467374270728062147436904069677031281850266008000171897149092232155561665112184172027458388976083708407338858789206156680132195260960727802790084035302902635810548227352326918892626768096980427231216145375505866079416950327694622000464122043938152802476393805881981041152882079708912625313449294944955385648186314531079474561258524752764052717326338193355789322337853666847393664902807746029827899074462797846264455496436928945922431557197351701864449641918576941927023783290958101995967714847577744060734146840694414781040578677889105244664885873196988762332251046102643520420205198747275484032601762191293569346700895161875470330647534391203484723879051912966118847435183550900722111444913	1,3,3,3,3,3,3,3,3,3,3,3	4,-4,-4,-4,-4,-4,-4,3,3,3,3,3	ok
-0.222222	12.552553	-46.942342	0.464085	continued:5	24739665630500802138610170887519272966771298454457124053431325632156904049064895741755490753422315552977895520720975891498656739086660502486951720874535930777038264079654486696806199080647084522983917136963884370348990004143791410489326516430000194438660880919820488766925303365962093933959575081920131962673523344969600533381766340980003792586369026711412116154803807367520822296384209539557816686263434516742684038799495085817087117773251057547921602984121848061476616270441885331717510898936313762203919152925879417627701717527935659433861129698733565802577206541266825715457828956776037319737138271803306595366129436121485948293762460593964625354580159242309738948400273313934907150446568543458827655570219767133649679741594302510605733077647524871262059050938829527622716655327741932897805780443015242482143436375713155149685889999615249058494382500934285056057517312062669419785173078243587534805526887714760598541358140482114471305453850744723252729733937992133004013302413276538178094140628643128347042162826623357813773406541335032232691214937391196292853585674761821225512469775314111548594094991602440046573019905356059332540165516711451434594826806615851220565279219123622984888807341189785547458533292314406510882156581844213733673303988102544926104505054085853001768673401187377897172077105748488120667323552420315608473401325434671469156763532422312654394294500286767053813829358136494434320159259337866098177720981157196218736105005050011101346638676101353574973673412059140741552933816318122387160365484151283238716991181631366618252962718142926872075967896939646229804071870951010170617275504923414163443171433457849364347882802582634199797651769357667482533688448555728211990076949338062582710630172020007947671221102073045883100774658374850140363607356756138033910514100479975184414114804123577275199205706194510562559771423370586763893886764139015685738925476473831031184647958268693849091805324335159788093055601303023067075504918711229721656789587097563826255902282096905295213641827919172066605311241667240326424949277630066797371812163165912271582321005720813696787351664127619890021388206149049290395989104686698033066654152467977205719783108787077996519271992011077686932314698926377829011335308799335324177168152565310021331880015069464539080022893521788323573885213894625842764068217159830458739740503496771682933418931471522702876891996590330176904469374465768403238	24739664234858139289596792776213395126048089560964325860575729835583842533848297593721721016960133864586270478784566007837923738431102728632493488653686206422427517659865711750940728149273086021245543535037838973580791205998559559705146231073926853464589222083804255555246497856881480415382797028869947515409102466362624308138158295291171590499716827763074129642966611568980216950264829324577223314767622193926428361795673887835629956332562297465397279725893986435790621308317269268856881805654365465396459180361810212552392995264852193433280433258188779211896433656912690564002557543250673156421667764668236781952850982629778814217384438800569104873914151225457969126655952227400981393524039718258600500038035726455070068944432622142862524152684687123594860595765059200459981272529406516243425962957012576867490658726986026722180698217312788933354193995408757039115876907513670085001165669118485616264261888736175570565920805527055528071932177850674296160319879959605667945565690721172572749561424617027837407176906531354804980365442446343891397651704871647118327773450016445278339898989384299592794511445998991916998045003607230690602303876149209851274958049158657286619350298225360207043927020857827462682077120984104025380130222960767706531851061263270527508363808559469641900679055204385120949512835559731615214552862120444696753685418083025252720365797213122517126492975582255347004941983197164724513383656930383866091012072708185097169676771810228590152706669003725792633571385997372234953371065020612542293903077335653525115977808680836263146590981079247887221858904364226385962137872772723941049106778755214247914812345636028716662249110262965472888773267439579317891921782317918423933114006534814467374270728062147436904069677031281850266008000171897149092232155561665112184172027458388976083708407338858789206156680132195260960727802790084035302902635810548227352326918892626768096980427231216145375505866079416950327694622000464122043938152802476393805881981041152882079708912625313449294944955385648186314531079474561258524752764052717326338193355789322337853666847393664902807746029827899074462797846264455496436928945922431557197351701864449641918576941927023783290958101995967714847577744060734146840694414781040578677889105244664885873196988762332251046102643520420205198747275484032601762191293569346700895161875470330647534391203484723879051912966118847435183550900722111444913	-2,4,-4,-4,-4,-4,-4,-4,3,3,3,3	4,-4,-4,-4,-4,-4,-4,3,3,3,3,3	ok
-0.218218	12.552553	-50.590864	0.466878	continued:5	24739665630500802138610170887519272966771298454457124053431325632156904049064895741755490753422315552977895520720975891498656739086660502486951720874535930777038264079654486696806199080647084522983917136963884370348990004143791410489326516430000194438660880919820488766925303365962093933959575081920131962673523344969600533381766340980003792586369026711412116154803807367520822296384209539557816686263434516742684038799495085817087117773251057547921602984121848061476616270441885331717510898936313762203919152925879417627701717527935659433861129698733565802577206541266825715457828956776037319737138271803306595366129436121485948293762460593964625354580159242309738948400273313934907150446568543458827655570219767133649679741594302510605733077647524871262059050938829527622716655327741932897805780443015242482143436375713155149685889999615249058494382500934285056057517312062669419785173078243587534805526887714760598541358140482114471305453850744723252729733937992133004013302413276538178094140628643128347042162826623357813773406541335032232691214937391196292853585674761821225512469775314111548594094991602440046573019905356059332540165516711451434594826806615851220565279219123622984888807341196819702081585134517720674094359976630066420028550863648524670793910003600244410568026694903199620296968035534637913128076736978547879052676701828095292261628016369265578382671055089657568291144611810877139675040528782616995417685475766860865196512976781842565414525078712325634549277669281780164023207845883043241548215043032328810097355683964653021993161482815954065021400237570285988513992866108747544180151542117890978957942250353387561918308416937489116481531789031006286003950728393754540218711845110522928389034673006600864676112741337475234655629709407924215470395273676246824048154295045594617186561085224078274006799211800499594913941542193551379577041159583550516917775584436693268698262799302296314610181344473677674585975354249605950560409318867474852750301978876371895521854053306556986458488154743072553339123567324775050248293116916822278935024248027985057189385403082583400311003043479420265959726680301037667033331132778772721437242174564518085902441822262815726605749277033671363317860340185767503241508480530355431227309299217540180280657986952602142268792053210068313554868192162978513407930049920549995447133681709976477895481619832964373409122468037810299431438061240853766324	24739664234858139289596792776213395126048089560964325860575729835583842533848297593721721016960133864586270478784566007837923738431102728632493488653686206422427517659865711750940728149273086021245543535037838973580791205998559559705146231073926853464589222083804255555246497856881480415382797028869947515409102466362624308138158295291171590499716827763074129642966611568980216950264829324577223314767622193926428361795673887835629956332562297465397279725893986435790621308317269268856881805654365465396459180361810212552392995264852193433280433258188779211896433656912690564002557543250673156421667764668236781952850982629778814217384438800569104873914151225457969126655952227400981393524039718258600500038035726455070068944432622142862524152684687123594860595765059200459981272529406516243425962957012576867490658726986026722180698217312788933354193995408757039115876907513670085001165669118485616264261888736175570565920805527055528071932177850674296160319879959605667945565690721172572749561424617027837407176906531354804980365442446343891397651704871647118327773450016445278339898989384299592794511445998991916998045003607230690602303876149209851274958049158657286619350298225360207043927020857827462682077120984104025380130222960767706531851061263270527508363808559469641900679055204385120949512835559731615214552862120444696753685418083025252720365797213122517126492975582255347004941983197164724513383656930383866091012072708185097169676771810228590152706669003725792633571385997372234953371065020612542293903077335653525115977808680836263146590981079247887221858904364226385962137872772723941049106778755214247914812345636028716662249110262965472888773267439579317891921782317918423933114006534814467374270728062147436904069677031281850266008000171897149092232155561665112184172027458388976083708407338858789206156680132195260960727802790084035302902635810548227352326918892626768096980427231216145375505866079416950327694622000464122043938152802476393805881981041152882079708912625313449294944955385648186314531079474561258524752764052717326338193355789322337853666847393664902807746029827899074462797846264455496436928945922431557197351701864449641918576941927023783290958101995967714847577744060734146840694414781040578677889105244664885873196988762332251046102643520420205198747275484032601762191293569346700895161875470330647534391203484723879051912966118847435183550900722111444913	2,4,-4,-4,-4,-4,-4,-4,3,3,3,3	4,-4,-4,-4,-4,-4,-4,3,3,3,3,3	ok
-0.214214	12.552553	-53.000928	0.464547	continued:5	24739664234858139289596792776213395126048089560964325860575729835583842533848297593721721016960133864586270478784566007837923738431102728632493488653686206422427517659865711750940728149273086021245543535037838973580791205998559559705146231073926853464589222083804255555246497856881480415382797028869947515409102466362624308138158295291171590499716827763074129642966611568980216950264829324577223314767622193926428361795673887835629956332562297465397279725893986435790621308317269268856881805654365465396459180361810212552392995264852193433280433258188779211896433656912690564002557543250673156421667764668236781952850982629778814217384438800569104873914151225457969126655952227400981393524039718258600500038035726455070068944432622142862524152684687123594860595765059200459981272529406516243425962957012576867490658726986026722180698217312788933354193995408757039115876907513670085001165669118485616264261888736175570565920805527055528071932177850674296160319879959605667945565690721172572749561424617027837407176906531354804980365442446343891397651704871647118327773450016445278339898989384299592794511445998991916998045003607230690602303876149209851274958049158657286619350298225360207043927020822656690558865112028220991481043947531370659743507177536490218012837061331315065234825459380806121497944163399237560632753334957305216904936348483210648510454863946502104557632705872606436136498907621235435545805674659937522261212524224275278395860192957742037844074358851366758343126131545998792983950175834595644151756311440430192162012035635165842104658849459874274599198302562357834678860100187370151404608616323548216907085553017696397910538011895287056063410163816689944661201848732230727875618861564647795728246588936577935996202241947139795354148132472714850190905040162934588847442588642658410708882650109470869917531185214098984068791294726548172245111464055969639909924881639055554748414860071490472116748225096473529435074700967894548277516081945939647109032115843984082649281917530959703259533793278825778839098891622587708424953622707337513620209201021101233118284611481380610587123819877802031092151751461460542930588186114302249625469392614063980041687478686014840284002314316281547373039295722930301217299936098470445243285041285354728786201045458349860322239159361231059923043500744895759932719430697665990664950087666093655596390170340705500771854759006622676998677704530530277338	24739664234858139289596792776213395126048089560964325860575729835583842533848297593721721016960133864586270478784566007837923738431102728632493488653686206422427517659865711750940728149273086021245543535037838973580791205998559559705146231073926853464589222083804255555246497856881480415382797028869947515409102466362624308138158295291171590499716827763074129642966611568980216950264829324577223314767622193926428361795673887835629956332562297465397279725893986435790621308317269268856881805654365465396459180361810212552392995264852193433280433258188779211896433656912690564002557543250673156421667764668236781952850982629778814217384438800569104873914151225457969126655952227400981393524039718258600500038035726455070068944432622142862524152684687123594860595765059200459981272529406516243425962957012576867490658726986026722180698217312788933354193995408757039115876907513670085001165669118485616264261888736175570565920805527055528071932177850674296160319879959605667945565690721172572749561424617027837407176906531354804980365442446343891397651704871647118327773450016445278339898989384299592794511445998991916998045003607230690602303876149209851274958049158657286619350298225360207043927020857827462682077120984104025380130222960767706531851061263270527508363808559469641900679055204385120949512835559731615214552862120444696753685418083025252720365797213122517126492975582255347004941983197164724513383656930383866091012072708185097169676771810228590152706669003725792633571385997372234953371065020612542293903077335653525115977808680836263146590981079247887221858904364226385962137872772723941049106778755214247914812345636028716662249110262965472888773267439579317891921782317918423933114006534814467374270728062147436904069677031281850266008000171897149092232155561665112184172027458388976083708407338858789206156680132195260960727802790084035302902635810548227352326918892626768096980427231216145375505866079416950327694622000464122043938152802476393805881981041152882079708912625313449294944955385648186314531079474561258524752764052717326338193355789322337853666847393664902807746029827899074462797846264455496436928945922431557197351701864449641918576941927023783290958101995967714847577744060734146840694414781040578677889105244664885873196988762332251046102643520420205198747275484032601762191293569346700895161875470330647534391203484723879051912966118847435183550900722111444913	-2,-4,-4,-4,-4,-4,-4,3,3,3,3,3	4,-4,-4,-4,-4,-4,-4,3,3,3,3,3	ok
-0.210210	12.552553	-54.621324	0.467340	continued:5	24739664234858138982047535273920704865888201889876711837493816699690678265963591165069870505023217046633362579621148489165328977987949899797415602900085081435628786567950676391780949633448253616219680559998014214784634910618447122667639804607217055610037222276897125660535867393387520758988742191975475097134159821776175469287214857624750265388130867415580412873925910271279382629434282479656095907178473638142326186864698341018602123575843883404208311798618679388046194707946385968872279636660172423920762823771748609336176990325713506490614247467311351878471253089939596514261196666267475682898635077588364628629417296554229734815495315011752337585393015754405944996164827318009845582551593321289722257247006063686910061456841431892563940020873466746931070957111770150069590359792388197563206227771911411885143855184505614961998508226343153531223089971459935049708039359327667779120430067461929055441744031224422705223831560005091108633317128720548165517033711719448300771525660964913525817712220131912105082815080054605883136048554894173783193438041716508681297001277350562437894851607688119124032266056066591963623197071229719772200831481260746898621517899928612391918713268983151048632780119648896253765940151777173575597570025320253082336116946689981147789765900355562110523987436189411566954756946831913765892283629482126668117215787661175622538482371666841405595054624551275871666632475049764341931929868507018454948365774171910807496638367218687366613903751947086947394002612630474683257999387223688134848014104823955551645010680263372366206458226198558279883447844315148180302724249331888726196930807213187997142652942313186005148224878224024593537200103980637926868603500896185830904692094904758235554768415409124757267836161356776521732484146109863946926378105041694979170269733992817805415234240628485488200053302199364211031646323082439647263607276631895871769259044401451363766451126814443473134220489198884697731101960802990910300139680959518854832128513597114746389737973151315057975842081443516593123962467786526070102139874765749035637088432614260030772344792316488840415153698481155126035457741137680097748660410763036811870095293313414540437283852893333234643562710973384060038416228190613325616933189150517789061901654152308030489428549857055082465581427407486143000730202660813809057790100346399768338483335257539245860316494779637880208922066168766414992991208014608723526	24739664234858139289596792776213395126048089560964325860575729835583842533848297593721721016960133864586270478784566007837923738431102728632493488653686206422427517659865711750940728149273086021245543535037838973580791205998559559705146231073926853464589222083804255555246497856881480415382797028869947515409102466362624308138158295291171590499716827763074129642966611568980216950264829324577223314767622193926428361795673887835629956332562297465397279725893986435790621308317269268856881805654365465396459180361810212552392995264852193433280433258188779211896433656912690564002557543250673156421667764668236781952850982629778814217384438800569104873914151225457969126655952227400981393524039718258600500038035726455070068944432622142862524152684687123594860595765059200459981272529406516243425962957012576867490658726986026722180698217312788933354193995408757039115876907513670085001165669118485616264261888736175570565920805527055528071932177850674296160319879959605667945565690721172572749561424617027837407176906531354804980365442446343891397651704871647118327773450016445278339898989384299592794511445998991916998045003607230690602303876149209851274958049158657286619350298225360207043927020857827462682077120984104025380130222960767706531851061263270527508363808559469641900679055204385120949512835559731615214552862120444696753685418083025252720365797213122517126492975582255347004941983197164724513383656930383866091012072708185097169676771810228590152706669003725792633571385997372234953371065020612542293903077335653525115977808680836263146590981079247887221858904364226385962137872772723941049106778755214247914812345636028716662249110262965472888773267439579317891921782317918423933114006534814467374270728062147436904069677031281850266008000171897149092232155561665112184172027458388976083708407338858789206156680132195260960727802790084035302902635810548227352326918892626768096980427231216145375505866079416950327694622000464122043938152802476393805881981041152882079708912625313449294944955385648186314531079474561258524752764052717326338193355789322337853666847393664902807746029827899074462797846264455496436928945922431557197351701864449641918576941927023783290958101995967714847577744060734146840694414781040578677889105244664885873196988762332251046102643520420205198747275484032601762191293569346700895161875470330647534391203484723879051912966118847435183550900722111444913	1,3,3,3,3,3,3,3,3,3,3,3	4,-4,-4,-4,-4,-4,-4,3,3,3,3,3	ok
-0.206206	12.552553	-55.587964	0.468924	continued:5	24739664234858138982047535273920704865888201889876711837493816699690678265963591165069870505023217046633362579621148489165328977987949899797415602900085081435628786567950676391780949633448253616219680559998014214784634910618447122667639804607217055610037222276897125660535867393387520758988742191975475097134159821776175469287214857624750265388130867415580412873925910271279382629434282479656095907178473638142326186864698341018602123575843883404208311798618679388046194707946385968872279636660172423920762823771748609336176990325713506490614247467311351878471253089939596514261196666267475682898635077588364628629417296554229734815495315011752337585393015754405944996164827318009845582551593321289722257247006063686910061456841431892563940020873466746931070957111770150069590359792388197563206227771911411885143855184505614961998508226343153531223089971459935049708039359327667779120430067461929055441744031224422705223831560005091108633317128720548165517033711719448300771525660964913525817712220131912105082815080054605883136048554894173783193438041716508681297001277350562437894851607688119124032266056066591963623197071229719772200831481260746898621517899928612391918713268983151048632780119662964562615224955272082232516573860219624391388797525158568803965619851582959715126493444163214025385010484222679075733538541254336938677519858320577213126261082222107876703634988014443799459723042466865939807313462170098621510273802110074477200727790710189239796434724232268265168771327876208855251384560129805973155186008944787466690145813994448741828958685398242399644411740283504376021102246139806369606510408492840549451469396517122961183841277506170313763723572234427437236681374721304794358903114096136891133303545792185964095132388517154996467307401461623006192877589030302012077625091035466697406080506762771704815522350350242449968214220019584208434318914148100359158909679143753029398694920492804349553854965529569693457265246243878651194015319923783237068738696511787191450682232621481336789660422996610379069409921474899407696853444936065024933934485679589861499939814189140782388654260075696454421684651979624554066992826512688381456690865842009375581685321384904219623644446996167623623702794595196333711331969000714989476935040045706939151824415849649248600765204089570503279736809339261698814688659615461932316553762144963996566198596914621200952058301145179750011252431412752172391	24739664234858139289596792776213395126048089560964325860575729835583842533848297593721721016960133864586270478784566007837923738431102728632493488653686206422427517659865711750940728149273086021245543535037838973580791205998559559705146231073926853464589222083804255555246497856881480415382797028869947515409102466362624308138158295291171590499716827763074129642966611568980216950264829324577223314767622193926428361795673887835629956332562297465397279725893986435790621308317269268856881805654365465396459180361810212552392995264852193433280433258188779211896433656912690564002557543250673156421667764668236781952850982629778814217384438800569104873914151225457969126655952227400981393524039718258600500038035726455070068944432622142862524152684687123594860595765059200459981272529406516243425962957012576867490658726986026722180698217312788933354193995408757039115876907513670085001165669118485616264261888736175570565920805527055528071932177850674296160319879959605667945565690721172572749561424617027837407176906531354804980365442446343891397651704871647118327773450016445278339898989384299592794511445998991916998045003607230690602303876149209851274958049158657286619350298225360207043927020857827462682077120984104025380130222960767706531851061263270527508363808559469641900679055204385120949512835559731615214552862120444696753685418083025252720365797213122517126492975582255347004941983197164724513383656930383866091012072708185097169676771810228590152706669003725792633571385997372234953371065020612542293903077335653525115977808680836263146590981079247887221858904364226385962137872772723941049106778755214247914812345636028716662249110262965472888773267439579317891921782317918423933114006534814467374270728062147436904069677031281850266008000171897149092232155561665112184172027458388976083708407338858789206156680132195260960727802790084035302902635810548227352326918892626768096980427231216145375505866079416950327694622000464122043938152802476393805881981041152882079708912625313449294944955385648186314531079474561258524752764052717326338193355789322337853666847393664902807746029827899074462797846264455496436928945922431557197351701864449641918576941927023783290958101995967714847577744060734146840694414781040578677889105244664885873196988762332251046102643520420205198747275484032601762191293569346700895161875470330647534391203484723879051912966118847435183550900722111444913	2,3,3,3,3,3,3,3,3,3,3,3	4,-4,-4,-4,-4,-4,-4,3,3,3,3,3	ok
-0.202202	12.552553	-56.227064	0.471717	continued:5	24739664234858138982047535273920704865888201889876711837493816699690678265963591165069870505023217046633362579621148489165328977987949899797415602900085081435628786567950676391780949633448253616219680559998014214784634910618447122667639804607217055610037222276897125660535867393387520758988742191975475097134159821776175469287214857624750265388130867415580412873925910271279382629434282479656095907178473638142326186864698341018602123575843883404208311798618679388046194707946385968872279636660172423920762823771748609336176990325713506490614247467311351878471253089939596514261196666267475682898635077588364628629417296554229734815495315011752337585393015754405944996164827318009845582551593321289722257247006063686910061456841431892563940020873466746931070957111770150069590359792388197563206227771911411885143855184505614961998508226343153531223089971459935049708039359327667779120430067461929055441744031224422705223831560005091108633317128720548165517033711719448300771525660964913525817712220131912105082815080054605883136048554894173783193438041716508681297001277350562437894851607688119124032266056066591963623197071229719772200831481260746898621517899928612391918713268983151048632780119655930408190582553524627904057071942769938736862457235924274975877692875969260912825240440176312796169883715527296420812911085368231803397367822990876417832371726944474641149344806282859835563177758758315140869621665338558538229319788140992642348683078964438303205169238089677606281386970253341769254691973676747054001600056884371509167578247128910554017708455798400339763929792299326278161913247735847547901720607853014273297061169415154483166033077865097453650461838107532682052642437808745312631797604500447563344035980600655360681484274936965759099895773785743476559627847035998495623947412514142251410657373695628596507787826274803330499930271551011927848963095389998115464084361772602196582573023653623911344037727364227195594183603523434780747077500441651045950433605054450968920210102886398197382751252220063486096686194630712738899496659850907030285511459146924946136142303252814811401903979278425790228571196558652325907826618637862596663393079577711958009484587139118727133603578984775841831059511392904829664132579075616389269418347099007484820626482853352165533173315748528323140233506000037753936239379980930850327518548701251621213257545847129540580490183656973082502121819713680447958	24739664234858139289596792776213395126048089560964325860575729835583842533848297593721721016960133864586270478784566007837923738431102728632493488653686206422427517659865711750940728149273086021245543535037838973580791205998559559705146231073926853464589222083804255555246497856881480415382797028869947515409102466362624308138158295291171590499716827763074129642966611568980216950264829324577223314767622193926428361795673887835629956332562297465397279725893986435790621308317269268856881805654365465396459180361810212552392995264852193433280433258188779211896433656912690564002557543250673156421667764668236781952850982629778814217384438800569104873914151225457969126655952227400981393524039718258600500038035726455070068944432622142862524152684687123594860595765059200459981272529406516243425962957012576867490658726986026722180698217312788933354193995408757039115876907513670085001165669118485616264261888736175570565920805527055528071932177850674296160319879959605667945565690721172572749561424617027837407176906531354804980365442446343891397651704871647118327773450016445278339898989384299592794511445998991916998045003607230690602303876149209851274958049158657286619350298225360207043927020857827462682077120984104025380130222960767706531851061263270527508363808559469641900679055204385120949512835559731615214552862120444696753685418083025252720365797213122517126492975582255347004941983197164724513383656930383866091012072708185097169676771810228590152706669003725792633571385997372234953371065020612542293903077335653525115977808680836263146590981079247887221858904364226385962137872772723941049106778755214247914812345636028716662249110262965472888773267439579317891921782317918423933114006534814467374270728062147436904069677031281850266008000171897149092232155561665112184172027458388976083708407338858789206156680132195260960727802790084035302902635810548227352326918892626768096980427231216145375505866079416950327694622000464122043938152802476393805881981041152882079708912625313449294944955385648186314531079474561258524752764052717326338193355789322337853666847393664902807746029827899074462797846264455496436928945922431557197351701864449641918576941927023783290958101995967714847577744060734146840694414781040578677889105244664885873196988762332251046102643520420205198747275484032601762191293569346700895161875470330647534391203484723879051912966118847435183550900722111444913	-2,3,3,3,3,3,3,3,3,3,3,3	4,-4,-4,-4,-4,-4,-4,3,3,3,3,3	ok
-0.198198	12.552553	-56.668951	0.474510	continued:5	24739664234858138982047535273920704865888201889876711837493816699690678265963591165069870505023217046633362579621148489165328977987949899797415602900085081435628786567950676391780949633448253616219680559998014214784634910618447122667639804607217055610037222276897125660535867393387520758988742191975475097134159821776175469287214857624750265388130867415580412873925910271279382629434282479656095907178473638142326186864698341018602123575843883404208311798618679388046194707946385968872279636660172423920762823771748609336176990325713506490614247467311351878471253089939596514261196666267475682898635077588364628629417296554229734815495315011752337585393015754405944996164827318009845582551593321289722257247006063686910061456841431892563940020873466746931070957111770150069590359792388197563206227771911411885143855184505614961998508226343153531223089971459935049708039359327667779120430067461929055441744031224422705223831560005091108633317128720548165517033711719448300771525660964913525817712220131912105082815080054605883136048554894173783193438041716508681297001277350562437894851607688119124032266056066591963623197071229719772200831481260746898621517899928612391918713268983151048632780119648896253765940151777173575597570025320253082336116946689981147789765900355562110523987436189411566954756946831913765892283629482126668117215787661175622538482371666841405595054624551275871666632475049764341931929868507018454948365774171910807496638367218687366613903751947086947394002612630474683257999387223688134848014104823955551645010680263372366206458226198558279883447844315148180302724249331888726196930807213187997142652942313186005148224878224024593537200103980637926868603500896185830904692094904758235554768415409124757267836161356776521732484146109863946926378105041694979170269733992817805415234240628485488200053302199364211031646323082439647263607276631895871769259044401451363766451126814443473134220489198884697731101960802990910300139680959518854832128513597114746389737973151315057975842081443516593123962467786526070102139874765749035637088432614260030772344792316488840415153698481155126035457741137680097748660410763036811870095293313414540437283852893333234643562710973384060038416228190613325616933189150517789061901654152308030489428549857055082465581427407486143000730202660813809057790100346399768338483335257539245860316494779637880208922066168766414992991208014608723526	24739664234858139289596792776213395126048089560964325860575729835583842533848297593721721016960133864586270478784566007837923738431102728632493488653686206422427517659865711750940728149273086021245543535037838973580791205998559559705146231073926853464589222083804255555246497856881480415382797028869947515409102466362624308138158295291171590499716827763074129642966611568980216950264829324577223314767622193926428361795673887835629956332562297465397279725893986435790621308317269268856881805654365465396459180361810212552392995264852193433280433258188779211896433656912690564002557543250673156421667764668236781952850982629778814217384438800569104873914151225457969126655952227400981393524039718258600500038035726455070068944432622142862524152684687123594860595765059200459981272529406516243425962957012576867490658726986026722180698217312788933354193995408757039115876907513670085001165669118485616264261888736175570565920805527055528071932177850674296160319879959605667945565690721172572749561424617027837407176906531354804980365442446343891397651704871647118327773450016445278339898989384299592794511445998991916998045003607230690602303876149209851274958049158657286619350298225360207043927020857827462682077120984104025380130222960767706531851061263270527508363808559469641900679055204385120949512835559731615214552862120444696753685418083025252720365797213122517126492975582255347004941983197164724513383656930383866091012072708185097169676771810228590152706669003725792633571385997372234953371065020612542293903077335653525115977808680836263146590981079247887221858904364226385962137872772723941049106778755214247914812345636028716662249110262965472888773267439579317891921782317918423933114006534814467374270728062147436904069677031281850266008000171897149092232155561665112184172027458388976083708407338858789206156680132195260960727802790084035302902635810548227352326918892626768096980427231216145375505866079416950327694622000464122043938152802476393805881981041152882079708912625313449294944955385648186314531079474561258524752764052717326338193355789322337853666847393664902807746029827899074462797846264455496436928945922431557197351701864449641918576941927023783290958101995967714847577744060734146840694414781040578677889105244664885873196988762332251046102643520420205198747275484032601762191293569346700895161875470330647534391203484723879051912966118847435183550900722111444913	1,3,3,3,3,3,3,3,3,3,3,3	4,-4,-4,-4,-4,-4,-4,3,3,3,3,3	ok
-0.194194	12.552553	-56.980562	0.474137	full	24739664234858138982047535273920704865888201889876711837493816699690678265963591165069870505023217046633362579621148489165328977987949899797415602900085081435628786567950676391780949633448253616219680559998014214784634910618447122667639804607217055610037222276897125660535867393387520758988742191975475097134159821776175469287214857624750265388130867415580412873925910271279382629434282479656095907178473638142326186864698341018602123575843883404208311798618679388046194707946385968872279636660172423920762823771748609336176990325713506490614247467311351878471253089939596514261196666267475682898635077588364628629417296554229734815495315011752337585393015754405944996164827318009845582551593321289722257247006063686910061456841431892563940020873466746931070957111770150069590359792388197563206227771911411885143855184505614961998508226343153531223089971459935049708039359327667779120430067461929055441744031224422705223831560005091108633317128720548165517033711719448300771525660964913525817712220131912105082815080054605883136048554894173783193438041716508681297001277350562437894851607688119124032266056066591963623197071229719772200831481260746898621517899928612391918713268983151048632780119648896253765940151777173575597570025320253082336116946689981147789765900355562110523987436189411566954756946831913765892283629482126668117215787661175622538482371666841405595054624551275871666632475049764341931929868507018454948365774171910807496638367218687366613903751947086947394002612630474683257999387223688134848014104823955551645010680263372366206458226198558279883447844315148180302724249331888726196930807213187997142652942313186005148224878224024593537200103980637926868603500896185830904692094904758235554768415409124757267836161356776521732484146109863946926378105041694979170269733992817805415234240628485488200053302199364211031646323082439647263607276631895871769259044401451363766451126814443473134220489198884697731101960802990910300139680959518854832128513597114746389737973151315057975842081443516593123962467786526070102139874765749035637088432614260030772344792316488840415153698481155126035457741137680097748660410763036811870095293313414540437283852893333234643562710973384060038416228190613325616933189150517789061901654152308030489428549857055082465581427407486143000730202660813809057790100346399768338483335257539245860316494779637880208922066168766414992991208014608723526	24739664234858139289596792776213395126048089560964325860575729835583842533848297593721721016960133864586270478784566007837923738431102728632493488653686206422427517659865711750940728149273086021245543535037838973580791205998559559705146231073926853464589222083804255555246497856881480415382797028869947515409102466362624308138158295291171590499716827763074129642966611568980216950264829324577223314767622193926428361795673887835629956332562297465397279725893986435790621308317269268856881805654365465396459180361810212552392995264852193433280433258188779211896433656912690564002557543250673156421667764668236781952850982629778814217384438800569104873914151225457969126655952227400981393524039718258600500038035726455070068944432622142862524152684687123594860595765059200459981272529406516243425962957012576867490658726986026722180698217312788933354193995408757039115876907513670085001165669118485616264261888736175570565920805527055528071932177850674296160319879959605667945565690721172572749561424617027837407176906531354804980365442446343891397651704871647118327773450016445278339898989384299592794511445998991916998045003607230690602303876149209851274958049158657286619350298225360207043927020857827462682077120984104025380130222960767706531851061263270527508363808559469641900679055204385120949512835559731615214552862120444696753685418083025252720365797213122517126492975582255347004941983197164724513383656930383866091012072708185097169676771810228590152706669003725792633571385997372234953371065020612542293903077335653525115977808680836263146590981079247887221858904364226385962137872772723941049106778755214247914812345636028716662249110262965472888773267439579317891921782317918423933114006534814467374270728062147436904069677031281850266008000171897149092232155561665112184172027458388976083708407338858789206156680132195260960727802790084035302902635810548227352326918892626768096980427231216145375505866079416950327694622000464122043938152802476393805881981041152882079708912625313449294944955385648186314531079474561258524752764052717326338193355789322337853666847393664902807746029827899074462797846264455496436928945922431557197351701864449641918576941927023783290958101995967714847577744060734146840694414781040578677889105244664885873196988762332251046102643520420205198747275484032601762191293569346700895161875470330647534391203484723879051912966118847435183550900722111444913	1,3,3,3,3,3,3,3,3,3,3,3	4,-4,-4,-4,-4,-4,-4,3,3,3,3,3	ok
-0.190190	12.552553								error: Could not locate the first local maximum of the reduced return map.
-0.186186	12.552553								error: Could not locate the first local maximum of the reduced return map.
-0.182182	12.552553								error: Could not locate the first local maximum of the reduced return map.
-0.178178	12.552553								error: Could not locate the first local maximum of the reduced return map.
-0.174174	12.552553								error: Could not locate the first local maximum of the reduced return map.
-0.170170	12.552553								error: Could not locate the first local maximum of the reduced return map.
-0.166166	12.552553								error: Could not locate the first local maximum of the reduced return map.
-0.162162	12.552553								error: Could not locate the first local maximum of the reduced return map.
-0.158158	12.552553								error: Could not locate the first local maximum of the reduced return map.
-0.154154	12.552553								error: Could not locate the first local maximum of the reduced return map.
-0.150150	12.552553								error: Could not locate the first local maximum of the reduced return map.
-0.146146	12.552553	-47.035116	0.455982	continued:5	24739665630500802138610170887519272966771298454457124053431325632156904049064895741755490753422315552977895520720975891498656739086660502486951720874535930777038264079654486696806199080647084522983917136963884370348990004143791410489326516430000194438660880919820488766925303365962093933959575081920131962673523344969600533381766340980003792586369026711412116154803807367520822296384209539557816686263434516742684038799495085817087117773251057547921602984121848061476616270441885331717510898936313762203919152925879417627701717527935659433861129698733565802577206541266825715457828956776037319737138271803306595366129436121485948293762460593964625354580159242309738948400273313934907150446568543458827655570219767133649679741594302510605733077647524871262059050938829527622716655327741932897805780443015242482143436375713155149685889999615249058494382500934285056057517312062669419785173078243587534805526887714760598541358140482114471305453850744723252729733937992133004013302413276538178094140628643128347042162826623357813773406541335032232691214937391196292853585674761821225512469775314111548594094991602440046573019905356059332540165516711451434594826806615851220565279219123622984888807341189785547458533292314406510882156581844213733673303988102544926104505054085853001768673401187377897172077105748488120667323552420315608473401325434671469156763532422312654394294500286767053813829358136494434320159259337866098177720981157196218736105005050011101346638676101353574973673412059140741552933816318122387160365484151283238716991181631366618252962718142926872075967896939646229804071870951010170617275504923414163443171433457849364347882802582634199797651769357667482533688448555728211990076949338062582710630172020007947671221102073045883100774658374850140363607356756138033910514100479975184414114804123577275199205706194510562559771423370586763893886764139015685738925476473831031184647958268693849091805324335159788093055601303023067075504918711229721656789587097563826255902282096905295213641827919172066605311241667240326424949277630066797371812163165912271582321005720813696787351664127619890021388206149049290395989104686698033066654152467977205719783108787077996519271992011077686932314698926377829011335308799335324177168152565310021331880015069464539080022893521788323573885213894625842764068217159830458739740503496771682933418931471522702876891996590330176904469374465768403238	24739664234858139289596792776213395126048089560964325860575729835583842533848297593721721016960133864586270478784566007837923738431102728632493488653686206422427517659865711750940728149273086021245543535037838973580791205998559559705146231073926853464589222083804255555246497856881480415382797028869947515409102466362624308138158295291171590499716827763074129642966611568980216950264829324577223314767622193926428361795673887835629956332562297465397279725893986435790621308317269268856881805654365465396459180361810212552392995264852193433280433258188779211896433656912690564002557543250673156421667764668236781952850982629778814217384438800569104873914151225457969126655952227400981393524039718258600500038035726455070068944432622142862524152684687123594860595765059200459981272529406516243425962957012576867490658726986026722180698217312788933354193995408757039115876907513670085001165669118485616264261888736175570565920805527055528071932177850674296160319879959605667945565690721172572749561424617027837407176906531354804980365442446343891397651704871647118327773450016445278339898989384299592794511445998991916998045003607230690602303876149209851274958049158657286619350298225360207043927020857827462682077120984104025380130222960767706531851061263270527508363808559469641900679055204385120949512835559731615214552862120444696753685418083025252720365797213122517126492975582255347004941983197164724513383656930383866091012072708185097169676771810228590152706669003725792633571385997372234953371065020612542293903077335653525115977808680836263146590981079247887221858904364226385962137872772723941049106778755214247914812345636028716662249110262965472888773267439579317891921782317918423933114006534814467374270728062147436904069677031281850266008000171897149092232155561665112184172027458388976083708407338858789206156680132195260960727802790084035302902635810548227352326918892626768096980427231216145375505866079416950327694622000464122043938152802476393805881981041152882079708912625313449294944955385648186314531079474561258524752764052717326338193355789322337853666847393664902807746029827899074462797846264455496436928945922431557197351701864449641918576941927023783290958101995967714847577744060734146840694414781040578677889105244664885873196988762332251046102643520420205198747275484032601762191293569346700895161875470330647534391203484723879051912966118847435183550900722111444913	-2,4,-4,-4,-4,-4,-4,-4,3,3,3,3	4,-4,-4,-4,-4,-4,-4,3,3,3,3,3	ok
-0.142142	12.552553	-50.701961	0.458775	continued:5	24739665630500802138610170887519272966771298454457124053431325632156904049064895741755490753422315552977895520720975891498656739086660502486951720874535930777038264079654486696806199080647084522983917136963884370348990004143791410489326516430000194438660880919820488766925303365962093933959575081920131962673523344969600533381766340980003792586369026711412116154803807367520822296384209539557816686263434516742684038799495085817087117773251057547921602984121848061476616270441885331717510898936313762203919152925879417627701717527935659433861129698733565802577206541266825715457828956776037319737138271803306595366129436121485948293762460593964625354580159242309738948400273313934907150446568543458827655570219767133649679741594302510605733077647524871262059050938829527622716655327741932897805780443015242482143436375713155149685889999615249058494382500934285056057517312062669419785173078243587534805526887714760598541358140482114471305453850744723252729733937992133004013302413276538178094140628643128347042162826623357813773406541335032232691214937391196292853585674761821225512469775314111548594094991602440046573019905356059332540165516711451434594826806615851220565279219123622984888807341182751392835481450111092347669953187058361047318057112556565181415100104571461592969320107471556174047186175962338328206570367862083337894125949041247646051899048475359730405917945483876539336514104462111728965277989893115200937756486547531572275697033318179637278752273490381515398069154836501319082659786753201532772515925270237667336626679298080214512763953469899679130535556309006471094150875793272797054399467728937347928400616562311166777457188227779283113771749684328679063426168717701883761442053565602237032225671033415030666329462808616531545919607341776065256819439836029243772873905914355751641668523023076276391612200588521530205601304547622148210732368694480854560075368510968793671033117235091383573429304196641901600135848356440183590600518554984590563277195318755756989950510887253603968795501095271579871498916009705602601605438343311315808600078303839485975256608359043993263700284775819514083049731997060913758647076594623344696066130371436325537124395311340266432794706988484010546769057666988154781162137068315217127027005913079862383102043186326935891253733833508333592902235626273172120206384399110922032347325283566887971356243110081032344661525142850054377500687690683040153	24739664234858139289596792776213395126048089560964325860575729835583842533848297593721721016960133864586270478784566007837923738431102728632493488653686206422427517659865711750940728149273086021245543535037838973580791205998559559705146231073926853464589222083804255555246497856881480415382797028869947515409102466362624308138158295291171590499716827763074129642966611568980216950264829324577223314767622193926428361795673887835629956332562297465397279725893986435790621308317269268856881805654365465396459180361810212552392995264852193433280433258188779211896433656912690564002557543250673156421667764668236781952850982629778814217384438800569104873914151225457969126655952227400981393524039718258600500038035726455070068944432622142862524152684687123594860595765059200459981272529406516243425962957012576867490658726986026722180698217312788933354193995408757039115876907513670085001165669118485616264261888736175570565920805527055528071932177850674296160319879959605667945565690721172572749561424617027837407176906531354804980365442446343891397651704871647118327773450016445278339898989384299592794511445998991916998045003607230690602303876149209851274958049158657286619350298225360207043927020857827462682077120984104025380130222960767706531851061263270527508363808559469641900679055204385120949512835559731615214552862120444696753685418083025252720365797213122517126492975582255347004941983197164724513383656930383866091012072708185097169676771810228590152706669003725792633571385997372234953371065020612542293903077335653525115977808680836263146590981079247887221858904364226385962137872772723941049106778755214247914812345636028716662249110262965472888773267439579317891921782317918423933114006534814467374270728062147436904069677031281850266008000171897149092232155561665112184172027458388976083708407338858789206156680132195260960727802790084035302902635810548227352326918892626768096980427231216145375505866079416950327694622000464122043938152802476393805881981041152882079708912625313449294944955385648186314531079474561258524752764052717326338193355789322337853666847393664902807746029827899074462797846264455496436928945922431557197351701864449641918576941927023783290958101995967714847577744060734146840694414781040578677889105244664885873196988762332251046102643520420205198747275484032601762191293569346700895161875470330647534391203484723879051912966118847435183550900722111444913	1,4,-4,-4,-4,-4,-4,-4,3,3,3,3	4,-4,-4,-4,-4,-4,-4,3,3,3,3,3	ok
-0.138138	12.552553	-53.111468	0.457192	continued:5	24739664234858138982047535273920704895757539726112908251438163205018941142815780311745551274768732340258877681883220709254438060557727943084431578832787664786285033962897137475109966594536921196345368988178928734319550990616798234738426441329975811082542418687032574754555670308806400073011386994034122559084338923961564827243679948341711906639370687199591334610184232323549682995276987956088064516661660343597404353309026284818116830917705446825786992810866587209705521015335282251073699235984232692064386328873635550251467202252037321107786049250681199223578740058812830716655171327994111037989160554259663041255730806104822364702767003886426236948197875179044375918947062777752518800945220039096656325624832428902632916718843792734174910613073877182282814845299795859817832873050829380297050086561327142630676041705608701295328883785288019463302235365810057437776994452568277033509701397890179816214208032024713357498876567322388814154303003931713475645588699713181579139545605564594106502193640473675998821326912636802272263104652883469557388721394548958714742151679764225722796250070551524401796064839535518648641058846020683987900923271122883848006060940514381132676162478441282448143119470234244586651764765460825583900856538506441493067250231270271180189604080231450980733607237596890690043807856366180467688024298451857503595435136330376294656223565554116478172432675947236957738442193555109932688670904811038581565816851902603630454037059443222327303729076311508099390414639858767188127294147546423044405142179945534154841881724323387669344021587031891156333725035335661462717343240823281448642976875074955096456867500133501730963138935379104805342782025326645637984544215536365832087477382349921831616622649728632097319596591220981248391971525481854166000413257514914100886328767722963991005486293969092886172846002392577695360958714697809421911079524574797309440504337624362800617594426374325964507506727614377171467091251576526435782970234958554168120887421627017363156570637831288961770182197219298932245820499174813792893450431991050457646902996375255657503776080538316250631432949426671988574904247297152556610722926570920555275659878923111216802142282894220906621012839295132236214297518320140443613662297273570104086942558254694886087396801772324176733854013342330847414322607669322840282914835466102978089119098070055714798654005295106279702099414397722114120416200874950808322	24739664234858139289596792776213395126048089560964325860575729835583842533848297593721721016960133864586270478784566007837923738431102728632493488653686206422427517659865711750940728149273086021245543535037838973580791205998559559705146231073926853464589222083804255555246497856881480415382797028869947515409102466362624308138158295291171590499716827763074129642966611568980216950264829324577223314767622193926428361795673887835629956332562297465397279725893986435790621308317269268856881805654365465396459180361810212552392995264852193433280433258188779211896433656912690564002557543250673156421667764668236781952850982629778814217384438800569104873914151225457969126655952227400981393524039718258600500038035726455070068944432622142862524152684687123594860595765059200459981272529406516243425962957012576867490658726986026722180698217312788933354193995408757039115876907513670085001165669118485616264261888736175570565920805527055528071932177850674296160319879959605667945565690721172572749561424617027837407176906531354804980365442446343891397651704871647118327773450016445278339898989384299592794511445998991916998045003607230690602303876149209851274958049158657286619350298225360207043927020857827462682077120984104025380130222960767706531851061263270527508363808559469641900679055204385120949512835559731615214552862120444696753685418083025252720365797213122517126492975582255347004941983197164724513383656930383866091012072708185097169676771810228590152706669003725792633571385997372234953371065020612542293903077335653525115977808680836263146590981079247887221858904364226385962137872772723941049106778755214247914812345636028716662249110262965472888773267439579317891921782317918423933114006534814467374270728062147436904069677031281850266008000171897149092232155561665112184172027458388976083708407338858789206156680132195260960727802790084035302902635810548227352326918892626768096980427231216145375505866079416950327694622000464122043938152802476393805881981041152882079708912625313449294944955385648186314531079474561258524752764052717326338193355789322337853666847393664902807746029827899074462797846264455496436928945922431557197351701864449641918576941927023783290958101995967714847577744060734146840694414781040578677889105244664885873196988762332251046102643520420205198747275484032601762191293569346700895161875470330647534391203484723879051912966118847435183550900722111444913	-2,-4,-4,-4,-4,-4,3,3,3,3,3,3	4,-4,-4,-4,-4,-4,-4,3,3,3,3,3	ok
-0.134134	12.552553	-54.707787	0.459985	continued:5	24739664234858138982047535273920704865888201889876711837493816699690678265963591165069870505023217046633362579621148489165328977987949899797415602900085081435628786567950676391780949633448253616219680559998014214784634910618447122667639804607217055610037222276897125660535867393387520758988742191975475097134159821776175469287214857624750265388130867415580412873925910271279382629434282479656095907178473638142326186864698341018602123575843883404208311798618679388046194707946385968872279636660172423920762823771748609336176990325713506490614247467311351878471253089939596514261196666267475682898635077588364628629417296554229734815495315011752337585393015754405944996164827318009845582551593321289722257247006063686910061456841431892563940020873466746931070957111770150069590359792388197563206227771911411885143855184505614961998508226343153531223089971459935049708039359327667779120430067461929055441744031224422705223831560005091108633317128720548165517033711719448300771525660964913525817712220131912105082815080054605883136048554894173783193438041716508681297001277350562437894851607688119124032266056066591963623197071229719772200831481260746898621517899928612391918713268983151048632780119648896253765940151777173575597570025320253082336116946689981147789765900355562110523987436189411566954756946831913765892283629482126668117215787661175622538482371666841405595054624551275871666632475049764341931929868507018454948365774171910807496638367218687366613903751947086947394002612630474683257999387223688134848014104823955551645010680263372366206458226198558279883447844315148180302724249331888726196930807213187997142652942313186005148224878224024593537200103980637926868603500896185830904692094904758235554768415409124757267836161356776521732484146109863946926378105041694979170269733992817805415234240628485488200053302199364211031646323082439647263607276631895871769259044401451363766451126814443473134220489198884697731101960802990910300139680959518854832128513597114746389737973151315057975842081443516593123962467786526070102139874765749035637088432614260030772344792316488840415153698481155126035457741137680097748660410763036811870095293313414540437283852893333234643562710973384060038416228190613325616933189150517789061901654152308030489428549857055082465581427407486143000730202660813809057790100346399768338483335257539245860316494779637880208922066168766414992991208014608723526	24739664234858139289596792776213395126048089560964325860575729835583842533848297593721721016960133864586270478784566007837923738431102728632493488653686206422427517659865711750940728149273086021245543535037838973580791205998559559705146231073926853464589222083804255555246497856881480415382797028869947515409102466362624308138158295291171590499716827763074129642966611568980216950264829324577223314767622193926428361795673887835629956332562297465397279725893986435790621308317269268856881805654365465396459180361810212552392995264852193433280433258188779211896433656912690564002557543250673156421667764668236781952850982629778814217384438800569104873914151225457969126655952227400981393524039718258600500038035726455070068944432622142862524152684687123594860595765059200459981272529406516243425962957012576867490658726986026722180698217312788933354193995408757039115876907513670085001165669118485616264261888736175570565920805527055528071932177850674296160319879959605667945565690721172572749561424617027837407176906531354804980365442446343891397651704871647118327773450016445278339898989384299592794511445998991916998045003607230690602303876149209851274958049158657286619350298225360207043927020857827462682077120984104025380130222960767706531851061263270527508363808559469641900679055204385120949512835559731615214552862120444696753685418083025252720365797213122517126492975582255347004941983197164724513383656930383866091012072708185097169676771810228590152706669003725792633571385997372234953371065020612542293903077335653525115977808680836263146590981079247887221858904364226385962137872772723941049106778755214247914812345636028716662249110262965472888773267439579317891921782317918423933114006534814467374270728062147436904069677031281850266008000171897149092232155561665112184172027458388976083708407338858789206156680132195260960727802790084035302902635810548227352326918892626768096980427231216145375505866079416950327694622000464122043938152802476393805881981041152882079708912625313449294944955385648186314531079474561258524752764052717326338193355789322337853666847393664902807746029827899074462797846264455496436928945922431557197351701864449641918576941927023783290958101995967714847577744060734146840694414781040578677889105244664885873196988762332251046102643520420205198747275484032601762191293569346700895161875470330647534391203484723879051912966118847435183550900722111444913	1,3,3,3,3,3,3,3,3,3,3,3	4,-4,-4,-4,-4,-4,-4,3,3,3,3,3	ok
-0.130130	12.552553	-55.657584	0.462444	continued:5	24739664234858138982047535273920704865888201889876711837493816699690678265963591165069870505023217046633362579621148489165328977987949899797415602900085081435628786567950676391780949633448253616219680559998014214784634910618447122667639804607217055610037222276897125660535867393387520758988742191975475097134159821776175469287214857624750265388130867415580412873925910271279382629434282479656095907178473638142326186864698341018602123575843883404208311798618679388046194707946385968872279636660172423920762823771748609336176990325713506490614247467311351878471253089939596514261196666267475682898635077588364628629417296554229734815495315011752337585393015754405944996164827318009845582551593321289722257247006063686910061456841431892563940020873466746931070957111770150069590359792388197563206227771911411885143855184505614961998508226343153531223089971459935049708039359327667779120430067461929055441744031224422705223831560005091108633317128720548165517033711719448300771525660964913525817712220131912105082815080054605883136048554894173783193438041716508681297001277350562437894851607688119124032266056066591963623197071229719772200831481260746898621517899928612391918713268983151048632780119662964562615224955272082232516573860219624391388797525158568803965619851582959715126493444163214025385010484222679075733538541254336938677519858320577213126261082222107876703634988014443799459723042466865939807313462170098621510273802110074477200727790710189239796434724232268265168771327876208855251384560129805973155186008944787466690145813994448741828958685398242399644411740283504376021102246139806369606510408492840549451469396517122961183841277506170313763723572234427437236681374721304794358903114096136891133303545792185964095132388517154996467307401461623006192877589030302012077625091035466697406080506762771704815522350350242449968214220019584208434318914148100359158909679143753029398694920492804349553854965529569693457265246243878651194015319923783237068738696511787191450682232621481336789660422996610379069409921474899407696853444936065024933934485679589861499939814189140782388654260075696454421684651979624554066992826512688381456690865842009375581685321384904219623644446996167623623702794595196333711331969000714989476935040045706939151824415849649248600765204089570503279736809339261698814688659615461932316553762144963996566198596914621200952058301145179750011252431412752172391	24739664234858139289596792776213395126048089560964325860575729835583842533848297593721721016960133864586270478784566007837923738431102728632493488653686206422427517659865711750940728149273086021245543535037838973580791205998559559705146231073926853464589222083804255555246497856881480415382797028869947515409102466362624308138158295291171590499716827763074129642966611568980216950264829324577223314767622193926428361795673887835629956332562297465397279725893986435790621308317269268856881805654365465396459180361810212552392995264852193433280433258188779211896433656912690564002557543250673156421667764668236781952850982629778814217384438800569104873914151225457969126655952227400981393524039718258600500038035726455070068944432622142862524152684687123594860595765059200459981272529406516243425962957012576867490658726986026722180698217312788933354193995408757039115876907513670085001165669118485616264261888736175570565920805527055528071932177850674296160319879959605667945565690721172572749561424617027837407176906531354804980365442446343891397651704871647118327773450016445278339898989384299592794511445998991916998045003607230690602303876149209851274958049158657286619350298225360207043927020857827462682077120984104025380130222960767706531851061263270527508363808559469641900679055204385120949512835559731615214552862120444696753685418083025252720365797213122517126492975582255347004941983197164724513383656930383866091012072708185097169676771810228590152706669003725792633571385997372234953371065020612542293903077335653525115977808680836263146590981079247887221858904364226385962137872772723941049106778755214247914812345636028716662249110262965472888773267439579317891921782317918423933114006534814467374270728062147436904069677031281850266008000171897149092232155561665112184172027458388976083708407338858789206156680132195260960727802790084035302902635810548227352326918892626768096980427231216145375505866079416950327694622000464122043938152802476393805881981041152882079708912625313449294944955385648186314531079474561258524752764052717326338193355789322337853666847393664902807746029827899074462797846264455496436928945922431557197351701864449641918576941927023783290958101995967714847577744060734146840694414781040578677889105244664885873196988762332251046102643520420205198747275484032601762191293569346700895161875470330647534391203484723879051912966118847435183550900722111444913	2,3,3,3,3,3,3,3,3,3,3,3	4,-4,-4,-4,-4,-4,-4,3,3,3,3,3	ok
-0.126126	12.552553	-56.278471	0.465237	continued:5	24739664234858138982047535273920704865888201889876711837493816699690678265963591165069870505023217046633362579621148489165328977987949899797415602900085081435628786567950676391780949633448253616219680559998014214784634910618447122667639804607217055610037222276897125660535867393387520758988742191975475097134159821776175469287214857624750265388130867415580412873925910271279382629434282479656095907178473638142326186864698341018602123575843883404208311798618679388046194707946385968872279636660172423920762823771748609336176990325713506490614247467311351878471253089939596514261196666267475682898635077588364628629417296554229734815495315011752337585393015754405944996164827318009845582551593321289722257247006063686910061456841431892563940020873466746931070957111770150069590359792388197563206227771911411885143855184505614961998508226343153531223089971459935049708039359327667779120430067461929055441744031224422705223831560005091108633317128720548165517033711719448300771525660964913525817712220131912105082815080054605883136048554894173783193438041716508681297001277350562437894851607688119124032266056066591963623197071229719772200831481260746898621517899928612391918713268983151048632780119655930408190582553524627904057071942769938736862457235924274975877692875969260912825240440176312796169883715527296420812911085368231803397367822990876417832371726944474641149344806282859835563177758758315140869621665338558538229319788140992642348683078964438303205169238089677606281386970253341769254691973676747054001600056884371509167578247128910554017708455798400339763929792299326278161913247735847547901720607853014273297061169415154483166033077865097453650461838107532682052642437808745312631797604500447563344035980600655360681484274936965759099895773785743476559627847035998495623947412514142251410657373695628596507787826274803330499930271551011927848963095389998115464084361772602196582573023653623911344037727364227195594183603523434780747077500441651045950433605054450968920210102886398197382751252220063486096686194630712738899496659850907030285511459146924946136142303252814811401903979278425790228571196558652325907826618637862596663393079577711958009484587139118727133603578984775841831059511392904829664132579075616389269418347099007484820626482853352165533173315748528323140233506000037753936239379980930850327518548701251621213257545847129540580490183656973082502121819713680447958	24739664234858139289596792776213395126048089560964325860575729835583842533848297593721721016960133864586270478784566007837923738431102728632493488653686206422427517659865711750940728149273086021245543535037838973580791205998559559705146231073926853464589222083804255555246497856881480415382797028869947515409102466362624308138158295291171590499716827763074129642966611568980216950264829324577223314767622193926428361795673887835629956332562297465397279725893986435790621308317269268856881805654365465396459180361810212552392995264852193433280433258188779211896433656912690564002557543250673156421667764668236781952850982629778814217384438800569104873914151225457969126655952227400981393524039718258600500038035726455070068944432622142862524152684687123594860595765059200459981272529406516243425962957012576867490658726986026722180698217312788933354193995408757039115876907513670085001165669118485616264261888736175570565920805527055528071932177850674296160319879959605667945565690721172572749561424617027837407176906531354804980365442446343891397651704871647118327773450016445278339898989384299592794511445998991916998045003607230690602303876149209851274958049158657286619350298225360207043927020857827462682077120984104025380130222960767706531851061263270527508363808559469641900679055204385120949512835559731615214552862120444696753685418083025252720365797213122517126492975582255347004941983197164724513383656930383866091012072708185097169676771810228590152706669003725792633571385997372234953371065020612542293903077335653525115977808680836263146590981079247887221858904364226385962137872772723941049106778755214247914812345636028716662249110262965472888773267439579317891921782317918423933114006534814467374270728062147436904069677031281850266008000171897149092232155561665112184172027458388976083708407338858789206156680132195260960727802790084035302902635810548227352326918892626768096980427231216145375505866079416950327694622000464122043938152802476393805881981041152882079708912625313449294944955385648186314531079474561258524752764052717326338193355789322337853666847393664902807746029827899074462797846264455496436928945922431557197351701864449641918576941927023783290958101995967714847577744060734146840694414781040578677889105244664885873196988762332251046102643520420205198747275484032601762191293569346700895161875470330647534391203484723879051912966118847435183550900722111444913	-2,3,3,3,3,3,3,3,3,3,3,3	4,-4,-4,-4,-4,-4,-4,3,3,3,3,3	ok
-0.122122	12.552553	-56.708268	0.468031	continued:5	24739664234858138982047535273920704865888201889876711837493816699690678265963591165069870505023217046633362579621148489165328977987949899797415602900085081435628786567950676391780949633448253616219680559998014214784634910618447122667639804607217055610037222276897125660535867393387520758988742191975475097134159821776175469287214857624750265388130867415580412873925910271279382629434282479656095907178473638142326186864698341018602123575843883404208311798618679388046194707946385968872279636660172423920762823771748609336176990325713506490614247467311351878471253089939596514261196666267475682898635077588364628629417296554229734815495315011752337585393015754405944996164827318009845582551593321289722257247006063686910061456841431892563940020873466746931070957111770150069590359792388197563206227771911411885143855184505614961998508226343153531223089971459935049708039359327667779120430067461929055441744031224422705223831560005091108633317128720548165517033711719448300771525660964913525817712220131912105082815080054605883136048554894173783193438041716508681297001277350562437894851607688119124032266056066591963623197071229719772200831481260746898621517899928612391918713268983151048632780119648896253765940151777173575597570025320253082336116946689981147789765900355562110523987436189411566954756946831913765892283629482126668117215787661175622538482371666841405595054624551275871666632475049764341931929868507018454948365774171910807496638367218687366613903751947086947394002612630474683257999387223688134848014104823955551645010680263372366206458226198558279883447844315148180302724249331888726196930807213187997142652942313186005148224878224024593537200103980637926868603500896185830904692094904758235554768415409124757267836161356776521732484146109863946926378105041694979170269733992817805415234240628485488200053302199364211031646323082439647263607276631895871769259044401451363766451126814443473134220489198884697731101960802990910300139680959518854832128513597114746389737973151315057975842081443516593123962467786526070102139874765749035637088432614260030772344792316488840415153698481155126035457741137680097748660410763036811870095293313414540437283852893333234643562710973384060038416228190613325616933189150517789061901654152308030489428549857055082465581427407486143000730202660813809057790100346399768338483335257539245860316494779637880208922066168766414992991208014608723526	24739664234858139289596792776213395126048089560964325860575729835583842533848297593721721016960133864586270478784566007837923738431102728632493488653686206422427517659865711750940728149273086021245543535037838973580791205998559559705146231073926853464589222083804255555246497856881480415382797028869947515409102466362624308138158295291171590499716827763074129642966611568980216950264829324577223314767622193926428361795673887835629956332562297465397279725893986435790621308317269268856881805654365465396459180361810212552392995264852193433280433258188779211896433656912690564002557543250673156421667764668236781952850982629778814217384438800569104873914151225457969126655952227400981393524039718258600500038035726455070068944432622142862524152684687123594860595765059200459981272529406516243425962957012576867490658726986026722180698217312788933354193995408757039115876907513670085001165669118485616264261888736175570565920805527055528071932177850674296160319879959605667945565690721172572749561424617027837407176906531354804980365442446343891397651704871647118327773450016445278339898989384299592794511445998991916998045003607230690602303876149209851274958049158657286619350298225360207043927020857827462682077120984104025380130222960767706531851061263270527508363808559469641900679055204385120949512835559731615214552862120444696753685418083025252720365797213122517126492975582255347004941983197164724513383656930383866091012072708185097169676771810228590152706669003725792633571385997372234953371065020612542293903077335653525115977808680836263146590981079247887221858904364226385962137872772723941049106778755214247914812345636028716662249110262965472888773267439579317891921782317918423933114006534814467374270728062147436904069677031281850266008000171897149092232155561665112184172027458388976083708407338858789206156680132195260960727802790084035302902635810548227352326918892626768096980427231216145375505866079416950327694622000464122043938152802476393805881981041152882079708912625313449294944955385648186314531079474561258524752764052717326338193355789322337853666847393664902807746029827899074462797846264455496436928945922431557197351701864449641918576941927023783290958101995967714847577744060734146840694414781040578677889105244664885873196988762332251046102643520420205198747275484032601762191293569346700895161875470330647534391203484723879051912966118847435183550900722111444913	1,3,3,3,3,3,3,3,3,3,3,3	4,-4,-4,-4,-4,-4,-4,3,3,3,3,3	ok
-0.118118	12.552553	-57.010687	0.467657	full	24739664234858138982047535273920704865888201889876711837493816699690678265963591165069870505023217046633362579621148489165328977987949899797415602900085081435628786567950676391780949633448253616219680559998014214784634910618447122667639804607217055610037222276897125660535867393387520758988742191975475097134159821776175469287214857624750265388130867415580412873925910271279382629434282479656095907178473638142326186864698341018602123575843883404208311798618679388046194707946385968872279636660172423920762823771748609336176990325713506490614247467311351878471253089939596514261196666267475682898635077588364628629417296554229734815495315011752337585393015754405944996164827318009845582551593321289722257247006063686910061456841431892563940020873466746931070957111770150069590359792388197563206227771911411885143855184505614961998508226343153531223089971459935049708039359327667779120430067461929055441744031224422705223831560005091108633317128720548165517033711719448300771525660964913525817712220131912105082815080054605883136048554894173783193438041716508681297001277350562437894851607688119124032266056066591963623197071229719772200831481260746898621517899928612391918713268983151048632780119648896253765940151777173575597570025320253082336116946689981147789765900355562110523987436189411566954756946831913765892283629482126668117215787661175622538482371666841405595054624551275871666632475049764341931929868507018454948365774171910807496638367218687366613903751947086947394002612630474683257999387223688134848014104823955551645010680263372366206458226198558279883447844315148180302724249331888726196930807213187997142652942313186005148224878224024593537200103980637926868603500896185830904692094904758235554768415409124757267836161356776521732484146109863946926378105041694979170269733992817805415234240628485488200053302199364211031646323082439647263607276631895871769259044401451363766451126814443473134220489198884697731101960802990910300139680959518854832128513597114746389737973151315057975842081443516593123962467786526070102139874765749035637088432614260030772344792316488840415153698481155126035457741137680097748660410763036811870095293313414540437283852893333234643562710973384060038416228190613325616933189150517789061901654152308030489428549857055082465581427407486143000730202660813809057790100346399768338483335257539245860316494779637880208922066168766414992991208014608723526	24739664234858139289596792776213395126048089560964325860575729835583842533848297593721721016960133864586270478784566007837923738431102728632493488653686206422427517659865711750940728149273086021245543535037838973580791205998559559705146231073926853464589222083804255555246497856881480415382797028869947515409102466362624308138158295291171590499716827763074129642966611568980216950264829324577223314767622193926428361795673887835629956332562297465397279725893986435790621308317269268856881805654365465396459180361810212552392995264852193433280433258188779211896433656912690564002557543250673156421667764668236781952850982629778814217384438800569104873914151225457969126655952227400981393524039718258600500038035726455070068944432622142862524152684687123594860595765059200459981272529406516243425962957012576867490658726986026722180698217312788933354193995408757039115876907513670085001165669118485616264261888736175570565920805527055528071932177850674296160319879959605667945565690721172572749561424617027837407176906531354804980365442446343891397651704871647118327773450016445278339898989384299592794511445998991916998045003607230690602303876149209851274958049158657286619350298225360207043927020857827462682077120984104025380130222960767706531851061263270527508363808559469641900679055204385120949512835559731615214552862120444696753685418083025252720365797213122517126492975582255347004941983197164724513383656930383866091012072708185097169676771810228590152706669003725792633571385997372234953371065020612542293903077335653525115977808680836263146590981079247887221858904364226385962137872772723941049106778755214247914812345636028716662249110262965472888773267439579317891921782317918423933114006534814467374270728062147436904069677031281850266008000171897149092232155561665112184172027458388976083708407338858789206156680132195260960727802790084035302902635810548227352326918892626768096980427231216145375505866079416950327694622000464122043938152802476393805881981041152882079708912625313449294944955385648186314531079474561258524752764052717326338193355789322337853666847393664902807746029827899074462797846264455496436928945922431557197351701864449641918576941927023783290958101995967714847577744060734146840694414781040578677889105244664885873196988762332251046102643520420205198747275484032601762191293569346700895161875470330647534391203484723879051912966118847435183550900722111444913	1,3,3,3,3,3,3,3,3,3,3,3	4,-4,-4,-4,-4,-4,-4,3,3,3,3,3	ok
-0.114114	12.552553	-47.141615	0.451301	continued:5	24739665630500802138610170887519272966771298454457124053431325632156904049064895741755490753422315552977895520720975891498656739086660502486951720874535930777038264079654486696806199080647084522983917136963884370348990004143791410489326516430000194438660880919820488766925303365962093933959575081920131962673523344969600533381766340980003792586369026711412116154803807367520822296384209539557816686263434516742684038799495085817087117773251057547921602984121848061476616270441885331717510898936313762203919152925879417627701717527935659433861129698733565802577206541266825715457828956776037319737138271803306595366129436121485948293762460593964625354580159242309738948400273313934907150446568543458827655570219767133649679741594302510605733077647524871262059050938829527622716655327741932897805780443015242482143436375713155149685889999615249058494382500934285056057517312062669419785173078243587534805526887714760598541358140482114471305453850744723252729733937992133004013302413276538178094140628643128347042162826623357813773406541335032232691214937391196292853585674761821225512469775314111548594094991602440046573019905356059332540165516711451434594826806615851220565279219123622984888807341189785547458533292314406510882156581844213733673303988102544926104505054085853001768673401187377897172077105748488120667323552420315608473401325434671469156763532422312654394294500286767053813829358136494434320159259337866098177720981157196218736105005050011101346638676101353574973673412059140741552933816318122387160365484151283238716991181631366618252962718142926872075967896939646229804071870951010170617275504923414163443171433457849364347882802582634199797651769357667482533688448555728211990076949338062582710630172020007947671221102073045883100774658374850140363607356756138033910514100479975184414114804123577275199205706194510562559771423370586763893886764139015685738925476473831031184647958268693849091805324335159788093055601303023067075504918711229721656789587097563826255902282096905295213641827919172066605311241667240326424949277630066797371812163165912271582321005720813696787351664127619890021388206149049290395989104686698033066654152467977205719783108787077996519271992011077686932314698926377829011335308799335324177168152565310021331880015069464539080022893521788323573885213894625842764068217159830458739740503496771682933418931471522702876891996590330176904469374465768403238	24739664234858139289596792776213395126048089560964325860575729835583842533848297593721721016960133864586270478784566007837923738431102728632493488653686206422427517659865711750940728149273086021245543535037838973580791205998559559705146231073926853464589222083804255555246497856881480415382797028869947515409102466362624308138158295291171590499716827763074129642966611568980216950264829324577223314767622193926428361795673887835629956332562297465397279725893986435790621308317269268856881805654365465396459180361810212552392995264852193433280433258188779211896433656912690564002557543250673156421667764668236781952850982629778814217384438800569104873914151225457969126655952227400981393524039718258600500038035726455070068944432622142862524152684687123594860595765059200459981272529406516243425962957012576867490658726986026722180698217312788933354193995408757039115876907513670085001165669118485616264261888736175570565920805527055528071932177850674296160319879959605667945565690721172572749561424617027837407176906531354804980365442446343891397651704871647118327773450016445278339898989384299592794511445998991916998045003607230690602303876149209851274958049158657286619350298225360207043927020857827462682077120984104025380130222960767706531851061263270527508363808559469641900679055204385120949512835559731615214552862120444696753685418083025252720365797213122517126492975582255347004941983197164724513383656930383866091012072708185097169676771810228590152706669003725792633571385997372234953371065020612542293903077335653525115977808680836263146590981079247887221858904364226385962137872772723941049106778755214247914812345636028716662249110262965472888773267439579317891921782317918423933114006534814467374270728062147436904069677031281850266008000171897149092232155561665112184172027458388976083708407338858789206156680132195260960727802790084035302902635810548227352326918892626768096980427231216145375505866079416950327694622000464122043938152802476393805881981041152882079708912625313449294944955385648186314531079474561258524752764052717326338193355789322337853666847393664902807746029827899074462797846264455496436928945922431557197351701864449641918576941927023783290958101995967714847577744060734146840694414781040578677889105244664885873196988762332251046102643520420205198747275484032601762191293569346700895161875470330647534391203484723879051912966118847435183550900722111444913	-2,4,-4,-4,-4,-4,-4,-4,3,3,3,3	4,-4,-4,-4,-4,-4,-4,3,3,3,3,3	ok
-0.110110	12.552553	-50.812285	0.454094	continued:5	24739665630500802138610170887519272966771298454457124053431325632156904049064895741755490753422315552977895520720975891498656739086660502486951720874535930777038264079654486696806199080647084522983917136963884370348990004143791410489326516430000194438660880919820488766925303365962093933959575081920131962673523344969600533381766340980003792586369026711412116154803807367520822296384209539557816686263434516742684038799495085817087117773251057547921602984121848061476616270441885331717510898936313762203919152925879417627701717527935659433861129698733565802577206541266825715457828956776037319737138271803306595366129436121485948293762460593964625354580159242309738948400273313934907150446568543458827655570219767133649679741594302510605733077647524871262059050938829527622716655327741932897805780443015242482143436375713155149685889999615249058494382500934285056057517312062669419785173078243587534805526887714760598541358140482114471305453850744723252729733937992133004013302413276538178094140628643128347042162826623357813773406541335032232691214937391196292853585674761821225512469775314111548594094991602440046573019905356059332540165516711451434594826806615851220565279219123622984888807341182751392835481450111092347669953187058361047318057112556565181415100104571461592969320107471556174047186175962338328206570367862083337894125949041247646051899048475359730405917945483876539336514104462111728965277989893115200937756486547531572275697033318179637278752273490381515398069154836501319082659786753201532772515925270237667336626679298080214512763953469899679130535556309006471094150875793272797054399467728937347928400616562311166777457188227779283113771749684328679063426168717701883761442053565602237032225671033415030666329462808616531545919607341776065256819439836029243772873905914355751641668523023076276391612200588521530205601304547622148210732368694480854560075368510968793671033117235091383573429304196641901600135848356440183590600518554984590563277195318755756989950510887253603968795501095271579871498916009705602601605438343311315808600078303839485975256608359043993263700284775819514083049731997060913758647076594623344696066130371436325537124395311340266432794706988484010546769057666988154781162137068315217127027005913079862383102043186326935891253733833508333592902235626273172120206384399110922032347325283566887971356243110081032344661525142850054377500687690683040153	24739664234858139289596792776213395126048089560964325860575729835583842533848297593721721016960133864586270478784566007837923738431102728632493488653686206422427517659865711750940728149273086021245543535037838973580791205998559559705146231073926853464589222083804255555246497856881480415382797028869947515409102466362624308138158295291171590499716827763074129642966611568980216950264829324577223314767622193926428361795673887835629956332562297465397279725893986435790621308317269268856881805654365465396459180361810212552392995264852193433280433258188779211896433656912690564002557543250673156421667764668236781952850982629778814217384438800569104873914151225457969126655952227400981393524039718258600500038035726455070068944432622142862524152684687123594860595765059200459981272529406516243425962957012576867490658726986026722180698217312788933354193995408757039115876907513670085001165669118485616264261888736175570565920805527055528071932177850674296160319879959605667945565690721172572749561424617027837407176906531354804980365442446343891397651704871647118327773450016445278339898989384299592794511445998991916998045003607230690602303876149209851274958049158657286619350298225360207043927020857827462682077120984104025380130222960767706531851061263270527508363808559469641900679055204385120949512835559731615214552862120444696753685418083025252720365797213122517126492975582255347004941983197164724513383656930383866091012072708185097169676771810228590152706669003725792633571385997372234953371065020612542293903077335653525115977808680836263146590981079247887221858904364226385962137872772723941049106778755214247914812345636028716662249110262965472888773267439579317891921782317918423933114006534814467374270728062147436904069677031281850266008000171897149092232155561665112184172027458388976083708407338858789206156680132195260960727802790084035302902635810548227352326918892626768096980427231216145375505866079416950327694622000464122043938152802476393805881981041152882079708912625313449294944955385648186314531079474561258524752764052717326338193355789322337853666847393664902807746029827899074462797846264455496436928945922431557197351701864449641918576941927023783290958101995967714847577744060734146840694414781040578677889105244664885873196988762332251046102643520420205198747275484032601762191293569346700895161875470330647534391203484723879051912966118847435183550900722111444913	1,4,-4,-4,-4,-4,-4,-4,3,3,3,3	4,-4,-4,-4,-4,-4,-4,3,3,3,3,3	ok
-0.106106	12.552553	-53.219255	0.454055	continued:5	24739664234858138982047535273920704895757539726112908251438163205018941142815780311745551274768732340258877681883220709254438060557727943084431578832787664786285033962897137475109966594536921196345368988178928734319550990616798234738426441329975811082542418687032574754555670308806400073011386994034122559084338923961564827243679948341711906639370687199591334610184232323549682995276987956088064516661660343597404353309026284818116830917705446825786992810866587209705521015335282251073699235984232692064386328873635550251467202252037321107786049250681199223578740058812830716655171327994111037989160554259663041255730806104822364702767003886426236948197875179044375918947062777752518800945220039096656325624832428902632916718843792734174910613073877182282814845299795859817832873050829380297050086561327142630676041705608701295328883785288019463302235365810057437776994452568277033509701397890179816214208032024713357498876567322388814154303003931713475645588699713181579139545605564594106502193640473675998821326912636802272263104652883469557388721394548958714742151679764225722796250070551524401796064839535518648641058846020683987900923271122883848006060940514381132676162478441282448143119470227210432227122363713371255441354621052509508984709634926146647286000378028149020408135579796249985685416544122878976762015235710406679767054221469630668164508756954128670266820083169508953133382895781415892028857527433800331452509796880235124731818611926094996337828751367422770972106106871945447087787459013419016539682579692253007997669256306678044334190343958737683833626787830959854189876711673345743229891352071395441453714329516872363078558572585460064194527798019451500567712566804669085534009811391321703082108952041911184337041897792539402496106214458120979277192533259839067349129963145395443534147512377238039651898685713406445449049290166872617628617292086319375613642792703810618236745564851457049087158661840834963661419540135158363742337750878630973637161914688328900311151288869242457269541014220968487060804170517057834972965455408167521485957636626702129395672139918211400852445909138229939457411027786749047331318679203233959006853076598513293545187508811641950752377849176619622422822865690583986800091214624688328197908428394843316056532803829279453545060994789096398534012484533311814877844201908213083717792014484879802543088847813769703124411954747150298542713179850503414173	24739664234858139289596792776213395126048089560964325860575729835583842533848297593721721016960133864586270478784566007837923738431102728632493488653686206422427517659865711750940728149273086021245543535037838973580791205998559559705146231073926853464589222083804255555246497856881480415382797028869947515409102466362624308138158295291171590499716827763074129642966611568980216950264829324577223314767622193926428361795673887835629956332562297465397279725893986435790621308317269268856881805654365465396459180361810212552392995264852193433280433258188779211896433656912690564002557543250673156421667764668236781952850982629778814217384438800569104873914151225457969126655952227400981393524039718258600500038035726455070068944432622142862524152684687123594860595765059200459981272529406516243425962957012576867490658726986026722180698217312788933354193995408757039115876907513670085001165669118485616264261888736175570565920805527055528071932177850674296160319879959605667945565690721172572749561424617027837407176906531354804980365442446343891397651704871647118327773450016445278339898989384299592794511445998991916998045003607230690602303876149209851274958049158657286619350298225360207043927020857827462682077120984104025380130222960767706531851061263270527508363808559469641900679055204385120949512835559731615214552862120444696753685418083025252720365797213122517126492975582255347004941983197164724513383656930383866091012072708185097169676771810228590152706669003725792633571385997372234953371065020612542293903077335653525115977808680836263146590981079247887221858904364226385962137872772723941049106778755214247914812345636028716662249110262965472888773267439579317891921782317918423933114006534814467374270728062147436904069677031281850266008000171897149092232155561665112184172027458388976083708407338858789206156680132195260960727802790084035302902635810548227352326918892626768096980427231216145375505866079416950327694622000464122043938152802476393805881981041152882079708912625313449294944955385648186314531079474561258524752764052717326338193355789322337853666847393664902807746029827899074462797846264455496436928945922431557197351701864449641918576941927023783290958101995967714847577744060734146840694414781040578677889105244664885873196988762332251046102643520420205198747275484032601762191293569346700895161875470330647534391203484723879051912966118847435183550900722111444913	1,-4,-4,-4,-4,-4,3,3,3,3,3,3	4,-4,-4,-4,-4,-4,-4,3,3,3,3,3	ok
-0.102102	12.552553	-54.782552	0.456848	continued:5	24739664234858138982047535273920704865888201889876711837493816699690678265963591165069870505023217046633362579621148489165328977987949899797415602900085081435628786567950676391780949633448253616219680559998014214784634910618447122667639804607217055610037222276897125660535867393387520758988742191975475097134159821776175469287214857624750265388130867415580412873925910271279382629434282479656095907178473638142326186864698341018602123575843883404208311798618679388046194707946385968872279636660172423920762823771748609336176990325713506490614247467311351878471253089939596514261196666267475682898635077588364628629417296554229734815495315011752337585393015754405944996164827318009845582551593321289722257247006063686910061456841431892563940020873466746931070957111770150069590359792388197563206227771911411885143855184505614961998508226343153531223089971459935049708039359327667779120430067461929055441744031224422705223831560005091108633317128720548165517033711719448300771525660964913525817712220131912105082815080054605883136048554894173783193438041716508681297001277350562437894851607688119124032266056066591963623197071229719772200831481260746898621517899928612391918713268983151048632780119648896253765940151777173575597570025320253082336116946689981147789765900355562110523987436189411566954756946831913765892283629482126668117215787661175622538482371666841405595054624551275871666632475049764341931929868507018454948365774171910807496638367218687366613903751947086947394002612630474683257999387223688134848014104823955551645010680263372366206458226198558279883447844315148180302724249331888726196930807213187997142652942313186005148224878224024593537200103980637926868603500896185830904692094904758235554768415409124757267836161356776521732484146109863946926378105041694979170269733992817805415234240628485488200053302199364211031646323082439647263607276631895871769259044401451363766451126814443473134220489198884697731101960802990910300139680959518854832128513597114746389737973151315057975842081443516593123962467786526070102139874765749035637088432614260030772344792316488840415153698481155126035457741137680097748660410763036811870095293313414540437283852893333234643562710973384060038416228190613325616933189150517789061901654152308030489428549857055082465581427407486143000730202660813809057790100346399768338483335257539245860316494779637880208922066168766414992991208014608723526	24739664234858139289596792776213395126048089560964325860575729835583842533848297593721721016960133864586270478784566007837923738431102728632493488653686206422427517659865711750940728149273086021245543535037838973580791205998559559705146231073926853464589222083804255555246497856881480415382797028869947515409102466362624308138158295291171590499716827763074129642966611568980216950264829324577223314767622193926428361795673887835629956332562297465397279725893986435790621308317269268856881805654365465396459180361810212552392995264852193433280433258188779211896433656912690564002557543250673156421667764668236781952850982629778814217384438800569104873914151225457969126655952227400981393524039718258600500038035726455070068944432622142862524152684687123594860595765059200459981272529406516243425962957012576867490658726986026722180698217312788933354193995408757039115876907513670085001165669118485616264261888736175570565920805527055528071932177850674296160319879959605667945565690721172572749561424617027837407176906531354804980365442446343891397651704871647118327773450016445278339898989384299592794511445998991916998045003607230690602303876149209851274958049158657286619350298225360207043927020857827462682077120984104025380130222960767706531851061263270527508363808559469641900679055204385120949512835559731615214552862120444696753685418083025252720365797213122517126492975582255347004941983197164724513383656930383866091012072708185097169676771810228590152706669003725792633571385997372234953371065020612542293903077335653525115977808680836263146590981079247887221858904364226385962137872772723941049106778755214247914812345636028716662249110262965472888773267439579317891921782317918423933114006534814467374270728062147436904069677031281850266008000171897149092232155561665112184172027458388976083708407338858789206156680132195260960727802790084035302902635810548227352326918892626768096980427231216145375505866079416950327694622000464122043938152802476393805881981041152882079708912625313449294944955385648186314531079474561258524752764052717326338193355789322337853666847393664902807746029827899074462797846264455496436928945922431557197351701864449641918576941927023783290958101995967714847577744060734146840694414781040578677889105244664885873196988762332251046102643520420205198747275484032601762191293569346700895161875470330647534391203484723879051912966118847435183550900722111444913	1,3,3,3,3,3,3,3,3,3,3,3	4,-4,-4,-4,-4,-4,-4,3,3,3,3,3	ok
-0.098098	12.552553	-55.713116	0.459641	continued:5	24739664234858138982047535273920704865888201889876711837493816699690678265963591165069870505023217046633362579621148489165328977987949899797415602900085081435628786567950676391780949633448253616219680559998014214784634910618447122667639804607217055610037222276897125660535867393387520758988742191975475097134159821776175469287214857624750265388130867415580412873925910271279382629434282479656095907178473638142326186864698341018602123575843883404208311798618679388046194707946385968872279636660172423920762823771748609336176990325713506490614247467311351878471253089939596514261196666267475682898635077588364628629417296554229734815495315011752337585393015754405944996164827318009845582551593321289722257247006063686910061456841431892563940020873466746931070957111770150069590359792388197563206227771911411885143855184505614961998508226343153531223089971459935049708039359327667779120430067461929055441744031224422705223831560005091108633317128720548165517033711719448300771525660964913525817712220131912105082815080054605883136048554894173783193438041716508681297001277350562437894851607688119124032266056066591963623197071229719772200831481260746898621517899928612391918713268983151048632780119655930408190582553524627904057071942769938736862457235924274975877692875969260912825240440176312796169883715527296420812911085368231803397367822990876417832371726944474641149344806282859835563177758758315140869621665338558538229319788140992642348683078964438303205169238089677606281386970253341769254691973676747054001600056884371509167578247128910554017708455798400339763929792299326278161913247735847547901720607853014273297061169415154483166033077865097453650461838107532682052642437808745312631797604500447563344035980600655360681484274936965759099895773785743476559627847035998495623947412514142251410657373695628596507787826274803330499930271551011927848963095389998115464084361772602196582573023653623911344037727364227195594183603523434780747077500441651045950433605054450968920210102886398197382751252220063486096686194630712738899496659850907030285511459146924946136142303252814811401903979278425790228571196558652325907826618637862596663393079577711958009484587139118727133603578984775841831059511392904829664132579075616389269418347099007484820626482853352165533173315748528323140233506000037753936239379980930850327518548701251621213257545847129540580490183656973082502121819713680447958	24739664234858139289596792776213395126048089560964325860575729835583842533848297593721721016960133864586270478784566007837923738431102728632493488653686206422427517659865711750940728149273086021245543535037838973580791205998559559705146231073926853464589222083804255555246497856881480415382797028869947515409102466362624308138158295291171590499716827763074129642966611568980216950264829324577223314767622193926428361795673887835629956332562297465397279725893986435790621308317269268856881805654365465396459180361810212552392995264852193433280433258188779211896433656912690564002557543250673156421667764668236781952850982629778814217384438800569104873914151225457969126655952227400981393524039718258600500038035726455070068944432622142862524152684687123594860595765059200459981272529406516243425962957012576867490658726986026722180698217312788933354193995408757039115876907513670085001165669118485616264261888736175570565920805527055528071932177850674296160319879959605667945565690721172572749561424617027837407176906531354804980365442446343891397651704871647118327773450016445278339898989384299592794511445998991916998045003607230690602303876149209851274958049158657286619350298225360207043927020857827462682077120984104025380130222960767706531851061263270527508363808559469641900679055204385120949512835559731615214552862120444696753685418083025252720365797213122517126492975582255347004941983197164724513383656930383866091012072708185097169676771810228590152706669003725792633571385997372234953371065020612542293903077335653525115977808680836263146590981079247887221858904364226385962137872772723941049106778755214247914812345636028716662249110262965472888773267439579317891921782317918423933114006534814467374270728062147436904069677031281850266008000171897149092232155561665112184172027458388976083708407338858789206156680132195260960727802790084035302902635810548227352326918892626768096980427231216145375505866079416950327694622000464122043938152802476393805881981041152882079708912625313449294944955385648186314531079474561258524752764052717326338193355789322337853666847393664902807746029827899074462797846264455496436928945922431557197351701864449641918576941927023783290958101995967714847577744060734146840694414781040578677889105244664885873196988762332251046102643520420205198747275484032601762191293569346700895161875470330647534391203484723879051912966118847435183550900722111444913	-2,3,3,3,3,3,3,3,3,3,3,3	4,-4,-4,-4,-4,-4,-4,3,3,3,3,3	ok
-0.094094	12.552553	-56.320670	0.462435	continued:5	24739664234858138982047535273920704865888201889876711837493816699690678265963591165069870505023217046633362579621148489165328977987949899797415602900085081435628786567950676391780949633448253616219680559998014214784634910618447122667639804607217055610037222276897125660535867393387520758988742191975475097134159821776175469287214857624750265388130867415580412873925910271279382629434282479656095907178473638142326186864698341018602123575843883404208311798618679388046194707946385968872279636660172423920762823771748609336176990325713506490614247467311351878471253089939596514261196666267475682898635077588364628629417296554229734815495315011752337585393015754405944996164827318009845582551593321289722257247006063686910061456841431892563940020873466746931070957111770150069590359792388197563206227771911411885143855184505614961998508226343153531223089971459935049708039359327667779120430067461929055441744031224422705223831560005091108633317128720548165517033711719448300771525660964913525817712220131912105082815080054605883136048554894173783193438041716508681297001277350562437894851607688119124032266056066591963623197071229719772200831481260746898621517899928612391918713268983151048632780119655930408190582553524627904057071942769938736862457235924274975877692875969260912825240440176312796169883715527296420812911085368231803397367822990876417832371726944474641149344806282859835563177758758315140869621665338558538229319788140992642348683078964438303205169238089677606281386970253341769254691973676747054001600056884371509167578247128910554017708455798400339763929792299326278161913247735847547901720607853014273297061169415154483166033077865097453650461838107532682052642437808745312631797604500447563344035980600655360681484274936965759099895773785743476559627847035998495623947412514142251410657373695628596507787826274803330499930271551011927848963095389998115464084361772602196582573023653623911344037727364227195594183603523434780747077500441651045950433605054450968920210102886398197382751252220063486096686194630712738899496659850907030285511459146924946136142303252814811401903979278425790228571196558652325907826618637862596663393079577711958009484587139118727133603578984775841831059511392904829664132579075616389269418347099007484820626482853352165533173315748528323140233506000037753936239379980930850327518548701251621213257545847129540580490183656973082502121819713680447958	24739664234858139289596792776213395126048089560964325860575729835583842533848297593721721016960133864586270478784566007837923738431102728632493488653686206422427517659865711750940728149273086021245543535037838973580791205998559559705146231073926853464589222083804255555246497856881480415382797028869947515409102466362624308138158295291171590499716827763074129642966611568980216950264829324577223314767622193926428361795673887835629956332562297465397279725893986435790621308317269268856881805654365465396459180361810212552392995264852193433280433258188779211896433656912690564002557543250673156421667764668236781952850982629778814217384438800569104873914151225457969126655952227400981393524039718258600500038035726455070068944432622142862524152684687123594860595765059200459981272529406516243425962957012576867490658726986026722180698217312788933354193995408757039115876907513670085001165669118485616264261888736175570565920805527055528071932177850674296160319879959605667945565690721172572749561424617027837407176906531354804980365442446343891397651704871647118327773450016445278339898989384299592794511445998991916998045003607230690602303876149209851274958049158657286619350298225360207043927020857827462682077120984104025380130222960767706531851061263270527508363808559469641900679055204385120949512835559731615214552862120444696753685418083025252720365797213122517126492975582255347004941983197164724513383656930383866091012072708185097169676771810228590152706669003725792633571385997372234953371065020612542293903077335653525115977808680836263146590981079247887221858904364226385962137872772723941049106778755214247914812345636028716662249110262965472888773267439579317891921782317918423933114006534814467374270728062147436904069677031281850266008000171897149092232155561665112184172027458388976083708407338858789206156680132195260960727802790084035302902635810548227352326918892626768096980427231216145375505866079416950327694622000464122043938152802476393805881981041152882079708912625313449294944955385648186314531079474561258524752764052717326338193355789322337853666847393664902807746029827899074462797846264455496436928945922431557197351701864449641918576941927023783290958101995967714847577744060734146840694414781040578677889105244664885873196988762332251046102643520420205198747275484032601762191293569346700895161875470330647534391203484723879051912966118847435183550900722111444913	-2,3,3,3,3,3,3,3,3,3,3,3	4,-4,-4,-4,-4,-4,-4,3,3,3,3,3	ok
-0.090090	12.552553	-56.742115	0.465228	continued:5	24739664234858138982047535273920704865888201889876711837493816699690678265963591165069870505023217046633362579621148489165328977987949899797415602900085081435628786567950676391780949633448253616219680559998014214784634910618447122667639804607217055610037222276897125660535867393387520758988742191975475097134159821776175469287214857624750265388130867415580412873925910271279382629434282479656095907178473638142326186864698341018602123575843883404208311798618679388046194707946385968872279636660172423920762823771748609336176990325713506490614247467311351878471253089939596514261196666267475682898635077588364628629417296554229734815495315011752337585393015754405944996164827318009845582551593321289722257247006063686910061456841431892563940020873466746931070957111770150069590359792388197563206227771911411885143855184505614961998508226343153531223089971459935049708039359327667779120430067461929055441744031224422705223831560005091108633317128720548165517033711719448300771525660964913525817712220131912105082815080054605883136048554894173783193438041716508681297001277350562437894851607688119124032266056066591963623197071229719772200831481260746898621517899928612391918713268983151048632780119648896253765940151777173575597570025320253082336116946689981147789765900355562110523987436189411566954756946831913765892283629482126668117215787661175622538482371666841405595054624551275871666632475049764341931929868507018454948365774171910807496638367218687366613903751947086947394002612630474683257999387223688134848014104823955551645010680263372366206458226198558279883447844315148180302724249331888726196930807213187997142652942313186005148224878224024593537200103980637926868603500896185830904692094904758235554768415409124757267836161356776521732484146109863946926378105041694979170269733992817805415234240628485488200053302199364211031646323082439647263607276631895871769259044401451363766451126814443473134220489198884697731101960802990910300139680959518854832128513597114746389737973151315057975842081443516593123962467786526070102139874765749035637088432614260030772344792316488840415153698481155126035457741137680097748660410763036811870095293313414540437283852893333234643562710973384060038416228190613325616933189150517789061901654152308030489428549857055082465581427407486143000730202660813809057790100346399768338483335257539245860316494779637880208922066168766414992991208014608723526	24739664234858139289596792776213395126048089560964325860575729835583842533848297593721721016960133864586270478784566007837923738431102728632493488653686206422427517659865711750940728149273086021245543535037838973580791205998559559705146231073926853464589222083804255555246497856881480415382797028869947515409102466362624308138158295291171590499716827763074129642966611568980216950264829324577223314767622193926428361795673887835629956332562297465397279725893986435790621308317269268856881805654365465396459180361810212552392995264852193433280433258188779211896433656912690564002557543250673156421667764668236781952850982629778814217384438800569104873914151225457969126655952227400981393524039718258600500038035726455070068944432622142862524152684687123594860595765059200459981272529406516243425962957012576867490658726986026722180698217312788933354193995408757039115876907513670085001165669118485616264261888736175570565920805527055528071932177850674296160319879959605667945565690721172572749561424617027837407176906531354804980365442446343891397651704871647118327773450016445278339898989384299592794511445998991916998045003607230690602303876149209851274958049158657286619350298225360207043927020857827462682077120984104025380130222960767706531851061263270527508363808559469641900679055204385120949512835559731615214552862120444696753685418083025252720365797213122517126492975582255347004941983197164724513383656930383866091012072708185097169676771810228590152706669003725792633571385997372234953371065020612542293903077335653525115977808680836263146590981079247887221858904364226385962137872772723941049106778755214247914812345636028716662249110262965472888773267439579317891921782317918423933114006534814467374270728062147436904069677031281850266008000171897149092232155561665112184172027458388976083708407338858789206156680132195260960727802790084035302902635810548227352326918892626768096980427231216145375505866079416950327694622000464122043938152802476393805881981041152882079708912625313449294944955385648186314531079474561258524752764052717326338193355789322337853666847393664902807746029827899074462797846264455496436928945922431557197351701864449641918576941927023783290958101995967714847577744060734146840694414781040578677889105244664885873196988762332251046102643520420205198747275484032601762191293569346700895161875470330647534391203484723879051912966118847435183550900722111444913	1,3,3,3,3,3,3,3,3,3,3,3	4,-4,-4,-4,-4,-4,-4,3,3,3,3,3	ok
-0.086086	12.552553	-57.038577	0.464854	full	24739664234858138982047535273920704865888201889876711837493816699690678265963591165069870505023217046633362579621148489165328977987949899797415602900085081435628786567950676391780949633448253616219680559998014214784634910618447122667639804607217055610037222276897125660535867393387520758988742191975475097134159821776175469287214857624750265388130867415580412873925910271279382629434282479656095907178473638142326186864698341018602123575843883404208311798618679388046194707946385968872279636660172423920762823771748609336176990325713506490614247467311351878471253089939596514261196666267475682898635077588364628629417296554229734815495315011752337585393015754405944996164827318009845582551593321289722257247006063686910061456841431892563940020873466746931070957111770150069590359792388197563206227771911411885143855184505614961998508226343153531223089971459935049708039359327667779120430067461929055441744031224422705223831560005091108633317128720548165517033711719448300771525660964913525817712220131912105082815080054605883136048554894173783193438041716508681297001277350562437894851607688119124032266056066591963623197071229719772200831481260746898621517899928612391918713268983151048632780119648896253765940151777173575597570025320253082336116946689981147789765900355562110523987436189411566954756946831913765892283629482126668117215787661175622538482371666841405595054624551275871666632475049764341931929868507018454948365774171910807496638367218687366613903751947086947394002612630474683257999387223688134848014104823955551645010680263372366206458226198558279883447844315148180302724249331888726196930807213187997142652942313186005148224878224024593537200103980637926868603500896185830904692094904758235554768415409124757267836161356776521732484146109863946926378105041694979170269733992817805415234240628485488200053302199364211031646323082439647263607276631895871769259044401451363766451126814443473134220489198884697731101960802990910300139680959518854832128513597114746389737973151315057975842081443516593123962467786526070102139874765749035637088432614260030772344792316488840415153698481155126035457741137680097748660410763036811870095293313414540437283852893333234643562710973384060038416228190613325616933189150517789061901654152308030489428549857055082465581427407486143000730202660813809057790100346399768338483335257539245860316494779637880208922066168766414992991208014608723526	24739664234858139289596792776213395126048089560964325860575729835583842533848297593721721016960133864586270478784566007837923738431102728632493488653686206422427517659865711750940728149273086021245543535037838973580791205998559559705146231073926853464589222083804255555246497856881480415382797028869947515409102466362624308138158295291171590499716827763074129642966611568980216950264829324577223314767622193926428361795673887835629956332562297465397279725893986435790621308317269268856881805654365465396459180361810212552392995264852193433280433258188779211896433656912690564002557543250673156421667764668236781952850982629778814217384438800569104873914151225457969126655952227400981393524039718258600500038035726455070068944432622142862524152684687123594860595765059200459981272529406516243425962957012576867490658726986026722180698217312788933354193995408757039115876907513670085001165669118485616264261888736175570565920805527055528071932177850674296160319879959605667945565690721172572749561424617027837407176906531354804980365442446343891397651704871647118327773450016445278339898989384299592794511445998991916998045003607230690602303876149209851274958049158657286619350298225360207043927020857827462682077120984104025380130222960767706531851061263270527508363808559469641900679055204385120949512835559731615214552862120444696753685418083025252720365797213122517126492975582255347004941983197164724513383656930383866091012072708185097169676771810228590152706669003725792633571385997372234953371065020612542293903077335653525115977808680836263146590981079247887221858904364226385962137872772723941049106778755214247914812345636028716662249110262965472888773267439579317891921782317918423933114006534814467374270728062147436904069677031281850266008000171897149092232155561665112184172027458388976083708407338858789206156680132195260960727802790084035302902635810548227352326918892626768096980427231216145375505866079416950327694622000464122043938152802476393805881981041152882079708912625313449294944955385648186314531079474561258524752764052717326338193355789322337853666847393664902807746029827899074462797846264455496436928945922431557197351701864449641918576941927023783290958101995967714847577744060734146840694414781040578677889105244664885873196988762332251046102643520420205198747275484032601762191293569346700895161875470330647534391203484723879051912966118847435183550900722111444913	1,3,3,3,3,3,3,3,3,3,3,3	4,-4,-4,-4,-4,-4,-4,3,3,3,3,3	ok
-0.082082	12.552553	-47.269915	0.446555	continued:5	24739665630500802138610170887519272966771298454457124053431325632156904049064895741755490753422315552977895520720975891498656739086660502486951720874535930777038264079654486696806199080647084522983917136963884370348990004143791410489326516430000194438660880919820488766925303365962093933959575081920131962673523344969600533381766340980003792586369026711412116154803807367520822296384209539557816686263434516742684038799495085817087117773251057547921602984121848061476616270441885331717510898936313762203919152925879417627701717527935659433861129698733565802577206541266825715457828956776037319737138271803306595366129436121485948293762460593964625354580159242309738948400273313934907150446568543458827655570219767133649679741594302510605733077647524871262059050938829527622716655327741932897805780443015242482143436375713155149685889999615249058494382500934285056057517312062669419785173078243587534805526887714760598541358140482114471305453850744723252729733937992133004013302413276538178094140628643128347042162826623357813773406541335032232691214937391196292853585674761821225512469775314111548594094991602440046573019905356059332540165516711451434594826806615851220565279219123622984888807341189785547458533292314406510882156581844213733673303988102544926104505054085853001768673401187377897172077105748488120667323552420315608473401325434671469156763532422312654394294500286767053813829358136494434320159259337866098177720981157196218736105005050011101346638676101353574973673412059140741552933816318122387160365484151283238716991181631366618252962718142926872075967896939646229804071870951010170617275504923414163443171433457849364347882802582634199797651769357667482533688448555728211990076949338062582710630172020007947671221102073045883100774658374850140363607356756138033910514100479975184414114804123577275199205706194510562559771423370586763893886764139015685738925476473831031184647958268693849091805324335159788093055601303023067075504918711229721656789587097563826255902282096905295213641827919172066605311241667240326424949277630066797371812163165912271582321005720813696787351664127619890021388206149049290395989104686698033066654152467977205719783108787077996519271992011077686932314698926377829011335308799335324177168152565310021331880015069464539080022893521788323573885213894625842764068217159830458739740503496771682933418931471522702876891996590330176904469374465768403238	24739664234858139289596792776213395126048089560964325860575729835583842533848297593721721016960133864586270478784566007837923738431102728632493488653686206422427517659865711750940728149273086021245543535037838973580791205998559559705146231073926853464589222083804255555246497856881480415382797028869947515409102466362624308138158295291171590499716827763074129642966611568980216950264829324577223314767622193926428361795673887835629956332562297465397279725893986435790621308317269268856881805654365465396459180361810212552392995264852193433280433258188779211896433656912690564002557543250673156421667764668236781952850982629778814217384438800569104873914151225457969126655952227400981393524039718258600500038035726455070068944432622142862524152684687123594860595765059200459981272529406516243425962957012576867490658726986026722180698217312788933354193995408757039115876907513670085001165669118485616264261888736175570565920805527055528071932177850674296160319879959605667945565690721172572749561424617027837407176906531354804980365442446343891397651704871647118327773450016445278339898989384299592794511445998991916998045003607230690602303876149209851274958049158657286619350298225360207043927020857827462682077120984104025380130222960767706531851061263270527508363808559469641900679055204385120949512835559731615214552862120444696753685418083025252720365797213122517126492975582255347004941983197164724513383656930383866091012072708185097169676771810228590152706669003725792633571385997372234953371065020612542293903077335653525115977808680836263146590981079247887221858904364226385962137872772723941049106778755214247914812345636028716662249110262965472888773267439579317891921782317918423933114006534814467374270728062147436904069677031281850266008000171897149092232155561665112184172027458388976083708407338858789206156680132195260960727802790084035302902635810548227352326918892626768096980427231216145375505866079416950327694622000464122043938152802476393805881981041152882079708912625313449294944955385648186314531079474561258524752764052717326338193355789322337853666847393664902807746029827899074462797846264455496436928945922431557197351701864449641918576941927023783290958101995967714847577744060734146840694414781040578677889105244664885873196988762332251046102643520420205198747275484032601762191293569346700895161875470330647534391203484723879051912966118847435183550900722111444913	-2,4,-4,-4,-4,-4,-4,-4,3,3,3,3	4,-4,-4,-4,-4,-4,-4,3,3,3,3,3	ok
-0.078078	12.552553	-50.937906	0.449348	continued:5	24739665630500802138610170887519272966771298454457124053431325632156904049064895741755490753422315552977895520720975891498656739086660502486951720874535930777038264079654486696806199080647084522983917136963884370348990004143791410489326516430000194438660880919820488766925303365962093933959575081920131962673523344969600533381766340980003792586369026711412116154803807367520822296384209539557816686263434516742684038799495085817087117773251057547921602984121848061476616270441885331717510898936313762203919152925879417627701717527935659433861129698733565802577206541266825715457828956776037319737138271803306595366129436121485948293762460593964625354580159242309738948400273313934907150446568543458827655570219767133649679741594302510605733077647524871262059050938829527622716655327741932897805780443015242482143436375713155149685889999615249058494382500934285056057517312062669419785173078243587534805526887714760598541358140482114471305453850744723252729733937992133004013302413276538178094140628643128347042162826623357813773406541335032232691214937391196292853585674761821225512469775314111548594094991602440046573019905356059332540165516711451434594826806615851220565279219123622984888807341182751392835481450111092347669953187058361047318057112556565181415100104571461592969320107471556174047186175962338328206570367862083337894125949041247646051899048475359730405917945483876539336514104462111728965277989893115200937756486547531572275697033318179637278752273490381515398069154836501319082659786753201532772515925270237667336626679298080214512763953469899679130535556309006471094150875793272797054399467728937347928400616562311166777457188227779283113771749684328679063426168717701883761442053565602237032225671033415030666329462808616531545919607341776065256819439836029243772873905914355751641668523023076276391612200588521530205601304547622148210732368694480854560075368510968793671033117235091383573429304196641901600135848356440183590600518554984590563277195318755756989950510887253603968795501095271579871498916009705602601605438343311315808600078303839485975256608359043993263700284775819514083049731997060913758647076594623344696066130371436325537124395311340266432794706988484010546769057666988154781162137068315217127027005913079862383102043186326935891253733833508333592902235626273172120206384399110922032347325283566887971356243110081032344661525142850054377500687690683040153	24739664234858139289596792776213395126048089560964325860575729835583842533848297593721721016960133864586270478784566007837923738431102728632493488653686206422427517659865711750940728149273086021245543535037838973580791205998559559705146231073926853464589222083804255555246497856881480415382797028869947515409102466362624308138158295291171590499716827763074129642966611568980216950264829324577223314767622193926428361795673887835629956332562297465397279725893986435790621308317269268856881805654365465396459180361810212552392995264852193433280433258188779211896433656912690564002557543250673156421667764668236781952850982629778814217384438800569104873914151225457969126655952227400981393524039718258600500038035726455070068944432622142862524152684687123594860595765059200459981272529406516243425962957012576867490658726986026722180698217312788933354193995408757039115876907513670085001165669118485616264261888736175570565920805527055528071932177850674296160319879959605667945565690721172572749561424617027837407176906531354804980365442446343891397651704871647118327773450016445278339898989384299592794511445998991916998045003607230690602303876149209851274958049158657286619350298225360207043927020857827462682077120984104025380130222960767706531851061263270527508363808559469641900679055204385120949512835559731615214552862120444696753685418083025252720365797213122517126492975582255347004941983197164724513383656930383866091012072708185097169676771810228590152706669003725792633571385997372234953371065020612542293903077335653525115977808680836263146590981079247887221858904364226385962137872772723941049106778755214247914812345636028716662249110262965472888773267439579317891921782317918423933114006534814467374270728062147436904069677031281850266008000171897149092232155561665112184172027458388976083708407338858789206156680132195260960727802790084035302902635810548227352326918892626768096980427231216145375505866079416950327694622000464122043938152802476393805881981041152882079708912625313449294944955385648186314531079474561258524752764052717326338193355789322337853666847393664902807746029827899074462797846264455496436928945922431557197351701864449641918576941927023783290958101995967714847577744060734146840694414781040578677889105244664885873196988762332251046102643520420205198747275484032601762191293569346700895161875470330647534391203484723879051912966118847435183550900722111444913	1,4,-4,-4,-4,-4,-4,-4,3,3,3,3	4,-4,-4,-4,-4,-4,-4,3,3,3,3,3	ok
-0.074074	12.552553	-53.338526	0.451266	continued:5	24739664234858138982047535273920704895757539726112908251438163205018941142815780311745551274768732340258877681883220709254438060557727943084431578832787664786285033962897137475109966594536921196345368988178928734319550990616798234738426441329975811082542418687032574754555670308806400073011386994034122559084338923961564827243679948341711906639370687199591334610184232323549682995276987956088064516661660343597404353309026284818116830917705446825786992810866587209705521015335282251073699235984232692064386328873635550251467202252037321107786049250681199223578740058812830716655171327994111037989160554259663041255730806104822364702767003886426236948197875179044375918947062777752518800945220039096656325624832428902632916718843792734174910613073877182282814845299795859817832873050829380297050086561327142630676041705608701295328883785288019463302235365810057437776994452568277033509701397890179816214208032024713357498876567322388814154303003931713475645588699713181579139545605564594106502193640473675998821326912636802272263104652883469557388721394548958714742151679764225722796250070551524401796064839535518648641058846020683987900923271122883848006060940514381132676162478441282448143119470227210432227122363713371255441354621052509508984709634926146647286000378028149020408135579796249985685416544122878976762015235710406679767054221469630668164508756954128670266820083169508953133382895781415892028857527433800331452509796880235124731818611926094996337828751367422770972106106871945447087787459013419016539682579692253007997669256306678044334190343958737683833626787830959854189876711673345743229891352071395441453714329516872363078558572585460064194527798019451500567712566804669085534009811391321703082108952041911184337041897792539402496106214458120979277192533259839067349129963145395443534147512377238039651898685713406445449049290166872617628617292086319375613642792703810618236745564851457049087158661840834963661419540135158363742337750878630973637161914688328900311151288869242457269541014220968487060804170517057834972965455408167521485957636626702129395672139918211400852445909138229939457411027786749047331318679203233959006853076598513293545187508811641950752377849176619622422822865690583986800091214624688328197908428394843316056532803829279453545060994789096398534012484533311814877844201908213083717792014484879802543088847813769703124411954747150298542713179850503414173	24739664234858139289596792776213395126048089560964325860575729835583842533848297593721721016960133864586270478784566007837923738431102728632493488653686206422427517659865711750940728149273086021245543535037838973580791205998559559705146231073926853464589222083804255555246497856881480415382797028869947515409102466362624308138158295291171590499716827763074129642966611568980216950264829324577223314767622193926428361795673887835629956332562297465397279725893986435790621308317269268856881805654365465396459180361810212552392995264852193433280433258188779211896433656912690564002557543250673156421667764668236781952850982629778814217384438800569104873914151225457969126655952227400981393524039718258600500038035726455070068944432622142862524152684687123594860595765059200459981272529406516243425962957012576867490658726986026722180698217312788933354193995408757039115876907513670085001165669118485616264261888736175570565920805527055528071932177850674296160319879959605667945565690721172572749561424617027837407176906531354804980365442446343891397651704871647118327773450016445278339898989384299592794511445998991916998045003607230690602303876149209851274958049158657286619350298225360207043927020857827462682077120984104025380130222960767706531851061263270527508363808559469641900679055204385120949512835559731615214552862120444696753685418083025252720365797213122517126492975582255347004941983197164724513383656930383866091012072708185097169676771810228590152706669003725792633571385997372234953371065020612542293903077335653525115977808680836263146590981079247887221858904364226385962137872772723941049106778755214247914812345636028716662249110262965472888773267439579317891921782317918423933114006534814467374270728062147436904069677031281850266008000171897149092232155561665112184172027458388976083708407338858789206156680132195260960727802790084035302902635810548227352326918892626768096980427231216145375505866079416950327694622000464122043938152802476393805881981041152882079708912625313449294944955385648186314531079474561258524752764052717326338193355789322337853666847393664902807746029827899074462797846264455496436928945922431557197351701864449641918576941927023783290958101995967714847577744060734146840694414781040578677889105244664885873196988762332251046102643520420205198747275484032601762191293569346700895161875470330647534391203484723879051912966118847435183550900722111444913	1,-4,-4,-4,-4,-4,3,3,3,3,3,3	4,-4,-4,-4,-4,-4,-4,3,3,3,3,3	ok
-0.070070	12.552553	-54.859600	0.454060	continued:5	24739664234858138982047535273920704865888201889876711837493816699690678265963591165069870505023217046633362579621148489165328977987949899797415602900085081435628786567950676391780949633448253616219680559998014214784634910618447122667639804607217055610037222276897125660535867393387520758988742191975475097134159821776175469287214857624750265388130867415580412873925910271279382629434282479656095907178473638142326186864698341018602123575843883404208311798618679388046194707946385968872279636660172423920762823771748609336176990325713506490614247467311351878471253089939596514261196666267475682898635077588364628629417296554229734815495315011752337585393015754405944996164827318009845582551593321289722257247006063686910061456841431892563940020873466746931070957111770150069590359792388197563206227771911411885143855184505614961998508226343153531223089971459935049708039359327667779120430067461929055441744031224422705223831560005091108633317128720548165517033711719448300771525660964913525817712220131912105082815080054605883136048554894173783193438041716508681297001277350562437894851607688119124032266056066591963623197071229719772200831481260746898621517899928612391918713268983151048632780119648896253765940151777173575597570025320253082336116946689981147789765900355562110523987436189411566954756946831913765892283629482126668117215787661175622538482371666841405595054624551275871666632475049764341931929868507018454948365774171910807496638367218687366613903751947086947394002612630474683257999387223688134848014104823955551645010680263372366206458226198558279883447844315148180302724249331888726196930807213187997142652942313186005148224878224024593537200103980637926868603500896185830904692094904758235554768415409124757267836161356776521732484146109863946926378105041694979170269733992817805415234240628485488200053302199364211031646323082439647263607276631895871769259044401451363766451126814443473134220489198884697731101960802990910300139680959518854832128513597114746389737973151315057975842081443516593123962467786526070102139874765749035637088432614260030772344792316488840415153698481155126035457741137680097748660410763036811870095293313414540437283852893333234643562710973384060038416228190613325616933189150517789061901654152308030489428549857055082465581427407486143000730202660813809057790100346399768338483335257539245860316494779637880208922066168766414992991208014608723526	24739664234858139289596792776213395126048089560964325860575729835583842533848297593721721016960133864586270478784566007837923738431102728632493488653686206422427517659865711750940728149273086021245543535037838973580791205998559559705146231073926853464589222083804255555246497856881480415382797028869947515409102466362624308138158295291171590499716827763074129642966611568980216950264829324577223314767622193926428361795673887835629956332562297465397279725893986435790621308317269268856881805654365465396459180361810212552392995264852193433280433258188779211896433656912690564002557543250673156421667764668236781952850982629778814217384438800569104873914151225457969126655952227400981393524039718258600500038035726455070068944432622142862524152684687123594860595765059200459981272529406516243425962957012576867490658726986026722180698217312788933354193995408757039115876907513670085001165669118485616264261888736175570565920805527055528071932177850674296160319879959605667945565690721172572749561424617027837407176906531354804980365442446343891397651704871647118327773450016445278339898989384299592794511445998991916998045003607230690602303876149209851274958049158657286619350298225360207043927020857827462682077120984104025380130222960767706531851061263270527508363808559469641900679055204385120949512835559731615214552862120444696753685418083025252720365797213122517126492975582255347004941983197164724513383656930383866091012072708185097169676771810228590152706669003725792633571385997372234953371065020612542293903077335653525115977808680836263146590981079247887221858904364226385962137872772723941049106778755214247914812345636028716662249110262965472888773267439579317891921782317918423933114006534814467374270728062147436904069677031281850266008000171897149092232155561665112184172027458388976083708407338858789206156680132195260960727802790084035302902635810548227352326918892626768096980427231216145375505866079416950327694622000464122043938152802476393805881981041152882079708912625313449294944955385648186314531079474561258524752764052717326338193355789322337853666847393664902807746029827899074462797846264455496436928945922431557197351701864449641918576941927023783290958101995967714847577744060734146840694414781040578677889105244664885873196988762332251046102643520420205198747275484032601762191293569346700895161875470330647534391203484723879051912966118847435183550900722111444913	1,3,3,3,3,3,3,3,3,3,3,3	4,-4,-4,-4,-4,-4,-4,3,3,3,3,3	ok
-0.066066	12.552553	-55.766442	0.456853	continued:5	24739664234858138982047535273920704865888201889876711837493816699690678265963591165069870505023217046633362579621148489165328977987949899797415602900085081435628786567950676391780949633448253616219680559998014214784634910618447122667639804607217055610037222276897125660535867393387520758988742191975475097134159821776175469287214857624750265388130867415580412873925910271279382629434282479656095907178473638142326186864698341018602123575843883404208311798618679388046194707946385968872279636660172423920762823771748609336176990325713506490614247467311351878471253089939596514261196666267475682898635077588364628629417296554229734815495315011752337585393015754405944996164827318009845582551593321289722257247006063686910061456841431892563940020873466746931070957111770150069590359792388197563206227771911411885143855184505614961998508226343153531223089971459935049708039359327667779120430067461929055441744031224422705223831560005091108633317128720548165517033711719448300771525660964913525817712220131912105082815080054605883136048554894173783193438041716508681297001277350562437894851607688119124032266056066591963623197071229719772200831481260746898621517899928612391918713268983151048632780119655930408190582553524627904057071942769938736862457235924274975877692875969260912825240440176312796169883715527296420812911085368231803397367822990876417832371726944474641149344806282859835563177758758315140869621665338558538229319788140992642348683078964438303205169238089677606281386970253341769254691973676747054001600056884371509167578247128910554017708455798400339763929792299326278161913247735847547901720607853014273297061169415154483166033077865097453650461838107532682052642437808745312631797604500447563344035980600655360681484274936965759099895773785743476559627847035998495623947412514142251410657373695628596507787826274803330499930271551011927848963095389998115464084361772602196582573023653623911344037727364227195594183603523434780747077500441651045950433605054450968920210102886398197382751252220063486096686194630712738899496659850907030285511459146924946136142303252814811401903979278425790228571196558652325907826618637862596663393079577711958009484587139118727133603578984775841831059511392904829664132579075616389269418347099007484820626482853352165533173315748528323140233506000037753936239379980930850327518548701251621213257545847129540580490183656973082502121819713680447958	24739664234858139289596792776213395126048089560964325860575729835583842533848297593721721016960133864586270478784566007837923738431102728632493488653686206422427517659865711750940728149273086021245543535037838973580791205998559559705146231073926853464589222083804255555246497856881480415382797028869947515409102466362624308138158295291171590499716827763074129642966611568980216950264829324577223314767622193926428361795673887835629956332562297465397279725893986435790621308317269268856881805654365465396459180361810212552392995264852193433280433258188779211896433656912690564002557543250673156421667764668236781952850982629778814217384438800569104873914151225457969126655952227400981393524039718258600500038035726455070068944432622142862524152684687123594860595765059200459981272529406516243425962957012576867490658726986026722180698217312788933354193995408757039115876907513670085001165669118485616264261888736175570565920805527055528071932177850674296160319879959605667945565690721172572749561424617027837407176906531354804980365442446343891397651704871647118327773450016445278339898989384299592794511445998991916998045003607230690602303876149209851274958049158657286619350298225360207043927020857827462682077120984104025380130222960767706531851061263270527508363808559469641900679055204385120949512835559731615214552862120444696753685418083025252720365797213122517126492975582255347004941983197164724513383656930383866091012072708185097169676771810228590152706669003725792633571385997372234953371065020612542293903077335653525115977808680836263146590981079247887221858904364226385962137872772723941049106778755214247914812345636028716662249110262965472888773267439579317891921782317918423933114006534814467374270728062147436904069677031281850266008000171897149092232155561665112184172027458388976083708407338858789206156680132195260960727802790084035302902635810548227352326918892626768096980427231216145375505866079416950327694622000464122043938152802476393805881981041152882079708912625313449294944955385648186314531079474561258524752764052717326338193355789322337853666847393664902807746029827899074462797846264455496436928945922431557197351701864449641918576941927023783290958101995967714847577744060734146840694414781040578677889105244664885873196988762332251046102643520420205198747275484032601762191293569346700895161875470330647534391203484723879051912966118847435183550900722111444913	-2,3,3,3,3,3,3,3,3,3,3,3	4,-4,-4,-4,-4,-4,-4,3,3,3,3,3	ok
-0.062062	12.552553	-56.361525	0.459646	continued:5	24739664234858138982047535273920704865888201889876711837493816699690678265963591165069870505023217046633362579621148489165328977987949899797415602900085081435628786567950676391780949633448253616219680559998014214784634910618447122667639804607217055610037222276897125660535867393387520758988742191975475097134159821776175469287214857624750265388130867415580412873925910271279382629434282479656095907178473638142326186864698341018602123575843883404208311798618679388046194707946385968872279636660172423920762823771748609336176990325713506490614247467311351878471253089939596514261196666267475682898635077588364628629417296554229734815495315011752337585393015754405944996164827318009845582551593321289722257247006063686910061456841431892563940020873466746931070957111770150069590359792388197563206227771911411885143855184505614961998508226343153531223089971459935049708039359327667779120430067461929055441744031224422705223831560005091108633317128720548165517033711719448300771525660964913525817712220131912105082815080054605883136048554894173783193438041716508681297001277350562437894851607688119124032266056066591963623197071229719772200831481260746898621517899928612391918713268983151048632780119655930408190582553524627904057071942769938736862457235924274975877692875969260912825240440176312796169883715527296420812911085368231803397367822990876417832371726944474641149344806282859835563177758758315140869621665338558538229319788140992642348683078964438303205169238089677606281386970253341769254691973676747054001600056884371509167578247128910554017708455798400339763929792299326278161913247735847547901720607853014273297061169415154483166033077865097453650461838107532682052642437808745312631797604500447563344035980600655360681484274936965759099895773785743476559627847035998495623947412514142251410657373695628596507787826274803330499930271551011927848963095389998115464084361772602196582573023653623911344037727364227195594183603523434780747077500441651045950433605054450968920210102886398197382751252220063486096686194630712738899496659850907030285511459146924946136142303252814811401903979278425790228571196558652325907826618637862596663393079577711958009484587139118727133603578984775841831059511392904829664132579075616389269418347099007484820626482853352165533173315748528323140233506000037753936239379980930850327518548701251621213257545847129540580490183656973082502121819713680447958	24739664234858138982047535273920704895757539726112908251438163205018941142815780311745551274768732340258877681883220709254438060557727943084431578832787664786285033962897137475109966594536921196345368988178928734319550990616798234738426441329975811082542418687032574754555670308806400073011386994034122559084338923961564827243679948341711906639370687199591334610184232323549682995276987956088064516661660343597404353309026284818116830917705446825786992810866587209705521015335282251073699235984232692064386328873635550251467202252037321107786049250681199223578740058812830716655171327994111037989160554259663041255730806104822364702767003886426236948197875179044375918947062777752518800945220039096656325624832428902632916718843792734174910613073877182282814845299795859817832873050829380297050086561327142630676041705608701295328883785288019463302235365810057437776994452568277033509701397890179816214208032024713357498876567322388814154303003931713475645588699713181579139545605564594106502193640473675998821326912636802272263104652883469557388721394548958714742151679764225722796250070551524401796064839535518648641058846020683987900923271122883848006060940514381132676162478441282448143119470269415358774976774198097226198366125776101413479953212990893844707622591247960782360965526600094211835764417582687922318069612159111622737339710634104427114797608554055517700495639835876980763738682423580135987737791697229832132352127014446159065129297028858982133230701031934741481957304792875893324827590211443183732440181211939889062944064406935794393177802397658518834216272859169505354675886572959975708404490092753371472633353216648570386040749347328511084053161862616325068702459194849564854815237142922474289191138162236662232370058363190477871298080600520099616516878790289268572322790610806728362180201928367118777582585788433944920505837352493443323390687017186978574812062227123712521838733988670541609247056482088210495449808783366795986132655358170140539514956320459677383667382641521484273388112210951158170902142463593582495875314905465138451629795118023298044295783638840499526368150868882234162370344849170103007744163409353536619693890546100833086916153307115685964187789887695305171670781467922727681517710517978983532113207553952736241716791487547792677819106108503091815873223349377967308268003255552449945754515995935276076479792701789162590536712650581192008931305997187779082	-2,3,3,3,3,3,3,3,3,3,3,3	4,-4,-4,-4,-4,-4,3,3,3,3,3,3	ok
-0.058058	12.552553	-56.775097	0.462440	continued:5	24739664234858138982047535273920704865888201889876711837493816699690678265963591165069870505023217046633362579621148489165328977987949899797415602900085081435628786567950676391780949633448253616219680559998014214784634910618447122667639804607217055610037222276897125660535867393387520758988742191975475097134159821776175469287214857624750265388130867415580412873925910271279382629434282479656095907178473638142326186864698341018602123575843883404208311798618679388046194707946385968872279636660172423920762823771748609336176990325713506490614247467311351878471253089939596514261196666267475682898635077588364628629417296554229734815495315011752337585393015754405944996164827318009845582551593321289722257247006063686910061456841431892563940020873466746931070957111770150069590359792388197563206227771911411885143855184505614961998508226343153531223089971459935049708039359327667779120430067461929055441744031224422705223831560005091108633317128720548165517033711719448300771525660964913525817712220131912105082815080054605883136048554894173783193438041716508681297001277350562437894851607688119124032266056066591963623197071229719772200831481260746898621517899928612391918713268983151048632780119648896253765940151777173575597570025320253082336116946689981147789765900355562110523987436189411566954756946831913765892283629482126668117215787661175622538482371666841405595054624551275871666632475049764341931929868507018454948365774171910807496638367218687366613903751947086947394002612630474683257999387223688134848014104823955551645010680263372366206458226198558279883447844315148180302724249331888726196930807213187997142652942313186005148224878224024593537200103980637926868603500896185830904692094904758235554768415409124757267836161356776521732484146109863946926378105041694979170269733992817805415234240628485488200053302199364211031646323082439647263607276631895871769259044401451363766451126814443473134220489198884697731101960802990910300139680959518854832128513597114746389737973151315057975842081443516593123962467786526070102139874765749035637088432614260030772344792316488840415153698481155126035457741137680097748660410763036811870095293313414540437283852893333234643562710973384060038416228190613325616933189150517789061901654152308030489428549857055082465581427407486143000730202660813809057790100346399768338483335257539245860316494779637880208922066168766414992991208014608723526	24739664234858138982047535273920704895757539726112908251438163205018941142815780311745551274768732340258877681883220709254438060557727943084431578832787664786285033962897137475109966594536921196345368988178928734319550990616798234738426441329975811082542418687032574754555670308806400073011386994034122559084338923961564827243679948341711906639370687199591334610184232323549682995276987956088064516661660343597404353309026284818116830917705446825786992810866587209705521015335282251073699235984232692064386328873635550251467202252037321107786049250681199223578740058812830716655171327994111037989160554259663041255730806104822364702767003886426236948197875179044375918947062777752518800945220039096656325624832428902632916718843792734174910613073877182282814845299795859817832873050829380297050086561327142630676041705608701295328883785288019463302235365810057437776994452568277033509701397890179816214208032024713357498876567322388814154303003931713475645588699713181579139545605564594106502193640473675998821326912636802272263104652883469557388721394548958714742151679764225722796250070551524401796064839535518648641058846020683987900923271122883848006060940514381132676162478441282448143119470269415358774976774198097226198366125776101413479953212990893844707622591247960782360965526600094211835764417582687922318069612159111622737339710634104427114797608554055517700495639835876980763738682423580135987737791697229832132352127014446159065129297028858982133230701031934741481957304792875893324827590211443183732440181211939889062944064406935794393177802397658518834216272859169505354675886572959975708404490092753371472633353216648570386040749347328511084053161862616325068702459194849564854815237142922474289191138162236662232370058363190477871298080600520099616516878790289268572322790610806728362180201928367118777582585788433944920505837352493443323390687017186978574812062227123712521838733988670541609247056482088210495449808783366795986132655358170140539514956320459677383667382641521484273388112210951158170902142463593582495875314905465138451629795118023298044295783638840499526368150868882234162370344849170103007744163409353536619693890546100833086916153307115685964187789887695305171670781467922727681517710517978983532113207553952736241716791487547792677819106108503091815873223349377967308268003255552449945754515995935276076479792701789162590536712650581192008931305997187779082	1,3,3,3,3,3,3,3,3,3,3,3	4,-4,-4,-4,-4,-4,3,3,3,3,3,3	ok
-0.054054	12.552553	-57.065915	0.462066	full	24739664234858138982047535273920704865888201889876711837493816699690678265963591165069870505023217046633362579621148489165328977987949899797415602900085081435628786567950676391780949633448253616219680559998014214784634910618447122667639804607217055610037222276897125660535867393387520758988742191975475097134159821776175469287214857624750265388130867415580412873925910271279382629434282479656095907178473638142326186864698341018602123575843883404208311798618679388046194707946385968872279636660172423920762823771748609336176990325713506490614247467311351878471253089939596514261196666267475682898635077588364628629417296554229734815495315011752337585393015754405944996164827318009845582551593321289722257247006063686910061456841431892563940020873466746931070957111770150069590359792388197563206227771911411885143855184505614961998508226343153531223089971459935049708039359327667779120430067461929055441744031224422705223831560005091108633317128720548165517033711719448300771525660964913525817712220131912105082815080054605883136048554894173783193438041716508681297001277350562437894851607688119124032266056066591963623197071229719772200831481260746898621517899928612391918713268983151048632780119648896253765940151777173575597570025320253082336116946689981147789765900355562110523987436189411566954756946831913765892283629482126668117215787661175622538482371666841405595054624551275871666632475049764341931929868507018454948365774171910807496638367218687366613903751947086947394002612630474683257999387223688134848014104823955551645010680263372366206458226198558279883447844315148180302724249331888726196930807213187997142652942313186005148224878224024593537200103980637926868603500896185830904692094904758235554768415409124757267836161356776521732484146109863946926378105041694979170269733992817805415234240628485488200053302199364211031646323082439647263607276631895871769259044401451363766451126814443473134220489198884697731101960802990910300139680959518854832128513597114746389737973151315057975842081443516593123962467786526070102139874765749035637088432614260030772344792316488840415153698481155126035457741137680097748660410763036811870095293313414540437283852893333234643562710973384060038416228190613325616933189150517789061901654152308030489428549857055082465581427407486143000730202660813809057790100346399768338483335257539245860316494779637880208922066168766414992991208014608723526	24739664234858138982047535273920704895757539726112908251438163205018941142815780311745551274768732340258877681883220709254438060557727943084431578832787664786285033962897137475109966594536921196345368988178928734319550990616798234738426441329975811082542418687032574754555670308806400073011386994034122559084338923961564827243679948341711906639370687199591334610184232323549682995276987956088064516661660343597404353309026284818116830917705446825786992810866587209705521015335282251073699235984232692064386328873635550251467202252037321107786049250681199223578740058812830716655171327994111037989160554259663041255730806104822364702767003886426236948197875179044375918947062777752518800945220039096656325624832428902632916718843792734174910613073877182282814845299795859817832873050829380297050086561327142630676041705608701295328883785288019463302235365810057437776994452568277033509701397890179816214208032024713357498876567322388814154303003931713475645588699713181579139545605564594106502193640473675998821326912636802272263104652883469557388721394548958714742151679764225722796250070551524401796064839535518648641058846020683987900923271122883848006060940514381132676162478441282448143119470269415358774976774198097226198366125776101413479953212990893844707622591247960782360965526600094211835764417582687922318069612159111622737339710634104427114797608554055517700495639835876980763738682423580135987737791697229832132352127014446159065129297028858982133230701031934741481957304792875893324827590211443183732440181211939889062944064406935794393177802397658518834216272859169505354675886572959975708404490092753371472633353216648570386040749347328511084053161862616325068702459194849564854815237142922474289191138162236662232370058363190477871298080600520099616516878790289268572322790610806728362180201928367118777582585788433944920505837352493443323390687017186978574812062227123712521838733988670541609247056482088210495449808783366795986132655358170140539514956320459677383667382641521484273388112210951158170902142463593582495875314905465138451629795118023298044295783638840499526368150868882234162370344849170103007744163409353536619693890546100833086916153307115685964187789887695305171670781467922727681517710517978983532113207553952736241716791487547792677819106108503091815873223349377967308268003255552449945754515995935276076479792701789162590536712650581192008931305997187779082	1,3,3,3,3,3,3,3,3,3,3,3	4,-4,-4,-4,-4,-4,3,3,3,3,3,3	ok
-0.050050	12.552553	-47.447592	0.442906	continued:5	24739665630500802138610170887519272966771298454457124053431325632156904049064895741755490753422315552977895520720975891498656739086660502486951720874535930777038264079654486696806199080647084522983917136963884370348990004143791410489326516430000194438660880919820488766925303365962093933959575081920131962673523344969600533381766340980003792586369026711412116154803807367520822296384209539557816686263434516742684038799495085817087117773251057547921602984121848061476616270441885331717510898936313762203919152925879417627701717527935659433861129698733565802577206541266825715457828956776037319737138271803306595366129436121485948293762460593964625354580159242309738948400273313934907150446568543458827655570219767133649679741594302510605733077647524871262059050938829527622716655327741932897805780443015242482143436375713155149685889999615249058494382500934285056057517312062669419785173078243587534805526887714760598541358140482114471305453850744723252729733937992133004013302413276538178094140628643128347042162826623357813773406541335032232691214937391196292853585674761821225512469775314111548594094991602440046573019905356059332540165516711451434594826806615851220565279219123622984888807341189785547458533292314406510882156581844213733673303988102544926104505054085853001768673401187377897172077105748488120667323552420315608473401325434671469156763532422312654394294500286767053813829358136494434320159259337866098177720981157196218736105005050011101346638676101353574973673412059140741552933816318122387160365484151283238716991181631366618252962718142926872075967896939646229804071870951010170617275504923414163443171433457849364347882802582634199797651769357667482533688448555728211990076949338062582710630172020007947671221102073045883100774658374850140363607356756138033910514100479975184414114804123577275199205706194510562559771423370586763893886764139015685738925476473831031184647958268693849091805324335159788093055601303023067075504918711229721656789587097563826255902282096905295213641827919172066605311241667240326424949277630066797371812163165912271582321005720813696787351664127619890021388206149049290395989104686698033066654152467977205719783108787077996519271992011077686932314698926377829011335308799335324177168152565310021331880015069464539080022893521788323573885213894625842764068217159830458739740503496771682933418931471522702876891996590330176904469374465768403238	24739664234858138982047535273920704895757539726112908251438163205018941142815780311745551274768732340258877681883220709254438060557727943084431578832787664786285033962897137475109966594536921196345368988178928734319550990616798234738426441329975811082542418687032574754555670308806400073011386994034122559084338923961564827243679948341711906639370687199591334610184232323549682995276987956088064516661660343597404353309026284818116830917705446825786992810866587209705521015335282251073699235984232692064386328873635550251467202252037321107786049250681199223578740058812830716655171327994111037989160554259663041255730806104822364702767003886426236948197875179044375918947062777752518800945220039096656325624832428902632916718843792734174910613073877182282814845299795859817832873050829380297050086561327142630676041705608701295328883785288019463302235365810057437776994452568277033509701397890179816214208032024713357498876567322388814154303003931713475645588699713181579139545605564594106502193640473675998821326912636802272263104652883469557388721394548958714742151679764225722796250070551524401796064839535518648641058846020683987900923271122883848006060940514381132676162478441282448143119470269415358774976774198097226198366125776101413479953212990893844707622591247960782360965526600094211835764417582687922318069612159111622737339710634104427114797608554055517700495639835876980763738682423580135987737791697229832132352127014446159065129297028858982133230701031934741481957304792875893324827590211443183732440181211939889062944064406935794393177802397658518834216272859169505354675886572959975708404490092753371472633353216648570386040749347328511084053161862616325068702459194849564854815237142922474289191138162236662232370058363190477871298080600520099616516878790289268572322790610806728362180201928367118777582585788433944920505837352493443323390687017186978574812062227123712521838733988670541609247056482088210495449808783366795986132655358170140539514956320459677383667382641521484273388112210951158170902142463593582495875314905465138451629795118023298044295783638840499526368150868882234162370344849170103007744163409353536619693890546100833086916153307115685964187789887695305171670781467922727681517710517978983532113207553952736241716791487547792677819106108503091815873223349377967308268003255552449945754515995935276076479792701789162590536712650581192008931305997187779082	-2,4,-4,-4,-4,-4,-4,-4,3,3,3,3	4,-4,-4,-4,-4,-4,3,3,3,3,3,3	ok
-0.046046	12.552553	-51.077729	0.445699	continued:5	24739665630500802138610170887519272966771298454457124053431325632156904049064895741755490753422315552977895520720975891498656739086660502486951720874535930777038264079654486696806199080647084522983917136963884370348990004143791410489326516430000194438660880919820488766925303365962093933959575081920131962673523344969600533381766340980003792586369026711412116154803807367520822296384209539557816686263434516742684038799495085817087117773251057547921602984121848061476616270441885331717510898936313762203919152925879417627701717527935659433861129698733565802577206541266825715457828956776037319737138271803306595366129436121485948293762460593964625354580159242309738948400273313934907150446568543458827655570219767133649679741594302510605733077647524871262059050938829527622716655327741932897805780443015242482143436375713155149685889999615249058494382500934285056057517312062669419785173078243587534805526887714760598541358140482114471305453850744723252729733937992133004013302413276538178094140628643128347042162826623357813773406541335032232691214937391196292853585674761821225512469775314111548594094991602440046573019905356059332540165516711451434594826806615851220565279219123622984888807341182751392835481450111092347669953187058361047318057112556565181415100104571461592969320107471556174047186175962338328206570367862083337894125949041247646051899048475359730405917945483876539336514104462111728965277989893115200937756486547531572275697033318179637278752273490381515398069154836501319082659786753201532772515925270237667336626679298080214512763953469899679130535556309006471094150875793272797054399467728937347928400616562311166777457188227779283113771749684328679063426168717701883761442053565602237032225671033415030666329462808616531545919607341776065256819439836029243772873905914355751641668523023076276391612200588521530205601304547622148210732368694480854560075368510968793671033117235091383573429304196641901600135848356440183590600518554984590563277195318755756989950510887253603968795501095271579871498916009705602601605438343311315808600078303839485975256608359043993263700284775819514083049731997060913758647076594623344696066130371436325537124395311340266432794706988484010546769057666988154781162137068315217127027005913079862383102043186326935891253733833508333592902235626273172120206384399110922032347325283566887971356243110081032344661525142850054377500687690683040153	24739664234858138982047535273920704895757539726112908251438163205018941142815780311745551274768732340258877681883220709254438060557727943084431578832787664786285033962897137475109966594536921196345368988178928734319550990616798234738426441329975811082542418687032574754555670308806400073011386994034122559084338923961564827243679948341711906639370687199591334610184232323549682995276987956088064516661660343597404353309026284818116830917705446825786992810866587209705521015335282251073699235984232692064386328873635550251467202252037321107786049250681199223578740058812830716655171327994111037989160554259663041255730806104822364702767003886426236948197875179044375918947062777752518800945220039096656325624832428902632916718843792734174910613073877182282814845299795859817832873050829380297050086561327142630676041705608701295328883785288019463302235365810057437776994452568277033509701397890179816214208032024713357498876567322388814154303003931713475645588699713181579139545605564594106502193640473675998821326912636802272263104652883469557388721394548958714742151679764225722796250070551524401796064839535518648641058846020683987900923271122883848006060940514381132676162478441282448143119470269415358774976774198097226198366125776101413479953212990893844707622591247960782360965526600094211835764417582687922318069612159111622737339710634104427114797608554055517700495639835876980763738682423580135987737791697229832132352127014446159065129297028858982133230701031934741481957304792875893324827590211443183732440181211939889062944064406935794393177802397658518834216272859169505354675886572959975708404490092753371472633353216648570386040749347328511084053161862616325068702459194849564854815237142922474289191138162236662232370058363190477871298080600520099616516878790289268572322790610806728362180201928367118777582585788433944920505837352493443323390687017186978574812062227123712521838733988670541609247056482088210495449808783366795986132655358170140539514956320459677383667382641521484273388112210951158170902142463593582495875314905465138451629795118023298044295783638840499526368150868882234162370344849170103007744163409353536619693890546100833086916153307115685964187789887695305171670781467922727681517710517978983532113207553952736241716791487547792677819106108503091815873223349377967308268003255552449945754515995935276076479792701789162590536712650581192008931305997187779082	1,4,-4,-4,-4,-4,-4,-4,3,3,3,3	4,-4,-4,-4,-4,-4,3,3,3,3,3,3	ok
-0.042042	12.552553	-53.452050	0.448493	continued:5	24739664234858138982047535273920704895757539726112908251438163205018941142815780311745551274768732340258877681883220709254438060557727943084431578832787664786285033962897137475109966594536921196345368988178928734319550990616798234738426441329975811082542418687032574754555670308806400073011386994034122559084338923961564827243679948341711906639370687199591334610184232323549682995276987956088064516661660343597404353309026284818116830917705446825786992810866587209705521015335282251073699235984232692064386328873635550251467202252037321107786049250681199223578740058812830716655171327994111037989160554259663041255730806104822364702767003886426236948197875179044375918947062777752518800945220039096656325624832428902632916718843792734174910613073877182282814845299795859817832873050829380297050086561327142630676041705608701295328883785288019463302235365810057437776994452568277033509701397890179816214208032024713357498876567322388814154303003931713475645588699713181579139545605564594106502193640473675998821326912636802272263104652883469557388721394548958714742151679764225722796250070551524401796064839535518648641058846020683987900923271122883848006060940514381132676162478441282448143119470227210432227122363713371255441354621052509508984709634926146647286000378028149020408135579796249985685416544122878976762015235710406679767054221469630668164508756954128670266820083169508953133382895781415892028857527433800331452509796880235124731818611926094996337828751367422770972106106871945447087787459013419016539682579692253007997669256306678044334190343958737683833626787830959854189876711673345743229891352071395441453714329516872363078558572585460064194527798019451500567712566804669085534009811391321703082108952041911184337041897792539402496106214458120979277192533259839067349129963145395443534147512377238039651898685713406445449049290166872617628617292086319375613642792703810618236745564851457049087158661840834963661419540135158363742337750878630973637161914688328900311151288869242457269541014220968487060804170517057834972965455408167521485957636626702129395672139918211400852445909138229939457411027786749047331318679203233959006853076598513293545187508811641950752377849176619622422822865690583986800091214624688328197908428394843316056532803829279453545060994789096398534012484533311814877844201908213083717792014484879802543088847813769703124411954747150298542713179850503414173	24739664234858138982047535273920704895757539726112908251438163205018941142815780311745551274768732340258877681883220709254438060557727943084431578832787664786285033962897137475109966594536921196345368988178928734319550990616798234738426441329975811082542418687032574754555670308806400073011386994034122559084338923961564827243679948341711906639370687199591334610184232323549682995276987956088064516661660343597404353309026284818116830917705446825786992810866587209705521015335282251073699235984232692064386328873635550251467202252037321107786049250681199223578740058812830716655171327994111037989160554259663041255730806104822364702767003886426236948197875179044375918947062777752518800945220039096656325624832428902632916718843792734174910613073877182282814845299795859817832873050829380297050086561327142630676041705608701295328883785288019463302235365810057437776994452568277033509701397890179816214208032024713357498876567322388814154303003931713475645588699713181579139545605564594106502193640473675998821326912636802272263104652883469557388721394548958714742151679764225722796250070551524401796064839535518648641058846020683987900923271122883848006060940514381132676162478441282448143119470269415358774976774198097226198366125776101413479953212990893844707622591247960782360965526600094211835764417582687922318069612159111622737339710634104427114797608554055517700495639835876980763738682423580135987737791697229832132352127014446159065129297028858982133230701031934741481957304792875893324827590211443183732440181211939889062944064406935794393177802397658518834216272859169505354675886572959975708404490092753371472633353216648570386040749347328511084053161862616325068702459194849564854815237142922474289191138162236662232370058363190477871298080600520099616516878790289268572322790610806728362180201928367118777582585788433944920505837352493443323390687017186978574812062227123712521838733988670541609247056482088210495449808783366795986132655358170140539514956320459677383667382641521484273388112210951158170902142463593582495875314905465138451629795118023298044295783638840499526368150868882234162370344849170103007744163409353536619693890546100833086916153307115685964187789887695305171670781467922727681517710517978983532113207553952736241716791487547792677819106108503091815873223349377967308268003255552449945754515995935276076479792701789162590536712650581192008931305997187779082	1,-4,-4,-4,-4,-4,3,3,3,3,3,3	4,-4,-4,-4,-4,-4,3,3,3,3,3,3	ok
-0.038038	12.552553	-54.932781	0.451286	continued:5	24739664234858138982047535273920704865888201889876711837493816699690678265963591165069870505023217046633362579621148489165328977987949899797415602900085081435628786567950676391780949633448253616219680559998014214784634910618447122667639804607217055610037222276897125660535867393387520758988742191975475097134159821776175469287214857624750265388130867415580412873925910271279382629434282479656095907178473638142326186864698341018602123575843883404208311798618679388046194707946385968872279636660172423920762823771748609336176990325713506490614247467311351878471253089939596514261196666267475682898635077588364628629417296554229734815495315011752337585393015754405944996164827318009845582551593321289722257247006063686910061456841431892563940020873466746931070957111770150069590359792388197563206227771911411885143855184505614961998508226343153531223089971459935049708039359327667779120430067461929055441744031224422705223831560005091108633317128720548165517033711719448300771525660964913525817712220131912105082815080054605883136048554894173783193438041716508681297001277350562437894851607688119124032266056066591963623197071229719772200831481260746898621517899928612391918713268983151048632780119648896253765940151777173575597570025320253082336116946689981147789765900355562110523987436189411566954756946831913765892283629482126668117215787661175622538482371666841405595054624551275871666632475049764341931929868507018454948365774171910807496638367218687366613903751947086947394002612630474683257999387223688134848014104823955551645010680263372366206458226198558279883447844315148180302724249331888726196930807213187997142652942313186005148224878224024593537200103980637926868603500896185830904692094904758235554768415409124757267836161356776521732484146109863946926378105041694979170269733992817805415234240628485488200053302199364211031646323082439647263607276631895871769259044401451363766451126814443473134220489198884697731101960802990910300139680959518854832128513597114746389737973151315057975842081443516593123962467786526070102139874765749035637088432614260030772344792316488840415153698481155126035457741137680097748660410763036811870095293313414540437283852893333234643562710973384060038416228190613325616933189150517789061901654152308030489428549857055082465581427407486143000730202660813809057790100346399768338483335257539245860316494779637880208922066168766414992991208014608723526	24739664234858138982047535273920704895757539726112908251438163205018941142815780311745551274768732340258877681883220709254438060557727943084431578832787664786285033962897137475109966594536921196345368988178928734319550990616798234738426441329975811082542418687032574754555670308806400073011386994034122559084338923961564827243679948341711906639370687199591334610184232323549682995276987956088064516661660343597404353309026284818116830917705446825786992810866587209705521015335282251073699235984232692064386328873635550251467202252037321107786049250681199223578740058812830716655171327994111037989160554259663041255730806104822364702767003886426236948197875179044375918947062777752518800945220039096656325624832428902632916718843792734174910613073877182282814845299795859817832873050829380297050086561327142630676041705608701295328883785288019463302235365810057437776994452568277033509701397890179816214208032024713357498876567322388814154303003931713475645588699713181579139545605564594106502193640473675998821326912636802272263104652883469557388721394548958714742151679764225722796250070551524401796064839535518648641058846020683987900923271122883848006060940514381132676162478441282448143119470269415358774976774198097226198366125776101413479953212990893844707622591247960782360965526600094211835764417582687922318069612159111622737339710634104427114797608554055517700495639835876980763738682423580135987737791697229832132352127014446159065129297028858982133230701031934741481957304792875893324827590211443183732440181211939889062944064406935794393177802397658518834216272859169505354675886572959975708404490092753371472633353216648570386040749347328511084053161862616325068702459194849564854815237142922474289191138162236662232370058363190477871298080600520099616516878790289268572322790610806728362180201928367118777582585788433944920505837352493443323390687017186978574812062227123712521838733988670541609247056482088210495449808783366795986132655358170140539514956320459677383667382641521484273388112210951158170902142463593582495875314905465138451629795118023298044295783638840499526368150868882234162370344849170103007744163409353536619693890546100833086916153307115685964187789887695305171670781467922727681517710517978983532113207553952736241716791487547792677819106108503091815873223349377967308268003255552449945754515995935276076479792701789162590536712650581192008931305997187779082	1,3,3,3,3,3,3,3,3,3,3,3	4,-4,-4,-4,-4,-4,3,3,3,3,3,3	ok
-0.034034	12.552553	-55.817634	0.454079	continued:5	24739664234858138982047535273920704865888201889876711837493816699690678265963591165069870505023217046633362579621148489165328977987949899797415602900085081435628786567950676391780949633448253616219680559998014214784634910618447122667639804607217055610037222276897125660535867393387520758988742191975475097134159821776175469287214857624750265388130867415580412873925910271279382629434282479656095907178473638142326186864698341018602123575843883404208311798618679388046194707946385968872279636660172423920762823771748609336176990325713506490614247467311351878471253089939596514261196666267475682898635077588364628629417296554229734815495315011752337585393015754405944996164827318009845582551593321289722257247006063686910061456841431892563940020873466746931070957111770150069590359792388197563206227771911411885143855184505614961998508226343153531223089971459935049708039359327667779120430067461929055441744031224422705223831560005091108633317128720548165517033711719448300771525660964913525817712220131912105082815080054605883136048554894173783193438041716508681297001277350562437894851607688119124032266056066591963623197071229719772200831481260746898621517899928612391918713268983151048632780119655930408190582553524627904057071942769938736862457235924274975877692875969260912825240440176312796169883715527296420812911085368231803397367822990876417832371726944474641149344806282859835563177758758315140869621665338558538229319788140992642348683078964438303205169238089677606281386970253341769254691973676747054001600056884371509167578247128910554017708455798400339763929792299326278161913247735847547901720607853014273297061169415154483166033077865097453650461838107532682052642437808745312631797604500447563344035980600655360681484274936965759099895773785743476559627847035998495623947412514142251410657373695628596507787826274803330499930271551011927848963095389998115464084361772602196582573023653623911344037727364227195594183603523434780747077500441651045950433605054450968920210102886398197382751252220063486096686194630712738899496659850907030285511459146924946136142303252814811401903979278425790228571196558652325907826618637862596663393079577711958009484587139118727133603578984775841831059511392904829664132579075616389269418347099007484820626482853352165533173315748528323140233506000037753936239379980930850327518548701251621213257545847129540580490183656973082502121819713680447958	24739664234858138982047535273920704895757539726112908251438163205018941142815780311745551274768732340258877681883220709254438060557727943084431578832787664786285033962897137475109966594536921196345368988178928734319550990616798234738426441329975811082542418687032574754555670308806400073011386994034122559084338923961564827243679948341711906639370687199591334610184232323549682995276987956088064516661660343597404353309026284818116830917705446825786992810866587209705521015335282251073699235984232692064386328873635550251467202252037321107786049250681199223578740058812830716655171327994111037989160554259663041255730806104822364702767003886426236948197875179044375918947062777752518800945220039096656325624832428902632916718843792734174910613073877182282814845299795859817832873050829380297050086561327142630676041705608701295328883785288019463302235365810057437776994452568277033509701397890179816214208032024713357498876567322388814154303003931713475645588699713181579139545605564594106502193640473675998821326912636802272263104652883469557388721394548958714742151679764225722796250070551524401796064839535518648641058846020683987900923271122883848006060940514381132676162478441282448143119470269415358774976774198097226198366125776101413479953212990893844707622591247960782360965526600094211835764417582687922318069612159111622737339710634104427114797608554055517700495639835876980763738682423580135987737791697229832132352127014446159065129297028858982133230701031934741481957304792875893324827590211443183732440181211939889062944064406935794393177802397658518834216272859169505354675886572959975708404490092753371472633353216648570386040749347328511084053161862616325068702459194849564854815237142922474289191138162236662232370058363190477871298080600520099616516878790289268572322790610806728362180201928367118777582585788433944920505837352493443323390687017186978574812062227123712521838733988670541609247056482088210495449808783366795986132655358170140539514956320459677383667382641521484273388112210951158170902142463593582495875314905465138451629795118023298044295783638840499526368150868882234162370344849170103007744163409353536619693890546100833086916153307115685964187789887695305171670781467922727681517710517978983532113207553952736241716791487547792677819106108503091815873223349377967308268003255552449945754515995935276076479792701789162590536712650581192008931305997187779082	-2,3,3,3,3,3,3,3,3,3,3,3	4,-4,-4,-4,-4,-4,3,3,3,3,3,3	ok
-0.030030	12.552553	-56.401069	0.456873	continued:5	24739664234858138982047535273920704865888201889876711837493816699690678265963591165069870505023217046633362579621148489165328977987949899797415602900085081435628786567950676391780949633448253616219680559998014214784634910618447122667639804607217055610037222276897125660535867393387520758988742191975475097134159821776175469287214857624750265388130867415580412873925910271279382629434282479656095907178473638142326186864698341018602123575843883404208311798618679388046194707946385968872279636660172423920762823771748609336176990325713506490614247467311351878471253089939596514261196666267475682898635077588364628629417296554229734815495315011752337585393015754405944996164827318009845582551593321289722257247006063686910061456841431892563940020873466746931070957111770150069590359792388197563206227771911411885143855184505614961998508226343153531223089971459935049708039359327667779120430067461929055441744031224422705223831560005091108633317128720548165517033711719448300771525660964913525817712220131912105082815080054605883136048554894173783193438041716508681297001277350562437894851607688119124032266056066591963623197071229719772200831481260746898621517899928612391918713268983151048632780119655930408190582553524627904057071942769938736862457235924274975877692875969260912825240440176312796169883715527296420812911085368231803397367822990876417832371726944474641149344806282859835563177758758315140869621665338558538229319788140992642348683078964438303205169238089677606281386970253341769254691973676747054001600056884371509167578247128910554017708455798400339763929792299326278161913247735847547901720607853014273297061169415154483166033077865097453650461838107532682052642437808745312631797604500447563344035980600655360681484274936965759099895773785743476559627847035998495623947412514142251410657373695628596507787826274803330499930271551011927848963095389998115464084361772602196582573023653623911344037727364227195594183603523434780747077500441651045950433605054450968920210102886398197382751252220063486096686194630712738899496659850907030285511459146924946136142303252814811401903979278425790228571196558652325907826618637862596663393079577711958009484587139118727133603578984775841831059511392904829664132579075616389269418347099007484820626482853352165533173315748528323140233506000037753936239379980930850327518548701251621213257545847129540580490183656973082502121819713680447958	24739664234858138982047535273920704895757539726112908251438163205018941142815780311745551274768732340258877681883220709254438060557727943084431578832787664786285033962897137475109966594536921196345368988178928734319550990616798234738426441329975811082542418687032574754555670308806400073011386994034122559084338923961564827243679948341711906639370687199591334610184232323549682995276987956088064516661660343597404353309026284818116830917705446825786992810866587209705521015335282251073699235984232692064386328873635550251467202252037321107786049250681199223578740058812830716655171327994111037989160554259663041255730806104822364702767003886426236948197875179044375918947062777752518800945220039096656325624832428902632916718843792734174910613073877182282814845299795859817832873050829380297050086561327142630676041705608701295328883785288019463302235365810057437776994452568277033509701397890179816214208032024713357498876567322388814154303003931713475645588699713181579139545605564594106502193640473675998821326912636802272263104652883469557388721394548958714742151679764225722796250070551524401796064839535518648641058846020683987900923271122883848006060940514381132676162478441282448143119470269415358774976774198097226198366125776101413479953212990893844707622591247960782360965526600094211835764417582687922318069612159111622737339710634104427114797608554055517700495639835876980763738682423580135987737791697229832132352127014446159065129297028858982133230701031934741481957304792875893324827590211443183732440181211939889062944064406935794393177802397658518834216272859169505354675886572959975708404490092753371472633353216648570386040749347328511084053161862616325068702459194849564854815237142922474289191138162236662232370058363190477871298080600520099616516878790289268572322790610806728362180201928367118777582585788433944920505837352493443323390687017186978574812062227123712521838733988670541609247056482088210495449808783366795986132655358170140539514956320459677383667382641521484273388112210951158170902142463593582495875314905465138451629795118023298044295783638840499526368150868882234162370344849170103007744163409353536619693890546100833086916153307115685964187789887695305171670781467922727681517710517978983532113207553952736241716791487547792677819106108503091815873223349377967308268003255552449945754515995935276076479792701789162590536712650581192008931305997187779082	-2,3,3,3,3,3,3,3,3,3,3,3	4,-4,-4,-4,-4,-4,3,3,3,3,3,3	ok
-0.026026	12.552553	-56.807238	0.459666	continued:5	24739664234858138982047535273920704865888201889876711837493816699690678265963591165069870505023217046633362579621148489165328977987949899797415602900085081435628786567950676391780949633448253616219680559998014214784634910618447122667639804607217055610037222276897125660535867393387520758988742191975475097134159821776175469287214857624750265388130867415580412873925910271279382629434282479656095907178473638142326186864698341018602123575843883404208311798618679388046194707946385968872279636660172423920762823771748609336176990325713506490614247467311351878471253089939596514261196666267475682898635077588364628629417296554229734815495315011752337585393015754405944996164827318009845582551593321289722257247006063686910061456841431892563940020873466746931070957111770150069590359792388197563206227771911411885143855184505614961998508226343153531223089971459935049708039359327667779120430067461929055441744031224422705223831560005091108633317128720548165517033711719448300771525660964913525817712220131912105082815080054605883136048554894173783193438041716508681297001277350562437894851607688119124032266056066591963623197071229719772200831481260746898621517899928612391918713268983151048632780119648896253765940151777173575597570025320253082336116946689981147789765900355562110523987436189411566954756946831913765892283629482126668117215787661175622538482371666841405595054624551275871666632475049764341931929868507018454948365774171910807496638367218687366613903751947086947394002612630474683257999387223688134848014104823955551645010680263372366206458226198558279883447844315148180302724249331888726196930807213187997142652942313186005148224878224024593537200103980637926868603500896185830904692094904758235554768415409124757267836161356776521732484146109863946926378105041694979170269733992817805415234240628485488200053302199364211031646323082439647263607276631895871769259044401451363766451126814443473134220489198884697731101960802990910300139680959518854832128513597114746389737973151315057975842081443516593123962467786526070102139874765749035637088432614260030772344792316488840415153698481155126035457741137680097748660410763036811870095293313414540437283852893333234643562710973384060038416228190613325616933189150517789061901654152308030489428549857055082465581427407486143000730202660813809057790100346399768338483335257539245860316494779637880208922066168766414992991208014608723526	24739664234858138982047535273920704895757539726112908251438163205018941142815780311745551274768732340258877681883220709254438060557727943084431578832787664786285033962897137475109966594536921196345368988178928734319550990616798234738426441329975811082542418687032574754555670308806400073011386994034122559084338923961564827243679948341711906639370687199591334610184232323549682995276987956088064516661660343597404353309026284818116830917705446825786992810866587209705521015335282251073699235984232692064386328873635550251467202252037321107786049250681199223578740058812830716655171327994111037989160554259663041255730806104822364702767003886426236948197875179044375918947062777752518800945220039096656325624832428902632916718843792734174910613073877182282814845299795859817832873050829380297050086561327142630676041705608701295328883785288019463302235365810057437776994452568277033509701397890179816214208032024713357498876567322388814154303003931713475645588699713181579139545605564594106502193640473675998821326912636802272263104652883469557388721394548958714742151679764225722796250070551524401796064839535518648641058846020683987900923271122883848006060940514381132676162478441282448143119470269415358774976774198097226198366125776101413479953212990893844707622591247960782360965526600094211835764417582687922318069612159111622737339710634104427114797608554055517700495639835876980763738682423580135987737791697229832132352127014446159065129297028858982133230701031934741481957304792875893324827590211443183732440181211939889062944064406935794393177802397658518834216272859169505354675886572959975708404490092753371472633353216648570386040749347328511084053161862616325068702459194849564854815237142922474289191138162236662232370058363190477871298080600520099616516878790289268572322790610806728362180201928367118777582585788433944920505837352493443323390687017186978574812062227123712521838733988670541609247056482088210495449808783366795986132655358170140539514956320459677383667382641521484273388112210951158170902142463593582495875314905465138451629795118023298044295783638840499526368150868882234162370344849170103007744163409353536619693890546100833086916153307115685964187789887695305171670781467922727681517710517978983532113207553952736241716791487547792677819106108503091815873223349377967308268003255552449945754515995935276076479792701789162590536712650581192008931305997187779082	1,3,3,3,3,3,3,3,3,3,3,3	4,-4,-4,-4,-4,-4,3,3,3,3,3,3	ok
-0.022022	12.552553	-57.092720	0.459292	full	24739664234858138982047535273920704865888201889876711837493816699690678265963591165069870505023217046633362579621148489165328977987949899797415602900085081435628786567950676391780949633448253616219680559998014214784634910618447122667639804607217055610037222276897125660535867393387520758988742191975475097134159821776175469287214857624750265388130867415580412873925910271279382629434282479656095907178473638142326186864698341018602123575843883404208311798618679388046194707946385968872279636660172423920762823771748609336176990325713506490614247467311351878471253089939596514261196666267475682898635077588364628629417296554229734815495315011752337585393015754405944996164827318009845582551593321289722257247006063686910061456841431892563940020873466746931070957111770150069590359792388197563206227771911411885143855184505614961998508226343153531223089971459935049708039359327667779120430067461929055441744031224422705223831560005091108633317128720548165517033711719448300771525660964913525817712220131912105082815080054605883136048554894173783193438041716508681297001277350562437894851607688119124032266056066591963623197071229719772200831481260746898621517899928612391918713268983151048632780119648896253765940151777173575597570025320253082336116946689981147789765900355562110523987436189411566954756946831913765892283629482126668117215787661175622538482371666841405595054624551275871666632475049764341931929868507018454948365774171910807496638367218687366613903751947086947394002612630474683257999387223688134848014104823955551645010680263372366206458226198558279883447844315148180302724249331888726196930807213187997142652942313186005148224878224024593537200103980637926868603500896185830904692094904758235554768415409124757267836161356776521732484146109863946926378105041694979170269733992817805415234240628485488200053302199364211031646323082439647263607276631895871769259044401451363766451126814443473134220489198884697731101960802990910300139680959518854832128513597114746389737973151315057975842081443516593123962467786526070102139874765749035637088432614260030772344792316488840415153698481155126035457741137680097748660410763036811870095293313414540437283852893333234643562710973384060038416228190613325616933189150517789061901654152308030489428549857055082465581427407486143000730202660813809057790100346399768338483335257539245860316494779637880208922066168766414992991208014608723526	24739664234858138982047535273920704895757539726112908251438163205018941142815780311745551274768732340258877681883220709254438060557727943084431578832787664786285033962897137475109966594536921196345368988178928734319550990616798234738426441329975811082542418687032574754555670308806400073011386994034122559084338923961564827243679948341711906639370687199591334610184232323549682995276987956088064516661660343597404353309026284818116830917705446825786992810866587209705521015335282251073699235984232692064386328873635550251467202252037321107786049250681199223578740058812830716655171327994111037989160554259663041255730806104822364702767003886426236948197875179044375918947062777752518800945220039096656325624832428902632916718843792734174910613073877182282814845299795859817832873050829380297050086561327142630676041705608701295328883785288019463302235365810057437776994452568277033509701397890179816214208032024713357498876567322388814154303003931713475645588699713181579139545605564594106502193640473675998821326912636802272263104652883469557388721394548958714742151679764225722796250070551524401796064839535518648641058846020683987900923271122883848006060940514381132676162478441282448143119470269415358774976774198097226198366125776101413479953212990893844707622591247960782360965526600094211835764417582687922318069612159111622737339710634104427114797608554055517700495639835876980763738682423580135987737791697229832132352127014446159065129297028858982133230701031934741481957304792875893324827590211443183732440181211939889062944064406935794393177802397658518834216272859169505354675886572959975708404490092753371472633353216648570386040749347328511084053161862616325068702459194849564854815237142922474289191138162236662232370058363190477871298080600520099616516878790289268572322790610806728362180201928367118777582585788433944920505837352493443323390687017186978574812062227123712521838733988670541609247056482088210495449808783366795986132655358170140539514956320459677383667382641521484273388112210951158170902142463593582495875314905465138451629795118023298044295783638840499526368150868882234162370344849170103007744163409353536619693890546100833086916153307115685964187789887695305171670781467922727681517710517978983532113207553952736241716791487547792677819106108503091815873223349377967308268003255552449945754515995935276076479792701789162590536712650581192008931305997187779082	1,3,3,3,3,3,3,3,3,3,3,3	4,-4,-4,-4,-4,-4,3,3,3,3,3,3	ok
-0.018018	12.552553	-47.344788	0.440448	continued:5	24739665630500802138610170887519272966771298454457124053431325632156904049064895741755490753422315552977895520720975891498656739086660502486951720874535930777038264079654486696806199080647084522983917136963884370348990004143791410489326516430000194438660880919820488766925303365962093933959575081920131962673523344969600533381766340980003792586369026711412116154803807367520822296384209539557816686263434516742684038799495085817087117773251057547921602984121848061476616270441885331717510898936313762203919152925879417627701717527935659433861129698733565802577206541266825715457828956776037319737138271803306595366129436121485948293762460593964625354580159242309738948400273313934907150446568543458827655570219767133649679741594302510605733077647524871262059050938829527622716655327741932897805780443015242482143436375713155149685889999615249058494382500934285056057517312062669419785173078243587534805526887714760598541358140482114471305453850744723252729733937992133004013302413276538178094140628643128347042162826623357813773406541335032232691214937391196292853585674761821225512469775314111548594094991602440046573019905356059332540165516711451434594826806615851220565279219123622984888807341189785547458533292314406510882156581844213733673303988102544926104505054085853001768673401187377897172077105748488120667323552420315608473401325434671469156763532422312654394294500286767053813829358136494434320159259337866098177720981157196218736105005050011101346638676101353574973673412059140741552933816318122387160365484151283238716991181631366618252962718142926872075967896939646229804071870951010170617275504923414163443171433457849364347882802582634199797651769357667482533688448555728211990076949338062582710630172020007947671221102073045883100774658374850140363607356756138033910514100479975184414114804123577275199205706194510562559771423370586763893886764139015685738925476473831031184647958268693849091805324335159788093055601303023067075504918711229721656789587097563826255902282096905295213641827919172066605311241667240326424949277630066797371812163165912271582321005720813696787351664127619890021388206149049290395989104686698033066654152467977205719783108787077996519271992011077686932314698926377829011335308799335324177168152565310021331880015069464539080022893521788323573885213894625842764068217159830458739740503496771682933418931471522702876891996590330176904469374465768403238	24739664234858138982047535273920704895757539726112908251438163205018941142815780311745551274768732340258877681883220709254438060557727943084431578832787664786285033962897137475109966594536921196345368988178928734319550990616798234738426441329975811082542418687032574754555670308806400073011386994034122559084338923961564827243679948341711906639370687199591334610184232323549682995276987956088064516661660343597404353309026284818116830917705446825786992810866587209705521015335282251073699235984232692064386328873635550251467202252037321107786049250681199223578740058812830716655171327994111037989160554259663041255730806104822364702767003886426236948197875179044375918947062777752518800945220039096656325624832428902632916718843792734174910613073877182282814845299795859817832873050829380297050086561327142630676041705608701295328883785288019463302235365810057437776994452568277033509701397890179816214208032024713357498876567322388814154303003931713475645588699713181579139545605564594106502193640473675998821326912636802272263104652883469557388721394548958714742151679764225722796250070551524401796064839535518648641058846020683987900923271122883848006060940514381132676162478441282448143119470269415358774976774198097226198366125776101413479953212990893844707622591247960782360965526600094211835764417582687922318069612159111622737339710634104427114797608554055517700495639835876980763738682423580135987737791697229832132352127014446159065129297028858982133230701031934741481957304792875893324827590211443183732440181211939889062944064406935794393177802397658518834216272859169505354675886572959975708404490092753371472633353216648570386040749347328511084053161862616325068702459194849564854815237142922474289191138162236662232370058363190477871298080600520099616516878790289268572322790610806728362180201928367118777582585788433944920505837352493443323390687017186978574812062227123712521838733988670541609247056482088210495449808783366795986132655358170140539514956320459677383667382641521484273388112210951158170902142463593582495875314905465138451629795118023298044295783638840499526368150868882234162370344849170103007744163409353536619693890546100833086916153307115685964187789887695305171670781467922727681517710517978983532113207553952736241716791487547792677819106108503091815873223349377967308268003255552449945754515995935276076479792701789162590536712650581192008931305997187779082	-2,4,-4,-4,-4,-4,-4,-4,3,3,3,3	4,-4,-4,-4,-4,-4,3,3,3,3,3,3	ok
-0.014014	12.552553	-51.020124	0.443241	continued:5	24739665630500802138610170887519272966771298454457124053431325632156904049064895741755490753422315552977895520720975891498656739086660502486951720874535930777038264079654486696806199080647084522983917136963884370348990004143791410489326516430000194438660880919820488766925303365962093933959575081920131962673523344969600533381766340980003792586369026711412116154803807367520822296384209539557816686263434516742684038799495085817087117773251057547921602984121848061476616270441885331717510898936313762203919152925879417627701717527935659433861129698733565802577206541266825715457828956776037319737138271803306595366129436121485948293762460593964625354580159242309738948400273313934907150446568543458827655570219767133649679741594302510605733077647524871262059050938829527622716655327741932897805780443015242482143436375713155149685889999615249058494382500934285056057517312062669419785173078243587534805526887714760598541358140482114471305453850744723252729733937992133004013302413276538178094140628643128347042162826623357813773406541335032232691214937391196292853585674761821225512469775314111548594094991602440046573019905356059332540165516711451434594826806615851220565279219123622984888807341182751392835481450111092347669953187058361047318057112556565181415100104571461592969320107471556174047186175962338328206570367862083337894125949041247646051899048475359730405917945483876539336514104462111728965277989893115200937756486547531572275697033318179637278752273490381515398069154836501319082659786753201532772515925270237667336626679298080214512763953469899679130535556309006471094150875793272797054399467728937347928400616562311166777457188227779283113771749684328679063426168717701883761442053565602237032225671033415030666329462808616531545919607341776065256819439836029243772873905914355751641668523023076276391612200588521530205601304547622148210732368694480854560075368510968793671033117235091383573429304196641901600135848356440183590600518554984590563277195318755756989950510887253603968795501095271579871498916009705602601605438343311315808600078303839485975256608359043993263700284775819514083049731997060913758647076594623344696066130371436325537124395311340266432794706988484010546769057666988154781162137068315217127027005913079862383102043186326935891253733833508333592902235626273172120206384399110922032347325283566887971356243110081032344661525142850054377500687690683040153	24739664234858138982047535273920704895757539726112908251438163205018941142815780311745551274768732340258877681883220709254438060557727943084431578832787664786285033962897137475109966594536921196345368988178928734319550990616798234738426441329975811082542418687032574754555670308806400073011386994034122559084338923961564827243679948341711906639370687199591334610184232323549682995276987956088064516661660343597404353309026284818116830917705446825786992810866587209705521015335282251073699235984232692064386328873635550251467202252037321107786049250681199223578740058812830716655171327994111037989160554259663041255730806104822364702767003886426236948197875179044375918947062777752518800945220039096656325624832428902632916718843792734174910613073877182282814845299795859817832873050829380297050086561327142630676041705608701295328883785288019463302235365810057437776994452568277033509701397890179816214208032024713357498876567322388814154303003931713475645588699713181579139545605564594106502193640473675998821326912636802272263104652883469557388721394548958714742151679764225722796250070551524401796064839535518648641058846020683987900923271122883848006060940514381132676162478441282448143119470269415358774976774198097226198366125776101413479953212990893844707622591247960782360965526600094211835764417582687922318069612159111622737339710634104427114797608554055517700495639835876980763738682423580135987737791697229832132352127014446159065129297028858982133230701031934741481957304792875893324827590211443183732440181211939889062944064406935794393177802397658518834216272859169505354675886572959975708404490092753371472633353216648570386040749347328511084053161862616325068702459194849564854815237142922474289191138162236662232370058363190477871298080600520099616516878790289268572322790610806728362180201928367118777582585788433944920505837352493443323390687017186978574812062227123712521838733988670541609247056482088210495449808783366795986132655358170140539514956320459677383667382641521484273388112210951158170902142463593582495875314905465138451629795118023298044295783638840499526368150868882234162370344849170103007744163409353536619693890546100833086916153307115685964187789887695305171670781467922727681517710517978983532113207553952736241716791487547792677819106108503091815873223349377967308268003255552449945754515995935276076479792701789162590536712650581192008931305997187779082	1,4,-4,-4,-4,-4,-4,-4,3,3,3,3	4,-4,-4,-4,-4,-4,3,3,3,3,3,3	ok
-0.010010	12.552553	-53.415998	0.445907	continued:5	24739664234858138982047535273920704895757539726112908251438163205018941142815780311745551274768732340258877681883220709254438060557727943084431578832787664786285033962897137475109966594536921196345368988178928734319550990616798234738426441329975811082542418687032574754555670308806400073011386994034122559084338923961564827243679948341711906639370687199591334610184232323549682995276987956088064516661660343597404353309026284818116830917705446825786992810866587209705521015335282251073699235984232692064386328873635550251467202252037321107786049250681199223578740058812830716655171327994111037989160554259663041255730806104822364702767003886426236948197875179044375918947062777752518800945220039096656325624832428902632916718843792734174910613073877182282814845299795859817832873050829380297050086561327142630676041705608701295328883785288019463302235365810057437776994452568277033509701397890179816214208032024713357498876567322388814154303003931713475645588699713181579139545605564594106502193640473675998821326912636802272263104652883469557388721394548958714742151679764225722796250070551524401796064839535518648641058846020683987900923271122883848006060940514381132676162478441282448143119470227210432227122363713371255441354621052509508984709634926146647286000378028149020408135579796249985685416544122878976762015235710406679767054221469630668164508756954128670266820083169508953133382895781415892028857527433800331452509796880235124731818611926094996337828751367422770972106106871945447087787459013419016539682579692253007997669256306678044334190343958737683833626787830959854189876711673345743229891352071395441453714329516872363078558572585460064194527798019451500567712566804669085534009811391321703082108952041911184337041897792539402496106214458120979277192533259839067349129963145395443534147512377238039651898685713406445449049290166872617628617292086319375613642792703810618236745564851457049087158661840834963661419540135158363742337750878630973637161914688328900311151288869242457269541014220968487060804170517057834972965455408167521485957636626702129395672139918211400852445909138229939457411027786749047331318679203233959006853076598513293545187508811641950752377849176619622422822865690583986800091214624688328197908428394843316056532803829279453545060994789096398534012484533311814877844201908213083717792014484879802543088847813769703124411954747150298542713179850503414173	24739664234858138982047535273920704895757539726112908251438163205018941142815780311745551274768732340258877681883220709254438060557727943084431578832787664786285033962897137475109966594536921196345368988178928734319550990616798234738426441329975811082542418687032574754555670308806400073011386994034122559084338923961564827243679948341711906639370687199591334610184232323549682995276987956088064516661660343597404353309026284818116830917705446825786992810866587209705521015335282251073699235984232692064386328873635550251467202252037321107786049250681199223578740058812830716655171327994111037989160554259663041255730806104822364702767003886426236948197875179044375918947062777752518800945220039096656325624832428902632916718843792734174910613073877182282814845299795859817832873050829380297050086561327142630676041705608701295328883785288019463302235365810057437776994452568277033509701397890179816214208032024713357498876567322388814154303003931713475645588699713181579139545605564594106502193640473675998821326912636802272263104652883469557388721394548958714742151679764225722796250070551524401796064839535518648641058846020683987900923271122883848006060940514381132676162478441282448143119470269415358774976774198097226198366125776101413479953212990893844707622591247960782360965526600094211835764417582687922318069612159111622737339710634104427114797608554055517700495639835876980763738682423580135987737791697229832132352127014446159065129297028858982133230701031934741481957304792875893324827590211443183732440181211939889062944064406935794393177802397658518834216272859169505354675886572959975708404490092753371472633353216648570386040749347328511084053161862616325068702459194849564854815237142922474289191138162236662232370058363190477871298080600520099616516878790289268572322790610806728362180201928367118777582585788433944920505837352493443323390687017186978574812062227123712521838733988670541609247056482088210495449808783366795986132655358170140539514956320459677383667382641521484273388112210951158170902142463593582495875314905465138451629795118023298044295783638840499526368150868882234162370344849170103007744163409353536619693890546100833086916153307115685964187789887695305171670781467922727681517710517978983532113207553952736241716791487547792677819106108503091815873223349377967308268003255552449945754515995935276076479792701789162590536712650581192008931305997187779082	1,-4,-4,-4,-4,-4,3,3,3,3,3,3	4,-4,-4,-4,-4,-4,3,3,3,3,3,3	ok
-0.006006	12.552553	-54.912897	0.448700	continued:5	24739664234858138982047535273920704865888201889876711837493816699690678265963591165069870505023217046633362579621148489165328977987949899797415602900085081435628786567950676391780949633448253616219680559998014214784634910618447122667639804607217055610037222276897125660535867393387520758988742191975475097134159821776175469287214857624750265388130867415580412873925910271279382629434282479656095907178473638142326186864698341018602123575843883404208311798618679388046194707946385968872279636660172423920762823771748609336176990325713506490614247467311351878471253089939596514261196666267475682898635077588364628629417296554229734815495315011752337585393015754405944996164827318009845582551593321289722257247006063686910061456841431892563940020873466746931070957111770150069590359792388197563206227771911411885143855184505614961998508226343153531223089971459935049708039359327667779120430067461929055441744031224422705223831560005091108633317128720548165517033711719448300771525660964913525817712220131912105082815080054605883136048554894173783193438041716508681297001277350562437894851607688119124032266056066591963623197071229719772200831481260746898621517899928612391918713268983151048632780119648896253765940151777173575597570025320253082336116946689981147789765900355562110523987436189411566954756946831913765892283629482126668117215787661175622538482371666841405595054624551275871666632475049764341931929868507018454948365774171910807496638367218687366613903751947086947394002612630474683257999387223688134848014104823955551645010680263372366206458226198558279883447844315148180302724249331888726196930807213187997142652942313186005148224878224024593537200103980637926868603500896185830904692094904758235554768415409124757267836161356776521732484146109863946926378105041694979170269733992817805415234240628485488200053302199364211031646323082439647263607276631895871769259044401451363766451126814443473134220489198884697731101960802990910300139680959518854832128513597114746389737973151315057975842081443516593123962467786526070102139874765749035637088432614260030772344792316488840415153698481155126035457741137680097748660410763036811870095293313414540437283852893333234643562710973384060038416228190613325616933189150517789061901654152308030489428549857055082465581427407486143000730202660813809057790100346399768338483335257539245860316494779637880208922066168766414992991208014608723526	24739664234858138982047535273920704895757539726112908251438163205018941142815780311745551274768732340258877681883220709254438060557727943084431578832787664786285033962897137475109966594536921196345368988178928734319550990616798234738426441329975811082542418687032574754555670308806400073011386994034122559084338923961564827243679948341711906639370687199591334610184232323549682995276987956088064516661660343597404353309026284818116830917705446825786992810866587209705521015335282251073699235984232692064386328873635550251467202252037321107786049250681199223578740058812830716655171327994111037989160554259663041255730806104822364702767003886426236948197875179044375918947062777752518800945220039096656325624832428902632916718843792734174910613073877182282814845299795859817832873050829380297050086561327142630676041705608701295328883785288019463302235365810057437776994452568277033509701397890179816214208032024713357498876567322388814154303003931713475645588699713181579139545605564594106502193640473675998821326912636802272263104652883469557388721394548958714742151679764225722796250070551524401796064839535518648641058846020683987900923271122883848006060940514381132676162478441282448143119470269415358774976774198097226198366125776101413479953212990893844707622591247960782360965526600094211835764417582687922318069612159111622737339710634104427114797608554055517700495639835876980763738682423580135987737791697229832132352127014446159065129297028858982133230701031934741481957304792875893324827590211443183732440181211939889062944064406935794393177802397658518834216272859169505354675886572959975708404490092753371472633353216648570386040749347328511084053161862616325068702459194849564854815237142922474289191138162236662232370058363190477871298080600520099616516878790289268572322790610806728362180201928367118777582585788433944920505837352493443323390687017186978574812062227123712521838733988670541609247056482088210495449808783366795986132655358170140539514956320459677383667382641521484273388112210951158170902142463593582495875314905465138451629795118023298044295783638840499526368150868882234162370344849170103007744163409353536619693890546100833086916153307115685964187789887695305171670781467922727681517710517978983532113207553952736241716791487547792677819106108503091815873223349377967308268003255552449945754515995935276076479792701789162590536712650581192008931305997187779082	1,3,3,3,3,3,3,3,3,3,3,3	4,-4,-4,-4,-4,-4,3,3,3,3,3,3	ok
-0.002002	12.552553	-55.804908	0.451494	continued:5	24739664234858138982047535273920704865888201889876711837493816699690678265963591165069870505023217046633362579621148489165328977987949899797415602900085081435628786567950676391780949633448253616219680559998014214784634910618447122667639804607217055610037222276897125660535867393387520758988742191975475097134159821776175469287214857624750265388130867415580412873925910271279382629434282479656095907178473638142326186864698341018602123575843883404208311798618679388046194707946385968872279636660172423920762823771748609336176990325713506490614247467311351878471253089939596514261196666267475682898635077588364628629417296554229734815495315011752337585393015754405944996164827318009845582551593321289722257247006063686910061456841431892563940020873466746931070957111770150069590359792388197563206227771911411885143855184505614961998508226343153531223089971459935049708039359327667779120430067461929055441744031224422705223831560005091108633317128720548165517033711719448300771525660964913525817712220131912105082815080054605883136048554894173783193438041716508681297001277350562437894851607688119124032266056066591963623197071229719772200831481260746898621517899928612391918713268983151048632780119655930408190582553524627904057071942769938736862457235924274975877692875969260912825240440176312796169883715527296420812911085368231803397367822990876417832371726944474641149344806282859835563177758758315140869621665338558538229319788140992642348683078964438303205169238089677606281386970253341769254691973676747054001600056884371509167578247128910554017708455798400339763929792299326278161913247735847547901720607853014273297061169415154483166033077865097453650461838107532682052642437808745312631797604500447563344035980600655360681484274936965759099895773785743476559627847035998495623947412514142251410657373695628596507787826274803330499930271551011927848963095389998115464084361772602196582573023653623911344037727364227195594183603523434780747077500441651045950433605054450968920210102886398197382751252220063486096686194630712738899496659850907030285511459146924946136142303252814811401903979278425790228571196558652325907826618637862596663393079577711958009484587139118727133603578984775841831059511392904829664132579075616389269418347099007484820626482853352165533173315748528323140233506000037753936239379980930850327518548701251621213257545847129540580490183656973082502121819713680447958	24739664234858138982047535273920704895757539726112908251438163205018941142815780311745551274768732340258877681883220709254438060557727943084431578832787664786285033962897137475109966594536921196345368988178928734319550990616798234738426441329975811082542418687032574754555670308806400073011386994034122559084338923961564827243679948341711906639370687199591334610184232323549682995276987956088064516661660343597404353309026284818116830917705446825786992810866587209705521015335282251073699235984232692064386328873635550251467202252037321107786049250681199223578740058812830716655171327994111037989160554259663041255730806104822364702767003886426236948197875179044375918947062777752518800945220039096656325624832428902632916718843792734174910613073877182282814845299795859817832873050829380297050086561327142630676041705608701295328883785288019463302235365810057437776994452568277033509701397890179816214208032024713357498876567322388814154303003931713475645588699713181579139545605564594106502193640473675998821326912636802272263104652883469557388721394548958714742151679764225722796250070551524401796064839535518648641058846020683987900923271122883848006060940514381132676162478441282448143119470269415358774976774198097226198366125776101413479953212990893844707622591247960782360965526600094211835764417582687922318069612159111622737339710634104427114797608554055517700495639835876980763738682423580135987737791697229832132352127014446159065129297028858982133230701031934741481957304792875893324827590211443183732440181211939889062944064406935794393177802397658518834216272859169505354675886572959975708404490092753371472633353216648570386040749347328511084053161862616325068702459194849564854815237142922474289191138162236662232370058363190477871298080600520099616516878790289268572322790610806728362180201928367118777582585788433944920505837352493443323390687017186978574812062227123712521838733988670541609247056482088210495449808783366795986132655358170140539514956320459677383667382641521484273388112210951158170902142463593582495875314905465138451629795118023298044295783638840499526368150868882234162370344849170103007744163409353536619693890546100833086916153307115685964187789887695305171670781467922727681517710517978983532113207553952736241716791487547792677819106108503091815873223349377967308268003255552449945754515995935276076479792701789162590536712650581192008931305997187779082	-2,3,3,3,3,3,3,3,3,3,3,3	4,-4,-4,-4,-4,-4,3,3,3,3,3,3	ok
0.002002	12.552553	-56.391403	0.454287	continued:5	24739664234858138982047535273920704865888201889876711837493816699690678265963591165069870505023217046633362579621148489165328977987949899797415602900085081435628786567950676391780949633448253616219680559998014214784634910618447122667639804607217055610037222276897125660535867393387520758988742191975475097134159821776175469287214857624750265388130867415580412873925910271279382629434282479656095907178473638142326186864698341018602123575843883404208311798618679388046194707946385968872279636660172423920762823771748609336176990325713506490614247467311351878471253089939596514261196666267475682898635077588364628629417296554229734815495315011752337585393015754405944996164827318009845582551593321289722257247006063686910061456841431892563940020873466746931070957111770150069590359792388197563206227771911411885143855184505614961998508226343153531223089971459935049708039359327667779120430067461929055441744031224422705223831560005091108633317128720548165517033711719448300771525660964913525817712220131912105082815080054605883136048554894173783193438041716508681297001277350562437894851607688119124032266056066591963623197071229719772200831481260746898621517899928612391918713268983151048632780119655930408190582553524627904057071942769938736862457235924274975877692875969260912825240440176312796169883715527296420812911085368231803397367822990876417832371726944474641149344806282859835563177758758315140869621665338558538229319788140992642348683078964438303205169238089677606281386970253341769254691973676747054001600056884371509167578247128910554017708455798400339763929792299326278161913247735847547901720607853014273297061169415154483166033077865097453650461838107532682052642437808745312631797604500447563344035980600655360681484274936965759099895773785743476559627847035998495623947412514142251410657373695628596507787826274803330499930271551011927848963095389998115464084361772602196582573023653623911344037727364227195594183603523434780747077500441651045950433605054450968920210102886398197382751252220063486096686194630712738899496659850907030285511459146924946136142303252814811401903979278425790228571196558652325907826618637862596663393079577711958009484587139118727133603578984775841831059511392904829664132579075616389269418347099007484820626482853352165533173315748528323140233506000037753936239379980930850327518548701251621213257545847129540580490183656973082502121819713680447958	24739664234858138982047535273920704895757539726112908251438163205018941142815780311745551274768732340258877681883220709254438060557727943084431578832787664786285033962897137475109966594536921196345368988178928734319550990616798234738426441329975811082542418687032574754555670308806400073011386994034122559084338923961564827243679948341711906639370687199591334610184232323549682995276987956088064516661660343597404353309026284818116830917705446825786992810866587209705521015335282251073699235984232692064386328873635550251467202252037321107786049250681199223578740058812830716655171327994111037989160554259663041255730806104822364702767003886426236948197875179044375918947062777752518800945220039096656325624832428902632916718843792734174910613073877182282814845299795859817832873050829380297050086561327142630676041705608701295328883785288019463302235365810057437776994452568277033509701397890179816214208032024713357498876567322388814154303003931713475645588699713181579139545605564594106502193640473675998821326912636802272263104652883469557388721394548958714742151679764225722796250070551524401796064839535518648641058846020683987900923271122883848006060940514381132676162478441282448143119470262381204350334372450642897738864208322169429397412616646769311804018889044658822035493868799453507477373105339386431392060549417660798908958795773358800623082799954067709794883047058148976158679384649886095327924414319991582019045071992077653342910849511731651167330376087849413063648771806054152285320901678439155866980580958658742218731596390226169383346559324505046334118025354467896827209357423024270295318967089193716469480182600019202501460386553683769935798934555422187651870810463152818301347666184322345754677440475515749249815364934748631975432769576786912893296154535214235035123986033238180890841420336512272256635269109262695008596412821556639040928454528709044747950517306571530140989872465801626188898990708546002689778097341998723945500171278246946055789449381771214538248033679474979772746929212620712985885813805837624575390338322582202290684435369469769936191843018735649747381110580440185044877125338766593728339916041666940350887088221502909829961379224536730095552799769182691380196128838366270867946627869097207643079077694101166210852793544503069489026087555268642935563100213366941903197369697662555574427432410759363820914635220452586012849253000009376431228284972740384928	-2,3,3,3,3,3,3,3,3,3,3,3	-4,-4,-4,-4,-4,-4,3,3,3,3,3,3	ok
0.006006	12.552553	-56.798931	0.457080	continued:5	24739664234858138982047535273920704865888201889876711837493816699690678265963591165069870505023217046633362579621148489165328977987949899797415602900085081435628786567950676391780949633448253616219680559998014214784634910618447122667639804607217055610037222276897125660535867393387520758988742191975475097134159821776175469287214857624750265388130867415580412873925910271279382629434282479656095907178473638142326186864698341018602123575843883404208311798618679388046194707946385968872279636660172423920762823771748609336176990325713506490614247467311351878471253089939596514261196666267475682898635077588364628629417296554229734815495315011752337585393015754405944996164827318009845582551593321289722257247006063686910061456841431892563940020873466746931070957111770150069590359792388197563206227771911411885143855184505614961998508226343153531223089971459935049708039359327667779120430067461929055441744031224422705223831560005091108633317128720548165517033711719448300771525660964913525817712220131912105082815080054605883136048554894173783193438041716508681297001277350562437894851607688119124032266056066591963623197071229719772200831481260746898621517899928612391918713268983151048632780119648896253765940151777173575597570025320253082336116946689981147789765900355562110523987436189411566954756946831913765892283629482126668117215787661175622538482371666841405595054624551275871666632475049764341931929868507018454948365774171910807496638367218687366613903751947086947394002612630474683257999387223688134848014104823955551645010680263372366206458226198558279883447844315148180302724249331888726196930807213187997142652942313186005148224878224024593537200103980637926868603500896185830904692094904758235554768415409124757267836161356776521732484146109863946926378105041694979170269733992817805415234240628485488200053302199364211031646323082439647263607276631895871769259044401451363766451126814443473134220489198884697731101960802990910300139680959518854832128513597114746389737973151315057975842081443516593123962467786526070102139874765749035637088432614260030772344792316488840415153698481155126035457741137680097748660410763036811870095293313414540437283852893333234643562710973384060038416228190613325616933189150517789061901654152308030489428549857055082465581427407486143000730202660813809057790100346399768338483335257539245860316494779637880208922066168766414992991208014608723526	24739664234858138982047535273920704895757539726112908251438163205018941142815780311745551274768732340258877681883220709254438060557727943084431578832787664786285033962897137475109966594536921196345368988178928734319550990616798234738426441329975811082542418687032574754555670308806400073011386994034122559084338923961564827243679948341711906639370687199591334610184232323549682995276987956088064516661660343597404353309026284818116830917705446825786992810866587209705521015335282251073699235984232692064386328873635550251467202252037321107786049250681199223578740058812830716655171327994111037989160554259663041255730806104822364702767003886426236948197875179044375918947062777752518800945220039096656325624832428902632916718843792734174910613073877182282814845299795859817832873050829380297050086561327142630676041705608701295328883785288019463302235365810057437776994452568277033509701397890179816214208032024713357498876567322388814154303003931713475645588699713181579139545605564594106502193640473675998821326912636802272263104652883469557388721394548958714742151679764225722796250070551524401796064839535518648641058846020683987900923271122883848006060940514381132676162478441282448143119470262381204350334372450642897738864208322169429397412616646769311804018889044658822035493868799453507477373105339386431392060549417660798908958795773358800623082799954067709794883047058148976158679384649886095327924414319991582019045071992077653342910849511731651167330376087849413063648771806054152285320901678439155866980580958658742218731596390226169383346559324505046334118025354467896827209357423024270295318967089193716469480182600019202501460386553683769935798934555422187651870810463152818301347666184322345754677440475515749249815364934748631975432769576786912893296154535214235035123986033238180890841420336512272256635269109262695008596412821556639040928454528709044747950517306571530140989872465801626188898990708546002689778097341998723945500171278246946055789449381771214538248033679474979772746929212620712985885813805837624575390338322582202290684435369469769936191843018735649747381110580440185044877125338766593728339916041666940350887088221502909829961379224536730095552799769182691380196128838366270867946627869097207643079077694101166210852793544503069489026087555268642935563100213366941903197369697662555574427432410759363820914635220452586012849253000009376431228284972740384928	1,3,3,3,3,3,3,3,3,3,3,3	-4,-4,-4,-4,-4,-4,3,3,3,3,3,3	ok
0.010010	12.552553	-57.084890	0.456706	full	24739664234858138982047535273920704865888201889876711837493816699690678265963591165069870505023217046633362579621148489165328977987949899797415602900085081435628786567950676391780949633448253616219680559998014214784634910618447122667639804607217055610037222276897125660535867393387520758988742191975475097134159821776175469287214857624750265388130867415580412873925910271279382629434282479656095907178473638142326186864698341018602123575843883404208311798618679388046194707946385968872279636660172423920762823771748609336176990325713506490614247467311351878471253089939596514261196666267475682898635077588364628629417296554229734815495315011752337585393015754405944996164827318009845582551593321289722257247006063686910061456841431892563940020873466746931070957111770150069590359792388197563206227771911411885143855184505614961998508226343153531223089971459935049708039359327667779120430067461929055441744031224422705223831560005091108633317128720548165517033711719448300771525660964913525817712220131912105082815080054605883136048554894173783193438041716508681297001277350562437894851607688119124032266056066591963623197071229719772200831481260746898621517899928612391918713268983151048632780119648896253765940151777173575597570025320253082336116946689981147789765900355562110523987436189411566954756946831913765892283629482126668117215787661175622538482371666841405595054624551275871666632475049764341931929868507018454948365774171910807496638367218687366613903751947086947394002612630474683257999387223688134848014104823955551645010680263372366206458226198558279883447844315148180302724249331888726196930807213187997142652942313186005148224878224024593537200103980637926868603500896185830904692094904758235554768415409124757267836161356776521732484146109863946926378105041694979170269733992817805415234240628485488200053302199364211031646323082439647263607276631895871769259044401451363766451126814443473134220489198884697731101960802990910300139680959518854832128513597114746389737973151315057975842081443516593123962467786526070102139874765749035637088432614260030772344792316488840415153698481155126035457741137680097748660410763036811870095293313414540437283852893333234643562710973384060038416228190613325616933189150517789061901654152308030489428549857055082465581427407486143000730202660813809057790100346399768338483335257539245860316494779637880208922066168766414992991208014608723526	24739664234858138982047535273920704895757539726112908251438163205018941142815780311745551274768732340258877681883220709254438060557727943084431578832787664786285033962897137475109966594536921196345368988178928734319550990616798234738426441329975811082542418687032574754555670308806400073011386994034122559084338923961564827243679948341711906639370687199591334610184232323549682995276987956088064516661660343597404353309026284818116830917705446825786992810866587209705521015335282251073699235984232692064386328873635550251467202252037321107786049250681199223578740058812830716655171327994111037989160554259663041255730806104822364702767003886426236948197875179044375918947062777752518800945220039096656325624832428902632916718843792734174910613073877182282814845299795859817832873050829380297050086561327142630676041705608701295328883785288019463302235365810057437776994452568277033509701397890179816214208032024713357498876567322388814154303003931713475645588699713181579139545605564594106502193640473675998821326912636802272263104652883469557388721394548958714742151679764225722796250070551524401796064839535518648641058846020683987900923271122883848006060940514381132676162478441282448143119470262381204350334372450642897738864208322169429397412616646769311804018889044658822035493868799453507477373105339386431392060549417660798908958795773358800623082799954067709794883047058148976158679384649886095327924414319991582019045071992077653342910849511731651167330376087849413063648771806054152285320901678439155866980580958658742218731596390226169383346559324505046334118025354467896827209357423024270295318967089193716469480182600019202501460386553683769935798934555422187651870810463152818301347666184322345754677440475515749249815364934748631975432769576786912893296154535214235035123986033238180890841420336512272256635269109262695008596412821556639040928454528709044747950517306571530140989872465801626188898990708546002689778097341998723945500171278246946055789449381771214538248033679474979772746929212620712985885813805837624575390338322582202290684435369469769936191843018735649747381110580440185044877125338766593728339916041666940350887088221502909829961379224536730095552799769182691380196128838366270867946627869097207643079077694101166210852793544503069489026087555268642935563100213366941903197369697662555574427432410759363820914635220452586012849253000009376431228284972740384928	1,3,3,3,3,3,3,3,3,3,3,3	-4,-4,-4,-4,-4,-4,3,3,3,3,3,3	ok
0.014014	12.552553	-47.548401	0.437564	continued:5	24739665630500802138610170887519272966771298454457124053431325632156904049064895741755490753422315552977895520720975891498656739086660502486951720874535930777038264079654486696806199080647084522983917136963884370348990004143791410489326516430000194438660880919820488766925303365962093933959575081920131962673523344969600533381766340980003792586369026711412116154803807367520822296384209539557816686263434516742684038799495085817087117773251057547921602984121848061476616270441885331717510898936313762203919152925879417627701717527935659433861129698733565802577206541266825715457828956776037319737138271803306595366129436121485948293762460593964625354580159242309738948400273313934907150446568543458827655570219767133649679741594302510605733077647524871262059050938829527622716655327741932897805780443015242482143436375713155149685889999615249058494382500934285056057517312062669419785173078243587534805526887714760598541358140482114471305453850744723252729733937992133004013302413276538178094140628643128347042162826623357813773406541335032232691214937391196292853585674761821225512469775314111548594094991602440046573019905356059332540165516711451434594826806615851220565279219123622984888807341189785547458533292314406510882156581844213733673303988102544926104505054085853001768673401187377897172077105748488120667323552420315608473401325434671469156763532422312654394294500286767053813829358136494434320159259337866098177720981157196218736105005050011101346638676101353574973673412059140741552933816318122387160365484151283238716991181631366618252962718142926872075967896939646229804071870951010170617275504923414163443171433457849364347882802582634199797651769357667482533688448555728211990076949338062582710630172020007947671221102073045883100774658374850140363607356756138033910514100479975184414114804123577275199205706194510562559771423370586763893886764139015685738925476473831031184647958268693849091805324335159788093055601303023067075504918711229721656789587097563826255902282096905295213641827919172066605311241667240326424949277630066797371812163165912271582321005720813696787351664127619890021388206149049290395989104686698033066654152467977205719783108787077996519271992011077686932314698926377829011335308799335324177168152565310021331880015069464539080022893521788323573885213894625842764068217159830458739740503496771682933418931471522702876891996590330176904469374465768403238	24739664234858138982047535273920704895757539726112908251438163205018941142815780311745551274768732340258877681883220709254438060557727943084431578832787664786285033962897137475109966594536921196345368988178928734319550990616798234738426441329975811082542418687032574754555670308806400073011386994034122559084338923961564827243679948341711906639370687199591334610184232323549682995276987956088064516661660343597404353309026284818116830917705446825786992810866587209705521015335282251073699235984232692064386328873635550251467202252037321107786049250681199223578740058812830716655171327994111037989160554259663041255730806104822364702767003886426236948197875179044375918947062777752518800945220039096656325624832428902632916718843792734174910613073877182282814845299795859817832873050829380297050086561327142630676041705608701295328883785288019463302235365810057437776994452568277033509701397890179816214208032024713357498876567322388814154303003931713475645588699713181579139545605564594106502193640473675998821326912636802272263104652883469557388721394548958714742151679764225722796250070551524401796064839535518648641058846020683987900923271122883848006060940514381132676162478441282448143119470262381204350334372450642897738864208322169429397412616646769311804018889044658822035493868799453507477373105339386431392060549417660798908958795773358800623082799954067709794883047058148976158679384649886095327924414319991582019045071992077653342910849511731651167330376087849413063648771806054152285320901678439155866980580958658742218731596390226169383346559324505046334118025354467896827209357423024270295318967089193716469480182600019202501460386553683769935798934555422187651870810463152818301347666184322345754677440475515749249815364934748631975432769576786912893296154535214235035123986033238180890841420336512272256635269109262695008596412821556639040928454528709044747950517306571530140989872465801626188898990708546002689778097341998723945500171278246946055789449381771214538248033679474979772746929212620712985885813805837624575390338322582202290684435369469769936191843018735649747381110580440185044877125338766593728339916041666940350887088221502909829961379224536730095552799769182691380196128838366270867946627869097207643079077694101166210852793544503069489026087555268642935563100213366941903197369697662555574427432410759363820914635220452586012849253000009376431228284972740384928	-2,4,-4,-4,-4,-4,-4,-4,3,3,3,3	-4,-4,-4,-4,-4,-4,3,3,3,3,3,3	ok
0.018018	12.552553	-51.164285	0.440357	continued:5	24739664234858139289596792776213395126048089560964325860575729835583842533848297593721721016960133864586270478784566007837923738431102728632493488653686206422427517659865711750940728149273086021245543535037838973580791205998559559705146231073926853464589222083804255555246497856881480415382797028869947515409102466362624308138158295291171590499716827763074129642966611568980216950264829324577223314767622193926428361795673887835629956332562297465397279725893986435790621308317269268856881805654365465396459180361810212552392995264852193433280433258188779211896433656912690564002557543250673156421668598988603647810345647883827187424526915463158134322615813997032870085578289815586789527875250617783966641011840973861161778367017692697778513617628791844098088383138278938803471994576240998128874713270124204402804858853733123767882950720705529136418716048340745063383692707804254910006189709625066540880856512828339707125022640900264777825088485945538517700316298443827627369475653840757692833936502995671196210545796937556570843903607569898668591094666808278514280715560484925085602419486050273594241764192446271213087746701105018813793009080951642400351629955101106856396955759795658817521409156436968419649050559700869886187910965132703582126873187871781265784589359635836052664767861812359584635294944414335886921495775559442509621289007011899574317734305623846507638965293816166489042929276234604797120840401446432862229356613640747869838729061055864583470767289899665515874597373471166902510955894919889013403996851022737519725454489923863694306555016433375295372220064816704443153770895326726393942707561396768759594343001562309628832709260258535502545170179100100913217886727416773374098365726567295882507796089002777982928942176146303536538484829339376252876278873132787314865441090530111388207983627644324949839957611888467229651076631287086452411156679767928453541754920189969643185569418886674144355038735938956773744064472183947839413482121075100889960388167666456222020883760271666821105826626332568578471394283823161827657852933388986967638720820559015952241392984162742409977176793318883896449258579628362697775607254654867578116669278002967315693001173411715884292571633106480101150690403473649781941261399633458084618085131923299622995004417730411111825841024306265547240837563524515447883350441892520278492403913403822353831936797490378020953435179688381407121656913184027804574	24739664234858138982047535273920704895757539726112908251438163205018941142815780311745551274768732340258877681883220709254438060557727943084431578832787664786285033962897137475109966594536921196345368988178928734319550990616798234738426441329975811082542418687032574754555670308806400073011386994034122559084338923961564827243679948341711906639370687199591334610184232323549682995276987956088064516661660343597404353309026284818116830917705446825786992810866587209705521015335282251073699235984232692064386328873635550251467202252037321107786049250681199223578740058812830716655171327994111037989160554259663041255730806104822364702767003886426236948197875179044375918947062777752518800945220039096656325624832428902632916718843792734174910613073877182282814845299795859817832873050829380297050086561327142630676041705608701295328883785288019463302235365810057437776994452568277033509701397890179816214208032024713357498876567322388814154303003931713475645588699713181579139545605564594106502193640473675998821326912636802272263104652883469557388721394548958714742151679764225722796250070551524401796064839535518648641058846020683987900923271122883848006060940514381132676162478441282448143119470262381204350334372450642897738864208322169429397412616646769311804018889044658822035493868799453507477373105339386431392060549417660798908958795773358800623082799954067709794883047058148976158679384649886095327924414319991582019045071992077653342910849511731651167330376087849413063648771806054152285320901678439155866980580958658742218731596390226169383346559324505046334118025354467896827209357423024270295318967089193716469480182600019202501460386553683769935798934555422187651870810463152818301347666184322345754677440475515749249815364934748631975432769576786912893296154535214235035123986033238180890841420336512272256635269109262695008596412821556639040928454528709044747950517306571530140989872465801626188898990708546002689778097341998723945500171278246946055789449381771214538248033679474979772746929212620712985885813805837624575390338322582202290684435369469769936191843018735649747381110580440185044877125338766593728339916041666940350887088221502909829961379224536730095552799769182691380196128838366270867946627869097207643079077694101166210852793544503069489026087555268642935563100213366941903197369697662555574427432410759363820914635220452586012849253000009376431228284972740384928	1,4,-4,-4,-4,-4,-4,3,3,3,3,3	-4,-4,-4,-4,-4,-4,3,3,3,3,3,3	ok
0.022022	12.552553	-53.521730	0.443151	continued:5	24739664234858138982047535273920704865888201889876711837493816699690678266527069749440504790571412139398611409270908450362730376250155074764676347344069888126517298474570859817860608502873391373146285427510315747585633769201540786967750755426439244909325087395028128868044225308262789884128060956514754247517702306425810931411575896427989859706075064718218471893517140662118299639008577497356111854595428210166315807732026393320608795249168317651695729421548767897306733768613302513900313747234910216702628396343057972743120228768071687743367812170271420131539175277064250947772621001186024499362163335793602171390789441233345359317297987613512980491695577916997660396957915557900310271635623458055025007041775847069041635811203256895352566087822033786766343037302223398419442420288675160901222754706690690966518603785237711745730763499632246794821702611212581403238113406002252819908487238453210437930412907369377220770586565902403360469112052194331355699172681218058600912097861834234685728509163337737349074185342289032272009772529037195573254778966688587558900055660072144278809022487554382658809806558064428353021275127081776410900980967206199354460442391625214857639764133401759178616057210673156243633300796807248794605122683731974791496902664128878641184520473500825398215812641159434827628998622259292915673218874003973386059003237887445082762880209786399957615563799203180616399064332818912996058392810196869654083006490334642056061239251179056009615294506290117464688484025949120568719819283456124580544682881171421260943541579248527704869898537742188703833871961088688204538498117265321771286761309247552685482079962262050552845513714934846045182058722227987606665606042180617044588443607459813064997879976194827291424712032310443011090956239365061217361518410802453124524840558011953805365761494457801009569163317744034818142535244063518808384830620220565418152783289956624749749819076668016024265032457536863212943413743867832753754773611384186639210741581136382046281168136879454471498331878163458120352190565978782247931890290295701266018978036779034468107326187079926916798699596662346300581249330764795567806508746121156744125367811518619897619348002395798294907765649592376122383521072922104001273026981807900119826443200996317126277171178704077483113072074268653747754487474408483425854972111137166212140154130568988566022312919789958312847244142489313149410058949163660852994	24739664234858138982047535273920704895757539726112908251438163205018941142815780311745551274768732340258877681883220709254438060557727943084431578832787664786285033962897137475109966594536921196345368988178928734319550990616798234738426441329975811082542418687032574754555670308806400073011386994034122559084338923961564827243679948341711906639370687199591334610184232323549682995276987956088064516661660343597404353309026284818116830917705446825786992810866587209705521015335282251073699235984232692064386328873635550251467202252037321107786049250681199223578740058812830716655171327994111037989160554259663041255730806104822364702767003886426236948197875179044375918947062777752518800945220039096656325624832428902632916718843792734174910613073877182282814845299795859817832873050829380297050086561327142630676041705608701295328883785288019463302235365810057437776994452568277033509701397890179816214208032024713357498876567322388814154303003931713475645588699713181579139545605564594106502193640473675998821326912636802272263104652883469557388721394548958714742151679764225722796250070551524401796064839535518648641058846020683987900923271122883848006060940514381132676162478441282448143119470262381204350334372450642897738864208322169429397412616646769311804018889044658822035493868799453507477373105339386431392060549417660798908958795773358800623082799954067709794883047058148976158679384649886095327924414319991582019045071992077653342910849511731651167330376087849413063648771806054152285320901678439155866980580958658742218731596390226169383346559324505046334118025354467896827209357423024270295318967089193716469480182600019202501460386553683769935798934555422187651870810463152818301347666184322345754677440475515749249815364934748631975432769576786912893296154535214235035123986033238180890841420336512272256635269109262695008596412821556639040928454528709044747950517306571530140989872465801626188898990708546002689778097341998723945500171278246946055789449381771214538248033679474979772746929212620712985885813805837624575390338322582202290684435369469769936191843018735649747381110580440185044877125338766593728339916041666940350887088221502909829961379224536730095552799769182691380196128838366270867946627869097207643079077694101166210852793544503069489026087555268642935563100213366941903197369697662555574427432410759363820914635220452586012849253000009376431228284972740384928	1,-4,-4,-4,-4,3,3,3,3,3,3,3	-4,-4,-4,-4,-4,-4,3,3,3,3,3,3	ok
0.026026	12.552553	-54.981296	0.445944	continued:5	24739664234858138982047535273920704865888201889876711837493816699690678265963591165069870505023217046633362579621148489165328977987949899797415602900085081435628786567950676391780949633448253616219680559998014214784634910618447122667639804607217055610037222276897125660535867393387520758988742191975475097134159821776175469287214857624750265388130867415580412873925910271279382629434282479656095907178473638142326186864698341018602123575843883404208311798618679388046194707946385968872279636660172423920762823771748609336176990325713506490614247467311351878471253089939596514261196666267475682898635077588364628629417296554229734815495315011752337585393015754405944996164827318009845582551593321289722257247006063686910061456841431892563940020873466746931070957111770150069590359792388197563206227771911411885143855184505614961998508226343153531223089971459935049708039359327667779120430067461929055441744031224422705223831560005091108633317128720548165517033711719448300771525660964913525817712220131912105082815080054605883136048554894173783193438041716508681297001277350562437894851607688119124032266056066591963623197071229719772200831481260746898621517899928612391918713268983151048632780119648896253765940151777173575597570025320253082336116946689981147789765900355562110523987436189411566954756946831913765892283629482126668117215787661175622538482371666841405595054624551275871666632475049764341931929868507018454948365774171910807496638367218687366613903751947086947394002612630474683257999387223688134848014104823955551645010680263372366206458226198558279883447844315148180302724249331888726196930807213187997142652942313186005148224878224024593537200103980637926868603500896185830904692094904758235554768415409124757267836161356776521732484146109863946926378105041694979170269733992817805415234240628485488200053302199364211031646323082439647263607276631895871769259044401451363766451126814443473134220489198884697731101960802990910300139680959518854832128513597114746389737973151315057975842081443516593123962467786526070102139874765749035637088432614260030772344792316488840415153698481155126035457741137680097748660410763036811870095293313414540437283852893333234643562710973384060038416228190613325616933189150517789061901654152308030489428549857055082465581427407486143000730202660813809057790100346399768338483335257539245860316494779637880208922066168766414992991208014608723526	24739664234858138982047535273920704895757539726112908251438163205018941142815780311745551274768732340258877681883220709254438060557727943084431578832787664786285033962897137475109966594536921196345368988178928734319550990616798234738426441329975811082542418687032574754555670308806400073011386994034122559084338923961564827243679948341711906639370687199591334610184232323549682995276987956088064516661660343597404353309026284818116830917705446825786992810866587209705521015335282251073699235984232692064386328873635550251467202252037321107786049250681199223578740058812830716655171327994111037989160554259663041255730806104822364702767003886426236948197875179044375918947062777752518800945220039096656325624832428902632916718843792734174910613073877182282814845299795859817832873050829380297050086561327142630676041705608701295328883785288019463302235365810057437776994452568277033509701397890179816214208032024713357498876567322388814154303003931713475645588699713181579139545605564594106502193640473675998821326912636802272263104652883469557388721394548958714742151679764225722796250070551524401796064839535518648641058846020683987900923271122883848006060940514381132676162478441282448143119470262381204350334372450642897738864208322169429397412616646769311804018889044658822035493868799453507477373105339386431392060549417660798908958795773358800623082799954067709794883047058148976158679384649886095327924414319991582019045071992077653342910849511731651167330376087849413063648771806054152285320901678439155866980580958658742218731596390226169383346559324505046334118025354467896827209357423024270295318967089193716469480182600019202501460386553683769935798934555422187651870810463152818301347666184322345754677440475515749249815364934748631975432769576786912893296154535214235035123986033238180890841420336512272256635269109262695008596412821556639040928454528709044747950517306571530140989872465801626188898990708546002689778097341998723945500171278246946055789449381771214538248033679474979772746929212620712985885813805837624575390338322582202290684435369469769936191843018735649747381110580440185044877125338766593728339916041666940350887088221502909829961379224536730095552799769182691380196128838366270867946627869097207643079077694101166210852793544503069489026087555268642935563100213366941903197369697662555574427432410759363820914635220452586012849253000009376431228284972740384928	1,3,3,3,3,3,3,3,3,3,3,3	-4,-4,-4,-4,-4,-4,3,3,3,3,3,3	ok
0.030030	12.552553	-55.853382	0.448737	continued:5	24739664234858138982047535273920704865888201889876711837493816699690678265963591165069870505023217046633362579621148489165328977987949899797415602900085081435628786567950676391780949633448253616219680559998014214784634910618447122667639804607217055610037222276897125660535867393387520758988742191975475097134159821776175469287214857624750265388130867415580412873925910271279382629434282479656095907178473638142326186864698341018602123575843883404208311798618679388046194707946385968872279636660172423920762823771748609336176990325713506490614247467311351878471253089939596514261196666267475682898635077588364628629417296554229734815495315011752337585393015754405944996164827318009845582551593321289722257247006063686910061456841431892563940020873466746931070957111770150069590359792388197563206227771911411885143855184505614961998508226343153531223089971459935049708039359327667779120430067461929055441744031224422705223831560005091108633317128720548165517033711719448300771525660964913525817712220131912105082815080054605883136048554894173783193438041716508681297001277350562437894851607688119124032266056066591963623197071229719772200831481260746898621517899928612391918713268983151048632780119655930408190582553524627904057071942769938736862457235924274975877692875969260912825240440176312796169883715527296420812911085368231803397367822990876417832371726944474641149344806282859835563177758758315140869621665338558538229319788140992642348683078964438303205169238089677606281386970253341769254691973676747054001600056884371509167578247128910554017708455798400339763929792299326278161913247735847547901720607853014273297061169415154483166033077865097453650461838107532682052642437808745312631797604500447563344035980600655360681484274936965759099895773785743476559627847035998495623947412514142251410657373695628596507787826274803330499930271551011927848963095389998115464084361772602196582573023653623911344037727364227195594183603523434780747077500441651045950433605054450968920210102886398197382751252220063486096686194630712738899496659850907030285511459146924946136142303252814811401903979278425790228571196558652325907826618637862596663393079577711958009484587139118727133603578984775841831059511392904829664132579075616389269418347099007484820626482853352165533173315748528323140233506000037753936239379980930850327518548701251621213257545847129540580490183656973082502121819713680447958	24739664234858138982047535273920704895757539726112908251438163205018941142815780311745551274768732340258877681883220709254438060557727943084431578832787664786285033962897137475109966594536921196345368988178928734319550990616798234738426441329975811082542418687032574754555670308806400073011386994034122559084338923961564827243679948341711906639370687199591334610184232323549682995276987956088064516661660343597404353309026284818116830917705446825786992810866587209705521015335282251073699235984232692064386328873635550251467202252037321107786049250681199223578740058812830716655171327994111037989160554259663041255730806104822364702767003886426236948197875179044375918947062777752518800945220039096656325624832428902632916718843792734174910613073877182282814845299795859817832873050829380297050086561327142630676041705608701295328883785288019463302235365810057437776994452568277033509701397890179816214208032024713357498876567322388814154303003931713475645588699713181579139545605564594106502193640473675998821326912636802272263104652883469557388721394548958714742151679764225722796250070551524401796064839535518648641058846020683987900923271122883848006060940514381132676162478441282448143119470262381204350334372450642897738864208322169429397412616646769311804018889044658822035493868799453507477373105339386431392060549417660798908958795773358800623082799954067709794883047058148976158679384649886095327924414319991582019045071992077653342910849511731651167330376087849413063648771806054152285320901678439155866980580958658742218731596390226169383346559324505046334118025354467896827209357423024270295318967089193716469480182600019202501460386553683769935798934555422187651870810463152818301347666184322345754677440475515749249815364934748631975432769576786912893296154535214235035123986033238180890841420336512272256635269109262695008596412821556639040928454528709044747950517306571530140989872465801626188898990708546002689778097341998723945500171278246946055789449381771214538248033679474979772746929212620712985885813805837624575390338322582202290684435369469769936191843018735649747381110580440185044877125338766593728339916041666940350887088221502909829961379224536730095552799769182691380196128838366270867946627869097207643079077694101166210852793544503069489026087555268642935563100213366941903197369697662555574427432410759363820914635220452586012849253000009376431228284972740384928	-2,3,3,3,3,3,3,3,3,3,3,3	-4,-4,-4,-4,-4,-4,3,3,3,3,3,3	ok
0.034034	12.552553	-56.429333	0.451531	continued:5	24739664234858138982047535273920704865888201889876711837493816699690678265963591165069870505023217046633362579621148489165328977987949899797415602900085081435628786567950676391780949633448253616219680559998014214784634910618447122667639804607217055610037222276897125660535867393387520758988742191975475097134159821776175469287214857624750265388130867415580412873925910271279382629434282479656095907178473638142326186864698341018602123575843883404208311798618679388046194707946385968872279636660172423920762823771748609336176990325713506490614247467311351878471253089939596514261196666267475682898635077588364628629417296554229734815495315011752337585393015754405944996164827318009845582551593321289722257247006063686910061456841431892563940020873466746931070957111770150069590359792388197563206227771911411885143855184505614961998508226343153531223089971459935049708039359327667779120430067461929055441744031224422705223831560005091108633317128720548165517033711719448300771525660964913525817712220131912105082815080054605883136048554894173783193438041716508681297001277350562437894851607688119124032266056066591963623197071229719772200831481260746898621517899928612391918713268983151048632780119655930408190582553524627904057071942769938736862457235924274975877692875969260912825240440176312796169883715527296420812911085368231803397367822990876417832371726944474641149344806282859835563177758758315140869621665338558538229319788140992642348683078964438303205169238089677606281386970253341769254691973676747054001600056884371509167578247128910554017708455798400339763929792299326278161913247735847547901720607853014273297061169415154483166033077865097453650461838107532682052642437808745312631797604500447563344035980600655360681484274936965759099895773785743476559627847035998495623947412514142251410657373695628596507787826274803330499930271551011927848963095389998115464084361772602196582573023653623911344037727364227195594183603523434780747077500441651045950433605054450968920210102886398197382751252220063486096686194630712738899496659850907030285511459146924946136142303252814811401903979278425790228571196558652325907826618637862596663393079577711958009484587139118727133603578984775841831059511392904829664132579075616389269418347099007484820626482853352165533173315748528323140233506000037753936239379980930850327518548701251621213257545847129540580490183656973082502121819713680447958	24739664234858138982047535273920704895757539726112908251438163205018941142815780311745551274768732340258877681883220709254438060557727943084431578832787664786285033962897137475109966594536921196345368988178928734319550990616798234738426441329975811082542418687032574754555670308806400073011386994034122559084338923961564827243679948341711906639370687199591334610184232323549682995276987956088064516661660343597404353309026284818116830917705446825786992810866587209705521015335282251073699235984232692064386328873635550251467202252037321107786049250681199223578740058812830716655171327994111037989160554259663041255730806104822364702767003886426236948197875179044375918947062777752518800945220039096656325624832428902632916718843792734174910613073877182282814845299795859817832873050829380297050086561327142630676041705608701295328883785288019463302235365810057437776994452568277033509701397890179816214208032024713357498876567322388814154303003931713475645588699713181579139545605564594106502193640473675998821326912636802272263104652883469557388721394548958714742151679764225722796250070551524401796064839535518648641058846020683987900923271122883848006060940514381132676162478441282448143119470262381204350334372450642897738864208322169429397412616646769311804018889044658822035493868799453507477373105339386431392060549417660798908958795773358800623082799954067709794883047058148976158679384649886095327924414319991582019045071992077653342910849511731651167330376087849413063648771806054152285320901678439155866980580958658742218731596390226169383346559324505046334118025354467896827209357423024270295318967089193716469480182600019202501460386553683769935798934555422187651870810463152818301347666184322345754677440475515749249815364934748631975432769576786912893296154535214235035123986033238180890841420336512272256635269109262695008596412821556639040928454528709044747950517306571530140989872465801626188898990708546002689778097341998723945500171278246946055789449381771214538248033679474979772746929212620712985885813805837624575390338322582202290684435369469769936191843018735649747381110580440185044877125338766593728339916041666940350887088221502909829961379224536730095552799769182691380196128838366270867946627869097207643079077694101166210852793544503069489026087555268642935563100213366941903197369697662555574427432410759363820914635220452586012849253000009376431228284972740384928	-2,3,3,3,3,3,3,3,3,3,3,3	-4,-4,-4,-4,-4,-4,3,3,3,3,3,3	ok
0.038038	12.552553	-56.830162	0.454324	continued:5	24739664234858138982047535273920704865888201889876711837493816699690678265963591165069870505023217046633362579621148489165328977987949899797415602900085081435628786567950676391780949633448253616219680559998014214784634910618447122667639804607217055610037222276897125660535867393387520758988742191975475097134159821776175469287214857624750265388130867415580412873925910271279382629434282479656095907178473638142326186864698341018602123575843883404208311798618679388046194707946385968872279636660172423920762823771748609336176990325713506490614247467311351878471253089939596514261196666267475682898635077588364628629417296554229734815495315011752337585393015754405944996164827318009845582551593321289722257247006063686910061456841431892563940020873466746931070957111770150069590359792388197563206227771911411885143855184505614961998508226343153531223089971459935049708039359327667779120430067461929055441744031224422705223831560005091108633317128720548165517033711719448300771525660964913525817712220131912105082815080054605883136048554894173783193438041716508681297001277350562437894851607688119124032266056066591963623197071229719772200831481260746898621517899928612391918713268983151048632780119648896253765940151777173575597570025320253082336116946689981147789765900355562110523987436189411566954756946831913765892283629482126668117215787661175622538482371666841405595054624551275871666632475049764341931929868507018454948365774171910807496638367218687366613903751947086947394002612630474683257999387223688134848014104823955551645010680263372366206458226198558279883447844315148180302724249331888726196930807213187997142652942313186005148224878224024593537200103980637926868603500896185830904692094904758235554768415409124757267836161356776521732484146109863946926378105041694979170269733992817805415234240628485488200053302199364211031646323082439647263607276631895871769259044401451363766451126814443473134220489198884697731101960802990910300139680959518854832128513597114746389737973151315057975842081443516593123962467786526070102139874765749035637088432614260030772344792316488840415153698481155126035457741137680097748660410763036811870095293313414540437283852893333234643562710973384060038416228190613325616933189150517789061901654152308030489428549857055082465581427407486143000730202660813809057790100346399768338483335257539245860316494779637880208922066168766414992991208014608723526	24739664234858138982047535273920704895757539726112908251438163205018941142815780311745551274768732340258877681883220709254438060557727943084431578832787664786285033962897137475109966594536921196345368988178928734319550990616798234738426441329975811082542418687032574754555670308806400073011386994034122559084338923961564827243679948341711906639370687199591334610184232323549682995276987956088064516661660343597404353309026284818116830917705446825786992810866587209705521015335282251073699235984232692064386328873635550251467202252037321107786049250681199223578740058812830716655171327994111037989160554259663041255730806104822364702767003886426236948197875179044375918947062777752518800945220039096656325624832428902632916718843792734174910613073877182282814845299795859817832873050829380297050086561327142630676041705608701295328883785288019463302235365810057437776994452568277033509701397890179816214208032024713357498876567322388814154303003931713475645588699713181579139545605564594106502193640473675998821326912636802272263104652883469557388721394548958714742151679764225722796250070551524401796064839535518648641058846020683987900923271122883848006060940514381132676162478441282448143119470262381204350334372450642897738864208322169429397412616646769311804018889044658822035493868799453507477373105339386431392060549417660798908958795773358800623082799954067709794883047058148976158679384649886095327924414319991582019045071992077653342910849511731651167330376087849413063648771806054152285320901678439155866980580958658742218731596390226169383346559324505046334118025354467896827209357423024270295318967089193716469480182600019202501460386553683769935798934555422187651870810463152818301347666184322345754677440475515749249815364934748631975432769576786912893296154535214235035123986033238180890841420336512272256635269109262695008596412821556639040928454528709044747950517306571530140989872465801626188898990708546002689778097341998723945500171278246946055789449381771214538248033679474979772746929212620712985885813805837624575390338322582202290684435369469769936191843018735649747381110580440185044877125338766593728339916041666940350887088221502909829961379224536730095552799769182691380196128838366270867946627869097207643079077694101166210852793544503069489026087555268642935563100213366941903197369697662555574427432410759363820914635220452586012849253000009376431228284972740384928	1,3,3,3,3,3,3,3,3,3,3,3	-4,-4,-4,-4,-4,-4,3,3,3,3,3,3	ok
0.042042	12.552553	-57.111296	0.453950	full	24739664234858138982047535273920704865888201889876711837493816699690678265963591165069870505023217046633362579621148489165328977987949899797415602900085081435628786567950676391780949633448253616219680559998014214784634910618447122667639804607217055610037222276897125660535867393387520758988742191975475097134159821776175469287214857624750265388130867415580412873925910271279382629434282479656095907178473638142326186864698341018602123575843883404208311798618679388046194707946385968872279636660172423920762823771748609336176990325713506490614247467311351878471253089939596514261196666267475682898635077588364628629417296554229734815495315011752337585393015754405944996164827318009845582551593321289722257247006063686910061456841431892563940020873466746931070957111770150069590359792388197563206227771911411885143855184505614961998508226343153531223089971459935049708039359327667779120430067461929055441744031224422705223831560005091108633317128720548165517033711719448300771525660964913525817712220131912105082815080054605883136048554894173783193438041716508681297001277350562437894851607688119124032266056066591963623197071229719772200831481260746898621517899928612391918713268983151048632780119648896253765940151777173575597570025320253082336116946689981147789765900355562110523987436189411566954756946831913765892283629482126668117215787661175622538482371666841405595054624551275871666632475049764341931929868507018454948365774171910807496638367218687366613903751947086947394002612630474683257999387223688134848014104823955551645010680263372366206458226198558279883447844315148180302724249331888726196930807213187997142652942313186005148224878224024593537200103980637926868603500896185830904692094904758235554768415409124757267836161356776521732484146109863946926378105041694979170269733992817805415234240628485488200053302199364211031646323082439647263607276631895871769259044401451363766451126814443473134220489198884697731101960802990910300139680959518854832128513597114746389737973151315057975842081443516593123962467786526070102139874765749035637088432614260030772344792316488840415153698481155126035457741137680097748660410763036811870095293313414540437283852893333234643562710973384060038416228190613325616933189150517789061901654152308030489428549857055082465581427407486143000730202660813809057790100346399768338483335257539245860316494779637880208922066168766414992991208014608723526	24739664234858138982047535273920704895757539726112908251438163205018941142815780311745551274768732340258877681883220709254438060557727943084431578832787664786285033962897137475109966594536921196345368988178928734319550990616798234738426441329975811082542418687032574754555670308806400073011386994034122559084338923961564827243679948341711906639370687199591334610184232323549682995276987956088064516661660343597404353309026284818116830917705446825786992810866587209705521015335282251073699235984232692064386328873635550251467202252037321107786049250681199223578740058812830716655171327994111037989160554259663041255730806104822364702767003886426236948197875179044375918947062777752518800945220039096656325624832428902632916718843792734174910613073877182282814845299795859817832873050829380297050086561327142630676041705608701295328883785288019463302235365810057437776994452568277033509701397890179816214208032024713357498876567322388814154303003931713475645588699713181579139545605564594106502193640473675998821326912636802272263104652883469557388721394548958714742151679764225722796250070551524401796064839535518648641058846020683987900923271122883848006060940514381132676162478441282448143119470262381204350334372450642897738864208322169429397412616646769311804018889044658822035493868799453507477373105339386431392060549417660798908958795773358800623082799954067709794883047058148976158679384649886095327924414319991582019045071992077653342910849511731651167330376087849413063648771806054152285320901678439155866980580958658742218731596390226169383346559324505046334118025354467896827209357423024270295318967089193716469480182600019202501460386553683769935798934555422187651870810463152818301347666184322345754677440475515749249815364934748631975432769576786912893296154535214235035123986033238180890841420336512272256635269109262695008596412821556639040928454528709044747950517306571530140989872465801626188898990708546002689778097341998723945500171278246946055789449381771214538248033679474979772746929212620712985885813805837624575390338322582202290684435369469769936191843018735649747381110580440185044877125338766593728339916041666940350887088221502909829961379224536730095552799769182691380196128838366270867946627869097207643079077694101166210852793544503069489026087555268642935563100213366941903197369697662555574427432410759363820914635220452586012849253000009376431228284972740384928	1,3,3,3,3,3,3,3,3,3,3,3	-4,-4,-4,-4,-4,-4,3,3,3,3,3,3	ok
0.046046	12.552553	-47.747126	0.434822	continued:5	24739665630500802138610170887519272966771298454457124053431325632156904049064895741755490753422315552977895520720975891498656739086660502486951720874535930777038264079654486696806199080647084522983917136963884370348990004143791410489326516430000194438660880919820488766925303365962093933959575081920131962673523344969600533381766340980003792586369026711412116154803807367520822296384209539557816686263434516742684038799495085817087117773251057547921602984121848061476616270441885331717510898936313762203919152925879417627701717527935659433861129698733565802577206541266825715457828956776037319737138271803306595366129436121485948293762460593964625354580159242309738948400273313934907150446568543458827655570219767133649679741594302510605733077647524871262059050938829527622716655327741932897805780443015242482143436375713155149685889999615249058494382500934285056057517312062669419785173078243587534805526887714760598541358140482114471305453850744723252729733937992133004013302413276538178094140628643128347042162826623357813773406541335032232691214937391196292853585674761821225512469775314111548594094991602440046573019905356059332540165516711451434594826806615851220565279219123622984888807341189785547458533292314406510882156581844213733673303988102544926104505054085853001768673401187377897172077105748488120667323552420315608473401325434671469156763532422312654394294500286767053813829358136494434320159259337866098177720981157196218736105005050011101346638676101353574973673412059140741552933816318122387160365484151283238716991181631366618252962718142926872075967896939646229804071870951010170617275504923414163443171433457849364347882802582634199797651769357667482533688448555728211990076949338062582710630172020007947671221102073045883100774658374850140363607356756138033910514100479975184414114804123577275199205706194510562559771423370586763893886764139015685738925476473831031184647958268693849091805324335159788093055601303023067075504918711229721656789587097563826255902282096905295213641827919172066605311241667240326424949277630066797371812163165912271582321005720813696787351664127619890021388206149049290395989104686698033066654152467977205719783108787077996519271992011077686932314698926377829011335308799335324177168152565310021331880015069464539080022893521788323573885213894625842764068217159830458739740503496771682933418931471522702876891996590330176904469374465768403238	24739664234858138982047535273920704895757539726112908251438163205018941142815780311745551274768732340258877681883220709254438060557727943084431578832787664786285033962897137475109966594536921196345368988178928734319550990616798234738426441329975811082542418687032574754555670308806400073011386994034122559084338923961564827243679948341711906639370687199591334610184232323549682995276987956088064516661660343597404353309026284818116830917705446825786992810866587209705521015335282251073699235984232692064386328873635550251467202252037321107786049250681199223578740058812830716655171327994111037989160554259663041255730806104822364702767003886426236948197875179044375918947062777752518800945220039096656325624832428902632916718843792734174910613073877182282814845299795859817832873050829380297050086561327142630676041705608701295328883785288019463302235365810057437776994452568277033509701397890179816214208032024713357498876567322388814154303003931713475645588699713181579139545605564594106502193640473675998821326912636802272263104652883469557388721394548958714742151679764225722796250070551524401796064839535518648641058846020683987900923271122883848006060940514381132676162478441282448143119470262381204350334372450642897738864208322169429397412616646769311804018889044658822035493868799453507477373105339386431392060549417660798908958795773358800623082799954067709794883047058148976158679384649886095327924414319991582019045071992077653342910849511731651167330376087849413063648771806054152285320901678439155866980580958658742218731596390226169383346559324505046334118025354467896827209357423024270295318967089193716469480182600019202501460386553683769935798934555422187651870810463152818301347666184322345754677440475515749249815364934748631975432769576786912893296154535214235035123986033238180890841420336512272256635269109262695008596412821556639040928454528709044747950517306571530140989872465801626188898990708546002689778097341998723945500171278246946055789449381771214538248033679474979772746929212620712985885813805837624575390338322582202290684435369469769936191843018735649747381110580440185044877125338766593728339916041666940350887088221502909829961379224536730095552799769182691380196128838366270867946627869097207643079077694101166210852793544503069489026087555268642935563100213366941903197369697662555574427432410759363820914635220452586012849253000009376431228284972740384928	-2,4,-4,-4,-4,-4,-4,-4,3,3,3,3	-4,-4,-4,-4,-4,-4,3,3,3,3,3,3	ok
0.050050	12.552553	-51.303641	0.437615	continued:5	24739664234858139289596792776213395126048089560964325860575729835583842533848297593721721016960133864586270478784566007837923738431102728632493488653686206422427517659865711750940728149273086021245543535037838973580791205998559559705146231073926853464589222083804255555246497856881480415382797028869947515409102466362624308138158295291171590499716827763074129642966611568980216950264829324577223314767622193926428361795673887835629956332562297465397279725893986435790621308317269268856881805654365465396459180361810212552392995264852193433280433258188779211896433656912690564002557543250673156421668598988603647810345647883827187424526915463158134322615813997032870085578289815586789527875250617783966641011840973861161778367017692697778513617628791844098088383138278938803471994576240998128874713270124204402804858853733123767882950720705529136418716048340745063383692707804254910006189709625066540880856512828339707125022640900264777825088485945538517700316298443827627369475653840757692833936502995671196210545796937556570843903607569898668591094666808278514280715560484925085602419486050273594241764192446271213087746701105018813793009080951642400351629955101106856396955759795658817521409156436968419649050559700869886187910965132703582126873187871781265784589359635836052664767861812359584635294944414335886921495775559442509621289007011899574317734305623846507638965293816166489042929276234604797120840401446432862229356613640747869838729061055864583470767289899665515874597373471166902510955894919889013403996851022737519725454489923863694306555016433375295372220064816704443153770895326726393942707561396768759594343001562309628832709260258535502545170179100100913217886727416773374098365726567295882507796089002777982928942176146303536538484829339376252876278873132787314865441090530111388207983627644324949839957611888467229651076631287086452411156679767928453541754920189969643185569418886674144355038735938956773744064472183947839413482121075100889960388167666456222020883760271666821105826626332568578471394283823161827657852933388986967638720820559015952241392984162742409977176793318883896449258579628362697775607254654867578116669278002967315693001173411715884292571633106480101150690403473649781941261399633458084618085131923299622995004417730411111825841024306265547240837563524515447883350441892520278492403913403822353831936797490378020953435179688381407121656913184027804574	24739664234858138982047535273920704895757539726112908251438163205018941142815780311745551274768732340258877681883220709254438060557727943084431578832787664786285033962897137475109966594536921196345368988178928734319550990616798234738426441329975811082542418687032574754555670308806400073011386994034122559084338923961564827243679948341711906639370687199591334610184232323549682995276987956088064516661660343597404353309026284818116830917705446825786992810866587209705521015335282251073699235984232692064386328873635550251467202252037321107786049250681199223578740058812830716655171327994111037989160554259663041255730806104822364702767003886426236948197875179044375918947062777752518800945220039096656325624832428902632916718843792734174910613073877182282814845299795859817832873050829380297050086561327142630676041705608701295328883785288019463302235365810057437776994452568277033509701397890179816214208032024713357498876567322388814154303003931713475645588699713181579139545605564594106502193640473675998821326912636802272263104652883469557388721394548958714742151679764225722796250070551524401796064839535518648641058846020683987900923271122883848006060940514381132676162478441282448143119470262381204350334372450642897738864208322169429397412616646769311804018889044658822035493868799453507477373105339386431392060549417660798908958795773358800623082799954067709794883047058148976158679384649886095327924414319991582019045071992077653342910849511731651167330376087849413063648771806054152285320901678439155866980580958658742218731596390226169383346559324505046334118025354467896827209357423024270295318967089193716469480182600019202501460386553683769935798934555422187651870810463152818301347666184322345754677440475515749249815364934748631975432769576786912893296154535214235035123986033238180890841420336512272256635269109262695008596412821556639040928454528709044747950517306571530140989872465801626188898990708546002689778097341998723945500171278246946055789449381771214538248033679474979772746929212620712985885813805837624575390338322582202290684435369469769936191843018735649747381110580440185044877125338766593728339916041666940350887088221502909829961379224536730095552799769182691380196128838366270867946627869097207643079077694101166210852793544503069489026087555268642935563100213366941903197369697662555574427432410759363820914635220452586012849253000009376431228284972740384928	1,4,-4,-4,-4,-4,-4,3,3,3,3,3	-4,-4,-4,-4,-4,-4,3,3,3,3,3,3	ok
0.054054	12.552553	-53.621907	0.440409	continued:5	24739664234858138982047535273920704865888201889876711837493816699690678266527069749440504790571412139398611409270908450362730376250155074764676347344069888126517298474570859817860608502873391373146285427510315747585633769201540786967750755426439244909325087395028128868044225308262789884128060956514754247517702306425810931411575896427989859706075064718218471893517140662118299639008577497356111854595428210166315807732026393320608795249168317651695729421548767897306733768613302513900313747234910216702628396343057972743120228768071687743367812170271420131539175277064250947772621001186024499362163335793602171390789441233345359317297987613512980491695577916997660396957915557900310271635623458055025007041775847069041635811203256895352566087822033786766343037302223398419442420288675160901222754706690690966518603785237711745730763499632246794821702611212581403238113406002252819908487238453210437930412907369377220770586565902403360469112052194331355699172681218058600912097861834234685728509163337737349074185342289032272009772529037195573254778966688587558900055660072144278809022487554382658809806558064428353021275127081776410900980967206199354460442391625214857639764133401759178616057210673156243633300796807248794605122683731974791496902664128878641184520473500825398215812641159434827628998622259292915673218874003973386059003237887445082762880209786399957615563799203180616399064332818912996058392810196869654083006490334642056061239251179056009615294506290117464688484025949120568719819283456124580544682881171421260943541579248527704869898537742188703833871961088688204538498117265321771286761309247552685482079962262050552845513714934846045182058722227987606665606042180617044588443607459813064997879976194827291424712032310443011090956239365061217361518410802453124524840558011953805365761494457801009569163317744034818142535244063518808384830620220565418152783289956624749749819076668016024265032457536863212943413743867832753754773611384186639210741581136382046281168136879454471498331878163458120352190565978782247931890290295701266018978036779034468107326187079926916798699596662346300581249330764795567806508746121156744125367811518619897619348002395798294907765649592376122383521072922104001273026981807900119826443200996317126277171178704077483113072074268653747754487474408483425854972111137166212140154130568988566022312919789958312847244142489313149410058949163660852994	24739664234858138982047535273920704895757539726112908251438163205018941142815780311745551274768732340258877681883220709254438060557727943084431578832787664786285033962897137475109966594536921196345368988178928734319550990616798234738426441329975811082542418687032574754555670308806400073011386994034122559084338923961564827243679948341711906639370687199591334610184232323549682995276987956088064516661660343597404353309026284818116830917705446825786992810866587209705521015335282251073699235984232692064386328873635550251467202252037321107786049250681199223578740058812830716655171327994111037989160554259663041255730806104822364702767003886426236948197875179044375918947062777752518800945220039096656325624832428902632916718843792734174910613073877182282814845299795859817832873050829380297050086561327142630676041705608701295328883785288019463302235365810057437776994452568277033509701397890179816214208032024713357498876567322388814154303003931713475645588699713181579139545605564594106502193640473675998821326912636802272263104652883469557388721394548958714742151679764225722796250070551524401796064839535518648641058846020683987900923271122883848006060940514381132676162478441282448143119470262381204350334372450642897738864208322169429397412616646769311804018889044658822035493868799453507477373105339386431392060549417660798908958795773358800623082799954067709794883047058148976158679384649886095327924414319991582019045071992077653342910849511731651167330376087849413063648771806054152285320901678439155866980580958658742218731596390226169383346559324505046334118025354467896827209357423024270295318967089193716469480182600019202501460386553683769935798934555422187651870810463152818301347666184322345754677440475515749249815364934748631975432769576786912893296154535214235035123986033238180890841420336512272256635269109262695008596412821556639040928454528709044747950517306571530140989872465801626188898990708546002689778097341998723945500171278246946055789449381771214538248033679474979772746929212620712985885813805837624575390338322582202290684435369469769936191843018735649747381110580440185044877125338766593728339916041666940350887088221502909829961379224536730095552799769182691380196128838366270867946627869097207643079077694101166210852793544503069489026087555268642935563100213366941903197369697662555574427432410759363820914635220452586012849253000009376431228284972740384928	1,-4,-4,-4,-4,3,3,3,3,3,3,3	-4,-4,-4,-4,-4,-4,3,3,3,3,3,3	ok
0.058058	12.552553	-55.046176	0.443202	continued:5	24739664234858138982047535273920704865888201889876711837493816699690678265963591165069870505023217046633362579621148489165328977987949899797415602900085081435628786567950676391780949633448253616219680559998014214784634910618447122667639804607217055610037222276897125660535867393387520758988742191975475097134159821776175469287214857624750265388130867415580412873925910271279382629434282479656095907178473638142326186864698341018602123575843883404208311798618679388046194707946385968872279636660172423920762823771748609336176990325713506490614247467311351878471253089939596514261196666267475682898635077588364628629417296554229734815495315011752337585393015754405944996164827318009845582551593321289722257247006063686910061456841431892563940020873466746931070957111770150069590359792388197563206227771911411885143855184505614961998508226343153531223089971459935049708039359327667779120430067461929055441744031224422705223831560005091108633317128720548165517033711719448300771525660964913525817712220131912105082815080054605883136048554894173783193438041716508681297001277350562437894851607688119124032266056066591963623197071229719772200831481260746898621517899928612391918713268983151048632780119648896253765940151777173575597570025320253082336116946689981147789765900355562110523987436189411566954756946831913765892283629482126668117215787661175622538482371666841405595054624551275871666632475049764341931929868507018454948365774171910807496638367218687366613903751947086947394002612630474683257999387223688134848014104823955551645010680263372366206458226198558279883447844315148180302724249331888726196930807213187997142652942313186005148224878224024593537200103980637926868603500896185830904692094904758235554768415409124757267836161356776521732484146109863946926378105041694979170269733992817805415234240628485488200053302199364211031646323082439647263607276631895871769259044401451363766451126814443473134220489198884697731101960802990910300139680959518854832128513597114746389737973151315057975842081443516593123962467786526070102139874765749035637088432614260030772344792316488840415153698481155126035457741137680097748660410763036811870095293313414540437283852893333234643562710973384060038416228190613325616933189150517789061901654152308030489428549857055082465581427407486143000730202660813809057790100346399768338483335257539245860316494779637880208922066168766414992991208014608723526	24739664234858138982047535273920704895757539726112908251438163205018941142815780311745551274768732340258877681883220709254438060557727943084431578832787664786285033962897137475109966594536921196345368988178928734319550990616798234738426441329975811082542418687032574754555670308806400073011386994034122559084338923961564827243679948341711906639370687199591334610184232323549682995276987956088064516661660343597404353309026284818116830917705446825786992810866587209705521015335282251073699235984232692064386328873635550251467202252037321107786049250681199223578740058812830716655171327994111037989160554259663041255730806104822364702767003886426236948197875179044375918947062777752518800945220039096656325624832428902632916718843792734174910613073877182282814845299795859817832873050829380297050086561327142630676041705608701295328883785288019463302235365810057437776994452568277033509701397890179816214208032024713357498876567322388814154303003931713475645588699713181579139545605564594106502193640473675998821326912636802272263104652883469557388721394548958714742151679764225722796250070551524401796064839535518648641058846020683987900923271122883848006060940514381132676162478441282448143119470262381204350334372450642897738864208322169429397412616646769311804018889044658822035493868799453507477373105339386431392060549417660798908958795773358800623082799954067709794883047058148976158679384649886095327924414319991582019045071992077653342910849511731651167330376087849413063648771806054152285320901678439155866980580958658742218731596390226169383346559324505046334118025354467896827209357423024270295318967089193716469480182600019202501460386553683769935798934555422187651870810463152818301347666184322345754677440475515749249815364934748631975432769576786912893296154535214235035123986033238180890841420336512272256635269109262695008596412821556639040928454528709044747950517306571530140989872465801626188898990708546002689778097341998723945500171278246946055789449381771214538248033679474979772746929212620712985885813805837624575390338322582202290684435369469769936191843018735649747381110580440185044877125338766593728339916041666940350887088221502909829961379224536730095552799769182691380196128838366270867946627869097207643079077694101166210852793544503069489026087555268642935563100213366941903197369697662555574427432410759363820914635220452586012849253000009376431228284972740384928	1,3,3,3,3,3,3,3,3,3,3,3	-4,-4,-4,-4,-4,-4,3,3,3,3,3,3	ok
0.062062	12.552553	-55.899870	0.445995	continued:5	24739664234858138982047535273920704865888201889876711837493816699690678265963591165069870505023217046633362579621148489165328977987949899797415602900085081435628786567950676391780949633448253616219680559998014214784634910618447122667639804607217055610037222276897125660535867393387520758988742191975475097134159821776175469287214857624750265388130867415580412873925910271279382629434282479656095907178473638142326186864698341018602123575843883404208311798618679388046194707946385968872279636660172423920762823771748609336176990325713506490614247467311351878471253089939596514261196666267475682898635077588364628629417296554229734815495315011752337585393015754405944996164827318009845582551593321289722257247006063686910061456841431892563940020873466746931070957111770150069590359792388197563206227771911411885143855184505614961998508226343153531223089971459935049708039359327667779120430067461929055441744031224422705223831560005091108633317128720548165517033711719448300771525660964913525817712220131912105082815080054605883136048554894173783193438041716508681297001277350562437894851607688119124032266056066591963623197071229719772200831481260746898621517899928612391918713268983151048632780119655930408190582553524627904057071942769938736862457235924274975877692875969260912825240440176312796169883715527296420812911085368231803397367822990876417832371726944474641149344806282859835563177758758315140869621665338558538229319788140992642348683078964438303205169238089677606281386970253341769254691973676747054001600056884371509167578247128910554017708455798400339763929792299326278161913247735847547901720607853014273297061169415154483166033077865097453650461838107532682052642437808745312631797604500447563344035980600655360681484274936965759099895773785743476559627847035998495623947412514142251410657373695628596507787826274803330499930271551011927848963095389998115464084361772602196582573023653623911344037727364227195594183603523434780747077500441651045950433605054450968920210102886398197382751252220063486096686194630712738899496659850907030285511459146924946136142303252814811401903979278425790228571196558652325907826618637862596663393079577711958009484587139118727133603578984775841831059511392904829664132579075616389269418347099007484820626482853352165533173315748528323140233506000037753936239379980930850327518548701251621213257545847129540580490183656973082502121819713680447958	24739664234858138982047535273920704895757539726112908251438163205018941142815780311745551274768732340258877681883220709254438060557727943084431578832787664786285033962897137475109966594536921196345368988178928734319550990616798234738426441329975811082542418687032574754555670308806400073011386994034122559084338923961564827243679948341711906639370687199591334610184232323549682995276987956088064516661660343597404353309026284818116830917705446825786992810866587209705521015335282251073699235984232692064386328873635550251467202252037321107786049250681199223578740058812830716655171327994111037989160554259663041255730806104822364702767003886426236948197875179044375918947062777752518800945220039096656325624832428902632916718843792734174910613073877182282814845299795859817832873050829380297050086561327142630676041705608701295328883785288019463302235365810057437776994452568277033509701397890179816214208032024713357498876567322388814154303003931713475645588699713181579139545605564594106502193640473675998821326912636802272263104652883469557388721394548958714742151679764225722796250070551524401796064839535518648641058846020683987900923271122883848006060940514381132676162478441282448143119470262381204350334372450642897738864208322169429397412616646769311804018889044658822035493868799453507477373105339386431392060549417660798908958795773358800623082799954067709794883047058148976158679384649886095327924414319991582019045071992077653342910849511731651167330376087849413063648771806054152285320901678439155866980580958658742218731596390226169383346559324505046334118025354467896827209357423024270295318967089193716469480182600019202501460386553683769935798934555422187651870810463152818301347666184322345754677440475515749249815364934748631975432769576786912893296154535214235035123986033238180890841420336512272256635269109262695008596412821556639040928454528709044747950517306571530140989872465801626188898990708546002689778097341998723945500171278246946055789449381771214538248033679474979772746929212620712985885813805837624575390338322582202290684435369469769936191843018735649747381110580440185044877125338766593728339916041666940350887088221502909829961379224536730095552799769182691380196128838366270867946627869097207643079077694101166210852793544503069489026087555268642935563100213366941903197369697662555574427432410759363820914635220452586012849253000009376431228284972740384928	-2,3,3,3,3,3,3,3,3,3,3,3	-4,-4,-4,-4,-4,-4,3,3,3,3,3,3	ok
0.066066	12.552553	-56.466024	0.448789	continued:5	24739664234858138982047535273920704865888201889876711837493816699690678265963591165069870505023217046633362579621148489165328977987949899797415602900085081435628786567950676391780949633448253616219680559998014214784634910618447122667639804607217055610037222276897125660535867393387520758988742191975475097134159821776175469287214857624750265388130867415580412873925910271279382629434282479656095907178473638142326186864698341018602123575843883404208311798618679388046194707946385968872279636660172423920762823771748609336176990325713506490614247467311351878471253089939596514261196666267475682898635077588364628629417296554229734815495315011752337585393015754405944996164827318009845582551593321289722257247006063686910061456841431892563940020873466746931070957111770150069590359792388197563206227771911411885143855184505614961998508226343153531223089971459935049708039359327667779120430067461929055441744031224422705223831560005091108633317128720548165517033711719448300771525660964913525817712220131912105082815080054605883136048554894173783193438041716508681297001277350562437894851607688119124032266056066591963623197071229719772200831481260746898621517899928612391918713268983151048632780119655930408190582553524627904057071942769938736862457235924274975877692875969260912825240440176312796169883715527296420812911085368231803397367822990876417832371726944474641149344806282859835563177758758315140869621665338558538229319788140992642348683078964438303205169238089677606281386970253341769254691973676747054001600056884371509167578247128910554017708455798400339763929792299326278161913247735847547901720607853014273297061169415154483166033077865097453650461838107532682052642437808745312631797604500447563344035980600655360681484274936965759099895773785743476559627847035998495623947412514142251410657373695628596507787826274803330499930271551011927848963095389998115464084361772602196582573023653623911344037727364227195594183603523434780747077500441651045950433605054450968920210102886398197382751252220063486096686194630712738899496659850907030285511459146924946136142303252814811401903979278425790228571196558652325907826618637862596663393079577711958009484587139118727133603578984775841831059511392904829664132579075616389269418347099007484820626482853352165533173315748528323140233506000037753936239379980930850327518548701251621213257545847129540580490183656973082502121819713680447958	24739664234858138982047535273920704895757539726112908251438163205018941142815780311745551274768732340258877681883220709254438060557727943084431578832787664786285033962897137475109966594536921196345368988178928734319550990616798234738426441329975811082542418687032574754555670308806400073011386994034122559084338923961564827243679948341711906639370687199591334610184232323549682995276987956088064516661660343597404353309026284818116830917705446825786992810866587209705521015335282251073699235984232692064386328873635550251467202252037321107786049250681199223578740058812830716655171327994111037989160554259663041255730806104822364702767003886426236948197875179044375918947062777752518800945220039096656325624832428902632916718843792734174910613073877182282814845299795859817832873050829380297050086561327142630676041705608701295328883785288019463302235365810057437776994452568277033509701397890179816214208032024713357498876567322388814154303003931713475645588699713181579139545605564594106502193640473675998821326912636802272263104652883469557388721394548958714742151679764225722796250070551524401796064839535518648641058846020683987900923271122883848006060940514381132676162478441282448143119470262381204350334372450642897738864208322169429397412616646769311804018889044658822035493868799453507477373105339386431392060549417660798908958795773358800623082799954067709794883047058148976158679384649886095327924414319991582019045071992077653342910849511731651167330376087849413063648771806054152285320901678439155866980580958658742218731596390226169383346559324505046334118025354467896827209357423024270295318967089193716469480182600019202501460386553683769935798934555422187651870810463152818301347666184322345754677440475515749249815364934748631975432769576786912893296154535214235035123986033238180890841420336512272256635269109262695008596412821556639040928454528709044747950517306571530140989872465801626188898990708546002689778097341998723945500171278246946055789449381771214538248033679474979772746929212620712985885813805837624575390338322582202290684435369469769936191843018735649747381110580440185044877125338766593728339916041666940350887088221502909829961379224536730095552799769182691380196128838366270867946627869097207643079077694101166210852793544503069489026087555268642935563100213366941903197369697662555574427432410759363820914635220452586012849253000009376431228284972740384928	-2,3,3,3,3,3,3,3,3,3,3,3	-4,-4,-4,-4,-4,-4,3,3,3,3,3,3	ok
0.070070	12.552553	-56.860594	0.451582	continued:5	24739664234858138982047535273920704865888201889876711837493816699690678265963591165069870505023217046633362579621148489165328977987949899797415602900085081435628786567950676391780949633448253616219680559998014214784634910618447122667639804607217055610037222276897125660535867393387520758988742191975475097134159821776175469287214857624750265388130867415580412873925910271279382629434282479656095907178473638142326186864698341018602123575843883404208311798618679388046194707946385968872279636660172423920762823771748609336176990325713506490614247467311351878471253089939596514261196666267475682898635077588364628629417296554229734815495315011752337585393015754405944996164827318009845582551593321289722257247006063686910061456841431892563940020873466746931070957111770150069590359792388197563206227771911411885143855184505614961998508226343153531223089971459935049708039359327667779120430067461929055441744031224422705223831560005091108633317128720548165517033711719448300771525660964913525817712220131912105082815080054605883136048554894173783193438041716508681297001277350562437894851607688119124032266056066591963623197071229719772200831481260746898621517899928612391918713268983151048632780119648896253765940151777173575597570025320253082336116946689981147789765900355562110523987436189411566954756946831913765892283629482126668117215787661175622538482371666841405595054624551275871666632475049764341931929868507018454948365774171910807496638367218687366613903751947086947394002612630474683257999387223688134848014104823955551645010680263372366206458226198558279883447844315148180302724249331888726196930807213187997142652942313186005148224878224024593537200103980637926868603500896185830904692094904758235554768415409124757267836161356776521732484146109863946926378105041694979170269733992817805415234240628485488200053302199364211031646323082439647263607276631895871769259044401451363766451126814443473134220489198884697731101960802990910300139680959518854832128513597114746389737973151315057975842081443516593123962467786526070102139874765749035637088432614260030772344792316488840415153698481155126035457741137680097748660410763036811870095293313414540437283852893333234643562710973384060038416228190613325616933189150517789061901654152308030489428549857055082465581427407486143000730202660813809057790100346399768338483335257539245860316494779637880208922066168766414992991208014608723526	24739664234858138982047535273920704895757539726112908251438163205018941142815780311745551274768732340258877681883220709254438060557727943084431578832787664786285033962897137475109966594536921196345368988178928734319550990616798234738426441329975811082542418687032574754555670308806400073011386994034122559084338923961564827243679948341711906639370687199591334610184232323549682995276987956088064516661660343597404353309026284818116830917705446825786992810866587209705521015335282251073699235984232692064386328873635550251467202252037321107786049250681199223578740058812830716655171327994111037989160554259663041255730806104822364702767003886426236948197875179044375918947062777752518800945220039096656325624832428902632916718843792734174910613073877182282814845299795859817832873050829380297050086561327142630676041705608701295328883785288019463302235365810057437776994452568277033509701397890179816214208032024713357498876567322388814154303003931713475645588699713181579139545605564594106502193640473675998821326912636802272263104652883469557388721394548958714742151679764225722796250070551524401796064839535518648641058846020683987900923271122883848006060940514381132676162478441282448143119470262381204350334372450642897738864208322169429397412616646769311804018889044658822035493868799453507477373105339386431392060549417660798908958795773358800623082799954067709794883047058148976158679384649886095327924414319991582019045071992077653342910849511731651167330376087849413063648771806054152285320901678439155866980580958658742218731596390226169383346559324505046334118025354467896827209357423024270295318967089193716469480182600019202501460386553683769935798934555422187651870810463152818301347666184322345754677440475515749249815364934748631975432769576786912893296154535214235035123986033238180890841420336512272256635269109262695008596412821556639040928454528709044747950517306571530140989872465801626188898990708546002689778097341998723945500171278246946055789449381771214538248033679474979772746929212620712985885813805837624575390338322582202290684435369469769936191843018735649747381110580440185044877125338766593728339916041666940350887088221502909829961379224536730095552799769182691380196128838366270867946627869097207643079077694101166210852793544503069489026087555268642935563100213366941903197369697662555574427432410759363820914635220452586012849253000009376431228284972740384928	1,3,3,3,3,3,3,3,3,3,3,3	-4,-4,-4,-4,-4,-4,3,3,3,3,3,3	ok
0.074074	12.552553	-57.137202	0.451208	full	24739664234858138982047535273920704865888201889876711837493816699690678265963591165069870505023217046633362579621148489165328977987949899797415602900085081435628786567950676391780949633448253616219680559998014214784634910618447122667639804607217055610037222276897125660535867393387520758988742191975475097134159821776175469287214857624750265388130867415580412873925910271279382629434282479656095907178473638142326186864698341018602123575843883404208311798618679388046194707946385968872279636660172423920762823771748609336176990325713506490614247467311351878471253089939596514261196666267475682898635077588364628629417296554229734815495315011752337585393015754405944996164827318009845582551593321289722257247006063686910061456841431892563940020873466746931070957111770150069590359792388197563206227771911411885143855184505614961998508226343153531223089971459935049708039359327667779120430067461929055441744031224422705223831560005091108633317128720548165517033711719448300771525660964913525817712220131912105082815080054605883136048554894173783193438041716508681297001277350562437894851607688119124032266056066591963623197071229719772200831481260746898621517899928612391918713268983151048632780119648896253765940151777173575597570025320253082336116946689981147789765900355562110523987436189411566954756946831913765892283629482126668117215787661175622538482371666841405595054624551275871666632475049764341931929868507018454948365774171910807496638367218687366613903751947086947394002612630474683257999387223688134848014104823955551645010680263372366206458226198558279883447844315148180302724249331888726196930807213187997142652942313186005148224878224024593537200103980637926868603500896185830904692094904758235554768415409124757267836161356776521732484146109863946926378105041694979170269733992817805415234240628485488200053302199364211031646323082439647263607276631895871769259044401451363766451126814443473134220489198884697731101960802990910300139680959518854832128513597114746389737973151315057975842081443516593123962467786526070102139874765749035637088432614260030772344792316488840415153698481155126035457741137680097748660410763036811870095293313414540437283852893333234643562710973384060038416228190613325616933189150517789061901654152308030489428549857055082465581427407486143000730202660813809057790100346399768338483335257539245860316494779637880208922066168766414992991208014608723526	24739664234858138982047535273920704895757539726112908251438163205018941142815780311745551274768732340258877681883220709254438060557727943084431578832787664786285033962897137475109966594536921196345368988178928734319550990616798234738426441329975811082542418687032574754555670308806400073011386994034122559084338923961564827243679948341711906639370687199591334610184232323549682995276987956088064516661660343597404353309026284818116830917705446825786992810866587209705521015335282251073699235984232692064386328873635550251467202252037321107786049250681199223578740058812830716655171327994111037989160554259663041255730806104822364702767003886426236948197875179044375918947062777752518800945220039096656325624832428902632916718843792734174910613073877182282814845299795859817832873050829380297050086561327142630676041705608701295328883785288019463302235365810057437776994452568277033509701397890179816214208032024713357498876567322388814154303003931713475645588699713181579139545605564594106502193640473675998821326912636802272263104652883469557388721394548958714742151679764225722796250070551524401796064839535518648641058846020683987900923271122883848006060940514381132676162478441282448143119470262381204350334372450642897738864208322169429397412616646769311804018889044658822035493868799453507477373105339386431392060549417660798908958795773358800623082799954067709794883047058148976158679384649886095327924414319991582019045071992077653342910849511731651167330376087849413063648771806054152285320901678439155866980580958658742218731596390226169383346559324505046334118025354467896827209357423024270295318967089193716469480182600019202501460386553683769935798934555422187651870810463152818301347666184322345754677440475515749249815364934748631975432769576786912893296154535214235035123986033238180890841420336512272256635269109262695008596412821556639040928454528709044747950517306571530140989872465801626188898990708546002689778097341998723945500171278246946055789449381771214538248033679474979772746929212620712985885813805837624575390338322582202290684435369469769936191843018735649747381110580440185044877125338766593728339916041666940350887088221502909829961379224536730095552799769182691380196128838366270867946627869097207643079077694101166210852793544503069489026087555268642935563100213366941903197369697662555574427432410759363820914635220452586012849253000009376431228284972740384928	1,3,3,3,3,3,3,3,3,3,3,3	-4,-4,-4,-4,-4,-4,3,3,3,3,3,3	ok
0.078078	12.552553	-45.728915	0.439465	continued:5	24739664234858139289596792776213395126048089560964325860575729835583842533848297593721721016960133864586270478784566007837923738431102728632493488653686206422427517659865711750940728149273086021245543535037838973580791205998559559705146231073926853464589222083804255555246497856881480415382797028869947515409102466362624308138158295291171590499716827763074129642966611568980216950264829324577223314767622193926428361795673887835629956332562297465397279725893986435790621308317269268856881805654365465396459180361810212552392995264852193433280433258188779211896433656912690564002557543250673156421668598988603647810345647883827187424526915463158134322615813997032870085578289815586789527875250617783966641011840973861161778367017692697778513617628791844098088383138278938803471994576240998128874713270124204402804858853733123767882950720705529136418716048340745063383692707804254910006189709625066540880856512828339707125022640900264777825088485945538517700316298443827627369475653840757692833936502995671196210545796937556570843903607569898668591094666808278514280715560484925085602419486050273594241764192446271213087746701105018813793009080951642400351629955101106856396955759795658817521409156444002574073692961492046492967728220218582991484541964617137327683694709081466967997938580977075384525608678846434697837855680992070405591038820931862495159716492277170590152737347758096271216617891349790654914355997900522130995316523337529833593492376826361893932493751930137322732686424361441590904840072757092393032426204201782186316247644532997778514941442757250017896752185177078153410426449843797151871607193883101965795888360085976092583051479932071185910242799824678787864030714133910913309864755561329216837000916827891883110515663163131947520856802879212712656544296212533419532786978293257619892850765748987489844200481319985936077922591223069803959649671854924602799566846483391708899807093906168536731585854520699331694516616569466741245049425781279549796007644613374430750745813943584642809377496616914319250207672661319989201358678566756120323289122098258060494896260403387984666309624243688274595597654745409900835353094857349356622608845608842377560832535059251982247381638852070698351712550059887605327537202125224205117368455176749191062004378148129868523810048193755771564186946886520228585145504425438104227508761242795325482172529338964014205203831342522517073678659495193869022	24739664234858138982047535273920704895757539726112908251438163205018941142815780311745551274768732340258877681883220709254438060557727943084431578832787664786285033962897137475109966594536921196345368988178928734319550990616798234738426441329975811082542418687032574754555670308806400073011386994034122559084338923961564827243679948341711906639370687199591334610184232323549682995276987956088064516661660343597404353309026284818116830917705446825786992810866587209705521015335282251073699235984232692064386328873635550251467202252037321107786049250681199223578740058812830716655171327994111037989160554259663041255730806104822364702767003886426236948197875179044375918947062777752518800945220039096656325624832428902632916718843792734174910613073877182282814845299795859817832873050829380297050086561327142630676041705608701295328883785288019463302235365810057437776994452568277033509701397890179816214208032024713357498876567322388814154303003931713475645588699713181579139545605564594106502193640473675998821326912636802272263104652883469557388721394548958714742151679764225722796250070551524401796064839535518648641058846020683987900923271122883848006060940514381132676162478441282448143119470262381204350334372450642897738864208322169429397412616646769311804018889044658822035493868799453507477373105339386431392060549417660798908958795773358800623082799954067709794883047058148976158679384649886095327924414319991582019045071992077653342910849511731651167330376087849413063648771806054152285320901678439155866980580958658742218731596390226169383346559324505046334118025354467896827209357423024270295318967089193716469480182600019202501460386553683769935798934555422187651870810463152818301347666184322345754677440475515749249815364934748631975432769576786912893296154535214235035123986033238180890841420336512272256635269109262695008596412821556639040928454528709044747950517306571530140989872465801626188898990708546002689778097341998723945500171278246946055789449381771214538248033679474979772746929212620712985885813805837624575390338322582202290684435369469769936191843018735649747381110580440185044877125338766593728339916041666940350887088221502909829961379224536730095552799769182691380196128838366270867946627869097207643079077694101166210852793544503069489026087555268642935563100213366941903197369697662555574427432410759363820914635220452586012849253000009376431228284972740384928	-2,4,-4,-4,-4,-4,-4,3,3,3,3,3	-4,-4,-4,-4,-4,-4,3,3,3,3,3,3	ok
0.082082	12.552553	-49.963215	0.442258	continued:5	24739664234858139289596792776213395126048089560964325860575729835583842533848297593721721016960133864586270478784566007837923738431102728632493488653686206422427517659865711750940728149273086021245543535037838973580791205998559559705146231073926853464589222083804255555246497856881480415382797028869947515409102466362624308138158295291171590499716827763074129642966611568980216950264829324577223314767622193926428361795673887835629956332562297465397279725893986435790621308317269268856881805654365465396459180361810212552392995264852193433280433258188779211896433656912690564002557543250673156421668598988603647810345647883827187424526915463158134322615813997032870085578289815586789527875250617783966641011840973861161778367017692697778513617628791844098088383138278938803471994576240998128874713270124204402804858853733123767882950720705529136418716048340745063383692707804254910006189709625066540880856512828339707125022640900264777825088485945538517700316298443827627369475653840757692833936502995671196210545796937556570843903607569898668591094666808278514280715560484925085602419486050273594241764192446271213087746701105018813793009080951642400351629955101106856396955759795658817521409156436968419649050559700869886187910965132703582126873187871781265784589359635836052664767861812359584635294944414335886921495775559442509621289007011899574317734305623846507638965293816166489042929276234604797120840401446432862229356613640747869838729061055864583470767289899665515874597373471166902510955894919889013403996851022737519725454489923863694306555016433375295372220064816704443153770895326726393942707561396768759594343001562309628832709260258535502545170179100100913217886727416773374098365726567295882507796089002777982928942176146303536538484829339376252876278873132787314865441090530111388207983627644324949839957611888467229651076631287086452411156679767928453541754920189969643185569418886674144355038735938956773744064472183947839413482121075100889960388167666456222020883760271666821105826626332568578471394283823161827657852933388986967638720820559015952241392984162742409977176793318883896449258579628362697775607254654867578116669278002967315693001173411715884292571633106480101150690403473649781941261399633458084618085131923299622995004417730411111825841024306265547240837563524515447883350441892520278492403913403822353831936797490378020953435179688381407121656913184027804574	24739664234858138982047535273920704895757539726112908251438163205018941142815780311745551274768732340258877681883220709254438060557727943084431578832787664786285033962897137475109966594536921196345368988178928734319550990616798234738426441329975811082542418687032574754555670308806400073011386994034122559084338923961564827243679948341711906639370687199591334610184232323549682995276987956088064516661660343597404353309026284818116830917705446825786992810866587209705521015335282251073699235984232692064386328873635550251467202252037321107786049250681199223578740058812830716655171327994111037989160554259663041255730806104822364702767003886426236948197875179044375918947062777752518800945220039096656325624832428902632916718843792734174910613073877182282814845299795859817832873050829380297050086561327142630676041705608701295328883785288019463302235365810057437776994452568277033509701397890179816214208032024713357498876567322388814154303003931713475645588699713181579139545605564594106502193640473675998821326912636802272263104652883469557388721394548958714742151679764225722796250070551524401796064839535518648641058846020683987900923271122883848006060940514381132676162478441282448143119470262381204350334372450642897738864208322169429397412616646769311804018889044658822035493868799453507477373105339386431392060549417660798908958795773358800623082799954067709794883047058148976158679384649886095327924414319991582019045071992077653342910849511731651167330376087849413063648771806054152285320901678439155866980580958658742218731596390226169383346559324505046334118025354467896827209357423024270295318967089193716469480182600019202501460386553683769935798934555422187651870810463152818301347666184322345754677440475515749249815364934748631975432769576786912893296154535214235035123986033238180890841420336512272256635269109262695008596412821556639040928454528709044747950517306571530140989872465801626188898990708546002689778097341998723945500171278246946055789449381771214538248033679474979772746929212620712985885813805837624575390338322582202290684435369469769936191843018735649747381110580440185044877125338766593728339916041666940350887088221502909829961379224536730095552799769182691380196128838366270867946627869097207643079077694101166210852793544503069489026087555268642935563100213366941903197369697662555574427432410759363820914635220452586012849253000009376431228284972740384928	1,4,-4,-4,-4,-4,-4,3,3,3,3,3	-4,-4,-4,-4,-4,-4,3,3,3,3,3,3	ok
0.086086	12.552553	-52.619829	0.439465	continued:5	24739664234858138982047535273920704895757539726112908251438163205018941142815780311745551274768732340258877681883220709254438060557727943084431578832787664786285033962897137475109966594536921196345368988178928734319550990616798234738426441329975811082542418687032574754555670308806400073011386994034122559084338923961564827243679948341711906639370687199591334610184232323549682995276987956088064516661660343597404353309026284818116830917705446825786992810866587209705521015335282251073699235984232692064386328873635550251467202252037321107786049250681199223578740058812830716655171327994111037989160554259663041255730806104822364702767003886426236948197875179044375918947062777752518800945220039096656325624832428902632916718843792734174910613073877182282814845299795859817832873050829380297050086561327142630676041705608701295328883785288019463302235365810057437776994452568277033509701397890179816214208032024713357498876567322388814154303003931713475645588699713181579139545605564594106502193640473675998821326912636802272263104652883469557388721394548958714742151679764225722796250070551524401796064839535518648641058846020683987900923271122883848006060940514381132676162478441282448143119470234244586651764765460825583900856538506441493067250231270271180189604080231450980733607237596890690043807856366180467688024298451857503595435136330376294656223565554116478172432675947236957738442193555109932688670904811038581565816851902603630454037059443222327303729076311508099390414639858767188127294147546423044405142179945534154841881724323387669344021587031891156333725035335661462717343240823281448642976875074955096456867500133501730963138935379104805342782025326645637984544215536365832087477382349921831616622649728632097319596591220981248391971525481854166000413257514914100886328767722963991005486293969092886172846002392577695360958714697809421911079524574797309440504337624362800617594426374325964507506727614377171467091251576526435782970234958554168120887421627017363156570637831288961770182197219298932245820499174813792893450431991050457646902996375255657503776080538316250631432949426671988574904247297152556610722926570920555275659878923111216802142282894220906621012839295132236214297518320140443613662297273570104086942558254694886087396801772324176733854013342330847414322607669322840282914835466102978089119098070055714798654005295106279702099414397722114120416200874950808322	24739664234858138982047535273920704895757539726112908251438163205018941142815780311745551274768732340258877681883220709254438060557727943084431578832787664786285033962897137475109966594536921196345368988178928734319550990616798234738426441329975811082542418687032574754555670308806400073011386994034122559084338923961564827243679948341711906639370687199591334610184232323549682995276987956088064516661660343597404353309026284818116830917705446825786992810866587209705521015335282251073699235984232692064386328873635550251467202252037321107786049250681199223578740058812830716655171327994111037989160554259663041255730806104822364702767003886426236948197875179044375918947062777752518800945220039096656325624832428902632916718843792734174910613073877182282814845299795859817832873050829380297050086561327142630676041705608701295328883785288019463302235365810057437776994452568277033509701397890179816214208032024713357498876567322388814154303003931713475645588699713181579139545605564594106502193640473675998821326912636802272263104652883469557388721394548958714742151679764225722796250070551524401796064839535518648641058846020683987900923271122883848006060940514381132676162478441282448143119470262381204350334372450642897738864208322169429397412616646769311804018889044658822035493868799453507477373105339386431392060549417660798908958795773358800623082799954067709794883047058148976158679384649886095327924414319991582019045071992077653342910849511731651167330376087849413063648771806054152285320901678439155866980580958658742218731596390226169383346559324505046334118025354467896827209357423024270295318967089193716469480182600019202501460386553683769935798934555422187651870810463152818301347666184322345754677440475515749249815364934748631975432769576786912893296154535214235035123986033238180890841420336512272256635269109262695008596412821556639040928454528709044747950517306571530140989872465801626188898990708546002689778097341998723945500171278246946055789449381771214538248033679474979772746929212620712985885813805837624575390338322582202290684435369469769936191843018735649747381110580440185044877125338766593728339916041666940350887088221502909829961379224536730095552799769182691380196128838366270867946627869097207643079077694101166210852793544503069489026087555268642935563100213366941903197369697662555574427432410759363820914635220452586012849253000009376431228284972740384928	-2,-4,-4,-4,-4,-4,3,3,3,3,3,3	-4,-4,-4,-4,-4,-4,3,3,3,3,3,3	ok
0.090090	12.552553	-54.414143	0.442258	continued:5	24739664234858138982047535273920704865888201889876711837493816699690678265963591165069870505023217046633362579621148489165328977987949899797415602900085081435628786567950676391780949633448253616219680559998014214784634910618447122667639804607217055610037222276897125660535867393387520758988742191975475097134159821776175469287214857624750265388130867415580412873925910271279382629434282479656095907178473638142326186864698341018602123575843883404208311798618679388046194707946385968872279636660172423920762823771748609336176990325713506490614247467311351878471253089939596514261196666267475682898635077588364628629417296554229734815495315011752337585393015754405944996164827318009845582551593321289722257247006063686910061456841431892563940020873466746931070957111770150069590359792388197563206227771911411885143855184505614961998508226343153531223089971459935049708039359327667779120430067461929055441744031224422705223831560005091108633317128720548165517033711719448300771525660964913525817712220131912105082815080054605883136048554894173783193438041716508681297001277350562437894851607688119124032266056066591963623197071229719772200831481260746898621517899928612391918713268983151048632780119655930408190582553524627904057071942769938736862457235924274975877692875969260912825240440176312796169883715527296420812911085368231803397367822990876417832371726944474641149344806282859835563177758758315140869621665338558538229319788140992642348683078964438303205169238089677606281386970253341769254691973676747054001600056884371509167578247128910554017708455798400339763929792299326278161913247735847547901720607853014273297061169415154483166033077865097453650461838107532682052642437808745312631797604500447563344035980600655360681484274936965759099895773785743476559627847035998495623947412514142251410657373695628596507787826274803330499930271551011927848963095389998115464084361772602196582573023653623911344037727364227195594183603523434780747077500441651045950433605054450968920210102886398197382751252220063486096686194630712738899496659850907030285511459146924946136142303252814811401903979278425790228571196558652325907826618637862596663393079577711958009484587139118727133603578984775841831059511392904829664132579075616389269418347099007484820626482853352165533173315748528323140233506000037753936239379980930850327518548701251621213257545847129540580490183656973082502121819713680447958	24739664234858138982047535273920704895757539726112908251438163205018941142815780311745551274768732340258877681883220709254438060557727943084431578832787664786285033962897137475109966594536921196345368988178928734319550990616798234738426441329975811082542418687032574754555670308806400073011386994034122559084338923961564827243679948341711906639370687199591334610184232323549682995276987956088064516661660343597404353309026284818116830917705446825786992810866587209705521015335282251073699235984232692064386328873635550251467202252037321107786049250681199223578740058812830716655171327994111037989160554259663041255730806104822364702767003886426236948197875179044375918947062777752518800945220039096656325624832428902632916718843792734174910613073877182282814845299795859817832873050829380297050086561327142630676041705608701295328883785288019463302235365810057437776994452568277033509701397890179816214208032024713357498876567322388814154303003931713475645588699713181579139545605564594106502193640473675998821326912636802272263104652883469557388721394548958714742151679764225722796250070551524401796064839535518648641058846020683987900923271122883848006060940514381132676162478441282448143119470262381204350334372450642897738864208322169429397412616646769311804018889044658822035493868799453507477373105339386431392060549417660798908958795773358800623082799954067709794883047058148976158679384649886095327924414319991582019045071992077653342910849511731651167330376087849413063648771806054152285320901678439155866980580958658742218731596390226169383346559324505046334118025354467896827209357423024270295318967089193716469480182600019202501460386553683769935798934555422187651870810463152818301347666184322345754677440475515749249815364934748631975432769576786912893296154535214235035123986033238180890841420336512272256635269109262695008596412821556639040928454528709044747950517306571530140989872465801626188898990708546002689778097341998723945500171278246946055789449381771214538248033679474979772746929212620712985885813805837624575390338322582202290684435369469769936191843018735649747381110580440185044877125338766593728339916041666940350887088221502909829961379224536730095552799769182691380196128838366270867946627869097207643079077694101166210852793544503069489026087555268642935563100213366941903197369697662555574427432410759363820914635220452586012849253000009376431228284972740384928	-2,3,3,3,3,3,3,3,3,3,3,3	-4,-4,-4,-4,-4,-4,3,3,3,3,3,3	ok
0.094094	12.552553	-55.469842	0.445052	continued:5	24739664234858138982047535273920704865888201889876711837493816699690678265963591165069870505023217046633362579621148489165328977987949899797415602900085081435628786567950676391780949633448253616219680559998014214784634910618447122667639804607217055610037222276897125660535867393387520758988742191975475097134159821776175469287214857624750265388130867415580412873925910271279382629434282479656095907178473638142326186864698341018602123575843883404208311798618679388046194707946385968872279636660172423920762823771748609336176990325713506490614247467311351878471253089939596514261196666267475682898635077588364628629417296554229734815495315011752337585393015754405944996164827318009845582551593321289722257247006063686910061456841431892563940020873466746931070957111770150069590359792388197563206227771911411885143855184505614961998508226343153531223089971459935049708039359327667779120430067461929055441744031224422705223831560005091108633317128720548165517033711719448300771525660964913525817712220131912105082815080054605883136048554894173783193438041716508681297001277350562437894851607688119124032266056066591963623197071229719772200831481260746898621517899928612391918713268983151048632780119662964562615224955272082232516573860219624391388797525158568803965619851582959715126493444163214025385010484222679075733538541254336938677519858320577213126261082222107876703634988014443799459723042466865939807313462170098621510273802110074477200727790710189239796434724232268265168771327876208855251384560129805973155186008944787466690145813994448741828958685398242399644411740283504376021102246139806369606510408492840549451469396517122961183841277506170313763723572234427437236681374721304794358903114096136891133303545792185964095132388517154996467307401461623006192877589030302012077625091035466697406080506762771704815522350350242449968214220019584208434318914148100359158909679143753029398694920492804349553854965529569693457265246243878651194015319923783237068738696511787191450682232621481336789660422996610379069409921474899407696853444936065024933934485679589861499939814189140782388654260075696454421684651979624554066992826512688381456690865842009375581685321384904219623644446996167623623702794595196333711331969000714989476935040045706939151824415849649248600765204089570503279736809339261698814688659615461932316553762144963996566198596914621200952058301145179750011252431412752172391	24739664234858138982047535273920704895757539726112908251438163205018941142815780311745551274768732340258877681883220709254438060557727943084431578832787664786285033962897137475109966594536921196345368988178928734319550990616798234738426441329975811082542418687032574754555670308806400073011386994034122559084338923961564827243679948341711906639370687199591334610184232323549682995276987956088064516661660343597404353309026284818116830917705446825786992810866587209705521015335282251073699235984232692064386328873635550251467202252037321107786049250681199223578740058812830716655171327994111037989160554259663041255730806104822364702767003886426236948197875179044375918947062777752518800945220039096656325624832428902632916718843792734174910613073877182282814845299795859817832873050829380297050086561327142630676041705608701295328883785288019463302235365810057437776994452568277033509701397890179816214208032024713357498876567322388814154303003931713475645588699713181579139545605564594106502193640473675998821326912636802272263104652883469557388721394548958714742151679764225722796250070551524401796064839535518648641058846020683987900923271122883848006060940514381132676162478441282448143119470262381204350334372450642897738864208322169429397412616646769311804018889044658822035493868799453507477373105339386431392060549417660798908958795773358800623082799954067709794883047058148976158679384649886095327924414319991582019045071992077653342910849511731651167330376087849413063648771806054152285320901678439155866980580958658742218731596390226169383346559324505046334118025354467896827209357423024270295318967089193716469480182600019202501460386553683769935798934555422187651870810463152818301347666184322345754677440475515749249815364934748631975432769576786912893296154535214235035123986033238180890841420336512272256635269109262695008596412821556639040928454528709044747950517306571530140989872465801626188898990708546002689778097341998723945500171278246946055789449381771214538248033679474979772746929212620712985885813805837624575390338322582202290684435369469769936191843018735649747381110580440185044877125338766593728339916041666940350887088221502909829961379224536730095552799769182691380196128838366270867946627869097207643079077694101166210852793544503069489026087555268642935563100213366941903197369697662555574427432410759363820914635220452586012849253000009376431228284972740384928	2,3,3,3,3,3,3,3,3,3,3,3	-4,-4,-4,-4,-4,-4,3,3,3,3,3,3	ok
0.098098	12.552553	-56.133216	0.447845	continued:5	24739664234858138982047535273920704865888201889876711837493816699690678265963591165069870505023217046633362579621148489165328977987949899797415602900085081435628786567950676391780949633448253616219680559998014214784634910618447122667639804607217055610037222276897125660535867393387520758988742191975475097134159821776175469287214857624750265388130867415580412873925910271279382629434282479656095907178473638142326186864698341018602123575843883404208311798618679388046194707946385968872279636660172423920762823771748609336176990325713506490614247467311351878471253089939596514261196666267475682898635077588364628629417296554229734815495315011752337585393015754405944996164827318009845582551593321289722257247006063686910061456841431892563940020873466746931070957111770150069590359792388197563206227771911411885143855184505614961998508226343153531223089971459935049708039359327667779120430067461929055441744031224422705223831560005091108633317128720548165517033711719448300771525660964913525817712220131912105082815080054605883136048554894173783193438041716508681297001277350562437894851607688119124032266056066591963623197071229719772200831481260746898621517899928612391918713268983151048632780119655930408190582553524627904057071942769938736862457235924274975877692875969260912825240440176312796169883715527296420812911085368231803397367822990876417832371726944474641149344806282859835563177758758315140869621665338558538229319788140992642348683078964438303205169238089677606281386970253341769254691973676747054001600056884371509167578247128910554017708455798400339763929792299326278161913247735847547901720607853014273297061169415154483166033077865097453650461838107532682052642437808745312631797604500447563344035980600655360681484274936965759099895773785743476559627847035998495623947412514142251410657373695628596507787826274803330499930271551011927848963095389998115464084361772602196582573023653623911344037727364227195594183603523434780747077500441651045950433605054450968920210102886398197382751252220063486096686194630712738899496659850907030285511459146924946136142303252814811401903979278425790228571196558652325907826618637862596663393079577711958009484587139118727133603578984775841831059511392904829664132579075616389269418347099007484820626482853352165533173315748528323140233506000037753936239379980930850327518548701251621213257545847129540580490183656973082502121819713680447958	24739664234858138982047535273920704895757539726112908251438163205018941142815780311745551274768732340258877681883220709254438060557727943084431578832787664786285033962897137475109966594536921196345368988178928734319550990616798234738426441329975811082542418687032574754555670308806400073011386994034122559084338923961564827243679948341711906639370687199591334610184232323549682995276987956088064516661660343597404353309026284818116830917705446825786992810866587209705521015335282251073699235984232692064386328873635550251467202252037321107786049250681199223578740058812830716655171327994111037989160554259663041255730806104822364702767003886426236948197875179044375918947062777752518800945220039096656325624832428902632916718843792734174910613073877182282814845299795859817832873050829380297050086561327142630676041705608701295328883785288019463302235365810057437776994452568277033509701397890179816214208032024713357498876567322388814154303003931713475645588699713181579139545605564594106502193640473675998821326912636802272263104652883469557388721394548958714742151679764225722796250070551524401796064839535518648641058846020683987900923271122883848006060940514381132676162478441282448143119470262381204350334372450642897738864208322169429397412616646769311804018889044658822035493868799453507477373105339386431392060549417660798908958795773358800623082799954067709794883047058148976158679384649886095327924414319991582019045071992077653342910849511731651167330376087849413063648771806054152285320901678439155866980580958658742218731596390226169383346559324505046334118025354467896827209357423024270295318967089193716469480182600019202501460386553683769935798934555422187651870810463152818301347666184322345754677440475515749249815364934748631975432769576786912893296154535214235035123986033238180890841420336512272256635269109262695008596412821556639040928454528709044747950517306571530140989872465801626188898990708546002689778097341998723945500171278246946055789449381771214538248033679474979772746929212620712985885813805837624575390338322582202290684435369469769936191843018735649747381110580440185044877125338766593728339916041666940350887088221502909829961379224536730095552799769182691380196128838366270867946627869097207643079077694101166210852793544503069489026087555268642935563100213366941903197369697662555574427432410759363820914635220452586012849253000009376431228284972740384928	-2,3,3,3,3,3,3,3,3,3,3,3	-4,-4,-4,-4,-4,-4,3,3,3,3,3,3	ok
0.102102	12.552553	-56.582703	0.450638	continued:5	24739664234858138982047535273920704865888201889876711837493816699690678265963591165069870505023217046633362579621148489165328977987949899797415602900085081435628786567950676391780949633448253616219680559998014214784634910618447122667639804607217055610037222276897125660535867393387520758988742191975475097134159821776175469287214857624750265388130867415580412873925910271279382629434282479656095907178473638142326186864698341018602123575843883404208311798618679388046194707946385968872279636660172423920762823771748609336176990325713506490614247467311351878471253089939596514261196666267475682898635077588364628629417296554229734815495315011752337585393015754405944996164827318009845582551593321289722257247006063686910061456841431892563940020873466746931070957111770150069590359792388197563206227771911411885143855184505614961998508226343153531223089971459935049708039359327667779120430067461929055441744031224422705223831560005091108633317128720548165517033711719448300771525660964913525817712220131912105082815080054605883136048554894173783193438041716508681297001277350562437894851607688119124032266056066591963623197071229719772200831481260746898621517899928612391918713268983151048632780119648896253765940151777173575597570025320253082336116946689981147789765900355562110523987436189411566954756946831913765892283629482126668117215787661175622538482371666841405595054624551275871666632475049764341931929868507018454948365774171910807496638367218687366613903751947086947394002612630474683257999387223688134848014104823955551645010680263372366206458226198558279883447844315148180302724249331888726196930807213187997142652942313186005148224878224024593537200103980637926868603500896185830904692094904758235554768415409124757267836161356776521732484146109863946926378105041694979170269733992817805415234240628485488200053302199364211031646323082439647263607276631895871769259044401451363766451126814443473134220489198884697731101960802990910300139680959518854832128513597114746389737973151315057975842081443516593123962467786526070102139874765749035637088432614260030772344792316488840415153698481155126035457741137680097748660410763036811870095293313414540437283852893333234643562710973384060038416228190613325616933189150517789061901654152308030489428549857055082465581427407486143000730202660813809057790100346399768338483335257539245860316494779637880208922066168766414992991208014608723526	24739664234858138982047535273920704895757539726112908251438163205018941142815780311745551274768732340258877681883220709254438060557727943084431578832787664786285033962897137475109966594536921196345368988178928734319550990616798234738426441329975811082542418687032574754555670308806400073011386994034122559084338923961564827243679948341711906639370687199591334610184232323549682995276987956088064516661660343597404353309026284818116830917705446825786992810866587209705521015335282251073699235984232692064386328873635550251467202252037321107786049250681199223578740058812830716655171327994111037989160554259663041255730806104822364702767003886426236948197875179044375918947062777752518800945220039096656325624832428902632916718843792734174910613073877182282814845299795859817832873050829380297050086561327142630676041705608701295328883785288019463302235365810057437776994452568277033509701397890179816214208032024713357498876567322388814154303003931713475645588699713181579139545605564594106502193640473675998821326912636802272263104652883469557388721394548958714742151679764225722796250070551524401796064839535518648641058846020683987900923271122883848006060940514381132676162478441282448143119470262381204350334372450642897738864208322169429397412616646769311804018889044658822035493868799453507477373105339386431392060549417660798908958795773358800623082799954067709794883047058148976158679384649886095327924414319991582019045071992077653342910849511731651167330376087849413063648771806054152285320901678439155866980580958658742218731596390226169383346559324505046334118025354467896827209357423024270295318967089193716469480182600019202501460386553683769935798934555422187651870810463152818301347666184322345754677440475515749249815364934748631975432769576786912893296154535214235035123986033238180890841420336512272256635269109262695008596412821556639040928454528709044747950517306571530140989872465801626188898990708546002689778097341998723945500171278246946055789449381771214538248033679474979772746929212620712985885813805837624575390338322582202290684435369469769936191843018735649747381110580440185044877125338766593728339916041666940350887088221502909829961379224536730095552799769182691380196128838366270867946627869097207643079077694101166210852793544503069489026087555268642935563100213366941903197369697662555574427432410759363820914635220452586012849253000009376431228284972740384928	1,3,3,3,3,3,3,3,3,3,3,3	-4,-4,-4,-4,-4,-4,3,3,3,3,3,3	ok
0.106106	12.552553	-56.893899	0.448514	continued:5	24739664234858138982047535273920704865888201889876711837493816699690678265963591165069870505023217046633362579621148489165328977987949899797415602900085081435628786567950676391780949633448253616219680559998014214784634910618447122667639804607217055610037222276897125660535867393387520758988742191975475097134159821776175469287214857624750265388130867415580412873925910271279382629434282479656095907178473638142326186864698341018602123575843883404208311798618679388046194707946385968872279636660172423920762823771748609336176990325713506490614247467311351878471253089939596514261196666267475682898635077588364628629417296554229734815495315011752337585393015754405944996164827318009845582551593321289722257247006063686910061456841431892563940020873466746931070957111770150069590359792388197563206227771911411885143855184505614961998508226343153531223089971459935049708039359327667779120430067461929055441744031224422705223831560005091108633317128720548165517033711719448300771525660964913525817712220131912105082815080054605883136048554894173783193438041716508681297001277350562437894851607688119124032266056066591963623197071229719772200831481260746898621517899928612391918713268983151048632780119648896253765940151777173575597570025320253082336116946689981147789765900355562110523987436189411566954756946831913765892283629482126668117215787661175622538482371666841405595054624551275871666632475049764341931929868507018454948365774171910807496638367218687366613903751947086947394002612630474683257999387223688134848014104823955551645010680263372366206458226198558279883447844315148180302724249331888726196930807213187997142652942313186005148224878224024593537200103980637926868603500896185830904692094904758235554768415409124757267836161356776521732484146109863946926378105041694979170269733992817805415234240628485488200053302199364211031646323082439647263607276631895871769259044401451363766451126814443473134220489198884697731101960802990910300139680959518854832128513597114746389737973151315057975842081443516593123962467786526070102139874765749035637088432614260030772344792316488840415153698481155126035457741137680097748660410763036811870095293313414540437283852893333234643562710973384060038416228190613325616933189150517789061901654152308030489428549857055082465581427407486143000730202660813809057790100346399768338483335257539245860316494779637880208922066168766414992991208014608723526	24739664234858138982047535273920704895757539726112908251438163205018941142815780311745551274768732340258877681883220709254438060557727943084431578832787664786285033962897137475109966594536921196345368988178928734319550990616798234738426441329975811082542418687032574754555670308806400073011386994034122559084338923961564827243679948341711906639370687199591334610184232323549682995276987956088064516661660343597404353309026284818116830917705446825786992810866587209705521015335282251073699235984232692064386328873635550251467202252037321107786049250681199223578740058812830716655171327994111037989160554259663041255730806104822364702767003886426236948197875179044375918947062777752518800945220039096656325624832428902632916718843792734174910613073877182282814845299795859817832873050829380297050086561327142630676041705608701295328883785288019463302235365810057437776994452568277033509701397890179816214208032024713357498876567322388814154303003931713475645588699713181579139545605564594106502193640473675998821326912636802272263104652883469557388721394548958714742151679764225722796250070551524401796064839535518648641058846020683987900923271122883848006060940514381132676162478441282448143119470262381204350334372450642897738864208322169429397412616646769311804018889044658822035493868799453507477373105339386431392060549417660798908958795773358800623082799954067709794883047058148976158679384649886095327924414319991582019045071992077653342910849511731651167330376087849413063648771806054152285320901678439155866980580958658742218731596390226169383346559324505046334118025354467896827209357423024270295318967089193716469480182600019202501460386553683769935798934555422187651870810463152818301347666184322345754677440475515749249815364934748631975432769576786912893296154535214235035123986033238180890841420336512272256635269109262695008596412821556639040928454528709044747950517306571530140989872465801626188898990708546002689778097341998723945500171278246946055789449381771214538248033679474979772746929212620712985885813805837624575390338322582202290684435369469769936191843018735649747381110580440185044877125338766593728339916041666940350887088221502909829961379224536730095552799769182691380196128838366270867946627869097207643079077694101166210852793544503069489026087555268642935563100213366941903197369697662555574427432410759363820914635220452586012849253000009376431228284972740384928	1,3,3,3,3,3,3,3,3,3,3,3	-4,-4,-4,-4,-4,-4,3,3,3,3,3,3	ok
0.110110	12.552553	-57.165766	0.448140	full	24739664234858138982047535273920704865888201889876711837493816699690678265963591165069870505023217046633362579621148489165328977987949899797415602900085081435628786567950676391780949633448253616219680559998014214784634910618447122667639804607217055610037222276897125660535867393387520758988742191975475097134159821776175469287214857624750265388130867415580412873925910271279382629434282479656095907178473638142326186864698341018602123575843883404208311798618679388046194707946385968872279636660172423920762823771748609336176990325713506490614247467311351878471253089939596514261196666267475682898635077588364628629417296554229734815495315011752337585393015754405944996164827318009845582551593321289722257247006063686910061456841431892563940020873466746931070957111770150069590359792388197563206227771911411885143855184505614961998508226343153531223089971459935049708039359327667779120430067461929055441744031224422705223831560005091108633317128720548165517033711719448300771525660964913525817712220131912105082815080054605883136048554894173783193438041716508681297001277350562437894851607688119124032266056066591963623197071229719772200831481260746898621517899928612391918713268983151048632780119648896253765940151777173575597570025320253082336116946689981147789765900355562110523987436189411566954756946831913765892283629482126668117215787661175622538482371666841405595054624551275871666632475049764341931929868507018454948365774171910807496638367218687366613903751947086947394002612630474683257999387223688134848014104823955551645010680263372366206458226198558279883447844315148180302724249331888726196930807213187997142652942313186005148224878224024593537200103980637926868603500896185830904692094904758235554768415409124757267836161356776521732484146109863946926378105041694979170269733992817805415234240628485488200053302199364211031646323082439647263607276631895871769259044401451363766451126814443473134220489198884697731101960802990910300139680959518854832128513597114746389737973151315057975842081443516593123962467786526070102139874765749035637088432614260030772344792316488840415153698481155126035457741137680097748660410763036811870095293313414540437283852893333234643562710973384060038416228190613325616933189150517789061901654152308030489428549857055082465581427407486143000730202660813809057790100346399768338483335257539245860316494779637880208922066168766414992991208014608723526	24739664234858138982047535273920704895757539726112908251438163205018941142815780311745551274768732340258877681883220709254438060557727943084431578832787664786285033962897137475109966594536921196345368988178928734319550990616798234738426441329975811082542418687032574754555670308806400073011386994034122559084338923961564827243679948341711906639370687199591334610184232323549682995276987956088064516661660343597404353309026284818116830917705446825786992810866587209705521015335282251073699235984232692064386328873635550251467202252037321107786049250681199223578740058812830716655171327994111037989160554259663041255730806104822364702767003886426236948197875179044375918947062777752518800945220039096656325624832428902632916718843792734174910613073877182282814845299795859817832873050829380297050086561327142630676041705608701295328883785288019463302235365810057437776994452568277033509701397890179816214208032024713357498876567322388814154303003931713475645588699713181579139545605564594106502193640473675998821326912636802272263104652883469557388721394548958714742151679764225722796250070551524401796064839535518648641058846020683987900923271122883848006060940514381132676162478441282448143119470262381204350334372450642897738864208322169429397412616646769311804018889044658822035493868799453507477373105339386431392060549417660798908958795773358800623082799954067709794883047058148976158679384649886095327924414319991582019045071992077653342910849511731651167330376087849413063648771806054152285320901678439155866980580958658742218731596390226169383346559324505046334118025354467896827209357423024270295318967089193716469480182600019202501460386553683769935798934555422187651870810463152818301347666184322345754677440475515749249815364934748631975432769576786912893296154535214235035123986033238180890841420336512272256635269109262695008596412821556639040928454528709044747950517306571530140989872465801626188898990708546002689778097341998723945500171278246946055789449381771214538248033679474979772746929212620712985885813805837624575390338322582202290684435369469769936191843018735649747381110580440185044877125338766593728339916041666940350887088221502909829961379224536730095552799769182691380196128838366270867946627869097207643079077694101166210852793544503069489026087555268642935563100213366941903197369697662555574427432410759363820914635220452586012849253000009376431228284972740384928	1,3,3,3,3,3,3,3,3,3,3,3	-4,-4,-4,-4,-4,-4,3,3,3,3,3,3	ok
0.114114	12.552553	-45.907607	0.436207	continued:5	24739664234858139289596792776213395126048089560964325860575729835583842533848297593721721016960133864586270478784566007837923738431102728632493488653686206422427517659865711750940728149273086021245543535037838973580791205998559559705146231073926853464589222083804255555246497856881480415382797028869947515409102466362624308138158295291171590499716827763074129642966611568980216950264829324577223314767622193926428361795673887835629956332562297465397279725893986435790621308317269268856881805654365465396459180361810212552392995264852193433280433258188779211896433656912690564002557543250673156421668598988603647810345647883827187424526915463158134322615813997032870085578289815586789527875250617783966641011840973861161778367017692697778513617628791844098088383138278938803471994576240998128874713270124204402804858853733123767882950720705529136418716048340745063383692707804254910006189709625066540880856512828339707125022640900264777825088485945538517700316298443827627369475653840757692833936502995671196210545796937556570843903607569898668591094666808278514280715560484925085602419486050273594241764192446271213087746701105018813793009080951642400351629955101106856396955759795658817521409156444002574073692961492046492967728220218582991484541964617137327683694709081466967997938580977075384525608678846434697837855680992070405591038820931862495159716492277170590152737347758096271216617891349790654914355997900522130995316523337529833593492376826361893932493751930137322732686424361441590904840072757092393032426204201782186316247644532997778514941442757250017896752185177078153410426449843797151871607193883101965795888360085976092583051479932071185910242799824678787864030714133910913309864755561329216837000916827891883110515663163131947520856802879212712656544296212533419532786978293257619892850765748987489844200481319985936077922591223069803959649671854924602799566846483391708899807093906168536731585854520699331694516616569466741245049425781279549796007644613374430750745813943584642809377496616914319250207672661319989201358678566756120323289122098258060494896260403387984666309624243688274595597654745409900835353094857349356622608845608842377560832535059251982247381638852070698351712550059887605327537202125224205117368455176749191062004378148129868523810048193755771564186946886520228585145504425438104227508761242795325482172529338964014205203831342522517073678659495193869022	24739664234858138982047535273920704895757539726112908251438163205018941142815780311745551274768732340258877681883220709254438060557727943084431578832787664786285033962897137475109966594536921196345368988178928734319550990616798234738426441329975811082542418687032574754555670308806400073011386994034122559084338923961564827243679948341711906639370687199591334610184232323549682995276987956088064516661660343597404353309026284818116830917705446825786992810866587209705521015335282251073699235984232692064386328873635550251467202252037321107786049250681199223578740058812830716655171327994111037989160554259663041255730806104822364702767003886426236948197875179044375918947062777752518800945220039096656325624832428902632916718843792734174910613073877182282814845299795859817832873050829380297050086561327142630676041705608701295328883785288019463302235365810057437776994452568277033509701397890179816214208032024713357498876567322388814154303003931713475645588699713181579139545605564594106502193640473675998821326912636802272263104652883469557388721394548958714742151679764225722796250070551524401796064839535518648641058846020683987900923271122883848006060940514381132676162478441282448143119470262381204350334372450642897738864208322169429397412616646769311804018889044658822035493868799453507477373105339386431392060549417660798908958795773358800623082799954067709794883047058148976158679384649886095327924414319991582019045071992077653342910849511731651167330376087849413063648771806054152285320901678439155866980580958658742218731596390226169383346559324505046334118025354467896827209357423024270295318967089193716469480182600019202501460386553683769935798934555422187651870810463152818301347666184322345754677440475515749249815364934748631975432769576786912893296154535214235035123986033238180890841420336512272256635269109262695008596412821556639040928454528709044747950517306571530140989872465801626188898990708546002689778097341998723945500171278246946055789449381771214538248033679474979772746929212620712985885813805837624575390338322582202290684435369469769936191843018735649747381110580440185044877125338766593728339916041666940350887088221502909829961379224536730095552799769182691380196128838366270867946627869097207643079077694101166210852793544503069489026087555268642935563100213366941903197369697662555574427432410759363820914635220452586012849253000009376431228284972740384928	-2,4,-4,-4,-4,-4,-4,3,3,3,3,3	-4,-4,-4,-4,-4,-4,3,3,3,3,3,3	ok
0.118118	12.552553	-50.086643	0.439001	continued:5	24739664234858139289596792776213395126048089560964325860575729835583842533848297593721721016960133864586270478784566007837923738431102728632493488653686206422427517659865711750940728149273086021245543535037838973580791205998559559705146231073926853464589222083804255555246497856881480415382797028869947515409102466362624308138158295291171590499716827763074129642966611568980216950264829324577223314767622193926428361795673887835629956332562297465397279725893986435790621308317269268856881805654365465396459180361810212552392995264852193433280433258188779211896433656912690564002557543250673156421668598988603647810345647883827187424526915463158134322615813997032870085578289815586789527875250617783966641011840973861161778367017692697778513617628791844098088383138278938803471994576240998128874713270124204402804858853733123767882950720705529136418716048340745063383692707804254910006189709625066540880856512828339707125022640900264777825088485945538517700316298443827627369475653840757692833936502995671196210545796937556570843903607569898668591094666808278514280715560484925085602419486050273594241764192446271213087746701105018813793009080951642400351629955101106856396955759795658817521409156436968419649050559700869886187910965132703582126873187871781265784589359635836052664767861812359584635294944414335886921495775559442509621289007011899574317734305623846507638965293816166489042929276234604797120840401446432862229356613640747869838729061055864583470767289899665515874597373471166902510955894919889013403996851022737519725454489923863694306555016433375295372220064816704443153770895326726393942707561396768759594343001562309628832709260258535502545170179100100913217886727416773374098365726567295882507796089002777982928942176146303536538484829339376252876278873132787314865441090530111388207983627644324949839957611888467229651076631287086452411156679767928453541754920189969643185569418886674144355038735938956773744064472183947839413482121075100889960388167666456222020883760271666821105826626332568578471394283823161827657852933388986967638720820559015952241392984162742409977176793318883896449258579628362697775607254654867578116669278002967315693001173411715884292571633106480101150690403473649781941261399633458084618085131923299622995004417730411111825841024306265547240837563524515447883350441892520278492403913403822353831936797490378020953435179688381407121656913184027804574	24739664234858138982047535273920704895757539726112908251438163205018941142815780311745551274768732340258877681883220709254438060557727943084431578832787664786285033962897137475109966594536921196345368988178928734319550990616798234738426441329975811082542418687032574754555670308806400073011386994034122559084338923961564827243679948341711906639370687199591334610184232323549682995276987956088064516661660343597404353309026284818116830917705446825786992810866587209705521015335282251073699235984232692064386328873635550251467202252037321107786049250681199223578740058812830716655171327994111037989160554259663041255730806104822364702767003886426236948197875179044375918947062777752518800945220039096656325624832428902632916718843792734174910613073877182282814845299795859817832873050829380297050086561327142630676041705608701295328883785288019463302235365810057437776994452568277033509701397890179816214208032024713357498876567322388814154303003931713475645588699713181579139545605564594106502193640473675998821326912636802272263104652883469557388721394548958714742151679764225722796250070551524401796064839535518648641058846020683987900923271122883848006060940514381132676162478441282448143119470262381204350334372450642897738864208322169429397412616646769311804018889044658822035493868799453507477373105339386431392060549417660798908958795773358800623082799954067709794883047058148976158679384649886095327924414319991582019045071992077653342910849511731651167330376087849413063648771806054152285320901678439155866980580958658742218731596390226169383346559324505046334118025354467896827209357423024270295318967089193716469480182600019202501460386553683769935798934555422187651870810463152818301347666184322345754677440475515749249815364934748631975432769576786912893296154535214235035123986033238180890841420336512272256635269109262695008596412821556639040928454528709044747950517306571530140989872465801626188898990708546002689778097341998723945500171278246946055789449381771214538248033679474979772746929212620712985885813805837624575390338322582202290684435369469769936191843018735649747381110580440185044877125338766593728339916041666940350887088221502909829961379224536730095552799769182691380196128838366270867946627869097207643079077694101166210852793544503069489026087555268642935563100213366941903197369697662555574427432410759363820914635220452586012849253000009376431228284972740384928	1,4,-4,-4,-4,-4,-4,3,3,3,3,3	-4,-4,-4,-4,-4,-4,3,3,3,3,3,3	ok
0.122122	12.552553	-52.715138	0.436207	continued:5	24739664234858138982047535273920704895757539726112908251438163205018941142815780311745551274768732340258877681883220709254438060557727943084431578832787664786285033962897137475109966594536921196345368988178928734319550990616798234738426441329975811082542418687032574754555670308806400073011386994034122559084338923961564827243679948341711906639370687199591334610184232323549682995276987956088064516661660343597404353309026284818116830917705446825786992810866587209705521015335282251073699235984232692064386328873635550251467202252037321107786049250681199223578740058812830716655171327994111037989160554259663041255730806104822364702767003886426236948197875179044375918947062777752518800945220039096656325624832428902632916718843792734174910613073877182282814845299795859817832873050829380297050086561327142630676041705608701295328883785288019463302235365810057437776994452568277033509701397890179816214208032024713357498876567322388814154303003931713475645588699713181579139545605564594106502193640473675998821326912636802272263104652883469557388721394548958714742151679764225722796250070551524401796064839535518648641058846020683987900923271122883848006060940514381132676162478441282448143119470234244586651764765460825583900856538506441493067250231270271180189604080231450980733607237596890690043807856366180467688024298451857503595435136330376294656223565554116478172432675947236957738442193555109932688670904811038581565816851902603630454037059443222327303729076311508099390414639858767188127294147546423044405142179945534154841881724323387669344021587031891156333725035335661462717343240823281448642976875074955096456867500133501730963138935379104805342782025326645637984544215536365832087477382349921831616622649728632097319596591220981248391971525481854166000413257514914100886328767722963991005486293969092886172846002392577695360958714697809421911079524574797309440504337624362800617594426374325964507506727614377171467091251576526435782970234958554168120887421627017363156570637831288961770182197219298932245820499174813792893450431991050457646902996375255657503776080538316250631432949426671988574904247297152556610722926570920555275659878923111216802142282894220906621012839295132236214297518320140443613662297273570104086942558254694886087396801772324176733854013342330847414322607669322840282914835466102978089119098070055714798654005295106279702099414397722114120416200874950808322	24739664234858138982047535273920704895757539726112908251438163205018941142815780311745551274768732340258877681883220709254438060557727943084431578832787664786285033962897137475109966594536921196345368988178928734319550990616798234738426441329975811082542418687032574754555670308806400073011386994034122559084338923961564827243679948341711906639370687199591334610184232323549682995276987956088064516661660343597404353309026284818116830917705446825786992810866587209705521015335282251073699235984232692064386328873635550251467202252037321107786049250681199223578740058812830716655171327994111037989160554259663041255730806104822364702767003886426236948197875179044375918947062777752518800945220039096656325624832428902632916718843792734174910613073877182282814845299795859817832873050829380297050086561327142630676041705608701295328883785288019463302235365810057437776994452568277033509701397890179816214208032024713357498876567322388814154303003931713475645588699713181579139545605564594106502193640473675998821326912636802272263104652883469557388721394548958714742151679764225722796250070551524401796064839535518648641058846020683987900923271122883848006060940514381132676162478441282448143119470262381204350334372450642897738864208322169429397412616646769311804018889044658822035493868799453507477373105339386431392060549417660798908958795773358800623082799954067709794883047058148976158679384649886095327924414319991582019045071992077653342910849511731651167330376087849413063648771806054152285320901678439155866980580958658742218731596390226169383346559324505046334118025354467896827209357423024270295318967089193716469480182600019202501460386553683769935798934555422187651870810463152818301347666184322345754677440475515749249815364934748631975432769576786912893296154535214235035123986033238180890841420336512272256635269109262695008596412821556639040928454528709044747950517306571530140989872465801626188898990708546002689778097341998723945500171278246946055789449381771214538248033679474979772746929212620712985885813805837624575390338322582202290684435369469769936191843018735649747381110580440185044877125338766593728339916041666940350887088221502909829961379224536730095552799769182691380196128838366270867946627869097207643079077694101166210852793544503069489026087555268642935563100213366941903197369697662555574427432410759363820914635220452586012849253000009376431228284972740384928	-2,-4,-4,-4,-4,-4,3,3,3,3,3,3	-4,-4,-4,-4,-4,-4,3,3,3,3,3,3	ok
0.126126	12.552553	-54.482493	0.439001	continued:5	24739664234858138982047535273920704865888201889876711837493816699690678265963591165069870505023217046633362579621148489165328977987949899797415602900085081435628786567950676391780949633448253616219680559998014214784634910618447122667639804607217055610037222276897125660535867393387520758988742191975475097134159821776175469287214857624750265388130867415580412873925910271279382629434282479656095907178473638142326186864698341018602123575843883404208311798618679388046194707946385968872279636660172423920762823771748609336176990325713506490614247467311351878471253089939596514261196666267475682898635077588364628629417296554229734815495315011752337585393015754405944996164827318009845582551593321289722257247006063686910061456841431892563940020873466746931070957111770150069590359792388197563206227771911411885143855184505614961998508226343153531223089971459935049708039359327667779120430067461929055441744031224422705223831560005091108633317128720548165517033711719448300771525660964913525817712220131912105082815080054605883136048554894173783193438041716508681297001277350562437894851607688119124032266056066591963623197071229719772200831481260746898621517899928612391918713268983151048632780119655930408190582553524627904057071942769938736862457235924274975877692875969260912825240440176312796169883715527296420812911085368231803397367822990876417832371726944474641149344806282859835563177758758315140869621665338558538229319788140992642348683078964438303205169238089677606281386970253341769254691973676747054001600056884371509167578247128910554017708455798400339763929792299326278161913247735847547901720607853014273297061169415154483166033077865097453650461838107532682052642437808745312631797604500447563344035980600655360681484274936965759099895773785743476559627847035998495623947412514142251410657373695628596507787826274803330499930271551011927848963095389998115464084361772602196582573023653623911344037727364227195594183603523434780747077500441651045950433605054450968920210102886398197382751252220063486096686194630712738899496659850907030285511459146924946136142303252814811401903979278425790228571196558652325907826618637862596663393079577711958009484587139118727133603578984775841831059511392904829664132579075616389269418347099007484820626482853352165533173315748528323140233506000037753936239379980930850327518548701251621213257545847129540580490183656973082502121819713680447958	24739664234858138982047535273920704895757539726112908251438163205018941142815780311745551274768732340258877681883220709254438060557727943084431578832787664786285033962897137475109966594536921196345368988178928734319550990616798234738426441329975811082542418687032574754555670308806400073011386994034122559084338923961564827243679948341711906639370687199591334610184232323549682995276987956088064516661660343597404353309026284818116830917705446825786992810866587209705521015335282251073699235984232692064386328873635550251467202252037321107786049250681199223578740058812830716655171327994111037989160554259663041255730806104822364702767003886426236948197875179044375918947062777752518800945220039096656325624832428902632916718843792734174910613073877182282814845299795859817832873050829380297050086561327142630676041705608701295328883785288019463302235365810057437776994452568277033509701397890179816214208032024713357498876567322388814154303003931713475645588699713181579139545605564594106502193640473675998821326912636802272263104652883469557388721394548958714742151679764225722796250070551524401796064839535518648641058846020683987900923271122883848006060940514381132676162478441282448143119470262381204350334372450642897738864208322169429397412616646769311804018889044658822035493868799453507477373105339386431392060549417660798908958795773358800623082799954067709794883047058148976158679384649886095327924414319991582019045071992077653342910849511731651167330376087849413063648771806054152285320901678439155866980580958658742218731596390226169383346559324505046334118025354467896827209357423024270295318967089193716469480182600019202501460386553683769935798934555422187651870810463152818301347666184322345754677440475515749249815364934748631975432769576786912893296154535214235035123986033238180890841420336512272256635269109262695008596412821556639040928454528709044747950517306571530140989872465801626188898990708546002689778097341998723945500171278246946055789449381771214538248033679474979772746929212620712985885813805837624575390338322582202290684435369469769936191843018735649747381110580440185044877125338766593728339916041666940350887088221502909829961379224536730095552799769182691380196128838366270867946627869097207643079077694101166210852793544503069489026087555268642935563100213366941903197369697662555574427432410759363820914635220452586012849253000009376431228284972740384928	-2,3,3,3,3,3,3,3,3,3,3,3	-4,-4,-4,-4,-4,-4,3,3,3,3,3,3	ok
0.130130	12.552553	-55.519324	0.441794	continued:5	24739664234858138982047535273920704865888201889876711837493816699690678265963591165069870505023217046633362579621148489165328977987949899797415602900085081435628786567950676391780949633448253616219680559998014214784634910618447122667639804607217055610037222276897125660535867393387520758988742191975475097134159821776175469287214857624750265388130867415580412873925910271279382629434282479656095907178473638142326186864698341018602123575843883404208311798618679388046194707946385968872279636660172423920762823771748609336176990325713506490614247467311351878471253089939596514261196666267475682898635077588364628629417296554229734815495315011752337585393015754405944996164827318009845582551593321289722257247006063686910061456841431892563940020873466746931070957111770150069590359792388197563206227771911411885143855184505614961998508226343153531223089971459935049708039359327667779120430067461929055441744031224422705223831560005091108633317128720548165517033711719448300771525660964913525817712220131912105082815080054605883136048554894173783193438041716508681297001277350562437894851607688119124032266056066591963623197071229719772200831481260746898621517899928612391918713268983151048632780119662964562615224955272082232516573860219624391388797525158568803965619851582959715126493444163214025385010484222679075733538541254336938677519858320577213126261082222107876703634988014443799459723042466865939807313462170098621510273802110074477200727790710189239796434724232268265168771327876208855251384560129805973155186008944787466690145813994448741828958685398242399644411740283504376021102246139806369606510408492840549451469396517122961183841277506170313763723572234427437236681374721304794358903114096136891133303545792185964095132388517154996467307401461623006192877589030302012077625091035466697406080506762771704815522350350242449968214220019584208434318914148100359158909679143753029398694920492804349553854965529569693457265246243878651194015319923783237068738696511787191450682232621481336789660422996610379069409921474899407696853444936065024933934485679589861499939814189140782388654260075696454421684651979624554066992826512688381456690865842009375581685321384904219623644446996167623623702794595196333711331969000714989476935040045706939151824415849649248600765204089570503279736809339261698814688659615461932316553762144963996566198596914621200952058301145179750011252431412752172391	24739664234858138982047535273920704895757539726112908251438163205018941142815780311745551274768732340258877681883220709254438060557727943084431578832787664786285033962897137475109966594536921196345368988178928734319550990616798234738426441329975811082542418687032574754555670308806400073011386994034122559084338923961564827243679948341711906639370687199591334610184232323549682995276987956088064516661660343597404353309026284818116830917705446825786992810866587209705521015335282251073699235984232692064386328873635550251467202252037321107786049250681199223578740058812830716655171327994111037989160554259663041255730806104822364702767003886426236948197875179044375918947062777752518800945220039096656325624832428902632916718843792734174910613073877182282814845299795859817832873050829380297050086561327142630676041705608701295328883785288019463302235365810057437776994452568277033509701397890179816214208032024713357498876567322388814154303003931713475645588699713181579139545605564594106502193640473675998821326912636802272263104652883469557388721394548958714742151679764225722796250070551524401796064839535518648641058846020683987900923271122883848006060940514381132676162478441282448143119470262381204350334372450642897738864208322169429397412616646769311804018889044658822035493868799453507477373105339386431392060549417660798908958795773358800623082799954067709794883047058148976158679384649886095327924414319991582019045071992077653342910849511731651167330376087849413063648771806054152285320901678439155866980580958658742218731596390226169383346559324505046334118025354467896827209357423024270295318967089193716469480182600019202501460386553683769935798934555422187651870810463152818301347666184322345754677440475515749249815364934748631975432769576786912893296154535214235035123986033238180890841420336512272256635269109262695008596412821556639040928454528709044747950517306571530140989872465801626188898990708546002689778097341998723945500171278246946055789449381771214538248033679474979772746929212620712985885813805837624575390338322582202290684435369469769936191843018735649747381110580440185044877125338766593728339916041666940350887088221502909829961379224536730095552799769182691380196128838366270867946627869097207643079077694101166210852793544503069489026087555268642935563100213366941903197369697662555574427432410759363820914635220452586012849253000009376431228284972740384928	2,3,3,3,3,3,3,3,3,3,3,3	-4,-4,-4,-4,-4,-4,3,3,3,3,3,3	ok
0.134134	12.552553	-56.173700	0.444587	continued:5	24739664234858138982047535273920704865888201889876711837493816699690678265963591165069870505023217046633362579621148489165328977987949899797415602900085081435628786567950676391780949633448253616219680559998014214784634910618447122667639804607217055610037222276897125660535867393387520758988742191975475097134159821776175469287214857624750265388130867415580412873925910271279382629434282479656095907178473638142326186864698341018602123575843883404208311798618679388046194707946385968872279636660172423920762823771748609336176990325713506490614247467311351878471253089939596514261196666267475682898635077588364628629417296554229734815495315011752337585393015754405944996164827318009845582551593321289722257247006063686910061456841431892563940020873466746931070957111770150069590359792388197563206227771911411885143855184505614961998508226343153531223089971459935049708039359327667779120430067461929055441744031224422705223831560005091108633317128720548165517033711719448300771525660964913525817712220131912105082815080054605883136048554894173783193438041716508681297001277350562437894851607688119124032266056066591963623197071229719772200831481260746898621517899928612391918713268983151048632780119655930408190582553524627904057071942769938736862457235924274975877692875969260912825240440176312796169883715527296420812911085368231803397367822990876417832371726944474641149344806282859835563177758758315140869621665338558538229319788140992642348683078964438303205169238089677606281386970253341769254691973676747054001600056884371509167578247128910554017708455798400339763929792299326278161913247735847547901720607853014273297061169415154483166033077865097453650461838107532682052642437808745312631797604500447563344035980600655360681484274936965759099895773785743476559627847035998495623947412514142251410657373695628596507787826274803330499930271551011927848963095389998115464084361772602196582573023653623911344037727364227195594183603523434780747077500441651045950433605054450968920210102886398197382751252220063486096686194630712738899496659850907030285511459146924946136142303252814811401903979278425790228571196558652325907826618637862596663393079577711958009484587139118727133603578984775841831059511392904829664132579075616389269418347099007484820626482853352165533173315748528323140233506000037753936239379980930850327518548701251621213257545847129540580490183656973082502121819713680447958	24739664234858138982047535273920704895757539726112908251438163205018941142815780311745551274768732340258877681883220709254438060557727943084431578832787664786285033962897137475109966594536921196345368988178928734319550990616798234738426441329975811082542418687032574754555670308806400073011386994034122559084338923961564827243679948341711906639370687199591334610184232323549682995276987956088064516661660343597404353309026284818116830917705446825786992810866587209705521015335282251073699235984232692064386328873635550251467202252037321107786049250681199223578740058812830716655171327994111037989160554259663041255730806104822364702767003886426236948197875179044375918947062777752518800945220039096656325624832428902632916718843792734174910613073877182282814845299795859817832873050829380297050086561327142630676041705608701295328883785288019463302235365810057437776994452568277033509701397890179816214208032024713357498876567322388814154303003931713475645588699713181579139545605564594106502193640473675998821326912636802272263104652883469557388721394548958714742151679764225722796250070551524401796064839535518648641058846020683987900923271122883848006060940514381132676162478441282448143119470262381204350334372450642897738864208322169429397412616646769311804018889044658822035493868799453507477373105339386431392060549417660798908958795773358800623082799954067709794883047058148976158679384649886095327924414319991582019045071992077653342910849511731651167330376087849413063648771806054152285320901678439155866980580958658742218731596390226169383346559324505046334118025354467896827209357423024270295318967089193716469480182600019202501460386553683769935798934555422187651870810463152818301347666184322345754677440475515749249815364934748631975432769576786912893296154535214235035123986033238180890841420336512272256635269109262695008596412821556639040928454528709044747950517306571530140989872465801626188898990708546002689778097341998723945500171278246946055789449381771214538248033679474979772746929212620712985885813805837624575390338322582202290684435369469769936191843018735649747381110580440185044877125338766593728339916041666940350887088221502909829961379224536730095552799769182691380196128838366270867946627869097207643079077694101166210852793544503069489026087555268642935563100213366941903197369697662555574427432410759363820914635220452586012849253000009376431228284972740384928	-2,3,3,3,3,3,3,3,3,3,3,3	-4,-4,-4,-4,-4,-4,3,3,3,3,3,3	ok
0.138138	12.552553	-56.618190	0.447381	continued:5	24739664234858138982047535273920704865888201889876711837493816699690678265963591165069870505023217046633362579621148489165328977987949899797415602900085081435628786567950676391780949633448253616219680559998014214784634910618447122667639804607217055610037222276897125660535867393387520758988742191975475097134159821776175469287214857624750265388130867415580412873925910271279382629434282479656095907178473638142326186864698341018602123575843883404208311798618679388046194707946385968872279636660172423920762823771748609336176990325713506490614247467311351878471253089939596514261196666267475682898635077588364628629417296554229734815495315011752337585393015754405944996164827318009845582551593321289722257247006063686910061456841431892563940020873466746931070957111770150069590359792388197563206227771911411885143855184505614961998508226343153531223089971459935049708039359327667779120430067461929055441744031224422705223831560005091108633317128720548165517033711719448300771525660964913525817712220131912105082815080054605883136048554894173783193438041716508681297001277350562437894851607688119124032266056066591963623197071229719772200831481260746898621517899928612391918713268983151048632780119648896253765940151777173575597570025320253082336116946689981147789765900355562110523987436189411566954756946831913765892283629482126668117215787661175622538482371666841405595054624551275871666632475049764341931929868507018454948365774171910807496638367218687366613903751947086947394002612630474683257999387223688134848014104823955551645010680263372366206458226198558279883447844315148180302724249331888726196930807213187997142652942313186005148224878224024593537200103980637926868603500896185830904692094904758235554768415409124757267836161356776521732484146109863946926378105041694979170269733992817805415234240628485488200053302199364211031646323082439647263607276631895871769259044401451363766451126814443473134220489198884697731101960802990910300139680959518854832128513597114746389737973151315057975842081443516593123962467786526070102139874765749035637088432614260030772344792316488840415153698481155126035457741137680097748660410763036811870095293313414540437283852893333234643562710973384060038416228190613325616933189150517789061901654152308030489428549857055082465581427407486143000730202660813809057790100346399768338483335257539245860316494779637880208922066168766414992991208014608723526	24739664234858138982047535273920704895757539726112908251438163205018941142815780311745551274768732340258877681883220709254438060557727943084431578832787664786285033962897137475109966594536921196345368988178928734319550990616798234738426441329975811082542418687032574754555670308806400073011386994034122559084338923961564827243679948341711906639370687199591334610184232323549682995276987956088064516661660343597404353309026284818116830917705446825786992810866587209705521015335282251073699235984232692064386328873635550251467202252037321107786049250681199223578740058812830716655171327994111037989160554259663041255730806104822364702767003886426236948197875179044375918947062777752518800945220039096656325624832428902632916718843792734174910613073877182282814845299795859817832873050829380297050086561327142630676041705608701295328883785288019463302235365810057437776994452568277033509701397890179816214208032024713357498876567322388814154303003931713475645588699713181579139545605564594106502193640473675998821326912636802272263104652883469557388721394548958714742151679764225722796250070551524401796064839535518648641058846020683987900923271122883848006060940514381132676162478441282448143119470262381204350334372450642897738864208322169429397412616646769311804018889044658822035493868799453507477373105339386431392060549417660798908958795773358800623082799954067709794883047058148976158679384649886095327924414319991582019045071992077653342910849511731651167330376087849413063648771806054152285320901678439155866980580958658742218731596390226169383346559324505046334118025354467896827209357423024270295318967089193716469480182600019202501460386553683769935798934555422187651870810463152818301347666184322345754677440475515749249815364934748631975432769576786912893296154535214235035123986033238180890841420336512272256635269109262695008596412821556639040928454528709044747950517306571530140989872465801626188898990708546002689778097341998723945500171278246946055789449381771214538248033679474979772746929212620712985885813805837624575390338322582202290684435369469769936191843018735649747381110580440185044877125338766593728339916041666940350887088221502909829961379224536730095552799769182691380196128838366270867946627869097207643079077694101166210852793544503069489026087555268642935563100213366941903197369697662555574427432410759363820914635220452586012849253000009376431228284972740384928	1,3,3,3,3,3,3,3,3,3,3,3	-4,-4,-4,-4,-4,-4,3,3,3,3,3,3	ok
0.142142	12.552553	-56.926147	0.445463	continued:5	24739664234858138982047535273920704865888201889876711837493816699690678265963591165069870505023217046633362579621148489165328977987949899797415602900085081435628786567950676391780949633448253616219680559998014214784634910618447122667639804607217055610037222276897125660535867393387520758988742191975475097134159821776175469287214857624750265388130867415580412873925910271279382629434282479656095907178473638142326186864698341018602123575843883404208311798618679388046194707946385968872279636660172423920762823771748609336176990325713506490614247467311351878471253089939596514261196666267475682898635077588364628629417296554229734815495315011752337585393015754405944996164827318009845582551593321289722257247006063686910061456841431892563940020873466746931070957111770150069590359792388197563206227771911411885143855184505614961998508226343153531223089971459935049708039359327667779120430067461929055441744031224422705223831560005091108633317128720548165517033711719448300771525660964913525817712220131912105082815080054605883136048554894173783193438041716508681297001277350562437894851607688119124032266056066591963623197071229719772200831481260746898621517899928612391918713268983151048632780119648896253765940151777173575597570025320253082336116946689981147789765900355562110523987436189411566954756946831913765892283629482126668117215787661175622538482371666841405595054624551275871666632475049764341931929868507018454948365774171910807496638367218687366613903751947086947394002612630474683257999387223688134848014104823955551645010680263372366206458226198558279883447844315148180302724249331888726196930807213187997142652942313186005148224878224024593537200103980637926868603500896185830904692094904758235554768415409124757267836161356776521732484146109863946926378105041694979170269733992817805415234240628485488200053302199364211031646323082439647263607276631895871769259044401451363766451126814443473134220489198884697731101960802990910300139680959518854832128513597114746389737973151315057975842081443516593123962467786526070102139874765749035637088432614260030772344792316488840415153698481155126035457741137680097748660410763036811870095293313414540437283852893333234643562710973384060038416228190613325616933189150517789061901654152308030489428549857055082465581427407486143000730202660813809057790100346399768338483335257539245860316494779637880208922066168766414992991208014608723526	24739664234858138982047535273920704895757539726112908251438163205018941142815780311745551274768732340258877681883220709254438060557727943084431578832787664786285033962897137475109966594536921196345368988178928734319550990616798234738426441329975811082542418687032574754555670308806400073011386994034122559084338923961564827243679948341711906639370687199591334610184232323549682995276987956088064516661660343597404353309026284818116830917705446825786992810866587209705521015335282251073699235984232692064386328873635550251467202252037321107786049250681199223578740058812830716655171327994111037989160554259663041255730806104822364702767003886426236948197875179044375918947062777752518800945220039096656325624832428902632916718843792734174910613073877182282814845299795859817832873050829380297050086561327142630676041705608701295328883785288019463302235365810057437776994452568277033509701397890179816214208032024713357498876567322388814154303003931713475645588699713181579139545605564594106502193640473675998821326912636802272263104652883469557388721394548958714742151679764225722796250070551524401796064839535518648641058846020683987900923271122883848006060940514381132676162478441282448143119470262381204350334372450642897738864208322169429397412616646769311804018889044658822035493868799453507477373105339386431392060549417660798908958795773358800623082799954067709794883047058148976158679384649886095327924414319991582019045071992077653342910849511731651167330376087849413063648771806054152285320901678439155866980580958658742218731596390226169383346559324505046334118025354467896827209357423024270295318967089193716469480182600019202501460386553683769935798934555422187651870810463152818301347666184322345754677440475515749249815364934748631975432769576786912893296154535214235035123986033238180890841420336512272256635269109262695008596412821556639040928454528709044747950517306571530140989872465801626188898990708546002689778097341998723945500171278246946055789449381771214538248033679474979772746929212620712985885813805837624575390338322582202290684435369469769936191843018735649747381110580440185044877125338766593728339916041666940350887088221502909829961379224536730095552799769182691380196128838366270867946627869097207643079077694101166210852793544503069489026087555268642935563100213366941903197369697662555574427432410759363820914635220452586012849253000009376431228284972740384928	1,3,3,3,3,3,3,3,3,3,3,3	-4,-4,-4,-4,-4,-4,3,3,3,3,3,3	ok
0.146146	12.552553	-57.193653	0.445089	full	24739664234858138982047535273920704865888201889876711837493816699690678265963591165069870505023217046633362579621148489165328977987949899797415602900085081435628786567950676391780949633448253616219680559998014214784634910618447122667639804607217055610037222276897125660535867393387520758988742191975475097134159821776175469287214857624750265388130867415580412873925910271279382629434282479656095907178473638142326186864698341018602123575843883404208311798618679388046194707946385968872279636660172423920762823771748609336176990325713506490614247467311351878471253089939596514261196666267475682898635077588364628629417296554229734815495315011752337585393015754405944996164827318009845582551593321289722257247006063686910061456841431892563940020873466746931070957111770150069590359792388197563206227771911411885143855184505614961998508226343153531223089971459935049708039359327667779120430067461929055441744031224422705223831560005091108633317128720548165517033711719448300771525660964913525817712220131912105082815080054605883136048554894173783193438041716508681297001277350562437894851607688119124032266056066591963623197071229719772200831481260746898621517899928612391918713268983151048632780119648896253765940151777173575597570025320253082336116946689981147789765900355562110523987436189411566954756946831913765892283629482126668117215787661175622538482371666841405595054624551275871666632475049764341931929868507018454948365774171910807496638367218687366613903751947086947394002612630474683257999387223688134848014104823955551645010680263372366206458226198558279883447844315148180302724249331888726196930807213187997142652942313186005148224878224024593537200103980637926868603500896185830904692094904758235554768415409124757267836161356776521732484146109863946926378105041694979170269733992817805415234240628485488200053302199364211031646323082439647263607276631895871769259044401451363766451126814443473134220489198884697731101960802990910300139680959518854832128513597114746389737973151315057975842081443516593123962467786526070102139874765749035637088432614260030772344792316488840415153698481155126035457741137680097748660410763036811870095293313414540437283852893333234643562710973384060038416228190613325616933189150517789061901654152308030489428549857055082465581427407486143000730202660813809057790100346399768338483335257539245860316494779637880208922066168766414992991208014608723526	24739664234858138982047535273920704895757539726112908251438163205018941142815780311745551274768732340258877681883220709254438060557727943084431578832787664786285033962897137475109966594536921196345368988178928734319550990616798234738426441329975811082542418687032574754555670308806400073011386994034122559084338923961564827243679948341711906639370687199591334610184232323549682995276987956088064516661660343597404353309026284818116830917705446825786992810866587209705521015335282251073699235984232692064386328873635550251467202252037321107786049250681199223578740058812830716655171327994111037989160554259663041255730806104822364702767003886426236948197875179044375918947062777752518800945220039096656325624832428902632916718843792734174910613073877182282814845299795859817832873050829380297050086561327142630676041705608701295328883785288019463302235365810057437776994452568277033509701397890179816214208032024713357498876567322388814154303003931713475645588699713181579139545605564594106502193640473675998821326912636802272263104652883469557388721394548958714742151679764225722796250070551524401796064839535518648641058846020683987900923271122883848006060940514381132676162478441282448143119470262381204350334372450642897738864208322169429397412616646769311804018889044658822035493868799453507477373105339386431392060549417660798908958795773358800623082799954067709794883047058148976158679384649886095327924414319991582019045071992077653342910849511731651167330376087849413063648771806054152285320901678439155866980580958658742218731596390226169383346559324505046334118025354467896827209357423024270295318967089193716469480182600019202501460386553683769935798934555422187651870810463152818301347666184322345754677440475515749249815364934748631975432769576786912893296154535214235035123986033238180890841420336512272256635269109262695008596412821556639040928454528709044747950517306571530140989872465801626188898990708546002689778097341998723945500171278246946055789449381771214538248033679474979772746929212620712985885813805837624575390338322582202290684435369469769936191843018735649747381110580440185044877125338766593728339916041666940350887088221502909829961379224536730095552799769182691380196128838366270867946627869097207643079077694101166210852793544503069489026087555268642935563100213366941903197369697662555574427432410759363820914635220452586012849253000009376431228284972740384928	1,3,3,3,3,3,3,3,3,3,3,3	-4,-4,-4,-4,-4,-4,3,3,3,3,3,3	ok
0.150150	12.552553	-46.114911	0.433045	continued:5	24739664234858139289596792776213395126048089560964325860575729835583842533848297593721721016960133864586270478784566007837923738431102728632493488653686206422427517659865711750940728149273086021245543535037838973580791205998559559705146231073926853464589222083804255555246497856881480415382797028869947515409102466362624308138158295291171590499716827763074129642966611568980216950264829324577223314767622193926428361795673887835629956332562297465397279725893986435790621308317269268856881805654365465396459180361810212552392995264852193433280433258188779211896433656912690564002557543250673156421668598988603647810345647883827187424526915463158134322615813997032870085578289815586789527875250617783966641011840973861161778367017692697778513617628791844098088383138278938803471994576240998128874713270124204402804858853733123767882950720705529136418716048340745063383692707804254910006189709625066540880856512828339707125022640900264777825088485945538517700316298443827627369475653840757692833936502995671196210545796937556570843903607569898668591094666808278514280715560484925085602419486050273594241764192446271213087746701105018813793009080951642400351629955101106856396955759795658817521409156444002574073692961492046492967728220218582991484541964617137327683694709081466967997938580977075384525608678846434697837855680992070405591038820931862495159716492277170590152737347758096271216617891349790654914355997900522130995316523337529833593492376826361893932493751930137322732686424361441590904840072757092393032426204201782186316247644532997778514941442757250017896752185177078153410426449843797151871607193883101965795888360085976092583051479932071185910242799824678787864030714133910913309864755561329216837000916827891883110515663163131947520856802879212712656544296212533419532786978293257619892850765748987489844200481319985936077922591223069803959649671854924602799566846483391708899807093906168536731585854520699331694516616569466741245049425781279549796007644613374430750745813943584642809377496616914319250207672661319989201358678566756120323289122098258060494896260403387984666309624243688274595597654745409900835353094857349356622608845608842377560832535059251982247381638852070698351712550059887605327537202125224205117368455176749191062004378148129868523810048193755771564186946886520228585145504425438104227508761242795325482172529338964014205203831342522517073678659495193869022	24739664234858138982047535273920704895757539726112908251438163205018941142815780311745551274768732340258877681883220709254438060557727943084431578832787664786285033962897137475109966594536921196345368988178928734319550990616798234738426441329975811082542418687032574754555670308806400073011386994034122559084338923961564827243679948341711906639370687199591334610184232323549682995276987956088064516661660343597404353309026284818116830917705446825786992810866587209705521015335282251073699235984232692064386328873635550251467202252037321107786049250681199223578740058812830716655171327994111037989160554259663041255730806104822364702767003886426236948197875179044375918947062777752518800945220039096656325624832428902632916718843792734174910613073877182282814845299795859817832873050829380297050086561327142630676041705608701295328883785288019463302235365810057437776994452568277033509701397890179816214208032024713357498876567322388814154303003931713475645588699713181579139545605564594106502193640473675998821326912636802272263104652883469557388721394548958714742151679764225722796250070551524401796064839535518648641058846020683987900923271122883848006060940514381132676162478441282448143119470262381204350334372450642897738864208322169429397412616646769311804018889044658822035493868799453507477373105339386431392060549417660798908958795773358800623082799954067709794883047058148976158679384649886095327924414319991582019045071992077653342910849511731651167330376087849413063648771806054152285320901678439155866980580958658742218731596390226169383346559324505046334118025354467896827209357423024270295318967089193716469480182600019202501460386553683769935798934555422187651870810463152818301347666184322345754677440475515749249815364934748631975432769576786912893296154535214235035123986033238180890841420336512272256635269109262695008596412821556639040928454528709044747950517306571530140989872465801626188898990708546002689778097341998723945500171278246946055789449381771214538248033679474979772746929212620712985885813805837624575390338322582202290684435369469769936191843018735649747381110580440185044877125338766593728339916041666940350887088221502909829961379224536730095552799769182691380196128838366270867946627869097207643079077694101166210852793544503069489026087555268642935563100213366941903197369697662555574427432410759363820914635220452586012849253000009376431228284972740384928	-2,4,-4,-4,-4,-4,-4,3,3,3,3,3	-4,-4,-4,-4,-4,-4,3,3,3,3,3,3	ok
0.154154	12.552553	-50.226087	0.435839	continued:5	24739664234858139289596792776213395126048089560964325860575729835583842533848297593721721016960133864586270478784566007837923738431102728632493488653686206422427517659865711750940728149273086021245543535037838973580791205998559559705146231073926853464589222083804255555246497856881480415382797028869947515409102466362624308138158295291171590499716827763074129642966611568980216950264829324577223314767622193926428361795673887835629956332562297465397279725893986435790621308317269268856881805654365465396459180361810212552392995264852193433280433258188779211896433656912690564002557543250673156421668598988603647810345647883827187424526915463158134322615813997032870085578289815586789527875250617783966641011840973861161778367017692697778513617628791844098088383138278938803471994576240998128874713270124204402804858853733123767882950720705529136418716048340745063383692707804254910006189709625066540880856512828339707125022640900264777825088485945538517700316298443827627369475653840757692833936502995671196210545796937556570843903607569898668591094666808278514280715560484925085602419486050273594241764192446271213087746701105018813793009080951642400351629955101106856396955759795658817521409156436968419649050559700869886187910965132703582126873187871781265784589359635836052664767861812359584635294944414335886921495775559442509621289007011899574317734305623846507638965293816166489042929276234604797120840401446432862229356613640747869838729061055864583470767289899665515874597373471166902510955894919889013403996851022737519725454489923863694306555016433375295372220064816704443153770895326726393942707561396768759594343001562309628832709260258535502545170179100100913217886727416773374098365726567295882507796089002777982928942176146303536538484829339376252876278873132787314865441090530111388207983627644324949839957611888467229651076631287086452411156679767928453541754920189969643185569418886674144355038735938956773744064472183947839413482121075100889960388167666456222020883760271666821105826626332568578471394283823161827657852933388986967638720820559015952241392984162742409977176793318883896449258579628362697775607254654867578116669278002967315693001173411715884292571633106480101150690403473649781941261399633458084618085131923299622995004417730411111825841024306265547240837563524515447883350441892520278492403913403822353831936797490378020953435179688381407121656913184027804574	24739664234858138982047535273920704895757539726112908251438163205018941142815780311745551274768732340258877681883220709254438060557727943084431578832787664786285033962897137475109966594536921196345368988178928734319550990616798234738426441329975811082542418687032574754555670308806400073011386994034122559084338923961564827243679948341711906639370687199591334610184232323549682995276987956088064516661660343597404353309026284818116830917705446825786992810866587209705521015335282251073699235984232692064386328873635550251467202252037321107786049250681199223578740058812830716655171327994111037989160554259663041255730806104822364702767003886426236948197875179044375918947062777752518800945220039096656325624832428902632916718843792734174910613073877182282814845299795859817832873050829380297050086561327142630676041705608701295328883785288019463302235365810057437776994452568277033509701397890179816214208032024713357498876567322388814154303003931713475645588699713181579139545605564594106502193640473675998821326912636802272263104652883469557388721394548958714742151679764225722796250070551524401796064839535518648641058846020683987900923271122883848006060940514381132676162478441282448143119470262381204350334372450642897738864208322169429397412616646769311804018889044658822035493868799453507477373105339386431392060549417660798908958795773358800623082799954067709794883047058148976158679384649886095327924414319991582019045071992077653342910849511731651167330376087849413063648771806054152285320901678439155866980580958658742218731596390226169383346559324505046334118025354467896827209357423024270295318967089193716469480182600019202501460386553683769935798934555422187651870810463152818301347666184322345754677440475515749249815364934748631975432769576786912893296154535214235035123986033238180890841420336512272256635269109262695008596412821556639040928454528709044747950517306571530140989872465801626188898990708546002689778097341998723945500171278246946055789449381771214538248033679474979772746929212620712985885813805837624575390338322582202290684435369469769936191843018735649747381110580440185044877125338766593728339916041666940350887088221502909829961379224536730095552799769182691380196128838366270867946627869097207643079077694101166210852793544503069489026087555268642935563100213366941903197369697662555574427432410759363820914635220452586012849253000009376431228284972740384928	1,4,-4,-4,-4,-4,-4,3,3,3,3,3	-4,-4,-4,-4,-4,-4,3,3,3,3,3,3	ok
0.158158	12.552553	-52.819890	0.433045	continued:5	24739664234858138982047535273920704895757539726112908251438163205018941142815780311745551274768732340258877681883220709254438060557727943084431578832787664786285033962897137475109966594536921196345368988178928734319550990616798234738426441329975811082542418687032574754555670308806400073011386994034122559084338923961564827243679948341711906639370687199591334610184232323549682995276987956088064516661660343597404353309026284818116830917705446825786992810866587209705521015335282251073699235984232692064386328873635550251467202252037321107786049250681199223578740058812830716655171327994111037989160554259663041255730806104822364702767003886426236948197875179044375918947062777752518800945220039096656325624832428902632916718843792734174910613073877182282814845299795859817832873050829380297050086561327142630676041705608701295328883785288019463302235365810057437776994452568277033509701397890179816214208032024713357498876567322388814154303003931713475645588699713181579139545605564594106502193640473675998821326912636802272263104652883469557388721394548958714742151679764225722796250070551524401796064839535518648641058846020683987900923271122883848006060940514381132676162478441282448143119470234244586651764765460825583900856538506441493067250231270271180189604080231450980733607237596890690043807856366180467688024298451857503595435136330376294656223565554116478172432675947236957738442193555109932688670904811038581565816851902603630454037059443222327303729076311508099390414639858767188127294147546423044405142179945534154841881724323387669344021587031891156333725035335661462717343240823281448642976875074955096456867500133501730963138935379104805342782025326645637984544215536365832087477382349921831616622649728632097319596591220981248391971525481854166000413257514914100886328767722963991005486293969092886172846002392577695360958714697809421911079524574797309440504337624362800617594426374325964507506727614377171467091251576526435782970234958554168120887421627017363156570637831288961770182197219298932245820499174813792893450431991050457646902996375255657503776080538316250631432949426671988574904247297152556610722926570920555275659878923111216802142282894220906621012839295132236214297518320140443613662297273570104086942558254694886087396801772324176733854013342330847414322607669322840282914835466102978089119098070055714798654005295106279702099414397722114120416200874950808322	24739664234858138982047535273920704895757539726112908251438163205018941142815780311745551274768732340258877681883220709254438060557727943084431578832787664786285033962897137475109966594536921196345368988178928734319550990616798234738426441329975811082542418687032574754555670308806400073011386994034122559084338923961564827243679948341711906639370687199591334610184232323549682995276987956088064516661660343597404353309026284818116830917705446825786992810866587209705521015335282251073699235984232692064386328873635550251467202252037321107786049250681199223578740058812830716655171327994111037989160554259663041255730806104822364702767003886426236948197875179044375918947062777752518800945220039096656325624832428902632916718843792734174910613073877182282814845299795859817832873050829380297050086561327142630676041705608701295328883785288019463302235365810057437776994452568277033509701397890179816214208032024713357498876567322388814154303003931713475645588699713181579139545605564594106502193640473675998821326912636802272263104652883469557388721394548958714742151679764225722796250070551524401796064839535518648641058846020683987900923271122883848006060940514381132676162478441282448143119470262381204350334372450642897738864208322169429397412616646769311804018889044658822035493868799453507477373105339386431392060549417660798908958795773358800623082799954067709794883047058148976158679384649886095327924414319991582019045071992077653342910849511731651167330376087849413063648771806054152285320901678439155866980580958658742218731596390226169383346559324505046334118025354467896827209357423024270295318967089193716469480182600019202501460386553683769935798934555422187651870810463152818301347666184322345754677440475515749249815364934748631975432769576786912893296154535214235035123986033238180890841420336512272256635269109262695008596412821556639040928454528709044747950517306571530140989872465801626188898990708546002689778097341998723945500171278246946055789449381771214538248033679474979772746929212620712985885813805837624575390338322582202290684435369469769936191843018735649747381110580440185044877125338766593728339916041666940350887088221502909829961379224536730095552799769182691380196128838366270867946627869097207643079077694101166210852793544503069489026087555268642935563100213366941903197369697662555574427432410759363820914635220452586012849253000009376431228284972740384928	-2,-4,-4,-4,-4,-4,3,3,3,3,3,3	-4,-4,-4,-4,-4,-4,3,3,3,3,3,3	ok
0.162162	12.552553	-54.555197	0.435839	continued:5	24739664234858138982047535273920704865888201889876711837493816699690678265963591165069870505023217046633362579621148489165328977987949899797415602900085081435628786567950676391780949633448253616219680559998014214784634910618447122667639804607217055610037222276897125660535867393387520758988742191975475097134159821776175469287214857624750265388130867415580412873925910271279382629434282479656095907178473638142326186864698341018602123575843883404208311798618679388046194707946385968872279636660172423920762823771748609336176990325713506490614247467311351878471253089939596514261196666267475682898635077588364628629417296554229734815495315011752337585393015754405944996164827318009845582551593321289722257247006063686910061456841431892563940020873466746931070957111770150069590359792388197563206227771911411885143855184505614961998508226343153531223089971459935049708039359327667779120430067461929055441744031224422705223831560005091108633317128720548165517033711719448300771525660964913525817712220131912105082815080054605883136048554894173783193438041716508681297001277350562437894851607688119124032266056066591963623197071229719772200831481260746898621517899928612391918713268983151048632780119655930408190582553524627904057071942769938736862457235924274975877692875969260912825240440176312796169883715527296420812911085368231803397367822990876417832371726944474641149344806282859835563177758758315140869621665338558538229319788140992642348683078964438303205169238089677606281386970253341769254691973676747054001600056884371509167578247128910554017708455798400339763929792299326278161913247735847547901720607853014273297061169415154483166033077865097453650461838107532682052642437808745312631797604500447563344035980600655360681484274936965759099895773785743476559627847035998495623947412514142251410657373695628596507787826274803330499930271551011927848963095389998115464084361772602196582573023653623911344037727364227195594183603523434780747077500441651045950433605054450968920210102886398197382751252220063486096686194630712738899496659850907030285511459146924946136142303252814811401903979278425790228571196558652325907826618637862596663393079577711958009484587139118727133603578984775841831059511392904829664132579075616389269418347099007484820626482853352165533173315748528323140233506000037753936239379980930850327518548701251621213257545847129540580490183656973082502121819713680447958	24739664234858138982047535273920704895757539726112908251438163205018941142815780311745551274768732340258877681883220709254438060557727943084431578832787664786285033962897137475109966594536921196345368988178928734319550990616798234738426441329975811082542418687032574754555670308806400073011386994034122559084338923961564827243679948341711906639370687199591334610184232323549682995276987956088064516661660343597404353309026284818116830917705446825786992810866587209705521015335282251073699235984232692064386328873635550251467202252037321107786049250681199223578740058812830716655171327994111037989160554259663041255730806104822364702767003886426236948197875179044375918947062777752518800945220039096656325624832428902632916718843792734174910613073877182282814845299795859817832873050829380297050086561327142630676041705608701295328883785288019463302235365810057437776994452568277033509701397890179816214208032024713357498876567322388814154303003931713475645588699713181579139545605564594106502193640473675998821326912636802272263104652883469557388721394548958714742151679764225722796250070551524401796064839535518648641058846020683987900923271122883848006060940514381132676162478441282448143119470262381204350334372450642897738864208322169429397412616646769311804018889044658822035493868799453507477373105339386431392060549417660798908958795773358800623082799954067709794883047058148976158679384649886095327924414319991582019045071992077653342910849511731651167330376087849413063648771806054152285320901678439155866980580958658742218731596390226169383346559324505046334118025354467896827209357423024270295318967089193716469480182600019202501460386553683769935798934555422187651870810463152818301347666184322345754677440475515749249815364934748631975432769576786912893296154535214235035123986033238180890841420336512272256635269109262695008596412821556639040928454528709044747950517306571530140989872465801626188898990708546002689778097341998723945500171278246946055789449381771214538248033679474979772746929212620712985885813805837624575390338322582202290684435369469769936191843018735649747381110580440185044877125338766593728339916041666940350887088221502909829961379224536730095552799769182691380196128838366270867946627869097207643079077694101166210852793544503069489026087555268642935563100213366941903197369697662555574427432410759363820914635220452586012849253000009376431228284972740384928	-2,3,3,3,3,3,3,3,3,3,3,3	-4,-4,-4,-4,-4,-4,3,3,3,3,3,3	ok
0.166166	12.552553	-55.570867	0.438632	continued:5	24739664234858138982047535273920704865888201889876711837493816699690678265963591165069870505023217046633362579621148489165328977987949899797415602900085081435628786567950676391780949633448253616219680559998014214784634910618447122667639804607217055610037222276897125660535867393387520758988742191975475097134159821776175469287214857624750265388130867415580412873925910271279382629434282479656095907178473638142326186864698341018602123575843883404208311798618679388046194707946385968872279636660172423920762823771748609336176990325713506490614247467311351878471253089939596514261196666267475682898635077588364628629417296554229734815495315011752337585393015754405944996164827318009845582551593321289722257247006063686910061456841431892563940020873466746931070957111770150069590359792388197563206227771911411885143855184505614961998508226343153531223089971459935049708039359327667779120430067461929055441744031224422705223831560005091108633317128720548165517033711719448300771525660964913525817712220131912105082815080054605883136048554894173783193438041716508681297001277350562437894851607688119124032266056066591963623197071229719772200831481260746898621517899928612391918713268983151048632780119662964562615224955272082232516573860219624391388797525158568803965619851582959715126493444163214025385010484222679075733538541254336938677519858320577213126261082222107876703634988014443799459723042466865939807313462170098621510273802110074477200727790710189239796434724232268265168771327876208855251384560129805973155186008944787466690145813994448741828958685398242399644411740283504376021102246139806369606510408492840549451469396517122961183841277506170313763723572234427437236681374721304794358903114096136891133303545792185964095132388517154996467307401461623006192877589030302012077625091035466697406080506762771704815522350350242449968214220019584208434318914148100359158909679143753029398694920492804349553854965529569693457265246243878651194015319923783237068738696511787191450682232621481336789660422996610379069409921474899407696853444936065024933934485679589861499939814189140782388654260075696454421684651979624554066992826512688381456690865842009375581685321384904219623644446996167623623702794595196333711331969000714989476935040045706939151824415849649248600765204089570503279736809339261698814688659615461932316553762144963996566198596914621200952058301145179750011252431412752172391	24739664234858138982047535273920704895757539726112908251438163205018941142815780311745551274768732340258877681883220709254438060557727943084431578832787664786285033962897137475109966594536921196345368988178928734319550990616798234738426441329975811082542418687032574754555670308806400073011386994034122559084338923961564827243679948341711906639370687199591334610184232323549682995276987956088064516661660343597404353309026284818116830917705446825786992810866587209705521015335282251073699235984232692064386328873635550251467202252037321107786049250681199223578740058812830716655171327994111037989160554259663041255730806104822364702767003886426236948197875179044375918947062777752518800945220039096656325624832428902632916718843792734174910613073877182282814845299795859817832873050829380297050086561327142630676041705608701295328883785288019463302235365810057437776994452568277033509701397890179816214208032024713357498876567322388814154303003931713475645588699713181579139545605564594106502193640473675998821326912636802272263104652883469557388721394548958714742151679764225722796250070551524401796064839535518648641058846020683987900923271122883848006060940514381132676162478441282448143119470262381204350334372450642897738864208322169429397412616646769311804018889044658822035493868799453507477373105339386431392060549417660798908958795773358800623082799954067709794883047058148976158679384649886095327924414319991582019045071992077653342910849511731651167330376087849413063648771806054152285320901678439155866980580958658742218731596390226169383346559324505046334118025354467896827209357423024270295318967089193716469480182600019202501460386553683769935798934555422187651870810463152818301347666184322345754677440475515749249815364934748631975432769576786912893296154535214235035123986033238180890841420336512272256635269109262695008596412821556639040928454528709044747950517306571530140989872465801626188898990708546002689778097341998723945500171278246946055789449381771214538248033679474979772746929212620712985885813805837624575390338322582202290684435369469769936191843018735649747381110580440185044877125338766593728339916041666940350887088221502909829961379224536730095552799769182691380196128838366270867946627869097207643079077694101166210852793544503069489026087555268642935563100213366941903197369697662555574427432410759363820914635220452586012849253000009376431228284972740384928	2,3,3,3,3,3,3,3,3,3,3,3	-4,-4,-4,-4,-4,-4,3,3,3,3,3,3	ok
0.170170	12.552553	-56.214972	0.441425	continued:5	24739664234858138982047535273920704865888201889876711837493816699690678265963591165069870505023217046633362579621148489165328977987949899797415602900085081435628786567950676391780949633448253616219680559998014214784634910618447122667639804607217055610037222276897125660535867393387520758988742191975475097134159821776175469287214857624750265388130867415580412873925910271279382629434282479656095907178473638142326186864698341018602123575843883404208311798618679388046194707946385968872279636660172423920762823771748609336176990325713506490614247467311351878471253089939596514261196666267475682898635077588364628629417296554229734815495315011752337585393015754405944996164827318009845582551593321289722257247006063686910061456841431892563940020873466746931070957111770150069590359792388197563206227771911411885143855184505614961998508226343153531223089971459935049708039359327667779120430067461929055441744031224422705223831560005091108633317128720548165517033711719448300771525660964913525817712220131912105082815080054605883136048554894173783193438041716508681297001277350562437894851607688119124032266056066591963623197071229719772200831481260746898621517899928612391918713268983151048632780119655930408190582553524627904057071942769938736862457235924274975877692875969260912825240440176312796169883715527296420812911085368231803397367822990876417832371726944474641149344806282859835563177758758315140869621665338558538229319788140992642348683078964438303205169238089677606281386970253341769254691973676747054001600056884371509167578247128910554017708455798400339763929792299326278161913247735847547901720607853014273297061169415154483166033077865097453650461838107532682052642437808745312631797604500447563344035980600655360681484274936965759099895773785743476559627847035998495623947412514142251410657373695628596507787826274803330499930271551011927848963095389998115464084361772602196582573023653623911344037727364227195594183603523434780747077500441651045950433605054450968920210102886398197382751252220063486096686194630712738899496659850907030285511459146924946136142303252814811401903979278425790228571196558652325907826618637862596663393079577711958009484587139118727133603578984775841831059511392904829664132579075616389269418347099007484820626482853352165533173315748528323140233506000037753936239379980930850327518548701251621213257545847129540580490183656973082502121819713680447958	24739664234858138982047535273920704895757539726112908251438163205018941142815780311745551274768732340258877681883220709254438060557727943084431578832787664786285033962897137475109966594536921196345368988178928734319550990616798234738426441329975811082542418687032574754555670308806400073011386994034122559084338923961564827243679948341711906639370687199591334610184232323549682995276987956088064516661660343597404353309026284818116830917705446825786992810866587209705521015335282251073699235984232692064386328873635550251467202252037321107786049250681199223578740058812830716655171327994111037989160554259663041255730806104822364702767003886426236948197875179044375918947062777752518800945220039096656325624832428902632916718843792734174910613073877182282814845299795859817832873050829380297050086561327142630676041705608701295328883785288019463302235365810057437776994452568277033509701397890179816214208032024713357498876567322388814154303003931713475645588699713181579139545605564594106502193640473675998821326912636802272263104652883469557388721394548958714742151679764225722796250070551524401796064839535518648641058846020683987900923271122883848006060940514381132676162478441282448143119470262381204350334372450642897738864208322169429397412616646769311804018889044658822035493868799453507477373105339386431392060549417660798908958795773358800623082799954067709794883047058148976158679384649886095327924414319991582019045071992077653342910849511731651167330376087849413063648771806054152285320901678439155866980580958658742218731596390226169383346559324505046334118025354467896827209357423024270295318967089193716469480182600019202501460386553683769935798934555422187651870810463152818301347666184322345754677440475515749249815364934748631975432769576786912893296154535214235035123986033238180890841420336512272256635269109262695008596412821556639040928454528709044747950517306571530140989872465801626188898990708546002689778097341998723945500171278246946055789449381771214538248033679474979772746929212620712985885813805837624575390338322582202290684435369469769936191843018735649747381110580440185044877125338766593728339916041666940350887088221502909829961379224536730095552799769182691380196128838366270867946627869097207643079077694101166210852793544503069489026087555268642935563100213366941903197369697662555574427432410759363820914635220452586012849253000009376431228284972740384928	-2,3,3,3,3,3,3,3,3,3,3,3	-4,-4,-4,-4,-4,-4,3,3,3,3,3,3	ok
0.174174	12.552553	-56.653552	0.444219	continued:5	24739664234858138982047535273920704865888201889876711837493816699690678265963591165069870505023217046633362579621148489165328977987949899797415602900085081435628786567950676391780949633448253616219680559998014214784634910618447122667639804607217055610037222276897125660535867393387520758988742191975475097134159821776175469287214857624750265388130867415580412873925910271279382629434282479656095907178473638142326186864698341018602123575843883404208311798618679388046194707946385968872279636660172423920762823771748609336176990325713506490614247467311351878471253089939596514261196666267475682898635077588364628629417296554229734815495315011752337585393015754405944996164827318009845582551593321289722257247006063686910061456841431892563940020873466746931070957111770150069590359792388197563206227771911411885143855184505614961998508226343153531223089971459935049708039359327667779120430067461929055441744031224422705223831560005091108633317128720548165517033711719448300771525660964913525817712220131912105082815080054605883136048554894173783193438041716508681297001277350562437894851607688119124032266056066591963623197071229719772200831481260746898621517899928612391918713268983151048632780119648896253765940151777173575597570025320253082336116946689981147789765900355562110523987436189411566954756946831913765892283629482126668117215787661175622538482371666841405595054624551275871666632475049764341931929868507018454948365774171910807496638367218687366613903751947086947394002612630474683257999387223688134848014104823955551645010680263372366206458226198558279883447844315148180302724249331888726196930807213187997142652942313186005148224878224024593537200103980637926868603500896185830904692094904758235554768415409124757267836161356776521732484146109863946926378105041694979170269733992817805415234240628485488200053302199364211031646323082439647263607276631895871769259044401451363766451126814443473134220489198884697731101960802990910300139680959518854832128513597114746389737973151315057975842081443516593123962467786526070102139874765749035637088432614260030772344792316488840415153698481155126035457741137680097748660410763036811870095293313414540437283852893333234643562710973384060038416228190613325616933189150517789061901654152308030489428549857055082465581427407486143000730202660813809057790100346399768338483335257539245860316494779637880208922066168766414992991208014608723526	24739664234858138982047535273920704895757539726112908251438163205018941142815780311745551274768732340258877681883220709254438060557727943084431578832787664786285033962897137475109966594536921196345368988178928734319550990616798234738426441329975811082542418687032574754555670308806400073011386994034122559084338923961564827243679948341711906639370687199591334610184232323549682995276987956088064516661660343597404353309026284818116830917705446825786992810866587209705521015335282251073699235984232692064386328873635550251467202252037321107786049250681199223578740058812830716655171327994111037989160554259663041255730806104822364702767003886426236948197875179044375918947062777752518800945220039096656325624832428902632916718843792734174910613073877182282814845299795859817832873050829380297050086561327142630676041705608701295328883785288019463302235365810057437776994452568277033509701397890179816214208032024713357498876567322388814154303003931713475645588699713181579139545605564594106502193640473675998821326912636802272263104652883469557388721394548958714742151679764225722796250070551524401796064839535518648641058846020683987900923271122883848006060940514381132676162478441282448143119470262381204350334372450642897738864208322169429397412616646769311804018889044658822035493868799453507477373105339386431392060549417660798908958795773358800623082799954067709794883047058148976158679384649886095327924414319991582019045071992077653342910849511731651167330376087849413063648771806054152285320901678439155866980580958658742218731596390226169383346559324505046334118025354467896827209357423024270295318967089193716469480182600019202501460386553683769935798934555422187651870810463152818301347666184322345754677440475515749249815364934748631975432769576786912893296154535214235035123986033238180890841420336512272256635269109262695008596412821556639040928454528709044747950517306571530140989872465801626188898990708546002689778097341998723945500171278246946055789449381771214538248033679474979772746929212620712985885813805837624575390338322582202290684435369469769936191843018735649747381110580440185044877125338766593728339916041666940350887088221502909829961379224536730095552799769182691380196128838366270867946627869097207643079077694101166210852793544503069489026087555268642935563100213366941903197369697662555574427432410759363820914635220452586012849253000009376431228284972740384928	1,3,3,3,3,3,3,3,3,3,3,3	-4,-4,-4,-4,-4,-4,3,3,3,3,3,3	ok
0.178178	12.552553	-56.957555	0.442428	continued:5	24739664234858138982047535273920704865888201889876711837493816699690678265963591165069870505023217046633362579621148489165328977987949899797415602900085081435628786567950676391780949633448253616219680559998014214784634910618447122667639804607217055610037222276897125660535867393387520758988742191975475097134159821776175469287214857624750265388130867415580412873925910271279382629434282479656095907178473638142326186864698341018602123575843883404208311798618679388046194707946385968872279636660172423920762823771748609336176990325713506490614247467311351878471253089939596514261196666267475682898635077588364628629417296554229734815495315011752337585393015754405944996164827318009845582551593321289722257247006063686910061456841431892563940020873466746931070957111770150069590359792388197563206227771911411885143855184505614961998508226343153531223089971459935049708039359327667779120430067461929055441744031224422705223831560005091108633317128720548165517033711719448300771525660964913525817712220131912105082815080054605883136048554894173783193438041716508681297001277350562437894851607688119124032266056066591963623197071229719772200831481260746898621517899928612391918713268983151048632780119648896253765940151777173575597570025320253082336116946689981147789765900355562110523987436189411566954756946831913765892283629482126668117215787661175622538482371666841405595054624551275871666632475049764341931929868507018454948365774171910807496638367218687366613903751947086947394002612630474683257999387223688134848014104823955551645010680263372366206458226198558279883447844315148180302724249331888726196930807213187997142652942313186005148224878224024593537200103980637926868603500896185830904692094904758235554768415409124757267836161356776521732484146109863946926378105041694979170269733992817805415234240628485488200053302199364211031646323082439647263607276631895871769259044401451363766451126814443473134220489198884697731101960802990910300139680959518854832128513597114746389737973151315057975842081443516593123962467786526070102139874765749035637088432614260030772344792316488840415153698481155126035457741137680097748660410763036811870095293313414540437283852893333234643562710973384060038416228190613325616933189150517789061901654152308030489428549857055082465581427407486143000730202660813809057790100346399768338483335257539245860316494779637880208922066168766414992991208014608723526	24739664234858138982047535273920704895757539726112908251438163205018941142815780311745551274768732340258877681883220709254438060557727943084431578832787664786285033962897137475109966594536921196345368988178928734319550990616798234738426441329975811082542418687032574754555670308806400073011386994034122559084338923961564827243679948341711906639370687199591334610184232323549682995276987956088064516661660343597404353309026284818116830917705446825786992810866587209705521015335282251073699235984232692064386328873635550251467202252037321107786049250681199223578740058812830716655171327994111037989160554259663041255730806104822364702767003886426236948197875179044375918947062777752518800945220039096656325624832428902632916718843792734174910613073877182282814845299795859817832873050829380297050086561327142630676041705608701295328883785288019463302235365810057437776994452568277033509701397890179816214208032024713357498876567322388814154303003931713475645588699713181579139545605564594106502193640473675998821326912636802272263104652883469557388721394548958714742151679764225722796250070551524401796064839535518648641058846020683987900923271122883848006060940514381132676162478441282448143119470262381204350334372450642897738864208322169429397412616646769311804018889044658822035493868799453507477373105339386431392060549417660798908958795773358800623082799954067709794883047058148976158679384649886095327924414319991582019045071992077653342910849511731651167330376087849413063648771806054152285320901678439155866980580958658742218731596390226169383346559324505046334118025354467896827209357423024270295318967089193716469480182600019202501460386553683769935798934555422187651870810463152818301347666184322345754677440475515749249815364934748631975432769576786912893296154535214235035123986033238180890841420336512272256635269109262695008596412821556639040928454528709044747950517306571530140989872465801626188898990708546002689778097341998723945500171278246946055789449381771214538248033679474979772746929212620712985885813805837624575390338322582202290684435369469769936191843018735649747381110580440185044877125338766593728339916041666940350887088221502909829961379224536730095552799769182691380196128838366270867946627869097207643079077694101166210852793544503069489026087555268642935563100213366941903197369697662555574427432410759363820914635220452586012849253000009376431228284972740384928	1,3,3,3,3,3,3,3,3,3,3,3	-4,-4,-4,-4,-4,-4,3,3,3,3,3,3	ok
0.182182	12.552553	-57.221047	0.442055	full	24739664234858138982047535273920704865888201889876711837493816699690678265963591165069870505023217046633362579621148489165328977987949899797415602900085081435628786567950676391780949633448253616219680559998014214784634910618447122667639804607217055610037222276897125660535867393387520758988742191975475097134159821776175469287214857624750265388130867415580412873925910271279382629434282479656095907178473638142326186864698341018602123575843883404208311798618679388046194707946385968872279636660172423920762823771748609336176990325713506490614247467311351878471253089939596514261196666267475682898635077588364628629417296554229734815495315011752337585393015754405944996164827318009845582551593321289722257247006063686910061456841431892563940020873466746931070957111770150069590359792388197563206227771911411885143855184505614961998508226343153531223089971459935049708039359327667779120430067461929055441744031224422705223831560005091108633317128720548165517033711719448300771525660964913525817712220131912105082815080054605883136048554894173783193438041716508681297001277350562437894851607688119124032266056066591963623197071229719772200831481260746898621517899928612391918713268983151048632780119648896253765940151777173575597570025320253082336116946689981147789765900355562110523987436189411566954756946831913765892283629482126668117215787661175622538482371666841405595054624551275871666632475049764341931929868507018454948365774171910807496638367218687366613903751947086947394002612630474683257999387223688134848014104823955551645010680263372366206458226198558279883447844315148180302724249331888726196930807213187997142652942313186005148224878224024593537200103980637926868603500896185830904692094904758235554768415409124757267836161356776521732484146109863946926378105041694979170269733992817805415234240628485488200053302199364211031646323082439647263607276631895871769259044401451363766451126814443473134220489198884697731101960802990910300139680959518854832128513597114746389737973151315057975842081443516593123962467786526070102139874765749035637088432614260030772344792316488840415153698481155126035457741137680097748660410763036811870095293313414540437283852893333234643562710973384060038416228190613325616933189150517789061901654152308030489428549857055082465581427407486143000730202660813809057790100346399768338483335257539245860316494779637880208922066168766414992991208014608723526	24739664234858138982047535273920704895757539726112908251438163205018941142815780311745551274768732340258877681883220709254438060557727943084431578832787664786285033962897137475109966594536921196345368988178928734319550990616798234738426441329975811082542418687032574754555670308806400073011386994034122559084338923961564827243679948341711906639370687199591334610184232323549682995276987956088064516661660343597404353309026284818116830917705446825786992810866587209705521015335282251073699235984232692064386328873635550251467202252037321107786049250681199223578740058812830716655171327994111037989160554259663041255730806104822364702767003886426236948197875179044375918947062777752518800945220039096656325624832428902632916718843792734174910613073877182282814845299795859817832873050829380297050086561327142630676041705608701295328883785288019463302235365810057437776994452568277033509701397890179816214208032024713357498876567322388814154303003931713475645588699713181579139545605564594106502193640473675998821326912636802272263104652883469557388721394548958714742151679764225722796250070551524401796064839535518648641058846020683987900923271122883848006060940514381132676162478441282448143119470262381204350334372450642897738864208322169429397412616646769311804018889044658822035493868799453507477373105339386431392060549417660798908958795773358800623082799954067709794883047058148976158679384649886095327924414319991582019045071992077653342910849511731651167330376087849413063648771806054152285320901678439155866980580958658742218731596390226169383346559324505046334118025354467896827209357423024270295318967089193716469480182600019202501460386553683769935798934555422187651870810463152818301347666184322345754677440475515749249815364934748631975432769576786912893296154535214235035123986033238180890841420336512272256635269109262695008596412821556639040928454528709044747950517306571530140989872465801626188898990708546002689778097341998723945500171278246946055789449381771214538248033679474979772746929212620712985885813805837624575390338322582202290684435369469769936191843018735649747381110580440185044877125338766593728339916041666940350887088221502909829961379224536730095552799769182691380196128838366270867946627869097207643079077694101166210852793544503069489026087555268642935563100213366941903197369697662555574427432410759363820914635220452586012849253000009376431228284972740384928	1,3,3,3,3,3,3,3,3,3,3,3	-4,-4,-4,-4,-4,-4,3,3,3,3,3,3	ok
0.186186	12.552553	-47.363864	0.444469	continued:5	24739664234858139289596792776213395126048089560964325860575729835583842533848297593721721016960133864586270478784566007837923738431102728632493488653686206422427517659865711750940728149273086021245543535037838973580791205998559559705146231073926853464589222083804255555246497856881480415382797028869947515409102466362624308138158295291171590499716827763074129642966611568980216950264829324577223314767622193926428361795673887835629956332562297465397279725893986435790621308317269268856881805654365465396459180361810212552392995264852193433280433258188779211896433656912690564002557543250673156421668598988603647810345647883827187424526915463158134322615813997032870085578289815586789527875250617783966641011840973861161778367017692697778513617628791844098088383138278938803471994576240998128874713270124204402804858853733123767882950720705529136418716048340745063383692707804254910006189709625066540880856512828339707125022640900264777825088485945538517700316298443827627369475653840757692833936502995671196210545796937556570843903607569898668591094666808278514280715560484925085602419486050273594241764192446271213087746701105018813793009080951642400351629955101106856396955759795658817521409156436968419649050559700869886187910965132703582126873187871781265784589359635836052664767861812359584635294944414335886921495775559442509621289007011899574317734305623846507638965293816166489042929276234604797120840401446432862229356613640747869838729061055864583470767289899665515874597373471166902510955894919889013403996851022737519725454489923863694306555016433375295372220064816704443153770895326726393942707561396768759594343001562309628832709260258535502545170179100100913217886727416773374098365726567295882507796089002777982928942176146303536538484829339376252876278873132787314865441090530111388207983627644324949839957611888467229651076631287086452411156679767928453541754920189969643185569418886674144355038735938956773744064472183947839413482121075100889960388167666456222020883760271666821105826626332568578471394283823161827657852933388986967638720820559015952241392984162742409977176793318883896449258579628362697775607254654867578116669278002967315693001173411715884292571633106480101150690403473649781941261399633458084618085131923299622995004417730411111825841024306265547240837563524515447883350441892520278492403913403822353831936797490378020953435179688381407121656913184027804574	24739664234858138982047535273920704895757539726112908251438163205018941142815780311745551274768732340258877681883220709254438060557727943084431578832787664786285033962897137475109966594536921196345368988178928734319550990616798234738426441329975811082542418687032574754555670308806400073011386994034122559084338923961564827243679948341711906639370687199591334610184232323549682995276987956088064516661660343597404353309026284818116830917705446825786992810866587209705521015335282251073699235984232692064386328873635550251467202252037321107786049250681199223578740058812830716655171327994111037989160554259663041255730806104822364702767003886426236948197875179044375918947062777752518800945220039096656325624832428902632916718843792734174910613073877182282814845299795859817832873050829380297050086561327142630676041705608701295328883785288019463302235365810057437776994452568277033509701397890179816214208032024713357498876567322388814154303003931713475645588699713181579139545605564594106502193640473675998821326912636802272263104652883469557388721394548958714742151679764225722796250070551524401796064839535518648641058846020683987900923271122883848006060940514381132676162478441282448143119470262381204350334372450642897738864208322169429397412616646769311804018889044658822035493868799453507477373105339386431392060549417660798908958795773358800623082799954067709794883047058148976158679384649886095327924414319991582019045071992077653342910849511731651167330376087849413063648771806054152285320901678439155866980580958658742218731596390226169383346559324505046334118025354467896827209357423024270295318967089193716469480182600019202501460386553683769935798934555422187651870810463152818301347666184322345754677440475515749249815364934748631975432769576786912893296154535214235035123986033238180890841420336512272256635269109262695008596412821556639040928454528709044747950517306571530140989872465801626188898990708546002689778097341998723945500171278246946055789449381771214538248033679474979772746929212620712985885813805837624575390338322582202290684435369469769936191843018735649747381110580440185044877125338766593728339916041666940350887088221502909829961379224536730095552799769182691380196128838366270867946627869097207643079077694101166210852793544503069489026087555268642935563100213366941903197369697662555574427432410759363820914635220452586012849253000009376431228284972740384928	1,4,-4,-4,-4,-4,-4,3,3,3,3,3	-4,-4,-4,-4,-4,-4,3,3,3,3,3,3	ok
0.190190	12.552553	-50.762977	0.441675	continued:5	24739664234858139289596792776213395126048089560964325860575729835583842533848297593721721016960133864586270478784566007837923738431102728632493488653686206422427517659865711750940728149273086021245543535037838973580791205998559559705146231073926853464589222083804255555246497856881480415382797028869947515409102466362624308138158295291171590499716827763074129642966611568980216950264829324577223314767622193926428361795673887835629956332562297465397279725893986435790621308317269268856881805654365465396459180361810212552392995264852193433280433258188779211896433656912690564002557543250673156421668598988603647810345647883827187424526915463158134322615813997032870085578289815586789527875250617783966641011840973861161778367017692697778513617628791844098088383138278938803471994576240998128874713270124204402804858853733123767882950720705529136418716048340745063383692707804254910006189709625066540880856512828339707125022640900264777825088485945538517700316298443827627369475653840757692833936502995671196210545796937556570843903607569898668591094666808278514280715560484925085602419486050273594241764192446271213087746701105018813793009080951642400351629955101106856396955759795658817521409156451036728498335363283223099747545475304462400842210741362493389582800058527097883331109300141791184415922413278533508754215586424698301560788634851825416001698678930494672666509401700026053390306506464976512707871594354611399761276433034311797348255692596859204394220213960609129590775475251716279298724250594295772660855557380826852907040799142131862723327869081124740421284305537451863667082004360867909800506826369435171997433718609642556333393699605606869275315420549256662510174700851048452521363784555362551166205744653005783292089150179960358503228776419049172436809719292279524200132866056403851577717903853650029848443350751504642504768551159053155508142663941920752057378772776813774614044768925662929108132973102441889644968760954985643076616730487458209631627121560292639480607867615502464512928366901260060029021061499478150744864423744525273007857423637500168748399536644033559355442455168492652741936729862457103895098935059831135128548413214717439428663896706788080202191644597661295552734696646125428713813004616990325616651778430198759129004338565848625221779072081245995887536330248525009286940566958355929962613609081768297132408261187550007456972482996663627025700405806359933471	24739664234858138982047535273920704895757539726112908251438163205018941142815780311745551274768732340258877681883220709254438060557727943084431578832787664786285033962897137475109966594536921196345368988178928734319550990616798234738426441329975811082542418687032574754555670308806400073011386994034122559084338923961564827243679948341711906639370687199591334610184232323549682995276987956088064516661660343597404353309026284818116830917705446825786992810866587209705521015335282251073699235984232692064386328873635550251467202252037321107786049250681199223578740058812830716655171327994111037989160554259663041255730806104822364702767003886426236948197875179044375918947062777752518800945220039096656325624832428902632916718843792734174910613073877182282814845299795859817832873050829380297050086561327142630676041705608701295328883785288019463302235365810057437776994452568277033509701397890179816214208032024713357498876567322388814154303003931713475645588699713181579139545605564594106502193640473675998821326912636802272263104652883469557388721394548958714742151679764225722796250070551524401796064839535518648641058846020683987900923271122883848006060940514381132676162478441282448143119470262381204350334372450642897738864208322169429397412616646769311804018889044658822035493868799453507477373105339386431392060549417660798908958795773358800623082799954067709794883047058148976158679384649886095327924414319991582019045071992077653342910849511731651167330376087849413063648771806054152285320901678439155866980580958658742218731596390226169383346559324505046334118025354467896827209357423024270295318967089193716469480182600019202501460386553683769935798934555422187651870810463152818301347666184322345754677440475515749249815364934748631975432769576786912893296154535214235035123986033238180890841420336512272256635269109262695008596412821556639040928454528709044747950517306571530140989872465801626188898990708546002689778097341998723945500171278246946055789449381771214538248033679474979772746929212620712985885813805837624575390338322582202290684435369469769936191843018735649747381110580440185044877125338766593728339916041666940350887088221502909829961379224536730095552799769182691380196128838366270867946627869097207643079077694101166210852793544503069489026087555268642935563100213366941903197369697662555574427432410759363820914635220452586012849253000009376431228284972740384928	2,4,-4,-4,-4,-4,-4,3,3,3,3,3	-4,-4,-4,-4,-4,-4,3,3,3,3,3,3	ok
0.194194	12.552553	-53.060885	0.444469	continued:5	24739664234858138982047535273920704865888201889876711837493816699690678266527069749440504790571412139398611409270908450362730376250155074764676347344069888126517298474570859817860608502873391373146285427510315747585633769201540786967750755426439244909325087395028128868044225308262789884128060956514754247517702306425810931411575896427989859706075064718218471893517140662118299639008577497356111854595428210166315807732026393320608795249168317651695729421548767897306733768613302513900313747234910216702628396343057972743120228768071687743367812170271420131539175277064250947772621001186024499362163335793602171390789441233345359317297987613512980491695577916997660396957915557900310271635623458055025007041775847069041635811203256895352566087822033786766343037302223398419442420288675160901222754706690690966518603785237711745730763499632246794821702611212581403238113406002252819908487238453210437930412907369377220770586565902403360469112052194331355699172681218058600912097861834234685728509163337737349074185342289032272009772529037195573254778966688587558900055660072144278809022487554382658809806558064428353021275127081776410900980967206199354460442391625214857639764133401759178616057210673156243633300796807248794605122683731974791496902664128878641184520473500825398215812641159434827628998622259292915673218874003973386059003237887445082762880209786399957615563799203180616399064332818912996058392810196869654083006490334642056061239251179056009615294506290117464688484025949120568719819283456124580544682881171421260943541579248527704869898537742188703833871961088688204538498117265321771286761309247552685482079962262050552845513714934846045182058722227987606665606042180617044588443607459813064997879976194827291424712032310443011090956239365061217361518410802453124524840558011953805365761494457801009569163317744034818142535244063518808384830620220565418152783289956624749749819076668016024265032457536863212943413743867832753754773611384186639210741581136382046281168136879454471498331878163458120352190565978782247931890290295701266018978036779034468107326187079926916798699596662346300581249330764795567806508746121156744125367811518619897619348002395798294907765649592376122383521072922104001273026981807900119826443200996317126277171178704077483113072074268653747754487474408483425854972111137166212140154130568988566022312919789958312847244142489313149410058949163660852994	24739664234858138982047535273920704895757539726112908251438163205018941142815780311745551274768732340258877681883220709254438060557727943084431578832787664786285033962897137475109966594536921196345368988178928734319550990616798234738426441329975811082542418687032574754555670308806400073011386994034122559084338923961564827243679948341711906639370687199591334610184232323549682995276987956088064516661660343597404353309026284818116830917705446825786992810866587209705521015335282251073699235984232692064386328873635550251467202252037321107786049250681199223578740058812830716655171327994111037989160554259663041255730806104822364702767003886426236948197875179044375918947062777752518800945220039096656325624832428902632916718843792734174910613073877182282814845299795859817832873050829380297050086561327142630676041705608701295328883785288019463302235365810057437776994452568277033509701397890179816214208032024713357498876567322388814154303003931713475645588699713181579139545605564594106502193640473675998821326912636802272263104652883469557388721394548958714742151679764225722796250070551524401796064839535518648641058846020683987900923271122883848006060940514381132676162478441282448143119470262381204350334372450642897738864208322169429397412616646769311804018889044658822035493868799453507477373105339386431392060549417660798908958795773358800623082799954067709794883047058148976158679384649886095327924414319991582019045071992077653342910849511731651167330376087849413063648771806054152285320901678439155866980580958658742218731596390226169383346559324505046334118025354467896827209357423024270295318967089193716469480182600019202501460386553683769935798934555422187651870810463152818301347666184322345754677440475515749249815364934748631975432769576786912893296154535214235035123986033238180890841420336512272256635269109262695008596412821556639040928454528709044747950517306571530140989872465801626188898990708546002689778097341998723945500171278246946055789449381771214538248033679474979772746929212620712985885813805837624575390338322582202290684435369469769936191843018735649747381110580440185044877125338766593728339916041666940350887088221502909829961379224536730095552799769182691380196128838366270867946627869097207643079077694101166210852793544503069489026087555268642935563100213366941903197369697662555574427432410759363820914635220452586012849253000009376431228284972740384928	1,-4,-4,-4,-4,3,3,3,3,3,3,3	-4,-4,-4,-4,-4,-4,3,3,3,3,3,3	ok
0.198198	12.552553	-54.511537	0.447262	continued:5	24739664234858138982047535273920704865888201889876711837493816699690678265963591165069870505023217046633362579621148489165328977987949899797415602900085081435628786567950676391780949633448253616219680559998014214784634910618447122667639804607217055610037222276897125660535867393387520758988742191975475097134159821776175469287214857624750265388130867415580412873925910271279382629434282479656095907178473638142326186864698341018602123575843883404208311798618679388046194707946385968872279636660172423920762823771748609336176990325713506490614247467311351878471253089939596514261196666267475682898635077588364628629417296554229734815495315011752337585393015754405944996164827318009845582551593321289722257247006063686910061456841431892563940020873466746931070957111770150069590359792388197563206227771911411885143855184505614961998508226343153531223089971459935049708039359327667779120430067461929055441744031224422705223831560005091108633317128720548165517033711719448300771525660964913525817712220131912105082815080054605883136048554894173783193438041716508681297001277350562437894851607688119124032266056066591963623197071229719772200831481260746898621517899928612391918713268983151048632780119648896253765940151777173575597570025320253082336116946689981147789765900355562110523987436189411566954756946831913765892283629482126668117215787661175622538482371666841405595054624551275871666632475049764341931929868507018454948365774171910807496638367218687366613903751947086947394002612630474683257999387223688134848014104823955551645010680263372366206458226198558279883447844315148180302724249331888726196930807213187997142652942313186005148224878224024593537200103980637926868603500896185830904692094904758235554768415409124757267836161356776521732484146109863946926378105041694979170269733992817805415234240628485488200053302199364211031646323082439647263607276631895871769259044401451363766451126814443473134220489198884697731101960802990910300139680959518854832128513597114746389737973151315057975842081443516593123962467786526070102139874765749035637088432614260030772344792316488840415153698481155126035457741137680097748660410763036811870095293313414540437283852893333234643562710973384060038416228190613325616933189150517789061901654152308030489428549857055082465581427407486143000730202660813809057790100346399768338483335257539245860316494779637880208922066168766414992991208014608723526	24739664234858138982047535273920704895757539726112908251438163205018941142815780311745551274768732340258877681883220709254438060557727943084431578832787664786285033962897137475109966594536921196345368988178928734319550990616798234738426441329975811082542418687032574754555670308806400073011386994034122559084338923961564827243679948341711906639370687199591334610184232323549682995276987956088064516661660343597404353309026284818116830917705446825786992810866587209705521015335282251073699235984232692064386328873635550251467202252037321107786049250681199223578740058812830716655171327994111037989160554259663041255730806104822364702767003886426236948197875179044375918947062777752518800945220039096656325624832428902632916718843792734174910613073877182282814845299795859817832873050829380297050086561327142630676041705608701295328883785288019463302235365810057437776994452568277033509701397890179816214208032024713357498876567322388814154303003931713475645588699713181579139545605564594106502193640473675998821326912636802272263104652883469557388721394548958714742151679764225722796250070551524401796064839535518648641058846020683987900923271122883848006060940514381132676162478441282448143119470262381204350334372450642897738864208322169429397412616646769311804018889044658822035493868799453507477373105339386431392060549417660798908958795773358800623082799954067709794883047058148976158679384649886095327924414319991582019045071992077653342910849511731651167330376087849413063648771806054152285320901678439155866980580958658742218731596390226169383346559324505046334118025354467896827209357423024270295318967089193716469480182600019202501460386553683769935798934555422187651870810463152818301347666184322345754677440475515749249815364934748631975432769576786912893296154535214235035123986033238180890841420336512272256635269109262695008596412821556639040928454528709044747950517306571530140989872465801626188898990708546002689778097341998723945500171278246946055789449381771214538248033679474979772746929212620712985885813805837624575390338322582202290684435369469769936191843018735649747381110580440185044877125338766593728339916041666940350887088221502909829961379224536730095552799769182691380196128838366270867946627869097207643079077694101166210852793544503069489026087555268642935563100213366941903197369697662555574427432410759363820914635220452586012849253000009376431228284972740384928	1,3,3,3,3,3,3,3,3,3,3,3	-4,-4,-4,-4,-4,-4,3,3,3,3,3,3	ok
0.202202	12.552553	-55.358607	0.450055	continued:5	24739664234858138982047535273920704865888201889876711837493816699690678265963591165069870505023217046633362579621148489165328977987949899797415602900085081435628786567950676391780949633448253616219680559998014214784634910618447122667639804607217055610037222276897125660535867393387520758988742191975475097134159821776175469287214857624750265388130867415580412873925910271279382629434282479656095907178473638142326186864698341018602123575843883404208311798618679388046194707946385968872279636660172423920762823771748609336176990325713506490614247467311351878471253089939596514261196666267475682898635077588364628629417296554229734815495315011752337585393015754405944996164827318009845582551593321289722257247006063686910061456841431892563940020873466746931070957111770150069590359792388197563206227771911411885143855184505614961998508226343153531223089971459935049708039359327667779120430067461929055441744031224422705223831560005091108633317128720548165517033711719448300771525660964913525817712220131912105082815080054605883136048554894173783193438041716508681297001277350562437894851607688119124032266056066591963623197071229719772200831481260746898621517899928612391918713268983151048632780119655930408190582553524627904057071942769938736862457235924274975877692875969260912825240440176312796169883715527296420812911085368231803397367822990876417832371726944474641149344806282859835563177758758315140869621665338558538229319788140992642348683078964438303205169238089677606281386970253341769254691973676747054001600056884371509167578247128910554017708455798400339763929792299326278161913247735847547901720607853014273297061169415154483166033077865097453650461838107532682052642437808745312631797604500447563344035980600655360681484274936965759099895773785743476559627847035998495623947412514142251410657373695628596507787826274803330499930271551011927848963095389998115464084361772602196582573023653623911344037727364227195594183603523434780747077500441651045950433605054450968920210102886398197382751252220063486096686194630712738899496659850907030285511459146924946136142303252814811401903979278425790228571196558652325907826618637862596663393079577711958009484587139118727133603578984775841831059511392904829664132579075616389269418347099007484820626482853352165533173315748528323140233506000037753936239379980930850327518548701251621213257545847129540580490183656973082502121819713680447958	24739664234858138982047535273920704865888201889876711837493816699690678266527069749440504790571412139398611409270908450362730376250155074764676347344069888126517298474570859817860608502873391373146285427510315747585633769201540786967750755426439244909325087395028128868044225308262789884128060956514754247517702306425810931411575896427989859706075064718218471893517140662118299639008577497356111854595428210166315807732026393320608795249168317651695729421548767897306733768613302513900313747234910216702628396343057972743120228768071687743367812170271420131539175277064250947772621001186024499362163335793602171390789441233345359317297987613512980491695577916997660396957915557900310271635623458055025007041775847069041635811203256895352566087822033786766343037302223398419442420288675160901222754706690690966518603785237711745730763499632246794821702611212581403238113406002252819908487238453210437930412907369377220770586565902403360469112052194331355699172681218058600912097861834234685728509163337737349074185342289032272009772529037195573254778966688587558900055660072144278809022487554382658809806558064428353021275127081776410900980967206199354460442391625214857639764133401759178616057210708327015756512805544520436902632270980403064128604110300347781624155351569719940155697818702422095998917819053965079478845711385304612753166567647817060274424315609406216581605903271903071111142231567855836177743434207965284248559828227670980935094414404596304862841163628176426562167212678084331271418625131238513014304885842984476307632638923525389950421623236969408163218539808699839673998520880527251036424702507002691092507786029742940917532263288624870251667568134708948416815280116998811635484394755359688876003475822347797018608966250902954807399888775482913308086222364262723056806056566937829248966366441405994968117591242682299546053773752069078072978975272777039484988027354852533816738689525380273004205580008068896254912308397981830602843645053541762655347414577583162866028361627311233253967843432168606088359860693381404293265368988464952178193925183598686443636199402331778672598281982405672816686049893808867694360263731123835216517133501169556884508318046660497028276803524992137448604891645392823961048290557940919848301600945372417476376974720540905481772821379124821807360138763043667296415504222694261813780363575930726214389579133791390454258241741674218904154560748668528159	-2,3,3,3,3,3,3,3,3,3,3,3	-4,-4,-4,-4,-4,3,3,3,3,3,3,3	ok
0.206206	12.552553	-55.883850	0.452849	continued:5	24739664234858138982047535273920704865888201889876711837493816699690678265963591165069870505023217046633362579621148489165328977987949899797415602900085081435628786567950676391780949633448253616219680559998014214784634910618447122667639804607217055610037222276897125660535867393387520758988742191975475097134159821776175469287214857624750265388130867415580412873925910271279382629434282479656095907178473638142326186864698341018602123575843883404208311798618679388046194707946385968872279636660172423920762823771748609336176990325713506490614247467311351878471253089939596514261196666267475682898635077588364628629417296554229734815495315011752337585393015754405944996164827318009845582551593321289722257247006063686910061456841431892563940020873466746931070957111770150069590359792388197563206227771911411885143855184505614961998508226343153531223089971459935049708039359327667779120430067461929055441744031224422705223831560005091108633317128720548165517033711719448300771525660964913525817712220131912105082815080054605883136048554894173783193438041716508681297001277350562437894851607688119124032266056066591963623197071229719772200831481260746898621517899928612391918713268983151048632780119648896253765940151777173575597570025320253082336116946689981147789765900355562110523987436189411566954756946831913765892283629482126668117215787661175622538482371666841405595054624551275871666632475049764341931929868507018454948365774171910807496638367218687366613903751947086947394002612630474683257999387223688134848014104823955551645010680263372366206458226198558279883447844315148180302724249331888726196930807213187997142652942313186005148224878224024593537200103980637926868603500896185830904692094904758235554768415409124757267836161356776521732484146109863946926378105041694979170269733992817805415234240628485488200053302199364211031646323082439647263607276631895871769259044401451363766451126814443473134220489198884697731101960802990910300139680959518854832128513597114746389737973151315057975842081443516593123962467786526070102139874765749035637088432614260030772344792316488840415153698481155126035457741137680097748660410763036811870095293313414540437283852893333234643562710973384060038416228190613325616933189150517789061901654152308030489428549857055082465581427407486143000730202660813809057790100346399768338483335257539245860316494779637880208922066168766414992991208014608723526	24739664234858138982047535273920704865888201889876711837493816699690678266527069749440504790571412139398611409270908450362730376250155074764676347344069888126517298474570859817860608502873391373146285427510315747585633769201540786967750755426439244909325087395028128868044225308262789884128060956514754247517702306425810931411575896427989859706075064718218471893517140662118299639008577497356111854595428210166315807732026393320608795249168317651695729421548767897306733768613302513900313747234910216702628396343057972743120228768071687743367812170271420131539175277064250947772621001186024499362163335793602171390789441233345359317297987613512980491695577916997660396957915557900310271635623458055025007041775847069041635811203256895352566087822033786766343037302223398419442420288675160901222754706690690966518603785237711745730763499632246794821702611212581403238113406002252819908487238453210437930412907369377220770586565902403360469112052194331355699172681218058600912097861834234685728509163337737349074185342289032272009772529037195573254778966688587558900055660072144278809022487554382658809806558064428353021275127081776410900980967206199354460442391625214857639764133401759178616057210708327015756512805544520436902632270980403064128604110300347781624155351569719940155697818702422095998917819053965079478845711385304612753166567647817060274424315609406216581605903271903071111142231567855836177743434207965284248559828227670980935094414404596304862841163628176426562167212678084331271418625131238513014304885842984476307632638923525389950421623236969408163218539808699839673998520880527251036424702507002691092507786029742940917532263288624870251667568134708948416815280116998811635484394755359688876003475822347797018608966250902954807399888775482913308086222364262723056806056566937829248966366441405994968117591242682299546053773752069078072978975272777039484988027354852533816738689525380273004205580008068896254912308397981830602843645053541762655347414577583162866028361627311233253967843432168606088359860693381404293265368988464952178193925183598686443636199402331778672598281982405672816686049893808867694360263731123835216517133501169556884508318046660497028276803524992137448604891645392823961048290557940919848301600945372417476376974720540905481772821379124821807360138763043667296415504222694261813780363575930726214389579133791390454258241741674218904154560748668528159	1,3,3,3,3,3,3,3,3,3,3,3	-4,-4,-4,-4,-4,3,3,3,3,3,3,3	ok
0.210210	12.552553	-56.225024	0.455642	continued:5	24739664234858138982047535273920704865888201889876711837493816699690678265963591165069870505023217046633362579621148489165328977987949899797415602900085081435628786567950676391780949633448253616219680559998014214784634910618447122667639804607217055610037222276897125660535867393387520758988742191975475097134159821776175469287214857624750265388130867415580412873925910271279382629434282479656095907178473638142326186864698341018602123575843883404208311798618679388046194707946385968872279636660172423920762823771748609336176990325713506490614247467311351878471253089939596514261196666267475682898635077588364628629417296554229734815495315011752337585393015754405944996164827318009845582551593321289722257247006063686910061456841431892563940020873466746931070957111770150069590359792388197563206227771911411885143855184505614961998508226343153531223089971459935049708039359327667779120430067461929055441744031224422705223831560005091108633317128720548165517033711719448300771525660964913525817712220131912105082815080054605883136048554894173783193438041716508681297001277350562437894851607688119124032266056066591963623197071229719772200831481260746898621517899928612391918713268983151048632780119641862099341297750029719247138068107870567427809776657455687319701838924741863308222734432202510337739630178136531110971656173596021532837063752331474827244593016389208170040764442819691907770087191341213542994238071675478371667411760202828972644593655472936430022638265804496288506618255007607597261306800770629215694428152763539594122443113397834178395207996598716220002965896330970082443535250927929904492141006573361720988244715211217527130416678582951733423938369853743171684564563983626349177586585309068907765500850217594153854188047776587284365072518433984417293128363047391462716592055471493359419811107561342379892318778123925091563362374613867366678251457873793628074433727030300530950329229975263034924403251033542199868020318082547039853201861477386663713823422139778523859265843416231918568932910666969700151238740942339401304783089680591040988665406081595115408547281380162869428403417683884461842344285716707869589494202888211027076797507049117122865083118647547742153521842961992278245772944988321821569733799225419188854384961205608576158230616860757999397989539066443962861226899321589864179340820711868686349448121813826870507375443712146219837353948680559747483860596315536999095	24739664234858138982047535273920704865888201889876711837493816699690678266527069749440504790571412139398611409270908450362730376250155074764676347344069888126517298474570859817860608502873391373146285427510315747585633769201540786967750755426439244909325087395028128868044225308262789884128060956514754247517702306425810931411575896427989859706075064718218471893517140662118299639008577497356111854595428210166315807732026393320608795249168317651695729421548767897306733768613302513900313747234910216702628396343057972743120228768071687743367812170271420131539175277064250947772621001186024499362163335793602171390789441233345359317297987613512980491695577916997660396957915557900310271635623458055025007041775847069041635811203256895352566087822033786766343037302223398419442420288675160901222754706690690966518603785237711745730763499632246794821702611212581403238113406002252819908487238453210437930412907369377220770586565902403360469112052194331355699172681218058600912097861834234685728509163337737349074185342289032272009772529037195573254778966688587558900055660072144278809022487554382658809806558064428353021275127081776410900980967206199354460442391625214857639764133401759178616057210708327015756512805544520436902632270980403064128604110300347781624155351569719940155697818702422095998917819053965079478845711385304612753166567647817060274424315609406216581605903271903071111142231567855836177743434207965284248559828227670980935094414404596304862841163628176426562167212678084331271418625131238513014304885842984476307632638923525389950421623236969408163218539808699839673998520880527251036424702507002691092507786029742940917532263288624870251667568134708948416815280116998811635484394755359688876003475822347797018608966250902954807399888775482913308086222364262723056806056566937829248966366441405994968117591242682299546053773752069078072978975272777039484988027354852533816738689525380273004205580008068896254912308397981830602843645053541762655347414577583162866028361627311233253967843432168606088359860693381404293265368988464952178193925183598686443636199402331778672598281982405672816686049893808867694360263731123835216517133501169556884508318046660497028276803524992137448604891645392823961048290557940919848301600945372417476376974720540905481772821379124821807360138763043667296415504222694261813780363575930726214389579133791390454258241741674218904154560748668528159	-1,3,3,3,3,3,3,3,3,3,3,3	-4,-4,-4,-4,-4,3,3,3,3,3,3,3	ok
0.214214	12.552553	-56.445282	0.458435	continued:5	24739664234858138982047535273920704865888201889876711837493816699690678265963591165069870505023217046633362579621148489165328977987949899797415602900085081435628786567950676391780949633448253616219680559998014214784634910618447122667639804607217055610037222276897125660535867393387520758988742191975475097134159821776175469287214857624750265388130867415580412873925910271279382629434282479656095907178473638142326186864698341018602123575843883404208311798618679388046194707946385968872279636660172423920762823771748609336176990325713506490614247467311351878471253089939596514261196666267475682898635077588364628629417296554229734815495315011752337585393015754405944996164827318009845582551593321289722257247006063686910061456841431892563940020873466746931070957111770150069590359792388197563206227771911411885143855184505614961998508226343153531223089971459935049708039359327667779120430067461929055441744031224422705223831560005091108633317128720548165517033711719448300771525660964913525817712220131912105082815080054605883136048554894173783193438041716508681297001277350562437894851607688119124032266056066591963623197071229719772200831481260746898621517899928612391918713268983151048632780119634827944916655348282264918678566190420881773283436368221393491613911949128164505921481428215609108524503409441148456051028717709916397556911717001774031950703661111574934486474261088107943873541907632662744056546274843938288386457746233747137792548943727185493431372779661905629619233897384740511264614214317570296540842200703123636599875546532295990583957766998874160122483948346791984584346252523971082787351205933535444833836488109249049112608478941878873310676635726848416500525627071066867450481075713379579976233285026063550440539934196398046997660890758104887659878621053087946262914376950168913424387974494199271584584254048485972095078426145295086092895639115691384379608409659149698134207333136082596714586012868199702004938675362103169406264041995254472595518330682442301328793713681148779162023739890422807178515014098152732507426304595433046340242379548930200044749770443836898441653136886613797649230830295735641430327995013385242283499720784819705292882384401762249663480974950600496453129661786030317522534409300320588646868268258909121827032683864460916330397650725401782721723595982365919300891541077337604360412908370114495154434392644654559465785831192353079974729984616465274665	24739664234858138982047535273920704865888201889876711837493816699690678266527069749440504790571412139398611409270908450362730376250155074764676347344069888126517298474570859817860608502873391373146285427510315747585633769201540786967750755426439244909325087395028128868044225308262789884128060956514754247517702306425810931411575896427989859706075064718218471893517140662118299639008577497356111854595428210166315807732026393320608795249168317651695729421548767897306733768613302513900313747234910216702628396343057972743120228768071687743367812170271420131539175277064250947772621001186024499362163335793602171390789441233345359317297987613512980491695577916997660396957915557900310271635623458055025007041775847069041635811203256895352566087822033786766343037302223398419442420288675160901222754706690690966518603785237711745730763499632246794821702611212581403238113406002252819908487238453210437930412907369377220770586565902403360469112052194331355699172681218058600912097861834234685728509163337737349074185342289032272009772529037195573254778966688587558900055660072144278809022487554382658809806558064428353021275127081776410900980967206199354460442391625214857639764133401759178616057210708327015756512805544520436902632270980403064128604110300347781624155351569719940155697818702422095998917819053965079478845711385304612753166567647817060274424315609406216581605903271903071111142231567855836177743434207965284248559828227670980935094414404596304862841163628176426562167212678084331271418625131238513014304885842984476307632638923525389950421623236969408163218539808699839673998520880527251036424702507002691092507786029742940917532263288624870251667568134708948416815280116998811635484394755359688876003475822347797018608966250902954807399888775482913308086222364262723056806056566937829248966366441405994968117591242682299546053773752069078072978975272777039484988027354852533816738689525380273004205580008068896254912308397981830602843645053541762655347414577583162866028361627311233253967843432168606088359860693381404293265368988464952178193925183598686443636199402331778672598281982405672816686049893808867694360263731123835216517133501169556884508318046660497028276803524992137448604891645392823961048290557940919848301600945372417476376974720540905481772821379124821807360138763043667296415504222694261813780363575930726214389579133791390454258241741674218904154560748668528159	0,3,3,3,3,3,3,3,3,3,3,3	-4,-4,-4,-4,-4,3,3,3,3,3,3,3	ok
0.218218	12.552553	-56.578850	0.456852	continued:5	24739664234858138982047535273920704865888201889876711837493816699690678265963591165069870505023217046633362579621148489165328977987949899797415602900085081435628786567950676391780949633448253616219680559998014214784634910618447122667639804607217055610037222276897125660535867393387520758988742191975475097134159821776175469287214857624750265388130867415580412873925910271279382629434282479656095907178473638142326186864698341018602123575843883404208311798618679388046194707946385968872279636660172423920762823771748609336176990325713506490614247467311351878471253089939596514261196666267475682898635077588364628629417296554229734815495315011752337585393015754405944996164827318009845582551593321289722257247006063686910061456841431892563940020873466746931070957111770150069590359792388197563206227771911411885143855184505614961998508226343153531223089971459935049708039359327667779120430067461929055441744031224422705223831560005091108633317128720548165517033711719448300771525660964913525817712220131912105082815080054605883136048554894173783193438041716508681297001277350562437894851607688119124032266056066591963623197071229719772200831481260746898621517899928612391918713268983151048632780119634827944916655348282264918678566190420881773283436368221393491613911949128164505921481428215609108524503409441148456051028717709916397556911717001774031950703661111574934486474261088107943873541907632662744056546274843938288386457746233747137792548943727185493431372779661905629619233897384740511264614214317570296540842200703123636599875546532295990583957766998874160122483948346791984584346252523971082787351205933535444833836488109249049112608478941878873310676635726848416500525627071066867450481075713379579976233285026063550440539934196398046997660890758104887659878621053087946262914376950168913424387974494199271584584254048485972095078426145295086092895639115691384379608409659149698134207333136082596714586012868199702004938675362103169406264041995254472595518330682442301328793713681148779162023739890422807178515014098152732507426304595433046340242379548930200044749770443836898441653136886613797649230830295735641430327995013385242283499720784819705292882384401762249663480974950600496453129661786030317522534409300320588646868268258909121827032683864460916330397650725401782721723595982365919300891541077337604360412908370114495154434392644654559465785831192353079974729984616465274665	24739664234858138982047535273920704865888201889876711837493816699690678266527069749440504790571412139398611409270908450362730376250155074764676347344069888126517298474570859817860608502873391373146285427510315747585633769201540786967750755426439244909325087395028128868044225308262789884128060956514754247517702306425810931411575896427989859706075064718218471893517140662118299639008577497356111854595428210166315807732026393320608795249168317651695729421548767897306733768613302513900313747234910216702628396343057972743120228768071687743367812170271420131539175277064250947772621001186024499362163335793602171390789441233345359317297987613512980491695577916997660396957915557900310271635623458055025007041775847069041635811203256895352566087822033786766343037302223398419442420288675160901222754706690690966518603785237711745730763499632246794821702611212581403238113406002252819908487238453210437930412907369377220770586565902403360469112052194331355699172681218058600912097861834234685728509163337737349074185342289032272009772529037195573254778966688587558900055660072144278809022487554382658809806558064428353021275127081776410900980967206199354460442391625214857639764133401759178616057210708327015756512805544520436902632270980403064128604110300347781624155351569719940155697818702422095998917819053965079478845711385304612753166567647817060274424315609406216581605903271903071111142231567855836177743434207965284248559828227670980935094414404596304862841163628176426562167212678084331271418625131238513014304885842984476307632638923525389950421623236969408163218539808699839673998520880527251036424702507002691092507786029742940917532263288624870251667568134708948416815280116998811635484394755359688876003475822347797018608966250902954807399888775482913308086222364262723056806056566937829248966366441405994968117591242682299546053773752069078072978975272777039484988027354852533816738689525380273004205580008068896254912308397981830602843645053541762655347414577583162866028361627311233253967843432168606088359860693381404293265368988464952178193925183598686443636199402331778672598281982405672816686049893808867694360263731123835216517133501169556884508318046660497028276803524992137448604891645392823961048290557940919848301600945372417476376974720540905481772821379124821807360138763043667296415504222694261813780363575930726214389579133791390454258241741674218904154560748668528159	0,3,3,3,3,3,3,3,3,3,3,3	-4,-4,-4,-4,-4,3,3,3,3,3,3,3	ok
0.222222	12.552553	-56.699286	0.455809	continued:5	24739664234858138982047535273920704865888201889876711837493816699690678265963591165069870505023217046633362579621148489165328977987949899797415602900085081435628786567950676391780949633448253616219680559998014214784634910618447122667639804607217055610037222276897125660535867393387520758988742191975475097134159821776175469287214857624750265388130867415580412873925910271279382629434282479656095907178473638142326186864698341018602123575843883404208311798618679388046194707946385968872279636660172423920762823771748609336176990325713506490614247467311351878471253089939596514261196666267475682898635077588364628629417296554229734815495315011752337585393015754405944996164827318009845582551593321289722257247006063686910061456841431892563940020873466746931070957111770150069590359792388197563206227771911411885143855184505614961998508226343153531223089971459935049708039359327667779120430067461929055441744031224422705223831560005091108633317128720548165517033711719448300771525660964913525817712220131912105082815080054605883136048554894173783193438041716508681297001277350562437894851607688119124032266056066591963623197071229719772200831481260746898621517899928612391918713268983151048632780119634827944916655348282264918678566190420881773283436368221393491613911949128164505921481428215609108524503409441148456051028717709916397556911717001774031950703661111574934486474261088107943873541907632662744056546274843938288386457746233747137792548943727185493431372779661905629619233897384740511264614214317570296540842200703123636599875546532295990583957766998874160122483948346791984584346252523971082787351205933535444833836488109249049112608478941878873310676635726848416500525627071066867450481075713379579976233285026063550440539934196398046997660890758104887659878621053087946262914376950168913424387974494199271584584254048485972095078426145295086092895639115691384379608409659149698134207333136082596714586012868199702004938675362103169406264041995254472595518330682442301328793713681148779162023739890422807178515014098152732507426304595433046340242379548930200044749770443836898441653136886613797649230830295735641430327995013385242283499720784819705292882384401762249663480974950600496453129661786030317522534409300320588646868268258909121827032683864460916330397650725401782721723595982365919300891541077337604360412908370114495154434392644654559465785831192353079974729984616465274665	24739664234858138982047535273920704865888201889876711837493816699690678266527069749440504790571412139398611409270908450362730376250155074764676347344069888126517298474570859817860608502873391373146285427510315747585633769201540786967750755426439244909325087395028128868044225308262789884128060956514754247517702306425810931411575896427989859706075064718218471893517140662118299639008577497356111854595428210166315807732026393320608795249168317651695729421548767897306733768613302513900313747234910216702628396343057972743120228768071687743367812170271420131539175277064250947772621001186024499362163335793602171390789441233345359317297987613512980491695577916997660396957915557900310271635623458055025007041775847069041635811203256895352566087822033786766343037302223398419442420288675160901222754706690690966518603785237711745730763499632246794821702611212581403238113406002252819908487238453210437930412907369377220770586565902403360469112052194331355699172681218058600912097861834234685728509163337737349074185342289032272009772529037195573254778966688587558900055660072144278809022487554382658809806558064428353021275127081776410900980967206199354460442391625214857639764133401759178616057210708327015756512805544520436902632270980403064128604110300347781624155351569719940155697818702422095998917819053965079478845711385304612753166567647817060274424315609406216581605903271903071111142231567855836177743434207965284248559828227670980935094414404596304862841163628176426562167212678084331271418625131238513014304885842984476307632638923525389950421623236969408163218539808699839673998520880527251036424702507002691092507786029742940917532263288624870251667568134708948416815280116998811635484394755359688876003475822347797018608966250902954807399888775482913308086222364262723056806056566937829248966366441405994968117591242682299546053773752069078072978975272777039484988027354852533816738689525380273004205580008068896254912308397981830602843645053541762655347414577583162866028361627311233253967843432168606088359860693381404293265368988464952178193925183598686443636199402331778672598281982405672816686049893808867694360263731123835216517133501169556884508318046660497028276803524992137448604891645392823961048290557940919848301600945372417476376974720540905481772821379124821807360138763043667296415504222694261813780363575930726214389579133791390454258241741674218904154560748668528159	0,3,3,3,3,3,3,3,3,3,3,3	-4,-4,-4,-4,-4,3,3,3,3,3,3,3	ok
0.226226	12.552553	-56.803848	0.454894	continued:5	24739664234858138982047535273920704865888201889876711837493816699690678265963591165069870505023217046633362579621148489165328977987949899797415602900085081435628786567950676391780949633448253616219680559998014214784634910618447122667639804607217055610037222276897125660535867393387520758988742191975475097134159821776175469287214857624750265388130867415580412873925910271279382629434282479656095907178473638142326186864698341018602123575843883404208311798618679388046194707946385968872279636660172423920762823771748609336176990325713506490614247467311351878471253089939596514261196666267475682898635077588364628629417296554229734815495315011752337585393015754405944996164827318009845582551593321289722257247006063686910061456841431892563940020873466746931070957111770150069590359792388197563206227771911411885143855184505614961998508226343153531223089971459935049708039359327667779120430067461929055441744031224422705223831560005091108633317128720548165517033711719448300771525660964913525817712220131912105082815080054605883136048554894173783193438041716508681297001277350562437894851607688119124032266056066591963623197071229719772200831481260746898621517899928612391918713268983151048632780119634827944916655348282264918678566190420881773283436368221393491613911949128164505921481428215609108524503409441148456051028717709916397556911717001774031950703661111574934486474261088107943873541907632662744056546274843938288386457746233747137792548943727185493431372779661905629619233897384740511264614214317570296540842200703123636599875546532295990583957766998874160122483948346791984584346252523971082787351205933535444833836488109249049112608478941878873310676635726848416500525627071066867450481075713379579976233285026063550440539934196398046997660890758104887659878621053087946262914376950168913424387974494199271584584254048485972095078426145295086092895639115691384379608409659149698134207333136082596714586012868199702004938675362103169406264041995254472595518330682442301328793713681148779162023739890422807178515014098152732507426304595433046340242379548930200044749770443836898441653136886613797649230830295735641430327995013385242283499720784819705292882384401762249663480974950600496453129661786030317522534409300320588646868268258909121827032683864460916330397650725401782721723595982365919300891541077337604360412908370114495154434392644654559465785831192353079974729984616465274665	24739664234858138982047535273920704865888201889876711837493816699690678266527069749440504790571412139398611409270908450362730376250155074764676347344069888126517298474570859817860608502873391373146285427510315747585633769201540786967750755426439244909325087395028128868044225308262789884128060956514754247517702306425810931411575896427989859706075064718218471893517140662118299639008577497356111854595428210166315807732026393320608795249168317651695729421548767897306733768613302513900313747234910216702628396343057972743120228768071687743367812170271420131539175277064250947772621001186024499362163335793602171390789441233345359317297987613512980491695577916997660396957915557900310271635623458055025007041775847069041635811203256895352566087822033786766343037302223398419442420288675160901222754706690690966518603785237711745730763499632246794821702611212581403238113406002252819908487238453210437930412907369377220770586565902403360469112052194331355699172681218058600912097861834234685728509163337737349074185342289032272009772529037195573254778966688587558900055660072144278809022487554382658809806558064428353021275127081776410900980967206199354460442391625214857639764133401759178616057210708327015756512805544520436902632270980403064128604110300347781624155351569719940155697818702422095998917819053965079478845711385304612753166567647817060274424315609406216581605903271903071111142231567855836177743434207965284248559828227670980935094414404596304862841163628176426562167212678084331271418625131238513014304885842984476307632638923525389950421623236969408163218539808699839673998520880527251036424702507002691092507786029742940917532263288624870251667568134708948416815280116998811635484394755359688876003475822347797018608966250902954807399888775482913308086222364262723056806056566937829248966366441405994968117591242682299546053773752069078072978975272777039484988027354852533816738689525380273004205580008068896254912308397981830602843645053541762655347414577583162866028361627311233253967843432168606088359860693381404293265368988464952178193925183598686443636199402331778672598281982405672816686049893808867694360263731123835216517133501169556884508318046660497028276803524992137448604891645392823961048290557940919848301600945372417476376974720540905481772821379124821807360138763043667296415504222694261813780363575930726214389579133791390454258241741674218904154560748668528159	0,3,3,3,3,3,3,3,3,3,3,3	-4,-4,-4,-4,-4,3,3,3,3,3,3,3	ok
0.230230	12.552553	-56.894957	0.454393	full	24739664234858138982047535273920704865888201889876711837493816699690678265963591165069870505023217046633362579621148489165328977987949899797415602900085081435628786567950676391780949633448253616219680559998014214784634910618447122667639804607217055610037222276897125660535867393387520758988742191975475097134159821776175469287214857624750265388130867415580412873925910271279382629434282479656095907178473638142326186864698341018602123575843883404208311798618679388046194707946385968872279636660172423920762823771748609336176990325713506490614247467311351878471253089939596514261196666267475682898635077588364628629417296554229734815495315011752337585393015754405944996164827318009845582551593321289722257247006063686910061456841431892563940020873466746931070957111770150069590359792388197563206227771911411885143855184505614961998508226343153531223089971459935049708039359327667779120430067461929055441744031224422705223831560005091108633317128720548165517033711719448300771525660964913525817712220131912105082815080054605883136048554894173783193438041716508681297001277350562437894851607688119124032266056066591963623197071229719772200831481260746898621517899928612391918713268983151048632780119634827944916655348282264918678566190420881773283436368221393491613911949128164505921481428215609108524503409441148456051028717709916397556911717001774031950703661111574934486474261088107943873541907632662744056546274843938288386457746233747137792548943727185493431372779661905629619233897384740511264614214317570296540842200703123636599875546532295990583957766998874160122483948346791984584346252523971082787351205933535444833836488109249049112608478941878873310676635726848416500525627071066867450481075713379579976233285026063550440539934196398046997660890758104887659878621053087946262914376950168913424387974494199271584584254048485972095078426145295086092895639115691384379608409659149698134207333136082596714586012868199702004938675362103169406264041995254472595518330682442301328793713681148779162023739890422807178515014098152732507426304595433046340242379548930200044749770443836898441653136886613797649230830295735641430327995013385242283499720784819705292882384401762249663480974950600496453129661786030317522534409300320588646868268258909121827032683864460916330397650725401782721723595982365919300891541077337604360412908370114495154434392644654559465785831192353079974729984616465274665	24739664234858138982047535273920704865888201889876711837493816699690678266527069749440504790571412139398611409270908450362730376250155074764676347344069888126517298474570859817860608502873391373146285427510315747585633769201540786967750755426439244909325087395028128868044225308262789884128060956514754247517702306425810931411575896427989859706075064718218471893517140662118299639008577497356111854595428210166315807732026393320608795249168317651695729421548767897306733768613302513900313747234910216702628396343057972743120228768071687743367812170271420131539175277064250947772621001186024499362163335793602171390789441233345359317297987613512980491695577916997660396957915557900310271635623458055025007041775847069041635811203256895352566087822033786766343037302223398419442420288675160901222754706690690966518603785237711745730763499632246794821702611212581403238113406002252819908487238453210437930412907369377220770586565902403360469112052194331355699172681218058600912097861834234685728509163337737349074185342289032272009772529037195573254778966688587558900055660072144278809022487554382658809806558064428353021275127081776410900980967206199354460442391625214857639764133401759178616057210708327015756512805544520436902632270980403064128604110300347781624155351569719940155697818702422095998917819053965079478845711385304612753166567647817060274424315609406216581605903271903071111142231567855836177743434207965284248559828227670980935094414404596304862841163628176426562167212678084331271418625131238513014304885842984476307632638923525389950421623236969408163218539808699839673998520880527251036424702507002691092507786029742940917532263288624870251667568134708948416815280116998811635484394755359688876003475822347797018608966250902954807399888775482913308086222364262723056806056566937829248966366441405994968117591242682299546053773752069078072978975272777039484988027354852533816738689525380273004205580008068896254912308397981830602843645053541762655347414577583162866028361627311233253967843432168606088359860693381404293265368988464952178193925183598686443636199402331778672598281982405672816686049893808867694360263731123835216517133501169556884508318046660497028276803524992137448604891645392823961048290557940919848301600945372417476376974720540905481772821379124821807360138763043667296415504222694261813780363575930726214389579133791390454258241741674218904154560748668528159	0,3,3,3,3,3,3,3,3,3,3,3	-4,-4,-4,-4,-4,3,3,3,3,3,3,3	ok
0.234234	12.552553	-47.055719	0.434062	continued:5	24739664234858139289596792776213395126048089560964325860575729835583842533848297593721721016960133864586270478784566007837923738431102728632493488653686206422427517659865711750940728149273086021245543535037838973580791205998559559705146231073926853464589222083804255555246497856881480415382797028869947515409102466362624308138158295291171590499716827763074129642966611568980216950264829324577223314767622193926428361795673887835629956332562297465397279725893986435790621308317269268856881805654365465396459180361810212552392995264852193433280433258188779211896433656912690564002557543250673156421668598988603647810345647883827187424526915463158134322615813997032870085578289815586789527875250617783966641011840973861161778367017692697778513617628791844098088383138278938803471994576240998128874713270124204402804858853733123767882950720705529136418716048340745063383692707804254910006189709625066540880856512828339707125022640900264777825088485945538517700316298443827627369475653840757692833936502995671196210545796937556570843903607569898668591094666808278514280715560484925085602419486050273594241764192446271213087746701105018813793009080951642400351629955101106856396955759795658817521409156444002574073692961492046492967728220218582991484541964617137327683694709081466967997938580977075384525608678846434697837855680992070405591038820931862495159716492277170590152737347758096271216617891349790654914355997900522130995316523337529833593492376826361893932493751930137322732686424361441590904840072757092393032426204201782186316247644532997778514941442757250017896752185177078153410426449843797151871607193883101965795888360085976092583051479932071185910242799824678787864030714133910913309864755561329216837000916827891883110515663163131947520856802879212712656544296212533419532786978293257619892850765748987489844200481319985936077922591223069803959649671854924602799566846483391708899807093906168536731585854520699331694516616569466741245049425781279549796007644613374430750745813943584642809377496616914319250207672661319989201358678566756120323289122098258060494896260403387984666309624243688274595597654745409900835353094857349356622608845608842377560832535059251982247381638852070698351712550059887605327537202125224205117368455176749191062004378148129868523810048193755771564186946886520228585145504425438104227508761242795325482172529338964014205203831342522517073678659495193869022	24739664234858138982047535273920704865888201889876711837493816699690678266527069749440504790571412139398611409270908450362730376250155074764676347344069888126517298474570859817860608502873391373146285427510315747585633769201540786967750755426439244909325087395028128868044225308262789884128060956514754247517702306425810931411575896427989859706075064718218471893517140662118299639008577497356111854595428210166315807732026393320608795249168317651695729421548767897306733768613302513900313747234910216702628396343057972743120228768071687743367812170271420131539175277064250947772621001186024499362163335793602171390789441233345359317297987613512980491695577916997660396957915557900310271635623458055025007041775847069041635811203256895352566087822033786766343037302223398419442420288675160901222754706690690966518603785237711745730763499632246794821702611212581403238113406002252819908487238453210437930412907369377220770586565902403360469112052194331355699172681218058600912097861834234685728509163337737349074185342289032272009772529037195573254778966688587558900055660072144278809022487554382658809806558064428353021275127081776410900980967206199354460442391625214857639764133401759178616057210708327015756512805544520436902632270980403064128604110300347781624155351569719940155697818702422095998917819053965079478845711385304612753166567647817060274424315609406216581605903271903071111142231567855836177743434207965284248559828227670980935094414404596304862841163628176426562167212678084331271418625131238513014304885842984476307632638923525389950421623236969408163218539808699839673998520880527251036424702507002691092507786029742940917532263288624870251667568134708948416815280116998811635484394755359688876003475822347797018608966250902954807399888775482913308086222364262723056806056566937829248966366441405994968117591242682299546053773752069078072978975272777039484988027354852533816738689525380273004205580008068896254912308397981830602843645053541762655347414577583162866028361627311233253967843432168606088359860693381404293265368988464952178193925183598686443636199402331778672598281982405672816686049893808867694360263731123835216517133501169556884508318046660497028276803524992137448604891645392823961048290557940919848301600945372417476376974720540905481772821379124821807360138763043667296415504222694261813780363575930726214389579133791390454258241741674218904154560748668528159	-2,4,-4,-4,-4,-4,-4,3,3,3,3,3	-4,-4,-4,-4,-4,3,3,3,3,3,3,3	ok
0.238238	12.552553	-50.691903	0.436856	continued:5	24739664234858139289596792776213395126048089560964325860575729835583842533848297593721721016960133864586270478784566007837923738431102728632493488653686206422427517659865711750940728149273086021245543535037838973580791205998559559705146231073926853464589222083804255555246497856881480415382797028869947515409102466362624308138158295291171590499716827763074129642966611568980216950264829324577223314767622193926428361795673887835629956332562297465397279725893986435790621308317269268856881805654365465396459180361810212552392995264852193433280433258188779211896433656912690564002557543250673156421668598988603647810345647883827187424526915463158134322615813997032870085578289815586789527875250617783966641011840973861161778367017692697778513617628791844098088383138278938803471994576240998128874713270124204402804858853733123767882950720705529136418716048340745063383692707804254910006189709625066540880856512828339707125022640900264777825088485945538517700316298443827627369475653840757692833936502995671196210545796937556570843903607569898668591094666808278514280715560484925085602419486050273594241764192446271213087746701105018813793009080951642400351629955101106856396955759795658817521409156436968419649050559700869886187910965132703582126873187871781265784589359635836052664767861812359584635294944414335886921495775559442509621289007011899574317734305623846507638965293816166489042929276234604797120840401446432862229356613640747869838729061055864583470767289899665515874597373471166902510955894919889013403996851022737519725454489923863694306555016433375295372220064816704443153770895326726393942707561396768759594343001562309628832709260258535502545170179100100913217886727416773374098365726567295882507796089002777982928942176146303536538484829339376252876278873132787314865441090530111388207983627644324949839957611888467229651076631287086452411156679767928453541754920189969643185569418886674144355038735938956773744064472183947839413482121075100889960388167666456222020883760271666821105826626332568578471394283823161827657852933388986967638720820559015952241392984162742409977176793318883896449258579628362697775607254654867578116669278002967315693001173411715884292571633106480101150690403473649781941261399633458084618085131923299622995004417730411111825841024306265547240837563524515447883350441892520278492403913403822353831936797490378020953435179688381407121656913184027804574	24739664234858138982047535273920704865888201889876711837493816699690678266527069749440504790571412139398611409270908450362730376250155074764676347344069888126517298474570859817860608502873391373146285427510315747585633769201540786967750755426439244909325087395028128868044225308262789884128060956514754247517702306425810931411575896427989859706075064718218471893517140662118299639008577497356111854595428210166315807732026393320608795249168317651695729421548767897306733768613302513900313747234910216702628396343057972743120228768071687743367812170271420131539175277064250947772621001186024499362163335793602171390789441233345359317297987613512980491695577916997660396957915557900310271635623458055025007041775847069041635811203256895352566087822033786766343037302223398419442420288675160901222754706690690966518603785237711745730763499632246794821702611212581403238113406002252819908487238453210437930412907369377220770586565902403360469112052194331355699172681218058600912097861834234685728509163337737349074185342289032272009772529037195573254778966688587558900055660072144278809022487554382658809806558064428353021275127081776410900980967206199354460442391625214857639764133401759178616057210708327015756512805544520436902632270980403064128604110300347781624155351569719940155697818702422095998917819053965079478845711385304612753166567647817060274424315609406216581605903271903071111142231567855836177743434207965284248559828227670980935094414404596304862841163628176426562167212678084331271418625131238513014304885842984476307632638923525389950421623236969408163218539808699839673998520880527251036424702507002691092507786029742940917532263288624870251667568134708948416815280116998811635484394755359688876003475822347797018608966250902954807399888775482913308086222364262723056806056566937829248966366441405994968117591242682299546053773752069078072978975272777039484988027354852533816738689525380273004205580008068896254912308397981830602843645053541762655347414577583162866028361627311233253967843432168606088359860693381404293265368988464952178193925183598686443636199402331778672598281982405672816686049893808867694360263731123835216517133501169556884508318046660497028276803524992137448604891645392823961048290557940919848301600945372417476376974720540905481772821379124821807360138763043667296415504222694261813780363575930726214389579133791390454258241741674218904154560748668528159	1,4,-4,-4,-4,-4,-4,3,3,3,3,3	-4,-4,-4,-4,-4,3,3,3,3,3,3,3	ok
0.242242	12.552553	-53.034660	0.439649	continued:5	24739664234858138982047535273920704865888201889876711837493816699690678266527069749440504790571412139398611409270908450362730376250155074764676347344069888126517298474570859817860608502873391373146285427510315747585633769201540786967750755426439244909325087395028128868044225308262789884128060956514754247517702306425810931411575896427989859706075064718218471893517140662118299639008577497356111854595428210166315807732026393320608795249168317651695729421548767897306733768613302513900313747234910216702628396343057972743120228768071687743367812170271420131539175277064250947772621001186024499362163335793602171390789441233345359317297987613512980491695577916997660396957915557900310271635623458055025007041775847069041635811203256895352566087822033786766343037302223398419442420288675160901222754706690690966518603785237711745730763499632246794821702611212581403238113406002252819908487238453210437930412907369377220770586565902403360469112052194331355699172681218058600912097861834234685728509163337737349074185342289032272009772529037195573254778966688587558900055660072144278809022487554382658809806558064428353021275127081776410900980967206199354460442391625214857639764133401759178616057210673156243633300796807248794605122683731974791496902664128878641184520473500825398215812641159434827628998622259292915673218874003973386059003237887445082762880209786399957615563799203180616399064332818912996058392810196869654083006490334642056061239251179056009615294506290117464688484025949120568719819283456124580544682881171421260943541579248527704869898537742188703833871961088688204538498117265321771286761309247552685482079962262050552845513714934846045182058722227987606665606042180617044588443607459813064997879976194827291424712032310443011090956239365061217361518410802453124524840558011953805365761494457801009569163317744034818142535244063518808384830620220565418152783289956624749749819076668016024265032457536863212943413743867832753754773611384186639210741581136382046281168136879454471498331878163458120352190565978782247931890290295701266018978036779034468107326187079926916798699596662346300581249330764795567806508746121156744125367811518619897619348002395798294907765649592376122383521072922104001273026981807900119826443200996317126277171178704077483113072074268653747754487474408483425854972111137166212140154130568988566022312919789958312847244142489313149410058949163660852994	24739664234858138982047535273920704865888201889876711837493816699690678266527069749440504790571412139398611409270908450362730376250155074764676347344069888126517298474570859817860608502873391373146285427510315747585633769201540786967750755426439244909325087395028128868044225308262789884128060956514754247517702306425810931411575896427989859706075064718218471893517140662118299639008577497356111854595428210166315807732026393320608795249168317651695729421548767897306733768613302513900313747234910216702628396343057972743120228768071687743367812170271420131539175277064250947772621001186024499362163335793602171390789441233345359317297987613512980491695577916997660396957915557900310271635623458055025007041775847069041635811203256895352566087822033786766343037302223398419442420288675160901222754706690690966518603785237711745730763499632246794821702611212581403238113406002252819908487238453210437930412907369377220770586565902403360469112052194331355699172681218058600912097861834234685728509163337737349074185342289032272009772529037195573254778966688587558900055660072144278809022487554382658809806558064428353021275127081776410900980967206199354460442391625214857639764133401759178616057210708327015756512805544520436902632270980403064128604110300347781624155351569719940155697818702422095998917819053965079478845711385304612753166567647817060274424315609406216581605903271903071111142231567855836177743434207965284248559828227670980935094414404596304862841163628176426562167212678084331271418625131238513014304885842984476307632638923525389950421623236969408163218539808699839673998520880527251036424702507002691092507786029742940917532263288624870251667568134708948416815280116998811635484394755359688876003475822347797018608966250902954807399888775482913308086222364262723056806056566937829248966366441405994968117591242682299546053773752069078072978975272777039484988027354852533816738689525380273004205580008068896254912308397981830602843645053541762655347414577583162866028361627311233253967843432168606088359860693381404293265368988464952178193925183598686443636199402331778672598281982405672816686049893808867694360263731123835216517133501169556884508318046660497028276803524992137448604891645392823961048290557940919848301600945372417476376974720540905481772821379124821807360138763043667296415504222694261813780363575930726214389579133791390454258241741674218904154560748668528159	1,-4,-4,-4,-4,3,3,3,3,3,3,3	-4,-4,-4,-4,-4,3,3,3,3,3,3,3	ok
0.246246	12.552553	-54.512376	0.442442	continued:5	24739664234858138982047535273920704865888201889876711837493816699690678265963591165069870505023217046633362579621148489165328977987949899797415602900085081435628786567950676391780949633448253616219680559998014214784634910618447122667639804607217055610037222276897125660535867393387520758988742191975475097134159821776175469287214857624750265388130867415580412873925910271279382629434282479656095907178473638142326186864698341018602123575843883404208311798618679388046194707946385968872279636660172423920762823771748609336176990325713506490614247467311351878471253089939596514261196666267475682898635077588364628629417296554229734815495315011752337585393015754405944996164827318009845582551593321289722257247006063686910061456841431892563940020873466746931070957111770150069590359792388197563206227771911411885143855184505614961998508226343153531223089971459935049708039359327667779120430067461929055441744031224422705223831560005091108633317128720548165517033711719448300771525660964913525817712220131912105082815080054605883136048554894173783193438041716508681297001277350562437894851607688119124032266056066591963623197071229719772200831481260746898621517899928612391918713268983151048632780119648896253765940151777173575597570025320253082336116946689981147789765900355562110523987436189411566954756946831913765892283629482126668117215787661175622538482371666841405595054624551275871666632475049764341931929868507018454948365774171910807496638367218687366613903751947086947394002612630474683257999387223688134848014104823955551645010680263372366206458226198558279883447844315148180302724249331888726196930807213187997142652942313186005148224878224024593537200103980637926868603500896185830904692094904758235554768415409124757267836161356776521732484146109863946926378105041694979170269733992817805415234240628485488200053302199364211031646323082439647263607276631895871769259044401451363766451126814443473134220489198884697731101960802990910300139680959518854832128513597114746389737973151315057975842081443516593123962467786526070102139874765749035637088432614260030772344792316488840415153698481155126035457741137680097748660410763036811870095293313414540437283852893333234643562710973384060038416228190613325616933189150517789061901654152308030489428549857055082465581427407486143000730202660813809057790100346399768338483335257539245860316494779637880208922066168766414992991208014608723526	24739664234858138982047535273920704865888201889876711837493816699690678266527069749440504790571412139398611409270908450362730376250155074764676347344069888126517298474570859817860608502873391373146285427510315747585633769201540786967750755426439244909325087395028128868044225308262789884128060956514754247517702306425810931411575896427989859706075064718218471893517140662118299639008577497356111854595428210166315807732026393320608795249168317651695729421548767897306733768613302513900313747234910216702628396343057972743120228768071687743367812170271420131539175277064250947772621001186024499362163335793602171390789441233345359317297987613512980491695577916997660396957915557900310271635623458055025007041775847069041635811203256895352566087822033786766343037302223398419442420288675160901222754706690690966518603785237711745730763499632246794821702611212581403238113406002252819908487238453210437930412907369377220770586565902403360469112052194331355699172681218058600912097861834234685728509163337737349074185342289032272009772529037195573254778966688587558900055660072144278809022487554382658809806558064428353021275127081776410900980967206199354460442391625214857639764133401759178616057210708327015756512805544520436902632270980403064128604110300347781624155351569719940155697818702422095998917819053965079478845711385304612753166567647817060274424315609406216581605903271903071111142231567855836177743434207965284248559828227670980935094414404596304862841163628176426562167212678084331271418625131238513014304885842984476307632638923525389950421623236969408163218539808699839673998520880527251036424702507002691092507786029742940917532263288624870251667568134708948416815280116998811635484394755359688876003475822347797018608966250902954807399888775482913308086222364262723056806056566937829248966366441405994968117591242682299546053773752069078072978975272777039484988027354852533816738689525380273004205580008068896254912308397981830602843645053541762655347414577583162866028361627311233253967843432168606088359860693381404293265368988464952178193925183598686443636199402331778672598281982405672816686049893808867694360263731123835216517133501169556884508318046660497028276803524992137448604891645392823961048290557940919848301600945372417476376974720540905481772821379124821807360138763043667296415504222694261813780363575930726214389579133791390454258241741674218904154560748668528159	1,3,3,3,3,3,3,3,3,3,3,3	-4,-4,-4,-4,-4,3,3,3,3,3,3,3	ok
0.250250	12.552553	-55.373189	0.445236	continued:5	24739664234858138982047535273920704865888201889876711837493816699690678265963591165069870505023217046633362579621148489165328977987949899797415602900085081435628786567950676391780949633448253616219680559998014214784634910618447122667639804607217055610037222276897125660535867393387520758988742191975475097134159821776175469287214857624750265388130867415580412873925910271279382629434282479656095907178473638142326186864698341018602123575843883404208311798618679388046194707946385968872279636660172423920762823771748609336176990325713506490614247467311351878471253089939596514261196666267475682898635077588364628629417296554229734815495315011752337585393015754405944996164827318009845582551593321289722257247006063686910061456841431892563940020873466746931070957111770150069590359792388197563206227771911411885143855184505614961998508226343153531223089971459935049708039359327667779120430067461929055441744031224422705223831560005091108633317128720548165517033711719448300771525660964913525817712220131912105082815080054605883136048554894173783193438041716508681297001277350562437894851607688119124032266056066591963623197071229719772200831481260746898621517899928612391918713268983151048632780119655930408190582553524627904057071942769938736862457235924274975877692875969260912825240440176312796169883715527296420812911085368231803397367822990876417832371726944474641149344806282859835563177758758315140869621665338558538229319788140992642348683078964438303205169238089677606281386970253341769254691973676747054001600056884371509167578247128910554017708455798400339763929792299326278161913247735847547901720607853014273297061169415154483166033077865097453650461838107532682052642437808745312631797604500447563344035980600655360681484274936965759099895773785743476559627847035998495623947412514142251410657373695628596507787826274803330499930271551011927848963095389998115464084361772602196582573023653623911344037727364227195594183603523434780747077500441651045950433605054450968920210102886398197382751252220063486096686194630712738899496659850907030285511459146924946136142303252814811401903979278425790228571196558652325907826618637862596663393079577711958009484587139118727133603578984775841831059511392904829664132579075616389269418347099007484820626482853352165533173315748528323140233506000037753936239379980930850327518548701251621213257545847129540580490183656973082502121819713680447958	24739664234858138982047535273920704865888201889876711837493816699690678266527069749440504790571412139398611409270908450362730376250155074764676347344069888126517298474570859817860608502873391373146285427510315747585633769201540786967750755426439244909325087395028128868044225308262789884128060956514754247517702306425810931411575896427989859706075064718218471893517140662118299639008577497356111854595428210166315807732026393320608795249168317651695729421548767897306733768613302513900313747234910216702628396343057972743120228768071687743367812170271420131539175277064250947772621001186024499362163335793602171390789441233345359317297987613512980491695577916997660396957915557900310271635623458055025007041775847069041635811203256895352566087822033786766343037302223398419442420288675160901222754706690690966518603785237711745730763499632246794821702611212581403238113406002252819908487238453210437930412907369377220770586565902403360469112052194331355699172681218058600912097861834234685728509163337737349074185342289032272009772529037195573254778966688587558900055660072144278809022487554382658809806558064428353021275127081776410900980967206199354460442391625214857639764133401759178616057210708327015756512805544520436902632270980403064128604110300347781624155351569719940155697818702422095998917819053965079478845711385304612753166567647817060274424315609406216581605903271903071111142231567855836177743434207965284248559828227670980935094414404596304862841163628176426562167212678084331271418625131238513014304885842984476307632638923525389950421623236969408163218539808699839673998520880527251036424702507002691092507786029742940917532263288624870251667568134708948416815280116998811635484394755359688876003475822347797018608966250902954807399888775482913308086222364262723056806056566937829248966366441405994968117591242682299546053773752069078072978975272777039484988027354852533816738689525380273004205580008068896254912308397981830602843645053541762655347414577583162866028361627311233253967843432168606088359860693381404293265368988464952178193925183598686443636199402331778672598281982405672816686049893808867694360263731123835216517133501169556884508318046660497028276803524992137448604891645392823961048290557940919848301600945372417476376974720540905481772821379124821807360138763043667296415504222694261813780363575930726214389579133791390454258241741674218904154560748668528159	-2,3,3,3,3,3,3,3,3,3,3,3	-4,-4,-4,-4,-4,3,3,3,3,3,3,3	ok
0.254254	12.552553	-55.906562	0.448029	continued:5	24739664234858138982047535273920704865888201889876711837493816699690678265963591165069870505023217046633362579621148489165328977987949899797415602900085081435628786567950676391780949633448253616219680559998014214784634910618447122667639804607217055610037222276897125660535867393387520758988742191975475097134159821776175469287214857624750265388130867415580412873925910271279382629434282479656095907178473638142326186864698341018602123575843883404208311798618679388046194707946385968872279636660172423920762823771748609336176990325713506490614247467311351878471253089939596514261196666267475682898635077588364628629417296554229734815495315011752337585393015754405944996164827318009845582551593321289722257247006063686910061456841431892563940020873466746931070957111770150069590359792388197563206227771911411885143855184505614961998508226343153531223089971459935049708039359327667779120430067461929055441744031224422705223831560005091108633317128720548165517033711719448300771525660964913525817712220131912105082815080054605883136048554894173783193438041716508681297001277350562437894851607688119124032266056066591963623197071229719772200831481260746898621517899928612391918713268983151048632780119648896253765940151777173575597570025320253082336116946689981147789765900355562110523987436189411566954756946831913765892283629482126668117215787661175622538482371666841405595054624551275871666632475049764341931929868507018454948365774171910807496638367218687366613903751947086947394002612630474683257999387223688134848014104823955551645010680263372366206458226198558279883447844315148180302724249331888726196930807213187997142652942313186005148224878224024593537200103980637926868603500896185830904692094904758235554768415409124757267836161356776521732484146109863946926378105041694979170269733992817805415234240628485488200053302199364211031646323082439647263607276631895871769259044401451363766451126814443473134220489198884697731101960802990910300139680959518854832128513597114746389737973151315057975842081443516593123962467786526070102139874765749035637088432614260030772344792316488840415153698481155126035457741137680097748660410763036811870095293313414540437283852893333234643562710973384060038416228190613325616933189150517789061901654152308030489428549857055082465581427407486143000730202660813809057790100346399768338483335257539245860316494779637880208922066168766414992991208014608723526	24739664234858138982047535273920704865888201889876711837493816699690678266527069749440504790571412139398611409270908450362730376250155074764676347344069888126517298474570859817860608502873391373146285427510315747585633769201540786967750755426439244909325087395028128868044225308262789884128060956514754247517702306425810931411575896427989859706075064718218471893517140662118299639008577497356111854595428210166315807732026393320608795249168317651695729421548767897306733768613302513900313747234910216702628396343057972743120228768071687743367812170271420131539175277064250947772621001186024499362163335793602171390789441233345359317297987613512980491695577916997660396957915557900310271635623458055025007041775847069041635811203256895352566087822033786766343037302223398419442420288675160901222754706690690966518603785237711745730763499632246794821702611212581403238113406002252819908487238453210437930412907369377220770586565902403360469112052194331355699172681218058600912097861834234685728509163337737349074185342289032272009772529037195573254778966688587558900055660072144278809022487554382658809806558064428353021275127081776410900980967206199354460442391625214857639764133401759178616057210708327015756512805544520436902632270980403064128604110300347781624155351569719940155697818702422095998917819053965079478845711385304612753166567647817060274424315609406216581605903271903071111142231567855836177743434207965284248559828227670980935094414404596304862841163628176426562167212678084331271418625131238513014304885842984476307632638923525389950421623236969408163218539808699839673998520880527251036424702507002691092507786029742940917532263288624870251667568134708948416815280116998811635484394755359688876003475822347797018608966250902954807399888775482913308086222364262723056806056566937829248966366441405994968117591242682299546053773752069078072978975272777039484988027354852533816738689525380273004205580008068896254912308397981830602843645053541762655347414577583162866028361627311233253967843432168606088359860693381404293265368988464952178193925183598686443636199402331778672598281982405672816686049893808867694360263731123835216517133501169556884508318046660497028276803524992137448604891645392823961048290557940919848301600945372417476376974720540905481772821379124821807360138763043667296415504222694261813780363575930726214389579133791390454258241741674218904154560748668528159	1,3,3,3,3,3,3,3,3,3,3,3	-4,-4,-4,-4,-4,3,3,3,3,3,3,3	ok
0.258258	12.552553	-56.253437	0.450822	continued:5	24739664234858138982047535273920704865888201889876711837493816699690678265963591165069870505023217046633362579621148489165328977987949899797415602900085081435628786567950676391780949633448253616219680559998014214784634910618447122667639804607217055610037222276897125660535867393387520758988742191975475097134159821776175469287214857624750265388130867415580412873925910271279382629434282479656095907178473638142326186864698341018602123575843883404208311798618679388046194707946385968872279636660172423920762823771748609336176990325713506490614247467311351878471253089939596514261196666267475682898635077588364628629417296554229734815495315011752337585393015754405944996164827318009845582551593321289722257247006063686910061456841431892563940020873466746931070957111770150069590359792388197563206227771911411885143855184505614961998508226343153531223089971459935049708039359327667779120430067461929055441744031224422705223831560005091108633317128720548165517033711719448300771525660964913525817712220131912105082815080054605883136048554894173783193438041716508681297001277350562437894851607688119124032266056066591963623197071229719772200831481260746898621517899928612391918713268983151048632780119641862099341297750029719247138068107870567427809776657455687319701838924741863308222734432202510337739630178136531110971656173596021532837063752331474827244593016389208170040764442819691907770087191341213542994238071675478371667411760202828972644593655472936430022638265804496288506618255007607597261306800770629215694428152763539594122443113397834178395207996598716220002965896330970082443535250927929904492141006573361720988244715211217527130416678582951733423938369853743171684564563983626349177586585309068907765500850217594153854188047776587284365072518433984417293128363047391462716592055471493359419811107561342379892318778123925091563362374613867366678251457873793628074433727030300530950329229975263034924403251033542199868020318082547039853201861477386663713823422139778523859265843416231918568932910666969700151238740942339401304783089680591040988665406081595115408547281380162869428403417683884461842344285716707869589494202888211027076797507049117122865083118647547742153521842961992278245772944988321821569733799225419188854384961205608576158230616860757999397989539066443962861226899321589864179340820711868686349448121813826870507375443712146219837353948680559747483860596315536999095	24739664234858138982047535273920704865888201889876711837493816699690678266527069749440504790571412139398611409270908450362730376250155074764676347344069888126517298474570859817860608502873391373146285427510315747585633769201540786967750755426439244909325087395028128868044225308262789884128060956514754247517702306425810931411575896427989859706075064718218471893517140662118299639008577497356111854595428210166315807732026393320608795249168317651695729421548767897306733768613302513900313747234910216702628396343057972743120228768071687743367812170271420131539175277064250947772621001186024499362163335793602171390789441233345359317297987613512980491695577916997660396957915557900310271635623458055025007041775847069041635811203256895352566087822033786766343037302223398419442420288675160901222754706690690966518603785237711745730763499632246794821702611212581403238113406002252819908487238453210437930412907369377220770586565902403360469112052194331355699172681218058600912097861834234685728509163337737349074185342289032272009772529037195573254778966688587558900055660072144278809022487554382658809806558064428353021275127081776410900980967206199354460442391625214857639764133401759178616057210708327015756512805544520436902632270980403064128604110300347781624155351569719940155697818702422095998917819053965079478845711385304612753166567647817060274424315609406216581605903271903071111142231567855836177743434207965284248559828227670980935094414404596304862841163628176426562167212678084331271418625131238513014304885842984476307632638923525389950421623236969408163218539808699839673998520880527251036424702507002691092507786029742940917532263288624870251667568134708948416815280116998811635484394755359688876003475822347797018608966250902954807399888775482913308086222364262723056806056566937829248966366441405994968117591242682299546053773752069078072978975272777039484988027354852533816738689525380273004205580008068896254912308397981830602843645053541762655347414577583162866028361627311233253967843432168606088359860693381404293265368988464952178193925183598686443636199402331778672598281982405672816686049893808867694360263731123835216517133501169556884508318046660497028276803524992137448604891645392823961048290557940919848301600945372417476376974720540905481772821379124821807360138763043667296415504222694261813780363575930726214389579133791390454258241741674218904154560748668528159	-1,3,3,3,3,3,3,3,3,3,3,3	-4,-4,-4,-4,-4,3,3,3,3,3,3,3	ok
0.262262	12.552553	-56.477930	0.453616	continued:5	24739664234858138982047535273920704865888201889876711837493816699690678265963591165069870505023217046633362579621148489165328977987949899797415602900085081435628786567950676391780949633448253616219680559998014214784634910618447122667639804607217055610037222276897125660535867393387520758988742191975475097134159821776175469287214857624750265388130867415580412873925910271279382629434282479656095907178473638142326186864698341018602123575843883404208311798618679388046194707946385968872279636660172423920762823771748609336176990325713506490614247467311351878471253089939596514261196666267475682898635077588364628629417296554229734815495315011752337585393015754405944996164827318009845582551593321289722257247006063686910061456841431892563940020873466746931070957111770150069590359792388197563206227771911411885143855184505614961998508226343153531223089971459935049708039359327667779120430067461929055441744031224422705223831560005091108633317128720548165517033711719448300771525660964913525817712220131912105082815080054605883136048554894173783193438041716508681297001277350562437894851607688119124032266056066591963623197071229719772200831481260746898621517899928612391918713268983151048632780119634827944916655348282264918678566190420881773283436368221393491613911949128164505921481428215609108524503409441148456051028717709916397556911717001774031950703661111574934486474261088107943873541907632662744056546274843938288386457746233747137792548943727185493431372779661905629619233897384740511264614214317570296540842200703123636599875546532295990583957766998874160122483948346791984584346252523971082787351205933535444833836488109249049112608478941878873310676635726848416500525627071066867450481075713379579976233285026063550440539934196398046997660890758104887659878621053087946262914376950168913424387974494199271584584254048485972095078426145295086092895639115691384379608409659149698134207333136082596714586012868199702004938675362103169406264041995254472595518330682442301328793713681148779162023739890422807178515014098152732507426304595433046340242379548930200044749770443836898441653136886613797649230830295735641430327995013385242283499720784819705292882384401762249663480974950600496453129661786030317522534409300320588646868268258909121827032683864460916330397650725401782721723595982365919300891541077337604360412908370114495154434392644654559465785831192353079974729984616465274665	24739664234858138982047535273920704865888201889876711837493816699690678266527069749440504790571412139398611409270908450362730376250155074764676347344069888126517298474570859817860608502873391373146285427510315747585633769201540786967750755426439244909325087395028128868044225308262789884128060956514754247517702306425810931411575896427989859706075064718218471893517140662118299639008577497356111854595428210166315807732026393320608795249168317651695729421548767897306733768613302513900313747234910216702628396343057972743120228768071687743367812170271420131539175277064250947772621001186024499362163335793602171390789441233345359317297987613512980491695577916997660396957915557900310271635623458055025007041775847069041635811203256895352566087822033786766343037302223398419442420288675160901222754706690690966518603785237711745730763499632246794821702611212581403238113406002252819908487238453210437930412907369377220770586565902403360469112052194331355699172681218058600912097861834234685728509163337737349074185342289032272009772529037195573254778966688587558900055660072144278809022487554382658809806558064428353021275127081776410900980967206199354460442391625214857639764133401759178616057210708327015756512805544520436902632270980403064128604110300347781624155351569719940155697818702422095998917819053965079478845711385304612753166567647817060274424315609406216581605903271903071111142231567855836177743434207965284248559828227670980935094414404596304862841163628176426562167212678084331271418625131238513014304885842984476307632638923525389950421623236969408163218539808699839673998520880527251036424702507002691092507786029742940917532263288624870251667568134708948416815280116998811635484394755359688876003475822347797018608966250902954807399888775482913308086222364262723056806056566937829248966366441405994968117591242682299546053773752069078072978975272777039484988027354852533816738689525380273004205580008068896254912308397981830602843645053541762655347414577583162866028361627311233253967843432168606088359860693381404293265368988464952178193925183598686443636199402331778672598281982405672816686049893808867694360263731123835216517133501169556884508318046660497028276803524992137448604891645392823961048290557940919848301600945372417476376974720540905481772821379124821807360138763043667296415504222694261813780363575930726214389579133791390454258241741674218904154560748668528159	0,3,3,3,3,3,3,3,3,3,3,3	-4,-4,-4,-4,-4,3,3,3,3,3,3,3	ok
0.266266	12.552553	-56.614645	0.452032	continued:5	24739664234858138982047535273920704865888201889876711837493816699690678265963591165069870505023217046633362579621148489165328977987949899797415602900085081435628786567950676391780949633448253616219680559998014214784634910618447122667639804607217055610037222276897125660535867393387520758988742191975475097134159821776175469287214857624750265388130867415580412873925910271279382629434282479656095907178473638142326186864698341018602123575843883404208311798618679388046194707946385968872279636660172423920762823771748609336176990325713506490614247467311351878471253089939596514261196666267475682898635077588364628629417296554229734815495315011752337585393015754405944996164827318009845582551593321289722257247006063686910061456841431892563940020873466746931070957111770150069590359792388197563206227771911411885143855184505614961998508226343153531223089971459935049708039359327667779120430067461929055441744031224422705223831560005091108633317128720548165517033711719448300771525660964913525817712220131912105082815080054605883136048554894173783193438041716508681297001277350562437894851607688119124032266056066591963623197071229719772200831481260746898621517899928612391918713268983151048632780119634827944916655348282264918678566190420881773283436368221393491613911949128164505921481428215609108524503409441148456051028717709916397556911717001774031950703661111574934486474261088107943873541907632662744056546274843938288386457746233747137792548943727185493431372779661905629619233897384740511264614214317570296540842200703123636599875546532295990583957766998874160122483948346791984584346252523971082787351205933535444833836488109249049112608478941878873310676635726848416500525627071066867450481075713379579976233285026063550440539934196398046997660890758104887659878621053087946262914376950168913424387974494199271584584254048485972095078426145295086092895639115691384379608409659149698134207333136082596714586012868199702004938675362103169406264041995254472595518330682442301328793713681148779162023739890422807178515014098152732507426304595433046340242379548930200044749770443836898441653136886613797649230830295735641430327995013385242283499720784819705292882384401762249663480974950600496453129661786030317522534409300320588646868268258909121827032683864460916330397650725401782721723595982365919300891541077337604360412908370114495154434392644654559465785831192353079974729984616465274665	24739664234858138982047535273920704865888201889876711837493816699690678266527069749440504790571412139398611409270908450362730376250155074764676347344069888126517298474570859817860608502873391373146285427510315747585633769201540786967750755426439244909325087395028128868044225308262789884128060956514754247517702306425810931411575896427989859706075064718218471893517140662118299639008577497356111854595428210166315807732026393320608795249168317651695729421548767897306733768613302513900313747234910216702628396343057972743120228768071687743367812170271420131539175277064250947772621001186024499362163335793602171390789441233345359317297987613512980491695577916997660396957915557900310271635623458055025007041775847069041635811203256895352566087822033786766343037302223398419442420288675160901222754706690690966518603785237711745730763499632246794821702611212581403238113406002252819908487238453210437930412907369377220770586565902403360469112052194331355699172681218058600912097861834234685728509163337737349074185342289032272009772529037195573254778966688587558900055660072144278809022487554382658809806558064428353021275127081776410900980967206199354460442391625214857639764133401759178616057210708327015756512805544520436902632270980403064128604110300347781624155351569719940155697818702422095998917819053965079478845711385304612753166567647817060274424315609406216581605903271903071111142231567855836177743434207965284248559828227670980935094414404596304862841163628176426562167212678084331271418625131238513014304885842984476307632638923525389950421623236969408163218539808699839673998520880527251036424702507002691092507786029742940917532263288624870251667568134708948416815280116998811635484394755359688876003475822347797018608966250902954807399888775482913308086222364262723056806056566937829248966366441405994968117591242682299546053773752069078072978975272777039484988027354852533816738689525380273004205580008068896254912308397981830602843645053541762655347414577583162866028361627311233253967843432168606088359860693381404293265368988464952178193925183598686443636199402331778672598281982405672816686049893808867694360263731123835216517133501169556884508318046660497028276803524992137448604891645392823961048290557940919848301600945372417476376974720540905481772821379124821807360138763043667296415504222694261813780363575930726214389579133791390454258241741674218904154560748668528159	0,3,3,3,3,3,3,3,3,3,3,3	-4,-4,-4,-4,-4,3,3,3,3,3,3,3	ok
0.270270	12.552553	-56.738059	0.450990	continued:5	24739664234858138982047535273920704865888201889876711837493816699690678265963591165069870505023217046633362579621148489165328977987949899797415602900085081435628786567950676391780949633448253616219680559998014214784634910618447122667639804607217055610037222276897125660535867393387520758988742191975475097134159821776175469287214857624750265388130867415580412873925910271279382629434282479656095907178473638142326186864698341018602123575843883404208311798618679388046194707946385968872279636660172423920762823771748609336176990325713506490614247467311351878471253089939596514261196666267475682898635077588364628629417296554229734815495315011752337585393015754405944996164827318009845582551593321289722257247006063686910061456841431892563940020873466746931070957111770150069590359792388197563206227771911411885143855184505614961998508226343153531223089971459935049708039359327667779120430067461929055441744031224422705223831560005091108633317128720548165517033711719448300771525660964913525817712220131912105082815080054605883136048554894173783193438041716508681297001277350562437894851607688119124032266056066591963623197071229719772200831481260746898621517899928612391918713268983151048632780119634827944916655348282264918678566190420881773283436368221393491613911949128164505921481428215609108524503409441148456051028717709916397556911717001774031950703661111574934486474261088107943873541907632662744056546274843938288386457746233747137792548943727185493431372779661905629619233897384740511264614214317570296540842200703123636599875546532295990583957766998874160122483948346791984584346252523971082787351205933535444833836488109249049112608478941878873310676635726848416500525627071066867450481075713379579976233285026063550440539934196398046997660890758104887659878621053087946262914376950168913424387974494199271584584254048485972095078426145295086092895639115691384379608409659149698134207333136082596714586012868199702004938675362103169406264041995254472595518330682442301328793713681148779162023739890422807178515014098152732507426304595433046340242379548930200044749770443836898441653136886613797649230830295735641430327995013385242283499720784819705292882384401762249663480974950600496453129661786030317522534409300320588646868268258909121827032683864460916330397650725401782721723595982365919300891541077337604360412908370114495154434392644654559465785831192353079974729984616465274665	24739664234858138982047535273920704865888201889876711837493816699690678266527069749440504790571412139398611409270908450362730376250155074764676347344069888126517298474570859817860608502873391373146285427510315747585633769201540786967750755426439244909325087395028128868044225308262789884128060956514754247517702306425810931411575896427989859706075064718218471893517140662118299639008577497356111854595428210166315807732026393320608795249168317651695729421548767897306733768613302513900313747234910216702628396343057972743120228768071687743367812170271420131539175277064250947772621001186024499362163335793602171390789441233345359317297987613512980491695577916997660396957915557900310271635623458055025007041775847069041635811203256895352566087822033786766343037302223398419442420288675160901222754706690690966518603785237711745730763499632246794821702611212581403238113406002252819908487238453210437930412907369377220770586565902403360469112052194331355699172681218058600912097861834234685728509163337737349074185342289032272009772529037195573254778966688587558900055660072144278809022487554382658809806558064428353021275127081776410900980967206199354460442391625214857639764133401759178616057210708327015756512805544520436902632270980403064128604110300347781624155351569719940155697818702422095998917819053965079478845711385304612753166567647817060274424315609406216581605903271903071111142231567855836177743434207965284248559828227670980935094414404596304862841163628176426562167212678084331271418625131238513014304885842984476307632638923525389950421623236969408163218539808699839673998520880527251036424702507002691092507786029742940917532263288624870251667568134708948416815280116998811635484394755359688876003475822347797018608966250902954807399888775482913308086222364262723056806056566937829248966366441405994968117591242682299546053773752069078072978975272777039484988027354852533816738689525380273004205580008068896254912308397981830602843645053541762655347414577583162866028361627311233253967843432168606088359860693381404293265368988464952178193925183598686443636199402331778672598281982405672816686049893808867694360263731123835216517133501169556884508318046660497028276803524992137448604891645392823961048290557940919848301600945372417476376974720540905481772821379124821807360138763043667296415504222694261813780363575930726214389579133791390454258241741674218904154560748668528159	0,3,3,3,3,3,3,3,3,3,3,3	-4,-4,-4,-4,-4,3,3,3,3,3,3,3	ok
0.274274	12.552553	-56.845401	0.450075	continued:5	24739664234858138982047535273920704865888201889876711837493816699690678265963591165069870505023217046633362579621148489165328977987949899797415602900085081435628786567950676391780949633448253616219680559998014214784634910618447122667639804607217055610037222276897125660535867393387520758988742191975475097134159821776175469287214857624750265388130867415580412873925910271279382629434282479656095907178473638142326186864698341018602123575843883404208311798618679388046194707946385968872279636660172423920762823771748609336176990325713506490614247467311351878471253089939596514261196666267475682898635077588364628629417296554229734815495315011752337585393015754405944996164827318009845582551593321289722257247006063686910061456841431892563940020873466746931070957111770150069590359792388197563206227771911411885143855184505614961998508226343153531223089971459935049708039359327667779120430067461929055441744031224422705223831560005091108633317128720548165517033711719448300771525660964913525817712220131912105082815080054605883136048554894173783193438041716508681297001277350562437894851607688119124032266056066591963623197071229719772200831481260746898621517899928612391918713268983151048632780119634827944916655348282264918678566190420881773283436368221393491613911949128164505921481428215609108524503409441148456051028717709916397556911717001774031950703661111574934486474261088107943873541907632662744056546274843938288386457746233747137792548943727185493431372779661905629619233897384740511264614214317570296540842200703123636599875546532295990583957766998874160122483948346791984584346252523971082787351205933535444833836488109249049112608478941878873310676635726848416500525627071066867450481075713379579976233285026063550440539934196398046997660890758104887659878621053087946262914376950168913424387974494199271584584254048485972095078426145295086092895639115691384379608409659149698134207333136082596714586012868199702004938675362103169406264041995254472595518330682442301328793713681148779162023739890422807178515014098152732507426304595433046340242379548930200044749770443836898441653136886613797649230830295735641430327995013385242283499720784819705292882384401762249663480974950600496453129661786030317522534409300320588646868268258909121827032683864460916330397650725401782721723595982365919300891541077337604360412908370114495154434392644654559465785831192353079974729984616465274665	24739664234858138982047535273920704865888201889876711837493816699690678266527069749440504790571412139398611409270908450362730376250155074764676347344069888126517298474570859817860608502873391373146285427510315747585633769201540786967750755426439244909325087395028128868044225308262789884128060956514754247517702306425810931411575896427989859706075064718218471893517140662118299639008577497356111854595428210166315807732026393320608795249168317651695729421548767897306733768613302513900313747234910216702628396343057972743120228768071687743367812170271420131539175277064250947772621001186024499362163335793602171390789441233345359317297987613512980491695577916997660396957915557900310271635623458055025007041775847069041635811203256895352566087822033786766343037302223398419442420288675160901222754706690690966518603785237711745730763499632246794821702611212581403238113406002252819908487238453210437930412907369377220770586565902403360469112052194331355699172681218058600912097861834234685728509163337737349074185342289032272009772529037195573254778966688587558900055660072144278809022487554382658809806558064428353021275127081776410900980967206199354460442391625214857639764133401759178616057210708327015756512805544520436902632270980403064128604110300347781624155351569719940155697818702422095998917819053965079478845711385304612753166567647817060274424315609406216581605903271903071111142231567855836177743434207965284248559828227670980935094414404596304862841163628176426562167212678084331271418625131238513014304885842984476307632638923525389950421623236969408163218539808699839673998520880527251036424702507002691092507786029742940917532263288624870251667568134708948416815280116998811635484394755359688876003475822347797018608966250902954807399888775482913308086222364262723056806056566937829248966366441405994968117591242682299546053773752069078072978975272777039484988027354852533816738689525380273004205580008068896254912308397981830602843645053541762655347414577583162866028361627311233253967843432168606088359860693381404293265368988464952178193925183598686443636199402331778672598281982405672816686049893808867694360263731123835216517133501169556884508318046660497028276803524992137448604891645392823961048290557940919848301600945372417476376974720540905481772821379124821807360138763043667296415504222694261813780363575930726214389579133791390454258241741674218904154560748668528159	0,3,3,3,3,3,3,3,3,3,3,3	-4,-4,-4,-4,-4,3,3,3,3,3,3,3	ok
0.278278	12.552553	-56.939117	0.449573	full	24739664234858138982047535273920704865888201889876711837493816699690678265963591165069870505023217046633362579621148489165328977987949899797415602900085081435628786567950676391780949633448253616219680559998014214784634910618447122667639804607217055610037222276897125660535867393387520758988742191975475097134159821776175469287214857624750265388130867415580412873925910271279382629434282479656095907178473638142326186864698341018602123575843883404208311798618679388046194707946385968872279636660172423920762823771748609336176990325713506490614247467311351878471253089939596514261196666267475682898635077588364628629417296554229734815495315011752337585393015754405944996164827318009845582551593321289722257247006063686910061456841431892563940020873466746931070957111770150069590359792388197563206227771911411885143855184505614961998508226343153531223089971459935049708039359327667779120430067461929055441744031224422705223831560005091108633317128720548165517033711719448300771525660964913525817712220131912105082815080054605883136048554894173783193438041716508681297001277350562437894851607688119124032266056066591963623197071229719772200831481260746898621517899928612391918713268983151048632780119634827944916655348282264918678566190420881773283436368221393491613911949128164505921481428215609108524503409441148456051028717709916397556911717001774031950703661111574934486474261088107943873541907632662744056546274843938288386457746233747137792548943727185493431372779661905629619233897384740511264614214317570296540842200703123636599875546532295990583957766998874160122483948346791984584346252523971082787351205933535444833836488109249049112608478941878873310676635726848416500525627071066867450481075713379579976233285026063550440539934196398046997660890758104887659878621053087946262914376950168913424387974494199271584584254048485972095078426145295086092895639115691384379608409659149698134207333136082596714586012868199702004938675362103169406264041995254472595518330682442301328793713681148779162023739890422807178515014098152732507426304595433046340242379548930200044749770443836898441653136886613797649230830295735641430327995013385242283499720784819705292882384401762249663480974950600496453129661786030317522534409300320588646868268258909121827032683864460916330397650725401782721723595982365919300891541077337604360412908370114495154434392644654559465785831192353079974729984616465274665	24739664234858138982047535273920704865888201889876711837493816699690678266527069749440504790571412139398611409270908450362730376250155074764676347344069888126517298474570859817860608502873391373146285427510315747585633769201540786967750755426439244909325087395028128868044225308262789884128060956514754247517702306425810931411575896427989859706075064718218471893517140662118299639008577497356111854595428210166315807732026393320608795249168317651695729421548767897306733768613302513900313747234910216702628396343057972743120228768071687743367812170271420131539175277064250947772621001186024499362163335793602171390789441233345359317297987613512980491695577916997660396957915557900310271635623458055025007041775847069041635811203256895352566087822033786766343037302223398419442420288675160901222754706690690966518603785237711745730763499632246794821702611212581403238113406002252819908487238453210437930412907369377220770586565902403360469112052194331355699172681218058600912097861834234685728509163337737349074185342289032272009772529037195573254778966688587558900055660072144278809022487554382658809806558064428353021275127081776410900980967206199354460442391625214857639764133401759178616057210708327015756512805544520436902632270980403064128604110300347781624155351569719940155697818702422095998917819053965079478845711385304612753166567647817060274424315609406216581605903271903071111142231567855836177743434207965284248559828227670980935094414404596304862841163628176426562167212678084331271418625131238513014304885842984476307632638923525389950421623236969408163218539808699839673998520880527251036424702507002691092507786029742940917532263288624870251667568134708948416815280116998811635484394755359688876003475822347797018608966250902954807399888775482913308086222364262723056806056566937829248966366441405994968117591242682299546053773752069078072978975272777039484988027354852533816738689525380273004205580008068896254912308397981830602843645053541762655347414577583162866028361627311233253967843432168606088359860693381404293265368988464952178193925183598686443636199402331778672598281982405672816686049893808867694360263731123835216517133501169556884508318046660497028276803524992137448604891645392823961048290557940919848301600945372417476376974720540905481772821379124821807360138763043667296415504222694261813780363575930726214389579133791390454258241741674218904154560748668528159	0,3,3,3,3,3,3,3,3,3,3,3	-4,-4,-4,-4,-4,3,3,3,3,3,3,3	ok
0.282282	12.552553	-46.545969	0.439808	continued:5	24739664234858139289596792776213395126048089560964325860575729835583842533848297593721721016960133864586270478784566007837923738431102728632493488653686206422427517659865711750940728149273086021245543535037838973580791205998559559705146231073926853464589222083804255555246497856881480415382797028869947515409102466362624308138158295291171590499716827763074129642966611568980216950264829324577223314767622193926428361795673887835629956332562297465397279725893986435790621308317269268856881805654365465396459180361810212552392995264852193433280433258188779211896433656912690564002557543250673156421668598988603647810345647883827187424526915463158134322615813997032870085578289815586789527875250617783966641011840973861161778367017692697778513617628791844098088383138278938803471994576240998128874713270124204402804858853733123767882950720705529136418716048340745063383692707804254910006189709625066540880856512828339707125022640900264777825088485945538517700316298443827627369475653840757692833936502995671196210545796937556570843903607569898668591094666808278514280715560484925085602419486050273594241764192446271213087746701105018813793009080951642400351629955101106856396955759795658817521409156436968419649050559700869886187910965132703582126873187871781265784589359635836052664767861812359584635294944414335886921495775559442509621289007011899574317734305623846507638965293816166489042929276234604797120840401446432862229356613640747869838729061055864583470767289899665515874597373471166902510955894919889013403996851022737519725454489923863694306555016433375295372220064816704443153770895326726393942707561396768759594343001562309628832709260258535502545170179100100913217886727416773374098365726567295882507796089002777982928942176146303536538484829339376252876278873132787314865441090530111388207983627644324949839957611888467229651076631287086452411156679767928453541754920189969643185569418886674144355038735938956773744064472183947839413482121075100889960388167666456222020883760271666821105826626332568578471394283823161827657852933388986967638720820559015952241392984162742409977176793318883896449258579628362697775607254654867578116669278002967315693001173411715884292571633106480101150690403473649781941261399633458084618085131923299622995004417730411111825841024306265547240837563524515447883350441892520278492403913403822353831936797490378020953435179688381407121656913184027804574	24739664234858138982047535273920704865888201889876711837493816699690678266527069749440504790571412139398611409270908450362730376250155074764676347344069888126517298474570859817860608502873391373146285427510315747585633769201540786967750755426439244909325087395028128868044225308262789884128060956514754247517702306425810931411575896427989859706075064718218471893517140662118299639008577497356111854595428210166315807732026393320608795249168317651695729421548767897306733768613302513900313747234910216702628396343057972743120228768071687743367812170271420131539175277064250947772621001186024499362163335793602171390789441233345359317297987613512980491695577916997660396957915557900310271635623458055025007041775847069041635811203256895352566087822033786766343037302223398419442420288675160901222754706690690966518603785237711745730763499632246794821702611212581403238113406002252819908487238453210437930412907369377220770586565902403360469112052194331355699172681218058600912097861834234685728509163337737349074185342289032272009772529037195573254778966688587558900055660072144278809022487554382658809806558064428353021275127081776410900980967206199354460442391625214857639764133401759178616057210708327015756512805544520436902632270980403064128604110300347781624155351569719940155697818702422095998917819053965079478845711385304612753166567647817060274424315609406216581605903271903071111142231567855836177743434207965284248559828227670980935094414404596304862841163628176426562167212678084331271418625131238513014304885842984476307632638923525389950421623236969408163218539808699839673998520880527251036424702507002691092507786029742940917532263288624870251667568134708948416815280116998811635484394755359688876003475822347797018608966250902954807399888775482913308086222364262723056806056566937829248966366441405994968117591242682299546053773752069078072978975272777039484988027354852533816738689525380273004205580008068896254912308397981830602843645053541762655347414577583162866028361627311233253967843432168606088359860693381404293265368988464952178193925183598686443636199402331778672598281982405672816686049893808867694360263731123835216517133501169556884508318046660497028276803524992137448604891645392823961048290557940919848301600945372417476376974720540905481772821379124821807360138763043667296415504222694261813780363575930726214389579133791390454258241741674218904154560748668528159	1,4,-4,-4,-4,-4,-4,3,3,3,3,3	-4,-4,-4,-4,-4,3,3,3,3,3,3,3	ok
0.286286	12.552553	-50.234602	0.437014	continued:5	24739664234858139289596792776213395126048089560964325860575729835583842533848297593721721016960133864586270478784566007837923738431102728632493488653686206422427517659865711750940728149273086021245543535037838973580791205998559559705146231073926853464589222083804255555246497856881480415382797028869947515409102466362624308138158295291171590499716827763074129642966611568980216950264829324577223314767622193926428361795673887835629956332562297465397279725893986435790621308317269268856881805654365465396459180361810212552392995264852193433280433258188779211896433656912690564002557543250673156421668598988603647810345647883827187424526915463158134322615813997032870085578289815586789527875250617783966641011840973861161778367017692697778513617628791844098088383138278938803471994576240998128874713270124204402804858853733123767882950720705529136418716048340745063383692707804254910006189709625066540880856512828339707125022640900264777825088485945538517700316298443827627369475653840757692833936502995671196210545796937556570843903607569898668591094666808278514280715560484925085602419486050273594241764192446271213087746701105018813793009080951642400351629955101106856396955759795658817521409156436968419649050559700869886187910965132703582126873187871781265784589359635836052664767861812359584635294944414335886921495775559442509621289007011899574317734305623846507638965293816166489042929276234604797120840401446432862229356613640747869838729061055864583470767289899665515874597373471166902510955894919889013403996851022737519725454489923863694306555016433375295372220064816704443153770895326726393942707561396768759594343001562309628832709260258535502545170179100100913217886727416773374098365726567295882507796089002777982928942176146303536538484829339376252876278873132787314865441090530111388207983627644324949839957611888467229651076631287086452411156679767928453541754920189969643185569418886674144355038735938956773744064472183947839413482121075100889960388167666456222020883760271666821105826626332568578471394283823161827657852933388986967638720820559015952241392984162742409977176793318883896449258579628362697775607254654867578116669278002967315693001173411715884292571633106480101150690403473649781941261399633458084618085131923299622995004417730411111825841024306265547240837563524515447883350441892520278492403913403822353831936797490378020953435179688381407121656913184027804574	24739664234858138982047535273920704865888201889876711837493816699690678266527069749440504790571412139398611409270908450362730376250155074764676347344069888126517298474570859817860608502873391373146285427510315747585633769201540786967750755426439244909325087395028128868044225308262789884128060956514754247517702306425810931411575896427989859706075064718218471893517140662118299639008577497356111854595428210166315807732026393320608795249168317651695729421548767897306733768613302513900313747234910216702628396343057972743120228768071687743367812170271420131539175277064250947772621001186024499362163335793602171390789441233345359317297987613512980491695577916997660396957915557900310271635623458055025007041775847069041635811203256895352566087822033786766343037302223398419442420288675160901222754706690690966518603785237711745730763499632246794821702611212581403238113406002252819908487238453210437930412907369377220770586565902403360469112052194331355699172681218058600912097861834234685728509163337737349074185342289032272009772529037195573254778966688587558900055660072144278809022487554382658809806558064428353021275127081776410900980967206199354460442391625214857639764133401759178616057210708327015756512805544520436902632270980403064128604110300347781624155351569719940155697818702422095998917819053965079478845711385304612753166567647817060274424315609406216581605903271903071111142231567855836177743434207965284248559828227670980935094414404596304862841163628176426562167212678084331271418625131238513014304885842984476307632638923525389950421623236969408163218539808699839673998520880527251036424702507002691092507786029742940917532263288624870251667568134708948416815280116998811635484394755359688876003475822347797018608966250902954807399888775482913308086222364262723056806056566937829248966366441405994968117591242682299546053773752069078072978975272777039484988027354852533816738689525380273004205580008068896254912308397981830602843645053541762655347414577583162866028361627311233253967843432168606088359860693381404293265368988464952178193925183598686443636199402331778672598281982405672816686049893808867694360263731123835216517133501169556884508318046660497028276803524992137448604891645392823961048290557940919848301600945372417476376974720540905481772821379124821807360138763043667296415504222694261813780363575930726214389579133791390454258241741674218904154560748668528159	1,4,-4,-4,-4,-4,-4,3,3,3,3,3	-4,-4,-4,-4,-4,3,3,3,3,3,3,3	ok
0.290290	12.552553	-52.676108	0.438057	continued:5	24739664234858138982047535273920704895757539726112908251438163205018941142815780311745551274768732340258877681883220709254438060557727943084431578832787664786285033962897137475109966594536921196345368988178928734319550990616798234738426441329975811082542418687032574754555670308806400073011386994034122559084338923961564827243679948341711906639370687199591334610184232323549682995276987956088064516661660343597404353309026284818116830917705446825786992810866587209705521015335282251073699235984232692064386328873635550251467202252037321107786049250681199223578740058812830716655171327994111037989160554259663041255730806104822364702767003886426236948197875179044375918947062777752518800945220039096656325624832428902632916718843792734174910613073877182282814845299795859817832873050829380297050086561327142630676041705608701295328883785288019463302235365810057437776994452568277033509701397890179816214208032024713357498876567322388814154303003931713475645588699713181579139545605564594106502193640473675998821326912636802272263104652883469557388721394548958714742151679764225722796250070551524401796064839535518648641058846020683987900923271122883848006060940514381132676162478441282448143119470227210432227122363713371255441354621052509508984709634926146647286000378028149020408135579796249985685416544122878976762015235710406679767054221469630668164508756954128670266820083169508953133382895781415892028857527433800331452509796880235124731818611926094996337828751367422770972106106871945447087787459013419016539682579692253007997669256306678044334190343958737683833626787830959854189876711673345743229891352071395441453714329516872363078558572585460064194527798019451500567712566804669085534009811391321703082108952041911184337041897792539402496106214458120979277192533259839067349129963145395443534147512377238039651898685713406445449049290166872617628617292086319375613642792703810618236745564851457049087158661840834963661419540135158363742337750878630973637161914688328900311151288869242457269541014220968487060804170517057834972965455408167521485957636626702129395672139918211400852445909138229939457411027786749047331318679203233959006853076598513293545187508811641950752377849176619622422822865690583986800091214624688328197908428394843316056532803829279453545060994789096398534012484533311814877844201908213083717792014484879802543088847813769703124411954747150298542713179850503414173	24739664234858138982047535273920704865888201889876711837493816699690678266527069749440504790571412139398611409270908450362730376250155074764676347344069888126517298474570859817860608502873391373146285427510315747585633769201540786967750755426439244909325087395028128868044225308262789884128060956514754247517702306425810931411575896427989859706075064718218471893517140662118299639008577497356111854595428210166315807732026393320608795249168317651695729421548767897306733768613302513900313747234910216702628396343057972743120228768071687743367812170271420131539175277064250947772621001186024499362163335793602171390789441233345359317297987613512980491695577916997660396957915557900310271635623458055025007041775847069041635811203256895352566087822033786766343037302223398419442420288675160901222754706690690966518603785237711745730763499632246794821702611212581403238113406002252819908487238453210437930412907369377220770586565902403360469112052194331355699172681218058600912097861834234685728509163337737349074185342289032272009772529037195573254778966688587558900055660072144278809022487554382658809806558064428353021275127081776410900980967206199354460442391625214857639764133401759178616057210708327015756512805544520436902632270980403064128604110300347781624155351569719940155697818702422095998917819053965079478845711385304612753166567647817060274424315609406216581605903271903071111142231567855836177743434207965284248559828227670980935094414404596304862841163628176426562167212678084331271418625131238513014304885842984476307632638923525389950421623236969408163218539808699839673998520880527251036424702507002691092507786029742940917532263288624870251667568134708948416815280116998811635484394755359688876003475822347797018608966250902954807399888775482913308086222364262723056806056566937829248966366441405994968117591242682299546053773752069078072978975272777039484988027354852533816738689525380273004205580008068896254912308397981830602843645053541762655347414577583162866028361627311233253967843432168606088359860693381404293265368988464952178193925183598686443636199402331778672598281982405672816686049893808867694360263731123835216517133501169556884508318046660497028276803524992137448604891645392823961048290557940919848301600945372417476376974720540905481772821379124821807360138763043667296415504222694261813780363575930726214389579133791390454258241741674218904154560748668528159	1,-4,-4,-4,-4,-4,3,3,3,3,3,3	-4,-4,-4,-4,-4,3,3,3,3,3,3,3	ok
0.294294	12.552553	-54.264496	0.440388	continued:5	24739664234858138982047535273920704865888201889876711837493816699690678265963591165069870505023217046633362579621148489165328977987949899797415602900085081435628786567950676391780949633448253616219680559998014214784634910618447122667639804607217055610037222276897125660535867393387520758988742191975475097134159821776175469287214857624750265388130867415580412873925910271279382629434282479656095907178473638142326186864698341018602123575843883404208311798618679388046194707946385968872279636660172423920762823771748609336176990325713506490614247467311351878471253089939596514261196666267475682898635077588364628629417296554229734815495315011752337585393015754405944996164827318009845582551593321289722257247006063686910061456841431892563940020873466746931070957111770150069590359792388197563206227771911411885143855184505614961998508226343153531223089971459935049708039359327667779120430067461929055441744031224422705223831560005091108633317128720548165517033711719448300771525660964913525817712220131912105082815080054605883136048554894173783193438041716508681297001277350562437894851607688119124032266056066591963623197071229719772200831481260746898621517899928612391918713268983151048632780119648896253765940151777173575597570025320253082336116946689981147789765900355562110523987436189411566954756946831913765892283629482126668117215787661175622538482371666841405595054624551275871666632475049764341931929868507018454948365774171910807496638367218687366613903751947086947394002612630474683257999387223688134848014104823955551645010680263372366206458226198558279883447844315148180302724249331888726196930807213187997142652942313186005148224878224024593537200103980637926868603500896185830904692094904758235554768415409124757267836161356776521732484146109863946926378105041694979170269733992817805415234240628485488200053302199364211031646323082439647263607276631895871769259044401451363766451126814443473134220489198884697731101960802990910300139680959518854832128513597114746389737973151315057975842081443516593123962467786526070102139874765749035637088432614260030772344792316488840415153698481155126035457741137680097748660410763036811870095293313414540437283852893333234643562710973384060038416228190613325616933189150517789061901654152308030489428549857055082465581427407486143000730202660813809057790100346399768338483335257539245860316494779637880208922066168766414992991208014608723526	24739664234858138982047535273920704865888201889876711837493816699690678266527069749440504790571412139398611409270908450362730376250155074764676347344069888126517298474570859817860608502873391373146285427510315747585633769201540786967750755426439244909325087395028128868044225308262789884128060956514754247517702306425810931411575896427989859706075064718218471893517140662118299639008577497356111854595428210166315807732026393320608795249168317651695729421548767897306733768613302513900313747234910216702628396343057972743120228768071687743367812170271420131539175277064250947772621001186024499362163335793602171390789441233345359317297987613512980491695577916997660396957915557900310271635623458055025007041775847069041635811203256895352566087822033786766343037302223398419442420288675160901222754706690690966518603785237711745730763499632246794821702611212581403238113406002252819908487238453210437930412907369377220770586565902403360469112052194331355699172681218058600912097861834234685728509163337737349074185342289032272009772529037195573254778966688587558900055660072144278809022487554382658809806558064428353021275127081776410900980967206199354460442391625214857639764133401759178616057210708327015756512805544520436902632270980403064128604110300347781624155351569719940155697818702422095998917819053965079478845711385304612753166567647817060274424315609406216581605903271903071111142231567855836177743434207965284248559828227670980935094414404596304862841163628176426562167212678084331271418625131238513014304885842984476307632638923525389950421623236969408163218539808699839673998520880527251036424702507002691092507786029742940917532263288624870251667568134708948416815280116998811635484394755359688876003475822347797018608966250902954807399888775482913308086222364262723056806056566937829248966366441405994968117591242682299546053773752069078072978975272777039484988027354852533816738689525380273004205580008068896254912308397981830602843645053541762655347414577583162866028361627311233253967843432168606088359860693381404293265368988464952178193925183598686443636199402331778672598281982405672816686049893808867694360263731123835216517133501169556884508318046660497028276803524992137448604891645392823961048290557940919848301600945372417476376974720540905481772821379124821807360138763043667296415504222694261813780363575930726214389579133791390454258241741674218904154560748668528159	1,3,3,3,3,3,3,3,3,3,3,3	-4,-4,-4,-4,-4,3,3,3,3,3,3,3	ok
0.298298	12.552553	-55.196893	0.441431	continued:5	24739664234858138982047535273920704865888201889876711837493816699690678265963591165069870505023217046633362579621148489165328977987949899797415602900085081435628786567950676391780949633448253616219680559998014214784634910618447122667639804607217055610037222276897125660535867393387520758988742191975475097134159821776175469287214857624750265388130867415580412873925910271279382629434282479656095907178473638142326186864698341018602123575843883404208311798618679388046194707946385968872279636660172423920762823771748609336176990325713506490614247467311351878471253089939596514261196666267475682898635077588364628629417296554229734815495315011752337585393015754405944996164827318009845582551593321289722257247006063686910061456841431892563940020873466746931070957111770150069590359792388197563206227771911411885143855184505614961998508226343153531223089971459935049708039359327667779120430067461929055441744031224422705223831560005091108633317128720548165517033711719448300771525660964913525817712220131912105082815080054605883136048554894173783193438041716508681297001277350562437894851607688119124032266056066591963623197071229719772200831481260746898621517899928612391918713268983151048632780119655930408190582553524627904057071942769938736862457235924274975877692875969260912825240440176312796169883715527296420812911085368231803397367822990876417832371726944474641149344806282859835563177758758315140869621665338558538229319788140992642348683078964438303205169238089677606281386970253341769254691973676747054001600056884371509167578247128910554017708455798400339763929792299326278161913247735847547901720607853014273297061169415154483166033077865097453650461838107532682052642437808745312631797604500447563344035980600655360681484274936965759099895773785743476559627847035998495623947412514142251410657373695628596507787826274803330499930271551011927848963095389998115464084361772602196582573023653623911344037727364227195594183603523434780747077500441651045950433605054450968920210102886398197382751252220063486096686194630712738899496659850907030285511459146924946136142303252814811401903979278425790228571196558652325907826618637862596663393079577711958009484587139118727133603578984775841831059511392904829664132579075616389269418347099007484820626482853352165533173315748528323140233506000037753936239379980930850327518548701251621213257545847129540580490183656973082502121819713680447958	24739664234858138982047535273920704865888201889876711837493816699690678266527069749440504790571412139398611409270908450362730376250155074764676347344069888126517298474570859817860608502873391373146285427510315747585633769201540786967750755426439244909325087395028128868044225308262789884128060956514754247517702306425810931411575896427989859706075064718218471893517140662118299639008577497356111854595428210166315807732026393320608795249168317651695729421548767897306733768613302513900313747234910216702628396343057972743120228768071687743367812170271420131539175277064250947772621001186024499362163335793602171390789441233345359317297987613512980491695577916997660396957915557900310271635623458055025007041775847069041635811203256895352566087822033786766343037302223398419442420288675160901222754706690690966518603785237711745730763499632246794821702611212581403238113406002252819908487238453210437930412907369377220770586565902403360469112052194331355699172681218058600912097861834234685728509163337737349074185342289032272009772529037195573254778966688587558900055660072144278809022487554382658809806558064428353021275127081776410900980967206199354460442391625214857639764133401759178616057210708327015756512805544520436902632270980403064128604110300347781624155351569719940155697818702422095998917819053965079478845711385304612753166567647817060274424315609406216581605903271903071111142231567855836177743434207965284248559828227670980935094414404596304862841163628176426562167212678084331271418625131238513014304885842984476307632638923525389950421623236969408163218539808699839673998520880527251036424702507002691092507786029742940917532263288624870251667568134708948416815280116998811635484394755359688876003475822347797018608966250902954807399888775482913308086222364262723056806056566937829248966366441405994968117591242682299546053773752069078072978975272777039484988027354852533816738689525380273004205580008068896254912308397981830602843645053541762655347414577583162866028361627311233253967843432168606088359860693381404293265368988464952178193925183598686443636199402331778672598281982405672816686049893808867694360263731123835216517133501169556884508318046660497028276803524992137448604891645392823961048290557940919848301600945372417476376974720540905481772821379124821807360138763043667296415504222694261813780363575930726214389579133791390454258241741674218904154560748668528159	-2,3,3,3,3,3,3,3,3,3,3,3	-4,-4,-4,-4,-4,3,3,3,3,3,3,3	ok
0.302302	12.552553	-55.784733	0.444224	continued:5	24739664234858138982047535273920704865888201889876711837493816699690678265963591165069870505023217046633362579621148489165328977987949899797415602900085081435628786567950676391780949633448253616219680559998014214784634910618447122667639804607217055610037222276897125660535867393387520758988742191975475097134159821776175469287214857624750265388130867415580412873925910271279382629434282479656095907178473638142326186864698341018602123575843883404208311798618679388046194707946385968872279636660172423920762823771748609336176990325713506490614247467311351878471253089939596514261196666267475682898635077588364628629417296554229734815495315011752337585393015754405944996164827318009845582551593321289722257247006063686910061456841431892563940020873466746931070957111770150069590359792388197563206227771911411885143855184505614961998508226343153531223089971459935049708039359327667779120430067461929055441744031224422705223831560005091108633317128720548165517033711719448300771525660964913525817712220131912105082815080054605883136048554894173783193438041716508681297001277350562437894851607688119124032266056066591963623197071229719772200831481260746898621517899928612391918713268983151048632780119648896253765940151777173575597570025320253082336116946689981147789765900355562110523987436189411566954756946831913765892283629482126668117215787661175622538482371666841405595054624551275871666632475049764341931929868507018454948365774171910807496638367218687366613903751947086947394002612630474683257999387223688134848014104823955551645010680263372366206458226198558279883447844315148180302724249331888726196930807213187997142652942313186005148224878224024593537200103980637926868603500896185830904692094904758235554768415409124757267836161356776521732484146109863946926378105041694979170269733992817805415234240628485488200053302199364211031646323082439647263607276631895871769259044401451363766451126814443473134220489198884697731101960802990910300139680959518854832128513597114746389737973151315057975842081443516593123962467786526070102139874765749035637088432614260030772344792316488840415153698481155126035457741137680097748660410763036811870095293313414540437283852893333234643562710973384060038416228190613325616933189150517789061901654152308030489428549857055082465581427407486143000730202660813809057790100346399768338483335257539245860316494779637880208922066168766414992991208014608723526	24739664234858138982047535273920704865888201889876711837493816699690678266527069749440504790571412139398611409270908450362730376250155074764676347344069888126517298474570859817860608502873391373146285427510315747585633769201540786967750755426439244909325087395028128868044225308262789884128060956514754247517702306425810931411575896427989859706075064718218471893517140662118299639008577497356111854595428210166315807732026393320608795249168317651695729421548767897306733768613302513900313747234910216702628396343057972743120228768071687743367812170271420131539175277064250947772621001186024499362163335793602171390789441233345359317297987613512980491695577916997660396957915557900310271635623458055025007041775847069041635811203256895352566087822033786766343037302223398419442420288675160901222754706690690966518603785237711745730763499632246794821702611212581403238113406002252819908487238453210437930412907369377220770586565902403360469112052194331355699172681218058600912097861834234685728509163337737349074185342289032272009772529037195573254778966688587558900055660072144278809022487554382658809806558064428353021275127081776410900980967206199354460442391625214857639764133401759178616057210708327015756512805544520436902632270980403064128604110300347781624155351569719940155697818702422095998917819053965079478845711385304612753166567647817060274424315609406216581605903271903071111142231567855836177743434207965284248559828227670980935094414404596304862841163628176426562167212678084331271418625131238513014304885842984476307632638923525389950421623236969408163218539808699839673998520880527251036424702507002691092507786029742940917532263288624870251667568134708948416815280116998811635484394755359688876003475822347797018608966250902954807399888775482913308086222364262723056806056566937829248966366441405994968117591242682299546053773752069078072978975272777039484988027354852533816738689525380273004205580008068896254912308397981830602843645053541762655347414577583162866028361627311233253967843432168606088359860693381404293265368988464952178193925183598686443636199402331778672598281982405672816686049893808867694360263731123835216517133501169556884508318046660497028276803524992137448604891645392823961048290557940919848301600945372417476376974720540905481772821379124821807360138763043667296415504222694261813780363575930726214389579133791390454258241741674218904154560748668528159	1,3,3,3,3,3,3,3,3,3,3,3	-4,-4,-4,-4,-4,3,3,3,3,3,3,3	ok
0.306306	12.552553	-56.162875	0.447017	continued:5	24739664234858138982047535273920704865888201889876711837493816699690678265963591165069870505023217046633362579621148489165328977987949899797415602900085081435628786567950676391780949633448253616219680559998014214784634910618447122667639804607217055610037222276897125660535867393387520758988742191975475097134159821776175469287214857624750265388130867415580412873925910271279382629434282479656095907178473638142326186864698341018602123575843883404208311798618679388046194707946385968872279636660172423920762823771748609336176990325713506490614247467311351878471253089939596514261196666267475682898635077588364628629417296554229734815495315011752337585393015754405944996164827318009845582551593321289722257247006063686910061456841431892563940020873466746931070957111770150069590359792388197563206227771911411885143855184505614961998508226343153531223089971459935049708039359327667779120430067461929055441744031224422705223831560005091108633317128720548165517033711719448300771525660964913525817712220131912105082815080054605883136048554894173783193438041716508681297001277350562437894851607688119124032266056066591963623197071229719772200831481260746898621517899928612391918713268983151048632780119648896253765940151777173575597570025320253082336116946689981147789765900355562110523987436189411566954756946831913765892283629482126668117215787661175622538482371666841405595054624551275871666632475049764341931929868507018454948365774171910807496638367218687366613903751947086947394002612630474683257999387223688134848014104823955551645010680263372366206458226198558279883447844315148180302724249331888726196930807213187997142652942313186005148224878224024593537200103980637926868603500896185830904692094904758235554768415409124757267836161356776521732484146109863946926378105041694979170269733992817805415234240628485488200053302199364211031646323082439647263607276631895871769259044401451363766451126814443473134220489198884697731101960802990910300139680959518854832128513597114746389737973151315057975842081443516593123962467786526070102139874765749035637088432614260030772344792316488840415153698481155126035457741137680097748660410763036811870095293313414540437283852893333234643562710973384060038416228190613325616933189150517789061901654152308030489428549857055082465581427407486143000730202660813809057790100346399768338483335257539245860316494779637880208922066168766414992991208014608723526	24739664234858138982047535273920704865888201889876711837493816699690678266527069749440504790571412139398611409270908450362730376250155074764676347344069888126517298474570859817860608502873391373146285427510315747585633769201540786967750755426439244909325087395028128868044225308262789884128060956514754247517702306425810931411575896427989859706075064718218471893517140662118299639008577497356111854595428210166315807732026393320608795249168317651695729421548767897306733768613302513900313747234910216702628396343057972743120228768071687743367812170271420131539175277064250947772621001186024499362163335793602171390789441233345359317297987613512980491695577916997660396957915557900310271635623458055025007041775847069041635811203256895352566087822033786766343037302223398419442420288675160901222754706690690966518603785237711745730763499632246794821702611212581403238113406002252819908487238453210437930412907369377220770586565902403360469112052194331355699172681218058600912097861834234685728509163337737349074185342289032272009772529037195573254778966688587558900055660072144278809022487554382658809806558064428353021275127081776410900980967206199354460442391625214857639764133401759178616057210708327015756512805544520436902632270980403064128604110300347781624155351569719940155697818702422095998917819053965079478845711385304612753166567647817060274424315609406216581605903271903071111142231567855836177743434207965284248559828227670980935094414404596304862841163628176426562167212678084331271418625131238513014304885842984476307632638923525389950421623236969408163218539808699839673998520880527251036424702507002691092507786029742940917532263288624870251667568134708948416815280116998811635484394755359688876003475822347797018608966250902954807399888775482913308086222364262723056806056566937829248966366441405994968117591242682299546053773752069078072978975272777039484988027354852533816738689525380273004205580008068896254912308397981830602843645053541762655347414577583162866028361627311233253967843432168606088359860693381404293265368988464952178193925183598686443636199402331778672598281982405672816686049893808867694360263731123835216517133501169556884508318046660497028276803524992137448604891645392823961048290557940919848301600945372417476376974720540905481772821379124821807360138763043667296415504222694261813780363575930726214389579133791390454258241741674218904154560748668528159	1,3,3,3,3,3,3,3,3,3,3,3	-4,-4,-4,-4,-4,3,3,3,3,3,3,3	ok
0.310310	12.552553	-56.407408	0.449811	continued:5	24739664234858138982047535273920704865888201889876711837493816699690678265963591165069870505023217046633362579621148489165328977987949899797415602900085081435628786567950676391780949633448253616219680559998014214784634910618447122667639804607217055610037222276897125660535867393387520758988742191975475097134159821776175469287214857624750265388130867415580412873925910271279382629434282479656095907178473638142326186864698341018602123575843883404208311798618679388046194707946385968872279636660172423920762823771748609336176990325713506490614247467311351878471253089939596514261196666267475682898635077588364628629417296554229734815495315011752337585393015754405944996164827318009845582551593321289722257247006063686910061456841431892563940020873466746931070957111770150069590359792388197563206227771911411885143855184505614961998508226343153531223089971459935049708039359327667779120430067461929055441744031224422705223831560005091108633317128720548165517033711719448300771525660964913525817712220131912105082815080054605883136048554894173783193438041716508681297001277350562437894851607688119124032266056066591963623197071229719772200831481260746898621517899928612391918713268983151048632780119634827944916655348282264918678566190420881773283436368221393491613911949128164505921481428215609108524503409441148456051028717709916397556911717001774031950703661111574934486474261088107943873541907632662744056546274843938288386457746233747137792548943727185493431372779661905629619233897384740511264614214317570296540842200703123636599875546532295990583957766998874160122483948346791984584346252523971082787351205933535444833836488109249049112608478941878873310676635726848416500525627071066867450481075713379579976233285026063550440539934196398046997660890758104887659878621053087946262914376950168913424387974494199271584584254048485972095078426145295086092895639115691384379608409659149698134207333136082596714586012868199702004938675362103169406264041995254472595518330682442301328793713681148779162023739890422807178515014098152732507426304595433046340242379548930200044749770443836898441653136886613797649230830295735641430327995013385242283499720784819705292882384401762249663480974950600496453129661786030317522534409300320588646868268258909121827032683864460916330397650725401782721723595982365919300891541077337604360412908370114495154434392644654559465785831192353079974729984616465274665	24739664234858138982047535273920704865888201889876711837493816699690678266527069749440504790571412139398611409270908450362730376250155074764676347344069888126517298474570859817860608502873391373146285427510315747585633769201540786967750755426439244909325087395028128868044225308262789884128060956514754247517702306425810931411575896427989859706075064718218471893517140662118299639008577497356111854595428210166315807732026393320608795249168317651695729421548767897306733768613302513900313747234910216702628396343057972743120228768071687743367812170271420131539175277064250947772621001186024499362163335793602171390789441233345359317297987613512980491695577916997660396957915557900310271635623458055025007041775847069041635811203256895352566087822033786766343037302223398419442420288675160901222754706690690966518603785237711745730763499632246794821702611212581403238113406002252819908487238453210437930412907369377220770586565902403360469112052194331355699172681218058600912097861834234685728509163337737349074185342289032272009772529037195573254778966688587558900055660072144278809022487554382658809806558064428353021275127081776410900980967206199354460442391625214857639764133401759178616057210708327015756512805544520436902632270980403064128604110300347781624155351569719940155697818702422095998917819053965079478845711385304612753166567647817060274424315609406216581605903271903071111142231567855836177743434207965284248559828227670980935094414404596304862841163628176426562167212678084331271418625131238513014304885842984476307632638923525389950421623236969408163218539808699839673998520880527251036424702507002691092507786029742940917532263288624870251667568134708948416815280116998811635484394755359688876003475822347797018608966250902954807399888775482913308086222364262723056806056566937829248966366441405994968117591242682299546053773752069078072978975272777039484988027354852533816738689525380273004205580008068896254912308397981830602843645053541762655347414577583162866028361627311233253967843432168606088359860693381404293265368988464952178193925183598686443636199402331778672598281982405672816686049893808867694360263731123835216517133501169556884508318046660497028276803524992137448604891645392823961048290557940919848301600945372417476376974720540905481772821379124821807360138763043667296415504222694261813780363575930726214389579133791390454258241741674218904154560748668528159	0,3,3,3,3,3,3,3,3,3,3,3	-4,-4,-4,-4,-4,3,3,3,3,3,3,3	ok
0.314314	12.552553	-56.557842	0.448020	continued:5	24739664234858138982047535273920704865888201889876711837493816699690678265963591165069870505023217046633362579621148489165328977987949899797415602900085081435628786567950676391780949633448253616219680559998014214784634910618447122667639804607217055610037222276897125660535867393387520758988742191975475097134159821776175469287214857624750265388130867415580412873925910271279382629434282479656095907178473638142326186864698341018602123575843883404208311798618679388046194707946385968872279636660172423920762823771748609336176990325713506490614247467311351878471253089939596514261196666267475682898635077588364628629417296554229734815495315011752337585393015754405944996164827318009845582551593321289722257247006063686910061456841431892563940020873466746931070957111770150069590359792388197563206227771911411885143855184505614961998508226343153531223089971459935049708039359327667779120430067461929055441744031224422705223831560005091108633317128720548165517033711719448300771525660964913525817712220131912105082815080054605883136048554894173783193438041716508681297001277350562437894851607688119124032266056066591963623197071229719772200831481260746898621517899928612391918713268983151048632780119634827944916655348282264918678566190420881773283436368221393491613911949128164505921481428215609108524503409441148456051028717709916397556911717001774031950703661111574934486474261088107943873541907632662744056546274843938288386457746233747137792548943727185493431372779661905629619233897384740511264614214317570296540842200703123636599875546532295990583957766998874160122483948346791984584346252523971082787351205933535444833836488109249049112608478941878873310676635726848416500525627071066867450481075713379579976233285026063550440539934196398046997660890758104887659878621053087946262914376950168913424387974494199271584584254048485972095078426145295086092895639115691384379608409659149698134207333136082596714586012868199702004938675362103169406264041995254472595518330682442301328793713681148779162023739890422807178515014098152732507426304595433046340242379548930200044749770443836898441653136886613797649230830295735641430327995013385242283499720784819705292882384401762249663480974950600496453129661786030317522534409300320588646868268258909121827032683864460916330397650725401782721723595982365919300891541077337604360412908370114495154434392644654559465785831192353079974729984616465274665	24739664234858138982047535273920704865888201889876711837493816699690678266527069749440504790571412139398611409270908450362730376250155074764676347344069888126517298474570859817860608502873391373146285427510315747585633769201540786967750755426439244909325087395028128868044225308262789884128060956514754247517702306425810931411575896427989859706075064718218471893517140662118299639008577497356111854595428210166315807732026393320608795249168317651695729421548767897306733768613302513900313747234910216702628396343057972743120228768071687743367812170271420131539175277064250947772621001186024499362163335793602171390789441233345359317297987613512980491695577916997660396957915557900310271635623458055025007041775847069041635811203256895352566087822033786766343037302223398419442420288675160901222754706690690966518603785237711745730763499632246794821702611212581403238113406002252819908487238453210437930412907369377220770586565902403360469112052194331355699172681218058600912097861834234685728509163337737349074185342289032272009772529037195573254778966688587558900055660072144278809022487554382658809806558064428353021275127081776410900980967206199354460442391625214857639764133401759178616057210708327015756512805544520436902632270980403064128604110300347781624155351569719940155697818702422095998917819053965079478845711385304612753166567647817060274424315609406216581605903271903071111142231567855836177743434207965284248559828227670980935094414404596304862841163628176426562167212678084331271418625131238513014304885842984476307632638923525389950421623236969408163218539808699839673998520880527251036424702507002691092507786029742940917532263288624870251667568134708948416815280116998811635484394755359688876003475822347797018608966250902954807399888775482913308086222364262723056806056566937829248966366441405994968117591242682299546053773752069078072978975272777039484988027354852533816738689525380273004205580008068896254912308397981830602843645053541762655347414577583162866028361627311233253967843432168606088359860693381404293265368988464952178193925183598686443636199402331778672598281982405672816686049893808867694360263731123835216517133501169556884508318046660497028276803524992137448604891645392823961048290557940919848301600945372417476376974720540905481772821379124821807360138763043667296415504222694261813780363575930726214389579133791390454258241741674218904154560748668528159	0,3,3,3,3,3,3,3,3,3,3,3	-4,-4,-4,-4,-4,3,3,3,3,3,3,3	ok
0.318318	12.552553	-56.694202	0.446771	continued:5	24739664234858138982047535273920704865888201889876711837493816699690678265963591165069870505023217046633362579621148489165328977987949899797415602900085081435628786567950676391780949633448253616219680559998014214784634910618447122667639804607217055610037222276897125660535867393387520758988742191975475097134159821776175469287214857624750265388130867415580412873925910271279382629434282479656095907178473638142326186864698341018602123575843883404208311798618679388046194707946385968872279636660172423920762823771748609336176990325713506490614247467311351878471253089939596514261196666267475682898635077588364628629417296554229734815495315011752337585393015754405944996164827318009845582551593321289722257247006063686910061456841431892563940020873466746931070957111770150069590359792388197563206227771911411885143855184505614961998508226343153531223089971459935049708039359327667779120430067461929055441744031224422705223831560005091108633317128720548165517033711719448300771525660964913525817712220131912105082815080054605883136048554894173783193438041716508681297001277350562437894851607688119124032266056066591963623197071229719772200831481260746898621517899928612391918713268983151048632780119634827944916655348282264918678566190420881773283436368221393491613911949128164505921481428215609108524503409441148456051028717709916397556911717001774031950703661111574934486474261088107943873541907632662744056546274843938288386457746233747137792548943727185493431372779661905629619233897384740511264614214317570296540842200703123636599875546532295990583957766998874160122483948346791984584346252523971082787351205933535444833836488109249049112608478941878873310676635726848416500525627071066867450481075713379579976233285026063550440539934196398046997660890758104887659878621053087946262914376950168913424387974494199271584584254048485972095078426145295086092895639115691384379608409659149698134207333136082596714586012868199702004938675362103169406264041995254472595518330682442301328793713681148779162023739890422807178515014098152732507426304595433046340242379548930200044749770443836898441653136886613797649230830295735641430327995013385242283499720784819705292882384401762249663480974950600496453129661786030317522534409300320588646868268258909121827032683864460916330397650725401782721723595982365919300891541077337604360412908370114495154434392644654559465785831192353079974729984616465274665	24739664234858138982047535273920704865888201889876711837493816699690678266527069749440504790571412139398611409270908450362730376250155074764676347344069888126517298474570859817860608502873391373146285427510315747585633769201540786967750755426439244909325087395028128868044225308262789884128060956514754247517702306425810931411575896427989859706075064718218471893517140662118299639008577497356111854595428210166315807732026393320608795249168317651695729421548767897306733768613302513900313747234910216702628396343057972743120228768071687743367812170271420131539175277064250947772621001186024499362163335793602171390789441233345359317297987613512980491695577916997660396957915557900310271635623458055025007041775847069041635811203256895352566087822033786766343037302223398419442420288675160901222754706690690966518603785237711745730763499632246794821702611212581403238113406002252819908487238453210437930412907369377220770586565902403360469112052194331355699172681218058600912097861834234685728509163337737349074185342289032272009772529037195573254778966688587558900055660072144278809022487554382658809806558064428353021275127081776410900980967206199354460442391625214857639764133401759178616057210708327015756512805544520436902632270980403064128604110300347781624155351569719940155697818702422095998917819053965079478845711385304612753166567647817060274424315609406216581605903271903071111142231567855836177743434207965284248559828227670980935094414404596304862841163628176426562167212678084331271418625131238513014304885842984476307632638923525389950421623236969408163218539808699839673998520880527251036424702507002691092507786029742940917532263288624870251667568134708948416815280116998811635484394755359688876003475822347797018608966250902954807399888775482913308086222364262723056806056566937829248966366441405994968117591242682299546053773752069078072978975272777039484988027354852533816738689525380273004205580008068896254912308397981830602843645053541762655347414577583162866028361627311233253967843432168606088359860693381404293265368988464952178193925183598686443636199402331778672598281982405672816686049893808867694360263731123835216517133501169556884508318046660497028276803524992137448604891645392823961048290557940919848301600945372417476376974720540905481772821379124821807360138763043667296415504222694261813780363575930726214389579133791390454258241741674218904154560748668528159	0,3,3,3,3,3,3,3,3,3,3,3	-4,-4,-4,-4,-4,3,3,3,3,3,3,3	ok
0.322322	12.552553	-56.814119	0.445522	continued:5	24739664234858138982047535273920704865888201889876711837493816699690678265963591165069870505023217046633362579621148489165328977987949899797415602900085081435628786567950676391780949633448253616219680559998014214784634910618447122667639804607217055610037222276897125660535867393387520758988742191975475097134159821776175469287214857624750265388130867415580412873925910271279382629434282479656095907178473638142326186864698341018602123575843883404208311798618679388046194707946385968872279636660172423920762823771748609336176990325713506490614247467311351878471253089939596514261196666267475682898635077588364628629417296554229734815495315011752337585393015754405944996164827318009845582551593321289722257247006063686910061456841431892563940020873466746931070957111770150069590359792388197563206227771911411885143855184505614961998508226343153531223089971459935049708039359327667779120430067461929055441744031224422705223831560005091108633317128720548165517033711719448300771525660964913525817712220131912105082815080054605883136048554894173783193438041716508681297001277350562437894851607688119124032266056066591963623197071229719772200831481260746898621517899928612391918713268983151048632780119634827944916655348282264918678566190420881773283436368221393491613911949128164505921481428215609108524503409441148456051028717709916397556911717001774031950703661111574934486474261088107943873541907632662744056546274843938288386457746233747137792548943727185493431372779661905629619233897384740511264614214317570296540842200703123636599875546532295990583957766998874160122483948346791984584346252523971082787351205933535444833836488109249049112608478941878873310676635726848416500525627071066867450481075713379579976233285026063550440539934196398046997660890758104887659878621053087946262914376950168913424387974494199271584584254048485972095078426145295086092895639115691384379608409659149698134207333136082596714586012868199702004938675362103169406264041995254472595518330682442301328793713681148779162023739890422807178515014098152732507426304595433046340242379548930200044749770443836898441653136886613797649230830295735641430327995013385242283499720784819705292882384401762249663480974950600496453129661786030317522534409300320588646868268258909121827032683864460916330397650725401782721723595982365919300891541077337604360412908370114495154434392644654559465785831192353079974729984616465274665	24739664234858138982047535273920704865888201889876711837493816699690678266527069749440504790571412139398611409270908450362730376250155074764676347344069888126517298474570859817860608502873391373146285427510315747585633769201540786967750755426439244909325087395028128868044225308262789884128060956514754247517702306425810931411575896427989859706075064718218471893517140662118299639008577497356111854595428210166315807732026393320608795249168317651695729421548767897306733768613302513900313747234910216702628396343057972743120228768071687743367812170271420131539175277064250947772621001186024499362163335793602171390789441233345359317297987613512980491695577916997660396957915557900310271635623458055025007041775847069041635811203256895352566087822033786766343037302223398419442420288675160901222754706690690966518603785237711745730763499632246794821702611212581403238113406002252819908487238453210437930412907369377220770586565902403360469112052194331355699172681218058600912097861834234685728509163337737349074185342289032272009772529037195573254778966688587558900055660072144278809022487554382658809806558064428353021275127081776410900980967206199354460442391625214857639764133401759178616057210708327015756512805544520436902632270980403064128604110300347781624155351569719940155697818702422095998917819053965079478845711385304612753166567647817060274424315609406216581605903271903071111142231567855836177743434207965284248559828227670980935094414404596304862841163628176426562167212678084331271418625131238513014304885842984476307632638923525389950421623236969408163218539808699839673998520880527251036424702507002691092507786029742940917532263288624870251667568134708948416815280116998811635484394755359688876003475822347797018608966250902954807399888775482913308086222364262723056806056566937829248966366441405994968117591242682299546053773752069078072978975272777039484988027354852533816738689525380273004205580008068896254912308397981830602843645053541762655347414577583162866028361627311233253967843432168606088359860693381404293265368988464952178193925183598686443636199402331778672598281982405672816686049893808867694360263731123835216517133501169556884508318046660497028276803524992137448604891645392823961048290557940919848301600945372417476376974720540905481772821379124821807360138763043667296415504222694261813780363575930726214389579133791390454258241741674218904154560748668528159	0,3,3,3,3,3,3,3,3,3,3,3	-4,-4,-4,-4,-4,3,3,3,3,3,3,3	ok
0.326326	12.552553	-56.921950	0.444814	continued:5	24739664234858138982047535273920704865888201889876711837493816699690678265963591165069870505023217046633362579621148489165328977987949899797415602900085081435628786567950676391780949633448253616219680559998014214784634910618447122667639804607217055610037222276897125660535867393387520758988742191975475097134159821776175469287214857624750265388130867415580412873925910271279382629434282479656095907178473638142326186864698341018602123575843883404208311798618679388046194707946385968872279636660172423920762823771748609336176990325713506490614247467311351878471253089939596514261196666267475682898635077588364628629417296554229734815495315011752337585393015754405944996164827318009845582551593321289722257247006063686910061456841431892563940020873466746931070957111770150069590359792388197563206227771911411885143855184505614961998508226343153531223089971459935049708039359327667779120430067461929055441744031224422705223831560005091108633317128720548165517033711719448300771525660964913525817712220131912105082815080054605883136048554894173783193438041716508681297001277350562437894851607688119124032266056066591963623197071229719772200831481260746898621517899928612391918713268983151048632780119634827944916655348282264918678566190420881773283436368221393491613911949128164505921481428215609108524503409441148456051028717709916397556911717001774031950703661111574934486474261088107943873541907632662744056546274843938288386457746233747137792548943727185493431372779661905629619233897384740511264614214317570296540842200703123636599875546532295990583957766998874160122483948346791984584346252523971082787351205933535444833836488109249049112608478941878873310676635726848416500525627071066867450481075713379579976233285026063550440539934196398046997660890758104887659878621053087946262914376950168913424387974494199271584584254048485972095078426145295086092895639115691384379608409659149698134207333136082596714586012868199702004938675362103169406264041995254472595518330682442301328793713681148779162023739890422807178515014098152732507426304595433046340242379548930200044749770443836898441653136886613797649230830295735641430327995013385242283499720784819705292882384401762249663480974950600496453129661786030317522534409300320588646868268258909121827032683864460916330397650725401782721723595982365919300891541077337604360412908370114495154434392644654559465785831192353079974729984616465274665	24739664234858138982047535273920704865888201889876711837493816699690678266527069749440504790571412139398611409270908450362730376250155074764676347344069888126517298474570859817860608502873391373146285427510315747585633769201540786967750755426439244909325087395028128868044225308262789884128060956514754247517702306425810931411575896427989859706075064718218471893517140662118299639008577497356111854595428210166315807732026393320608795249168317651695729421548767897306733768613302513900313747234910216702628396343057972743120228768071687743367812170271420131539175277064250947772621001186024499362163335793602171390789441233345359317297987613512980491695577916997660396957915557900310271635623458055025007041775847069041635811203256895352566087822033786766343037302223398419442420288675160901222754706690690966518603785237711745730763499632246794821702611212581403238113406002252819908487238453210437930412907369377220770586565902403360469112052194331355699172681218058600912097861834234685728509163337737349074185342289032272009772529037195573254778966688587558900055660072144278809022487554382658809806558064428353021275127081776410900980967206199354460442391625214857639764133401759178616057210708327015756512805544520436902632270980403064128604110300347781624155351569719940155697818702422095998917819053965079478845711385304612753166567647817060274424315609406216581605903271903071111142231567855836177743434207965284248559828227670980935094414404596304862841163628176426562167212678084331271418625131238513014304885842984476307632638923525389950421623236969408163218539808699839673998520880527251036424702507002691092507786029742940917532263288624870251667568134708948416815280116998811635484394755359688876003475822347797018608966250902954807399888775482913308086222364262723056806056566937829248966366441405994968117591242682299546053773752069078072978975272777039484988027354852533816738689525380273004205580008068896254912308397981830602843645053541762655347414577583162866028361627311233253967843432168606088359860693381404293265368988464952178193925183598686443636199402331778672598281982405672816686049893808867694360263731123835216517133501169556884508318046660497028276803524992137448604891645392823961048290557940919848301600945372417476376974720540905481772821379124821807360138763043667296415504222694261813780363575930726214389579133791390454258241741674218904154560748668528159	0,3,3,3,3,3,3,3,3,3,3,3	-4,-4,-4,-4,-4,3,3,3,3,3,3,3	ok
0.330330	12.552553	-57.014119	0.444312	full	24739664234858138982047535273920704865888201889876711837493816699690678265963591165069870505023217046633362579621148489165328977987949899797415602900085081435628786567950676391780949633448253616219680559998014214784634910618447122667639804607217055610037222276897125660535867393387520758988742191975475097134159821776175469287214857624750265388130867415580412873925910271279382629434282479656095907178473638142326186864698341018602123575843883404208311798618679388046194707946385968872279636660172423920762823771748609336176990325713506490614247467311351878471253089939596514261196666267475682898635077588364628629417296554229734815495315011752337585393015754405944996164827318009845582551593321289722257247006063686910061456841431892563940020873466746931070957111770150069590359792388197563206227771911411885143855184505614961998508226343153531223089971459935049708039359327667779120430067461929055441744031224422705223831560005091108633317128720548165517033711719448300771525660964913525817712220131912105082815080054605883136048554894173783193438041716508681297001277350562437894851607688119124032266056066591963623197071229719772200831481260746898621517899928612391918713268983151048632780119634827944916655348282264918678566190420881773283436368221393491613911949128164505921481428215609108524503409441148456051028717709916397556911717001774031950703661111574934486474261088107943873541907632662744056546274843938288386457746233747137792548943727185493431372779661905629619233897384740511264614214317570296540842200703123636599875546532295990583957766998874160122483948346791984584346252523971082787351205933535444833836488109249049112608478941878873310676635726848416500525627071066867450481075713379579976233285026063550440539934196398046997660890758104887659878621053087946262914376950168913424387974494199271584584254048485972095078426145295086092895639115691384379608409659149698134207333136082596714586012868199702004938675362103169406264041995254472595518330682442301328793713681148779162023739890422807178515014098152732507426304595433046340242379548930200044749770443836898441653136886613797649230830295735641430327995013385242283499720784819705292882384401762249663480974950600496453129661786030317522534409300320588646868268258909121827032683864460916330397650725401782721723595982365919300891541077337604360412908370114495154434392644654559465785831192353079974729984616465274665	24739664234858138982047535273920704865888201889876711837493816699690678266527069749440504790571412139398611409270908450362730376250155074764676347344069888126517298474570859817860608502873391373146285427510315747585633769201540786967750755426439244909325087395028128868044225308262789884128060956514754247517702306425810931411575896427989859706075064718218471893517140662118299639008577497356111854595428210166315807732026393320608795249168317651695729421548767897306733768613302513900313747234910216702628396343057972743120228768071687743367812170271420131539175277064250947772621001186024499362163335793602171390789441233345359317297987613512980491695577916997660396957915557900310271635623458055025007041775847069041635811203256895352566087822033786766343037302223398419442420288675160901222754706690690966518603785237711745730763499632246794821702611212581403238113406002252819908487238453210437930412907369377220770586565902403360469112052194331355699172681218058600912097861834234685728509163337737349074185342289032272009772529037195573254778966688587558900055660072144278809022487554382658809806558064428353021275127081776410900980967206199354460442391625214857639764133401759178616057210708327015756512805544520436902632270980403064128604110300347781624155351569719940155697818702422095998917819053965079478845711385304612753166567647817060274424315609406216581605903271903071111142231567855836177743434207965284248559828227670980935094414404596304862841163628176426562167212678084331271418625131238513014304885842984476307632638923525389950421623236969408163218539808699839673998520880527251036424702507002691092507786029742940917532263288624870251667568134708948416815280116998811635484394755359688876003475822347797018608966250902954807399888775482913308086222364262723056806056566937829248966366441405994968117591242682299546053773752069078072978975272777039484988027354852533816738689525380273004205580008068896254912308397981830602843645053541762655347414577583162866028361627311233253967843432168606088359860693381404293265368988464952178193925183598686443636199402331778672598281982405672816686049893808867694360263731123835216517133501169556884508318046660497028276803524992137448604891645392823961048290557940919848301600945372417476376974720540905481772821379124821807360138763043667296415504222694261813780363575930726214389579133791390454258241741674218904154560748668528159	0,3,3,3,3,3,3,3,3,3,3,3	-4,-4,-4,-4,-4,3,3,3,3,3,3,3	ok
0.334334	12.552553	-46.988459	0.423885	continued:5	24739664234858138982047535273920704895757539726112908251438163205018941142815780311745551274768732340258877681883220709254438060557727943084431578832787664786285033962897137475109966594536921196345368988178928734319550990616798234738426441329975811082542418687032574754555670308806400073011386994034122559084338923961564827243679948341711906639370687199591334610184232323549682995276987956088064516661660343597404353309026284818116830917705446825786992810866587209705521015335282251073699235984232692064386328873635550251467202252037321107786049250681199223578740058812830716655171327994111037989161388580029907113217692516151428882189052826236600101273658886718730310553097215413200632660197834522110148812564416726466161627534493324033549752171802592897151602613248451315348260736832056433051559954155147585463625391563460493609698430870330083136852882419032247730342913978343554562730770419758446813349422527948308241368216588733332198672216448671794686245327236681990537031981609573316311253709649252862192211878152631195397035161127064177339265906900387740653342404629140325692355213269809853567599849659085628930540968823303404033463195252204362983977144369471637695837923620243240181198736962995901859480036973023909205953122682260002466889881555114569016089373999241654603949447594279473281503564045842473334678274261026089693561307209494535507700418187494096621763004702853003855689744580594703744483838151768796640819877349594218266197992530962409452368193318447425687064727620251150366033303693780286621230049121055674110395915902441403194620371125118943600652847429479358268212438884339328801835077266470430907852470854367177947525175133904160060578633478797997994940654957795787260759006389663647867556322796383141693399650590656282798389664234089572386088486935161659564176697806028784099330919867890092665395257780292550017255332520880325035249543943852697023956482652175930440966670459832521182438259673245799479219006646108636251604085242714657576348757610318178426697755469991404993686300517457470145563610850175091031875928535175956604582529625168028203936645915163406598375932255594768681483927312041839588440878702798024859266721128007645927170104804653587749768788833036190768571209657946184391304097901551943028695186715466976311948644003803215016708838813322938733138259279706927333715365318533342622040676196565835150637017370673020253736281907835186429266172101494023025	24739664234858138982047535273920704865888201889876711837493816699690678266527069749440504790571412139398611409270908450362730376250155074764676347344069888126517298474570859817860608502873391373146285427510315747585633769201540786967750755426439244909325087395028128868044225308262789884128060956514754247517702306425810931411575896427989859706075064718218471893517140662118299639008577497356111854595428210166315807732026393320608795249168317651695729421548767897306733768613302513900313747234910216702628396343057972743120228768071687743367812170271420131539175277064250947772621001186024499362163335793602171390789441233345359317297987613512980491695577916997660396957915557900310271635623458055025007041775847069041635811203256895352566087822033786766343037302223398419442420288675160901222754706690690966518603785237711745730763499632246794821702611212581403238113406002252819908487238453210437930412907369377220770586565902403360469112052194331355699172681218058600912097861834234685728509163337737349074185342289032272009772529037195573254778966688587558900055660072144278809022487554382658809806558064428353021275127081776410900980967206199354460442391625214857639764133401759178616057210708327015756512805544520436902632270980403064128604110300347781624155351569719940155697818702422095998917819053965079478845711385304612753166567647817060274424315609406216581605903271903071111142231567855836177743434207965284248559828227670980935094414404596304862841163628176426562167212678084331271418625131238513014304885842984476307632638923525389950421623236969408163218539808699839673998520880527251036424702507002691092507786029742940917532263288624870251667568134708948416815280116998811635484394755359688876003475822347797018608966250902954807399888775482913308086222364262723056806056566937829248966366441405994968117591242682299546053773752069078072978975272777039484988027354852533816738689525380273004205580008068896254912308397981830602843645053541762655347414577583162866028361627311233253967843432168606088359860693381404293265368988464952178193925183598686443636199402331778672598281982405672816686049893808867694360263731123835216517133501169556884508318046660497028276803524992137448604891645392823961048290557940919848301600945372417476376974720540905481772821379124821807360138763043667296415504222694261813780363575930726214389579133791390454258241741674218904154560748668528159	-2,4,-4,-4,-4,-4,3,3,3,3,3,3	-4,-4,-4,-4,-4,3,3,3,3,3,3,3	ok
0.338338	12.552553	-50.722701	0.426679	continued:5	24739664234858138982047535273920704895757539726112908251438163205018941142815780311745551274768732340258877681883220709254438060557727943084431578832787664786285033962897137475109966594536921196345368988178928734319550990616798234738426441329975811082542418687032574754555670308806400073011386994034122559084338923961564827243679948341711906639370687199591334610184232323549682995276987956088064516661660343597404353309026284818116830917705446825786992810866587209705521015335282251073699235984232692064386328873635550251467202252037321107786049250681199223578740058812830716655171327994111037989160554259663041255730806104822364702767003886426236948197875179044375918947062777752518800945220039096656325624832428902632916718843792734174910613073877182282814845299795859817832873050829380297050086561327142630676041705608701295328883785288019463302235365810057437776994452568277033509701397890179816214208032024713357498876567322388814154303003931713475645588699713181579139545605564594106502193640473675998821326912636802272263104652883469557388721394548958714742151679764225722796250070551524401796064839535518648641058846020683987900923271122883848006060940514381132676162478441282448143119470227210432227122363713371255441354621052509508984709634926146647286000378028149020408135579796249985685416544122878976762015235710406679767054221469630668164508756954128670266820083169508953133382895781415892028857527433800331452509796880235124731818611926094996337828751367422770972106106871945447087787459013419016539682579692253007997669256306678044334190343958737683833626787830959854189876711673345743229891352071395441453714329516872363078558572585460064194527798019451500567712566804669085534009811391321703082108952041911184337041897792539402496106214458120979277192533259839067349129963145395443534147512377238039651898685713406445449049290166872617628617292086319375613642792703810618236745564851457049087158661840834963661419540135158363742337750878630973637161914688328900311151288869242457269541014220968487060804170517057834972965455408167521485957636626702129395672139918211400852445909138229939457411027786749047331318679203233959006853076598513293545187508811641950752377849176619622422822865690583986800091214624688328197908428394843316056532803829279453545060994789096398534012484533311814877844201908213083717792014484879802543088847813769703124411954747150298542713179850503414173	24739664234858138982047535273920704865888201889876711837493816699690678266527069749440504790571412139398611409270908450362730376250155074764676347344069888126517298474570859817860608502873391373146285427510315747585633769201540786967750755426439244909325087395028128868044225308262789884128060956514754247517702306425810931411575896427989859706075064718218471893517140662118299639008577497356111854595428210166315807732026393320608795249168317651695729421548767897306733768613302513900313747234910216702628396343057972743120228768071687743367812170271420131539175277064250947772621001186024499362163335793602171390789441233345359317297987613512980491695577916997660396957915557900310271635623458055025007041775847069041635811203256895352566087822033786766343037302223398419442420288675160901222754706690690966518603785237711745730763499632246794821702611212581403238113406002252819908487238453210437930412907369377220770586565902403360469112052194331355699172681218058600912097861834234685728509163337737349074185342289032272009772529037195573254778966688587558900055660072144278809022487554382658809806558064428353021275127081776410900980967206199354460442391625214857639764133401759178616057210708327015756512805544520436902632270980403064128604110300347781624155351569719940155697818702422095998917819053965079478845711385304612753166567647817060274424315609406216581605903271903071111142231567855836177743434207965284248559828227670980935094414404596304862841163628176426562167212678084331271418625131238513014304885842984476307632638923525389950421623236969408163218539808699839673998520880527251036424702507002691092507786029742940917532263288624870251667568134708948416815280116998811635484394755359688876003475822347797018608966250902954807399888775482913308086222364262723056806056566937829248966366441405994968117591242682299546053773752069078072978975272777039484988027354852533816738689525380273004205580008068896254912308397981830602843645053541762655347414577583162866028361627311233253967843432168606088359860693381404293265368988464952178193925183598686443636199402331778672598281982405672816686049893808867694360263731123835216517133501169556884508318046660497028276803524992137448604891645392823961048290557940919848301600945372417476376974720540905481772821379124821807360138763043667296415504222694261813780363575930726214389579133791390454258241741674218904154560748668528159	1,-4,-4,-4,-4,-4,3,3,3,3,3,3	-4,-4,-4,-4,-4,3,3,3,3,3,3,3	ok
0.342342	12.552553	-53.105503	0.429472	continued:5	24739664234858138982047535273920704865888201889876711837493816699690678266527069749440504790571412139398611409270908450362730376250155074764676347344069888126517298474570859817860608502873391373146285427510315747585633769201540786967750755426439244909325087395028128868044225308262789884128060956514754247517702306425810931411575896427989859706075064718218471893517140662118299639008577497356111854595428210166315807732026393320608795249168317651695729421548767897306733768613302513900313747234910216702628396343057972743120228768071687743367812170271420131539175277064250947772621001186024499362163335793602171390789441233345359317297987613512980491695577916997660396957915557900310271635623458055025007041775847069041635811203256895352566087822033786766343037302223398419442420288675160901222754706690690966518603785237711745730763499632246794821702611212581403238113406002252819908487238453210437930412907369377220770586565902403360469112052194331355699172681218058600912097861834234685728509163337737349074185342289032272009772529037195573254778966688587558900055660072144278809022487554382658809806558064428353021275127081776410900980967206199354460442391625214857639764133401759178616057210673156243633300796807248794605122683731974791496902664128878641184520473500825398215812641159434827628998622259292915673218874003973386059003237887445082762880209786399957615563799203180616399064332818912996058392810196869654083006490334642056061239251179056009615294506290117464688484025949120568719819283456124580544682881171421260943541579248527704869898537742188703833871961088688204538498117265321771286761309247552685482079962262050552845513714934846045182058722227987606665606042180617044588443607459813064997879976194827291424712032310443011090956239365061217361518410802453124524840558011953805365761494457801009569163317744034818142535244063518808384830620220565418152783289956624749749819076668016024265032457536863212943413743867832753754773611384186639210741581136382046281168136879454471498331878163458120352190565978782247931890290295701266018978036779034468107326187079926916798699596662346300581249330764795567806508746121156744125367811518619897619348002395798294907765649592376122383521072922104001273026981807900119826443200996317126277171178704077483113072074268653747754487474408483425854972111137166212140154130568988566022312919789958312847244142489313149410058949163660852994	24739664234858138982047535273920704865888201889876711837493816699690678266527069749440504790571412139398611409270908450362730376250155074764676347344069888126517298474570859817860608502873391373146285427510315747585633769201540786967750755426439244909325087395028128868044225308262789884128060956514754247517702306425810931411575896427989859706075064718218471893517140662118299639008577497356111854595428210166315807732026393320608795249168317651695729421548767897306733768613302513900313747234910216702628396343057972743120228768071687743367812170271420131539175277064250947772621001186024499362163335793602171390789441233345359317297987613512980491695577916997660396957915557900310271635623458055025007041775847069041635811203256895352566087822033786766343037302223398419442420288675160901222754706690690966518603785237711745730763499632246794821702611212581403238113406002252819908487238453210437930412907369377220770586565902403360469112052194331355699172681218058600912097861834234685728509163337737349074185342289032272009772529037195573254778966688587558900055660072144278809022487554382658809806558064428353021275127081776410900980967206199354460442391625214857639764133401759178616057210708327015756512805544520436902632270980403064128604110300347781624155351569719940155697818702422095998917819053965079478845711385304612753166567647817060274424315609406216581605903271903071111142231567855836177743434207965284248559828227670980935094414404596304862841163628176426562167212678084331271418625131238513014304885842984476307632638923525389950421623236969408163218539808699839673998520880527251036424702507002691092507786029742940917532263288624870251667568134708948416815280116998811635484394755359688876003475822347797018608966250902954807399888775482913308086222364262723056806056566937829248966366441405994968117591242682299546053773752069078072978975272777039484988027354852533816738689525380273004205580008068896254912308397981830602843645053541762655347414577583162866028361627311233253967843432168606088359860693381404293265368988464952178193925183598686443636199402331778672598281982405672816686049893808867694360263731123835216517133501169556884508318046660497028276803524992137448604891645392823961048290557940919848301600945372417476376974720540905481772821379124821807360138763043667296415504222694261813780363575930726214389579133791390454258241741674218904154560748668528159	1,-4,-4,-4,-4,3,3,3,3,3,3,3	-4,-4,-4,-4,-4,3,3,3,3,3,3,3	ok
0.346346	12.552553	-54.595482	0.432265	continued:5	24739664234858138982047535273920704865888201889876711837493816699690678265963591165069870505023217046633362579621148489165328977987949899797415602900085081435628786567950676391780949633448253616219680559998014214784634910618447122667639804607217055610037222276897125660535867393387520758988742191975475097134159821776175469287214857624750265388130867415580412873925910271279382629434282479656095907178473638142326186864698341018602123575843883404208311798618679388046194707946385968872279636660172423920762823771748609336176990325713506490614247467311351878471253089939596514261196666267475682898635077588364628629417296554229734815495315011752337585393015754405944996164827318009845582551593321289722257247006063686910061456841431892563940020873466746931070957111770150069590359792388197563206227771911411885143855184505614961998508226343153531223089971459935049708039359327667779120430067461929055441744031224422705223831560005091108633317128720548165517033711719448300771525660964913525817712220131912105082815080054605883136048554894173783193438041716508681297001277350562437894851607688119124032266056066591963623197071229719772200831481260746898621517899928612391918713268983151048632780119648896253765940151777173575597570025320253082336116946689981147789765900355562110523987436189411566954756946831913765892283629482126668117215787661175622538482371666841405595054624551275871666632475049764341931929868507018454948365774171910807496638367218687366613903751947086947394002612630474683257999387223688134848014104823955551645010680263372366206458226198558279883447844315148180302724249331888726196930807213187997142652942313186005148224878224024593537200103980637926868603500896185830904692094904758235554768415409124757267836161356776521732484146109863946926378105041694979170269733992817805415234240628485488200053302199364211031646323082439647263607276631895871769259044401451363766451126814443473134220489198884697731101960802990910300139680959518854832128513597114746389737973151315057975842081443516593123962467786526070102139874765749035637088432614260030772344792316488840415153698481155126035457741137680097748660410763036811870095293313414540437283852893333234643562710973384060038416228190613325616933189150517789061901654152308030489428549857055082465581427407486143000730202660813809057790100346399768338483335257539245860316494779637880208922066168766414992991208014608723526	24739664234858138982047535273920704865888201889876711837493816699690678266527069749440504790571412139398611409270908450362730376250155074764676347344069888126517298474570859817860608502873391373146285427510315747585633769201540786967750755426439244909325087395028128868044225308262789884128060956514754247517702306425810931411575896427989859706075064718218471893517140662118299639008577497356111854595428210166315807732026393320608795249168317651695729421548767897306733768613302513900313747234910216702628396343057972743120228768071687743367812170271420131539175277064250947772621001186024499362163335793602171390789441233345359317297987613512980491695577916997660396957915557900310271635623458055025007041775847069041635811203256895352566087822033786766343037302223398419442420288675160901222754706690690966518603785237711745730763499632246794821702611212581403238113406002252819908487238453210437930412907369377220770586565902403360469112052194331355699172681218058600912097861834234685728509163337737349074185342289032272009772529037195573254778966688587558900055660072144278809022487554382658809806558064428353021275127081776410900980967206199354460442391625214857639764133401759178616057210708327015756512805544520436902632270980403064128604110300347781624155351569719940155697818702422095998917819053965079478845711385304612753166567647817060274424315609406216581605903271903071111142231567855836177743434207965284248559828227670980935094414404596304862841163628176426562167212678084331271418625131238513014304885842984476307632638923525389950421623236969408163218539808699839673998520880527251036424702507002691092507786029742940917532263288624870251667568134708948416815280116998811635484394755359688876003475822347797018608966250902954807399888775482913308086222364262723056806056566937829248966366441405994968117591242682299546053773752069078072978975272777039484988027354852533816738689525380273004205580008068896254912308397981830602843645053541762655347414577583162866028361627311233253967843432168606088359860693381404293265368988464952178193925183598686443636199402331778672598281982405672816686049893808867694360263731123835216517133501169556884508318046660497028276803524992137448604891645392823961048290557940919848301600945372417476376974720540905481772821379124821807360138763043667296415504222694261813780363575930726214389579133791390454258241741674218904154560748668528159	1,3,3,3,3,3,3,3,3,3,3,3	-4,-4,-4,-4,-4,3,3,3,3,3,3,3	ok
0.350350	12.552553	-55.459706	0.435059	continued:5	24739664234858138982047535273920704865888201889876711837493816699690678265963591165069870505023217046633362579621148489165328977987949899797415602900085081435628786567950676391780949633448253616219680559998014214784634910618447122667639804607217055610037222276897125660535867393387520758988742191975475097134159821776175469287214857624750265388130867415580412873925910271279382629434282479656095907178473638142326186864698341018602123575843883404208311798618679388046194707946385968872279636660172423920762823771748609336176990325713506490614247467311351878471253089939596514261196666267475682898635077588364628629417296554229734815495315011752337585393015754405944996164827318009845582551593321289722257247006063686910061456841431892563940020873466746931070957111770150069590359792388197563206227771911411885143855184505614961998508226343153531223089971459935049708039359327667779120430067461929055441744031224422705223831560005091108633317128720548165517033711719448300771525660964913525817712220131912105082815080054605883136048554894173783193438041716508681297001277350562437894851607688119124032266056066591963623197071229719772200831481260746898621517899928612391918713268983151048632780119655930408190582553524627904057071942769938736862457235924274975877692875969260912825240440176312796169883715527296420812911085368231803397367822990876417832371726944474641149344806282859835563177758758315140869621665338558538229319788140992642348683078964438303205169238089677606281386970253341769254691973676747054001600056884371509167578247128910554017708455798400339763929792299326278161913247735847547901720607853014273297061169415154483166033077865097453650461838107532682052642437808745312631797604500447563344035980600655360681484274936965759099895773785743476559627847035998495623947412514142251410657373695628596507787826274803330499930271551011927848963095389998115464084361772602196582573023653623911344037727364227195594183603523434780747077500441651045950433605054450968920210102886398197382751252220063486096686194630712738899496659850907030285511459146924946136142303252814811401903979278425790228571196558652325907826618637862596663393079577711958009484587139118727133603578984775841831059511392904829664132579075616389269418347099007484820626482853352165533173315748528323140233506000037753936239379980930850327518548701251621213257545847129540580490183656973082502121819713680447958	24739664234858138982047535273920704865888201889876711837493816699690678266527069749440504790571412139398611409270908450362730376250155074764676347344069888126517298474570859817860608502873391373146285427510315747585633769201540786967750755426439244909325087395028128868044225308262789884128060956514754247517702306425810931411575896427989859706075064718218471893517140662118299639008577497356111854595428210166315807732026393320608795249168317651695729421548767897306733768613302513900313747234910216702628396343057972743120228768071687743367812170271420131539175277064250947772621001186024499362163335793602171390789441233345359317297987613512980491695577916997660396957915557900310271635623458055025007041775847069041635811203256895352566087822033786766343037302223398419442420288675160901222754706690690966518603785237711745730763499632246794821702611212581403238113406002252819908487238453210437930412907369377220770586565902403360469112052194331355699172681218058600912097861834234685728509163337737349074185342289032272009772529037195573254778966688587558900055660072144278809022487554382658809806558064428353021275127081776410900980967206199354460442391625214857639764133401759178616057210708327015756512805544520436902632270980403064128604110300347781624155351569719940155697818702422095998917819053965079478845711385304612753166567647817060274424315609406216581605903271903071111142231567855836177743434207965284248559828227670980935094414404596304862841163628176426562167212678084331271418625131238513014304885842984476307632638923525389950421623236969408163218539808699839673998520880527251036424702507002691092507786029742940917532263288624870251667568134708948416815280116998811635484394755359688876003475822347797018608966250902954807399888775482913308086222364262723056806056566937829248966366441405994968117591242682299546053773752069078072978975272777039484988027354852533816738689525380273004205580008068896254912308397981830602843645053541762655347414577583162866028361627311233253967843432168606088359860693381404293265368988464952178193925183598686443636199402331778672598281982405672816686049893808867694360263731123835216517133501169556884508318046660497028276803524992137448604891645392823961048290557940919848301600945372417476376974720540905481772821379124821807360138763043667296415504222694261813780363575930726214389579133791390454258241741674218904154560748668528159	-2,3,3,3,3,3,3,3,3,3,3,3	-4,-4,-4,-4,-4,3,3,3,3,3,3,3	ok
0.354354	12.552553	-55.997927	0.437852	continued:5	24739664234858138982047535273920704865888201889876711837493816699690678265963591165069870505023217046633362579621148489165328977987949899797415602900085081435628786567950676391780949633448253616219680559998014214784634910618447122667639804607217055610037222276897125660535867393387520758988742191975475097134159821776175469287214857624750265388130867415580412873925910271279382629434282479656095907178473638142326186864698341018602123575843883404208311798618679388046194707946385968872279636660172423920762823771748609336176990325713506490614247467311351878471253089939596514261196666267475682898635077588364628629417296554229734815495315011752337585393015754405944996164827318009845582551593321289722257247006063686910061456841431892563940020873466746931070957111770150069590359792388197563206227771911411885143855184505614961998508226343153531223089971459935049708039359327667779120430067461929055441744031224422705223831560005091108633317128720548165517033711719448300771525660964913525817712220131912105082815080054605883136048554894173783193438041716508681297001277350562437894851607688119124032266056066591963623197071229719772200831481260746898621517899928612391918713268983151048632780119648896253765940151777173575597570025320253082336116946689981147789765900355562110523987436189411566954756946831913765892283629482126668117215787661175622538482371666841405595054624551275871666632475049764341931929868507018454948365774171910807496638367218687366613903751947086947394002612630474683257999387223688134848014104823955551645010680263372366206458226198558279883447844315148180302724249331888726196930807213187997142652942313186005148224878224024593537200103980637926868603500896185830904692094904758235554768415409124757267836161356776521732484146109863946926378105041694979170269733992817805415234240628485488200053302199364211031646323082439647263607276631895871769259044401451363766451126814443473134220489198884697731101960802990910300139680959518854832128513597114746389737973151315057975842081443516593123962467786526070102139874765749035637088432614260030772344792316488840415153698481155126035457741137680097748660410763036811870095293313414540437283852893333234643562710973384060038416228190613325616933189150517789061901654152308030489428549857055082465581427407486143000730202660813809057790100346399768338483335257539245860316494779637880208922066168766414992991208014608723526	24739664234858138982047535273920704865888201889876711837493816699690678266527069749440504790571412139398611409270908450362730376250155074764676347344069888126517298474570859817860608502873391373146285427510315747585633769201540786967750755426439244909325087395028128868044225308262789884128060956514754247517702306425810931411575896427989859706075064718218471893517140662118299639008577497356111854595428210166315807732026393320608795249168317651695729421548767897306733768613302513900313747234910216702628396343057972743120228768071687743367812170271420131539175277064250947772621001186024499362163335793602171390789441233345359317297987613512980491695577916997660396957915557900310271635623458055025007041775847069041635811203256895352566087822033786766343037302223398419442420288675160901222754706690690966518603785237711745730763499632246794821702611212581403238113406002252819908487238453210437930412907369377220770586565902403360469112052194331355699172681218058600912097861834234685728509163337737349074185342289032272009772529037195573254778966688587558900055660072144278809022487554382658809806558064428353021275127081776410900980967206199354460442391625214857639764133401759178616057210708327015756512805544520436902632270980403064128604110300347781624155351569719940155697818702422095998917819053965079478845711385304612753166567647817060274424315609406216581605903271903071111142231567855836177743434207965284248559828227670980935094414404596304862841163628176426562167212678084331271418625131238513014304885842984476307632638923525389950421623236969408163218539808699839673998520880527251036424702507002691092507786029742940917532263288624870251667568134708948416815280116998811635484394755359688876003475822347797018608966250902954807399888775482913308086222364262723056806056566937829248966366441405994968117591242682299546053773752069078072978975272777039484988027354852533816738689525380273004205580008068896254912308397981830602843645053541762655347414577583162866028361627311233253967843432168606088359860693381404293265368988464952178193925183598686443636199402331778672598281982405672816686049893808867694360263731123835216517133501169556884508318046660497028276803524992137448604891645392823961048290557940919848301600945372417476376974720540905481772821379124821807360138763043667296415504222694261813780363575930726214389579133791390454258241741674218904154560748668528159	1,3,3,3,3,3,3,3,3,3,3,3	-4,-4,-4,-4,-4,3,3,3,3,3,3,3	ok
0.358358	12.552553	-56.350137	0.440645	continued:5	24739664234858138982047535273920704865888201889876711837493816699690678265963591165069870505023217046633362579621148489165328977987949899797415602900085081435628786567950676391780949633448253616219680559998014214784634910618447122667639804607217055610037222276897125660535867393387520758988742191975475097134159821776175469287214857624750265388130867415580412873925910271279382629434282479656095907178473638142326186864698341018602123575843883404208311798618679388046194707946385968872279636660172423920762823771748609336176990325713506490614247467311351878471253089939596514261196666267475682898635077588364628629417296554229734815495315011752337585393015754405944996164827318009845582551593321289722257247006063686910061456841431892563940020873466746931070957111770150069590359792388197563206227771911411885143855184505614961998508226343153531223089971459935049708039359327667779120430067461929055441744031224422705223831560005091108633317128720548165517033711719448300771525660964913525817712220131912105082815080054605883136048554894173783193438041716508681297001277350562437894851607688119124032266056066591963623197071229719772200831481260746898621517899928612391918713268983151048632780119648896253765940151777173575597570025320253082336116946689981147789765900355562110523987436189411566954756946831913765892283629482126668117215787661175622538482371666841405595054624551275871666632475049764341931929868507018454948365774171910807496638367218687366613903751947086947394002612630474683257999387223688134848014104823955551645010680263372366206458226198558279883447844315148180302724249331888726196930807213187997142652942313186005148224878224024593537200103980637926868603500896185830904692094904758235554768415409124757267836161356776521732484146109863946926378105041694979170269733992817805415234240628485488200053302199364211031646323082439647263607276631895871769259044401451363766451126814443473134220489198884697731101960802990910300139680959518854832128513597114746389737973151315057975842081443516593123962467786526070102139874765749035637088432614260030772344792316488840415153698481155126035457741137680097748660410763036811870095293313414540437283852893333234643562710973384060038416228190613325616933189150517789061901654152308030489428549857055082465581427407486143000730202660813809057790100346399768338483335257539245860316494779637880208922066168766414992991208014608723526	24739664234858138982047535273920704865888201889876711837493816699690678266527069749440504790571412139398611409270908450362730376250155074764676347344069888126517298474570859817860608502873391373146285427510315747585633769201540786967750755426439244909325087395028128868044225308262789884128060956514754247517702306425810931411575896427989859706075064718218471893517140662118299639008577497356111854595428210166315807732026393320608795249168317651695729421548767897306733768613302513900313747234910216702628396343057972743120228768071687743367812170271420131539175277064250947772621001186024499362163335793602171390789441233345359317297987613512980491695577916997660396957915557900310271635623458055025007041775847069041635811203256895352566087822033786766343037302223398419442420288675160901222754706690690966518603785237711745730763499632246794821702611212581403238113406002252819908487238453210437930412907369377220770586565902403360469112052194331355699172681218058600912097861834234685728509163337737349074185342289032272009772529037195573254778966688587558900055660072144278809022487554382658809806558064428353021275127081776410900980967206199354460442391625214857639764133401759178616057210708327015756512805544520436902632270980403064128604110300347781624155351569719940155697818702422095998917819053965079478845711385304612753166567647817060274424315609406216581605903271903071111142231567855836177743434207965284248559828227670980935094414404596304862841163628176426562167212678084331271418625131238513014304885842984476307632638923525389950421623236969408163218539808699839673998520880527251036424702507002691092507786029742940917532263288624870251667568134708948416815280116998811635484394755359688876003475822347797018608966250902954807399888775482913308086222364262723056806056566937829248966366441405994968117591242682299546053773752069078072978975272777039484988027354852533816738689525380273004205580008068896254912308397981830602843645053541762655347414577583162866028361627311233253967843432168606088359860693381404293265368988464952178193925183598686443636199402331778672598281982405672816686049893808867694360263731123835216517133501169556884508318046660497028276803524992137448604891645392823961048290557940919848301600945372417476376974720540905481772821379124821807360138763043667296415504222694261813780363575930726214389579133791390454258241741674218904154560748668528159	1,3,3,3,3,3,3,3,3,3,3,3	-4,-4,-4,-4,-4,3,3,3,3,3,3,3	ok
0.362362	12.552553	-56.579548	0.443439	continued:5	24739664234858138982047535273920704865888201889876711837493816699690678265963591165069870505023217046633362579621148489165328977987949899797415602900085081435628786567950676391780949633448253616219680559998014214784634910618447122667639804607217055610037222276897125660535867393387520758988742191975475097134159821776175469287214857624750265388130867415580412873925910271279382629434282479656095907178473638142326186864698341018602123575843883404208311798618679388046194707946385968872279636660172423920762823771748609336176990325713506490614247467311351878471253089939596514261196666267475682898635077588364628629417296554229734815495315011752337585393015754405944996164827318009845582551593321289722257247006063686910061456841431892563940020873466746931070957111770150069590359792388197563206227771911411885143855184505614961998508226343153531223089971459935049708039359327667779120430067461929055441744031224422705223831560005091108633317128720548165517033711719448300771525660964913525817712220131912105082815080054605883136048554894173783193438041716508681297001277350562437894851607688119124032266056066591963623197071229719772200831481260746898621517899928612391918713268983151048632780119634827944916655348282264918678566190420881773283436368221393491613911949128164505921481428215609108524503409441148456051028717709916397556911717001774031950703661111574934486474261088107943873541907632662744056546274843938288386457746233747137792548943727185493431372779661905629619233897384740511264614214317570296540842200703123636599875546532295990583957766998874160122483948346791984584346252523971082787351205933535444833836488109249049112608478941878873310676635726848416500525627071066867450481075713379579976233285026063550440539934196398046997660890758104887659878621053087946262914376950168913424387974494199271584584254048485972095078426145295086092895639115691384379608409659149698134207333136082596714586012868199702004938675362103169406264041995254472595518330682442301328793713681148779162023739890422807178515014098152732507426304595433046340242379548930200044749770443836898441653136886613797649230830295735641430327995013385242283499720784819705292882384401762249663480974950600496453129661786030317522534409300320588646868268258909121827032683864460916330397650725401782721723595982365919300891541077337604360412908370114495154434392644654559465785831192353079974729984616465274665	24739664234858138982047535273920704865888201889876711837493816699690678266527069749440504790571412139398611409270908450362730376250155074764676347344069888126517298474570859817860608502873391373146285427510315747585633769201540786967750755426439244909325087395028128868044225308262789884128060956514754247517702306425810931411575896427989859706075064718218471893517140662118299639008577497356111854595428210166315807732026393320608795249168317651695729421548767897306733768613302513900313747234910216702628396343057972743120228768071687743367812170271420131539175277064250947772621001186024499362163335793602171390789441233345359317297987613512980491695577916997660396957915557900310271635623458055025007041775847069041635811203256895352566087822033786766343037302223398419442420288675160901222754706690690966518603785237711745730763499632246794821702611212581403238113406002252819908487238453210437930412907369377220770586565902403360469112052194331355699172681218058600912097861834234685728509163337737349074185342289032272009772529037195573254778966688587558900055660072144278809022487554382658809806558064428353021275127081776410900980967206199354460442391625214857639764133401759178616057210708327015756512805544520436902632270980403064128604110300347781624155351569719940155697818702422095998917819053965079478845711385304612753166567647817060274424315609406216581605903271903071111142231567855836177743434207965284248559828227670980935094414404596304862841163628176426562167212678084331271418625131238513014304885842984476307632638923525389950421623236969408163218539808699839673998520880527251036424702507002691092507786029742940917532263288624870251667568134708948416815280116998811635484394755359688876003475822347797018608966250902954807399888775482913308086222364262723056806056566937829248966366441405994968117591242682299546053773752069078072978975272777039484988027354852533816738689525380273004205580008068896254912308397981830602843645053541762655347414577583162866028361627311233253967843432168606088359860693381404293265368988464952178193925183598686443636199402331778672598281982405672816686049893808867694360263731123835216517133501169556884508318046660497028276803524992137448604891645392823961048290557940919848301600945372417476376974720540905481772821379124821807360138763043667296415504222694261813780363575930726214389579133791390454258241741674218904154560748668528159	0,3,3,3,3,3,3,3,3,3,3,3	-4,-4,-4,-4,-4,3,3,3,3,3,3,3	ok
0.366366	12.552553	-56.720324	0.441983	continued:5	24739664234858138982047535273920704865888201889876711837493816699690678265963591165069870505023217046633362579621148489165328977987949899797415602900085081435628786567950676391780949633448253616219680559998014214784634910618447122667639804607217055610037222276897125660535867393387520758988742191975475097134159821776175469287214857624750265388130867415580412873925910271279382629434282479656095907178473638142326186864698341018602123575843883404208311798618679388046194707946385968872279636660172423920762823771748609336176990325713506490614247467311351878471253089939596514261196666267475682898635077588364628629417296554229734815495315011752337585393015754405944996164827318009845582551593321289722257247006063686910061456841431892563940020873466746931070957111770150069590359792388197563206227771911411885143855184505614961998508226343153531223089971459935049708039359327667779120430067461929055441744031224422705223831560005091108633317128720548165517033711719448300771525660964913525817712220131912105082815080054605883136048554894173783193438041716508681297001277350562437894851607688119124032266056066591963623197071229719772200831481260746898621517899928612391918713268983151048632780119634827944916655348282264918678566190420881773283436368221393491613911949128164505921481428215609108524503409441148456051028717709916397556911717001774031950703661111574934486474261088107943873541907632662744056546274843938288386457746233747137792548943727185493431372779661905629619233897384740511264614214317570296540842200703123636599875546532295990583957766998874160122483948346791984584346252523971082787351205933535444833836488109249049112608478941878873310676635726848416500525627071066867450481075713379579976233285026063550440539934196398046997660890758104887659878621053087946262914376950168913424387974494199271584584254048485972095078426145295086092895639115691384379608409659149698134207333136082596714586012868199702004938675362103169406264041995254472595518330682442301328793713681148779162023739890422807178515014098152732507426304595433046340242379548930200044749770443836898441653136886613797649230830295735641430327995013385242283499720784819705292882384401762249663480974950600496453129661786030317522534409300320588646868268258909121827032683864460916330397650725401782721723595982365919300891541077337604360412908370114495154434392644654559465785831192353079974729984616465274665	24739664234858138982047535273920704865888201889876711837493816699690678266527069749440504790571412139398611409270908450362730376250155074764676347344069888126517298474570859817860608502873391373146285427510315747585633769201540786967750755426439244909325087395028128868044225308262789884128060956514754247517702306425810931411575896427989859706075064718218471893517140662118299639008577497356111854595428210166315807732026393320608795249168317651695729421548767897306733768613302513900313747234910216702628396343057972743120228768071687743367812170271420131539175277064250947772621001186024499362163335793602171390789441233345359317297987613512980491695577916997660396957915557900310271635623458055025007041775847069041635811203256895352566087822033786766343037302223398419442420288675160901222754706690690966518603785237711745730763499632246794821702611212581403238113406002252819908487238453210437930412907369377220770586565902403360469112052194331355699172681218058600912097861834234685728509163337737349074185342289032272009772529037195573254778966688587558900055660072144278809022487554382658809806558064428353021275127081776410900980967206199354460442391625214857639764133401759178616057210708327015756512805544520436902632270980403064128604110300347781624155351569719940155697818702422095998917819053965079478845711385304612753166567647817060274424315609406216581605903271903071111142231567855836177743434207965284248559828227670980935094414404596304862841163628176426562167212678084331271418625131238513014304885842984476307632638923525389950421623236969408163218539808699839673998520880527251036424702507002691092507786029742940917532263288624870251667568134708948416815280116998811635484394755359688876003475822347797018608966250902954807399888775482913308086222364262723056806056566937829248966366441405994968117591242682299546053773752069078072978975272777039484988027354852533816738689525380273004205580008068896254912308397981830602843645053541762655347414577583162866028361627311233253967843432168606088359860693381404293265368988464952178193925183598686443636199402331778672598281982405672816686049893808867694360263731123835216517133501169556884508318046660497028276803524992137448604891645392823961048290557940919848301600945372417476376974720540905481772821379124821807360138763043667296415504222694261813780363575930726214389579133791390454258241741674218904154560748668528159	0,3,3,3,3,3,3,3,3,3,3,3	-4,-4,-4,-4,-4,3,3,3,3,3,3,3	ok
0.370370	12.552553	-56.846714	0.440940	continued:5	24739664234858138982047535273920704865888201889876711837493816699690678265963591165069870505023217046633362579621148489165328977987949899797415602900085081435628786567950676391780949633448253616219680559998014214784634910618447122667639804607217055610037222276897125660535867393387520758988742191975475097134159821776175469287214857624750265388130867415580412873925910271279382629434282479656095907178473638142326186864698341018602123575843883404208311798618679388046194707946385968872279636660172423920762823771748609336176990325713506490614247467311351878471253089939596514261196666267475682898635077588364628629417296554229734815495315011752337585393015754405944996164827318009845582551593321289722257247006063686910061456841431892563940020873466746931070957111770150069590359792388197563206227771911411885143855184505614961998508226343153531223089971459935049708039359327667779120430067461929055441744031224422705223831560005091108633317128720548165517033711719448300771525660964913525817712220131912105082815080054605883136048554894173783193438041716508681297001277350562437894851607688119124032266056066591963623197071229719772200831481260746898621517899928612391918713268983151048632780119634827944916655348282264918678566190420881773283436368221393491613911949128164505921481428215609108524503409441148456051028717709916397556911717001774031950703661111574934486474261088107943873541907632662744056546274843938288386457746233747137792548943727185493431372779661905629619233897384740511264614214317570296540842200703123636599875546532295990583957766998874160122483948346791984584346252523971082787351205933535444833836488109249049112608478941878873310676635726848416500525627071066867450481075713379579976233285026063550440539934196398046997660890758104887659878621053087946262914376950168913424387974494199271584584254048485972095078426145295086092895639115691384379608409659149698134207333136082596714586012868199702004938675362103169406264041995254472595518330682442301328793713681148779162023739890422807178515014098152732507426304595433046340242379548930200044749770443836898441653136886613797649230830295735641430327995013385242283499720784819705292882384401762249663480974950600496453129661786030317522534409300320588646868268258909121827032683864460916330397650725401782721723595982365919300891541077337604360412908370114495154434392644654559465785831192353079974729984616465274665	24739664234858138982047535273920704865888201889876711837493816699690678266527069749440504790571412139398611409270908450362730376250155074764676347344069888126517298474570859817860608502873391373146285427510315747585633769201540786967750755426439244909325087395028128868044225308262789884128060956514754247517702306425810931411575896427989859706075064718218471893517140662118299639008577497356111854595428210166315807732026393320608795249168317651695729421548767897306733768613302513900313747234910216702628396343057972743120228768071687743367812170271420131539175277064250947772621001186024499362163335793602171390789441233345359317297987613512980491695577916997660396957915557900310271635623458055025007041775847069041635811203256895352566087822033786766343037302223398419442420288675160901222754706690690966518603785237711745730763499632246794821702611212581403238113406002252819908487238453210437930412907369377220770586565902403360469112052194331355699172681218058600912097861834234685728509163337737349074185342289032272009772529037195573254778966688587558900055660072144278809022487554382658809806558064428353021275127081776410900980967206199354460442391625214857639764133401759178616057210708327015756512805544520436902632270980403064128604110300347781624155351569719940155697818702422095998917819053965079478845711385304612753166567647817060274424315609406216581605903271903071111142231567855836177743434207965284248559828227670980935094414404596304862841163628176426562167212678084331271418625131238513014304885842984476307632638923525389950421623236969408163218539808699839673998520880527251036424702507002691092507786029742940917532263288624870251667568134708948416815280116998811635484394755359688876003475822347797018608966250902954807399888775482913308086222364262723056806056566937829248966366441405994968117591242682299546053773752069078072978975272777039484988027354852533816738689525380273004205580008068896254912308397981830602843645053541762655347414577583162866028361627311233253967843432168606088359860693381404293265368988464952178193925183598686443636199402331778672598281982405672816686049893808867694360263731123835216517133501169556884508318046660497028276803524992137448604891645392823961048290557940919848301600945372417476376974720540905481772821379124821807360138763043667296415504222694261813780363575930726214389579133791390454258241741674218904154560748668528159	0,3,3,3,3,3,3,3,3,3,3,3	-4,-4,-4,-4,-4,3,3,3,3,3,3,3	ok
0.374374	12.552553	-56.957544	0.440025	continued:5	24739664234858138982047535273920704865888201889876711837493816699690678265963591165069870505023217046633362579621148489165328977987949899797415602900085081435628786567950676391780949633448253616219680559998014214784634910618447122667639804607217055610037222276897125660535867393387520758988742191975475097134159821776175469287214857624750265388130867415580412873925910271279382629434282479656095907178473638142326186864698341018602123575843883404208311798618679388046194707946385968872279636660172423920762823771748609336176990325713506490614247467311351878471253089939596514261196666267475682898635077588364628629417296554229734815495315011752337585393015754405944996164827318009845582551593321289722257247006063686910061456841431892563940020873466746931070957111770150069590359792388197563206227771911411885143855184505614961998508226343153531223089971459935049708039359327667779120430067461929055441744031224422705223831560005091108633317128720548165517033711719448300771525660964913525817712220131912105082815080054605883136048554894173783193438041716508681297001277350562437894851607688119124032266056066591963623197071229719772200831481260746898621517899928612391918713268983151048632780119634827944916655348282264918678566190420881773283436368221393491613911949128164505921481428215609108524503409441148456051028717709916397556911717001774031950703661111574934486474261088107943873541907632662744056546274843938288386457746233747137792548943727185493431372779661905629619233897384740511264614214317570296540842200703123636599875546532295990583957766998874160122483948346791984584346252523971082787351205933535444833836488109249049112608478941878873310676635726848416500525627071066867450481075713379579976233285026063550440539934196398046997660890758104887659878621053087946262914376950168913424387974494199271584584254048485972095078426145295086092895639115691384379608409659149698134207333136082596714586012868199702004938675362103169406264041995254472595518330682442301328793713681148779162023739890422807178515014098152732507426304595433046340242379548930200044749770443836898441653136886613797649230830295735641430327995013385242283499720784819705292882384401762249663480974950600496453129661786030317522534409300320588646868268258909121827032683864460916330397650725401782721723595982365919300891541077337604360412908370114495154434392644654559465785831192353079974729984616465274665	24739664234858138982047535273920704865888201889876711837493816699690678266527069749440504790571412139398611409270908450362730376250155074764676347344069888126517298474570859817860608502873391373146285427510315747585633769201540786967750755426439244909325087395028128868044225308262789884128060956514754247517702306425810931411575896427989859706075064718218471893517140662118299639008577497356111854595428210166315807732026393320608795249168317651695729421548767897306733768613302513900313747234910216702628396343057972743120228768071687743367812170271420131539175277064250947772621001186024499362163335793602171390789441233345359317297987613512980491695577916997660396957915557900310271635623458055025007041775847069041635811203256895352566087822033786766343037302223398419442420288675160901222754706690690966518603785237711745730763499632246794821702611212581403238113406002252819908487238453210437930412907369377220770586565902403360469112052194331355699172681218058600912097861834234685728509163337737349074185342289032272009772529037195573254778966688587558900055660072144278809022487554382658809806558064428353021275127081776410900980967206199354460442391625214857639764133401759178616057210708327015756512805544520436902632270980403064128604110300347781624155351569719940155697818702422095998917819053965079478845711385304612753166567647817060274424315609406216581605903271903071111142231567855836177743434207965284248559828227670980935094414404596304862841163628176426562167212678084331271418625131238513014304885842984476307632638923525389950421623236969408163218539808699839673998520880527251036424702507002691092507786029742940917532263288624870251667568134708948416815280116998811635484394755359688876003475822347797018608966250902954807399888775482913308086222364262723056806056566937829248966366441405994968117591242682299546053773752069078072978975272777039484988027354852533816738689525380273004205580008068896254912308397981830602843645053541762655347414577583162866028361627311233253967843432168606088359860693381404293265368988464952178193925183598686443636199402331778672598281982405672816686049893808867694360263731123835216517133501169556884508318046660497028276803524992137448604891645392823961048290557940919848301600945372417476376974720540905481772821379124821807360138763043667296415504222694261813780363575930726214389579133791390454258241741674218904154560748668528159	0,3,3,3,3,3,3,3,3,3,3,3	-4,-4,-4,-4,-4,3,3,3,3,3,3,3	ok
0.378378	12.552553	-57.055065	0.439652	full	24739664234858138982047535273920704865888201889876711837493816699690678265963591165069870505023217046633362579621148489165328977987949899797415602900085081435628786567950676391780949633448253616219680559998014214784634910618447122667639804607217055610037222276897125660535867393387520758988742191975475097134159821776175469287214857624750265388130867415580412873925910271279382629434282479656095907178473638142326186864698341018602123575843883404208311798618679388046194707946385968872279636660172423920762823771748609336176990325713506490614247467311351878471253089939596514261196666267475682898635077588364628629417296554229734815495315011752337585393015754405944996164827318009845582551593321289722257247006063686910061456841431892563940020873466746931070957111770150069590359792388197563206227771911411885143855184505614961998508226343153531223089971459935049708039359327667779120430067461929055441744031224422705223831560005091108633317128720548165517033711719448300771525660964913525817712220131912105082815080054605883136048554894173783193438041716508681297001277350562437894851607688119124032266056066591963623197071229719772200831481260746898621517899928612391918713268983151048632780119634827944916655348282264918678566190420881773283436368221393491613911949128164505921481428215609108524503409441148456051028717709916397556911717001774031950703661111574934486474261088107943873541907632662744056546274843938288386457746233747137792548943727185493431372779661905629619233897384740511264614214317570296540842200703123636599875546532295990583957766998874160122483948346791984584346252523971082787351205933535444833836488109249049112608478941878873310676635726848416500525627071066867450481075713379579976233285026063550440539934196398046997660890758104887659878621053087946262914376950168913424387974494199271584584254048485972095078426145295086092895639115691384379608409659149698134207333136082596714586012868199702004938675362103169406264041995254472595518330682442301328793713681148779162023739890422807178515014098152732507426304595433046340242379548930200044749770443836898441653136886613797649230830295735641430327995013385242283499720784819705292882384401762249663480974950600496453129661786030317522534409300320588646868268258909121827032683864460916330397650725401782721723595982365919300891541077337604360412908370114495154434392644654559465785831192353079974729984616465274665	24739664234858138982047535273920704865888201889876711837493816699690678266527069749440504790571412139398611409270908450362730376250155074764676347344069888126517298474570859817860608502873391373146285427510315747585633769201540786967750755426439244909325087395028128868044225308262789884128060956514754247517702306425810931411575896427989859706075064718218471893517140662118299639008577497356111854595428210166315807732026393320608795249168317651695729421548767897306733768613302513900313747234910216702628396343057972743120228768071687743367812170271420131539175277064250947772621001186024499362163335793602171390789441233345359317297987613512980491695577916997660396957915557900310271635623458055025007041775847069041635811203256895352566087822033786766343037302223398419442420288675160901222754706690690966518603785237711745730763499632246794821702611212581403238113406002252819908487238453210437930412907369377220770586565902403360469112052194331355699172681218058600912097861834234685728509163337737349074185342289032272009772529037195573254778966688587558900055660072144278809022487554382658809806558064428353021275127081776410900980967206199354460442391625214857639764133401759178616057210708327015756512805544520436902632270980403064128604110300347781624155351569719940155697818702422095998917819053965079478845711385304612753166567647817060274424315609406216581605903271903071111142231567855836177743434207965284248559828227670980935094414404596304862841163628176426562167212678084331271418625131238513014304885842984476307632638923525389950421623236969408163218539808699839673998520880527251036424702507002691092507786029742940917532263288624870251667568134708948416815280116998811635484394755359688876003475822347797018608966250902954807399888775482913308086222364262723056806056566937829248966366441405994968117591242682299546053773752069078072978975272777039484988027354852533816738689525380273004205580008068896254912308397981830602843645053541762655347414577583162866028361627311233253967843432168606088359860693381404293265368988464952178193925183598686443636199402331778672598281982405672816686049893808867694360263731123835216517133501169556884508318046660497028276803524992137448604891645392823961048290557940919848301600945372417476376974720540905481772821379124821807360138763043667296415504222694261813780363575930726214389579133791390454258241741674218904154560748668528159	0,3,3,3,3,3,3,3,3,3,3,3	-4,-4,-4,-4,-4,3,3,3,3,3,3,3	ok
0.382382	12.552553	-19.006384	0.423667	continued:5	24739664234858138982047535273920704895757539726112908251438163205018941142815780311745551274768732340258877681883220709254438060557727943084431578832787664786285033962897137475109966594536921196345368988178928734319550990616798234738426441329975811082542418687032574754555670308806400073011386994034122559084338923961564827243679948341711906639370687199591334610184232323549682995276987956088064516661660343597404353309026284818116830917705446825786992810866587209705521015335282251073699235984232692064386328873635550251467202252037321107786049250681199223578740058812830716655171327994111037989161388580029907113217692516151428882189052826236600101273658886718730310553097215413200632660197834522110148812564416726466161627534493324033549752171802592897151602613248451315348260736832056433051559954155147585463625391563460493609698430870330083136852882419032247730342913978343554562730770419758446813349422527948308241368216588733332198672216448671794686245327236681990537031981609573316311253709649252862192211878152631195397035161127064177339265906900387740653342404629140325692355213269809853567599849659085628930540968823303404033463195252204362983977144369471637695837923620243240181198736955961747434837635225569580746451205228328018384349285210990036112485671795939694278477789793638768923112251802540982408669211519575265865180392348748909015985609587506288716150411925124999250630446806900663084670460774530546527512822327225712543979545013835078486467868374362097268756194633429409326526615160776258755770448867774527266183447885731778184789128051965471100554599924777749740745909734403623388749554262910775904699300237737810062944812340259418912324406171603860578109006226099040707291435431063519333042625109662228710844957162214436902524353210356385662867762680086626026977893228460118018090151617250658620427854136761962650726856122374246090212358116732424383426418352630699241198504281238794863186055258398622241262760187907775603305739369541109301768574437788919754092295056161741756366411566924027836867107725972812501646992740709441882012415918534474117570703027880431942569075280444990705572873561341538394212968482610125466832513528007560117484276783060767071205988826162872638236644782265854906259179059792339847718299896082979864586321788693392888814834685562406597456832499212818003438234511767334048405713184408062271393144363146252426160837004888811960717256925942316059	24739664234858138982047535273920704865888201889876711837493816699690678266527069749440504790571412139398611409270908450362730376250155074764676347344069888126517298474570859817860608502873391373146285427510315747585633769201540786967750755426439244909325087395028128868044225308262789884128060956514754247517702306425810931411575896427989859706075064718218471893517140662118299639008577497356111854595428210166315807732026393320608795249168317651695729421548767897306733768613302513900313747234910216702628396343057972743120228768071687743367812170271420131539175277064250947772621001186024499362163335793602171390789441233345359317297987613512980491695577916997660396957915557900310271635623458055025007041775847069041635811203256895352566087822033786766343037302223398419442420288675160901222754706690690966518603785237711745730763499632246794821702611212581403238113406002252819908487238453210437930412907369377220770586565902403360469112052194331355699172681218058600912097861834234685728509163337737349074185342289032272009772529037195573254778966688587558900055660072144278809022487554382658809806558064428353021275127081776410900980967206199354460442391625214857639764133401759178616057210708327015756512805544520436902632270980403064128604110300347781624155351569719940155697818702422095998917819053965079478845711385304612753166567647817060274424315609406216581605903271903071111142231567855836177743434207965284248559828227670980935094414404596304862841163628176426562167212678084331271418625131238513014304885842984476307632638923525389950421623236969408163218539808699839673998520880527251036424702507002691092507786029742940917532263288624870251667568134708948416815280116998811635484394755359688876003475822347797018608966250902954807399888775482913308086222364262723056806056566937829248966366441405994968117591242682299546053773752069078072978975272777039484988027354852533816738689525380273004205580008068896254912308397981830602843645053541762655347414577583162866028361627311233253967843432168606088359860693381404293265368988464952178193925183598686443636199402331778672598281982405672816686049893808867694360263731123835216517133501169556884508318046660497028276803524992137448604891645392823961048290557940919848301600945372417476376974720540905481772821379124821807360138763043667296415504222694261813780363575930726214389579133791390454258241741674218904154560748668528159	1,4,-4,-4,-4,-4,3,3,3,3,3,3	-4,-4,-4,-4,-4,3,3,3,3,3,3,3	ok
0.386386	12.552553	-46.774590	0.420874	continued:5	24739664234858138982047535273920704895757539726112908251438163205018941142815780311745551274768732340258877681883220709254438060557727943084431578832787664786285033962897137475109966594536921196345368988178928734319550990616798234738426441329975811082542418687032574754555670308806400073011386994034122559084338923961564827243679948341711906639370687199591334610184232323549682995276987956088064516661660343597404353309026284818116830917705446825786992810866587209705521015335282251073699235984232692064386328873635550251467202252037321107786049250681199223578740058812830716655171327994111037989161388580029907113217692516151428882189052826236600101273658886718730310553097215413200632660197834522110148812564416726466161627534493324033549752171802592897151602613248451315348260736832056433051559954155147585463625391563460493609698430870330083136852882419032247730342913978343554562730770419758446813349422527948308241368216588733332198672216448671794686245327236681990537031981609573316311253709649252862192211878152631195397035161127064177339265906900387740653342404629140325692355213269809853567599849659085628930540968823303404033463195252204362983977144369471637695837923620243240181198736962995901859480036973023909205953122682260002466889881555114569016089373999241654603949447594279473281503564045842473334678274261026089693561307209494535507700418187494096621763004702853003855689744580594703744483838151768796640819877349594218266197992530962409452368193318447425687064727620251150366033303693780286621230049121055674110395915902441403194620371125118943600652847429479358268212438884339328801835077266470430907852470854367177947525175133904160060578633478797997994940654957795787260759006389663647867556322796383141693399650590656282798389664234089572386088486935161659564176697806028784099330919867890092665395257780292550017255332520880325035249543943852697023956482652175930440966670459832521182438259673245799479219006646108636251604085242714657576348757610318178426697755469991404993686300517457470145563610850175091031875928535175956604582529625168028203936645915163406598375932255594768681483927312041839588440878702798024859266721128007645927170104804653587749768788833036190768571209657946184391304097901551943028695186715466976311948644003803215016708838813322938733138259279706927333715365318533342622040676196565835150637017370673020253736281907835186429266172101494023025	24739664234858138982047535273920704865888201889876711837493816699690678266527069749440504790571412139398611409270908450362730376250155074764676347344069888126517298474570859817860608502873391373146285427510315747585633769201540786967750755426439244909325087395028128868044225308262789884128060956514754247517702306425810931411575896427989859706075064718218471893517140662118299639008577497356111854595428210166315807732026393320608795249168317651695729421548767897306733768613302513900313747234910216702628396343057972743120228768071687743367812170271420131539175277064250947772621001186024499362163335793602171390789441233345359317297987613512980491695577916997660396957915557900310271635623458055025007041775847069041635811203256895352566087822033786766343037302223398419442420288675160901222754706690690966518603785237711745730763499632246794821702611212581403238113406002252819908487238453210437930412907369377220770586565902403360469112052194331355699172681218058600912097861834234685728509163337737349074185342289032272009772529037195573254778966688587558900055660072144278809022487554382658809806558064428353021275127081776410900980967206199354460442391625214857639764133401759178616057210708327015756512805544520436902632270980403064128604110300347781624155351569719940155697818702422095998917819053965079478845711385304612753166567647817060274424315609406216581605903271903071111142231567855836177743434207965284248559828227670980935094414404596304862841163628176426562167212678084331271418625131238513014304885842984476307632638923525389950421623236969408163218539808699839673998520880527251036424702507002691092507786029742940917532263288624870251667568134708948416815280116998811635484394755359688876003475822347797018608966250902954807399888775482913308086222364262723056806056566937829248966366441405994968117591242682299546053773752069078072978975272777039484988027354852533816738689525380273004205580008068896254912308397981830602843645053541762655347414577583162866028361627311233253967843432168606088359860693381404293265368988464952178193925183598686443636199402331778672598281982405672816686049893808867694360263731123835216517133501169556884508318046660497028276803524992137448604891645392823961048290557940919848301600945372417476376974720540905481772821379124821807360138763043667296415504222694261813780363575930726214389579133791390454258241741674218904154560748668528159	-2,4,-4,-4,-4,-4,3,3,3,3,3,3	-4,-4,-4,-4,-4,3,3,3,3,3,3,3	ok
0.390390	12.552553	-50.593108	0.423667	continued:5	24739664234858138982047535273920704895757539726112908251438163205018941142815780311745551274768732340258877681883220709254438060557727943084431578832787664786285033962897137475109966594536921196345368988178928734319550990616798234738426441329975811082542418687032574754555670308806400073011386994034122559084338923961564827243679948341711906639370687199591334610184232323549682995276987956088064516661660343597404353309026284818116830917705446825786992810866587209705521015335282251073699235984232692064386328873635550251467202252037321107786049250681199223578740058812830716655171327994111037989160554259663041255730806104822364702767003886426236948197875179044375918947062777752518800945220039096656325624832428902632916718843792734174910613073877182282814845299795859817832873050829380297050086561327142630676041705608701295328883785288019463302235365810057437776994452568277033509701397890179816214208032024713357498876567322388814154303003931713475645588699713181579139545605564594106502193640473675998821326912636802272263104652883469557388721394548958714742151679764225722796250070551524401796064839535518648641058846020683987900923271122883848006060940514381132676162478441282448143119470227210432227122363713371255441354621052509508984709634926146647286000378028149020408135579796249985685416544122878976762015235710406679767054221469630668164508756954128670266820083169508953133382895781415892028857527433800331452509796880235124731818611926094996337828751367422770972106106871945447087787459013419016539682579692253007997669256306678044334190343958737683833626787830959854189876711673345743229891352071395441453714329516872363078558572585460064194527798019451500567712566804669085534009811391321703082108952041911184337041897792539402496106214458120979277192533259839067349129963145395443534147512377238039651898685713406445449049290166872617628617292086319375613642792703810618236745564851457049087158661840834963661419540135158363742337750878630973637161914688328900311151288869242457269541014220968487060804170517057834972965455408167521485957636626702129395672139918211400852445909138229939457411027786749047331318679203233959006853076598513293545187508811641950752377849176619622422822865690583986800091214624688328197908428394843316056532803829279453545060994789096398534012484533311814877844201908213083717792014484879802543088847813769703124411954747150298542713179850503414173	24739664234858138982047535273920704865888201889876711837493816699690678266527069749440504790571412139398611409270908450362730376250155074764676347344069888126517298474570859817860608502873391373146285427510315747585633769201540786967750755426439244909325087395028128868044225308262789884128060956514754247517702306425810931411575896427989859706075064718218471893517140662118299639008577497356111854595428210166315807732026393320608795249168317651695729421548767897306733768613302513900313747234910216702628396343057972743120228768071687743367812170271420131539175277064250947772621001186024499362163335793602171390789441233345359317297987613512980491695577916997660396957915557900310271635623458055025007041775847069041635811203256895352566087822033786766343037302223398419442420288675160901222754706690690966518603785237711745730763499632246794821702611212581403238113406002252819908487238453210437930412907369377220770586565902403360469112052194331355699172681218058600912097861834234685728509163337737349074185342289032272009772529037195573254778966688587558900055660072144278809022487554382658809806558064428353021275127081776410900980967206199354460442391625214857639764133401759178616057210708327015756512805544520436902632270980403064128604110300347781624155351569719940155697818702422095998917819053965079478845711385304612753166567647817060274424315609406216581605903271903071111142231567855836177743434207965284248559828227670980935094414404596304862841163628176426562167212678084331271418625131238513014304885842984476307632638923525389950421623236969408163218539808699839673998520880527251036424702507002691092507786029742940917532263288624870251667568134708948416815280116998811635484394755359688876003475822347797018608966250902954807399888775482913308086222364262723056806056566937829248966366441405994968117591242682299546053773752069078072978975272777039484988027354852533816738689525380273004205580008068896254912308397981830602843645053541762655347414577583162866028361627311233253967843432168606088359860693381404293265368988464952178193925183598686443636199402331778672598281982405672816686049893808867694360263731123835216517133501169556884508318046660497028276803524992137448604891645392823961048290557940919848301600945372417476376974720540905481772821379124821807360138763043667296415504222694261813780363575930726214389579133791390454258241741674218904154560748668528159	1,-4,-4,-4,-4,-4,3,3,3,3,3,3	-4,-4,-4,-4,-4,3,3,3,3,3,3,3	ok
0.394394	12.552553	-53.012180	0.424503	continued:5	24739664234858138982047535273920704865888201889876711837493816699690678266527069749440504790571412139398611409270908450362730376250155074764676347344069888126517298474570859817860608502873391373146285427510315747585633769201540786967750755426439244909325087395028128868044225308262789884128060956514754247517702306425810931411575896427989859706075064718218471893517140662118299639008577497356111854595428210166315807732026393320608795249168317651695729421548767897306733768613302513900313747234910216702628396343057972743120228768071687743367812170271420131539175277064250947772621001186024499362163335793602171390789441233345359317297987613512980491695577916997660396957915557900310271635623458055025007041775847069041635811203256895352566087822033786766343037302223398419442420288675160901222754706690690966518603785237711745730763499632246794821702611212581403238113406002252819908487238453210437930412907369377220770586565902403360469112052194331355699172681218058600912097861834234685728509163337737349074185342289032272009772529037195573254778966688587558900055660072144278809022487554382658809806558064428353021275127081776410900980967206199354460442391625214857639764133401759178616057210673156243633300796807248794605122683731974791496902664128878641184520473500825398215812641159434827628998622259292915673218874003973386059003237887445082762880209786399957615563799203180616399064332818912996058392810196869654083006490334642056061239251179056009615294506290117464688484025949120568719819283456124580544682881171421260943541579248527704869898537742188703833871961088688204538498117265321771286761309247552685482079962262050552845513714934846045182058722227987606665606042180617044588443607459813064997879976194827291424712032310443011090956239365061217361518410802453124524840558011953805365761494457801009569163317744034818142535244063518808384830620220565418152783289956624749749819076668016024265032457536863212943413743867832753754773611384186639210741581136382046281168136879454471498331878163458120352190565978782247931890290295701266018978036779034468107326187079926916798699596662346300581249330764795567806508746121156744125367811518619897619348002395798294907765649592376122383521072922104001273026981807900119826443200996317126277171178704077483113072074268653747754487474408483425854972111137166212140154130568988566022312919789958312847244142489313149410058949163660852994	24739664234858138982047535273920704865888201889876711837493816699690678266527069749440504790571412139398611409270908450362730376250155074764676347344069888126517298474570859817860608502873391373146285427510315747585633769201540786967750755426439244909325087395028128868044225308262789884128060956514754247517702306425810931411575896427989859706075064718218471893517140662118299639008577497356111854595428210166315807732026393320608795249168317651695729421548767897306733768613302513900313747234910216702628396343057972743120228768071687743367812170271420131539175277064250947772621001186024499362163335793602171390789441233345359317297987613512980491695577916997660396957915557900310271635623458055025007041775847069041635811203256895352566087822033786766343037302223398419442420288675160901222754706690690966518603785237711745730763499632246794821702611212581403238113406002252819908487238453210437930412907369377220770586565902403360469112052194331355699172681218058600912097861834234685728509163337737349074185342289032272009772529037195573254778966688587558900055660072144278809022487554382658809806558064428353021275127081776410900980967206199354460442391625214857639764133401759178616057210708327015756512805544520436902632270980403064128604110300347781624155351569719940155697818702422095998917819053965079478845711385304612753166567647817060274424315609406216581605903271903071111142231567855836177743434207965284248559828227670980935094414404596304862841163628176426562167212678084331271418625131238513014304885842984476307632638923525389950421623236969408163218539808699839673998520880527251036424702507002691092507786029742940917532263288624870251667568134708948416815280116998811635484394755359688876003475822347797018608966250902954807399888775482913308086222364262723056806056566937829248966366441405994968117591242682299546053773752069078072978975272777039484988027354852533816738689525380273004205580008068896254912308397981830602843645053541762655347414577583162866028361627311233253967843432168606088359860693381404293265368988464952178193925183598686443636199402331778672598281982405672816686049893808867694360263731123835216517133501169556884508318046660497028276803524992137448604891645392823961048290557940919848301600945372417476376974720540905481772821379124821807360138763043667296415504222694261813780363575930726214389579133791390454258241741674218904154560748668528159	1,-4,-4,-4,-4,3,3,3,3,3,3,3	-4,-4,-4,-4,-4,3,3,3,3,3,3,3	ok
0.398398	12.552553	-54.556667	0.427297	continued:5	24739664234858138982047535273920704865888201889876711837493816699690678265963591165069870505023217046633362579621148489165328977987949899797415602900085081435628786567950676391780949633448253616219680559998014214784634910618447122667639804607217055610037222276897125660535867393387520758988742191975475097134159821776175469287214857624750265388130867415580412873925910271279382629434282479656095907178473638142326186864698341018602123575843883404208311798618679388046194707946385968872279636660172423920762823771748609336176990325713506490614247467311351878471253089939596514261196666267475682898635077588364628629417296554229734815495315011752337585393015754405944996164827318009845582551593321289722257247006063686910061456841431892563940020873466746931070957111770150069590359792388197563206227771911411885143855184505614961998508226343153531223089971459935049708039359327667779120430067461929055441744031224422705223831560005091108633317128720548165517033711719448300771525660964913525817712220131912105082815080054605883136048554894173783193438041716508681297001277350562437894851607688119124032266056066591963623197071229719772200831481260746898621517899928612391918713268983151048632780119648896253765940151777173575597570025320253082336116946689981147789765900355562110523987436189411566954756946831913765892283629482126668117215787661175622538482371666841405595054624551275871666632475049764341931929868507018454948365774171910807496638367218687366613903751947086947394002612630474683257999387223688134848014104823955551645010680263372366206458226198558279883447844315148180302724249331888726196930807213187997142652942313186005148224878224024593537200103980637926868603500896185830904692094904758235554768415409124757267836161356776521732484146109863946926378105041694979170269733992817805415234240628485488200053302199364211031646323082439647263607276631895871769259044401451363766451126814443473134220489198884697731101960802990910300139680959518854832128513597114746389737973151315057975842081443516593123962467786526070102139874765749035637088432614260030772344792316488840415153698481155126035457741137680097748660410763036811870095293313414540437283852893333234643562710973384060038416228190613325616933189150517789061901654152308030489428549857055082465581427407486143000730202660813809057790100346399768338483335257539245860316494779637880208922066168766414992991208014608723526	24739664234858138982047535273920704865888201889876711837493816699690678266527069749440504790571412139398611409270908450362730376250155074764676347344069888126517298474570859817860608502873391373146285427510315747585633769201540786967750755426439244909325087395028128868044225308262789884128060956514754247517702306425810931411575896427989859706075064718218471893517140662118299639008577497356111854595428210166315807732026393320608795249168317651695729421548767897306733768613302513900313747234910216702628396343057972743120228768071687743367812170271420131539175277064250947772621001186024499362163335793602171390789441233345359317297987613512980491695577916997660396957915557900310271635623458055025007041775847069041635811203256895352566087822033786766343037302223398419442420288675160901222754706690690966518603785237711745730763499632246794821702611212581403238113406002252819908487238453210437930412907369377220770586565902403360469112052194331355699172681218058600912097861834234685728509163337737349074185342289032272009772529037195573254778966688587558900055660072144278809022487554382658809806558064428353021275127081776410900980967206199354460442391625214857639764133401759178616057210708327015756512805544520436902632270980403064128604110300347781624155351569719940155697818702422095998917819053965079478845711385304612753166567647817060274424315609406216581605903271903071111142231567855836177743434207965284248559828227670980935094414404596304862841163628176426562167212678084331271418625131238513014304885842984476307632638923525389950421623236969408163218539808699839673998520880527251036424702507002691092507786029742940917532263288624870251667568134708948416815280116998811635484394755359688876003475822347797018608966250902954807399888775482913308086222364262723056806056566937829248966366441405994968117591242682299546053773752069078072978975272777039484988027354852533816738689525380273004205580008068896254912308397981830602843645053541762655347414577583162866028361627311233253967843432168606088359860693381404293265368988464952178193925183598686443636199402331778672598281982405672816686049893808867694360263731123835216517133501169556884508318046660497028276803524992137448604891645392823961048290557940919848301600945372417476376974720540905481772821379124821807360138763043667296415504222694261813780363575930726214389579133791390454258241741674218904154560748668528159	1,3,3,3,3,3,3,3,3,3,3,3	-4,-4,-4,-4,-4,3,3,3,3,3,3,3	ok
0.402402	12.552553	-55.449872	0.430090	continued:5	24739664234858138982047535273920704865888201889876711837493816699690678265963591165069870505023217046633362579621148489165328977987949899797415602900085081435628786567950676391780949633448253616219680559998014214784634910618447122667639804607217055610037222276897125660535867393387520758988742191975475097134159821776175469287214857624750265388130867415580412873925910271279382629434282479656095907178473638142326186864698341018602123575843883404208311798618679388046194707946385968872279636660172423920762823771748609336176990325713506490614247467311351878471253089939596514261196666267475682898635077588364628629417296554229734815495315011752337585393015754405944996164827318009845582551593321289722257247006063686910061456841431892563940020873466746931070957111770150069590359792388197563206227771911411885143855184505614961998508226343153531223089971459935049708039359327667779120430067461929055441744031224422705223831560005091108633317128720548165517033711719448300771525660964913525817712220131912105082815080054605883136048554894173783193438041716508681297001277350562437894851607688119124032266056066591963623197071229719772200831481260746898621517899928612391918713268983151048632780119655930408190582553524627904057071942769938736862457235924274975877692875969260912825240440176312796169883715527296420812911085368231803397367822990876417832371726944474641149344806282859835563177758758315140869621665338558538229319788140992642348683078964438303205169238089677606281386970253341769254691973676747054001600056884371509167578247128910554017708455798400339763929792299326278161913247735847547901720607853014273297061169415154483166033077865097453650461838107532682052642437808745312631797604500447563344035980600655360681484274936965759099895773785743476559627847035998495623947412514142251410657373695628596507787826274803330499930271551011927848963095389998115464084361772602196582573023653623911344037727364227195594183603523434780747077500441651045950433605054450968920210102886398197382751252220063486096686194630712738899496659850907030285511459146924946136142303252814811401903979278425790228571196558652325907826618637862596663393079577711958009484587139118727133603578984775841831059511392904829664132579075616389269418347099007484820626482853352165533173315748528323140233506000037753936239379980930850327518548701251621213257545847129540580490183656973082502121819713680447958	24739664234858138982047535273920704865888201889876711837493816699690678266527069749440504790571412139398611409270908450362730376250155074764676347344069888126517298474570859817860608502873391373146285427510315747585633769201540786967750755426439244909325087395028128868044225308262789884128060956514754247517702306425810931411575896427989859706075064718218471893517140662118299639008577497356111854595428210166315807732026393320608795249168317651695729421548767897306733768613302513900313747234910216702628396343057972743120228768071687743367812170271420131539175277064250947772621001186024499362163335793602171390789441233345359317297987613512980491695577916997660396957915557900310271635623458055025007041775847069041635811203256895352566087822033786766343037302223398419442420288675160901222754706690690966518603785237711745730763499632246794821702611212581403238113406002252819908487238453210437930412907369377220770586565902403360469112052194331355699172681218058600912097861834234685728509163337737349074185342289032272009772529037195573254778966688587558900055660072144278809022487554382658809806558064428353021275127081776410900980967206199354460442391625214857639764133401759178616057210708327015756512805544520436902632270980403064128604110300347781624155351569719940155697818702422095998917819053965079478845711385304612753166567647817060274424315609406216581605903271903071111142231567855836177743434207965284248559828227670980935094414404596304862841163628176426562167212678084331271418625131238513014304885842984476307632638923525389950421623236969408163218539808699839673998520880527251036424702507002691092507786029742940917532263288624870251667568134708948416815280116998811635484394755359688876003475822347797018608966250902954807399888775482913308086222364262723056806056566937829248966366441405994968117591242682299546053773752069078072978975272777039484988027354852533816738689525380273004205580008068896254912308397981830602843645053541762655347414577583162866028361627311233253967843432168606088359860693381404293265368988464952178193925183598686443636199402331778672598281982405672816686049893808867694360263731123835216517133501169556884508318046660497028276803524992137448604891645392823961048290557940919848301600945372417476376974720540905481772821379124821807360138763043667296415504222694261813780363575930726214389579133791390454258241741674218904154560748668528159	-2,3,3,3,3,3,3,3,3,3,3,3	-4,-4,-4,-4,-4,3,3,3,3,3,3,3	ok
0.406406	12.552553	-56.004101	0.432883	continued:5	24739664234858138982047535273920704865888201889876711837493816699690678265963591165069870505023217046633362579621148489165328977987949899797415602900085081435628786567950676391780949633448253616219680559998014214784634910618447122667639804607217055610037222276897125660535867393387520758988742191975475097134159821776175469287214857624750265388130867415580412873925910271279382629434282479656095907178473638142326186864698341018602123575843883404208311798618679388046194707946385968872279636660172423920762823771748609336176990325713506490614247467311351878471253089939596514261196666267475682898635077588364628629417296554229734815495315011752337585393015754405944996164827318009845582551593321289722257247006063686910061456841431892563940020873466746931070957111770150069590359792388197563206227771911411885143855184505614961998508226343153531223089971459935049708039359327667779120430067461929055441744031224422705223831560005091108633317128720548165517033711719448300771525660964913525817712220131912105082815080054605883136048554894173783193438041716508681297001277350562437894851607688119124032266056066591963623197071229719772200831481260746898621517899928612391918713268983151048632780119648896253765940151777173575597570025320253082336116946689981147789765900355562110523987436189411566954756946831913765892283629482126668117215787661175622538482371666841405595054624551275871666632475049764341931929868507018454948365774171910807496638367218687366613903751947086947394002612630474683257999387223688134848014104823955551645010680263372366206458226198558279883447844315148180302724249331888726196930807213187997142652942313186005148224878224024593537200103980637926868603500896185830904692094904758235554768415409124757267836161356776521732484146109863946926378105041694979170269733992817805415234240628485488200053302199364211031646323082439647263607276631895871769259044401451363766451126814443473134220489198884697731101960802990910300139680959518854832128513597114746389737973151315057975842081443516593123962467786526070102139874765749035637088432614260030772344792316488840415153698481155126035457741137680097748660410763036811870095293313414540437283852893333234643562710973384060038416228190613325616933189150517789061901654152308030489428549857055082465581427407486143000730202660813809057790100346399768338483335257539245860316494779637880208922066168766414992991208014608723526	24739664234858138982047535273920704865888201889876711837493816699690678266527069749440504790571412139398611409270908450362730376250155074764676347344069888126517298474570859817860608502873391373146285427510315747585633769201540786967750755426439244909325087395028128868044225308262789884128060956514754247517702306425810931411575896427989859706075064718218471893517140662118299639008577497356111854595428210166315807732026393320608795249168317651695729421548767897306733768613302513900313747234910216702628396343057972743120228768071687743367812170271420131539175277064250947772621001186024499362163335793602171390789441233345359317297987613512980491695577916997660396957915557900310271635623458055025007041775847069041635811203256895352566087822033786766343037302223398419442420288675160901222754706690690966518603785237711745730763499632246794821702611212581403238113406002252819908487238453210437930412907369377220770586565902403360469112052194331355699172681218058600912097861834234685728509163337737349074185342289032272009772529037195573254778966688587558900055660072144278809022487554382658809806558064428353021275127081776410900980967206199354460442391625214857639764133401759178616057210708327015756512805544520436902632270980403064128604110300347781624155351569719940155697818702422095998917819053965079478845711385304612753166567647817060274424315609406216581605903271903071111142231567855836177743434207965284248559828227670980935094414404596304862841163628176426562167212678084331271418625131238513014304885842984476307632638923525389950421623236969408163218539808699839673998520880527251036424702507002691092507786029742940917532263288624870251667568134708948416815280116998811635484394755359688876003475822347797018608966250902954807399888775482913308086222364262723056806056566937829248966366441405994968117591242682299546053773752069078072978975272777039484988027354852533816738689525380273004205580008068896254912308397981830602843645053541762655347414577583162866028361627311233253967843432168606088359860693381404293265368988464952178193925183598686443636199402331778672598281982405672816686049893808867694360263731123835216517133501169556884508318046660497028276803524992137448604891645392823961048290557940919848301600945372417476376974720540905481772821379124821807360138763043667296415504222694261813780363575930726214389579133791390454258241741674218904154560748668528159	1,3,3,3,3,3,3,3,3,3,3,3	-4,-4,-4,-4,-4,3,3,3,3,3,3,3	ok
0.410410	12.552553	-56.366849	0.435677	continued:5	24739664234858138982047535273920704865888201889876711837493816699690678265963591165069870505023217046633362579621148489165328977987949899797415602900085081435628786567950676391780949633448253616219680559998014214784634910618447122667639804607217055610037222276897125660535867393387520758988742191975475097134159821776175469287214857624750265388130867415580412873925910271279382629434282479656095907178473638142326186864698341018602123575843883404208311798618679388046194707946385968872279636660172423920762823771748609336176990325713506490614247467311351878471253089939596514261196666267475682898635077588364628629417296554229734815495315011752337585393015754405944996164827318009845582551593321289722257247006063686910061456841431892563940020873466746931070957111770150069590359792388197563206227771911411885143855184505614961998508226343153531223089971459935049708039359327667779120430067461929055441744031224422705223831560005091108633317128720548165517033711719448300771525660964913525817712220131912105082815080054605883136048554894173783193438041716508681297001277350562437894851607688119124032266056066591963623197071229719772200831481260746898621517899928612391918713268983151048632780119648896253765940151777173575597570025320253082336116946689981147789765900355562110523987436189411566954756946831913765892283629482126668117215787661175622538482371666841405595054624551275871666632475049764341931929868507018454948365774171910807496638367218687366613903751947086947394002612630474683257999387223688134848014104823955551645010680263372366206458226198558279883447844315148180302724249331888726196930807213187997142652942313186005148224878224024593537200103980637926868603500896185830904692094904758235554768415409124757267836161356776521732484146109863946926378105041694979170269733992817805415234240628485488200053302199364211031646323082439647263607276631895871769259044401451363766451126814443473134220489198884697731101960802990910300139680959518854832128513597114746389737973151315057975842081443516593123962467786526070102139874765749035637088432614260030772344792316488840415153698481155126035457741137680097748660410763036811870095293313414540437283852893333234643562710973384060038416228190613325616933189150517789061901654152308030489428549857055082465581427407486143000730202660813809057790100346399768338483335257539245860316494779637880208922066168766414992991208014608723526	24739664234858138982047535273920704865888201889876711837493816699690678266527069749440504790571412139398611409270908450362730376250155074764676347344069888126517298474570859817860608502873391373146285427510315747585633769201540786967750755426439244909325087395028128868044225308262789884128060956514754247517702306425810931411575896427989859706075064718218471893517140662118299639008577497356111854595428210166315807732026393320608795249168317651695729421548767897306733768613302513900313747234910216702628396343057972743120228768071687743367812170271420131539175277064250947772621001186024499362163335793602171390789441233345359317297987613512980491695577916997660396957915557900310271635623458055025007041775847069041635811203256895352566087822033786766343037302223398419442420288675160901222754706690690966518603785237711745730763499632246794821702611212581403238113406002252819908487238453210437930412907369377220770586565902403360469112052194331355699172681218058600912097861834234685728509163337737349074185342289032272009772529037195573254778966688587558900055660072144278809022487554382658809806558064428353021275127081776410900980967206199354460442391625214857639764133401759178616057210708327015756512805544520436902632270980403064128604110300347781624155351569719940155697818702422095998917819053965079478845711385304612753166567647817060274424315609406216581605903271903071111142231567855836177743434207965284248559828227670980935094414404596304862841163628176426562167212678084331271418625131238513014304885842984476307632638923525389950421623236969408163218539808699839673998520880527251036424702507002691092507786029742940917532263288624870251667568134708948416815280116998811635484394755359688876003475822347797018608966250902954807399888775482913308086222364262723056806056566937829248966366441405994968117591242682299546053773752069078072978975272777039484988027354852533816738689525380273004205580008068896254912308397981830602843645053541762655347414577583162866028361627311233253967843432168606088359860693381404293265368988464952178193925183598686443636199402331778672598281982405672816686049893808867694360263731123835216517133501169556884508318046660497028276803524992137448604891645392823961048290557940919848301600945372417476376974720540905481772821379124821807360138763043667296415504222694261813780363575930726214389579133791390454258241741674218904154560748668528159	1,3,3,3,3,3,3,3,3,3,3,3	-4,-4,-4,-4,-4,3,3,3,3,3,3,3	ok
0.414414	12.552553	-56.603826	0.438470	continued:5	24739664234858138982047535273920704865888201889876711837493816699690678265963591165069870505023217046633362579621148489165328977987949899797415602900085081435628786567950676391780949633448253616219680559998014214784634910618447122667639804607217055610037222276897125660535867393387520758988742191975475097134159821776175469287214857624750265388130867415580412873925910271279382629434282479656095907178473638142326186864698341018602123575843883404208311798618679388046194707946385968872279636660172423920762823771748609336176990325713506490614247467311351878471253089939596514261196666267475682898635077588364628629417296554229734815495315011752337585393015754405944996164827318009845582551593321289722257247006063686910061456841431892563940020873466746931070957111770150069590359792388197563206227771911411885143855184505614961998508226343153531223089971459935049708039359327667779120430067461929055441744031224422705223831560005091108633317128720548165517033711719448300771525660964913525817712220131912105082815080054605883136048554894173783193438041716508681297001277350562437894851607688119124032266056066591963623197071229719772200831481260746898621517899928612391918713268983151048632780119634827944916655348282264918678566190420881773283436368221393491613911949128164505921481428215609108524503409441148456051028717709916397556911717001774031950703661111574934486474261088107943873541907632662744056546274843938288386457746233747137792548943727185493431372779661905629619233897384740511264614214317570296540842200703123636599875546532295990583957766998874160122483948346791984584346252523971082787351205933535444833836488109249049112608478941878873310676635726848416500525627071066867450481075713379579976233285026063550440539934196398046997660890758104887659878621053087946262914376950168913424387974494199271584584254048485972095078426145295086092895639115691384379608409659149698134207333136082596714586012868199702004938675362103169406264041995254472595518330682442301328793713681148779162023739890422807178515014098152732507426304595433046340242379548930200044749770443836898441653136886613797649230830295735641430327995013385242283499720784819705292882384401762249663480974950600496453129661786030317522534409300320588646868268258909121827032683864460916330397650725401782721723595982365919300891541077337604360412908370114495154434392644654559465785831192353079974729984616465274665	24739664234858138982047535273920704865888201889876711837493816699690678266527069749440504790571412139398611409270908450362730376250155074764676347344069888126517298474570859817860608502873391373146285427510315747585633769201540786967750755426439244909325087395028128868044225308262789884128060956514754247517702306425810931411575896427989859706075064718218471893517140662118299639008577497356111854595428210166315807732026393320608795249168317651695729421548767897306733768613302513900313747234910216702628396343057972743120228768071687743367812170271420131539175277064250947772621001186024499362163335793602171390789441233345359317297987613512980491695577916997660396957915557900310271635623458055025007041775847069041635811203256895352566087822033786766343037302223398419442420288675160901222754706690690966518603785237711745730763499632246794821702611212581403238113406002252819908487238453210437930412907369377220770586565902403360469112052194331355699172681218058600912097861834234685728509163337737349074185342289032272009772529037195573254778966688587558900055660072144278809022487554382658809806558064428353021275127081776410900980967206199354460442391625214857639764133401759178616057210708327015756512805544520436902632270980403064128604110300347781624155351569719940155697818702422095998917819053965079478845711385304612753166567647817060274424315609406216581605903271903071111142231567855836177743434207965284248559828227670980935094414404596304862841163628176426562167212678084331271418625131238513014304885842984476307632638923525389950421623236969408163218539808699839673998520880527251036424702507002691092507786029742940917532263288624870251667568134708948416815280116998811635484394755359688876003475822347797018608966250902954807399888775482913308086222364262723056806056566937829248966366441405994968117591242682299546053773752069078072978975272777039484988027354852533816738689525380273004205580008068896254912308397981830602843645053541762655347414577583162866028361627311233253967843432168606088359860693381404293265368988464952178193925183598686443636199402331778672598281982405672816686049893808867694360263731123835216517133501169556884508318046660497028276803524992137448604891645392823961048290557940919848301600945372417476376974720540905481772821379124821807360138763043667296415504222694261813780363575930726214389579133791390454258241741674218904154560748668528159	0,3,3,3,3,3,3,3,3,3,3,3	-4,-4,-4,-4,-4,3,3,3,3,3,3,3	ok
0.418418	12.552553	-56.750202	0.437014	continued:5	24739664234858138982047535273920704865888201889876711837493816699690678265963591165069870505023217046633362579621148489165328977987949899797415602900085081435628786567950676391780949633448253616219680559998014214784634910618447122667639804607217055610037222276897125660535867393387520758988742191975475097134159821776175469287214857624750265388130867415580412873925910271279382629434282479656095907178473638142326186864698341018602123575843883404208311798618679388046194707946385968872279636660172423920762823771748609336176990325713506490614247467311351878471253089939596514261196666267475682898635077588364628629417296554229734815495315011752337585393015754405944996164827318009845582551593321289722257247006063686910061456841431892563940020873466746931070957111770150069590359792388197563206227771911411885143855184505614961998508226343153531223089971459935049708039359327667779120430067461929055441744031224422705223831560005091108633317128720548165517033711719448300771525660964913525817712220131912105082815080054605883136048554894173783193438041716508681297001277350562437894851607688119124032266056066591963623197071229719772200831481260746898621517899928612391918713268983151048632780119634827944916655348282264918678566190420881773283436368221393491613911949128164505921481428215609108524503409441148456051028717709916397556911717001774031950703661111574934486474261088107943873541907632662744056546274843938288386457746233747137792548943727185493431372779661905629619233897384740511264614214317570296540842200703123636599875546532295990583957766998874160122483948346791984584346252523971082787351205933535444833836488109249049112608478941878873310676635726848416500525627071066867450481075713379579976233285026063550440539934196398046997660890758104887659878621053087946262914376950168913424387974494199271584584254048485972095078426145295086092895639115691384379608409659149698134207333136082596714586012868199702004938675362103169406264041995254472595518330682442301328793713681148779162023739890422807178515014098152732507426304595433046340242379548930200044749770443836898441653136886613797649230830295735641430327995013385242283499720784819705292882384401762249663480974950600496453129661786030317522534409300320588646868268258909121827032683864460916330397650725401782721723595982365919300891541077337604360412908370114495154434392644654559465785831192353079974729984616465274665	24739664234858138982047535273920704865888201889876711837493816699690678266527069749440504790571412139398611409270908450362730376250155074764676347344069888126517298474570859817860608502873391373146285427510315747585633769201540786967750755426439244909325087395028128868044225308262789884128060956514754247517702306425810931411575896427989859706075064718218471893517140662118299639008577497356111854595428210166315807732026393320608795249168317651695729421548767897306733768613302513900313747234910216702628396343057972743120228768071687743367812170271420131539175277064250947772621001186024499362163335793602171390789441233345359317297987613512980491695577916997660396957915557900310271635623458055025007041775847069041635811203256895352566087822033786766343037302223398419442420288675160901222754706690690966518603785237711745730763499632246794821702611212581403238113406002252819908487238453210437930412907369377220770586565902403360469112052194331355699172681218058600912097861834234685728509163337737349074185342289032272009772529037195573254778966688587558900055660072144278809022487554382658809806558064428353021275127081776410900980967206199354460442391625214857639764133401759178616057210708327015756512805544520436902632270980403064128604110300347781624155351569719940155697818702422095998917819053965079478845711385304612753166567647817060274424315609406216581605903271903071111142231567855836177743434207965284248559828227670980935094414404596304862841163628176426562167212678084331271418625131238513014304885842984476307632638923525389950421623236969408163218539808699839673998520880527251036424702507002691092507786029742940917532263288624870251667568134708948416815280116998811635484394755359688876003475822347797018608966250902954807399888775482913308086222364262723056806056566937829248966366441405994968117591242682299546053773752069078072978975272777039484988027354852533816738689525380273004205580008068896254912308397981830602843645053541762655347414577583162866028361627311233253967843432168606088359860693381404293265368988464952178193925183598686443636199402331778672598281982405672816686049893808867694360263731123835216517133501169556884508318046660497028276803524992137448604891645392823961048290557940919848301600945372417476376974720540905481772821379124821807360138763043667296415504222694261813780363575930726214389579133791390454258241741674218904154560748668528159	0,3,3,3,3,3,3,3,3,3,3,3	-4,-4,-4,-4,-4,3,3,3,3,3,3,3	ok
0.422422	12.552553	-56.881515	0.435972	continued:5	24739664234858138982047535273920704865888201889876711837493816699690678265963591165069870505023217046633362579621148489165328977987949899797415602900085081435628786567950676391780949633448253616219680559998014214784634910618447122667639804607217055610037222276897125660535867393387520758988742191975475097134159821776175469287214857624750265388130867415580412873925910271279382629434282479656095907178473638142326186864698341018602123575843883404208311798618679388046194707946385968872279636660172423920762823771748609336176990325713506490614247467311351878471253089939596514261196666267475682898635077588364628629417296554229734815495315011752337585393015754405944996164827318009845582551593321289722257247006063686910061456841431892563940020873466746931070957111770150069590359792388197563206227771911411885143855184505614961998508226343153531223089971459935049708039359327667779120430067461929055441744031224422705223831560005091108633317128720548165517033711719448300771525660964913525817712220131912105082815080054605883136048554894173783193438041716508681297001277350562437894851607688119124032266056066591963623197071229719772200831481260746898621517899928612391918713268983151048632780119634827944916655348282264918678566190420881773283436368221393491613911949128164505921481428215609108524503409441148456051028717709916397556911717001774031950703661111574934486474261088107943873541907632662744056546274843938288386457746233747137792548943727185493431372779661905629619233897384740511264614214317570296540842200703123636599875546532295990583957766998874160122483948346791984584346252523971082787351205933535444833836488109249049112608478941878873310676635726848416500525627071066867450481075713379579976233285026063550440539934196398046997660890758104887659878621053087946262914376950168913424387974494199271584584254048485972095078426145295086092895639115691384379608409659149698134207333136082596714586012868199702004938675362103169406264041995254472595518330682442301328793713681148779162023739890422807178515014098152732507426304595433046340242379548930200044749770443836898441653136886613797649230830295735641430327995013385242283499720784819705292882384401762249663480974950600496453129661786030317522534409300320588646868268258909121827032683864460916330397650725401782721723595982365919300891541077337604360412908370114495154434392644654559465785831192353079974729984616465274665	24739664234858138982047535273920704865888201889876711837493816699690678266527069749440504790571412139398611409270908450362730376250155074764676347344069888126517298474570859817860608502873391373146285427510315747585633769201540786967750755426439244909325087395028128868044225308262789884128060956514754247517702306425810931411575896427989859706075064718218471893517140662118299639008577497356111854595428210166315807732026393320608795249168317651695729421548767897306733768613302513900313747234910216702628396343057972743120228768071687743367812170271420131539175277064250947772621001186024499362163335793602171390789441233345359317297987613512980491695577916997660396957915557900310271635623458055025007041775847069041635811203256895352566087822033786766343037302223398419442420288675160901222754706690690966518603785237711745730763499632246794821702611212581403238113406002252819908487238453210437930412907369377220770586565902403360469112052194331355699172681218058600912097861834234685728509163337737349074185342289032272009772529037195573254778966688587558900055660072144278809022487554382658809806558064428353021275127081776410900980967206199354460442391625214857639764133401759178616057210708327015756512805544520436902632270980403064128604110300347781624155351569719940155697818702422095998917819053965079478845711385304612753166567647817060274424315609406216581605903271903071111142231567855836177743434207965284248559828227670980935094414404596304862841163628176426562167212678084331271418625131238513014304885842984476307632638923525389950421623236969408163218539808699839673998520880527251036424702507002691092507786029742940917532263288624870251667568134708948416815280116998811635484394755359688876003475822347797018608966250902954807399888775482913308086222364262723056806056566937829248966366441405994968117591242682299546053773752069078072978975272777039484988027354852533816738689525380273004205580008068896254912308397981830602843645053541762655347414577583162866028361627311233253967843432168606088359860693381404293265368988464952178193925183598686443636199402331778672598281982405672816686049893808867694360263731123835216517133501169556884508318046660497028276803524992137448604891645392823961048290557940919848301600945372417476376974720540905481772821379124821807360138763043667296415504222694261813780363575930726214389579133791390454258241741674218904154560748668528159	0,3,3,3,3,3,3,3,3,3,3,3	-4,-4,-4,-4,-4,3,3,3,3,3,3,3	ok
0.426426	12.552553	-56.996719	0.435057	continued:5	24739664234858138982047535273920704865888201889876711837493816699690678265963591165069870505023217046633362579621148489165328977987949899797415602900085081435628786567950676391780949633448253616219680559998014214784634910618447122667639804607217055610037222276897125660535867393387520758988742191975475097134159821776175469287214857624750265388130867415580412873925910271279382629434282479656095907178473638142326186864698341018602123575843883404208311798618679388046194707946385968872279636660172423920762823771748609336176990325713506490614247467311351878471253089939596514261196666267475682898635077588364628629417296554229734815495315011752337585393015754405944996164827318009845582551593321289722257247006063686910061456841431892563940020873466746931070957111770150069590359792388197563206227771911411885143855184505614961998508226343153531223089971459935049708039359327667779120430067461929055441744031224422705223831560005091108633317128720548165517033711719448300771525660964913525817712220131912105082815080054605883136048554894173783193438041716508681297001277350562437894851607688119124032266056066591963623197071229719772200831481260746898621517899928612391918713268983151048632780119634827944916655348282264918678566190420881773283436368221393491613911949128164505921481428215609108524503409441148456051028717709916397556911717001774031950703661111574934486474261088107943873541907632662744056546274843938288386457746233747137792548943727185493431372779661905629619233897384740511264614214317570296540842200703123636599875546532295990583957766998874160122483948346791984584346252523971082787351205933535444833836488109249049112608478941878873310676635726848416500525627071066867450481075713379579976233285026063550440539934196398046997660890758104887659878621053087946262914376950168913424387974494199271584584254048485972095078426145295086092895639115691384379608409659149698134207333136082596714586012868199702004938675362103169406264041995254472595518330682442301328793713681148779162023739890422807178515014098152732507426304595433046340242379548930200044749770443836898441653136886613797649230830295735641430327995013385242283499720784819705292882384401762249663480974950600496453129661786030317522534409300320588646868268258909121827032683864460916330397650725401782721723595982365919300891541077337604360412908370114495154434392644654559465785831192353079974729984616465274665	24739664234858138982047535273920704865888201889876711837493816699690678266527069749440504790571412139398611409270908450362730376250155074764676347344069888126517298474570859817860608502873391373146285427510315747585633769201540786967750755426439244909325087395028128868044225308262789884128060956514754247517702306425810931411575896427989859706075064718218471893517140662118299639008577497356111854595428210166315807732026393320608795249168317651695729421548767897306733768613302513900313747234910216702628396343057972743120228768071687743367812170271420131539175277064250947772621001186024499362163335793602171390789441233345359317297987613512980491695577916997660396957915557900310271635623458055025007041775847069041635811203256895352566087822033786766343037302223398419442420288675160901222754706690690966518603785237711745730763499632246794821702611212581403238113406002252819908487238453210437930412907369377220770586565902403360469112052194331355699172681218058600912097861834234685728509163337737349074185342289032272009772529037195573254778966688587558900055660072144278809022487554382658809806558064428353021275127081776410900980967206199354460442391625214857639764133401759178616057210708327015756512805544520436902632270980403064128604110300347781624155351569719940155697818702422095998917819053965079478845711385304612753166567647817060274424315609406216581605903271903071111142231567855836177743434207965284248559828227670980935094414404596304862841163628176426562167212678084331271418625131238513014304885842984476307632638923525389950421623236969408163218539808699839673998520880527251036424702507002691092507786029742940917532263288624870251667568134708948416815280116998811635484394755359688876003475822347797018608966250902954807399888775482913308086222364262723056806056566937829248966366441405994968117591242682299546053773752069078072978975272777039484988027354852533816738689525380273004205580008068896254912308397981830602843645053541762655347414577583162866028361627311233253967843432168606088359860693381404293265368988464952178193925183598686443636199402331778672598281982405672816686049893808867694360263731123835216517133501169556884508318046660497028276803524992137448604891645392823961048290557940919848301600945372417476376974720540905481772821379124821807360138763043667296415504222694261813780363575930726214389579133791390454258241741674218904154560748668528159	0,3,3,3,3,3,3,3,3,3,3,3	-4,-4,-4,-4,-4,3,3,3,3,3,3,3	ok
0.430430	12.552553	-57.098186	0.434683	full	24739664234858138982047535273920704865888201889876711837493816699690678265963591165069870505023217046633362579621148489165328977987949899797415602900085081435628786567950676391780949633448253616219680559998014214784634910618447122667639804607217055610037222276897125660535867393387520758988742191975475097134159821776175469287214857624750265388130867415580412873925910271279382629434282479656095907178473638142326186864698341018602123575843883404208311798618679388046194707946385968872279636660172423920762823771748609336176990325713506490614247467311351878471253089939596514261196666267475682898635077588364628629417296554229734815495315011752337585393015754405944996164827318009845582551593321289722257247006063686910061456841431892563940020873466746931070957111770150069590359792388197563206227771911411885143855184505614961998508226343153531223089971459935049708039359327667779120430067461929055441744031224422705223831560005091108633317128720548165517033711719448300771525660964913525817712220131912105082815080054605883136048554894173783193438041716508681297001277350562437894851607688119124032266056066591963623197071229719772200831481260746898621517899928612391918713268983151048632780119634827944916655348282264918678566190420881773283436368221393491613911949128164505921481428215609108524503409441148456051028717709916397556911717001774031950703661111574934486474261088107943873541907632662744056546274843938288386457746233747137792548943727185493431372779661905629619233897384740511264614214317570296540842200703123636599875546532295990583957766998874160122483948346791984584346252523971082787351205933535444833836488109249049112608478941878873310676635726848416500525627071066867450481075713379579976233285026063550440539934196398046997660890758104887659878621053087946262914376950168913424387974494199271584584254048485972095078426145295086092895639115691384379608409659149698134207333136082596714586012868199702004938675362103169406264041995254472595518330682442301328793713681148779162023739890422807178515014098152732507426304595433046340242379548930200044749770443836898441653136886613797649230830295735641430327995013385242283499720784819705292882384401762249663480974950600496453129661786030317522534409300320588646868268258909121827032683864460916330397650725401782721723595982365919300891541077337604360412908370114495154434392644654559465785831192353079974729984616465274665	24739664234858138982047535273920704865888201889876711837493816699690678266527069749440504790571412139398611409270908450362730376250155074764676347344069888126517298474570859817860608502873391373146285427510315747585633769201540786967750755426439244909325087395028128868044225308262789884128060956514754247517702306425810931411575896427989859706075064718218471893517140662118299639008577497356111854595428210166315807732026393320608795249168317651695729421548767897306733768613302513900313747234910216702628396343057972743120228768071687743367812170271420131539175277064250947772621001186024499362163335793602171390789441233345359317297987613512980491695577916997660396957915557900310271635623458055025007041775847069041635811203256895352566087822033786766343037302223398419442420288675160901222754706690690966518603785237711745730763499632246794821702611212581403238113406002252819908487238453210437930412907369377220770586565902403360469112052194331355699172681218058600912097861834234685728509163337737349074185342289032272009772529037195573254778966688587558900055660072144278809022487554382658809806558064428353021275127081776410900980967206199354460442391625214857639764133401759178616057210708327015756512805544520436902632270980403064128604110300347781624155351569719940155697818702422095998917819053965079478845711385304612753166567647817060274424315609406216581605903271903071111142231567855836177743434207965284248559828227670980935094414404596304862841163628176426562167212678084331271418625131238513014304885842984476307632638923525389950421623236969408163218539808699839673998520880527251036424702507002691092507786029742940917532263288624870251667568134708948416815280116998811635484394755359688876003475822347797018608966250902954807399888775482913308086222364262723056806056566937829248966366441405994968117591242682299546053773752069078072978975272777039484988027354852533816738689525380273004205580008068896254912308397981830602843645053541762655347414577583162866028361627311233253967843432168606088359860693381404293265368988464952178193925183598686443636199402331778672598281982405672816686049893808867694360263731123835216517133501169556884508318046660497028276803524992137448604891645392823961048290557940919848301600945372417476376974720540905481772821379124821807360138763043667296415504222694261813780363575930726214389579133791390454258241741674218904154560748668528159	0,3,3,3,3,3,3,3,3,3,3,3	-4,-4,-4,-4,-4,3,3,3,3,3,3,3	ok
0.434434	12.552553	-45.841968	0.421648	continued:5	24739664234858138982047535273920704895757539726112908251438163205018941142815780311745551274768732340258877681883220709254438060557727943084431578832787664786285033962897137475109966594536921196345368988178928734319550990616798234738426441329975811082542418687032574754555670308806400073011386994034122559084338923961564827243679948341711906639370687199591334610184232323549682995276987956088064516661660343597404353309026284818116830917705446825786992810866587209705521015335282251073699235984232692064386328873635550251467202252037321107786049250681199223578740058812830716655171327994111037989161388580029907113217692516151428882189052826236600101273658886718730310553097215413200632660197834522110148812564416726466161627534493324033549752171802592897151602613248451315348260736832056433051559954155147585463625391563460493609698430870330083136852882419032247730342913978343554562730770419758446813349422527948308241368216588733332198672216448671794686245327236681990537031981609573316311253709649252862192211878152631195397035161127064177339265906900387740653342404629140325692355213269809853567599849659085628930540968823303404033463195252204362983977144369471637695837923620243240181198736962995901859480036973023909205953122682260002466889881555114569016089373999241654603949447594279473281503564045842473334678274261026089693561307209494535507700418187494096621763004702853003855689744580594703744483838151768796640819877349594218266197992530962409452368193318447425687064727620251150366033303693780286621230049121055674110395915902441403194620371125118943600652847429479358268212438884339328801835077266470430907852470854367177947525175133904160060578633478797997994940654957795787260759006389663647867556322796383141693399650590656282798389664234089572386088486935161659564176697806028784099330919867890092665395257780292550017255332520880325035249543943852697023956482652175930440966670459832521182438259673245799479219006646108636251604085242714657576348757610318178426697755469991404993686300517457470145563610850175091031875928535175956604582529625168028203936645915163406598375932255594768681483927312041839588440878702798024859266721128007645927170104804653587749768788833036190768571209657946184391304097901551943028695186715466976311948644003803215016708838813322938733138259279706927333715365318533342622040676196565835150637017370673020253736281907835186429266172101494023025	24739664234858138982047535273920704865888201889876711837493816699690678266527069749440504790571412139398611409270908450362730376250155074764676347344069888126517298474570859817860608502873391373146285427510315747585633769201540786967750755426439244909325087395028128868044225308262789884128060956514754247517702306425810931411575896427989859706075064718218471893517140662118299639008577497356111854595428210166315807732026393320608795249168317651695729421548767897306733768613302513900313747234910216702628396343057972743120228768071687743367812170271420131539175277064250947772621001186024499362163335793602171390789441233345359317297987613512980491695577916997660396957915557900310271635623458055025007041775847069041635811203256895352566087822033786766343037302223398419442420288675160901222754706690690966518603785237711745730763499632246794821702611212581403238113406002252819908487238453210437930412907369377220770586565902403360469112052194331355699172681218058600912097861834234685728509163337737349074185342289032272009772529037195573254778966688587558900055660072144278809022487554382658809806558064428353021275127081776410900980967206199354460442391625214857639764133401759178616057210708327015756512805544520436902632270980403064128604110300347781624155351569719940155697818702422095998917819053965079478845711385304612753166567647817060274424315609406216581605903271903071111142231567855836177743434207965284248559828227670980935094414404596304862841163628176426562167212678084331271418625131238513014304885842984476307632638923525389950421623236969408163218539808699839673998520880527251036424702507002691092507786029742940917532263288624870251667568134708948416815280116998811635484394755359688876003475822347797018608966250902954807399888775482913308086222364262723056806056566937829248966366441405994968117591242682299546053773752069078072978975272777039484988027354852533816738689525380273004205580008068896254912308397981830602843645053541762655347414577583162866028361627311233253967843432168606088359860693381404293265368988464952178193925183598686443636199402331778672598281982405672816686049893808867694360263731123835216517133501169556884508318046660497028276803524992137448604891645392823961048290557940919848301600945372417476376974720540905481772821379124821807360138763043667296415504222694261813780363575930726214389579133791390454258241741674218904154560748668528159	-2,4,-4,-4,-4,-4,3,3,3,3,3,3	-4,-4,-4,-4,-4,3,3,3,3,3,3,3	ok
0.438438	12.552553	-49.988222	0.424441	continued:5	24739664234858138982047535273920704895757539726112908251438163205018941142815780311745551274768732340258877681883220709254438060557727943084431578832787664786285033962897137475109966594536921196345368988178928734319550990616798234738426441329975811082542418687032574754555670308806400073011386994034122559084338923961564827243679948341711906639370687199591334610184232323549682995276987956088064516661660343597404353309026284818116830917705446825786992810866587209705521015335282251073699235984232692064386328873635550251467202252037321107786049250681199223578740058812830716655171327994111037989160554259663041255730806104822364702767003886426236948197875179044375918947062777752518800945220039096656325624832428902632916718843792734174910613073877182282814845299795859817832873050829380297050086561327142630676041705608701295328883785288019463302235365810057437776994452568277033509701397890179816214208032024713357498876567322388814154303003931713475645588699713181579139545605564594106502193640473675998821326912636802272263104652883469557388721394548958714742151679764225722796250070551524401796064839535518648641058846020683987900923271122883848006060940514381132676162478441282448143119470227210432227122363713371255441354621052509508984709634926146647286000378028149020408135579796249985685416544122878976762015235710406679767054221469630668164508756954128670266820083169508953133382895781415892028857527433800331452509796880235124731818611926094996337828751367422770972106106871945447087787459013419016539682579692253007997669256306678044334190343958737683833626787830959854189876711673345743229891352071395441453714329516872363078558572585460064194527798019451500567712566804669085534009811391321703082108952041911184337041897792539402496106214458120979277192533259839067349129963145395443534147512377238039651898685713406445449049290166872617628617292086319375613642792703810618236745564851457049087158661840834963661419540135158363742337750878630973637161914688328900311151288869242457269541014220968487060804170517057834972965455408167521485957636626702129395672139918211400852445909138229939457411027786749047331318679203233959006853076598513293545187508811641950752377849176619622422822865690583986800091214624688328197908428394843316056532803829279453545060994789096398534012484533311814877844201908213083717792014484879802543088847813769703124411954747150298542713179850503414173	24739664234858138982047535273920704865888201889876711837493816699690678266527069749440504790571412139398611409270908450362730376250155074764676347344069888126517298474570859817860608502873391373146285427510315747585633769201540786967750755426439244909325087395028128868044225308262789884128060956514754247517702306425810931411575896427989859706075064718218471893517140662118299639008577497356111854595428210166315807732026393320608795249168317651695729421548767897306733768613302513900313747234910216702628396343057972743120228768071687743367812170271420131539175277064250947772621001186024499362163335793602171390789441233345359317297987613512980491695577916997660396957915557900310271635623458055025007041775847069041635811203256895352566087822033786766343037302223398419442420288675160901222754706690690966518603785237711745730763499632246794821702611212581403238113406002252819908487238453210437930412907369377220770586565902403360469112052194331355699172681218058600912097861834234685728509163337737349074185342289032272009772529037195573254778966688587558900055660072144278809022487554382658809806558064428353021275127081776410900980967206199354460442391625214857639764133401759178616057210708327015756512805544520436902632270980403064128604110300347781624155351569719940155697818702422095998917819053965079478845711385304612753166567647817060274424315609406216581605903271903071111142231567855836177743434207965284248559828227670980935094414404596304862841163628176426562167212678084331271418625131238513014304885842984476307632638923525389950421623236969408163218539808699839673998520880527251036424702507002691092507786029742940917532263288624870251667568134708948416815280116998811635484394755359688876003475822347797018608966250902954807399888775482913308086222364262723056806056566937829248966366441405994968117591242682299546053773752069078072978975272777039484988027354852533816738689525380273004205580008068896254912308397981830602843645053541762655347414577583162866028361627311233253967843432168606088359860693381404293265368988464952178193925183598686443636199402331778672598281982405672816686049893808867694360263731123835216517133501169556884508318046660497028276803524992137448604891645392823961048290557940919848301600945372417476376974720540905481772821379124821807360138763043667296415504222694261813780363575930726214389579133791390454258241741674218904154560748668528159	1,-4,-4,-4,-4,-4,3,3,3,3,3,3	-4,-4,-4,-4,-4,3,3,3,3,3,3,3	ok
0.442442	12.552553	-52.548118	0.421648	continued:5	24739664234858138982047535273920704865888201889876711837493816699690678266527069749440504790571412139398611409270908450362730376250155074764676347344069888126517298474570859817860608502873391373146285427510315747585633769201540786967750755426439244909325087395028128868044225308262789884128060956514754247517702306425810931411575896427989859706075064718218471893517140662118299639008577497356111854595428210166315807732026393320608795249168317651695729421548767897306733768613302513900313747234910216702628396343057972743120228768071687743367812170271420131539175277064250947772621001186024499362163335793602171390789441233345359317297987613512980491695577916997660396957915557900310271635623458055025007041775847069041635811203256895352566087822033786766343037302223398419442420288675160901222754706690690966518603785237711745730763499632246794821702611212581403238113406002252819908487238453210437930412907369377220770586565902403360469112052194331355699172681218058600912097861834234685728509163337737349074185342289032272009772529037195573254778966688587558900055660072144278809022487554382658809806558064428353021275127081776410900980967206199354460442391625214857639764133401759178616057210680190398057943198554703123064624601181660446023242953363172469272447449114604306603789676668032281302982461618227348434344241480239631397835903839519478265189030951001209408772220016925107341479912568701564082262934999088780116117157913247841036010283824164068664803837757729257063220663294913321230139151791147367038607282105733904016359791183527241886003154841144844699741276832690531565598197988362867236693987899442686604165527015589030459917424605601810195980491409331875015847889767893397997851764918922389773504676120331392543491419098534999834244969247145556550831973114815044231233657722950610142402468854522006648954172443764314423238950001228862322460291231007742419224237436270306563202999239488874012867082031104349605713456773862569124387618118057663899662747824622269598140181829025823849459071217200217499424424921702079204165306034254003250821214459947311774588189544407889173479333726358175028336674590598227784079049643150162343597675915129829472380065525970735331867880378899325396537836666761765810631243557908279830814880986128184517012337907370167586812223690747962565062007279395474143260789754271822074879377170376998060728251658724928368646962339785363308878071480662388025	24739664234858138982047535273920704865888201889876711837493816699690678266527069749440504790571412139398611409270908450362730376250155074764676347344069888126517298474570859817860608502873391373146285427510315747585633769201540786967750755426439244909325087395028128868044225308262789884128060956514754247517702306425810931411575896427989859706075064718218471893517140662118299639008577497356111854595428210166315807732026393320608795249168317651695729421548767897306733768613302513900313747234910216702628396343057972743120228768071687743367812170271420131539175277064250947772621001186024499362163335793602171390789441233345359317297987613512980491695577916997660396957915557900310271635623458055025007041775847069041635811203256895352566087822033786766343037302223398419442420288675160901222754706690690966518603785237711745730763499632246794821702611212581403238113406002252819908487238453210437930412907369377220770586565902403360469112052194331355699172681218058600912097861834234685728509163337737349074185342289032272009772529037195573254778966688587558900055660072144278809022487554382658809806558064428353021275127081776410900980967206199354460442391625214857639764133401759178616057210708327015756512805544520436902632270980403064128604110300347781624155351569719940155697818702422095998917819053965079478845711385304612753166567647817060274424315609406216581605903271903071111142231567855836177743434207965284248559828227670980935094414404596304862841163628176426562167212678084331271418625131238513014304885842984476307632638923525389950421623236969408163218539808699839673998520880527251036424702507002691092507786029742940917532263288624870251667568134708948416815280116998811635484394755359688876003475822347797018608966250902954807399888775482913308086222364262723056806056566937829248966366441405994968117591242682299546053773752069078072978975272777039484988027354852533816738689525380273004205580008068896254912308397981830602843645053541762655347414577583162866028361627311233253967843432168606088359860693381404293265368988464952178193925183598686443636199402331778672598281982405672816686049893808867694360263731123835216517133501169556884508318046660497028276803524992137448604891645392823961048290557940919848301600945372417476376974720540905481772821379124821807360138763043667296415504222694261813780363575930726214389579133791390454258241741674218904154560748668528159	-2,-4,-4,-4,-4,3,3,3,3,3,3,3	-4,-4,-4,-4,-4,3,3,3,3,3,3,3	ok
0.446446	12.552553	-54.264097	0.424441	continued:5	24739664234858138982047535273920704865888201889876711837493816699690678265963591165069870505023217046633362579621148489165328977987949899797415602900085081435628786567950676391780949633448253616219680559998014214784634910618447122667639804607217055610037222276897125660535867393387520758988742191975475097134159821776175469287214857624750265388130867415580412873925910271279382629434282479656095907178473638142326186864698341018602123575843883404208311798618679388046194707946385968872279636660172423920762823771748609336176990325713506490614247467311351878471253089939596514261196666267475682898635077588364628629417296554229734815495315011752337585393015754405944996164827318009845582551593321289722257247006063686910061456841431892563940020873466746931070957111770150069590359792388197563206227771911411885143855184505614961998508226343153531223089971459935049708039359327667779120430067461929055441744031224422705223831560005091108633317128720548165517033711719448300771525660964913525817712220131912105082815080054605883136048554894173783193438041716508681297001277350562437894851607688119124032266056066591963623197071229719772200831481260746898621517899928612391918713268983151048632780119655930408190582553524627904057071942769938736862457235924274975877692875969260912825240440176312796169883715527296420812911085368231803397367822990876417832371726944474641149344806282859835563177758758315140869621665338558538229319788140992642348683078964438303205169238089677606281386970253341769254691973676747054001600056884371509167578247128910554017708455798400339763929792299326278161913247735847547901720607853014273297061169415154483166033077865097453650461838107532682052642437808745312631797604500447563344035980600655360681484274936965759099895773785743476559627847035998495623947412514142251410657373695628596507787826274803330499930271551011927848963095389998115464084361772602196582573023653623911344037727364227195594183603523434780747077500441651045950433605054450968920210102886398197382751252220063486096686194630712738899496659850907030285511459146924946136142303252814811401903979278425790228571196558652325907826618637862596663393079577711958009484587139118727133603578984775841831059511392904829664132579075616389269418347099007484820626482853352165533173315748528323140233506000037753936239379980930850327518548701251621213257545847129540580490183656973082502121819713680447958	24739664234858138982047535273920704865888201889876711837493816699690678266527069749440504790571412139398611409270908450362730376250155074764676347344069888126517298474570859817860608502873391373146285427510315747585633769201540786967750755426439244909325087395028128868044225308262789884128060956514754247517702306425810931411575896427989859706075064718218471893517140662118299639008577497356111854595428210166315807732026393320608795249168317651695729421548767897306733768613302513900313747234910216702628396343057972743120228768071687743367812170271420131539175277064250947772621001186024499362163335793602171390789441233345359317297987613512980491695577916997660396957915557900310271635623458055025007041775847069041635811203256895352566087822033786766343037302223398419442420288675160901222754706690690966518603785237711745730763499632246794821702611212581403238113406002252819908487238453210437930412907369377220770586565902403360469112052194331355699172681218058600912097861834234685728509163337737349074185342289032272009772529037195573254778966688587558900055660072144278809022487554382658809806558064428353021275127081776410900980967206199354460442391625214857639764133401759178616057210708327015756512805544520436902632270980403064128604110300347781624155351569719940155697818702422095998917819053965079478845711385304612753166567647817060274424315609406216581605903271903071111142231567855836177743434207965284248559828227670980935094414404596304862841163628176426562167212678084331271418625131238513014304885842984476307632638923525389950421623236969408163218539808699839673998520880527251036424702507002691092507786029742940917532263288624870251667568134708948416815280116998811635484394755359688876003475822347797018608966250902954807399888775482913308086222364262723056806056566937829248966366441405994968117591242682299546053773752069078072978975272777039484988027354852533816738689525380273004205580008068896254912308397981830602843645053541762655347414577583162866028361627311233253967843432168606088359860693381404293265368988464952178193925183598686443636199402331778672598281982405672816686049893808867694360263731123835216517133501169556884508318046660497028276803524992137448604891645392823961048290557940919848301600945372417476376974720540905481772821379124821807360138763043667296415504222694261813780363575930726214389579133791390454258241741674218904154560748668528159	-2,3,3,3,3,3,3,3,3,3,3,3	-4,-4,-4,-4,-4,3,3,3,3,3,3,3	ok
0.450450	12.552553	-55.258808	0.427234	continued:5	24739664234858138982047535273920704865888201889876711837493816699690678265963591165069870505023217046633362579621148489165328977987949899797415602900085081435628786567950676391780949633448253616219680559998014214784634910618447122667639804607217055610037222276897125660535867393387520758988742191975475097134159821776175469287214857624750265388130867415580412873925910271279382629434282479656095907178473638142326186864698341018602123575843883404208311798618679388046194707946385968872279636660172423920762823771748609336176990325713506490614247467311351878471253089939596514261196666267475682898635077588364628629417296554229734815495315011752337585393015754405944996164827318009845582551593321289722257247006063686910061456841431892563940020873466746931070957111770150069590359792388197563206227771911411885143855184505614961998508226343153531223089971459935049708039359327667779120430067461929055441744031224422705223831560005091108633317128720548165517033711719448300771525660964913525817712220131912105082815080054605883136048554894173783193438041716508681297001277350562437894851607688119124032266056066591963623197071229719772200831481260746898621517899928612391918713268983151048632780119655930408190582553524627904057071942769938736862457235924274975877692875969260912825240440176312796169883715527296420812911085368231803397367822990876417832371726944474641149344806282859835563177758758315140869621665338558538229319788140992642348683078964438303205169238089677606281386970253341769254691973676747054001600056884371509167578247128910554017708455798400339763929792299326278161913247735847547901720607853014273297061169415154483166033077865097453650461838107532682052642437808745312631797604500447563344035980600655360681484274936965759099895773785743476559627847035998495623947412514142251410657373695628596507787826274803330499930271551011927848963095389998115464084361772602196582573023653623911344037727364227195594183603523434780747077500441651045950433605054450968920210102886398197382751252220063486096686194630712738899496659850907030285511459146924946136142303252814811401903979278425790228571196558652325907826618637862596663393079577711958009484587139118727133603578984775841831059511392904829664132579075616389269418347099007484820626482853352165533173315748528323140233506000037753936239379980930850327518548701251621213257545847129540580490183656973082502121819713680447958	24739664234858138982047535273920704865888201889876711837493816699690678266527069749440504790571412139398611409270908450362730376250155074764676347344069888126517298474570859817860608502873391373146285427510315747585633769201540786967750755426439244909325087395028128868044225308262789884128060956514754247517702306425810931411575896427989859706075064718218471893517140662118299639008577497356111854595428210166315807732026393320608795249168317651695729421548767897306733768613302513900313747234910216702628396343057972743120228768071687743367812170271420131539175277064250947772621001186024499362163335793602171390789441233345359317297987613512980491695577916997660396957915557900310271635623458055025007041775847069041635811203256895352566087822033786766343037302223398419442420288675160901222754706690690966518603785237711745730763499632246794821702611212581403238113406002252819908487238453210437930412907369377220770586565902403360469112052194331355699172681218058600912097861834234685728509163337737349074185342289032272009772529037195573254778966688587558900055660072144278809022487554382658809806558064428353021275127081776410900980967206199354460442391625214857639764133401759178616057210708327015756512805544520436902632270980403064128604110300347781624155351569719940155697818702422095998917819053965079478845711385304612753166567647817060274424315609406216581605903271903071111142231567855836177743434207965284248559828227670980935094414404596304862841163628176426562167212678084331271418625131238513014304885842984476307632638923525389950421623236969408163218539808699839673998520880527251036424702507002691092507786029742940917532263288624870251667568134708948416815280116998811635484394755359688876003475822347797018608966250902954807399888775482913308086222364262723056806056566937829248966366441405994968117591242682299546053773752069078072978975272777039484988027354852533816738689525380273004205580008068896254912308397981830602843645053541762655347414577583162866028361627311233253967843432168606088359860693381404293265368988464952178193925183598686443636199402331778672598281982405672816686049893808867694360263731123835216517133501169556884508318046660497028276803524992137448604891645392823961048290557940919848301600945372417476376974720540905481772821379124821807360138763043667296415504222694261813780363575930726214389579133791390454258241741674218904154560748668528159	-2,3,3,3,3,3,3,3,3,3,3,3	-4,-4,-4,-4,-4,3,3,3,3,3,3,3	ok
0.454454	12.552553	-55.861022	0.430028	continued:5	24739664234858138982047535273920704865888201889876711837493816699690678265963591165069870505023217046633362579621148489165328977987949899797415602900085081435628786567950676391780949633448253616219680559998014214784634910618447122667639804607217055610037222276897125660535867393387520758988742191975475097134159821776175469287214857624750265388130867415580412873925910271279382629434282479656095907178473638142326186864698341018602123575843883404208311798618679388046194707946385968872279636660172423920762823771748609336176990325713506490614247467311351878471253089939596514261196666267475682898635077588364628629417296554229734815495315011752337585393015754405944996164827318009845582551593321289722257247006063686910061456841431892563940020873466746931070957111770150069590359792388197563206227771911411885143855184505614961998508226343153531223089971459935049708039359327667779120430067461929055441744031224422705223831560005091108633317128720548165517033711719448300771525660964913525817712220131912105082815080054605883136048554894173783193438041716508681297001277350562437894851607688119124032266056066591963623197071229719772200831481260746898621517899928612391918713268983151048632780119648896253765940151777173575597570025320253082336116946689981147789765900355562110523987436189411566954756946831913765892283629482126668117215787661175622538482371666841405595054624551275871666632475049764341931929868507018454948365774171910807496638367218687366613903751947086947394002612630474683257999387223688134848014104823955551645010680263372366206458226198558279883447844315148180302724249331888726196930807213187997142652942313186005148224878224024593537200103980637926868603500896185830904692094904758235554768415409124757267836161356776521732484146109863946926378105041694979170269733992817805415234240628485488200053302199364211031646323082439647263607276631895871769259044401451363766451126814443473134220489198884697731101960802990910300139680959518854832128513597114746389737973151315057975842081443516593123962467786526070102139874765749035637088432614260030772344792316488840415153698481155126035457741137680097748660410763036811870095293313414540437283852893333234643562710973384060038416228190613325616933189150517789061901654152308030489428549857055082465581427407486143000730202660813809057790100346399768338483335257539245860316494779637880208922066168766414992991208014608723526	24739664234858138982047535273920704865888201889876711837493816699690678266527069749440504790571412139398611409270908450362730376250155074764676347344069888126517298474570859817860608502873391373146285427510315747585633769201540786967750755426439244909325087395028128868044225308262789884128060956514754247517702306425810931411575896427989859706075064718218471893517140662118299639008577497356111854595428210166315807732026393320608795249168317651695729421548767897306733768613302513900313747234910216702628396343057972743120228768071687743367812170271420131539175277064250947772621001186024499362163335793602171390789441233345359317297987613512980491695577916997660396957915557900310271635623458055025007041775847069041635811203256895352566087822033786766343037302223398419442420288675160901222754706690690966518603785237711745730763499632246794821702611212581403238113406002252819908487238453210437930412907369377220770586565902403360469112052194331355699172681218058600912097861834234685728509163337737349074185342289032272009772529037195573254778966688587558900055660072144278809022487554382658809806558064428353021275127081776410900980967206199354460442391625214857639764133401759178616057210708327015756512805544520436902632270980403064128604110300347781624155351569719940155697818702422095998917819053965079478845711385304612753166567647817060274424315609406216581605903271903071111142231567855836177743434207965284248559828227670980935094414404596304862841163628176426562167212678084331271418625131238513014304885842984476307632638923525389950421623236969408163218539808699839673998520880527251036424702507002691092507786029742940917532263288624870251667568134708948416815280116998811635484394755359688876003475822347797018608966250902954807399888775482913308086222364262723056806056566937829248966366441405994968117591242682299546053773752069078072978975272777039484988027354852533816738689525380273004205580008068896254912308397981830602843645053541762655347414577583162866028361627311233253967843432168606088359860693381404293265368988464952178193925183598686443636199402331778672598281982405672816686049893808867694360263731123835216517133501169556884508318046660497028276803524992137448604891645392823961048290557940919848301600945372417476376974720540905481772821379124821807360138763043667296415504222694261813780363575930726214389579133791390454258241741674218904154560748668528159	1,3,3,3,3,3,3,3,3,3,3,3	-4,-4,-4,-4,-4,3,3,3,3,3,3,3	ok
0.458458	12.552553	-56.249622	0.432152	continued:5	24739664234858138982047535273920704865888201889876711837493816699690678265963591165069870505023217046633362579621148489165328977987949899797415602900085081435628786567950676391780949633448253616219680559998014214784634910618447122667639804607217055610037222276897125660535867393387520758988742191975475097134159821776175469287214857624750265388130867415580412873925910271279382629434282479656095907178473638142326186864698341018602123575843883404208311798618679388046194707946385968872279636660172423920762823771748609336176990325713506490614247467311351878471253089939596514261196666267475682898635077588364628629417296554229734815495315011752337585393015754405944996164827318009845582551593321289722257247006063686910061456841431892563940020873466746931070957111770150069590359792388197563206227771911411885143855184505614961998508226343153531223089971459935049708039359327667779120430067461929055441744031224422705223831560005091108633317128720548165517033711719448300771525660964913525817712220131912105082815080054605883136048554894173783193438041716508681297001277350562437894851607688119124032266056066591963623197071229719772200831481260746898621517899928612391918713268983151048632780119648896253765940151777173575597570025320253082336116946689981147789765900355562110523987436189411566954756946831913765892283629482126668117215787661175622538482371666841405595054624551275871666632475049764341931929868507018454948365774171910807496638367218687366613903751947086947394002612630474683257999387223688134848014104823955551645010680263372366206458226198558279883447844315148180302724249331888726196930807213187997142652942313186005148224878224024593537200103980637926868603500896185830904692094904758235554768415409124757267836161356776521732484146109863946926378105041694979170269733992817805415234240628485488200053302199364211031646323082439647263607276631895871769259044401451363766451126814443473134220489198884697731101960802990910300139680959518854832128513597114746389737973151315057975842081443516593123962467786526070102139874765749035637088432614260030772344792316488840415153698481155126035457741137680097748660410763036811870095293313414540437283852893333234643562710973384060038416228190613325616933189150517789061901654152308030489428549857055082465581427407486143000730202660813809057790100346399768338483335257539245860316494779637880208922066168766414992991208014608723526	24739664234858138982047535273920704865888201889876711837493816699690678265963591165069870505023217046633362579621148489165328977987949899797415602900486143006268665268678106964453841999524106595607605727243377372487650564782802452333008206763043514220470865892407412103036806892083064510289504814600080741268157165354063032161189525829409088498985531970815025159686244986955270210405434697787650037103444327391942508501376229453985083037857645944890272090078718974473418025044221755928344004123983175888817859152476099625581493080234216246769749121423440316080188755726314866454849365625903310727411127889898194381660787032015151698715736677481139420851742750719529547539689342907032684848982153429642503545479758778195831115174999007304520947563003595490867019874169994914300124258307833187901988179428014704959954258008163520937529812950909650540738739709363910934624816250948310905870516490152323845654698835235607375139145151252300518952681249670519366224367191080941950960612430590599784107574388270912656395965864142364667984575546882550050402798003370469155776659862256338059002106715868920421959433223756311341506694462249246973686264750035944554027554964157670321252914659435234646443493705820215443975578131042853312144842498626041110774295114357943343977994235411278780568636579719779334535830411637882705333309997231123600469625497189493642553791549843311401734777065392085541321394947579984224006699537407692901199620825278644183385466599681874649373386577166205882904627359075239891276269403990826293020536135579050514270038920947026657116958445695941832695058500966784765338866988401406030950964695562385929192193345627992619705642125447541279611231260728933961248184889406431596788686664214120514710308780241828615761624250705767042376282159121995983697106233105409340310413847019441036041050848930144968913019399609659684970195046192332904247255056550324709030784593628286875786844796689640879270337255026790310318495860011375551732463178478647259626886557545041417199746718964729090307344444423944443187720522128941165223033737853463206799111335202506573552850770520466163862937369627222043631058581176646925316786178922936053043526055010375987216825795146162623648834517604502345091636527864619958136535035554424291823916195493363054890435369251863819765262655648212579531610713122457079279393593387761799453620187978721726422845933445410602295341161389372134674109938780688396	1,3,3,3,3,3,3,3,3,3,3,3	-4,-4,-4,-4,3,3,3,3,3,3,3,3	ok
0.462462	12.552553	-56.510742	0.434946	continued:5	24739664234858138982047535273920704865888201889876711837493816699690678265963591165069870505023217046633362579621148489165328977987949899797415602900085081435628786567950676391780949633448253616219680559998014214784634910618447122667639804607217055610037222276897125660535867393387520758988742191975475097134159821776175469287214857624750265388130867415580412873925910271279382629434282479656095907178473638142326186864698341018602123575843883404208311798618679388046194707946385968872279636660172423920762823771748609336176990325713506490614247467311351878471253089939596514261196666267475682898635077588364628629417296554229734815495315011752337585393015754405944996164827318009845582551593321289722257247006063686910061456841431892563940020873466746931070957111770150069590359792388197563206227771911411885143855184505614961998508226343153531223089971459935049708039359327667779120430067461929055441744031224422705223831560005091108633317128720548165517033711719448300771525660964913525817712220131912105082815080054605883136048554894173783193438041716508681297001277350562437894851607688119124032266056066591963623197071229719772200831481260746898621517899928612391918713268983151048632780119634827944916655348282264918678566190420881773283436368221393491613911949128164505921481428215609108524503409441148456051028717709916397556911717001774031950703661111574934486474261088107943873541907632662744056546274843938288386457746233747137792548943727185493431372779661905629619233897384740511264614214317570296540842200703123636599875546532295990583957766998874160122483948346791984584346252523971082787351205933535444833836488109249049112608478941878873310676635726848416500525627071066867450481075713379579976233285026063550440539934196398046997660890758104887659878621053087946262914376950168913424387974494199271584584254048485972095078426145295086092895639115691384379608409659149698134207333136082596714586012868199702004938675362103169406264041995254472595518330682442301328793713681148779162023739890422807178515014098152732507426304595433046340242379548930200044749770443836898441653136886613797649230830295735641430327995013385242283499720784819705292882384401762249663480974950600496453129661786030317522534409300320588646868268258909121827032683864460916330397650725401782721723595982365919300891541077337604360412908370114495154434392644654559465785831192353079974729984616465274665	24739664234858138982047535273920704865888201889876711837493816699690678265963591165069870505023217046633362579621148489165328977987949899797415602900486143006268665268678106964453841999524106595607605727243377372487650564782802452333008206763043514220470865892407412103036806892083064510289504814600080741268157165354063032161189525829409088498985531970815025159686244986955270210405434697787650037103444327391942508501376229453985083037857645944890272090078718974473418025044221755928344004123983175888817859152476099625581493080234216246769749121423440316080188755726314866454849365625903310727411127889898194381660787032015151698715736677481139420851742750719529547539689342907032684848982153429642503545479758778195831115174999007304520947563003595490867019874169994914300124258307833187901988179428014704959954258008163520937529812950909650540738739709363910934624816250948310905870516490152323845654698835235607375139145151252300518952681249670519366224367191080941950960612430590599784107574388270912656395965864142364667984575546882550050402798003370469155776659862256338059002106715868920421959433223756311341506694462249246973686264750035944554027554964157670321252914659435234646443493705820215443975578131042853312144842498626041110774295114357943343977994235411278780568636579719779334535830411637882705333309997231123600469625497189493642553791549843311401734777065392085541321394947579984224006699537407692901199620825278644183385466599681874649373386577166205882904627359075239891276269403990826293020536135579050514270038920947026657116958445695941832695058500966784765338866988401406030950964695562385929192193345627992619705642125447541279611231260728933961248184889406431596788686664214120514710308780241828615761624250705767042376282159121995983697106233105409340310413847019441036041050848930144968913019399609659684970195046192332904247255056550324709030784593628286875786844796689640879270337255026790310318495860011375551732463178478647259626886557545041417199746718964729090307344444423944443187720522128941165223033737853463206799111335202506573552850770520466163862937369627222043631058581176646925316786178922936053043526055010375987216825795146162623648834517604502345091636527864619958136535035554424291823916195493363054890435369251863819765262655648212579531610713122457079279393593387761799453620187978721726422845933445410602295341161389372134674109938780688396	0,3,3,3,3,3,3,3,3,3,3,3	-4,-4,-4,-4,3,3,3,3,3,3,3,3	ok
0.466466	12.552553	-56.673682	0.433362	continued:5	24739664234858138982047535273920704865888201889876711837493816699690678265963591165069870505023217046633362579621148489165328977987949899797415602900085081435628786567950676391780949633448253616219680559998014214784634910618447122667639804607217055610037222276897125660535867393387520758988742191975475097134159821776175469287214857624750265388130867415580412873925910271279382629434282479656095907178473638142326186864698341018602123575843883404208311798618679388046194707946385968872279636660172423920762823771748609336176990325713506490614247467311351878471253089939596514261196666267475682898635077588364628629417296554229734815495315011752337585393015754405944996164827318009845582551593321289722257247006063686910061456841431892563940020873466746931070957111770150069590359792388197563206227771911411885143855184505614961998508226343153531223089971459935049708039359327667779120430067461929055441744031224422705223831560005091108633317128720548165517033711719448300771525660964913525817712220131912105082815080054605883136048554894173783193438041716508681297001277350562437894851607688119124032266056066591963623197071229719772200831481260746898621517899928612391918713268983151048632780119634827944916655348282264918678566190420881773283436368221393491613911949128164505921481428215609108524503409441148456051028717709916397556911717001774031950703661111574934486474261088107943873541907632662744056546274843938288386457746233747137792548943727185493431372779661905629619233897384740511264614214317570296540842200703123636599875546532295990583957766998874160122483948346791984584346252523971082787351205933535444833836488109249049112608478941878873310676635726848416500525627071066867450481075713379579976233285026063550440539934196398046997660890758104887659878621053087946262914376950168913424387974494199271584584254048485972095078426145295086092895639115691384379608409659149698134207333136082596714586012868199702004938675362103169406264041995254472595518330682442301328793713681148779162023739890422807178515014098152732507426304595433046340242379548930200044749770443836898441653136886613797649230830295735641430327995013385242283499720784819705292882384401762249663480974950600496453129661786030317522534409300320588646868268258909121827032683864460916330397650725401782721723595982365919300891541077337604360412908370114495154434392644654559465785831192353079974729984616465274665	24739664234858138982047535273920704865888201889876711837493816699690678265963591165069870505023217046633362579621148489165328977987949899797415602900486143006268665268678106964453841999524106595607605727243377372487650564782802452333008206763043514220470865892407412103036806892083064510289504814600080741268157165354063032161189525829409088498985531970815025159686244986955270210405434697787650037103444327391942508501376229453985083037857645944890272090078718974473418025044221755928344004123983175888817859152476099625581493080234216246769749121423440316080188755726314866454849365625903310727411127889898194381660787032015151698715736677481139420851742750719529547539689342907032684848982153429642503545479758778195831115174999007304520947563003595490867019874169994914300124258307833187901988179428014704959954258008163520937529812950909650540738739709363910934624816250948310905870516490152323845654698835235607375139145151252300518952681249670519366224367191080941950960612430590599784107574388270912656395965864142364667984575546882550050402798003370469155776659862256338059002106715868920421959433223756311341506694462249246973686264750035944554027554964157670321252914659435234646443493705820215443975578131042853312144842498626041110774295114357943343977994235411278780568636579719779334535830411637882705333309997231123600469625497189493642553791549843311401734777065392085541321394947579984224006699537407692901199620825278644183385466599681874649373386577166205882904627359075239891276269403990826293020536135579050514270038920947026657116958445695941832695058500966784765338866988401406030950964695562385929192193345627992619705642125447541279611231260728933961248184889406431596788686664214120514710308780241828615761624250705767042376282159121995983697106233105409340310413847019441036041050848930144968913019399609659684970195046192332904247255056550324709030784593628286875786844796689640879270337255026790310318495860011375551732463178478647259626886557545041417199746718964729090307344444423944443187720522128941165223033737853463206799111335202506573552850770520466163862937369627222043631058581176646925316786178922936053043526055010375987216825795146162623648834517604502345091636527864619958136535035554424291823916195493363054890435369251863819765262655648212579531610713122457079279393593387761799453620187978721726422845933445410602295341161389372134674109938780688396	0,3,3,3,3,3,3,3,3,3,3,3	-4,-4,-4,-4,3,3,3,3,3,3,3,3	ok
0.470470	12.552553	-56.819129	0.431906	continued:5	24739664234858138982047535273920704865888201889876711837493816699690678265963591165069870505023217046633362579621148489165328977987949899797415602900085081435628786567950676391780949633448253616219680559998014214784634910618447122667639804607217055610037222276897125660535867393387520758988742191975475097134159821776175469287214857624750265388130867415580412873925910271279382629434282479656095907178473638142326186864698341018602123575843883404208311798618679388046194707946385968872279636660172423920762823771748609336176990325713506490614247467311351878471253089939596514261196666267475682898635077588364628629417296554229734815495315011752337585393015754405944996164827318009845582551593321289722257247006063686910061456841431892563940020873466746931070957111770150069590359792388197563206227771911411885143855184505614961998508226343153531223089971459935049708039359327667779120430067461929055441744031224422705223831560005091108633317128720548165517033711719448300771525660964913525817712220131912105082815080054605883136048554894173783193438041716508681297001277350562437894851607688119124032266056066591963623197071229719772200831481260746898621517899928612391918713268983151048632780119634827944916655348282264918678566190420881773283436368221393491613911949128164505921481428215609108524503409441148456051028717709916397556911717001774031950703661111574934486474261088107943873541907632662744056546274843938288386457746233747137792548943727185493431372779661905629619233897384740511264614214317570296540842200703123636599875546532295990583957766998874160122483948346791984584346252523971082787351205933535444833836488109249049112608478941878873310676635726848416500525627071066867450481075713379579976233285026063550440539934196398046997660890758104887659878621053087946262914376950168913424387974494199271584584254048485972095078426145295086092895639115691384379608409659149698134207333136082596714586012868199702004938675362103169406264041995254472595518330682442301328793713681148779162023739890422807178515014098152732507426304595433046340242379548930200044749770443836898441653136886613797649230830295735641430327995013385242283499720784819705292882384401762249663480974950600496453129661786030317522534409300320588646868268258909121827032683864460916330397650725401782721723595982365919300891541077337604360412908370114495154434392644654559465785831192353079974729984616465274665	24739664234858138982047535273920704865888201889876711837493816699690678265963591165069870505023217046633362579621148489165328977987949899797415602900486143006268665268678106964453841999524106595607605727243377372487650564782802452333008206763043514220470865892407412103036806892083064510289504814600080741268157165354063032161189525829409088498985531970815025159686244986955270210405434697787650037103444327391942508501376229453985083037857645944890272090078718974473418025044221755928344004123983175888817859152476099625581493080234216246769749121423440316080188755726314866454849365625903310727411127889898194381660787032015151698715736677481139420851742750719529547539689342907032684848982153429642503545479758778195831115174999007304520947563003595490867019874169994914300124258307833187901988179428014704959954258008163520937529812950909650540738739709363910934624816250948310905870516490152323845654698835235607375139145151252300518952681249670519366224367191080941950960612430590599784107574388270912656395965864142364667984575546882550050402798003370469155776659862256338059002106715868920421959433223756311341506694462249246973686264750035944554027554964157670321252914659435234646443493705820215443975578131042853312144842498626041110774295114357943343977994235411278780568636579719779334535830411637882705333309997231123600469625497189493642553791549843311401734777065392085541321394947579984224006699537407692901199620825278644183385466599681874649373386577166205882904627359075239891276269403990826293020536135579050514270038920947026657116958445695941832695058500966784765338866988401406030950964695562385929192193345627992619705642125447541279611231260728933961248184889406431596788686664214120514710308780241828615761624250705767042376282159121995983697106233105409340310413847019441036041050848930144968913019399609659684970195046192332904247255056550324709030784593628286875786844796689640879270337255026790310318495860011375551732463178478647259626886557545041417199746718964729090307344444423944443187720522128941165223033737853463206799111335202506573552850770520466163862937369627222043631058581176646925316786178922936053043526055010375987216825795146162623648834517604502345091636527864619958136535035554424291823916195493363054890435369251863819765262655648212579531610713122457079279393593387761799453620187978721726422845933445410602295341161389372134674109938780688396	0,3,3,3,3,3,3,3,3,3,3,3	-4,-4,-4,-4,3,3,3,3,3,3,3,3	ok
0.474474	12.552553	-56.950567	0.430991	continued:5	24739664234858138982047535273920704865888201889876711837493816699690678265963591165069870505023217046633362579621148489165328977987949899797415602900085081435628786567950676391780949633448253616219680559998014214784634910618447122667639804607217055610037222276897125660535867393387520758988742191975475097134159821776175469287214857624750265388130867415580412873925910271279382629434282479656095907178473638142326186864698341018602123575843883404208311798618679388046194707946385968872279636660172423920762823771748609336176990325713506490614247467311351878471253089939596514261196666267475682898635077588364628629417296554229734815495315011752337585393015754405944996164827318009845582551593321289722257247006063686910061456841431892563940020873466746931070957111770150069590359792388197563206227771911411885143855184505614961998508226343153531223089971459935049708039359327667779120430067461929055441744031224422705223831560005091108633317128720548165517033711719448300771525660964913525817712220131912105082815080054605883136048554894173783193438041716508681297001277350562437894851607688119124032266056066591963623197071229719772200831481260746898621517899928612391918713268983151048632780119634827944916655348282264918678566190420881773283436368221393491613911949128164505921481428215609108524503409441148456051028717709916397556911717001774031950703661111574934486474261088107943873541907632662744056546274843938288386457746233747137792548943727185493431372779661905629619233897384740511264614214317570296540842200703123636599875546532295990583957766998874160122483948346791984584346252523971082787351205933535444833836488109249049112608478941878873310676635726848416500525627071066867450481075713379579976233285026063550440539934196398046997660890758104887659878621053087946262914376950168913424387974494199271584584254048485972095078426145295086092895639115691384379608409659149698134207333136082596714586012868199702004938675362103169406264041995254472595518330682442301328793713681148779162023739890422807178515014098152732507426304595433046340242379548930200044749770443836898441653136886613797649230830295735641430327995013385242283499720784819705292882384401762249663480974950600496453129661786030317522534409300320588646868268258909121827032683864460916330397650725401782721723595982365919300891541077337604360412908370114495154434392644654559465785831192353079974729984616465274665	24739664234858138982047535273920704865888201889876711837493816699690678265963591165069870505023217046633362579621148489165328977987949899797415602900486143006268665268678106964453841999524106595607605727243377372487650564782802452333008206763043514220470865892407412103036806892083064510289504814600080741268157165354063032161189525829409088498985531970815025159686244986955270210405434697787650037103444327391942508501376229453985083037857645944890272090078718974473418025044221755928344004123983175888817859152476099625581493080234216246769749121423440316080188755726314866454849365625903310727411127889898194381660787032015151698715736677481139420851742750719529547539689342907032684848982153429642503545479758778195831115174999007304520947563003595490867019874169994914300124258307833187901988179428014704959954258008163520937529812950909650540738739709363910934624816250948310905870516490152323845654698835235607375139145151252300518952681249670519366224367191080941950960612430590599784107574388270912656395965864142364667984575546882550050402798003370469155776659862256338059002106715868920421959433223756311341506694462249246973686264750035944554027554964157670321252914659435234646443493705820215443975578131042853312144842498626041110774295114357943343977994235411278780568636579719779334535830411637882705333309997231123600469625497189493642553791549843311401734777065392085541321394947579984224006699537407692901199620825278644183385466599681874649373386577166205882904627359075239891276269403990826293020536135579050514270038920947026657116958445695941832695058500966784765338866988401406030950964695562385929192193345627992619705642125447541279611231260728933961248184889406431596788686664214120514710308780241828615761624250705767042376282159121995983697106233105409340310413847019441036041050848930144968913019399609659684970195046192332904247255056550324709030784593628286875786844796689640879270337255026790310318495860011375551732463178478647259626886557545041417199746718964729090307344444423944443187720522128941165223033737853463206799111335202506573552850770520466163862937369627222043631058581176646925316786178922936053043526055010375987216825795146162623648834517604502345091636527864619958136535035554424291823916195493363054890435369251863819765262655648212579531610713122457079279393593387761799453620187978721726422845933445410602295341161389372134674109938780688396	0,3,3,3,3,3,3,3,3,3,3,3	-4,-4,-4,-4,3,3,3,3,3,3,3,3	ok
0.478478	12.552553	-57.064932	0.430076	continued:5	24739664234858138982047535273920704865888201889876711837493816699690678265963591165069870505023217046633362579621148489165328977987949899797415602900085081435628786567950676391780949633448253616219680559998014214784634910618447122667639804607217055610037222276897125660535867393387520758988742191975475097134159821776175469287214857624750265388130867415580412873925910271279382629434282479656095907178473638142326186864698341018602123575843883404208311798618679388046194707946385968872279636660172423920762823771748609336176990325713506490614247467311351878471253089939596514261196666267475682898635077588364628629417296554229734815495315011752337585393015754405944996164827318009845582551593321289722257247006063686910061456841431892563940020873466746931070957111770150069590359792388197563206227771911411885143855184505614961998508226343153531223089971459935049708039359327667779120430067461929055441744031224422705223831560005091108633317128720548165517033711719448300771525660964913525817712220131912105082815080054605883136048554894173783193438041716508681297001277350562437894851607688119124032266056066591963623197071229719772200831481260746898621517899928612391918713268983151048632780119634827944916655348282264918678566190420881773283436368221393491613911949128164505921481428215609108524503409441148456051028717709916397556911717001774031950703661111574934486474261088107943873541907632662744056546274843938288386457746233747137792548943727185493431372779661905629619233897384740511264614214317570296540842200703123636599875546532295990583957766998874160122483948346791984584346252523971082787351205933535444833836488109249049112608478941878873310676635726848416500525627071066867450481075713379579976233285026063550440539934196398046997660890758104887659878621053087946262914376950168913424387974494199271584584254048485972095078426145295086092895639115691384379608409659149698134207333136082596714586012868199702004938675362103169406264041995254472595518330682442301328793713681148779162023739890422807178515014098152732507426304595433046340242379548930200044749770443836898441653136886613797649230830295735641430327995013385242283499720784819705292882384401762249663480974950600496453129661786030317522534409300320588646868268258909121827032683864460916330397650725401782721723595982365919300891541077337604360412908370114495154434392644654559465785831192353079974729984616465274665	24739664234858138982047535273920704865888201889876711837493816699690678265963591165069870505023217046633362579621148489165328977987949899797415602900486143006268665268678106964453841999524106595607605727243377372487650564782802452333008206763043514220470865892407412103036806892083064510289504814600080741268157165354063032161189525829409088498985531970815025159686244986955270210405434697787650037103444327391942508501376229453985083037857645944890272090078718974473418025044221755928344004123983175888817859152476099625581493080234216246769749121423440316080188755726314866454849365625903310727411127889898194381660787032015151698715736677481139420851742750719529547539689342907032684848982153429642503545479758778195831115174999007304520947563003595490867019874169994914300124258307833187901988179428014704959954258008163520937529812950909650540738739709363910934624816250948310905870516490152323845654698835235607375139145151252300518952681249670519366224367191080941950960612430590599784107574388270912656395965864142364667984575546882550050402798003370469155776659862256338059002106715868920421959433223756311341506694462249246973686264750035944554027554964157670321252914659435234646443493705820215443975578131042853312144842498626041110774295114357943343977994235411278780568636579719779334535830411637882705333309997231123600469625497189493642553791549843311401734777065392085541321394947579984224006699537407692901199620825278644183385466599681874649373386577166205882904627359075239891276269403990826293020536135579050514270038920947026657116958445695941832695058500966784765338866988401406030950964695562385929192193345627992619705642125447541279611231260728933961248184889406431596788686664214120514710308780241828615761624250705767042376282159121995983697106233105409340310413847019441036041050848930144968913019399609659684970195046192332904247255056550324709030784593628286875786844796689640879270337255026790310318495860011375551732463178478647259626886557545041417199746718964729090307344444423944443187720522128941165223033737853463206799111335202506573552850770520466163862937369627222043631058581176646925316786178922936053043526055010375987216825795146162623648834517604502345091636527864619958136535035554424291823916195493363054890435369251863819765262655648212579531610713122457079279393593387761799453620187978721726422845933445410602295341161389372134674109938780688396	0,3,3,3,3,3,3,3,3,3,3,3	-4,-4,-4,-4,3,3,3,3,3,3,3,3	ok
0.482482	12.552553	-57.166337	0.429703	full	24739664234858138982047535273920704865888201889876711837493816699690678265963591165069870505023217046633362579621148489165328977987949899797415602900085081435628786567950676391780949633448253616219680559998014214784634910618447122667639804607217055610037222276897125660535867393387520758988742191975475097134159821776175469287214857624750265388130867415580412873925910271279382629434282479656095907178473638142326186864698341018602123575843883404208311798618679388046194707946385968872279636660172423920762823771748609336176990325713506490614247467311351878471253089939596514261196666267475682898635077588364628629417296554229734815495315011752337585393015754405944996164827318009845582551593321289722257247006063686910061456841431892563940020873466746931070957111770150069590359792388197563206227771911411885143855184505614961998508226343153531223089971459935049708039359327667779120430067461929055441744031224422705223831560005091108633317128720548165517033711719448300771525660964913525817712220131912105082815080054605883136048554894173783193438041716508681297001277350562437894851607688119124032266056066591963623197071229719772200831481260746898621517899928612391918713268983151048632780119634827944916655348282264918678566190420881773283436368221393491613911949128164505921481428215609108524503409441148456051028717709916397556911717001774031950703661111574934486474261088107943873541907632662744056546274843938288386457746233747137792548943727185493431372779661905629619233897384740511264614214317570296540842200703123636599875546532295990583957766998874160122483948346791984584346252523971082787351205933535444833836488109249049112608478941878873310676635726848416500525627071066867450481075713379579976233285026063550440539934196398046997660890758104887659878621053087946262914376950168913424387974494199271584584254048485972095078426145295086092895639115691384379608409659149698134207333136082596714586012868199702004938675362103169406264041995254472595518330682442301328793713681148779162023739890422807178515014098152732507426304595433046340242379548930200044749770443836898441653136886613797649230830295735641430327995013385242283499720784819705292882384401762249663480974950600496453129661786030317522534409300320588646868268258909121827032683864460916330397650725401782721723595982365919300891541077337604360412908370114495154434392644654559465785831192353079974729984616465274665	24739664234858138982047535273920704865888201889876711837493816699690678265963591165069870505023217046633362579621148489165328977987949899797415602900486143006268665268678106964453841999524106595607605727243377372487650564782802452333008206763043514220470865892407412103036806892083064510289504814600080741268157165354063032161189525829409088498985531970815025159686244986955270210405434697787650037103444327391942508501376229453985083037857645944890272090078718974473418025044221755928344004123983175888817859152476099625581493080234216246769749121423440316080188755726314866454849365625903310727411127889898194381660787032015151698715736677481139420851742750719529547539689342907032684848982153429642503545479758778195831115174999007304520947563003595490867019874169994914300124258307833187901988179428014704959954258008163520937529812950909650540738739709363910934624816250948310905870516490152323845654698835235607375139145151252300518952681249670519366224367191080941950960612430590599784107574388270912656395965864142364667984575546882550050402798003370469155776659862256338059002106715868920421959433223756311341506694462249246973686264750035944554027554964157670321252914659435234646443493705820215443975578131042853312144842498626041110774295114357943343977994235411278780568636579719779334535830411637882705333309997231123600469625497189493642553791549843311401734777065392085541321394947579984224006699537407692901199620825278644183385466599681874649373386577166205882904627359075239891276269403990826293020536135579050514270038920947026657116958445695941832695058500966784765338866988401406030950964695562385929192193345627992619705642125447541279611231260728933961248184889406431596788686664214120514710308780241828615761624250705767042376282159121995983697106233105409340310413847019441036041050848930144968913019399609659684970195046192332904247255056550324709030784593628286875786844796689640879270337255026790310318495860011375551732463178478647259626886557545041417199746718964729090307344444423944443187720522128941165223033737853463206799111335202506573552850770520466163862937369627222043631058581176646925316786178922936053043526055010375987216825795146162623648834517604502345091636527864619958136535035554424291823916195493363054890435369251863819765262655648212579531610713122457079279393593387761799453620187978721726422845933445410602295341161389372134674109938780688396	0,3,3,3,3,3,3,3,3,3,3,3	-4,-4,-4,-4,3,3,3,3,3,3,3,3	ok
0.486486	12.552553	-18.914282	0.420148	continued:5	24739664234858138982047535273920704895757539726112908251438163205018941142815780311745551274768732340258877681883220709254438060557727943084431578832787664786285033962897137475109966594536921196345368988178928734319550990616798234738426441329975811082542418687032574754555670308806400073011386994034122559084338923961564827243679948341711906639370687199591334610184232323549682995276987956088064516661660343597404353309026284818116830917705446825786992810866587209705521015335282251073699235984232692064386328873635550251467202252037321107786049250681199223578740058812830716655171327994111037989160554259663041255730806104822364702767003886426236948197875179044375918947062777752518800945220039096656325624832428902632916718843792734174910613073877182282814845299795859817832873050829380297050086561327142630676041705608701295328883785288019463302235365810057437776994452568277033509701397890179816214208032024713357498876567322388814154303003931713475645588699713181579139545605564594106502193640473675998821326912636802272263104652883469557388721394548958714742151679764225722796250070551524401796064839535518648641058846020683987900923271122883848006060940514381132676162478441282448143119470227210432227122363713371255441354621052509508984709634926146647286000378028149020408135579796249985685416544122878976762015235710406679767054221469630668164508756954128670266820083169508953133382895781415892028857527433800331452509796880235124731818611926094996337828751367422770972106106871945447087787459013419016539682579692253007997669256306678044334190343958737683833626787830959854189876711673345743229891352071395441453714329516872363078558572585460064194527798019451500567712566804669085534009811391321703082108952041911184337041897792539402496106214458120979277192533259839067349129963145395443534147512377238039651898685713406445449049290166872617628617292086319375613642792703810618236745564851457049087158661840834963661419540135158363742337750878630973637161914688328900311151288869242457269541014220968487060804170517057834972965455408167521485957636626702129395672139918211400852445909138229939457411027786749047331318679203233959006853076598513293545187508811641950752377849176619622422822865690583986800091214624688328197908428394843316056532803829279453545060994789096398534012484533311814877844201908213083717792014484879802543088847813769703124411954747150298542713179850503414173	24739664234858138982047535273920704865888201889876711837493816699690678265963591165069870505023217046633362579621148489165328977987949899797415602900486143006268665268678106964453841999524106595607605727243377372487650564782802452333008206763043514220470865892407412103036806892083064510289504814600080741268157165354063032161189525829409088498985531970815025159686244986955270210405434697787650037103444327391942508501376229453985083037857645944890272090078718974473418025044221755928344004123983175888817859152476099625581493080234216246769749121423440316080188755726314866454849365625903310727411127889898194381660787032015151698715736677481139420851742750719529547539689342907032684848982153429642503545479758778195831115174999007304520947563003595490867019874169994914300124258307833187901988179428014704959954258008163520937529812950909650540738739709363910934624816250948310905870516490152323845654698835235607375139145151252300518952681249670519366224367191080941950960612430590599784107574388270912656395965864142364667984575546882550050402798003370469155776659862256338059002106715868920421959433223756311341506694462249246973686264750035944554027554964157670321252914659435234646443493705820215443975578131042853312144842498626041110774295114357943343977994235411278780568636579719779334535830411637882705333309997231123600469625497189493642553791549843311401734777065392085541321394947579984224006699537407692901199620825278644183385466599681874649373386577166205882904627359075239891276269403990826293020536135579050514270038920947026657116958445695941832695058500966784765338866988401406030950964695562385929192193345627992619705642125447541279611231260728933961248184889406431596788686664214120514710308780241828615761624250705767042376282159121995983697106233105409340310413847019441036041050848930144968913019399609659684970195046192332904247255056550324709030784593628286875786844796689640879270337255026790310318495860011375551732463178478647259626886557545041417199746718964729090307344444423944443187720522128941165223033737853463206799111335202506573552850770520466163862937369627222043631058581176646925316786178922936053043526055010375987216825795146162623648834517604502345091636527864619958136535035554424291823916195493363054890435369251863819765262655648212579531610713122457079279393593387761799453620187978721726422845933445410602295341161389372134674109938780688396	1,-4,-4,-4,-4,-4,3,3,3,3,3,3	-4,-4,-4,-4,3,3,3,3,3,3,3,3	ok
0.490490	12.552553	-45.835997	0.417355	continued:5	24739664234858138982047535273920704895757539726112908251438163205018941142815780311745551274768732340258877681883220709254438060557727943084431578832787664786285033962897137475109966594536921196345368988178928734319550990616798234738426441329975811082542418687032574754555670308806400073011386994034122559084338923961564827243679948341711906639370687199591334610184232323549682995276987956088064516661660343597404353309026284818116830917705446825786992810866587209705521015335282251073699235984232692064386328873635550251467202252037321107786049250681199223578740058812830716655171327994111037989160554259663041255730806104822364702767003886426236948197875179044375918947062777752518800945220039096656325624832428902632916718843792734174910613073877182282814845299795859817832873050829380297050086561327142630676041705608701295328883785288019463302235365810057437776994452568277033509701397890179816214208032024713357498876567322388814154303003931713475645588699713181579139545605564594106502193640473675998821326912636802272263104652883469557388721394548958714742151679764225722796250070551524401796064839535518648641058846020683987900923271122883848006060940514381132676162478441282448143119470234244586651764765460825583900856538506441493067250231270271180189604080231450980733607237596890690043807856366180467688024298451857503595435136330376294656223565554116478172432675947236957738442193555109932688670904811038581565816851902603630454037059443222327303729076311508099390414639858767188127294147546423044405142179945534154841881724323387669344021587031891156333725035335661462717343240823281448642976875074955096456867500133501730963138935379104805342782025326645637984544215536365832087477382349921831616622649728632097319596591220981248391971525481854166000413257514914100886328767722963991005486293969092886172846002392577695360958714697809421911079524574797309440504337624362800617594426374325964507506727614377171467091251576526435782970234958554168120887421627017363156570637831288961770182197219298932245820499174813792893450431991050457646902996375255657503776080538316250631432949426671988574904247297152556610722926570920555275659878923111216802142282894220906621012839295132236214297518320140443613662297273570104086942558254694886087396801772324176733854013342330847414322607669322840282914835466102978089119098070055714798654005295106279702099414397722114120416200874950808322	24739664234858138982047535273920704865888201889876711837493816699690678265963591165069870505023217046633362579621148489165328977987949899797415602900486143006268665268678106964453841999524106595607605727243377372487650564782802452333008206763043514220470865892407412103036806892083064510289504814600080741268157165354063032161189525829409088498985531970815025159686244986955270210405434697787650037103444327391942508501376229453985083037857645944890272090078718974473418025044221755928344004123983175888817859152476099625581493080234216246769749121423440316080188755726314866454849365625903310727411127889898194381660787032015151698715736677481139420851742750719529547539689342907032684848982153429642503545479758778195831115174999007304520947563003595490867019874169994914300124258307833187901988179428014704959954258008163520937529812950909650540738739709363910934624816250948310905870516490152323845654698835235607375139145151252300518952681249670519366224367191080941950960612430590599784107574388270912656395965864142364667984575546882550050402798003370469155776659862256338059002106715868920421959433223756311341506694462249246973686264750035944554027554964157670321252914659435234646443493705820215443975578131042853312144842498626041110774295114357943343977994235411278780568636579719779334535830411637882705333309997231123600469625497189493642553791549843311401734777065392085541321394947579984224006699537407692901199620825278644183385466599681874649373386577166205882904627359075239891276269403990826293020536135579050514270038920947026657116958445695941832695058500966784765338866988401406030950964695562385929192193345627992619705642125447541279611231260728933961248184889406431596788686664214120514710308780241828615761624250705767042376282159121995983697106233105409340310413847019441036041050848930144968913019399609659684970195046192332904247255056550324709030784593628286875786844796689640879270337255026790310318495860011375551732463178478647259626886557545041417199746718964729090307344444423944443187720522128941165223033737853463206799111335202506573552850770520466163862937369627222043631058581176646925316786178922936053043526055010375987216825795146162623648834517604502345091636527864619958136535035554424291823916195493363054890435369251863819765262655648212579531610713122457079279393593387761799453620187978721726422845933445410602295341161389372134674109938780688396	-2,-4,-4,-4,-4,-4,3,3,3,3,3,3	-4,-4,-4,-4,3,3,3,3,3,3,3,3	ok
0.494494	12.552553	-50.007007	0.420148	continued:5	24739664234858138982047535273920704895757539726112908251438163205018941142815780311745551274768732340258877681883220709254438060557727943084431578832787664786285033962897137475109966594536921196345368988178928734319550990616798234738426441329975811082542418687032574754555670308806400073011386994034122559084338923961564827243679948341711906639370687199591334610184232323549682995276987956088064516661660343597404353309026284818116830917705446825786992810866587209705521015335282251073699235984232692064386328873635550251467202252037321107786049250681199223578740058812830716655171327994111037989160554259663041255730806104822364702767003886426236948197875179044375918947062777752518800945220039096656325624832428902632916718843792734174910613073877182282814845299795859817832873050829380297050086561327142630676041705608701295328883785288019463302235365810057437776994452568277033509701397890179816214208032024713357498876567322388814154303003931713475645588699713181579139545605564594106502193640473675998821326912636802272263104652883469557388721394548958714742151679764225722796250070551524401796064839535518648641058846020683987900923271122883848006060940514381132676162478441282448143119470227210432227122363713371255441354621052509508984709634926146647286000378028149020408135579796249985685416544122878976762015235710406679767054221469630668164508756954128670266820083169508953133382895781415892028857527433800331452509796880235124731818611926094996337828751367422770972106106871945447087787459013419016539682579692253007997669256306678044334190343958737683833626787830959854189876711673345743229891352071395441453714329516872363078558572585460064194527798019451500567712566804669085534009811391321703082108952041911184337041897792539402496106214458120979277192533259839067349129963145395443534147512377238039651898685713406445449049290166872617628617292086319375613642792703810618236745564851457049087158661840834963661419540135158363742337750878630973637161914688328900311151288869242457269541014220968487060804170517057834972965455408167521485957636626702129395672139918211400852445909138229939457411027786749047331318679203233959006853076598513293545187508811641950752377849176619622422822865690583986800091214624688328197908428394843316056532803829279453545060994789096398534012484533311814877844201908213083717792014484879802543088847813769703124411954747150298542713179850503414173	24739664234858138982047535273920704865888201889876711837493816699690678265963591165069870505023217046633362579621148489165328977987949899797415602900486143006268665268678106964453841999524106595607605727243377372487650564782802452333008206763043514220470865892407412103036806892083064510289504814600080741268157165354063032161189525829409088498985531970815025159686244986955270210405434697787650037103444327391942508501376229453985083037857645944890272090078718974473418025044221755928344004123983175888817859152476099625581493080234216246769749121423440316080188755726314866454849365625903310727411127889898194381660787032015151698715736677481139420851742750719529547539689342907032684848982153429642503545479758778195831115174999007304520947563003595490867019874169994914300124258307833187901988179428014704959954258008163520937529812950909650540738739709363910934624816250948310905870516490152323845654698835235607375139145151252300518952681249670519366224367191080941950960612430590599784107574388270912656395965864142364667984575546882550050402798003370469155776659862256338059002106715868920421959433223756311341506694462249246973686264750035944554027554964157670321252914659435234646443493705820215443975578131042853312144842498626041110774295114357943343977994235411278780568636579719779334535830411637882705333309997231123600469625497189493642553791549843311401734777065392085541321394947579984224006699537407692901199620825278644183385466599681874649373386577166205882904627359075239891276269403990826293020536135579050514270038920947026657116958445695941832695058500966784765338866988401406030950964695562385929192193345627992619705642125447541279611231260728933961248184889406431596788686664214120514710308780241828615761624250705767042376282159121995983697106233105409340310413847019441036041050848930144968913019399609659684970195046192332904247255056550324709030784593628286875786844796689640879270337255026790310318495860011375551732463178478647259626886557545041417199746718964729090307344444423944443187720522128941165223033737853463206799111335202506573552850770520466163862937369627222043631058581176646925316786178922936053043526055010375987216825795146162623648834517604502345091636527864619958136535035554424291823916195493363054890435369251863819765262655648212579531610713122457079279393593387761799453620187978721726422845933445410602295341161389372134674109938780688396	1,-4,-4,-4,-4,-4,3,3,3,3,3,3	-4,-4,-4,-4,3,3,3,3,3,3,3,3	ok
0.498498	12.552553	-52.570983	0.417355	continued:5	24739664234858138982047535273920704865888201889876711837493816699690678266527069749440504790571412139398611409270908450362730376250155074764676347344069888126517298474570859817860608502873391373146285427510315747585633769201540786967750755426439244909325087395028128868044225308262789884128060956514754247517702306425810931411575896427989859706075064718218471893517140662118299639008577497356111854595428210166315807732026393320608795249168317651695729421548767897306733768613302513900313747234910216702628396343057972743120228768071687743367812170271420131539175277064250947772621001186024499362163335793602171390789441233345359317297987613512980491695577916997660396957915557900310271635623458055025007041775847069041635811203256895352566087822033786766343037302223398419442420288675160901222754706690690966518603785237711745730763499632246794821702611212581403238113406002252819908487238453210437930412907369377220770586565902403360469112052194331355699172681218058600912097861834234685728509163337737349074185342289032272009772529037195573254778966688587558900055660072144278809022487554382658809806558064428353021275127081776410900980967206199354460442391625214857639764133401759178616057210680190398057943198554703123064624601181660446023242953363172469272447449114604306603789676668032281302982461618227348434344241480239631397835903839519478265189030951001209408772220016925107341479912568701564082262934999088780116117157913247841036010283824164068664803837757729257063220663294913321230139151791147367038607282105733904016359791183527241886003154841144844699741276832690531565598197988362867236693987899442686604165527015589030459917424605601810195980491409331875015847889767893397997851764918922389773504676120331392543491419098534999834244969247145556550831973114815044231233657722950610142402468854522006648954172443764314423238950001228862322460291231007742419224237436270306563202999239488874012867082031104349605713456773862569124387618118057663899662747824622269598140181829025823849459071217200217499424424921702079204165306034254003250821214459947311774588189544407889173479333726358175028336674590598227784079049643150162343597675915129829472380065525970735331867880378899325396537836666761765810631243557908279830814880986128184517012337907370167586812223690747962565062007279395474143260789754271822074879377170376998060728251658724928368646962339785363308878071480662388025	24739664234858138982047535273920704865888201889876711837493816699690678265963591165069870505023217046633362579621148489165328977987949899797415602900486143006268665268678106964453841999524106595607605727243377372487650564782802452333008206763043514220470865892407412103036806892083064510289504814600080741268157165354063032161189525829409088498985531970815025159686244986955270210405434697787650037103444327391942508501376229453985083037857645944890272090078718974473418025044221755928344004123983175888817859152476099625581493080234216246769749121423440316080188755726314866454849365625903310727411127889898194381660787032015151698715736677481139420851742750719529547539689342907032684848982153429642503545479758778195831115174999007304520947563003595490867019874169994914300124258307833187901988179428014704959954258008163520937529812950909650540738739709363910934624816250948310905870516490152323845654698835235607375139145151252300518952681249670519366224367191080941950960612430590599784107574388270912656395965864142364667984575546882550050402798003370469155776659862256338059002106715868920421959433223756311341506694462249246973686264750035944554027554964157670321252914659435234646443493705820215443975578131042853312144842498626041110774295114357943343977994235411278780568636579719779334535830411637882705333309997231123600469625497189493642553791549843311401734777065392085541321394947579984224006699537407692901199620825278644183385466599681874649373386577166205882904627359075239891276269403990826293020536135579050514270038920947026657116958445695941832695058500966784765338866988401406030950964695562385929192193345627992619705642125447541279611231260728933961248184889406431596788686664214120514710308780241828615761624250705767042376282159121995983697106233105409340310413847019441036041050848930144968913019399609659684970195046192332904247255056550324709030784593628286875786844796689640879270337255026790310318495860011375551732463178478647259626886557545041417199746718964729090307344444423944443187720522128941165223033737853463206799111335202506573552850770520466163862937369627222043631058581176646925316786178922936053043526055010375987216825795146162623648834517604502345091636527864619958136535035554424291823916195493363054890435369251863819765262655648212579531610713122457079279393593387761799453620187978721726422845933445410602295341161389372134674109938780688396	-2,-4,-4,-4,-4,3,3,3,3,3,3,3	-4,-4,-4,-4,3,3,3,3,3,3,3,3	ok
0.502503	12.552553	-54.284752	0.420148	continued:5	24739664234858138982047535273920704865888201889876711837493816699690678265963591165069870505023217046633362579621148489165328977987949899797415602900085081435628786567950676391780949633448253616219680559998014214784634910618447122667639804607217055610037222276897125660535867393387520758988742191975475097134159821776175469287214857624750265388130867415580412873925910271279382629434282479656095907178473638142326186864698341018602123575843883404208311798618679388046194707946385968872279636660172423920762823771748609336176990325713506490614247467311351878471253089939596514261196666267475682898635077588364628629417296554229734815495315011752337585393015754405944996164827318009845582551593321289722257247006063686910061456841431892563940020873466746931070957111770150069590359792388197563206227771911411885143855184505614961998508226343153531223089971459935049708039359327667779120430067461929055441744031224422705223831560005091108633317128720548165517033711719448300771525660964913525817712220131912105082815080054605883136048554894173783193438041716508681297001277350562437894851607688119124032266056066591963623197071229719772200831481260746898621517899928612391918713268983151048632780119655930408190582553524627904057071942769938736862457235924274975877692875969260912825240440176312796169883715527296420812911085368231803397367822990876417832371726944474641149344806282859835563177758758315140869621665338558538229319788140992642348683078964438303205169238089677606281386970253341769254691973676747054001600056884371509167578247128910554017708455798400339763929792299326278161913247735847547901720607853014273297061169415154483166033077865097453650461838107532682052642437808745312631797604500447563344035980600655360681484274936965759099895773785743476559627847035998495623947412514142251410657373695628596507787826274803330499930271551011927848963095389998115464084361772602196582573023653623911344037727364227195594183603523434780747077500441651045950433605054450968920210102886398197382751252220063486096686194630712738899496659850907030285511459146924946136142303252814811401903979278425790228571196558652325907826618637862596663393079577711958009484587139118727133603578984775841831059511392904829664132579075616389269418347099007484820626482853352165533173315748528323140233506000037753936239379980930850327518548701251621213257545847129540580490183656973082502121819713680447958	24739664234858138982047535273920704865888201889876711837493816699690678265963591165069870505023217046633362579621148489165328977987949899797415602900486143006268665268678106964453841999524106595607605727243377372487650564782802452333008206763043514220470865892407412103036806892083064510289504814600080741268157165354063032161189525829409088498985531970815025159686244986955270210405434697787650037103444327391942508501376229453985083037857645944890272090078718974473418025044221755928344004123983175888817859152476099625581493080234216246769749121423440316080188755726314866454849365625903310727411127889898194381660787032015151698715736677481139420851742750719529547539689342907032684848982153429642503545479758778195831115174999007304520947563003595490867019874169994914300124258307833187901988179428014704959954258008163520937529812950909650540738739709363910934624816250948310905870516490152323845654698835235607375139145151252300518952681249670519366224367191080941950960612430590599784107574388270912656395965864142364667984575546882550050402798003370469155776659862256338059002106715868920421959433223756311341506694462249246973686264750035944554027554964157670321252914659435234646443493705820215443975578131042853312144842498626041110774295114357943343977994235411278780568636579719779334535830411637882705333309997231123600469625497189493642553791549843311401734777065392085541321394947579984224006699537407692901199620825278644183385466599681874649373386577166205882904627359075239891276269403990826293020536135579050514270038920947026657116958445695941832695058500966784765338866988401406030950964695562385929192193345627992619705642125447541279611231260728933961248184889406431596788686664214120514710308780241828615761624250705767042376282159121995983697106233105409340310413847019441036041050848930144968913019399609659684970195046192332904247255056550324709030784593628286875786844796689640879270337255026790310318495860011375551732463178478647259626886557545041417199746718964729090307344444423944443187720522128941165223033737853463206799111335202506573552850770520466163862937369627222043631058581176646925316786178922936053043526055010375987216825795146162623648834517604502345091636527864619958136535035554424291823916195493363054890435369251863819765262655648212579531610713122457079279393593387761799453620187978721726422845933445410602295341161389372134674109938780688396	-2,3,3,3,3,3,3,3,3,3,3,3	-4,-4,-4,-4,3,3,3,3,3,3,3,3	ok
0.506507	12.552553	-55.274850	0.422942	continued:5	24739664234858138982047535273920704865888201889876711837493816699690678265963591165069870505023217046633362579621148489165328977987949899797415602900085081435628786567950676391780949633448253616219680559998014214784634910618447122667639804607217055610037222276897125660535867393387520758988742191975475097134159821776175469287214857624750265388130867415580412873925910271279382629434282479656095907178473638142326186864698341018602123575843883404208311798618679388046194707946385968872279636660172423920762823771748609336176990325713506490614247467311351878471253089939596514261196666267475682898635077588364628629417296554229734815495315011752337585393015754405944996164827318009845582551593321289722257247006063686910061456841431892563940020873466746931070957111770150069590359792388197563206227771911411885143855184505614961998508226343153531223089971459935049708039359327667779120430067461929055441744031224422705223831560005091108633317128720548165517033711719448300771525660964913525817712220131912105082815080054605883136048554894173783193438041716508681297001277350562437894851607688119124032266056066591963623197071229719772200831481260746898621517899928612391918713268983151048632780119655930408190582553524627904057071942769938736862457235924274975877692875969260912825240440176312796169883715527296420812911085368231803397367822990876417832371726944474641149344806282859835563177758758315140869621665338558538229319788140992642348683078964438303205169238089677606281386970253341769254691973676747054001600056884371509167578247128910554017708455798400339763929792299326278161913247735847547901720607853014273297061169415154483166033077865097453650461838107532682052642437808745312631797604500447563344035980600655360681484274936965759099895773785743476559627847035998495623947412514142251410657373695628596507787826274803330499930271551011927848963095389998115464084361772602196582573023653623911344037727364227195594183603523434780747077500441651045950433605054450968920210102886398197382751252220063486096686194630712738899496659850907030285511459146924946136142303252814811401903979278425790228571196558652325907826618637862596663393079577711958009484587139118727133603578984775841831059511392904829664132579075616389269418347099007484820626482853352165533173315748528323140233506000037753936239379980930850327518548701251621213257545847129540580490183656973082502121819713680447958	24739664234858138982047535273920704865888201889876711837493816699690678265963591165069870505023217046633362579621148489165328977987949899797415602900486143006268665268678106964453841999524106595607605727243377372487650564782802452333008206763043514220470865892407412103036806892083064510289504814600080741268157165354063032161189525829409088498985531970815025159686244986955270210405434697787650037103444327391942508501376229453985083037857645944890272090078718974473418025044221755928344004123983175888817859152476099625581493080234216246769749121423440316080188755726314866454849365625903310727411127889898194381660787032015151698715736677481139420851742750719529547539689342907032684848982153429642503545479758778195831115174999007304520947563003595490867019874169994914300124258307833187901988179428014704959954258008163520937529812950909650540738739709363910934624816250948310905870516490152323845654698835235607375139145151252300518952681249670519366224367191080941950960612430590599784107574388270912656395965864142364667984575546882550050402798003370469155776659862256338059002106715868920421959433223756311341506694462249246973686264750035944554027554964157670321252914659435234646443493705820215443975578131042853312144842498626041110774295114357943343977994235411278780568636579719779334535830411637882705333309997231123600469625497189493642553791549843311401734777065392085541321394947579984224006699537407692901199620825278644183385466599681874649373386577166205882904627359075239891276269403990826293020536135579050514270038920947026657116958445695941832695058500966784765338866988401406030950964695562385929192193345627992619705642125447541279611231260728933961248184889406431596788686664214120514710308780241828615761624250705767042376282159121995983697106233105409340310413847019441036041050848930144968913019399609659684970195046192332904247255056550324709030784593628286875786844796689640879270337255026790310318495860011375551732463178478647259626886557545041417199746718964729090307344444423944443187720522128941165223033737853463206799111335202506573552850770520466163862937369627222043631058581176646925316786178922936053043526055010375987216825795146162623648834517604502345091636527864619958136535035554424291823916195493363054890435369251863819765262655648212579531610713122457079279393593387761799453620187978721726422845933445410602295341161389372134674109938780688396	-2,3,3,3,3,3,3,3,3,3,3,3	-4,-4,-4,-4,3,3,3,3,3,3,3,3	ok
0.510511	12.552553	-55.873770	0.425735	continued:5	24739664234858138982047535273920704865888201889876711837493816699690678265963591165069870505023217046633362579621148489165328977987949899797415602900085081435628786567950676391780949633448253616219680559998014214784634910618447122667639804607217055610037222276897125660535867393387520758988742191975475097134159821776175469287214857624750265388130867415580412873925910271279382629434282479656095907178473638142326186864698341018602123575843883404208311798618679388046194707946385968872279636660172423920762823771748609336176990325713506490614247467311351878471253089939596514261196666267475682898635077588364628629417296554229734815495315011752337585393015754405944996164827318009845582551593321289722257247006063686910061456841431892563940020873466746931070957111770150069590359792388197563206227771911411885143855184505614961998508226343153531223089971459935049708039359327667779120430067461929055441744031224422705223831560005091108633317128720548165517033711719448300771525660964913525817712220131912105082815080054605883136048554894173783193438041716508681297001277350562437894851607688119124032266056066591963623197071229719772200831481260746898621517899928612391918713268983151048632780119648896253765940151777173575597570025320253082336116946689981147789765900355562110523987436189411566954756946831913765892283629482126668117215787661175622538482371666841405595054624551275871666632475049764341931929868507018454948365774171910807496638367218687366613903751947086947394002612630474683257999387223688134848014104823955551645010680263372366206458226198558279883447844315148180302724249331888726196930807213187997142652942313186005148224878224024593537200103980637926868603500896185830904692094904758235554768415409124757267836161356776521732484146109863946926378105041694979170269733992817805415234240628485488200053302199364211031646323082439647263607276631895871769259044401451363766451126814443473134220489198884697731101960802990910300139680959518854832128513597114746389737973151315057975842081443516593123962467786526070102139874765749035637088432614260030772344792316488840415153698481155126035457741137680097748660410763036811870095293313414540437283852893333234643562710973384060038416228190613325616933189150517789061901654152308030489428549857055082465581427407486143000730202660813809057790100346399768338483335257539245860316494779637880208922066168766414992991208014608723526	24739664234858138982047535273920704865888201889876711837493816699690678265963591165069870505023217046633362579621148489165328977987949899797415602900486143006268665268678106964453841999524106595607605727243377372487650564782802452333008206763043514220470865892407412103036806892083064510289504814600080741268157165354063032161189525829409088498985531970815025159686244986955270210405434697787650037103444327391942508501376229453985083037857645944890272090078718974473418025044221755928344004123983175888817859152476099625581493080234216246769749121423440316080188755726314866454849365625903310727411127889898194381660787032015151698715736677481139420851742750719529547539689342907032684848982153429642503545479758778195831115174999007304520947563003595490867019874169994914300124258307833187901988179428014704959954258008163520937529812950909650540738739709363910934624816250948310905870516490152323845654698835235607375139145151252300518952681249670519366224367191080941950960612430590599784107574388270912656395965864142364667984575546882550050402798003370469155776659862256338059002106715868920421959433223756311341506694462249246973686264750035944554027554964157670321252914659435234646443493705820215443975578131042853312144842498626041110774295114357943343977994235411278780568636579719779334535830411637882705333309997231123600469625497189493642553791549843311401734777065392085541321394947579984224006699537407692901199620825278644183385466599681874649373386577166205882904627359075239891276269403990826293020536135579050514270038920947026657116958445695941832695058500966784765338866988401406030950964695562385929192193345627992619705642125447541279611231260728933961248184889406431596788686664214120514710308780241828615761624250705767042376282159121995983697106233105409340310413847019441036041050848930144968913019399609659684970195046192332904247255056550324709030784593628286875786844796689640879270337255026790310318495860011375551732463178478647259626886557545041417199746718964729090307344444423944443187720522128941165223033737853463206799111335202506573552850770520466163862937369627222043631058581176646925316786178922936053043526055010375987216825795146162623648834517604502345091636527864619958136535035554424291823916195493363054890435369251863819765262655648212579531610713122457079279393593387761799453620187978721726422845933445410602295341161389372134674109938780688396	1,3,3,3,3,3,3,3,3,3,3,3	-4,-4,-4,-4,3,3,3,3,3,3,3,3	ok
0.514515	12.552553	-56.259764	0.427112	continued:5	24739664234858138982047535273920704865888201889876711837493816699690678265963591165069870505023217046633362579621148489165328977987949899797415602900085081435628786567950676391780949633448253616219680559998014214784634910618447122667639804607217055610037222276897125660535867393387520758988742191975475097134159821776175469287214857624750265388130867415580412873925910271279382629434282479656095907178473638142326186864698341018602123575843883404208311798618679388046194707946385968872279636660172423920762823771748609336176990325713506490614247467311351878471253089939596514261196666267475682898635077588364628629417296554229734815495315011752337585393015754405944996164827318009845582551593321289722257247006063686910061456841431892563940020873466746931070957111770150069590359792388197563206227771911411885143855184505614961998508226343153531223089971459935049708039359327667779120430067461929055441744031224422705223831560005091108633317128720548165517033711719448300771525660964913525817712220131912105082815080054605883136048554894173783193438041716508681297001277350562437894851607688119124032266056066591963623197071229719772200831481260746898621517899928612391918713268983151048632780119648896253765940151777173575597570025320253082336116946689981147789765900355562110523987436189411566954756946831913765892283629482126668117215787661175622538482371666841405595054624551275871666632475049764341931929868507018454948365774171910807496638367218687366613903751947086947394002612630474683257999387223688134848014104823955551645010680263372366206458226198558279883447844315148180302724249331888726196930807213187997142652942313186005148224878224024593537200103980637926868603500896185830904692094904758235554768415409124757267836161356776521732484146109863946926378105041694979170269733992817805415234240628485488200053302199364211031646323082439647263607276631895871769259044401451363766451126814443473134220489198884697731101960802990910300139680959518854832128513597114746389737973151315057975842081443516593123962467786526070102139874765749035637088432614260030772344792316488840415153698481155126035457741137680097748660410763036811870095293313414540437283852893333234643562710973384060038416228190613325616933189150517789061901654152308030489428549857055082465581427407486143000730202660813809057790100346399768338483335257539245860316494779637880208922066168766414992991208014608723526	24739664234858138982047535273920704865888201889876711837493816699690678265963591165069870505023217046633362579621148489165328977987949899797415602900486143006268665268678106964453841999524106595607605727243377372487650564782802452333008206763043514220470865892407412103036806892083064510289504814600080741268157165354063032161189525829409088498985531970815025159686244986955270210405434697787650037103444327391942508501376229453985083037857645944890272090078718974473418025044221755928344004123983175888817859152476099625581493080234216246769749121423440316080188755726314866454849365625903310727411127889898194381660787032015151698715736677481139420851742750719529547539689342907032684848982153429642503545479758778195831115174999007304520947563003595490867019874169994914300124258307833187901988179428014704959954258008163520937529812950909650540738739709363910934624816250948310905870516490152323845654698835235607375139145151252300518952681249670519366224367191080941950960612430590599784107574388270912656395965864142364667984575546882550050402798003370469155776659862256338059002106715868920421959433223756311341506694462249246973686264750035944554027554964157670321252914659435234646443493705820215443975578131042853312144842498626041110774295114357943343977994235411278780568636579719779334535830411637882705333309997231123600469625497189493642553791549843311401734777065392085541321394947579984224006699537407692901199620825278644183385466599681874649373386577166205882904627359075239891276269403990826293020536135579050514270038920947026657116958445695941832695058500966784765338866988401406030950964695562385929192193345627992619705642125447541279611231260728933961248184889406431596788686664214120514710308780241828615761624250705767042376282159121995983697106233105409340310413847019441036041050848930144968913019399609659684970195046192332904247255056550324709030784593628286875786844796689640879270337255026790310318495860011375551732463178478647259626886557545041417199746718964729090307344444423944443187720522128941165223033737853463206799111335202506573552850770520466163862937369627222043631058581176646925316786178922936053043526055010375987216825795146162623648834517604502345091636527864619958136535035554424291823916195493363054890435369251863819765262655648212579531610713122457079279393593387761799453620187978721726422845933445410602295341161389372134674109938780688396	1,3,3,3,3,3,3,3,3,3,3,3	-4,-4,-4,-4,3,3,3,3,3,3,3,3	ok
0.518519	12.552553	-56.528515	0.429905	continued:5	24739664234858138982047535273920704865888201889876711837493816699690678265963591165069870505023217046633362579621148489165328977987949899797415602900085081435628786567950676391780949633448253616219680559998014214784634910618447122667639804607217055610037222276897125660535867393387520758988742191975475097134159821776175469287214857624750265388130867415580412873925910271279382629434282479656095907178473638142326186864698341018602123575843883404208311798618679388046194707946385968872279636660172423920762823771748609336176990325713506490614247467311351878471253089939596514261196666267475682898635077588364628629417296554229734815495315011752337585393015754405944996164827318009845582551593321289722257247006063686910061456841431892563940020873466746931070957111770150069590359792388197563206227771911411885143855184505614961998508226343153531223089971459935049708039359327667779120430067461929055441744031224422705223831560005091108633317128720548165517033711719448300771525660964913525817712220131912105082815080054605883136048554894173783193438041716508681297001277350562437894851607688119124032266056066591963623197071229719772200831481260746898621517899928612391918713268983151048632780119634827944916655348282264918678566190420881773283436368221393491613911949128164505921481428215609108524503409441148456051028717709916397556911717001774031950703661111574934486474261088107943873541907632662744056546274843938288386457746233747137792548943727185493431372779661905629619233897384740511264614214317570296540842200703123636599875546532295990583957766998874160122483948346791984584346252523971082787351205933535444833836488109249049112608478941878873310676635726848416500525627071066867450481075713379579976233285026063550440539934196398046997660890758104887659878621053087946262914376950168913424387974494199271584584254048485972095078426145295086092895639115691384379608409659149698134207333136082596714586012868199702004938675362103169406264041995254472595518330682442301328793713681148779162023739890422807178515014098152732507426304595433046340242379548930200044749770443836898441653136886613797649230830295735641430327995013385242283499720784819705292882384401762249663480974950600496453129661786030317522534409300320588646868268258909121827032683864460916330397650725401782721723595982365919300891541077337604360412908370114495154434392644654559465785831192353079974729984616465274665	24739664234858138982047535273920704865888201889876711837493816699690678265963591165069870505023217046633362579621148489165328977987949899797415602900486143006268665268678106964453841999524106595607605727243377372487650564782802452333008206763043514220470865892407412103036806892083064510289504814600080741268157165354063032161189525829409088498985531970815025159686244986955270210405434697787650037103444327391942508501376229453985083037857645944890272090078718974473418025044221755928344004123983175888817859152476099625581493080234216246769749121423440316080188755726314866454849365625903310727411127889898194381660787032015151698715736677481139420851742750719529547539689342907032684848982153429642503545479758778195831115174999007304520947563003595490867019874169994914300124258307833187901988179428014704959954258008163520937529812950909650540738739709363910934624816250948310905870516490152323845654698835235607375139145151252300518952681249670519366224367191080941950960612430590599784107574388270912656395965864142364667984575546882550050402798003370469155776659862256338059002106715868920421959433223756311341506694462249246973686264750035944554027554964157670321252914659435234646443493705820215443975578131042853312144842498626041110774295114357943343977994235411278780568636579719779334535830411637882705333309997231123600469625497189493642553791549843311401734777065392085541321394947579984224006699537407692901199620825278644183385466599681874649373386577166205882904627359075239891276269403990826293020536135579050514270038920947026657116958445695941832695058500966784765338866988401406030950964695562385929192193345627992619705642125447541279611231260728933961248184889406431596788686664214120514710308780241828615761624250705767042376282159121995983697106233105409340310413847019441036041050848930144968913019399609659684970195046192332904247255056550324709030784593628286875786844796689640879270337255026790310318495860011375551732463178478647259626886557545041417199746718964729090307344444423944443187720522128941165223033737853463206799111335202506573552850770520466163862937369627222043631058581176646925316786178922936053043526055010375987216825795146162623648834517604502345091636527864619958136535035554424291823916195493363054890435369251863819765262655648212579531610713122457079279393593387761799453620187978721726422845933445410602295341161389372134674109938780688396	0,3,3,3,3,3,3,3,3,3,3,3	-4,-4,-4,-4,3,3,3,3,3,3,3,3	ok
0.522523	12.552553	-56.696932	0.428322	continued:5	24739664234858138982047535273920704865888201889876711837493816699690678265963591165069870505023217046633362579621148489165328977987949899797415602900085081435628786567950676391780949633448253616219680559998014214784634910618447122667639804607217055610037222276897125660535867393387520758988742191975475097134159821776175469287214857624750265388130867415580412873925910271279382629434282479656095907178473638142326186864698341018602123575843883404208311798618679388046194707946385968872279636660172423920762823771748609336176990325713506490614247467311351878471253089939596514261196666267475682898635077588364628629417296554229734815495315011752337585393015754405944996164827318009845582551593321289722257247006063686910061456841431892563940020873466746931070957111770150069590359792388197563206227771911411885143855184505614961998508226343153531223089971459935049708039359327667779120430067461929055441744031224422705223831560005091108633317128720548165517033711719448300771525660964913525817712220131912105082815080054605883136048554894173783193438041716508681297001277350562437894851607688119124032266056066591963623197071229719772200831481260746898621517899928612391918713268983151048632780119634827944916655348282264918678566190420881773283436368221393491613911949128164505921481428215609108524503409441148456051028717709916397556911717001774031950703661111574934486474261088107943873541907632662744056546274843938288386457746233747137792548943727185493431372779661905629619233897384740511264614214317570296540842200703123636599875546532295990583957766998874160122483948346791984584346252523971082787351205933535444833836488109249049112608478941878873310676635726848416500525627071066867450481075713379579976233285026063550440539934196398046997660890758104887659878621053087946262914376950168913424387974494199271584584254048485972095078426145295086092895639115691384379608409659149698134207333136082596714586012868199702004938675362103169406264041995254472595518330682442301328793713681148779162023739890422807178515014098152732507426304595433046340242379548930200044749770443836898441653136886613797649230830295735641430327995013385242283499720784819705292882384401762249663480974950600496453129661786030317522534409300320588646868268258909121827032683864460916330397650725401782721723595982365919300891541077337604360412908370114495154434392644654559465785831192353079974729984616465274665	24739664234858138982047535273920704865888201889876711837493816699690678265963591165069870505023217046633362579621148489165328977987949899797415602900486143006268665268678106964453841999524106595607605727243377372487650564782802452333008206763043514220470865892407412103036806892083064510289504814600080741268157165354063032161189525829409088498985531970815025159686244986955270210405434697787650037103444327391942508501376229453985083037857645944890272090078718974473418025044221755928344004123983175888817859152476099625581493080234216246769749121423440316080188755726314866454849365625903310727411127889898194381660787032015151698715736677481139420851742750719529547539689342907032684848982153429642503545479758778195831115174999007304520947563003595490867019874169994914300124258307833187901988179428014704959954258008163520937529812950909650540738739709363910934624816250948310905870516490152323845654698835235607375139145151252300518952681249670519366224367191080941950960612430590599784107574388270912656395965864142364667984575546882550050402798003370469155776659862256338059002106715868920421959433223756311341506694462249246973686264750035944554027554964157670321252914659435234646443493705820215443975578131042853312144842498626041110774295114357943343977994235411278780568636579719779334535830411637882705333309997231123600469625497189493642553791549843311401734777065392085541321394947579984224006699537407692901199620825278644183385466599681874649373386577166205882904627359075239891276269403990826293020536135579050514270038920947026657116958445695941832695058500966784765338866988401406030950964695562385929192193345627992619705642125447541279611231260728933961248184889406431596788686664214120514710308780241828615761624250705767042376282159121995983697106233105409340310413847019441036041050848930144968913019399609659684970195046192332904247255056550324709030784593628286875786844796689640879270337255026790310318495860011375551732463178478647259626886557545041417199746718964729090307344444423944443187720522128941165223033737853463206799111335202506573552850770520466163862937369627222043631058581176646925316786178922936053043526055010375987216825795146162623648834517604502345091636527864619958136535035554424291823916195493363054890435369251863819765262655648212579531610713122457079279393593387761799453620187978721726422845933445410602295341161389372134674109938780688396	0,3,3,3,3,3,3,3,3,3,3,3	-4,-4,-4,-4,3,3,3,3,3,3,3,3	ok
0.526527	12.552553	-56.847187	0.426866	continued:5	24739664234858138982047535273920704865888201889876711837493816699690678265963591165069870505023217046633362579621148489165328977987949899797415602900085081435628786567950676391780949633448253616219680559998014214784634910618447122667639804607217055610037222276897125660535867393387520758988742191975475097134159821776175469287214857624750265388130867415580412873925910271279382629434282479656095907178473638142326186864698341018602123575843883404208311798618679388046194707946385968872279636660172423920762823771748609336176990325713506490614247467311351878471253089939596514261196666267475682898635077588364628629417296554229734815495315011752337585393015754405944996164827318009845582551593321289722257247006063686910061456841431892563940020873466746931070957111770150069590359792388197563206227771911411885143855184505614961998508226343153531223089971459935049708039359327667779120430067461929055441744031224422705223831560005091108633317128720548165517033711719448300771525660964913525817712220131912105082815080054605883136048554894173783193438041716508681297001277350562437894851607688119124032266056066591963623197071229719772200831481260746898621517899928612391918713268983151048632780119634827944916655348282264918678566190420881773283436368221393491613911949128164505921481428215609108524503409441148456051028717709916397556911717001774031950703661111574934486474261088107943873541907632662744056546274843938288386457746233747137792548943727185493431372779661905629619233897384740511264614214317570296540842200703123636599875546532295990583957766998874160122483948346791984584346252523971082787351205933535444833836488109249049112608478941878873310676635726848416500525627071066867450481075713379579976233285026063550440539934196398046997660890758104887659878621053087946262914376950168913424387974494199271584584254048485972095078426145295086092895639115691384379608409659149698134207333136082596714586012868199702004938675362103169406264041995254472595518330682442301328793713681148779162023739890422807178515014098152732507426304595433046340242379548930200044749770443836898441653136886613797649230830295735641430327995013385242283499720784819705292882384401762249663480974950600496453129661786030317522534409300320588646868268258909121827032683864460916330397650725401782721723595982365919300891541077337604360412908370114495154434392644654559465785831192353079974729984616465274665	24739664234858138982047535273920704865888201889876711837493816699690678265963591165069870505023217046633362579621148489165328977987949899797415602900486143006268665268678106964453841999524106595607605727243377372487650564782802452333008206763043514220470865892407412103036806892083064510289504814600080741268157165354063032161189525829409088498985531970815025159686244986955270210405434697787650037103444327391942508501376229453985083037857645944890272090078718974473418025044221755928344004123983175888817859152476099625581493080234216246769749121423440316080188755726314866454849365625903310727411127889898194381660787032015151698715736677481139420851742750719529547539689342907032684848982153429642503545479758778195831115174999007304520947563003595490867019874169994914300124258307833187901988179428014704959954258008163520937529812950909650540738739709363910934624816250948310905870516490152323845654698835235607375139145151252300518952681249670519366224367191080941950960612430590599784107574388270912656395965864142364667984575546882550050402798003370469155776659862256338059002106715868920421959433223756311341506694462249246973686264750035944554027554964157670321252914659435234646443493705820215443975578131042853312144842498626041110774295114357943343977994235411278780568636579719779334535830411637882705333309997231123600469625497189493642553791549843311401734777065392085541321394947579984224006699537407692901199620825278644183385466599681874649373386577166205882904627359075239891276269403990826293020536135579050514270038920947026657116958445695941832695058500966784765338866988401406030950964695562385929192193345627992619705642125447541279611231260728933961248184889406431596788686664214120514710308780241828615761624250705767042376282159121995983697106233105409340310413847019441036041050848930144968913019399609659684970195046192332904247255056550324709030784593628286875786844796689640879270337255026790310318495860011375551732463178478647259626886557545041417199746718964729090307344444423944443187720522128941165223033737853463206799111335202506573552850770520466163862937369627222043631058581176646925316786178922936053043526055010375987216825795146162623648834517604502345091636527864619958136535035554424291823916195493363054890435369251863819765262655648212579531610713122457079279393593387761799453620187978721726422845933445410602295341161389372134674109938780688396	0,3,3,3,3,3,3,3,3,3,3,3	-4,-4,-4,-4,3,3,3,3,3,3,3,3	ok
0.530531	12.552553	-56.982963	0.425823	continued:5	24739664234858138982047535273920704865888201889876711837493816699690678265963591165069870505023217046633362579621148489165328977987949899797415602900085081435628786567950676391780949633448253616219680559998014214784634910618447122667639804607217055610037222276897125660535867393387520758988742191975475097134159821776175469287214857624750265388130867415580412873925910271279382629434282479656095907178473638142326186864698341018602123575843883404208311798618679388046194707946385968872279636660172423920762823771748609336176990325713506490614247467311351878471253089939596514261196666267475682898635077588364628629417296554229734815495315011752337585393015754405944996164827318009845582551593321289722257247006063686910061456841431892563940020873466746931070957111770150069590359792388197563206227771911411885143855184505614961998508226343153531223089971459935049708039359327667779120430067461929055441744031224422705223831560005091108633317128720548165517033711719448300771525660964913525817712220131912105082815080054605883136048554894173783193438041716508681297001277350562437894851607688119124032266056066591963623197071229719772200831481260746898621517899928612391918713268983151048632780119634827944916655348282264918678566190420881773283436368221393491613911949128164505921481428215609108524503409441148456051028717709916397556911717001774031950703661111574934486474261088107943873541907632662744056546274843938288386457746233747137792548943727185493431372779661905629619233897384740511264614214317570296540842200703123636599875546532295990583957766998874160122483948346791984584346252523971082787351205933535444833836488109249049112608478941878873310676635726848416500525627071066867450481075713379579976233285026063550440539934196398046997660890758104887659878621053087946262914376950168913424387974494199271584584254048485972095078426145295086092895639115691384379608409659149698134207333136082596714586012868199702004938675362103169406264041995254472595518330682442301328793713681148779162023739890422807178515014098152732507426304595433046340242379548930200044749770443836898441653136886613797649230830295735641430327995013385242283499720784819705292882384401762249663480974950600496453129661786030317522534409300320588646868268258909121827032683864460916330397650725401782721723595982365919300891541077337604360412908370114495154434392644654559465785831192353079974729984616465274665	24739664234858138982047535273920704865888201889876711837493816699690678265963591165069870505023217046633362579621148489165328977987949899797415602900486143006268665268678106964453841999524106595607605727243377372487650564782802452333008206763043514220470865892407412103036806892083064510289504814600080741268157165354063032161189525829409088498985531970815025159686244986955270210405434697787650037103444327391942508501376229453985083037857645944890272090078718974473418025044221755928344004123983175888817859152476099625581493080234216246769749121423440316080188755726314866454849365625903310727411127889898194381660787032015151698715736677481139420851742750719529547539689342907032684848982153429642503545479758778195831115174999007304520947563003595490867019874169994914300124258307833187901988179428014704959954258008163520937529812950909650540738739709363910934624816250948310905870516490152323845654698835235607375139145151252300518952681249670519366224367191080941950960612430590599784107574388270912656395965864142364667984575546882550050402798003370469155776659862256338059002106715868920421959433223756311341506694462249246973686264750035944554027554964157670321252914659435234646443493705820215443975578131042853312144842498626041110774295114357943343977994235411278780568636579719779334535830411637882705333309997231123600469625497189493642553791549843311401734777065392085541321394947579984224006699537407692901199620825278644183385466599681874649373386577166205882904627359075239891276269403990826293020536135579050514270038920947026657116958445695941832695058500966784765338866988401406030950964695562385929192193345627992619705642125447541279611231260728933961248184889406431596788686664214120514710308780241828615761624250705767042376282159121995983697106233105409340310413847019441036041050848930144968913019399609659684970195046192332904247255056550324709030784593628286875786844796689640879270337255026790310318495860011375551732463178478647259626886557545041417199746718964729090307344444423944443187720522128941165223033737853463206799111335202506573552850770520466163862937369627222043631058581176646925316786178922936053043526055010375987216825795146162623648834517604502345091636527864619958136535035554424291823916195493363054890435369251863819765262655648212579531610713122457079279393593387761799453620187978721726422845933445410602295341161389372134674109938780688396	0,3,3,3,3,3,3,3,3,3,3,3	-4,-4,-4,-4,3,3,3,3,3,3,3,3	ok
0.534535	12.552553	-57.102929	0.424908	continued:5	24739664234858138982047535273920704865888201889876711837493816699690678265963591165069870505023217046633362579621148489165328977987949899797415602900085081435628786567950676391780949633448253616219680559998014214784634910618447122667639804607217055610037222276897125660535867393387520758988742191975475097134159821776175469287214857624750265388130867415580412873925910271279382629434282479656095907178473638142326186864698341018602123575843883404208311798618679388046194707946385968872279636660172423920762823771748609336176990325713506490614247467311351878471253089939596514261196666267475682898635077588364628629417296554229734815495315011752337585393015754405944996164827318009845582551593321289722257247006063686910061456841431892563940020873466746931070957111770150069590359792388197563206227771911411885143855184505614961998508226343153531223089971459935049708039359327667779120430067461929055441744031224422705223831560005091108633317128720548165517033711719448300771525660964913525817712220131912105082815080054605883136048554894173783193438041716508681297001277350562437894851607688119124032266056066591963623197071229719772200831481260746898621517899928612391918713268983151048632780119634827944916655348282264918678566190420881773283436368221393491613911949128164505921481428215609108524503409441148456051028717709916397556911717001774031950703661111574934486474261088107943873541907632662744056546274843938288386457746233747137792548943727185493431372779661905629619233897384740511264614214317570296540842200703123636599875546532295990583957766998874160122483948346791984584346252523971082787351205933535444833836488109249049112608478941878873310676635726848416500525627071066867450481075713379579976233285026063550440539934196398046997660890758104887659878621053087946262914376950168913424387974494199271584584254048485972095078426145295086092895639115691384379608409659149698134207333136082596714586012868199702004938675362103169406264041995254472595518330682442301328793713681148779162023739890422807178515014098152732507426304595433046340242379548930200044749770443836898441653136886613797649230830295735641430327995013385242283499720784819705292882384401762249663480974950600496453129661786030317522534409300320588646868268258909121827032683864460916330397650725401782721723595982365919300891541077337604360412908370114495154434392644654559465785831192353079974729984616465274665	24739664234858138982047535273920704865888201889876711837493816699690678265963591165069870505023217046633362579621148489165328977987949899797415602900486143006268665268678106964453841999524106595607605727243377372487650564782802452333008206763043514220470865892407412103036806892083064510289504814600080741268157165354063032161189525829409088498985531970815025159686244986955270210405434697787650037103444327391942508501376229453985083037857645944890272090078718974473418025044221755928344004123983175888817859152476099625581493080234216246769749121423440316080188755726314866454849365625903310727411127889898194381660787032015151698715736677481139420851742750719529547539689342907032684848982153429642503545479758778195831115174999007304520947563003595490867019874169994914300124258307833187901988179428014704959954258008163520937529812950909650540738739709363910934624816250948310905870516490152323845654698835235607375139145151252300518952681249670519366224367191080941950960612430590599784107574388270912656395965864142364667984575546882550050402798003370469155776659862256338059002106715868920421959433223756311341506694462249246973686264750035944554027554964157670321252914659435234646443493705820215443975578131042853312144842498626041110774295114357943343977994235411278780568636579719779334535830411637882705333309997231123600469625497189493642553791549843311401734777065392085541321394947579984224006699537407692901199620825278644183385466599681874649373386577166205882904627359075239891276269403990826293020536135579050514270038920947026657116958445695941832695058500966784765338866988401406030950964695562385929192193345627992619705642125447541279611231260728933961248184889406431596788686664214120514710308780241828615761624250705767042376282159121995983697106233105409340310413847019441036041050848930144968913019399609659684970195046192332904247255056550324709030784593628286875786844796689640879270337255026790310318495860011375551732463178478647259626886557545041417199746718964729090307344444423944443187720522128941165223033737853463206799111335202506573552850770520466163862937369627222043631058581176646925316786178922936053043526055010375987216825795146162623648834517604502345091636527864619958136535035554424291823916195493363054890435369251863819765262655648212579531610713122457079279393593387761799453620187978721726422845933445410602295341161389372134674109938780688396	0,3,3,3,3,3,3,3,3,3,3,3	-4,-4,-4,-4,3,3,3,3,3,3,3,3	ok
0.538539	12.552553	-57.209331	0.424535	full	24739664234858138982047535273920704865888201889876711837493816699690678265963591165069870505023217046633362579621148489165328977987949899797415602900085081435628786567950676391780949633448253616219680559998014214784634910618447122667639804607217055610037222276897125660535867393387520758988742191975475097134159821776175469287214857624750265388130867415580412873925910271279382629434282479656095907178473638142326186864698341018602123575843883404208311798618679388046194707946385968872279636660172423920762823771748609336176990325713506490614247467311351878471253089939596514261196666267475682898635077588364628629417296554229734815495315011752337585393015754405944996164827318009845582551593321289722257247006063686910061456841431892563940020873466746931070957111770150069590359792388197563206227771911411885143855184505614961998508226343153531223089971459935049708039359327667779120430067461929055441744031224422705223831560005091108633317128720548165517033711719448300771525660964913525817712220131912105082815080054605883136048554894173783193438041716508681297001277350562437894851607688119124032266056066591963623197071229719772200831481260746898621517899928612391918713268983151048632780119634827944916655348282264918678566190420881773283436368221393491613911949128164505921481428215609108524503409441148456051028717709916397556911717001774031950703661111574934486474261088107943873541907632662744056546274843938288386457746233747137792548943727185493431372779661905629619233897384740511264614214317570296540842200703123636599875546532295990583957766998874160122483948346791984584346252523971082787351205933535444833836488109249049112608478941878873310676635726848416500525627071066867450481075713379579976233285026063550440539934196398046997660890758104887659878621053087946262914376950168913424387974494199271584584254048485972095078426145295086092895639115691384379608409659149698134207333136082596714586012868199702004938675362103169406264041995254472595518330682442301328793713681148779162023739890422807178515014098152732507426304595433046340242379548930200044749770443836898441653136886613797649230830295735641430327995013385242283499720784819705292882384401762249663480974950600496453129661786030317522534409300320588646868268258909121827032683864460916330397650725401782721723595982365919300891541077337604360412908370114495154434392644654559465785831192353079974729984616465274665	24739664234858138982047535273920704865888201889876711837493816699690678265963591165069870505023217046633362579621148489165328977987949899797415602900486143006268665268678106964453841999524106595607605727243377372487650564782802452333008206763043514220470865892407412103036806892083064510289504814600080741268157165354063032161189525829409088498985531970815025159686244986955270210405434697787650037103444327391942508501376229453985083037857645944890272090078718974473418025044221755928344004123983175888817859152476099625581493080234216246769749121423440316080188755726314866454849365625903310727411127889898194381660787032015151698715736677481139420851742750719529547539689342907032684848982153429642503545479758778195831115174999007304520947563003595490867019874169994914300124258307833187901988179428014704959954258008163520937529812950909650540738739709363910934624816250948310905870516490152323845654698835235607375139145151252300518952681249670519366224367191080941950960612430590599784107574388270912656395965864142364667984575546882550050402798003370469155776659862256338059002106715868920421959433223756311341506694462249246973686264750035944554027554964157670321252914659435234646443493705820215443975578131042853312144842498626041110774295114357943343977994235411278780568636579719779334535830411637882705333309997231123600469625497189493642553791549843311401734777065392085541321394947579984224006699537407692901199620825278644183385466599681874649373386577166205882904627359075239891276269403990826293020536135579050514270038920947026657116958445695941832695058500966784765338866988401406030950964695562385929192193345627992619705642125447541279611231260728933961248184889406431596788686664214120514710308780241828615761624250705767042376282159121995983697106233105409340310413847019441036041050848930144968913019399609659684970195046192332904247255056550324709030784593628286875786844796689640879270337255026790310318495860011375551732463178478647259626886557545041417199746718964729090307344444423944443187720522128941165223033737853463206799111335202506573552850770520466163862937369627222043631058581176646925316786178922936053043526055010375987216825795146162623648834517604502345091636527864619958136535035554424291823916195493363054890435369251863819765262655648212579531610713122457079279393593387761799453620187978721726422845933445410602295341161389372134674109938780688396	0,3,3,3,3,3,3,3,3,3,3,3	-4,-4,-4,-4,3,3,3,3,3,3,3,3	ok
0.542543	12.552553	-18.932722	0.405429	continued:5	24739664234858138982047535273920704895757539726112908251438163205018941142815780311745551274768732340258877681883220709254438060557727943084431578832787664786285033962897137475109966594536921196345368988178928734319550990616798234738426441329975811082542418687032574754555670308806400073011386994034122559084338923961564827243679948341711906639370687199591334610184232323549682995276987956088064516661660343597404353309026284818116830917705446825786992810866587209705521015335282251073699235984232692064386328873635550251467202252037321107786049250681199223578740058812830716655171327994111037989160554259663041255730806104822364702767003886426236948197875179044375918947062777752518800945220039096656325624832428902632916718843792734174910613073877182282814845299795859817832873050829380297050086561327142630676041705608701295328883785288019463302235365810057437776994452568277033509701397890179816214208032024713357498876567322388814154303003931713475645588699713181579139545605564594106502193640473675998821326912636802272263104652883469557388721394548958714742151679764225722796250070551524401796064839535518648641058846020683987900923271122883848006060940514381132676162478441282448143119470234244586651764765460825583900856538506441493067250231270271180189604080231450980733607237596890690043807856366180467688024298451857503595435136330376294656223565554116478172432675947236957738442193555109932688670904811038581565816851902603630454037059443222327303729076311508099390414639858767188127294147546423044405142179945534154841881724323387669344021587031891156333725035335661462717343240823281448642976875074955096456867500133501730963138935379104805342782025326645637984544215536365832087477382349921831616622649728632097319596591220981248391971525481854166000413257514914100886328767722963991005486293969092886172846002392577695360958714697809421911079524574797309440504337624362800617594426374325964507506727614377171467091251576526435782970234958554168120887421627017363156570637831288961770182197219298932245820499174813792893450431991050457646902996375255657503776080538316250631432949426671988574904247297152556610722926570920555275659878923111216802142282894220906621012839295132236214297518320140443613662297273570104086942558254694886087396801772324176733854013342330847414322607669322840282914835466102978089119098070055714798654005295106279702099414397722114120416200874950808322	24739664234858138982047535273920704865888201889876711837493816699690678265963591165069870505023217046633362579621148489165328977987949899797415602900486143006268665268678106964453841999524106595607605727243377372487650564782802452333008206763043514220470865892407412103036806892083064510289504814600080741268157165354063032161189525829409088498985531970815025159686244986955270210405434697787650037103444327391942508501376229453985083037857645944890272090078718974473418025044221755928344004123983175888817859152476099625581493080234216246769749121423440316080188755726314866454849365625903310727411127889898194381660787032015151698715736677481139420851742750719529547539689342907032684848982153429642503545479758778195831115174999007304520947563003595490867019874169994914300124258307833187901988179428014704959954258008163520937529812950909650540738739709363910934624816250948310905870516490152323845654698835235607375139145151252300518952681249670519366224367191080941950960612430590599784107574388270912656395965864142364667984575546882550050402798003370469155776659862256338059002106715868920421959433223756311341506694462249246973686264750035944554027554964157670321252914659435234646443493705820215443975578131042853312144842498626041110774295114357943343977994235411278780568636579719779334535830411637882705333309997231123600469625497189493642553791549843311401734777065392085541321394947579984224006699537407692901199620825278644183385466599681874649373386577166205882904627359075239891276269403990826293020536135579050514270038920947026657116958445695941832695058500966784765338866988401406030950964695562385929192193345627992619705642125447541279611231260728933961248184889406431596788686664214120514710308780241828615761624250705767042376282159121995983697106233105409340310413847019441036041050848930144968913019399609659684970195046192332904247255056550324709030784593628286875786844796689640879270337255026790310318495860011375551732463178478647259626886557545041417199746718964729090307344444423944443187720522128941165223033737853463206799111335202506573552850770520466163862937369627222043631058581176646925316786178922936053043526055010375987216825795146162623648834517604502345091636527864619958136535035554424291823916195493363054890435369251863819765262655648212579531610713122457079279393593387761799453620187978721726422845933445410602295341161389372134674109938780688396	-2,-4,-4,-4,-4,-4,3,3,3,3,3,3	-4,-4,-4,-4,3,3,3,3,3,3,3,3	ok
0.546547	12.552553	-46.844053	0.408222	continued:5	24739664234858138982047535273920704895757539726112908251438163205018941142815780311745551274768732340258877681883220709254438060557727943084431578832787664786285033962897137475109966594536921196345368988178928734319550990616798234738426441329975811082542418687032574754555670308806400073011386994034122559084338923961564827243679948341711906639370687199591334610184232323549682995276987956088064516661660343597404353309026284818116830917705446825786992810866587209705521015335282251073699235984232692064386328873635550251467202252037321107786049250681199223578740058812830716655171327994111037989160554259663041255730806104822364702767003886426236948197875179044375918947062777752518800945220039096656325624832428902632916718843792734174910613073877182282814845299795859817832873050829380297050086561327142630676041705608701295328883785288019463302235365810057437776994452568277033509701397890179816214208032024713357498876567322388814154303003931713475645588699713181579139545605564594106502193640473675998821326912636802272263104652883469557388721394548958714742151679764225722796250070551524401796064839535518648641058846020683987900923271122883848006060940514381132676162478441282448143119470234244586651764765460825583900856538506441493067250231270271180189604080231450980733607237596890690043807856366180467688024298451857503595435136330376294656223565554116478172432675947236957738442193555109932688670904811038581565816851902603630454037059443222327303729076311508099390414639858767188127294147546423044405142179945534154841881724323387669344021587031891156333725035335661462717343240823281448642976875074955096456867500133501730963138935379104805342782025326645637984544215536365832087477382349921831616622649728632097319596591220981248391971525481854166000413257514914100886328767722963991005486293969092886172846002392577695360958714697809421911079524574797309440504337624362800617594426374325964507506727614377171467091251576526435782970234958554168120887421627017363156570637831288961770182197219298932245820499174813792893450431991050457646902996375255657503776080538316250631432949426671988574904247297152556610722926570920555275659878923111216802142282894220906621012839295132236214297518320140443613662297273570104086942558254694886087396801772324176733854013342330847414322607669322840282914835466102978089119098070055714798654005295106279702099414397722114120416200874950808322	24739664234858138982047535273920704865888201889876711837493816699690678265963591165069870505023217046633362579621148489165328977987949899797415602900486143006268665268678106964453841999524106595607605727243377372487650564782802452333008206763043514220470865892407412103036806892083064510289504814600080741268157165354063032161189525829409088498985531970815025159686244986955270210405434697787650037103444327391942508501376229453985083037857645944890272090078718974473418025044221755928344004123983175888817859152476099625581493080234216246769749121423440316080188755726314866454849365625903310727411127889898194381660787032015151698715736677481139420851742750719529547539689342907032684848982153429642503545479758778195831115174999007304520947563003595490867019874169994914300124258307833187901988179428014704959954258008163520937529812950909650540738739709363910934624816250948310905870516490152323845654698835235607375139145151252300518952681249670519366224367191080941950960612430590599784107574388270912656395965864142364667984575546882550050402798003370469155776659862256338059002106715868920421959433223756311341506694462249246973686264750035944554027554964157670321252914659435234646443493705820215443975578131042853312144842498626041110774295114357943343977994235411278780568636579719779334535830411637882705333309997231123600469625497189493642553791549843311401734777065392085541321394947579984224006699537407692901199620825278644183385466599681874649373386577166205882904627359075239891276269403990826293020536135579050514270038920947026657116958445695941832695058500966784765338866988401406030950964695562385929192193345627992619705642125447541279611231260728933961248184889406431596788686664214120514710308780241828615761624250705767042376282159121995983697106233105409340310413847019441036041050848930144968913019399609659684970195046192332904247255056550324709030784593628286875786844796689640879270337255026790310318495860011375551732463178478647259626886557545041417199746718964729090307344444423944443187720522128941165223033737853463206799111335202506573552850770520466163862937369627222043631058581176646925316786178922936053043526055010375987216825795146162623648834517604502345091636527864619958136535035554424291823916195493363054890435369251863819765262655648212579531610713122457079279393593387761799453620187978721726422845933445410602295341161389372134674109938780688396	-2,-4,-4,-4,-4,-4,3,3,3,3,3,3	-4,-4,-4,-4,3,3,3,3,3,3,3,3	ok
0.550551	12.552553	-50.698117	0.411015	continued:5	24739664234858138982047535273920704865888201889876711837493816699690678266527069749440504790571412139398611409270908450362730376250155074764676347344069888126517298474570859817860608502873391373146285427510315747585633769201540786967750755426439244909325087395028128868044225308262789884128060956514754247517702306425810931411575896427989859706075064718218471893517140662118299639008577497356111854595428210166315807732026393320608795249168317651695729421548767897306733768613302513900313747234910216702628396343057972743120228768071687743367812170271420131539175277064250947772621001186024499362163335793602171390789441233345359317297987613512980491695577916997660396957915557900310271635623458055025007041775847069041635811203256895352566087822033786766343037302223398419442420288675160901222754706690690966518603785237711745730763499632246794821702611212581403238113406002252819908487238453210437930412907369377220770586565902403360469112052194331355699172681218058600912097861834234685728509163337737349074185342289032272009772529037195573254778966688587558900055660072144278809022487554382658809806558064428353021275127081776410900980967206199354460442391625214857639764133401759178616057210673156243633300796807248794605122683731974791496902664128878641184520473500825398215812641159434827628998622259292915673218874003973386059003237887445082762880209786399957615563799203180616399064332818912996058392810196869654083006490334642056061239251179056009615294506290117464688484025949120568719819283456124580544682881171421260943541579248527704869898537742188703833871961088688204538498117265321771286761309247552685482079962262050552845513714934846045182058722227987606665606042180617044588443607459813064997879976194827291424712032310443011090956239365061217361518410802453124524840558011953805365761494457801009569163317744034818142535244063518808384830620220565418152783289956624749749819076668016024265032457536863212943413743867832753754773611384186639210741581136382046281168136879454471498331878163458120352190565978782247931890290295701266018978036779034468107326187079926916798699596662346300581249330764795567806508746121156744125367811518619897619348002395798294907765649592376122383521072922104001273026981807900119826443200996317126277171178704077483113072074268653747754487474408483425854972111137166212140154130568988566022312919789958312847244142489313149410058949163660852994	24739664234858138982047535273920704865888201889876711837493816699690678265963591165069870505023217046633362579621148489165328977987949899797415602900486143006268665268678106964453841999524106595607605727243377372487650564782802452333008206763043514220470865892407412103036806892083064510289504814600080741268157165354063032161189525829409088498985531970815025159686244986955270210405434697787650037103444327391942508501376229453985083037857645944890272090078718974473418025044221755928344004123983175888817859152476099625581493080234216246769749121423440316080188755726314866454849365625903310727411127889898194381660787032015151698715736677481139420851742750719529547539689342907032684848982153429642503545479758778195831115174999007304520947563003595490867019874169994914300124258307833187901988179428014704959954258008163520937529812950909650540738739709363910934624816250948310905870516490152323845654698835235607375139145151252300518952681249670519366224367191080941950960612430590599784107574388270912656395965864142364667984575546882550050402798003370469155776659862256338059002106715868920421959433223756311341506694462249246973686264750035944554027554964157670321252914659435234646443493705820215443975578131042853312144842498626041110774295114357943343977994235411278780568636579719779334535830411637882705333309997231123600469625497189493642553791549843311401734777065392085541321394947579984224006699537407692901199620825278644183385466599681874649373386577166205882904627359075239891276269403990826293020536135579050514270038920947026657116958445695941832695058500966784765338866988401406030950964695562385929192193345627992619705642125447541279611231260728933961248184889406431596788686664214120514710308780241828615761624250705767042376282159121995983697106233105409340310413847019441036041050848930144968913019399609659684970195046192332904247255056550324709030784593628286875786844796689640879270337255026790310318495860011375551732463178478647259626886557545041417199746718964729090307344444423944443187720522128941165223033737853463206799111335202506573552850770520466163862937369627222043631058581176646925316786178922936053043526055010375987216825795146162623648834517604502345091636527864619958136535035554424291823916195493363054890435369251863819765262655648212579531610713122457079279393593387761799453620187978721726422845933445410602295341161389372134674109938780688396	1,-4,-4,-4,-4,3,3,3,3,3,3,3	-4,-4,-4,-4,3,3,3,3,3,3,3,3	ok
0.554555	12.552553	-53.116546	0.411055	continued:5	24739664234858138982047535273920704865888201889876711837493816699690678265963591165069870505023217046633362579621148489165328977987949899797415602900486143006268665268678106964453841999524106595607605727243377372487650564782802452333008206763043514220470865892407412103036806892083064510289504814600080741268157165354063032161189525829409088498985531970815025159686244986955270210405434697787650037103444327391942508501376229453985083037857645944890272090078718974473418025044221755928344004123983175888817859152476099625581493080234216246769749121423440316080188755726314866454849365625903310727411127889898194381660787032015151698715736677481139420851742750719529547539689342907032684848982153429642503545479758778195831115174999007304520947563003595490867019874169994914300124258307833187901988179428014704959954258008163520937529812950909650540738739709363910934624816250948310905870516490152323845654698835235607375139145151252300518952681249670519366224367191080941950960612430590599784107574388270912656395965864142364667984575546882550050402798003370469155776659862256338059002106715868920421959433223756311341506694462249246973686264750035944554027554964157670321252914659435234646443493677683597745405971141225539474137172699883423005413138177182630992270091780616069575556620632114862474028755630107263022823486452810582479861484178386084401732841472850038162089857730565405969047435643920136439634336604016728923871833481559806979683137755206220799504109663331208514413464430418551053706989442470258202310367381155045766426374273253898576206837490031074086028221393484536720474016085653508931383903513694137058764136569652465772117298842821928522143333156039359822831589477971662862806772542865053653268812787194981044774561432027631927740266279297127218941745071346551870491710228931443732125082669073300133305333557226381450558628803418742838780575592664663498499732751742981131906329221811915572836440111786562018495581399857715929689574591275483205964204612337157102215690145590491757373012687396302905949244185968504318632423096835739322206969511655795900949956880726578854591280830716907776049686818330424314656174016109138495605656679904045914457526289307375818001406305017117144535218152699191238593044812519708769054010738927750601064808233841054319348937955463320904378159806803983217193136649028784818187695263085809235629577995855098293430968673291470193274242954506200738	24739664234858138982047535273920704865888201889876711837493816699690678265963591165069870505023217046633362579621148489165328977987949899797415602900486143006268665268678106964453841999524106595607605727243377372487650564782802452333008206763043514220470865892407412103036806892083064510289504814600080741268157165354063032161189525829409088498985531970815025159686244986955270210405434697787650037103444327391942508501376229453985083037857645944890272090078718974473418025044221755928344004123983175888817859152476099625581493080234216246769749121423440316080188755726314866454849365625903310727411127889898194381660787032015151698715736677481139420851742750719529547539689342907032684848982153429642503545479758778195831115174999007304520947563003595490867019874169994914300124258307833187901988179428014704959954258008163520937529812950909650540738739709363910934624816250948310905870516490152323845654698835235607375139145151252300518952681249670519366224367191080941950960612430590599784107574388270912656395965864142364667984575546882550050402798003370469155776659862256338059002106715868920421959433223756311341506694462249246973686264750035944554027554964157670321252914659435234646443493705820215443975578131042853312144842498626041110774295114357943343977994235411278780568636579719779334535830411637882705333309997231123600469625497189493642553791549843311401734777065392085541321394947579984224006699537407692901199620825278644183385466599681874649373386577166205882904627359075239891276269403990826293020536135579050514270038920947026657116958445695941832695058500966784765338866988401406030950964695562385929192193345627992619705642125447541279611231260728933961248184889406431596788686664214120514710308780241828615761624250705767042376282159121995983697106233105409340310413847019441036041050848930144968913019399609659684970195046192332904247255056550324709030784593628286875786844796689640879270337255026790310318495860011375551732463178478647259626886557545041417199746718964729090307344444423944443187720522128941165223033737853463206799111335202506573552850770520466163862937369627222043631058581176646925316786178922936053043526055010375987216825795146162623648834517604502345091636527864619958136535035554424291823916195493363054890435369251863819765262655648212579531610713122457079279393593387761799453620187978721726422845933445410602295341161389372134674109938780688396	-2,-4,-4,-4,3,3,3,3,3,3,3,3	-4,-4,-4,-4,3,3,3,3,3,3,3,3	ok
0.558559	12.552553	-54.653858	0.413848	continued:5	24739664234858138982047535273920704865888201889876711837493816699690678265963591165069870505023217046633362579621148489165328977987949899797415602900085081435628786567950676391780949633448253616219680559998014214784634910618447122667639804607217055610037222276897125660535867393387520758988742191975475097134159821776175469287214857624750265388130867415580412873925910271279382629434282479656095907178473638142326186864698341018602123575843883404208311798618679388046194707946385968872279636660172423920762823771748609336176990325713506490614247467311351878471253089939596514261196666267475682898635077588364628629417296554229734815495315011752337585393015754405944996164827318009845582551593321289722257247006063686910061456841431892563940020873466746931070957111770150069590359792388197563206227771911411885143855184505614961998508226343153531223089971459935049708039359327667779120430067461929055441744031224422705223831560005091108633317128720548165517033711719448300771525660964913525817712220131912105082815080054605883136048554894173783193438041716508681297001277350562437894851607688119124032266056066591963623197071229719772200831481260746898621517899928612391918713268983151048632780119648896253765940151777173575597570025320253082336116946689981147789765900355562110523987436189411566954756946831913765892283629482126668117215787661175622538482371666841405595054624551275871666632475049764341931929868507018454948365774171910807496638367218687366613903751947086947394002612630474683257999387223688134848014104823955551645010680263372366206458226198558279883447844315148180302724249331888726196930807213187997142652942313186005148224878224024593537200103980637926868603500896185830904692094904758235554768415409124757267836161356776521732484146109863946926378105041694979170269733992817805415234240628485488200053302199364211031646323082439647263607276631895871769259044401451363766451126814443473134220489198884697731101960802990910300139680959518854832128513597114746389737973151315057975842081443516593123962467786526070102139874765749035637088432614260030772344792316488840415153698481155126035457741137680097748660410763036811870095293313414540437283852893333234643562710973384060038416228190613325616933189150517789061901654152308030489428549857055082465581427407486143000730202660813809057790100346399768338483335257539245860316494779637880208922066168766414992991208014608723526	24739664234858138982047535273920704865888201889876711837493816699690678265963591165069870505023217046633362579621148489165328977987949899797415602900486143006268665268678106964453841999524106595607605727243377372487650564782802452333008206763043514220470865892407412103036806892083064510289504814600080741268157165354063032161189525829409088498985531970815025159686244986955270210405434697787650037103444327391942508501376229453985083037857645944890272090078718974473418025044221755928344004123983175888817859152476099625581493080234216246769749121423440316080188755726314866454849365625903310727411127889898194381660787032015151698715736677481139420851742750719529547539689342907032684848982153429642503545479758778195831115174999007304520947563003595490867019874169994914300124258307833187901988179428014704959954258008163520937529812950909650540738739709363910934624816250948310905870516490152323845654698835235607375139145151252300518952681249670519366224367191080941950960612430590599784107574388270912656395965864142364667984575546882550050402798003370469155776659862256338059002106715868920421959433223756311341506694462249246973686264750035944554027554964157670321252914659435234646443493705820215443975578131042853312144842498626041110774295114357943343977994235411278780568636579719779334535830411637882705333309997231123600469625497189493642553791549843311401734777065392085541321394947579984224006699537407692901199620825278644183385466599681874649373386577166205882904627359075239891276269403990826293020536135579050514270038920947026657116958445695941832695058500966784765338866988401406030950964695562385929192193345627992619705642125447541279611231260728933961248184889406431596788686664214120514710308780241828615761624250705767042376282159121995983697106233105409340310413847019441036041050848930144968913019399609659684970195046192332904247255056550324709030784593628286875786844796689640879270337255026790310318495860011375551732463178478647259626886557545041417199746718964729090307344444423944443187720522128941165223033737853463206799111335202506573552850770520466163862937369627222043631058581176646925316786178922936053043526055010375987216825795146162623648834517604502345091636527864619958136535035554424291823916195493363054890435369251863819765262655648212579531610713122457079279393593387761799453620187978721726422845933445410602295341161389372134674109938780688396	1,3,3,3,3,3,3,3,3,3,3,3	-4,-4,-4,-4,3,3,3,3,3,3,3,3	ok
0.562563	12.552553	-55.537070	0.416101	continued:5	24739664234858138982047535273920704865888201889876711837493816699690678265963591165069870505023217046633362579621148489165328977987949899797415602900085081435628786567950676391780949633448253616219680559998014214784634910618447122667639804607217055610037222276897125660535867393387520758988742191975475097134159821776175469287214857624750265388130867415580412873925910271279382629434282479656095907178473638142326186864698341018602123575843883404208311798618679388046194707946385968872279636660172423920762823771748609336176990325713506490614247467311351878471253089939596514261196666267475682898635077588364628629417296554229734815495315011752337585393015754405944996164827318009845582551593321289722257247006063686910061456841431892563940020873466746931070957111770150069590359792388197563206227771911411885143855184505614961998508226343153531223089971459935049708039359327667779120430067461929055441744031224422705223831560005091108633317128720548165517033711719448300771525660964913525817712220131912105082815080054605883136048554894173783193438041716508681297001277350562437894851607688119124032266056066591963623197071229719772200831481260746898621517899928612391918713268983151048632780119655930408190582553524627904057071942769938736862457235924274975877692875969260912825240440176312796169883715527296420812911085368231803397367822990876417832371726944474641149344806282859835563177758758315140869621665338558538229319788140992642348683078964438303205169238089677606281386970253341769254691973676747054001600056884371509167578247128910554017708455798400339763929792299326278161913247735847547901720607853014273297061169415154483166033077865097453650461838107532682052642437808745312631797604500447563344035980600655360681484274936965759099895773785743476559627847035998495623947412514142251410657373695628596507787826274803330499930271551011927848963095389998115464084361772602196582573023653623911344037727364227195594183603523434780747077500441651045950433605054450968920210102886398197382751252220063486096686194630712738899496659850907030285511459146924946136142303252814811401903979278425790228571196558652325907826618637862596663393079577711958009484587139118727133603578984775841831059511392904829664132579075616389269418347099007484820626482853352165533173315748528323140233506000037753936239379980930850327518548701251621213257545847129540580490183656973082502121819713680447958	24739664234858138982047535273920704865888201889876711837493816699690678265963591165069870505023217046633362579621148489165328977987949899797415602900486143006268665268678106964453841999524106595607605727243377372487650564782802452333008206763043514220470865892407412103036806892083064510289504814600080741268157165354063032161189525829409088498985531970815025159686244986955270210405434697787650037103444327391942508501376229453985083037857645944890272090078718974473418025044221755928344004123983175888817859152476099625581493080234216246769749121423440316080188755726314866454849365625903310727411127889898194381660787032015151698715736677481139420851742750719529547539689342907032684848982153429642503545479758778195831115174999007304520947563003595490867019874169994914300124258307833187901988179428014704959954258008163520937529812950909650540738739709363910934624816250948310905870516490152323845654698835235607375139145151252300518952681249670519366224367191080941950960612430590599784107574388270912656395965864142364667984575546882550050402798003370469155776659862256338059002106715868920421959433223756311341506694462249246973686264750035944554027554964157670321252914659435234646443493705820215443975578131042853312144842498626041110774295114357943343977994235411278780568636579719779334535830411637882705333309997231123600469625497189493642553791549843311401734777065392085541321394947579984224006699537407692901199620825278644183385466599681874649373386577166205882904627359075239891276269403990826293020536135579050514270038920947026657116958445695941832695058500966784765338866988401406030950964695562385929192193345627992619705642125447541279611231260728933961248184889406431596788686664214120514710308780241828615761624250705767042376282159121995983697106233105409340310413847019441036041050848930144968913019399609659684970195046192332904247255056550324709030784593628286875786844796689640879270337255026790310318495860011375551732463178478647259626886557545041417199746718964729090307344444423944443187720522128941165223033737853463206799111335202506573552850770520466163862937369627222043631058581176646925316786178922936053043526055010375987216825795146162623648834517604502345091636527864619958136535035554424291823916195493363054890435369251863819765262655648212579531610713122457079279393593387761799453620187978721726422845933445410602295341161389372134674109938780688396	-2,3,3,3,3,3,3,3,3,3,3,3	-4,-4,-4,-4,3,3,3,3,3,3,3,3	ok
0.566567	12.552553	-56.094355	0.418894	continued:5	24739664234858138982047535273920704865888201889876711837493816699690678265963591165069870505023217046633362579621148489165328977987949899797415602900085081435628786567950676391780949633448253616219680559998014214784634910618447122667639804607217055610037222276897125660535867393387520758988742191975475097134159821776175469287214857624750265388130867415580412873925910271279382629434282479656095907178473638142326186864698341018602123575843883404208311798618679388046194707946385968872279636660172423920762823771748609336176990325713506490614247467311351878471253089939596514261196666267475682898635077588364628629417296554229734815495315011752337585393015754405944996164827318009845582551593321289722257247006063686910061456841431892563940020873466746931070957111770150069590359792388197563206227771911411885143855184505614961998508226343153531223089971459935049708039359327667779120430067461929055441744031224422705223831560005091108633317128720548165517033711719448300771525660964913525817712220131912105082815080054605883136048554894173783193438041716508681297001277350562437894851607688119124032266056066591963623197071229719772200831481260746898621517899928612391918713268983151048632780119648896253765940151777173575597570025320253082336116946689981147789765900355562110523987436189411566954756946831913765892283629482126668117215787661175622538482371666841405595054624551275871666632475049764341931929868507018454948365774171910807496638367218687366613903751947086947394002612630474683257999387223688134848014104823955551645010680263372366206458226198558279883447844315148180302724249331888726196930807213187997142652942313186005148224878224024593537200103980637926868603500896185830904692094904758235554768415409124757267836161356776521732484146109863946926378105041694979170269733992817805415234240628485488200053302199364211031646323082439647263607276631895871769259044401451363766451126814443473134220489198884697731101960802990910300139680959518854832128513597114746389737973151315057975842081443516593123962467786526070102139874765749035637088432614260030772344792316488840415153698481155126035457741137680097748660410763036811870095293313414540437283852893333234643562710973384060038416228190613325616933189150517789061901654152308030489428549857055082465581427407486143000730202660813809057790100346399768338483335257539245860316494779637880208922066168766414992991208014608723526	24739664234858138982047535273920704865888201889876711837493816699690678265963591165069870505023217046633362579621148489165328977987949899797415602900486143006268665268678106964453841999524106595607605727243377372487650564782802452333008206763043514220470865892407412103036806892083064510289504814600080741268157165354063032161189525829409088498985531970815025159686244986955270210405434697787650037103444327391942508501376229453985083037857645944890272090078718974473418025044221755928344004123983175888817859152476099625581493080234216246769749121423440316080188755726314866454849365625903310727411127889898194381660787032015151698715736677481139420851742750719529547539689342907032684848982153429642503545479758778195831115174999007304520947563003595490867019874169994914300124258307833187901988179428014704959954258008163520937529812950909650540738739709363910934624816250948310905870516490152323845654698835235607375139145151252300518952681249670519366224367191080941950960612430590599784107574388270912656395965864142364667984575546882550050402798003370469155776659862256338059002106715868920421959433223756311341506694462249246973686264750035944554027554964157670321252914659435234646443493705820215443975578131042853312144842498626041110774295114357943343977994235411278780568636579719779334535830411637882705333309997231123600469625497189493642553791549843311401734777065392085541321394947579984224006699537407692901199620825278644183385466599681874649373386577166205882904627359075239891276269403990826293020536135579050514270038920947026657116958445695941832695058500966784765338866988401406030950964695562385929192193345627992619705642125447541279611231260728933961248184889406431596788686664214120514710308780241828615761624250705767042376282159121995983697106233105409340310413847019441036041050848930144968913019399609659684970195046192332904247255056550324709030784593628286875786844796689640879270337255026790310318495860011375551732463178478647259626886557545041417199746718964729090307344444423944443187720522128941165223033737853463206799111335202506573552850770520466163862937369627222043631058581176646925316786178922936053043526055010375987216825795146162623648834517604502345091636527864619958136535035554424291823916195493363054890435369251863819765262655648212579531610713122457079279393593387761799453620187978721726422845933445410602295341161389372134674109938780688396	1,3,3,3,3,3,3,3,3,3,3,3	-4,-4,-4,-4,3,3,3,3,3,3,3,3	ok
0.570571	12.552553	-56.460448	0.420812	continued:5	24739664234858138982047535273920704865888201889876711837493816699690678265963591165069870505023217046633362579621148489165328977987949899797415602900085081435628786567950676391780949633448253616219680559998014214784634910618447122667639804607217055610037222276897125660535867393387520758988742191975475097134159821776175469287214857624750265388130867415580412873925910271279382629434282479656095907178473638142326186864698341018602123575843883404208311798618679388046194707946385968872279636660172423920762823771748609336176990325713506490614247467311351878471253089939596514261196666267475682898635077588364628629417296554229734815495315011752337585393015754405944996164827318009845582551593321289722257247006063686910061456841431892563940020873466746931070957111770150069590359792388197563206227771911411885143855184505614961998508226343153531223089971459935049708039359327667779120430067461929055441744031224422705223831560005091108633317128720548165517033711719448300771525660964913525817712220131912105082815080054605883136048554894173783193438041716508681297001277350562437894851607688119124032266056066591963623197071229719772200831481260746898621517899928612391918713268983151048632780119648896253765940151777173575597570025320253082336116946689981147789765900355562110523987436189411566954756946831913765892283629482126668117215787661175622538482371666841405595054624551275871666632475049764341931929868507018454948365774171910807496638367218687366613903751947086947394002612630474683257999387223688134848014104823955551645010680263372366206458226198558279883447844315148180302724249331888726196930807213187997142652942313186005148224878224024593537200103980637926868603500896185830904692094904758235554768415409124757267836161356776521732484146109863946926378105041694979170269733992817805415234240628485488200053302199364211031646323082439647263607276631895871769259044401451363766451126814443473134220489198884697731101960802990910300139680959518854832128513597114746389737973151315057975842081443516593123962467786526070102139874765749035637088432614260030772344792316488840415153698481155126035457741137680097748660410763036811870095293313414540437283852893333234643562710973384060038416228190613325616933189150517789061901654152308030489428549857055082465581427407486143000730202660813809057790100346399768338483335257539245860316494779637880208922066168766414992991208014608723526	24739664234858138982047535273920704865888201889876711837493816699690678265963591165069870505023217046633362579621148489165328977987949899797415602900486143006268665268678106964453841999524106595607605727243377372487650564782802452333008206763043514220470865892407412103036806892083064510289504814600080741268157165354063032161189525829409088498985531970815025159686244986955270210405434697787650037103444327391942508501376229453985083037857645944890272090078718974473418025044221755928344004123983175888817859152476099625581493080234216246769749121423440316080188755726314866454849365625903310727411127889898194381660787032015151698715736677481139420851742750719529547539689342907032684848982153429642503545479758778195831115174999007304520947563003595490867019874169994914300124258307833187901988179428014704959954258008163520937529812950909650540738739709363910934624816250948310905870516490152323845654698835235607375139145151252300518952681249670519366224367191080941950960612430590599784107574388270912656395965864142364667984575546882550050402798003370469155776659862256338059002106715868920421959433223756311341506694462249246973686264750035944554027554964157670321252914659435234646443493705820215443975578131042853312144842498626041110774295114357943343977994235411278780568636579719779334535830411637882705333309997231123600469625497189493642553791549843311401734777065392085541321394947579984224006699537407692901199620825278644183385466599681874649373386577166205882904627359075239891276269403990826293020536135579050514270038920947026657116958445695941832695058500966784765338866988401406030950964695562385929192193345627992619705642125447541279611231260728933961248184889406431596788686664214120514710308780241828615761624250705767042376282159121995983697106233105409340310413847019441036041050848930144968913019399609659684970195046192332904247255056550324709030784593628286875786844796689640879270337255026790310318495860011375551732463178478647259626886557545041417199746718964729090307344444423944443187720522128941165223033737853463206799111335202506573552850770520466163862937369627222043631058581176646925316786178922936053043526055010375987216825795146162623648834517604502345091636527864619958136535035554424291823916195493363054890435369251863819765262655648212579531610713122457079279393593387761799453620187978721726422845933445410602295341161389372134674109938780688396	1,3,3,3,3,3,3,3,3,3,3,3	-4,-4,-4,-4,3,3,3,3,3,3,3,3	ok
0.574575	12.552553	-56.711972	0.423605	continued:5	24739664234858138982047535273920704865888201889876711837493816699690678265963591165069870505023217046633362579621148489165328977987949899797415602900085081435628786567950676391780949633448253616219680559998014214784634910618447122667639804607217055610037222276897125660535867393387520758988742191975475097134159821776175469287214857624750265388130867415580412873925910271279382629434282479656095907178473638142326186864698341018602123575843883404208311798618679388046194707946385968872279636660172423920762823771748609336176990325713506490614247467311351878471253089939596514261196666267475682898635077588364628629417296554229734815495315011752337585393015754405944996164827318009845582551593321289722257247006063686910061456841431892563940020873466746931070957111770150069590359792388197563206227771911411885143855184505614961998508226343153531223089971459935049708039359327667779120430067461929055441744031224422705223831560005091108633317128720548165517033711719448300771525660964913525817712220131912105082815080054605883136048554894173783193438041716508681297001277350562437894851607688119124032266056066591963623197071229719772200831481260746898621517899928612391918713268983151048632780119634827944916655348282264918678566190420881773283436368221393491613911949128164505921481428215609108524503409441148456051028717709916397556911717001774031950703661111574934486474261088107943873541907632662744056546274843938288386457746233747137792548943727185493431372779661905629619233897384740511264614214317570296540842200703123636599875546532295990583957766998874160122483948346791984584346252523971082787351205933535444833836488109249049112608478941878873310676635726848416500525627071066867450481075713379579976233285026063550440539934196398046997660890758104887659878621053087946262914376950168913424387974494199271584584254048485972095078426145295086092895639115691384379608409659149698134207333136082596714586012868199702004938675362103169406264041995254472595518330682442301328793713681148779162023739890422807178515014098152732507426304595433046340242379548930200044749770443836898441653136886613797649230830295735641430327995013385242283499720784819705292882384401762249663480974950600496453129661786030317522534409300320588646868268258909121827032683864460916330397650725401782721723595982365919300891541077337604360412908370114495154434392644654559465785831192353079974729984616465274665	24739664234858138982047535273920704865888201889876711837493816699690678265963591165069870505023217046633362579621148489165328977987949899797415602900486143006268665268678106964453841999524106595607605727243377372487650564782802452333008206763043514220470865892407412103036806892083064510289504814600080741268157165354063032161189525829409088498985531970815025159686244986955270210405434697787650037103444327391942508501376229453985083037857645944890272090078718974473418025044221755928344004123983175888817859152476099625581493080234216246769749121423440316080188755726314866454849365625903310727411127889898194381660787032015151698715736677481139420851742750719529547539689342907032684848982153429642503545479758778195831115174999007304520947563003595490867019874169994914300124258307833187901988179428014704959954258008163520937529812950909650540738739709363910934624816250948310905870516490152323845654698835235607375139145151252300518952681249670519366224367191080941950960612430590599784107574388270912656395965864142364667984575546882550050402798003370469155776659862256338059002106715868920421959433223756311341506694462249246973686264750035944554027554964157670321252914659435234646443493705820215443975578131042853312144842498626041110774295114357943343977994235411278780568636579719779334535830411637882705333309997231123600469625497189493642553791549843311401734777065392085541321394947579984224006699537407692901199620825278644183385466599681874649373386577166205882904627359075239891276269403990826293020536135579050514270038920947026657116958445695941832695058500966784765338866988401406030950964695562385929192193345627992619705642125447541279611231260728933961248184889406431596788686664214120514710308780241828615761624250705767042376282159121995983697106233105409340310413847019441036041050848930144968913019399609659684970195046192332904247255056550324709030784593628286875786844796689640879270337255026790310318495860011375551732463178478647259626886557545041417199746718964729090307344444423944443187720522128941165223033737853463206799111335202506573552850770520466163862937369627222043631058581176646925316786178922936053043526055010375987216825795146162623648834517604502345091636527864619958136535035554424291823916195493363054890435369251863819765262655648212579531610713122457079279393593387761799453620187978721726422845933445410602295341161389372134674109938780688396	0,3,3,3,3,3,3,3,3,3,3,3	-4,-4,-4,-4,3,3,3,3,3,3,3,3	ok
0.578579	12.552553	-56.869441	0.422149	continued:5	24739664234858138982047535273920704865888201889876711837493816699690678265963591165069870505023217046633362579621148489165328977987949899797415602900085081435628786567950676391780949633448253616219680559998014214784634910618447122667639804607217055610037222276897125660535867393387520758988742191975475097134159821776175469287214857624750265388130867415580412873925910271279382629434282479656095907178473638142326186864698341018602123575843883404208311798618679388046194707946385968872279636660172423920762823771748609336176990325713506490614247467311351878471253089939596514261196666267475682898635077588364628629417296554229734815495315011752337585393015754405944996164827318009845582551593321289722257247006063686910061456841431892563940020873466746931070957111770150069590359792388197563206227771911411885143855184505614961998508226343153531223089971459935049708039359327667779120430067461929055441744031224422705223831560005091108633317128720548165517033711719448300771525660964913525817712220131912105082815080054605883136048554894173783193438041716508681297001277350562437894851607688119124032266056066591963623197071229719772200831481260746898621517899928612391918713268983151048632780119634827944916655348282264918678566190420881773283436368221393491613911949128164505921481428215609108524503409441148456051028717709916397556911717001774031950703661111574934486474261088107943873541907632662744056546274843938288386457746233747137792548943727185493431372779661905629619233897384740511264614214317570296540842200703123636599875546532295990583957766998874160122483948346791984584346252523971082787351205933535444833836488109249049112608478941878873310676635726848416500525627071066867450481075713379579976233285026063550440539934196398046997660890758104887659878621053087946262914376950168913424387974494199271584584254048485972095078426145295086092895639115691384379608409659149698134207333136082596714586012868199702004938675362103169406264041995254472595518330682442301328793713681148779162023739890422807178515014098152732507426304595433046340242379548930200044749770443836898441653136886613797649230830295735641430327995013385242283499720784819705292882384401762249663480974950600496453129661786030317522534409300320588646868268258909121827032683864460916330397650725401782721723595982365919300891541077337604360412908370114495154434392644654559465785831192353079974729984616465274665	24739664234858138982047535273920704865888201889876711837493816699690678265963591165069870505023217046633362579621148489165328977987949899797415602900486143006268665268678106964453841999524106595607605727243377372487650564782802452333008206763043514220470865892407412103036806892083064510289504814600080741268157165354063032161189525829409088498985531970815025159686244986955270210405434697787650037103444327391942508501376229453985083037857645944890272090078718974473418025044221755928344004123983175888817859152476099625581493080234216246769749121423440316080188755726314866454849365625903310727411127889898194381660787032015151698715736677481139420851742750719529547539689342907032684848982153429642503545479758778195831115174999007304520947563003595490867019874169994914300124258307833187901988179428014704959954258008163520937529812950909650540738739709363910934624816250948310905870516490152323845654698835235607375139145151252300518952681249670519366224367191080941950960612430590599784107574388270912656395965864142364667984575546882550050402798003370469155776659862256338059002106715868920421959433223756311341506694462249246973686264750035944554027554964157670321252914659435234646443493705820215443975578131042853312144842498626041110774295114357943343977994235411278780568636579719779334535830411637882705333309997231123600469625497189493642553791549843311401734777065392085541321394947579984224006699537407692901199620825278644183385466599681874649373386577166205882904627359075239891276269403990826293020536135579050514270038920947026657116958445695941832695058500966784765338866988401406030950964695562385929192193345627992619705642125447541279611231260728933961248184889406431596788686664214120514710308780241828615761624250705767042376282159121995983697106233105409340310413847019441036041050848930144968913019399609659684970195046192332904247255056550324709030784593628286875786844796689640879270337255026790310318495860011375551732463178478647259626886557545041417199746718964729090307344444423944443187720522128941165223033737853463206799111335202506573552850770520466163862937369627222043631058581176646925316786178922936053043526055010375987216825795146162623648834517604502345091636527864619958136535035554424291823916195493363054890435369251863819765262655648212579531610713122457079279393593387761799453620187978721726422845933445410602295341161389372134674109938780688396	0,3,3,3,3,3,3,3,3,3,3,3	-4,-4,-4,-4,3,3,3,3,3,3,3,3	ok
0.582583	12.552553	-57.011432	0.421107	continued:5	24739664234858138982047535273920704865888201889876711837493816699690678265963591165069870505023217046633362579621148489165328977987949899797415602900085081435628786567950676391780949633448253616219680559998014214784634910618447122667639804607217055610037222276897125660535867393387520758988742191975475097134159821776175469287214857624750265388130867415580412873925910271279382629434282479656095907178473638142326186864698341018602123575843883404208311798618679388046194707946385968872279636660172423920762823771748609336176990325713506490614247467311351878471253089939596514261196666267475682898635077588364628629417296554229734815495315011752337585393015754405944996164827318009845582551593321289722257247006063686910061456841431892563940020873466746931070957111770150069590359792388197563206227771911411885143855184505614961998508226343153531223089971459935049708039359327667779120430067461929055441744031224422705223831560005091108633317128720548165517033711719448300771525660964913525817712220131912105082815080054605883136048554894173783193438041716508681297001277350562437894851607688119124032266056066591963623197071229719772200831481260746898621517899928612391918713268983151048632780119634827944916655348282264918678566190420881773283436368221393491613911949128164505921481428215609108524503409441148456051028717709916397556911717001774031950703661111574934486474261088107943873541907632662744056546274843938288386457746233747137792548943727185493431372779661905629619233897384740511264614214317570296540842200703123636599875546532295990583957766998874160122483948346791984584346252523971082787351205933535444833836488109249049112608478941878873310676635726848416500525627071066867450481075713379579976233285026063550440539934196398046997660890758104887659878621053087946262914376950168913424387974494199271584584254048485972095078426145295086092895639115691384379608409659149698134207333136082596714586012868199702004938675362103169406264041995254472595518330682442301328793713681148779162023739890422807178515014098152732507426304595433046340242379548930200044749770443836898441653136886613797649230830295735641430327995013385242283499720784819705292882384401762249663480974950600496453129661786030317522534409300320588646868268258909121827032683864460916330397650725401782721723595982365919300891541077337604360412908370114495154434392644654559465785831192353079974729984616465274665	24739664234858138982047535273920704865888201889876711837493816699690678265963591165069870505023217046633362579621148489165328977987949899797415602900486143006268665268678106964453841999524106595607605727243377372487650564782802452333008206763043514220470865892407412103036806892083064510289504814600080741268157165354063032161189525829409088498985531970815025159686244986955270210405434697787650037103444327391942508501376229453985083037857645944890272090078718974473418025044221755928344004123983175888817859152476099625581493080234216246769749121423440316080188755726314866454849365625903310727411127889898194381660787032015151698715736677481139420851742750719529547539689342907032684848982153429642503545479758778195831115174999007304520947563003595490867019874169994914300124258307833187901988179428014704959954258008163520937529812950909650540738739709363910934624816250948310905870516490152323845654698835235607375139145151252300518952681249670519366224367191080941950960612430590599784107574388270912656395965864142364667984575546882550050402798003370469155776659862256338059002106715868920421959433223756311341506694462249246973686264750035944554027554964157670321252914659435234646443493705820215443975578131042853312144842498626041110774295114357943343977994235411278780568636579719779334535830411637882705333309997231123600469625497189493642553791549843311401734777065392085541321394947579984224006699537407692901199620825278644183385466599681874649373386577166205882904627359075239891276269403990826293020536135579050514270038920947026657116958445695941832695058500966784765338866988401406030950964695562385929192193345627992619705642125447541279611231260728933961248184889406431596788686664214120514710308780241828615761624250705767042376282159121995983697106233105409340310413847019441036041050848930144968913019399609659684970195046192332904247255056550324709030784593628286875786844796689640879270337255026790310318495860011375551732463178478647259626886557545041417199746718964729090307344444423944443187720522128941165223033737853463206799111335202506573552850770520466163862937369627222043631058581176646925316786178922936053043526055010375987216825795146162623648834517604502345091636527864619958136535035554424291823916195493363054890435369251863819765262655648212579531610713122457079279393593387761799453620187978721726422845933445410602295341161389372134674109938780688396	0,3,3,3,3,3,3,3,3,3,3,3	-4,-4,-4,-4,3,3,3,3,3,3,3,3	ok
0.586587	12.552553	-57.136836	0.420192	continued:5	24739664234858138982047535273920704865888201889876711837493816699690678265963591165069870505023217046633362579621148489165328977987949899797415602900085081435628786567950676391780949633448253616219680559998014214784634910618447122667639804607217055610037222276897125660535867393387520758988742191975475097134159821776175469287214857624750265388130867415580412873925910271279382629434282479656095907178473638142326186864698341018602123575843883404208311798618679388046194707946385968872279636660172423920762823771748609336176990325713506490614247467311351878471253089939596514261196666267475682898635077588364628629417296554229734815495315011752337585393015754405944996164827318009845582551593321289722257247006063686910061456841431892563940020873466746931070957111770150069590359792388197563206227771911411885143855184505614961998508226343153531223089971459935049708039359327667779120430067461929055441744031224422705223831560005091108633317128720548165517033711719448300771525660964913525817712220131912105082815080054605883136048554894173783193438041716508681297001277350562437894851607688119124032266056066591963623197071229719772200831481260746898621517899928612391918713268983151048632780119634827944916655348282264918678566190420881773283436368221393491613911949128164505921481428215609108524503409441148456051028717709916397556911717001774031950703661111574934486474261088107943873541907632662744056546274843938288386457746233747137792548943727185493431372779661905629619233897384740511264614214317570296540842200703123636599875546532295990583957766998874160122483948346791984584346252523971082787351205933535444833836488109249049112608478941878873310676635726848416500525627071066867450481075713379579976233285026063550440539934196398046997660890758104887659878621053087946262914376950168913424387974494199271584584254048485972095078426145295086092895639115691384379608409659149698134207333136082596714586012868199702004938675362103169406264041995254472595518330682442301328793713681148779162023739890422807178515014098152732507426304595433046340242379548930200044749770443836898441653136886613797649230830295735641430327995013385242283499720784819705292882384401762249663480974950600496453129661786030317522534409300320588646868268258909121827032683864460916330397650725401782721723595982365919300891541077337604360412908370114495154434392644654559465785831192353079974729984616465274665	24739664234858138982047535273920704865888201889876711837493816699690678265963591165069870505023217046633362579621148489165328977987949899797415602900486143006268665268678106964453841999524106595607605727243377372487650564782802452333008206763043514220470865892407412103036806892083064510289504814600080741268157165354063032161189525829409088498985531970815025159686244986955270210405434697787650037103444327391942508501376229453985083037857645944890272090078718974473418025044221755928344004123983175888817859152476099625581493080234216246769749121423440316080188755726314866454849365625903310727411127889898194381660787032015151698715736677481139420851742750719529547539689342907032684848982153429642503545479758778195831115174999007304520947563003595490867019874169994914300124258307833187901988179428014704959954258008163520937529812950909650540738739709363910934624816250948310905870516490152323845654698835235607375139145151252300518952681249670519366224367191080941950960612430590599784107574388270912656395965864142364667984575546882550050402798003370469155776659862256338059002106715868920421959433223756311341506694462249246973686264750035944554027554964157670321252914659435234646443493705820215443975578131042853312144842498626041110774295114357943343977994235411278780568636579719779334535830411637882705333309997231123600469625497189493642553791549843311401734777065392085541321394947579984224006699537407692901199620825278644183385466599681874649373386577166205882904627359075239891276269403990826293020536135579050514270038920947026657116958445695941832695058500966784765338866988401406030950964695562385929192193345627992619705642125447541279611231260728933961248184889406431596788686664214120514710308780241828615761624250705767042376282159121995983697106233105409340310413847019441036041050848930144968913019399609659684970195046192332904247255056550324709030784593628286875786844796689640879270337255026790310318495860011375551732463178478647259626886557545041417199746718964729090307344444423944443187720522128941165223033737853463206799111335202506573552850770520466163862937369627222043631058581176646925316786178922936053043526055010375987216825795146162623648834517604502345091636527864619958136535035554424291823916195493363054890435369251863819765262655648212579531610713122457079279393593387761799453620187978721726422845933445410602295341161389372134674109938780688396	0,3,3,3,3,3,3,3,3,3,3,3	-4,-4,-4,-4,3,3,3,3,3,3,3,3	ok
0.590591	12.552553	-57.248091	0.419818	full	24739664234858138982047535273920704865888201889876711837493816699690678265963591165069870505023217046633362579621148489165328977987949899797415602900085081435628786567950676391780949633448253616219680559998014214784634910618447122667639804607217055610037222276897125660535867393387520758988742191975475097134159821776175469287214857624750265388130867415580412873925910271279382629434282479656095907178473638142326186864698341018602123575843883404208311798618679388046194707946385968872279636660172423920762823771748609336176990325713506490614247467311351878471253089939596514261196666267475682898635077588364628629417296554229734815495315011752337585393015754405944996164827318009845582551593321289722257247006063686910061456841431892563940020873466746931070957111770150069590359792388197563206227771911411885143855184505614961998508226343153531223089971459935049708039359327667779120430067461929055441744031224422705223831560005091108633317128720548165517033711719448300771525660964913525817712220131912105082815080054605883136048554894173783193438041716508681297001277350562437894851607688119124032266056066591963623197071229719772200831481260746898621517899928612391918713268983151048632780119634827944916655348282264918678566190420881773283436368221393491613911949128164505921481428215609108524503409441148456051028717709916397556911717001774031950703661111574934486474261088107943873541907632662744056546274843938288386457746233747137792548943727185493431372779661905629619233897384740511264614214317570296540842200703123636599875546532295990583957766998874160122483948346791984584346252523971082787351205933535444833836488109249049112608478941878873310676635726848416500525627071066867450481075713379579976233285026063550440539934196398046997660890758104887659878621053087946262914376950168913424387974494199271584584254048485972095078426145295086092895639115691384379608409659149698134207333136082596714586012868199702004938675362103169406264041995254472595518330682442301328793713681148779162023739890422807178515014098152732507426304595433046340242379548930200044749770443836898441653136886613797649230830295735641430327995013385242283499720784819705292882384401762249663480974950600496453129661786030317522534409300320588646868268258909121827032683864460916330397650725401782721723595982365919300891541077337604360412908370114495154434392644654559465785831192353079974729984616465274665	24739664234858138982047535273920704865888201889876711837493816699690678265963591165069870505023217046633362579621148489165328977987949899797415602900486143006268665268678106964453841999524106595607605727243377372487650564782802452333008206763043514220470865892407412103036806892083064510289504814600080741268157165354063032161189525829409088498985531970815025159686244986955270210405434697787650037103444327391942508501376229453985083037857645944890272090078718974473418025044221755928344004123983175888817859152476099625581493080234216246769749121423440316080188755726314866454849365625903310727411127889898194381660787032015151698715736677481139420851742750719529547539689342907032684848982153429642503545479758778195831115174999007304520947563003595490867019874169994914300124258307833187901988179428014704959954258008163520937529812950909650540738739709363910934624816250948310905870516490152323845654698835235607375139145151252300518952681249670519366224367191080941950960612430590599784107574388270912656395965864142364667984575546882550050402798003370469155776659862256338059002106715868920421959433223756311341506694462249246973686264750035944554027554964157670321252914659435234646443493705820215443975578131042853312144842498626041110774295114357943343977994235411278780568636579719779334535830411637882705333309997231123600469625497189493642553791549843311401734777065392085541321394947579984224006699537407692901199620825278644183385466599681874649373386577166205882904627359075239891276269403990826293020536135579050514270038920947026657116958445695941832695058500966784765338866988401406030950964695562385929192193345627992619705642125447541279611231260728933961248184889406431596788686664214120514710308780241828615761624250705767042376282159121995983697106233105409340310413847019441036041050848930144968913019399609659684970195046192332904247255056550324709030784593628286875786844796689640879270337255026790310318495860011375551732463178478647259626886557545041417199746718964729090307344444423944443187720522128941165223033737853463206799111335202506573552850770520466163862937369627222043631058581176646925316786178922936053043526055010375987216825795146162623648834517604502345091636527864619958136535035554424291823916195493363054890435369251863819765262655648212579531610713122457079279393593387761799453620187978721726422845933445410602295341161389372134674109938780688396	0,3,3,3,3,3,3,3,3,3,3,3	-4,-4,-4,-4,3,3,3,3,3,3,3,3	ok
0.594595	12.552553	-18.920795	0.400380	continued:5	24739664234858138982047535273920704865888201889876711837493816699690678266527069749440504790571412139398611409270908450362730376250155074764676347344069888126517298474570859817860608502873391373146285427510315747585633769201540786967750755426439244909325087395028128868044225308262789884128060956514754247517702306425810931411575896427989859706075064718218471893517140662118299639008577497356111854595428210166315807732026393320608795249168317651695729421548767897306733768613302513900313747234910216702628396343057972743120228768071687743367812170271420131539175277064250947772621001186024499362163335793602171390789441233345359317297987613512980491695577916997660396957915557900310271635623458055025007041775847069041635811203256895352566087822033786766343037302223398419442420288675160901222754706690690966518603785237711745730763499632246794821702611212581403238113406002252819908487238453210437930412907369377220770586565902403360469112052194331355699172681218058600912097861834234685728509163337737349074185342289032272009772529037195573254778966688587558900055660072144278809022487554382658809806558064428353021275127081776410900980967206199354460442391625214857639764133401759178616057210680190398057943198554703123064624601181660446023242953363172469272447449114604306603789676668032281302982461618227348434344241480239631397835903839519478265189030951001209408772220016925107341479912568701564082262934999088780116117157913247841036010283824164068664803837757729257063220663294913321230139151791147367038607282105733904016359791183527241886003154841144844699741276832690531565598197988362867236693987899442686604165527015589030459917424605601810195980491409331875015847889767893397997851764918922389773504676120331392543491419098534999834244969247145556550831973114815044231233657722950610142402468854522006648954172443764314423238950001228862322460291231007742419224237436270306563202999239488874012867082031104349605713456773862569124387618118057663899662747824622269598140181829025823849459071217200217499424424921702079204165306034254003250821214459947311774588189544407889173479333726358175028336674590598227784079049643150162343597675915129829472380065525970735331867880378899325396537836666761765810631243557908279830814880986128184517012337907370167586812223690747962565062007279395474143260789754271822074879377170376998060728251658724928368646962339785363308878071480662388025	24739664234858138982047535273920704865888201889876711837493816699690678265963591165069870505023217046633362579621148489165328977987949899797415602900486143006268665268678106964453841999524106595607605727243377372487650564782802452333008206763043514220470865892407412103036806892083064510289504814600080741268157165354063032161189525829409088498985531970815025159686244986955270210405434697787650037103444327391942508501376229453985083037857645944890272090078718974473418025044221755928344004123983175888817859152476099625581493080234216246769749121423440316080188755726314866454849365625903310727411127889898194381660787032015151698715736677481139420851742750719529547539689342907032684848982153429642503545479758778195831115174999007304520947563003595490867019874169994914300124258307833187901988179428014704959954258008163520937529812950909650540738739709363910934624816250948310905870516490152323845654698835235607375139145151252300518952681249670519366224367191080941950960612430590599784107574388270912656395965864142364667984575546882550050402798003370469155776659862256338059002106715868920421959433223756311341506694462249246973686264750035944554027554964157670321252914659435234646443493705820215443975578131042853312144842498626041110774295114357943343977994235411278780568636579719779334535830411637882705333309997231123600469625497189493642553791549843311401734777065392085541321394947579984224006699537407692901199620825278644183385466599681874649373386577166205882904627359075239891276269403990826293020536135579050514270038920947026657116958445695941832695058500966784765338866988401406030950964695562385929192193345627992619705642125447541279611231260728933961248184889406431596788686664214120514710308780241828615761624250705767042376282159121995983697106233105409340310413847019441036041050848930144968913019399609659684970195046192332904247255056550324709030784593628286875786844796689640879270337255026790310318495860011375551732463178478647259626886557545041417199746718964729090307344444423944443187720522128941165223033737853463206799111335202506573552850770520466163862937369627222043631058581176646925316786178922936053043526055010375987216825795146162623648834517604502345091636527864619958136535035554424291823916195493363054890435369251863819765262655648212579531610713122457079279393593387761799453620187978721726422845933445410602295341161389372134674109938780688396	-2,-4,-4,-4,-4,3,3,3,3,3,3,3	-4,-4,-4,-4,3,3,3,3,3,3,3,3	ok
0.598599	12.552553	-46.954846	0.403174	continued:5	24739664234858138982047535273920704865888201889876711837493816699690678266527069749440504790571412139398611409270908450362730376250155074764676347344069888126517298474570859817860608502873391373146285427510315747585633769201540786967750755426439244909325087395028128868044225308262789884128060956514754247517702306425810931411575896427989859706075064718218471893517140662118299639008577497356111854595428210166315807732026393320608795249168317651695729421548767897306733768613302513900313747234910216702628396343057972743120228768071687743367812170271420131539175277064250947772621001186024499362163335793602171390789441233345359317297987613512980491695577916997660396957915557900310271635623458055025007041775847069041635811203256895352566087822033786766343037302223398419442420288675160901222754706690690966518603785237711745730763499632246794821702611212581403238113406002252819908487238453210437930412907369377220770586565902403360469112052194331355699172681218058600912097861834234685728509163337737349074185342289032272009772529037195573254778966688587558900055660072144278809022487554382658809806558064428353021275127081776410900980967206199354460442391625214857639764133401759178616057210680190398057943198554703123064624601181660446023242953363172469272447449114604306603789676668032281302982461618227348434344241480239631397835903839519478265189030951001209408772220016925107341479912568701564082262934999088780116117157913247841036010283824164068664803837757729257063220663294913321230139151791147367038607282105733904016359791183527241886003154841144844699741276832690531565598197988362867236693987899442686604165527015589030459917424605601810195980491409331875015847889767893397997851764918922389773504676120331392543491419098534999834244969247145556550831973114815044231233657722950610142402468854522006648954172443764314423238950001228862322460291231007742419224237436270306563202999239488874012867082031104349605713456773862569124387618118057663899662747824622269598140181829025823849459071217200217499424424921702079204165306034254003250821214459947311774588189544407889173479333726358175028336674590598227784079049643150162343597675915129829472380065525970735331867880378899325396537836666761765810631243557908279830814880986128184517012337907370167586812223690747962565062007279395474143260789754271822074879377170376998060728251658724928368646962339785363308878071480662388025	24739664234858138982047535273920704865888201889876711837493816699690678265963591165069870505023217046633362579621148489165328977987949899797415602900486143006268665268678106964453841999524106595607605727243377372487650564782802452333008206763043514220470865892407412103036806892083064510289504814600080741268157165354063032161189525829409088498985531970815025159686244986955270210405434697787650037103444327391942508501376229453985083037857645944890272090078718974473418025044221755928344004123983175888817859152476099625581493080234216246769749121423440316080188755726314866454849365625903310727411127889898194381660787032015151698715736677481139420851742750719529547539689342907032684848982153429642503545479758778195831115174999007304520947563003595490867019874169994914300124258307833187901988179428014704959954258008163520937529812950909650540738739709363910934624816250948310905870516490152323845654698835235607375139145151252300518952681249670519366224367191080941950960612430590599784107574388270912656395965864142364667984575546882550050402798003370469155776659862256338059002106715868920421959433223756311341506694462249246973686264750035944554027554964157670321252914659435234646443493705820215443975578131042853312144842498626041110774295114357943343977994235411278780568636579719779334535830411637882705333309997231123600469625497189493642553791549843311401734777065392085541321394947579984224006699537407692901199620825278644183385466599681874649373386577166205882904627359075239891276269403990826293020536135579050514270038920947026657116958445695941832695058500966784765338866988401406030950964695562385929192193345627992619705642125447541279611231260728933961248184889406431596788686664214120514710308780241828615761624250705767042376282159121995983697106233105409340310413847019441036041050848930144968913019399609659684970195046192332904247255056550324709030784593628286875786844796689640879270337255026790310318495860011375551732463178478647259626886557545041417199746718964729090307344444423944443187720522128941165223033737853463206799111335202506573552850770520466163862937369627222043631058581176646925316786178922936053043526055010375987216825795146162623648834517604502345091636527864619958136535035554424291823916195493363054890435369251863819765262655648212579531610713122457079279393593387761799453620187978721726422845933445410602295341161389372134674109938780688396	-2,-4,-4,-4,-4,3,3,3,3,3,3,3	-4,-4,-4,-4,3,3,3,3,3,3,3,3	ok
0.602603	12.552553	-50.802810	0.405967	continued:5	24739664234858138982047535273920704865888201889876711837493816699690678266527069749440504790571412139398611409270908450362730376250155074764676347344069888126517298474570859817860608502873391373146285427510315747585633769201540786967750755426439244909325087395028128868044225308262789884128060956514754247517702306425810931411575896427989859706075064718218471893517140662118299639008577497356111854595428210166315807732026393320608795249168317651695729421548767897306733768613302513900313747234910216702628396343057972743120228768071687743367812170271420131539175277064250947772621001186024499362163335793602171390789441233345359317297987613512980491695577916997660396957915557900310271635623458055025007041775847069041635811203256895352566087822033786766343037302223398419442420288675160901222754706690690966518603785237711745730763499632246794821702611212581403238113406002252819908487238453210437930412907369377220770586565902403360469112052194331355699172681218058600912097861834234685728509163337737349074185342289032272009772529037195573254778966688587558900055660072144278809022487554382658809806558064428353021275127081776410900980967206199354460442391625214857639764133401759178616057210673156243633300796807248794605122683731974791496902664128878641184520473500825398215812641159434827628998622259292915673218874003973386059003237887445082762880209786399957615563799203180616399064332818912996058392810196869654083006490334642056061239251179056009615294506290117464688484025949120568719819283456124580544682881171421260943541579248527704869898537742188703833871961088688204538498117265321771286761309247552685482079962262050552845513714934846045182058722227987606665606042180617044588443607459813064997879976194827291424712032310443011090956239365061217361518410802453124524840558011953805365761494457801009569163317744034818142535244063518808384830620220565418152783289956624749749819076668016024265032457536863212943413743867832753754773611384186639210741581136382046281168136879454471498331878163458120352190565978782247931890290295701266018978036779034468107326187079926916798699596662346300581249330764795567806508746121156744125367811518619897619348002395798294907765649592376122383521072922104001273026981807900119826443200996317126277171178704077483113072074268653747754487474408483425854972111137166212140154130568988566022312919789958312847244142489313149410058949163660852994	24739664234858138982047535273920704865888201889876711837493816699690678265963591165069870505023217046633362579621148489165328977987949899797415602900486143006268665268678106964453841999524106595607605727243377372487650564782802452333008206763043514220470865892407412103036806892083064510289504814600080741268157165354063032161189525829409088498985531970815025159686244986955270210405434697787650037103444327391942508501376229453985083037857645944890272090078718974473418025044221755928344004123983175888817859152476099625581493080234216246769749121423440316080188755726314866454849365625903310727411127889898194381660787032015151698715736677481139420851742750719529547539689342907032684848982153429642503545479758778195831115174999007304520947563003595490867019874169994914300124258307833187901988179428014704959954258008163520937529812950909650540738739709363910934624816250948310905870516490152323845654698835235607375139145151252300518952681249670519366224367191080941950960612430590599784107574388270912656395965864142364667984575546882550050402798003370469155776659862256338059002106715868920421959433223756311341506694462249246973686264750035944554027554964157670321252914659435234646443493705820215443975578131042853312144842498626041110774295114357943343977994235411278780568636579719779334535830411637882705333309997231123600469625497189493642553791549843311401734777065392085541321394947579984224006699537407692901199620825278644183385466599681874649373386577166205882904627359075239891276269403990826293020536135579050514270038920947026657116958445695941832695058500966784765338866988401406030950964695562385929192193345627992619705642125447541279611231260728933961248184889406431596788686664214120514710308780241828615761624250705767042376282159121995983697106233105409340310413847019441036041050848930144968913019399609659684970195046192332904247255056550324709030784593628286875786844796689640879270337255026790310318495860011375551732463178478647259626886557545041417199746718964729090307344444423944443187720522128941165223033737853463206799111335202506573552850770520466163862937369627222043631058581176646925316786178922936053043526055010375987216825795146162623648834517604502345091636527864619958136535035554424291823916195493363054890435369251863819765262655648212579531610713122457079279393593387761799453620187978721726422845933445410602295341161389372134674109938780688396	1,-4,-4,-4,-4,3,3,3,3,3,3,3	-4,-4,-4,-4,3,3,3,3,3,3,3,3	ok
0.606607	12.552553	-53.213083	0.406341	continued:5	24739664234858138982047535273920704865888201889876711837493816699690678265963591165069870505023217046633362579621148489165328977987949899797415602900486143006268665268678106964453841999524106595607605727243377372487650564782802452333008206763043514220470865892407412103036806892083064510289504814600080741268157165354063032161189525829409088498985531970815025159686244986955270210405434697787650037103444327391942508501376229453985083037857645944890272090078718974473418025044221755928344004123983175888817859152476099625581493080234216246769749121423440316080188755726314866454849365625903310727411127889898194381660787032015151698715736677481139420851742750719529547539689342907032684848982153429642503545479758778195831115174999007304520947563003595490867019874169994914300124258307833187901988179428014704959954258008163520937529812950909650540738739709363910934624816250948310905870516490152323845654698835235607375139145151252300518952681249670519366224367191080941950960612430590599784107574388270912656395965864142364667984575546882550050402798003370469155776659862256338059002106715868920421959433223756311341506694462249246973686264750035944554027554964157670321252914659435234646443493670649443320763569393771211014635255250197768479072848942888802904343116166917267274303616645213633258901986934724608102196030566705447199709448848685232091527603953601719852178627896858736075978945818005174493541245870668987929539886645630097678757555544087307337036790434872459172290673698254378844314669452090116179632825192549044579465458111330616555979307251114857149361512116613974709257803359966534656492138218227074841157122375658584060220213022165525332776358629866966288227440625112970679311294012527786937908438788933269152027795727358098149081262309340910027752904780906837503037034324409444406146090624109088924403412096630561891955737242725345322413905726693248195866969791271654695936200328092484246227965825976504945539852784819301024178852444474692192548534126035186023469676002246932424139429748139392521639625101928395106984770436581308351058934055769118232799233408278107027273366695989329209154343877618868661991020975405689106246189336127463396267701412847679116589549251870270844396113558907834058707172256761029888361534374786347487608401449988351944244856780417097985589797080224364751671572412939040572871214031862581112931261011457520216214875551266994707924276208437578826	24739664234858138982047535273920704865888201889876711837493816699690678265963591165069870505023217046633362579621148489165328977987949899797415602900486143006268665268678106964453841999524106595607605727243377372487650564782802452333008206763043514220470865892407412103036806892083064510289504814600080741268157165354063032161189525829409088498985531970815025159686244986955270210405434697787650037103444327391942508501376229453985083037857645944890272090078718974473418025044221755928344004123983175888817859152476099625581493080234216246769749121423440316080188755726314866454849365625903310727411127889898194381660787032015151698715736677481139420851742750719529547539689342907032684848982153429642503545479758778195831115174999007304520947563003595490867019874169994914300124258307833187901988179428014704959954258008163520937529812950909650540738739709363910934624816250948310905870516490152323845654698835235607375139145151252300518952681249670519366224367191080941950960612430590599784107574388270912656395965864142364667984575546882550050402798003370469155776659862256338059002106715868920421959433223756311341506694462249246973686264750035944554027554964157670321252914659435234646443493705820215443975578131042853312144842498626041110774295114357943343977994235411278780568636579719779334535830411637882705333309997231123600469625497189493642553791549843311401734777065392085541321394947579984224006699537407692901199620825278644183385466599681874649373386577166205882904627359075239891276269403990826293020536135579050514270038920947026657116958445695941832695058500966784765338866988401406030950964695562385929192193345627992619705642125447541279611231260728933961248184889406431596788686664214120514710308780241828615761624250705767042376282159121995983697106233105409340310413847019441036041050848930144968913019399609659684970195046192332904247255056550324709030784593628286875786844796689640879270337255026790310318495860011375551732463178478647259626886557545041417199746718964729090307344444423944443187720522128941165223033737853463206799111335202506573552850770520466163862937369627222043631058581176646925316786178922936053043526055010375987216825795146162623648834517604502345091636527864619958136535035554424291823916195493363054890435369251863819765262655648212579531610713122457079279393593387761799453620187978721726422845933445410602295341161389372134674109938780688396	1,-4,-4,-4,3,3,3,3,3,3,3,3	-4,-4,-4,-4,3,3,3,3,3,3,3,3	ok
0.610611	12.552553	-54.729330	0.408800	continued:5	24739664234858138982047535273920704865888201889876711837493816699690678265963591165069870505023217046633362579621148489165328977987949899797415602900085081435628786567950676391780949633448253616219680559998014214784634910618447122667639804607217055610037222276897125660535867393387520758988742191975475097134159821776175469287214857624750265388130867415580412873925910271279382629434282479656095907178473638142326186864698341018602123575843883404208311798618679388046194707946385968872279636660172423920762823771748609336176990325713506490614247467311351878471253089939596514261196666267475682898635077588364628629417296554229734815495315011752337585393015754405944996164827318009845582551593321289722257247006063686910061456841431892563940020873466746931070957111770150069590359792388197563206227771911411885143855184505614961998508226343153531223089971459935049708039359327667779120430067461929055441744031224422705223831560005091108633317128720548165517033711719448300771525660964913525817712220131912105082815080054605883136048554894173783193438041716508681297001277350562437894851607688119124032266056066591963623197071229719772200831481260746898621517899928612391918713268983151048632780119648896253765940151777173575597570025320253082336116946689981147789765900355562110523987436189411566954756946831913765892283629482126668117215787661175622538482371666841405595054624551275871666632475049764341931929868507018454948365774171910807496638367218687366613903751947086947394002612630474683257999387223688134848014104823955551645010680263372366206458226198558279883447844315148180302724249331888726196930807213187997142652942313186005148224878224024593537200103980637926868603500896185830904692094904758235554768415409124757267836161356776521732484146109863946926378105041694979170269733992817805415234240628485488200053302199364211031646323082439647263607276631895871769259044401451363766451126814443473134220489198884697731101960802990910300139680959518854832128513597114746389737973151315057975842081443516593123962467786526070102139874765749035637088432614260030772344792316488840415153698481155126035457741137680097748660410763036811870095293313414540437283852893333234643562710973384060038416228190613325616933189150517789061901654152308030489428549857055082465581427407486143000730202660813809057790100346399768338483335257539245860316494779637880208922066168766414992991208014608723526	24739664234858138982047535273920704865888201889876711837493816699690678265963591165069870505023217046633362579621148489165328977987949899797415602900486143006268665268678106964453841999524106595607605727243377372487650564782802452333008206763043514220470865892407412103036806892083064510289504814600080741268157165354063032161189525829409088498985531970815025159686244986955270210405434697787650037103444327391942508501376229453985083037857645944890272090078718974473418025044221755928344004123983175888817859152476099625581493080234216246769749121423440316080188755726314866454849365625903310727411127889898194381660787032015151698715736677481139420851742750719529547539689342907032684848982153429642503545479758778195831115174999007304520947563003595490867019874169994914300124258307833187901988179428014704959954258008163520937529812950909650540738739709363910934624816250948310905870516490152323845654698835235607375139145151252300518952681249670519366224367191080941950960612430590599784107574388270912656395965864142364667984575546882550050402798003370469155776659862256338059002106715868920421959433223756311341506694462249246973686264750035944554027554964157670321252914659435234646443493705820215443975578131042853312144842498626041110774295114357943343977994235411278780568636579719779334535830411637882705333309997231123600469625497189493642553791549843311401734777065392085541321394947579984224006699537407692901199620825278644183385466599681874649373386577166205882904627359075239891276269403990826293020536135579050514270038920947026657116958445695941832695058500966784765338866988401406030950964695562385929192193345627992619705642125447541279611231260728933961248184889406431596788686664214120514710308780241828615761624250705767042376282159121995983697106233105409340310413847019441036041050848930144968913019399609659684970195046192332904247255056550324709030784593628286875786844796689640879270337255026790310318495860011375551732463178478647259626886557545041417199746718964729090307344444423944443187720522128941165223033737853463206799111335202506573552850770520466163862937369627222043631058581176646925316786178922936053043526055010375987216825795146162623648834517604502345091636527864619958136535035554424291823916195493363054890435369251863819765262655648212579531610713122457079279393593387761799453620187978721726422845933445410602295341161389372134674109938780688396	1,3,3,3,3,3,3,3,3,3,3,3	-4,-4,-4,-4,3,3,3,3,3,3,3,3	ok
0.614615	12.552553	-55.604710	0.411593	continued:5	24739664234858138982047535273920704865888201889876711837493816699690678265963591165069870505023217046633362579621148489165328977987949899797415602900085081435628786567950676391780949633448253616219680559998014214784634910618447122667639804607217055610037222276897125660535867393387520758988742191975475097134159821776175469287214857624750265388130867415580412873925910271279382629434282479656095907178473638142326186864698341018602123575843883404208311798618679388046194707946385968872279636660172423920762823771748609336176990325713506490614247467311351878471253089939596514261196666267475682898635077588364628629417296554229734815495315011752337585393015754405944996164827318009845582551593321289722257247006063686910061456841431892563940020873466746931070957111770150069590359792388197563206227771911411885143855184505614961998508226343153531223089971459935049708039359327667779120430067461929055441744031224422705223831560005091108633317128720548165517033711719448300771525660964913525817712220131912105082815080054605883136048554894173783193438041716508681297001277350562437894851607688119124032266056066591963623197071229719772200831481260746898621517899928612391918713268983151048632780119655930408190582553524627904057071942769938736862457235924274975877692875969260912825240440176312796169883715527296420812911085368231803397367822990876417832371726944474641149344806282859835563177758758315140869621665338558538229319788140992642348683078964438303205169238089677606281386970253341769254691973676747054001600056884371509167578247128910554017708455798400339763929792299326278161913247735847547901720607853014273297061169415154483166033077865097453650461838107532682052642437808745312631797604500447563344035980600655360681484274936965759099895773785743476559627847035998495623947412514142251410657373695628596507787826274803330499930271551011927848963095389998115464084361772602196582573023653623911344037727364227195594183603523434780747077500441651045950433605054450968920210102886398197382751252220063486096686194630712738899496659850907030285511459146924946136142303252814811401903979278425790228571196558652325907826618637862596663393079577711958009484587139118727133603578984775841831059511392904829664132579075616389269418347099007484820626482853352165533173315748528323140233506000037753936239379980930850327518548701251621213257545847129540580490183656973082502121819713680447958	24739664234858138982047535273920704865888201889876711837493816699690678265963591165069870505023217046633362579621148489165328977987949899797415602900486143006268665268678106964453841999524106595607605727243377372487650564782802452333008206763043514220470865892407412103036806892083064510289504814600080741268157165354063032161189525829409088498985531970815025159686244986955270210405434697787650037103444327391942508501376229453985083037857645944890272090078718974473418025044221755928344004123983175888817859152476099625581493080234216246769749121423440316080188755726314866454849365625903310727411127889898194381660787032015151698715736677481139420851742750719529547539689342907032684848982153429642503545479758778195831115174999007304520947563003595490867019874169994914300124258307833187901988179428014704959954258008163520937529812950909650540738739709363910934624816250948310905870516490152323845654698835235607375139145151252300518952681249670519366224367191080941950960612430590599784107574388270912656395965864142364667984575546882550050402798003370469155776659862256338059002106715868920421959433223756311341506694462249246973686264750035944554027554964157670321252914659435234646443493705820215443975578131042853312144842498626041110774295114357943343977994235411278780568636579719779334535830411637882705333309997231123600469625497189493642553791549843311401734777065392085541321394947579984224006699537407692901199620825278644183385466599681874649373386577166205882904627359075239891276269403990826293020536135579050514270038920947026657116958445695941832695058500966784765338866988401406030950964695562385929192193345627992619705642125447541279611231260728933961248184889406431596788686664214120514710308780241828615761624250705767042376282159121995983697106233105409340310413847019441036041050848930144968913019399609659684970195046192332904247255056550324709030784593628286875786844796689640879270337255026790310318495860011375551732463178478647259626886557545041417199746718964729090307344444423944443187720522128941165223033737853463206799111335202506573552850770520466163862937369627222043631058581176646925316786178922936053043526055010375987216825795146162623648834517604502345091636527864619958136535035554424291823916195493363054890435369251863819765262655648212579531610713122457079279393593387761799453620187978721726422845933445410602295341161389372134674109938780688396	-2,3,3,3,3,3,3,3,3,3,3,3	-4,-4,-4,-4,3,3,3,3,3,3,3,3	ok
0.618619	12.552553	-56.152970	0.414386	continued:5	24739664234858138982047535273920704865888201889876711837493816699690678265963591165069870505023217046633362579621148489165328977987949899797415602900085081435628786567950676391780949633448253616219680559998014214784634910618447122667639804607217055610037222276897125660535867393387520758988742191975475097134159821776175469287214857624750265388130867415580412873925910271279382629434282479656095907178473638142326186864698341018602123575843883404208311798618679388046194707946385968872279636660172423920762823771748609336176990325713506490614247467311351878471253089939596514261196666267475682898635077588364628629417296554229734815495315011752337585393015754405944996164827318009845582551593321289722257247006063686910061456841431892563940020873466746931070957111770150069590359792388197563206227771911411885143855184505614961998508226343153531223089971459935049708039359327667779120430067461929055441744031224422705223831560005091108633317128720548165517033711719448300771525660964913525817712220131912105082815080054605883136048554894173783193438041716508681297001277350562437894851607688119124032266056066591963623197071229719772200831481260746898621517899928612391918713268983151048632780119648896253765940151777173575597570025320253082336116946689981147789765900355562110523987436189411566954756946831913765892283629482126668117215787661175622538482371666841405595054624551275871666632475049764341931929868507018454948365774171910807496638367218687366613903751947086947394002612630474683257999387223688134848014104823955551645010680263372366206458226198558279883447844315148180302724249331888726196930807213187997142652942313186005148224878224024593537200103980637926868603500896185830904692094904758235554768415409124757267836161356776521732484146109863946926378105041694979170269733992817805415234240628485488200053302199364211031646323082439647263607276631895871769259044401451363766451126814443473134220489198884697731101960802990910300139680959518854832128513597114746389737973151315057975842081443516593123962467786526070102139874765749035637088432614260030772344792316488840415153698481155126035457741137680097748660410763036811870095293313414540437283852893333234643562710973384060038416228190613325616933189150517789061901654152308030489428549857055082465581427407486143000730202660813809057790100346399768338483335257539245860316494779637880208922066168766414992991208014608723526	24739664234858138982047535273920704865888201889876711837493816699690678265963591165069870505023217046633362579621148489165328977987949899797415602900486143006268665268678106964453841999524106595607605727243377372487650564782802452333008206763043514220470865892407412103036806892083064510289504814600080741268157165354063032161189525829409088498985531970815025159686244986955270210405434697787650037103444327391942508501376229453985083037857645944890272090078718974473418025044221755928344004123983175888817859152476099625581493080234216246769749121423440316080188755726314866454849365625903310727411127889898194381660787032015151698715736677481139420851742750719529547539689342907032684848982153429642503545479758778195831115174999007304520947563003595490867019874169994914300124258307833187901988179428014704959954258008163520937529812950909650540738739709363910934624816250948310905870516490152323845654698835235607375139145151252300518952681249670519366224367191080941950960612430590599784107574388270912656395965864142364667984575546882550050402798003370469155776659862256338059002106715868920421959433223756311341506694462249246973686264750035944554027554964157670321252914659435234646443493705820215443975578131042853312144842498626041110774295114357943343977994235411278780568636579719779334535830411637882705333309997231123600469625497189493642553791549843311401734777065392085541321394947579984224006699537407692901199620825278644183385466599681874649373386577166205882904627359075239891276269403990826293020536135579050514270038920947026657116958445695941832695058500966784765338866988401406030950964695562385929192193345627992619705642125447541279611231260728933961248184889406431596788686664214120514710308780241828615761624250705767042376282159121995983697106233105409340310413847019441036041050848930144968913019399609659684970195046192332904247255056550324709030784593628286875786844796689640879270337255026790310318495860011375551732463178478647259626886557545041417199746718964729090307344444423944443187720522128941165223033737853463206799111335202506573552850770520466163862937369627222043631058581176646925316786178922936053043526055010375987216825795146162623648834517604502345091636527864619958136535035554424291823916195493363054890435369251863819765262655648212579531610713122457079279393593387761799453620187978721726422845933445410602295341161389372134674109938780688396	1,3,3,3,3,3,3,3,3,3,3,3	-4,-4,-4,-4,3,3,3,3,3,3,3,3	ok
0.622623	12.552553	-56.514358	0.415970	continued:5	24739664234858138982047535273920704865888201889876711837493816699690678265963591165069870505023217046633362579621148489165328977987949899797415602900085081435628786567950676391780949633448253616219680559998014214784634910618447122667639804607217055610037222276897125660535867393387520758988742191975475097134159821776175469287214857624750265388130867415580412873925910271279382629434282479656095907178473638142326186864698341018602123575843883404208311798618679388046194707946385968872279636660172423920762823771748609336176990325713506490614247467311351878471253089939596514261196666267475682898635077588364628629417296554229734815495315011752337585393015754405944996164827318009845582551593321289722257247006063686910061456841431892563940020873466746931070957111770150069590359792388197563206227771911411885143855184505614961998508226343153531223089971459935049708039359327667779120430067461929055441744031224422705223831560005091108633317128720548165517033711719448300771525660964913525817712220131912105082815080054605883136048554894173783193438041716508681297001277350562437894851607688119124032266056066591963623197071229719772200831481260746898621517899928612391918713268983151048632780119648896253765940151777173575597570025320253082336116946689981147789765900355562110523987436189411566954756946831913765892283629482126668117215787661175622538482371666841405595054624551275871666632475049764341931929868507018454948365774171910807496638367218687366613903751947086947394002612630474683257999387223688134848014104823955551645010680263372366206458226198558279883447844315148180302724249331888726196930807213187997142652942313186005148224878224024593537200103980637926868603500896185830904692094904758235554768415409124757267836161356776521732484146109863946926378105041694979170269733992817805415234240628485488200053302199364211031646323082439647263607276631895871769259044401451363766451126814443473134220489198884697731101960802990910300139680959518854832128513597114746389737973151315057975842081443516593123962467786526070102139874765749035637088432614260030772344792316488840415153698481155126035457741137680097748660410763036811870095293313414540437283852893333234643562710973384060038416228190613325616933189150517789061901654152308030489428549857055082465581427407486143000730202660813809057790100346399768338483335257539245860316494779637880208922066168766414992991208014608723526	24739664234858138982047535273920704865888201889876711837493816699690678265963591165069870505023217046633362579621148489165328977987949899797415602900486143006268665268678106964453841999524106595607605727243377372487650564782802452333008206763043514220470865892407412103036806892083064510289504814600080741268157165354063032161189525829409088498985531970815025159686244986955270210405434697787650037103444327391942508501376229453985083037857645944890272090078718974473418025044221755928344004123983175888817859152476099625581493080234216246769749121423440316080188755726314866454849365625903310727411127889898194381660787032015151698715736677481139420851742750719529547539689342907032684848982153429642503545479758778195831115174999007304520947563003595490867019874169994914300124258307833187901988179428014704959954258008163520937529812950909650540738739709363910934624816250948310905870516490152323845654698835235607375139145151252300518952681249670519366224367191080941950960612430590599784107574388270912656395965864142364667984575546882550050402798003370469155776659862256338059002106715868920421959433223756311341506694462249246973686264750035944554027554964157670321252914659435234646443493705820215443975578131042853312144842498626041110774295114357943343977994235411278780568636579719779334535830411637882705333309997231123600469625497189493642553791549843311401734777065392085541321394947579984224006699537407692901199620825278644183385466599681874649373386577166205882904627359075239891276269403990826293020536135579050514270038920947026657116958445695941832695058500966784765338866988401406030950964695562385929192193345627992619705642125447541279611231260728933961248184889406431596788686664214120514710308780241828615761624250705767042376282159121995983697106233105409340310413847019441036041050848930144968913019399609659684970195046192332904247255056550324709030784593628286875786844796689640879270337255026790310318495860011375551732463178478647259626886557545041417199746718964729090307344444423944443187720522128941165223033737853463206799111335202506573552850770520466163862937369627222043631058581176646925316786178922936053043526055010375987216825795146162623648834517604502345091636527864619958136535035554424291823916195493363054890435369251863819765262655648212579531610713122457079279393593387761799453620187978721726422845933445410602295341161389372134674109938780688396	1,3,3,3,3,3,3,3,3,3,3,3	-4,-4,-4,-4,3,3,3,3,3,3,3,3	ok
0.626627	12.552553	-56.767757	0.418763	continued:5	24739664234858138982047535273920704865888201889876711837493816699690678265963591165069870505023217046633362579621148489165328977987949899797415602900085081435628786567950676391780949633448253616219680559998014214784634910618447122667639804607217055610037222276897125660535867393387520758988742191975475097134159821776175469287214857624750265388130867415580412873925910271279382629434282479656095907178473638142326186864698341018602123575843883404208311798618679388046194707946385968872279636660172423920762823771748609336176990325713506490614247467311351878471253089939596514261196666267475682898635077588364628629417296554229734815495315011752337585393015754405944996164827318009845582551593321289722257247006063686910061456841431892563940020873466746931070957111770150069590359792388197563206227771911411885143855184505614961998508226343153531223089971459935049708039359327667779120430067461929055441744031224422705223831560005091108633317128720548165517033711719448300771525660964913525817712220131912105082815080054605883136048554894173783193438041716508681297001277350562437894851607688119124032266056066591963623197071229719772200831481260746898621517899928612391918713268983151048632780119634827944916655348282264918678566190420881773283436368221393491613911949128164505921481428215609108524503409441148456051028717709916397556911717001774031950703661111574934486474261088107943873541907632662744056546274843938288386457746233747137792548943727185493431372779661905629619233897384740511264614214317570296540842200703123636599875546532295990583957766998874160122483948346791984584346252523971082787351205933535444833836488109249049112608478941878873310676635726848416500525627071066867450481075713379579976233285026063550440539934196398046997660890758104887659878621053087946262914376950168913424387974494199271584584254048485972095078426145295086092895639115691384379608409659149698134207333136082596714586012868199702004938675362103169406264041995254472595518330682442301328793713681148779162023739890422807178515014098152732507426304595433046340242379548930200044749770443836898441653136886613797649230830295735641430327995013385242283499720784819705292882384401762249663480974950600496453129661786030317522534409300320588646868268258909121827032683864460916330397650725401782721723595982365919300891541077337604360412908370114495154434392644654559465785831192353079974729984616465274665	24739664234858138982047535273920704865888201889876711837493816699690678265963591165069870505023217046633362579621148489165328977987949899797415602900486143006268665268678106964453841999524106595607605727243377372487650564782802452333008206763043514220470865892407412103036806892083064510289504814600080741268157165354063032161189525829409088498985531970815025159686244986955270210405434697787650037103444327391942508501376229453985083037857645944890272090078718974473418025044221755928344004123983175888817859152476099625581493080234216246769749121423440316080188755726314866454849365625903310727411127889898194381660787032015151698715736677481139420851742750719529547539689342907032684848982153429642503545479758778195831115174999007304520947563003595490867019874169994914300124258307833187901988179428014704959954258008163520937529812950909650540738739709363910934624816250948310905870516490152323845654698835235607375139145151252300518952681249670519366224367191080941950960612430590599784107574388270912656395965864142364667984575546882550050402798003370469155776659862256338059002106715868920421959433223756311341506694462249246973686264750035944554027554964157670321252914659435234646443493705820215443975578131042853312144842498626041110774295114357943343977994235411278780568636579719779334535830411637882705333309997231123600469625497189493642553791549843311401734777065392085541321394947579984224006699537407692901199620825278644183385466599681874649373386577166205882904627359075239891276269403990826293020536135579050514270038920947026657116958445695941832695058500966784765338866988401406030950964695562385929192193345627992619705642125447541279611231260728933961248184889406431596788686664214120514710308780241828615761624250705767042376282159121995983697106233105409340310413847019441036041050848930144968913019399609659684970195046192332904247255056550324709030784593628286875786844796689640879270337255026790310318495860011375551732463178478647259626886557545041417199746718964729090307344444423944443187720522128941165223033737853463206799111335202506573552850770520466163862937369627222043631058581176646925316786178922936053043526055010375987216825795146162623648834517604502345091636527864619958136535035554424291823916195493363054890435369251863819765262655648212579531610713122457079279393593387761799453620187978721726422845933445410602295341161389372134674109938780688396	0,3,3,3,3,3,3,3,3,3,3,3	-4,-4,-4,-4,3,3,3,3,3,3,3,3	ok
0.630631	12.552553	-56.926962	0.417308	continued:5	24739664234858138982047535273920704865888201889876711837493816699690678265963591165069870505023217046633362579621148489165328977987949899797415602900085081435628786567950676391780949633448253616219680559998014214784634910618447122667639804607217055610037222276897125660535867393387520758988742191975475097134159821776175469287214857624750265388130867415580412873925910271279382629434282479656095907178473638142326186864698341018602123575843883404208311798618679388046194707946385968872279636660172423920762823771748609336176990325713506490614247467311351878471253089939596514261196666267475682898635077588364628629417296554229734815495315011752337585393015754405944996164827318009845582551593321289722257247006063686910061456841431892563940020873466746931070957111770150069590359792388197563206227771911411885143855184505614961998508226343153531223089971459935049708039359327667779120430067461929055441744031224422705223831560005091108633317128720548165517033711719448300771525660964913525817712220131912105082815080054605883136048554894173783193438041716508681297001277350562437894851607688119124032266056066591963623197071229719772200831481260746898621517899928612391918713268983151048632780119634827944916655348282264918678566190420881773283436368221393491613911949128164505921481428215609108524503409441148456051028717709916397556911717001774031950703661111574934486474261088107943873541907632662744056546274843938288386457746233747137792548943727185493431372779661905629619233897384740511264614214317570296540842200703123636599875546532295990583957766998874160122483948346791984584346252523971082787351205933535444833836488109249049112608478941878873310676635726848416500525627071066867450481075713379579976233285026063550440539934196398046997660890758104887659878621053087946262914376950168913424387974494199271584584254048485972095078426145295086092895639115691384379608409659149698134207333136082596714586012868199702004938675362103169406264041995254472595518330682442301328793713681148779162023739890422807178515014098152732507426304595433046340242379548930200044749770443836898441653136886613797649230830295735641430327995013385242283499720784819705292882384401762249663480974950600496453129661786030317522534409300320588646868268258909121827032683864460916330397650725401782721723595982365919300891541077337604360412908370114495154434392644654559465785831192353079974729984616465274665	24739664234858138982047535273920704865888201889876711837493816699690678265963591165069870505023217046633362579621148489165328977987949899797415602900486143006268665268678106964453841999524106595607605727243377372487650564782802452333008206763043514220470865892407412103036806892083064510289504814600080741268157165354063032161189525829409088498985531970815025159686244986955270210405434697787650037103444327391942508501376229453985083037857645944890272090078718974473418025044221755928344004123983175888817859152476099625581493080234216246769749121423440316080188755726314866454849365625903310727411127889898194381660787032015151698715736677481139420851742750719529547539689342907032684848982153429642503545479758778195831115174999007304520947563003595490867019874169994914300124258307833187901988179428014704959954258008163520937529812950909650540738739709363910934624816250948310905870516490152323845654698835235607375139145151252300518952681249670519366224367191080941950960612430590599784107574388270912656395965864142364667984575546882550050402798003370469155776659862256338059002106715868920421959433223756311341506694462249246973686264750035944554027554964157670321252914659435234646443493705820215443975578131042853312144842498626041110774295114357943343977994235411278780568636579719779334535830411637882705333309997231123600469625497189493642553791549843311401734777065392085541321394947579984224006699537407692901199620825278644183385466599681874649373386577166205882904627359075239891276269403990826293020536135579050514270038920947026657116958445695941832695058500966784765338866988401406030950964695562385929192193345627992619705642125447541279611231260728933961248184889406431596788686664214120514710308780241828615761624250705767042376282159121995983697106233105409340310413847019441036041050848930144968913019399609659684970195046192332904247255056550324709030784593628286875786844796689640879270337255026790310318495860011375551732463178478647259626886557545041417199746718964729090307344444423944443187720522128941165223033737853463206799111335202506573552850770520466163862937369627222043631058581176646925316786178922936053043526055010375987216825795146162623648834517604502345091636527864619958136535035554424291823916195493363054890435369251863819765262655648212579531610713122457079279393593387761799453620187978721726422845933445410602295341161389372134674109938780688396	0,3,3,3,3,3,3,3,3,3,3,3	-4,-4,-4,-4,3,3,3,3,3,3,3,3	ok
0.634635	12.552553	-57.071172	0.416393	continued:5	24739664234858138982047535273920704865888201889876711837493816699690678265963591165069870505023217046633362579621148489165328977987949899797415602900085081435628786567950676391780949633448253616219680559998014214784634910618447122667639804607217055610037222276897125660535867393387520758988742191975475097134159821776175469287214857624750265388130867415580412873925910271279382629434282479656095907178473638142326186864698341018602123575843883404208311798618679388046194707946385968872279636660172423920762823771748609336176990325713506490614247467311351878471253089939596514261196666267475682898635077588364628629417296554229734815495315011752337585393015754405944996164827318009845582551593321289722257247006063686910061456841431892563940020873466746931070957111770150069590359792388197563206227771911411885143855184505614961998508226343153531223089971459935049708039359327667779120430067461929055441744031224422705223831560005091108633317128720548165517033711719448300771525660964913525817712220131912105082815080054605883136048554894173783193438041716508681297001277350562437894851607688119124032266056066591963623197071229719772200831481260746898621517899928612391918713268983151048632780119634827944916655348282264918678566190420881773283436368221393491613911949128164505921481428215609108524503409441148456051028717709916397556911717001774031950703661111574934486474261088107943873541907632662744056546274843938288386457746233747137792548943727185493431372779661905629619233897384740511264614214317570296540842200703123636599875546532295990583957766998874160122483948346791984584346252523971082787351205933535444833836488109249049112608478941878873310676635726848416500525627071066867450481075713379579976233285026063550440539934196398046997660890758104887659878621053087946262914376950168913424387974494199271584584254048485972095078426145295086092895639115691384379608409659149698134207333136082596714586012868199702004938675362103169406264041995254472595518330682442301328793713681148779162023739890422807178515014098152732507426304595433046340242379548930200044749770443836898441653136886613797649230830295735641430327995013385242283499720784819705292882384401762249663480974950600496453129661786030317522534409300320588646868268258909121827032683864460916330397650725401782721723595982365919300891541077337604360412908370114495154434392644654559465785831192353079974729984616465274665	24739664234858138982047535273920704865888201889876711837493816699690678265963591165069870505023217046633362579621148489165328977987949899797415602900486143006268665268678106964453841999524106595607605727243377372487650564782802452333008206763043514220470865892407412103036806892083064510289504814600080741268157165354063032161189525829409088498985531970815025159686244986955270210405434697787650037103444327391942508501376229453985083037857645944890272090078718974473418025044221755928344004123983175888817859152476099625581493080234216246769749121423440316080188755726314866454849365625903310727411127889898194381660787032015151698715736677481139420851742750719529547539689342907032684848982153429642503545479758778195831115174999007304520947563003595490867019874169994914300124258307833187901988179428014704959954258008163520937529812950909650540738739709363910934624816250948310905870516490152323845654698835235607375139145151252300518952681249670519366224367191080941950960612430590599784107574388270912656395965864142364667984575546882550050402798003370469155776659862256338059002106715868920421959433223756311341506694462249246973686264750035944554027554964157670321252914659435234646443493705820215443975578131042853312144842498626041110774295114357943343977994235411278780568636579719779334535830411637882705333309997231123600469625497189493642553791549843311401734777065392085541321394947579984224006699537407692901199620825278644183385466599681874649373386577166205882904627359075239891276269403990826293020536135579050514270038920947026657116958445695941832695058500966784765338866988401406030950964695562385929192193345627992619705642125447541279611231260728933961248184889406431596788686664214120514710308780241828615761624250705767042376282159121995983697106233105409340310413847019441036041050848930144968913019399609659684970195046192332904247255056550324709030784593628286875786844796689640879270337255026790310318495860011375551732463178478647259626886557545041417199746718964729090307344444423944443187720522128941165223033737853463206799111335202506573552850770520466163862937369627222043631058581176646925316786178922936053043526055010375987216825795146162623648834517604502345091636527864619958136535035554424291823916195493363054890435369251863819765262655648212579531610713122457079279393593387761799453620187978721726422845933445410602295341161389372134674109938780688396	0,3,3,3,3,3,3,3,3,3,3,3	-4,-4,-4,-4,3,3,3,3,3,3,3,3	ok
0.638639	12.552553	-57.197350	0.415478	continued:5	24739664234858138982047535273920704865888201889876711837493816699690678265963591165069870505023217046633362579621148489165328977987949899797415602900085081435628786567950676391780949633448253616219680559998014214784634910618447122667639804607217055610037222276897125660535867393387520758988742191975475097134159821776175469287214857624750265388130867415580412873925910271279382629434282479656095907178473638142326186864698341018602123575843883404208311798618679388046194707946385968872279636660172423920762823771748609336176990325713506490614247467311351878471253089939596514261196666267475682898635077588364628629417296554229734815495315011752337585393015754405944996164827318009845582551593321289722257247006063686910061456841431892563940020873466746931070957111770150069590359792388197563206227771911411885143855184505614961998508226343153531223089971459935049708039359327667779120430067461929055441744031224422705223831560005091108633317128720548165517033711719448300771525660964913525817712220131912105082815080054605883136048554894173783193438041716508681297001277350562437894851607688119124032266056066591963623197071229719772200831481260746898621517899928612391918713268983151048632780119634827944916655348282264918678566190420881773283436368221393491613911949128164505921481428215609108524503409441148456051028717709916397556911717001774031950703661111574934486474261088107943873541907632662744056546274843938288386457746233747137792548943727185493431372779661905629619233897384740511264614214317570296540842200703123636599875546532295990583957766998874160122483948346791984584346252523971082787351205933535444833836488109249049112608478941878873310676635726848416500525627071066867450481075713379579976233285026063550440539934196398046997660890758104887659878621053087946262914376950168913424387974494199271584584254048485972095078426145295086092895639115691384379608409659149698134207333136082596714586012868199702004938675362103169406264041995254472595518330682442301328793713681148779162023739890422807178515014098152732507426304595433046340242379548930200044749770443836898441653136886613797649230830295735641430327995013385242283499720784819705292882384401762249663480974950600496453129661786030317522534409300320588646868268258909121827032683864460916330397650725401782721723595982365919300891541077337604360412908370114495154434392644654559465785831192353079974729984616465274665	24739664234858138982047535273920704865888201889876711837493816699690678265963591165069870505023217046633362579621148489165328977987949899797415602900486143006268665268678106964453841999524106595607605727243377372487650564782802452333008206763043514220470865892407412103036806892083064510289504814600080741268157165354063032161189525829409088498985531970815025159686244986955270210405434697787650037103444327391942508501376229453985083037857645944890272090078718974473418025044221755928344004123983175888817859152476099625581493080234216246769749121423440316080188755726314866454849365625903310727411127889898194381660787032015151698715736677481139420851742750719529547539689342907032684848982153429642503545479758778195831115174999007304520947563003595490867019874169994914300124258307833187901988179428014704959954258008163520937529812950909650540738739709363910934624816250948310905870516490152323845654698835235607375139145151252300518952681249670519366224367191080941950960612430590599784107574388270912656395965864142364667984575546882550050402798003370469155776659862256338059002106715868920421959433223756311341506694462249246973686264750035944554027554964157670321252914659435234646443493705820215443975578131042853312144842498626041110774295114357943343977994235411278780568636579719779334535830411637882705333309997231123600469625497189493642553791549843311401734777065392085541321394947579984224006699537407692901199620825278644183385466599681874649373386577166205882904627359075239891276269403990826293020536135579050514270038920947026657116958445695941832695058500966784765338866988401406030950964695562385929192193345627992619705642125447541279611231260728933961248184889406431596788686664214120514710308780241828615761624250705767042376282159121995983697106233105409340310413847019441036041050848930144968913019399609659684970195046192332904247255056550324709030784593628286875786844796689640879270337255026790310318495860011375551732463178478647259626886557545041417199746718964729090307344444423944443187720522128941165223033737853463206799111335202506573552850770520466163862937369627222043631058581176646925316786178922936053043526055010375987216825795146162623648834517604502345091636527864619958136535035554424291823916195493363054890435369251863819765262655648212579531610713122457079279393593387761799453620187978721726422845933445410602295341161389372134674109938780688396	0,3,3,3,3,3,3,3,3,3,3,3	-4,-4,-4,-4,3,3,3,3,3,3,3,3	ok
0.642643	12.552553	-57.309866	0.415104	full	24739664234858138982047535273920704865888201889876711837493816699690678265963591165069870505023217046633362579621148489165328977987949899797415602900085081435628786567950676391780949633448253616219680559998014214784634910618447122667639804607217055610037222276897125660535867393387520758988742191975475097134159821776175469287214857624750265388130867415580412873925910271279382629434282479656095907178473638142326186864698341018602123575843883404208311798618679388046194707946385968872279636660172423920762823771748609336176990325713506490614247467311351878471253089939596514261196666267475682898635077588364628629417296554229734815495315011752337585393015754405944996164827318009845582551593321289722257247006063686910061456841431892563940020873466746931070957111770150069590359792388197563206227771911411885143855184505614961998508226343153531223089971459935049708039359327667779120430067461929055441744031224422705223831560005091108633317128720548165517033711719448300771525660964913525817712220131912105082815080054605883136048554894173783193438041716508681297001277350562437894851607688119124032266056066591963623197071229719772200831481260746898621517899928612391918713268983151048632780119634827944916655348282264918678566190420881773283436368221393491613911949128164505921481428215609108524503409441148456051028717709916397556911717001774031950703661111574934486474261088107943873541907632662744056546274843938288386457746233747137792548943727185493431372779661905629619233897384740511264614214317570296540842200703123636599875546532295990583957766998874160122483948346791984584346252523971082787351205933535444833836488109249049112608478941878873310676635726848416500525627071066867450481075713379579976233285026063550440539934196398046997660890758104887659878621053087946262914376950168913424387974494199271584584254048485972095078426145295086092895639115691384379608409659149698134207333136082596714586012868199702004938675362103169406264041995254472595518330682442301328793713681148779162023739890422807178515014098152732507426304595433046340242379548930200044749770443836898441653136886613797649230830295735641430327995013385242283499720784819705292882384401762249663480974950600496453129661786030317522534409300320588646868268258909121827032683864460916330397650725401782721723595982365919300891541077337604360412908370114495154434392644654559465785831192353079974729984616465274665	24739664234858138982047535273920704865888201889876711837493816699690678265963591165069870505023217046633362579621148489165328977987949899797415602900486143006268665268678106964453841999524106595607605727243377372487650564782802452333008206763043514220470865892407412103036806892083064510289504814600080741268157165354063032161189525829409088498985531970815025159686244986955270210405434697787650037103444327391942508501376229453985083037857645944890272090078718974473418025044221755928344004123983175888817859152476099625581493080234216246769749121423440316080188755726314866454849365625903310727411127889898194381660787032015151698715736677481139420851742750719529547539689342907032684848982153429642503545479758778195831115174999007304520947563003595490867019874169994914300124258307833187901988179428014704959954258008163520937529812950909650540738739709363910934624816250948310905870516490152323845654698835235607375139145151252300518952681249670519366224367191080941950960612430590599784107574388270912656395965864142364667984575546882550050402798003370469155776659862256338059002106715868920421959433223756311341506694462249246973686264750035944554027554964157670321252914659435234646443493705820215443975578131042853312144842498626041110774295114357943343977994235411278780568636579719779334535830411637882705333309997231123600469625497189493642553791549843311401734777065392085541321394947579984224006699537407692901199620825278644183385466599681874649373386577166205882904627359075239891276269403990826293020536135579050514270038920947026657116958445695941832695058500966784765338866988401406030950964695562385929192193345627992619705642125447541279611231260728933961248184889406431596788686664214120514710308780241828615761624250705767042376282159121995983697106233105409340310413847019441036041050848930144968913019399609659684970195046192332904247255056550324709030784593628286875786844796689640879270337255026790310318495860011375551732463178478647259626886557545041417199746718964729090307344444423944443187720522128941165223033737853463206799111335202506573552850770520466163862937369627222043631058581176646925316786178922936053043526055010375987216825795146162623648834517604502345091636527864619958136535035554424291823916195493363054890435369251863819765262655648212579531610713122457079279393593387761799453620187978721726422845933445410602295341161389372134674109938780688396	0,3,3,3,3,3,3,3,3,3,3,3	-4,-4,-4,-4,3,3,3,3,3,3,3,3	ok
0.646647	12.552553	-18.905223	0.397442	continued:5	24739664234858138982047535273920704865888201889876711837493816699690678266527069749440504790571412139398611409270908450362730376250155074764676347344069888126517298474570859817860608502873391373146285427510315747585633769201540786967750755426439244909325087395028128868044225308262789884128060956514754247517702306425810931411575896427989859706075064718218471893517140662118299639008577497356111854595428210166315807732026393320608795249168317651695729421548767897306733768613302513900313747234910216702628396343057972743120228768071687743367812170271420131539175277064250947772621001186024499362163335793602171390789441233345359317297987613512980491695577916997660396957915557900310271635623458055025007041775847069041635811203256895352566087822033786766343037302223398419442420288675160901222754706690690966518603785237711745730763499632246794821702611212581403238113406002252819908487238453210437930412907369377220770586565902403360469112052194331355699172681218058600912097861834234685728509163337737349074185342289032272009772529037195573254778966688587558900055660072144278809022487554382658809806558064428353021275127081776410900980967206199354460442391625214857639764133401759178616057210680190398057943198554703123064624601181660446023242953363172469272447449114604306603789676668032281302982461618227348434344241480239631397835903839519478265189030951001209408772220016925107341479912568701564082262934999088780116117157913247841036010283824164068664803837757729257063220663294913321230139151791147367038607282105733904016359791183527241886003154841144844699741276832690531565598197988362867236693987899442686604165527015589030459917424605601810195980491409331875015847889767893397997851764918922389773504676120331392543491419098534999834244969247145556550831973114815044231233657722950610142402468854522006648954172443764314423238950001228862322460291231007742419224237436270306563202999239488874012867082031104349605713456773862569124387618118057663899662747824622269598140181829025823849459071217200217499424424921702079204165306034254003250821214459947311774588189544407889173479333726358175028336674590598227784079049643150162343597675915129829472380065525970735331867880378899325396537836666761765810631243557908279830814880986128184517012337907370167586812223690747962565062007279395474143260789754271822074879377170376998060728251658724928368646962339785363308878071480662388025	24739664234858138982047535273920704865888201889876711837493816699690678265963591165069870505023217046633362579621148489165328977987949899797415602900486143006268665268678106964453841999524106595607605727243377372487650564782802452333008206763043514220470865892407412103036806892083064510289504814600080741268157165354063032161189525829409088498985531970815025159686244986955270210405434697787650037103444327391942508501376229453985083037857645944890272090078718974473418025044221755928344004123983175888817859152476099625581493080234216246769749121423440316080188755726314866454849365625903310727411127889898194381660787032015151698715736677481139420851742750719529547539689342907032684848982153429642503545479758778195831115174999007304520947563003595490867019874169994914300124258307833187901988179428014704959954258008163520937529812950909650540738739709363910934624816250948310905870516490152323845654698835235607375139145151252300518952681249670519366224367191080941950960612430590599784107574388270912656395965864142364667984575546882550050402798003370469155776659862256338059002106715868920421959433223756311341506694462249246973686264750035944554027554964157670321252914659435234646443493705820215443975578131042853312144842498626041110774295114357943343977994235411278780568636579719779334535830411637882705333309997231123600469625497189493642553791549843311401734777065392085541321394947579984224006699537407692901199620825278644183385466599681874649373386577166205882904627359075239891276269403990826293020536135579050514270038920947026657116958445695941832695058500966784765338866988401406030950964695562385929192193345627992619705642125447541279611231260728933961248184889406431596788686664214120514710308780241828615761624250705767042376282159121995983697106233105409340310413847019441036041050848930144968913019399609659684970195046192332904247255056550324709030784593628286875786844796689640879270337255026790310318495860011375551732463178478647259626886557545041417199746718964729090307344444423944443187720522128941165223033737853463206799111335202506573552850770520466163862937369627222043631058581176646925316786178922936053043526055010375987216825795146162623648834517604502345091636527864619958136535035554424291823916195493363054890435369251863819765262655648212579531610713122457079279393593387761799453620187978721726422845933445410602295341161389372134674109938780688396	-2,-4,-4,-4,-4,3,3,3,3,3,3,3	-4,-4,-4,-4,3,3,3,3,3,3,3,3	ok
0.650651	12.552553	-46.903727	0.400235	continued:5	24739664234858138982047535273920704865888201889876711837493816699690678266527069749440504790571412139398611409270908450362730376250155074764676347344069888126517298474570859817860608502873391373146285427510315747585633769201540786967750755426439244909325087395028128868044225308262789884128060956514754247517702306425810931411575896427989859706075064718218471893517140662118299639008577497356111854595428210166315807732026393320608795249168317651695729421548767897306733768613302513900313747234910216702628396343057972743120228768071687743367812170271420131539175277064250947772621001186024499362163335793602171390789441233345359317297987613512980491695577916997660396957915557900310271635623458055025007041775847069041635811203256895352566087822033786766343037302223398419442420288675160901222754706690690966518603785237711745730763499632246794821702611212581403238113406002252819908487238453210437930412907369377220770586565902403360469112052194331355699172681218058600912097861834234685728509163337737349074185342289032272009772529037195573254778966688587558900055660072144278809022487554382658809806558064428353021275127081776410900980967206199354460442391625214857639764133401759178616057210680190398057943198554703123064624601181660446023242953363172469272447449114604306603789676668032281302982461618227348434344241480239631397835903839519478265189030951001209408772220016925107341479912568701564082262934999088780116117157913247841036010283824164068664803837757729257063220663294913321230139151791147367038607282105733904016359791183527241886003154841144844699741276832690531565598197988362867236693987899442686604165527015589030459917424605601810195980491409331875015847889767893397997851764918922389773504676120331392543491419098534999834244969247145556550831973114815044231233657722950610142402468854522006648954172443764314423238950001228862322460291231007742419224237436270306563202999239488874012867082031104349605713456773862569124387618118057663899662747824622269598140181829025823849459071217200217499424424921702079204165306034254003250821214459947311774588189544407889173479333726358175028336674590598227784079049643150162343597675915129829472380065525970735331867880378899325396537836666761765810631243557908279830814880986128184517012337907370167586812223690747962565062007279395474143260789754271822074879377170376998060728251658724928368646962339785363308878071480662388025	24739664234858138982047535273920704865888201889876711837493816699690678265963591165069870505023217046633362579621148489165328977987949899797415602900486143006268665268678106964453841999524106595607605727243377372487650564782802452333008206763043514220470865892407412103036806892083064510289504814600080741268157165354063032161189525829409088498985531970815025159686244986955270210405434697787650037103444327391942508501376229453985083037857645944890272090078718974473418025044221755928344004123983175888817859152476099625581493080234216246769749121423440316080188755726314866454849365625903310727411127889898194381660787032015151698715736677481139420851742750719529547539689342907032684848982153429642503545479758778195831115174999007304520947563003595490867019874169994914300124258307833187901988179428014704959954258008163520937529812950909650540738739709363910934624816250948310905870516490152323845654698835235607375139145151252300518952681249670519366224367191080941950960612430590599784107574388270912656395965864142364667984575546882550050402798003370469155776659862256338059002106715868920421959433223756311341506694462249246973686264750035944554027554964157670321252914659435234646443493705820215443975578131042853312144842498626041110774295114357943343977994235411278780568636579719779334535830411637882705333309997231123600469625497189493642553791549843311401734777065392085541321394947579984224006699537407692901199620825278644183385466599681874649373386577166205882904627359075239891276269403990826293020536135579050514270038920947026657116958445695941832695058500966784765338866988401406030950964695562385929192193345627992619705642125447541279611231260728933961248184889406431596788686664214120514710308780241828615761624250705767042376282159121995983697106233105409340310413847019441036041050848930144968913019399609659684970195046192332904247255056550324709030784593628286875786844796689640879270337255026790310318495860011375551732463178478647259626886557545041417199746718964729090307344444423944443187720522128941165223033737853463206799111335202506573552850770520466163862937369627222043631058581176646925316786178922936053043526055010375987216825795146162623648834517604502345091636527864619958136535035554424291823916195493363054890435369251863819765262655648212579531610713122457079279393593387761799453620187978721726422845933445410602295341161389372134674109938780688396	-2,-4,-4,-4,-4,3,3,3,3,3,3,3	-4,-4,-4,-4,3,3,3,3,3,3,3,3	ok
0.654655	12.552553	-50.773781	0.403029	continued:5	24739664234858138982047535273920704865888201889876711837493816699690678266527069749440504790571412139398611409270908450362730376250155074764676347344069888126517298474570859817860608502873391373146285427510315747585633769201540786967750755426439244909325087395028128868044225308262789884128060956514754247517702306425810931411575896427989859706075064718218471893517140662118299639008577497356111854595428210166315807732026393320608795249168317651695729421548767897306733768613302513900313747234910216702628396343057972743120228768071687743367812170271420131539175277064250947772621001186024499362163335793602171390789441233345359317297987613512980491695577916997660396957915557900310271635623458055025007041775847069041635811203256895352566087822033786766343037302223398419442420288675160901222754706690690966518603785237711745730763499632246794821702611212581403238113406002252819908487238453210437930412907369377220770586565902403360469112052194331355699172681218058600912097861834234685728509163337737349074185342289032272009772529037195573254778966688587558900055660072144278809022487554382658809806558064428353021275127081776410900980967206199354460442391625214857639764133401759178616057210673156243633300796807248794605122683731974791496902664128878641184520473500825398215812641159434827628998622259292915673218874003973386059003237887445082762880209786399957615563799203180616399064332818912996058392810196869654083006490334642056061239251179056009615294506290117464688484025949120568719819283456124580544682881171421260943541579248527704869898537742188703833871961088688204538498117265321771286761309247552685482079962262050552845513714934846045182058722227987606665606042180617044588443607459813064997879976194827291424712032310443011090956239365061217361518410802453124524840558011953805365761494457801009569163317744034818142535244063518808384830620220565418152783289956624749749819076668016024265032457536863212943413743867832753754773611384186639210741581136382046281168136879454471498331878163458120352190565978782247931890290295701266018978036779034468107326187079926916798699596662346300581249330764795567806508746121156744125367811518619897619348002395798294907765649592376122383521072922104001273026981807900119826443200996317126277171178704077483113072074268653747754487474408483425854972111137166212140154130568988566022312919789958312847244142489313149410058949163660852994	24739664234858138982047535273920704865888201889876711837493816699690678265963591165069870505023217046633362579621148489165328977987949899797415602900486143006268665268678106964453841999524106595607605727243377372487650564782802452333008206763043514220470865892407412103036806892083064510289504814600080741268157165354063032161189525829409088498985531970815025159686244986955270210405434697787650037103444327391942508501376229453985083037857645944890272090078718974473418025044221755928344004123983175888817859152476099625581493080234216246769749121423440316080188755726314866454849365625903310727411127889898194381660787032015151698715736677481139420851742750719529547539689342907032684848982153429642503545479758778195831115174999007304520947563003595490867019874169994914300124258307833187901988179428014704959954258008163520937529812950909650540738739709363910934624816250948310905870516490152323845654698835235607375139145151252300518952681249670519366224367191080941950960612430590599784107574388270912656395965864142364667984575546882550050402798003370469155776659862256338059002106715868920421959433223756311341506694462249246973686264750035944554027554964157670321252914659435234646443493705820215443975578131042853312144842498626041110774295114357943343977994235411278780568636579719779334535830411637882705333309997231123600469625497189493642553791549843311401734777065392085541321394947579984224006699537407692901199620825278644183385466599681874649373386577166205882904627359075239891276269403990826293020536135579050514270038920947026657116958445695941832695058500966784765338866988401406030950964695562385929192193345627992619705642125447541279611231260728933961248184889406431596788686664214120514710308780241828615761624250705767042376282159121995983697106233105409340310413847019441036041050848930144968913019399609659684970195046192332904247255056550324709030784593628286875786844796689640879270337255026790310318495860011375551732463178478647259626886557545041417199746718964729090307344444423944443187720522128941165223033737853463206799111335202506573552850770520466163862937369627222043631058581176646925316786178922936053043526055010375987216825795146162623648834517604502345091636527864619958136535035554424291823916195493363054890435369251863819765262655648212579531610713122457079279393593387761799453620187978721726422845933445410602295341161389372134674109938780688396	1,-4,-4,-4,-4,3,3,3,3,3,3,3	-4,-4,-4,-4,3,3,3,3,3,3,3,3	ok
0.658659	12.552553	-53.188607	0.402862	continued:5	24739664234858138982047535273920704865888201889876711837493816699690678265963591165069870505023217046633362579621148489165328977987949899797415602900486143006268665268678106964453841999524106595607605727243377372487650564782802452333008206763043514220470865892407412103036806892083064510289504814600080741268157165354063032161189525829409088498985531970815025159686244986955270210405434697787650037103444327391942508501376229453985083037857645944890272090078718974473418025044221755928344004123983175888817859152476099625581493080234216246769749121423440316080188755726314866454849365625903310727411127889898194381660787032015151698715736677481139420851742750719529547539689342907032684848982153429642503545479758778195831115174999007304520947563003595490867019874169994914300124258307833187901988179428014704959954258008163520937529812950909650540738739709363910934624816250948310905870516490152323845654698835235607375139145151252300518952681249670519366224367191080941950960612430590599784107574388270912656395965864142364667984575546882550050402798003370469155776659862256338059002106715868920421959433223756311341506694462249246973686264750035944554027554964157670321252914659435234646443493677683597745405971141225539474137172699883423005413138177182630992270091780616069575556620632114862474028755630107263022823486452810582479861484178386084401732841472850038162089857730565405969047435643920136439634336604016728923871833481559806979683137755206220799504109663331208514413464430418551053706989442470258202310367381155045766426374273253898576206837490031074086028221393484536720474016085653508931383903513694137058764136569652465772117298842821928522143333156039359822831589477971662862806772542865053653268812787194981044774561432027631927740266279297127218941745071346551870491710228931443732125082669073300133305333557226381450558628803418742838780575592664663498499732751742981131906329221811915572836440111786562018495581399857715929689574591275483205964204612337157102215690145590491757373012687396302905949244185968504318632423096835739322206969511655795900949956880726578854591280830716907776049686818330424314656174016109138495605656679904045914457526289307375818001406305017117144535218152699191238593044812519708769054010738927750601064808233841054319348937955463320904378159806803983217193136649028784818187695263085809235629577995855098293430968673291470193274242954506200738	24739664234858138982047535273920704865888201889876711837493816699690678265963591165069870505023217046633362579621148489165328977987949899797415602900486143006268665268678106964453841999524106595607605727243377372487650564782802452333008206763043514220470865892407412103036806892083064510289504814600080741268157165354063032161189525829409088498985531970815025159686244986955270210405434697787650037103444327391942508501376229453985083037857645944890272090078718974473418025044221755928344004123983175888817859152476099625581493080234216246769749121423440316080188755726314866454849365625903310727411127889898194381660787032015151698715736677481139420851742750719529547539689342907032684848982153429642503545479758778195831115174999007304520947563003595490867019874169994914300124258307833187901988179428014704959954258008163520937529812950909650540738739709363910934624816250948310905870516490152323845654698835235607375139145151252300518952681249670519366224367191080941950960612430590599784107574388270912656395965864142364667984575546882550050402798003370469155776659862256338059002106715868920421959433223756311341506694462249246973686264750035944554027554964157670321252914659435234646443493705820215443975578131042853312144842498626041110774295114357943343977994235411278780568636579719779334535830411637882705333309997231123600469625497189493642553791549843311401734777065392085541321394947579984224006699537407692901199620825278644183385466599681874649373386577166205882904627359075239891276269403990826293020536135579050514270038920947026657116958445695941832695058500966784765338866988401406030950964695562385929192193345627992619705642125447541279611231260728933961248184889406431596788686664214120514710308780241828615761624250705767042376282159121995983697106233105409340310413847019441036041050848930144968913019399609659684970195046192332904247255056550324709030784593628286875786844796689640879270337255026790310318495860011375551732463178478647259626886557545041417199746718964729090307344444423944443187720522128941165223033737853463206799111335202506573552850770520466163862937369627222043631058581176646925316786178922936053043526055010375987216825795146162623648834517604502345091636527864619958136535035554424291823916195493363054890435369251863819765262655648212579531610713122457079279393593387761799453620187978721726422845933445410602295341161389372134674109938780688396	-2,-4,-4,-4,3,3,3,3,3,3,3,3	-4,-4,-4,-4,3,3,3,3,3,3,3,3	ok
0.662663	12.552553	-54.714848	0.405655	continued:5	24739664234858138982047535273920704865888201889876711837493816699690678265963591165069870505023217046633362579621148489165328977987949899797415602900085081435628786567950676391780949633448253616219680559998014214784634910618447122667639804607217055610037222276897125660535867393387520758988742191975475097134159821776175469287214857624750265388130867415580412873925910271279382629434282479656095907178473638142326186864698341018602123575843883404208311798618679388046194707946385968872279636660172423920762823771748609336176990325713506490614247467311351878471253089939596514261196666267475682898635077588364628629417296554229734815495315011752337585393015754405944996164827318009845582551593321289722257247006063686910061456841431892563940020873466746931070957111770150069590359792388197563206227771911411885143855184505614961998508226343153531223089971459935049708039359327667779120430067461929055441744031224422705223831560005091108633317128720548165517033711719448300771525660964913525817712220131912105082815080054605883136048554894173783193438041716508681297001277350562437894851607688119124032266056066591963623197071229719772200831481260746898621517899928612391918713268983151048632780119648896253765940151777173575597570025320253082336116946689981147789765900355562110523987436189411566954756946831913765892283629482126668117215787661175622538482371666841405595054624551275871666632475049764341931929868507018454948365774171910807496638367218687366613903751947086947394002612630474683257999387223688134848014104823955551645010680263372366206458226198558279883447844315148180302724249331888726196930807213187997142652942313186005148224878224024593537200103980637926868603500896185830904692094904758235554768415409124757267836161356776521732484146109863946926378105041694979170269733992817805415234240628485488200053302199364211031646323082439647263607276631895871769259044401451363766451126814443473134220489198884697731101960802990910300139680959518854832128513597114746389737973151315057975842081443516593123962467786526070102139874765749035637088432614260030772344792316488840415153698481155126035457741137680097748660410763036811870095293313414540437283852893333234643562710973384060038416228190613325616933189150517789061901654152308030489428549857055082465581427407486143000730202660813809057790100346399768338483335257539245860316494779637880208922066168766414992991208014608723526	24739664234858138982047535273920704865888201889876711837493816699690678265963591165069870505023217046633362579621148489165328977987949899797415602900486143006268665268678106964453841999524106595607605727243377372487650564782802452333008206763043514220470865892407412103036806892083064510289504814600080741268157165354063032161189525829409088498985531970815025159686244986955270210405434697787650037103444327391942508501376229453985083037857645944890272090078718974473418025044221755928344004123983175888817859152476099625581493080234216246769749121423440316080188755726314866454849365625903310727411127889898194381660787032015151698715736677481139420851742750719529547539689342907032684848982153429642503545479758778195831115174999007304520947563003595490867019874169994914300124258307833187901988179428014704959954258008163520937529812950909650540738739709363910934624816250948310905870516490152323845654698835235607375139145151252300518952681249670519366224367191080941950960612430590599784107574388270912656395965864142364667984575546882550050402798003370469155776659862256338059002106715868920421959433223756311341506694462249246973686264750035944554027554964157670321252914659435234646443493705820215443975578131042853312144842498626041110774295114357943343977994235411278780568636579719779334535830411637882705333309997231123600469625497189493642553791549843311401734777065392085541321394947579984224006699537407692901199620825278644183385466599681874649373386577166205882904627359075239891276269403990826293020536135579050514270038920947026657116958445695941832695058500966784765338866988401406030950964695562385929192193345627992619705642125447541279611231260728933961248184889406431596788686664214120514710308780241828615761624250705767042376282159121995983697106233105409340310413847019441036041050848930144968913019399609659684970195046192332904247255056550324709030784593628286875786844796689640879270337255026790310318495860011375551732463178478647259626886557545041417199746718964729090307344444423944443187720522128941165223033737853463206799111335202506573552850770520466163862937369627222043631058581176646925316786178922936053043526055010375987216825795146162623648834517604502345091636527864619958136535035554424291823916195493363054890435369251863819765262655648212579531610713122457079279393593387761799453620187978721726422845933445410602295341161389372134674109938780688396	1,3,3,3,3,3,3,3,3,3,3,3	-4,-4,-4,-4,3,3,3,3,3,3,3,3	ok
0.666667	12.552553	-55.588595	0.407573	continued:5	24739664234858138982047535273920704865888201889876711837493816699690678265963591165069870505023217046633362579621148489165328977987949899797415602900085081435628786567950676391780949633448253616219680559998014214784634910618447122667639804607217055610037222276897125660535867393387520758988742191975475097134159821776175469287214857624750265388130867415580412873925910271279382629434282479656095907178473638142326186864698341018602123575843883404208311798618679388046194707946385968872279636660172423920762823771748609336176990325713506490614247467311351878471253089939596514261196666267475682898635077588364628629417296554229734815495315011752337585393015754405944996164827318009845582551593321289722257247006063686910061456841431892563940020873466746931070957111770150069590359792388197563206227771911411885143855184505614961998508226343153531223089971459935049708039359327667779120430067461929055441744031224422705223831560005091108633317128720548165517033711719448300771525660964913525817712220131912105082815080054605883136048554894173783193438041716508681297001277350562437894851607688119124032266056066591963623197071229719772200831481260746898621517899928612391918713268983151048632780119655930408190582553524627904057071942769938736862457235924274975877692875969260912825240440176312796169883715527296420812911085368231803397367822990876417832371726944474641149344806282859835563177758758315140869621665338558538229319788140992642348683078964438303205169238089677606281386970253341769254691973676747054001600056884371509167578247128910554017708455798400339763929792299326278161913247735847547901720607853014273297061169415154483166033077865097453650461838107532682052642437808745312631797604500447563344035980600655360681484274936965759099895773785743476559627847035998495623947412514142251410657373695628596507787826274803330499930271551011927848963095389998115464084361772602196582573023653623911344037727364227195594183603523434780747077500441651045950433605054450968920210102886398197382751252220063486096686194630712738899496659850907030285511459146924946136142303252814811401903979278425790228571196558652325907826618637862596663393079577711958009484587139118727133603578984775841831059511392904829664132579075616389269418347099007484820626482853352165533173315748528323140233506000037753936239379980930850327518548701251621213257545847129540580490183656973082502121819713680447958	24739664234858138982047535273920704865888201889876711837493816699690678265963591165069870505023217046633362579621148489165328977987949899797415602900486143006268665268678106964453841999524106595607605727243377372487650564782802452333008206763043514220470865892407412103036806892083064510289504814600080741268157165354063032161189525829409088498985531970815025159686244986955270210405434697787650037103444327391942508501376229453985083037857645944890272090078718974473418025044221755928344004123983175888817859152476099625581493080234216246769749121423440316080188755726314866454849365625903310727411127889898194381660787032015151698715736677481139420851742750719529547539689342907032684848982153429642503545479758778195831115174999007304520947563003595490867019874169994914300124258307833187901988179428014704959954258008163520937529812950909650540738739709363910934624816250948310905870516490152323845654698835235607375139145151252300518952681249670519366224367191080941950960612430590599784107574388270912656395965864142364667984575546882550050402798003370469155776659862256338059002106715868920421959433223756311341506694462249246973686264750035944554027554964157670321252914659435234646443493705820215443975578131042853312144842498626041110774295114357943343977994235411278780568636579719779334535830411637882705333309997231123600469625497189493642553791549843311401734777065392085541321394947579984224006699537407692901199620825278644183385466599681874649373386577166205882904627359075239891276269403990826293020536135579050514270038920947026657116958445695941832695058500966784765338866988401406030950964695562385929192193345627992619705642125447541279611231260728933961248184889406431596788686664214120514710308780241828615761624250705767042376282159121995983697106233105409340310413847019441036041050848930144968913019399609659684970195046192332904247255056550324709030784593628286875786844796689640879270337255026790310318495860011375551732463178478647259626886557545041417199746718964729090307344444423944443187720522128941165223033737853463206799111335202506573552850770520466163862937369627222043631058581176646925316786178922936053043526055010375987216825795146162623648834517604502345091636527864619958136535035554424291823916195493363054890435369251863819765262655648212579531610713122457079279393593387761799453620187978721726422845933445410602295341161389372134674109938780688396	-2,3,3,3,3,3,3,3,3,3,3,3	-4,-4,-4,-4,3,3,3,3,3,3,3,3	ok
0.670671	12.552553	-56.145936	0.410366	continued:5	24739664234858138982047535273920704865888201889876711837493816699690678265963591165069870505023217046633362579621148489165328977987949899797415602900085081435628786567950676391780949633448253616219680559998014214784634910618447122667639804607217055610037222276897125660535867393387520758988742191975475097134159821776175469287214857624750265388130867415580412873925910271279382629434282479656095907178473638142326186864698341018602123575843883404208311798618679388046194707946385968872279636660172423920762823771748609336176990325713506490614247467311351878471253089939596514261196666267475682898635077588364628629417296554229734815495315011752337585393015754405944996164827318009845582551593321289722257247006063686910061456841431892563940020873466746931070957111770150069590359792388197563206227771911411885143855184505614961998508226343153531223089971459935049708039359327667779120430067461929055441744031224422705223831560005091108633317128720548165517033711719448300771525660964913525817712220131912105082815080054605883136048554894173783193438041716508681297001277350562437894851607688119124032266056066591963623197071229719772200831481260746898621517899928612391918713268983151048632780119648896253765940151777173575597570025320253082336116946689981147789765900355562110523987436189411566954756946831913765892283629482126668117215787661175622538482371666841405595054624551275871666632475049764341931929868507018454948365774171910807496638367218687366613903751947086947394002612630474683257999387223688134848014104823955551645010680263372366206458226198558279883447844315148180302724249331888726196930807213187997142652942313186005148224878224024593537200103980637926868603500896185830904692094904758235554768415409124757267836161356776521732484146109863946926378105041694979170269733992817805415234240628485488200053302199364211031646323082439647263607276631895871769259044401451363766451126814443473134220489198884697731101960802990910300139680959518854832128513597114746389737973151315057975842081443516593123962467786526070102139874765749035637088432614260030772344792316488840415153698481155126035457741137680097748660410763036811870095293313414540437283852893333234643562710973384060038416228190613325616933189150517789061901654152308030489428549857055082465581427407486143000730202660813809057790100346399768338483335257539245860316494779637880208922066168766414992991208014608723526	24739664234858138982047535273920704865888201889876711837493816699690678265963591165069870505023217046633362579621148489165328977987949899797415602900486143006268665268678106964453841999524106595607605727243377372487650564782802452333008206763043514220470865892407412103036806892083064510289504814600080741268157165354063032161189525829409088498985531970815025159686244986955270210405434697787650037103444327391942508501376229453985083037857645944890272090078718974473418025044221755928344004123983175888817859152476099625581493080234216246769749121423440316080188755726314866454849365625903310727411127889898194381660787032015151698715736677481139420851742750719529547539689342907032684848982153429642503545479758778195831115174999007304520947563003595490867019874169994914300124258307833187901988179428014704959954258008163520937529812950909650540738739709363910934624816250948310905870516490152323845654698835235607375139145151252300518952681249670519366224367191080941950960612430590599784107574388270912656395965864142364667984575546882550050402798003370469155776659862256338059002106715868920421959433223756311341506694462249246973686264750035944554027554964157670321252914659435234646443493705820215443975578131042853312144842498626041110774295114357943343977994235411278780568636579719779334535830411637882705333309997231123600469625497189493642553791549843311401734777065392085541321394947579984224006699537407692901199620825278644183385466599681874649373386577166205882904627359075239891276269403990826293020536135579050514270038920947026657116958445695941832695058500966784765338866988401406030950964695562385929192193345627992619705642125447541279611231260728933961248184889406431596788686664214120514710308780241828615761624250705767042376282159121995983697106233105409340310413847019441036041050848930144968913019399609659684970195046192332904247255056550324709030784593628286875786844796689640879270337255026790310318495860011375551732463178478647259626886557545041417199746718964729090307344444423944443187720522128941165223033737853463206799111335202506573552850770520466163862937369627222043631058581176646925316786178922936053043526055010375987216825795146162623648834517604502345091636527864619958136535035554424291823916195493363054890435369251863819765262655648212579531610713122457079279393593387761799453620187978721726422845933445410602295341161389372134674109938780688396	1,3,3,3,3,3,3,3,3,3,3,3	-4,-4,-4,-4,3,3,3,3,3,3,3,3	ok
0.674675	12.552553	-56.512639	0.411409	continued:5	24739664234858138982047535273920704865888201889876711837493816699690678265963591165069870505023217046633362579621148489165328977987949899797415602900085081435628786567950676391780949633448253616219680559998014214784634910618447122667639804607217055610037222276897125660535867393387520758988742191975475097134159821776175469287214857624750265388130867415580412873925910271279382629434282479656095907178473638142326186864698341018602123575843883404208311798618679388046194707946385968872279636660172423920762823771748609336176990325713506490614247467311351878471253089939596514261196666267475682898635077588364628629417296554229734815495315011752337585393015754405944996164827318009845582551593321289722257247006063686910061456841431892563940020873466746931070957111770150069590359792388197563206227771911411885143855184505614961998508226343153531223089971459935049708039359327667779120430067461929055441744031224422705223831560005091108633317128720548165517033711719448300771525660964913525817712220131912105082815080054605883136048554894173783193438041716508681297001277350562437894851607688119124032266056066591963623197071229719772200831481260746898621517899928612391918713268983151048632780119648896253765940151777173575597570025320253082336116946689981147789765900355562110523987436189411566954756946831913765892283629482126668117215787661175622538482371666841405595054624551275871666632475049764341931929868507018454948365774171910807496638367218687366613903751947086947394002612630474683257999387223688134848014104823955551645010680263372366206458226198558279883447844315148180302724249331888726196930807213187997142652942313186005148224878224024593537200103980637926868603500896185830904692094904758235554768415409124757267836161356776521732484146109863946926378105041694979170269733992817805415234240628485488200053302199364211031646323082439647263607276631895871769259044401451363766451126814443473134220489198884697731101960802990910300139680959518854832128513597114746389737973151315057975842081443516593123962467786526070102139874765749035637088432614260030772344792316488840415153698481155126035457741137680097748660410763036811870095293313414540437283852893333234643562710973384060038416228190613325616933189150517789061901654152308030489428549857055082465581427407486143000730202660813809057790100346399768338483335257539245860316494779637880208922066168766414992991208014608723526	24739664234858138982047535273920704865888201889876711837493816699690678265963591165069870505023217046633362579621148489165328977987949899797415602900486143006268665268678106964453841999524106595607605727243377372487650564782802452333008206763043514220470865892407412103036806892083064510289504814600080741268157165354063032161189525829409088498985531970815025159686244986955270210405434697787650037103444327391942508501376229453985083037857645944890272090078718974473418025044221755928344004123983175888817859152476099625581493080234216246769749121423440316080188755726314866454849365625903310727411127889898194381660787032015151698715736677481139420851742750719529547539689342907032684848982153429642503545479758778195831115174999007304520947563003595490867019874169994914300124258307833187901988179428014704959954258008163520937529812950909650540738739709363910934624816250948310905870516490152323845654698835235607375139145151252300518952681249670519366224367191080941950960612430590599784107574388270912656395965864142364667984575546882550050402798003370469155776659862256338059002106715868920421959433223756311341506694462249246973686264750035944554027554964157670321252914659435234646443493705820215443975578131042853312144842498626041110774295114357943343977994235411278780568636579719779334535830411637882705333309997231123600469625497189493642553791549843311401734777065392085541321394947579984224006699537407692901199620825278644183385466599681874649373386577166205882904627359075239891276269403990826293020536135579050514270038920947026657116958445695941832695058500966784765338866988401406030950964695562385929192193345627992619705642125447541279611231260728933961248184889406431596788686664214120514710308780241828615761624250705767042376282159121995983697106233105409340310413847019441036041050848930144968913019399609659684970195046192332904247255056550324709030784593628286875786844796689640879270337255026790310318495860011375551732463178478647259626886557545041417199746718964729090307344444423944443187720522128941165223033737853463206799111335202506573552850770520466163862937369627222043631058581176646925316786178922936053043526055010375987216825795146162623648834517604502345091636527864619958136535035554424291823916195493363054890435369251863819765262655648212579531610713122457079279393593387761799453620187978721726422845933445410602295341161389372134674109938780688396	1,3,3,3,3,3,3,3,3,3,3,3	-4,-4,-4,-4,3,3,3,3,3,3,3,3	ok
0.678679	12.552553	-56.777079	0.414202	continued:5	24739664234858138982047535273920704865888201889876711837493816699690678265963591165069870505023217046633362579621148489165328977987949899797415602900085081435628786567950676391780949633448253616219680559998014214784634910618447122667639804607217055610037222276897125660535867393387520758988742191975475097134159821776175469287214857624750265388130867415580412873925910271279382629434282479656095907178473638142326186864698341018602123575843883404208311798618679388046194707946385968872279636660172423920762823771748609336176990325713506490614247467311351878471253089939596514261196666267475682898635077588364628629417296554229734815495315011752337585393015754405944996164827318009845582551593321289722257247006063686910061456841431892563940020873466746931070957111770150069590359792388197563206227771911411885143855184505614961998508226343153531223089971459935049708039359327667779120430067461929055441744031224422705223831560005091108633317128720548165517033711719448300771525660964913525817712220131912105082815080054605883136048554894173783193438041716508681297001277350562437894851607688119124032266056066591963623197071229719772200831481260746898621517899928612391918713268983151048632780119634827944916655348282264918678566190420881773283436368221393491613911949128164505921481428215609108524503409441148456051028717709916397556911717001774031950703661111574934486474261088107943873541907632662744056546274843938288386457746233747137792548943727185493431372779661905629619233897384740511264614214317570296540842200703123636599875546532295990583957766998874160122483948346791984584346252523971082787351205933535444833836488109249049112608478941878873310676635726848416500525627071066867450481075713379579976233285026063550440539934196398046997660890758104887659878621053087946262914376950168913424387974494199271584584254048485972095078426145295086092895639115691384379608409659149698134207333136082596714586012868199702004938675362103169406264041995254472595518330682442301328793713681148779162023739890422807178515014098152732507426304595433046340242379548930200044749770443836898441653136886613797649230830295735641430327995013385242283499720784819705292882384401762249663480974950600496453129661786030317522534409300320588646868268258909121827032683864460916330397650725401782721723595982365919300891541077337604360412908370114495154434392644654559465785831192353079974729984616465274665	24739664234858138982047535273920704865888201889876711837493816699690678265963591165069870505023217046633362579621148489165328977987949899797415602900486143006268665268678106964453841999524106595607605727243377372487650564782802452333008206763043514220470865892407412103036806892083064510289504814600080741268157165354063032161189525829409088498985531970815025159686244986955270210405434697787650037103444327391942508501376229453985083037857645944890272090078718974473418025044221755928344004123983175888817859152476099625581493080234216246769749121423440316080188755726314866454849365625903310727411127889898194381660787032015151698715736677481139420851742750719529547539689342907032684848982153429642503545479758778195831115174999007304520947563003595490867019874169994914300124258307833187901988179428014704959954258008163520937529812950909650540738739709363910934624816250948310905870516490152323845654698835235607375139145151252300518952681249670519366224367191080941950960612430590599784107574388270912656395965864142364667984575546882550050402798003370469155776659862256338059002106715868920421959433223756311341506694462249246973686264750035944554027554964157670321252914659435234646443493705820215443975578131042853312144842498626041110774295114357943343977994235411278780568636579719779334535830411637882705333309997231123600469625497189493642553791549843311401734777065392085541321394947579984224006699537407692901199620825278644183385466599681874649373386577166205882904627359075239891276269403990826293020536135579050514270038920947026657116958445695941832695058500966784765338866988401406030950964695562385929192193345627992619705642125447541279611231260728933961248184889406431596788686664214120514710308780241828615761624250705767042376282159121995983697106233105409340310413847019441036041050848930144968913019399609659684970195046192332904247255056550324709030784593628286875786844796689640879270337255026790310318495860011375551732463178478647259626886557545041417199746718964729090307344444423944443187720522128941165223033737853463206799111335202506573552850770520466163862937369627222043631058581176646925316786178922936053043526055010375987216825795146162623648834517604502345091636527864619958136535035554424291823916195493363054890435369251863819765262655648212579531610713122457079279393593387761799453620187978721726422845933445410602295341161389372134674109938780688396	0,3,3,3,3,3,3,3,3,3,3,3	-4,-4,-4,-4,3,3,3,3,3,3,3,3	ok
0.682683	12.552553	-56.944464	0.412746	continued:5	24739664234858138982047535273920704865888201889876711837493816699690678265963591165069870505023217046633362579621148489165328977987949899797415602900085081435628786567950676391780949633448253616219680559998014214784634910618447122667639804607217055610037222276897125660535867393387520758988742191975475097134159821776175469287214857624750265388130867415580412873925910271279382629434282479656095907178473638142326186864698341018602123575843883404208311798618679388046194707946385968872279636660172423920762823771748609336176990325713506490614247467311351878471253089939596514261196666267475682898635077588364628629417296554229734815495315011752337585393015754405944996164827318009845582551593321289722257247006063686910061456841431892563940020873466746931070957111770150069590359792388197563206227771911411885143855184505614961998508226343153531223089971459935049708039359327667779120430067461929055441744031224422705223831560005091108633317128720548165517033711719448300771525660964913525817712220131912105082815080054605883136048554894173783193438041716508681297001277350562437894851607688119124032266056066591963623197071229719772200831481260746898621517899928612391918713268983151048632780119634827944916655348282264918678566190420881773283436368221393491613911949128164505921481428215609108524503409441148456051028717709916397556911717001774031950703661111574934486474261088107943873541907632662744056546274843938288386457746233747137792548943727185493431372779661905629619233897384740511264614214317570296540842200703123636599875546532295990583957766998874160122483948346791984584346252523971082787351205933535444833836488109249049112608478941878873310676635726848416500525627071066867450481075713379579976233285026063550440539934196398046997660890758104887659878621053087946262914376950168913424387974494199271584584254048485972095078426145295086092895639115691384379608409659149698134207333136082596714586012868199702004938675362103169406264041995254472595518330682442301328793713681148779162023739890422807178515014098152732507426304595433046340242379548930200044749770443836898441653136886613797649230830295735641430327995013385242283499720784819705292882384401762249663480974950600496453129661786030317522534409300320588646868268258909121827032683864460916330397650725401782721723595982365919300891541077337604360412908370114495154434392644654559465785831192353079974729984616465274665	24739664234858138982047535273920704865888201889876711837493816699690678265963591165069870505023217046633362579621148489165328977987949899797415602900486143006268665268678106964453841999524106595607605727243377372487650564782802452333008206763043514220470865892407412103036806892083064510289504814600080741268157165354063032161189525829409088498985531970815025159686244986955270210405434697787650037103444327391942508501376229453985083037857645944890272090078718974473418025044221755928344004123983175888817859152476099625581493080234216246769749121423440316080188755726314866454849365625903310727411127889898194381660787032015151698715736677481139420851742750719529547539689342907032684848982153429642503545479758778195831115174999007304520947563003595490867019874169994914300124258307833187901988179428014704959954258008163520937529812950909650540738739709363910934624816250948310905870516490152323845654698835235607375139145151252300518952681249670519366224367191080941950960612430590599784107574388270912656395965864142364667984575546882550050402798003370469155776659862256338059002106715868920421959433223756311341506694462249246973686264750035944554027554964157670321252914659435234646443493705820215443975578131042853312144842498626041110774295114357943343977994235411278780568636579719779334535830411637882705333309997231123600469625497189493642553791549843311401734777065392085541321394947579984224006699537407692901199620825278644183385466599681874649373386577166205882904627359075239891276269403990826293020536135579050514270038920947026657116958445695941832695058500966784765338866988401406030950964695562385929192193345627992619705642125447541279611231260728933961248184889406431596788686664214120514710308780241828615761624250705767042376282159121995983697106233105409340310413847019441036041050848930144968913019399609659684970195046192332904247255056550324709030784593628286875786844796689640879270337255026790310318495860011375551732463178478647259626886557545041417199746718964729090307344444423944443187720522128941165223033737853463206799111335202506573552850770520466163862937369627222043631058581176646925316786178922936053043526055010375987216825795146162623648834517604502345091636527864619958136535035554424291823916195493363054890435369251863819765262655648212579531610713122457079279393593387761799453620187978721726422845933445410602295341161389372134674109938780688396	0,3,3,3,3,3,3,3,3,3,3,3	-4,-4,-4,-4,3,3,3,3,3,3,3,3	ok
0.686687	12.552553	-57.095672	0.411831	continued:5	24739664234858138982047535273920704865888201889876711837493816699690678265963591165069870505023217046633362579621148489165328977987949899797415602900085081435628786567950676391780949633448253616219680559998014214784634910618447122667639804607217055610037222276897125660535867393387520758988742191975475097134159821776175469287214857624750265388130867415580412873925910271279382629434282479656095907178473638142326186864698341018602123575843883404208311798618679388046194707946385968872279636660172423920762823771748609336176990325713506490614247467311351878471253089939596514261196666267475682898635077588364628629417296554229734815495315011752337585393015754405944996164827318009845582551593321289722257247006063686910061456841431892563940020873466746931070957111770150069590359792388197563206227771911411885143855184505614961998508226343153531223089971459935049708039359327667779120430067461929055441744031224422705223831560005091108633317128720548165517033711719448300771525660964913525817712220131912105082815080054605883136048554894173783193438041716508681297001277350562437894851607688119124032266056066591963623197071229719772200831481260746898621517899928612391918713268983151048632780119634827944916655348282264918678566190420881773283436368221393491613911949128164505921481428215609108524503409441148456051028717709916397556911717001774031950703661111574934486474261088107943873541907632662744056546274843938288386457746233747137792548943727185493431372779661905629619233897384740511264614214317570296540842200703123636599875546532295990583957766998874160122483948346791984584346252523971082787351205933535444833836488109249049112608478941878873310676635726848416500525627071066867450481075713379579976233285026063550440539934196398046997660890758104887659878621053087946262914376950168913424387974494199271584584254048485972095078426145295086092895639115691384379608409659149698134207333136082596714586012868199702004938675362103169406264041995254472595518330682442301328793713681148779162023739890422807178515014098152732507426304595433046340242379548930200044749770443836898441653136886613797649230830295735641430327995013385242283499720784819705292882384401762249663480974950600496453129661786030317522534409300320588646868268258909121827032683864460916330397650725401782721723595982365919300891541077337604360412908370114495154434392644654559465785831192353079974729984616465274665	24739664234858138982047535273920704865888201889876711837493816699690678265963591165069870505023217046633362579621148489165328977987949899797415602900486143006268665268678106964453841999524106595607605727243377372487650564782802452333008206763043514220470865892407412103036806892083064510289504814600080741268157165354063032161189525829409088498985531970815025159686244986955270210405434697787650037103444327391942508501376229453985083037857645944890272090078718974473418025044221755928344004123983175888817859152476099625581493080234216246769749121423440316080188755726314866454849365625903310727411127889898194381660787032015151698715736677481139420851742750719529547539689342907032684848982153429642503545479758778195831115174999007304520947563003595490867019874169994914300124258307833187901988179428014704959954258008163520937529812950909650540738739709363910934624816250948310905870516490152323845654698835235607375139145151252300518952681249670519366224367191080941950960612430590599784107574388270912656395965864142364667984575546882550050402798003370469155776659862256338059002106715868920421959433223756311341506694462249246973686264750035944554027554964157670321252914659435234646443493705820215443975578131042853312144842498626041110774295114357943343977994235411278780568636579719779334535830411637882705333309997231123600469625497189493642553791549843311401734777065392085541321394947579984224006699537407692901199620825278644183385466599681874649373386577166205882904627359075239891276269403990826293020536135579050514270038920947026657116958445695941832695058500966784765338866988401406030950964695562385929192193345627992619705642125447541279611231260728933961248184889406431596788686664214120514710308780241828615761624250705767042376282159121995983697106233105409340310413847019441036041050848930144968913019399609659684970195046192332904247255056550324709030784593628286875786844796689640879270337255026790310318495860011375551732463178478647259626886557545041417199746718964729090307344444423944443187720522128941165223033737853463206799111335202506573552850770520466163862937369627222043631058581176646925316786178922936053043526055010375987216825795146162623648834517604502345091636527864619958136535035554424291823916195493363054890435369251863819765262655648212579531610713122457079279393593387761799453620187978721726422845933445410602295341161389372134674109938780688396	0,3,3,3,3,3,3,3,3,3,3,3	-4,-4,-4,-4,3,3,3,3,3,3,3,3	ok
0.690691	12.552553	-57.227920	0.410917	continued:5	24739664234858138982047535273920704865888201889876711837493816699690678265963591165069870505023217046633362579621148489165328977987949899797415602900085081435628786567950676391780949633448253616219680559998014214784634910618447122667639804607217055610037222276897125660535867393387520758988742191975475097134159821776175469287214857624750265388130867415580412873925910271279382629434282479656095907178473638142326186864698341018602123575843883404208311798618679388046194707946385968872279636660172423920762823771748609336176990325713506490614247467311351878471253089939596514261196666267475682898635077588364628629417296554229734815495315011752337585393015754405944996164827318009845582551593321289722257247006063686910061456841431892563940020873466746931070957111770150069590359792388197563206227771911411885143855184505614961998508226343153531223089971459935049708039359327667779120430067461929055441744031224422705223831560005091108633317128720548165517033711719448300771525660964913525817712220131912105082815080054605883136048554894173783193438041716508681297001277350562437894851607688119124032266056066591963623197071229719772200831481260746898621517899928612391918713268983151048632780119634827944916655348282264918678566190420881773283436368221393491613911949128164505921481428215609108524503409441148456051028717709916397556911717001774031950703661111574934486474261088107943873541907632662744056546274843938288386457746233747137792548943727185493431372779661905629619233897384740511264614214317570296540842200703123636599875546532295990583957766998874160122483948346791984584346252523971082787351205933535444833836488109249049112608478941878873310676635726848416500525627071066867450481075713379579976233285026063550440539934196398046997660890758104887659878621053087946262914376950168913424387974494199271584584254048485972095078426145295086092895639115691384379608409659149698134207333136082596714586012868199702004938675362103169406264041995254472595518330682442301328793713681148779162023739890422807178515014098152732507426304595433046340242379548930200044749770443836898441653136886613797649230830295735641430327995013385242283499720784819705292882384401762249663480974950600496453129661786030317522534409300320588646868268258909121827032683864460916330397650725401782721723595982365919300891541077337604360412908370114495154434392644654559465785831192353079974729984616465274665	24739664234858138982047535273920704865888201889876711837493816699690678265963591165069870505023217046633362579621148489165328977987949899797415602900486143006268665268678106964453841999524106595607605727243377372487650564782802452333008206763043514220470865892407412103036806892083064510289504814600080741268157165354063032161189525829409088498985531970815025159686244986955270210405434697787650037103444327391942508501376229453985083037857645944890272090078718974473418025044221755928344004123983175888817859152476099625581493080234216246769749121423440316080188755726314866454849365625903310727411127889898194381660787032015151698715736677481139420851742750719529547539689342907032684848982153429642503545479758778195831115174999007304520947563003595490867019874169994914300124258307833187901988179428014704959954258008163520937529812950909650540738739709363910934624816250948310905870516490152323845654698835235607375139145151252300518952681249670519366224367191080941950960612430590599784107574388270912656395965864142364667984575546882550050402798003370469155776659862256338059002106715868920421959433223756311341506694462249246973686264750035944554027554964157670321252914659435234646443493705820215443975578131042853312144842498626041110774295114357943343977994235411278780568636579719779334535830411637882705333309997231123600469625497189493642553791549843311401734777065392085541321394947579984224006699537407692901199620825278644183385466599681874649373386577166205882904627359075239891276269403990826293020536135579050514270038920947026657116958445695941832695058500966784765338866988401406030950964695562385929192193345627992619705642125447541279611231260728933961248184889406431596788686664214120514710308780241828615761624250705767042376282159121995983697106233105409340310413847019441036041050848930144968913019399609659684970195046192332904247255056550324709030784593628286875786844796689640879270337255026790310318495860011375551732463178478647259626886557545041417199746718964729090307344444423944443187720522128941165223033737853463206799111335202506573552850770520466163862937369627222043631058581176646925316786178922936053043526055010375987216825795146162623648834517604502345091636527864619958136535035554424291823916195493363054890435369251863819765262655648212579531610713122457079279393593387761799453620187978721726422845933445410602295341161389372134674109938780688396	0,3,3,3,3,3,3,3,3,3,3,3	-4,-4,-4,-4,3,3,3,3,3,3,3,3	ok
0.694695	12.552553	-57.345839	0.410543	full	24739664234858138982047535273920704865888201889876711837493816699690678265963591165069870505023217046633362579621148489165328977987949899797415602900085081435628786567950676391780949633448253616219680559998014214784634910618447122667639804607217055610037222276897125660535867393387520758988742191975475097134159821776175469287214857624750265388130867415580412873925910271279382629434282479656095907178473638142326186864698341018602123575843883404208311798618679388046194707946385968872279636660172423920762823771748609336176990325713506490614247467311351878471253089939596514261196666267475682898635077588364628629417296554229734815495315011752337585393015754405944996164827318009845582551593321289722257247006063686910061456841431892563940020873466746931070957111770150069590359792388197563206227771911411885143855184505614961998508226343153531223089971459935049708039359327667779120430067461929055441744031224422705223831560005091108633317128720548165517033711719448300771525660964913525817712220131912105082815080054605883136048554894173783193438041716508681297001277350562437894851607688119124032266056066591963623197071229719772200831481260746898621517899928612391918713268983151048632780119634827944916655348282264918678566190420881773283436368221393491613911949128164505921481428215609108524503409441148456051028717709916397556911717001774031950703661111574934486474261088107943873541907632662744056546274843938288386457746233747137792548943727185493431372779661905629619233897384740511264614214317570296540842200703123636599875546532295990583957766998874160122483948346791984584346252523971082787351205933535444833836488109249049112608478941878873310676635726848416500525627071066867450481075713379579976233285026063550440539934196398046997660890758104887659878621053087946262914376950168913424387974494199271584584254048485972095078426145295086092895639115691384379608409659149698134207333136082596714586012868199702004938675362103169406264041995254472595518330682442301328793713681148779162023739890422807178515014098152732507426304595433046340242379548930200044749770443836898441653136886613797649230830295735641430327995013385242283499720784819705292882384401762249663480974950600496453129661786030317522534409300320588646868268258909121827032683864460916330397650725401782721723595982365919300891541077337604360412908370114495154434392644654559465785831192353079974729984616465274665	24739664234858138982047535273920704865888201889876711837493816699690678265963591165069870505023217046633362579621148489165328977987949899797415602900486143006268665268678106964453841999524106595607605727243377372487650564782802452333008206763043514220470865892407412103036806892083064510289504814600080741268157165354063032161189525829409088498985531970815025159686244986955270210405434697787650037103444327391942508501376229453985083037857645944890272090078718974473418025044221755928344004123983175888817859152476099625581493080234216246769749121423440316080188755726314866454849365625903310727411127889898194381660787032015151698715736677481139420851742750719529547539689342907032684848982153429642503545479758778195831115174999007304520947563003595490867019874169994914300124258307833187901988179428014704959954258008163520937529812950909650540738739709363910934624816250948310905870516490152323845654698835235607375139145151252300518952681249670519366224367191080941950960612430590599784107574388270912656395965864142364667984575546882550050402798003370469155776659862256338059002106715868920421959433223756311341506694462249246973686264750035944554027554964157670321252914659435234646443493705820215443975578131042853312144842498626041110774295114357943343977994235411278780568636579719779334535830411637882705333309997231123600469625497189493642553791549843311401734777065392085541321394947579984224006699537407692901199620825278644183385466599681874649373386577166205882904627359075239891276269403990826293020536135579050514270038920947026657116958445695941832695058500966784765338866988401406030950964695562385929192193345627992619705642125447541279611231260728933961248184889406431596788686664214120514710308780241828615761624250705767042376282159121995983697106233105409340310413847019441036041050848930144968913019399609659684970195046192332904247255056550324709030784593628286875786844796689640879270337255026790310318495860011375551732463178478647259626886557545041417199746718964729090307344444423944443187720522128941165223033737853463206799111335202506573552850770520466163862937369627222043631058581176646925316786178922936053043526055010375987216825795146162623648834517604502345091636527864619958136535035554424291823916195493363054890435369251863819765262655648212579531610713122457079279393593387761799453620187978721726422845933445410602295341161389372134674109938780688396	0,3,3,3,3,3,3,3,3,3,3,3	-4,-4,-4,-4,3,3,3,3,3,3,3,3	ok
0.698699	12.552553	-18.890785	0.392223	continued:5	24739664234858138982047535273920704865888201889876711837493816699690678266527069749440504790571412139398611409270908450362730376250155074764676347344069888126517298474570859817860608502873391373146285427510315747585633769201540786967750755426439244909325087395028128868044225308262789884128060956514754247517702306425810931411575896427989859706075064718218471893517140662118299639008577497356111854595428210166315807732026393320608795249168317651695729421548767897306733768613302513900313747234910216702628396343057972743120228768071687743367812170271420131539175277064250947772621001186024499362163335793602171390789441233345359317297987613512980491695577916997660396957915557900310271635623458055025007041775847069041635811203256895352566087822033786766343037302223398419442420288675160901222754706690690966518603785237711745730763499632246794821702611212581403238113406002252819908487238453210437930412907369377220770586565902403360469112052194331355699172681218058600912097861834234685728509163337737349074185342289032272009772529037195573254778966688587558900055660072144278809022487554382658809806558064428353021275127081776410900980967206199354460442391625214857639764133401759178616057210680190398057943198554703123064624601181660446023242953363172469272447449114604306603789676668032281302982461618227348434344241480239631397835903839519478265189030951001209408772220016925107341479912568701564082262934999088780116117157913247841036010283824164068664803837757729257063220663294913321230139151791147367038607282105733904016359791183527241886003154841144844699741276832690531565598197988362867236693987899442686604165527015589030459917424605601810195980491409331875015847889767893397997851764918922389773504676120331392543491419098534999834244969247145556550831973114815044231233657722950610142402468854522006648954172443764314423238950001228862322460291231007742419224237436270306563202999239488874012867082031104349605713456773862569124387618118057663899662747824622269598140181829025823849459071217200217499424424921702079204165306034254003250821214459947311774588189544407889173479333726358175028336674590598227784079049643150162343597675915129829472380065525970735331867880378899325396537836666761765810631243557908279830814880986128184517012337907370167586812223690747962565062007279395474143260789754271822074879377170376998060728251658724928368646962339785363308878071480662388025	24739664234858138982047535273920704865888201889876711837493816699690678265963591165069870505023217046633362579621148489165328977987949899797415602900486143006268665268678106964453841999524106595607605727243377372487650564782802452333008206763043514220470865892407412103036806892083064510289504814600080741268157165354063032161189525829409088498985531970815025159686244986955270210405434697787650037103444327391942508501376229453985083037857645944890272090078718974473418025044221755928344004123983175888817859152476099625581493080234216246769749121423440316080188755726314866454849365625903310727411127889898194381660787032015151698715736677481139420851742750719529547539689342907032684848982153429642503545479758778195831115174999007304520947563003595490867019874169994914300124258307833187901988179428014704959954258008163520937529812950909650540738739709363910934624816250948310905870516490152323845654698835235607375139145151252300518952681249670519366224367191080941950960612430590599784107574388270912656395965864142364667984575546882550050402798003370469155776659862256338059002106715868920421959433223756311341506694462249246973686264750035944554027554964157670321252914659435234646443493705820215443975578131042853312144842498626041110774295114357943343977994235411278780568636579719779334535830411637882705333309997231123600469625497189493642553791549843311401734777065392085541321394947579984224006699537407692901199620825278644183385466599681874649373386577166205882904627359075239891276269403990826293020536135579050514270038920947026657116958445695941832695058500966784765338866988401406030950964695562385929192193345627992619705642125447541279611231260728933961248184889406431596788686664214120514710308780241828615761624250705767042376282159121995983697106233105409340310413847019441036041050848930144968913019399609659684970195046192332904247255056550324709030784593628286875786844796689640879270337255026790310318495860011375551732463178478647259626886557545041417199746718964729090307344444423944443187720522128941165223033737853463206799111335202506573552850770520466163862937369627222043631058581176646925316786178922936053043526055010375987216825795146162623648834517604502345091636527864619958136535035554424291823916195493363054890435369251863819765262655648212579531610713122457079279393593387761799453620187978721726422845933445410602295341161389372134674109938780688396	-2,-4,-4,-4,-4,3,3,3,3,3,3,3	-4,-4,-4,-4,3,3,3,3,3,3,3,3	ok
0.702703	12.552553	-47.001305	0.395017	continued:5	24739664234858138982047535273920704865888201889876711837493816699690678266527069749440504790571412139398611409270908450362730376250155074764676347344069888126517298474570859817860608502873391373146285427510315747585633769201540786967750755426439244909325087395028128868044225308262789884128060956514754247517702306425810931411575896427989859706075064718218471893517140662118299639008577497356111854595428210166315807732026393320608795249168317651695729421548767897306733768613302513900313747234910216702628396343057972743120228768071687743367812170271420131539175277064250947772621001186024499362163335793602171390789441233345359317297987613512980491695577916997660396957915557900310271635623458055025007041775847069041635811203256895352566087822033786766343037302223398419442420288675160901222754706690690966518603785237711745730763499632246794821702611212581403238113406002252819908487238453210437930412907369377220770586565902403360469112052194331355699172681218058600912097861834234685728509163337737349074185342289032272009772529037195573254778966688587558900055660072144278809022487554382658809806558064428353021275127081776410900980967206199354460442391625214857639764133401759178616057210680190398057943198554703123064624601181660446023242953363172469272447449114604306603789676668032281302982461618227348434344241480239631397835903839519478265189030951001209408772220016925107341479912568701564082262934999088780116117157913247841036010283824164068664803837757729257063220663294913321230139151791147367038607282105733904016359791183527241886003154841144844699741276832690531565598197988362867236693987899442686604165527015589030459917424605601810195980491409331875015847889767893397997851764918922389773504676120331392543491419098534999834244969247145556550831973114815044231233657722950610142402468854522006648954172443764314423238950001228862322460291231007742419224237436270306563202999239488874012867082031104349605713456773862569124387618118057663899662747824622269598140181829025823849459071217200217499424424921702079204165306034254003250821214459947311774588189544407889173479333726358175028336674590598227784079049643150162343597675915129829472380065525970735331867880378899325396537836666761765810631243557908279830814880986128184517012337907370167586812223690747962565062007279395474143260789754271822074879377170376998060728251658724928368646962339785363308878071480662388025	24739664234858138982047535273920704865888201889876711837493816699690678265963591165069870505023217046633362579621148489165328977987949899797415602900486143006268665268678106964453841999524106595607605727243377372487650564782802452333008206763043514220470865892407412103036806892083064510289504814600080741268157165354063032161189525829409088498985531970815025159686244986955270210405434697787650037103444327391942508501376229453985083037857645944890272090078718974473418025044221755928344004123983175888817859152476099625581493080234216246769749121423440316080188755726314866454849365625903310727411127889898194381660787032015151698715736677481139420851742750719529547539689342907032684848982153429642503545479758778195831115174999007304520947563003595490867019874169994914300124258307833187901988179428014704959954258008163520937529812950909650540738739709363910934624816250948310905870516490152323845654698835235607375139145151252300518952681249670519366224367191080941950960612430590599784107574388270912656395965864142364667984575546882550050402798003370469155776659862256338059002106715868920421959433223756311341506694462249246973686264750035944554027554964157670321252914659435234646443493705820215443975578131042853312144842498626041110774295114357943343977994235411278780568636579719779334535830411637882705333309997231123600469625497189493642553791549843311401734777065392085541321394947579984224006699537407692901199620825278644183385466599681874649373386577166205882904627359075239891276269403990826293020536135579050514270038920947026657116958445695941832695058500966784765338866988401406030950964695562385929192193345627992619705642125447541279611231260728933961248184889406431596788686664214120514710308780241828615761624250705767042376282159121995983697106233105409340310413847019441036041050848930144968913019399609659684970195046192332904247255056550324709030784593628286875786844796689640879270337255026790310318495860011375551732463178478647259626886557545041417199746718964729090307344444423944443187720522128941165223033737853463206799111335202506573552850770520466163862937369627222043631058581176646925316786178922936053043526055010375987216825795146162623648834517604502345091636527864619958136535035554424291823916195493363054890435369251863819765262655648212579531610713122457079279393593387761799453620187978721726422845933445410602295341161389372134674109938780688396	-2,-4,-4,-4,-4,3,3,3,3,3,3,3	-4,-4,-4,-4,3,3,3,3,3,3,3,3	ok
0.706707	12.552553	-50.875026	0.397810	continued:5	24739664234858138982047535273920704865888201889876711837493816699690678266527069749440504790571412139398611409270908450362730376250155074764676347344069888126517298474570859817860608502873391373146285427510315747585633769201540786967750755426439244909325087395028128868044225308262789884128060956514754247517702306425810931411575896427989859706075064718218471893517140662118299639008577497356111854595428210166315807732026393320608795249168317651695729421548767897306733768613302513900313747234910216702628396343057972743120228768071687743367812170271420131539175277064250947772621001186024499362163335793602171390789441233345359317297987613512980491695577916997660396957915557900310271635623458055025007041775847069041635811203256895352566087822033786766343037302223398419442420288675160901222754706690690966518603785237711745730763499632246794821702611212581403238113406002252819908487238453210437930412907369377220770586565902403360469112052194331355699172681218058600912097861834234685728509163337737349074185342289032272009772529037195573254778966688587558900055660072144278809022487554382658809806558064428353021275127081776410900980967206199354460442391625214857639764133401759178616057210673156243633300796807248794605122683731974791496902664128878641184520473500825398215812641159434827628998622259292915673218874003973386059003237887445082762880209786399957615563799203180616399064332818912996058392810196869654083006490334642056061239251179056009615294506290117464688484025949120568719819283456124580544682881171421260943541579248527704869898537742188703833871961088688204538498117265321771286761309247552685482079962262050552845513714934846045182058722227987606665606042180617044588443607459813064997879976194827291424712032310443011090956239365061217361518410802453124524840558011953805365761494457801009569163317744034818142535244063518808384830620220565418152783289956624749749819076668016024265032457536863212943413743867832753754773611384186639210741581136382046281168136879454471498331878163458120352190565978782247931890290295701266018978036779034468107326187079926916798699596662346300581249330764795567806508746121156744125367811518619897619348002395798294907765649592376122383521072922104001273026981807900119826443200996317126277171178704077483113072074268653747754487474408483425854972111137166212140154130568988566022312919789958312847244142489313149410058949163660852994	24739664234858138982047535273920704865888201889876711837493816699690678265963591165069870505023217046633362579621148489165328977987949899797415602900486143006268665268678106964453841999524106595607605727243377372487650564782802452333008206763043514220470865892407412103036806892083064510289504814600080741268157165354063032161189525829409088498985531970815025159686244986955270210405434697787650037103444327391942508501376229453985083037857645944890272090078718974473418025044221755928344004123983175888817859152476099625581493080234216246769749121423440316080188755726314866454849365625903310727411127889898194381660787032015151698715736677481139420851742750719529547539689342907032684848982153429642503545479758778195831115174999007304520947563003595490867019874169994914300124258307833187901988179428014704959954258008163520937529812950909650540738739709363910934624816250948310905870516490152323845654698835235607375139145151252300518952681249670519366224367191080941950960612430590599784107574388270912656395965864142364667984575546882550050402798003370469155776659862256338059002106715868920421959433223756311341506694462249246973686264750035944554027554964157670321252914659435234646443493705820215443975578131042853312144842498626041110774295114357943343977994235411278780568636579719779334535830411637882705333309997231123600469625497189493642553791549843311401734777065392085541321394947579984224006699537407692901199620825278644183385466599681874649373386577166205882904627359075239891276269403990826293020536135579050514270038920947026657116958445695941832695058500966784765338866988401406030950964695562385929192193345627992619705642125447541279611231260728933961248184889406431596788686664214120514710308780241828615761624250705767042376282159121995983697106233105409340310413847019441036041050848930144968913019399609659684970195046192332904247255056550324709030784593628286875786844796689640879270337255026790310318495860011375551732463178478647259626886557545041417199746718964729090307344444423944443187720522128941165223033737853463206799111335202506573552850770520466163862937369627222043631058581176646925316786178922936053043526055010375987216825795146162623648834517604502345091636527864619958136535035554424291823916195493363054890435369251863819765262655648212579531610713122457079279393593387761799453620187978721726422845933445410602295341161389372134674109938780688396	1,-4,-4,-4,-4,3,3,3,3,3,3,3	-4,-4,-4,-4,3,3,3,3,3,3,3,3	ok
0.710711	12.552553	-53.286932	0.398184	continued:5	24739664234858138982047535273920704865888201889876711837493816699690678265963591165069870505023217046633362579621148489165328977987949899797415602900085081435628786567950676391780949633448253616219680559998014214784634910618447122667639804607217055610037222276897125660535867393387520758988742191975881454668757766456386039099618304136651166884285837894817315224103333988986022139294086321685154999346340705988103078279492809641656432950215478117816222205266648568411397418925046010008480574710698821954765024242012324702958840527170691397468834926110714722062344576291849261675828451121993701604115701508243628541371186781104664750453506678450990658685568877319368724842489366294600223726679557182485111500144011805314426535016123806594563159834704421627591278254098145543334614838595418659350735064119136615550909153916789982856517125346862661227399851506503677119661384586623759841225285653771144345770541906184539519104941031220044588169549394770200017461390905581925298086151522809307449802203222974575540394725875975613318942282656692285373790701768039928224139907689742983609684357165165999207726031406986345064845442052163822899745749684239296069717432693993739901942491195871247188184005622544785201503778731692980763148695451320067864505419433903296146435519659445296496521753471751053227747100453951667941404082669168467397904837511477314606979965133586611493917731935764814635083454704415971377330927400925606195959818431792469429418116723704386606181200779275427328448710823557613447746209908018375062744436514008448136725837375018889739373788918034661386782197106728884664734208458407490415983494747724025743014546106959052115082581517674412963303533831592714298898434370562696760364284907649524262263203863738811407641223237417792595228795567209392197346168129532869186393699250511460803609604775790350055181876012354996063835746263526287716560314813811620925060168891017297616944232700143626717187252726401614482694460612123445628743173456126897633169507145484634472958365316154041498756742212285370794794943044917860959341170625479307682910920823252007181387177510642904251136218634729923121143365381055468330009120571229595835534174707444212211923579929623123189784216056145019741206793077625668066727235911128282011752922343020711243420613039895996532816209969481955781758149729410573607684771633603829608966645618928414800755731073563281257215197415316980466356186475953769123	24739664234858138982047535273920704865888201889876711837493816699690678265963591165069870505023217046633362579621148489165328977987949899797415602900486143006268665268678106964453841999524106595607605727243377372487650564782802452333008206763043514220470865892407412103036806892083064510289504814600080741268157165354063032161189525829409088498985531970815025159686244986955270210405434697787650037103444327391942508501376229453985083037857645944890272090078718974473418025044221755928344004123983175888817859152476099625581493080234216246769749121423440316080188755726314866454849365625903310727411127889898194381660787032015151698715736677481139420851742750719529547539689342907032684848982153429642503545479758778195831115174999007304520947563003595490867019874169994914300124258307833187901988179428014704959954258008163520937529812950909650540738739709363910934624816250948310905870516490152323845654698835235607375139145151252300518952681249670519366224367191080941950960612430590599784107574388270912656395965864142364667984575546882550050402798003370469155776659862256338059002106715868920421959433223756311341506694462249246973686264750035944554027554964157670321252914659435234646443493705820215443975578131042853312144842498626041110774295114357943343977994235411278780568636579719779334535830411637882705333309997231123600469625497189493642553791549843311401734777065392085541321394947579984224006699537407692901199620825278644183385466599681874649373386577166205882904627359075239891276269403990826293020536135579050514270038920947026657116958445695941832695058500966784765338866988401406030950964695562385929192193345627992619705642125447541279611231260728933961248184889406431596788686664214120514710308780241828615761624250705767042376282159121995983697106233105409340310413847019441036041050848930144968913019399609659684970195046192332904247255056550324709030784593628286875786844796689640879270337255026790310318495860011375551732463178478647259626886557545041417199746718964729090307344444423944443187720522128941165223033737853463206799111335202506573552850770520466163862937369627222043631058581176646925316786178922936053043526055010375987216825795146162623648834517604502345091636527864619958136535035554424291823916195493363054890435369251863819765262655648212579531610713122457079279393593387761799453620187978721726422845933445410602295341161389372134674109938780688396	1,-4,-4,3,3,3,3,3,3,3,3,3	-4,-4,-4,-4,3,3,3,3,3,3,3,3	ok
0.714715	12.552553	-54.792031	0.400977	continued:5	24739664234858138982047535273920704865888201889876711837493816699690678265963591165069870505023217046633362579621148489165328977987949899797415602900085081435628786567950676391780949633448253616219680559998014214784634910618447122667639804607217055610037222276897125660535867393387520758988742191975475097134159821776175469287214857624750265388130867415580412873925910271279382629434282479656095907178473638142326186864698341018602123575843883404208311798618679388046194707946385968872279636660172423920762823771748609336176990325713506490614247467311351878471253089939596514261196666267475682898635077588364628629417296554229734815495315011752337585393015754405944996164827318009845582551593321289722257247006063686910061456841431892563940020873466746931070957111770150069590359792388197563206227771911411885143855184505614961998508226343153531223089971459935049708039359327667779120430067461929055441744031224422705223831560005091108633317128720548165517033711719448300771525660964913525817712220131912105082815080054605883136048554894173783193438041716508681297001277350562437894851607688119124032266056066591963623197071229719772200831481260746898621517899928612391918713268983151048632780119648896253765940151777173575597570025320253082336116946689981147789765900355562110523987436189411566954756946831913765892283629482126668117215787661175622538482371666841405595054624551275871666632475049764341931929868507018454948365774171910807496638367218687366613903751947086947394002612630474683257999387223688134848014104823955551645010680263372366206458226198558279883447844315148180302724249331888726196930807213187997142652942313186005148224878224024593537200103980637926868603500896185830904692094904758235554768415409124757267836161356776521732484146109863946926378105041694979170269733992817805415234240628485488200053302199364211031646323082439647263607276631895871769259044401451363766451126814443473134220489198884697731101960802990910300139680959518854832128513597114746389737973151315057975842081443516593123962467786526070102139874765749035637088432614260030772344792316488840415153698481155126035457741137680097748660410763036811870095293313414540437283852893333234643562710973384060038416228190613325616933189150517789061901654152308030489428549857055082465581427407486143000730202660813809057790100346399768338483335257539245860316494779637880208922066168766414992991208014608723526	24739664234858138982047535273920704865888201889876711837493816699690678265963591165069870505023217046633362579621148489165328977987949899797415602900486143006268665268678106964453841999524106595607605727243377372487650564782802452333008206763043514220470865892407412103036806892083064510289504814600080741268157165354063032161189525829409088498985531970815025159686244986955270210405434697787650037103444327391942508501376229453985083037857645944890272090078718974473418025044221755928344004123983175888817859152476099625581493080234216246769749121423440316080188755726314866454849365625903310727411127889898194381660787032015151698715736677481139420851742750719529547539689342907032684848982153429642503545479758778195831115174999007304520947563003595490867019874169994914300124258307833187901988179428014704959954258008163520937529812950909650540738739709363910934624816250948310905870516490152323845654698835235607375139145151252300518952681249670519366224367191080941950960612430590599784107574388270912656395965864142364667984575546882550050402798003370469155776659862256338059002106715868920421959433223756311341506694462249246973686264750035944554027554964157670321252914659435234646443493705820215443975578131042853312144842498626041110774295114357943343977994235411278780568636579719779334535830411637882705333309997231123600469625497189493642553791549843311401734777065392085541321394947579984224006699537407692901199620825278644183385466599681874649373386577166205882904627359075239891276269403990826293020536135579050514270038920947026657116958445695941832695058500966784765338866988401406030950964695562385929192193345627992619705642125447541279611231260728933961248184889406431596788686664214120514710308780241828615761624250705767042376282159121995983697106233105409340310413847019441036041050848930144968913019399609659684970195046192332904247255056550324709030784593628286875786844796689640879270337255026790310318495860011375551732463178478647259626886557545041417199746718964729090307344444423944443187720522128941165223033737853463206799111335202506573552850770520466163862937369627222043631058581176646925316786178922936053043526055010375987216825795146162623648834517604502345091636527864619958136535035554424291823916195493363054890435369251863819765262655648212579531610713122457079279393593387761799453620187978721726422845933445410602295341161389372134674109938780688396	1,3,3,3,3,3,3,3,3,3,3,3	-4,-4,-4,-4,3,3,3,3,3,3,3,3	ok
0.718719	12.552553	-55.653870	0.403230	continued:5	24739664234858138982047535273920704865888201889876711837493816699690678265963591165069870505023217046633362579621148489165328977987949899797415602900085081435628786567950676391780949633448253616219680559998014214784634910618447122667639804607217055610037222276897125660535867393387520758988742191975475097134159821776175469287214857624750265388130867415580412873925910271279382629434282479656095907178473638142326186864698341018602123575843883404208311798618679388046194707946385968872279636660172423920762823771748609336176990325713506490614247467311351878471253089939596514261196666267475682898635077588364628629417296554229734815495315011752337585393015754405944996164827318009845582551593321289722257247006063686910061456841431892563940020873466746931070957111770150069590359792388197563206227771911411885143855184505614961998508226343153531223089971459935049708039359327667779120430067461929055441744031224422705223831560005091108633317128720548165517033711719448300771525660964913525817712220131912105082815080054605883136048554894173783193438041716508681297001277350562437894851607688119124032266056066591963623197071229719772200831481260746898621517899928612391918713268983151048632780119655930408190582553524627904057071942769938736862457235924274975877692875969260912825240440176312796169883715527296420812911085368231803397367822990876417832371726944474641149344806282859835563177758758315140869621665338558538229319788140992642348683078964438303205169238089677606281386970253341769254691973676747054001600056884371509167578247128910554017708455798400339763929792299326278161913247735847547901720607853014273297061169415154483166033077865097453650461838107532682052642437808745312631797604500447563344035980600655360681484274936965759099895773785743476559627847035998495623947412514142251410657373695628596507787826274803330499930271551011927848963095389998115464084361772602196582573023653623911344037727364227195594183603523434780747077500441651045950433605054450968920210102886398197382751252220063486096686194630712738899496659850907030285511459146924946136142303252814811401903979278425790228571196558652325907826618637862596663393079577711958009484587139118727133603578984775841831059511392904829664132579075616389269418347099007484820626482853352165533173315748528323140233506000037753936239379980930850327518548701251621213257545847129540580490183656973082502121819713680447958	24739664234858138982047535273920704865888201889876711837493816699690678265963591165069870505023217046633362579621148489165328977987949899797415602900486143006268665268678106964453841999524106595607605727243377372487650564782802452333008206763043514220470865892407412103036806892083064510289504814600080741268157165354063032161189525829409088498985531970815025159686244986955270210405434697787650037103444327391942508501376229453985083037857645944890272090078718974473418025044221755928344004123983175888817859152476099625581493080234216246769749121423440316080188755726314866454849365625903310727411127889898194381660787032015151698715736677481139420851742750719529547539689342907032684848982153429642503545479758778195831115174999007304520947563003595490867019874169994914300124258307833187901988179428014704959954258008163520937529812950909650540738739709363910934624816250948310905870516490152323845654698835235607375139145151252300518952681249670519366224367191080941950960612430590599784107574388270912656395965864142364667984575546882550050402798003370469155776659862256338059002106715868920421959433223756311341506694462249246973686264750035944554027554964157670321252914659435234646443493705820215443975578131042853312144842498626041110774295114357943343977994235411278780568636579719779334535830411637882705333309997231123600469625497189493642553791549843311401734777065392085541321394947579984224006699537407692901199620825278644183385466599681874649373386577166205882904627359075239891276269403990826293020536135579050514270038920947026657116958445695941832695058500966784765338866988401406030950964695562385929192193345627992619705642125447541279611231260728933961248184889406431596788686664214120514710308780241828615761624250705767042376282159121995983697106233105409340310413847019441036041050848930144968913019399609659684970195046192332904247255056550324709030784593628286875786844796689640879270337255026790310318495860011375551732463178478647259626886557545041417199746718964729090307344444423944443187720522128941165223033737853463206799111335202506573552850770520466163862937369627222043631058581176646925316786178922936053043526055010375987216825795146162623648834517604502345091636527864619958136535035554424291823916195493363054890435369251863819765262655648212579531610713122457079279393593387761799453620187978721726422845933445410602295341161389372134674109938780688396	-2,3,3,3,3,3,3,3,3,3,3,3	-4,-4,-4,-4,3,3,3,3,3,3,3,3	ok
0.722723	12.552553	-56.202378	0.406023	continued:5	24739664234858138982047535273920704865888201889876711837493816699690678265963591165069870505023217046633362579621148489165328977987949899797415602900085081435628786567950676391780949633448253616219680559998014214784634910618447122667639804607217055610037222276897125660535867393387520758988742191975475097134159821776175469287214857624750265388130867415580412873925910271279382629434282479656095907178473638142326186864698341018602123575843883404208311798618679388046194707946385968872279636660172423920762823771748609336176990325713506490614247467311351878471253089939596514261196666267475682898635077588364628629417296554229734815495315011752337585393015754405944996164827318009845582551593321289722257247006063686910061456841431892563940020873466746931070957111770150069590359792388197563206227771911411885143855184505614961998508226343153531223089971459935049708039359327667779120430067461929055441744031224422705223831560005091108633317128720548165517033711719448300771525660964913525817712220131912105082815080054605883136048554894173783193438041716508681297001277350562437894851607688119124032266056066591963623197071229719772200831481260746898621517899928612391918713268983151048632780119648896253765940151777173575597570025320253082336116946689981147789765900355562110523987436189411566954756946831913765892283629482126668117215787661175622538482371666841405595054624551275871666632475049764341931929868507018454948365774171910807496638367218687366613903751947086947394002612630474683257999387223688134848014104823955551645010680263372366206458226198558279883447844315148180302724249331888726196930807213187997142652942313186005148224878224024593537200103980637926868603500896185830904692094904758235554768415409124757267836161356776521732484146109863946926378105041694979170269733992817805415234240628485488200053302199364211031646323082439647263607276631895871769259044401451363766451126814443473134220489198884697731101960802990910300139680959518854832128513597114746389737973151315057975842081443516593123962467786526070102139874765749035637088432614260030772344792316488840415153698481155126035457741137680097748660410763036811870095293313414540437283852893333234643562710973384060038416228190613325616933189150517789061901654152308030489428549857055082465581427407486143000730202660813809057790100346399768338483335257539245860316494779637880208922066168766414992991208014608723526	24739664234858138982047535273920704865888201889876711837493816699690678265963591165069870505023217046633362579621148489165328977987949899797415602900486143006268665268678106964453841999524106595607605727243377372487650564782802452333008206763043514220470865892407412103036806892083064510289504814600080741268157165354063032161189525829409088498985531970815025159686244986955270210405434697787650037103444327391942508501376229453985083037857645944890272090078718974473418025044221755928344004123983175888817859152476099625581493080234216246769749121423440316080188755726314866454849365625903310727411127889898194381660787032015151698715736677481139420851742750719529547539689342907032684848982153429642503545479758778195831115174999007304520947563003595490867019874169994914300124258307833187901988179428014704959954258008163520937529812950909650540738739709363910934624816250948310905870516490152323845654698835235607375139145151252300518952681249670519366224367191080941950960612430590599784107574388270912656395965864142364667984575546882550050402798003370469155776659862256338059002106715868920421959433223756311341506694462249246973686264750035944554027554964157670321252914659435234646443493705820215443975578131042853312144842498626041110774295114357943343977994235411278780568636579719779334535830411637882705333309997231123600469625497189493642553791549843311401734777065392085541321394947579984224006699537407692901199620825278644183385466599681874649373386577166205882904627359075239891276269403990826293020536135579050514270038920947026657116958445695941832695058500966784765338866988401406030950964695562385929192193345627992619705642125447541279611231260728933961248184889406431596788686664214120514710308780241828615761624250705767042376282159121995983697106233105409340310413847019441036041050848930144968913019399609659684970195046192332904247255056550324709030784593628286875786844796689640879270337255026790310318495860011375551732463178478647259626886557545041417199746718964729090307344444423944443187720522128941165223033737853463206799111335202506573552850770520466163862937369627222043631058581176646925316786178922936053043526055010375987216825795146162623648834517604502345091636527864619958136535035554424291823916195493363054890435369251863819765262655648212579531610713122457079279393593387761799453620187978721726422845933445410602295341161389372134674109938780688396	1,3,3,3,3,3,3,3,3,3,3,3	-4,-4,-4,-4,3,3,3,3,3,3,3,3	ok
0.726727	12.552553	-56.564425	0.406859	continued:5	24739664234858138982047535273920704865888201889876711837493816699690678265963591165069870505023217046633362579621148489165328977987949899797415602900085081435628786567950676391780949633448253616219680559998014214784634910618447122667639804607217055610037222276897125660535867393387520758988742191975475097134159821776175469287214857624750265388130867415580412873925910271279382629434282479656095907178473638142326186864698341018602123575843883404208311798618679388046194707946385968872279636660172423920762823771748609336176990325713506490614247467311351878471253089939596514261196666267475682898635077588364628629417296554229734815495315011752337585393015754405944996164827318009845582551593321289722257247006063686910061456841431892563940020873466746931070957111770150069590359792388197563206227771911411885143855184505614961998508226343153531223089971459935049708039359327667779120430067461929055441744031224422705223831560005091108633317128720548165517033711719448300771525660964913525817712220131912105082815080054605883136048554894173783193438041716508681297001277350562437894851607688119124032266056066591963623197071229719772200831481260746898621517899928612391918713268983151048632780119648896253765940151777173575597570025320253082336116946689981147789765900355562110523987436189411566954756946831913765892283629482126668117215787661175622538482371666841405595054624551275871666632475049764341931929868507018454948365774171910807496638367218687366613903751947086947394002612630474683257999387223688134848014104823955551645010680263372366206458226198558279883447844315148180302724249331888726196930807213187997142652942313186005148224878224024593537200103980637926868603500896185830904692094904758235554768415409124757267836161356776521732484146109863946926378105041694979170269733992817805415234240628485488200053302199364211031646323082439647263607276631895871769259044401451363766451126814443473134220489198884697731101960802990910300139680959518854832128513597114746389737973151315057975842081443516593123962467786526070102139874765749035637088432614260030772344792316488840415153698481155126035457741137680097748660410763036811870095293313414540437283852893333234643562710973384060038416228190613325616933189150517789061901654152308030489428549857055082465581427407486143000730202660813809057790100346399768338483335257539245860316494779637880208922066168766414992991208014608723526	24739664234858138982047535273920704865888201889876711837493816699690678265963591165069870505023217046633362579621148489165328977987949899797415602900486143006268665268678106964453841999524106595607605727243377372487650564782802452333008206763043514220470865892407412103036806892083064510289504814600080741268157165354063032161189525829409088498985531970815025159686244986955270210405434697787650037103444327391942508501376229453985083037857645944890272090078718974473418025044221755928344004123983175888817859152476099625581493080234216246769749121423440316080188755726314866454849365625903310727411127889898194381660787032015151698715736677481139420851742750719529547539689342907032684848982153429642503545479758778195831115174999007304520947563003595490867019874169994914300124258307833187901988179428014704959954258008163520937529812950909650540738739709363910934624816250948310905870516490152323845654698835235607375139145151252300518952681249670519366224367191080941950960612430590599784107574388270912656395965864142364667984575546882550050402798003370469155776659862256338059002106715868920421959433223756311341506694462249246973686264750035944554027554964157670321252914659435234646443493705820215443975578131042853312144842498626041110774295114357943343977994235411278780568636579719779334535830411637882705333309997231123600469625497189493642553791549843311401734777065392085541321394947579984224006699537407692901199620825278644183385466599681874649373386577166205882904627359075239891276269403990826293020536135579050514270038920947026657116958445695941832695058500966784765338866988401406030950964695562385929192193345627992619705642125447541279611231260728933961248184889406431596788686664214120514710308780241828615761624250705767042376282159121995983697106233105409340310413847019441036041050848930144968913019399609659684970195046192332904247255056550324709030784593628286875786844796689640879270337255026790310318495860011375551732463178478647259626886557545041417199746718964729090307344444423944443187720522128941165223033737853463206799111335202506573552850770520466163862937369627222043631058581176646925316786178922936053043526055010375987216825795146162623648834517604502345091636527864619958136535035554424291823916195493363054890435369251863819765262655648212579531610713122457079279393593387761799453620187978721726422845933445410602295341161389372134674109938780688396	1,3,3,3,3,3,3,3,3,3,3,3	-4,-4,-4,-4,3,3,3,3,3,3,3,3	ok
0.730731	12.552553	-56.829239	0.409652	continued:5	24739664234858138982047535273920704865888201889876711837493816699690678265963591165069870505023217046633362579621148489165328977987949899797415602900085081435628786567950676391780949633448253616219680559998014214784634910618447122667639804607217055610037222276897125660535867393387520758988742191975475097134159821776175469287214857624750265388130867415580412873925910271279382629434282479656095907178473638142326186864698341018602123575843883404208311798618679388046194707946385968872279636660172423920762823771748609336176990325713506490614247467311351878471253089939596514261196666267475682898635077588364628629417296554229734815495315011752337585393015754405944996164827318009845582551593321289722257247006063686910061456841431892563940020873466746931070957111770150069590359792388197563206227771911411885143855184505614961998508226343153531223089971459935049708039359327667779120430067461929055441744031224422705223831560005091108633317128720548165517033711719448300771525660964913525817712220131912105082815080054605883136048554894173783193438041716508681297001277350562437894851607688119124032266056066591963623197071229719772200831481260746898621517899928612391918713268983151048632780119634827944916655348282264918678566190420881773283436368221393491613911949128164505921481428215609108524503409441148456051028717709916397556911717001774031950703661111574934486474261088107943873541907632662744056546274843938288386457746233747137792548943727185493431372779661905629619233897384740511264614214317570296540842200703123636599875546532295990583957766998874160122483948346791984584346252523971082787351205933535444833836488109249049112608478941878873310676635726848416500525627071066867450481075713379579976233285026063550440539934196398046997660890758104887659878621053087946262914376950168913424387974494199271584584254048485972095078426145295086092895639115691384379608409659149698134207333136082596714586012868199702004938675362103169406264041995254472595518330682442301328793713681148779162023739890422807178515014098152732507426304595433046340242379548930200044749770443836898441653136886613797649230830295735641430327995013385242283499720784819705292882384401762249663480974950600496453129661786030317522534409300320588646868268258909121827032683864460916330397650725401782721723595982365919300891541077337604360412908370114495154434392644654559465785831192353079974729984616465274665	24739664234858138982047535273920704865888201889876711837493816699690678265963591165069870505023217046633362579621148489165328977987949899797415602900486143006268665268678106964453841999524106595607605727243377372487650564782802452333008206763043514220470865892407412103036806892083064510289504814600080741268157165354063032161189525829409088498985531970815025159686244986955270210405434697787650037103444327391942508501376229453985083037857645944890272090078718974473418025044221755928344004123983175888817859152476099625581493080234216246769749121423440316080188755726314866454849365625903310727411127889898194381660787032015151698715736677481139420851742750719529547539689342907032684848982153429642503545479758778195831115174999007304520947563003595490867019874169994914300124258307833187901988179428014704959954258008163520937529812950909650540738739709363910934624816250948310905870516490152323845654698835235607375139145151252300518952681249670519366224367191080941950960612430590599784107574388270912656395965864142364667984575546882550050402798003370469155776659862256338059002106715868920421959433223756311341506694462249246973686264750035944554027554964157670321252914659435234646443493705820215443975578131042853312144842498626041110774295114357943343977994235411278780568636579719779334535830411637882705333309997231123600469625497189493642553791549843311401734777065392085541321394947579984224006699537407692901199620825278644183385466599681874649373386577166205882904627359075239891276269403990826293020536135579050514270038920947026657116958445695941832695058500966784765338866988401406030950964695562385929192193345627992619705642125447541279611231260728933961248184889406431596788686664214120514710308780241828615761624250705767042376282159121995983697106233105409340310413847019441036041050848930144968913019399609659684970195046192332904247255056550324709030784593628286875786844796689640879270337255026790310318495860011375551732463178478647259626886557545041417199746718964729090307344444423944443187720522128941165223033737853463206799111335202506573552850770520466163862937369627222043631058581176646925316786178922936053043526055010375987216825795146162623648834517604502345091636527864619958136535035554424291823916195493363054890435369251863819765262655648212579531610713122457079279393593387761799453620187978721726422845933445410602295341161389372134674109938780688396	0,3,3,3,3,3,3,3,3,3,3,3	-4,-4,-4,-4,3,3,3,3,3,3,3,3	ok
0.734735	12.552553	-56.997190	0.408196	continued:5	24739664234858138982047535273920704865888201889876711837493816699690678265963591165069870505023217046633362579621148489165328977987949899797415602900085081435628786567950676391780949633448253616219680559998014214784634910618447122667639804607217055610037222276897125660535867393387520758988742191975475097134159821776175469287214857624750265388130867415580412873925910271279382629434282479656095907178473638142326186864698341018602123575843883404208311798618679388046194707946385968872279636660172423920762823771748609336176990325713506490614247467311351878471253089939596514261196666267475682898635077588364628629417296554229734815495315011752337585393015754405944996164827318009845582551593321289722257247006063686910061456841431892563940020873466746931070957111770150069590359792388197563206227771911411885143855184505614961998508226343153531223089971459935049708039359327667779120430067461929055441744031224422705223831560005091108633317128720548165517033711719448300771525660964913525817712220131912105082815080054605883136048554894173783193438041716508681297001277350562437894851607688119124032266056066591963623197071229719772200831481260746898621517899928612391918713268983151048632780119634827944916655348282264918678566190420881773283436368221393491613911949128164505921481428215609108524503409441148456051028717709916397556911717001774031950703661111574934486474261088107943873541907632662744056546274843938288386457746233747137792548943727185493431372779661905629619233897384740511264614214317570296540842200703123636599875546532295990583957766998874160122483948346791984584346252523971082787351205933535444833836488109249049112608478941878873310676635726848416500525627071066867450481075713379579976233285026063550440539934196398046997660890758104887659878621053087946262914376950168913424387974494199271584584254048485972095078426145295086092895639115691384379608409659149698134207333136082596714586012868199702004938675362103169406264041995254472595518330682442301328793713681148779162023739890422807178515014098152732507426304595433046340242379548930200044749770443836898441653136886613797649230830295735641430327995013385242283499720784819705292882384401762249663480974950600496453129661786030317522534409300320588646868268258909121827032683864460916330397650725401782721723595982365919300891541077337604360412908370114495154434392644654559465785831192353079974729984616465274665	24739664234858138982047535273920704865888201889876711837493816699690678265963591165069870505023217046633362579621148489165328977987949899797415602900486143006268665268678106964453841999524106595607605727243377372487650564782802452333008206763043514220470865892407412103036806892083064510289504814600080741268157165354063032161189525829409088498985531970815025159686244986955270210405434697787650037103444327391942508501376229453985083037857645944890272090078718974473418025044221755928344004123983175888817859152476099625581493080234216246769749121423440316080188755726314866454849365625903310727411127889898194381660787032015151698715736677481139420851742750719529547539689342907032684848982153429642503545479758778195831115174999007304520947563003595490867019874169994914300124258307833187901988179428014704959954258008163520937529812950909650540738739709363910934624816250948310905870516490152323845654698835235607375139145151252300518952681249670519366224367191080941950960612430590599784107574388270912656395965864142364667984575546882550050402798003370469155776659862256338059002106715868920421959433223756311341506694462249246973686264750035944554027554964157670321252914659435234646443493705820215443975578131042853312144842498626041110774295114357943343977994235411278780568636579719779334535830411637882705333309997231123600469625497189493642553791549843311401734777065392085541321394947579984224006699537407692901199620825278644183385466599681874649373386577166205882904627359075239891276269403990826293020536135579050514270038920947026657116958445695941832695058500966784765338866988401406030950964695562385929192193345627992619705642125447541279611231260728933961248184889406431596788686664214120514710308780241828615761624250705767042376282159121995983697106233105409340310413847019441036041050848930144968913019399609659684970195046192332904247255056550324709030784593628286875786844796689640879270337255026790310318495860011375551732463178478647259626886557545041417199746718964729090307344444423944443187720522128941165223033737853463206799111335202506573552850770520466163862937369627222043631058581176646925316786178922936053043526055010375987216825795146162623648834517604502345091636527864619958136535035554424291823916195493363054890435369251863819765262655648212579531610713122457079279393593387761799453620187978721726422845933445410602295341161389372134674109938780688396	0,3,3,3,3,3,3,3,3,3,3,3	-4,-4,-4,-4,3,3,3,3,3,3,3,3	ok
0.738739	12.552553	-57.149677	0.407281	continued:5	24739664234858138982047535273920704865888201889876711837493816699690678265963591165069870505023217046633362579621148489165328977987949899797415602900085081435628786567950676391780949633448253616219680559998014214784634910618447122667639804607217055610037222276897125660535867393387520758988742191975475097134159821776175469287214857624750265388130867415580412873925910271279382629434282479656095907178473638142326186864698341018602123575843883404208311798618679388046194707946385968872279636660172423920762823771748609336176990325713506490614247467311351878471253089939596514261196666267475682898635077588364628629417296554229734815495315011752337585393015754405944996164827318009845582551593321289722257247006063686910061456841431892563940020873466746931070957111770150069590359792388197563206227771911411885143855184505614961998508226343153531223089971459935049708039359327667779120430067461929055441744031224422705223831560005091108633317128720548165517033711719448300771525660964913525817712220131912105082815080054605883136048554894173783193438041716508681297001277350562437894851607688119124032266056066591963623197071229719772200831481260746898621517899928612391918713268983151048632780119634827944916655348282264918678566190420881773283436368221393491613911949128164505921481428215609108524503409441148456051028717709916397556911717001774031950703661111574934486474261088107943873541907632662744056546274843938288386457746233747137792548943727185493431372779661905629619233897384740511264614214317570296540842200703123636599875546532295990583957766998874160122483948346791984584346252523971082787351205933535444833836488109249049112608478941878873310676635726848416500525627071066867450481075713379579976233285026063550440539934196398046997660890758104887659878621053087946262914376950168913424387974494199271584584254048485972095078426145295086092895639115691384379608409659149698134207333136082596714586012868199702004938675362103169406264041995254472595518330682442301328793713681148779162023739890422807178515014098152732507426304595433046340242379548930200044749770443836898441653136886613797649230830295735641430327995013385242283499720784819705292882384401762249663480974950600496453129661786030317522534409300320588646868268258909121827032683864460916330397650725401782721723595982365919300891541077337604360412908370114495154434392644654559465785831192353079974729984616465274665	24739664234858138982047535273920704865888201889876711837493816699690678265963591165069870505023217046633362579621148489165328977987949899797415602900486143006268665268678106964453841999524106595607605727243377372487650564782802452333008206763043514220470865892407412103036806892083064510289504814600080741268157165354063032161189525829409088498985531970815025159686244986955270210405434697787650037103444327391942508501376229453985083037857645944890272090078718974473418025044221755928344004123983175888817859152476099625581493080234216246769749121423440316080188755726314866454849365625903310727411127889898194381660787032015151698715736677481139420851742750719529547539689342907032684848982153429642503545479758778195831115174999007304520947563003595490867019874169994914300124258307833187901988179428014704959954258008163520937529812950909650540738739709363910934624816250948310905870516490152323845654698835235607375139145151252300518952681249670519366224367191080941950960612430590599784107574388270912656395965864142364667984575546882550050402798003370469155776659862256338059002106715868920421959433223756311341506694462249246973686264750035944554027554964157670321252914659435234646443493705820215443975578131042853312144842498626041110774295114357943343977994235411278780568636579719779334535830411637882705333309997231123600469625497189493642553791549843311401734777065392085541321394947579984224006699537407692901199620825278644183385466599681874649373386577166205882904627359075239891276269403990826293020536135579050514270038920947026657116958445695941832695058500966784765338866988401406030950964695562385929192193345627992619705642125447541279611231260728933961248184889406431596788686664214120514710308780241828615761624250705767042376282159121995983697106233105409340310413847019441036041050848930144968913019399609659684970195046192332904247255056550324709030784593628286875786844796689640879270337255026790310318495860011375551732463178478647259626886557545041417199746718964729090307344444423944443187720522128941165223033737853463206799111335202506573552850770520466163862937369627222043631058581176646925316786178922936053043526055010375987216825795146162623648834517604502345091636527864619958136535035554424291823916195493363054890435369251863819765262655648212579531610713122457079279393593387761799453620187978721726422845933445410602295341161389372134674109938780688396	0,3,3,3,3,3,3,3,3,3,3,3	-4,-4,-4,-4,3,3,3,3,3,3,3,3	ok
0.742743	12.552553	-57.283644	0.406367	continued:5	24739664234858138982047535273920704865888201889876711837493816699690678265963591165069870505023217046633362579621148489165328977987949899797415602900085081435628786567950676391780949633448253616219680559998014214784634910618447122667639804607217055610037222276897125660535867393387520758988742191975475097134159821776175469287214857624750265388130867415580412873925910271279382629434282479656095907178473638142326186864698341018602123575843883404208311798618679388046194707946385968872279636660172423920762823771748609336176990325713506490614247467311351878471253089939596514261196666267475682898635077588364628629417296554229734815495315011752337585393015754405944996164827318009845582551593321289722257247006063686910061456841431892563940020873466746931070957111770150069590359792388197563206227771911411885143855184505614961998508226343153531223089971459935049708039359327667779120430067461929055441744031224422705223831560005091108633317128720548165517033711719448300771525660964913525817712220131912105082815080054605883136048554894173783193438041716508681297001277350562437894851607688119124032266056066591963623197071229719772200831481260746898621517899928612391918713268983151048632780119634827944916655348282264918678566190420881773283436368221393491613911949128164505921481428215609108524503409441148456051028717709916397556911717001774031950703661111574934486474261088107943873541907632662744056546274843938288386457746233747137792548943727185493431372779661905629619233897384740511264614214317570296540842200703123636599875546532295990583957766998874160122483948346791984584346252523971082787351205933535444833836488109249049112608478941878873310676635726848416500525627071066867450481075713379579976233285026063550440539934196398046997660890758104887659878621053087946262914376950168913424387974494199271584584254048485972095078426145295086092895639115691384379608409659149698134207333136082596714586012868199702004938675362103169406264041995254472595518330682442301328793713681148779162023739890422807178515014098152732507426304595433046340242379548930200044749770443836898441653136886613797649230830295735641430327995013385242283499720784819705292882384401762249663480974950600496453129661786030317522534409300320588646868268258909121827032683864460916330397650725401782721723595982365919300891541077337604360412908370114495154434392644654559465785831192353079974729984616465274665	24739664234858138982047535273920704865888201889876711837493816699690678265963591165069870505023217046633362579621148489165328977987949899797415602900085081435628786567950676391780949633448253616219680559998014214784634910618447122667639804607217055610037222276897125660535867393387520758988742191975881454668757766456386039099618304136651166884285837894817315224103333988986022139294086321685154999346340705988103078279492809641656432950215478117816222205266648568411397418925046010008480574710698821954765024242012324702958840527170691397468834926110714722062344576291849261675828451121993701604115701508243628541371186781104664750453506678450990658685568877319368724842489366294600223726679557182485111500144011805314426535016123806594563159834704421627591278254098145543334614838595418659350735064119136615550909153916789982856517125346862661227399851506503677119661384586623759841225285653771144345770541906184539519104941031220044588169549394770200017461390905581925298086151522809307449802203222974575540394725875975613318942282656692285373790701768039928224139907689742983609684357165165999207726031406986345064845442052163822899745749684239296069717432693993739901942491195871247188184005657715557324715787468964623060658282699748340496206865605372436586070397727939308002786773406257199303380943930864942544541362099694143798665014159981291076426741521752789265368640593684634117809873247169966065789911558626022600729888277201643689641675452459069562508631492228721765370498937893043431497988216537706295785164432196057935490528663597621520778034290151070854816629426746125540833035727606516741355676577511359225189296292548229211189083998370260280090542803113716826454333586493978480241538453764023117135870306486868190579583638749543528287787983143040255708751029006941308429997433080718822734531156727166409700399126449488232655765908523538109059027659972391417586695558079006462758935754010444329600948762656764448062867805309855802889917915490930359558417669703746680662875377472240206717145818436374740163786447225207779656991347434454381456624432873034406069959063223124424548648585063412282925582908276089069079075949312780188260640797350892262486199410962058770676561051286324306601018157181978353068747811538127526306308937940842930452043500326163208978153413354707649983565218720121511676564439582142787669964393412352531196622177914611046188301931657468268625996115606390378	0,3,3,3,3,3,3,3,3,3,3,3	-4,-4,-4,3,3,3,3,3,3,3,3,3	ok
0.746747	12.552553	-57.403611	0.405993	full	24739664234858138982047535273920704865888201889876711837493816699690678265963591165069870505023217046633362579621148489165328977987949899797415602900085081435628786567950676391780949633448253616219680559998014214784634910618447122667639804607217055610037222276897125660535867393387520758988742191975475097134159821776175469287214857624750265388130867415580412873925910271279382629434282479656095907178473638142326186864698341018602123575843883404208311798618679388046194707946385968872279636660172423920762823771748609336176990325713506490614247467311351878471253089939596514261196666267475682898634243267997762771930410142900670636074021557040670388399249983696339590262511488321191028111768834613450767960304634194103204964021206651325127942216552993232309024409773981445208472224816140189531426184277514710641013131770020359108910112128019299913823691282611701014232340732883865600476181870280726275194387402801503855938719103084135784125699331758447304174100662916368272903302513802856798570084277611879778879080212145328740890389648499777712421430896191193534265572221815036076756439395884113709392615027355023738528064344875445088345175077752097963287365502360501728721861871264146771144983017878987791307238289867143100882230742121151537844530086564208143061643455778229794092085420229731058689284540461501186678235815563986086565830620790111149098000606412282392689256759291158116353395682423606007851021712151732835068086266345152135212680004836782578335191363462684246101263251560183287966692782169604798574468442575570184726319656089128604169757718740160238738332030199740312957151397109627056013949606868951732631930927961456153850255989175674914011832117340911951923763124701406994501876933580741294706729735312812974497312229326744273562465266380112574918370130788954338771221946671883787992563938342955113947982189858884270572268525490641552605662429687688636382293270282687447583832024614212923499991182977325130781405299777536723715649521151038883344951348471157050374094695331424368067976016693867066139036143747044568058398936425797436626581998121222973468354181188292362115843788744611111294863190658627233037234569272194722156428455418542337353730623800190115608134795878073523611617660260758372927209704226485287253156869371170909218855769519912590578811047673538649805496740663736554572296432578672864793728905662640961697836964474104775554846975278272052863677872640011003	24739664234858138982047535273920704865888201889876711837493816699690678265963591165069870505023217046633362579621148489165328977987949899797415602900085081435628786567950676391780949633448253616219680559998014214784634910618447122667639804607217055610037222276897125660535867393387520758988742191975881454668757766456386039099618304136651166884285837894817315224103333988986022139294086321685154999346340705988103078279492809641656432950215478117816222205266648568411397418925046010008480574710698821954765024242012324702958840527170691397468834926110714722062344576291849261675828451121993701604115701508243628541371186781104664750453506678450990658685568877319368724842489366294600223726679557182485111500144011805314426535016123806594563159834704421627591278254098145543334614838595418659350735064119136615550909153916789982856517125346862661227399851506503677119661384586623759841225285653771144345770541906184539519104941031220044588169549394770200017461390905581925298086151522809307449802203222974575540394725875975613318942282656692285373790701768039928224139907689742983609684357165165999207726031406986345064845442052163822899745749684239296069717432693993739901942491195871247188184005657715557324715787468964623060658282699748340496206865605372436586070397727939308002786773406257199303380943930864942544541362099694143798665014159981291076426741521752789265368640593684634117809873247169966065789911558626022600729888277201643689641675452459069562508631492228721765370498937893043431497988216537706295785164432196057935490528663597621520778034290151070854816629426746125540833035727606516741355676577511359225189296292548229211189083998370260280090542803113716826454333586493978480241538453764023117135870306486868190579583638749543528287787983143040255708751029006941308429997433080718822734531156727166409700399126449488232655765908523538109059027659972391417586695558079006462758935754010444329600948762656764448062867805309855802889917915490930359558417669703746680662875377472240206717145818436374740163786447225207779656991347434454381456624432873034406069959063223124424548648585063412282925582908276089069079075949312780188260640797350892262486199410962058770676561051286324306601018157181978353068747811538127526306308937940842930452043500326163208978153413354707649983565218720121511676564439582142787669964393412352531196622177914611046188301931657468268625996115606390378	0,-3,3,3,3,3,3,3,3,3,3,3	-4,-4,-4,3,3,3,3,3,3,3,3,3	ok
0.750751	12.552553	-18.875263	0.389276	continued:5	24739664234858138982047535273920704865888201889876711837493816699690678266527069749440504790571412139398611409270908450362730376250155074764676347344069888126517298474570859817860608502873391373146285427510315747585633769201540786967750755426439244909325087395028128868044225308262789884128060956514754247517702306425810931411575896427989859706075064718218471893517140662118299639008577497356111854595428210166315807732026393320608795249168317651695729421548767897306733768613302513900313747234910216702628396343057972743120228768071687743367812170271420131539175277064250947772621001186024499362163335793602171390789441233345359317297987613512980491695577916997660396957915557900310271635623458055025007041775847069041635811203256895352566087822033786766343037302223398419442420288675160901222754706690690966518603785237711745730763499632246794821702611212581403238113406002252819908487238453210437930412907369377220770586565902403360469112052194331355699172681218058600912097861834234685728509163337737349074185342289032272009772529037195573254778966688587558900055660072144278809022487554382658809806558064428353021275127081776410900980967206199354460442391625214857639764133401759178616057210680190398057943198554703123064624601181660446023242953363172469272447449114604306603789676668032281302982461618227348434344241480239631397835903839519478265189030951001209408772220016925107341479912568701564082262934999088780116117157913247841036010283824164068664803837757729257063220663294913321230139151791147367038607282105733904016359791183527241886003154841144844699741276832690531565598197988362867236693987899442686604165527015589030459917424605601810195980491409331875015847889767893397997851764918922389773504676120331392543491419098534999834244969247145556550831973114815044231233657722950610142402468854522006648954172443764314423238950001228862322460291231007742419224237436270306563202999239488874012867082031104349605713456773862569124387618118057663899662747824622269598140181829025823849459071217200217499424424921702079204165306034254003250821214459947311774588189544407889173479333726358175028336674590598227784079049643150162343597675915129829472380065525970735331867880378899325396537836666761765810631243557908279830814880986128184517012337907370167586812223690747962565062007279395474143260789754271822074879377170376998060728251658724928368646962339785363308878071480662388025	24739664234858138982047535273920704865888201889876711837493816699690678265963591165069870505023217046633362579621148489165328977987949899797415602900085081435628786567950676391780949633448253616219680559998014214784634910618447122667639804607217055610037222276897125660535867393387520758988742191975881454668757766456386039099618304136651166884285837894817315224103333988986022139294086321685154999346340705988103078279492809641656432950215478117816222205266648568411397418925046010008480574710698821954765024242012324702958840527170691397468834926110714722062344576291849261675828451121993701604115701508243628541371186781104664750453506678450990658685568877319368724842489366294600223726679557182485111500144011805314426535016123806594563159834704421627591278254098145543334614838595418659350735064119136615550909153916789982856517125346862661227399851506503677119661384586623759841225285653771144345770541906184539519104941031220044588169549394770200017461390905581925298086151522809307449802203222974575540394725875975613318942282656692285373790701768039928224139907689742983609684357165165999207726031406986345064845442052163822899745749684239296069717432693993739901942491195871247188184005657715557324715787468964623060658282699748340496206865605372436586070397727939308002786773406257199303380943930864942544541362099694143798665014159981291076426741521752789265368640593684634117809873247169966065789911558626022600729888277201643689641675452459069562508631492228721765370498937893043431497988216537706295785164432196057935490528663597621520778034290151070854816629426746125540833035727606516741355676577511359225189296292548229211189083998370260280090542803113716826454333586493978480241538453764023117135870306486868190579583638749543528287787983143040255708751029006941308429997433080718822734531156727166409700399126449488232655765908523538109059027659972391417586695558079006462758935754010444329600948762656764448062867805309855802889917915490930359558417669703746680662875377472240206717145818436374740163786447225207779656991347434454381456624432873034406069959063223124424548648585063412282925582908276089069079075949312780188260640797350892262486199410962058770676561051286324306601018157181978353068747811538127526306308937940842930452043500326163208978153413354707649983565218720121511676564439582142787669964393412352531196622177914611046188301931657468268625996115606390378	-2,-4,-4,-4,-4,3,3,3,3,3,3,3	-4,-4,-4,3,3,3,3,3,3,3,3,3	ok
0.754755	12.552553	-46.953891	0.392069	continued:5	24739664234858138982047535273920704865888201889876711837493816699690678266527069749440504790571412139398611409270908450362730376250155074764676347344069888126517298474570859817860608502873391373146285427510315747585633769201540786967750755426439244909325087395028128868044225308262789884128060956514754247517702306425810931411575896427989859706075064718218471893517140662118299639008577497356111854595428210166315807732026393320608795249168317651695729421548767897306733768613302513900313747234910216702628396343057972743120228768071687743367812170271420131539175277064250947772621001186024499362163335793602171390789441233345359317297987613512980491695577916997660396957915557900310271635623458055025007041775847069041635811203256895352566087822033786766343037302223398419442420288675160901222754706690690966518603785237711745730763499632246794821702611212581403238113406002252819908487238453210437930412907369377220770586565902403360469112052194331355699172681218058600912097861834234685728509163337737349074185342289032272009772529037195573254778966688587558900055660072144278809022487554382658809806558064428353021275127081776410900980967206199354460442391625214857639764133401759178616057210680190398057943198554703123064624601181660446023242953363172469272447449114604306603789676668032281302982461618227348434344241480239631397835903839519478265189030951001209408772220016925107341479912568701564082262934999088780116117157913247841036010283824164068664803837757729257063220663294913321230139151791147367038607282105733904016359791183527241886003154841144844699741276832690531565598197988362867236693987899442686604165527015589030459917424605601810195980491409331875015847889767893397997851764918922389773504676120331392543491419098534999834244969247145556550831973114815044231233657722950610142402468854522006648954172443764314423238950001228862322460291231007742419224237436270306563202999239488874012867082031104349605713456773862569124387618118057663899662747824622269598140181829025823849459071217200217499424424921702079204165306034254003250821214459947311774588189544407889173479333726358175028336674590598227784079049643150162343597675915129829472380065525970735331867880378899325396537836666761765810631243557908279830814880986128184517012337907370167586812223690747962565062007279395474143260789754271822074879377170376998060728251658724928368646962339785363308878071480662388025	24739664234858138982047535273920704865888201889876711837493816699690678265963591165069870505023217046633362579621148489165328977987949899797415602900085081435628786567950676391780949633448253616219680559998014214784634910618447122667639804607217055610037222276897125660535867393387520758988742191975881454668757766456386039099618304136651166884285837894817315224103333988986022139294086321685154999346340705988103078279492809641656432950215478117816222205266648568411397418925046010008480574710698821954765024242012324702958840527170691397468834926110714722062344576291849261675828451121993701604115701508243628541371186781104664750453506678450990658685568877319368724842489366294600223726679557182485111500144011805314426535016123806594563159834704421627591278254098145543334614838595418659350735064119136615550909153916789982856517125346862661227399851506503677119661384586623759841225285653771144345770541906184539519104941031220044588169549394770200017461390905581925298086151522809307449802203222974575540394725875975613318942282656692285373790701768039928224139907689742983609684357165165999207726031406986345064845442052163822899745749684239296069717432693993739901942491195871247188184005657715557324715787468964623060658282699748340496206865605372436586070397727939308002786773406257199303380943930864942544541362099694143798665014159981291076426741521752789265368640593684634117809873247169966065789911558626022600729888277201643689641675452459069562508631492228721765370498937893043431497988216537706295785164432196057935490528663597621520778034290151070854816629426746125540833035727606516741355676577511359225189296292548229211189083998370260280090542803113716826454333586493978480241538453764023117135870306486868190579583638749543528287787983143040255708751029006941308429997433080718822734531156727166409700399126449488232655765908523538109059027659972391417586695558079006462758935754010444329600948762656764448062867805309855802889917915490930359558417669703746680662875377472240206717145818436374740163786447225207779656991347434454381456624432873034406069959063223124424548648585063412282925582908276089069079075949312780188260640797350892262486199410962058770676561051286324306601018157181978353068747811538127526306308937940842930452043500326163208978153413354707649983565218720121511676564439582142787669964393412352531196622177914611046188301931657468268625996115606390378	-2,-4,-4,-4,-4,3,3,3,3,3,3,3	-4,-4,-4,3,3,3,3,3,3,3,3,3	ok
0.758759	12.552553	-50.849578	0.394862	continued:5	24739664234858138982047535273920704865888201889876711837493816699690678266527069749440504790571412139398611409270908450362730376250155074764676347344069888126517298474570859817860608502873391373146285427510315747585633769201540786967750755426439244909325087395028128868044225308262789884128060956514754247517702306425810931411575896427989859706075064718218471893517140662118299639008577497356111854595428210166315807732026393320608795249168317651695729421548767897306733768613302513900313747234910216702628396343057972743120228768071687743367812170271420131539175277064250947772621001186024499362163335793602171390789441233345359317297987613512980491695577916997660396957915557900310271635623458055025007041775847069041635811203256895352566087822033786766343037302223398419442420288675160901222754706690690966518603785237711745730763499632246794821702611212581403238113406002252819908487238453210437930412907369377220770586565902403360469112052194331355699172681218058600912097861834234685728509163337737349074185342289032272009772529037195573254778966688587558900055660072144278809022487554382658809806558064428353021275127081776410900980967206199354460442391625214857639764133401759178616057210673156243633300796807248794605122683731974791496902664128878641184520473500825398215812641159434827628998622259292915673218874003973386059003237887445082762880209786399957615563799203180616399064332818912996058392810196869654083006490334642056061239251179056009615294506290117464688484025949120568719819283456124580544682881171421260943541579248527704869898537742188703833871961088688204538498117265321771286761309247552685482079962262050552845513714934846045182058722227987606665606042180617044588443607459813064997879976194827291424712032310443011090956239365061217361518410802453124524840558011953805365761494457801009569163317744034818142535244063518808384830620220565418152783289956624749749819076668016024265032457536863212943413743867832753754773611384186639210741581136382046281168136879454471498331878163458120352190565978782247931890290295701266018978036779034468107326187079926916798699596662346300581249330764795567806508746121156744125367811518619897619348002395798294907765649592376122383521072922104001273026981807900119826443200996317126277171178704077483113072074268653747754487474408483425854972111137166212140154130568988566022312919789958312847244142489313149410058949163660852994	24739664234858138982047535273920704865888201889876711837493816699690678265963591165069870505023217046633362579621148489165328977987949899797415602900085081435628786567950676391780949633448253616219680559998014214784634910618447122667639804607217055610037222276897125660535867393387520758988742191975881454668757766456386039099618304136651166884285837894817315224103333988986022139294086321685154999346340705988103078279492809641656432950215478117816222205266648568411397418925046010008480574710698821954765024242012324702958840527170691397468834926110714722062344576291849261675828451121993701604115701508243628541371186781104664750453506678450990658685568877319368724842489366294600223726679557182485111500144011805314426535016123806594563159834704421627591278254098145543334614838595418659350735064119136615550909153916789982856517125346862661227399851506503677119661384586623759841225285653771144345770541906184539519104941031220044588169549394770200017461390905581925298086151522809307449802203222974575540394725875975613318942282656692285373790701768039928224139907689742983609684357165165999207726031406986345064845442052163822899745749684239296069717432693993739901942491195871247188184005657715557324715787468964623060658282699748340496206865605372436586070397727939308002786773406257199303380943930864942544541362099694143798665014159981291076426741521752789265368640593684634117809873247169966065789911558626022600729888277201643689641675452459069562508631492228721765370498937893043431497988216537706295785164432196057935490528663597621520778034290151070854816629426746125540833035727606516741355676577511359225189296292548229211189083998370260280090542803113716826454333586493978480241538453764023117135870306486868190579583638749543528287787983143040255708751029006941308429997433080718822734531156727166409700399126449488232655765908523538109059027659972391417586695558079006462758935754010444329600948762656764448062867805309855802889917915490930359558417669703746680662875377472240206717145818436374740163786447225207779656991347434454381456624432873034406069959063223124424548648585063412282925582908276089069079075949312780188260640797350892262486199410962058770676561051286324306601018157181978353068747811538127526306308937940842930452043500326163208978153413354707649983565218720121511676564439582142787669964393412352531196622177914611046188301931657468268625996115606390378	1,-4,-4,-4,-4,3,3,3,3,3,3,3	-4,-4,-4,3,3,3,3,3,3,3,3,3	ok
0.762763	12.552553	-53.266100	0.395236	continued:5	24739664234858138982047535273920704865888201889876711837493816699690678265963591165069870505023217046633362579621148489165328977987949899797415602900085081435628786567950676391780949633448253616219680559998014214784634910618447122667639804607217055610037222276897125660535867393387520758988742191975881454668757766456386039099618304136651166884285837894817315224103333988986022139294086321685154999346340705988103078279492809641656432950215478117816222205266648568411397418925046010008480574710698821954765024242012324702958840527170691397468834926110714722062344576291849261675828451121993701604115701508243628541371186781104664750453506678450990658685568877319368724842489366294600223726679557182485111500144011805314426535016123806594563159834704421627591278254098145543334614838595418659350735064119136615550909153916789982856517125346862661227399851506503677119661384586623759841225285653771144345770541906184539519104941031220044588169549394770200017461390905581925298086151522809307449802203222974575540394725875975613318942282656692285373790701768039928224139907689742983609684357165165999207726031406986345064845442052163822899745749684239296069717432693993739901942491195871247188184005622544785201503778731692980763148695451320067864505419433903296146435519659445296496521753471751053227747100453951667941404082669168467397904837511477314606979965133586611493917731935764814635083454704415971377330927400925606195959818431792469429418116723704386606181200779275427328448710823557613447746209908018375062744436514008448136725837375018889739373788918034661386782197106728884664734208458407490415983494747724025743014546106959052115082581517674412963303533831592714298898434370562696760364284907649524262263203863738811407641223237417792595228795567209392197346168129532869186393699250511460803609604775790350055181876012354996063835746263526287716560314813811620925060168891017297616944232700143626717187252726401614482694460612123445628743173456126897633169507145484634472958365316154041498756742212285370794794943044917860959341170625479307682910920823252007181387177510642904251136218634729923121143365381055468330009120571229595835534174707444212211923579929623123189784216056145019741206793077625668066727235911128282011752922343020711243420613039895996532816209969481955781758149729410573607684771633603829608966645618928414800755731073563281257215197415316980466356186475953769123	24739664234858138982047535273920704865888201889876711837493816699690678265963591165069870505023217046633362579621148489165328977987949899797415602900085081435628786567950676391780949633448253616219680559998014214784634910618447122667639804607217055610037222276897125660535867393387520758988742191975881454668757766456386039099618304136651166884285837894817315224103333988986022139294086321685154999346340705988103078279492809641656432950215478117816222205266648568411397418925046010008480574710698821954765024242012324702958840527170691397468834926110714722062344576291849261675828451121993701604115701508243628541371186781104664750453506678450990658685568877319368724842489366294600223726679557182485111500144011805314426535016123806594563159834704421627591278254098145543334614838595418659350735064119136615550909153916789982856517125346862661227399851506503677119661384586623759841225285653771144345770541906184539519104941031220044588169549394770200017461390905581925298086151522809307449802203222974575540394725875975613318942282656692285373790701768039928224139907689742983609684357165165999207726031406986345064845442052163822899745749684239296069717432693993739901942491195871247188184005657715557324715787468964623060658282699748340496206865605372436586070397727939308002786773406257199303380943930864942544541362099694143798665014159981291076426741521752789265368640593684634117809873247169966065789911558626022600729888277201643689641675452459069562508631492228721765370498937893043431497988216537706295785164432196057935490528663597621520778034290151070854816629426746125540833035727606516741355676577511359225189296292548229211189083998370260280090542803113716826454333586493978480241538453764023117135870306486868190579583638749543528287787983143040255708751029006941308429997433080718822734531156727166409700399126449488232655765908523538109059027659972391417586695558079006462758935754010444329600948762656764448062867805309855802889917915490930359558417669703746680662875377472240206717145818436374740163786447225207779656991347434454381456624432873034406069959063223124424548648585063412282925582908276089069079075949312780188260640797350892262486199410962058770676561051286324306601018157181978353068747811538127526306308937940842930452043500326163208978153413354707649983565218720121511676564439582142787669964393412352531196622177914611046188301931657468268625996115606390378	1,-4,-4,3,3,3,3,3,3,3,3,3	-4,-4,-4,3,3,3,3,3,3,3,3,3	ok
0.766767	12.552553	-54.772861	0.397902	continued:5	24739664234858138982047535273920704865888201889876711837493816699690678265963591165069870505023217046633362579621148489165328977987949899797415602900085081435628786567950676391780949633448253616219680559998014214784634910618447122667639804607217055610037222276897125660535867393387520758988742191975475097134159821776175469287214857624750265388130867415580412873925910271279382629434282479656095907178473638142326186864698341018602123575843883404208311798618679388046194707946385968872279636660172423920762823771748609336176990325713506490614247467311351878471253089939596514261196666267475682898635077588364628629417296554229734815495315011752337585393015754405944996164827318009845582551593321289722257247006063686910061456841431892563940020873466746931070957111770150069590359792388197563206227771911411885143855184505614961998508226343153531223089971459935049708039359327667779120430067461929055441744031224422705223831560005091108633317128720548165517033711719448300771525660964913525817712220131912105082815080054605883136048554894173783193438041716508681297001277350562437894851607688119124032266056066591963623197071229719772200831481260746898621517899928612391918713268983151048632780119648896253765940151777173575597570025320253082336116946689981147789765900355562110523987436189411566954756946831913765892283629482126668117215787661175622538482371666841405595054624551275871666632475049764341931929868507018454948365774171910807496638367218687366613903751947086947394002612630474683257999387223688134848014104823955551645010680263372366206458226198558279883447844315148180302724249331888726196930807213187997142652942313186005148224878224024593537200103980637926868603500896185830904692094904758235554768415409124757267836161356776521732484146109863946926378105041694979170269733992817805415234240628485488200053302199364211031646323082439647263607276631895871769259044401451363766451126814443473134220489198884697731101960802990910300139680959518854832128513597114746389737973151315057975842081443516593123962467786526070102139874765749035637088432614260030772344792316488840415153698481155126035457741137680097748660410763036811870095293313414540437283852893333234643562710973384060038416228190613325616933189150517789061901654152308030489428549857055082465581427407486143000730202660813809057790100346399768338483335257539245860316494779637880208922066168766414992991208014608723526	24739664234858138982047535273920704865888201889876711837493816699690678265963591165069870505023217046633362579621148489165328977987949899797415602900085081435628786567950676391780949633448253616219680559998014214784634910618447122667639804607217055610037222276897125660535867393387520758988742191975881454668757766456386039099618304136651166884285837894817315224103333988986022139294086321685154999346340705988103078279492809641656432950215478117816222205266648568411397418925046010008480574710698821954765024242012324702958840527170691397468834926110714722062344576291849261675828451121993701604115701508243628541371186781104664750453506678450990658685568877319368724842489366294600223726679557182485111500144011805314426535016123806594563159834704421627591278254098145543334614838595418659350735064119136615550909153916789982856517125346862661227399851506503677119661384586623759841225285653771144345770541906184539519104941031220044588169549394770200017461390905581925298086151522809307449802203222974575540394725875975613318942282656692285373790701768039928224139907689742983609684357165165999207726031406986345064845442052163822899745749684239296069717432693993739901942491195871247188184005657715557324715787468964623060658282699748340496206865605372436586070397727939308002786773406257199303380943930864942544541362099694143798665014159981291076426741521752789265368640593684634117809873247169966065789911558626022600729888277201643689641675452459069562508631492228721765370498937893043431497988216537706295785164432196057935490528663597621520778034290151070854816629426746125540833035727606516741355676577511359225189296292548229211189083998370260280090542803113716826454333586493978480241538453764023117135870306486868190579583638749543528287787983143040255708751029006941308429997433080718822734531156727166409700399126449488232655765908523538109059027659972391417586695558079006462758935754010444329600948762656764448062867805309855802889917915490930359558417669703746680662875377472240206717145818436374740163786447225207779656991347434454381456624432873034406069959063223124424548648585063412282925582908276089069079075949312780188260640797350892262486199410962058770676561051286324306601018157181978353068747811538127526306308937940842930452043500326163208978153413354707649983565218720121511676564439582142787669964393412352531196622177914611046188301931657468268625996115606390378	1,3,3,3,3,3,3,3,3,3,3,3	-4,-4,-4,3,3,3,3,3,3,3,3,3	ok
0.770771	12.552553	-55.634773	0.399485	continued:5	24739664234858138982047535273920704865888201889876711837493816699690678265963591165069870505023217046633362579621148489165328977987949899797415602900085081435628786567950676391780949633448253616219680559998014214784634910618447122667639804607217055610037222276897125660535867393387520758988742191975475097134159821776175469287214857624750265388130867415580412873925910271279382629434282479656095907178473638142326186864698341018602123575843883404208311798618679388046194707946385968872279636660172423920762823771748609336176990325713506490614247467311351878471253089939596514261196666267475682898635077588364628629417296554229734815495315011752337585393015754405944996164827318009845582551593321289722257247006063686910061456841431892563940020873466746931070957111770150069590359792388197563206227771911411885143855184505614961998508226343153531223089971459935049708039359327667779120430067461929055441744031224422705223831560005091108633317128720548165517033711719448300771525660964913525817712220131912105082815080054605883136048554894173783193438041716508681297001277350562437894851607688119124032266056066591963623197071229719772200831481260746898621517899928612391918713268983151048632780119655930408190582553524627904057071942769938736862457235924274975877692875969260912825240440176312796169883715527296420812911085368231803397367822990876417832371726944474641149344806282859835563177758758315140869621665338558538229319788140992642348683078964438303205169238089677606281386970253341769254691973676747054001600056884371509167578247128910554017708455798400339763929792299326278161913247735847547901720607853014273297061169415154483166033077865097453650461838107532682052642437808745312631797604500447563344035980600655360681484274936965759099895773785743476559627847035998495623947412514142251410657373695628596507787826274803330499930271551011927848963095389998115464084361772602196582573023653623911344037727364227195594183603523434780747077500441651045950433605054450968920210102886398197382751252220063486096686194630712738899496659850907030285511459146924946136142303252814811401903979278425790228571196558652325907826618637862596663393079577711958009484587139118727133603578984775841831059511392904829664132579075616389269418347099007484820626482853352165533173315748528323140233506000037753936239379980930850327518548701251621213257545847129540580490183656973082502121819713680447958	24739664234858138982047535273920704865888201889876711837493816699690678265963591165069870505023217046633362579621148489165328977987949899797415602900085081435628786567950676391780949633448253616219680559998014214784634910618447122667639804607217055610037222276897125660535867393387520758988742191975881454668757766456386039099618304136651166884285837894817315224103333988986022139294086321685154999346340705988103078279492809641656432950215478117816222205266648568411397418925046010008480574710698821954765024242012324702958840527170691397468834926110714722062344576291849261675828451121993701604115701508243628541371186781104664750453506678450990658685568877319368724842489366294600223726679557182485111500144011805314426535016123806594563159834704421627591278254098145543334614838595418659350735064119136615550909153916789982856517125346862661227399851506503677119661384586623759841225285653771144345770541906184539519104941031220044588169549394770200017461390905581925298086151522809307449802203222974575540394725875975613318942282656692285373790701768039928224139907689742983609684357165165999207726031406986345064845442052163822899745749684239296069717432693993739901942491195871247188184005657715557324715787468964623060658282699748340496206865605372436586070397727939308002786773406257199303380943930864942544541362099694143798665014159981291076426741521752789265368640593684634117809873247169966065789911558626022600729888277201643689641675452459069562508631492228721765370498937893043431497988216537706295785164432196057935490528663597621520778034290151070854816629426746125540833035727606516741355676577511359225189296292548229211189083998370260280090542803113716826454333586493978480241538453764023117135870306486868190579583638749543528287787983143040255708751029006941308429997433080718822734531156727166409700399126449488232655765908523538109059027659972391417586695558079006462758935754010444329600948762656764448062867805309855802889917915490930359558417669703746680662875377472240206717145818436374740163786447225207779656991347434454381456624432873034406069959063223124424548648585063412282925582908276089069079075949312780188260640797350892262486199410962058770676561051286324306601018157181978353068747811538127526306308937940842930452043500326163208978153413354707649983565218720121511676564439582142787669964393412352531196622177914611046188301931657468268625996115606390378	-2,3,3,3,3,3,3,3,3,3,3,3	-4,-4,-4,3,3,3,3,3,3,3,3,3	ok
0.774775	12.552553	-56.190667	0.402279	continued:5	24739664234858138982047535273920704865888201889876711837493816699690678265963591165069870505023217046633362579621148489165328977987949899797415602900085081435628786567950676391780949633448253616219680559998014214784634910618447122667639804607217055610037222276897125660535867393387520758988742191975475097134159821776175469287214857624750265388130867415580412873925910271279382629434282479656095907178473638142326186864698341018602123575843883404208311798618679388046194707946385968872279636660172423920762823771748609336176990325713506490614247467311351878471253089939596514261196666267475682898635077588364628629417296554229734815495315011752337585393015754405944996164827318009845582551593321289722257247006063686910061456841431892563940020873466746931070957111770150069590359792388197563206227771911411885143855184505614961998508226343153531223089971459935049708039359327667779120430067461929055441744031224422705223831560005091108633317128720548165517033711719448300771525660964913525817712220131912105082815080054605883136048554894173783193438041716508681297001277350562437894851607688119124032266056066591963623197071229719772200831481260746898621517899928612391918713268983151048632780119648896253765940151777173575597570025320253082336116946689981147789765900355562110523987436189411566954756946831913765892283629482126668117215787661175622538482371666841405595054624551275871666632475049764341931929868507018454948365774171910807496638367218687366613903751947086947394002612630474683257999387223688134848014104823955551645010680263372366206458226198558279883447844315148180302724249331888726196930807213187997142652942313186005148224878224024593537200103980637926868603500896185830904692094904758235554768415409124757267836161356776521732484146109863946926378105041694979170269733992817805415234240628485488200053302199364211031646323082439647263607276631895871769259044401451363766451126814443473134220489198884697731101960802990910300139680959518854832128513597114746389737973151315057975842081443516593123962467786526070102139874765749035637088432614260030772344792316488840415153698481155126035457741137680097748660410763036811870095293313414540437283852893333234643562710973384060038416228190613325616933189150517789061901654152308030489428549857055082465581427407486143000730202660813809057790100346399768338483335257539245860316494779637880208922066168766414992991208014608723526	24739664234858138982047535273920704865888201889876711837493816699690678265963591165069870505023217046633362579621148489165328977987949899797415602900085081435628786567950676391780949633448253616219680559998014214784634910618447122667639804607217055610037222276897125660535867393387520758988742191975881454668757766456386039099618304136651166884285837894817315224103333988986022139294086321685154999346340705988103078279492809641656432950215478117816222205266648568411397418925046010008480574710698821954765024242012324702958840527170691397468834926110714722062344576291849261675828451121993701604115701508243628541371186781104664750453506678450990658685568877319368724842489366294600223726679557182485111500144011805314426535016123806594563159834704421627591278254098145543334614838595418659350735064119136615550909153916789982856517125346862661227399851506503677119661384586623759841225285653771144345770541906184539519104941031220044588169549394770200017461390905581925298086151522809307449802203222974575540394725875975613318942282656692285373790701768039928224139907689742983609684357165165999207726031406986345064845442052163822899745749684239296069717432693993739901942491195871247188184005657715557324715787468964623060658282699748340496206865605372436586070397727939308002786773406257199303380943930864942544541362099694143798665014159981291076426741521752789265368640593684634117809873247169966065789911558626022600729888277201643689641675452459069562508631492228721765370498937893043431497988216537706295785164432196057935490528663597621520778034290151070854816629426746125540833035727606516741355676577511359225189296292548229211189083998370260280090542803113716826454333586493978480241538453764023117135870306486868190579583638749543528287787983143040255708751029006941308429997433080718822734531156727166409700399126449488232655765908523538109059027659972391417586695558079006462758935754010444329600948762656764448062867805309855802889917915490930359558417669703746680662875377472240206717145818436374740163786447225207779656991347434454381456624432873034406069959063223124424548648585063412282925582908276089069079075949312780188260640797350892262486199410962058770676561051286324306601018157181978353068747811538127526306308937940842930452043500326163208978153413354707649983565218720121511676564439582142787669964393412352531196622177914611046188301931657468268625996115606390378	1,3,3,3,3,3,3,3,3,3,3,3	-4,-4,-4,3,3,3,3,3,3,3,3,3	ok
0.778779	12.552553	-56.556689	0.402446	continued:5	24739664234858138982047535273920704865888201889876711837493816699690678265963591165069870505023217046633362579621148489165328977987949899797415602900085081435628786567950676391780949633448253616219680559998014214784634910618447122667639804607217055610037222276897125660535867393387520758988742191975475097134159821776175469287214857624750265388130867415580412873925910271279382629434282479656095907178473638142326186864698341018602123575843883404208311798618679388046194707946385968872279636660172423920762823771748609336176990325713506490614247467311351878471253089939596514261196666267475682898635077588364628629417296554229734815495315011752337585393015754405944996164827318009845582551593321289722257247006063686910061456841431892563940020873466746931070957111770150069590359792388197563206227771911411885143855184505614961998508226343153531223089971459935049708039359327667779120430067461929055441744031224422705223831560005091108633317128720548165517033711719448300771525660964913525817712220131912105082815080054605883136048554894173783193438041716508681297001277350562437894851607688119124032266056066591963623197071229719772200831481260746898621517899928612391918713268983151048632780119648896253765940151777173575597570025320253082336116946689981147789765900355562110523987436189411566954756946831913765892283629482126668117215787661175622538482371666841405595054624551275871666632475049764341931929868507018454948365774171910807496638367218687366613903751947086947394002612630474683257999387223688134848014104823955551645010680263372366206458226198558279883447844315148180302724249331888726196930807213187997142652942313186005148224878224024593537200103980637926868603500896185830904692094904758235554768415409124757267836161356776521732484146109863946926378105041694979170269733992817805415234240628485488200053302199364211031646323082439647263607276631895871769259044401451363766451126814443473134220489198884697731101960802990910300139680959518854832128513597114746389737973151315057975842081443516593123962467786526070102139874765749035637088432614260030772344792316488840415153698481155126035457741137680097748660410763036811870095293313414540437283852893333234643562710973384060038416228190613325616933189150517789061901654152308030489428549857055082465581427407486143000730202660813809057790100346399768338483335257539245860316494779637880208922066168766414992991208014608723526	24739664234858138982047535273920704865888201889876711837493816699690678265963591165069870505023217046633362579621148489165328977987949899797415602900085081435628786567950676391780949633448253616219680559998014214784634910618447122667639804607217055610037222276897125660535867393387520758988742191975881454668757766456386039099618304136651166884285837894817315224103333988986022139294086321685154999346340705988103078279492809641656432950215478117816222205266648568411397418925046010008480574710698821954765024242012324702958840527170691397468834926110714722062344576291849261675828451121993701604115701508243628541371186781104664750453506678450990658685568877319368724842489366294600223726679557182485111500144011805314426535016123806594563159834704421627591278254098145543334614838595418659350735064119136615550909153916789982856517125346862661227399851506503677119661384586623759841225285653771144345770541906184539519104941031220044588169549394770200017461390905581925298086151522809307449802203222974575540394725875975613318942282656692285373790701768039928224139907689742983609684357165165999207726031406986345064845442052163822899745749684239296069717432693993739901942491195871247188184005657715557324715787468964623060658282699748340496206865605372436586070397727939308002786773406257199303380943930864942544541362099694143798665014159981291076426741521752789265368640593684634117809873247169966065789911558626022600729888277201643689641675452459069562508631492228721765370498937893043431497988216537706295785164432196057935490528663597621520778034290151070854816629426746125540833035727606516741355676577511359225189296292548229211189083998370260280090542803113716826454333586493978480241538453764023117135870306486868190579583638749543528287787983143040255708751029006941308429997433080718822734531156727166409700399126449488232655765908523538109059027659972391417586695558079006462758935754010444329600948762656764448062867805309855802889917915490930359558417669703746680662875377472240206717145818436374740163786447225207779656991347434454381456624432873034406069959063223124424548648585063412282925582908276089069079075949312780188260640797350892262486199410962058770676561051286324306601018157181978353068747811538127526306308937940842930452043500326163208978153413354707649983565218720121511676564439582142787669964393412352531196622177914611046188301931657468268625996115606390378	1,3,3,3,3,3,3,3,3,3,3,3	-4,-4,-4,3,3,3,3,3,3,3,3,3	ok
0.782783	12.552553	-56.833581	0.405239	continued:5	24739664234858138982047535273920704865888201889876711837493816699690678265963591165069870505023217046633362579621148489165328977987949899797415602900085081435628786567950676391780949633448253616219680559998014214784634910618447122667639804607217055610037222276897125660535867393387520758988742191975475097134159821776175469287214857624750265388130867415580412873925910271279382629434282479656095907178473638142326186864698341018602123575843883404208311798618679388046194707946385968872279636660172423920762823771748609336176990325713506490614247467311351878471253089939596514261196666267475682898635077588364628629417296554229734815495315011752337585393015754405944996164827318009845582551593321289722257247006063686910061456841431892563940020873466746931070957111770150069590359792388197563206227771911411885143855184505614961998508226343153531223089971459935049708039359327667779120430067461929055441744031224422705223831560005091108633317128720548165517033711719448300771525660964913525817712220131912105082815080054605883136048554894173783193438041716508681297001277350562437894851607688119124032266056066591963623197071229719772200831481260746898621517899928612391918713268983151048632780119634827944916655348282264918678566190420881773283436368221393491613911949128164505921481428215609108524503409441148456051028717709916397556911717001774031950703661111574934486474261088107943873541907632662744056546274843938288386457746233747137792548943727185493431372779661905629619233897384740511264614214317570296540842200703123636599875546532295990583957766998874160122483948346791984584346252523971082787351205933535444833836488109249049112608478941878873310676635726848416500525627071066867450481075713379579976233285026063550440539934196398046997660890758104887659878621053087946262914376950168913424387974494199271584584254048485972095078426145295086092895639115691384379608409659149698134207333136082596714586012868199702004938675362103169406264041995254472595518330682442301328793713681148779162023739890422807178515014098152732507426304595433046340242379548930200044749770443836898441653136886613797649230830295735641430327995013385242283499720784819705292882384401762249663480974950600496453129661786030317522534409300320588646868268258909121827032683864460916330397650725401782721723595982365919300891541077337604360412908370114495154434392644654559465785831192353079974729984616465274665	24739664234858138982047535273920704865888201889876711837493816699690678265963591165069870505023217046633362579621148489165328977987949899797415602900085081435628786567950676391780949633448253616219680559998014214784634910618447122667639804607217055610037222276897125660535867393387520758988742191975881454668757766456386039099618304136651166884285837894817315224103333988986022139294086321685154999346340705988103078279492809641656432950215478117816222205266648568411397418925046010008480574710698821954765024242012324702958840527170691397468834926110714722062344576291849261675828451121993701604115701508243628541371186781104664750453506678450990658685568877319368724842489366294600223726679557182485111500144011805314426535016123806594563159834704421627591278254098145543334614838595418659350735064119136615550909153916789982856517125346862661227399851506503677119661384586623759841225285653771144345770541906184539519104941031220044588169549394770200017461390905581925298086151522809307449802203222974575540394725875975613318942282656692285373790701768039928224139907689742983609684357165165999207726031406986345064845442052163822899745749684239296069717432693993739901942491195871247188184005657715557324715787468964623060658282699748340496206865605372436586070397727939308002786773406257199303380943930864942544541362099694143798665014159981291076426741521752789265368640593684634117809873247169966065789911558626022600729888277201643689641675452459069562508631492228721765370498937893043431497988216537706295785164432196057935490528663597621520778034290151070854816629426746125540833035727606516741355676577511359225189296292548229211189083998370260280090542803113716826454333586493978480241538453764023117135870306486868190579583638749543528287787983143040255708751029006941308429997433080718822734531156727166409700399126449488232655765908523538109059027659972391417586695558079006462758935754010444329600948762656764448062867805309855802889917915490930359558417669703746680662875377472240206717145818436374740163786447225207779656991347434454381456624432873034406069959063223124424548648585063412282925582908276089069079075949312780188260640797350892262486199410962058770676561051286324306601018157181978353068747811538127526306308937940842930452043500326163208978153413354707649983565218720121511676564439582142787669964393412352531196622177914611046188301931657468268625996115606390378	0,3,3,3,3,3,3,3,3,3,3,3	-4,-4,-4,3,3,3,3,3,3,3,3,3	ok
0.786787	12.552553	-57.010480	0.403783	continued:5	24739664234858138982047535273920704865888201889876711837493816699690678265963591165069870505023217046633362579621148489165328977987949899797415602900085081435628786567950676391780949633448253616219680559998014214784634910618447122667639804607217055610037222276897125660535867393387520758988742191975475097134159821776175469287214857624750265388130867415580412873925910271279382629434282479656095907178473638142326186864698341018602123575843883404208311798618679388046194707946385968872279636660172423920762823771748609336176990325713506490614247467311351878471253089939596514261196666267475682898635077588364628629417296554229734815495315011752337585393015754405944996164827318009845582551593321289722257247006063686910061456841431892563940020873466746931070957111770150069590359792388197563206227771911411885143855184505614961998508226343153531223089971459935049708039359327667779120430067461929055441744031224422705223831560005091108633317128720548165517033711719448300771525660964913525817712220131912105082815080054605883136048554894173783193438041716508681297001277350562437894851607688119124032266056066591963623197071229719772200831481260746898621517899928612391918713268983151048632780119634827944916655348282264918678566190420881773283436368221393491613911949128164505921481428215609108524503409441148456051028717709916397556911717001774031950703661111574934486474261088107943873541907632662744056546274843938288386457746233747137792548943727185493431372779661905629619233897384740511264614214317570296540842200703123636599875546532295990583957766998874160122483948346791984584346252523971082787351205933535444833836488109249049112608478941878873310676635726848416500525627071066867450481075713379579976233285026063550440539934196398046997660890758104887659878621053087946262914376950168913424387974494199271584584254048485972095078426145295086092895639115691384379608409659149698134207333136082596714586012868199702004938675362103169406264041995254472595518330682442301328793713681148779162023739890422807178515014098152732507426304595433046340242379548930200044749770443836898441653136886613797649230830295735641430327995013385242283499720784819705292882384401762249663480974950600496453129661786030317522534409300320588646868268258909121827032683864460916330397650725401782721723595982365919300891541077337604360412908370114495154434392644654559465785831192353079974729984616465274665	24739664234858138982047535273920704865888201889876711837493816699690678265963591165069870505023217046633362579621148489165328977987949899797415602900085081435628786567950676391780949633448253616219680559998014214784634910618447122667639804607217055610037222276897125660535867393387520758988742191975881454668757766456386039099618304136651166884285837894817315224103333988986022139294086321685154999346340705988103078279492809641656432950215478117816222205266648568411397418925046010008480574710698821954765024242012324702958840527170691397468834926110714722062344576291849261675828451121993701604115701508243628541371186781104664750453506678450990658685568877319368724842489366294600223726679557182485111500144011805314426535016123806594563159834704421627591278254098145543334614838595418659350735064119136615550909153916789982856517125346862661227399851506503677119661384586623759841225285653771144345770541906184539519104941031220044588169549394770200017461390905581925298086151522809307449802203222974575540394725875975613318942282656692285373790701768039928224139907689742983609684357165165999207726031406986345064845442052163822899745749684239296069717432693993739901942491195871247188184005657715557324715787468964623060658282699748340496206865605372436586070397727939308002786773406257199303380943930864942544541362099694143798665014159981291076426741521752789265368640593684634117809873247169966065789911558626022600729888277201643689641675452459069562508631492228721765370498937893043431497988216537706295785164432196057935490528663597621520778034290151070854816629426746125540833035727606516741355676577511359225189296292548229211189083998370260280090542803113716826454333586493978480241538453764023117135870306486868190579583638749543528287787983143040255708751029006941308429997433080718822734531156727166409700399126449488232655765908523538109059027659972391417586695558079006462758935754010444329600948762656764448062867805309855802889917915490930359558417669703746680662875377472240206717145818436374740163786447225207779656991347434454381456624432873034406069959063223124424548648585063412282925582908276089069079075949312780188260640797350892262486199410962058770676561051286324306601018157181978353068747811538127526306308937940842930452043500326163208978153413354707649983565218720121511676564439582142787669964393412352531196622177914611046188301931657468268625996115606390378	0,3,3,3,3,3,3,3,3,3,3,3	-4,-4,-4,3,3,3,3,3,3,3,3,3	ok
0.790791	12.552553	-57.170593	0.402869	continued:5	24739664234858138982047535273920704865888201889876711837493816699690678265963591165069870505023217046633362579621148489165328977987949899797415602900085081435628786567950676391780949633448253616219680559998014214784634910618447122667639804607217055610037222276897125660535867393387520758988742191975475097134159821776175469287214857624750265388130867415580412873925910271279382629434282479656095907178473638142326186864698341018602123575843883404208311798618679388046194707946385968872279636660172423920762823771748609336176990325713506490614247467311351878471253089939596514261196666267475682898634243267997762771930410142900670636074021557040670388399249983696339590262511488321191028111768834613450767960304634194103204964021206651325127942216552993232309024409773981445208472224816140189531426184277514710641013131770020359108910112128019299913823691282611701014232340732883865600476181870280726275194387402801503855938719103084135784125699331758447304174100662916368272903302513802856798570084277611879778879080212145328740890389648499777712421430896191193534265572221815036076756439395884113709392615027355023738528064344875445088345175077752097963287365502360501728721861871264146771144983017878987791307238289867143100882230742121151537844530086564208143061643455778229794092085420229731058689284540461501186678235815563986086565830620790111149098000606412282392689256759291158116353395682423606007851021712151732835068086266345152135212680004836782578335191363462684246101263251560183287966692782169604798574468442575570184726319656089128604169757718740160238738332030199740312957151397109627056013949606868951732631930927961456153850255989175674914011832117340911951923763124701406994501876933580741294706729735312812974497312229326744273562465266380112574918370130788954338771221946671883787992563938342955113947982189858884270572268525490641552605662429687688636382293270282687447583832024614212923499991182977325130781405299777536723715649521151038883344951348471157050374094695331424368067976016693867066139036143747044568058398936425797436626581998121222973468354181188292362115843788744611111294863190658627233037234569272194722156428455418542337353730623800190115608134795878073523611617660260758372927209704226485287253156869371170909218855769519912590578811047673538649805496740663736554572296432578672864793728905662640961697836964474104775554846975278272052863677872640011003	24739664234858138982047535273920704865888201889876711837493816699690678265963591165069870505023217046633362579621148489165328977987949899797415602900085081435628786567950676391780949633448253616219680559998014214784634910618447122667639804607217055610037222276897125660535867393387520758988742191975881454668757766456386039099618304136651166884285837894817315224103333988986022139294086321685154999346340705988103078279492809641656432950215478117816222205266648568411397418925046010008480574710698821954765024242012324702958840527170691397468834926110714722062344576291849261675828451121993701604115701508243628541371186781104664750453506678450990658685568877319368724842489366294600223726679557182485111500144011805314426535016123806594563159834704421627591278254098145543334614838595418659350735064119136615550909153916789982856517125346862661227399851506503677119661384586623759841225285653771144345770541906184539519104941031220044588169549394770200017461390905581925298086151522809307449802203222974575540394725875975613318942282656692285373790701768039928224139907689742983609684357165165999207726031406986345064845442052163822899745749684239296069717432693993739901942491195871247188184005657715557324715787468964623060658282699748340496206865605372436586070397727939308002786773406257199303380943930864942544541362099694143798665014159981291076426741521752789265368640593684634117809873247169966065789911558626022600729888277201643689641675452459069562508631492228721765370498937893043431497988216537706295785164432196057935490528663597621520778034290151070854816629426746125540833035727606516741355676577511359225189296292548229211189083998370260280090542803113716826454333586493978480241538453764023117135870306486868190579583638749543528287787983143040255708751029006941308429997433080718822734531156727166409700399126449488232655765908523538109059027659972391417586695558079006462758935754010444329600948762656764448062867805309855802889917915490930359558417669703746680662875377472240206717145818436374740163786447225207779656991347434454381456624432873034406069959063223124424548648585063412282925582908276089069079075949312780188260640797350892262486199410962058770676561051286324306601018157181978353068747811538127526306308937940842930452043500326163208978153413354707649983565218720121511676564439582142787669964393412352531196622177914611046188301931657468268625996115606390378	0,-3,3,3,3,3,3,3,3,3,3,3	-4,-4,-4,3,3,3,3,3,3,3,3,3	ok
0.794795	12.552553	-57.311166	0.401954	continued:5	24739664234858138982047535273920704865888201889876711837493816699690678265963591165069870505023217046633362579621148489165328977987949899797415602900085081435628786567950676391780949633448253616219680559998014214784634910618447122667639804607217055610037222276897125660535867393387520758988742191975475097134159821776175469287214857624750265388130867415580412873925910271279382629434282479656095907178473638142326186864698341018602123575843883404208311798618679388046194707946385968872279636660172423920762823771748609336176990325713506490614247467311351878471253089939596514261196666267475682898634243267997762771930410142900670636074021557040670388399249983696339590262511488321191028111768834613450767960304634194103204964021206651325127942216552993232309024409773981445208472224816140189531426184277514710641013131770020359108910112128019299913823691282611701014232340732883865600476181870280726275194387402801503855938719103084135784125699331758447304174100662916368272903302513802856798570084277611879778879080212145328740890389648499777712421430896191193534265572221815036076756439395884113709392615027355023738528064344875445088345175077752097963287365502360501728721861871264146771144983017878987791307238289867143100882230742121151537844530086564208143061643455778229794092085420229731058689284540461501186678235815563986086565830620790111149098000606412282392689256759291158116353395682423606007851021712151732835068086266345152135212680004836782578335191363462684246101263251560183287966692782169604798574468442575570184726319656089128604169757718740160238738332030199740312957151397109627056013949606868951732631930927961456153850255989175674914011832117340911951923763124701406994501876933580741294706729735312812974497312229326744273562465266380112574918370130788954338771221946671883787992563938342955113947982189858884270572268525490641552605662429687688636382293270282687447583832024614212923499991182977325130781405299777536723715649521151038883344951348471157050374094695331424368067976016693867066139036143747044568058398936425797436626581998121222973468354181188292362115843788744611111294863190658627233037234569272194722156428455418542337353730623800190115608134795878073523611617660260758372927209704226485287253156869371170909218855769519912590578811047673538649805496740663736554572296432578672864793728905662640961697836964474104775554846975278272052863677872640011003	24739664234858138982047535273920704865888201889876711837493816699690678265963591165069870505023217046633362579621148489165328977987949899797415602900085081435628786567950676391780949633448253616219680559998014214784634910618447122667639804607217055610037222276897125660535867393387520758988742191975881454668757766456386039099618304136651166884285837894817315224103333988986022139294086321685154999346340705988103078279492809641656432950215478117816222205266648568411397418925046010008480574710698821954765024242012324702958840527170691397468834926110714722062344576291849261675828451121993701604115701508243628541371186781104664750453506678450990658685568877319368724842489366294600223726679557182485111500144011805314426535016123806594563159834704421627591278254098145543334614838595418659350735064119136615550909153916789982856517125346862661227399851506503677119661384586623759841225285653771144345770541906184539519104941031220044588169549394770200017461390905581925298086151522809307449802203222974575540394725875975613318942282656692285373790701768039928224139907689742983609684357165165999207726031406986345064845442052163822899745749684239296069717432693993739901942491195871247188184005657715557324715787468964623060658282699748340496206865605372436586070397727939308002786773406257199303380943930864942544541362099694143798665014159981291076426741521752789265368640593684634117809873247169966065789911558626022600729888277201643689641675452459069562508631492228721765370498937893043431497988216537706295785164432196057935490528663597621520778034290151070854816629426746125540833035727606516741355676577511359225189296292548229211189083998370260280090542803113716826454333586493978480241538453764023117135870306486868190579583638749543528287787983143040255708751029006941308429997433080718822734531156727166409700399126449488232655765908523538109059027659972391417586695558079006462758935754010444329600948762656764448062867805309855802889917915490930359558417669703746680662875377472240206717145818436374740163786447225207779656991347434454381456624432873034406069959063223124424548648585063412282925582908276089069079075949312780188260640797350892262486199410962058770676561051286324306601018157181978353068747811538127526306308937940842930452043500326163208978153413354707649983565218720121511676564439582142787669964393412352531196622177914611046188301931657468268625996115606390378	0,-3,3,3,3,3,3,3,3,3,3,3	-4,-4,-4,3,3,3,3,3,3,3,3,3	ok
0.798799	12.552553	-57.437010	0.401580	full	24739664234858138982047535273920704865888201889876711837493816699690678265963591165069870505023217046633362579621148489165328977987949899797415602900085081435628786567950676391780949633448253616219680559998014214784634910618447122667639804607217055610037222276897125660535867393387520758988742191975475097134159821776175469287214857624750265388130867415580412873925910271279382629434282479656095907178473638142326186864698341018602123575843883404208311798618679388046194707946385968872279636660172423920762823771748609336176990325713506490614247467311351878471253089939596514261196666267475682898634243267997762771930410142900670636074021557040670388399249983696339590262511488321191028111768834613450767960304634194103204964021206651325127942216552993232309024409773981445208472224816140189531426184277514710641013131770020359108910112128019299913823691282611701014232340732883865600476181870280726275194387402801503855938719103084135784125699331758447304174100662916368272903302513802856798570084277611879778879080212145328740890389648499777712421430896191193534265572221815036076756439395884113709392615027355023738528064344875445088345175077752097963287365502360501728721861871264146771144983017878987791307238289867143100882230742121151537844530086564208143061643455778229794092085420229731058689284540461501186678235815563986086565830620790111149098000606412282392689256759291158116353395682423606007851021712151732835068086266345152135212680004836782578335191363462684246101263251560183287966692782169604798574468442575570184726319656089128604169757718740160238738332030199740312957151397109627056013949606868951732631930927961456153850255989175674914011832117340911951923763124701406994501876933580741294706729735312812974497312229326744273562465266380112574918370130788954338771221946671883787992563938342955113947982189858884270572268525490641552605662429687688636382293270282687447583832024614212923499991182977325130781405299777536723715649521151038883344951348471157050374094695331424368067976016693867066139036143747044568058398936425797436626581998121222973468354181188292362115843788744611111294863190658627233037234569272194722156428455418542337353730623800190115608134795878073523611617660260758372927209704226485287253156869371170909218855769519912590578811047673538649805496740663736554572296432578672864793728905662640961697836964474104775554846975278272052863677872640011003	24739664234858138982047535273920704865888201889876711837493816699690678265963591165069870505023217046633362579621148489165328977987949899797415602900085081435628786567950676391780949633448253616219680559998014214784634910618447122667639804607217055610037222276897125660535867393387520758988742191975881454668757766456386039099618304136651166884285837894817315224103333988986022139294086321685154999346340705988103078279492809641656432950215478117816222205266648568411397418925046010008480574710698821954765024242012324702958840527170691397468834926110714722062344576291849261675828451121993701604115701508243628541371186781104664750453506678450990658685568877319368724842489366294600223726679557182485111500144011805314426535016123806594563159834704421627591278254098145543334614838595418659350735064119136615550909153916789982856517125346862661227399851506503677119661384586623759841225285653771144345770541906184539519104941031220044588169549394770200017461390905581925298086151522809307449802203222974575540394725875975613318942282656692285373790701768039928224139907689742983609684357165165999207726031406986345064845442052163822899745749684239296069717432693993739901942491195871247188184005657715557324715787468964623060658282699748340496206865605372436586070397727939308002786773406257199303380943930864942544541362099694143798665014159981291076426741521752789265368640593684634117809873247169966065789911558626022600729888277201643689641675452459069562508631492228721765370498937893043431497988216537706295785164432196057935490528663597621520778034290151070854816629426746125540833035727606516741355676577511359225189296292548229211189083998370260280090542803113716826454333586493978480241538453764023117135870306486868190579583638749543528287787983143040255708751029006941308429997433080718822734531156727166409700399126449488232655765908523538109059027659972391417586695558079006462758935754010444329600948762656764448062867805309855802889917915490930359558417669703746680662875377472240206717145818436374740163786447225207779656991347434454381456624432873034406069959063223124424548648585063412282925582908276089069079075949312780188260640797350892262486199410962058770676561051286324306601018157181978353068747811538127526306308937940842930452043500326163208978153413354707649983565218720121511676564439582142787669964393412352531196622177914611046188301931657468268625996115606390378	0,-3,3,3,3,3,3,3,3,3,3,3	-4,-4,-4,3,3,3,3,3,3,3,3,3	ok
0.802803	12.552553	-18.862527	0.385214	continued:5	24739664234858138982047535273920704865888201889876711837493816699690678266527069749440504790571412139398611409270908450362730376250155074764676347344069888126517298474570859817860608502873391373146285427510315747585633769201540786967750755426439244909325087395028128868044225308262789884128060956514754247517702306425810931411575896427989859706075064718218471893517140662118299639008577497356111854595428210166315807732026393320608795249168317651695729421548767897306733768613302513900313747234910216702628396343057972743120228768071687743367812170271420131539175277064250947772621001186024499362163335793602171390789441233345359317297987613512980491695577916997660396957915557900310271635623458055025007041775847069041635811203256895352566087822033786766343037302223398419442420288675160901222754706690690966518603785237711745730763499632246794821702611212581403238113406002252819908487238453210437930412907369377220770586565902403360469112052194331355699172681218058600912097861834234685728509163337737349074185342289032272009772529037195573254778966688587558900055660072144278809022487554382658809806558064428353021275127081776410900980967206199354460442391625214857639764133401759178616057210680190398057943198554703123064624601181660446023242953363172469272447449114604306603789676668032281302982461618227348434344241480239631397835903839519478265189030951001209408772220016925107341479912568701564082262934999088780116117157913247841036010283824164068664803837757729257063220663294913321230139151791147367038607282105733904016359791183527241886003154841144844699741276832690531565598197988362867236693987899442686604165527015589030459917424605601810195980491409331875015847889767893397997851764918922389773504676120331392543491419098534999834244969247145556550831973114815044231233657722950610142402468854522006648954172443764314423238950001228862322460291231007742419224237436270306563202999239488874012867082031104349605713456773862569124387618118057663899662747824622269598140181829025823849459071217200217499424424921702079204165306034254003250821214459947311774588189544407889173479333726358175028336674590598227784079049643150162343597675915129829472380065525970735331867880378899325396537836666761765810631243557908279830814880986128184517012337907370167586812223690747962565062007279395474143260789754271822074879377170376998060728251658724928368646962339785363308878071480662388025	24739664234858138982047535273920704865888201889876711837493816699690678265963591165069870505023217046633362579621148489165328977987949899797415602900085081435628786567950676391780949633448253616219680559998014214784634910618447122667639804607217055610037222276897125660535867393387520758988742191975881454668757766456386039099618304136651166884285837894817315224103333988986022139294086321685154999346340705988103078279492809641656432950215478117816222205266648568411397418925046010008480574710698821954765024242012324702958840527170691397468834926110714722062344576291849261675828451121993701604115701508243628541371186781104664750453506678450990658685568877319368724842489366294600223726679557182485111500144011805314426535016123806594563159834704421627591278254098145543334614838595418659350735064119136615550909153916789982856517125346862661227399851506503677119661384586623759841225285653771144345770541906184539519104941031220044588169549394770200017461390905581925298086151522809307449802203222974575540394725875975613318942282656692285373790701768039928224139907689742983609684357165165999207726031406986345064845442052163822899745749684239296069717432693993739901942491195871247188184005657715557324715787468964623060658282699748340496206865605372436586070397727939308002786773406257199303380943930864942544541362099694143798665014159981291076426741521752789265368640593684634117809873247169966065789911558626022600729888277201643689641675452459069562508631492228721765370498937893043431497988216537706295785164432196057935490528663597621520778034290151070854816629426746125540833035727606516741355676577511359225189296292548229211189083998370260280090542803113716826454333586493978480241538453764023117135870306486868190579583638749543528287787983143040255708751029006941308429997433080718822734531156727166409700399126449488232655765908523538109059027659972391417586695558079006462758935754010444329600948762656764448062867805309855802889917915490930359558417669703746680662875377472240206717145818436374740163786447225207779656991347434454381456624432873034406069959063223124424548648585063412282925582908276089069079075949312780188260640797350892262486199410962058770676561051286324306601018157181978353068747811538127526306308937940842930452043500326163208978153413354707649983565218720121511676564439582142787669964393412352531196622177914611046188301931657468268625996115606390378	-2,-4,-4,-4,-4,3,3,3,3,3,3,3	-4,-4,-4,3,3,3,3,3,3,3,3,3	ok
0.806807	12.552553	-47.005183	0.388007	continued:5	24739664234858138982047535273920704865888201889876711837493816699690678266527069749440504790571412139398611409270908450362730376250155074764676347344069888126517298474570859817860608502873391373146285427510315747585633769201540786967750755426439244909325087395028128868044225308262789884128060956514754247517702306425810931411575896427989859706075064718218471893517140662118299639008577497356111854595428210166315807732026393320608795249168317651695729421548767897306733768613302513900313747234910216702628396343057972743120228768071687743367812170271420131539175277064250947772621001186024499362163335793602171390789441233345359317297987613512980491695577916997660396957915557900310271635623458055025007041775847069041635811203256895352566087822033786766343037302223398419442420288675160901222754706690690966518603785237711745730763499632246794821702611212581403238113406002252819908487238453210437930412907369377220770586565902403360469112052194331355699172681218058600912097861834234685728509163337737349074185342289032272009772529037195573254778966688587558900055660072144278809022487554382658809806558064428353021275127081776410900980967206199354460442391625214857639764133401759178616057210680190398057943198554703123064624601181660446023242953363172469272447449114604306603789676668032281302982461618227348434344241480239631397835903839519478265189030951001209408772220016925107341479912568701564082262934999088780116117157913247841036010283824164068664803837757729257063220663294913321230139151791147367038607282105733904016359791183527241886003154841144844699741276832690531565598197988362867236693987899442686604165527015589030459917424605601810195980491409331875015847889767893397997851764918922389773504676120331392543491419098534999834244969247145556550831973114815044231233657722950610142402468854522006648954172443764314423238950001228862322460291231007742419224237436270306563202999239488874012867082031104349605713456773862569124387618118057663899662747824622269598140181829025823849459071217200217499424424921702079204165306034254003250821214459947311774588189544407889173479333726358175028336674590598227784079049643150162343597675915129829472380065525970735331867880378899325396537836666761765810631243557908279830814880986128184517012337907370167586812223690747962565062007279395474143260789754271822074879377170376998060728251658724928368646962339785363308878071480662388025	24739664234858138982047535273920704865888201889876711837493816699690678265963591165069870505023217046633362579621148489165328977987949899797415602900085081435628786567950676391780949633448253616219680559998014214784634910618447122667639804607217055610037222276897125660535867393387520758988742191975881454668757766456386039099618304136651166884285837894817315224103333988986022139294086321685154999346340705988103078279492809641656432950215478117816222205266648568411397418925046010008480574710698821954765024242012324702958840527170691397468834926110714722062344576291849261675828451121993701604115701508243628541371186781104664750453506678450990658685568877319368724842489366294600223726679557182485111500144011805314426535016123806594563159834704421627591278254098145543334614838595418659350735064119136615550909153916789982856517125346862661227399851506503677119661384586623759841225285653771144345770541906184539519104941031220044588169549394770200017461390905581925298086151522809307449802203222974575540394725875975613318942282656692285373790701768039928224139907689742983609684357165165999207726031406986345064845442052163822899745749684239296069717432693993739901942491195871247188184005657715557324715787468964623060658282699748340496206865605372436586070397727939308002786773406257199303380943930864942544541362099694143798665014159981291076426741521752789265368640593684634117809873247169966065789911558626022600729888277201643689641675452459069562508631492228721765370498937893043431497988216537706295785164432196057935490528663597621520778034290151070854816629426746125540833035727606516741355676577511359225189296292548229211189083998370260280090542803113716826454333586493978480241538453764023117135870306486868190579583638749543528287787983143040255708751029006941308429997433080718822734531156727166409700399126449488232655765908523538109059027659972391417586695558079006462758935754010444329600948762656764448062867805309855802889917915490930359558417669703746680662875377472240206717145818436374740163786447225207779656991347434454381456624432873034406069959063223124424548648585063412282925582908276089069079075949312780188260640797350892262486199410962058770676561051286324306601018157181978353068747811538127526306308937940842930452043500326163208978153413354707649983565218720121511676564439582142787669964393412352531196622177914611046188301931657468268625996115606390378	-2,-4,-4,-4,-4,3,3,3,3,3,3,3	-4,-4,-4,3,3,3,3,3,3,3,3,3	ok
0.810811	12.552553	-50.903425	0.390801	continued:5	24739664234858138982047535273920704865888201889876711837493816699690678266527069749440504790571412139398611409270908450362730376250155074764676347344069888126517298474570859817860608502873391373146285427510315747585633769201540786967750755426439244909325087395028128868044225308262789884128060956514754247517702306425810931411575896427989859706075064718218471893517140662118299639008577497356111854595428210166315807732026393320608795249168317651695729421548767897306733768613302513900313747234910216702628396343057972743120228768071687743367812170271420131539175277064250947772621001186024499362163335793602171390789441233345359317297987613512980491695577916997660396957915557900310271635623458055025007041775847069041635811203256895352566087822033786766343037302223398419442420288675160901222754706690690966518603785237711745730763499632246794821702611212581403238113406002252819908487238453210437930412907369377220770586565902403360469112052194331355699172681218058600912097861834234685728509163337737349074185342289032272009772529037195573254778966688587558900055660072144278809022487554382658809806558064428353021275127081776410900980967206199354460442391625214857639764133401759178616057210673156243633300796807248794605122683731974791496902664128878641184520473500825398215812641159434827628998622259292915673218874003973386059003237887445082762880209786399957615563799203180616399064332818912996058392810196869654083006490334642056061239251179056009615294506290117464688484025949120568719819283456124580544682881171421260943541579248527704869898537742188703833871961088688204538498117265321771286761309247552685482079962262050552845513714934846045182058722227987606665606042180617044588443607459813064997879976194827291424712032310443011090956239365061217361518410802453124524840558011953805365761494457801009569163317744034818142535244063518808384830620220565418152783289956624749749819076668016024265032457536863212943413743867832753754773611384186639210741581136382046281168136879454471498331878163458120352190565978782247931890290295701266018978036779034468107326187079926916798699596662346300581249330764795567806508746121156744125367811518619897619348002395798294907765649592376122383521072922104001273026981807900119826443200996317126277171178704077483113072074268653747754487474408483425854972111137166212140154130568988566022312919789958312847244142489313149410058949163660852994	24739664234858138982047535273920704865888201889876711837493816699690678265963591165069870505023217046633362579621148489165328977987949899797415602900085081435628786567950676391780949633448253616219680559998014214784634910618447122667639804607217055610037222276897125660535867393387520758988742191975881454668757766456386039099618304136651166884285837894817315224103333988986022139294086321685154999346340705988103078279492809641656432950215478117816222205266648568411397418925046010008480574710698821954765024242012324702958840527170691397468834926110714722062344576291849261675828451121993701604115701508243628541371186781104664750453506678450990658685568877319368724842489366294600223726679557182485111500144011805314426535016123806594563159834704421627591278254098145543334614838595418659350735064119136615550909153916789982856517125346862661227399851506503677119661384586623759841225285653771144345770541906184539519104941031220044588169549394770200017461390905581925298086151522809307449802203222974575540394725875975613318942282656692285373790701768039928224139907689742983609684357165165999207726031406986345064845442052163822899745749684239296069717432693993739901942491195871247188184005657715557324715787468964623060658282699748340496206865605372436586070397727939308002786773406257199303380943930864942544541362099694143798665014159981291076426741521752789265368640593684634117809873247169966065789911558626022600729888277201643689641675452459069562508631492228721765370498937893043431497988216537706295785164432196057935490528663597621520778034290151070854816629426746125540833035727606516741355676577511359225189296292548229211189083998370260280090542803113716826454333586493978480241538453764023117135870306486868190579583638749543528287787983143040255708751029006941308429997433080718822734531156727166409700399126449488232655765908523538109059027659972391417586695558079006462758935754010444329600948762656764448062867805309855802889917915490930359558417669703746680662875377472240206717145818436374740163786447225207779656991347434454381456624432873034406069959063223124424548648585063412282925582908276089069079075949312780188260640797350892262486199410962058770676561051286324306601018157181978353068747811538127526306308937940842930452043500326163208978153413354707649983565218720121511676564439582142787669964393412352531196622177914611046188301931657468268625996115606390378	1,-4,-4,-4,-4,3,3,3,3,3,3,3	-4,-4,-4,3,3,3,3,3,3,3,3,3	ok
0.814815	12.552553	-53.315891	0.390968	continued:5	24739664234858138982047535273920704865888201889876711837493816699690678265963591165069870505023217046633362579621148489165328977987949899797415602900085081435628786567950676391780949633448253616219680559998014214784634910618447122667639804607217055610037222276897125660535867393387520758988742191975881454668757766456386039099618304136651166884285837894817315224103333988986022139294086321685154999346340705988103078279492809641656432950215478117816222205266648568411397418925046010008480574710698821954765024242012324702958840527170691397468834926110714722062344576291849261675828451121993701604115701508243628541371186781104664750453506678450990658685568877319368724842489366294600223726679557182485111500144011805314426535016123806594563159834704421627591278254098145543334614838595418659350735064119136615550909153916789982856517125346862661227399851506503677119661384586623759841225285653771144345770541906184539519104941031220044588169549394770200017461390905581925298086151522809307449802203222974575540394725875975613318942282656692285373790701768039928224139907689742983609684357165165999207726031406986345064845442052163822899745749684239296069717432693993739901942491195871247188184005622544785201503778731692980763148695451320067864505419433903296146435519659445296496521753471751053227747100453951667941404082669168467397904837511477314606979965133586611493917731935764814635083454704415971377330927400925606195959818431792469429418116723704386606181200779275427328448710823557613447746209908018375062744436514008448136725837375018889739373788918034661386782197106728884664734208458407490415983494747724025743014546106959052115082581517674412963303533831592714298898434370562696760364284907649524262263203863738811407641223237417792595228795567209392197346168129532869186393699250511460803609604775790350055181876012354996063835746263526287716560314813811620925060168891017297616944232700143626717187252726401614482694460612123445628743173456126897633169507145484634472958365316154041498756742212285370794794943044917860959341170625479307682910920823252007181387177510642904251136218634729923121143365381055468330009120571229595835534174707444212211923579929623123189784216056145019741206793077625668066727235911128282011752922343020711243420613039895996532816209969481955781758149729410573607684771633603829608966645618928414800755731073563281257215197415316980466356186475953769123	24739664234858138982047535273920704865888201889876711837493816699690678265963591165069870505023217046633362579621148489165328977987949899797415602900085081435628786567950676391780949633448253616219680559998014214784634910618447122667639804607217055610037222276897125660535867393387520758988742191975881454668757766456386039099618304136651166884285837894817315224103333988986022139294086321685154999346340705988103078279492809641656432950215478117816222205266648568411397418925046010008480574710698821954765024242012324702958840527170691397468834926110714722062344576291849261675828451121993701604115701508243628541371186781104664750453506678450990658685568877319368724842489366294600223726679557182485111500144011805314426535016123806594563159834704421627591278254098145543334614838595418659350735064119136615550909153916789982856517125346862661227399851506503677119661384586623759841225285653771144345770541906184539519104941031220044588169549394770200017461390905581925298086151522809307449802203222974575540394725875975613318942282656692285373790701768039928224139907689742983609684357165165999207726031406986345064845442052163822899745749684239296069717432693993739901942491195871247188184005657715557324715787468964623060658282699748340496206865605372436586070397727939308002786773406257199303380943930864942544541362099694143798665014159981291076426741521752789265368640593684634117809873247169966065789911558626022600729888277201643689641675452459069562508631492228721765370498937893043431497988216537706295785164432196057935490528663597621520778034290151070854816629426746125540833035727606516741355676577511359225189296292548229211189083998370260280090542803113716826454333586493978480241538453764023117135870306486868190579583638749543528287787983143040255708751029006941308429997433080718822734531156727166409700399126449488232655765908523538109059027659972391417586695558079006462758935754010444329600948762656764448062867805309855802889917915490930359558417669703746680662875377472240206717145818436374740163786447225207779656991347434454381456624432873034406069959063223124424548648585063412282925582908276089069079075949312780188260640797350892262486199410962058770676561051286324306601018157181978353068747811538127526306308937940842930452043500326163208978153413354707649983565218720121511676564439582142787669964393412352531196622177914611046188301931657468268625996115606390378	1,-4,-4,3,3,3,3,3,3,3,3,3	-4,-4,-4,3,3,3,3,3,3,3,3,3	ok
0.818819	12.552553	-54.816306	0.393633	continued:5	24739664234858138982047535273920704865888201889876711837493816699690678265963591165069870505023217046633362579621148489165328977987949899797415602900085081435628786567950676391780949633448253616219680559998014214784634910618447122667639804607217055610037222276897125660535867393387520758988742191975475097134159821776175469287214857624750265388130867415580412873925910271279382629434282479656095907178473638142326186864698341018602123575843883404208311798618679388046194707946385968872279636660172423920762823771748609336176990325713506490614247467311351878471253089939596514261196666267475682898635077588364628629417296554229734815495315011752337585393015754405944996164827318009845582551593321289722257247006063686910061456841431892563940020873466746931070957111770150069590359792388197563206227771911411885143855184505614961998508226343153531223089971459935049708039359327667779120430067461929055441744031224422705223831560005091108633317128720548165517033711719448300771525660964913525817712220131912105082815080054605883136048554894173783193438041716508681297001277350562437894851607688119124032266056066591963623197071229719772200831481260746898621517899928612391918713268983151048632780119648896253765940151777173575597570025320253082336116946689981147789765900355562110523987436189411566954756946831913765892283629482126668117215787661175622538482371666841405595054624551275871666632475049764341931929868507018454948365774171910807496638367218687366613903751947086947394002612630474683257999387223688134848014104823955551645010680263372366206458226198558279883447844315148180302724249331888726196930807213187997142652942313186005148224878224024593537200103980637926868603500896185830904692094904758235554768415409124757267836161356776521732484146109863946926378105041694979170269733992817805415234240628485488200053302199364211031646323082439647263607276631895871769259044401451363766451126814443473134220489198884697731101960802990910300139680959518854832128513597114746389737973151315057975842081443516593123962467786526070102139874765749035637088432614260030772344792316488840415153698481155126035457741137680097748660410763036811870095293313414540437283852893333234643562710973384060038416228190613325616933189150517789061901654152308030489428549857055082465581427407486143000730202660813809057790100346399768338483335257539245860316494779637880208922066168766414992991208014608723526	24739664234858138982047535273920704865888201889876711837493816699690678265963591165069870505023217046633362579621148489165328977987949899797415602900085081435628786567950676391780949633448253616219680559998014214784634910618447122667639804607217055610037222276897125660535867393387520758988742191975881454668757766456386039099618304136651166884285837894817315224103333988986022139294086321685154999346340705988103078279492809641656432950215478117816222205266648568411397418925046010008480574710698821954765024242012324702958840527170691397468834926110714722062344576291849261675828451121993701604115701508243628541371186781104664750453506678450990658685568877319368724842489366294600223726679557182485111500144011805314426535016123806594563159834704421627591278254098145543334614838595418659350735064119136615550909153916789982856517125346862661227399851506503677119661384586623759841225285653771144345770541906184539519104941031220044588169549394770200017461390905581925298086151522809307449802203222974575540394725875975613318942282656692285373790701768039928224139907689742983609684357165165999207726031406986345064845442052163822899745749684239296069717432693993739901942491195871247188184005657715557324715787468964623060658282699748340496206865605372436586070397727939308002786773406257199303380943930864942544541362099694143798665014159981291076426741521752789265368640593684634117809873247169966065789911558626022600729888277201643689641675452459069562508631492228721765370498937893043431497988216537706295785164432196057935490528663597621520778034290151070854816629426746125540833035727606516741355676577511359225189296292548229211189083998370260280090542803113716826454333586493978480241538453764023117135870306486868190579583638749543528287787983143040255708751029006941308429997433080718822734531156727166409700399126449488232655765908523538109059027659972391417586695558079006462758935754010444329600948762656764448062867805309855802889917915490930359558417669703746680662875377472240206717145818436374740163786447225207779656991347434454381456624432873034406069959063223124424548648585063412282925582908276089069079075949312780188260640797350892262486199410962058770676561051286324306601018157181978353068747811538127526306308937940842930452043500326163208978153413354707649983565218720121511676564439582142787669964393412352531196622177914611046188301931657468268625996115606390378	1,3,3,3,3,3,3,3,3,3,3,3	-4,-4,-4,3,3,3,3,3,3,3,3,3	ok
0.822823	12.552553	-55.674055	0.395551	continued:5	24739664234858138982047535273920704865888201889876711837493816699690678265963591165069870505023217046633362579621148489165328977987949899797415602900085081435628786567950676391780949633448253616219680559998014214784634910618447122667639804607217055610037222276897125660535867393387520758988742191975475097134159821776175469287214857624750265388130867415580412873925910271279382629434282479656095907178473638142326186864698341018602123575843883404208311798618679388046194707946385968872279636660172423920762823771748609336176990325713506490614247467311351878471253089939596514261196666267475682898635077588364628629417296554229734815495315011752337585393015754405944996164827318009845582551593321289722257247006063686910061456841431892563940020873466746931070957111770150069590359792388197563206227771911411885143855184505614961998508226343153531223089971459935049708039359327667779120430067461929055441744031224422705223831560005091108633317128720548165517033711719448300771525660964913525817712220131912105082815080054605883136048554894173783193438041716508681297001277350562437894851607688119124032266056066591963623197071229719772200831481260746898621517899928612391918713268983151048632780119655930408190582553524627904057071942769938736862457235924274975877692875969260912825240440176312796169883715527296420812911085368231803397367822990876417832371726944474641149344806282859835563177758758315140869621665338558538229319788140992642348683078964438303205169238089677606281386970253341769254691973676747054001600056884371509167578247128910554017708455798400339763929792299326278161913247735847547901720607853014273297061169415154483166033077865097453650461838107532682052642437808745312631797604500447563344035980600655360681484274936965759099895773785743476559627847035998495623947412514142251410657373695628596507787826274803330499930271551011927848963095389998115464084361772602196582573023653623911344037727364227195594183603523434780747077500441651045950433605054450968920210102886398197382751252220063486096686194630712738899496659850907030285511459146924946136142303252814811401903979278425790228571196558652325907826618637862596663393079577711958009484587139118727133603578984775841831059511392904829664132579075616389269418347099007484820626482853352165533173315748528323140233506000037753936239379980930850327518548701251621213257545847129540580490183656973082502121819713680447958	24739664234858138982047535273920704865888201889876711837493816699690678265963591165069870505023217046633362579621148489165328977987949899797415602900085081435628786567950676391780949633448253616219680559998014214784634910618447122667639804607217055610037222276897125660535867393387520758988742191975881454668757766456386039099618304136651166884285837894817315224103333988986022139294086321685154999346340705988103078279492809641656432950215478117816222205266648568411397418925046010008480574710698821954765024242012324702958840527170691397468834926110714722062344576291849261675828451121993701604115701508243628541371186781104664750453506678450990658685568877319368724842489366294600223726679557182485111500144011805314426535016123806594563159834704421627591278254098145543334614838595418659350735064119136615550909153916789982856517125346862661227399851506503677119661384586623759841225285653771144345770541906184539519104941031220044588169549394770200017461390905581925298086151522809307449802203222974575540394725875975613318942282656692285373790701768039928224139907689742983609684357165165999207726031406986345064845442052163822899745749684239296069717432693993739901942491195871247188184005657715557324715787468964623060658282699748340496206865605372436586070397727939308002786773406257199303380943930864942544541362099694143798665014159981291076426741521752789265368640593684634117809873247169966065789911558626022600729888277201643689641675452459069562508631492228721765370498937893043431497988216537706295785164432196057935490528663597621520778034290151070854816629426746125540833035727606516741355676577511359225189296292548229211189083998370260280090542803113716826454333586493978480241538453764023117135870306486868190579583638749543528287787983143040255708751029006941308429997433080718822734531156727166409700399126449488232655765908523538109059027659972391417586695558079006462758935754010444329600948762656764448062867805309855802889917915490930359558417669703746680662875377472240206717145818436374740163786447225207779656991347434454381456624432873034406069959063223124424548648585063412282925582908276089069079075949312780188260640797350892262486199410962058770676561051286324306601018157181978353068747811538127526306308937940842930452043500326163208978153413354707649983565218720121511676564439582142787669964393412352531196622177914611046188301931657468268625996115606390378	-2,3,3,3,3,3,3,3,3,3,3,3	-4,-4,-4,3,3,3,3,3,3,3,3,3	ok
0.826827	12.552553	-56.224198	0.398345	continued:5	24739664234858138982047535273920704865888201889876711837493816699690678265963591165069870505023217046633362579621148489165328977987949899797415602900085081435628786567950676391780949633448253616219680559998014214784634910618447122667639804607217055610037222276897125660535867393387520758988742191975475097134159821776175469287214857624750265388130867415580412873925910271279382629434282479656095907178473638142326186864698341018602123575843883404208311798618679388046194707946385968872279636660172423920762823771748609336176990325713506490614247467311351878471253089939596514261196666267475682898635077588364628629417296554229734815495315011752337585393015754405944996164827318009845582551593321289722257247006063686910061456841431892563940020873466746931070957111770150069590359792388197563206227771911411885143855184505614961998508226343153531223089971459935049708039359327667779120430067461929055441744031224422705223831560005091108633317128720548165517033711719448300771525660964913525817712220131912105082815080054605883136048554894173783193438041716508681297001277350562437894851607688119124032266056066591963623197071229719772200831481260746898621517899928612391918713268983151048632780119648896253765940151777173575597570025320253082336116946689981147789765900355562110523987436189411566954756946831913765892283629482126668117215787661175622538482371666841405595054624551275871666632475049764341931929868507018454948365774171910807496638367218687366613903751947086947394002612630474683257999387223688134848014104823955551645010680263372366206458226198558279883447844315148180302724249331888726196930807213187997142652942313186005148224878224024593537200103980637926868603500896185830904692094904758235554768415409124757267836161356776521732484146109863946926378105041694979170269733992817805415234240628485488200053302199364211031646323082439647263607276631895871769259044401451363766451126814443473134220489198884697731101960802990910300139680959518854832128513597114746389737973151315057975842081443516593123962467786526070102139874765749035637088432614260030772344792316488840415153698481155126035457741137680097748660410763036811870095293313414540437283852893333234643562710973384060038416228190613325616933189150517789061901654152308030489428549857055082465581427407486143000730202660813809057790100346399768338483335257539245860316494779637880208922066168766414992991208014608723526	24739664234858138982047535273920704865888201889876711837493816699690678265963591165069870505023217046633362579621148489165328977987949899797415602900085081435628786567950676391780949633448253616219680559998014214784634910618447122667639804607217055610037222276897125660535867393387520758988742191975881454668757766456386039099618304136651166884285837894817315224103333988986022139294086321685154999346340705988103078279492809641656432950215478117816222205266648568411397418925046010008480574710698821954765024242012324702958840527170691397468834926110714722062344576291849261675828451121993701604115701508243628541371186781104664750453506678450990658685568877319368724842489366294600223726679557182485111500144011805314426535016123806594563159834704421627591278254098145543334614838595418659350735064119136615550909153916789982856517125346862661227399851506503677119661384586623759841225285653771144345770541906184539519104941031220044588169549394770200017461390905581925298086151522809307449802203222974575540394725875975613318942282656692285373790701768039928224139907689742983609684357165165999207726031406986345064845442052163822899745749684239296069717432693993739901942491195871247188184005657715557324715787468964623060658282699748340496206865605372436586070397727939308002786773406257199303380943930864942544541362099694143798665014159981291076426741521752789265368640593684634117809873247169966065789911558626022600729888277201643689641675452459069562508631492228721765370498937893043431497988216537706295785164432196057935490528663597621520778034290151070854816629426746125540833035727606516741355676577511359225189296292548229211189083998370260280090542803113716826454333586493978480241538453764023117135870306486868190579583638749543528287787983143040255708751029006941308429997433080718822734531156727166409700399126449488232655765908523538109059027659972391417586695558079006462758935754010444329600948762656764448062867805309855802889917915490930359558417669703746680662875377472240206717145818436374740163786447225207779656991347434454381456624432873034406069959063223124424548648585063412282925582908276089069079075949312780188260640797350892262486199410962058770676561051286324306601018157181978353068747811538127526306308937940842930452043500326163208978153413354707649983565218720121511676564439582142787669964393412352531196622177914611046188301931657468268625996115606390378	1,3,3,3,3,3,3,3,3,3,3,3	-4,-4,-4,3,3,3,3,3,3,3,3,3	ok
0.830831	12.552553	-56.586804	0.397971	continued:5	24739664234858138982047535273920704865888201889876711837493816699690678265963591165069870505023217046633362579621148489165328977987949899797415602900085081435628786567950676391780949633448253616219680559998014214784634910618447122667639804607217055610037222276897125660535867393387520758988742191975475097134159821776175469287214857624750265388130867415580412873925910271279382629434282479656095907178473638142326186864698341018602123575843883404208311798618679388046194707946385968872279636660172423920762823771748609336176990325713506490614247467311351878471253089939596514261196666267475682898634243267997762771930410142900670636074021557040670388399249983696339590262511488321191028111768834613450767960304634194103204964021206651325127942216552993232309024409773981445208472224816140189531426184277514710641013131770020359108910112128019299913823691282611701014232340732883865600476181870280726275194387402801503855938719103084135784125699331758447304174100662916368272903302513802856798570084277611879778879080212145328740890389648499777712421430896191193534265572221815036076756439395884113709392615027355023738528064344875445088345175077752097963287365502360501728721861871264146771144983031947296640592041784775800019886065641492460590525108555151864318915594683175834396598093394032189488942821931226811027933147587774256646869901280191701736876711161678753501269620222459085909443963099525203883234615375231899396976114204508821839302103496338655760866163648644002020869978497294355281351865688287443105746372563407485229861453387165504226670216918424279999702227998555936031335148205027270465593550886521504041448385131898412189466655271321395140535300371130422320001636949820370448712896124959396873241860118374019801793539389705219008385720618139171841417854119395987246126578989320538559034856755059996681376856412018519899505048937338787761955510027855260593609972988091097267749733347734926874556845009131920570144997205463242828264280937016833975074799294652994133048695677943095855844985209547100388238076034537966949078554643935019273292965899247271585754966290509481128157477252768933324977208963396210655270951416468761881216532138636782122216477804975619251580333113996430173121752591106571812378765531309876440917547264414674606316951393088742917011668878438211376711853154851382028281673726256260956132930462573949581187489512193015616025624546819772847791446568757715808	24739664234858138982047535273920704865888201889876711837493816699690678265963591165069870505023217046633362579621148489165328977987949899797415602900085081435628786567950676391780949633448253616219680559998014214784634910618447122667639804607217055610037222276897125660535867393387520758988742191975881454668757766456386039099618304136651166884285837894817315224103333988986022139294086321685154999346340705988103078279492809641656432950215478117816222205266648568411397418925046010008480574710698821954765024242012324702958840527170691397468834926110714722062344576291849261675828451121993701604115701508243628541371186781104664750453506678450990658685568877319368724842489366294600223726679557182485111500144011805314426535016123806594563159834704421627591278254098145543334614838595418659350735064119136615550909153916789982856517125346862661227399851506503677119661384586623759841225285653771144345770541906184539519104941031220044588169549394770200017461390905581925298086151522809307449802203222974575540394725875975613318942282656692285373790701768039928224139907689742983609684357165165999207726031406986345064845442052163822899745749684239296069717432693993739901942491195871247188184005657715557324715787468964623060658282699748340496206865605372436586070397727939308002786773406257199303380943930864942544541362099694143798665014159981291076426741521752789265368640593684634117809873247169966065789911558626022600729888277201643689641675452459069562508631492228721765370498937893043431497988216537706295785164432196057935490528663597621520778034290151070854816629426746125540833035727606516741355676577511359225189296292548229211189083998370260280090542803113716826454333586493978480241538453764023117135870306486868190579583638749543528287787983143040255708751029006941308429997433080718822734531156727166409700399126449488232655765908523538109059027659972391417586695558079006462758935754010444329600948762656764448062867805309855802889917915490930359558417669703746680662875377472240206717145818436374740163786447225207779656991347434454381456624432873034406069959063223124424548648585063412282925582908276089069079075949312780188260640797350892262486199410962058770676561051286324306601018157181978353068747811538127526306308937940842930452043500326163208978153413354707649983565218720121511676564439582142787669964393412352531196622177914611046188301931657468268625996115606390378	1,-3,3,3,3,3,3,3,3,3,3,3	-4,-4,-4,3,3,3,3,3,3,3,3,3	ok
0.834835	12.552553	-56.869562	0.400764	continued:5	24739664234858138982047535273920704865888201889876711837493816699690678265963591165069870505023217046633362579621148489165328977987949899797415602900085081435628786567950676391780949633448253616219680559998014214784634910618447122667639804607217055610037222276897125660535867393387520758988742191975475097134159821776175469287214857624750265388130867415580412873925910271279382629434282479656095907178473638142326186864698341018602123575843883404208311798618679388046194707946385968872279636660172423920762823771748609336176990325713506490614247467311351878471253089939596514261196666267475682898634243267997762771930410142900670636074021557040670388399249983696339590262511488321191028111768834613450767960304634194103204964021206651325127942216552993232309024409773981445208472224816140189531426184277514710641013131770020359108910112128019299913823691282611701014232340732883865600476181870280726275194387402801503855938719103084135784125699331758447304174100662916368272903302513802856798570084277611879778879080212145328740890389648499777712421430896191193534265572221815036076756439395884113709392615027355023738528064344875445088345175077752097963287365502360501728721861871264146771144983017878987791307238289867143100882230742121151537844530086564208143061643455778229794092085420229731058689284540461501186678235815563986086565830620790111149098000606412282392689256759291158116353395682423606007851021712151732835068086266345152135212680004836782578335191363462684246101263251560183287966692782169604798574468442575570184726319656089128604169757718740160238738332030199740312957151397109627056013949606868951732631930927961456153850255989175674914011832117340911951923763124701406994501876933580741294706729735312812974497312229326744273562465266380112574918370130788954338771221946671883787992563938342955113947982189858884270572268525490641552605662429687688636382293270282687447583832024614212923499991182977325130781405299777536723715649521151038883344951348471157050374094695331424368067976016693867066139036143747044568058398936425797436626581998121222973468354181188292362115843788744611111294863190658627233037234569272194722156428455418542337353730623800190115608134795878073523611617660260758372927209704226485287253156869371170909218855769519912590578811047673538649805496740663736554572296432578672864793728905662640961697836964474104775554846975278272052863677872640011003	24739664234858138982047535273920704865888201889876711837493816699690678265963591165069870505023217046633362579621148489165328977987949899797415602900085081435628786567950676391780949633448253616219680559998014214784634910618447122667639804607217055610037222276897125660535867393387520758988742191975881454668757766456386039099618304136651166884285837894817315224103333988986022139294086321685154999346340705988103078279492809641656432950215478117816222205266648568411397418925046010008480574710698821954765024242012324702958840527170691397468834926110714722062344576291849261675828451121993701604115701508243628541371186781104664750453506678450990658685568877319368724842489366294600223726679557182485111500144011805314426535016123806594563159834704421627591278254098145543334614838595418659350735064119136615550909153916789982856517125346862661227399851506503677119661384586623759841225285653771144345770541906184539519104941031220044588169549394770200017461390905581925298086151522809307449802203222974575540394725875975613318942282656692285373790701768039928224139907689742983609684357165165999207726031406986345064845442052163822899745749684239296069717432693993739901942491195871247188184005657715557324715787468964623060658282699748340496206865605372436586070397727939308002786773406257199303380943930864942544541362099694143798665014159981291076426741521752789265368640593684634117809873247169966065789911558626022600729888277201643689641675452459069562508631492228721765370498937893043431497988216537706295785164432196057935490528663597621520778034290151070854816629426746125540833035727606516741355676577511359225189296292548229211189083998370260280090542803113716826454333586493978480241538453764023117135870306486868190579583638749543528287787983143040255708751029006941308429997433080718822734531156727166409700399126449488232655765908523538109059027659972391417586695558079006462758935754010444329600948762656764448062867805309855802889917915490930359558417669703746680662875377472240206717145818436374740163786447225207779656991347434454381456624432873034406069959063223124424548648585063412282925582908276089069079075949312780188260640797350892262486199410962058770676561051286324306601018157181978353068747811538127526306308937940842930452043500326163208978153413354707649983565218720121511676564439582142787669964393412352531196622177914611046188301931657468268625996115606390378	0,-3,3,3,3,3,3,3,3,3,3,3	-4,-4,-4,3,3,3,3,3,3,3,3,3	ok
0.838839	12.552553	-57.051099	0.399308	continued:5	24739664234858138982047535273920704865888201889876711837493816699690678265963591165069870505023217046633362579621148489165328977987949899797415602900085081435628786567950676391780949633448253616219680559998014214784634910618447122667639804607217055610037222276897125660535867393387520758988742191975475097134159821776175469287214857624750265388130867415580412873925910271279382629434282479656095907178473638142326186864698341018602123575843883404208311798618679388046194707946385968872279636660172423920762823771748609336176990325713506490614247467311351878471253089939596514261196666267475682898634243267997762771930410142900670636074021557040670388399249983696339590262511488321191028111768834613450767960304634194103204964021206651325127942216552993232309024409773981445208472224816140189531426184277514710641013131770020359108910112128019299913823691282611701014232340732883865600476181870280726275194387402801503855938719103084135784125699331758447304174100662916368272903302513802856798570084277611879778879080212145328740890389648499777712421430896191193534265572221815036076756439395884113709392615027355023738528064344875445088345175077752097963287365502360501728721861871264146771144983024913142215949640037321471560384148191806806064184819320858036230988619069477032095345089407130960273816053235844156107305691701669121366717865950490906442987355884045517946979438490875122012898679390974404945542818543691816116022100235426986987257391750587719169600677506053343133485620874427269284659279235228523952160420502991527707293886521627316415419987318582220119220280014377838172146149801068448760803750246695227887040158029929934171658455630248535027273566244235667135962700037260888721607386529270069083974294926843416388145425809515981640974092942259642208168112125092470792448900467996211173513710346701475897662419300938702085038658731414714657280586228771474614996133129186892357666782686174569899028418096054622850463201252620389775989965229083936429209875321562075591711395186637260111956480613120483727188556089142505758568476790180408354959773948684247279611660235848886745136660520756772218136036077027418944154092992870478301686480297027662229785104214387904683594233954937251848366685125683665092652987617768180864085352066892922757767903581304327753795239963055875013258674947757559291426985079417466910463329684118295271442663238333560195790235761049022450327562220698863405	24739664234858138982047535273920704865888201889876711837493816699690678265963591165069870505023217046633362579621148489165328977987949899797415602900085081435628786567950676391780949633448253616219680559998014214784634910618447122667639804607217055610037222276897125660535867393387520758988742191975881454668757766456386039099618304136651166884285837894817315224103333988986022139294086321685154999346340705988103078279492809641656432950215478117816222205266648568411397418925046010008480574710698821954765024242012324702958840527170691397468834926110714722062344576291849261675828451121993701604115701508243628541371186781104664750453506678450990658685568877319368724842489366294600223726679557182485111500144011805314426535016123806594563159834704421627591278254098145543334614838595418659350735064119136615550909153916789982856517125346862661227399851506503677119661384586623759841225285653771144345770541906184539519104941031220044588169549394770200017461390905581925298086151522809307449802203222974575540394725875975613318942282656692285373790701768039928224139907689742983609684357165165999207726031406986345064845442052163822899745749684239296069717432693993739901942491195871247188184005657715557324715787468964623060658282699748340496206865605372436586070397727939308002786773406257199303380943930864942544541362099694143798665014159981291076426741521752789265368640593684634117809873247169966065789911558626022600729888277201643689641675452459069562508631492228721765370498937893043431497988216537706295785164432196057935490528663597621520778034290151070854816629426746125540833035727606516741355676577511359225189296292548229211189083998370260280090542803113716826454333586493978480241538453764023117135870306486868190579583638749543528287787983143040255708751029006941308429997433080718822734531156727166409700399126449488232655765908523538109059027659972391417586695558079006462758935754010444329600948762656764448062867805309855802889917915490930359558417669703746680662875377472240206717145818436374740163786447225207779656991347434454381456624432873034406069959063223124424548648585063412282925582908276089069079075949312780188260640797350892262486199410962058770676561051286324306601018157181978353068747811538127526306308937940842930452043500326163208978153413354707649983565218720121511676564439582142787669964393412352531196622177914611046188301931657468268625996115606390378	-1,-3,3,3,3,3,3,3,3,3,3,3	-4,-4,-4,3,3,3,3,3,3,3,3,3	ok
0.842843	12.552553	-57.215704	0.398266	continued:5	24739664234858138982047535273920704865888201889876711837493816699690678265963591165069870505023217046633362579621148489165328977987949899797415602900085081435628786567950676391780949633448253616219680559998014214784634910618447122667639804607217055610037222276897125660535867393387520758988742191975475097134159821776175469287214857624750265388130867415580412873925910271279382629434282479656095907178473638142326186864698341018602123575843883404208311798618679388046194707946385968872279636660172423920762823771748609336176990325713506490614247467311351878471253089939596514261196666267475682898634243267997762771930410142900670636074021557040670388399249983696339590262511488321191028111768834613450767960304634194103204964021206651325127942216552993232309024409773981445208472224816140189531426184277514710641013131770020359108910112128019299913823691282611701014232340732883865600476181870280726275194387402801503855938719103084135784125699331758447304174100662916368272903302513802856798570084277611879778879080212145328740890389648499777712421430896191193534265572221815036076756439395884113709392615027355023738528064344875445088345175077752097963287365502360501728721861871264146771144983017878987791307238289867143100882230742121151537844530086564208143061643455778229794092085420229731058689284540461501186678235815563986086565830620790111149098000606412282392689256759291158116353395682423606007851021712151732835068086266345152135212680004836782578335191363462684246101263251560183287966692782169604798574468442575570184726319656089128604169757718740160238738332030199740312957151397109627056013949606868951732631930927961456153850255989175674914011832117340911951923763124701406994501876933580741294706729735312812974497312229326744273562465266380112574918370130788954338771221946671883787992563938342955113947982189858884270572268525490641552605662429687688636382293270282687447583832024614212923499991182977325130781405299777536723715649521151038883344951348471157050374094695331424368067976016693867066139036143747044568058398936425797436626581998121222973468354181188292362115843788744611111294863190658627233037234569272194722156428455418542337353730623800190115608134795878073523611617660260758372927209704226485287253156869371170909218855769519912590578811047673538649805496740663736554572296432578672864793728905662640961697836964474104775554846975278272052863677872640011003	24739664234858138982047535273920704865888201889876711837493816699690678265963591165069870505023217046633362579621148489165328977987949899797415602900085081435628786567950676391780949633448253616219680559998014214784634910618447122667639804607217055610037222276897125660535867393387520758988742191975881454668757766456386039099618304136651166884285837894817315224103333988986022139294086321685154999346340705988103078279492809641656432950215478117816222205266648568411397418925046010008480574710698821954765024242012324702958840527170691397468834926110714722062344576291849261675828451121993701604115701508243628541371186781104664750453506678450990658685568877319368724842489366294600223726679557182485111500144011805314426535016123806594563159834704421627591278254098145543334614838595418659350735064119136615550909153916789982856517125346862661227399851506503677119661384586623759841225285653771144345770541906184539519104941031220044588169549394770200017461390905581925298086151522809307449802203222974575540394725875975613318942282656692285373790701768039928224139907689742983609684357165165999207726031406986345064845442052163822899745749684239296069717432693993739901942491195871247188184005657715557324715787468964623060658282699748340496206865605372436586070397727939308002786773406257199303380943930864942544541362099694143798665014159981291076426741521752789265368640593684634117809873247169966065789911558626022600729888277201643689641675452459069562508631492228721765370498937893043431497988216537706295785164432196057935490528663597621520778034290151070854816629426746125540833035727606516741355676577511359225189296292548229211189083998370260280090542803113716826454333586493978480241538453764023117135870306486868190579583638749543528287787983143040255708751029006941308429997433080718822734531156727166409700399126449488232655765908523538109059027659972391417586695558079006462758935754010444329600948762656764448062867805309855802889917915490930359558417669703746680662875377472240206717145818436374740163786447225207779656991347434454381456624432873034406069959063223124424548648585063412282925582908276089069079075949312780188260640797350892262486199410962058770676561051286324306601018157181978353068747811538127526306308937940842930452043500326163208978153413354707649983565218720121511676564439582142787669964393412352531196622177914611046188301931657468268625996115606390378	0,-3,3,3,3,3,3,3,3,3,3,3	-4,-4,-4,3,3,3,3,3,3,3,3,3	ok
0.846847	12.552553	-57.362441	0.397558	continued:5	24739664234858138982047535273920704865888201889876711837493816699690678265963591165069870505023217046633362579621148489165328977987949899797415602900085081435628786567950676391780949633448253616219680559998014214784634910618447122667639804607217055610037222276897125660535867393387520758988742191975475097134159821776175469287214857624750265388130867415580412873925910271279382629434282479656095907178473638142326186864698341018602123575843883404208311798618679388046194707946385968872279636660172423920762823771748609336176990325713506490614247467311351878471253089939596514261196666267475682898634243267997762771930410142900670636074021557040670388399249983696339590262511488321191028111768834613450767960304634194103204964021206651325127942216552993232309024409773981445208472224816140189531426184277514710641013131770020359108910112128019299913823691282611701014232340732883865600476181870280726275194387402801503855938719103084135784125699331758447304174100662916368272903302513802856798570084277611879778879080212145328740890389648499777712421430896191193534265572221815036076756439395884113709392615027355023738528064344875445088345175077752097963287365502360501728721861871264146771144983017878987791307238289867143100882230742121151537844530086564208143061643455778229794092085420229731058689284540461501186678235815563986086565830620790111149098000606412282392689256759291158116353395682423606007851021712151732835068086266345152135212680004836782578335191363462684246101263251560183287966692782169604798574468442575570184726319656089128604169757718740160238738332030199740312957151397109627056013949606868951732631930927961456153850255989175674914011832117340911951923763124701406994501876933580741294706729735312812974497312229326744273562465266380112574918370130788954338771221946671883787992563938342955113947982189858884270572268525490641552605662429687688636382293270282687447583832024614212923499991182977325130781405299777536723715649521151038883344951348471157050374094695331424368067976016693867066139036143747044568058398936425797436626581998121222973468354181188292362115843788744611111294863190658627233037234569272194722156428455418542337353730623800190115608134795878073523611617660260758372927209704226485287253156869371170909218855769519912590578811047673538649805496740663736554572296432578672864793728905662640961697836964474104775554846975278272052863677872640011003	24739664234858138982047535273920704865888201889876711837493816699690678265963591165069870505023217046633362579621148489165328977987949899797415602900085081435628786567950676391780949633448253616219680559998014214784634910618447122667639804607217055610037222276897125660535867393387520758988742191975881454668757766456386039099618304136651166884285837894817315224103333988986022139294086321685154999346340705988103078279492809641656432950215478117816222205266648568411397418925046010008480574710698821954765024242012324702958840527170691397468834926110714722062344576291849261675828451121993701604115701508243628541371186781104664750453506678450990658685568877319368724842489366294600223726679557182485111500144011805314426535016123806594563159834704421627591278254098145543334614838595418659350735064119136615550909153916789982856517125346862661227399851506503677119661384586623759841225285653771144345770541906184539519104941031220044588169549394770200017461390905581925298086151522809307449802203222974575540394725875975613318942282656692285373790701768039928224139907689742983609684357165165999207726031406986345064845442052163822899745749684239296069717432693993739901942491195871247188184005657715557324715787468964623060658282699748340496206865605372436586070397727939308002786773406257199303380943930864942544541362099694143798665014159981291076426741521752789265368640593684634117809873247169966065789911558626022600729888277201643689641675452459069562508631492228721765370498937893043431497988216537706295785164432196057935490528663597621520778034290151070854816629426746125540833035727606516741355676577511359225189296292548229211189083998370260280090542803113716826454333586493978480241538453764023117135870306486868190579583638749543528287787983143040255708751029006941308429997433080718822734531156727166409700399126449488232655765908523538109059027659972391417586695558079006462758935754010444329600948762656764448062867805309855802889917915490930359558417669703746680662875377472240206717145818436374740163786447225207779656991347434454381456624432873034406069959063223124424548648585063412282925582908276089069079075949312780188260640797350892262486199410962058770676561051286324306601018157181978353068747811538127526306308937940842930452043500326163208978153413354707649983565218720121511676564439582142787669964393412352531196622177914611046188301931657468268625996115606390378	0,-3,3,3,3,3,3,3,3,3,3,3	-4,-4,-4,3,3,3,3,3,3,3,3,3	ok
0.850851	12.552553	-57.491053	0.397184	full	24739664234858138982047535273920704865888201889876711837493816699690678265963591165069870505023217046633362579621148489165328977987949899797415602900085081435628786567950676391780949633448253616219680559998014214784634910618447122667639804607217055610037222276897125660535867393387520758988742191975475097134159821776175469287214857624750265388130867415580412873925910271279382629434282479656095907178473638142326186864698341018602123575843883404208311798618679388046194707946385968872279636660172423920762823771748609336176990325713506490614247467311351878471253089939596514261196666267475682898634243267997762771930410142900670636074021557040670388399249983696339590262511488321191028111768834613450767960304634194103204964021206651325127942216552993232309024409773981445208472224816140189531426184277514710641013131770020359108910112128019299913823691282611701014232340732883865600476181870280726275194387402801503855938719103084135784125699331758447304174100662916368272903302513802856798570084277611879778879080212145328740890389648499777712421430896191193534265572221815036076756439395884113709392615027355023738528064344875445088345175077752097963287365502360501728721861871264146771144983017878987791307238289867143100882230742121151537844530086564208143061643455778229794092085420229731058689284540461501186678235815563986086565830620790111149098000606412282392689256759291158116353395682423606007851021712151732835068086266345152135212680004836782578335191363462684246101263251560183287966692782169604798574468442575570184726319656089128604169757718740160238738332030199740312957151397109627056013949606868951732631930927961456153850255989175674914011832117340911951923763124701406994501876933580741294706729735312812974497312229326744273562465266380112574918370130788954338771221946671883787992563938342955113947982189858884270572268525490641552605662429687688636382293270282687447583832024614212923499991182977325130781405299777536723715649521151038883344951348471157050374094695331424368067976016693867066139036143747044568058398936425797436626581998121222973468354181188292362115843788744611111294863190658627233037234569272194722156428455418542337353730623800190115608134795878073523611617660260758372927209704226485287253156869371170909218855769519912590578811047673538649805496740663736554572296432578672864793728905662640961697836964474104775554846975278272052863677872640011003	24739664234858138982047535273920704865888201889876711837493816699690678265963591165069870505023217046633362579621148489165328977987949899797415602900085081435628786567950676391780949633448253616219680559998014214784634910618447122667639804607217055610037222276897125660535867393387520758988742191975881454668757766456386039099618304136651166884285837894817315224103333988986022139294086321685154999346340705988103078279492809641656432950215478117816222205266648568411397418925046010008480574710698821954765024242012324702958840527170691397468834926110714722062344576291849261675828451121993701604115701508243628541371186781104664750453506678450990658685568877319368724842489366294600223726679557182485111500144011805314426535016123806594563159834704421627591278254098145543334614838595418659350735064119136615550909153916789982856517125346862661227399851506503677119661384586623759841225285653771144345770541906184539519104941031220044588169549394770200017461390905581925298086151522809307449802203222974575540394725875975613318942282656692285373790701768039928224139907689742983609684357165165999207726031406986345064845442052163822899745749684239296069717432693993739901942491195871247188184005657715557324715787468964623060658282699748340496206865605372436586070397727939308002786773406257199303380943930864942544541362099694143798665014159981291076426741521752789265368640593684634117809873247169966065789911558626022600729888277201643689641675452459069562508631492228721765370498937893043431497988216537706295785164432196057935490528663597621520778034290151070854816629426746125540833035727606516741355676577511359225189296292548229211189083998370260280090542803113716826454333586493978480241538453764023117135870306486868190579583638749543528287787983143040255708751029006941308429997433080718822734531156727166409700399126449488232655765908523538109059027659972391417586695558079006462758935754010444329600948762656764448062867805309855802889917915490930359558417669703746680662875377472240206717145818436374740163786447225207779656991347434454381456624432873034406069959063223124424548648585063412282925582908276089069079075949312780188260640797350892262486199410962058770676561051286324306601018157181978353068747811538127526306308937940842930452043500326163208978153413354707649983565218720121511676564439582142787669964393412352531196622177914611046188301931657468268625996115606390378	0,-3,3,3,3,3,3,3,3,3,3,3	-4,-4,-4,3,3,3,3,3,3,3,3,3	ok
0.854855	12.552553	-18.847395	0.382231	continued:5	24739664234858138982047535273920704865888201889876711837493816699690678266527069749440504790571412139398611409270908450362730376250155074764676347344069888126517298474570859817860608502873391373146285427510315747585633769201540786967750755426439244909325087395028128868044225308262789884128060956514754247517702306425810931411575896427989859706075064718218471893517140662118299639008577497356111854595428210166315807732026393320608795249168317651695729421548767897306733768613302513900313747234910216702628396343057972743120228768071687743367812170271420131539175277064250947772621001186024499362163335793602171390789441233345359317297987613512980491695577916997660396957915557900310271635623458055025007041775847069041635811203256895352566087822033786766343037302223398419442420288675160901222754706690690966518603785237711745730763499632246794821702611212581403238113406002252819908487238453210437930412907369377220770586565902403360469112052194331355699172681218058600912097861834234685728509163337737349074185342289032272009772529037195573254778966688587558900055660072144278809022487554382658809806558064428353021275127081776410900980967206199354460442391625214857639764133401759178616057210680190398057943198554703123064624601181660446023242953363172469272447449114604306603789676668032281302982461618227348434344241480239631397835903839519478265189030951001209408772220016925107341479912568701564082262934999088780116117157913247841036010283824164068664803837757729257063220663294913321230139151791147367038607282105733904016359791183527241886003154841144844699741276832690531565598197988362867236693987899442686604165527015589030459917424605601810195980491409331875015847889767893397997851764918922389773504676120331392543491419098534999834244969247145556550831973114815044231233657722950610142402468854522006648954172443764314423238950001228862322460291231007742419224237436270306563202999239488874012867082031104349605713456773862569124387618118057663899662747824622269598140181829025823849459071217200217499424424921702079204165306034254003250821214459947311774588189544407889173479333726358175028336674590598227784079049643150162343597675915129829472380065525970735331867880378899325396537836666761765810631243557908279830814880986128184517012337907370167586812223690747962565062007279395474143260789754271822074879377170376998060728251658724928368646962339785363308878071480662388025	24739664234858138982047535273920704865888201889876711837493816699690678265963591165069870505023217046633362579621148489165328977987949899797415602900085081435628786567950676391780949633448253616219680559998014214784634910618447122667639804607217055610037222276897125660535867393387520758988742191975881454668757766456386039099618304136651166884285837894817315224103333988986022139294086321685154999346340705988103078279492809641656432950215478117816222205266648568411397418925046010008480574710698821954765024242012324702958840527170691397468834926110714722062344576291849261675828451121993701604115701508243628541371186781104664750453506678450990658685568877319368724842489366294600223726679557182485111500144011805314426535016123806594563159834704421627591278254098145543334614838595418659350735064119136615550909153916789982856517125346862661227399851506503677119661384586623759841225285653771144345770541906184539519104941031220044588169549394770200017461390905581925298086151522809307449802203222974575540394725875975613318942282656692285373790701768039928224139907689742983609684357165165999207726031406986345064845442052163822899745749684239296069717432693993739901942491195871247188184005657715557324715787468964623060658282699748340496206865605372436586070397727939308002786773406257199303380943930864942544541362099694143798665014159981291076426741521752789265368640593684634117809873247169966065789911558626022600729888277201643689641675452459069562508631492228721765370498937893043431497988216537706295785164432196057935490528663597621520778034290151070854816629426746125540833035727606516741355676577511359225189296292548229211189083998370260280090542803113716826454333586493978480241538453764023117135870306486868190579583638749543528287787983143040255708751029006941308429997433080718822734531156727166409700399126449488232655765908523538109059027659972391417586695558079006462758935754010444329600948762656764448062867805309855802889917915490930359558417669703746680662875377472240206717145818436374740163786447225207779656991347434454381456624432873034406069959063223124424548648585063412282925582908276089069079075949312780188260640797350892262486199410962058770676561051286324306601018157181978353068747811538127526306308937940842930452043500326163208978153413354707649983565218720121511676564439582142787669964393412352531196622177914611046188301931657468268625996115606390378	-2,-4,-4,-4,-4,3,3,3,3,3,3,3	-4,-4,-4,3,3,3,3,3,3,3,3,3	ok
0.858859	12.552553	-46.966423	0.385025	continued:5	24739664234858138982047535273920704865888201889876711837493816699690678266527069749440504790571412139398611409270908450362730376250155074764676347344069888126517298474570859817860608502873391373146285427510315747585633769201540786967750755426439244909325087395028128868044225308262789884128060956514754247517702306425810931411575896427989859706075064718218471893517140662118299639008577497356111854595428210166315807732026393320608795249168317651695729421548767897306733768613302513900313747234910216702628396343057972743120228768071687743367812170271420131539175277064250947772621001186024499362163335793602171390789441233345359317297987613512980491695577916997660396957915557900310271635623458055025007041775847069041635811203256895352566087822033786766343037302223398419442420288675160901222754706690690966518603785237711745730763499632246794821702611212581403238113406002252819908487238453210437930412907369377220770586565902403360469112052194331355699172681218058600912097861834234685728509163337737349074185342289032272009772529037195573254778966688587558900055660072144278809022487554382658809806558064428353021275127081776410900980967206199354460442391625214857639764133401759178616057210680190398057943198554703123064624601181660446023242953363172469272447449114604306603789676668032281302982461618227348434344241480239631397835903839519478265189030951001209408772220016925107341479912568701564082262934999088780116117157913247841036010283824164068664803837757729257063220663294913321230139151791147367038607282105733904016359791183527241886003154841144844699741276832690531565598197988362867236693987899442686604165527015589030459917424605601810195980491409331875015847889767893397997851764918922389773504676120331392543491419098534999834244969247145556550831973114815044231233657722950610142402468854522006648954172443764314423238950001228862322460291231007742419224237436270306563202999239488874012867082031104349605713456773862569124387618118057663899662747824622269598140181829025823849459071217200217499424424921702079204165306034254003250821214459947311774588189544407889173479333726358175028336674590598227784079049643150162343597675915129829472380065525970735331867880378899325396537836666761765810631243557908279830814880986128184517012337907370167586812223690747962565062007279395474143260789754271822074879377170376998060728251658724928368646962339785363308878071480662388025	24739664234858138982047535273920704865888201889876711837493816699690678265963591165069870505023217046633362579621148489165328977987949899797415602900085081435628786567950676391780949633448253616219680559998014214784634910618447122667639804607217055610037222276897125660535867393387520758988742191975881454668757766456386039099618304136651166884285837894817315224103333988986022139294086321685154999346340705988103078279492809641656432950215478117816222205266648568411397418925046010008480574710698821954765024242012324702958840527170691397468834926110714722062344576291849261675828451121993701604115701508243628541371186781104664750453506678450990658685568877319368724842489366294600223726679557182485111500144011805314426535016123806594563159834704421627591278254098145543334614838595418659350735064119136615550909153916789982856517125346862661227399851506503677119661384586623759841225285653771144345770541906184539519104941031220044588169549394770200017461390905581925298086151522809307449802203222974575540394725875975613318942282656692285373790701768039928224139907689742983609684357165165999207726031406986345064845442052163822899745749684239296069717432693993739901942491195871247188184005657715557324715787468964623060658282699748340496206865605372436586070397727939308002786773406257199303380943930864942544541362099694143798665014159981291076426741521752789265368640593684634117809873247169966065789911558626022600729888277201643689641675452459069562508631492228721765370498937893043431497988216537706295785164432196057935490528663597621520778034290151070854816629426746125540833035727606516741355676577511359225189296292548229211189083998370260280090542803113716826454333586493978480241538453764023117135870306486868190579583638749543528287787983143040255708751029006941308429997433080718822734531156727166409700399126449488232655765908523538109059027659972391417586695558079006462758935754010444329600948762656764448062867805309855802889917915490930359558417669703746680662875377472240206717145818436374740163786447225207779656991347434454381456624432873034406069959063223124424548648585063412282925582908276089069079075949312780188260640797350892262486199410962058770676561051286324306601018157181978353068747811538127526306308937940842930452043500326163208978153413354707649983565218720121511676564439582142787669964393412352531196622177914611046188301931657468268625996115606390378	-2,-4,-4,-4,-4,3,3,3,3,3,3,3	-4,-4,-4,3,3,3,3,3,3,3,3,3	ok
0.862863	12.552553	-50.884897	0.387818	continued:5	24739664234858138982047535273920704865888201889876711837493816699690678265963591165069870505023217046633362579621148489165328977987949899797415602900486143006268665268678106964453841999524106595607605727243377372487650564782802452333008206763043514220470865892407412103036806892083064510289504814600080741268157165354063032161189525829409088498985531970815025159686244986955270210405434697787650037103444327391942508501376229453985083037857645944890272090078718974473418025044221755928344004123983175888817859152476099625581493080234216246769749121423440316080188755726314866454849365625903310727411127889898194381660787032015151698715736677481139420851742750719529547539689342907032684848982153429642503545479758778195831115174999007304520947563003595490867019874169994914300124258307833187901988179428014704959954258008163520937529812950909650540738739709363910934624816250948310905870516490152323845654698835235607375139145151252300518952681249670519366224367191080941950960612430590599784107574388270912656395965864142364667984575546882550050402798003370469155776659862256338059002106715868920421959433223756311341506694462249246973686264750035944554027554964157670321252914659435234646443493670649443320763569393771211014635255250197768479072848942888802904343116166917267274303616645213633258901986934724608102196030566705447199709448848685232091527603953601719852178627896858736075978945818005174493541245870668987929539886645630097678757555544087307337036790434872459172290673698254378844314669452090116179632825192549044579465458111330616555979307251114857149361512116613974709257803359966534656492138218227074841157122375658584060220213022165525332776358629866966288227440625112970679311294012527786937908438788933269152027795727358098149081262309340910027752904780906837503037034324409444406146090624109088924403412096630561891955737242725345322413905726693248195866969791271654695936200328092484246227965825976504945539852784819301024178852444474692192548534126035186023469676002246932424139429748139392521639625101928395106984770436581308351058934055769118232799233408278107027273366695989329209154343877618868661991020975405689106246189336127463396267701412847679116589549251870270844396113558907834058707172256761029888361534374786347487608401449988351944244856780417097985589797080224364751671572412939040572871214031862581112931261011457520216214875551266994707924276208437578826	24739664234858138982047535273920704865888201889876711837493816699690678265963591165069870505023217046633362579621148489165328977987949899797415602900085081435628786567950676391780949633448253616219680559998014214784634910618447122667639804607217055610037222276897125660535867393387520758988742191975881454668757766456386039099618304136651166884285837894817315224103333988986022139294086321685154999346340705988103078279492809641656432950215478117816222205266648568411397418925046010008480574710698821954765024242012324702958840527170691397468834926110714722062344576291849261675828451121993701604115701508243628541371186781104664750453506678450990658685568877319368724842489366294600223726679557182485111500144011805314426535016123806594563159834704421627591278254098145543334614838595418659350735064119136615550909153916789982856517125346862661227399851506503677119661384586623759841225285653771144345770541906184539519104941031220044588169549394770200017461390905581925298086151522809307449802203222974575540394725875975613318942282656692285373790701768039928224139907689742983609684357165165999207726031406986345064845442052163822899745749684239296069717432693993739901942491195871247188184005657715557324715787468964623060658282699748340496206865605372436586070397727939308002786773406257199303380943930864942544541362099694143798665014159981291076426741521752789265368640593684634117809873247169966065789911558626022600729888277201643689641675452459069562508631492228721765370498937893043431497988216537706295785164432196057935490528663597621520778034290151070854816629426746125540833035727606516741355676577511359225189296292548229211189083998370260280090542803113716826454333586493978480241538453764023117135870306486868190579583638749543528287787983143040255708751029006941308429997433080718822734531156727166409700399126449488232655765908523538109059027659972391417586695558079006462758935754010444329600948762656764448062867805309855802889917915490930359558417669703746680662875377472240206717145818436374740163786447225207779656991347434454381456624432873034406069959063223124424548648585063412282925582908276089069079075949312780188260640797350892262486199410962058770676561051286324306601018157181978353068747811538127526306308937940842930452043500326163208978153413354707649983565218720121511676564439582142787669964393412352531196622177914611046188301931657468268625996115606390378	1,-4,-4,-4,3,3,3,3,3,3,3,3	-4,-4,-4,3,3,3,3,3,3,3,3,3	ok
0.866867	12.552553	-53.301198	0.387985	continued:5	24739664234858138982047535273920704865888201889876711837493816699690678265963591165069870505023217046633362579621148489165328977987949899797415602900085081435628786567950676391780949633448253616219680559998014214784634910618447122667639804607217055610037222276897125660535867393387520758988742191975881454668757766456386039099618304136651166884285837894817315224103333988986022139294086321685154999346340705988103078279492809641656432950215478117816222205266648568411397418925046010008480574710698821954765024242012324702958840527170691397468834926110714722062344576291849261675828451121993701604115701508243628541371186781104664750453506678450990658685568877319368724842489366294600223726679557182485111500144011805314426535016123806594563159834704421627591278254098145543334614838595418659350735064119136615550909153916789982856517125346862661227399851506503677119661384586623759841225285653771144345770541906184539519104941031220044588169549394770200017461390905581925298086151522809307449802203222974575540394725875975613318942282656692285373790701768039928224139907689742983609684357165165999207726031406986345064845442052163822899745749684239296069717432693993739901942491195871247188184005622544785201503778731692980763148695451320067864505419433903296146435519659445296496521753471751053227747100453951667941404082669168467397904837511477314606979965133586611493917731935764814635083454704415971377330927400925606195959818431792469429418116723704386606181200779275427328448710823557613447746209908018375062744436514008448136725837375018889739373788918034661386782197106728884664734208458407490415983494747724025743014546106959052115082581517674412963303533831592714298898434370562696760364284907649524262263203863738811407641223237417792595228795567209392197346168129532869186393699250511460803609604775790350055181876012354996063835746263526287716560314813811620925060168891017297616944232700143626717187252726401614482694460612123445628743173456126897633169507145484634472958365316154041498756742212285370794794943044917860959341170625479307682910920823252007181387177510642904251136218634729923121143365381055468330009120571229595835534174707444212211923579929623123189784216056145019741206793077625668066727235911128282011752922343020711243420613039895996532816209969481955781758149729410573607684771633603829608966645618928414800755731073563281257215197415316980466356186475953769123	24739664234858138982047535273920704865888201889876711837493816699690678265963591165069870505023217046633362579621148489165328977987949899797415602900085081435628786567950676391780949633448253616219680559998014214784634910618447122667639804607217055610037222276897125660535867393387520758988742191975881454668757766456386039099618304136651166884285837894817315224103333988986022139294086321685154999346340705988103078279492809641656432950215478117816222205266648568411397418925046010008480574710698821954765024242012324702958840527170691397468834926110714722062344576291849261675828451121993701604115701508243628541371186781104664750453506678450990658685568877319368724842489366294600223726679557182485111500144011805314426535016123806594563159834704421627591278254098145543334614838595418659350735064119136615550909153916789982856517125346862661227399851506503677119661384586623759841225285653771144345770541906184539519104941031220044588169549394770200017461390905581925298086151522809307449802203222974575540394725875975613318942282656692285373790701768039928224139907689742983609684357165165999207726031406986345064845442052163822899745749684239296069717432693993739901942491195871247188184005657715557324715787468964623060658282699748340496206865605372436586070397727939308002786773406257199303380943930864942544541362099694143798665014159981291076426741521752789265368640593684634117809873247169966065789911558626022600729888277201643689641675452459069562508631492228721765370498937893043431497988216537706295785164432196057935490528663597621520778034290151070854816629426746125540833035727606516741355676577511359225189296292548229211189083998370260280090542803113716826454333586493978480241538453764023117135870306486868190579583638749543528287787983143040255708751029006941308429997433080718822734531156727166409700399126449488232655765908523538109059027659972391417586695558079006462758935754010444329600948762656764448062867805309855802889917915490930359558417669703746680662875377472240206717145818436374740163786447225207779656991347434454381456624432873034406069959063223124424548648585063412282925582908276089069079075949312780188260640797350892262486199410962058770676561051286324306601018157181978353068747811538127526306308937940842930452043500326163208978153413354707649983565218720121511676564439582142787669964393412352531196622177914611046188301931657468268625996115606390378	1,-4,-4,3,3,3,3,3,3,3,3,3	-4,-4,-4,3,3,3,3,3,3,3,3,3	ok
0.870871	12.552553	-54.802367	0.390651	continued:5	24739664234858138982047535273920704865888201889876711837493816699690678265963591165069870505023217046633362579621148489165328977987949899797415602900085081435628786567950676391780949633448253616219680559998014214784634910618447122667639804607217055610037222276897125660535867393387520758988742191975475097134159821776175469287214857624750265388130867415580412873925910271279382629434282479656095907178473638142326186864698341018602123575843883404208311798618679388046194707946385968872279636660172423920762823771748609336176990325713506490614247467311351878471253089939596514261196666267475682898635077588364628629417296554229734815495315011752337585393015754405944996164827318009845582551593321289722257247006063686910061456841431892563940020873466746931070957111770150069590359792388197563206227771911411885143855184505614961998508226343153531223089971459935049708039359327667779120430067461929055441744031224422705223831560005091108633317128720548165517033711719448300771525660964913525817712220131912105082815080054605883136048554894173783193438041716508681297001277350562437894851607688119124032266056066591963623197071229719772200831481260746898621517899928612391918713268983151048632780119648896253765940151777173575597570025320253082336116946689981147789765900355562110523987436189411566954756946831913765892283629482126668117215787661175622538482371666841405595054624551275871666632475049764341931929868507018454948365774171910807496638367218687366613903751947086947394002612630474683257999387223688134848014104823955551645010680263372366206458226198558279883447844315148180302724249331888726196930807213187997142652942313186005148224878224024593537200103980637926868603500896185830904692094904758235554768415409124757267836161356776521732484146109863946926378105041694979170269733992817805415234240628485488200053302199364211031646323082439647263607276631895871769259044401451363766451126814443473134220489198884697731101960802990910300139680959518854832128513597114746389737973151315057975842081443516593123962467786526070102139874765749035637088432614260030772344792316488840415153698481155126035457741137680097748660410763036811870095293313414540437283852893333234643562710973384060038416228190613325616933189150517789061901654152308030489428549857055082465581427407486143000730202660813809057790100346399768338483335257539245860316494779637880208922066168766414992991208014608723526	24739664234858138982047535273920704865888201889876711837493816699690678265963591165069870505023217046633362579621148489165328977987949899797415602900085081435628786567950676391780949633448253616219680559998014214784634910618447122667639804607217055610037222276897125660535867393387520758988742191975881454668757766456386039099618304136651166884285837894817315224103333988986022139294086321685154999346340705988103078279492809641656432950215478117816222205266648568411397418925046010008480574710698821954765024242012324702958840527170691397468834926110714722062344576291849261675828451121993701604115701508243628541371186781104664750453506678450990658685568877319368724842489366294600223726679557182485111500144011805314426535016123806594563159834704421627591278254098145543334614838595418659350735064119136615550909153916789982856517125346862661227399851506503677119661384586623759841225285653771144345770541906184539519104941031220044588169549394770200017461390905581925298086151522809307449802203222974575540394725875975613318942282656692285373790701768039928224139907689742983609684357165165999207726031406986345064845442052163822899745749684239296069717432693993739901942491195871247188184005657715557324715787468964623060658282699748340496206865605372436586070397727939308002786773406257199303380943930864942544541362099694143798665014159981291076426741521752789265368640593684634117809873247169966065789911558626022600729888277201643689641675452459069562508631492228721765370498937893043431497988216537706295785164432196057935490528663597621520778034290151070854816629426746125540833035727606516741355676577511359225189296292548229211189083998370260280090542803113716826454333586493978480241538453764023117135870306486868190579583638749543528287787983143040255708751029006941308429997433080718822734531156727166409700399126449488232655765908523538109059027659972391417586695558079006462758935754010444329600948762656764448062867805309855802889917915490930359558417669703746680662875377472240206717145818436374740163786447225207779656991347434454381456624432873034406069959063223124424548648585063412282925582908276089069079075949312780188260640797350892262486199410962058770676561051286324306601018157181978353068747811538127526306308937940842930452043500326163208978153413354707649983565218720121511676564439582142787669964393412352531196622177914611046188301931657468268625996115606390378	1,3,3,3,3,3,3,3,3,3,3,3	-4,-4,-4,3,3,3,3,3,3,3,3,3	ok
0.874875	12.552553	-55.657966	0.391693	continued:5	24739664234858138982047535273920704865888201889876711837493816699690678265963591165069870505023217046633362579621148489165328977987949899797415602900085081435628786567950676391780949633448253616219680559998014214784634910618447122667639804607217055610037222276897125660535867393387520758988742191975475097134159821776175469287214857624750265388130867415580412873925910271279382629434282479656095907178473638142326186864698341018602123575843883404208311798618679388046194707946385968872279636660172423920762823771748609336176990325713506490614247467311351878471253089939596514261196666267475682898635077588364628629417296554229734815495315011752337585393015754405944996164827318009845582551593321289722257247006063686910061456841431892563940020873466746931070957111770150069590359792388197563206227771911411885143855184505614961998508226343153531223089971459935049708039359327667779120430067461929055441744031224422705223831560005091108633317128720548165517033711719448300771525660964913525817712220131912105082815080054605883136048554894173783193438041716508681297001277350562437894851607688119124032266056066591963623197071229719772200831481260746898621517899928612391918713268983151048632780119655930408190582553524627904057071942769938736862457235924274975877692875969260912825240440176312796169883715527296420812911085368231803397367822990876417832371726944474641149344806282859835563177758758315140869621665338558538229319788140992642348683078964438303205169238089677606281386970253341769254691973676747054001600056884371509167578247128910554017708455798400339763929792299326278161913247735847547901720607853014273297061169415154483166033077865097453650461838107532682052642437808745312631797604500447563344035980600655360681484274936965759099895773785743476559627847035998495623947412514142251410657373695628596507787826274803330499930271551011927848963095389998115464084361772602196582573023653623911344037727364227195594183603523434780747077500441651045950433605054450968920210102886398197382751252220063486096686194630712738899496659850907030285511459146924946136142303252814811401903979278425790228571196558652325907826618637862596663393079577711958009484587139118727133603578984775841831059511392904829664132579075616389269418347099007484820626482853352165533173315748528323140233506000037753936239379980930850327518548701251621213257545847129540580490183656973082502121819713680447958	24739664234858138982047535273920704865888201889876711837493816699690678265963591165069870505023217046633362579621148489165328977987949899797415602900085081435628786567950676391780949633448253616219680559998014214784634910618447122667639804607217055610037222276897125660535867393387520758988742191975881454668757766456386039099618304136651166884285837894817315224103333988986022139294086321685154999346340705988103078279492809641656432950215478117816222205266648568411397418925046010008480574710698821954765024242012324702958840527170691397468834926110714722062344576291849261675828451121993701604115701508243628541371186781104664750453506678450990658685568877319368724842489366294600223726679557182485111500144011805314426535016123806594563159834704421627591278254098145543334614838595418659350735064119136615550909153916789982856517125346862661227399851506503677119661384586623759841225285653771144345770541906184539519104941031220044588169549394770200017461390905581925298086151522809307449802203222974575540394725875975613318942282656692285373790701768039928224139907689742983609684357165165999207726031406986345064845442052163822899745749684239296069717432693993739901942491195871247188184005657715557324715787468964623060658282699748340496206865605372436586070397727939308002786773406257199303380943930864942544541362099694143798665014159981291076426741521752789265368640593684634117809873247169966065789911558626022600729888277201643689641675452459069562508631492228721765370498937893043431497988216537706295785164432196057935490528663597621520778034290151070854816629426746125540833035727606516741355676577511359225189296292548229211189083998370260280090542803113716826454333586493978480241538453764023117135870306486868190579583638749543528287787983143040255708751029006941308429997433080718822734531156727166409700399126449488232655765908523538109059027659972391417586695558079006462758935754010444329600948762656764448062867805309855802889917915490930359558417669703746680662875377472240206717145818436374740163786447225207779656991347434454381456624432873034406069959063223124424548648585063412282925582908276089069079075949312780188260640797350892262486199410962058770676561051286324306601018157181978353068747811538127526306308937940842930452043500326163208978153413354707649983565218720121511676564439582142787669964393412352531196622177914611046188301931657468268625996115606390378	-2,3,3,3,3,3,3,3,3,3,3,3	-4,-4,-4,3,3,3,3,3,3,3,3,3	ok
0.878879	12.552553	-56.217690	0.394487	continued:5	24739664234858138982047535273920704865888201889876711837493816699690678265963591165069870505023217046633362579621148489165328977987949899797415602900085081435628786567950676391780949633448253616219680559998014214784634910618447122667639804607217055610037222276897125660535867393387520758988742191975475097134159821776175469287214857624750265388130867415580412873925910271279382629434282479656095907178473638142326186864698341018602123575843883404208311798618679388046194707946385968872279636660172423920762823771748609336176990325713506490614247467311351878471253089939596514261196666267475682898635077588364628629417296554229734815495315011752337585393015754405944996164827318009845582551593321289722257247006063686910061456841431892563940020873466746931070957111770150069590359792388197563206227771911411885143855184505614961998508226343153531223089971459935049708039359327667779120430067461929055441744031224422705223831560005091108633317128720548165517033711719448300771525660964913525817712220131912105082815080054605883136048554894173783193438041716508681297001277350562437894851607688119124032266056066591963623197071229719772200831481260746898621517899928612391918713268983151048632780119648896253765940151777173575597570025320253082336116946689981147789765900355562110523987436189411566954756946831913765892283629482126668117215787661175622538482371666841405595054624551275871666632475049764341931929868507018454948365774171910807496638367218687366613903751947086947394002612630474683257999387223688134848014104823955551645010680263372366206458226198558279883447844315148180302724249331888726196930807213187997142652942313186005148224878224024593537200103980637926868603500896185830904692094904758235554768415409124757267836161356776521732484146109863946926378105041694979170269733992817805415234240628485488200053302199364211031646323082439647263607276631895871769259044401451363766451126814443473134220489198884697731101960802990910300139680959518854832128513597114746389737973151315057975842081443516593123962467786526070102139874765749035637088432614260030772344792316488840415153698481155126035457741137680097748660410763036811870095293313414540437283852893333234643562710973384060038416228190613325616933189150517789061901654152308030489428549857055082465581427407486143000730202660813809057790100346399768338483335257539245860316494779637880208922066168766414992991208014608723526	24739664234858138982047535273920704865888201889876711837493816699690678265963591165069870505023217046633362579621148489165328977987949899797415602900085081435628786567950676391780949633448253616219680559998014214784634910618447122667639804607217055610037222276897125660535867393387520758988742191975881454668757766456386039099618304136651166884285837894817315224103333988986022139294086321685154999346340705988103078279492809641656432950215478117816222205266648568411397418925046010008480574710698821954765024242012324702958840527170691397468834926110714722062344576291849261675828451121993701604115701508243628541371186781104664750453506678450990658685568877319368724842489366294600223726679557182485111500144011805314426535016123806594563159834704421627591278254098145543334614838595418659350735064119136615550909153916789982856517125346862661227399851506503677119661384586623759841225285653771144345770541906184539519104941031220044588169549394770200017461390905581925298086151522809307449802203222974575540394725875975613318942282656692285373790701768039928224139907689742983609684357165165999207726031406986345064845442052163822899745749684239296069717432693993739901942491195871247188184005657715557324715787468964623060658282699748340496206865605372436586070397727939308002786773406257199303380943930864942544541362099694143798665014159981291076426741521752789265368640593684634117809873247169966065789911558626022600729888277201643689641675452459069562508631492228721765370498937893043431497988216537706295785164432196057935490528663597621520778034290151070854816629426746125540833035727606516741355676577511359225189296292548229211189083998370260280090542803113716826454333586493978480241538453764023117135870306486868190579583638749543528287787983143040255708751029006941308429997433080718822734531156727166409700399126449488232655765908523538109059027659972391417586695558079006462758935754010444329600948762656764448062867805309855802889917915490930359558417669703746680662875377472240206717145818436374740163786447225207779656991347434454381456624432873034406069959063223124424548648585063412282925582908276089069079075949312780188260640797350892262486199410962058770676561051286324306601018157181978353068747811538127526306308937940842930452043500326163208978153413354707649983565218720121511676564439582142787669964393412352531196622177914611046188301931657468268625996115606390378	1,3,3,3,3,3,3,3,3,3,3,3	-4,-4,-4,3,3,3,3,3,3,3,3,3	ok
0.882883	12.552553	-56.586049	0.393779	continued:5	24739664234858138982047535273920704865888201889876711837493816699690678265963591165069870505023217046633362579621148489165328977987949899797415602900085081435628786567950676391780949633448253616219680559998014214784634910618447122667639804607217055610037222276897125660535867393387520758988742191975475097134159821776175469287214857624750265388130867415580412873925910271279382629434282479656095907178473638142326186864698341018602123575843883404208311798618679388046194707946385968872279636660172423920762823771748609336176990325713506490614247467311351878471253089939596514261196666267475682898634243267997762771930410142900670636074021557040670388399249983696339590262511488321191028111768834613450767960304634194103204964021206651325127942216552993232309024409773981445208472224816140189531426184277514710641013131770020359108910112128019299913823691282611701014232340732883865600476181870280726275194387402801503855938719103084135784125699331758447304174100662916368272903302513802856798570084277611879778879080212145328740890389648499777712421430896191193534265572221815036076756439395884113709392615027355023738528064344875445088345175077752097963287365502360501728721861871264146771144983031947296640592041784775800019886065641492460590525108555151864318915594683175834396598093394032189488942821931226811027933147587774256646869901280191701736876711161678753501269620222459085909443963099525203883234615375231899396976114204508821839302103496338655760866163648644002020869978497294355281351865688287443105746372563407485229861453387165504226670216918424279999702227998555936031335148205027270465593550886521504041448385131898412189466655271321395140535300371130422320001636949820370448712896124959396873241860118374019801793539389705219008385720618139171841417854119395987246126578989320538559034856755059996681376856412018519899505048937338787761955510027855260593609972988091097267749733347734926874556845009131920570144997205463242828264280937016833975074799294652994133048695677943095855844985209547100388238076034537966949078554643935019273292965899247271585754966290509481128157477252768933324977208963396210655270951416468761881216532138636782122216477804975619251580333113996430173121752591106571812378765531309876440917547264414674606316951393088742917011668878438211376711853154851382028281673726256260956132930462573949581187489512193015616025624546819772847791446568757715808	24739664234858138982047535273920704865888201889876711837493816699690678265963591165069870505023217046633362579621148489165328977987949899797415602900085081435628786567950676391780949633448253616219680559998014214784634910618447122667639804607217055610037222276897125660535867393387520758988742191975881454668757766456386039099618304136651166884285837894817315224103333988986022139294086321685154999346340705988103078279492809641656432950215478117816222205266648568411397418925046010008480574710698821954765024242012324702958840527170691397468834926110714722062344576291849261675828451121993701604115701508243628541371186781104664750453506678450990658685568877319368724842489366294600223726679557182485111500144011805314426535016123806594563159834704421627591278254098145543334614838595418659350735064119136615550909153916789982856517125346862661227399851506503677119661384586623759841225285653771144345770541906184539519104941031220044588169549394770200017461390905581925298086151522809307449802203222974575540394725875975613318942282656692285373790701768039928224139907689742983609684357165165999207726031406986345064845442052163822899745749684239296069717432693993739901942491195871247188184005657715557324715787468964623060658282699748340496206865605372436586070397727939308002786773406257199303380943930864942544541362099694143798665014159981291076426741521752789265368640593684634117809873247169966065789911558626022600729888277201643689641675452459069562508631492228721765370498937893043431497988216537706295785164432196057935490528663597621520778034290151070854816629426746125540833035727606516741355676577511359225189296292548229211189083998370260280090542803113716826454333586493978480241538453764023117135870306486868190579583638749543528287787983143040255708751029006941308429997433080718822734531156727166409700399126449488232655765908523538109059027659972391417586695558079006462758935754010444329600948762656764448062867805309855802889917915490930359558417669703746680662875377472240206717145818436374740163786447225207779656991347434454381456624432873034406069959063223124424548648585063412282925582908276089069079075949312780188260640797350892262486199410962058770676561051286324306601018157181978353068747811538127526306308937940842930452043500326163208978153413354707649983565218720121511676564439582142787669964393412352531196622177914611046188301931657468268625996115606390378	1,-3,3,3,3,3,3,3,3,3,3,3	-4,-4,-4,3,3,3,3,3,3,3,3,3	ok
0.886887	12.552553	-56.878037	0.396572	continued:5	24739664234858138982047535273920704865888201889876711837493816699690678265963591165069870505023217046633362579621148489165328977987949899797415602900085081435628786567950676391780949633448253616219680559998014214784634910618447122667639804607217055610037222276897125660535867393387520758988742191975475097134159821776175469287214857624750265388130867415580412873925910271279382629434282479656095907178473638142326186864698341018602123575843883404208311798618679388046194707946385968872279636660172423920762823771748609336176990325713506490614247467311351878471253089939596514261196666267475682898634243267997762771930410142900670636074021557040670388399249983696339590262511488321191028111768834613450767960304634194103204964021206651325127942216552993232309024409773981445208472224816140189531426184277514710641013131770020359108910112128019299913823691282611701014232340732883865600476181870280726275194387402801503855938719103084135784125699331758447304174100662916368272903302513802856798570084277611879778879080212145328740890389648499777712421430896191193534265572221815036076756439395884113709392615027355023738528064344875445088345175077752097963287365502360501728721861871264146771144983017878987791307238289867143100882230742121151537844530086564208143061643455778229794092085420229731058689284540461501186678235815563986086565830620790111149098000606412282392689256759291158116353395682423606007851021712151732835068086266345152135212680004836782578335191363462684246101263251560183287966692782169604798574468442575570184726319656089128604169757718740160238738332030199740312957151397109627056013949606868951732631930927961456153850255989175674914011832117340911951923763124701406994501876933580741294706729735312812974497312229326744273562465266380112574918370130788954338771221946671883787992563938342955113947982189858884270572268525490641552605662429687688636382293270282687447583832024614212923499991182977325130781405299777536723715649521151038883344951348471157050374094695331424368067976016693867066139036143747044568058398936425797436626581998121222973468354181188292362115843788744611111294863190658627233037234569272194722156428455418542337353730623800190115608134795878073523611617660260758372927209704226485287253156869371170909218855769519912590578811047673538649805496740663736554572296432578672864793728905662640961697836964474104775554846975278272052863677872640011003	24739664234858138982047535273920704865888201889876711837493816699690678265963591165069870505023217046633362579621148489165328977987949899797415602900085081435628786567950676391780949633448253616219680559998014214784634910618447122667639804607217055610037222276897125660535867393387520758988742191975881454668757766456386039099618304136651166884285837894817315224103333988986022139294086321685154999346340705988103078279492809641656432950215478117816222205266648568411397418925046010008480574710698821954765024242012324702958840527170691397468834926110714722062344576291849261675828451121993701604115701508243628541371186781104664750453506678450990658685568877319368724842489366294600223726679557182485111500144011805314426535016123806594563159834704421627591278254098145543334614838595418659350735064119136615550909153916789982856517125346862661227399851506503677119661384586623759841225285653771144345770541906184539519104941031220044588169549394770200017461390905581925298086151522809307449802203222974575540394725875975613318942282656692285373790701768039928224139907689742983609684357165165999207726031406986345064845442052163822899745749684239296069717432693993739901942491195871247188184005657715557324715787468964623060658282699748340496206865605372436586070397727939308002786773406257199303380943930864942544541362099694143798665014159981291076426741521752789265368640593684634117809873247169966065789911558626022600729888277201643689641675452459069562508631492228721765370498937893043431497988216537706295785164432196057935490528663597621520778034290151070854816629426746125540833035727606516741355676577511359225189296292548229211189083998370260280090542803113716826454333586493978480241538453764023117135870306486868190579583638749543528287787983143040255708751029006941308429997433080718822734531156727166409700399126449488232655765908523538109059027659972391417586695558079006462758935754010444329600948762656764448062867805309855802889917915490930359558417669703746680662875377472240206717145818436374740163786447225207779656991347434454381456624432873034406069959063223124424548648585063412282925582908276089069079075949312780188260640797350892262486199410962058770676561051286324306601018157181978353068747811538127526306308937940842930452043500326163208978153413354707649983565218720121511676564439582142787669964393412352531196622177914611046188301931657468268625996115606390378	0,-3,3,3,3,3,3,3,3,3,3,3	-4,-4,-4,3,3,3,3,3,3,3,3,3	ok
0.890891	12.552553	-57.066389	0.395116	continued:5	24739664234858138982047535273920704865888201889876711837493816699690678265963591165069870505023217046633362579621148489165328977987949899797415602900085081435628786567950676391780949633448253616219680559998014214784634910618447122667639804607217055610037222276897125660535867393387520758988742191975475097134159821776175469287214857624750265388130867415580412873925910271279382629434282479656095907178473638142326186864698341018602123575843883404208311798618679388046194707946385968872279636660172423920762823771748609336176990325713506490614247467311351878471253089939596514261196666267475682898634243267997762771930410142900670636074021557040670388399249983696339590262511488321191028111768834613450767960304634194103204964021206651325127942216552993232309024409773981445208472224816140189531426184277514710641013131770020359108910112128019299913823691282611701014232340732883865600476181870280726275194387402801503855938719103084135784125699331758447304174100662916368272903302513802856798570084277611879778879080212145328740890389648499777712421430896191193534265572221815036076756439395884113709392615027355023738528064344875445088345175077752097963287365502360501728721861871264146771144983017878987791307238289867143100882230742121151537844530086564208143061643455778229794092085420229731058689284540461501186678235815563986086565830620790111149098000606412282392689256759291158116353395682423606007851021712151732835068086266345152135212680004836782578335191363462684246101263251560183287966692782169604798574468442575570184726319656089128604169757718740160238738332030199740312957151397109627056013949606868951732631930927961456153850255989175674914011832117340911951923763124701406994501876933580741294706729735312812974497312229326744273562465266380112574918370130788954338771221946671883787992563938342955113947982189858884270572268525490641552605662429687688636382293270282687447583832024614212923499991182977325130781405299777536723715649521151038883344951348471157050374094695331424368067976016693867066139036143747044568058398936425797436626581998121222973468354181188292362115843788744611111294863190658627233037234569272194722156428455418542337353730623800190115608134795878073523611617660260758372927209704226485287253156869371170909218855769519912590578811047673538649805496740663736554572296432578672864793728905662640961697836964474104775554846975278272052863677872640011003	24739664234858138982047535273920704865888201889876711837493816699690678265963591165069870505023217046633362579621148489165328977987949899797415602900085081435628786567950676391780949633448253616219680559998014214784634910618447122667639804607217055610037222276897125660535867393387520758988742191975881454668757766456386039099618304136651166884285837894817315224103333988986022139294086321685154999346340705988103078279492809641656432950215478117816222205266648568411397418925046010008480574710698821954765024242012324702958840527170691397468834926110714722062344576291849261675828451121993701604115701508243628541371186781104664750453506678450990658685568877319368724842489366294600223726679557182485111500144011805314426535016123806594563159834704421627591278254098145543334614838595418659350735064119136615550909153916789982856517125346862661227399851506503677119661384586623759841225285653771144345770541906184539519104941031220044588169549394770200017461390905581925298086151522809307449802203222974575540394725875975613318942282656692285373790701768039928224139907689742983609684357165165999207726031406986345064845442052163822899745749684239296069717432693993739901942491195871247188184005657715557324715787468964623060658282699748340496206865605372436586070397727939308002786773406257199303380943930864942544541362099694143798665014159981291076426741521752789265368640593684634117809873247169966065789911558626022600729888277201643689641675452459069562508631492228721765370498937893043431497988216537706295785164432196057935490528663597621520778034290151070854816629426746125540833035727606516741355676577511359225189296292548229211189083998370260280090542803113716826454333586493978480241538453764023117135870306486868190579583638749543528287787983143040255708751029006941308429997433080718822734531156727166409700399126449488232655765908523538109059027659972391417586695558079006462758935754010444329600948762656764448062867805309855802889917915490930359558417669703746680662875377472240206717145818436374740163786447225207779656991347434454381456624432873034406069959063223124424548648585063412282925582908276089069079075949312780188260640797350892262486199410962058770676561051286324306601018157181978353068747811538127526306308937940842930452043500326163208978153413354707649983565218720121511676564439582142787669964393412352531196622177914611046188301931657468268625996115606390378	0,-3,3,3,3,3,3,3,3,3,3,3	-4,-4,-4,3,3,3,3,3,3,3,3,3	ok
0.894895	12.552553	-57.236966	0.394201	continued:5	24739664234858138982047535273920704865888201889876711837493816699690678265963591165069870505023217046633362579621148489165328977987949899797415602900085081435628786567950676391780949633448253616219680559998014214784634910618447122667639804607217055610037222276897125660535867393387520758988742191975475097134159821776175469287214857624750265388130867415580412873925910271279382629434282479656095907178473638142326186864698341018602123575843883404208311798618679388046194707946385968872279636660172423920762823771748609336176990325713506490614247467311351878471253089939596514261196666267475682898634243267997762771930410142900670636074021557040670388399249983696339590262511488321191028111768834613450767960304634194103204964021206651325127942216552993232309024409773981445208472224816140189531426184277514710641013131770020359108910112128019299913823691282611701014232340732883865600476181870280726275194387402801503855938719103084135784125699331758447304174100662916368272903302513802856798570084277611879778879080212145328740890389648499777712421430896191193534265572221815036076756439395884113709392615027355023738528064344875445088345175077752097963287365502360501728721861871264146771144983017878987791307238289867143100882230742121151537844530086564208143061643455778229794092085420229731058689284540461501186678235815563986086565830620790111149098000606412282392689256759291158116353395682423606007851021712151732835068086266345152135212680004836782578335191363462684246101263251560183287966692782169604798574468442575570184726319656089128604169757718740160238738332030199740312957151397109627056013949606868951732631930927961456153850255989175674914011832117340911951923763124701406994501876933580741294706729735312812974497312229326744273562465266380112574918370130788954338771221946671883787992563938342955113947982189858884270572268525490641552605662429687688636382293270282687447583832024614212923499991182977325130781405299777536723715649521151038883344951348471157050374094695331424368067976016693867066139036143747044568058398936425797436626581998121222973468354181188292362115843788744611111294863190658627233037234569272194722156428455418542337353730623800190115608134795878073523611617660260758372927209704226485287253156869371170909218855769519912590578811047673538649805496740663736554572296432578672864793728905662640961697836964474104775554846975278272052863677872640011003	24739664234858138982047535273920704865888201889876711837493816699690678265963591165069870505023217046633362579621148489165328977987949899797415602900085081435628786567950676391780949633448253616219680559998014214784634910618447122667639804607217055610037222276897125660535867393387520758988742191975881454668757766456386039099618304136651166884285837894817315224103333988986022139294086321685154999346340705988103078279492809641656432950215478117816222205266648568411397418925046010008480574710698821954765024242012324702958840527170691397468834926110714722062344576291849261675828451121993701604115701508243628541371186781104664750453506678450990658685568877319368724842489366294600223726679557182485111500144011805314426535016123806594563159834704421627591278254098145543334614838595418659350735064119136615550909153916789982856517125346862661227399851506503677119661384586623759841225285653771144345770541906184539519104941031220044588169549394770200017461390905581925298086151522809307449802203222974575540394725875975613318942282656692285373790701768039928224139907689742983609684357165165999207726031406986345064845442052163822899745749684239296069717432693993739901942491195871247188184005657715557324715787468964623060658282699748340496206865605372436586070397727939308002786773406257199303380943930864942544541362099694143798665014159981291076426741521752789265368640593684634117809873247169966065789911558626022600729888277201643689641675452459069562508631492228721765370498937893043431497988216537706295785164432196057935490528663597621520778034290151070854816629426746125540833035727606516741355676577511359225189296292548229211189083998370260280090542803113716826454333586493978480241538453764023117135870306486868190579583638749543528287787983143040255708751029006941308429997433080718822734531156727166409700399126449488232655765908523538109059027659972391417586695558079006462758935754010444329600948762656764448062867805309855802889917915490930359558417669703746680662875377472240206717145818436374740163786447225207779656991347434454381456624432873034406069959063223124424548648585063412282925582908276089069079075949312780188260640797350892262486199410962058770676561051286324306601018157181978353068747811538127526306308937940842930452043500326163208978153413354707649983565218720121511676564439582142787669964393412352531196622177914611046188301931657468268625996115606390378	0,-3,3,3,3,3,3,3,3,3,3,3	-4,-4,-4,3,3,3,3,3,3,3,3,3	ok
0.898899	12.552553	-57.387165	0.393286	continued:5	24739664234858138982047535273920704865888201889876711837493816699690678265963591165069870505023217046633362579621148489165328977987949899797415602900085081435628786567950676391780949633448253616219680559998014214784634910618447122667639804607217055610037222276897125660535867393387520758988742191975475097134159821776175469287214857624750265388130867415580412873925910271279382629434282479656095907178473638142326186864698341018602123575843883404208311798618679388046194707946385968872279636660172423920762823771748609336176990325713506490614247467311351878471253089939596514261196666267475682898634243267997762771930410142900670636074021557040670388399249983696339590262511488321191028111768834613450767960304634194103204964021206651325127942216552993232309024409773981445208472224816140189531426184277514710641013131770020359108910112128019299913823691282611701014232340732883865600476181870280726275194387402801503855938719103084135784125699331758447304174100662916368272903302513802856798570084277611879778879080212145328740890389648499777712421430896191193534265572221815036076756439395884113709392615027355023738528064344875445088345175077752097963287365502360501728721861871264146771144983017878987791307238289867143100882230742121151537844530086564208143061643455778229794092085420229731058689284540461501186678235815563986086565830620790111149098000606412282392689256759291158116353395682423606007851021712151732835068086266345152135212680004836782578335191363462684246101263251560183287966692782169604798574468442575570184726319656089128604169757718740160238738332030199740312957151397109627056013949606868951732631930927961456153850255989175674914011832117340911951923763124701406994501876933580741294706729735312812974497312229326744273562465266380112574918370130788954338771221946671883787992563938342955113947982189858884270572268525490641552605662429687688636382293270282687447583832024614212923499991182977325130781405299777536723715649521151038883344951348471157050374094695331424368067976016693867066139036143747044568058398936425797436626581998121222973468354181188292362115843788744611111294863190658627233037234569272194722156428455418542337353730623800190115608134795878073523611617660260758372927209704226485287253156869371170909218855769519912590578811047673538649805496740663736554572296432578672864793728905662640961697836964474104775554846975278272052863677872640011003	24739664234858138982047535273920704865888201889876711837493816699690678265963591165069870505023217046633362579621148489165328977987949899797415602900085081435628786567950676391780949633448253616219680559998014214784634910618447122667639804607217055610037222276897125660535867393387520758988742191975881454668757766456386039099618304136651166884285837894817315224103333988986022139294086321685154999346340705988103078279492809641656432950215478117816222205266648568411397418925046010008480574710698821954765024242012324702958840527170691397468834926110714722062344576291849261675828451121993701604115701508243628541371186781104664750453506678450990658685568877319368724842489366294600223726679557182485111500144011805314426535016123806594563159834704421627591278254098145543334614838595418659350735064119136615550909153916789982856517125346862661227399851506503677119661384586623759841225285653771144345770541906184539519104941031220044588169549394770200017461390905581925298086151522809307449802203222974575540394725875975613318942282656692285373790701768039928224139907689742983609684357165165999207726031406986345064845442052163822899745749684239296069717432693993739901942491195871247188184005657715557324715787468964623060658282699748340496206865605372436586070397727939308002786773406257199303380943930864942544541362099694143798665014159981291076426741521752789265368640593684634117809873247169966065789911558626022600729888277201643689641675452459069562508631492228721765370498937893043431497988216537706295785164432196057935490528663597621520778034290151070854816629426746125540833035727606516741355676577511359225189296292548229211189083998370260280090542803113716826454333586493978480241538453764023117135870306486868190579583638749543528287787983143040255708751029006941308429997433080718822734531156727166409700399126449488232655765908523538109059027659972391417586695558079006462758935754010444329600948762656764448062867805309855802889917915490930359558417669703746680662875377472240206717145818436374740163786447225207779656991347434454381456624432873034406069959063223124424548648585063412282925582908276089069079075949312780188260640797350892262486199410962058770676561051286324306601018157181978353068747811538127526306308937940842930452043500326163208978153413354707649983565218720121511676564439582142787669964393412352531196622177914611046188301931657468268625996115606390378	0,-3,3,3,3,3,3,3,3,3,3,3	-4,-4,-4,3,3,3,3,3,3,3,3,3	ok
0.902903	12.552553	-57.522068	0.392912	full	24739664234858138982047535273920704865888201889876711837493816699690678265963591165069870505023217046633362579621148489165328977987949899797415602900085081435628786567950676391780949633448253616219680559998014214784634910618447122667639804607217055610037222276897125660535867393387520758988742191975475097134159821776175469287214857624750265388130867415580412873925910271279382629434282479656095907178473638142326186864698341018602123575843883404208311798618679388046194707946385968872279636660172423920762823771748609336176990325713506490614247467311351878471253089939596514261196666267475682898634243267997762771930410142900670636074021557040670388399249983696339590262511488321191028111768834613450767960304634194103204964021206651325127942216552993232309024409773981445208472224816140189531426184277514710641013131770020359108910112128019299913823691282611701014232340732883865600476181870280726275194387402801503855938719103084135784125699331758447304174100662916368272903302513802856798570084277611879778879080212145328740890389648499777712421430896191193534265572221815036076756439395884113709392615027355023738528064344875445088345175077752097963287365502360501728721861871264146771144983017878987791307238289867143100882230742121151537844530086564208143061643455778229794092085420229731058689284540461501186678235815563986086565830620790111149098000606412282392689256759291158116353395682423606007851021712151732835068086266345152135212680004836782578335191363462684246101263251560183287966692782169604798574468442575570184726319656089128604169757718740160238738332030199740312957151397109627056013949606868951732631930927961456153850255989175674914011832117340911951923763124701406994501876933580741294706729735312812974497312229326744273562465266380112574918370130788954338771221946671883787992563938342955113947982189858884270572268525490641552605662429687688636382293270282687447583832024614212923499991182977325130781405299777536723715649521151038883344951348471157050374094695331424368067976016693867066139036143747044568058398936425797436626581998121222973468354181188292362115843788744611111294863190658627233037234569272194722156428455418542337353730623800190115608134795878073523611617660260758372927209704226485287253156869371170909218855769519912590578811047673538649805496740663736554572296432578672864793728905662640961697836964474104775554846975278272052863677872640011003	24739664234858138982047535273920704865888201889876711837493816699690678265963591165069870505023217046633362579621148489165328977987949899797415602900085081435628786567950676391780949633448253616219680559998014214784634910618447122667639804607217055610037222276897125660535867393387520758988742191975881454668757766456386039099618304136651166884285837894817315224103333988986022139294086321685154999346340705988103078279492809641656432950215478117816222205266648568411397418925046010008480574710698821954765024242012324702958840527170691397468834926110714722062344576291849261675828451121993701604115701508243628541371186781104664750453506678450990658685568877319368724842489366294600223726679557182485111500144011805314426535016123806594563159834704421627591278254098145543334614838595418659350735064119136615550909153916789982856517125346862661227399851506503677119661384586623759841225285653771144345770541906184539519104941031220044588169549394770200017461390905581925298086151522809307449802203222974575540394725875975613318942282656692285373790701768039928224139907689742983609684357165165999207726031406986345064845442052163822899745749684239296069717432693993739901942491195871247188184005657715557324715787468964623060658282699748340496206865605372436586070397727939308002786773406257199303380943930864942544541362099694143798665014159981291076426741521752789265368640593684634117809873247169966065789911558626022600729888277201643689641675452459069562508631492228721765370498937893043431497988216537706295785164432196057935490528663597621520778034290151070854816629426746125540833035727606516741355676577511359225189296292548229211189083998370260280090542803113716826454333586493978480241538453764023117135870306486868190579583638749543528287787983143040255708751029006941308429997433080718822734531156727166409700399126449488232655765908523538109059027659972391417586695558079006462758935754010444329600948762656764448062867805309855802889917915490930359558417669703746680662875377472240206717145818436374740163786447225207779656991347434454381456624432873034406069959063223124424548648585063412282925582908276089069079075949312780188260640797350892262486199410962058770676561051286324306601018157181978353068747811538127526306308937940842930452043500326163208978153413354707649983565218720121511676564439582142787669964393412352531196622177914611046188301931657468268625996115606390378	0,-3,3,3,3,3,3,3,3,3,3,3	-4,-4,-4,3,3,3,3,3,3,3,3,3	ok
0.906907	12.552553	-18.833502	0.378236	continued:5	24739664234858138982047535273920704865888201889876711837493816699690678265963591165069870505023217046633362579621148489165328977987949899797415602900486143006268665268678106964453841999524106595607605727243377372487650564782802452333008206763043514220470865892407412103036806892083064510289504814600080741268157165354063032161189525829409088498985531970815025159686244986955270210405434697787650037103444327391942508501376229453985083037857645944890272090078718974473418025044221755928344004123983175888817859152476099625581493080234216246769749121423440316080188755726314866454849365625903310727411127889898194381660787032015151698715736677481139420851742750719529547539689342907032684848982153429642503545479758778195831115174999007304520947563003595490867019874169994914300124258307833187901988179428014704959954258008163520937529812950909650540738739709363910934624816250948310905870516490152323845654698835235607375139145151252300518952681249670519366224367191080941950960612430590599784107574388270912656395965864142364667984575546882550050402798003370469155776659862256338059002106715868920421959433223756311341506694462249246973686264750035944554027554964157670321252914659435234646443493677683597745405971141225539474137172699883423005413138177182630992270091780616069575556620632114862474028755630107263022823486452810582479861484178386084401732841472850038162089857730565405969047435643920136439634336604016728923871833481559806979683137755206220799504109663331208514413464430418551053706989442470258202310367381155045766426374273253898576206837490031074086028221393484536720474016085653508931383903513694137058764136569652465772117298842821928522143333156039359822831589477971662862806772542865053653268812787194981044774561432027631927740266279297127218941745071346551870491710228931443732125082669073300133305333557226381450558628803418742838780575592664663498499732751742981131906329221811915572836440111786562018495581399857715929689574591275483205964204612337157102215690145590491757373012687396302905949244185968504318632423096835739322206969511655795900949956880726578854591280830716907776049686818330424314656174016109138495605656679904045914457526289307375818001406305017117144535218152699191238593044812519708769054010738927750601064808233841054319348937955463320904378159806803983217193136649028784818187695263085809235629577995855098293430968673291470193274242954506200738	24739664234858138982047535273920704865888201889876711837493816699690678265963591165069870505023217046633362579621148489165328977987949899797415602900085081435628786567950676391780949633448253616219680559998014214784634910618447122667639804607217055610037222276897125660535867393387520758988742191975881454668757766456386039099618304136651166884285837894817315224103333988986022139294086321685154999346340705988103078279492809641656432950215478117816222205266648568411397418925046010008480574710698821954765024242012324702958840527170691397468834926110714722062344576291849261675828451121993701604115701508243628541371186781104664750453506678450990658685568877319368724842489366294600223726679557182485111500144011805314426535016123806594563159834704421627591278254098145543334614838595418659350735064119136615550909153916789982856517125346862661227399851506503677119661384586623759841225285653771144345770541906184539519104941031220044588169549394770200017461390905581925298086151522809307449802203222974575540394725875975613318942282656692285373790701768039928224139907689742983609684357165165999207726031406986345064845442052163822899745749684239296069717432693993739901942491195871247188184005657715557324715787468964623060658282699748340496206865605372436586070397727939308002786773406257199303380943930864942544541362099694143798665014159981291076426741521752789265368640593684634117809873247169966065789911558626022600729888277201643689641675452459069562508631492228721765370498937893043431497988216537706295785164432196057935490528663597621520778034290151070854816629426746125540833035727606516741355676577511359225189296292548229211189083998370260280090542803113716826454333586493978480241538453764023117135870306486868190579583638749543528287787983143040255708751029006941308429997433080718822734531156727166409700399126449488232655765908523538109059027659972391417586695558079006462758935754010444329600948762656764448062867805309855802889917915490930359558417669703746680662875377472240206717145818436374740163786447225207779656991347434454381456624432873034406069959063223124424548648585063412282925582908276089069079075949312780188260640797350892262486199410962058770676561051286324306601018157181978353068747811538127526306308937940842930452043500326163208978153413354707649983565218720121511676564439582142787669964393412352531196622177914611046188301931657468268625996115606390378	-2,-4,-4,-4,3,3,3,3,3,3,3,3	-4,-4,-4,3,3,3,3,3,3,3,3,3	ok
0.910911	12.552553	-47.004149	0.381029	continued:5	24739664234858138982047535273920704865888201889876711837493816699690678265963591165069870505023217046633362579621148489165328977987949899797415602900486143006268665268678106964453841999524106595607605727243377372487650564782802452333008206763043514220470865892407412103036806892083064510289504814600080741268157165354063032161189525829409088498985531970815025159686244986955270210405434697787650037103444327391942508501376229453985083037857645944890272090078718974473418025044221755928344004123983175888817859152476099625581493080234216246769749121423440316080188755726314866454849365625903310727411127889898194381660787032015151698715736677481139420851742750719529547539689342907032684848982153429642503545479758778195831115174999007304520947563003595490867019874169994914300124258307833187901988179428014704959954258008163520937529812950909650540738739709363910934624816250948310905870516490152323845654698835235607375139145151252300518952681249670519366224367191080941950960612430590599784107574388270912656395965864142364667984575546882550050402798003370469155776659862256338059002106715868920421959433223756311341506694462249246973686264750035944554027554964157670321252914659435234646443493677683597745405971141225539474137172699883423005413138177182630992270091780616069575556620632114862474028755630107263022823486452810582479861484178386084401732841472850038162089857730565405969047435643920136439634336604016728923871833481559806979683137755206220799504109663331208514413464430418551053706989442470258202310367381155045766426374273253898576206837490031074086028221393484536720474016085653508931383903513694137058764136569652465772117298842821928522143333156039359822831589477971662862806772542865053653268812787194981044774561432027631927740266279297127218941745071346551870491710228931443732125082669073300133305333557226381450558628803418742838780575592664663498499732751742981131906329221811915572836440111786562018495581399857715929689574591275483205964204612337157102215690145590491757373012687396302905949244185968504318632423096835739322206969511655795900949956880726578854591280830716907776049686818330424314656174016109138495605656679904045914457526289307375818001406305017117144535218152699191238593044812519708769054010738927750601064808233841054319348937955463320904378159806803983217193136649028784818187695263085809235629577995855098293430968673291470193274242954506200738	24739664234858138982047535273920704865888201889876711837493816699690678265963591165069870505023217046633362579621148489165328977987949899797415602900085081435628786567950676391780949633448253616219680559998014214784634910618447122667639804607217055610037222276897125660535867393387520758988742191975881454668757766456386039099618304136651166884285837894817315224103333988986022139294086321685154999346340705988103078279492809641656432950215478117816222205266648568411397418925046010008480574710698821954765024242012324702958840527170691397468834926110714722062344576291849261675828451121993701604115701508243628541371186781104664750453506678450990658685568877319368724842489366294600223726679557182485111500144011805314426535016123806594563159834704421627591278254098145543334614838595418659350735064119136615550909153916789982856517125346862661227399851506503677119661384586623759841225285653771144345770541906184539519104941031220044588169549394770200017461390905581925298086151522809307449802203222974575540394725875975613318942282656692285373790701768039928224139907689742983609684357165165999207726031406986345064845442052163822899745749684239296069717432693993739901942491195871247188184005657715557324715787468964623060658282699748340496206865605372436586070397727939308002786773406257199303380943930864942544541362099694143798665014159981291076426741521752789265368640593684634117809873247169966065789911558626022600729888277201643689641675452459069562508631492228721765370498937893043431497988216537706295785164432196057935490528663597621520778034290151070854816629426746125540833035727606516741355676577511359225189296292548229211189083998370260280090542803113716826454333586493978480241538453764023117135870306486868190579583638749543528287787983143040255708751029006941308429997433080718822734531156727166409700399126449488232655765908523538109059027659972391417586695558079006462758935754010444329600948762656764448062867805309855802889917915490930359558417669703746680662875377472240206717145818436374740163786447225207779656991347434454381456624432873034406069959063223124424548648585063412282925582908276089069079075949312780188260640797350892262486199410962058770676561051286324306601018157181978353068747811538127526306308937940842930452043500326163208978153413354707649983565218720121511676564439582142787669964393412352531196622177914611046188301931657468268625996115606390378	-2,-4,-4,-4,3,3,3,3,3,3,3,3	-4,-4,-4,3,3,3,3,3,3,3,3,3	ok
0.914915	12.552553	-50.930736	0.383823	continued:5	24739664234858138982047535273920704865888201889876711837493816699690678265963591165069870505023217046633362579621148489165328977987949899797415602900486143006268665268678106964453841999524106595607605727243377372487650564782802452333008206763043514220470865892407412103036806892083064510289504814600080741268157165354063032161189525829409088498985531970815025159686244986955270210405434697787650037103444327391942508501376229453985083037857645944890272090078718974473418025044221755928344004123983175888817859152476099625581493080234216246769749121423440316080188755726314866454849365625903310727411127889898194381660787032015151698715736677481139420851742750719529547539689342907032684848982153429642503545479758778195831115174999007304520947563003595490867019874169994914300124258307833187901988179428014704959954258008163520937529812950909650540738739709363910934624816250948310905870516490152323845654698835235607375139145151252300518952681249670519366224367191080941950960612430590599784107574388270912656395965864142364667984575546882550050402798003370469155776659862256338059002106715868920421959433223756311341506694462249246973686264750035944554027554964157670321252914659435234646443493670649443320763569393771211014635255250197768479072848942888802904343116166917267274303616645213633258901986934724608102196030566705447199709448848685232091527603953601719852178627896858736075978945818005174493541245870668987929539886645630097678757555544087307337036790434872459172290673698254378844314669452090116179632825192549044579465458111330616555979307251114857149361512116613974709257803359966534656492138218227074841157122375658584060220213022165525332776358629866966288227440625112970679311294012527786937908438788933269152027795727358098149081262309340910027752904780906837503037034324409444406146090624109088924403412096630561891955737242725345322413905726693248195866969791271654695936200328092484246227965825976504945539852784819301024178852444474692192548534126035186023469676002246932424139429748139392521639625101928395106984770436581308351058934055769118232799233408278107027273366695989329209154343877618868661991020975405689106246189336127463396267701412847679116589549251870270844396113558907834058707172256761029888361534374786347487608401449988351944244856780417097985589797080224364751671572412939040572871214031862581112931261011457520216214875551266994707924276208437578826	24739664234858138982047535273920704865888201889876711837493816699690678265963591165069870505023217046633362579621148489165328977987949899797415602900085081435628786567950676391780949633448253616219680559998014214784634910618447122667639804607217055610037222276897125660535867393387520758988742191975881454668757766456386039099618304136651166884285837894817315224103333988986022139294086321685154999346340705988103078279492809641656432950215478117816222205266648568411397418925046010008480574710698821954765024242012324702958840527170691397468834926110714722062344576291849261675828451121993701604115701508243628541371186781104664750453506678450990658685568877319368724842489366294600223726679557182485111500144011805314426535016123806594563159834704421627591278254098145543334614838595418659350735064119136615550909153916789982856517125346862661227399851506503677119661384586623759841225285653771144345770541906184539519104941031220044588169549394770200017461390905581925298086151522809307449802203222974575540394725875975613318942282656692285373790701768039928224139907689742983609684357165165999207726031406986345064845442052163822899745749684239296069717432693993739901942491195871247188184005657715557324715787468964623060658282699748340496206865605372436586070397727939308002786773406257199303380943930864942544541362099694143798665014159981291076426741521752789265368640593684634117809873247169966065789911558626022600729888277201643689641675452459069562508631492228721765370498937893043431497988216537706295785164432196057935490528663597621520778034290151070854816629426746125540833035727606516741355676577511359225189296292548229211189083998370260280090542803113716826454333586493978480241538453764023117135870306486868190579583638749543528287787983143040255708751029006941308429997433080718822734531156727166409700399126449488232655765908523538109059027659972391417586695558079006462758935754010444329600948762656764448062867805309855802889917915490930359558417669703746680662875377472240206717145818436374740163786447225207779656991347434454381456624432873034406069959063223124424548648585063412282925582908276089069079075949312780188260640797350892262486199410962058770676561051286324306601018157181978353068747811538127526306308937940842930452043500326163208978153413354707649983565218720121511676564439582142787669964393412352531196622177914611046188301931657468268625996115606390378	1,-4,-4,-4,3,3,3,3,3,3,3,3	-4,-4,-4,3,3,3,3,3,3,3,3,3	ok
0.918919	12.552553	-53.345869	0.383862	continued:5	24739664234858138982047535273920704865888201889876711837493816699690678265963591165069870505023217046633362579621148489165328977987949899797415602900085081435628786567950676391780949633448253616219680559998014214784634910618447122667639804607217055610037222276897125660535867393387520758988742191975475097134159821776175469287214857624750265388130867415580412873925910271279382629434282479656095907178473638142326186864698341018602123575843883404208311798618679388046194707946385968872279636660172423920762823771748609336176990325713506490614247467311351878471253089939596514261196666267475682898635911908731494486904182965558798994916608466464004782386781525115550402067143147698500136991417807965993746533707493179716917949661657133802752099530380500629832889813766318693972247359960254936881029359545309059646697237241209564888106340558287762532356251637258398401846377922451692640383953053577384608293675046043906591724400907098081482508558109337883729893322775980233270148019416024194836854355986212330386751079897066437531206720139847788674454652536826169059736982479309839712946775980354134355139497105828903507866078114564099313317787443741699279748434354864282108704676095037950494415256286947674165215467011934336553759737348070667660729652527691915524397132869044793555135790945494632065951377818748685518516479034794485428017780031261929221756098004903764351710174074844549113456838125655876793700512133425260342617476046558297710108766178288887240737798673301869429288319632256269224724668118265584051039693265751490627862607736193791619996924278218459408639304584274718151680345670626647042637465459333318707082180800379032160407700099946372273650109970829696969322175580229736541987822471625057604097666274467304974823124064415536558817454629227310911087581946904520455445924560288173037899050385771129593893146284308657261004326107960933559964709592206298596961112903770872901440318443453171554758225380134568194504159026648154323501531880018861899217167303094558259573981342381830990525357646886212154509626273491764433578135680230268485973309763063753935018741388115359454941833970836305152734074505673796423449794831627213811331944435707956109414709408651771661558155162281828345864121923257396908138558521907693044066844381944344400836176940887335408175932108340927491158211920187826439457183894751945801208155053128226111876203662293316013857402850461225442249349855649160489	24739664234858138982047535273920704865888201889876711837493816699690678265963591165069870505023217046633362579621148489165328977987949899797415602900085081435628786567950676391780949633448253616219680559998014214784634910618447122667639804607217055610037222276897125660535867393387520758988742191975881454668757766456386039099618304136651166884285837894817315224103333988986022139294086321685154999346340705988103078279492809641656432950215478117816222205266648568411397418925046010008480574710698821954765024242012324702958840527170691397468834926110714722062344576291849261675828451121993701604115701508243628541371186781104664750453506678450990658685568877319368724842489366294600223726679557182485111500144011805314426535016123806594563159834704421627591278254098145543334614838595418659350735064119136615550909153916789982856517125346862661227399851506503677119661384586623759841225285653771144345770541906184539519104941031220044588169549394770200017461390905581925298086151522809307449802203222974575540394725875975613318942282656692285373790701768039928224139907689742983609684357165165999207726031406986345064845442052163822899745749684239296069717432693993739901942491195871247188184005657715557324715787468964623060658282699748340496206865605372436586070397727939308002786773406257199303380943930864942544541362099694143798665014159981291076426741521752789265368640593684634117809873247169966065789911558626022600729888277201643689641675452459069562508631492228721765370498937893043431497988216537706295785164432196057935490528663597621520778034290151070854816629426746125540833035727606516741355676577511359225189296292548229211189083998370260280090542803113716826454333586493978480241538453764023117135870306486868190579583638749543528287787983143040255708751029006941308429997433080718822734531156727166409700399126449488232655765908523538109059027659972391417586695558079006462758935754010444329600948762656764448062867805309855802889917915490930359558417669703746680662875377472240206717145818436374740163786447225207779656991347434454381456624432873034406069959063223124424548648585063412282925582908276089069079075949312780188260640797350892262486199410962058770676561051286324306601018157181978353068747811538127526306308937940842930452043500326163208978153413354707649983565218720121511676564439582142787669964393412352531196622177914611046188301931657468268625996115606390378	1,-4,3,3,3,3,3,3,3,3,3,3	-4,-4,-4,3,3,3,3,3,3,3,3,3	ok
0.922923	12.552553	-54.841834	0.386528	continued:5	24739664234858138982047535273920704865888201889876711837493816699690678265963591165069870505023217046633362579621148489165328977987949899797415602900085081435628786567950676391780949633448253616219680559998014214784634910618447122667639804607217055610037222276897125660535867393387520758988742191975475097134159821776175469287214857624750265388130867415580412873925910271279382629434282479656095907178473638142326186864698341018602123575843883404208311798618679388046194707946385968872279636660172423920762823771748609336176990325713506490614247467311351878471253089939596514261196666267475682898635077588364628629417296554229734815495315011752337585393015754405944996164827318009845582551593321289722257247006063686910061456841431892563940020873466746931070957111770150069590359792388197563206227771911411885143855184505614961998508226343153531223089971459935049708039359327667779120430067461929055441744031224422705223831560005091108633317128720548165517033711719448300771525660964913525817712220131912105082815080054605883136048554894173783193438041716508681297001277350562437894851607688119124032266056066591963623197071229719772200831481260746898621517899928612391918713268983151048632780119648896253765940151777173575597570025320253082336116946689981147789765900355562110523987436189411566954756946831913765892283629482126668117215787661175622538482371666841405595054624551275871666632475049764341931929868507018454948365774171910807496638367218687366613903751947086947394002612630474683257999387223688134848014104823955551645010680263372366206458226198558279883447844315148180302724249331888726196930807213187997142652942313186005148224878224024593537200103980637926868603500896185830904692094904758235554768415409124757267836161356776521732484146109863946926378105041694979170269733992817805415234240628485488200053302199364211031646323082439647263607276631895871769259044401451363766451126814443473134220489198884697731101960802990910300139680959518854832128513597114746389737973151315057975842081443516593123962467786526070102139874765749035637088432614260030772344792316488840415153698481155126035457741137680097748660410763036811870095293313414540437283852893333234643562710973384060038416228190613325616933189150517789061901654152308030489428549857055082465581427407486143000730202660813809057790100346399768338483335257539245860316494779637880208922066168766414992991208014608723526	24739664234858138982047535273920704865888201889876711837493816699690678265963591165069870505023217046633362579621148489165328977987949899797415602900085081435628786567950676391780949633448253616219680559998014214784634910618447122667639804607217055610037222276897125660535867393387520758988742191975881454668757766456386039099618304136651166884285837894817315224103333988986022139294086321685154999346340705988103078279492809641656432950215478117816222205266648568411397418925046010008480574710698821954765024242012324702958840527170691397468834926110714722062344576291849261675828451121993701604115701508243628541371186781104664750453506678450990658685568877319368724842489366294600223726679557182485111500144011805314426535016123806594563159834704421627591278254098145543334614838595418659350735064119136615550909153916789982856517125346862661227399851506503677119661384586623759841225285653771144345770541906184539519104941031220044588169549394770200017461390905581925298086151522809307449802203222974575540394725875975613318942282656692285373790701768039928224139907689742983609684357165165999207726031406986345064845442052163822899745749684239296069717432693993739901942491195871247188184005657715557324715787468964623060658282699748340496206865605372436586070397727939308002786773406257199303380943930864942544541362099694143798665014159981291076426741521752789265368640593684634117809873247169966065789911558626022600729888277201643689641675452459069562508631492228721765370498937893043431497988216537706295785164432196057935490528663597621520778034290151070854816629426746125540833035727606516741355676577511359225189296292548229211189083998370260280090542803113716826454333586493978480241538453764023117135870306486868190579583638749543528287787983143040255708751029006941308429997433080718822734531156727166409700399126449488232655765908523538109059027659972391417586695558079006462758935754010444329600948762656764448062867805309855802889917915490930359558417669703746680662875377472240206717145818436374740163786447225207779656991347434454381456624432873034406069959063223124424548648585063412282925582908276089069079075949312780188260640797350892262486199410962058770676561051286324306601018157181978353068747811538127526306308937940842930452043500326163208978153413354707649983565218720121511676564439582142787669964393412352531196622177914611046188301931657468268625996115606390378	1,3,3,3,3,3,3,3,3,3,3,3	-4,-4,-4,3,3,3,3,3,3,3,3,3	ok
0.926927	12.552553	-55.693975	0.387905	continued:5	24739664234858138982047535273920704865888201889876711837493816699690678265963591165069870505023217046633362579621148489165328977987949899797415602900085081435628786567950676391780949633448253616219680559998014214784634910618447122667639804607217055610037222276897125660535867393387520758988742191975475097134159821776175469287214857624750265388130867415580412873925910271279382629434282479656095907178473638142326186864698341018602123575843883404208311798618679388046194707946385968872279636660172423920762823771748609336176990325713506490614247467311351878471253089939596514261196666267475682898635077588364628629417296554229734815495315011752337585393015754405944996164827318009845582551593321289722257247006063686910061456841431892563940020873466746931070957111770150069590359792388197563206227771911411885143855184505614961998508226343153531223089971459935049708039359327667779120430067461929055441744031224422705223831560005091108633317128720548165517033711719448300771525660964913525817712220131912105082815080054605883136048554894173783193438041716508681297001277350562437894851607688119124032266056066591963623197071229719772200831481260746898621517899928612391918713268983151048632780119655930408190582553524627904057071942769938736862457235924274975877692875969260912825240440176312796169883715527296420812911085368231803397367822990876417832371726944474641149344806282859835563177758758315140869621665338558538229319788140992642348683078964438303205169238089677606281386970253341769254691973676747054001600056884371509167578247128910554017708455798400339763929792299326278161913247735847547901720607853014273297061169415154483166033077865097453650461838107532682052642437808745312631797604500447563344035980600655360681484274936965759099895773785743476559627847035998495623947412514142251410657373695628596507787826274803330499930271551011927848963095389998115464084361772602196582573023653623911344037727364227195594183603523434780747077500441651045950433605054450968920210102886398197382751252220063486096686194630712738899496659850907030285511459146924946136142303252814811401903979278425790228571196558652325907826618637862596663393079577711958009484587139118727133603578984775841831059511392904829664132579075616389269418347099007484820626482853352165533173315748528323140233506000037753936239379980930850327518548701251621213257545847129540580490183656973082502121819713680447958	24739664234858138982047535273920704865888201889876711837493816699690678265963591165069870505023217046633362579621148489165328977987949899797415602900085081435628786567950676391780949633448253616219680559998014214784634910618447122667639804607217055610037222276897125660535867393387520758988742191975881454668757766456386039099618304136651166884285837894817315224103333988986022139294086321685154999346340705988103078279492809641656432950215478117816222205266648568411397418925046010008480574710698821954765024242012324702958840527170691397468834926110714722062344576291849261675828451121993701604115701508243628541371186781104664750453506678450990658685568877319368724842489366294600223726679557182485111500144011805314426535016123806594563159834704421627591278254098145543334614838595418659350735064119136615550909153916789982856517125346862661227399851506503677119661384586623759841225285653771144345770541906184539519104941031220044588169549394770200017461390905581925298086151522809307449802203222974575540394725875975613318942282656692285373790701768039928224139907689742983609684357165165999207726031406986345064845442052163822899745749684239296069717432693993739901942491195871247188184005657715557324715787468964623060658282699748340496206865605372436586070397727939308002786773406257199303380943930864942544541362099694143798665014159981291076426741521752789265368640593684634117809873247169966065789911558626022600729888277201643689641675452459069562508631492228721765370498937893043431497988216537706295785164432196057935490528663597621520778034290151070854816629426746125540833035727606516741355676577511359225189296292548229211189083998370260280090542803113716826454333586493978480241538453764023117135870306486868190579583638749543528287787983143040255708751029006941308429997433080718822734531156727166409700399126449488232655765908523538109059027659972391417586695558079006462758935754010444329600948762656764448062867805309855802889917915490930359558417669703746680662875377472240206717145818436374740163786447225207779656991347434454381456624432873034406069959063223124424548648585063412282925582908276089069079075949312780188260640797350892262486199410962058770676561051286324306601018157181978353068747811538127526306308937940842930452043500326163208978153413354707649983565218720121511676564439582142787669964393412352531196622177914611046188301931657468268625996115606390378	-2,3,3,3,3,3,3,3,3,3,3,3	-4,-4,-4,3,3,3,3,3,3,3,3,3	ok
0.930931	12.552553	-56.248197	0.390698	continued:5	24739664234858138982047535273920704865888201889876711837493816699690678265963591165069870505023217046633362579621148489165328977987949899797415602900085081435628786567950676391780949633448253616219680559998014214784634910618447122667639804607217055610037222276897125660535867393387520758988742191975475097134159821776175469287214857624750265388130867415580412873925910271279382629434282479656095907178473638142326186864698341018602123575843883404208311798618679388046194707946385968872279636660172423920762823771748609336176990325713506490614247467311351878471253089939596514261196666267475682898634243267997762771930410142900670636074021557040670388399249983696339590262511488321191028111768834613450767960304634194103204964021206651325127942216552993232309024409773981445208472224816140189531426184277514710641013131770020359108910112128019299913823691282611701014232340732883865600476181870280726275194387402801503855938719103084135784125699331758447304174100662916368272903302513802856798570084277611879778879080212145328740890389648499777712421430896191193534265572221815036076756439395884113709392615027355023738528064344875445088345175077752097963287365502360501728721861871264146771144983031947296640592041784775800019886065641492460590525108555151864318915594683175834396598093394032189488942821931226811027933147587774256646869901280191701736876711161678753501269620222459085909443963099525203883234615375231899396976114204508821839302103496338655760866163648644002020869978497294355281351865688287443105746372563407485229861453387165504226670216918424279999702227998555936031335148205027270465593550886521504041448385131898412189466655271321395140535300371130422320001636949820370448712896124959396873241860118374019801793539389705219008385720618139171841417854119395987246126578989320538559034856755059996681376856412018519899505048937338787761955510027855260593609972988091097267749733347734926874556845009131920570144997205463242828264280937016833975074799294652994133048695677943095855844985209547100388238076034537966949078554643935019273292965899247271585754966290509481128157477252768933324977208963396210655270951416468761881216532138636782122216477804975619251580333113996430173121752591106571812378765531309876440917547264414674606316951393088742917011668878438211376711853154851382028281673726256260956132930462573949581187489512193015616025624546819772847791446568757715808	24739664234858138982047535273920704865888201889876711837493816699690678265963591165069870505023217046633362579621148489165328977987949899797415602900085081435628786567950676391780949633448253616219680559998014214784634910618447122667639804607217055610037222276897125660535867393387520758988742191975881454668757766456386039099618304136651166884285837894817315224103333988986022139294086321685154999346340705988103078279492809641656432950215478117816222205266648568411397418925046010008480574710698821954765024242012324702958840527170691397468834926110714722062344576291849261675828451121993701604115701508243628541371186781104664750453506678450990658685568877319368724842489366294600223726679557182485111500144011805314426535016123806594563159834704421627591278254098145543334614838595418659350735064119136615550909153916789982856517125346862661227399851506503677119661384586623759841225285653771144345770541906184539519104941031220044588169549394770200017461390905581925298086151522809307449802203222974575540394725875975613318942282656692285373790701768039928224139907689742983609684357165165999207726031406986345064845442052163822899745749684239296069717432693993739901942491195871247188184005657715557324715787468964623060658282699748340496206865605372436586070397727939308002786773406257199303380943930864942544541362099694143798665014159981291076426741521752789265368640593684634117809873247169966065789911558626022600729888277201643689641675452459069562508631492228721765370498937893043431497988216537706295785164432196057935490528663597621520778034290151070854816629426746125540833035727606516741355676577511359225189296292548229211189083998370260280090542803113716826454333586493978480241538453764023117135870306486868190579583638749543528287787983143040255708751029006941308429997433080718822734531156727166409700399126449488232655765908523538109059027659972391417586695558079006462758935754010444329600948762656764448062867805309855802889917915490930359558417669703746680662875377472240206717145818436374740163786447225207779656991347434454381456624432873034406069959063223124424548648585063412282925582908276089069079075949312780188260640797350892262486199410962058770676561051286324306601018157181978353068747811538127526306308937940842930452043500326163208978153413354707649983565218720121511676564439582142787669964393412352531196622177914611046188301931657468268625996115606390378	1,-3,3,3,3,3,3,3,3,3,3,3	-4,-4,-4,3,3,3,3,3,3,3,3,3	ok
0.934935	12.552553	-56.613220	0.389449	continued:5	24739664234858138982047535273920704865888201889876711837493816699690678265963591165069870505023217046633362579621148489165328977987949899797415602900085081435628786567950676391780949633448253616219680559998014214784634910618447122667639804607217055610037222276897125660535867393387520758988742191975475097134159821776175469287214857624750265388130867415580412873925910271279382629434282479656095907178473638142326186864698341018602123575843883404208311798618679388046194707946385968872279636660172423920762823771748609336176990325713506490614247467311351878471253089939596514261196666267475682898634243267997762771930410142900670636074021557040670388399249983696339590262511488321191028111768834613450767960304634194103204964021206651325127942216552993232309024409773981445208472224816140189531426184277514710641013131770020359108910112128019299913823691282611701014232340732883865600476181870280726275194387402801503855938719103084135784125699331758447304174100662916368272903302513802856798570084277611879778879080212145328740890389648499777712421430896191193534265572221815036076756439395884113709392615027355023738528064344875445088345175077752097963287365502360501728721861871264146771144983031947296640592041784775800019886065641492460590525108555151864318915594683175834396598093394032189488942821931226811027933147587774256646869901280191701736876711161678753501269620222459085909443963099525203883234615375231899396976114204508821839302103496338655760866163648644002020869978497294355281351865688287443105746372563407485229861453387165504226670216918424279999702227998555936031335148205027270465593550886521504041448385131898412189466655271321395140535300371130422320001636949820370448712896124959396873241860118374019801793539389705219008385720618139171841417854119395987246126578989320538559034856755059996681376856412018519899505048937338787761955510027855260593609972988091097267749733347734926874556845009131920570144997205463242828264280937016833975074799294652994133048695677943095855844985209547100388238076034537966949078554643935019273292965899247271585754966290509481128157477252768933324977208963396210655270951416468761881216532138636782122216477804975619251580333113996430173121752591106571812378765531309876440917547264414674606316951393088742917011668878438211376711853154851382028281673726256260956132930462573949581187489512193015616025624546819772847791446568757715808	24739664234858138982047535273920704865888201889876711837493816699690678265963591165069870505023217046633362579621148489165328977987949899797415602900085081435628786567950676391780949633448253616219680559998014214784634910618447122667639804607217055610037222276897125660535867393387520758988742191975881454668757766456386039099618304136651166884285837894817315224103333988986022139294086321685154999346340705988103078279492809641656432950215478117816222205266648568411397418925046010008480574710698821954765024242012324702958840527170691397468834926110714722062344576291849261675828451121993701604115701508243628541371186781104664750453506678450990658685568877319368724842489366294600223726679557182485111500144011805314426535016123806594563159834704421627591278254098145543334614838595418659350735064119136615550909153916789982856517125346862661227399851506503677119661384586623759841225285653771144345770541906184539519104941031220044588169549394770200017461390905581925298086151522809307449802203222974575540394725875975613318942282656692285373790701768039928224139907689742983609684357165165999207726031406986345064845442052163822899745749684239296069717432693993739901942491195871247188184005657715557324715787468964623060658282699748340496206865605372436586070397727939308002786773406257199303380943930864942544541362099694143798665014159981291076426741521752789265368640593684634117809873247169966065789911558626022600729888277201643689641675452459069562508631492228721765370498937893043431497988216537706295785164432196057935490528663597621520778034290151070854816629426746125540833035727606516741355676577511359225189296292548229211189083998370260280090542803113716826454333586493978480241538453764023117135870306486868190579583638749543528287787983143040255708751029006941308429997433080718822734531156727166409700399126449488232655765908523538109059027659972391417586695558079006462758935754010444329600948762656764448062867805309855802889917915490930359558417669703746680662875377472240206717145818436374740163786447225207779656991347434454381456624432873034406069959063223124424548648585063412282925582908276089069079075949312780188260640797350892262486199410962058770676561051286324306601018157181978353068747811538127526306308937940842930452043500326163208978153413354707649983565218720121511676564439582142787669964393412352531196622177914611046188301931657468268625996115606390378	1,-3,3,3,3,3,3,3,3,3,3,3	-4,-4,-4,3,3,3,3,3,3,3,3,3	ok
0.938939	12.552553	-56.911473	0.392242	continued:5	24739664234858138982047535273920704865888201889876711837493816699690678265963591165069870505023217046633362579621148489165328977987949899797415602900085081435628786567950676391780949633448253616219680559998014214784634910618447122667639804607217055610037222276897125660535867393387520758988742191975475097134159821776175469287214857624750265388130867415580412873925910271279382629434282479656095907178473638142326186864698341018602123575843883404208311798618679388046194707946385968872279636660172423920762823771748609336176990325713506490614247467311351878471253089939596514261196666267475682898634243267997762771930410142900670636074021557040670388399249983696339590262511488321191028111768834613450767960304634194103204964021206651325127942216552993232309024409773981445208472224816140189531426184277514710641013131770020359108910112128019299913823691282611701014232340732883865600476181870280726275194387402801503855938719103084135784125699331758447304174100662916368272903302513802856798570084277611879778879080212145328740890389648499777712421430896191193534265572221815036076756439395884113709392615027355023738528064344875445088345175077752097963287365502360501728721861871264146771144983017878987791307238289867143100882230742121151537844530086564208143061643455778229794092085420229731058689284540461501186678235815563986086565830620790111149098000606412282392689256759291158116353395682423606007851021712151732835068086266345152135212680004836782578335191363462684246101263251560183287966692782169604798574468442575570184726319656089128604169757718740160238738332030199740312957151397109627056013949606868951732631930927961456153850255989175674914011832117340911951923763124701406994501876933580741294706729735312812974497312229326744273562465266380112574918370130788954338771221946671883787992563938342955113947982189858884270572268525490641552605662429687688636382293270282687447583832024614212923499991182977325130781405299777536723715649521151038883344951348471157050374094695331424368067976016693867066139036143747044568058398936425797436626581998121222973468354181188292362115843788744611111294863190658627233037234569272194722156428455418542337353730623800190115608134795878073523611617660260758372927209704226485287253156869371170909218855769519912590578811047673538649805496740663736554572296432578672864793728905662640961697836964474104775554846975278272052863677872640011003	24739664234858138982047535273920704865888201889876711837493816699690678265963591165069870505023217046633362579621148489165328977987949899797415602900085081435628786567950676391780949633448253616219680559998014214784634910618447122667639804607217055610037222276897125660535867393387520758988742191975881454668757766456386039099618304136651166884285837894817315224103333988986022139294086321685154999346340705988103078279492809641656432950215478117816222205266648568411397418925046010008480574710698821954765024242012324702958840527170691397468834926110714722062344576291849261675828451121993701604115701508243628541371186781104664750453506678450990658685568877319368724842489366294600223726679557182485111500144011805314426535016123806594563159834704421627591278254098145543334614838595418659350735064119136615550909153916789982856517125346862661227399851506503677119661384586623759841225285653771144345770541906184539519104941031220044588169549394770200017461390905581925298086151522809307449802203222974575540394725875975613318942282656692285373790701768039928224139907689742983609684357165165999207726031406986345064845442052163822899745749684239296069717432693993739901942491195871247188184005657715557324715787468964623060658282699748340496206865605372436586070397727939308002786773406257199303380943930864942544541362099694143798665014159981291076426741521752789265368640593684634117809873247169966065789911558626022600729888277201643689641675452459069562508631492228721765370498937893043431497988216537706295785164432196057935490528663597621520778034290151070854816629426746125540833035727606516741355676577511359225189296292548229211189083998370260280090542803113716826454333586493978480241538453764023117135870306486868190579583638749543528287787983143040255708751029006941308429997433080718822734531156727166409700399126449488232655765908523538109059027659972391417586695558079006462758935754010444329600948762656764448062867805309855802889917915490930359558417669703746680662875377472240206717145818436374740163786447225207779656991347434454381456624432873034406069959063223124424548648585063412282925582908276089069079075949312780188260640797350892262486199410962058770676561051286324306601018157181978353068747811538127526306308937940842930452043500326163208978153413354707649983565218720121511676564439582142787669964393412352531196622177914611046188301931657468268625996115606390378	0,-3,3,3,3,3,3,3,3,3,3,3	-4,-4,-4,3,3,3,3,3,3,3,3,3	ok
0.942943	12.552553	-57.104782	0.390993	continued:5	24739664234858138982047535273920704865888201889876711837493816699690678265963591165069870505023217046633362579621148489165328977987949899797415602900085081435628786567950676391780949633448253616219680559998014214784634910618447122667639804607217055610037222276897125660535867393387520758988742191975475097134159821776175469287214857624750265388130867415580412873925910271279382629434282479656095907178473638142326186864698341018602123575843883404208311798618679388046194707946385968872279636660172423920762823771748609336176990325713506490614247467311351878471253089939596514261196666267475682898634243267997762771930410142900670636074021557040670388399249983696339590262511488321191028111768834613450767960304634194103204964021206651325127942216552993232309024409773981445208472224816140189531426184277514710641013131770020359108910112128019299913823691282611701014232340732883865600476181870280726275194387402801503855938719103084135784125699331758447304174100662916368272903302513802856798570084277611879778879080212145328740890389648499777712421430896191193534265572221815036076756439395884113709392615027355023738528064344875445088345175077752097963287365502360501728721861871264146771144983017878987791307238289867143100882230742121151537844530086564208143061643455778229794092085420229731058689284540461501186678235815563986086565830620790111149098000606412282392689256759291158116353395682423606007851021712151732835068086266345152135212680004836782578335191363462684246101263251560183287966692782169604798574468442575570184726319656089128604169757718740160238738332030199740312957151397109627056013949606868951732631930927961456153850255989175674914011832117340911951923763124701406994501876933580741294706729735312812974497312229326744273562465266380112574918370130788954338771221946671883787992563938342955113947982189858884270572268525490641552605662429687688636382293270282687447583832024614212923499991182977325130781405299777536723715649521151038883344951348471157050374094695331424368067976016693867066139036143747044568058398936425797436626581998121222973468354181188292362115843788744611111294863190658627233037234569272194722156428455418542337353730623800190115608134795878073523611617660260758372927209704226485287253156869371170909218855769519912590578811047673538649805496740663736554572296432578672864793728905662640961697836964474104775554846975278272052863677872640011003	24739664234858138982047535273920704865888201889876711837493816699690678265963591165069870505023217046633362579621148489165328977987949899797415602900085081435628786567950676391780949633448253616219680559998014214784634910618447122667639804607217055610037222276897125660535867393387520758988742191975881454668757766456386039099618304136651166884285837894817315224103333988986022139294086321685154999346340705988103078279492809641656432950215478117816222205266648568411397418925046010008480574710698821954765024242012324702958840527170691397468834926110714722062344576291849261675828451121993701604115701508243628541371186781104664750453506678450990658685568877319368724842489366294600223726679557182485111500144011805314426535016123806594563159834704421627591278254098145543334614838595418659350735064119136615550909153916789982856517125346862661227399851506503677119661384586623759841225285653771144345770541906184539519104941031220044588169549394770200017461390905581925298086151522809307449802203222974575540394725875975613318942282656692285373790701768039928224139907689742983609684357165165999207726031406986345064845442052163822899745749684239296069717432693993739901942491195871247188184005657715557324715787468964623060658282699748340496206865605372436586070397727939308002786773406257199303380943930864942544541362099694143798665014159981291076426741521752789265368640593684634117809873247169966065789911558626022600729888277201643689641675452459069562508631492228721765370498937893043431497988216537706295785164432196057935490528663597621520778034290151070854816629426746125540833035727606516741355676577511359225189296292548229211189083998370260280090542803113716826454333586493978480241538453764023117135870306486868190579583638749543528287787983143040255708751029006941308429997433080718822734531156727166409700399126449488232655765908523538109059027659972391417586695558079006462758935754010444329600948762656764448062867805309855802889917915490930359558417669703746680662875377472240206717145818436374740163786447225207779656991347434454381456624432873034406069959063223124424548648585063412282925582908276089069079075949312780188260640797350892262486199410962058770676561051286324306601018157181978353068747811538127526306308937940842930452043500326163208978153413354707649983565218720121511676564439582142787669964393412352531196622177914611046188301931657468268625996115606390378	0,-3,3,3,3,3,3,3,3,3,3,3	-4,-4,-4,3,3,3,3,3,3,3,3,3	ok
0.946947	12.552553	-57.277084	0.389744	continued:5	24739664234858138982047535273920704865888201889876711837493816699690678265963591165069870505023217046633362579621148489165328977987949899797415602900085081435628786567950676391780949633448253616219680559998014214784634910618447122667639804607217055610037222276897125660535867393387520758988742191975475097134159821776175469287214857624750265388130867415580412873925910271279382629434282479656095907178473638142326186864698341018602123575843883404208311798618679388046194707946385968872279636660172423920762823771748609336176990325713506490614247467311351878471253089939596514261196666267475682898634243267997762771930410142900670636074021557040670388399249983696339590262511488321191028111768834613450767960304634194103204964021206651325127942216552993232309024409773981445208472224816140189531426184277514710641013131770020359108910112128019299913823691282611701014232340732883865600476181870280726275194387402801503855938719103084135784125699331758447304174100662916368272903302513802856798570084277611879778879080212145328740890389648499777712421430896191193534265572221815036076756439395884113709392615027355023738528064344875445088345175077752097963287365502360501728721861871264146771144983017878987791307238289867143100882230742121151537844530086564208143061643455778229794092085420229731058689284540461501186678235815563986086565830620790111149098000606412282392689256759291158116353395682423606007851021712151732835068086266345152135212680004836782578335191363462684246101263251560183287966692782169604798574468442575570184726319656089128604169757718740160238738332030199740312957151397109627056013949606868951732631930927961456153850255989175674914011832117340911951923763124701406994501876933580741294706729735312812974497312229326744273562465266380112574918370130788954338771221946671883787992563938342955113947982189858884270572268525490641552605662429687688636382293270282687447583832024614212923499991182977325130781405299777536723715649521151038883344951348471157050374094695331424368067976016693867066139036143747044568058398936425797436626581998121222973468354181188292362115843788744611111294863190658627233037234569272194722156428455418542337353730623800190115608134795878073523611617660260758372927209704226485287253156869371170909218855769519912590578811047673538649805496740663736554572296432578672864793728905662640961697836964474104775554846975278272052863677872640011003	24739664234858138982047535273920704865888201889876711837493816699690678265963591165069870505023217046633362579621148489165328977987949899797415602900085081435628786567950676391780949633448253616219680559998014214784634910618447122667639804607217055610037222276897125660535867393387520758988742191975881454668757766456386039099618304136651166884285837894817315224103333988986022139294086321685154999346340705988103078279492809641656432950215478117816222205266648568411397418925046010008480574710698821954765024242012324702958840527170691397468834926110714722062344576291849261675828451121993701604115701508243628541371186781104664750453506678450990658685568877319368724842489366294600223726679557182485111500144011805314426535016123806594563159834704421627591278254098145543334614838595418659350735064119136615550909153916789982856517125346862661227399851506503677119661384586623759841225285653771144345770541906184539519104941031220044588169549394770200017461390905581925298086151522809307449802203222974575540394725875975613318942282656692285373790701768039928224139907689742983609684357165165999207726031406986345064845442052163822899745749684239296069717432693993739901942491195871247188184005657715557324715787468964623060658282699748340496206865605372436586070397727939308002786773406257199303380943930864942544541362099694143798665014159981291076426741521752789265368640593684634117809873247169966065789911558626022600729888277201643689641675452459069562508631492228721765370498937893043431497988216537706295785164432196057935490528663597621520778034290151070854816629426746125540833035727606516741355676577511359225189296292548229211189083998370260280090542803113716826454333586493978480241538453764023117135870306486868190579583638749543528287787983143040255708751029006941308429997433080718822734531156727166409700399126449488232655765908523538109059027659972391417586695558079006462758935754010444329600948762656764448062867805309855802889917915490930359558417669703746680662875377472240206717145818436374740163786447225207779656991347434454381456624432873034406069959063223124424548648585063412282925582908276089069079075949312780188260640797350892262486199410962058770676561051286324306601018157181978353068747811538127526306308937940842930452043500326163208978153413354707649983565218720121511676564439582142787669964393412352531196622177914611046188301931657468268625996115606390378	0,-3,3,3,3,3,3,3,3,3,3,3	-4,-4,-4,3,3,3,3,3,3,3,3,3	ok
0.950951	12.552553	-57.434299	0.389036	continued:5	24739664234858138982047535273920704865888201889876711837493816699690678265963591165069870505023217046633362579621148489165328977987949899797415602900085081435628786567950676391780949633448253616219680559998014214784634910618447122667639804607217055610037222276897125660535867393387520758988742191975475097134159821776175469287214857624750265388130867415580412873925910271279382629434282479656095907178473638142326186864698341018602123575843883404208311798618679388046194707946385968872279636660172423920762823771748609336176990325713506490614247467311351878471253089939596514261196666267475682898634243267997762771930410142900670636074021557040670388399249983696339590262511488321191028111768834613450767960304634194103204964021206651325127942216552993232309024409773981445208472224816140189531426184277514710641013131770020359108910112128019299913823691282611701014232340732883865600476181870280726275194387402801503855938719103084135784125699331758447304174100662916368272903302513802856798570084277611879778879080212145328740890389648499777712421430896191193534265572221815036076756439395884113709392615027355023738528064344875445088345175077752097963287365502360501728721861871264146771144983017878987791307238289867143100882230742121151537844530086564208143061643455778229794092085420229731058689284540461501186678235815563986086565830620790111149098000606412282392689256759291158116353395682423606007851021712151732835068086266345152135212680004836782578335191363462684246101263251560183287966692782169604798574468442575570184726319656089128604169757718740160238738332030199740312957151397109627056013949606868951732631930927961456153850255989175674914011832117340911951923763124701406994501876933580741294706729735312812974497312229326744273562465266380112574918370130788954338771221946671883787992563938342955113947982189858884270572268525490641552605662429687688636382293270282687447583832024614212923499991182977325130781405299777536723715649521151038883344951348471157050374094695331424368067976016693867066139036143747044568058398936425797436626581998121222973468354181188292362115843788744611111294863190658627233037234569272194722156428455418542337353730623800190115608134795878073523611617660260758372927209704226485287253156869371170909218855769519912590578811047673538649805496740663736554572296432578672864793728905662640961697836964474104775554846975278272052863677872640011003	24739664234858138982047535273920704865888201889876711837493816699690678265963591165069870505023217046633362579621148489165328977987949899797415602900085081435628786567950676391780949633448253616219680559998014214784634910618447122667639804607217055610037222276897125660535867393387520758988742191975881454668757766456386039099618304136651166884285837894817315224103333988986022139294086321685154999346340705988103078279492809641656432950215478117816222205266648568411397418925046010008480574710698821954765024242012324702958840527170691397468834926110714722062344576291849261675828451121993701604115701508243628541371186781104664750453506678450990658685568877319368724842489366294600223726679557182485111500144011805314426535016123806594563159834704421627591278254098145543334614838595418659350735064119136615550909153916789982856517125346862661227399851506503677119661384586623759841225285653771144345770541906184539519104941031220044588169549394770200017461390905581925298086151522809307449802203222974575540394725875975613318942282656692285373790701768039928224139907689742983609684357165165999207726031406986345064845442052163822899745749684239296069717432693993739901942491195871247188184005657715557324715787468964623060658282699748340496206865605372436586070397727939308002786773406257199303380943930864942544541362099694143798665014159981291076426741521752789265368640593684634117809873247169966065789911558626022600729888277201643689641675452459069562508631492228721765370498937893043431497988216537706295785164432196057935490528663597621520778034290151070854816629426746125540833035727606516741355676577511359225189296292548229211189083998370260280090542803113716826454333586493978480241538453764023117135870306486868190579583638749543528287787983143040255708751029006941308429997433080718822734531156727166409700399126449488232655765908523538109059027659972391417586695558079006462758935754010444329600948762656764448062867805309855802889917915490930359558417669703746680662875377472240206717145818436374740163786447225207779656991347434454381456624432873034406069959063223124424548648585063412282925582908276089069079075949312780188260640797350892262486199410962058770676561051286324306601018157181978353068747811538127526306308937940842930452043500326163208978153413354707649983565218720121511676564439582142787669964393412352531196622177914611046188301931657468268625996115606390378	0,-3,3,3,3,3,3,3,3,3,3,3	-4,-4,-4,3,3,3,3,3,3,3,3,3	ok
0.954955	12.552553	-57.572629	0.388662	full	24739664234858138982047535273920704865888201889876711837493816699690678265963591165069870505023217046633362579621148489165328977987949899797415602900085081435628786567950676391780949633448253616219680559998014214784634910618447122667639804607217055610037222276897125660535867393387520758988742191975475097134159821776175469287214857624750265388130867415580412873925910271279382629434282479656095907178473638142326186864698341018602123575843883404208311798618679388046194707946385968872279636660172423920762823771748609336176990325713506490614247467311351878471253089939596514261196666267475682898634243267997762771930410142900670636074021557040670388399249983696339590262511488321191028111768834613450767960304634194103204964021206651325127942216552993232309024409773981445208472224816140189531426184277514710641013131770020359108910112128019299913823691282611701014232340732883865600476181870280726275194387402801503855938719103084135784125699331758447304174100662916368272903302513802856798570084277611879778879080212145328740890389648499777712421430896191193534265572221815036076756439395884113709392615027355023738528064344875445088345175077752097963287365502360501728721861871264146771144983017878987791307238289867143100882230742121151537844530086564208143061643455778229794092085420229731058689284540461501186678235815563986086565830620790111149098000606412282392689256759291158116353395682423606007851021712151732835068086266345152135212680004836782578335191363462684246101263251560183287966692782169604798574468442575570184726319656089128604169757718740160238738332030199740312957151397109627056013949606868951732631930927961456153850255989175674914011832117340911951923763124701406994501876933580741294706729735312812974497312229326744273562465266380112574918370130788954338771221946671883787992563938342955113947982189858884270572268525490641552605662429687688636382293270282687447583832024614212923499991182977325130781405299777536723715649521151038883344951348471157050374094695331424368067976016693867066139036143747044568058398936425797436626581998121222973468354181188292362115843788744611111294863190658627233037234569272194722156428455418542337353730623800190115608134795878073523611617660260758372927209704226485287253156869371170909218855769519912590578811047673538649805496740663736554572296432578672864793728905662640961697836964474104775554846975278272052863677872640011003	24739664234858138982047535273920704865888201889876711837493816699690678265963591165069870505023217046633362579621148489165328977987949899797415602900085081435628786567950676391780949633448253616219680559998014214784634910618447122667639804607217055610037222276897125660535867393387520758988742191975881454668757766456386039099618304136651166884285837894817315224103333988986022139294086321685154999346340705988103078279492809641656432950215478117816222205266648568411397418925046010008480574710698821954765024242012324702958840527170691397468834926110714722062344576291849261675828451121993701604115701508243628541371186781104664750453506678450990658685568877319368724842489366294600223726679557182485111500144011805314426535016123806594563159834704421627591278254098145543334614838595418659350735064119136615550909153916789982856517125346862661227399851506503677119661384586623759841225285653771144345770541906184539519104941031220044588169549394770200017461390905581925298086151522809307449802203222974575540394725875975613318942282656692285373790701768039928224139907689742983609684357165165999207726031406986345064845442052163822899745749684239296069717432693993739901942491195871247188184005657715557324715787468964623060658282699748340496206865605372436586070397727939308002786773406257199303380943930864942544541362099694143798665014159981291076426741521752789265368640593684634117809873247169966065789911558626022600729888277201643689641675452459069562508631492228721765370498937893043431497988216537706295785164432196057935490528663597621520778034290151070854816629426746125540833035727606516741355676577511359225189296292548229211189083998370260280090542803113716826454333586493978480241538453764023117135870306486868190579583638749543528287787983143040255708751029006941308429997433080718822734531156727166409700399126449488232655765908523538109059027659972391417586695558079006462758935754010444329600948762656764448062867805309855802889917915490930359558417669703746680662875377472240206717145818436374740163786447225207779656991347434454381456624432873034406069959063223124424548648585063412282925582908276089069079075949312780188260640797350892262486199410962058770676561051286324306601018157181978353068747811538127526306308937940842930452043500326163208978153413354707649983565218720121511676564439582142787669964393412352531196622177914611046188301931657468268625996115606390378	0,-3,3,3,3,3,3,3,3,3,3,3	-4,-4,-4,3,3,3,3,3,3,3,3,3	ok
0.958959	12.552553	-18.819020	0.374599	continued:5	24739664234858138982047535273920704865888201889876711837493816699690678265963591165069870505023217046633362579621148489165328977987949899797415602900486143006268665268678106964453841999524106595607605727243377372487650564782802452333008206763043514220470865892407412103036806892083064510289504814600080741268157165354063032161189525829409088498985531970815025159686244986955270210405434697787650037103444327391942508501376229453985083037857645944890272090078718974473418025044221755928344004123983175888817859152476099625581493080234216246769749121423440316080188755726314866454849365625903310727411127889898194381660787032015151698715736677481139420851742750719529547539689342907032684848982153429642503545479758778195831115174999007304520947563003595490867019874169994914300124258307833187901988179428014704959954258008163520937529812950909650540738739709363910934624816250948310905870516490152323845654698835235607375139145151252300518952681249670519366224367191080941950960612430590599784107574388270912656395965864142364667984575546882550050402798003370469155776659862256338059002106715868920421959433223756311341506694462249246973686264750035944554027554964157670321252914659435234646443493677683597745405971141225539474137172699883423005413138177182630992270091780616069575556620632114862474028755630107263022823486452810582479861484178386084401732841472850038162089857730565405969047435643920136439634336604016728923871833481559806979683137755206220799504109663331208514413464430418551053706989442470258202310367381155045766426374273253898576206837490031074086028221393484536720474016085653508931383903513694137058764136569652465772117298842821928522143333156039359822831589477971662862806772542865053653268812787194981044774561432027631927740266279297127218941745071346551870491710228931443732125082669073300133305333557226381450558628803418742838780575592664663498499732751742981131906329221811915572836440111786562018495581399857715929689574591275483205964204612337157102215690145590491757373012687396302905949244185968504318632423096835739322206969511655795900949956880726578854591280830716907776049686818330424314656174016109138495605656679904045914457526289307375818001406305017117144535218152699191238593044812519708769054010738927750601064808233841054319348937955463320904378159806803983217193136649028784818187695263085809235629577995855098293430968673291470193274242954506200738	24739664234858138982047535273920704865888201889876711837493816699690678265963591165069870505023217046633362579621148489165328977987949899797415602900085081435628786567950676391780949633448253616219680559998014214784634910618447122667639804607217055610037222276897125660535867393387520758988742191975881454668757766456386039099618304136651166884285837894817315224103333988986022139294086321685154999346340705988103078279492809641656432950215478117816222205266648568411397418925046010008480574710698821954765024242012324702958840527170691397468834926110714722062344576291849261675828451121993701604115701508243628541371186781104664750453506678450990658685568877319368724842489366294600223726679557182485111500144011805314426535016123806594563159834704421627591278254098145543334614838595418659350735064119136615550909153916789982856517125346862661227399851506503677119661384586623759841225285653771144345770541906184539519104941031220044588169549394770200017461390905581925298086151522809307449802203222974575540394725875975613318942282656692285373790701768039928224139907689742983609684357165165999207726031406986345064845442052163822899745749684239296069717432693993739901942491195871247188184005657715557324715787468964623060658282699748340496206865605372436586070397727939308002786773406257199303380943930864942544541362099694143798665014159981291076426741521752789265368640593684634117809873247169966065789911558626022600729888277201643689641675452459069562508631492228721765370498937893043431497988216537706295785164432196057935490528663597621520778034290151070854816629426746125540833035727606516741355676577511359225189296292548229211189083998370260280090542803113716826454333586493978480241538453764023117135870306486868190579583638749543528287787983143040255708751029006941308429997433080718822734531156727166409700399126449488232655765908523538109059027659972391417586695558079006462758935754010444329600948762656764448062867805309855802889917915490930359558417669703746680662875377472240206717145818436374740163786447225207779656991347434454381456624432873034406069959063223124424548648585063412282925582908276089069079075949312780188260640797350892262486199410962058770676561051286324306601018157181978353068747811538127526306308937940842930452043500326163208978153413354707649983565218720121511676564439582142787669964393412352531196622177914611046188301931657468268625996115606390378	-2,-4,-4,-4,3,3,3,3,3,3,3,3	-4,-4,-4,3,3,3,3,3,3,3,3,3	ok
0.962963	12.552553	-47.015181	0.377392	continued:5	24739664234858138982047535273920704865888201889876711837493816699690678265963591165069870505023217046633362579621148489165328977987949899797415602900486143006268665268678106964453841999524106595607605727243377372487650564782802452333008206763043514220470865892407412103036806892083064510289504814600080741268157165354063032161189525829409088498985531970815025159686244986955270210405434697787650037103444327391942508501376229453985083037857645944890272090078718974473418025044221755928344004123983175888817859152476099625581493080234216246769749121423440316080188755726314866454849365625903310727411127889898194381660787032015151698715736677481139420851742750719529547539689342907032684848982153429642503545479758778195831115174999007304520947563003595490867019874169994914300124258307833187901988179428014704959954258008163520937529812950909650540738739709363910934624816250948310905870516490152323845654698835235607375139145151252300518952681249670519366224367191080941950960612430590599784107574388270912656395965864142364667984575546882550050402798003370469155776659862256338059002106715868920421959433223756311341506694462249246973686264750035944554027554964157670321252914659435234646443493677683597745405971141225539474137172699883423005413138177182630992270091780616069575556620632114862474028755630107263022823486452810582479861484178386084401732841472850038162089857730565405969047435643920136439634336604016728923871833481559806979683137755206220799504109663331208514413464430418551053706989442470258202310367381155045766426374273253898576206837490031074086028221393484536720474016085653508931383903513694137058764136569652465772117298842821928522143333156039359822831589477971662862806772542865053653268812787194981044774561432027631927740266279297127218941745071346551870491710228931443732125082669073300133305333557226381450558628803418742838780575592664663498499732751742981131906329221811915572836440111786562018495581399857715929689574591275483205964204612337157102215690145590491757373012687396302905949244185968504318632423096835739322206969511655795900949956880726578854591280830716907776049686818330424314656174016109138495605656679904045914457526289307375818001406305017117144535218152699191238593044812519708769054010738927750601064808233841054319348937955463320904378159806803983217193136649028784818187695263085809235629577995855098293430968673291470193274242954506200738	24739664234858138982047535273920704865888201889876711837493816699690678265963591165069870505023217046633362579621148489165328977987949899797415602900085081435628786567950676391780949633448253616219680559998014214784634910618447122667639804607217055610037222276897125660535867393387520758988742191975881454668757766456386039099618304136651166884285837894817315224103333988986022139294086321685154999346340705988103078279492809641656432950215478117816222205266648568411397418925046010008480574710698821954765024242012324702958840527170691397468834926110714722062344576291849261675828451121993701604115701508243628541371186781104664750453506678450990658685568877319368724842489366294600223726679557182485111500144011805314426535016123806594563159834704421627591278254098145543334614838595418659350735064119136615550909153916789982856517125346862661227399851506503677119661384586623759841225285653771144345770541906184539519104941031220044588169549394770200017461390905581925298086151522809307449802203222974575540394725875975613318942282656692285373790701768039928224139907689742983609684357165165999207726031406986345064845442052163822899745749684239296069717432693993739901942491195871247188184005657715557324715787468964623060658282699748340496206865605372436586070397727939308002786773406257199303380943930864942544541362099694143798665014159981291076426741521752789265368640593684634117809873247169966065789911558626022600729888277201643689641675452459069562508631492228721765370498937893043431497988216537706295785164432196057935490528663597621520778034290151070854816629426746125540833035727606516741355676577511359225189296292548229211189083998370260280090542803113716826454333586493978480241538453764023117135870306486868190579583638749543528287787983143040255708751029006941308429997433080718822734531156727166409700399126449488232655765908523538109059027659972391417586695558079006462758935754010444329600948762656764448062867805309855802889917915490930359558417669703746680662875377472240206717145818436374740163786447225207779656991347434454381456624432873034406069959063223124424548648585063412282925582908276089069079075949312780188260640797350892262486199410962058770676561051286324306601018157181978353068747811538127526306308937940842930452043500326163208978153413354707649983565218720121511676564439582142787669964393412352531196622177914611046188301931657468268625996115606390378	-2,-4,-4,-4,3,3,3,3,3,3,3,3	-4,-4,-4,3,3,3,3,3,3,3,3,3	ok
0.966967	12.552553	-50.954865	0.380185	continued:5	24739664234858138982047535273920704865888201889876711837493816699690678265963591165069870505023217046633362579621148489165328977987949899797415602900486143006268665268678106964453841999524106595607605727243377372487650564782802452333008206763043514220470865892407412103036806892083064510289504814600080741268157165354063032161189525829409088498985531970815025159686244986955270210405434697787650037103444327391942508501376229453985083037857645944890272090078718974473418025044221755928344004123983175888817859152476099625581493080234216246769749121423440316080188755726314866454849365625903310727411127889898194381660787032015151698715736677481139420851742750719529547539689342907032684848982153429642503545479758778195831115174999007304520947563003595490867019874169994914300124258307833187901988179428014704959954258008163520937529812950909650540738739709363910934624816250948310905870516490152323845654698835235607375139145151252300518952681249670519366224367191080941950960612430590599784107574388270912656395965864142364667984575546882550050402798003370469155776659862256338059002106715868920421959433223756311341506694462249246973686264750035944554027554964157670321252914659435234646443493670649443320763569393771211014635255250197768479072848942888802904343116166917267274303616645213633258901986934724608102196030566705447199709448848685232091527603953601719852178627896858736075978945818005174493541245870668987929539886645630097678757555544087307337036790434872459172290673698254378844314669452090116179632825192549044579465458111330616555979307251114857149361512116613974709257803359966534656492138218227074841157122375658584060220213022165525332776358629866966288227440625112970679311294012527786937908438788933269152027795727358098149081262309340910027752904780906837503037034324409444406146090624109088924403412096630561891955737242725345322413905726693248195866969791271654695936200328092484246227965825976504945539852784819301024178852444474692192548534126035186023469676002246932424139429748139392521639625101928395106984770436581308351058934055769118232799233408278107027273366695989329209154343877618868661991020975405689106246189336127463396267701412847679116589549251870270844396113558907834058707172256761029888361534374786347487608401449988351944244856780417097985589797080224364751671572412939040572871214031862581112931261011457520216214875551266994707924276208437578826	24739664234858138982047535273920704865888201889876711837493816699690678265963591165069870505023217046633362579621148489165328977987949899797415602900085081435628786567950676391780949633448253616219680559998014214784634910618447122667639804607217055610037222276897125660535867393387520758988742191975881454668757766456386039099618304136651166884285837894817315224103333988986022139294086321685154999346340705988103078279492809641656432950215478117816222205266648568411397418925046010008480574710698821954765024242012324702958840527170691397468834926110714722062344576291849261675828451121993701604115701508243628541371186781104664750453506678450990658685568877319368724842489366294600223726679557182485111500144011805314426535016123806594563159834704421627591278254098145543334614838595418659350735064119136615550909153916789982856517125346862661227399851506503677119661384586623759841225285653771144345770541906184539519104941031220044588169549394770200017461390905581925298086151522809307449802203222974575540394725875975613318942282656692285373790701768039928224139907689742983609684357165165999207726031406986345064845442052163822899745749684239296069717432693993739901942491195871247188184005657715557324715787468964623060658282699748340496206865605372436586070397727939308002786773406257199303380943930864942544541362099694143798665014159981291076426741521752789265368640593684634117809873247169966065789911558626022600729888277201643689641675452459069562508631492228721765370498937893043431497988216537706295785164432196057935490528663597621520778034290151070854816629426746125540833035727606516741355676577511359225189296292548229211189083998370260280090542803113716826454333586493978480241538453764023117135870306486868190579583638749543528287787983143040255708751029006941308429997433080718822734531156727166409700399126449488232655765908523538109059027659972391417586695558079006462758935754010444329600948762656764448062867805309855802889917915490930359558417669703746680662875377472240206717145818436374740163786447225207779656991347434454381456624432873034406069959063223124424548648585063412282925582908276089069079075949312780188260640797350892262486199410962058770676561051286324306601018157181978353068747811538127526306308937940842930452043500326163208978153413354707649983565218720121511676564439582142787669964393412352531196622177914611046188301931657468268625996115606390378	1,-4,-4,-4,3,3,3,3,3,3,3,3	-4,-4,-4,3,3,3,3,3,3,3,3,3	ok
0.970971	12.552553	-53.371040	0.380225	continued:5	24739664234858138982047535273920704865888201889876711837493816699690678265963591165069870505023217046633362579621148489165328977987949899797415602900085081435628786567950676391780949633448253616219680559998014214784634910618447122667639804607217055610037222276897125660535867393387520758988742191975475097134159821776175469287214857624750265388130867415580412873925910271279382629434282479656095907178473638142326186864698341018602123575843883404208311798618679388046194707946385968872279636660172423920762823771748609336176990325713506490614247467311351878471253089939596514261196666267475682898635911908731494486904182965558798994916608466464004782386781525115550402067143147698500136991417807965993746533707493179716917949661657133802752099530380500629832889813766318693972247359960254936881029359545309059646697237241209564888106340558287762532356251637258398401846377922451692640383953053577384608293675046043906591724400907098081482508558109337883729893322775980233270148019416024194836854355986212330386751079897066437531206720139847788674454652536826169059736982479309839712946775980354134355139497105828903507866078114564099313317787443741699279748434354864282108704676095037950494415256286947674165215467011934336553759737348070667660729652527691915524397132869044793555135790945494632065951377818748685518516479034794485428017780031261929221756098004903764351710174074844549113456838125655876793700512133425260342617476046558297710108766178288887240737798673301869429288319632256269224724668118265584051039693265751490627862607736193791619996924278218459408639304584274718151680345670626647042637465459333318707082180800379032160407700099946372273650109970829696969322175580229736541987822471625057604097666274467304974823124064415536558817454629227310911087581946904520455445924560288173037899050385771129593893146284308657261004326107960933559964709592206298596961112903770872901440318443453171554758225380134568194504159026648154323501531880018861899217167303094558259573981342381830990525357646886212154509626273491764433578135680230268485973309763063753935018741388115359454941833970836305152734074505673796423449794831627213811331944435707956109414709408651771661558155162281828345864121923257396908138558521907693044066844381944344400836176940887335408175932108340927491158211920187826439457183894751945801208155053128226111876203662293316013857402850461225442249349855649160489	24739664234858138982047535273920704865888201889876711837493816699690678265963591165069870505023217046633362579621148489165328977987949899797415602900085081435628786567950676391780949633448253616219680559998014214784634910618447122667639804607217055610037222276897125660535867393387520758988742191975881454668757766456386039099618304136651166884285837894817315224103333988986022139294086321685154999346340705988103078279492809641656432950215478117816222205266648568411397418925046010008480574710698821954765024242012324702958840527170691397468834926110714722062344576291849261675828451121993701604115701508243628541371186781104664750453506678450990658685568877319368724842489366294600223726679557182485111500144011805314426535016123806594563159834704421627591278254098145543334614838595418659350735064119136615550909153916789982856517125346862661227399851506503677119661384586623759841225285653771144345770541906184539519104941031220044588169549394770200017461390905581925298086151522809307449802203222974575540394725875975613318942282656692285373790701768039928224139907689742983609684357165165999207726031406986345064845442052163822899745749684239296069717432693993739901942491195871247188184005657715557324715787468964623060658282699748340496206865605372436586070397727939308002786773406257199303380943930864942544541362099694143798665014159981291076426741521752789265368640593684634117809873247169966065789911558626022600729888277201643689641675452459069562508631492228721765370498937893043431497988216537706295785164432196057935490528663597621520778034290151070854816629426746125540833035727606516741355676577511359225189296292548229211189083998370260280090542803113716826454333586493978480241538453764023117135870306486868190579583638749543528287787983143040255708751029006941308429997433080718822734531156727166409700399126449488232655765908523538109059027659972391417586695558079006462758935754010444329600948762656764448062867805309855802889917915490930359558417669703746680662875377472240206717145818436374740163786447225207779656991347434454381456624432873034406069959063223124424548648585063412282925582908276089069079075949312780188260640797350892262486199410962058770676561051286324306601018157181978353068747811538127526306308937940842930452043500326163208978153413354707649983565218720121511676564439582142787669964393412352531196622177914611046188301931657468268625996115606390378	1,-4,3,3,3,3,3,3,3,3,3,3	-4,-4,-4,3,3,3,3,3,3,3,3,3	ok
0.974975	12.552553	-54.862809	0.382890	continued:5	24739664234858138982047535273920704865888201889876711837493816699690678265963591165069870505023217046633362579621148489165328977987949899797415602900085081435628786567950676391780949633448253616219680559998014214784634910618447122667639804607217055610037222276897125660535867393387520758988742191975475097134159821776175469287214857624750265388130867415580412873925910271279382629434282479656095907178473638142326186864698341018602123575843883404208311798618679388046194707946385968872279636660172423920762823771748609336176990325713506490614247467311351878471253089939596514261196666267475682898635077588364628629417296554229734815495315011752337585393015754405944996164827318009845582551593321289722257247006063686910061456841431892563940020873466746931070957111770150069590359792388197563206227771911411885143855184505614961998508226343153531223089971459935049708039359327667779120430067461929055441744031224422705223831560005091108633317128720548165517033711719448300771525660964913525817712220131912105082815080054605883136048554894173783193438041716508681297001277350562437894851607688119124032266056066591963623197071229719772200831481260746898621517899928612391918713268983151048632780119648896253765940151777173575597570025320253082336116946689981147789765900355562110523987436189411566954756946831913765892283629482126668117215787661175622538482371666841405595054624551275871666632475049764341931929868507018454948365774171910807496638367218687366613903751947086947394002612630474683257999387223688134848014104823955551645010680263372366206458226198558279883447844315148180302724249331888726196930807213187997142652942313186005148224878224024593537200103980637926868603500896185830904692094904758235554768415409124757267836161356776521732484146109863946926378105041694979170269733992817805415234240628485488200053302199364211031646323082439647263607276631895871769259044401451363766451126814443473134220489198884697731101960802990910300139680959518854832128513597114746389737973151315057975842081443516593123962467786526070102139874765749035637088432614260030772344792316488840415153698481155126035457741137680097748660410763036811870095293313414540437283852893333234643562710973384060038416228190613325616933189150517789061901654152308030489428549857055082465581427407486143000730202660813809057790100346399768338483335257539245860316494779637880208922066168766414992991208014608723526	24739664234858138982047535273920704865888201889876711837493816699690678265963591165069870505023217046633362579621148489165328977987949899797415602900085081435628786567950676391780949633448253616219680559998014214784634910618447122667639804607217055610037222276897125660535867393387520758988742191975881454668757766456386039099618304136651166884285837894817315224103333988986022139294086321685154999346340705988103078279492809641656432950215478117816222205266648568411397418925046010008480574710698821954765024242012324702958840527170691397468834926110714722062344576291849261675828451121993701604115701508243628541371186781104664750453506678450990658685568877319368724842489366294600223726679557182485111500144011805314426535016123806594563159834704421627591278254098145543334614838595418659350735064119136615550909153916789982856517125346862661227399851506503677119661384586623759841225285653771144345770541906184539519104941031220044588169549394770200017461390905581925298086151522809307449802203222974575540394725875975613318942282656692285373790701768039928224139907689742983609684357165165999207726031406986345064845442052163822899745749684239296069717432693993739901942491195871247188184005657715557324715787468964623060658282699748340496206865605372436586070397727939308002786773406257199303380943930864942544541362099694143798665014159981291076426741521752789265368640593684634117809873247169966065789911558626022600729888277201643689641675452459069562508631492228721765370498937893043431497988216537706295785164432196057935490528663597621520778034290151070854816629426746125540833035727606516741355676577511359225189296292548229211189083998370260280090542803113716826454333586493978480241538453764023117135870306486868190579583638749543528287787983143040255708751029006941308429997433080718822734531156727166409700399126449488232655765908523538109059027659972391417586695558079006462758935754010444329600948762656764448062867805309855802889917915490930359558417669703746680662875377472240206717145818436374740163786447225207779656991347434454381456624432873034406069959063223124424548648585063412282925582908276089069079075949312780188260640797350892262486199410962058770676561051286324306601018157181978353068747811538127526306308937940842930452043500326163208978153413354707649983565218720121511676564439582142787669964393412352531196622177914611046188301931657468268625996115606390378	1,3,3,3,3,3,3,3,3,3,3,3	-4,-4,-4,3,3,3,3,3,3,3,3,3	ok
0.978979	12.552553	-55.711460	0.383933	continued:5	24739664234858138982047535273920704865888201889876711837493816699690678265963591165069870505023217046633362579621148489165328977987949899797415602900085081435628786567950676391780949633448253616219680559998014214784634910618447122667639804607217055610037222276897125660535867393387520758988742191975475097134159821776175469287214857624750265388130867415580412873925910271279382629434282479656095907178473638142326186864698341018602123575843883404208311798618679388046194707946385968872279636660172423920762823771748609336176990325713506490614247467311351878471253089939596514261196666267475682898635077588364628629417296554229734815495315011752337585393015754405944996164827318009845582551593321289722257247006063686910061456841431892563940020873466746931070957111770150069590359792388197563206227771911411885143855184505614961998508226343153531223089971459935049708039359327667779120430067461929055441744031224422705223831560005091108633317128720548165517033711719448300771525660964913525817712220131912105082815080054605883136048554894173783193438041716508681297001277350562437894851607688119124032266056066591963623197071229719772200831481260746898621517899928612391918713268983151048632780119655930408190582553524627904057071942769938736862457235924274975877692875969260912825240440176312796169883715527296420812911085368231803397367822990876417832371726944474641149344806282859835563177758758315140869621665338558538229319788140992642348683078964438303205169238089677606281386970253341769254691973676747054001600056884371509167578247128910554017708455798400339763929792299326278161913247735847547901720607853014273297061169415154483166033077865097453650461838107532682052642437808745312631797604500447563344035980600655360681484274936965759099895773785743476559627847035998495623947412514142251410657373695628596507787826274803330499930271551011927848963095389998115464084361772602196582573023653623911344037727364227195594183603523434780747077500441651045950433605054450968920210102886398197382751252220063486096686194630712738899496659850907030285511459146924946136142303252814811401903979278425790228571196558652325907826618637862596663393079577711958009484587139118727133603578984775841831059511392904829664132579075616389269418347099007484820626482853352165533173315748528323140233506000037753936239379980930850327518548701251621213257545847129540580490183656973082502121819713680447958	24739664234858138982047535273920704865888201889876711837493816699690678265963591165069870505023217046633362579621148489165328977987949899797415602900085081435628786567950676391780949633448253616219680559998014214784634910618447122667639804607217055610037222276897125660535867393387520758988742191975881454668757766456386039099618304136651166884285837894817315224103333988986022139294086321685154999346340705988103078279492809641656432950215478117816222205266648568411397418925046010008480574710698821954765024242012324702958840527170691397468834926110714722062344576291849261675828451121993701604115701508243628541371186781104664750453506678450990658685568877319368724842489366294600223726679557182485111500144011805314426535016123806594563159834704421627591278254098145543334614838595418659350735064119136615550909153916789982856517125346862661227399851506503677119661384586623759841225285653771144345770541906184539519104941031220044588169549394770200017461390905581925298086151522809307449802203222974575540394725875975613318942282656692285373790701768039928224139907689742983609684357165165999207726031406986345064845442052163822899745749684239296069717432693993739901942491195871247188184005657715557324715787468964623060658282699748340496206865605372436586070397727939308002786773406257199303380943930864942544541362099694143798665014159981291076426741521752789265368640593684634117809873247169966065789911558626022600729888277201643689641675452459069562508631492228721765370498937893043431497988216537706295785164432196057935490528663597621520778034290151070854816629426746125540833035727606516741355676577511359225189296292548229211189083998370260280090542803113716826454333586493978480241538453764023117135870306486868190579583638749543528287787983143040255708751029006941308429997433080718822734531156727166409700399126449488232655765908523538109059027659972391417586695558079006462758935754010444329600948762656764448062867805309855802889917915490930359558417669703746680662875377472240206717145818436374740163786447225207779656991347434454381456624432873034406069959063223124424548648585063412282925582908276089069079075949312780188260640797350892262486199410962058770676561051286324306601018157181978353068747811538127526306308937940842930452043500326163208978153413354707649983565218720121511676564439582142787669964393412352531196622177914611046188301931657468268625996115606390378	-2,3,3,3,3,3,3,3,3,3,3,3	-4,-4,-4,3,3,3,3,3,3,3,3,3	ok
0.982983	12.552553	-56.268968	0.386726	continued:5	24739664234858138982047535273920704865888201889876711837493816699690678265963591165069870505023217046633362579621148489165328977987949899797415602900085081435628786567950676391780949633448253616219680559998014214784634910618447122667639804607217055610037222276897125660535867393387520758988742191975475097134159821776175469287214857624750265388130867415580412873925910271279382629434282479656095907178473638142326186864698341018602123575843883404208311798618679388046194707946385968872279636660172423920762823771748609336176990325713506490614247467311351878471253089939596514261196666267475682898634243267997762771930410142900670636074021557040670388399249983696339590262511488321191028111768834613450767960304634194103204964021206651325127942216552993232309024409773981445208472224816140189531426184277514710641013131770020359108910112128019299913823691282611701014232340732883865600476181870280726275194387402801503855938719103084135784125699331758447304174100662916368272903302513802856798570084277611879778879080212145328740890389648499777712421430896191193534265572221815036076756439395884113709392615027355023738528064344875445088345175077752097963287365502360501728721861871264146771144983031947296640592041784775800019886065641492460590525108555151864318915594683175834396598093394032189488942821931226811027933147587774256646869901280191701736876711161678753501269620222459085909443963099525203883234615375231899396976114204508821839302103496338655760866163648644002020869978497294355281351865688287443105746372563407485229861453387165504226670216918424279999702227998555936031335148205027270465593550886521504041448385131898412189466655271321395140535300371130422320001636949820370448712896124959396873241860118374019801793539389705219008385720618139171841417854119395987246126578989320538559034856755059996681376856412018519899505048937338787761955510027855260593609972988091097267749733347734926874556845009131920570144997205463242828264280937016833975074799294652994133048695677943095855844985209547100388238076034537966949078554643935019273292965899247271585754966290509481128157477252768933324977208963396210655270951416468761881216532138636782122216477804975619251580333113996430173121752591106571812378765531309876440917547264414674606316951393088742917011668878438211376711853154851382028281673726256260956132930462573949581187489512193015616025624546819772847791446568757715808	24739664234858138982047535273920704865888201889876711837493816699690678265963591165069870505023217046633362579621148489165328977987949899797415602900085081435628786567950676391780949633448253616219680559998014214784634910618447122667639804607217055610037222276897125660535867393387520758988742191975881454668757766456386039099618304136651166884285837894817315224103333988986022139294086321685154999346340705988103078279492809641656432950215478117816222205266648568411397418925046010008480574710698821954765024242012324702958840527170691397468834926110714722062344576291849261675828451121993701604115701508243628541371186781104664750453506678450990658685568877319368724842489366294600223726679557182485111500144011805314426535016123806594563159834704421627591278254098145543334614838595418659350735064119136615550909153916789982856517125346862661227399851506503677119661384586623759841225285653771144345770541906184539519104941031220044588169549394770200017461390905581925298086151522809307449802203222974575540394725875975613318942282656692285373790701768039928224139907689742983609684357165165999207726031406986345064845442052163822899745749684239296069717432693993739901942491195871247188184005657715557324715787468964623060658282699748340496206865605372436586070397727939308002786773406257199303380943930864942544541362099694143798665014159981291076426741521752789265368640593684634117809873247169966065789911558626022600729888277201643689641675452459069562508631492228721765370498937893043431497988216537706295785164432196057935490528663597621520778034290151070854816629426746125540833035727606516741355676577511359225189296292548229211189083998370260280090542803113716826454333586493978480241538453764023117135870306486868190579583638749543528287787983143040255708751029006941308429997433080718822734531156727166409700399126449488232655765908523538109059027659972391417586695558079006462758935754010444329600948762656764448062867805309855802889917915490930359558417669703746680662875377472240206717145818436374740163786447225207779656991347434454381456624432873034406069959063223124424548648585063412282925582908276089069079075949312780188260640797350892262486199410962058770676561051286324306601018157181978353068747811538127526306308937940842930452043500326163208978153413354707649983565218720121511676564439582142787669964393412352531196622177914611046188301931657468268625996115606390378	1,-3,3,3,3,3,3,3,3,3,3,3	-4,-4,-4,3,3,3,3,3,3,3,3,3	ok
0.986987	12.552553	-56.636469	0.385270	continued:5	24739664234858138982047535273920704865888201889876711837493816699690678265963591165069870505023217046633362579621148489165328977987949899797415602900085081435628786567950676391780949633448253616219680559998014214784634910618447122667639804607217055610037222276897125660535867393387520758988742191975475097134159821776175469287214857624750265388130867415580412873925910271279382629434282479656095907178473638142326186864698341018602123575843883404208311798618679388046194707946385968872279636660172423920762823771748609336176990325713506490614247467311351878471253089939596514261196666267475682898634243267997762771930410142900670636074021557040670388399249983696339590262511488321191028111768834613450767960304634194103204964021206651325127942216552993232309024409773981445208472224816140189531426184277514710641013131770020359108910112128019299913823691282611701014232340732883865600476181870280726275194387402801503855938719103084135784125699331758447304174100662916368272903302513802856798570084277611879778879080212145328740890389648499777712421430896191193534265572221815036076756439395884113709392615027355023738528064344875445088345175077752097963287365502360501728721861871264146771144983031947296640592041784775800019886065641492460590525108555151864318915594683175834396598093394032189488942821931226811027933147587774256646869901280191701736876711161678753501269620222459085909443963099525203883234615375231899396976114204508821839302103496338655760866163648644002020869978497294355281351865688287443105746372563407485229861453387165504226670216918424279999702227998555936031335148205027270465593550886521504041448385131898412189466655271321395140535300371130422320001636949820370448712896124959396873241860118374019801793539389705219008385720618139171841417854119395987246126578989320538559034856755059996681376856412018519899505048937338787761955510027855260593609972988091097267749733347734926874556845009131920570144997205463242828264280937016833975074799294652994133048695677943095855844985209547100388238076034537966949078554643935019273292965899247271585754966290509481128157477252768933324977208963396210655270951416468761881216532138636782122216477804975619251580333113996430173121752591106571812378765531309876440917547264414674606316951393088742917011668878438211376711853154851382028281673726256260956132930462573949581187489512193015616025624546819772847791446568757715808	24739664234858138982047535273920704865888201889876711837493816699690678265963591165069870505023217046633362579621148489165328977987949899797415602900085081435628786567950676391780949633448253616219680559998014214784634910618447122667639804607217055610037222276897125660535867393387520758988742191975881454668757766456386039099618304136651166884285837894817315224103333988986022139294086321685154999346340705988103078279492809641656432950215478117816222205266648568411397418925046010008480574710698821954765024242012324702958840527170691397468834926110714722062344576291849261675828451121993701604115701508243628541371186781104664750453506678450990658685568877319368724842489366294600223726679557182485111500144011805314426535016123806594563159834704421627591278254098145543334614838595418659350735064119136615550909153916789982856517125346862661227399851506503677119661384586623759841225285653771144345770541906184539519104941031220044588169549394770200017461390905581925298086151522809307449802203222974575540394725875975613318942282656692285373790701768039928224139907689742983609684357165165999207726031406986345064845442052163822899745749684239296069717432693993739901942491195871247188184005657715557324715787468964623060658282699748340496206865605372436586070397727939308002786773406257199303380943930864942544541362099694143798665014159981291076426741521752789265368640593684634117809873247169966065789911558626022600729888277201643689641675452459069562508631492228721765370498937893043431497988216537706295785164432196057935490528663597621520778034290151070854816629426746125540833035727606516741355676577511359225189296292548229211189083998370260280090542803113716826454333586493978480241538453764023117135870306486868190579583638749543528287787983143040255708751029006941308429997433080718822734531156727166409700399126449488232655765908523538109059027659972391417586695558079006462758935754010444329600948762656764448062867805309855802889917915490930359558417669703746680662875377472240206717145818436374740163786447225207779656991347434454381456624432873034406069959063223124424548648585063412282925582908276089069079075949312780188260640797350892262486199410962058770676561051286324306601018157181978353068747811538127526306308937940842930452043500326163208978153413354707649983565218720121511676564439582142787669964393412352531196622177914611046188301931657468268625996115606390378	1,-3,3,3,3,3,3,3,3,3,3,3	-4,-4,-4,3,3,3,3,3,3,3,3,3	ok
0.990991	12.552553	-56.940515	0.388064	continued:5	24739664234858138982047535273920704865888201889876711837493816699690678265963591165069870505023217046633362579621148489165328977987949899797415602900085081435628786567950676391780949633448253616219680559998014214784634910618447122667639804607217055610037222276897125660535867393387520758988742191975475097134159821776175469287214857624750265388130867415580412873925910271279382629434282479656095907178473638142326186864698341018602123575843883404208311798618679388046194707946385968872279636660172423920762823771748609336176990325713506490614247467311351878471253089939596514261196666267475682898634243267997762771930410142900670636074021557040670388399249983696339590262511488321191028111768834613450767960304634194103204964021206651325127942216552993232309024409773981445208472224816140189531426184277514710641013131770020359108910112128019299913823691282611701014232340732883865600476181870280726275194387402801503855938719103084135784125699331758447304174100662916368272903302513802856798570084277611879778879080212145328740890389648499777712421430896191193534265572221815036076756439395884113709392615027355023738528064344875445088345175077752097963287365502360501728721861871264146771144983017878987791307238289867143100882230742121151537844530086564208143061643455778229794092085420229731058689284540461501186678235815563986086565830620790111149098000606412282392689256759291158116353395682423606007851021712151732835068086266345152135212680004836782578335191363462684246101263251560183287966692782169604798574468442575570184726319656089128604169757718740160238738332030199740312957151397109627056013949606868951732631930927961456153850255989175674914011832117340911951923763124701406994501876933580741294706729735312812974497312229326744273562465266380112574918370130788954338771221946671883787992563938342955113947982189858884270572268525490641552605662429687688636382293270282687447583832024614212923499991182977325130781405299777536723715649521151038883344951348471157050374094695331424368067976016693867066139036143747044568058398936425797436626581998121222973468354181188292362115843788744611111294863190658627233037234569272194722156428455418542337353730623800190115608134795878073523611617660260758372927209704226485287253156869371170909218855769519912590578811047673538649805496740663736554572296432578672864793728905662640961697836964474104775554846975278272052863677872640011003	24739664234858138982047535273920704865888201889876711837493816699690678265963591165069870505023217046633362579621148489165328977987949899797415602900085081435628786567950676391780949633448253616219680559998014214784634910618447122667639804607217055610037222276897125660535867393387520758988742191975881454668757766456386039099618304136651166884285837894817315224103333988986022139294086321685154999346340705988103078279492809641656432950215478117816222205266648568411397418925046010008480574710698821954765024242012324702958840527170691397468834926110714722062344576291849261675828451121993701604115701508243628541371186781104664750453506678450990658685568877319368724842489366294600223726679557182485111500144011805314426535016123806594563159834704421627591278254098145543334614838595418659350735064119136615550909153916789982856517125346862661227399851506503677119661384586623759841225285653771144345770541906184539519104941031220044588169549394770200017461390905581925298086151522809307449802203222974575540394725875975613318942282656692285373790701768039928224139907689742983609684357165165999207726031406986345064845442052163822899745749684239296069717432693993739901942491195871247188184005657715557324715787468964623060658282699748340496206865605372436586070397727939308002786773406257199303380943930864942544541362099694143798665014159981291076426741521752789265368640593684634117809873247169966065789911558626022600729888277201643689641675452459069562508631492228721765370498937893043431497988216537706295785164432196057935490528663597621520778034290151070854816629426746125540833035727606516741355676577511359225189296292548229211189083998370260280090542803113716826454333586493978480241538453764023117135870306486868190579583638749543528287787983143040255708751029006941308429997433080718822734531156727166409700399126449488232655765908523538109059027659972391417586695558079006462758935754010444329600948762656764448062867805309855802889917915490930359558417669703746680662875377472240206717145818436374740163786447225207779656991347434454381456624432873034406069959063223124424548648585063412282925582908276089069079075949312780188260640797350892262486199410962058770676561051286324306601018157181978353068747811538127526306308937940842930452043500326163208978153413354707649983565218720121511676564439582142787669964393412352531196622177914611046188301931657468268625996115606390378	0,-3,3,3,3,3,3,3,3,3,3,3	-4,-4,-4,3,3,3,3,3,3,3,3,3	ok
0.994995	12.552553	-57.138359	0.386608	continued:5	24739664234858138982047535273920704865888201889876711837493816699690678265963591165069870505023217046633362579621148489165328977987949899797415602900085081435628786567950676391780949633448253616219680559998014214784634910618447122667639804607217055610037222276897125660535867393387520758988742191975475097134159821776175469287214857624750265388130867415580412873925910271279382629434282479656095907178473638142326186864698341018602123575843883404208311798618679388046194707946385968872279636660172423920762823771748609336176990325713506490614247467311351878471253089939596514261196666267475682898634243267997762771930410142900670636074021557040670388399249983696339590262511488321191028111768834613450767960304634194103204964021206651325127942216552993232309024409773981445208472224816140189531426184277514710641013131770020359108910112128019299913823691282611701014232340732883865600476181870280726275194387402801503855938719103084135784125699331758447304174100662916368272903302513802856798570084277611879778879080212145328740890389648499777712421430896191193534265572221815036076756439395884113709392615027355023738528064344875445088345175077752097963287365502360501728721861871264146771144983017878987791307238289867143100882230742121151537844530086564208143061643455778229794092085420229731058689284540461501186678235815563986086565830620790111149098000606412282392689256759291158116353395682423606007851021712151732835068086266345152135212680004836782578335191363462684246101263251560183287966692782169604798574468442575570184726319656089128604169757718740160238738332030199740312957151397109627056013949606868951732631930927961456153850255989175674914011832117340911951923763124701406994501876933580741294706729735312812974497312229326744273562465266380112574918370130788954338771221946671883787992563938342955113947982189858884270572268525490641552605662429687688636382293270282687447583832024614212923499991182977325130781405299777536723715649521151038883344951348471157050374094695331424368067976016693867066139036143747044568058398936425797436626581998121222973468354181188292362115843788744611111294863190658627233037234569272194722156428455418542337353730623800190115608134795878073523611617660260758372927209704226485287253156869371170909218855769519912590578811047673538649805496740663736554572296432578672864793728905662640961697836964474104775554846975278272052863677872640011003	24739664234858138982047535273920704865888201889876711837493816699690678265963591165069870505023217046633362579621148489165328977987949899797415602900085081435628786567950676391780949633448253616219680559998014214784634910618447122667639804607217055610037222276897125660535867393387520758988742191975881454668757766456386039099618304136651166884285837894817315224103333988986022139294086321685154999346340705988103078279492809641656432950215478117816222205266648568411397418925046010008480574710698821954765024242012324702958840527170691397468834926110714722062344576291849261675828451121993701604115701508243628541371186781104664750453506678450990658685568877319368724842489366294600223726679557182485111500144011805314426535016123806594563159834704421627591278254098145543334614838595418659350735064119136615550909153916789982856517125346862661227399851506503677119661384586623759841225285653771144345770541906184539519104941031220044588169549394770200017461390905581925298086151522809307449802203222974575540394725875975613318942282656692285373790701768039928224139907689742983609684357165165999207726031406986345064845442052163822899745749684239296069717432693993739901942491195871247188184005657715557324715787468964623060658282699748340496206865605372436586070397727939308002786773406257199303380943930864942544541362099694143798665014159981291076426741521752789265368640593684634117809873247169966065789911558626022600729888277201643689641675452459069562508631492228721765370498937893043431497988216537706295785164432196057935490528663597621520778034290151070854816629426746125540833035727606516741355676577511359225189296292548229211189083998370260280090542803113716826454333586493978480241538453764023117135870306486868190579583638749543528287787983143040255708751029006941308429997433080718822734531156727166409700399126449488232655765908523538109059027659972391417586695558079006462758935754010444329600948762656764448062867805309855802889917915490930359558417669703746680662875377472240206717145818436374740163786447225207779656991347434454381456624432873034406069959063223124424548648585063412282925582908276089069079075949312780188260640797350892262486199410962058770676561051286324306601018157181978353068747811538127526306308937940842930452043500326163208978153413354707649983565218720121511676564439582142787669964393412352531196622177914611046188301931657468268625996115606390378	0,-3,3,3,3,3,3,3,3,3,3,3	-4,-4,-4,3,3,3,3,3,3,3,3,3	ok
0.998999	12.552553	-57.318133	0.385565	continued:5	24739664234858138982047535273920704865888201889876711837493816699690678265963591165069870505023217046633362579621148489165328977987949899797415602900085081435628786567950676391780949633448253616219680559998014214784634910618447122667639804607217055610037222276897125660535867393387520758988742191975068739599561877095964899474811411112849363891975896936343510523748486553572743119574478637627036815010606570296549295449903872395547814201472288690600401391970710207680991996967725927736078698609646025886760623301484893969395140124256321583759660008511989034880161603587343766846564881412957664193160293911053689719871611206658254136486177528035354891056823026459759108803376077545672822455278492130859828000778122018153691828408316667205001432510625348125884164883415334966519317719185378082785331593140967376256695584243602161367686126845384020383644052654629863153066464232199193039312048411625270703565027294009280503808065293010982622804713767854158506623309929038203735321679564792427319617188020951211752787433130460033719261983851373319380201657407199848709012582912613704906685036256717321116920168000856161374231748601186011289321356118218105780932108146994275265423896553639163108822190106436893002091722728707854827809752135480921448315968638565233135880030577563694263226582265147390384493966640807026623655843733233913611380507752974100783454086178366533221329455173847851343225618383599461830464330840258525055763573189152402797927851702126308053137199485449627269634675335527424851866598536105443286533131924394440420421181133784881512062402037492855654043973486562751587461972556741299373875724202537838721254872419921757177605929856462924699938045426551754223144605647318895874562449891488062246240557054255520008699270528662167817014517908664401382127670318806295881990710100795086457906812740387512183231451425585460532630970050381645361781650176734180514303200133600969310467609024009423617375744374730385624915868795244817873697566366746373771383476125148948688683135867414306836267831116202065361712502209916833612456016038614338941794124694078994971303520350417437942584043095287777236500586038416659335253097316985423595662710567393178905403253511334532383378819417611586863985582104994948606947838421928146103045741581440787872544637202117863180426033174562139835432429372366052495291570663466979078725759572994667132071089295003252693999347765225770677113800700252474650	24739664234858138982047535273920704865888201889876711837493816699690678265963591165069870505023217046633362579621148489165328977987949899797415602900085081435628786567950676391780949633448253616219680559998014214784634910618447122667639804607217055610037222276897125660535867393387520758988742191975881454668757766456386039099618304136651166884285837894817315224103333988986022139294086321685154999346340705988103078279492809641656432950215478117816222205266648568411397418925046010008480574710698821954765024242012324702958840527170691397468834926110714722062344576291849261675828451121993701604115701508243628541371186781104664750453506678450990658685568877319368724842489366294600223726679557182485111500144011805314426535016123806594563159834704421627591278254098145543334614838595418659350735064119136615550909153916789982856517125346862661227399851506503677119661384586623759841225285653771144345770541906184539519104941031220044588169549394770200017461390905581925298086151522809307449802203222974575540394725875975613318942282656692285373790701768039928224139907689742983609684357165165999207726031406986345064845442052163822899745749684239296069717432693993739901942491195871247188184005657715557324715787468964623060658282699748340496206865605372436586070397727939308002786773406257199303380943930864942544541362099694143798665014159981291076426741521752789265368640593684634117809873247169966065789911558626022600729888277201643689641675452459069562508631492228721765370498937893043431497988216537706295785164432196057935490528663597621520778034290151070854816629426746125540833035727606516741355676577511359225189296292548229211189083998370260280090542803113716826454333586493978480241538453764023117135870306486868190579583638749543528287787983143040255708751029006941308429997433080718822734531156727166409700399126449488232655765908523538109059027659972391417586695558079006462758935754010444329600948762656764448062867805309855802889917915490930359558417669703746680662875377472240206717145818436374740163786447225207779656991347434454381456624432873034406069959063223124424548648585063412282925582908276089069079075949312780188260640797350892262486199410962058770676561051286324306601018157181978353068747811538127526306308937940842930452043500326163208978153413354707649983565218720121511676564439582142787669964393412352531196622177914611046188301931657468268625996115606390378	0,-3,-3,3,3,3,3,3,3,3,3,3	-4,-4,-4,3,3,3,3,3,3,3,3,3	ok
1.003003	12.552553	-57.479137	0.384857	continued:5	24739664234858138982047535273920704865888201889876711837493816699690678265963591165069870505023217046633362579621148489165328977987949899797415602900085081435628786567950676391780949633448253616219680559998014214784634910618447122667639804607217055610037222276897125660535867393387520758988742191975068739599561877095964899474811411112849363891975896936343510523748486553572743119574478637627036815010606570296549295449903872395547814201472288690600401391970710207680991996967725927736078698609646025886760623301484893969395140124256321583759660008511989034880161603587343766846564881412957664193160293911053689719871611206658254136486177528035354891056823026459759108803376077545672822455278492130859828000778122018153691828408316667205001432510625348125884164883415334966519317719185378082785331593140967376256695584243602161367686126845384020383644052654629863153066464232199193039312048411625270703565027294009280503808065293010982622804713767854158506623309929038203735321679564792427319617188020951211752787433130460033719261983851373319380201657407199848709012582912613704906685036256717321116920168000856161374231748601186011289321356118218105780932108146994275265423896553639163108822190106436893002091722728707854827809752135480921448315968638565233135880030577563694263226582265147390384493966640807026623655843733233913611380507752974100783454086178366533221329455173847851343225618383599461830464330840258525055763573189152402797927851702126308053137199485449627269634675335527424851866598536105443286533131924394440420421181133784881512062402037492855654043973486562751587461972556741299373875724202537838721254872419921757177605929856462924699938045426551754223144605647318895874562449891488062246240557054255520008699270528662167817014517908664401382127670318806295881990710100795086457906812740387512183231451425585460532630970050381645361781650176734180514303200133600969310467609024009423617375744374730385624915868795244817873697566366746373771383476125148948688683135867414306836267831116202065361712502209916833612456016038614338941794124694078994971303520350417437942584043095287777236500586038416659335253097316985423595662710567393178905403253511334532383378819417611586863985582104994948606947838421928146103045741581440787872544637202117863180426033174562139835432429372366052495291570663466979078725759572994667132071089295003252693999347765225770677113800700252474650	24739664234858138982047535273920704865888201889876711837493816699690678265963591165069870505023217046633362579621148489165328977987949899797415602900085081435628786567950676391780949633448253616219680559998014214784634910618447122667639804607217055610037222276897125660535867393387520758988742191975881454668757766456386039099618304136651166884285837894817315224103333988986022139294086321685154999346340705988103078279492809641656432950215478117816222205266648568411397418925046010008480574710698821954765024242012324702958840527170691397468834926110714722062344576291849261675828451121993701604115701508243628541371186781104664750453506678450990658685568877319368724842489366294600223726679557182485111500144011805314426535016123806594563159834704421627591278254098145543334614838595418659350735064119136615550909153916789982856517125346862661227399851506503677119661384586623759841225285653771144345770541906184539519104941031220044588169549394770200017461390905581925298086151522809307449802203222974575540394725875975613318942282656692285373790701768039928224139907689742983609684357165165999207726031406986345064845442052163822899745749684239296069717432693993739901942491195871247188184005657715557324715787468964623060658282699748340496206865605372436586070397727939308002786773406257199303380943930864942544541362099694143798665014159981291076426741521752789265368640593684634117809873247169966065789911558626022600729888277201643689641675452459069562508631492228721765370498937893043431497988216537706295785164432196057935490528663597621520778034290151070854816629426746125540833035727606516741355676577511359225189296292548229211189083998370260280090542803113716826454333586493978480241538453764023117135870306486868190579583638749543528287787983143040255708751029006941308429997433080718822734531156727166409700399126449488232655765908523538109059027659972391417586695558079006462758935754010444329600948762656764448062867805309855802889917915490930359558417669703746680662875377472240206717145818436374740163786447225207779656991347434454381456624432873034406069959063223124424548648585063412282925582908276089069079075949312780188260640797350892262486199410962058770676561051286324306601018157181978353068747811538127526306308937940842930452043500326163208978153413354707649983565218720121511676564439582142787669964393412352531196622177914611046188301931657468268625996115606390378	0,-3,-3,3,3,3,3,3,3,3,3,3	-4,-4,-4,3,3,3,3,3,3,3,3,3	ok
1.007007	12.552553	-57.621252	0.384483	full	24739664234858138982047535273920704865888201889876711837493816699690678265963591165069870505023217046633362579621148489165328977987949899797415602900085081435628786567950676391780949633448253616219680559998014214784634910618447122667639804607217055610037222276897125660535867393387520758988742191975068739599561877095964899474811411112849363891975896936343510523748486553572743119574478637627036815010606570296549295449903872395547814201472288690600401391970710207680991996967725927736078698609646025886760623301484893969395140124256321583759660008511989034880161603587343766846564881412957664193160293911053689719871611206658254136486177528035354891056823026459759108803376077545672822455278492130859828000778122018153691828408316667205001432510625348125884164883415334966519317719185378082785331593140967376256695584243602161367686126845384020383644052654629863153066464232199193039312048411625270703565027294009280503808065293010982622804713767854158506623309929038203735321679564792427319617188020951211752787433130460033719261983851373319380201657407199848709012582912613704906685036256717321116920168000856161374231748601186011289321356118218105780932108146994275265423896553639163108822190106436893002091722728707854827809752135480921448315968638565233135880030577563694263226582265147390384493966640807026623655843733233913611380507752974100783454086178366533221329455173847851343225618383599461830464330840258525055763573189152402797927851702126308053137199485449627269634675335527424851866598536105443286533131924394440420421181133784881512062402037492855654043973486562751587461972556741299373875724202537838721254872419921757177605929856462924699938045426551754223144605647318895874562449891488062246240557054255520008699270528662167817014517908664401382127670318806295881990710100795086457906812740387512183231451425585460532630970050381645361781650176734180514303200133600969310467609024009423617375744374730385624915868795244817873697566366746373771383476125148948688683135867414306836267831116202065361712502209916833612456016038614338941794124694078994971303520350417437942584043095287777236500586038416659335253097316985423595662710567393178905403253511334532383378819417611586863985582104994948606947838421928146103045741581440787872544637202117863180426033174562139835432429372366052495291570663466979078725759572994667132071089295003252693999347765225770677113800700252474650	24739664234858138982047535273920704865888201889876711837493816699690678265963591165069870505023217046633362579621148489165328977987949899797415602900085081435628786567950676391780949633448253616219680559998014214784634910618447122667639804607217055610037222276897125660535867393387520758988742191975881454668757766456386039099618304136651166884285837894817315224103333988986022139294086321685154999346340705988103078279492809641656432950215478117816222205266648568411397418925046010008480574710698821954765024242012324702958840527170691397468834926110714722062344576291849261675828451121993701604115701508243628541371186781104664750453506678450990658685568877319368724842489366294600223726679557182485111500144011805314426535016123806594563159834704421627591278254098145543334614838595418659350735064119136615550909153916789982856517125346862661227399851506503677119661384586623759841225285653771144345770541906184539519104941031220044588169549394770200017461390905581925298086151522809307449802203222974575540394725875975613318942282656692285373790701768039928224139907689742983609684357165165999207726031406986345064845442052163822899745749684239296069717432693993739901942491195871247188184005657715557324715787468964623060658282699748340496206865605372436586070397727939308002786773406257199303380943930864942544541362099694143798665014159981291076426741521752789265368640593684634117809873247169966065789911558626022600729888277201643689641675452459069562508631492228721765370498937893043431497988216537706295785164432196057935490528663597621520778034290151070854816629426746125540833035727606516741355676577511359225189296292548229211189083998370260280090542803113716826454333586493978480241538453764023117135870306486868190579583638749543528287787983143040255708751029006941308429997433080718822734531156727166409700399126449488232655765908523538109059027659972391417586695558079006462758935754010444329600948762656764448062867805309855802889917915490930359558417669703746680662875377472240206717145818436374740163786447225207779656991347434454381456624432873034406069959063223124424548648585063412282925582908276089069079075949312780188260640797350892262486199410962058770676561051286324306601018157181978353068747811538127526306308937940842930452043500326163208978153413354707649983565218720121511676564439582142787669964393412352531196622177914611046188301931657468268625996115606390378	0,-3,-3,3,3,3,3,3,3,3,3,3	-4,-4,-4,3,3,3,3,3,3,3,3,3	ok
1.011011	12.552553	-18.765680	0.372023	continued:5	24739664234858138982047535273920704865888201889876711837493816699690678265963591165069870505023217046633362579621148489165328977987949899797415602900486143006268665268678106964453841999524106595607605727243377372487650564782802452333008206763043514220470865892407412103036806892083064510289504814600080741268157165354063032161189525829409088498985531970815025159686244986955270210405434697787650037103444327391942508501376229453985083037857645944890272090078718974473418025044221755928344004123983175888817859152476099625581493080234216246769749121423440316080188755726314866454849365625903310727411127889898194381660787032015151698715736677481139420851742750719529547539689342907032684848982153429642503545479758778195831115174999007304520947563003595490867019874169994914300124258307833187901988179428014704959954258008163520937529812950909650540738739709363910934624816250948310905870516490152323845654698835235607375139145151252300518952681249670519366224367191080941950960612430590599784107574388270912656395965864142364667984575546882550050402798003370469155776659862256338059002106715868920421959433223756311341506694462249246973686264750035944554027554964157670321252914659435234646443493677683597745405971141225539474137172699883423005413138177182630992270091780616069575556620632114862474028755630107263022823486452810582479861484178386084401732841472850038162089857730565405969047435643920136439634336604016728923871833481559806979683137755206220799504109663331208514413464430418551053706989442470258202310367381155045766426374273253898576206837490031074086028221393484536720474016085653508931383903513694137058764136569652465772117298842821928522143333156039359822831589477971662862806772542865053653268812787194981044774561432027631927740266279297127218941745071346551870491710228931443732125082669073300133305333557226381450558628803418742838780575592664663498499732751742981131906329221811915572836440111786562018495581399857715929689574591275483205964204612337157102215690145590491757373012687396302905949244185968504318632423096835739322206969511655795900949956880726578854591280830716907776049686818330424314656174016109138495605656679904045914457526289307375818001406305017117144535218152699191238593044812519708769054010738927750601064808233841054319348937955463320904378159806803983217193136649028784818187695263085809235629577995855098293430968673291470193274242954506200738	24739664234858138982047535273920704865888201889876711837493816699690678265963591165069870505023217046633362579621148489165328977987949899797415602900085081435628786567950676391780949633448253616219680559998014214784634910618447122667639804607217055610037222276897125660535867393387520758988742191975881454668757766456386039099618304136651166884285837894817315224103333988986022139294086321685154999346340705988103078279492809641656432950215478117816222205266648568411397418925046010008480574710698821954765024242012324702958840527170691397468834926110714722062344576291849261675828451121993701604115701508243628541371186781104664750453506678450990658685568877319368724842489366294600223726679557182485111500144011805314426535016123806594563159834704421627591278254098145543334614838595418659350735064119136615550909153916789982856517125346862661227399851506503677119661384586623759841225285653771144345770541906184539519104941031220044588169549394770200017461390905581925298086151522809307449802203222974575540394725875975613318942282656692285373790701768039928224139907689742983609684357165165999207726031406986345064845442052163822899745749684239296069717432693993739901942491195871247188184005657715557324715787468964623060658282699748340496206865605372436586070397727939308002786773406257199303380943930864942544541362099694143798665014159981291076426741521752789265368640593684634117809873247169966065789911558626022600729888277201643689641675452459069562508631492228721765370498937893043431497988216537706295785164432196057935490528663597621520778034290151070854816629426746125540833035727606516741355676577511359225189296292548229211189083998370260280090542803113716826454333586493978480241538453764023117135870306486868190579583638749543528287787983143040255708751029006941308429997433080718822734531156727166409700399126449488232655765908523538109059027659972391417586695558079006462758935754010444329600948762656764448062867805309855802889917915490930359558417669703746680662875377472240206717145818436374740163786447225207779656991347434454381456624432873034406069959063223124424548648585063412282925582908276089069079075949312780188260640797350892262486199410962058770676561051286324306601018157181978353068747811538127526306308937940842930452043500326163208978153413354707649983565218720121511676564439582142787669964393412352531196622177914611046188301931657468268625996115606390378	-2,-4,-4,-4,3,3,3,3,3,3,3,3	-4,-4,-4,3,3,3,3,3,3,3,3,3	ok
1.015015	12.552553	-46.527158	0.374817	continued:5	24739664234858138982047535273920704865888201889876711837493816699690678265963591165069870505023217046633362579621148489165328977987949899797415602900486143006268665268678106964453841999524106595607605727243377372487650564782802452333008206763043514220470865892407412103036806892083064510289504814600080741268157165354063032161189525829409088498985531970815025159686244986955270210405434697787650037103444327391942508501376229453985083037857645944890272090078718974473418025044221755928344004123983175888817859152476099625581493080234216246769749121423440316080188755726314866454849365625903310727411127889898194381660787032015151698715736677481139420851742750719529547539689342907032684848982153429642503545479758778195831115174999007304520947563003595490867019874169994914300124258307833187901988179428014704959954258008163520937529812950909650540738739709363910934624816250948310905870516490152323845654698835235607375139145151252300518952681249670519366224367191080941950960612430590599784107574388270912656395965864142364667984575546882550050402798003370469155776659862256338059002106715868920421959433223756311341506694462249246973686264750035944554027554964157670321252914659435234646443493677683597745405971141225539474137172699883423005413138177182630992270091780616069575556620632114862474028755630107263022823486452810582479861484178386084401732841472850038162089857730565405969047435643920136439634336604016728923871833481559806979683137755206220799504109663331208514413464430418551053706989442470258202310367381155045766426374273253898576206837490031074086028221393484536720474016085653508931383903513694137058764136569652465772117298842821928522143333156039359822831589477971662862806772542865053653268812787194981044774561432027631927740266279297127218941745071346551870491710228931443732125082669073300133305333557226381450558628803418742838780575592664663498499732751742981131906329221811915572836440111786562018495581399857715929689574591275483205964204612337157102215690145590491757373012687396302905949244185968504318632423096835739322206969511655795900949956880726578854591280830716907776049686818330424314656174016109138495605656679904045914457526289307375818001406305017117144535218152699191238593044812519708769054010738927750601064808233841054319348937955463320904378159806803983217193136649028784818187695263085809235629577995855098293430968673291470193274242954506200738	24739664234858138982047535273920704865888201889876711837493816699690678265963591165069870505023217046633362579621148489165328977987949899797415602900085081435628786567950676391780949633448253616219680559998014214784634910618447122667639804607217055610037222276897125660535867393387520758988742191975881454668757766456386039099618304136651166884285837894817315224103333988986022139294086321685154999346340705988103078279492809641656432950215478117816222205266648568411397418925046010008480574710698821954765024242012324702958840527170691397468834926110714722062344576291849261675828451121993701604115701508243628541371186781104664750453506678450990658685568877319368724842489366294600223726679557182485111500144011805314426535016123806594563159834704421627591278254098145543334614838595418659350735064119136615550909153916789982856517125346862661227399851506503677119661384586623759841225285653771144345770541906184539519104941031220044588169549394770200017461390905581925298086151522809307449802203222974575540394725875975613318942282656692285373790701768039928224139907689742983609684357165165999207726031406986345064845442052163822899745749684239296069717432693993739901942491195871247188184005657715557324715787468964623060658282699748340496206865605372436586070397727939308002786773406257199303380943930864942544541362099694143798665014159981291076426741521752789265368640593684634117809873247169966065789911558626022600729888277201643689641675452459069562508631492228721765370498937893043431497988216537706295785164432196057935490528663597621520778034290151070854816629426746125540833035727606516741355676577511359225189296292548229211189083998370260280090542803113716826454333586493978480241538453764023117135870306486868190579583638749543528287787983143040255708751029006941308429997433080718822734531156727166409700399126449488232655765908523538109059027659972391417586695558079006462758935754010444329600948762656764448062867805309855802889917915490930359558417669703746680662875377472240206717145818436374740163786447225207779656991347434454381456624432873034406069959063223124424548648585063412282925582908276089069079075949312780188260640797350892262486199410962058770676561051286324306601018157181978353068747811538127526306308937940842930452043500326163208978153413354707649983565218720121511676564439582142787669964393412352531196622177914611046188301931657468268625996115606390378	-2,-4,-4,-4,3,3,3,3,3,3,3,3	-4,-4,-4,3,3,3,3,3,3,3,3,3	ok
1.019019	12.552553	-50.675673	0.377610	continued:5	24739664234858138982047535273920704865888201889876711837493816699690678265963591165069870505023217046633362579621148489165328977987949899797415602900486143006268665268678106964453841999524106595607605727243377372487650564782802452333008206763043514220470865892407412103036806892083064510289504814600080741268157165354063032161189525829409088498985531970815025159686244986955270210405434697787650037103444327391942508501376229453985083037857645944890272090078718974473418025044221755928344004123983175888817859152476099625581493080234216246769749121423440316080188755726314866454849365625903310727411127889898194381660787032015151698715736677481139420851742750719529547539689342907032684848982153429642503545479758778195831115174999007304520947563003595490867019874169994914300124258307833187901988179428014704959954258008163520937529812950909650540738739709363910934624816250948310905870516490152323845654698835235607375139145151252300518952681249670519366224367191080941950960612430590599784107574388270912656395965864142364667984575546882550050402798003370469155776659862256338059002106715868920421959433223756311341506694462249246973686264750035944554027554964157670321252914659435234646443493670649443320763569393771211014635255250197768479072848942888802904343116166917267274303616645213633258901986934724608102196030566705447199709448848685232091527603953601719852178627896858736075978945818005174493541245870668987929539886645630097678757555544087307337036790434872459172290673698254378844314669452090116179632825192549044579465458111330616555979307251114857149361512116613974709257803359966534656492138218227074841157122375658584060220213022165525332776358629866966288227440625112970679311294012527786937908438788933269152027795727358098149081262309340910027752904780906837503037034324409444406146090624109088924403412096630561891955737242725345322413905726693248195866969791271654695936200328092484246227965825976504945539852784819301024178852444474692192548534126035186023469676002246932424139429748139392521639625101928395106984770436581308351058934055769118232799233408278107027273366695989329209154343877618868661991020975405689106246189336127463396267701412847679116589549251870270844396113558907834058707172256761029888361534374786347487608401449988351944244856780417097985589797080224364751671572412939040572871214031862581112931261011457520216214875551266994707924276208437578826	24739664234858138982047535273920704865888201889876711837493816699690678265963591165069870505023217046633362579621148489165328977987949899797415602900085081435628786567950676391780949633448253616219680559998014214784634910618447122667639804607217055610037222276897125660535867393387520758988742191975881454668757766456386039099618304136651166884285837894817315224103333988986022139294086321685154999346340705988103078279492809641656432950215478117816222205266648568411397418925046010008480574710698821954765024242012324702958840527170691397468834926110714722062344576291849261675828451121993701604115701508243628541371186781104664750453506678450990658685568877319368724842489366294600223726679557182485111500144011805314426535016123806594563159834704421627591278254098145543334614838595418659350735064119136615550909153916789982856517125346862661227399851506503677119661384586623759841225285653771144345770541906184539519104941031220044588169549394770200017461390905581925298086151522809307449802203222974575540394725875975613318942282656692285373790701768039928224139907689742983609684357165165999207726031406986345064845442052163822899745749684239296069717432693993739901942491195871247188184005657715557324715787468964623060658282699748340496206865605372436586070397727939308002786773406257199303380943930864942544541362099694143798665014159981291076426741521752789265368640593684634117809873247169966065789911558626022600729888277201643689641675452459069562508631492228721765370498937893043431497988216537706295785164432196057935490528663597621520778034290151070854816629426746125540833035727606516741355676577511359225189296292548229211189083998370260280090542803113716826454333586493978480241538453764023117135870306486868190579583638749543528287787983143040255708751029006941308429997433080718822734531156727166409700399126449488232655765908523538109059027659972391417586695558079006462758935754010444329600948762656764448062867805309855802889917915490930359558417669703746680662875377472240206717145818436374740163786447225207779656991347434454381456624432873034406069959063223124424548648585063412282925582908276089069079075949312780188260640797350892262486199410962058770676561051286324306601018157181978353068747811538127526306308937940842930452043500326163208978153413354707649983565218720121511676564439582142787669964393412352531196622177914611046188301931657468268625996115606390378	1,-4,-4,-4,3,3,3,3,3,3,3,3	-4,-4,-4,3,3,3,3,3,3,3,3,3	ok
1.023023	12.552553	-53.182163	0.374817	continued:5	24739664234858138982047535273920704865888201889876711837493816699690678265963591165069870505023217046633362579621148489165328977987949899797415602900085081435628786567950676391780949633448253616219680559998014214784634910618447122667639804607217055610037222276897125660535867393387520758988742191975881454668757766456386039099618304136651166884285837894817315224103333988986022139294086321685154999346340705988103078279492809641656432950215478117816222205266648568411397418925046010008480574710698821954765024242012324702958840527170691397468834926110714722062344576291849261675828451121993701604115701508243628541371186781104664750453506678450990658685568877319368724842489366294600223726679557182485111500144011805314426535016123806594563159834704421627591278254098145543334614838595418659350735064119136615550909153916789982856517125346862661227399851506503677119661384586623759841225285653771144345770541906184539519104941031220044588169549394770200017461390905581925298086151522809307449802203222974575540394725875975613318942282656692285373790701768039928224139907689742983609684357165165999207726031406986345064845442052163822899745749684239296069717432693993739901942491195871247188184005629578939626146180479147309222650612901005722390845708668197124234362495273144098797774757458652282442873869149334322862031538555273602678056872841178109900869320411219847048207913667348778531628738412966770315022724232465689476913832400874304281462828469455323197446686921866086215833068446424699444496565569722241309352582097645970096478775632734636095654637992457943280389083570732332839953973912247295681057931113681492439449496144076887534303882013813582426660935625896914804409614213748953104339735616872424033237737152288422764228895317684142781840594050396121809018684709427683610800958887025312407434590051977713326085580635173894497599750192525737795060057383043775023565474224429639386107173310916990239669991933652644475768142050760727663572522347999704178447289250328456914499267328417681240348822933515571583868711725379330323404334769870337022620061545176212626323733821158948285818704624796620953499808886499592477823111646846232706079467925425548222036103825890910305962685055173280654285638093536930123995538291210251114663599662004737580826899131982029868048598658256506155403232827272483188483130194799492244707309373825202346843909294433547215009818318585078026810148403884293372	24739664234858138982047535273920704865888201889876711837493816699690678265963591165069870505023217046633362579621148489165328977987949899797415602900085081435628786567950676391780949633448253616219680559998014214784634910618447122667639804607217055610037222276897125660535867393387520758988742191975881454668757766456386039099618304136651166884285837894817315224103333988986022139294086321685154999346340705988103078279492809641656432950215478117816222205266648568411397418925046010008480574710698821954765024242012324702958840527170691397468834926110714722062344576291849261675828451121993701604115701508243628541371186781104664750453506678450990658685568877319368724842489366294600223726679557182485111500144011805314426535016123806594563159834704421627591278254098145543334614838595418659350735064119136615550909153916789982856517125346862661227399851506503677119661384586623759841225285653771144345770541906184539519104941031220044588169549394770200017461390905581925298086151522809307449802203222974575540394725875975613318942282656692285373790701768039928224139907689742983609684357165165999207726031406986345064845442052163822899745749684239296069717432693993739901942491195871247188184005657715557324715787468964623060658282699748340496206865605372436586070397727939308002786773406257199303380943930864942544541362099694143798665014159981291076426741521752789265368640593684634117809873247169966065789911558626022600729888277201643689641675452459069562508631492228721765370498937893043431497988216537706295785164432196057935490528663597621520778034290151070854816629426746125540833035727606516741355676577511359225189296292548229211189083998370260280090542803113716826454333586493978480241538453764023117135870306486868190579583638749543528287787983143040255708751029006941308429997433080718822734531156727166409700399126449488232655765908523538109059027659972391417586695558079006462758935754010444329600948762656764448062867805309855802889917915490930359558417669703746680662875377472240206717145818436374740163786447225207779656991347434454381456624432873034406069959063223124424548648585063412282925582908276089069079075949312780188260640797350892262486199410962058770676561051286324306601018157181978353068747811538127526306308937940842930452043500326163208978153413354707649983565218720121511676564439582142787669964393412352531196622177914611046188301931657468268625996115606390378	-2,-4,-4,3,3,3,3,3,3,3,3,3	-4,-4,-4,3,3,3,3,3,3,3,3,3	ok
1.027027	12.552553	-54.788624	0.377610	continued:5	24739664234858138982047535273920704865888201889876711837493816699690678265963591165069870505023217046633362579621148489165328977987949899797415602900085081435628786567950676391780949633448253616219680559998014214784634910618447122667639804607217055610037222276897125660535867393387520758988742191975475097134159821776175469287214857624750265388130867415580412873925910271279382629434282479656095907178473638142326186864698341018602123575843883404208311798618679388046194707946385968872279636660172423920762823771748609336176990325713506490614247467311351878471253089939596514261196666267475682898635077588364628629417296554229734815495315011752337585393015754405944996164827318009845582551593321289722257247006063686910061456841431892563940020873466746931070957111770150069590359792388197563206227771911411885143855184505614961998508226343153531223089971459935049708039359327667779120430067461929055441744031224422705223831560005091108633317128720548165517033711719448300771525660964913525817712220131912105082815080054605883136048554894173783193438041716508681297001277350562437894851607688119124032266056066591963623197071229719772200831481260746898621517899928612391918713268983151048632780119655930408190582553524627904057071942769938736862457235924274975877692875969260912825240440176312796169883715527296420812911085368231803397367822990876417832371726944474641149344806282859835563177758758315140869621665338558538229319788140992642348683078964438303205169238089677606281386970253341769254691973676747054001600056884371509167578247128910554017708455798400339763929792299326278161913247735847547901720607853014273297061169415154483166033077865097453650461838107532682052642437808745312631797604500447563344035980600655360681484274936965759099895773785743476559627847035998495623947412514142251410657373695628596507787826274803330499930271551011927848963095389998115464084361772602196582573023653623911344037727364227195594183603523434780747077500441651045950433605054450968920210102886398197382751252220063486096686194630712738899496659850907030285511459146924946136142303252814811401903979278425790228571196558652325907826618637862596663393079577711958009484587139118727133603578984775841831059511392904829664132579075616389269418347099007484820626482853352165533173315748528323140233506000037753936239379980930850327518548701251621213257545847129540580490183656973082502121819713680447958	24739664234858138982047535273920704865888201889876711837493816699690678265963591165069870505023217046633362579621148489165328977987949899797415602900085081435628786567950676391780949633448253616219680559998014214784634910618447122667639804607217055610037222276897125660535867393387520758988742191975881454668757766456386039099618304136651166884285837894817315224103333988986022139294086321685154999346340705988103078279492809641656432950215478117816222205266648568411397418925046010008480574710698821954765024242012324702958840527170691397468834926110714722062344576291849261675828451121993701604115701508243628541371186781104664750453506678450990658685568877319368724842489366294600223726679557182485111500144011805314426535016123806594563159834704421627591278254098145543334614838595418659350735064119136615550909153916789982856517125346862661227399851506503677119661384586623759841225285653771144345770541906184539519104941031220044588169549394770200017461390905581925298086151522809307449802203222974575540394725875975613318942282656692285373790701768039928224139907689742983609684357165165999207726031406986345064845442052163822899745749684239296069717432693993739901942491195871247188184005657715557324715787468964623060658282699748340496206865605372436586070397727939308002786773406257199303380943930864942544541362099694143798665014159981291076426741521752789265368640593684634117809873247169966065789911558626022600729888277201643689641675452459069562508631492228721765370498937893043431497988216537706295785164432196057935490528663597621520778034290151070854816629426746125540833035727606516741355676577511359225189296292548229211189083998370260280090542803113716826454333586493978480241538453764023117135870306486868190579583638749543528287787983143040255708751029006941308429997433080718822734531156727166409700399126449488232655765908523538109059027659972391417586695558079006462758935754010444329600948762656764448062867805309855802889917915490930359558417669703746680662875377472240206717145818436374740163786447225207779656991347434454381456624432873034406069959063223124424548648585063412282925582908276089069079075949312780188260640797350892262486199410962058770676561051286324306601018157181978353068747811538127526306308937940842930452043500326163208978153413354707649983565218720121511676564439582142787669964393412352531196622177914611046188301931657468268625996115606390378	-2,3,3,3,3,3,3,3,3,3,3,3	-4,-4,-4,3,3,3,3,3,3,3,3,3	ok
1.031031	12.552553	-55.694667	0.380403	continued:5	24739664234858138982047535273920704865888201889876711837493816699690678265963591165069870505023217046633362579621148489165328977987949899797415602900085081435628786567950676391780949633448253616219680559998014214784634910618447122667639804607217055610037222276897125660535867393387520758988742191975475097134159821776175469287214857624750265388130867415580412873925910271279382629434282479656095907178473638142326186864698341018602123575843883404208311798618679388046194707946385968872279636660172423920762823771748609336176990325713506490614247467311351878471253089939596514261196666267475682898634243267997762771930410142900670636074021557040670388399249983696339590262511488321191028111768834613450767960304634194103204964021206651325127942216552993232309024409773981445208472224816140189531426184277514710641013131770020359108910112128019299913823691282611701014232340732883865600476181870280726275194387402801503855938719103084135784125699331758447304174100662916368272903302513802856798570084277611879778879080212145328740890389648499777712421430896191193534265572221815036076756439395884113709392615027355023738528064344875445088345175077752097963287365502360501728721861871264146771144983038981451065234443532230128479387983091178115116865397789445692406842570296874636697851097380933418704069590626609465948560603473879391927021936609892497030766066439311989055559801954043049805989246808076002820926412206771982677930128173590656691346815242089592352131649791234660908254336120161441278044452141346362259332324623823442752429020252703692037920446518266339880184175982734033890524146608986092170383351526347780195856612233866890207274854912394255253797034498025177504040573862379852175818405720648724662509425309904623215441652969894456375797348294018701474667596113699503699804257510644865944556003163418517465091293523098337713971439143262860866630433826939046572223812846995302177832684009295283850085271922209218289826793158306095880538596644949731520939723267743912674385996169248931599733489805973717049287595979933428139588632497689630191626157849810295891898272345170075511178293984781094431818381849765002366387809840067045460746583980245902014647851395563333819566432273055608497876820056529478532104543444851572017749742461936426454865999204873158080228097793820547740165031361945204765136362373095055001802531241029603890932315786052471036261013332590523245255330916816568212	24739664234858138982047535273920704865888201889876711837493816699690678265963591165069870505023217046633362579621148489165328977987949899797415602900085081435628786567950676391780949633448253616219680559998014214784634910618447122667639804607217055610037222276897125660535867393387520758988742191975881454668757766456386039099618304136651166884285837894817315224103333988986022139294086321685154999346340705988103078279492809641656432950215478117816222205266648568411397418925046010008480574710698821954765024242012324702958840527170691397468834926110714722062344576291849261675828451121993701604115701508243628541371186781104664750453506678450990658685568877319368724842489366294600223726679557182485111500144011805314426535016123806594563159834704421627591278254098145543334614838595418659350735064119136615550909153916789982856517125346862661227399851506503677119661384586623759841225285653771144345770541906184539519104941031220044588169549394770200017461390905581925298086151522809307449802203222974575540394725875975613318942282656692285373790701768039928224139907689742983609684357165165999207726031406986345064845442052163822899745749684239296069717432693993739901942491195871247188184005657715557324715787468964623060658282699748340496206865605372436586070397727939308002786773406257199303380943930864942544541362099694143798665014159981291076426741521752789265368640593684634117809873247169966065789911558626022600729888277201643689641675452459069562508631492228721765370498937893043431497988216537706295785164432196057935490528663597621520778034290151070854816629426746125540833035727606516741355676577511359225189296292548229211189083998370260280090542803113716826454333586493978480241538453764023117135870306486868190579583638749543528287787983143040255708751029006941308429997433080718822734531156727166409700399126449488232655765908523538109059027659972391417586695558079006462758935754010444329600948762656764448062867805309855802889917915490930359558417669703746680662875377472240206717145818436374740163786447225207779656991347434454381456624432873034406069959063223124424548648585063412282925582908276089069079075949312780188260640797350892262486199410962058770676561051286324306601018157181978353068747811538127526306308937940842930452043500326163208978153413354707649983565218720121511676564439582142787669964393412352531196622177914611046188301931657468268625996115606390378	-2,-3,3,3,3,3,3,3,3,3,3,3	-4,-4,-4,3,3,3,3,3,3,3,3,3	ok
1.035035	12.552553	-56.259105	0.383197	continued:5	24739664234858138982047535273920704865888201889876711837493816699690678265963591165069870505023217046633362579621148489165328977987949899797415602900085081435628786567950676391780949633448253616219680559998014214784634910618447122667639804607217055610037222276897125660535867393387520758988742191975475097134159821776175469287214857624750265388130867415580412873925910271279382629434282479656095907178473638142326186864698341018602123575843883404208311798618679388046194707946385968872279636660172423920762823771748609336176990325713506490614247467311351878471253089939596514261196666267475682898634243267997762771930410142900670636074021557040670388399249983696339590262511488321191028111768834613450767960304634194103204964021206651325127942216552993232309024409773981445208472224816140189531426184277514710641013131770020359108910112128019299913823691282611701014232340732883865600476181870280726275194387402801503855938719103084135784125699331758447304174100662916368272903302513802856798570084277611879778879080212145328740890389648499777712421430896191193534265572221815036076756439395884113709392615027355023738528064344875445088345175077752097963287365502360501728721861871264146771144983031947296640592041784775800019886065641492460590525108555151864318915594683175834396598093394032189488942821931226811027933147587774256646869901280191701736876711161678753501269620222459085909443963099525203883234615375231899396976114204508821839302103496338655760866163648644002020869978497294355281351865688287443105746372563407485229861453387165504226670216918424279999702227998555936031335148205027270465593550886521504041448385131898412189466655271321395140535300371130422320001636949820370448712896124959396873241860118374019801793539389705219008385720618139171841417854119395987246126578989320538559034856755059996681376856412018519899505048937338787761955510027855260593609972988091097267749733347734926874556845009131920570144997205463242828264280937016833975074799294652994133048695677943095855844985209547100388238076034537966949078554643935019273292965899247271585754966290509481128157477252768933324977208963396210655270951416468761881216532138636782122216477804975619251580333113996430173121752591106571812378765531309876440917547264414674606316951393088742917011668878438211376711853154851382028281673726256260956132930462573949581187489512193015616025624546819772847791446568757715808	24739664234858138982047535273920704865888201889876711837493816699690678265963591165069870505023217046633362579621148489165328977987949899797415602900085081435628786567950676391780949633448253616219680559998014214784634910618447122667639804607217055610037222276897125660535867393387520758988742191975881454668757766456386039099618304136651166884285837894817315224103333988986022139294086321685154999346340705988103078279492809641656432950215478117816222205266648568411397418925046010008480574710698821954765024242012324702958840527170691397468834926110714722062344576291849261675828451121993701604115701508243628541371186781104664750453506678450990658685568877319368724842489366294600223726679557182485111500144011805314426535016123806594563159834704421627591278254098145543334614838595418659350735064119136615550909153916789982856517125346862661227399851506503677119661384586623759841225285653771144345770541906184539519104941031220044588169549394770200017461390905581925298086151522809307449802203222974575540394725875975613318942282656692285373790701768039928224139907689742983609684357165165999207726031406986345064845442052163822899745749684239296069717432693993739901942491195871247188184005657715557324715787468964623060658282699748340496206865605372436586070397727939308002786773406257199303380943930864942544541362099694143798665014159981291076426741521752789265368640593684634117809873247169966065789911558626022600729888277201643689641675452459069562508631492228721765370498937893043431497988216537706295785164432196057935490528663597621520778034290151070854816629426746125540833035727606516741355676577511359225189296292548229211189083998370260280090542803113716826454333586493978480241538453764023117135870306486868190579583638749543528287787983143040255708751029006941308429997433080718822734531156727166409700399126449488232655765908523538109059027659972391417586695558079006462758935754010444329600948762656764448062867805309855802889917915490930359558417669703746680662875377472240206717145818436374740163786447225207779656991347434454381456624432873034406069959063223124424548648585063412282925582908276089069079075949312780188260640797350892262486199410962058770676561051286324306601018157181978353068747811538127526306308937940842930452043500326163208978153413354707649983565218720121511676564439582142787669964393412352531196622177914611046188301931657468268625996115606390378	1,-3,3,3,3,3,3,3,3,3,3,3	-4,-4,-4,3,3,3,3,3,3,3,3,3	ok
1.039039	12.552553	-56.630369	0.381406	continued:5	24739664234858138982047535273920704865888201889876711837493816699690678265963591165069870505023217046633362579621148489165328977987949899797415602900085081435628786567950676391780949633448253616219680559998014214784634910618447122667639804607217055610037222276897125660535867393387520758988742191975068739599561877095964899474811411112849363891975896936343510523748486553572743119574478637627036815010606570296549295449903872395547814201472288690600401391970710207680991996967725927736078698609646025886760623301484893969395140124256321583759660008511989034880161603587343766846564881412957664193160293911053689719871611206658254136486177528035354891056823026459759108803376077545672822455278492130859828000778122018153691828408316667205001432510625348125884164883415334966519317719185378082785331593140967376256695584243602161367686126845384020383644052654629863153066464232199193039312048411625270703565027294009280503808065293010982622804713767854158506623309929038203735321679564792427319617188020951211752787433130460033719261983851373319380201657407199848709012582912613704906685036256717321116920168000856161374231748601186011289321356118218105780932108146994275265423896553639163108822190120505201851376526223616511746813587034852230500996547107152889311733981804961298865732590238949848814747504031572336464910755505444184171684578412375691371232796733633004329909818637015779136316185800701059705847924503338691617671601127316072502017275193628181235668171770630945044403390581261596845136233024933387407660648998783226591185572080506140044501622288014531388757992495268246673778435264896975662886054029928009946017880753559998410396127428476026226270178345522373948277993611184310095033586855799573861361751243278710950116380688886416913437431645809060691781605136230732847886904913065878891361294409292744016482660267859951461144105642561112430290809824789593393862724024859384472862992224904936817412086135189517951494157405351839959771169156725286588689282650278017862298826245883406958844349860650893544505113618487815714837071478884561236606956873501591882545680764681493442596978695788056861875215919037942364586043372420296310369675724749963252597306633127595643513966579117813015730319303550024646050465431500036511398145225336767418417108110210136206581565715140822302456227326318745697059518005353709423578961829590919710836285885022591972678948126131748262728687746755556049	24739664234858138982047535273920704865888201889876711837493816699690678265963591165069870505023217046633362579621148489165328977987949899797415602900085081435628786567950676391780949633448253616219680559998014214784634910618447122667639804607217055610037222276897125660535867393387520758988742191975881454668757766456386039099618304136651166884285837894817315224103333988986022139294086321685154999346340705988103078279492809641656432950215478117816222205266648568411397418925046010008480574710698821954765024242012324702958840527170691397468834926110714722062344576291849261675828451121993701604115701508243628541371186781104664750453506678450990658685568877319368724842489366294600223726679557182485111500144011805314426535016123806594563159834704421627591278254098145543334614838595418659350735064119136615550909153916789982856517125346862661227399851506503677119661384586623759841225285653771144345770541906184539519104941031220044588169549394770200017461390905581925298086151522809307449802203222974575540394725875975613318942282656692285373790701768039928224139907689742983609684357165165999207726031406986345064845442052163822899745749684239296069717432693993739901942491195871247188184005657715557324715787468964623060658282699748340496206865605372436586070397727939308002786773406257199303380943930864942544541362099694143798665014159981291076426741521752789265368640593684634117809873247169966065789911558626022600729888277201643689641675452459069562508631492228721765370498937893043431497988216537706295785164432196057935490528663597621520778034290151070854816629426746125540833035727606516741355676577511359225189296292548229211189083998370260280090542803113716826454333586493978480241538453764023117135870306486868190579583638749543528287787983143040255708751029006941308429997433080718822734531156727166409700399126449488232655765908523538109059027659972391417586695558079006462758935754010444329600948762656764448062867805309855802889917915490930359558417669703746680662875377472240206717145818436374740163786447225207779656991347434454381456624432873034406069959063223124424548648585063412282925582908276089069079075949312780188260640797350892262486199410962058770676561051286324306601018157181978353068747811538127526306308937940842930452043500326163208978153413354707649983565218720121511676564439582142787669964393412352531196622177914611046188301931657468268625996115606390378	1,-3,-3,3,3,3,3,3,3,3,3,3	-4,-4,-4,3,3,3,3,3,3,3,3,3	ok
1.043043	12.552553	-56.942436	0.384200	continued:5	24739664234858138982047535273920704865888201889876711837493816699690678265963591165069870505023217046633362579621148489165328977987949899797415602900085081435628786567950676391780949633448253616219680559998014214784634910618447122667639804607217055610037222276897125660535867393387520758988742191975068739599561877095964899474811411112849363891975896936343510523748486553572743119574478637627036815010606570296549295449903872395547814201472288690600401391970710207680991996967725927736078698609646025886760623301484893969395140124256321583759660008511989034880161603587343766846564881412957664193160293911053689719871611206658254136486177528035354891056823026459759108803376077545672822455278492130859828000778122018153691828408316667205001432510625348125884164883415334966519317719185378082785331593140967376256695584243602161367686126845384020383644052654629863153066464232199193039312048411625270703565027294009280503808065293010982622804713767854158506623309929038203735321679564792427319617188020951211752787433130460033719261983851373319380201657407199848709012582912613704906685036256717321116920168000856161374231748601186011289321356118218105780932108146994275265423896553639163108822190106436893002091722728707854827809752135480921448315968638565233135880030577563694263226582265147390384493966640807026623655843733233913611380507752974100783454086178366533221329455173847851343225618383599461830464330840258525055763573189152402797927851702126308053137199485449627269634675335527424851866598536105443286533131924394440420421181133784881512062402037492855654043973486562751587461972556741299373875724202537838721254872419921757177605929856462924699938045426551754223144605647318895874562449891488062246240557054255520008699270528662167817014517908664401382127670318806295881990710100795086457906812740387512183231451425585460532630970050381645361781650176734180514303200133600969310467609024009423617375744374730385624915868795244817873697566366746373771383476125148948688683135867414306836267831116202065361712502209916833612456016038614338941794124694078994971303520350417437942584043095287777236500586038416659335253097316985423595662710567393178905403253511334532383378819417611586863985582104994948606947838421928146103045741581440787872544637202117863180426033174562139835432429372366052495291570663466979078725759572994667132071089295003252693999347765225770677113800700252474650	24739664234858138982047535273920704865888201889876711837493816699690678265963591165069870505023217046633362579621148489165328977987949899797415602900085081435628786567950676391780949633448253616219680559998014214784634910618447122667639804607217055610037222276897125660535867393387520758988742191975881454668757766456386039099618304136651166884285837894817315224103333988986022139294086321685154999346340705988103078279492809641656432950215478117816222205266648568411397418925046010008480574710698821954765024242012324702958840527170691397468834926110714722062344576291849261675828451121993701604115701508243628541371186781104664750453506678450990658685568877319368724842489366294600223726679557182485111500144011805314426535016123806594563159834704421627591278254098145543334614838595418659350735064119136615550909153916789982856517125346862661227399851506503677119661384586623759841225285653771144345770541906184539519104941031220044588169549394770200017461390905581925298086151522809307449802203222974575540394725875975613318942282656692285373790701768039928224139907689742983609684357165165999207726031406986345064845442052163822899745749684239296069717432693993739901942491195871247188184005657715557324715787468964623060658282699748340496206865605372436586070397727939308002786773406257199303380943930864942544541362099694143798665014159981291076426741521752789265368640593684634117809873247169966065789911558626022600729888277201643689641675452459069562508631492228721765370498937893043431497988216537706295785164432196057935490528663597621520778034290151070854816629426746125540833035727606516741355676577511359225189296292548229211189083998370260280090542803113716826454333586493978480241538453764023117135870306486868190579583638749543528287787983143040255708751029006941308429997433080718822734531156727166409700399126449488232655765908523538109059027659972391417586695558079006462758935754010444329600948762656764448062867805309855802889917915490930359558417669703746680662875377472240206717145818436374740163786447225207779656991347434454381456624432873034406069959063223124424548648585063412282925582908276089069079075949312780188260640797350892262486199410962058770676561051286324306601018157181978353068747811538127526306308937940842930452043500326163208978153413354707649983565218720121511676564439582142787669964393412352531196622177914611046188301931657468268625996115606390378	0,-3,-3,3,3,3,3,3,3,3,3,3	-4,-4,-4,3,3,3,3,3,3,3,3,3	ok
1.047047	12.552553	-57.146071	0.382744	continued:5	24739664234858138982047535273920704865888201889876711837493816699690678265963591165069870505023217046633362579621148489165328977987949899797415602900085081435628786567950676391780949633448253616219680559998014214784634910618447122667639804607217055610037222276897125660535867393387520758988742191975068739599561877095964899474811411112849363891975896936343510523748486553572743119574478637627036815010606570296549295449903872395547814201472288690600401391970710207680991996967725927736078698609646025886760623301484893969395140124256321583759660008511989034880161603587343766846564881412957664193160293911053689719871611206658254136486177528035354891056823026459759108803376077545672822455278492130859828000778122018153691828408316667205001432510625348125884164883415334966519317719185378082785331593140967376256695584243602161367686126845384020383644052654629863153066464232199193039312048411625270703565027294009280503808065293010982622804713767854158506623309929038203735321679564792427319617188020951211752787433130460033719261983851373319380201657407199848709012582912613704906685036256717321116920168000856161374231748601186011289321356118218105780932108146994275265423896553639163108822190106436893002091722728707854827809752135480921448315968638565233135880030577563694263226582265147390384493966640807026623655843733233913611380507752974100783454086178366533221329455173847851343225618383599461830464330840258525055763573189152402797927851702126308053137199485449627269634675335527424851866598536105443286533131924394440420421181133784881512062402037492855654043973486562751587461972556741299373875724202537838721254872419921757177605929856462924699938045426551754223144605647318895874562449891488062246240557054255520008699270528662167817014517908664401382127670318806295881990710100795086457906812740387512183231451425585460532630970050381645361781650176734180514303200133600969310467609024009423617375744374730385624915868795244817873697566366746373771383476125148948688683135867414306836267831116202065361712502209916833612456016038614338941794124694078994971303520350417437942584043095287777236500586038416659335253097316985423595662710567393178905403253511334532383378819417611586863985582104994948606947838421928146103045741581440787872544637202117863180426033174562139835432429372366052495291570663466979078725759572994667132071089295003252693999347765225770677113800700252474650	24739664234858138982047535273920704865888201889876711837493816699690678265963591165069870505023217046633362579621148489165328977987949899797415602900085081435628786567950676391780949633448253616219680559998014214784634910618447122667639804607217055610037222276897125660535867393387520758988742191975881454668757766456386039099618304136651166884285837894817315224103333988986022139294086321685154999346340705988103078279492809641656432950215478117816222205266648568411397418925046010008480574710698821954765024242012324702958840527170691397468834926110714722062344576291849261675828451121993701604115701508243628541371186781104664750453506678450990658685568877319368724842489366294600223726679557182485111500144011805314426535016123806594563159834704421627591278254098145543334614838595418659350735064119136615550909153916789982856517125346862661227399851506503677119661384586623759841225285653771144345770541906184539519104941031220044588169549394770200017461390905581925298086151522809307449802203222974575540394725875975613318942282656692285373790701768039928224139907689742983609684357165165999207726031406986345064845442052163822899745749684239296069717432693993739901942491195871247188184005657715557324715787468964623060658282699748340496206865605372436586070397727939308002786773406257199303380943930864942544541362099694143798665014159981291076426741521752789265368640593684634117809873247169966065789911558626022600729888277201643689641675452459069562508631492228721765370498937893043431497988216537706295785164432196057935490528663597621520778034290151070854816629426746125540833035727606516741355676577511359225189296292548229211189083998370260280090542803113716826454333586493978480241538453764023117135870306486868190579583638749543528287787983143040255708751029006941308429997433080718822734531156727166409700399126449488232655765908523538109059027659972391417586695558079006462758935754010444329600948762656764448062867805309855802889917915490930359558417669703746680662875377472240206717145818436374740163786447225207779656991347434454381456624432873034406069959063223124424548648585063412282925582908276089069079075949312780188260640797350892262486199410962058770676561051286324306601018157181978353068747811538127526306308937940842930452043500326163208978153413354707649983565218720121511676564439582142787669964393412352531196622177914611046188301931657468268625996115606390378	0,-3,-3,3,3,3,3,3,3,3,3,3	-4,-4,-4,3,3,3,3,3,3,3,3,3	ok
1.051051	12.552553	-57.330952	0.381495	continued:5	24739664234858138982047535273920704865888201889876711837493816699690678265963591165069870505023217046633362579621148489165328977987949899797415602900085081435628786567950676391780949633448253616219680559998014214784634910618447122667639804607217055610037222276897125660535867393387520758988742191975068739599561877095964899474811411112849363891975896936343510523748486553572743119574478637627036815010606570296549295449903872395547814201472288690600401391970710207680991996967725927736078698609646025886760623301484893969395140124256321583759660008511989034880161603587343766846564881412957664193160293911053689719871611206658254136486177528035354891056823026459759108803376077545672822455278492130859828000778122018153691828408316667205001432510625348125884164883415334966519317719185378082785331593140967376256695584243602161367686126845384020383644052654629863153066464232199193039312048411625270703565027294009280503808065293010982622804713767854158506623309929038203735321679564792427319617188020951211752787433130460033719261983851373319380201657407199848709012582912613704906685036256717321116920168000856161374231748601186011289321356118218105780932108146994275265423896553639163108822190106436893002091722728707854827809752135480921448315968638565233135880030577563694263226582265147390384493966640807026623655843733233913611380507752974100783454086178366533221329455173847851343225618383599461830464330840258525055763573189152402797927851702126308053137199485449627269634675335527424851866598536105443286533131924394440420421181133784881512062402037492855654043973486562751587461972556741299373875724202537838721254872419921757177605929856462924699938045426551754223144605647318895874562449891488062246240557054255520008699270528662167817014517908664401382127670318806295881990710100795086457906812740387512183231451425585460532630970050381645361781650176734180514303200133600969310467609024009423617375744374730385624915868795244817873697566366746373771383476125148948688683135867414306836267831116202065361712502209916833612456016038614338941794124694078994971303520350417437942584043095287777236500586038416659335253097316985423595662710567393178905403253511334532383378819417611586863985582104994948606947838421928146103045741581440787872544637202117863180426033174562139835432429372366052495291570663466979078725759572994667132071089295003252693999347765225770677113800700252474650	24739664234858138982047535273920704865888201889876711837493816699690678265963591165069870505023217046633362579621148489165328977987949899797415602900085081435628786567950676391780949633448253616219680559998014214784634910618447122667639804607217055610037222276897125660535867393387520758988742191975881454668757766456386039099618304136651166884285837894817315224103333988986022139294086321685154999346340705988103078279492809641656432950215478117816222205266648568411397418925046010008480574710698821954765024242012324702958840527170691397468834926110714722062344576291849261675828451121993701604115701508243628541371186781104664750453506678450990658685568877319368724842489366294600223726679557182485111500144011805314426535016123806594563159834704421627591278254098145543334614838595418659350735064119136615550909153916789982856517125346862661227399851506503677119661384586623759841225285653771144345770541906184539519104941031220044588169549394770200017461390905581925298086151522809307449802203222974575540394725875975613318942282656692285373790701768039928224139907689742983609684357165165999207726031406986345064845442052163822899745749684239296069717432693993739901942491195871247188184005657715557324715787468964623060658282699748340496206865605372436586070397727939308002786773406257199303380943930864942544541362099694143798665014159981291076426741521752789265368640593684634117809873247169966065789911558626022600729888277201643689641675452459069562508631492228721765370498937893043431497988216537706295785164432196057935490528663597621520778034290151070854816629426746125540833035727606516741355676577511359225189296292548229211189083998370260280090542803113716826454333586493978480241538453764023117135870306486868190579583638749543528287787983143040255708751029006941308429997433080718822734531156727166409700399126449488232655765908523538109059027659972391417586695558079006462758935754010444329600948762656764448062867805309855802889917915490930359558417669703746680662875377472240206717145818436374740163786447225207779656991347434454381456624432873034406069959063223124424548648585063412282925582908276089069079075949312780188260640797350892262486199410962058770676561051286324306601018157181978353068747811538127526306308937940842930452043500326163208978153413354707649983565218720121511676564439582142787669964393412352531196622177914611046188301931657468268625996115606390378	0,-3,-3,3,3,3,3,3,3,3,3,3	-4,-4,-4,3,3,3,3,3,3,3,3,3	ok
1.055055	12.552553	-57.499717	0.380786	continued:5	24739664234858138982047535273920704865888201889876711837493816699690678265963591165069870505023217046633362579621148489165328977987949899797415602900085081435628786567950676391780949633448253616219680559998014214784634910618447122667639804607217055610037222276897125660535867393387520758988742191975068739599561877095964899474811411112849363891975896936343510523748486553572743119574478637627036815010606570296549295449903872395547814201472288690600401391970710207680991996967725927736078698609646025886760623301484893969395140124256321583759660008511989034880161603587343766846564881412957664193160293911053689719871611206658254136486177528035354891056823026459759108803376077545672822455278492130859828000778122018153691828408316667205001432510625348125884164883415334966519317719185378082785331593140967376256695584243602161367686126845384020383644052654629863153066464232199193039312048411625270703565027294009280503808065293010982622804713767854158506623309929038203735321679564792427319617188020951211752787433130460033719261983851373319380201657407199848709012582912613704906685036256717321116920168000856161374231748601186011289321356118218105780932108146994275265423896553639163108822190106436893002091722728707854827809752135480921448315968638565233135880030577563694263226582265147390384493966640807026623655843733233913611380507752974100783454086178366533221329455173847851343225618383599461830464330840258525055763573189152402797927851702126308053137199485449627269634675335527424851866598536105443286533131924394440420421181133784881512062402037492855654043973486562751587461972556741299373875724202537838721254872419921757177605929856462924699938045426551754223144605647318895874562449891488062246240557054255520008699270528662167817014517908664401382127670318806295881990710100795086457906812740387512183231451425585460532630970050381645361781650176734180514303200133600969310467609024009423617375744374730385624915868795244817873697566366746373771383476125148948688683135867414306836267831116202065361712502209916833612456016038614338941794124694078994971303520350417437942584043095287777236500586038416659335253097316985423595662710567393178905403253511334532383378819417611586863985582104994948606947838421928146103045741581440787872544637202117863180426033174562139835432429372366052495291570663466979078725759572994667132071089295003252693999347765225770677113800700252474650	24739664234858138982047535273920704865888201889876711837493816699690678265963591165069870505023217046633362579621148489165328977987949899797415602900085081435628786567950676391780949633448253616219680559998014214784634910618447122667639804607217055610037222276897125660535867393387520758988742191975881454668757766456386039099618304136651166884285837894817315224103333988986022139294086321685154999346340705988103078279492809641656432950215478117816222205266648568411397418925046010008480574710698821954765024242012324702958840527170691397468834926110714722062344576291849261675828451121993701604115701508243628541371186781104664750453506678450990658685568877319368724842489366294600223726679557182485111500144011805314426535016123806594563159834704421627591278254098145543334614838595418659350735064119136615550909153916789982856517125346862661227399851506503677119661384586623759841225285653771144345770541906184539519104941031220044588169549394770200017461390905581925298086151522809307449802203222974575540394725875975613318942282656692285373790701768039928224139907689742983609684357165165999207726031406986345064845442052163822899745749684239296069717432693993739901942491195871247188184005657715557324715787468964623060658282699748340496206865605372436586070397727939308002786773406257199303380943930864942544541362099694143798665014159981291076426741521752789265368640593684634117809873247169966065789911558626022600729888277201643689641675452459069562508631492228721765370498937893043431497988216537706295785164432196057935490528663597621520778034290151070854816629426746125540833035727606516741355676577511359225189296292548229211189083998370260280090542803113716826454333586493978480241538453764023117135870306486868190579583638749543528287787983143040255708751029006941308429997433080718822734531156727166409700399126449488232655765908523538109059027659972391417586695558079006462758935754010444329600948762656764448062867805309855802889917915490930359558417669703746680662875377472240206717145818436374740163786447225207779656991347434454381456624432873034406069959063223124424548648585063412282925582908276089069079075949312780188260640797350892262486199410962058770676561051286324306601018157181978353068747811538127526306308937940842930452043500326163208978153413354707649983565218720121511676564439582142787669964393412352531196622177914611046188301931657468268625996115606390378	0,-3,-3,3,3,3,3,3,3,3,3,3	-4,-4,-4,3,3,3,3,3,3,3,3,3	ok
1.059059	12.552553	-57.648725	0.380413	full	24739664234858138982047535273920704865888201889876711837493816699690678265963591165069870505023217046633362579621148489165328977987949899797415602900085081435628786567950676391780949633448253616219680559998014214784634910618447122667639804607217055610037222276897125660535867393387520758988742191975068739599561877095964899474811411112849363891975896936343510523748486553572743119574478637627036815010606570296549295449903872395547814201472288690600401391970710207680991996967725927736078698609646025886760623301484893969395140124256321583759660008511989034880161603587343766846564881412957664193160293911053689719871611206658254136486177528035354891056823026459759108803376077545672822455278492130859828000778122018153691828408316667205001432510625348125884164883415334966519317719185378082785331593140967376256695584243602161367686126845384020383644052654629863153066464232199193039312048411625270703565027294009280503808065293010982622804713767854158506623309929038203735321679564792427319617188020951211752787433130460033719261983851373319380201657407199848709012582912613704906685036256717321116920168000856161374231748601186011289321356118218105780932108146994275265423896553639163108822190106436893002091722728707854827809752135480921448315968638565233135880030577563694263226582265147390384493966640807026623655843733233913611380507752974100783454086178366533221329455173847851343225618383599461830464330840258525055763573189152402797927851702126308053137199485449627269634675335527424851866598536105443286533131924394440420421181133784881512062402037492855654043973486562751587461972556741299373875724202537838721254872419921757177605929856462924699938045426551754223144605647318895874562449891488062246240557054255520008699270528662167817014517908664401382127670318806295881990710100795086457906812740387512183231451425585460532630970050381645361781650176734180514303200133600969310467609024009423617375744374730385624915868795244817873697566366746373771383476125148948688683135867414306836267831116202065361712502209916833612456016038614338941794124694078994971303520350417437942584043095287777236500586038416659335253097316985423595662710567393178905403253511334532383378819417611586863985582104994948606947838421928146103045741581440787872544637202117863180426033174562139835432429372366052495291570663466979078725759572994667132071089295003252693999347765225770677113800700252474650	24739664234858138982047535273920704865888201889876711837493816699690678265963591165069870505023217046633362579621148489165328977987949899797415602900085081435628786567950676391780949633448253616219680559998014214784634910618447122667639804607217055610037222276897125660535867393387520758988742191975881454668757766456386039099618304136651166884285837894817315224103333988986022139294086321685154999346340705988103078279492809641656432950215478117816222205266648568411397418925046010008480574710698821954765024242012324702958840527170691397468834926110714722062344576291849261675828451121993701604115701508243628541371186781104664750453506678450990658685568877319368724842489366294600223726679557182485111500144011805314426535016123806594563159834704421627591278254098145543334614838595418659350735064119136615550909153916789982856517125346862661227399851506503677119661384586623759841225285653771144345770541906184539519104941031220044588169549394770200017461390905581925298086151522809307449802203222974575540394725875975613318942282656692285373790701768039928224139907689742983609684357165165999207726031406986345064845442052163822899745749684239296069717432693993739901942491195871247188184005657715557324715787468964623060658282699748340496206865605372436586070397727939308002786773406257199303380943930864942544541362099694143798665014159981291076426741521752789265368640593684634117809873247169966065789911558626022600729888277201643689641675452459069562508631492228721765370498937893043431497988216537706295785164432196057935490528663597621520778034290151070854816629426746125540833035727606516741355676577511359225189296292548229211189083998370260280090542803113716826454333586493978480241538453764023117135870306486868190579583638749543528287787983143040255708751029006941308429997433080718822734531156727166409700399126449488232655765908523538109059027659972391417586695558079006462758935754010444329600948762656764448062867805309855802889917915490930359558417669703746680662875377472240206717145818436374740163786447225207779656991347434454381456624432873034406069959063223124424548648585063412282925582908276089069079075949312780188260640797350892262486199410962058770676561051286324306601018157181978353068747811538127526306308937940842930452043500326163208978153413354707649983565218720121511676564439582142787669964393412352531196622177914611046188301931657468268625996115606390378	0,-3,-3,3,3,3,3,3,3,3,3,3	-4,-4,-4,3,3,3,3,3,3,3,3,3	ok
1.063063	12.552553	-18.804618	0.361625	continued:5	24739664234858138982047535273920704865888201889876711837493816699690678265963591165069870505023217046633362579621148489165328977987949899797415602900486143006268665268678106964453841999524106595607605727243377372487650564782802452333008206763043514220470865892407412103036806892083064510289504814600080741268157165354063032161189525829409088498985531970815025159686244986955270210405434697787650037103444327391942508501376229453985083037857645944890272090078718974473418025044221755928344004123983175888817859152476099625581493080234216246769749121423440316080188755726314866454849365625903310727411127889898194381660787032015151698715736677481139420851742750719529547539689342907032684848982153429642503545479758778195831115174999007304520947563003595490867019874169994914300124258307833187901988179428014704959954258008163520937529812950909650540738739709363910934624816250948310905870516490152323845654698835235607375139145151252300518952681249670519366224367191080941950960612430590599784107574388270912656395965864142364667984575546882550050402798003370469155776659862256338059002106715868920421959433223756311341506694462249246973686264750035944554027554964157670321252914659435234646443493663615288896121167646316882555133337800512113952732559708594974816416140553218464973050612658312404043775218239341953181568574680600311919557413518984379781322366434353401542267398063152066182910455992090212547448155137321246935207939809700388377831973332968393874569471206413709830167882966090206634922349461709974156955283003943043392504541949407334535751777012198640212694802839743412698041590634279560381600372922760012623550108181664702348323127201509122143409384103694572753623291772254278495815815482190520222548064790671557259281030022688564370422258339384692836564064490467123135582358419887445080167098579144877715501490636034742333352845682031947806047235860721832893234206830800328259966071434373052919619491540166447872584124169780886118668130297673901179132863639733214944723661858903373090905846808882482137330006017888285895337117776326877379910898599882440564648509935829635199955452561261750642259000936907313009325867934702239716886721992350880878077876536387982415177692198723424544257008965116476878821299701002351007669058010644944374151994666135649569140775605370875066801434353644746286150008176849296327554732800639352990232944027059942138998782429242519222574309462368956915	24739664234858138982047535273920704865888201889876711837493816699690678265963591165069870505023217046633362579621148489165328977987949899797415602900085081435628786567950676391780949633448253616219680559998014214784634910618447122667639804607217055610037222276897125660535867393387520758988742191975881454668757766456386039099618304136651166884285837894817315224103333988986022139294086321685154999346340705988103078279492809641656432950215478117816222205266648568411397418925046010008480574710698821954765024242012324702958840527170691397468834926110714722062344576291849261675828451121993701604115701508243628541371186781104664750453506678450990658685568877319368724842489366294600223726679557182485111500144011805314426535016123806594563159834704421627591278254098145543334614838595418659350735064119136615550909153916789982856517125346862661227399851506503677119661384586623759841225285653771144345770541906184539519104941031220044588169549394770200017461390905581925298086151522809307449802203222974575540394725875975613318942282656692285373790701768039928224139907689742983609684357165165999207726031406986345064845442052163822899745749684239296069717432693993739901942491195871247188184005657715557324715787468964623060658282699748340496206865605372436586070397727939308002786773406257199303380943930864942544541362099694143798665014159981291076426741521752789265368640593684634117809873247169966065789911558626022600729888277201643689641675452459069562508631492228721765370498937893043431497988216537706295785164432196057935490528663597621520778034290151070854816629426746125540833035727606516741355676577511359225189296292548229211189083998370260280090542803113716826454333586493978480241538453764023117135870306486868190579583638749543528287787983143040255708751029006941308429997433080718822734531156727166409700399126449488232655765908523538109059027659972391417586695558079006462758935754010444329600948762656764448062867805309855802889917915490930359558417669703746680662875377472240206717145818436374740163786447225207779656991347434454381456624432873034406069959063223124424548648585063412282925582908276089069079075949312780188260640797350892262486199410962058770676561051286324306601018157181978353068747811538127526306308937940842930452043500326163208978153413354707649983565218720121511676564439582142787669964393412352531196622177914611046188301931657468268625996115606390378	-1,-4,-4,-4,3,3,3,3,3,3,3,3	-4,-4,-4,3,3,3,3,3,3,3,3,3	ok
1.067067	12.552553	-47.558718	0.364418	continued:5	24739664234858138982047535273920704865888201889876711837493816699690678265963591165069870505023217046633362579621148489165328977987949899797415602900486143006268665268678106964453841999524106595607605727243377372487650564782802452333008206763043514220470865892407412103036806892083064510289504814600080741268157165354063032161189525829409088498985531970815025159686244986955270210405434697787650037103444327391942508501376229453985083037857645944890272090078718974473418025044221755928344004123983175888817859152476099625581493080234216246769749121423440316080188755726314866454849365625903310727411127889898194381660787032015151698715736677481139420851742750719529547539689342907032684848982153429642503545479758778195831115174999007304520947563003595490867019874169994914300124258307833187901988179428014704959954258008163520937529812950909650540738739709363910934624816250948310905870516490152323845654698835235607375139145151252300518952681249670519366224367191080941950960612430590599784107574388270912656395965864142364667984575546882550050402798003370469155776659862256338059002106715868920421959433223756311341506694462249246973686264750035944554027554964157670321252914659435234646443493677683597745405971141225539474137172699883423005413138177182630992270091780616069575556620632114862474028755630107263022823486452810582479861484178386084401732841472850038162089857730565405969047435643920136439634336604016728923871833481559806979683137755206220799504109663331208514413464430418551053706989442470258202310367381155045766426374273253898576206837490031074086028221393484536720474016085653508931383903513694137058764136569652465772117298842821928522143333156039359822831589477971662862806772542865053653268812787194981044774561432027631927740266279297127218941745071346551870491710228931443732125082669073300133305333557226381450558628803418742838780575592664663498499732751742981131906329221811915572836440111786562018495581399857715929689574591275483205964204612337157102215690145590491757373012687396302905949244185968504318632423096835739322206969511655795900949956880726578854591280830716907776049686818330424314656174016109138495605656679904045914457526289307375818001406305017117144535218152699191238593044812519708769054010738927750601064808233841054319348937955463320904378159806803983217193136649028784818187695263085809235629577995855098293430968673291470193274242954506200738	24739664234858138982047535273920704865888201889876711837493816699690678265963591165069870505023217046633362579621148489165328977987949899797415602900085081435628786567950676391780949633448253616219680559998014214784634910618447122667639804607217055610037222276897125660535867393387520758988742191975881454668757766456386039099618304136651166884285837894817315224103333988986022139294086321685154999346340705988103078279492809641656432950215478117816222205266648568411397418925046010008480574710698821954765024242012324702958840527170691397468834926110714722062344576291849261675828451121993701604115701508243628541371186781104664750453506678450990658685568877319368724842489366294600223726679557182485111500144011805314426535016123806594563159834704421627591278254098145543334614838595418659350735064119136615550909153916789982856517125346862661227399851506503677119661384586623759841225285653771144345770541906184539519104941031220044588169549394770200017461390905581925298086151522809307449802203222974575540394725875975613318942282656692285373790701768039928224139907689742983609684357165165999207726031406986345064845442052163822899745749684239296069717432693993739901942491195871247188184005657715557324715787468964623060658282699748340496206865605372436586070397727939308002786773406257199303380943930864942544541362099694143798665014159981291076426741521752789265368640593684634117809873247169966065789911558626022600729888277201643689641675452459069562508631492228721765370498937893043431497988216537706295785164432196057935490528663597621520778034290151070854816629426746125540833035727606516741355676577511359225189296292548229211189083998370260280090542803113716826454333586493978480241538453764023117135870306486868190579583638749543528287787983143040255708751029006941308429997433080718822734531156727166409700399126449488232655765908523538109059027659972391417586695558079006462758935754010444329600948762656764448062867805309855802889917915490930359558417669703746680662875377472240206717145818436374740163786447225207779656991347434454381456624432873034406069959063223124424548648585063412282925582908276089069079075949312780188260640797350892262486199410962058770676561051286324306601018157181978353068747811538127526306308937940842930452043500326163208978153413354707649983565218720121511676564439582142787669964393412352531196622177914611046188301931657468268625996115606390378	-2,-4,-4,-4,3,3,3,3,3,3,3,3	-4,-4,-4,3,3,3,3,3,3,3,3,3	ok
1.071071	12.552553	-51.420479	0.367211	continued:5	24739664234858138982047535273920704865888201889876711837493816699690678265963591165069870505023217046633362579621148489165328977987949899797415602900486143006268665268678106964453841999524106595607605727243377372487650564782802452333008206763043514220470865892407412103036806892083064510289504814600080741268157165354063032161189525829409088498985531970815025159686244986955270210405434697787650037103444327391942508501376229453985083037857645944890272090078718974473418025044221755928344004123983175888817859152476099625581493080234216246769749121423440316080188755726314866454849365625903310727411127889898194381660787032015151698715736677481139420851742750719529547539689342907032684848982153429642503545479758778195831115174999007304520947563003595490867019874169994914300124258307833187901988179428014704959954258008163520937529812950909650540738739709363910934624816250948310905870516490152323845654698835235607375139145151252300518952681249670519366224367191080941950960612430590599784107574388270912656395965864142364667984575546882550050402798003370469155776659862256338059002106715868920421959433223756311341506694462249246973686264750035944554027554964157670321252914659435234646443493670649443320763569393771211014635255250197768479072848942888802904343116166917267274303616645213633258901986934724608102196030566705447199709448848685232091527603953601719852178627896858736075978945818005174493541245870668987929539886645630097678757555544087307337036790434872459172290673698254378844314669452090116179632825192549044579465458111330616555979307251114857149361512116613974709257803359966534656492138218227074841157122375658584060220213022165525332776358629866966288227440625112970679311294012527786937908438788933269152027795727358098149081262309340910027752904780906837503037034324409444406146090624109088924403412096630561891955737242725345322413905726693248195866969791271654695936200328092484246227965825976504945539852784819301024178852444474692192548534126035186023469676002246932424139429748139392521639625101928395106984770436581308351058934055769118232799233408278107027273366695989329209154343877618868661991020975405689106246189336127463396267701412847679116589549251870270844396113558907834058707172256761029888361534374786347487608401449988351944244856780417097985589797080224364751671572412939040572871214031862581112931261011457520216214875551266994707924276208437578826	24739664234858138982047535273920704865888201889876711837493816699690678265963591165069870505023217046633362579621148489165328977987949899797415602900085081435628786567950676391780949633448253616219680559998014214784634910618447122667639804607217055610037222276897125660535867393387520758988742191975475097134159821776175469287214857624750265388130867415580412873925910271279382629434282479656095907178473638142326186864698341018602123575843883404208311798618679388046194707946385968872279636660172423920762823771748609336176990325713506490614247467311351878471253089939596514261196666267475682898635911908731494486904182965558798994916608466464004782386781525115550402067143147698500136991417807965993746533707493179716917949661657133802752099530380500629832889813766318693972247359960254936881029359545309059646697237241209564888106340558287762532356251637258398401846377922451692640383953053577384608293675046043906591724400907098081482508558109337883729893322775980233270148019416024194836854355986212330386751079897066437531206720139847788674454652536826169059736982479309839712946775980354134355139497105828903507866078114564099313317787443741699279748434354864282108704676095037950494415256322118446288427475749205978851269324596498940292431098699161055964032010937538805061400810880000778141585221295661960121653758465320161828777956679765905691202874393069942123161082732764368596183256668409871482159496291125676747387545891967471970332324907043570197065229386255163866210107746591699208187600383560179818969453567831278240700442063884730676248072277428758811049044505165207447625337690420755566586468658464699479123316310221422249448698305310672839958780605303472889516860143027145177515370450071696550435492232120322043063691965361723395875593008624959077336291918422102723834317166910996064524649015409608752666201483300762871511859764063373890148278177809805652145087320758176512244533527455768775288472468173058226911606466872593531508148161676285352943462011002190857608776236684046340174542430222058576499294988381146454595597263037160378537615336897786042277320478072097407340558283482141549662764283552119459527581461893643846659547870636532369265183913568123722036339480903754648521616619057903781503568205185217235072797861330128470070267844936090268012670941851047068925354276958161539676537005868795463212285597973708092562582967912642628361633803674148546236045106072142804	1,-4,-4,-4,3,3,3,3,3,3,3,3	-4,-4,3,3,3,3,3,3,3,3,3,3	ok
1.075075	12.552553	-53.790352	0.368667	continued:5	24739664234858138982047535273920704865888201889876711837493816699690678265963591165069870505023217046633362579621148489165328977987949899797415602900085081435628786567950676391780949633448253616219680559998014214784634910618447122667639804607217055610037222276897125660535867393387520758988742191975475097134159821776175469287214857624750265388130867415580412873925910271279382629434282479656095907178473638142326186864698341018602123575843883404208311798618679388046194707946385968872279636660172423920762823771748609336176990325713506490614247467311351878471253089939596514261196666267475682898635077588364628629417296554229734815495315011752337585393015754405944996164827318009845582551593321289722257247006063686910061456841431892563940020873466746931070957111770150069590359792388197563206227771911411885143855184505614961998508226343153531223089971459935049708039359327667779120430067461929055441744031224422705223831560005091108633317128720548165517033711719448300771525660964913525817712220131912105082815080054605883136048554894173783193438041716508681297001277350562437894851607688119124032266056066591963623197071229719772200831481260746898621517899928612391918713268983151048632780119648896253765940151777173575597570025320253082336116946689981147789765900355562110523987436189411566954756946831913765892283629482126668117215787661175622538482371666841405595054624551275871666632475049764341931929868507018454948365774171910807496638367218687366613903751947086947394002612630474683257999387223688134848014104823955551645010680263372366206458226198558279883447844315148180302724249331888726196930807213187997142652942313186005148224878224024593537200103980637926868603500896185830904692094904758235554768415409124757267836161356776521732484146109863946926378105041694979170269733992817805415234240628485488200053302199364211031646323082439647263607276631895871769259044401451363766451126814443473134220489198884697731101960802990910300139680959518854832128513597114746389737973151315057975842081443516593123962467786526070102139874765749035637088432614260030772344792316488840415153698481155126035457741137680097748660410763036811870095293313414540437283852893333234643562710973384060038416228190613325616933189150517789061901654152308030489428549857055082465581427407486143000730202660813809057790100346399768338483335257539245860316494779637880208922066168766414992991208014608723526	24739664234858138982047535273920704865888201889876711837493816699690678265963591165069870505023217046633362579621148489165328977987949899797415602900085081435628786567950676391780949633448253616219680559998014214784634910618447122667639804607217055610037222276897125660535867393387520758988742191975475097134159821776175469287214857624750265388130867415580412873925910271279382629434282479656095907178473638142326186864698341018602123575843883404208311798618679388046194707946385968872279636660172423920762823771748609336176990325713506490614247467311351878471253089939596514261196666267475682898635911908731494486904182965558798994916608466464004782386781525115550402067143147698500136991417807965993746533707493179716917949661657133802752099530380500629832889813766318693972247359960254936881029359545309059646697237241209564888106340558287762532356251637258398401846377922451692640383953053577384608293675046043906591724400907098081482508558109337883729893322775980233270148019416024194836854355986212330386751079897066437531206720139847788674454652536826169059736982479309839712946775980354134355139497105828903507866078114564099313317787443741699279748434354864282108704676095037950494415256322118446288427475749205978851269324596498940292431098699161055964032010937538805061400810880000778141585221295661960121653758465320161828777956679765905691202874393069942123161082732764368596183256668409871482159496291125676747387545891967471970332324907043570197065229386255163866210107746591699208187600383560179818969453567831278240700442063884730676248072277428758811049044505165207447625337690420755566586468658464699479123316310221422249448698305310672839958780605303472889516860143027145177515370450071696550435492232120322043063691965361723395875593008624959077336291918422102723834317166910996064524649015409608752666201483300762871511859764063373890148278177809805652145087320758176512244533527455768775288472468173058226911606466872593531508148161676285352943462011002190857608776236684046340174542430222058576499294988381146454595597263037160378537615336897786042277320478072097407340558283482141549662764283552119459527581461893643846659547870636532369265183913568123722036339480903754648521616619057903781503568205185217235072797861330128470070267844936090268012670941851047068925354276958161539676537005868795463212285597973708092562582967912642628361633803674148546236045106072142804	1,3,3,3,3,3,3,3,3,3,3,3	-4,-4,3,3,3,3,3,3,3,3,3,3	ok
1.079079	12.552553	-55.191061	0.371461	continued:5	24739664234858138982047535273920704865888201889876711837493816699690678265963591165069870505023217046633362579621148489165328977987949899797415602900085081435628786567950676391780949633448253616219680559998014214784634910618447122667639804607217055610037222276897125660535867393387520758988742191975475097134159821776175469287214857624750265388130867415580412873925910271279382629434282479656095907178473638142326186864698341018602123575843883404208311798618679388046194707946385968872279636660172423920762823771748609336176990325713506490614247467311351878471253089939596514261196666267475682898635077588364628629417296554229734815495315011752337585393015754405944996164827318009845582551593321289722257247006063686910061456841431892563940020873466746931070957111770150069590359792388197563206227771911411885143855184505614961998508226343153531223089971459935049708039359327667779120430067461929055441744031224422705223831560005091108633317128720548165517033711719448300771525660964913525817712220131912105082815080054605883136048554894173783193438041716508681297001277350562437894851607688119124032266056066591963623197071229719772200831481260746898621517899928612391918713268983151048632780119648896253765940151777173575597570025320253082336116946689981147789765900355562110523987436189411566954756946831913765892283629482126668117215787661175622538482371666841405595054624551275871666632475049764341931929868507018454948365774171910807496638367218687366613903751947086947394002612630474683257999387223688134848014104823955551645010680263372366206458226198558279883447844315148180302724249331888726196930807213187997142652942313186005148224878224024593537200103980637926868603500896185830904692094904758235554768415409124757267836161356776521732484146109863946926378105041694979170269733992817805415234240628485488200053302199364211031646323082439647263607276631895871769259044401451363766451126814443473134220489198884697731101960802990910300139680959518854832128513597114746389737973151315057975842081443516593123962467786526070102139874765749035637088432614260030772344792316488840415153698481155126035457741137680097748660410763036811870095293313414540437283852893333234643562710973384060038416228190613325616933189150517789061901654152308030489428549857055082465581427407486143000730202660813809057790100346399768338483335257539245860316494779637880208922066168766414992991208014608723526	24739664234858138982047535273920704865888201889876711837493816699690678265963591165069870505023217046633362579621148489165328977987949899797415602900085081435628786567950676391780949633448253616219680559998014214784634910618447122667639804607217055610037222276897125660535867393387520758988742191975475097134159821776175469287214857624750265388130867415580412873925910271279382629434282479656095907178473638142326186864698341018602123575843883404208311798618679388046194707946385968872279636660172423920762823771748609336176990325713506490614247467311351878471253089939596514261196666267475682898635911908731494486904182965558798994916608466464004782386781525115550402067143147698500136991417807965993746533707493179716917949661657133802752099530380500629832889813766318693972247359960254936881029359545309059646697237241209564888106340558287762532356251637258398401846377922451692640383953053577384608293675046043906591724400907098081482508558109337883729893322775980233270148019416024194836854355986212330386751079897066437531206720139847788674454652536826169059736982479309839712946775980354134355139497105828903507866078114564099313317787443741699279748434354864282108704676095037950494415256322118446288427475749205978851269324596498940292431098699161055964032010937538805061400810880000778141585221295661960121653758465320161828777956679765905691202874393069942123161082732764368596183256668409871482159496291125676747387545891967471970332324907043570197065229386255163866210107746591699208187600383560179818969453567831278240700442063884730676248072277428758811049044505165207447625337690420755566586468658464699479123316310221422249448698305310672839958780605303472889516860143027145177515370450071696550435492232120322043063691965361723395875593008624959077336291918422102723834317166910996064524649015409608752666201483300762871511859764063373890148278177809805652145087320758176512244533527455768775288472468173058226911606466872593531508148161676285352943462011002190857608776236684046340174542430222058576499294988381146454595597263037160378537615336897786042277320478072097407340558283482141549662764283552119459527581461893643846659547870636532369265183913568123722036339480903754648521616619057903781503568205185217235072797861330128470070267844936090268012670941851047068925354276958161539676537005868795463212285597973708092562582967912642628361633803674148546236045106072142804	1,3,3,3,3,3,3,3,3,3,3,3	-4,-4,3,3,3,3,3,3,3,3,3,3	ok
1.083083	12.552553	-56.002787	0.374254	continued:5	24739664234858138982047535273920704865888201889876711837493816699690678265963591165069870505023217046633362579621148489165328977987949899797415602900085081435628786567950676391780949633448253616219680559998014214784634910618447122667639804607217055610037222276897125660535867393387520758988742191975475097134159821776175469287214857624750265388130867415580412873925910271279382629434282479656095907178473638142326186864698341018602123575843883404208311798618679388046194707946385968872279636660172423920762823771748609336176990325713506490614247467311351878471253089939596514261196666267475682898634243267997762771930410142900670636074021557040670388399249983696339590262511488321191028111768834613450767960304634194103204964021206651325127942216552993232309024409773981445208472224816140189531426184277514710641013131770020359108910112128019299913823691282611701014232340732883865600476181870280726275194387402801503855938719103084135784125699331758447304174100662916368272903302513802856798570084277611879778879080212145328740890389648499777712421430896191193534265572221815036076756439395884113709392615027355023738528064344875445088345175077752097963287365502360501728721861871264146771144983038981451065234443532230128479387983091178115116865397789445692406842570296874636697851097380933418704069590626609465948560603473879391927021936609892497030766066439311989055559801954043049805989246808076002820926412206771982677930128173590656691346815242089592352131649791234660908254336120161441278044452141346362259332324623823442752429020252703692037920446518266339880184175982734033890524146608986092170383351526347780195856612233866890207274854912394255253797034498025177504040573862379852175818405720648724662509425309904623215441652969894456375797348294018701474667596113699503699804257510644865944556003163418517465091293523098337713971439143262860866630433826939046572223812846995302177832684009295283850085271922209218289826793158306095880538596644949731520939723267743912674385996169248931599733489805973717049287595979933428139588632497689630191626157849810295891898272345170075511178293984781094431818381849765002366387809840067045460746583980245902014647851395563333819566432273055608497876820056529478532104543444851572017749742461936426454865999204873158080228097793820547740165031361945204765136362373095055001802531241029603890932315786052471036261013332590523245255330916816568212	24739664234858138982047535273920704865888201889876711837493816699690678265963591165069870505023217046633362579621148489165328977987949899797415602900085081435628786567950676391780949633448253616219680559998014214784634910618447122667639804607217055610037222276897125660535867393387520758988742191975475097134159821776175469287214857624750265388130867415580412873925910271279382629434282479656095907178473638142326186864698341018602123575843883404208311798618679388046194707946385968872279636660172423920762823771748609336176990325713506490614247467311351878471253089939596514261196666267475682898635911908731494486904182965558798994916608466464004782386781525115550402067143147698500136991417807965993746533707493179716917949661657133802752099530380500629832889813766318693972247359960254936881029359545309059646697237241209564888106340558287762532356251637258398401846377922451692640383953053577384608293675046043906591724400907098081482508558109337883729893322775980233270148019416024194836854355986212330386751079897066437531206720139847788674454652536826169059736982479309839712946775980354134355139497105828903507866078114564099313317787443741699279748434354864282108704676095037950494415256322118446288427475749205978851269324596498940292431098699161055964032010937538805061400810880000778141585221295661960121653758465320161828777956679765905691202874393069942123161082732764368596183256668409871482159496291125676747387545891967471970332324907043570197065229386255163866210107746591699208187600383560179818969453567831278240700442063884730676248072277428758811049044505165207447625337690420755566586468658464699479123316310221422249448698305310672839958780605303472889516860143027145177515370450071696550435492232120322043063691965361723395875593008624959077336291918422102723834317166910996064524649015409608752666201483300762871511859764063373890148278177809805652145087320758176512244533527455768775288472468173058226911606466872593531508148161676285352943462011002190857608776236684046340174542430222058576499294988381146454595597263037160378537615336897786042277320478072097407340558283482141549662764283552119459527581461893643846659547870636532369265183913568123722036339480903754648521616619057903781503568205185217235072797861330128470070267844936090268012670941851047068925354276958161539676537005868795463212285597973708092562582967912642628361633803674148546236045106072142804	-2,-3,3,3,3,3,3,3,3,3,3,3	-4,-4,3,3,3,3,3,3,3,3,3,3	ok
1.087087	12.552553	-56.527839	0.377047	continued:5	24739664234858138982047535273920704865888201889876711837493816699690678265963591165069870505023217046633362579621148489165328977987949899797415602900085081435628786567950676391780949633448253616219680559998014214784634910618447122667639804607217055610037222276897125660535867393387520758988742191975068739599561877095964899474811411112849363891975896936343510523748486553572743119574478637627036815010606570296549295449903872395547814201472288690600401391970710207680991996967725927736078698609646025886760623301484893969395140124256321583759660008511989034880161603587343766846564881412957664193160293911053689719871611206658254136486177528035354891056823026459759108803376077545672822455278492130859828000778122018153691828408316667205001432510625348125884164883415334966519317719185378082785331593140967376256695584243602161367686126845384020383644052654629863153066464232199193039312048411625270703565027294009280503808065293010982622804713767854158506623309929038203735321679564792427319617188020951211752787433130460033719261983851373319380201657407199848709012582912613704906685036256717321116920168000856161374231748601186011289321356118218105780932108146994275265423896553639163108822190120505201851376526223616511746813587034852230500996547107152889311733981804961298865732590238949848814747504031572336464910755505444184171684578412375691371232796733633004329909818637015779136316185800701059705847924503338691617671601127316072502017275193628181235668171770630945044403390581261596845136233024933387407660648998783226591185572080506140044501622288014531388757992495268246673778435264896975662886054029928009946017880753559998410396127428476026226270178345522373948277993611184310095033586855799573861361751243278710950116380688886416913437431645809060691781605136230732847886904913065878891361294409292744016482660267859951461144105642561112430290809824789593393862724024859384472862992224904936817412086135189517951494157405351839959771169156725286588689282650278017862298826245883406958844349860650893544505113618487815714837071478884561236606956873501591882545680764681493442596978695788056861875215919037942364586043372420296310369675724749963252597306633127595643513966579117813015730319303550024646050465431500036511398145225336767418417108110210136206581565715140822302456227326318745697059518005353709423578961829590919710836285885022591972678948126131748262728687746755556049	24739664234858138982047535273920704865888201889876711837493816699690678265963591165069870505023217046633362579621148489165328977987949899797415602900085081435628786567950676391780949633448253616219680559998014214784634910618447122667639804607217055610037222276897125660535867393387520758988742191975475097134159821776175469287214857624750265388130867415580412873925910271279382629434282479656095907178473638142326186864698341018602123575843883404208311798618679388046194707946385968872279636660172423920762823771748609336176990325713506490614247467311351878471253089939596514261196666267475682898635911908731494486904182965558798994916608466464004782386781525115550402067143147698500136991417807965993746533707493179716917949661657133802752099530380500629832889813766318693972247359960254936881029359545309059646697237241209564888106340558287762532356251637258398401846377922451692640383953053577384608293675046043906591724400907098081482508558109337883729893322775980233270148019416024194836854355986212330386751079897066437531206720139847788674454652536826169059736982479309839712946775980354134355139497105828903507866078114564099313317787443741699279748434354864282108704676095037950494415256322118446288427475749205978851269324596498940292431098699161055964032010937538805061400810880000778141585221295661960121653758465320161828777956679765905691202874393069942123161082732764368596183256668409871482159496291125676747387545891967471970332324907043570197065229386255163866210107746591699208187600383560179818969453567831278240700442063884730676248072277428758811049044505165207447625337690420755566586468658464699479123316310221422249448698305310672839958780605303472889516860143027145177515370450071696550435492232120322043063691965361723395875593008624959077336291918422102723834317166910996064524649015409608752666201483300762871511859764063373890148278177809805652145087320758176512244533527455768775288472468173058226911606466872593531508148161676285352943462011002190857608776236684046340174542430222058576499294988381146454595597263037160378537615336897786042277320478072097407340558283482141549662764283552119459527581461893643846659547870636532369265183913568123722036339480903754648521616619057903781503568205185217235072797861330128470070267844936090268012670941851047068925354276958161539676537005868795463212285597973708092562582967912642628361633803674148546236045106072142804	1,-3,-3,3,3,3,3,3,3,3,3,3	-4,-4,3,3,3,3,3,3,3,3,3,3	ok
1.091091	12.552553	-56.880967	0.376005	continued:5	24739664234858138982047535273920704865888201889876711837493816699690678265963591165069870505023217046633362579621148489165328977987949899797415602900085081435628786567950676391780949633448253616219680559998014214784634910618447122667639804607217055610037222276897125660535867393387520758988742191975068739599561877095964899474811411112849363891975896936343510523748486553572743119574478637627036815010606570296549295449903872395547814201472288690600401391970710207680991996967725927736078698609646025886760623301484893969395140124256321583759660008511989034880161603587343766846564881412957664193160293911053689719871611206658254136486177528035354891056823026459759108803376077545672822455278492130859828000778122018153691828408316667205001432510625348125884164883415334966519317719185378082785331593140967376256695584243602161367686126845384020383644052654629863153066464232199193039312048411625270703565027294009280503808065293010982622804713767854158506623309929038203735321679564792427319617188020951211752787433130460033719261983851373319380201657407199848709012582912613704906685036256717321116920168000856161374231748601186011289321356118218105780932108146994275265423896553639163108822190120505201851376526223616511746813587034852230500996547107152889311733981804961298865732590238949848814747504031572336464910755505444184171684578412375691371232796733633004329909818637015779136316185800701059705847924503338691617671601127316072502017275193628181235668171770630945044403390581261596845136233024933387407660648998783226591185572080506140044501622288014531388757992495268246673778435264896975662886054029928009946017880753559998410396127428476026226270178345522373948277993611184310095033586855799573861361751243278710950116380688886416913437431645809060691781605136230732847886904913065878891361294409292744016482660267859951461144105642561112430290809824789593393862724024859384472862992224904936817412086135189517951494157405351839959771169156725286588689282650278017862298826245883406958844349860650893544505113618487815714837071478884561236606956873501591882545680764681493442596978695788056861875215919037942364586043372420296310369675724749963252597306633127595643513966579117813015730319303550024646050465431500036511398145225336767418417108110210136206581565715140822302456227326318745697059518005353709423578961829590919710836285885022591972678948126131748262728687746755556049	24739664234858138982047535273920704865888201889876711837493816699690678265963591165069870505023217046633362579621148489165328977987949899797415602900085081435628786567950676391780949633448253616219680559998014214784634910618447122667639804607217055610037222276897125660535867393387520758988742191975475097134159821776175469287214857624750265388130867415580412873925910271279382629434282479656095907178473638142326186864698341018602123575843883404208311798618679388046194707946385968872279636660172423920762823771748609336176990325713506490614247467311351878471253089939596514261196666267475682898635911908731494486904182965558798994916608466464004782386781525115550402067143147698500136991417807965993746533707493179716917949661657133802752099530380500629832889813766318693972247359960254936881029359545309059646697237241209564888106340558287762532356251637258398401846377922451692640383953053577384608293675046043906591724400907098081482508558109337883729893322775980233270148019416024194836854355986212330386751079897066437531206720139847788674454652536826169059736982479309839712946775980354134355139497105828903507866078114564099313317787443741699279748434354864282108704676095037950494415256322118446288427475749205978851269324596498940292431098699161055964032010937538805061400810880000778141585221295661960121653758465320161828777956679765905691202874393069942123161082732764368596183256668409871482159496291125676747387545891967471970332324907043570197065229386255163866210107746591699208187600383560179818969453567831278240700442063884730676248072277428758811049044505165207447625337690420755566586468658464699479123316310221422249448698305310672839958780605303472889516860143027145177515370450071696550435492232120322043063691965361723395875593008624959077336291918422102723834317166910996064524649015409608752666201483300762871511859764063373890148278177809805652145087320758176512244533527455768775288472468173058226911606466872593531508148161676285352943462011002190857608776236684046340174542430222058576499294988381146454595597263037160378537615336897786042277320478072097407340558283482141549662764283552119459527581461893643846659547870636532369265183913568123722036339480903754648521616619057903781503568205185217235072797861330128470070267844936090268012670941851047068925354276958161539676537005868795463212285597973708092562582967912642628361633803674148546236045106072142804	1,-3,-3,3,3,3,3,3,3,3,3,3	-4,-4,3,3,3,3,3,3,3,3,3,3	ok
1.095095	12.552553	-57.174309	0.378798	continued:5	24739664234858138982047535273920704865888201889876711837493816699690678265963591165069870505023217046633362579621148489165328977987949899797415602900085081435628786567950676391780949633448253616219680559998014214784634910618447122667639804607217055610037222276897125660535867393387520758988742191975068739599561877095964899474811411112849363891975896936343510523748486553572743119574478637627036815010606570296549295449903872395547814201472288690600401391970710207680991996967725927736078698609646025886760623301484893969395140124256321583759660008511989034880161603587343766846564881412957664193160293911053689719871611206658254136486177528035354891056823026459759108803376077545672822455278492130859828000778122018153691828408316667205001432510625348125884164883415334966519317719185378082785331593140967376256695584243602161367686126845384020383644052654629863153066464232199193039312048411625270703565027294009280503808065293010982622804713767854158506623309929038203735321679564792427319617188020951211752787433130460033719261983851373319380201657407199848709012582912613704906685036256717321116920168000856161374231748601186011289321356118218105780932108146994275265423896553639163108822190113471047426734124476162183287311669585166575974656257872859061223807006191262496564479586252048619599620735336189681544283299619339048891532543082674896077343441455999768775619636905431815239770902092150260768156127671798608336717587158234237649972563447877244644402685628040286157019032958394510848501415780519415347096890461588833505803376607145510778282012162753693521400982990915499130620203910819137518380889116232924333636376586740877794001028642469475463104111886037064085711299629251602984798018373643818053801154148767115479407825608774292365225974777236731036954637727518514364938807506930482674634053574840128099857055846722705996887537846471378896036230000761886954082962079230176891665300624457180217393915254959951788205013100298328916734367761735830180036379387713483275490981056648856897556090488426479453108807914202324663646543758749450089200540783790293426924600557549465692590510895537917049187900978727300849919570344702859953016193146071571079000280072231064013446392998364699939857950704272486626499151926714091307221943403388777645480872656163999693503799444851481068944328349342399096175544334410344251152360701292793421453687590012922333339147945678759469921244223504015349	24739664234858138982047535273920704865888201889876711837493816699690678265963591165069870505023217046633362579621148489165328977987949899797415602900085081435628786567950676391780949633448253616219680559998014214784634910618447122667639804607217055610037222276897125660535867393387520758988742191975475097134159821776175469287214857624750265388130867415580412873925910271279382629434282479656095907178473638142326186864698341018602123575843883404208311798618679388046194707946385968872279636660172423920762823771748609336176990325713506490614247467311351878471253089939596514261196666267475682898635911908731494486904182965558798994916608466464004782386781525115550402067143147698500136991417807965993746533707493179716917949661657133802752099530380500629832889813766318693972247359960254936881029359545309059646697237241209564888106340558287762532356251637258398401846377922451692640383953053577384608293675046043906591724400907098081482508558109337883729893322775980233270148019416024194836854355986212330386751079897066437531206720139847788674454652536826169059736982479309839712946775980354134355139497105828903507866078114564099313317787443741699279748434354864282108704676095037950494415256322118446288427475749205978851269324596498940292431098699161055964032010937538805061400810880000778141585221295661960121653758465320161828777956679765905691202874393069942123161082732764368596183256668409871482159496291125676747387545891967471970332324907043570197065229386255163866210107746591699208187600383560179818969453567831278240700442063884730676248072277428758811049044505165207447625337690420755566586468658464699479123316310221422249448698305310672839958780605303472889516860143027145177515370450071696550435492232120322043063691965361723395875593008624959077336291918422102723834317166910996064524649015409608752666201483300762871511859764063373890148278177809805652145087320758176512244533527455768775288472468173058226911606466872593531508148161676285352943462011002190857608776236684046340174542430222058576499294988381146454595597263037160378537615336897786042277320478072097407340558283482141549662764283552119459527581461893643846659547870636532369265183913568123722036339480903754648521616619057903781503568205185217235072797861330128470070267844936090268012670941851047068925354276958161539676537005868795463212285597973708092562582967912642628361633803674148546236045106072142804	-1,-3,-3,3,3,3,3,3,3,3,3,3	-4,-4,3,3,3,3,3,3,3,3,3,3	ok
1.099099	12.552553	-57.366814	0.377756	continued:5	24739664234858138982047535273920704865888201889876711837493816699690678265963591165069870505023217046633362579621148489165328977987949899797415602900085081435628786567950676391780949633448253616219680559998014214784634910618447122667639804607217055610037222276897125660535867393387520758988742191975068739599561877095964899474811411112849363891975896936343510523748486553572743119574478637627036815010606570296549295449903872395547814201472288690600401391970710207680991996967725927736078698609646025886760623301484893969395140124256321583759660008511989034880161603587343766846564881412957664193160293911053689719871611206658254136486177528035354891056823026459759108803376077545672822455278492130859828000778122018153691828408316667205001432510625348125884164883415334966519317719185378082785331593140967376256695584243602161367686126845384020383644052654629863153066464232199193039312048411625270703565027294009280503808065293010982622804713767854158506623309929038203735321679564792427319617188020951211752787433130460033719261983851373319380201657407199848709012582912613704906685036256717321116920168000856161374231748601186011289321356118218105780932108146994275265423896553639163108822190106436893002091722728707854827809752135480921448315968638565233135880030577563694263226582265147390384493966640807026623655843733233913611380507752974100783454086178366533221329455173847851343225618383599461830464330840258525055763573189152402797927851702126308053137199485449627269634675335527424851866598536105443286533131924394440420421181133784881512062402037492855654043973486562751587461972556741299373875724202537838721254872419921757177605929856462924699938045426551754223144605647318895874562449891488062246240557054255520008699270528662167817014517908664401382127670318806295881990710100795086457906812740387512183231451425585460532630970050381645361781650176734180514303200133600969310467609024009423617375744374730385624915868795244817873697566366746373771383476125148948688683135867414306836267831116202065361712502209916833612456016038614338941794124694078994971303520350417437942584043095287777236500586038416659335253097316985423595662710567393178905403253511334532383378819417611586863985582104994948606947838421928146103045741581440787872544637202117863180426033174562139835432429372366052495291570663466979078725759572994667132071089295003252693999347765225770677113800700252474650	24739664234858138982047535273920704865888201889876711837493816699690678265963591165069870505023217046633362579621148489165328977987949899797415602900085081435628786567950676391780949633448253616219680559998014214784634910618447122667639804607217055610037222276897125660535867393387520758988742191975475097134159821776175469287214857624750265388130867415580412873925910271279382629434282479656095907178473638142326186864698341018602123575843883404208311798618679388046194707946385968872279636660172423920762823771748609336176990325713506490614247467311351878471253089939596514261196666267475682898635911908731494486904182965558798994916608466464004782386781525115550402067143147698500136991417807965993746533707493179716917949661657133802752099530380500629832889813766318693972247359960254936881029359545309059646697237241209564888106340558287762532356251637258398401846377922451692640383953053577384608293675046043906591724400907098081482508558109337883729893322775980233270148019416024194836854355986212330386751079897066437531206720139847788674454652536826169059736982479309839712946775980354134355139497105828903507866078114564099313317787443741699279748434354864282108704676095037950494415256322118446288427475749205978851269324596498940292431098699161055964032010937538805061400810880000778141585221295661960121653758465320161828777956679765905691202874393069942123161082732764368596183256668409871482159496291125676747387545891967471970332324907043570197065229386255163866210107746591699208187600383560179818969453567831278240700442063884730676248072277428758811049044505165207447625337690420755566586468658464699479123316310221422249448698305310672839958780605303472889516860143027145177515370450071696550435492232120322043063691965361723395875593008624959077336291918422102723834317166910996064524649015409608752666201483300762871511859764063373890148278177809805652145087320758176512244533527455768775288472468173058226911606466872593531508148161676285352943462011002190857608776236684046340174542430222058576499294988381146454595597263037160378537615336897786042277320478072097407340558283482141549662764283552119459527581461893643846659547870636532369265183913568123722036339480903754648521616619057903781503568205185217235072797861330128470070267844936090268012670941851047068925354276958161539676537005868795463212285597973708092562582967912642628361633803674148546236045106072142804	0,-3,-3,3,3,3,3,3,3,3,3,3	-4,-4,3,3,3,3,3,3,3,3,3,3	ok
1.103103	12.552553	-57.539397	0.377047	continued:5	24739664234858138982047535273920704865888201889876711837493816699690678265963591165069870505023217046633362579621148489165328977987949899797415602900085081435628786567950676391780949633448253616219680559998014214784634910618447122667639804607217055610037222276897125660535867393387520758988742191975068739599561877095964899474811411112849363891975896936343510523748486553572743119574478637627036815010606570296549295449903872395547814201472288690600401391970710207680991996967725927736078698609646025886760623301484893969395140124256321583759660008511989034880161603587343766846564881412957664193160293911053689719871611206658254136486177528035354891056823026459759108803376077545672822455278492130859828000778122018153691828408316667205001432510625348125884164883415334966519317719185378082785331593140967376256695584243602161367686126845384020383644052654629863153066464232199193039312048411625270703565027294009280503808065293010982622804713767854158506623309929038203735321679564792427319617188020951211752787433130460033719261983851373319380201657407199848709012582912613704906685036256717321116920168000856161374231748601186011289321356118218105780932108146994275265423896553639163108822190106436893002091722728707854827809752135480921448315968638565233135880030577563694263226582265147390384493966640807026623655843733233913611380507752974100783454086178366533221329455173847851343225618383599461830464330840258525055763573189152402797927851702126308053137199485449627269634675335527424851866598536105443286533131924394440420421181133784881512062402037492855654043973486562751587461972556741299373875724202537838721254872419921757177605929856462924699938045426551754223144605647318895874562449891488062246240557054255520008699270528662167817014517908664401382127670318806295881990710100795086457906812740387512183231451425585460532630970050381645361781650176734180514303200133600969310467609024009423617375744374730385624915868795244817873697566366746373771383476125148948688683135867414306836267831116202065361712502209916833612456016038614338941794124694078994971303520350417437942584043095287777236500586038416659335253097316985423595662710567393178905403253511334532383378819417611586863985582104994948606947838421928146103045741581440787872544637202117863180426033174562139835432429372366052495291570663466979078725759572994667132071089295003252693999347765225770677113800700252474650	24739664234858138982047535273920704865888201889876711837493816699690678265963591165069870505023217046633362579621148489165328977987949899797415602900085081435628786567950676391780949633448253616219680559998014214784634910618447122667639804607217055610037222276897125660535867393387520758988742191975475097134159821776175469287214857624750265388130867415580412873925910271279382629434282479656095907178473638142326186864698341018602123575843883404208311798618679388046194707946385968872279636660172423920762823771748609336176990325713506490614247467311351878471253089939596514261196666267475682898635911908731494486904182965558798994916608466464004782386781525115550402067143147698500136991417807965993746533707493179716917949661657133802752099530380500629832889813766318693972247359960254936881029359545309059646697237241209564888106340558287762532356251637258398401846377922451692640383953053577384608293675046043906591724400907098081482508558109337883729893322775980233270148019416024194836854355986212330386751079897066437531206720139847788674454652536826169059736982479309839712946775980354134355139497105828903507866078114564099313317787443741699279748434354864282108704676095037950494415256322118446288427475749205978851269324596498940292431098699161055964032010937538805061400810880000778141585221295661960121653758465320161828777956679765905691202874393069942123161082732764368596183256668409871482159496291125676747387545891967471970332324907043570197065229386255163866210107746591699208187600383560179818969453567831278240700442063884730676248072277428758811049044505165207447625337690420755566586468658464699479123316310221422249448698305310672839958780605303472889516860143027145177515370450071696550435492232120322043063691965361723395875593008624959077336291918422102723834317166910996064524649015409608752666201483300762871511859764063373890148278177809805652145087320758176512244533527455768775288472468173058226911606466872593531508148161676285352943462011002190857608776236684046340174542430222058576499294988381146454595597263037160378537615336897786042277320478072097407340558283482141549662764283552119459527581461893643846659547870636532369265183913568123722036339480903754648521616619057903781503568205185217235072797861330128470070267844936090268012670941851047068925354276958161539676537005868795463212285597973708092562582967912642628361633803674148546236045106072142804	0,-3,-3,3,3,3,3,3,3,3,3,3	-4,-4,3,3,3,3,3,3,3,3,3,3	ok
1.107107	12.552553	-57.692212	0.376674	full	24739664234858138982047535273920704865888201889876711837493816699690678265963591165069870505023217046633362579621148489165328977987949899797415602900085081435628786567950676391780949633448253616219680559998014214784634910618447122667639804607217055610037222276897125660535867393387520758988742191975068739599561877095964899474811411112849363891975896936343510523748486553572743119574478637627036815010606570296549295449903872395547814201472288690600401391970710207680991996967725927736078698609646025886760623301484893969395140124256321583759660008511989034880161603587343766846564881412957664193160293911053689719871611206658254136486177528035354891056823026459759108803376077545672822455278492130859828000778122018153691828408316667205001432510625348125884164883415334966519317719185378082785331593140967376256695584243602161367686126845384020383644052654629863153066464232199193039312048411625270703565027294009280503808065293010982622804713767854158506623309929038203735321679564792427319617188020951211752787433130460033719261983851373319380201657407199848709012582912613704906685036256717321116920168000856161374231748601186011289321356118218105780932108146994275265423896553639163108822190106436893002091722728707854827809752135480921448315968638565233135880030577563694263226582265147390384493966640807026623655843733233913611380507752974100783454086178366533221329455173847851343225618383599461830464330840258525055763573189152402797927851702126308053137199485449627269634675335527424851866598536105443286533131924394440420421181133784881512062402037492855654043973486562751587461972556741299373875724202537838721254872419921757177605929856462924699938045426551754223144605647318895874562449891488062246240557054255520008699270528662167817014517908664401382127670318806295881990710100795086457906812740387512183231451425585460532630970050381645361781650176734180514303200133600969310467609024009423617375744374730385624915868795244817873697566366746373771383476125148948688683135867414306836267831116202065361712502209916833612456016038614338941794124694078994971303520350417437942584043095287777236500586038416659335253097316985423595662710567393178905403253511334532383378819417611586863985582104994948606947838421928146103045741581440787872544637202117863180426033174562139835432429372366052495291570663466979078725759572994667132071089295003252693999347765225770677113800700252474650	24739664234858138982047535273920704865888201889876711837493816699690678265963591165069870505023217046633362579621148489165328977987949899797415602900085081435628786567950676391780949633448253616219680559998014214784634910618447122667639804607217055610037222276897125660535867393387520758988742191975475097134159821776175469287214857624750265388130867415580412873925910271279382629434282479656095907178473638142326186864698341018602123575843883404208311798618679388046194707946385968872279636660172423920762823771748609336176990325713506490614247467311351878471253089939596514261196666267475682898635911908731494486904182965558798994916608466464004782386781525115550402067143147698500136991417807965993746533707493179716917949661657133802752099530380500629832889813766318693972247359960254936881029359545309059646697237241209564888106340558287762532356251637258398401846377922451692640383953053577384608293675046043906591724400907098081482508558109337883729893322775980233270148019416024194836854355986212330386751079897066437531206720139847788674454652536826169059736982479309839712946775980354134355139497105828903507866078114564099313317787443741699279748434354864282108704676095037950494415256322118446288427475749205978851269324596498940292431098699161055964032010937538805061400810880000778141585221295661960121653758465320161828777956679765905691202874393069942123161082732764368596183256668409871482159496291125676747387545891967471970332324907043570197065229386255163866210107746591699208187600383560179818969453567831278240700442063884730676248072277428758811049044505165207447625337690420755566586468658464699479123316310221422249448698305310672839958780605303472889516860143027145177515370450071696550435492232120322043063691965361723395875593008624959077336291918422102723834317166910996064524649015409608752666201483300762871511859764063373890148278177809805652145087320758176512244533527455768775288472468173058226911606466872593531508148161676285352943462011002190857608776236684046340174542430222058576499294988381146454595597263037160378537615336897786042277320478072097407340558283482141549662764283552119459527581461893643846659547870636532369265183913568123722036339480903754648521616619057903781503568205185217235072797861330128470070267844936090268012670941851047068925354276958161539676537005868795463212285597973708092562582967912642628361633803674148546236045106072142804	0,-3,-3,3,3,3,3,3,3,3,3,3	-4,-4,3,3,3,3,3,3,3,3,3,3	ok
1.111111	12.552553	-18.792177	0.358563	continued:5	24739664234858138982047535273920704865888201889876711837493816699690678265963591165069870505023217046633362579621148489165328977987949899797415602900486143006268665268678106964453841999524106595607605727243377372487650564782802452333008206763043514220470865892407412103036806892083064510289504814600080741268157165354063032161189525829409088498985531970815025159686244986955270210405434697787650037103444327391942508501376229453985083037857645944890272090078718974473418025044221755928344004123983175888817859152476099625581493080234216246769749121423440316080188755726314866454849365625903310727411127889898194381660787032015151698715736677481139420851742750719529547539689342907032684848982153429642503545479758778195831115174999007304520947563003595490867019874169994914300124258307833187901988179428014704959954258008163520937529812950909650540738739709363910934624816250948310905870516490152323845654698835235607375139145151252300518952681249670519366224367191080941950960612430590599784107574388270912656395965864142364667984575546882550050402798003370469155776659862256338059002106715868920421959433223756311341506694462249246973686264750035944554027554964157670321252914659435234646443493663615288896121167646316882555133337800512113952732559708594974816416140553218464973050612658312404043775218239341953181568574680600311919557413518984379781322366434353401542267398063152066182910455992090212547448155137321246935207939809700388377831973332968393874569471206413709830167882966090206634922349461709974156955283003943043392504541949407334535751777012198640212694802839743412698041590634279560381600372922760012623550108181664702348323127201509122143409384103694572753623291772254278495815815482190520222548064790671557259281030022688564370422258339384692836564064490467123135582358419887445080167098579144877715501490636034742333352845682031947806047235860721832893234206830800328259966071434373052919619491540166447872584124169780886118668130297673901179132863639733214944723661858903373090905846808882482137330006017888285895337117776326877379910898599882440564648509935829635199955452561261750642259000936907313009325867934702239716886721992350880878077876536387982415177692198723424544257008965116476878821299701002351007669058010644944374151994666135649569140775605370875066801434353644746286150008176849296327554732800639352990232944027059942138998782429242519222574309462368956915	24739664234858138982047535273920704865888201889876711837493816699690678265963591165069870505023217046633362579621148489165328977987949899797415602900085081435628786567950676391780949633448253616219680559998014214784634910618447122667639804607217055610037222276897125660535867393387520758988742191975475097134159821776175469287214857624750265388130867415580412873925910271279382629434282479656095907178473638142326186864698341018602123575843883404208311798618679388046194707946385968872279636660172423920762823771748609336176990325713506490614247467311351878471253089939596514261196666267475682898635911908731494486904182965558798994916608466464004782386781525115550402067143147698500136991417807965993746533707493179716917949661657133802752099530380500629832889813766318693972247359960254936881029359545309059646697237241209564888106340558287762532356251637258398401846377922451692640383953053577384608293675046043906591724400907098081482508558109337883729893322775980233270148019416024194836854355986212330386751079897066437531206720139847788674454652536826169059736982479309839712946775980354134355139497105828903507866078114564099313317787443741699279748434354864282108704676095037950494415256322118446288427475749205978851269324596498940292431098699161055964032010937538805061400810880000778141585221295661960121653758465320161828777956679765905691202874393069942123161082732764368596183256668409871482159496291125676747387545891967471970332324907043570197065229386255163866210107746591699208187600383560179818969453567831278240700442063884730676248072277428758811049044505165207447625337690420755566586468658464699479123316310221422249448698305310672839958780605303472889516860143027145177515370450071696550435492232120322043063691965361723395875593008624959077336291918422102723834317166910996064524649015409608752666201483300762871511859764063373890148278177809805652145087320758176512244533527455768775288472468173058226911606466872593531508148161676285352943462011002190857608776236684046340174542430222058576499294988381146454595597263037160378537615336897786042277320478072097407340558283482141549662764283552119459527581461893643846659547870636532369265183913568123722036339480903754648521616619057903781503568205185217235072797861330128470070267844936090268012670941851047068925354276958161539676537005868795463212285597973708092562582967912642628361633803674148546236045106072142804	-1,-4,-4,-4,3,3,3,3,3,3,3,3	-4,-4,3,3,3,3,3,3,3,3,3,3	ok
1.115115	12.552553	-47.567348	0.361356	continued:5	24739664234858138982047535273920704865888201889876711837493816699690678265963591165069870505023217046633362579621148489165328977987949899797415602900486143006268665268678106964453841999524106595607605727243377372487650564782802452333008206763043514220470865892407412103036806892083064510289504814600080741268157165354063032161189525829409088498985531970815025159686244986955270210405434697787650037103444327391942508501376229453985083037857645944890272090078718974473418025044221755928344004123983175888817859152476099625581493080234216246769749121423440316080188755726314866454849365625903310727411127889898194381660787032015151698715736677481139420851742750719529547539689342907032684848982153429642503545479758778195831115174999007304520947563003595490867019874169994914300124258307833187901988179428014704959954258008163520937529812950909650540738739709363910934624816250948310905870516490152323845654698835235607375139145151252300518952681249670519366224367191080941950960612430590599784107574388270912656395965864142364667984575546882550050402798003370469155776659862256338059002106715868920421959433223756311341506694462249246973686264750035944554027554964157670321252914659435234646443493677683597745405971141225539474137172699883423005413138177182630992270091780616069575556620632114862474028755630107263022823486452810582479861484178386084401732841472850038162089857730565405969047435643920136439634336604016728923871833481559806979683137755206220799504109663331208514413464430418551053706989442470258202310367381155045766426374273253898576206837490031074086028221393484536720474016085653508931383903513694137058764136569652465772117298842821928522143333156039359822831589477971662862806772542865053653268812787194981044774561432027631927740266279297127218941745071346551870491710228931443732125082669073300133305333557226381450558628803418742838780575592664663498499732751742981131906329221811915572836440111786562018495581399857715929689574591275483205964204612337157102215690145590491757373012687396302905949244185968504318632423096835739322206969511655795900949956880726578854591280830716907776049686818330424314656174016109138495605656679904045914457526289307375818001406305017117144535218152699191238593044812519708769054010738927750601064808233841054319348937955463320904378159806803983217193136649028784818187695263085809235629577995855098293430968673291470193274242954506200738	24739664234858138982047535273920704865888201889876711837493816699690678265963591165069870505023217046633362579621148489165328977987949899797415602900085081435628786567950676391780949633448253616219680559998014214784634910618447122667639804607217055610037222276897125660535867393387520758988742191975475097134159821776175469287214857624750265388130867415580412873925910271279382629434282479656095907178473638142326186864698341018602123575843883404208311798618679388046194707946385968872279636660172423920762823771748609336176990325713506490614247467311351878471253089939596514261196666267475682898635911908731494486904182965558798994916608466464004782386781525115550402067143147698500136991417807965993746533707493179716917949661657133802752099530380500629832889813766318693972247359960254936881029359545309059646697237241209564888106340558287762532356251637258398401846377922451692640383953053577384608293675046043906591724400907098081482508558109337883729893322775980233270148019416024194836854355986212330386751079897066437531206720139847788674454652536826169059736982479309839712946775980354134355139497105828903507866078114564099313317787443741699279748434354864282108704676095037950494415256322118446288427475749205978851269324596498940292431098699161055964032010937538805061400810880000778141585221295661960121653758465320161828777956679765905691202874393069942123161082732764368596183256668409871482159496291125676747387545891967471970332324907043570197065229386255163866210107746591699208187600383560179818969453567831278240700442063884730676248072277428758811049044505165207447625337690420755566586468658464699479123316310221422249448698305310672839958780605303472889516860143027145177515370450071696550435492232120322043063691965361723395875593008624959077336291918422102723834317166910996064524649015409608752666201483300762871511859764063373890148278177809805652145087320758176512244533527455768775288472468173058226911606466872593531508148161676285352943462011002190857608776236684046340174542430222058576499294988381146454595597263037160378537615336897786042277320478072097407340558283482141549662764283552119459527581461893643846659547870636532369265183913568123722036339480903754648521616619057903781503568205185217235072797861330128470070267844936090268012670941851047068925354276958161539676537005868795463212285597973708092562582967912642628361633803674148546236045106072142804	-2,-4,-4,-4,3,3,3,3,3,3,3,3	-4,-4,3,3,3,3,3,3,3,3,3,3	ok
1.119119	12.552553	-51.437804	0.364149	continued:5	24739664234858138982047535273920704865888201889876711837493816699690678265963591165069870505023217046633362579621148489165328977987949899797415602900486143006268665268678106964453841999524106595607605727243377372487650564782802452333008206763043514220470865892407412103036806892083064510289504814600080741268157165354063032161189525829409088498985531970815025159686244986955270210405434697787650037103444327391942508501376229453985083037857645944890272090078718974473418025044221755928344004123983175888817859152476099625581493080234216246769749121423440316080188755726314866454849365625903310727411127889898194381660787032015151698715736677481139420851742750719529547539689342907032684848982153429642503545479758778195831115174999007304520947563003595490867019874169994914300124258307833187901988179428014704959954258008163520937529812950909650540738739709363910934624816250948310905870516490152323845654698835235607375139145151252300518952681249670519366224367191080941950960612430590599784107574388270912656395965864142364667984575546882550050402798003370469155776659862256338059002106715868920421959433223756311341506694462249246973686264750035944554027554964157670321252914659435234646443493670649443320763569393771211014635255250197768479072848942888802904343116166917267274303616645213633258901986934724608102196030566705447199709448848685232091527603953601719852178627896858736075978945818005174493541245870668987929539886645630097678757555544087307337036790434872459172290673698254378844314669452090116179632825192549044579465458111330616555979307251114857149361512116613974709257803359966534656492138218227074841157122375658584060220213022165525332776358629866966288227440625112970679311294012527786937908438788933269152027795727358098149081262309340910027752904780906837503037034324409444406146090624109088924403412096630561891955737242725345322413905726693248195866969791271654695936200328092484246227965825976504945539852784819301024178852444474692192548534126035186023469676002246932424139429748139392521639625101928395106984770436581308351058934055769118232799233408278107027273366695989329209154343877618868661991020975405689106246189336127463396267701412847679116589549251870270844396113558907834058707172256761029888361534374786347487608401449988351944244856780417097985589797080224364751671572412939040572871214031862581112931261011457520216214875551266994707924276208437578826	24739664234858138982047535273920704865888201889876711837493816699690678265963591165069870505023217046633362579621148489165328977987949899797415602900085081435628786567950676391780949633448253616219680559998014214784634910618447122667639804607217055610037222276897125660535867393387520758988742191975475097134159821776175469287214857624750265388130867415580412873925910271279382629434282479656095907178473638142326186864698341018602123575843883404208311798618679388046194707946385968872279636660172423920762823771748609336176990325713506490614247467311351878471253089939596514261196666267475682898635911908731494486904182965558798994916608466464004782386781525115550402067143147698500136991417807965993746533707493179716917949661657133802752099530380500629832889813766318693972247359960254936881029359545309059646697237241209564888106340558287762532356251637258398401846377922451692640383953053577384608293675046043906591724400907098081482508558109337883729893322775980233270148019416024194836854355986212330386751079897066437531206720139847788674454652536826169059736982479309839712946775980354134355139497105828903507866078114564099313317787443741699279748434354864282108704676095037950494415256322118446288427475749205978851269324596498940292431098699161055964032010937538805061400810880000778141585221295661960121653758465320161828777956679765905691202874393069942123161082732764368596183256668409871482159496291125676747387545891967471970332324907043570197065229386255163866210107746591699208187600383560179818969453567831278240700442063884730676248072277428758811049044505165207447625337690420755566586468658464699479123316310221422249448698305310672839958780605303472889516860143027145177515370450071696550435492232120322043063691965361723395875593008624959077336291918422102723834317166910996064524649015409608752666201483300762871511859764063373890148278177809805652145087320758176512244533527455768775288472468173058226911606466872593531508148161676285352943462011002190857608776236684046340174542430222058576499294988381146454595597263037160378537615336897786042277320478072097407340558283482141549662764283552119459527581461893643846659547870636532369265183913568123722036339480903754648521616619057903781503568205185217235072797861330128470070267844936090268012670941851047068925354276958161539676537005868795463212285597973708092562582967912642628361633803674148546236045106072142804	1,-4,-4,-4,3,3,3,3,3,3,3,3	-4,-4,3,3,3,3,3,3,3,3,3,3	ok
1.123123	12.552553	-53.807304	0.365192	continued:5	24739664234858138982047535273920704865888201889876711837493816699690678265963591165069870505023217046633362579621148489165328977987949899797415602900085081435628786567950676391780949633448253616219680559998014214784634910618447122667639804607217055610037222276897125660535867393387520758988742191975475097134159821776175469287214857624750265388130867415580412873925910271279382629434282479656095907178473638142326186864698341018602123575843883404208311798618679388046194707946385968872279636660172423920762823771748609336176990325713506490614247467311351878471253089939596514261196666267475682898635077588364628629417296554229734815495315011752337585393015754405944996164827318009845582551593321289722257247006063686910061456841431892563940020873466746931070957111770150069590359792388197563206227771911411885143855184505614961998508226343153531223089971459935049708039359327667779120430067461929055441744031224422705223831560005091108633317128720548165517033711719448300771525660964913525817712220131912105082815080054605883136048554894173783193438041716508681297001277350562437894851607688119124032266056066591963623197071229719772200831481260746898621517899928612391918713268983151048632780119648896253765940151777173575597570025320253082336116946689981147789765900355562110523987436189411566954756946831913765892283629482126668117215787661175622538482371666841405595054624551275871666632475049764341931929868507018454948365774171910807496638367218687366613903751947086947394002612630474683257999387223688134848014104823955551645010680263372366206458226198558279883447844315148180302724249331888726196930807213187997142652942313186005148224878224024593537200103980637926868603500896185830904692094904758235554768415409124757267836161356776521732484146109863946926378105041694979170269733992817805415234240628485488200053302199364211031646323082439647263607276631895871769259044401451363766451126814443473134220489198884697731101960802990910300139680959518854832128513597114746389737973151315057975842081443516593123962467786526070102139874765749035637088432614260030772344792316488840415153698481155126035457741137680097748660410763036811870095293313414540437283852893333234643562710973384060038416228190613325616933189150517789061901654152308030489428549857055082465581427407486143000730202660813809057790100346399768338483335257539245860316494779637880208922066168766414992991208014608723526	24739664234858138982047535273920704865888201889876711837493816699690678265963591165069870505023217046633362579621148489165328977987949899797415602900085081435628786567950676391780949633448253616219680559998014214784634910618447122667639804607217055610037222276897125660535867393387520758988742191975475097134159821776175469287214857624750265388130867415580412873925910271279382629434282479656095907178473638142326186864698341018602123575843883404208311798618679388046194707946385968872279636660172423920762823771748609336176990325713506490614247467311351878471253089939596514261196666267475682898635911908731494486904182965558798994916608466464004782386781525115550402067143147698500136991417807965993746533707493179716917949661657133802752099530380500629832889813766318693972247359960254936881029359545309059646697237241209564888106340558287762532356251637258398401846377922451692640383953053577384608293675046043906591724400907098081482508558109337883729893322775980233270148019416024194836854355986212330386751079897066437531206720139847788674454652536826169059736982479309839712946775980354134355139497105828903507866078114564099313317787443741699279748434354864282108704676095037950494415256322118446288427475749205978851269324596498940292431098699161055964032010937538805061400810880000778141585221295661960121653758465320161828777956679765905691202874393069942123161082732764368596183256668409871482159496291125676747387545891967471970332324907043570197065229386255163866210107746591699208187600383560179818969453567831278240700442063884730676248072277428758811049044505165207447625337690420755566586468658464699479123316310221422249448698305310672839958780605303472889516860143027145177515370450071696550435492232120322043063691965361723395875593008624959077336291918422102723834317166910996064524649015409608752666201483300762871511859764063373890148278177809805652145087320758176512244533527455768775288472468173058226911606466872593531508148161676285352943462011002190857608776236684046340174542430222058576499294988381146454595597263037160378537615336897786042277320478072097407340558283482141549662764283552119459527581461893643846659547870636532369265183913568123722036339480903754648521616619057903781503568205185217235072797861330128470070267844936090268012670941851047068925354276958161539676537005868795463212285597973708092562582967912642628361633803674148546236045106072142804	1,3,3,3,3,3,3,3,3,3,3,3	-4,-4,3,3,3,3,3,3,3,3,3,3	ok
1.127127	12.552553	-55.210869	0.367985	continued:5	24739664234858138982047535273920704865888201889876711837493816699690678265963591165069870505023217046633362579621148489165328977987949899797415602900085081435628786567950676391780949633448253616219680559998014214784634910618447122667639804607217055610037222276897125660535867393387520758988742191975475097134159821776175469287214857624750265388130867415580412873925910271279382629434282479656095907178473638142326186864698341018602123575843883404208311798618679388046194707946385968872279636660172423920762823771748609336176990325713506490614247467311351878471253089939596514261196666267475682898635077588364628629417296554229734815495315011752337585393015754405944996164827318009845582551593321289722257247006063686910061456841431892563940020873466746931070957111770150069590359792388197563206227771911411885143855184505614961998508226343153531223089971459935049708039359327667779120430067461929055441744031224422705223831560005091108633317128720548165517033711719448300771525660964913525817712220131912105082815080054605883136048554894173783193438041716508681297001277350562437894851607688119124032266056066591963623197071229719772200831481260746898621517899928612391918713268983151048632780119648896253765940151777173575597570025320253082336116946689981147789765900355562110523987436189411566954756946831913765892283629482126668117215787661175622538482371666841405595054624551275871666632475049764341931929868507018454948365774171910807496638367218687366613903751947086947394002612630474683257999387223688134848014104823955551645010680263372366206458226198558279883447844315148180302724249331888726196930807213187997142652942313186005148224878224024593537200103980637926868603500896185830904692094904758235554768415409124757267836161356776521732484146109863946926378105041694979170269733992817805415234240628485488200053302199364211031646323082439647263607276631895871769259044401451363766451126814443473134220489198884697731101960802990910300139680959518854832128513597114746389737973151315057975842081443516593123962467786526070102139874765749035637088432614260030772344792316488840415153698481155126035457741137680097748660410763036811870095293313414540437283852893333234643562710973384060038416228190613325616933189150517789061901654152308030489428549857055082465581427407486143000730202660813809057790100346399768338483335257539245860316494779637880208922066168766414992991208014608723526	24739664234858138982047535273920704865888201889876711837493816699690678265963591165069870505023217046633362579621148489165328977987949899797415602900085081435628786567950676391780949633448253616219680559998014214784634910618447122667639804607217055610037222276897125660535867393387520758988742191975475097134159821776175469287214857624750265388130867415580412873925910271279382629434282479656095907178473638142326186864698341018602123575843883404208311798618679388046194707946385968872279636660172423920762823771748609336176990325713506490614247467311351878471253089939596514261196666267475682898635911908731494486904182965558798994916608466464004782386781525115550402067143147698500136991417807965993746533707493179716917949661657133802752099530380500629832889813766318693972247359960254936881029359545309059646697237241209564888106340558287762532356251637258398401846377922451692640383953053577384608293675046043906591724400907098081482508558109337883729893322775980233270148019416024194836854355986212330386751079897066437531206720139847788674454652536826169059736982479309839712946775980354134355139497105828903507866078114564099313317787443741699279748434354864282108704676095037950494415256322118446288427475749205978851269324596498940292431098699161055964032010937538805061400810880000778141585221295661960121653758465320161828777956679765905691202874393069942123161082732764368596183256668409871482159496291125676747387545891967471970332324907043570197065229386255163866210107746591699208187600383560179818969453567831278240700442063884730676248072277428758811049044505165207447625337690420755566586468658464699479123316310221422249448698305310672839958780605303472889516860143027145177515370450071696550435492232120322043063691965361723395875593008624959077336291918422102723834317166910996064524649015409608752666201483300762871511859764063373890148278177809805652145087320758176512244533527455768775288472468173058226911606466872593531508148161676285352943462011002190857608776236684046340174542430222058576499294988381146454595597263037160378537615336897786042277320478072097407340558283482141549662764283552119459527581461893643846659547870636532369265183913568123722036339480903754648521616619057903781503568205185217235072797861330128470070267844936090268012670941851047068925354276958161539676537005868795463212285597973708092562582967912642628361633803674148546236045106072142804	1,3,3,3,3,3,3,3,3,3,3,3	-4,-4,3,3,3,3,3,3,3,3,3,3	ok
1.131131	12.552553	-56.024079	0.370779	continued:5	24739664234858138982047535273920704865888201889876711837493816699690678265963591165069870505023217046633362579621148489165328977987949899797415602900085081435628786567950676391780949633448253616219680559998014214784634910618447122667639804607217055610037222276897125660535867393387520758988742191975068739599561877095964899474811411112849363891975896936343510523748486553572743119574478637627036815010606570296549295449903872395547814201472288690600401391970710207680991996967725927736078698609646025886760623301484893969395140124256321583759660008511989034880161603587343766846564881412957664193160293911053689719871611206658254136486177528035354891056823026459759108803376077545672822455278492130859828000778122018153691828408316667205001432510625348125884164883415334966519317719185378082785331593140967376256695584243602161367686126845384020383644052654629863153066464232199193039312048411625270703565027294009280503808065293010982622804713767854158506623309929038203735321679564792427319617188020951211752787433130460033719261983851373319380201657407199848709012582912613704906685036256717321116920168000856161374231748601186011289321356118218105780932108146994275265423896553639163108822190127539356276018927971070840206315504484537885027336836341446717399660957418660101166985594225851078029874272726954991385538211391549319451836613742076486665122152011266239884200000368599743032861469509251858643539721334878774898625615096397907354061986939379117826933657913221603931787748204128682841771050269347359468224407535977619676567767553866769310721232413275369256115001999620994216936666618974813807391218943623095558399384920379119026791226214482576989436244805007683810844687593117017205269155337955329668922348337790306420824935768998541461648888514381390346608572544942951330835002319201275108088535243745359933108264688997196925400673438650845964545389648817299833642485970488592054060683825352693417430257015419084114783301710405351002807970551714742997342185912842552449106671435117957020132609232875307635901419322773306766027599199019672384013372963212890338166760971813521192603446496038196674562530859348583879252516400137732667723158303428355426194333194024127273581540159870926091602687902827562665601778936285981715574347047284757191353343564256272719659331985430163535968126303295092297943491676297074596005562957889046000218884180032261612018748306584737055536131270007096750	24739664234858138982047535273920704865888201889876711837493816699690678265963591165069870505023217046633362579621148489165328977987949899797415602900085081435628786567950676391780949633448253616219680559998014214784634910618447122667639804607217055610037222276897125660535867393387520758988742191975475097134159821776175469287214857624750265388130867415580412873925910271279382629434282479656095907178473638142326186864698341018602123575843883404208311798618679388046194707946385968872279636660172423920762823771748609336176990325713506490614247467311351878471253089939596514261196666267475682898635911908731494486904182965558798994916608466464004782386781525115550402067143147698500136991417807965993746533707493179716917949661657133802752099530380500629832889813766318693972247359960254936881029359545309059646697237241209564888106340558287762532356251637258398401846377922451692640383953053577384608293675046043906591724400907098081482508558109337883729893322775980233270148019416024194836854355986212330386751079897066437531206720139847788674454652536826169059736982479309839712946775980354134355139497105828903507866078114564099313317787443741699279748434354864282108704676095037950494415256322118446288427475749205978851269324596498940292431098699161055964032010937538805061400810880000778141585221295661960121653758465320161828777956679765905691202874393069942123161082732764368596183256668409871482159496291125676747387545891967471970332324907043570197065229386255163866210107746591699208187600383560179818969453567831278240700442063884730676248072277428758811049044505165207447625337690420755566586468658464699479123316310221422249448698305310672839958780605303472889516860143027145177515370450071696550435492232120322043063691965361723395875593008624959077336291918422102723834317166910996064524649015409608752666201483300762871511859764063373890148278177809805652145087320758176512244533527455768775288472468173058226911606466872593531508148161676285352943462011002190857608776236684046340174542430222058576499294988381146454595597263037160378537615336897786042277320478072097407340558283482141549662764283552119459527581461893643846659547870636532369265183913568123722036339480903754648521616619057903781503568205185217235072797861330128470070267844936090268012670941851047068925354276958161539676537005868795463212285597973708092562582967912642628361633803674148546236045106072142804	-2,-3,-3,3,3,3,3,3,3,3,3,3	-4,-4,3,3,3,3,3,3,3,3,3,3	ok
1.135135	12.552553	-56.550697	0.373572	continued:5	24739664234858138982047535273920704865888201889876711837493816699690678265963591165069870505023217046633362579621148489165328977987949899797415602900085081435628786567950676391780949633448253616219680559998014214784634910618447122667639804607217055610037222276897125660535867393387520758988742191975068739599561877095964899474811411112849363891975896936343510523748486553572743119574478637627036815010606570296549295449903872395547814201472288690600401391970710207680991996967725927736078698609646025886760623301484893969395140124256321583759660008511989034880161603587343766846564881412957664193160293911053689719871611206658254136486177528035354891056823026459759108803376077545672822455278492130859828000778122018153691828408316667205001432510625348125884164883415334966519317719185378082785331593140967376256695584243602161367686126845384020383644052654629863153066464232199193039312048411625270703565027294009280503808065293010982622804713767854158506623309929038203735321679564792427319617188020951211752787433130460033719261983851373319380201657407199848709012582912613704906685036256717321116920168000856161374231748601186011289321356118218105780932108146994275265423896553639163108822190120505201851376526223616511746813587034852230500996547107152889311733981804961298865732590238949848814747504031572336464910755505444184171684578412375691371232796733633004329909818637015779136316185800701059705847924503338691617671601127316072502017275193628181235668171770630945044403390581261596845136233024933387407660648998783226591185572080506140044501622288014531388757992495268246673778435264896975662886054029928009946017880753559998410396127428476026226270178345522373948277993611184310095033586855799573861361751243278710950116380688886416913437431645809060691781605136230732847886904913065878891361294409292744016482660267859951461144105642561112430290809824789593393862724024859384472862992224904936817412086135189517951494157405351839959771169156725286588689282650278017862298826245883406958844349860650893544505113618487815714837071478884561236606956873501591882545680764681493442596978695788056861875215919037942364586043372420296310369675724749963252597306633127595643513966579117813015730319303550024646050465431500036511398145225336767418417108110210136206581565715140822302456227326318745697059518005353709423578961829590919710836285885022591972678948126131748262728687746755556049	24739664234858138982047535273920704865888201889876711837493816699690678265963591165069870505023217046633362579621148489165328977987949899797415602900085081435628786567950676391780949633448253616219680559998014214784634910618447122667639804607217055610037222276897125660535867393387520758988742191975475097134159821776175469287214857624750265388130867415580412873925910271279382629434282479656095907178473638142326186864698341018602123575843883404208311798618679388046194707946385968872279636660172423920762823771748609336176990325713506490614247467311351878471253089939596514261196666267475682898635911908731494486904182965558798994916608466464004782386781525115550402067143147698500136991417807965993746533707493179716917949661657133802752099530380500629832889813766318693972247359960254936881029359545309059646697237241209564888106340558287762532356251637258398401846377922451692640383953053577384608293675046043906591724400907098081482508558109337883729893322775980233270148019416024194836854355986212330386751079897066437531206720139847788674454652536826169059736982479309839712946775980354134355139497105828903507866078114564099313317787443741699279748434354864282108704676095037950494415256322118446288427475749205978851269324596498940292431098699161055964032010937538805061400810880000778141585221295661960121653758465320161828777956679765905691202874393069942123161082732764368596183256668409871482159496291125676747387545891967471970332324907043570197065229386255163866210107746591699208187600383560179818969453567831278240700442063884730676248072277428758811049044505165207447625337690420755566586468658464699479123316310221422249448698305310672839958780605303472889516860143027145177515370450071696550435492232120322043063691965361723395875593008624959077336291918422102723834317166910996064524649015409608752666201483300762871511859764063373890148278177809805652145087320758176512244533527455768775288472468173058226911606466872593531508148161676285352943462011002190857608776236684046340174542430222058576499294988381146454595597263037160378537615336897786042277320478072097407340558283482141549662764283552119459527581461893643846659547870636532369265183913568123722036339480903754648521616619057903781503568205185217235072797861330128470070267844936090268012670941851047068925354276958161539676537005868795463212285597973708092562582967912642628361633803674148546236045106072142804	1,-3,-3,3,3,3,3,3,3,3,3,3	-4,-4,3,3,3,3,3,3,3,3,3,3	ok
1.139139	12.552553	-56.905260	0.372323	continued:5	24739664234858138982047535273920704865888201889876711837493816699690678265963591165069870505023217046633362579621148489165328977987949899797415602899684019864988907867223245819108057267372400636831755392752651057081619256454091793002271402451390596999603578661386839218034927894691977007687979569356964816019131648401446453599291887098604964719600760048899335840826931321203087696360187891960428159771508966579363236449937481929033804729404041567645007606878177507097012055528450798859229339954257642462740795444976849548500240593050570337277557695189706094728689719436669373287020739726818335652103427540424427570931388755388962492342093444393354123060747971597143422852160864307469384353126467944647374787061629069577740669577703620312813482192872674167080884968129319555083698857603288075019743428134361350552931867065665037292740921826672076959273171356616244795679062269651325984981086160566709199310019119574332620289094194494425318032183693258258122309796912285324983288417356663334106815849999378467278672839817338224205768807729962881907318402918617134823610715858979890317948635754798259749693276835319600234251065782787240454408520081061604464565161809507510766668416196203021636641019786232400698184999691041886987610269788801899260631002494878062715818702420262468422497954457510650055674780175856184928587417256892401970906793115014858223342584096862452778689016763884051828121510014571820406821901552042473267116012012293889339008857103617865857437434552227003480618093980738589237996005414154393168969233277989990504490247843082840378614764972999984601703250959756658251781217324315961762685536649556981320036219943823699681509790305016004603758879936809193874776604597194335426497441734822552217142653948589053105038221351839374580510937386186470062302954784407956020799741772454869081687619316743254172202469204052099555722152283872779307224050417721054926250436254184736043167136959645430172616991365272187465193074884832250735696256392259118245093026924339924101922892142437177359803514547835331183463620545201447107628646742087057078920066456811985028927002334313600528834737649161174264873834811272584658943303834386308916980509832425027102090147114368087747655874971779797336728627514194757936505845363083893060132435001945871749482248570199932175763128899525695152620649990603481513316811079584176038705807551892604238549249209178717009937388890498638683829828605597259249	24739664234858138982047535273920704865888201889876711837493816699690678265963591165069870505023217046633362579621148489165328977987949899797415602900085081435628786567950676391780949633448253616219680559998014214784634910618447122667639804607217055610037222276897125660535867393387520758988742191975475097134159821776175469287214857624750265388130867415580412873925910271279382629434282479656095907178473638142326186864698341018602123575843883404208311798618679388046194707946385968872279636660172423920762823771748609336176990325713506490614247467311351878471253089939596514261196666267475682898635911908731494486904182965558798994916608466464004782386781525115550402067143147698500136991417807965993746533707493179716917949661657133802752099530380500629832889813766318693972247359960254936881029359545309059646697237241209564888106340558287762532356251637258398401846377922451692640383953053577384608293675046043906591724400907098081482508558109337883729893322775980233270148019416024194836854355986212330386751079897066437531206720139847788674454652536826169059736982479309839712946775980354134355139497105828903507866078114564099313317787443741699279748434354864282108704676095037950494415256322118446288427475749205978851269324596498940292431098699161055964032010937538805061400810880000778141585221295661960121653758465320161828777956679765905691202874393069942123161082732764368596183256668409871482159496291125676747387545891967471970332324907043570197065229386255163866210107746591699208187600383560179818969453567831278240700442063884730676248072277428758811049044505165207447625337690420755566586468658464699479123316310221422249448698305310672839958780605303472889516860143027145177515370450071696550435492232120322043063691965361723395875593008624959077336291918422102723834317166910996064524649015409608752666201483300762871511859764063373890148278177809805652145087320758176512244533527455768775288472468173058226911606466872593531508148161676285352943462011002190857608776236684046340174542430222058576499294988381146454595597263037160378537615336897786042277320478072097407340558283482141549662764283552119459527581461893643846659547870636532369265183913568123722036339480903754648521616619057903781503568205185217235072797861330128470070267844936090268012670941851047068925354276958161539676537005868795463212285597973708092562582967912642628361633803674148546236045106072142804	1,-3,-3,-3,3,3,3,3,3,3,3,3	-4,-4,3,3,3,3,3,3,3,3,3,3	ok
1.143143	12.552553	-57.203777	0.375116	continued:5	24739664234858138982047535273920704865888201889876711837493816699690678265963591165069870505023217046633362579621148489165328977987949899797415602899684019864988907867223245819108057267372400636831755392752651057081619256454091793002271402451390596999603578661386839218034927894691977007687979569356964816019131648401446453599291887098604964719600760048899335840826931321203087696360187891960428159771508966579363236449937481929033804729404041567645007606878177507097012055528450798859229339954257642462740795444976849548500240593050570337277557695189706094728689719436669373287020739726818335652103427540424427570931388755388962492342093444393354123060747971597143422852160864307469384353126467944647374787061629069577740669577703620312813482192872674167080884968129319555083698857603288075019743428134361350552931867065665037292740921826672076959273171356616244795679062269651325984981086160566709199310019119574332620289094194494425318032183693258258122309796912285324983288417356663334106815849999378467278672839817338224205768807729962881907318402918617134823610715858979890317948635754798259749693276835319600234251065782787240454408520081061604464565161809507510766668416196203021636641019772164091848900196196133230068606434889430590207950424026290406539964751192864863819991946483708191625421242785090875087332505484682131410602722455613381668195638024826147181350749504961536028077354832198548548240895692577622131963849807825968532681174542851946417310128438781866615326244953598589669201530661649741297669800088436260667546613214290833543640234407327070769359738859230486413026910461520853649324964515349333549243218831846547414287751411109039628106545137842725707217753623898948248887184823269766746895587820723952034785479439341913199380043320279986213762823189795147350784243883551777432366873387171424355101427447356388359422530337954228708137080941805319424924411463795490428824118140463210295024197734106863206886354530446184421755086504949191269889682687398657165260174483810806973486581697000796865771503604511934544541649520769129351315124230333438927175867928553169640007865947123985718344341066619029732162443553731064719188790999979914741665286458366272976076188022612149291021223787697074291222869177508973310899087929784777447118516489398701850489483461207821410595210760722767315439701656722281084821394147977310728744346229672886790068978648558283439316384678141080250	24739664234858138982047535273920704865888201889876711837493816699690678265963591165069870505023217046633362579621148489165328977987949899797415602900085081435628786567950676391780949633448253616219680559998014214784634910618447122667639804607217055610037222276897125660535867393387520758988742191975475097134159821776175469287214857624750265388130867415580412873925910271279382629434282479656095907178473638142326186864698341018602123575843883404208311798618679388046194707946385968872279636660172423920762823771748609336176990325713506490614247467311351878471253089939596514261196666267475682898635911908731494486904182965558798994916608466464004782386781525115550402067143147698500136991417807965993746533707493179716917949661657133802752099530380500629832889813766318693972247359960254936881029359545309059646697237241209564888106340558287762532356251637258398401846377922451692640383953053577384608293675046043906591724400907098081482508558109337883729893322775980233270148019416024194836854355986212330386751079897066437531206720139847788674454652536826169059736982479309839712946775980354134355139497105828903507866078114564099313317787443741699279748434354864282108704676095037950494415256322118446288427475749205978851269324596498940292431098699161055964032010937538805061400810880000778141585221295661960121653758465320161828777956679765905691202874393069942123161082732764368596183256668409871482159496291125676747387545891967471970332324907043570197065229386255163866210107746591699208187600383560179818969453567831278240700442063884730676248072277428758811049044505165207447625337690420755566586468658464699479123316310221422249448698305310672839958780605303472889516860143027145177515370450071696550435492232120322043063691965361723395875593008624959077336291918422102723834317166910996064524649015409608752666201483300762871511859764063373890148278177809805652145087320758176512244533527455768775288472468173058226911606466872593531508148161676285352943462011002190857608776236684046340174542430222058576499294988381146454595597263037160378537615336897786042277320478072097407340558283482141549662764283552119459527581461893643846659547870636532369265183913568123722036339480903754648521616619057903781503568205185217235072797861330128470070267844936090268012670941851047068925354276958161539676537005868795463212285597973708092562582967912642628361633803674148546236045106072142804	0,-3,-3,-3,3,3,3,3,3,3,3,3	-4,-4,3,3,3,3,3,3,3,3,3,3	ok
1.147147	12.552553	-57.400484	0.374074	continued:5	24739664234858138982047535273920704865888201889876711837493816699690678265963591165069870505023217046633362579621148489165328977987949899797415602899684019864988907867223245819108057267372400636831755392752651057081619256454091793002271402451390596999603578661386839218034927894691977007687979569356964816019131648401446453599291887098604964719600760048899335840826931321203087696360187891960428159771508966579363236449937481929033804729404041567645007606878177507097012055528450798859229339954257642462740795444976849548500240593050570337277557695189706094728689719436669373287020739726818335652103427540424427570931388755388962492342093444393354123060747971597143422852160864307469384353126467944647374787061629069577740669577703620312813482192872674167080884968129319555083698857603288075019743428134361350552931867065665037292740921826672076959273171356616244795679062269651325984981086160566709199310019119574332620289094194494425318032183693258258122309796912285324983288417356663334106815849999378467278672839817338224205768807729962881907318402918617134823610715858979890317948635754798259749693276835319600234251065782787240454408520081061604464565161809507510766668416196203021636641019772164091848900196196133230068606434889430590207950424026290406539964751192864863819991946483708191625421242785090875087332505484682131410602722455613381668195638024826147181350749504961536028077354832198548548240895692577622131963849807825968532681174542851946417310128438781866615326244953598589669201530661649741297669800088436260667546613214290833543640234407327070769359738859230486413026910461520853649324964515349333549243218831846547414287751411109039628106545137842725707217753623898948248887184823269766746895587820723952034785479439341913199380043320279986213762823189795147350784243883551777432366873387171424355101427447356388359422530337954228708137080941805319424924411463795490428824118140463210295024197734106863206886354530446184421755086504949191269889682687398657165260174483810806973486581697000796865771503604511934544541649520769129351315124230333438927175867928553169640007865947123985718344341066619029732162443553731064719188790999979914741665286458366272976076188022612149291021223787697074291222869177508973310899087929784777447118516489398701850489483461207821410595210760722767315439701656722281084821394147977310728744346229672886790068978648558283439316384678141080250	24739664234858138982047535273920704865888201889876711837493816699690678265963591165069870505023217046633362579621148489165328977987949899797415602900085081435628786567950676391780949633448253616219680559998014214784634910618447122667639804607217055610037222276897125660535867393387520758988742191975475097134159821776175469287214857624750265388130867415580412873925910271279382629434282479656095907178473638142326186864698341018602123575843883404208311798618679388046194707946385968872279636660172423920762823771748609336176990325713506490614247467311351878471253089939596514261196666267475682898635911908731494486904182965558798994916608466464004782386781525115550402067143147698500136991417807965993746533707493179716917949661657133802752099530380500629832889813766318693972247359960254936881029359545309059646697237241209564888106340558287762532356251637258398401846377922451692640383953053577384608293675046043906591724400907098081482508558109337883729893322775980233270148019416024194836854355986212330386751079897066437531206720139847788674454652536826169059736982479309839712946775980354134355139497105828903507866078114564099313317787443741699279748434354864282108704676095037950494415256322118446288427475749205978851269324596498940292431098699161055964032010937538805061400810880000778141585221295661960121653758465320161828777956679765905691202874393069942123161082732764368596183256668409871482159496291125676747387545891967471970332324907043570197065229386255163866210107746591699208187600383560179818969453567831278240700442063884730676248072277428758811049044505165207447625337690420755566586468658464699479123316310221422249448698305310672839958780605303472889516860143027145177515370450071696550435492232120322043063691965361723395875593008624959077336291918422102723834317166910996064524649015409608752666201483300762871511859764063373890148278177809805652145087320758176512244533527455768775288472468173058226911606466872593531508148161676285352943462011002190857608776236684046340174542430222058576499294988381146454595597263037160378537615336897786042277320478072097407340558283482141549662764283552119459527581461893643846659547870636532369265183913568123722036339480903754648521616619057903781503568205185217235072797861330128470070267844936090268012670941851047068925354276958161539676537005868795463212285597973708092562582967912642628361633803674148546236045106072142804	0,-3,-3,-3,3,3,3,3,3,3,3,3	-4,-4,3,3,3,3,3,3,3,3,3,3	ok
1.151151	12.552553	-57.577213	0.373365	continued:5	24739664234858138982047535273920704865888201889876711837493816699690678265963591165069870505023217046633362579621148489165328977987949899797415602899684019864988907867223245819108057267372400636831755392752651057081619256454091793002271402451390596999603578661386839218034927894691977007687979569356964816019131648401446453599291887098604964719600760048899335840826931321203087696360187891960428159771508966579363236449937481929033804729404041567645007606878177507097012055528450798859229339954257642462740795444976849548500240593050570337277557695189706094728689719436669373287020739726818335652103427540424427570931388755388962492342093444393354123060747971597143422852160864307469384353126467944647374787061629069577740669577703620312813482192872674167080884968129319555083698857603288075019743428134361350552931867065665037292740921826672076959273171356616244795679062269651325984981086160566709199310019119574332620289094194494425318032183693258258122309796912285324983288417356663334106815849999378467278672839817338224205768807729962881907318402918617134823610715858979890317948635754798259749693276835319600234251065782787240454408520081061604464565161809507510766668416196203021636641019772164091848900196196133230068606434889430590207950424026290406539964751192864863819991946483708191625421242785090875087332505484682131410602722455613381668195638024826147181350749504961536028077354832198548548240895692577622131963849807825968532681174542851946417310128438781866615326244953598589669201530661649741297669800088436260667546613214290833543640234407327070769359738859230486413026910461520853649324964515349333549243218831846547414287751411109039628106545137842725707217753623898948248887184823269766746895587820723952034785479439341913199380043320279986213762823189795147350784243883551777432366873387171424355101427447356388359422530337954228708137080941805319424924411463795490428824118140463210295024197734106863206886354530446184421755086504949191269889682687398657165260174483810806973486581697000796865771503604511934544541649520769129351315124230333438927175867928553169640007865947123985718344341066619029732162443553731064719188790999979914741665286458366272976076188022612149291021223787697074291222869177508973310899087929784777447118516489398701850489483461207821410595210760722767315439701656722281084821394147977310728744346229672886790068978648558283439316384678141080250	24739664234858138982047535273920704865888201889876711837493816699690678265963591165069870505023217046633362579621148489165328977987949899797415602900085081435628786567950676391780949633448253616219680559998014214784634910618447122667639804607217055610037222276897125660535867393387520758988742191975475097134159821776175469287214857624750265388130867415580412873925910271279382629434282479656095907178473638142326186864698341018602123575843883404208311798618679388046194707946385968872279636660172423920762823771748609336176990325713506490614247467311351878471253089939596514261196666267475682898635911908731494486904182965558798994916608466464004782386781525115550402067143147698500136991417807965993746533707493179716917949661657133802752099530380500629832889813766318693972247359960254936881029359545309059646697237241209564888106340558287762532356251637258398401846377922451692640383953053577384608293675046043906591724400907098081482508558109337883729893322775980233270148019416024194836854355986212330386751079897066437531206720139847788674454652536826169059736982479309839712946775980354134355139497105828903507866078114564099313317787443741699279748434354864282108704676095037950494415256322118446288427475749205978851269324596498940292431098699161055964032010937538805061400810880000778141585221295661960121653758465320161828777956679765905691202874393069942123161082732764368596183256668409871482159496291125676747387545891967471970332324907043570197065229386255163866210107746591699208187600383560179818969453567831278240700442063884730676248072277428758811049044505165207447625337690420755566586468658464699479123316310221422249448698305310672839958780605303472889516860143027145177515370450071696550435492232120322043063691965361723395875593008624959077336291918422102723834317166910996064524649015409608752666201483300762871511859764063373890148278177809805652145087320758176512244533527455768775288472468173058226911606466872593531508148161676285352943462011002190857608776236684046340174542430222058576499294988381146454595597263037160378537615336897786042277320478072097407340558283482141549662764283552119459527581461893643846659547870636532369265183913568123722036339480903754648521616619057903781503568205185217235072797861330128470070267844936090268012670941851047068925354276958161539676537005868795463212285597973708092562582967912642628361633803674148546236045106072142804	0,-3,-3,-3,3,3,3,3,3,3,3,3	-4,-4,3,3,3,3,3,3,3,3,3,3	ok
1.155155	12.552553	-57.734122	0.372992	full	24739664234858138982047535273920704865888201889876711837493816699690678265963591165069870505023217046633362579621148489165328977987949899797415602899684019864988907867223245819108057267372400636831755392752651057081619256454091793002271402451390596999603578661386839218034927894691977007687979569356964816019131648401446453599291887098604964719600760048899335840826931321203087696360187891960428159771508966579363236449937481929033804729404041567645007606878177507097012055528450798859229339954257642462740795444976849548500240593050570337277557695189706094728689719436669373287020739726818335652103427540424427570931388755388962492342093444393354123060747971597143422852160864307469384353126467944647374787061629069577740669577703620312813482192872674167080884968129319555083698857603288075019743428134361350552931867065665037292740921826672076959273171356616244795679062269651325984981086160566709199310019119574332620289094194494425318032183693258258122309796912285324983288417356663334106815849999378467278672839817338224205768807729962881907318402918617134823610715858979890317948635754798259749693276835319600234251065782787240454408520081061604464565161809507510766668416196203021636641019772164091848900196196133230068606434889430590207950424026290406539964751192864863819991946483708191625421242785090875087332505484682131410602722455613381668195638024826147181350749504961536028077354832198548548240895692577622131963849807825968532681174542851946417310128438781866615326244953598589669201530661649741297669800088436260667546613214290833543640234407327070769359738859230486413026910461520853649324964515349333549243218831846547414287751411109039628106545137842725707217753623898948248887184823269766746895587820723952034785479439341913199380043320279986213762823189795147350784243883551777432366873387171424355101427447356388359422530337954228708137080941805319424924411463795490428824118140463210295024197734106863206886354530446184421755086504949191269889682687398657165260174483810806973486581697000796865771503604511934544541649520769129351315124230333438927175867928553169640007865947123985718344341066619029732162443553731064719188790999979914741665286458366272976076188022612149291021223787697074291222869177508973310899087929784777447118516489398701850489483461207821410595210760722767315439701656722281084821394147977310728744346229672886790068978648558283439316384678141080250	24739664234858138982047535273920704865888201889876711837493816699690678265963591165069870505023217046633362579621148489165328977987949899797415602900085081435628786567950676391780949633448253616219680559998014214784634910618447122667639804607217055610037222276897125660535867393387520758988742191975475097134159821776175469287214857624750265388130867415580412873925910271279382629434282479656095907178473638142326186864698341018602123575843883404208311798618679388046194707946385968872279636660172423920762823771748609336176990325713506490614247467311351878471253089939596514261196666267475682898635911908731494486904182965558798994916608466464004782386781525115550402067143147698500136991417807965993746533707493179716917949661657133802752099530380500629832889813766318693972247359960254936881029359545309059646697237241209564888106340558287762532356251637258398401846377922451692640383953053577384608293675046043906591724400907098081482508558109337883729893322775980233270148019416024194836854355986212330386751079897066437531206720139847788674454652536826169059736982479309839712946775980354134355139497105828903507866078114564099313317787443741699279748434354864282108704676095037950494415256322118446288427475749205978851269324596498940292431098699161055964032010937538805061400810880000778141585221295661960121653758465320161828777956679765905691202874393069942123161082732764368596183256668409871482159496291125676747387545891967471970332324907043570197065229386255163866210107746591699208187600383560179818969453567831278240700442063884730676248072277428758811049044505165207447625337690420755566586468658464699479123316310221422249448698305310672839958780605303472889516860143027145177515370450071696550435492232120322043063691965361723395875593008624959077336291918422102723834317166910996064524649015409608752666201483300762871511859764063373890148278177809805652145087320758176512244533527455768775288472468173058226911606466872593531508148161676285352943462011002190857608776236684046340174542430222058576499294988381146454595597263037160378537615336897786042277320478072097407340558283482141549662764283552119459527581461893643846659547870636532369265183913568123722036339480903754648521616619057903781503568205185217235072797861330128470070267844936090268012670941851047068925354276958161539676537005868795463212285597973708092562582967912642628361633803674148546236045106072142804	0,-3,-3,-3,3,3,3,3,3,3,3,3	-4,-4,3,3,3,3,3,3,3,3,3,3	ok
1.159159	12.552553	-18.777676	0.356256	continued:5	24739664234858138982047535273920704865888201889876711837493816699690678265963591165069870505023217046633362579621148489165328977987949899797415602900486143006268665268678106964453841999524106595607605727243377372487650564782802452333008206763043514220470865892407412103036806892083064510289504814600080741268157165354063032161189525829409088498985531970815025159686244986955270210405434697787650037103444327391942508501376229453985083037857645944890272090078718974473418025044221755928344004123983175888817859152476099625581493080234216246769749121423440316080188755726314866454849365625903310727411127889898194381660787032015151698715736677481139420851742750719529547539689342907032684848982153429642503545479758778195831115174999007304520947563003595490867019874169994914300124258307833187901988179428014704959954258008163520937529812950909650540738739709363910934624816250948310905870516490152323845654698835235607375139145151252300518952681249670519366224367191080941950960612430590599784107574388270912656395965864142364667984575546882550050402798003370469155776659862256338059002106715868920421959433223756311341506694462249246973686264750035944554027554964157670321252914659435234646443493663615288896121167646316882555133337800512113952732559708594974816416140553218464973050612658312404043775218239341953181568574680600311919557413518984379781322366434353401542267398063152066182910455992090212547448155137321246935207939809700388377831973332968393874569471206413709830167882966090206634922349461709974156955283003943043392504541949407334535751777012198640212694802839743412698041590634279560381600372922760012623550108181664702348323127201509122143409384103694572753623291772254278495815815482190520222548064790671557259281030022688564370422258339384692836564064490467123135582358419887445080167098579144877715501490636034742333352845682031947806047235860721832893234206830800328259966071434373052919619491540166447872584124169780886118668130297673901179132863639733214944723661858903373090905846808882482137330006017888285895337117776326877379910898599882440564648509935829635199955452561261750642259000936907313009325867934702239716886721992350880878077876536387982415177692198723424544257008965116476878821299701002351007669058010644944374151994666135649569140775605370875066801434353644746286150008176849296327554732800639352990232944027059942138998782429242519222574309462368956915	24739664234858138982047535273920704865888201889876711837493816699690678265963591165069870505023217046633362579621148489165328977987949899797415602900085081435628786567950676391780949633448253616219680559998014214784634910618447122667639804607217055610037222276897125660535867393387520758988742191975475097134159821776175469287214857624750265388130867415580412873925910271279382629434282479656095907178473638142326186864698341018602123575843883404208311798618679388046194707946385968872279636660172423920762823771748609336176990325713506490614247467311351878471253089939596514261196666267475682898635911908731494486904182965558798994916608466464004782386781525115550402067143147698500136991417807965993746533707493179716917949661657133802752099530380500629832889813766318693972247359960254936881029359545309059646697237241209564888106340558287762532356251637258398401846377922451692640383953053577384608293675046043906591724400907098081482508558109337883729893322775980233270148019416024194836854355986212330386751079897066437531206720139847788674454652536826169059736982479309839712946775980354134355139497105828903507866078114564099313317787443741699279748434354864282108704676095037950494415256322118446288427475749205978851269324596498940292431098699161055964032010937538805061400810880000778141585221295661960121653758465320161828777956679765905691202874393069942123161082732764368596183256668409871482159496291125676747387545891967471970332324907043570197065229386255163866210107746591699208187600383560179818969453567831278240700442063884730676248072277428758811049044505165207447625337690420755566586468658464699479123316310221422249448698305310672839958780605303472889516860143027145177515370450071696550435492232120322043063691965361723395875593008624959077336291918422102723834317166910996064524649015409608752666201483300762871511859764063373890148278177809805652145087320758176512244533527455768775288472468173058226911606466872593531508148161676285352943462011002190857608776236684046340174542430222058576499294988381146454595597263037160378537615336897786042277320478072097407340558283482141549662764283552119459527581461893643846659547870636532369265183913568123722036339480903754648521616619057903781503568205185217235072797861330128470070267844936090268012670941851047068925354276958161539676537005868795463212285597973708092562582967912642628361633803674148546236045106072142804	-1,-4,-4,-4,3,3,3,3,3,3,3,3	-4,-4,3,3,3,3,3,3,3,3,3,3	ok
1.163163	12.552553	-47.506579	0.359049	continued:5	24739664234858138982047535273920704865888201889876711837493816699690678265963591165069870505023217046633362579621148489165328977987949899797415602900486143006268665268678106964453841999524106595607605727243377372487650564782802452333008206763043514220470865892407412103036806892083064510289504814600080741268157165354063032161189525829409088498985531970815025159686244986955270210405434697787650037103444327391942508501376229453985083037857645944890272090078718974473418025044221755928344004123983175888817859152476099625581493080234216246769749121423440316080188755726314866454849365625903310727411127889898194381660787032015151698715736677481139420851742750719529547539689342907032684848982153429642503545479758778195831115174999007304520947563003595490867019874169994914300124258307833187901988179428014704959954258008163520937529812950909650540738739709363910934624816250948310905870516490152323845654698835235607375139145151252300518952681249670519366224367191080941950960612430590599784107574388270912656395965864142364667984575546882550050402798003370469155776659862256338059002106715868920421959433223756311341506694462249246973686264750035944554027554964157670321252914659435234646443493677683597745405971141225539474137172699883423005413138177182630992270091780616069575556620632114862474028755630107263022823486452810582479861484178386084401732841472850038162089857730565405969047435643920136439634336604016728923871833481559806979683137755206220799504109663331208514413464430418551053706989442470258202310367381155045766426374273253898576206837490031074086028221393484536720474016085653508931383903513694137058764136569652465772117298842821928522143333156039359822831589477971662862806772542865053653268812787194981044774561432027631927740266279297127218941745071346551870491710228931443732125082669073300133305333557226381450558628803418742838780575592664663498499732751742981131906329221811915572836440111786562018495581399857715929689574591275483205964204612337157102215690145590491757373012687396302905949244185968504318632423096835739322206969511655795900949956880726578854591280830716907776049686818330424314656174016109138495605656679904045914457526289307375818001406305017117144535218152699191238593044812519708769054010738927750601064808233841054319348937955463320904378159806803983217193136649028784818187695263085809235629577995855098293430968673291470193274242954506200738	24739664234858138982047535273920704865888201889876711837493816699690678265963591165069870505023217046633362579621148489165328977987949899797415602900085081435628786567950676391780949633448253616219680559998014214784634910618447122667639804607217055610037222276897125660535867393387520758988742191975475097134159821776175469287214857624750265388130867415580412873925910271279382629434282479656095907178473638142326186864698341018602123575843883404208311798618679388046194707946385968872279636660172423920762823771748609336176990325713506490614247467311351878471253089939596514261196666267475682898635911908731494486904182965558798994916608466464004782386781525115550402067143147698500136991417807965993746533707493179716917949661657133802752099530380500629832889813766318693972247359960254936881029359545309059646697237241209564888106340558287762532356251637258398401846377922451692640383953053577384608293675046043906591724400907098081482508558109337883729893322775980233270148019416024194836854355986212330386751079897066437531206720139847788674454652536826169059736982479309839712946775980354134355139497105828903507866078114564099313317787443741699279748434354864282108704676095037950494415256322118446288427475749205978851269324596498940292431098699161055964032010937538805061400810880000778141585221295661960121653758465320161828777956679765905691202874393069942123161082732764368596183256668409871482159496291125676747387545891967471970332324907043570197065229386255163866210107746591699208187600383560179818969453567831278240700442063884730676248072277428758811049044505165207447625337690420755566586468658464699479123316310221422249448698305310672839958780605303472889516860143027145177515370450071696550435492232120322043063691965361723395875593008624959077336291918422102723834317166910996064524649015409608752666201483300762871511859764063373890148278177809805652145087320758176512244533527455768775288472468173058226911606466872593531508148161676285352943462011002190857608776236684046340174542430222058576499294988381146454595597263037160378537615336897786042277320478072097407340558283482141549662764283552119459527581461893643846659547870636532369265183913568123722036339480903754648521616619057903781503568205185217235072797861330128470070267844936090268012670941851047068925354276958161539676537005868795463212285597973708092562582967912642628361633803674148546236045106072142804	-2,-4,-4,-4,3,3,3,3,3,3,3,3	-4,-4,3,3,3,3,3,3,3,3,3,3	ok
1.167167	12.552553	-51.399966	0.361843	continued:5	24739664234858138982047535273920704865888201889876711837493816699690678265963591165069870505023217046633362579621148489165328977987949899797415602900085081435628786567950676391780949633448253616219680559998014214784634910618447122667639804607217055610037222276897125660535867393387520758988742191975881454668757766456386039099618304136651166884285837894817315224103333988986022139294086321685154999346340705988103078279492809641656432950215478117816222205266648568411397418925046010008480574710698821954765024242012324702958840527170691397468834926110714722062344576291849261675828451121993701604115701508243628541371186781104664750453506678450990658685568877319368724842489366294600223726679557182485111500144011805314426535016123806594563159834704421627591278254098145543334614838595418659350735064119136615550909153916789982856517125346862661227399851506503677119661384586623759841225285653771144345770541906184539519104941031220044588169549394770200017461390905581925298086151522809307449802203222974575540394725875975613318942282656692285373790701768039928224139907689742983609684357165165999207726031406986345064845442052163822899745749684239296069717432693993739901942491195871247188184005622544785201503778731692980763148695451320067864505419433903296146435519659445296496521753471751053227747100453951667941404082669168467397904837511477314606979965133586611493917731935764814635083454704415971377330927400925606195959818431792469429418116723704386606181200779275427328448710823557613447746209908018375062744436514008448136725837375018889739373788918034661386782197106728884664734208458407490415983494747724025743014546106959052115082581517674412963303533831592714298898434370562696760364284907649524262263203863738811407641223237417792595228795567209392197346168129532869186393699250511460803609604775790350055181876012354996063835746263526287716560314813811620925060168891017297616944232700143626717187252726401614482694460612123445628743173456126897633169507145484634472958365316154041498756742212285370794794943044917860959341170625479307682910920823252007181387177510642904251136218634729923121143365381055468330009120571229595835534174707444212211923579929623123189784216056145019741206793077625668066727235911128282011752922343020711243420613039895996532816209969481955781758149729410573607684771633603829608966645618928414800755731073563281257215197415316980466356186475953769123	24739664234858138982047535273920704865888201889876711837493816699690678265963591165069870505023217046633362579621148489165328977987949899797415602900085081435628786567950676391780949633448253616219680559998014214784634910618447122667639804607217055610037222276897125660535867393387520758988742191975475097134159821776175469287214857624750265388130867415580412873925910271279382629434282479656095907178473638142326186864698341018602123575843883404208311798618679388046194707946385968872279636660172423920762823771748609336176990325713506490614247467311351878471253089939596514261196666267475682898635911908731494486904182965558798994916608466464004782386781525115550402067143147698500136991417807965993746533707493179716917949661657133802752099530380500629832889813766318693972247359960254936881029359545309059646697237241209564888106340558287762532356251637258398401846377922451692640383953053577384608293675046043906591724400907098081482508558109337883729893322775980233270148019416024194836854355986212330386751079897066437531206720139847788674454652536826169059736982479309839712946775980354134355139497105828903507866078114564099313317787443741699279748434354864282108704676095037950494415256322118446288427475749205978851269324596498940292431098699161055964032010937538805061400810880000778141585221295661960121653758465320161828777956679765905691202874393069942123161082732764368596183256668409871482159496291125676747387545891967471970332324907043570197065229386255163866210107746591699208187600383560179818969453567831278240700442063884730676248072277428758811049044505165207447625337690420755566586468658464699479123316310221422249448698305310672839958780605303472889516860143027145177515370450071696550435492232120322043063691965361723395875593008624959077336291918422102723834317166910996064524649015409608752666201483300762871511859764063373890148278177809805652145087320758176512244533527455768775288472468173058226911606466872593531508148161676285352943462011002190857608776236684046340174542430222058576499294988381146454595597263037160378537615336897786042277320478072097407340558283482141549662764283552119459527581461893643846659547870636532369265183913568123722036339480903754648521616619057903781503568205185217235072797861330128470070267844936090268012670941851047068925354276958161539676537005868795463212285597973708092562582967912642628361633803674148546236045106072142804	1,-4,-4,3,3,3,3,3,3,3,3,3	-4,-4,3,3,3,3,3,3,3,3,3,3	ok
1.171171	12.552553	-53.776234	0.362344	continued:5	24739664234858138982047535273920704865888201889876711837493816699690678265963591165069870505023217046633362579621148489165328977987949899797415602900085081435628786567950676391780949633448253616219680559998014214784634910618447122667639804607217055610037222276897125660535867393387520758988742191975475097134159821776175469287214857624750265388130867415580412873925910271279382629434282479656095907178473638142326186864698341018602123575843883404208311798618679388046194707946385968872279636660172423920762823771748609336176990325713506490614247467311351878471253089939596514261196666267475682898635077588364628629417296554229734815495315011752337585393015754405944996164827318009845582551593321289722257247006063686910061456841431892563940020873466746931070957111770150069590359792388197563206227771911411885143855184505614961998508226343153531223089971459935049708039359327667779120430067461929055441744031224422705223831560005091108633317128720548165517033711719448300771525660964913525817712220131912105082815080054605883136048554894173783193438041716508681297001277350562437894851607688119124032266056066591963623197071229719772200831481260746898621517899928612391918713268983151048632780119648896253765940151777173575597570025320253082336116946689981147789765900355562110523987436189411566954756946831913765892283629482126668117215787661175622538482371666841405595054624551275871666632475049764341931929868507018454948365774171910807496638367218687366613903751947086947394002612630474683257999387223688134848014104823955551645010680263372366206458226198558279883447844315148180302724249331888726196930807213187997142652942313186005148224878224024593537200103980637926868603500896185830904692094904758235554768415409124757267836161356776521732484146109863946926378105041694979170269733992817805415234240628485488200053302199364211031646323082439647263607276631895871769259044401451363766451126814443473134220489198884697731101960802990910300139680959518854832128513597114746389737973151315057975842081443516593123962467786526070102139874765749035637088432614260030772344792316488840415153698481155126035457741137680097748660410763036811870095293313414540437283852893333234643562710973384060038416228190613325616933189150517789061901654152308030489428549857055082465581427407486143000730202660813809057790100346399768338483335257539245860316494779637880208922066168766414992991208014608723526	24739664234858138982047535273920704865888201889876711837493816699690678265963591165069870505023217046633362579621148489165328977987949899797415602900085081435628786567950676391780949633448253616219680559998014214784634910618447122667639804607217055610037222276897125660535867393387520758988742191975475097134159821776175469287214857624750265388130867415580412873925910271279382629434282479656095907178473638142326186864698341018602123575843883404208311798618679388046194707946385968872279636660172423920762823771748609336176990325713506490614247467311351878471253089939596514261196666267475682898635911908731494486904182965558798994916608466464004782386781525115550402067143147698500136991417807965993746533707493179716917949661657133802752099530380500629832889813766318693972247359960254936881029359545309059646697237241209564888106340558287762532356251637258398401846377922451692640383953053577384608293675046043906591724400907098081482508558109337883729893322775980233270148019416024194836854355986212330386751079897066437531206720139847788674454652536826169059736982479309839712946775980354134355139497105828903507866078114564099313317787443741699279748434354864282108704676095037950494415256322118446288427475749205978851269324596498940292431098699161055964032010937538805061400810880000778141585221295661960121653758465320161828777956679765905691202874393069942123161082732764368596183256668409871482159496291125676747387545891967471970332324907043570197065229386255163866210107746591699208187600383560179818969453567831278240700442063884730676248072277428758811049044505165207447625337690420755566586468658464699479123316310221422249448698305310672839958780605303472889516860143027145177515370450071696550435492232120322043063691965361723395875593008624959077336291918422102723834317166910996064524649015409608752666201483300762871511859764063373890148278177809805652145087320758176512244533527455768775288472468173058226911606466872593531508148161676285352943462011002190857608776236684046340174542430222058576499294988381146454595597263037160378537615336897786042277320478072097407340558283482141549662764283552119459527581461893643846659547870636532369265183913568123722036339480903754648521616619057903781503568205185217235072797861330128470070267844936090268012670941851047068925354276958161539676537005868795463212285597973708092562582967912642628361633803674148546236045106072142804	1,3,3,3,3,3,3,3,3,3,3,3	-4,-4,3,3,3,3,3,3,3,3,3,3	ok
1.175175	12.552553	-55.192965	0.365138	continued:5	24739664234858138982047535273920704865888201889876711837493816699690678265963591165069870505023217046633362579621148489165328977987949899797415602900085081435628786567950676391780949633448253616219680559998014214784634910618447122667639804607217055610037222276897125660535867393387520758988742191975475097134159821776175469287214857624750265388130867415580412873925910271279382629434282479656095907178473638142326186864698341018602123575843883404208311798618679388046194707946385968872279636660172423920762823771748609336176990325713506490614247467311351878471253089939596514261196666267475682898635077588364628629417296554229734815495315011752337585393015754405944996164827318009845582551593321289722257247006063686910061456841431892563940020873466746931070957111770150069590359792388197563206227771911411885143855184505614961998508226343153531223089971459935049708039359327667779120430067461929055441744031224422705223831560005091108633317128720548165517033711719448300771525660964913525817712220131912105082815080054605883136048554894173783193438041716508681297001277350562437894851607688119124032266056066591963623197071229719772200831481260746898621517899928612391918713268983151048632780119648896253765940151777173575597570025320253082336116946689981147789765900355562110523987436189411566954756946831913765892283629482126668117215787661175622538482371666841405595054624551275871666632475049764341931929868507018454948365774171910807496638367218687366613903751947086947394002612630474683257999387223688134848014104823955551645010680263372366206458226198558279883447844315148180302724249331888726196930807213187997142652942313186005148224878224024593537200103980637926868603500896185830904692094904758235554768415409124757267836161356776521732484146109863946926378105041694979170269733992817805415234240628485488200053302199364211031646323082439647263607276631895871769259044401451363766451126814443473134220489198884697731101960802990910300139680959518854832128513597114746389737973151315057975842081443516593123962467786526070102139874765749035637088432614260030772344792316488840415153698481155126035457741137680097748660410763036811870095293313414540437283852893333234643562710973384060038416228190613325616933189150517789061901654152308030489428549857055082465581427407486143000730202660813809057790100346399768338483335257539245860316494779637880208922066168766414992991208014608723526	24739664234858138982047535273920704865888201889876711837493816699690678265963591165069870505023217046633362579621148489165328977987949899797415602900085081435628786567950676391780949633448253616219680559998014214784634910618447122667639804607217055610037222276897125660535867393387520758988742191975475097134159821776175469287214857624750265388130867415580412873925910271279382629434282479656095907178473638142326186864698341018602123575843883404208311798618679388046194707946385968872279636660172423920762823771748609336176990325713506490614247467311351878471253089939596514261196666267475682898635911908731494486904182965558798994916608466464004782386781525115550402067143147698500136991417807965993746533707493179716917949661657133802752099530380500629832889813766318693972247359960254936881029359545309059646697237241209564888106340558287762532356251637258398401846377922451692640383953053577384608293675046043906591724400907098081482508558109337883729893322775980233270148019416024194836854355986212330386751079897066437531206720139847788674454652536826169059736982479309839712946775980354134355139497105828903507866078114564099313317787443741699279748434354864282108704676095037950494415256322118446288427475749205978851269324596498940292431098699161055964032010937538805061400810880000778141585221295661960121653758465320161828777956679765905691202874393069942123161082732764368596183256668409871482159496291125676747387545891967471970332324907043570197065229386255163866210107746591699208187600383560179818969453567831278240700442063884730676248072277428758811049044505165207447625337690420755566586468658464699479123316310221422249448698305310672839958780605303472889516860143027145177515370450071696550435492232120322043063691965361723395875593008624959077336291918422102723834317166910996064524649015409608752666201483300762871511859764063373890148278177809805652145087320758176512244533527455768775288472468173058226911606466872593531508148161676285352943462011002190857608776236684046340174542430222058576499294988381146454595597263037160378537615336897786042277320478072097407340558283482141549662764283552119459527581461893643846659547870636532369265183913568123722036339480903754648521616619057903781503568205185217235072797861330128470070267844936090268012670941851047068925354276958161539676537005868795463212285597973708092562582967912642628361633803674148546236045106072142804	1,3,3,3,3,3,3,3,3,3,3,3	-4,-4,3,3,3,3,3,3,3,3,3,3	ok
1.179179	12.552553	-56.010506	0.367597	continued:5	24739664234858138982047535273920704865888201889876711837493816699690678265963591165069870505023217046633362579621148489165328977987949899797415602900085081435628786567950676391780949633448253616219680559998014214784634910618447122667639804607217055610037222276897125660535867393387520758988742191975068739599561877095964899474811411112849363891975896936343510523748486553572743119574478637627036815010606570296549295449903872395547814201472288690600401391970710207680991996967725927736078698609646025886760623301484893969395140124256321583759660008511989034880161603587343766846564881412957664193160293911053689719871611206658254136486177528035354891056823026459759108803376077545672822455278492130859828000778122018153691828408316667205001432510625348125884164883415334966519317719185378082785331593140967376256695584243602161367686126845384020383644052654629863153066464232199193039312048411625270703565027294009280503808065293010982622804713767854158506623309929038203735321679564792427319617188020951211752787433130460033719261983851373319380201657407199848709012582912613704906685036256717321116920168000856161374231748601186011289321356118218105780932108146994275265423896553639163108822190127539356276018927971070840206315504484537885027336836341446717399660957418660101166985594225851078029874272726954991385538211391549319451836613742076486665122152011266239884200000368599743032861469509251858643539721334878774898625615096397907354061986939379117826933657913221603931787748204128682841771050269347359468224407535977619676567767553866769310721232413275369256115001999620994216936666618974813807391218943623095558399384920379119026791226214482576989436244805007683810844687593117017205269155337955329668922348337790306420824935768998541461648888514381390346608572544942951330835002319201275108088535243745359933108264688997196925400673438650845964545389648817299833642485970488592054060683825352693417430257015419084114783301710405351002807970551714742997342185912842552449106671435117957020132609232875307635901419322773306766027599199019672384013372963212890338166760971813521192603446496038196674562530859348583879252516400137732667723158303428355426194333194024127273581540159870926091602687902827562665601778936285981715574347047284757191353343564256272719659331985430163535968126303295092297943491676297074596005562957889046000218884180032261612018748306584737055536131270007096750	24739664234858138982047535273920704865888201889876711837493816699690678265963591165069870505023217046633362579621148489165328977987949899797415602900085081435628786567950676391780949633448253616219680559998014214784634910618447122667639804607217055610037222276897125660535867393387520758988742191975475097134159821776175469287214857624750265388130867415580412873925910271279382629434282479656095907178473638142326186864698341018602123575843883404208311798618679388046194707946385968872279636660172423920762823771748609336176990325713506490614247467311351878471253089939596514261196666267475682898635911908731494486904182965558798994916608466464004782386781525115550402067143147698500136991417807965993746533707493179716917949661657133802752099530380500629832889813766318693972247359960254936881029359545309059646697237241209564888106340558287762532356251637258398401846377922451692640383953053577384608293675046043906591724400907098081482508558109337883729893322775980233270148019416024194836854355986212330386751079897066437531206720139847788674454652536826169059736982479309839712946775980354134355139497105828903507866078114564099313317787443741699279748434354864282108704676095037950494415256322118446288427475749205978851269324596498940292431098699161055964032010937538805061400810880000778141585221295661960121653758465320161828777956679765905691202874393069942123161082732764368596183256668409871482159496291125676747387545891967471970332324907043570197065229386255163866210107746591699208187600383560179818969453567831278240700442063884730676248072277428758811049044505165207447625337690420755566586468658464699479123316310221422249448698305310672839958780605303472889516860143027145177515370450071696550435492232120322043063691965361723395875593008624959077336291918422102723834317166910996064524649015409608752666201483300762871511859764063373890148278177809805652145087320758176512244533527455768775288472468173058226911606466872593531508148161676285352943462011002190857608776236684046340174542430222058576499294988381146454595597263037160378537615336897786042277320478072097407340558283482141549662764283552119459527581461893643846659547870636532369265183913568123722036339480903754648521616619057903781503568205185217235072797861330128470070267844936090268012670941851047068925354276958161539676537005868795463212285597973708092562582967912642628361633803674148546236045106072142804	-2,-3,-3,3,3,3,3,3,3,3,3,3	-4,-4,3,3,3,3,3,3,3,3,3,3	ok
1.183183	12.552553	-56.543592	0.370390	continued:5	24739664234858138982047535273920704865888201889876711837493816699690678265963591165069870505023217046633362579621148489165328977987949899797415602899684019864988907867223245819108057267372400636831755392752651057081619256454091793002271402451390596999603578661386839218034927894691977007687979569356964816019131648401446453599291887098604964719600760048899335840826931321203087696360187891960428159771508966579363236449937481929033804729404041567645007606878177507097012055528450798859229339954257642462740795444976849548500240593050570337277557695189706094728689719436669373287020739726818335652103427540424427570931388755388962492342093444393354123060747971597143422852160864307469384353126467944647374787061629069577740669577703620312813482192872674167080884968129319555083698857603288075019743428134361350552931867065665037292740921826672076959273171356616244795679062269651325984981086160566709199310019119574332620289094194494425318032183693258258122309796912285324983288417356663334106815849999378467278672839817338224205768807729962881907318402918617134823610715858979890317948635754798259749693276835319600234251065782787240454408520081061604464565161809507510766668416196203021636641019786232400698184999691041886987610269788801899260631002494878062715818702420262468422497954457510650055674780175856184928587417256892401970906793115014858223342584096862452778689016763884051828121510014571820406821901552042473267116012012293889339008857103617865857437434552227003480618093980738589237996005414154393168969233277989990504490247843082840378614764972999984601703250959756658251781217324315961762685536649556981320036219943823699681509790305016004603758879936809193874776604597194335426497441734822552217142653948589053105038221351839374580510937386186470062302954784407956020799741772454869081687619316743254172202469204052099555722152283872779307224050417721054926250436254184736043167136959645430172616991365272187465193074884832250735696256392259118245093026924339924101922892142437177359803514547835331183463620545201447107628646742087057078920066456811985028927002334313600528834737649161174264873834811272584658943303834386308916980509832425027102090147114368087747655874971779797336728627514194757936505845363083893060132435001945871749482248570199932175763128899525695152620649990603481513316811079584176038705807551892604238549249209178717009937388890498638683829828605597259249	24739664234858138982047535273920704865888201889876711837493816699690678265963591165069870505023217046633362579621148489165328977987949899797415602900085081435628786567950676391780949633448253616219680559998014214784634910618447122667639804607217055610037222276897125660535867393387520758988742191975475097134159821776175469287214857624750265388130867415580412873925910271279382629434282479656095907178473638142326186864698341018602123575843883404208311798618679388046194707946385968872279636660172423920762823771748609336176990325713506490614247467311351878471253089939596514261196666267475682898635911908731494486904182965558798994916608466464004782386781525115550402067143147698500136991417807965993746533707493179716917949661657133802752099530380500629832889813766318693972247359960254936881029359545309059646697237241209564888106340558287762532356251637258398401846377922451692640383953053577384608293675046043906591724400907098081482508558109337883729893322775980233270148019416024194836854355986212330386751079897066437531206720139847788674454652536826169059736982479309839712946775980354134355139497105828903507866078114564099313317787443741699279748434354864282108704676095037950494415256322118446288427475749205978851269324596498940292431098699161055964032010937538805061400810880000778141585221295661960121653758465320161828777956679765905691202874393069942123161082732764368596183256668409871482159496291125676747387545891967471970332324907043570197065229386255163866210107746591699208187600383560179818969453567831278240700442063884730676248072277428758811049044505165207447625337690420755566586468658464699479123316310221422249448698305310672839958780605303472889516860143027145177515370450071696550435492232120322043063691965361723395875593008624959077336291918422102723834317166910996064524649015409608752666201483300762871511859764063373890148278177809805652145087320758176512244533527455768775288472468173058226911606466872593531508148161676285352943462011002190857608776236684046340174542430222058576499294988381146454595597263037160378537615336897786042277320478072097407340558283482141549662764283552119459527581461893643846659547870636532369265183913568123722036339480903754648521616619057903781503568205185217235072797861330128470070267844936090268012670941851047068925354276958161539676537005868795463212285597973708092562582967912642628361633803674148546236045106072142804	1,-3,-3,-3,3,3,3,3,3,3,3,3	-4,-4,3,3,3,3,3,3,3,3,3,3	ok
1.187187	12.552553	-56.902048	0.368934	continued:5	24739664234858138982047535273920704865888201889876711837493816699690678265963591165069870505023217046633362579621148489165328977987949899797415602899684019864988907867223245819108057267372400636831755392752651057081619256454091793002271402451390596999603578661386839218034927894691977007687979569356964816019131648401446453599291887098604964719600760048899335840826931321203087696360187891960428159771508966579363236449937481929033804729404041567645007606878177507097012055528450798859229339954257642462740795444976849548500240593050570337277557695189706094728689719436669373287020739726818335652103427540424427570931388755388962492342093444393354123060747971597143422852160864307469384353126467944647374787061629069577740669577703620312813482192872674167080884968129319555083698857603288075019743428134361350552931867065665037292740921826672076959273171356616244795679062269651325984981086160566709199310019119574332620289094194494425318032183693258258122309796912285324983288417356663334106815849999378467278672839817338224205768807729962881907318402918617134823610715858979890317948635754798259749693276835319600234251065782787240454408520081061604464565161809507510766668416196203021636641019786232400698184999691041886987610269788801899260631002494878062715818702420262468422497954457510650055674780175856184928587417256892401970906793115014858223342584096862452778689016763884051828121510014571820406821901552042473267116012012293889339008857103617865857437434552227003480618093980738589237996005414154393168969233277989990504490247843082840378614764972999984601703250959756658251781217324315961762685536649556981320036219943823699681509790305016004603758879936809193874776604597194335426497441734822552217142653948589053105038221351839374580510937386186470062302954784407956020799741772454869081687619316743254172202469204052099555722152283872779307224050417721054926250436254184736043167136959645430172616991365272187465193074884832250735696256392259118245093026924339924101922892142437177359803514547835331183463620545201447107628646742087057078920066456811985028927002334313600528834737649161174264873834811272584658943303834386308916980509832425027102090147114368087747655874971779797336728627514194757936505845363083893060132435001945871749482248570199932175763128899525695152620649990603481513316811079584176038705807551892604238549249209178717009937388890498638683829828605597259249	24739664234858138982047535273920704865888201889876711837493816699690678265963591165069870505023217046633362579621148489165328977987949899797415602900085081435628786567950676391780949633448253616219680559998014214784634910618447122667639804607217055610037222276897125660535867393387520758988742191975475097134159821776175469287214857624750265388130867415580412873925910271279382629434282479656095907178473638142326186864698341018602123575843883404208311798618679388046194707946385968872279636660172423920762823771748609336176990325713506490614247467311351878471253089939596514261196666267475682898635911908731494486904182965558798994916608466464004782386781525115550402067143147698500136991417807965993746533707493179716917949661657133802752099530380500629832889813766318693972247359960254936881029359545309059646697237241209564888106340558287762532356251637258398401846377922451692640383953053577384608293675046043906591724400907098081482508558109337883729893322775980233270148019416024194836854355986212330386751079897066437531206720139847788674454652536826169059736982479309839712946775980354134355139497105828903507866078114564099313317787443741699279748434354864282108704676095037950494415256322118446288427475749205978851269324596498940292431098699161055964032010937538805061400810880000778141585221295661960121653758465320161828777956679765905691202874393069942123161082732764368596183256668409871482159496291125676747387545891967471970332324907043570197065229386255163866210107746591699208187600383560179818969453567831278240700442063884730676248072277428758811049044505165207447625337690420755566586468658464699479123316310221422249448698305310672839958780605303472889516860143027145177515370450071696550435492232120322043063691965361723395875593008624959077336291918422102723834317166910996064524649015409608752666201483300762871511859764063373890148278177809805652145087320758176512244533527455768775288472468173058226911606466872593531508148161676285352943462011002190857608776236684046340174542430222058576499294988381146454595597263037160378537615336897786042277320478072097407340558283482141549662764283552119459527581461893643846659547870636532369265183913568123722036339480903754648521616619057903781503568205185217235072797861330128470070267844936090268012670941851047068925354276958161539676537005868795463212285597973708092562582967912642628361633803674148546236045106072142804	1,-3,-3,-3,3,3,3,3,3,3,3,3	-4,-4,3,3,3,3,3,3,3,3,3,3	ok
1.191191	12.552553	-57.207065	0.371728	continued:5	24739664234858138982047535273920704865888201889876711837493816699690678265963591165069870505023217046633362579621148489165328977987949899797415602899684019864988907867223245819108057267372400636831755392752651057081619256454091793002271402451390596999603578661386839218034927894691977007687979569356964816019131648401446453599291887098604964719600760048899335840826931321203087696360187891960428159771508966579363236449937481929033804729404041567645007606878177507097012055528450798859229339954257642462740795444976849548500240593050570337277557695189706094728689719436669373287020739726818335652103427540424427570931388755388962492342093444393354123060747971597143422852160864307469384353126467944647374787061629069577740669577703620312813482192872674167080884968129319555083698857603288075019743428134361350552931867065665037292740921826672076959273171356616244795679062269651325984981086160566709199310019119574332620289094194494425318032183693258258122309796912285324983288417356663334106815849999378467278672839817338224205768807729962881907318402918617134823610715858979890317948635754798259749693276835319600234251065782787240454408520081061604464565161809507510766668416196203021636641019772164091848900196196133230068606434889430590207950424026290406539964751192864863819991946483708191625421242785090875087332505484682131410602722455613381668195638024826147181350749504961536028077354832198548548240895692577622131963849807825968532681174542851946417310128438781866615326244953598589669201530661649741297669800088436260667546613214290833543640234407327070769359738859230486413026910461520853649324964515349333549243218831846547414287751411109039628106545137842725707217753623898948248887184823269766746895587820723952034785479439341913199380043320279986213762823189795147350784243883551777432366873387171424355101427447356388359422530337954228708137080941805319424924411463795490428824118140463210295024197734106863206886354530446184421755086504949191269889682687398657165260174483810806973486581697000796865771503604511934544541649520769129351315124230333438927175867928553169640007865947123985718344341066619029732162443553731064719188790999979914741665286458366272976076188022612149291021223787697074291222869177508973310899087929784777447118516489398701850489483461207821410595210760722767315439701656722281084821394147977310728744346229672886790068978648558283439316384678141080250	24739664234858138982047535273920704865888201889876711837493816699690678265963591165069870505023217046633362579621148489165328977987949899797415602900085081435628786567950676391780949633448253616219680559998014214784634910618447122667639804607217055610037222276897125660535867393387520758988742191975475097134159821776175469287214857624750265388130867415580412873925910271279382629434282479656095907178473638142326186864698341018602123575843883404208311798618679388046194707946385968872279636660172423920762823771748609336176990325713506490614247467311351878471253089939596514261196666267475682898635911908731494486904182965558798994916608466464004782386781525115550402067143147698500136991417807965993746533707493179716917949661657133802752099530380500629832889813766318693972247359960254936881029359545309059646697237241209564888106340558287762532356251637258398401846377922451692640383953053577384608293675046043906591724400907098081482508558109337883729893322775980233270148019416024194836854355986212330386751079897066437531206720139847788674454652536826169059736982479309839712946775980354134355139497105828903507866078114564099313317787443741699279748434354864282108704676095037950494415256322118446288427475749205978851269324596498940292431098699161055964032010937538805061400810880000778141585221295661960121653758465320161828777956679765905691202874393069942123161082732764368596183256668409871482159496291125676747387545891967471970332324907043570197065229386255163866210107746591699208187600383560179818969453567831278240700442063884730676248072277428758811049044505165207447625337690420755566586468658464699479123316310221422249448698305310672839958780605303472889516860143027145177515370450071696550435492232120322043063691965361723395875593008624959077336291918422102723834317166910996064524649015409608752666201483300762871511859764063373890148278177809805652145087320758176512244533527455768775288472468173058226911606466872593531508148161676285352943462011002190857608776236684046340174542430222058576499294988381146454595597263037160378537615336897786042277320478072097407340558283482141549662764283552119459527581461893643846659547870636532369265183913568123722036339480903754648521616619057903781503568205185217235072797861330128470070267844936090268012670941851047068925354276958161539676537005868795463212285597973708092562582967912642628361633803674148546236045106072142804	0,-3,-3,-3,3,3,3,3,3,3,3,3	-4,-4,3,3,3,3,3,3,3,3,3,3	ok
1.195195	12.552553	-57.408584	0.370478	continued:5	24739664234858138982047535273920704865888201889876711837493816699690678265963591165069870505023217046633362579621148489165328977987949899797415602899684019864988907867223245819108057267372400636831755392752651057081619256454091793002271402451390596999603578661386839218034927894691977007687979569356964816019131648401446453599291887098604964719600760048899335840826931321203087696360187891960428159771508966579363236449937481929033804729404041567645007606878177507097012055528450798859229339954257642462740795444976849548500240593050570337277557695189706094728689719436669373287020739726818335652103427540424427570931388755388962492342093444393354123060747971597143422852160864307469384353126467944647374787061629069577740669577703620312813482192872674167080884968129319555083698857603288075019743428134361350552931867065665037292740921826672076959273171356616244795679062269651325984981086160566709199310019119574332620289094194494425318032183693258258122309796912285324983288417356663334106815849999378467278672839817338224205768807729962881907318402918617134823610715858979890317948635754798259749693276835319600234251065782787240454408520081061604464565161809507510766668416196203021636641019772164091848900196196133230068606434889430590207950424026290406539964751192864863819991946483708191625421242785090875087332505484682131410602722455613381668195638024826147181350749504961536028077354832198548548240895692577622131963849807825968532681174542851946417310128438781866615326244953598589669201530661649741297669800088436260667546613214290833543640234407327070769359738859230486413026910461520853649324964515349333549243218831846547414287751411109039628106545137842725707217753623898948248887184823269766746895587820723952034785479439341913199380043320279986213762823189795147350784243883551777432366873387171424355101427447356388359422530337954228708137080941805319424924411463795490428824118140463210295024197734106863206886354530446184421755086504949191269889682687398657165260174483810806973486581697000796865771503604511934544541649520769129351315124230333438927175867928553169640007865947123985718344341066619029732162443553731064719188790999979914741665286458366272976076188022612149291021223787697074291222869177508973310899087929784777447118516489398701850489483461207821410595210760722767315439701656722281084821394147977310728744346229672886790068978648558283439316384678141080250	24739664234858138982047535273920704865888201889876711837493816699690678265963591165069870505023217046633362579621148489165328977987949899797415602900085081435628786567950676391780949633448253616219680559998014214784634910618447122667639804607217055610037222276897125660535867393387520758988742191975475097134159821776175469287214857624750265388130867415580412873925910271279382629434282479656095907178473638142326186864698341018602123575843883404208311798618679388046194707946385968872279636660172423920762823771748609336176990325713506490614247467311351878471253089939596514261196666267475682898635911908731494486904182965558798994916608466464004782386781525115550402067143147698500136991417807965993746533707493179716917949661657133802752099530380500629832889813766318693972247359960254936881029359545309059646697237241209564888106340558287762532356251637258398401846377922451692640383953053577384608293675046043906591724400907098081482508558109337883729893322775980233270148019416024194836854355986212330386751079897066437531206720139847788674454652536826169059736982479309839712946775980354134355139497105828903507866078114564099313317787443741699279748434354864282108704676095037950494415256322118446288427475749205978851269324596498940292431098699161055964032010937538805061400810880000778141585221295661960121653758465320161828777956679765905691202874393069942123161082732764368596183256668409871482159496291125676747387545891967471970332324907043570197065229386255163866210107746591699208187600383560179818969453567831278240700442063884730676248072277428758811049044505165207447625337690420755566586468658464699479123316310221422249448698305310672839958780605303472889516860143027145177515370450071696550435492232120322043063691965361723395875593008624959077336291918422102723834317166910996064524649015409608752666201483300762871511859764063373890148278177809805652145087320758176512244533527455768775288472468173058226911606466872593531508148161676285352943462011002190857608776236684046340174542430222058576499294988381146454595597263037160378537615336897786042277320478072097407340558283482141549662764283552119459527581461893643846659547870636532369265183913568123722036339480903754648521616619057903781503568205185217235072797861330128470070267844936090268012670941851047068925354276958161539676537005868795463212285597973708092562582967912642628361633803674148546236045106072142804	0,-3,-3,-3,3,3,3,3,3,3,3,3	-4,-4,3,3,3,3,3,3,3,3,3,3	ok
1.199199	12.552553	-57.592946	0.369770	continued:5	24739664234858138982047535273920704865888201889876711837493816699690678265963591165069870505023217046633362579621148489165328977987949899797415602899684019864988907867223245819108057267372400636831755392752651057081619256454091793002271402451390596999603578661386839218034927894691977007687979569356964816019131648401446453599291887098604964719600760048899335840826931321203087696360187891960428159771508966579363236449937481929033804729404041567645007606878177507097012055528450798859229339954257642462740795444976849548500240593050570337277557695189706094728689719436669373287020739726818335652103427540424427570931388755388962492342093444393354123060747971597143422852160864307469384353126467944647374787061629069577740669577703620312813482192872674167080884968129319555083698857603288075019743428134361350552931867065665037292740921826672076959273171356616244795679062269651325984981086160566709199310019119574332620289094194494425318032183693258258122309796912285324983288417356663334106815849999378467278672839817338224205768807729962881907318402918617134823610715858979890317948635754798259749693276835319600234251065782787240454408520081061604464565161809507510766668416196203021636641019772164091848900196196133230068606434889430590207950424026290406539964751192864863819991946483708191625421242785090875087332505484682131410602722455613381668195638024826147181350749504961536028077354832198548548240895692577622131963849807825968532681174542851946417310128438781866615326244953598589669201530661649741297669800088436260667546613214290833543640234407327070769359738859230486413026910461520853649324964515349333549243218831846547414287751411109039628106545137842725707217753623898948248887184823269766746895587820723952034785479439341913199380043320279986213762823189795147350784243883551777432366873387171424355101427447356388359422530337954228708137080941805319424924411463795490428824118140463210295024197734106863206886354530446184421755086504949191269889682687398657165260174483810806973486581697000796865771503604511934544541649520769129351315124230333438927175867928553169640007865947123985718344341066619029732162443553731064719188790999979914741665286458366272976076188022612149291021223787697074291222869177508973310899087929784777447118516489398701850489483461207821410595210760722767315439701656722281084821394147977310728744346229672886790068978648558283439316384678141080250	24739664234858138982047535273920704865888201889876711837493816699690678265963591165069870505023217046633362579621148489165328977987949899797415602900085081435628786567950676391780949633448253616219680559998014214784634910618447122667639804607217055610037222276897125660535867393387520758988742191975475097134159821776175469287214857624750265388130867415580412873925910271279382629434282479656095907178473638142326186864698341018602123575843883404208311798618679388046194707946385968872279636660172423920762823771748609336176990325713506490614247467311351878471253089939596514261196666267475682898635911908731494486904182965558798994916608466464004782386781525115550402067143147698500136991417807965993746533707493179716917949661657133802752099530380500629832889813766318693972247359960254936881029359545309059646697237241209564888106340558287762532356251637258398401846377922451692640383953053577384608293675046043906591724400907098081482508558109337883729893322775980233270148019416024194836854355986212330386751079897066437531206720139847788674454652536826169059736982479309839712946775980354134355139497105828903507866078114564099313317787443741699279748434354864282108704676095037950494415256322118446288427475749205978851269324596498940292431098699161055964032010937538805061400810880000778141585221295661960121653758465320161828777956679765905691202874393069942123161082732764368596183256668409871482159496291125676747387545891967471970332324907043570197065229386255163866210107746591699208187600383560179818969453567831278240700442063884730676248072277428758811049044505165207447625337690420755566586468658464699479123316310221422249448698305310672839958780605303472889516860143027145177515370450071696550435492232120322043063691965361723395875593008624959077336291918422102723834317166910996064524649015409608752666201483300762871511859764063373890148278177809805652145087320758176512244533527455768775288472468173058226911606466872593531508148161676285352943462011002190857608776236684046340174542430222058576499294988381146454595597263037160378537615336897786042277320478072097407340558283482141549662764283552119459527581461893643846659547870636532369265183913568123722036339480903754648521616619057903781503568205185217235072797861330128470070267844936090268012670941851047068925354276958161539676537005868795463212285597973708092562582967912642628361633803674148546236045106072142804	0,-3,-3,-3,3,3,3,3,3,3,3,3	-4,-4,3,3,3,3,3,3,3,3,3,3	ok
1.203203	12.552553	-57.756664	0.369396	full	24739664234858138982047535273920704865888201889876711837493816699690678265963591165069870505023217046633362579621148489165328977987949899797415602899684019864988907867223245819108057267372400636831755392752651057081619256454091793002271402451390596999603578661386839218034927894691977007687979569356964816019131648401446453599291887098604964719600760048899335840826931321203087696360187891960428159771508966579363236449937481929033804729404041567645007606878177507097012055528450798859229339954257642462740795444976849548500240593050570337277557695189706094728689719436669373287020739726818335652103427540424427570931388755388962492342093444393354123060747971597143422852160864307469384353126467944647374787061629069577740669577703620312813482192872674167080884968129319555083698857603288075019743428134361350552931867065665037292740921826672076959273171356616244795679062269651325984981086160566709199310019119574332620289094194494425318032183693258258122309796912285324983288417356663334106815849999378467278672839817338224205768807729962881907318402918617134823610715858979890317948635754798259749693276835319600234251065782787240454408520081061604464565161809507510766668416196203021636641019772164091848900196196133230068606434889430590207950424026290406539964751192864863819991946483708191625421242785090875087332505484682131410602722455613381668195638024826147181350749504961536028077354832198548548240895692577622131963849807825968532681174542851946417310128438781866615326244953598589669201530661649741297669800088436260667546613214290833543640234407327070769359738859230486413026910461520853649324964515349333549243218831846547414287751411109039628106545137842725707217753623898948248887184823269766746895587820723952034785479439341913199380043320279986213762823189795147350784243883551777432366873387171424355101427447356388359422530337954228708137080941805319424924411463795490428824118140463210295024197734106863206886354530446184421755086504949191269889682687398657165260174483810806973486581697000796865771503604511934544541649520769129351315124230333438927175867928553169640007865947123985718344341066619029732162443553731064719188790999979914741665286458366272976076188022612149291021223787697074291222869177508973310899087929784777447118516489398701850489483461207821410595210760722767315439701656722281084821394147977310728744346229672886790068978648558283439316384678141080250	24739664234858138982047535273920704865888201889876711837493816699690678265963591165069870505023217046633362579621148489165328977987949899797415602900085081435628786567950676391780949633448253616219680559998014214784634910618447122667639804607217055610037222276897125660535867393387520758988742191975475097134159821776175469287214857624750265388130867415580412873925910271279382629434282479656095907178473638142326186864698341018602123575843883404208311798618679388046194707946385968872279636660172423920762823771748609336176990325713506490614247467311351878471253089939596514261196666267475682898635911908731494486904182965558798994916608466464004782386781525115550402067143147698500136991417807965993746533707493179716917949661657133802752099530380500629832889813766318693972247359960254936881029359545309059646697237241209564888106340558287762532356251637258398401846377922451692640383953053577384608293675046043906591724400907098081482508558109337883729893322775980233270148019416024194836854355986212330386751079897066437531206720139847788674454652536826169059736982479309839712946775980354134355139497105828903507866078114564099313317787443741699279748434354864282108704676095037950494415256322118446288427475749205978851269324596498940292431098699161055964032010937538805061400810880000778141585221295661960121653758465320161828777956679765905691202874393069942123161082732764368596183256668409871482159496291125676747387545891967471970332324907043570197065229386255163866210107746591699208187600383560179818969453567831278240700442063884730676248072277428758811049044505165207447625337690420755566586468658464699479123316310221422249448698305310672839958780605303472889516860143027145177515370450071696550435492232120322043063691965361723395875593008624959077336291918422102723834317166910996064524649015409608752666201483300762871511859764063373890148278177809805652145087320758176512244533527455768775288472468173058226911606466872593531508148161676285352943462011002190857608776236684046340174542430222058576499294988381146454595597263037160378537615336897786042277320478072097407340558283482141549662764283552119459527581461893643846659547870636532369265183913568123722036339480903754648521616619057903781503568205185217235072797861330128470070267844936090268012670941851047068925354276958161539676537005868795463212285597973708092562582967912642628361633803674148546236045106072142804	0,-3,-3,-3,3,3,3,3,3,3,3,3	-4,-4,3,3,3,3,3,3,3,3,3,3	ok
1.207207	12.552553	-18.762186	0.353142	continued:5	24739664234858138982047535273920704865888201889876711837493816699690678265963591165069870505023217046633362579621148489165328977987949899797415602900486143006268665268678106964453841999524106595607605727243377372487650564782802452333008206763043514220470865892407412103036806892083064510289504814600080741268157165354063032161189525829409088498985531970815025159686244986955270210405434697787650037103444327391942508501376229453985083037857645944890272090078718974473418025044221755928344004123983175888817859152476099625581493080234216246769749121423440316080188755726314866454849365625903310727411127889898194381660787032015151698715736677481139420851742750719529547539689342907032684848982153429642503545479758778195831115174999007304520947563003595490867019874169994914300124258307833187901988179428014704959954258008163520937529812950909650540738739709363910934624816250948310905870516490152323845654698835235607375139145151252300518952681249670519366224367191080941950960612430590599784107574388270912656395965864142364667984575546882550050402798003370469155776659862256338059002106715868920421959433223756311341506694462249246973686264750035944554027554964157670321252914659435234646443493663615288896121167646316882555133337800512113952732559708594974816416140553218464973050612658312404043775218239341953181568574680600311919557413518984379781322366434353401542267398063152066182910455992090212547448155137321246935207939809700388377831973332968393874569471206413709830167882966090206634922349461709974156955283003943043392504541949407334535751777012198640212694802839743412698041590634279560381600372922760012623550108181664702348323127201509122143409384103694572753623291772254278495815815482190520222548064790671557259281030022688564370422258339384692836564064490467123135582358419887445080167098579144877715501490636034742333352845682031947806047235860721832893234206830800328259966071434373052919619491540166447872584124169780886118668130297673901179132863639733214944723661858903373090905846808882482137330006017888285895337117776326877379910898599882440564648509935829635199955452561261750642259000936907313009325867934702239716886721992350880878077876536387982415177692198723424544257008965116476878821299701002351007669058010644944374151994666135649569140775605370875066801434353644746286150008176849296327554732800639352990232944027059942138998782429242519222574309462368956915	24739664234858138982047535273920704865888201889876711837493816699690678265963591165069870505023217046633362579621148489165328977987949899797415602900085081435628786567950676391780949633448253616219680559998014214784634910618447122667639804607217055610037222276897125660535867393387520758988742191975475097134159821776175469287214857624750265388130867415580412873925910271279382629434282479656095907178473638142326186864698341018602123575843883404208311798618679388046194707946385968872279636660172423920762823771748609336176990325713506490614247467311351878471253089939596514261196666267475682898635911908731494486904182965558798994916608466464004782386781525115550402067143147698500136991417807965993746533707493179716917949661657133802752099530380500629832889813766318693972247359960254936881029359545309059646697237241209564888106340558287762532356251637258398401846377922451692640383953053577384608293675046043906591724400907098081482508558109337883729893322775980233270148019416024194836854355986212330386751079897066437531206720139847788674454652536826169059736982479309839712946775980354134355139497105828903507866078114564099313317787443741699279748434354864282108704676095037950494415256322118446288427475749205978851269324596498940292431098699161055964032010937538805061400810880000778141585221295661960121653758465320161828777956679765905691202874393069942123161082732764368596183256668409871482159496291125676747387545891967471970332324907043570197065229386255163866210107746591699208187600383560179818969453567831278240700442063884730676248072277428758811049044505165207447625337690420755566586468658464699479123316310221422249448698305310672839958780605303472889516860143027145177515370450071696550435492232120322043063691965361723395875593008624959077336291918422102723834317166910996064524649015409608752666201483300762871511859764063373890148278177809805652145087320758176512244533527455768775288472468173058226911606466872593531508148161676285352943462011002190857608776236684046340174542430222058576499294988381146454595597263037160378537615336897786042277320478072097407340558283482141549662764283552119459527581461893643846659547870636532369265183913568123722036339480903754648521616619057903781503568205185217235072797861330128470070267844936090268012670941851047068925354276958161539676537005868795463212285597973708092562582967912642628361633803674148546236045106072142804	-1,-4,-4,-4,3,3,3,3,3,3,3,3	-4,-4,3,3,3,3,3,3,3,3,3,3	ok
1.211211	12.552553	-47.487036	0.355936	continued:5	24739664234858138982047535273920704865888201889876711837493816699690678265963591165069870505023217046633362579621148489165328977987949899797415602900486143006268665268678106964453841999524106595607605727243377372487650564782802452333008206763043514220470865892407412103036806892083064510289504814600080741268157165354063032161189525829409088498985531970815025159686244986955270210405434697787650037103444327391942508501376229453985083037857645944890272090078718974473418025044221755928344004123983175888817859152476099625581493080234216246769749121423440316080188755726314866454849365625903310727411127889898194381660787032015151698715736677481139420851742750719529547539689342907032684848982153429642503545479758778195831115174999007304520947563003595490867019874169994914300124258307833187901988179428014704959954258008163520937529812950909650540738739709363910934624816250948310905870516490152323845654698835235607375139145151252300518952681249670519366224367191080941950960612430590599784107574388270912656395965864142364667984575546882550050402798003370469155776659862256338059002106715868920421959433223756311341506694462249246973686264750035944554027554964157670321252914659435234646443493677683597745405971141225539474137172699883423005413138177182630992270091780616069575556620632114862474028755630107263022823486452810582479861484178386084401732841472850038162089857730565405969047435643920136439634336604016728923871833481559806979683137755206220799504109663331208514413464430418551053706989442470258202310367381155045766426374273253898576206837490031074086028221393484536720474016085653508931383903513694137058764136569652465772117298842821928522143333156039359822831589477971662862806772542865053653268812787194981044774561432027631927740266279297127218941745071346551870491710228931443732125082669073300133305333557226381450558628803418742838780575592664663498499732751742981131906329221811915572836440111786562018495581399857715929689574591275483205964204612337157102215690145590491757373012687396302905949244185968504318632423096835739322206969511655795900949956880726578854591280830716907776049686818330424314656174016109138495605656679904045914457526289307375818001406305017117144535218152699191238593044812519708769054010738927750601064808233841054319348937955463320904378159806803983217193136649028784818187695263085809235629577995855098293430968673291470193274242954506200738	24739664234858138982047535273920704865888201889876711837493816699690678265963591165069870505023217046633362579621148489165328977987949899797415602900085081435628786567950676391780949633448253616219680559998014214784634910618447122667639804607217055610037222276897125660535867393387520758988742191975475097134159821776175469287214857624750265388130867415580412873925910271279382629434282479656095907178473638142326186864698341018602123575843883404208311798618679388046194707946385968872279636660172423920762823771748609336176990325713506490614247467311351878471253089939596514261196666267475682898635911908731494486904182965558798994916608466464004782386781525115550402067143147698500136991417807965993746533707493179716917949661657133802752099530380500629832889813766318693972247359960254936881029359545309059646697237241209564888106340558287762532356251637258398401846377922451692640383953053577384608293675046043906591724400907098081482508558109337883729893322775980233270148019416024194836854355986212330386751079897066437531206720139847788674454652536826169059736982479309839712946775980354134355139497105828903507866078114564099313317787443741699279748434354864282108704676095037950494415256322118446288427475749205978851269324596498940292431098699161055964032010937538805061400810880000778141585221295661960121653758465320161828777956679765905691202874393069942123161082732764368596183256668409871482159496291125676747387545891967471970332324907043570197065229386255163866210107746591699208187600383560179818969453567831278240700442063884730676248072277428758811049044505165207447625337690420755566586468658464699479123316310221422249448698305310672839958780605303472889516860143027145177515370450071696550435492232120322043063691965361723395875593008624959077336291918422102723834317166910996064524649015409608752666201483300762871511859764063373890148278177809805652145087320758176512244533527455768775288472468173058226911606466872593531508148161676285352943462011002190857608776236684046340174542430222058576499294988381146454595597263037160378537615336897786042277320478072097407340558283482141549662764283552119459527581461893643846659547870636532369265183913568123722036339480903754648521616619057903781503568205185217235072797861330128470070267844936090268012670941851047068925354276958161539676537005868795463212285597973708092562582967912642628361633803674148546236045106072142804	-2,-4,-4,-4,3,3,3,3,3,3,3,3	-4,-4,3,3,3,3,3,3,3,3,3,3	ok
1.215215	12.552553	-51.402942	0.358729	continued:5	24739664234858138982047535273920704865888201889876711837493816699690678265963591165069870505023217046633362579621148489165328977987949899797415602900085081435628786567950676391780949633448253616219680559998014214784634910618447122667639804607217055610037222276897125660535867393387520758988742191975881454668757766456386039099618304136651166884285837894817315224103333988986022139294086321685154999346340705988103078279492809641656432950215478117816222205266648568411397418925046010008480574710698821954765024242012324702958840527170691397468834926110714722062344576291849261675828451121993701604115701508243628541371186781104664750453506678450990658685568877319368724842489366294600223726679557182485111500144011805314426535016123806594563159834704421627591278254098145543334614838595418659350735064119136615550909153916789982856517125346862661227399851506503677119661384586623759841225285653771144345770541906184539519104941031220044588169549394770200017461390905581925298086151522809307449802203222974575540394725875975613318942282656692285373790701768039928224139907689742983609684357165165999207726031406986345064845442052163822899745749684239296069717432693993739901942491195871247188184005622544785201503778731692980763148695451320067864505419433903296146435519659445296496521753471751053227747100453951667941404082669168467397904837511477314606979965133586611493917731935764814635083454704415971377330927400925606195959818431792469429418116723704386606181200779275427328448710823557613447746209908018375062744436514008448136725837375018889739373788918034661386782197106728884664734208458407490415983494747724025743014546106959052115082581517674412963303533831592714298898434370562696760364284907649524262263203863738811407641223237417792595228795567209392197346168129532869186393699250511460803609604775790350055181876012354996063835746263526287716560314813811620925060168891017297616944232700143626717187252726401614482694460612123445628743173456126897633169507145484634472958365316154041498756742212285370794794943044917860959341170625479307682910920823252007181387177510642904251136218634729923121143365381055468330009120571229595835534174707444212211923579929623123189784216056145019741206793077625668066727235911128282011752922343020711243420613039895996532816209969481955781758149729410573607684771633603829608966645618928414800755731073563281257215197415316980466356186475953769123	24739664234858138982047535273920704865888201889876711837493816699690678265963591165069870505023217046633362579621148489165328977987949899797415602900085081435628786567950676391780949633448253616219680559998014214784634910618447122667639804607217055610037222276897125660535867393387520758988742191975475097134159821776175469287214857624750265388130867415580412873925910271279382629434282479656095907178473638142326186864698341018602123575843883404208311798618679388046194707946385968872279636660172423920762823771748609336176990325713506490614247467311351878471253089939596514261196666267475682898635911908731494486904182965558798994916608466464004782386781525115550402067143147698500136991417807965993746533707493179716917949661657133802752099530380500629832889813766318693972247359960254936881029359545309059646697237241209564888106340558287762532356251637258398401846377922451692640383953053577384608293675046043906591724400907098081482508558109337883729893322775980233270148019416024194836854355986212330386751079897066437531206720139847788674454652536826169059736982479309839712946775980354134355139497105828903507866078114564099313317787443741699279748434354864282108704676095037950494415256322118446288427475749205978851269324596498940292431098699161055964032010937538805061400810880000778141585221295661960121653758465320161828777956679765905691202874393069942123161082732764368596183256668409871482159496291125676747387545891967471970332324907043570197065229386255163866210107746591699208187600383560179818969453567831278240700442063884730676248072277428758811049044505165207447625337690420755566586468658464699479123316310221422249448698305310672839958780605303472889516860143027145177515370450071696550435492232120322043063691965361723395875593008624959077336291918422102723834317166910996064524649015409608752666201483300762871511859764063373890148278177809805652145087320758176512244533527455768775288472468173058226911606466872593531508148161676285352943462011002190857608776236684046340174542430222058576499294988381146454595597263037160378537615336897786042277320478072097407340558283482141549662764283552119459527581461893643846659547870636532369265183913568123722036339480903754648521616619057903781503568205185217235072797861330128470070267844936090268012670941851047068925354276958161539676537005868795463212285597973708092562582967912642628361633803674148546236045106072142804	1,-4,-4,3,3,3,3,3,3,3,3,3	-4,-4,3,3,3,3,3,3,3,3,3,3	ok
1.219219	12.552553	-53.785970	0.359231	continued:5	24739664234858138982047535273920704865888201889876711837493816699690678265963591165069870505023217046633362579621148489165328977987949899797415602900085081435628786567950676391780949633448253616219680559998014214784634910618447122667639804607217055610037222276897125660535867393387520758988742191975475097134159821776175469287214857624750265388130867415580412873925910271279382629434282479656095907178473638142326186864698341018602123575843883404208311798618679388046194707946385968872279636660172423920762823771748609336176990325713506490614247467311351878471253089939596514261196666267475682898635077588364628629417296554229734815495315011752337585393015754405944996164827318009845582551593321289722257247006063686910061456841431892563940020873466746931070957111770150069590359792388197563206227771911411885143855184505614961998508226343153531223089971459935049708039359327667779120430067461929055441744031224422705223831560005091108633317128720548165517033711719448300771525660964913525817712220131912105082815080054605883136048554894173783193438041716508681297001277350562437894851607688119124032266056066591963623197071229719772200831481260746898621517899928612391918713268983151048632780119648896253765940151777173575597570025320253082336116946689981147789765900355562110523987436189411566954756946831913765892283629482126668117215787661175622538482371666841405595054624551275871666632475049764341931929868507018454948365774171910807496638367218687366613903751947086947394002612630474683257999387223688134848014104823955551645010680263372366206458226198558279883447844315148180302724249331888726196930807213187997142652942313186005148224878224024593537200103980637926868603500896185830904692094904758235554768415409124757267836161356776521732484146109863946926378105041694979170269733992817805415234240628485488200053302199364211031646323082439647263607276631895871769259044401451363766451126814443473134220489198884697731101960802990910300139680959518854832128513597114746389737973151315057975842081443516593123962467786526070102139874765749035637088432614260030772344792316488840415153698481155126035457741137680097748660410763036811870095293313414540437283852893333234643562710973384060038416228190613325616933189150517789061901654152308030489428549857055082465581427407486143000730202660813809057790100346399768338483335257539245860316494779637880208922066168766414992991208014608723526	24739664234858138982047535273920704865888201889876711837493816699690678265963591165069870505023217046633362579621148489165328977987949899797415602900085081435628786567950676391780949633448253616219680559998014214784634910618447122667639804607217055610037222276897125660535867393387520758988742191975475097134159821776175469287214857624750265388130867415580412873925910271279382629434282479656095907178473638142326186864698341018602123575843883404208311798618679388046194707946385968872279636660172423920762823771748609336176990325713506490614247467311351878471253089939596514261196666267475682898635911908731494486904182965558798994916608466464004782386781525115550402067143147698500136991417807965993746533707493179716917949661657133802752099530380500629832889813766318693972247359960254936881029359545309059646697237241209564888106340558287762532356251637258398401846377922451692640383953053577384608293675046043906591724400907098081482508558109337883729893322775980233270148019416024194836854355986212330386751079897066437531206720139847788674454652536826169059736982479309839712946775980354134355139497105828903507866078114564099313317787443741699279748434354864282108704676095037950494415256322118446288427475749205978851269324596498940292431098699161055964032010937538805061400810880000778141585221295661960121653758465320161828777956679765905691202874393069942123161082732764368596183256668409871482159496291125676747387545891967471970332324907043570197065229386255163866210107746591699208187600383560179818969453567831278240700442063884730676248072277428758811049044505165207447625337690420755566586468658464699479123316310221422249448698305310672839958780605303472889516860143027145177515370450071696550435492232120322043063691965361723395875593008624959077336291918422102723834317166910996064524649015409608752666201483300762871511859764063373890148278177809805652145087320758176512244533527455768775288472468173058226911606466872593531508148161676285352943462011002190857608776236684046340174542430222058576499294988381146454595597263037160378537615336897786042277320478072097407340558283482141549662764283552119459527581461893643846659547870636532369265183913568123722036339480903754648521616619057903781503568205185217235072797861330128470070267844936090268012670941851047068925354276958161539676537005868795463212285597973708092562582967912642628361633803674148546236045106072142804	1,3,3,3,3,3,3,3,3,3,3,3	-4,-4,3,3,3,3,3,3,3,3,3,3	ok
1.223223	12.552553	-55.203664	0.362024	continued:5	24739664234858138982047535273920704865888201889876711837493816699690678265963591165069870505023217046633362579621148489165328977987949899797415602900085081435628786567950676391780949633448253616219680559998014214784634910618447122667639804607217055610037222276897125660535867393387520758988742191975475097134159821776175469287214857624750265388130867415580412873925910271279382629434282479656095907178473638142326186864698341018602123575843883404208311798618679388046194707946385968872279636660172423920762823771748609336176990325713506490614247467311351878471253089939596514261196666267475682898635077588364628629417296554229734815495315011752337585393015754405944996164827318009845582551593321289722257247006063686910061456841431892563940020873466746931070957111770150069590359792388197563206227771911411885143855184505614961998508226343153531223089971459935049708039359327667779120430067461929055441744031224422705223831560005091108633317128720548165517033711719448300771525660964913525817712220131912105082815080054605883136048554894173783193438041716508681297001277350562437894851607688119124032266056066591963623197071229719772200831481260746898621517899928612391918713268983151048632780119648896253765940151777173575597570025320253082336116946689981147789765900355562110523987436189411566954756946831913765892283629482126668117215787661175622538482371666841405595054624551275871666632475049764341931929868507018454948365774171910807496638367218687366613903751947086947394002612630474683257999387223688134848014104823955551645010680263372366206458226198558279883447844315148180302724249331888726196930807213187997142652942313186005148224878224024593537200103980637926868603500896185830904692094904758235554768415409124757267836161356776521732484146109863946926378105041694979170269733992817805415234240628485488200053302199364211031646323082439647263607276631895871769259044401451363766451126814443473134220489198884697731101960802990910300139680959518854832128513597114746389737973151315057975842081443516593123962467786526070102139874765749035637088432614260030772344792316488840415153698481155126035457741137680097748660410763036811870095293313414540437283852893333234643562710973384060038416228190613325616933189150517789061901654152308030489428549857055082465581427407486143000730202660813809057790100346399768338483335257539245860316494779637880208922066168766414992991208014608723526	24739664234858138982047535273920704865888201889876711837493816699690678265963591165069870505023217046633362579621148489165328977987949899797415602900085081435628786567950676391780949633448253616219680559998014214784634910618447122667639804607217055610037222276897125660535867393387520758988742191975475097134159821776175469287214857624750265388130867415580412873925910271279382629434282479656095907178473638142326186864698341018602123575843883404208311798618679388046194707946385968872279636660172423920762823771748609336176990325713506490614247467311351878471253089939596514261196666267475682898635911908731494486904182965558798994916608466464004782386781525115550402067143147698500136991417807965993746533707493179716917949661657133802752099530380500629832889813766318693972247359960254936881029359545309059646697237241209564888106340558287762532356251637258398401846377922451692640383953053577384608293675046043906591724400907098081482508558109337883729893322775980233270148019416024194836854355986212330386751079897066437531206720139847788674454652536826169059736982479309839712946775980354134355139497105828903507866078114564099313317787443741699279748434354864282108704676095037950494415256322118446288427475749205978851269324596498940292431098699161055964032010937538805061400810880000778141585221295661960121653758465320161828777956679765905691202874393069942123161082732764368596183256668409871482159496291125676747387545891967471970332324907043570197065229386255163866210107746591699208187600383560179818969453567831278240700442063884730676248072277428758811049044505165207447625337690420755566586468658464699479123316310221422249448698305310672839958780605303472889516860143027145177515370450071696550435492232120322043063691965361723395875593008624959077336291918422102723834317166910996064524649015409608752666201483300762871511859764063373890148278177809805652145087320758176512244533527455768775288472468173058226911606466872593531508148161676285352943462011002190857608776236684046340174542430222058576499294988381146454595597263037160378537615336897786042277320478072097407340558283482141549662764283552119459527581461893643846659547870636532369265183913568123722036339480903754648521616619057903781503568205185217235072797861330128470070267844936090268012670941851047068925354276958161539676537005868795463212285597973708092562582967912642628361633803674148546236045106072142804	1,3,3,3,3,3,3,3,3,3,3,3	-4,-4,3,3,3,3,3,3,3,3,3,3	ok
1.227227	12.552553	-56.020943	0.364148	continued:5	24739664234858138982047535273920704865888201889876711837493816699690678265963591165069870505023217046633362579621148489165328977987949899797415602899684019864988907867223245819108057267372400636831755392752651057081619256454091793002271402451390596999603578661386839218034927894691977007687979569356964816019131648401446453599291887098604964719600760048899335840826931321203087696360187891960428159771508966579363236449937481929033804729404041567645007606878177507097012055528450798859229339954257642462740795444976849548500240593050570337277557695189706094728689719436669373287020739726818335652103427540424427570931388755388962492342093444393354123060747971597143422852160864307469384353126467944647374787061629069577740669577703620312813482192872674167080884968129319555083698857603288075019743428134361350552931867065665037292740921826672076959273171356616244795679062269651325984981086160566709199310019119574332620289094194494425318032183693258258122309796912285324983288417356663334106815849999378467278672839817338224205768807729962881907318402918617134823610715858979890317948635754798259749693276835319600234251065782787240454408520081061604464565161809507510766668416196203021636641019793266555122827401438496215447112187238487553786971291729171890803745678033961270723750958444411879270801548871238839849214873142997537251058828444715596500916057132880605577358150393345309728143587605758456336112404481774898834692093114527849742172698384000825577501087608949571913264018494308589022393242790406719104618949872766855422962065157478843796102030255836441517875007010019744171158370755713515819365822716660805205432720499812275815120809751969487091585047336292427958556030083842029015302570190598944952266187012521603640164592308088105271076384419139711986573020581714360355807490716906414906347992281529169080752990082399955153871963256832054606767535155678922676913448649379358850338646369236540111413388180854849594346435062025283892666841335914081732694699042810557570254250971750362552961980973252598342309679015546203389172145352746020942722537570051258079802569537193815973248173500179768538138581683599362122333733974713931015876369248647583282302577442368995133445718446363621359582329377443599759147333455871352934749108538026418900664114610600547338399951618684632023633369605543838612255365791015123515648014253850250993451700698931632119871594011468816306086550569325348750	24739664234858138982047535273920704865888201889876711837493816699690678265963591165069870505023217046633362579621148489165328977987949899797415602900085081435628786567950676391780949633448253616219680559998014214784634910618447122667639804607217055610037222276897125660535867393387520758988742191975475097134159821776175469287214857624750265388130867415580412873925910271279382629434282479656095907178473638142326186864698341018602123575843883404208311798618679388046194707946385968872279636660172423920762823771748609336176990325713506490614247467311351878471253089939596514261196666267475682898635911908731494486904182965558798994916608466464004782386781525115550402067143147698500136991417807965993746533707493179716917949661657133802752099530380500629832889813766318693972247359960254936881029359545309059646697237241209564888106340558287762532356251637258398401846377922451692640383953053577384608293675046043906591724400907098081482508558109337883729893322775980233270148019416024194836854355986212330386751079897066437531206720139847788674454652536826169059736982479309839712946775980354134355139497105828903507866078114564099313317787443741699279748434354864282108704676095037950494415256322118446288427475749205978851269324596498940292431098699161055964032010937538805061400810880000778141585221295661960121653758465320161828777956679765905691202874393069942123161082732764368596183256668409871482159496291125676747387545891967471970332324907043570197065229386255163866210107746591699208187600383560179818969453567831278240700442063884730676248072277428758811049044505165207447625337690420755566586468658464699479123316310221422249448698305310672839958780605303472889516860143027145177515370450071696550435492232120322043063691965361723395875593008624959077336291918422102723834317166910996064524649015409608752666201483300762871511859764063373890148278177809805652145087320758176512244533527455768775288472468173058226911606466872593531508148161676285352943462011002190857608776236684046340174542430222058576499294988381146454595597263037160378537615336897786042277320478072097407340558283482141549662764283552119459527581461893643846659547870636532369265183913568123722036339480903754648521616619057903781503568205185217235072797861330128470070267844936090268012670941851047068925354276958161539676537005868795463212285597973708092562582967912642628361633803674148546236045106072142804	-2,-3,-3,-3,3,3,3,3,3,3,3,3	-4,-4,3,3,3,3,3,3,3,3,3,3	ok
1.231231	12.552553	-56.559253	0.366942	continued:5	24739664234858138982047535273920704865888201889876711837493816699690678265963591165069870505023217046633362579621148489165328977987949899797415602899684019864988907867223245819108057267372400636831755392752651057081619256454091793002271402451390596999603578661386839218034927894691977007687979569356964816019131648401446453599291887098604964719600760048899335840826931321203087696360187891960428159771508966579363236449937481929033804729404041567645007606878177507097012055528450798859229339954257642462740795444976849548500240593050570337277557695189706094728689719436669373287020739726818335652103427540424427570931388755388962492342093444393354123060747971597143422852160864307469384353126467944647374787061629069577740669577703620312813482192872674167080884968129319555083698857603288075019743428134361350552931867065665037292740921826672076959273171356616244795679062269651325984981086160566709199310019119574332620289094194494425318032183693258258122309796912285324983288417356663334106815849999378467278672839817338224205768807729962881907318402918617134823610715858979890317948635754798259749693276835319600234251065782787240454408520081061604464565161809507510766668416196203021636641019786232400698184999691041886987610269788801899260631002494878062715818702420262468422497954457510650055674780175856184928587417256892401970906793115014858223342584096862452778689016763884051828121510014571820406821901552042473267116012012293889339008857103617865857437434552227003480618093980738589237996005414154393168969233277989990504490247843082840378614764972999984601703250959756658251781217324315961762685536649556981320036219943823699681509790305016004603758879936809193874776604597194335426497441734822552217142653948589053105038221351839374580510937386186470062302954784407956020799741772454869081687619316743254172202469204052099555722152283872779307224050417721054926250436254184736043167136959645430172616991365272187465193074884832250735696256392259118245093026924339924101922892142437177359803514547835331183463620545201447107628646742087057078920066456811985028927002334313600528834737649161174264873834811272584658943303834386308916980509832425027102090147114368087747655874971779797336728627514194757936505845363083893060132435001945871749482248570199932175763128899525695152620649990603481513316811079584176038705807551892604238549249209178717009937388890498638683829828605597259249	24739664234858138982047535273920704865888201889876711837493816699690678265963591165069870505023217046633362579621148489165328977987949899797415602900085081435628786567950676391780949633448253616219680559998014214784634910618447122667639804607217055610037222276897125660535867393387520758988742191975475097134159821776175469287214857624750265388130867415580412873925910271279382629434282479656095907178473638142326186864698341018602123575843883404208311798618679388046194707946385968872279636660172423920762823771748609336176990325713506490614247467311351878471253089939596514261196666267475682898635911908731494486904182965558798994916608466464004782386781525115550402067143147698500136991417807965993746533707493179716917949661657133802752099530380500629832889813766318693972247359960254936881029359545309059646697237241209564888106340558287762532356251637258398401846377922451692640383953053577384608293675046043906591724400907098081482508558109337883729893322775980233270148019416024194836854355986212330386751079897066437531206720139847788674454652536826169059736982479309839712946775980354134355139497105828903507866078114564099313317787443741699279748434354864282108704676095037950494415256322118446288427475749205978851269324596498940292431098699161055964032010937538805061400810880000778141585221295661960121653758465320161828777956679765905691202874393069942123161082732764368596183256668409871482159496291125676747387545891967471970332324907043570197065229386255163866210107746591699208187600383560179818969453567831278240700442063884730676248072277428758811049044505165207447625337690420755566586468658464699479123316310221422249448698305310672839958780605303472889516860143027145177515370450071696550435492232120322043063691965361723395875593008624959077336291918422102723834317166910996064524649015409608752666201483300762871511859764063373890148278177809805652145087320758176512244533527455768775288472468173058226911606466872593531508148161676285352943462011002190857608776236684046340174542430222058576499294988381146454595597263037160378537615336897786042277320478072097407340558283482141549662764283552119459527581461893643846659547870636532369265183913568123722036339480903754648521616619057903781503568205185217235072797861330128470070267844936090268012670941851047068925354276958161539676537005868795463212285597973708092562582967912642628361633803674148546236045106072142804	1,-3,-3,-3,3,3,3,3,3,3,3,3	-4,-4,3,3,3,3,3,3,3,3,3,3	ok
1.235235	12.552553	-56.921578	0.365358	continued:5	24739664234858138982047535273920704865888201889876711837493816699690678265400112580699236219475021953868113749971388527967927579725744724830154858468533183434576514383880840718560954112374558220318755877091970570777121331130368677993949320618615083234192309239585002170556633938074107924173064729144374819312787966220038796798998068281700459238406178676582332363715216117036564010798971948734486330122618101766800239309683159809630163440801594488787558198978365790964763657653227557024916156221871473501449486974798895459798959557983307386501402465525210120981965706669354175954652485529304940700025378293291836440231680769265667736631944208944161240585337530091172039879965940313128035258065219198268490422739373811417650774838798925411188609361110897143093900165340091857593854629273657898829461380415160372303478002060386692306949023463404604609648938636144290854207698797876784302880939028429665532139941947141076420700186363598691416630298443155503572227873129143714983969533036037573791383854757552611569113703067862200446666113125207181679013694932550237456232364027749496681027852819569897371840818479057450763744734782471155491498198607793377066476062284963047450099676829519495266924760576204169716793849393961707086767711049405080034009996125258510308302022704306474575306137747573679321782720474568475636139987281529512993637878423450212639001811210819277011447601357447170136632077216661205245719707441802851547934863869062216622665108593950652237363485885919509286128161472756178110632877680596515294412678366594701494498991624347461931615768602968391032521209657854236247873605597009725457008971594196965423469736451224397383603567367871710272085855523435703755199409806695396071602938740975594400624338593464925860826969370032345293708592913954834045169889594201067767971149800704765682912384935084948974939346426283189588192965359621954923384153869463280505420775616199115870824124188508066893700654743055789825439302263122243135791988355105451182344274169443789517324733307021493085658445547398643409958185182813006937771637591207344429291428863575624357482025071369951393996508746454820616265150246504577463074263626178541500629116704017872377099226368082554455874208747370709260875487114899887428987988368090313976034242716451513888823090466647371828147836533541054336549027091393730744180823958467623865210379244034110290502099287705936807529245990804208440881328302787449228	24739664234858138982047535273920704865888201889876711837493816699690678265963591165069870505023217046633362579621148489165328977987949899797415602900085081435628786567950676391780949633448253616219680559998014214784634910618447122667639804607217055610037222276897125660535867393387520758988742191975475097134159821776175469287214857624750265388130867415580412873925910271279382629434282479656095907178473638142326186864698341018602123575843883404208311798618679388046194707946385968872279636660172423920762823771748609336176990325713506490614247467311351878471253089939596514261196666267475682898635911908731494486904182965558798994916608466464004782386781525115550402067143147698500136991417807965993746533707493179716917949661657133802752099530380500629832889813766318693972247359960254936881029359545309059646697237241209564888106340558287762532356251637258398401846377922451692640383953053577384608293675046043906591724400907098081482508558109337883729893322775980233270148019416024194836854355986212330386751079897066437531206720139847788674454652536826169059736982479309839712946775980354134355139497105828903507866078114564099313317787443741699279748434354864282108704676095037950494415256322118446288427475749205978851269324596498940292431098699161055964032010937538805061400810880000778141585221295661960121653758465320161828777956679765905691202874393069942123161082732764368596183256668409871482159496291125676747387545891967471970332324907043570197065229386255163866210107746591699208187600383560179818969453567831278240700442063884730676248072277428758811049044505165207447625337690420755566586468658464699479123316310221422249448698305310672839958780605303472889516860143027145177515370450071696550435492232120322043063691965361723395875593008624959077336291918422102723834317166910996064524649015409608752666201483300762871511859764063373890148278177809805652145087320758176512244533527455768775288472468173058226911606466872593531508148161676285352943462011002190857608776236684046340174542430222058576499294988381146454595597263037160378537615336897786042277320478072097407340558283482141549662764283552119459527581461893643846659547870636532369265183913568123722036339480903754648521616619057903781503568205185217235072797861330128470070267844936090268012670941851047068925354276958161539676537005868795463212285597973708092562582967912642628361633803674148546236045106072142804	1,-3,-3,-3,-3,3,3,3,3,3,3,3	-4,-4,3,3,3,3,3,3,3,3,3,3	ok
1.239239	12.552553	-57.232488	0.368152	continued:5	24739664234858138982047535273920704865888201889876711837493816699690678265400112580699236219475021953868113749971388527967927579725744724830154858468533183434576514383880840718560954112374558220318755877091970570777121331130368677993949320618615083234192309239585002170556633938074107924173064729144374819312787966220038796798998068281700459238406178676582332363715216117036564010798971948734486330122618101766800239309683159809630163440801594488787558198978365790964763657653227557024916156221871473501449486974798895459798959557983307386501402465525210120981965706669354175954652485529304940700025378293291836440231680769265667736631944208944161240585337530091172039879965940313128035258065219198268490422739373811417650774838798925411188609361110897143093900165340091857593854629273657898829461380415160372303478002060386692306949023463404604609648938636144290854207698797876784302880939028429665532139941947141076420700186363598691416630298443155503572227873129143714983969533036037573791383854757552611569113703067862200446666113125207181679013694932550237456232364027749496681027852819569897371840818479057450763744734782471155491498198607793377066476062284963047450099676829519495266924760562135860867509045899053050167763876150033770981329417656670854132448071477069082146248192817163669809243324410906721475880898689641462550695069008794111978585565181036355712072272994919116539585918361110255290653952665851039089002157144510213697602212940123717835265211674737744843911012393960752758657648892594169781305712197243434894493472197726040666933029364465072454294378123043147757916911585409434370746785674428275623799618237119307999811147086859460551761546973101846235043356393952128032519577227795500538023317146549406772587609065550966094923202646200430555650375785775809636869034907021630429713993428773485768213075976035439995930787731885612568209452641802455561649922041177872772580914823017502021654638708340731337784014875084551939809414830583451328691886244667138023644189220885747494290695786037320932164521146201488958225968062867876193171305296747332965651782615591767594203734327065938630430807801974662971000229937938657591136035862104176502200322171602905314900245395283016090600220358942428188324343855151557963711038053177194015946919092554995661744555418013265817517280094307432296706745435050863122862004532708309559668420232186809964924978138375094670867232620430646953	24739664234858138982047535273920704865888201889876711837493816699690678265963591165069870505023217046633362579621148489165328977987949899797415602900085081435628786567950676391780949633448253616219680559998014214784634910618447122667639804607217055610037222276897125660535867393387520758988742191975475097134159821776175469287214857624750265388130867415580412873925910271279382629434282479656095907178473638142326186864698341018602123575843883404208311798618679388046194707946385968872279636660172423920762823771748609336176990325713506490614247467311351878471253089939596514261196666267475682898635911908731494486904182965558798994916608466464004782386781525115550402067143147698500136991417807965993746533707493179716917949661657133802752099530380500629832889813766318693972247359960254936881029359545309059646697237241209564888106340558287762532356251637258398401846377922451692640383953053577384608293675046043906591724400907098081482508558109337883729893322775980233270148019416024194836854355986212330386751079897066437531206720139847788674454652536826169059736982479309839712946775980354134355139497105828903507866078114564099313317787443741699279748434354864282108704676095037950494415256322118446288427475749205978851269324596498940292431098699161055964032010937538805061400810880000778141585221295661960121653758465320161828777956679765905691202874393069942123161082732764368596183256668409871482159496291125676747387545891967471970332324907043570197065229386255163866210107746591699208187600383560179818969453567831278240700442063884730676248072277428758811049044505165207447625337690420755566586468658464699479123316310221422249448698305310672839958780605303472889516860143027145177515370450071696550435492232120322043063691965361723395875593008624959077336291918422102723834317166910996064524649015409608752666201483300762871511859764063373890148278177809805652145087320758176512244533527455768775288472468173058226911606466872593531508148161676285352943462011002190857608776236684046340174542430222058576499294988381146454595597263037160378537615336897786042277320478072097407340558283482141549662764283552119459527581461893643846659547870636532369265183913568123722036339480903754648521616619057903781503568205185217235072797861330128470070267844936090268012670941851047068925354276958161539676537005868795463212285597973708092562582967912642628361633803674148546236045106072142804	0,-3,-3,-3,-3,3,3,3,3,3,3,3	-4,-4,3,3,3,3,3,3,3,3,3,3	ok
1.243243	12.552553	-57.438750	0.366902	continued:5	24739664234858138982047535273920704865888201889876711837493816699690678265400112580699236219475021953868113749971388527967927579725744724830154858468533183434576514383880840718560954112374558220318755877091970570777121331130368677993949320618615083234192309239585002170556633938074107924173064729144374819312787966220038796798998068281700459238406178676582332363715216117036564010798971948734486330122618101766800239309683159809630163440801594488787558198978365790964763657653227557024916156221871473501449486974798895459798959557983307386501402465525210120981965706669354175954652485529304940700025378293291836440231680769265667736631944208944161240585337530091172039879965940313128035258065219198268490422739373811417650774838798925411188609361110897143093900165340091857593854629273657898829461380415160372303478002060386692306949023463404604609648938636144290854207698797876784302880939028429665532139941947141076420700186363598691416630298443155503572227873129143714983969533036037573791383854757552611569113703067862200446666113125207181679013694932550237456232364027749496681027852819569897371840818479057450763744734782471155491498198607793377066476062284963047450099676829519495266924760562135860867509045899053050167763876150033770981329417656670854132448071477069082146248192817163669809243324410906721475880898689641462550695069008794111978585565181036355712072272994919116539585918361110255290653952665851039089002157144510213697602212940123717835265211674737744843911012393960752758657648892594169781305712197243434894493472197726040666933029364465072454294378123043147757916911585409434370746785674428275623799618237119307999811147086859460551761546973101846235043356393952128032519577227795500538023317146549406772587609065550966094923202646200430555650375785775809636869034907021630429713993428773485768213075976035439995930787731885612568209452641802455561649922041177872772580914823017502021654638708340731337784014875084551939809414830583451328691886244667138023644189220885747494290695786037320932164521146201488958225968062867876193171305296747332965651782615591767594203734327065938630430807801974662971000229937938657591136035862104176502200322171602905314900245395283016090600220358942428188324343855151557963711038053177194015946919092554995661744555418013265817517280094307432296706745435050863122862004532708309559668420232186809964924978138375094670867232620430646953	24739664234858138982047535273920704865888201889876711837493816699690678265963591165069870505023217046633362579621148489165328977987949899797415602900085081435628786567950676391780949633448253616219680559998014214784634910618447122667639804607217055610037222276897125660535867393387520758988742191975475097134159821776175469287214857624750265388130867415580412873925910271279382629434282479656095907178473638142326186864698341018602123575843883404208311798618679388046194707946385968872279636660172423920762823771748609336176990325713506490614247467311351878471253089939596514261196666267475682898635911908731494486904182965558798994916608466464004782386781525115550402067143147698500136991417807965993746533707493179716917949661657133802752099530380500629832889813766318693972247359960254936881029359545309059646697237241209564888106340558287762532356251637258398401846377922451692640383953053577384608293675046043906591724400907098081482508558109337883729893322775980233270148019416024194836854355986212330386751079897066437531206720139847788674454652536826169059736982479309839712946775980354134355139497105828903507866078114564099313317787443741699279748434354864282108704676095037950494415256322118446288427475749205978851269324596498940292431098699161055964032010937538805061400810880000778141585221295661960121653758465320161828777956679765905691202874393069942123161082732764368596183256668409871482159496291125676747387545891967471970332324907043570197065229386255163866210107746591699208187600383560179818969453567831278240700442063884730676248072277428758811049044505165207447625337690420755566586468658464699479123316310221422249448698305310672839958780605303472889516860143027145177515370450071696550435492232120322043063691965361723395875593008624959077336291918422102723834317166910996064524649015409608752666201483300762871511859764063373890148278177809805652145087320758176512244533527455768775288472468173058226911606466872593531508148161676285352943462011002190857608776236684046340174542430222058576499294988381146454595597263037160378537615336897786042277320478072097407340558283482141549662764283552119459527581461893643846659547870636532369265183913568123722036339480903754648521616619057903781503568205185217235072797861330128470070267844936090268012670941851047068925354276958161539676537005868795463212285597973708092562582967912642628361633803674148546236045106072142804	0,-3,-3,-3,-3,3,3,3,3,3,3,3	-4,-4,3,3,3,3,3,3,3,3,3,3	ok
1.247247	12.552553	-57.627758	0.366194	continued:5	24739664234858138982047535273920704865888201889876711837493816699690678265400112580699236219475021953868113749971388527967927579725744724830154858468533183434576514383880840718560954112374558220318755877091970570777121331130368677993949320618615083234192309239585002170556633938074107924173064729144374819312787966220038796798998068281700459238406178676582332363715216117036564010798971948734486330122618101766800239309683159809630163440801594488787558198978365790964763657653227557024916156221871473501449486974798895459798959557983307386501402465525210120981965706669354175954652485529304940700025378293291836440231680769265667736631944208944161240585337530091172039879965940313128035258065219198268490422739373811417650774838798925411188609361110897143093900165340091857593854629273657898829461380415160372303478002060386692306949023463404604609648938636144290854207698797876784302880939028429665532139941947141076420700186363598691416630298443155503572227873129143714983969533036037573791383854757552611569113703067862200446666113125207181679013694932550237456232364027749496681027852819569897371840818479057450763744734782471155491498198607793377066476062284963047450099676829519495266924760562135860867509045899053050167763876150033770981329417656670854132448071477069082146248192817163669809243324410906721475880898689641462550695069008794111978585565181036355712072272994919116539585918361110255290653952665851039089002157144510213697602212940123717835265211674737744843911012393960752758657648892594169781305712197243434894493472197726040666933029364465072454294378123043147757916911585409434370746785674428275623799618237119307999811147086859460551761546973101846235043356393952128032519577227795500538023317146549406772587609065550966094923202646200430555650375785775809636869034907021630429713993428773485768213075976035439995930787731885612568209452641802455561649922041177872772580914823017502021654638708340731337784014875084551939809414830583451328691886244667138023644189220885747494290695786037320932164521146201488958225968062867876193171305296747332965651782615591767594203734327065938630430807801974662971000229937938657591136035862104176502200322171602905314900245395283016090600220358942428188324343855151557963711038053177194015946919092554995661744555418013265817517280094307432296706745435050863122862004532708309559668420232186809964924978138375094670867232620430646953	24739664234858138982047535273920704865888201889876711837493816699690678265963591165069870505023217046633362579621148489165328977987949899797415602900085081435628786567950676391780949633448253616219680559998014214784634910618447122667639804607217055610037222276897125660535867393387520758988742191975475097134159821776175469287214857624750265388130867415580412873925910271279382629434282479656095907178473638142326186864698341018602123575843883404208311798618679388046194707946385968872279636660172423920762823771748609336176990325713506490614247467311351878471253089939596514261196666267475682898635911908731494486904182965558798994916608466464004782386781525115550402067143147698500136991417807965993746533707493179716917949661657133802752099530380500629832889813766318693972247359960254936881029359545309059646697237241209564888106340558287762532356251637258398401846377922451692640383953053577384608293675046043906591724400907098081482508558109337883729893322775980233270148019416024194836854355986212330386751079897066437531206720139847788674454652536826169059736982479309839712946775980354134355139497105828903507866078114564099313317787443741699279748434354864282108704676095037950494415256322118446288427475749205978851269324596498940292431098699161055964032010937538805061400810880000778141585221295661960121653758465320161828777956679765905691202874393069942123161082732764368596183256668409871482159496291125676747387545891967471970332324907043570197065229386255163866210107746591699208187600383560179818969453567831278240700442063884730676248072277428758811049044505165207447625337690420755566586468658464699479123316310221422249448698305310672839958780605303472889516860143027145177515370450071696550435492232120322043063691965361723395875593008624959077336291918422102723834317166910996064524649015409608752666201483300762871511859764063373890148278177809805652145087320758176512244533527455768775288472468173058226911606466872593531508148161676285352943462011002190857608776236684046340174542430222058576499294988381146454595597263037160378537615336897786042277320478072097407340558283482141549662764283552119459527581461893643846659547870636532369265183913568123722036339480903754648521616619057903781503568205185217235072797861330128470070267844936090268012670941851047068925354276958161539676537005868795463212285597973708092562582967912642628361633803674148546236045106072142804	0,-3,-3,-3,-3,3,3,3,3,3,3,3	-4,-4,3,3,3,3,3,3,3,3,3,3	ok
1.251251	12.552553	-57.796019	0.365820	full	24739664234858138982047535273920704865888201889876711837493816699690678265400112580699236219475021953868113749971388527967927579725744724830154858468533183434576514383880840718560954112374558220318755877091970570777121331130368677993949320618615083234192309239585002170556633938074107924173064729144374819312787966220038796798998068281700459238406178676582332363715216117036564010798971948734486330122618101766800239309683159809630163440801594488787558198978365790964763657653227557024916156221871473501449486974798895459798959557983307386501402465525210120981965706669354175954652485529304940700025378293291836440231680769265667736631944208944161240585337530091172039879965940313128035258065219198268490422739373811417650774838798925411188609361110897143093900165340091857593854629273657898829461380415160372303478002060386692306949023463404604609648938636144290854207698797876784302880939028429665532139941947141076420700186363598691416630298443155503572227873129143714983969533036037573791383854757552611569113703067862200446666113125207181679013694932550237456232364027749496681027852819569897371840818479057450763744734782471155491498198607793377066476062284963047450099676829519495266924760562135860867509045899053050167763876150033770981329417656670854132448071477069082146248192817163669809243324410906721475880898689641462550695069008794111978585565181036355712072272994919116539585918361110255290653952665851039089002157144510213697602212940123717835265211674737744843911012393960752758657648892594169781305712197243434894493472197726040666933029364465072454294378123043147757916911585409434370746785674428275623799618237119307999811147086859460551761546973101846235043356393952128032519577227795500538023317146549406772587609065550966094923202646200430555650375785775809636869034907021630429713993428773485768213075976035439995930787731885612568209452641802455561649922041177872772580914823017502021654638708340731337784014875084551939809414830583451328691886244667138023644189220885747494290695786037320932164521146201488958225968062867876193171305296747332965651782615591767594203734327065938630430807801974662971000229937938657591136035862104176502200322171602905314900245395283016090600220358942428188324343855151557963711038053177194015946919092554995661744555418013265817517280094307432296706745435050863122862004532708309559668420232186809964924978138375094670867232620430646953	24739664234858138982047535273920704865888201889876711837493816699690678265963591165069870505023217046633362579621148489165328977987949899797415602900085081435628786567950676391780949633448253616219680559998014214784634910618447122667639804607217055610037222276897125660535867393387520758988742191975475097134159821776175469287214857624750265388130867415580412873925910271279382629434282479656095907178473638142326186864698341018602123575843883404208311798618679388046194707946385968872279636660172423920762823771748609336176990325713506490614247467311351878471253089939596514261196666267475682898635911908731494486904182965558798994916608466464004782386781525115550402067143147698500136991417807965993746533707493179716917949661657133802752099530380500629832889813766318693972247359960254936881029359545309059646697237241209564888106340558287762532356251637258398401846377922451692640383953053577384608293675046043906591724400907098081482508558109337883729893322775980233270148019416024194836854355986212330386751079897066437531206720139847788674454652536826169059736982479309839712946775980354134355139497105828903507866078114564099313317787443741699279748434354864282108704676095037950494415256322118446288427475749205978851269324596498940292431098699161055964032010937538805061400810880000778141585221295661960121653758465320161828777956679765905691202874393069942123161082732764368596183256668409871482159496291125676747387545891967471970332324907043570197065229386255163866210107746591699208187600383560179818969453567831278240700442063884730676248072277428758811049044505165207447625337690420755566586468658464699479123316310221422249448698305310672839958780605303472889516860143027145177515370450071696550435492232120322043063691965361723395875593008624959077336291918422102723834317166910996064524649015409608752666201483300762871511859764063373890148278177809805652145087320758176512244533527455768775288472468173058226911606466872593531508148161676285352943462011002190857608776236684046340174542430222058576499294988381146454595597263037160378537615336897786042277320478072097407340558283482141549662764283552119459527581461893643846659547870636532369265183913568123722036339480903754648521616619057903781503568205185217235072797861330128470070267844936090268012670941851047068925354276958161539676537005868795463212285597973708092562582967912642628361633803674148546236045106072142804	0,-3,-3,-3,-3,3,3,3,3,3,3,3	-4,-4,3,3,3,3,3,3,3,3,3,3	ok
1.255255	12.552553	-18.748271	0.350494	continued:5	24739664234858138982047535273920704865888201889876711837493816699690678265963591165069870505023217046633362579621148489165328977987949899797415602900486143006268665268678106964453841999524106595607605727243377372487650564782802452333008206763043514220470865892407412103036806892083064510289504814600080741268157165354063032161189525829409088498985531970815025159686244986955270210405434697787650037103444327391942508501376229453985083037857645944890272090078718974473418025044221755928344004123983175888817859152476099625581493080234216246769749121423440316080188755726314866454849365625903310727411127889898194381660787032015151698715736677481139420851742750719529547539689342907032684848982153429642503545479758778195831115174999007304520947563003595490867019874169994914300124258307833187901988179428014704959954258008163520937529812950909650540738739709363910934624816250948310905870516490152323845654698835235607375139145151252300518952681249670519366224367191080941950960612430590599784107574388270912656395965864142364667984575546882550050402798003370469155776659862256338059002106715868920421959433223756311341506694462249246973686264750035944554027554964157670321252914659435234646443493663615288896121167646316882555133337800512113952732559708594974816416140553218464973050612658312404043775218239341953181568574680600311919557413518984379781322366434353401542267398063152066182910455992090212547448155137321246935207939809700388377831973332968393874569471206413709830167882966090206634922349461709974156955283003943043392504541949407334535751777012198640212694802839743412698041590634279560381600372922760012623550108181664702348323127201509122143409384103694572753623291772254278495815815482190520222548064790671557259281030022688564370422258339384692836564064490467123135582358419887445080167098579144877715501490636034742333352845682031947806047235860721832893234206830800328259966071434373052919619491540166447872584124169780886118668130297673901179132863639733214944723661858903373090905846808882482137330006017888285895337117776326877379910898599882440564648509935829635199955452561261750642259000936907313009325867934702239716886721992350880878077876536387982415177692198723424544257008965116476878821299701002351007669058010644944374151994666135649569140775605370875066801434353644746286150008176849296327554732800639352990232944027059942138998782429242519222574309462368956915	24739664234858138982047535273920704865888201889876711837493816699690678265963591165069870505023217046633362579621148489165328977987949899797415602900085081435628786567950676391780949633448253616219680559998014214784634910618447122667639804607217055610037222276897125660535867393387520758988742191975475097134159821776175469287214857624750265388130867415580412873925910271279382629434282479656095907178473638142326186864698341018602123575843883404208311798618679388046194707946385968872279636660172423920762823771748609336176990325713506490614247467311351878471253089939596514261196666267475682898635911908731494486904182965558798994916608466464004782386781525115550402067143147698500136991417807965993746533707493179716917949661657133802752099530380500629832889813766318693972247359960254936881029359545309059646697237241209564888106340558287762532356251637258398401846377922451692640383953053577384608293675046043906591724400907098081482508558109337883729893322775980233270148019416024194836854355986212330386751079897066437531206720139847788674454652536826169059736982479309839712946775980354134355139497105828903507866078114564099313317787443741699279748434354864282108704676095037950494415256322118446288427475749205978851269324596498940292431098699161055964032010937538805061400810880000778141585221295661960121653758465320161828777956679765905691202874393069942123161082732764368596183256668409871482159496291125676747387545891967471970332324907043570197065229386255163866210107746591699208187600383560179818969453567831278240700442063884730676248072277428758811049044505165207447625337690420755566586468658464699479123316310221422249448698305310672839958780605303472889516860143027145177515370450071696550435492232120322043063691965361723395875593008624959077336291918422102723834317166910996064524649015409608752666201483300762871511859764063373890148278177809805652145087320758176512244533527455768775288472468173058226911606466872593531508148161676285352943462011002190857608776236684046340174542430222058576499294988381146454595597263037160378537615336897786042277320478072097407340558283482141549662764283552119459527581461893643846659547870636532369265183913568123722036339480903754648521616619057903781503568205185217235072797861330128470070267844936090268012670941851047068925354276958161539676537005868795463212285597973708092562582967912642628361633803674148546236045106072142804	-1,-4,-4,-4,3,3,3,3,3,3,3,3	-4,-4,3,3,3,3,3,3,3,3,3,3	ok
1.259259	12.552553	-47.455942	0.353288	continued:5	24739664234858138982047535273920704865888201889876711837493816699690678265963591165069870505023217046633362579621148489165328977987949899797415602900486143006268665268678106964453841999524106595607605727243377372487650564782802452333008206763043514220470865892407412103036806892083064510289504814600080741268157165354063032161189525829409088498985531970815025159686244986955270210405434697787650037103444327391942508501376229453985083037857645944890272090078718974473418025044221755928344004123983175888817859152476099625581493080234216246769749121423440316080188755726314866454849365625903310727411127889898194381660787032015151698715736677481139420851742750719529547539689342907032684848982153429642503545479758778195831115174999007304520947563003595490867019874169994914300124258307833187901988179428014704959954258008163520937529812950909650540738739709363910934624816250948310905870516490152323845654698835235607375139145151252300518952681249670519366224367191080941950960612430590599784107574388270912656395965864142364667984575546882550050402798003370469155776659862256338059002106715868920421959433223756311341506694462249246973686264750035944554027554964157670321252914659435234646443493677683597745405971141225539474137172699883423005413138177182630992270091780616069575556620632114862474028755630107263022823486452810582479861484178386084401732841472850038162089857730565405969047435643920136439634336604016728923871833481559806979683137755206220799504109663331208514413464430418551053706989442470258202310367381155045766426374273253898576206837490031074086028221393484536720474016085653508931383903513694137058764136569652465772117298842821928522143333156039359822831589477971662862806772542865053653268812787194981044774561432027631927740266279297127218941745071346551870491710228931443732125082669073300133305333557226381450558628803418742838780575592664663498499732751742981131906329221811915572836440111786562018495581399857715929689574591275483205964204612337157102215690145590491757373012687396302905949244185968504318632423096835739322206969511655795900949956880726578854591280830716907776049686818330424314656174016109138495605656679904045914457526289307375818001406305017117144535218152699191238593044812519708769054010738927750601064808233841054319348937955463320904378159806803983217193136649028784818187695263085809235629577995855098293430968673291470193274242954506200738	24739664234858138982047535273920704865888201889876711837493816699690678265963591165069870505023217046633362579621148489165328977987949899797415602900085081435628786567950676391780949633448253616219680559998014214784634910618447122667639804607217055610037222276897125660535867393387520758988742191975475097134159821776175469287214857624750265388130867415580412873925910271279382629434282479656095907178473638142326186864698341018602123575843883404208311798618679388046194707946385968872279636660172423920762823771748609336176990325713506490614247467311351878471253089939596514261196666267475682898635911908731494486904182965558798994916608466464004782386781525115550402067143147698500136991417807965993746533707493179716917949661657133802752099530380500629832889813766318693972247359960254936881029359545309059646697237241209564888106340558287762532356251637258398401846377922451692640383953053577384608293675046043906591724400907098081482508558109337883729893322775980233270148019416024194836854355986212330386751079897066437531206720139847788674454652536826169059736982479309839712946775980354134355139497105828903507866078114564099313317787443741699279748434354864282108704676095037950494415256322118446288427475749205978851269324596498940292431098699161055964032010937538805061400810880000778141585221295661960121653758465320161828777956679765905691202874393069942123161082732764368596183256668409871482159496291125676747387545891967471970332324907043570197065229386255163866210107746591699208187600383560179818969453567831278240700442063884730676248072277428758811049044505165207447625337690420755566586468658464699479123316310221422249448698305310672839958780605303472889516860143027145177515370450071696550435492232120322043063691965361723395875593008624959077336291918422102723834317166910996064524649015409608752666201483300762871511859764063373890148278177809805652145087320758176512244533527455768775288472468173058226911606466872593531508148161676285352943462011002190857608776236684046340174542430222058576499294988381146454595597263037160378537615336897786042277320478072097407340558283482141549662764283552119459527581461893643846659547870636532369265183913568123722036339480903754648521616619057903781503568205185217235072797861330128470070267844936090268012670941851047068925354276958161539676537005868795463212285597973708092562582967912642628361633803674148546236045106072142804	-2,-4,-4,-4,3,3,3,3,3,3,3,3	-4,-4,3,3,3,3,3,3,3,3,3,3	ok
1.263263	12.552553	-51.390426	0.356081	continued:5	24739664234858138982047535273920704865888201889876711837493816699690678265963591165069870505023217046633362579621148489165328977987949899797415602900085081435628786567950676391780949633448253616219680559998014214784634910618447122667639804607217055610037222276897125660535867393387520758988742191975881454668757766456386039099618304136651166884285837894817315224103333988986022139294086321685154999346340705988103078279492809641656432950215478117816222205266648568411397418925046010008480574710698821954765024242012324702958840527170691397468834926110714722062344576291849261675828451121993701604115701508243628541371186781104664750453506678450990658685568877319368724842489366294600223726679557182485111500144011805314426535016123806594563159834704421627591278254098145543334614838595418659350735064119136615550909153916789982856517125346862661227399851506503677119661384586623759841225285653771144345770541906184539519104941031220044588169549394770200017461390905581925298086151522809307449802203222974575540394725875975613318942282656692285373790701768039928224139907689742983609684357165165999207726031406986345064845442052163822899745749684239296069717432693993739901942491195871247188184005622544785201503778731692980763148695451320067864505419433903296146435519659445296496521753471751053227747100453951667941404082669168467397904837511477314606979965133586611493917731935764814635083454704415971377330927400925606195959818431792469429418116723704386606181200779275427328448710823557613447746209908018375062744436514008448136725837375018889739373788918034661386782197106728884664734208458407490415983494747724025743014546106959052115082581517674412963303533831592714298898434370562696760364284907649524262263203863738811407641223237417792595228795567209392197346168129532869186393699250511460803609604775790350055181876012354996063835746263526287716560314813811620925060168891017297616944232700143626717187252726401614482694460612123445628743173456126897633169507145484634472958365316154041498756742212285370794794943044917860959341170625479307682910920823252007181387177510642904251136218634729923121143365381055468330009120571229595835534174707444212211923579929623123189784216056145019741206793077625668066727235911128282011752922343020711243420613039895996532816209969481955781758149729410573607684771633603829608966645618928414800755731073563281257215197415316980466356186475953769123	24739664234858138982047535273920704865888201889876711837493816699690678265963591165069870505023217046633362579621148489165328977987949899797415602900085081435628786567950676391780949633448253616219680559998014214784634910618447122667639804607217055610037222276897125660535867393387520758988742191975475097134159821776175469287214857624750265388130867415580412873925910271279382629434282479656095907178473638142326186864698341018602123575843883404208311798618679388046194707946385968872279636660172423920762823771748609336176990325713506490614247467311351878471253089939596514261196666267475682898635911908731494486904182965558798994916608466464004782386781525115550402067143147698500136991417807965993746533707493179716917949661657133802752099530380500629832889813766318693972247359960254936881029359545309059646697237241209564888106340558287762532356251637258398401846377922451692640383953053577384608293675046043906591724400907098081482508558109337883729893322775980233270148019416024194836854355986212330386751079897066437531206720139847788674454652536826169059736982479309839712946775980354134355139497105828903507866078114564099313317787443741699279748434354864282108704676095037950494415256322118446288427475749205978851269324596498940292431098699161055964032010937538805061400810880000778141585221295661960121653758465320161828777956679765905691202874393069942123161082732764368596183256668409871482159496291125676747387545891967471970332324907043570197065229386255163866210107746591699208187600383560179818969453567831278240700442063884730676248072277428758811049044505165207447625337690420755566586468658464699479123316310221422249448698305310672839958780605303472889516860143027145177515370450071696550435492232120322043063691965361723395875593008624959077336291918422102723834317166910996064524649015409608752666201483300762871511859764063373890148278177809805652145087320758176512244533527455768775288472468173058226911606466872593531508148161676285352943462011002190857608776236684046340174542430222058576499294988381146454595597263037160378537615336897786042277320478072097407340558283482141549662764283552119459527581461893643846659547870636532369265183913568123722036339480903754648521616619057903781503568205185217235072797861330128470070267844936090268012670941851047068925354276958161539676537005868795463212285597973708092562582967912642628361633803674148546236045106072142804	1,-4,-4,3,3,3,3,3,3,3,3,3	-4,-4,3,3,3,3,3,3,3,3,3,3	ok
1.267267	12.552553	-53.777979	0.356248	continued:5	24739664234858138982047535273920704865888201889876711837493816699690678265963591165069870505023217046633362579621148489165328977987949899797415602900085081435628786567950676391780949633448253616219680559998014214784634910618447122667639804607217055610037222276897125660535867393387520758988742191975475097134159821776175469287214857624750265388130867415580412873925910271279382629434282479656095907178473638142326186864698341018602123575843883404208311798618679388046194707946385968872279636660172423920762823771748609336176990325713506490614247467311351878471253089939596514261196666267475682898635077588364628629417296554229734815495315011752337585393015754405944996164827318009845582551593321289722257247006063686910061456841431892563940020873466746931070957111770150069590359792388197563206227771911411885143855184505614961998508226343153531223089971459935049708039359327667779120430067461929055441744031224422705223831560005091108633317128720548165517033711719448300771525660964913525817712220131912105082815080054605883136048554894173783193438041716508681297001277350562437894851607688119124032266056066591963623197071229719772200831481260746898621517899928612391918713268983151048632780119648896253765940151777173575597570025320253082336116946689981147789765900355562110523987436189411566954756946831913765892283629482126668117215787661175622538482371666841405595054624551275871666632475049764341931929868507018454948365774171910807496638367218687366613903751947086947394002612630474683257999387223688134848014104823955551645010680263372366206458226198558279883447844315148180302724249331888726196930807213187997142652942313186005148224878224024593537200103980637926868603500896185830904692094904758235554768415409124757267836161356776521732484146109863946926378105041694979170269733992817805415234240628485488200053302199364211031646323082439647263607276631895871769259044401451363766451126814443473134220489198884697731101960802990910300139680959518854832128513597114746389737973151315057975842081443516593123962467786526070102139874765749035637088432614260030772344792316488840415153698481155126035457741137680097748660410763036811870095293313414540437283852893333234643562710973384060038416228190613325616933189150517789061901654152308030489428549857055082465581427407486143000730202660813809057790100346399768338483335257539245860316494779637880208922066168766414992991208014608723526	24739664234858138982047535273920704865888201889876711837493816699690678265963591165069870505023217046633362579621148489165328977987949899797415602900085081435628786567950676391780949633448253616219680559998014214784634910618447122667639804607217055610037222276897125660535867393387520758988742191975475097134159821776175469287214857624750265388130867415580412873925910271279382629434282479656095907178473638142326186864698341018602123575843883404208311798618679388046194707946385968872279636660172423920762823771748609336176990325713506490614247467311351878471253089939596514261196666267475682898635911908731494486904182965558798994916608466464004782386781525115550402067143147698500136991417807965993746533707493179716917949661657133802752099530380500629832889813766318693972247359960254936881029359545309059646697237241209564888106340558287762532356251637258398401846377922451692640383953053577384608293675046043906591724400907098081482508558109337883729893322775980233270148019416024194836854355986212330386751079897066437531206720139847788674454652536826169059736982479309839712946775980354134355139497105828903507866078114564099313317787443741699279748434354864282108704676095037950494415256322118446288427475749205978851269324596498940292431098699161055964032010937538805061400810880000778141585221295661960121653758465320161828777956679765905691202874393069942123161082732764368596183256668409871482159496291125676747387545891967471970332324907043570197065229386255163866210107746591699208187600383560179818969453567831278240700442063884730676248072277428758811049044505165207447625337690420755566586468658464699479123316310221422249448698305310672839958780605303472889516860143027145177515370450071696550435492232120322043063691965361723395875593008624959077336291918422102723834317166910996064524649015409608752666201483300762871511859764063373890148278177809805652145087320758176512244533527455768775288472468173058226911606466872593531508148161676285352943462011002190857608776236684046340174542430222058576499294988381146454595597263037160378537615336897786042277320478072097407340558283482141549662764283552119459527581461893643846659547870636532369265183913568123722036339480903754648521616619057903781503568205185217235072797861330128470070267844936090268012670941851047068925354276958161539676537005868795463212285597973708092562582967912642628361633803674148546236045106072142804	1,3,3,3,3,3,3,3,3,3,3,3	-4,-4,3,3,3,3,3,3,3,3,3,3	ok
1.271271	12.552553	-55.202452	0.359042	continued:5	24739664234858138982047535273920704865888201889876711837493816699690678265963591165069870505023217046633362579621148489165328977987949899797415602900085081435628786567950676391780949633448253616219680559998014214784634910618447122667639804607217055610037222276897125660535867393387520758988742191975475097134159821776175469287214857624750265388130867415580412873925910271279382629434282479656095907178473638142326186864698341018602123575843883404208311798618679388046194707946385968872279636660172423920762823771748609336176990325713506490614247467311351878471253089939596514261196666267475682898635077588364628629417296554229734815495315011752337585393015754405944996164827318009845582551593321289722257247006063686910061456841431892563940020873466746931070957111770150069590359792388197563206227771911411885143855184505614961998508226343153531223089971459935049708039359327667779120430067461929055441744031224422705223831560005091108633317128720548165517033711719448300771525660964913525817712220131912105082815080054605883136048554894173783193438041716508681297001277350562437894851607688119124032266056066591963623197071229719772200831481260746898621517899928612391918713268983151048632780119648896253765940151777173575597570025320253082336116946689981147789765900355562110523987436189411566954756946831913765892283629482126668117215787661175622538482371666841405595054624551275871666632475049764341931929868507018454948365774171910807496638367218687366613903751947086947394002612630474683257999387223688134848014104823955551645010680263372366206458226198558279883447844315148180302724249331888726196930807213187997142652942313186005148224878224024593537200103980637926868603500896185830904692094904758235554768415409124757267836161356776521732484146109863946926378105041694979170269733992817805415234240628485488200053302199364211031646323082439647263607276631895871769259044401451363766451126814443473134220489198884697731101960802990910300139680959518854832128513597114746389737973151315057975842081443516593123962467786526070102139874765749035637088432614260030772344792316488840415153698481155126035457741137680097748660410763036811870095293313414540437283852893333234643562710973384060038416228190613325616933189150517789061901654152308030489428549857055082465581427407486143000730202660813809057790100346399768338483335257539245860316494779637880208922066168766414992991208014608723526	24739664234858138982047535273920704865888201889876711837493816699690678265963591165069870505023217046633362579621148489165328977987949899797415602900085081435628786567950676391780949633448253616219680559998014214784634910618447122667639804607217055610037222276897125660535867393387520758988742191975475097134159821776175469287214857624750265388130867415580412873925910271279382629434282479656095907178473638142326186864698341018602123575843883404208311798618679388046194707946385968872279636660172423920762823771748609336176990325713506490614247467311351878471253089939596514261196666267475682898635911908731494486904182965558798994916608466464004782386781525115550402067143147698500136991417807965993746533707493179716917949661657133802752099530380500629832889813766318693972247359960254936881029359545309059646697237241209564888106340558287762532356251637258398401846377922451692640383953053577384608293675046043906591724400907098081482508558109337883729893322775980233270148019416024194836854355986212330386751079897066437531206720139847788674454652536826169059736982479309839712946775980354134355139497105828903507866078114564099313317787443741699279748434354864282108704676095037950494415256322118446288427475749205978851269324596498940292431098699161055964032010937538805061400810880000778141585221295661960121653758465320161828777956679765905691202874393069942123161082732764368596183256668409871482159496291125676747387545891967471970332324907043570197065229386255163866210107746591699208187600383560179818969453567831278240700442063884730676248072277428758811049044505165207447625337690420755566586468658464699479123316310221422249448698305310672839958780605303472889516860143027145177515370450071696550435492232120322043063691965361723395875593008624959077336291918422102723834317166910996064524649015409608752666201483300762871511859764063373890148278177809805652145087320758176512244533527455768775288472468173058226911606466872593531508148161676285352943462011002190857608776236684046340174542430222058576499294988381146454595597263037160378537615336897786042277320478072097407340558283482141549662764283552119459527581461893643846659547870636532369265183913568123722036339480903754648521616619057903781503568205185217235072797861330128470070267844936090268012670941851047068925354276958161539676537005868795463212285597973708092562582967912642628361633803674148546236045106072142804	1,3,3,3,3,3,3,3,3,3,3,3	-4,-4,3,3,3,3,3,3,3,3,3,3	ok
1.275275	12.552553	-56.021785	0.360960	continued:5	24739664234858138982047535273920704865888201889876711837493816699690678265400112580699236219475021953868113749971388527967927579725744724830154858468533183434576514383880840718560954112374558220318755877091970570777121331130368677993949320618615083234192309239585002170556633938074107924173064729144374819312787966220038796798998068281700459238406178676582332363715216117036564010798971948734486330122618101766800239309683159809630163440801594488787558198978365790964763657653227557024916156221871473501449486974798895459798959557983307386501402465525210120981965706669354175954652485529304940700025378293291836440231680769265667736631944208944161240585337530091172039879965940313128035258065219198268490422739373811417650774838798925411188609361110897143093900165340091857593854629273657898829461380415160372303478002060386692306949023463404604609648938636144290854207698797876784302880939028429665532139941947141076420700186363598691416630298443155503572227873129143714983969533036037573791383854757552611569113703067862200446666113125207181679013694932550237456232364027749496681027852819569897371840818479057450763744734782471155491498198607793377066476062284963047450099676829519495266924760583238324141436251141416035546269628499090734560350285359552338396228998317925170789835110212778684078052418506399352716269531577473538215109283130778262969209934225710737661135265538711196935155156644436680223252584829778757777401217231338218085196556420864119438412622991510391507236736012153890786620492074597688050966161451270334794501751337658172563957138222220050321634625425259780492851952602809871000140064554081310323304795558276942075499777508377835132248009798602632515277436513067030091144619497565641331924849316922685404946649522273034893101288047832035789929646498413696833522207247546333309511580688240680578302481651407064384324054173490126100971504483293692977306202403709737419945728871253349329723662760413319069266945957141088733783275117366451109170468131832115264165005350089365881342320428079304648855017201118765927544472355377078547351490646989770053397146299259043293892895956149261609182321468769534709111280470298483455375657124974720314548678466322379026361190423414555846013120492878617049319810624559691982195845048088673825261176153693559911349477091304948596064900589936879967917863220176004236384566599697010655918938815465500228831379917018765325888376143965850367	24739664234858138982047535273920704865888201889876711837493816699690678265963591165069870505023217046633362579621148489165328977987949899797415602900085081435628786567950676391780949633448253616219680559998014214784634910618447122667639804607217055610037222276897125660535867393387520758988742191975475097134159821776175469287214857624750265388130867415580412873925910271279382629434282479656095907178473638142326186864698341018602123575843883404208311798618679388046194707946385968872279636660172423920762823771748609336176990325713506490614247467311351878471253089939596514261196666267475682898635911908731494486904182965558798994916608466464004782386781525115550402067143147698500136991417807965993746533707493179716917949661657133802752099530380500629832889813766318693972247359960254936881029359545309059646697237241209564888106340558287762532356251637258398401846377922451692640383953053577384608293675046043906591724400907098081482508558109337883729893322775980233270148019416024194836854355986212330386751079897066437531206720139847788674454652536826169059736982479309839712946775980354134355139497105828903507866078114564099313317787443741699279748434354864282108704676095037950494415256322118446288427475749205978851269324596498940292431098699161055964032010937538805061400810880000778141585221295661960121653758465320161828777956679765905691202874393069942123161082732764368596183256668409871482159496291125676747387545891967471970332324907043570197065229386255163866210107746591699208187600383560179818969453567831278240700442063884730676248072277428758811049044505165207447625337690420755566586468658464699479123316310221422249448698305310672839958780605303472889516860143027145177515370450071696550435492232120322043063691965361723395875593008624959077336291918422102723834317166910996064524649015409608752666201483300762871511859764063373890148278177809805652145087320758176512244533527455768775288472468173058226911606466872593531508148161676285352943462011002190857608776236684046340174542430222058576499294988381146454595597263037160378537615336897786042277320478072097407340558283482141549662764283552119459527581461893643846659547870636532369265183913568123722036339480903754648521616619057903781503568205185217235072797861330128470070267844936090268012670941851047068925354276958161539676537005868795463212285597973708092562582967912642628361633803674148546236045106072142804	-2,-3,-3,-3,-3,3,3,3,3,3,3,3	-4,-4,3,3,3,3,3,3,3,3,3,3	ok
1.279279	12.552553	-56.564201	0.363753	continued:5	24739664234858138982047535273920704865888201889876711837493816699690678265400112580699236219475021953868113749971388527967927579725744724830154858468533183434576514383880840718560954112374558220318755877091970570777121331130368677993949320618615083234192309239585002170556633938074107924173064729144374819312787966220038796798998068281700459238406178676582332363715216117036564010798971948734486330122618101766800239309683159809630163440801594488787558198978365790964763657653227557024916156221871473501449486974798895459798959557983307386501402465525210120981965706669354175954652485529304940700025378293291836440231680769265667736631944208944161240585337530091172039879965940313128035258065219198268490422739373811417650774838798925411188609361110897143093900165340091857593854629273657898829461380415160372303478002060386692306949023463404604609648938636144290854207698797876784302880939028429665532139941947141076420700186363598691416630298443155503572227873129143714983969533036037573791383854757552611569113703067862200446666113125207181679013694932550237456232364027749496681027852819569897371840818479057450763744734782471155491498198607793377066476062284963047450099676829519495266924760576204169716793849393961707086767711049405080034009996125258510308302022704306474575306137747573679321782720474568475636139987281529512993637878423450212639001811210819277011447601357447170136632077216661205245719707441802851547934863869062216622665108593950652237363485885919509286128161472756178110632877680596515294412678366594701494498991624347461931615768602968391032521209657854236247873605597009725457008971594196965423469736451224397383603567367871710272085855523435703755199409806695396071602938740975594400624338593464925860826969370032345293708592913954834045169889594201067767971149800704765682912384935084948974939346426283189588192965359621954923384153869463280505420775616199115870824124188508066893700654743055789825439302263122243135791988355105451182344274169443789517324733307021493085658445547398643409958185182813006937771637591207344429291428863575624357482025071369951393996508746454820616265150246504577463074263626178541500629116704017872377099226368082554455874208747370709260875487114899887428987988368090313976034242716451513888823090466647371828147836533541054336549027091393730744180823958467623865210379244034110290502099287705936807529245990804208440881328302787449228	24739664234858138982047535273920704865888201889876711837493816699690678265963591165069870505023217046633362579621148489165328977987949899797415602900085081435628786567950676391780949633448253616219680559998014214784634910618447122667639804607217055610037222276897125660535867393387520758988742191975475097134159821776175469287214857624750265388130867415580412873925910271279382629434282479656095907178473638142326186864698341018602123575843883404208311798618679388046194707946385968872279636660172423920762823771748609336176990325713506490614247467311351878471253089939596514261196666267475682898635911908731494486904182965558798994916608466464004782386781525115550402067143147698500136991417807965993746533707493179716917949661657133802752099530380500629832889813766318693972247359960254936881029359545309059646697237241209564888106340558287762532356251637258398401846377922451692640383953053577384608293675046043906591724400907098081482508558109337883729893322775980233270148019416024194836854355986212330386751079897066437531206720139847788674454652536826169059736982479309839712946775980354134355139497105828903507866078114564099313317787443741699279748434354864282108704676095037950494415256322118446288427475749205978851269324596498940292431098699161055964032010937538805061400810880000778141585221295661960121653758465320161828777956679765905691202874393069942123161082732764368596183256668409871482159496291125676747387545891967471970332324907043570197065229386255163866210107746591699208187600383560179818969453567831278240700442063884730676248072277428758811049044505165207447625337690420755566586468658464699479123316310221422249448698305310672839958780605303472889516860143027145177515370450071696550435492232120322043063691965361723395875593008624959077336291918422102723834317166910996064524649015409608752666201483300762871511859764063373890148278177809805652145087320758176512244533527455768775288472468173058226911606466872593531508148161676285352943462011002190857608776236684046340174542430222058576499294988381146454595597263037160378537615336897786042277320478072097407340558283482141549662764283552119459527581461893643846659547870636532369265183913568123722036339480903754648521616619057903781503568205185217235072797861330128470070267844936090268012670941851047068925354276958161539676537005868795463212285597973708092562582967912642628361633803674148546236045106072142804	1,-3,-3,-3,-3,3,3,3,3,3,3,3	-4,-4,3,3,3,3,3,3,3,3,3,3	ok
1.283283	12.552553	-56.929163	0.361628	continued:5	24739664234858138982047535273920704865888201889876711837493816699690678265400112580699236219475021953868113749971388527967927579725744724830154858468533183434576514383880840718560954112374558220318755877091970570777121331130368677993949320618615083234192309239585002170556633938074107924173064729144374819312787966220038796798998068281700459238406178676582332363715216117036564010798971948734486330122618101766800239309683159809630163440801594488787558198978365790964763657653227557024916156221871473501449486974798895459798959557983307386501402465525210120981965706669354175954652485529304940700025378293291836440231680769265667736631944208944161240585337530091172039879965940313128035258065219198268490422739373811417650774838798925411188609361110897143093900165340091857593854629273657898829461380415160372303478002060386692306949023463404604609648938636144290854207698797876784302880939028429665532139941947141076420700186363598691416630298443155503572227873129143714983969533036037573791383854757552611569113703067862200446666113125207181679013694932550237456232364027749496681027852819569897371840818479057450763744734782471155491498198607793377066476062284963047450099676829519495266924760576204169716793849393961707086767711049405080034009996125258510308302022704306474575306137747573679321782720474568475636139987281529512993637878423450212639001811210819277011447601357447170136632077216661205245719707441802851547934863869062216622665108593950652237363485885919509286128161472756178110632877680596515294412678366594701494498991624347461931615768602968391032521209657854236247873605597009725457008971594196965423469736451224397383603567367871710272085855523435703755199409806695396071602938740975594400624338593464925860826969370032345293708592913954834045169889594201067767971149800704765682912384935084948974939346426283189588192965359621954923384153869463280505420775616199115870824124188508066893700654743055789825439302263122243135791988355105451182344274169443789517324733307021493085658445547398643409958185182813006937771637591207344429291428863575624357482025071369951393996508746454820616265150246504577463074263626178541500629116704017872377099226368082554455874208747370709260875487114899887428987988368090313976034242716451513888823090466647371828147836533541054336549027091393730744180823958467623865210379244034110290502099287705936807529245990804208440881328302787449228	24739664234858138982047535273920704865888201889876711837493816699690678265963591165069870505023217046633362579621148489165328977987949899797415602900085081435628786567950676391780949633448253616219680559998014214784634910618447122667639804607217055610037222276897125660535867393387520758988742191975475097134159821776175469287214857624750265388130867415580412873925910271279382629434282479656095907178473638142326186864698341018602123575843883404208311798618679388046194707946385968872279636660172423920762823771748609336176990325713506490614247467311351878471253089939596514261196666267475682898635911908731494486904182965558798994916608466464004782386781525115550402067143147698500136991417807965993746533707493179716917949661657133802752099530380500629832889813766318693972247359960254936881029359545309059646697237241209564888106340558287762532356251637258398401846377922451692640383953053577384608293675046043906591724400907098081482508558109337883729893322775980233270148019416024194836854355986212330386751079897066437531206720139847788674454652536826169059736982479309839712946775980354134355139497105828903507866078114564099313317787443741699279748434354864282108704676095037950494415256322118446288427475749205978851269324596498940292431098699161055964032010937538805061400810880000778141585221295661960121653758465320161828777956679765905691202874393069942123161082732764368596183256668409871482159496291125676747387545891967471970332324907043570197065229386255163866210107746591699208187600383560179818969453567831278240700442063884730676248072277428758811049044505165207447625337690420755566586468658464699479123316310221422249448698305310672839958780605303472889516860143027145177515370450071696550435492232120322043063691965361723395875593008624959077336291918422102723834317166910996064524649015409608752666201483300762871511859764063373890148278177809805652145087320758176512244533527455768775288472468173058226911606466872593531508148161676285352943462011002190857608776236684046340174542430222058576499294988381146454595597263037160378537615336897786042277320478072097407340558283482141549662764283552119459527581461893643846659547870636532369265183913568123722036339480903754648521616619057903781503568205185217235072797861330128470070267844936090268012670941851047068925354276958161539676537005868795463212285597973708092562582967912642628361633803674148546236045106072142804	1,-3,-3,-3,-3,3,3,3,3,3,3,3	-4,-4,3,3,3,3,3,3,3,3,3,3	ok
1.287287	12.552553	-57.251536	0.364422	continued:5	24739664234858138982047535273920704836018864053640515423549470194362415424610552833744149724813992597218523745293953824512507985937097879447826530494237204904113349939475228469334159074655779975814631582481852456649436899476762358779559919886917620244557943469426328661801464179093964623801854521280763640613275922837235935620279273661275405325293794375174132348970416617572216329619831032358529687749632761095377127301112822196178029727627440718320896511885793049042779192724809097714136444256703717319113404872310506137230770439293882246809484005215863511403341791119299997161567714957950970170593108386281646520362308860656963089784076996242061347074341078485973938148120068755768939139878937794595015283309899195127233751071262720696001555032112905147754751822959554620250101843303236559133029042662510153478096636928464237470806972276398427178241184257394847116981324022770765767385573938257362002133809655132659926489623834609085772443822599932131522019395154336423609632654253435507485406066240658874789253217043938940462764504759945942442359204939007556610661063622749595577151169168538562866226817173070321656427810049104518781294302548274276313389987265028826894844211108302105667403505767567525456823992136103175833194528988695950492104940968484776248445781383462879182068512084914685156753878273948613296444465713131837475103750289262615057613235448235768300439974388708247257614308233725851297110785988023340013106963203961657946839792553571030376401494950814451697823106618409076931103102209407608651562697002586076413624213394033185810345197114346279530351971357756898231674043056265672596973555522044237964158838679502583485712039479272349223180747398226547631799395386483236950986045803253986926753065843624953684730512173760677130770216406223169746242312347661423776013265794786609870185467771900813595927257358430763078873915557729256681242861144054414939005049435922657801740219258869718390892407657581070628881735880452336133295301853133405838363264612013263033529255737775529249887785461404782202644103350253631385011222526227797819624361884752393256051878715192850216384573474991283640048067478633860429417117183322518466647318204989636294264613387960508937257071793643570622606268021904050902346705712928674805141136603695730692021225936673436287406205647152207178544181322720616256557262868100666811248315255284871392316440789635988943060374144530128644414927656836008574	24739664234858138982047535273920704865888201889876711837493816699690678265963591165069870505023217046633362579621148489165328977987949899797415602900085081435628786567950676391780949633448253616219680559998014214784634910618447122667639804607217055610037222276897125660535867393387520758988742191975475097134159821776175469287214857624750265388130867415580412873925910271279382629434282479656095907178473638142326186864698341018602123575843883404208311798618679388046194707946385968872279636660172423920762823771748609336176990325713506490614247467311351878471253089939596514261196666267475682898635911908731494486904182965558798994916608466464004782386781525115550402067143147698500136991417807965993746533707493179716917949661657133802752099530380500629832889813766318693972247359960254936881029359545309059646697237241209564888106340558287762532356251637258398401846377922451692640383953053577384608293675046043906591724400907098081482508558109337883729893322775980233270148019416024194836854355986212330386751079897066437531206720139847788674454652536826169059736982479309839712946775980354134355139497105828903507866078114564099313317787443741699279748434354864282108704676095037950494415256322118446288427475749205978851269324596498940292431098699161055964032010937538805061400810880000778141585221295661960121653758465320161828777956679765905691202874393069942123161082732764368596183256668409871482159496291125676747387545891967471970332324907043570197065229386255163866210107746591699208187600383560179818969453567831278240700442063884730676248072277428758811049044505165207447625337690420755566586468658464699479123316310221422249448698305310672839958780605303472889516860143027145177515370450071696550435492232120322043063691965361723395875593008624959077336291918422102723834317166910996064524649015409608752666201483300762871511859764063373890148278177809805652145087320758176512244533527455768775288472468173058226911606466872593531508148161676285352943462011002190857608776236684046340174542430222058576499294988381146454595597263037160378537615336897786042277320478072097407340558283482141549662764283552119459527581461893643846659547870636532369265183913568123722036339480903754648521616619057903781503568205185217235072797861330128470070267844936090268012670941851047068925354276958161539676537005868795463212285597973708092562582967912642628361633803674148546236045106072142804	-1,-3,-3,-3,-3,-3,3,3,3,3,3,3	-4,-4,3,3,3,3,3,3,3,3,3,3	ok
1.291291	12.552553	-57.466923	0.363379	continued:5	24739664234858138982047535273920704836018864053640515423549470194362415424610552833744149724813992597218523745293953824512507985937097879447826530494237204904113349939475228469334159074655779975814631582481852456649436899476762358779559919886917620244557943469426328661801464179093964623801854521280763640613275922837235935620279273661275405325293794375174132348970416617572216329619831032358529687749632761095377127301112822196178029727627440718320896511885793049042779192724809097714136444256703717319113404872310506137230770439293882246809484005215863511403341791119299997161567714957950970170593108386281646520362308860656963089784076996242061347074341078485973938148120068755768939139878937794595015283309899195127233751071262720696001555032112905147754751822959554620250101843303236559133029042662510153478096636928464237470806972276398427178241184257394847116981324022770765767385573938257362002133809655132659926489623834609085772443822599932131522019395154336423609632654253435507485406066240658874789253217043938940462764504759945942442359204939007556610661063622749595577151169168538562866226817173070321656427810049104518781294302548274276313389987265028826894844211108302105667403505760533371032181590388648847373692611543256625521964958844021652976195532356883946216589184739169972860322462556379681325763357387377978924081045196976580632045985624128259413115905351991888602878661552408895268912586074621627697143495970133922965395131398944731551267900209324349198075077117516227143143503240860196722998872081788365459376681608778529030624314236764131312498752802847052505972038195712110296586163311761450255180528152854649142893270144770598430102468682785800412464284857243387920261600269927079661215178639756038610823194914937927718471565802013861645788488837114891667003657347822052515455629492462672407733512904183694399518400227994437979156711303990314273551142561181809622022362316040751153661056545940771716879102837541565627714581943359124493851931217516595359986749909661347960802201959343435032000182270706869396412478393702587519198687863574150057182913753760333954207523103153799877025388419825868505769456620544427634093646909826889006816253310990186834569827164777821711100149787227886230100954829850688787505738623234888977553893062905912280904734669130126891213082367282858161586481501829310415514693951941330970990683111583924040841386354613705764707216852812613925	24739664234858138982047535273920704865888201889876711837493816699690678265963591165069870505023217046633362579621148489165328977987949899797415602900085081435628786567950676391780949633448253616219680559998014214784634910618447122667639804607217055610037222276897125660535867393387520758988742191975475097134159821776175469287214857624750265388130867415580412873925910271279382629434282479656095907178473638142326186864698341018602123575843883404208311798618679388046194707946385968872279636660172423920762823771748609336176990325713506490614247467311351878471253089939596514261196666267475682898635911908731494486904182965558798994916608466464004782386781525115550402067143147698500136991417807965993746533707493179716917949661657133802752099530380500629832889813766318693972247359960254936881029359545309059646697237241209564888106340558287762532356251637258398401846377922451692640383953053577384608293675046043906591724400907098081482508558109337883729893322775980233270148019416024194836854355986212330386751079897066437531206720139847788674454652536826169059736982479309839712946775980354134355139497105828903507866078114564099313317787443741699279748434354864282108704676095037950494415256322118446288427475749205978851269324596498940292431098699161055964032010937538805061400810880000778141585221295661960121653758465320161828777956679765905691202874393069942123161082732764368596183256668409871482159496291125676747387545891967471970332324907043570197065229386255163866210107746591699208187600383560179818969453567831278240700442063884730676248072277428758811049044505165207447625337690420755566586468658464699479123316310221422249448698305310672839958780605303472889516860143027145177515370450071696550435492232120322043063691965361723395875593008624959077336291918422102723834317166910996064524649015409608752666201483300762871511859764063373890148278177809805652145087320758176512244533527455768775288472468173058226911606466872593531508148161676285352943462011002190857608776236684046340174542430222058576499294988381146454595597263037160378537615336897786042277320478072097407340558283482141549662764283552119459527581461893643846659547870636532369265183913568123722036339480903754648521616619057903781503568205185217235072797861330128470070267844936090268012670941851047068925354276958161539676537005868795463212285597973708092562582967912642628361633803674148546236045106072142804	0,-3,-3,-3,-3,-3,3,3,3,3,3,3	-4,-4,3,3,3,3,3,3,3,3,3,3	ok
1.295295	12.552553	-57.660864	0.362671	continued:5	24739664234858138982047535273920704836018864053640515423549470194362415424610552833744149724813992597218523745293953824512507985937097879447826530494237204904113349939475228469334159074655779975814631582481852456649436899476762358779559919886917620244557943469426328661801464179093964623801854521280763640613275922837235935620279273661275405325293794375174132348970416617572216329619831032358529687749632761095377127301112822196178029727627440718320896511885793049042779192724809097714136444256703717319113404872310506137230770439293882246809484005215863511403341791119299997161567714957950970170593108386281646520362308860656963089784076996242061347074341078485973938148120068755768939139878937794595015283309899195127233751071262720696001555032112905147754751822959554620250101843303236559133029042662510153478096636928464237470806972276398427178241184257394847116981324022770765767385573938257362002133809655132659926489623834609085772443822599932131522019395154336423609632654253435507485406066240658874789253217043938940462764504759945942442359204939007556610661063622749595577151169168538562866226817173070321656427810049104518781294302548274276313389987265028826894844211108302105667403505760533371032181590388648847373692611543256625521964958844021652976195532356883946216589184739169972860322462556379681325763357387377978924081045196976580632045985624128259413115905351991888602878661552408895268912586074621627697143495970133922965395131398944731551267900209324349198075077117516227143143503240860196722998872081788365459376681608778529030624314236764131312498752802847052505972038195712110296586163311761450255180528152854649142893270144770598430102468682785800412464284857243387920261600269927079661215178639756038610823194914937927718471565802013861645788488837114891667003657347822052515455629492462672407733512904183694399518400227994437979156711303990314273551142561181809622022362316040751153661056545940771716879102837541565627714581943359124493851931217516595359986749909661347960802201959343435032000182270706869396412478393702587519198687863574150057182913753760333954207523103153799877025388419825868505769456620544427634093646909826889006816253310990186834569827164777821711100149787227886230100954829850688787505738623234888977553893062905912280904734669130126891213082367282858161586481501829310415514693951941330970990683111583924040841386354613705764707216852812613925	24739664234858138982047535273920704865888201889876711837493816699690678265963591165069870505023217046633362579621148489165328977987949899797415602900085081435628786567950676391780949633448253616219680559998014214784634910618447122667639804607217055610037222276897125660535867393387520758988742191975475097134159821776175469287214857624750265388130867415580412873925910271279382629434282479656095907178473638142326186864698341018602123575843883404208311798618679388046194707946385968872279636660172423920762823771748609336176990325713506490614247467311351878471253089939596514261196666267475682898635911908731494486904182965558798994916608466464004782386781525115550402067143147698500136991417807965993746533707493179716917949661657133802752099530380500629832889813766318693972247359960254936881029359545309059646697237241209564888106340558287762532356251637258398401846377922451692640383953053577384608293675046043906591724400907098081482508558109337883729893322775980233270148019416024194836854355986212330386751079897066437531206720139847788674454652536826169059736982479309839712946775980354134355139497105828903507866078114564099313317787443741699279748434354864282108704676095037950494415256322118446288427475749205978851269324596498940292431098699161055964032010937538805061400810880000778141585221295661960121653758465320161828777956679765905691202874393069942123161082732764368596183256668409871482159496291125676747387545891967471970332324907043570197065229386255163866210107746591699208187600383560179818969453567831278240700442063884730676248072277428758811049044505165207447625337690420755566586468658464699479123316310221422249448698305310672839958780605303472889516860143027145177515370450071696550435492232120322043063691965361723395875593008624959077336291918422102723834317166910996064524649015409608752666201483300762871511859764063373890148278177809805652145087320758176512244533527455768775288472468173058226911606466872593531508148161676285352943462011002190857608776236684046340174542430222058576499294988381146454595597263037160378537615336897786042277320478072097407340558283482141549662764283552119459527581461893643846659547870636532369265183913568123722036339480903754648521616619057903781503568205185217235072797861330128470070267844936090268012670941851047068925354276958161539676537005868795463212285597973708092562582967912642628361633803674148546236045106072142804	0,-3,-3,-3,-3,-3,3,3,3,3,3,3	-4,-4,3,3,3,3,3,3,3,3,3,3	ok
1.299299	12.552553	-57.833924	0.362297	full	24739664234858138982047535273920704836018864053640515423549470194362415424610552833744149724813992597218523745293953824512507985937097879447826530494237204904113349939475228469334159074655779975814631582481852456649436899476762358779559919886917620244557943469426328661801464179093964623801854521280763640613275922837235935620279273661275405325293794375174132348970416617572216329619831032358529687749632761095377127301112822196178029727627440718320896511885793049042779192724809097714136444256703717319113404872310506137230770439293882246809484005215863511403341791119299997161567714957950970170593108386281646520362308860656963089784076996242061347074341078485973938148120068755768939139878937794595015283309899195127233751071262720696001555032112905147754751822959554620250101843303236559133029042662510153478096636928464237470806972276398427178241184257394847116981324022770765767385573938257362002133809655132659926489623834609085772443822599932131522019395154336423609632654253435507485406066240658874789253217043938940462764504759945942442359204939007556610661063622749595577151169168538562866226817173070321656427810049104518781294302548274276313389987265028826894844211108302105667403505760533371032181590388648847373692611543256625521964958844021652976195532356883946216589184739169972860322462556379681325763357387377978924081045196976580632045985624128259413115905351991888602878661552408895268912586074621627697143495970133922965395131398944731551267900209324349198075077117516227143143503240860196722998872081788365459376681608778529030624314236764131312498752802847052505972038195712110296586163311761450255180528152854649142893270144770598430102468682785800412464284857243387920261600269927079661215178639756038610823194914937927718471565802013861645788488837114891667003657347822052515455629492462672407733512904183694399518400227994437979156711303990314273551142561181809622022362316040751153661056545940771716879102837541565627714581943359124493851931217516595359986749909661347960802201959343435032000182270706869396412478393702587519198687863574150057182913753760333954207523103153799877025388419825868505769456620544427634093646909826889006816253310990186834569827164777821711100149787227886230100954829850688787505738623234888977553893062905912280904734669130126891213082367282858161586481501829310415514693951941330970990683111583924040841386354613705764707216852812613925	24739664234858138982047535273920704865888201889876711837493816699690678265963591165069870505023217046633362579621148489165328977987949899797415602900085081435628786567950676391780949633448253616219680559998014214784634910618447122667639804607217055610037222276897125660535867393387520758988742191975475097134159821776175469287214857624750265388130867415580412873925910271279382629434282479656095907178473638142326186864698341018602123575843883404208311798618679388046194707946385968872279636660172423920762823771748609336176990325713506490614247467311351878471253089939596514261196666267475682898635911908731494486904182965558798994916608466464004782386781525115550402067143147698500136991417807965993746533707493179716917949661657133802752099530380500629832889813766318693972247359960254936881029359545309059646697237241209564888106340558287762532356251637258398401846377922451692640383953053577384608293675046043906591724400907098081482508558109337883729893322775980233270148019416024194836854355986212330386751079897066437531206720139847788674454652536826169059736982479309839712946775980354134355139497105828903507866078114564099313317787443741699279748434354864282108704676095037950494415256322118446288427475749205978851269324596498940292431098699161055964032010937538805061400810880000778141585221295661960121653758465320161828777956679765905691202874393069942123161082732764368596183256668409871482159496291125676747387545891967471970332324907043570197065229386255163866210107746591699208187600383560179818969453567831278240700442063884730676248072277428758811049044505165207447625337690420755566586468658464699479123316310221422249448698305310672839958780605303472889516860143027145177515370450071696550435492232120322043063691965361723395875593008624959077336291918422102723834317166910996064524649015409608752666201483300762871511859764063373890148278177809805652145087320758176512244533527455768775288472468173058226911606466872593531508148161676285352943462011002190857608776236684046340174542430222058576499294988381146454595597263037160378537615336897786042277320478072097407340558283482141549662764283552119459527581461893643846659547870636532369265183913568123722036339480903754648521616619057903781503568205185217235072797861330128470070267844936090268012670941851047068925354276958161539676537005868795463212285597973708092562582967912642628361633803674148546236045106072142804	0,-3,-3,-3,-3,-3,3,3,3,3,3,3	-4,-4,3,3,3,3,3,3,3,3,3,3	ok
1.303303	12.552553	-18.865187	0.341681	continued:5	24739664234858138982047535273920704865888201889876711837493816699690678265963591165069870505023217046633362579621148489165328977987949899797415602900085081435628786567950676391780949633448253616219680559998014214784634910618447122667639804607217055610037222276897125660535867393387520758988742191975881454668757766456386039099618304136651166884285837894817315224103333988986022139294086321685154999346340705988103078279492809641656432950215478117816222205266648568411397418925046010008480574710698821954765024242012324702958840527170691397468834926110714722062344576291849261675828451121993701604115701508243628541371186781104664750453506678450990658685568877319368724842489366294600223726679557182485111500144011805314426535016123806594563159834704421627591278254098145543334614838595418659350735064119136615550909153916789982856517125346862661227399851506503677119661384586623759841225285653771144345770541906184539519104941031220044588169549394770200017461390905581925298086151522809307449802203222974575540394725875975613318942282656692285373790701768039928224139907689742983609684357165165999207726031406986345064845442052163822899745749684239296069717432693993739901942491195871247188184005615510630776861376984238652303646778001634413338165130199609468058508544045746494195268749484849824012620331758569013020776626783063332117752802181776519313090609855953375939627550204180850738538170995865172439639130569385522915005804462710634577373404977953450014915714636684768441064353200690527450995854246314508816136290930370926176972899117303143383092939843611379493175310642725436489514443004567685150909058381766559046579596069841216695861281021535243499946132037288513793387254527376440416388834198426624491288670575189200051053551157151442408616997084022662585673651549638054761986439613997609199784619499602986784278171389536097630071742334526837638060572244579466826554863557604955847781292089370263194704513519150584489620779173486163593913824564254091087891725040640812031417463303890401757164661491055170005721174364456391595278006481088278343201780101327801736450621200126860216453732644663225288786921875611344182195129495612958964988881489462876201811056033355336073605747057116758828127948061714406009458933531046312908842245024036684906014326947809963197583821280707405408113066631548664026886413072408166973225981864031627254667552852693015299420576512048882905902224548023244875	24739664234858138982047535273920704865888201889876711837493816699690678265963591165069870505023217046633362579621148489165328977987949899797415602900085081435628786567950676391780949633448253616219680559998014214784634910618447122667639804607217055610037222276897125660535867393387520758988742191975475097134159821776175469287214857624750265388130867415580412873925910271279382629434282479656095907178473638142326186864698341018602123575843883404208311798618679388046194707946385968872279636660172423920762823771748609336176990325713506490614247467311351878471253089939596514261196666267475682898635911908731494486904182965558798994916608466464004782386781525115550402067143147698500136991417807965993746533707493179716917949661657133802752099530380500629832889813766318693972247359960254936881029359545309059646697237241209564888106340558287762532356251637258398401846377922451692640383953053577384608293675046043906591724400907098081482508558109337883729893322775980233270148019416024194836854355986212330386751079897066437531206720139847788674454652536826169059736982479309839712946775980354134355139497105828903507866078114564099313317787443741699279748434354864282108704676095037950494415256322118446288427475749205978851269324596498940292431098699161055964032010937538805061400810880000778141585221295661960121653758465320161828777956679765905691202874393069942123161082732764368596183256668409871482159496291125676747387545891967471970332324907043570197065229386255163866210107746591699208187600383560179818969453567831278240700442063884730676248072277428758811049044505165207447625337690420755566586468658464699479123316310221422249448698305310672839958780605303472889516860143027145177515370450071696550435492232120322043063691965361723395875593008624959077336291918422102723834317166910996064524649015409608752666201483300762871511859764063373890148278177809805652145087320758176512244533527455768775288472468173058226911606466872593531508148161676285352943462011002190857608776236684046340174542430222058576499294988381146454595597263037160378537615336897786042277320478072097407340558283482141549662764283552119459527581461893643846659547870636532369265183913568123722036339480903754648521616619057903781503568205185217235072797861330128470070267844936090268012670941851047068925354276958161539676537005868795463212285597973708092562582967912642628361633803674148546236045106072142804	-1,-4,-4,3,3,3,3,3,3,3,3,3	-4,-4,3,3,3,3,3,3,3,3,3,3	ok
1.307307	12.552553	-49.237851	0.344475	continued:5	24739664234858138982047535273920704865888201889876711837493816699690678265963591165069870505023217046633362579621148489165328977987949899797415602900085081435628786567950676391780949633448253616219680559998014214784634910618447122667639804607217055610037222276897125660535867393387520758988742191975881454668757766456386039099618304136651166884285837894817315224103333988986022139294086321685154999346340705988103078279492809641656432950215478117816222205266648568411397418925046010008480574710698821954765024242012324702958840527170691397468834926110714722062344576291849261675828451121993701604115701508243628541371186781104664750453506678450990658685568877319368724842489366294600223726679557182485111500144011805314426535016123806594563159834704421627591278254098145543334614838595418659350735064119136615550909153916789982856517125346862661227399851506503677119661384586623759841225285653771144345770541906184539519104941031220044588169549394770200017461390905581925298086151522809307449802203222974575540394725875975613318942282656692285373790701768039928224139907689742983609684357165165999207726031406986345064845442052163822899745749684239296069717432693993739901942491195871247188184005629578939626146180479147309222650612901005722390845708668197124234362495273144098797774757458652282442873869149334322862031538555273602678056872841178109900869320411219847048207913667348778531628738412966770315022724232465689476913832400874304281462828469455323197446686921866086215833068446424699444496565569722241309352582097645970096478775632734636095654637992457943280389083570732332839953973912247295681057931113681492439449496144076887534303882013813582426660935625896914804409614213748953104339735616872424033237737152288422764228895317684142781840594050396121809018684709427683610800958887025312407434590051977713326085580635173894497599750192525737795060057383043775023565474224429639386107173310916990239669991933652644475768142050760727663572522347999704178447289250328456914499267328417681240348822933515571583868711725379330323404334769870337022620061545176212626323733821158948285818704624796620953499808886499592477823111646846232706079467925425548222036103825890910305962685055173280654285638093536930123995538291210251114663599662004737580826899131982029868048598658256506155403232827272483188483130194799492244707309373825202346843909294433547215009818318585078026810148403884293372	24739664234858138982047535273920704865888201889876711837493816699690678265963591165069870505023217046633362579621148489165328977987949899797415602900085081435628786567950676391780949633448253616219680559998014214784634910618447122667639804607217055610037222276897125660535867393387520758988742191975475097134159821776175469287214857624750265388130867415580412873925910271279382629434282479656095907178473638142326186864698341018602123575843883404208311798618679388046194707946385968872279636660172423920762823771748609336176990325713506490614247467311351878471253089939596514261196666267475682898635911908731494486904182965558798994916608466464004782386781525115550402067143147698500136991417807965993746533707493179716917949661657133802752099530380500629832889813766318693972247359960254936881029359545309059646697237241209564888106340558287762532356251637258398401846377922451692640383953053577384608293675046043906591724400907098081482508558109337883729893322775980233270148019416024194836854355986212330386751079897066437531206720139847788674454652536826169059736982479309839712946775980354134355139497105828903507866078114564099313317787443741699279748434354864282108704676095037950494415256322118446288427475749205978851269324596498940292431098699161055964032010937538805061400810880000778141585221295661960121653758465320161828777956679765905691202874393069942123161082732764368596183256668409871482159496291125676747387545891967471970332324907043570197065229386255163866210107746591699208187600383560179818969453567831278240700442063884730676248072277428758811049044505165207447625337690420755566586468658464699479123316310221422249448698305310672839958780605303472889516860143027145177515370450071696550435492232120322043063691965361723395875593008624959077336291918422102723834317166910996064524649015409608752666201483300762871511859764063373890148278177809805652145087320758176512244533527455768775288472468173058226911606466872593531508148161676285352943462011002190857608776236684046340174542430222058576499294988381146454595597263037160378537615336897786042277320478072097407340558283482141549662764283552119459527581461893643846659547870636532369265183913568123722036339480903754648521616619057903781503568205185217235072797861330128470070267844936090268012670941851047068925354276958161539676537005868795463212285597973708092562582967912642628361633803674148546236045106072142804	-2,-4,-4,3,3,3,3,3,3,3,3,3	-4,-4,3,3,3,3,3,3,3,3,3,3	ok
1.311311	12.552553	-52.591363	0.347268	continued:5	24739664234858138982047535273920704865888201889876711837493816699690678265963591165069870505023217046633362579621148489165328977987949899797415602900085081435628786567950676391780949633448253616219680559998014214784634910618447122667639804607217055610037222276897125660535867393387520758988742191975475097134159821776175469287214857624750265388130867415580412873925910271279382629434282479656095907178473638142326186864698341018602123575843883404208311798618679388046194707946385968872279636660172423920762823771748609336176990325713506490614247467311351878471253089939596514261196666267475682898635911908731494486904182965558798994916608466464004782386781525115550402067143147698500136991417807965993746533707493179716917949661657133802752099530380500629832889813766318693972247359960254936881029359545309059646697237241209564888106340558287762532356251637258398401846377922451692640383953053577384608293675046043906591724400907098081482508558109337883729893322775980233270148019416024194836854355986212330386751079897066437531206720139847788674454652536826169059736982479309839712946775980354134355139497105828903507866078114564099313317787443741699279748434354864282108704676095037950494415256286947674165215467011934336553759737348070667660729652527691915524397132869044793555135790945494632065951377818748685518516479034794485428017780031261929221756098004903764351710174074844549113456838125655876793700512133425260342617476046558297710108766178288887240737798673301869429288319632256269224724668118265584051039693265751490627862607736193791619996924278218459408639304584274718151680345670626647042637465459333318707082180800379032160407700099946372273650109970829696969322175580229736541987822471625057604097666274467304974823124064415536558817454629227310911087581946904520455445924560288173037899050385771129593893146284308657261004326107960933559964709592206298596961112903770872901440318443453171554758225380134568194504159026648154323501531880018861899217167303094558259573981342381830990525357646886212154509626273491764433578135680230268485973309763063753935018741388115359454941833970836305152734074505673796423449794831627213811331944435707956109414709408651771661558155162281828345864121923257396908138558521907693044066844381944344400836176940887335408175932108340927491158211920187826439457183894751945801208155053128226111876203662293316013857402850461225442249349855649160489	24739664234858138982047535273920704865888201889876711837493816699690678265963591165069870505023217046633362579621148489165328977987949899797415602900085081435628786567950676391780949633448253616219680559998014214784634910618447122667639804607217055610037222276897125660535867393387520758988742191975475097134159821776175469287214857624750265388130867415580412873925910271279382629434282479656095907178473638142326186864698341018602123575843883404208311798618679388046194707946385968872279636660172423920762823771748609336176990325713506490614247467311351878471253089939596514261196666267475682898635911908731494486904182965558798994916608466464004782386781525115550402067143147698500136991417807965993746533707493179716917949661657133802752099530380500629832889813766318693972247359960254936881029359545309059646697237241209564888106340558287762532356251637258398401846377922451692640383953053577384608293675046043906591724400907098081482508558109337883729893322775980233270148019416024194836854355986212330386751079897066437531206720139847788674454652536826169059736982479309839712946775980354134355139497105828903507866078114564099313317787443741699279748434354864282108704676095037950494415256322118446288427475749205978851269324596498940292431098699161055964032010937538805061400810880000778141585221295661960121653758465320161828777956679765905691202874393069942123161082732764368596183256668409871482159496291125676747387545891967471970332324907043570197065229386255163866210107746591699208187600383560179818969453567831278240700442063884730676248072277428758811049044505165207447625337690420755566586468658464699479123316310221422249448698305310672839958780605303472889516860143027145177515370450071696550435492232120322043063691965361723395875593008624959077336291918422102723834317166910996064524649015409608752666201483300762871511859764063373890148278177809805652145087320758176512244533527455768775288472468173058226911606466872593531508148161676285352943462011002190857608776236684046340174542430222058576499294988381146454595597263037160378537615336897786042277320478072097407340558283482141549662764283552119459527581461893643846659547870636532369265183913568123722036339480903754648521616619057903781503568205185217235072797861330128470070267844936090268012670941851047068925354276958161539676537005868795463212285597973708092562582967912642628361633803674148546236045106072142804	1,-4,3,3,3,3,3,3,3,3,3,3	-4,-4,3,3,3,3,3,3,3,3,3,3	ok
1.315315	12.552553	-54.631066	0.350061	continued:5	24739664234858138982047535273920704865888201889876711837493816699690678265963591165069870505023217046633362579621148489165328977987949899797415602900085081435628786567950676391780949633448253616219680559998014214784634910618447122667639804607217055610037222276897125660535867393387520758988742191975475097134159821776175469287214857624750265388130867415580412873925910271279382629434282479656095907178473638142326186864698341018602123575843883404208311798618679388046194707946385968872279636660172423920762823771748609336176990325713506490614247467311351878471253089939596514261196666267475682898635077588364628629417296554229734815495315011752337585393015754405944996164827318009845582551593321289722257247006063686910061456841431892563940020873466746931070957111770150069590359792388197563206227771911411885143855184505614961998508226343153531223089971459935049708039359327667779120430067461929055441744031224422705223831560005091108633317128720548165517033711719448300771525660964913525817712220131912105082815080054605883136048554894173783193438041716508681297001277350562437894851607688119124032266056066591963623197071229719772200831481260746898621517899928612391918713268983151048632780119655930408190582553524627904057071942769938736862457235924274975877692875969260912825240440176312796169883715527296420812911085368231803397367822990876417832371726944474641149344806282859835563177758758315140869621665338558538229319788140992642348683078964438303205169238089677606281386970253341769254691973676747054001600056884371509167578247128910554017708455798400339763929792299326278161913247735847547901720607853014273297061169415154483166033077865097453650461838107532682052642437808745312631797604500447563344035980600655360681484274936965759099895773785743476559627847035998495623947412514142251410657373695628596507787826274803330499930271551011927848963095389998115464084361772602196582573023653623911344037727364227195594183603523434780747077500441651045950433605054450968920210102886398197382751252220063486096686194630712738899496659850907030285511459146924946136142303252814811401903979278425790228571196558652325907826618637862596663393079577711958009484587139118727133603578984775841831059511392904829664132579075616389269418347099007484820626482853352165533173315748528323140233506000037753936239379980930850327518548701251621213257545847129540580490183656973082502121819713680447958	24739664234858138982047535273920704865888201889876711837493816699690678265963591165069870505023217046633362579621148489165328977987949899797415602900085081435628786567950676391780949633448253616219680559998014214784634910618447122667639804607217055610037222276897125660535867393387520758988742191975475097134159821776175469287214857624750265388130867415580412873925910271279382629434282479656095907178473638142326186864698341018602123575843883404208311798618679388046194707946385968872279636660172423920762823771748609336176990325713506490614247467311351878471253089939596514261196666267475682898635911908731494486904182965558798994916608466464004782386781525115550402067143147698500136991417807965993746533707493179716917949661657133802752099530380500629832889813766318693972247359960254936881029359545309059646697237241209564888106340558287762532356251637258398401846377922451692640383953053577384608293675046043906591724400907098081482508558109337883729893322775980233270148019416024194836854355986212330386751079897066437531206720139847788674454652536826169059736982479309839712946775980354134355139497105828903507866078114564099313317787443741699279748434354864282108704676095037950494415256322118446288427475749205978851269324596498940292431098699161055964032010937538805061400810880000778141585221295661960121653758465320161828777956679765905691202874393069942123161082732764368596183256668409871482159496291125676747387545891967471970332324907043570197065229386255163866210107746591699208187600383560179818969453567831278240700442063884730676248072277428758811049044505165207447625337690420755566586468658464699479123316310221422249448698305310672839958780605303472889516860143027145177515370450071696550435492232120322043063691965361723395875593008624959077336291918422102723834317166910996064524649015409608752666201483300762871511859764063373890148278177809805652145087320758176512244533527455768775288472468173058226911606466872593531508148161676285352943462011002190857608776236684046340174542430222058576499294988381146454595597263037160378537615336897786042277320478072097407340558283482141549662764283552119459527581461893643846659547870636532369265183913568123722036339480903754648521616619057903781503568205185217235072797861330128470070267844936090268012670941851047068925354276958161539676537005868795463212285597973708092562582967912642628361633803674148546236045106072142804	-2,3,3,3,3,3,3,3,3,3,3,3	-4,-4,3,3,3,3,3,3,3,3,3,3	ok
1.319319	12.552553	-55.765277	0.352855	continued:5	24739664234858138982047535273920704865888201889876711837493816699690678265400112580699236219475021953868113749971388527967927579725744724830154858468533183434576514383880840718560954112374558220318755877091970570777121331130368677993949320618615083234192309239585002170556633938074107924173064729144374819312787966220038796798998068281700459238406178676582332363715216117036564010798971948734486330122618101766800239309683159809630163440801594488787558198978365790964763657653227557024916156221871473501449486974798895459798959557983307386501402465525210120981965706669354175954652485529304940700025378293291836440231680769265667736631944208944161240585337530091172039879965940313128035258065219198268490422739373811417650774838798925411188609361110897143093900165340091857593854629273657898829461380415160372303478002060386692306949023463404604609648938636144290854207698797876784302880939028429665532139941947141076420700186363598691416630298443155503572227873129143714983969533036037573791383854757552611569113703067862200446666113125207181679013694932550237456232364027749496681027852819569897371840818479057450763744734782471155491498198607793377066476062284963047450099676829519495266924760590272478566078652888870364005771545948776389086690574593846166484155973931543867004364082677983688834322116538230229796399075873417563436580687838106313299418057240602198310822929719975223733678236072212155200785462217754664006867570593614219547728004247777586639461760097101273728345310551551603462608106468598860807519644535945968094504511050968883196298507841471709610748041192665324737830299608610016543271157513965655223139854665329486767395987648883959992410164073769561275355463219438664110686300254155688263225360040380444949066329674513724492493983181709237534689403402626325899073264694387900936110776441396412181665616876530939180455142987358297278558855097124105449191629191220358969067333553998631765746670777770848313094589651159934331774561879627451035996662094220441011005277393157238677026195308759965887751849219424524917317307119546812665411552430403915749312267527148135193789283165843702602099492691034491955148297314418425410122197545931568251998130564562203596848172099458402431150753870857346669651632881029069988357447379725833761699261840739747994551117649068842855580774088480029191654902481884384607558753955359911021335778343225063650133513843233322210895423985144251507	24739664234858138982047535273920704865888201889876711837493816699690678265963591165069870505023217046633362579621148489165328977987949899797415602900085081435628786567950676391780949633448253616219680559998014214784634910618447122667639804607217055610037222276897125660535867393387520758988742191975475097134159821776175469287214857624750265388130867415580412873925910271279382629434282479656095907178473638142326186864698341018602123575843883404208311798618679388046194707946385968872279636660172423920762823771748609336176990325713506490614247467311351878471253089939596514261196666267475682898635911908731494486904182965558798994916608466464004782386781525115550402067143147698500136991417807965993746533707493179716917949661657133802752099530380500629832889813766318693972247359960254936881029359545309059646697237241209564888106340558287762532356251637258398401846377922451692640383953053577384608293675046043906591724400907098081482508558109337883729893322775980233270148019416024194836854355986212330386751079897066437531206720139847788674454652536826169059736982479309839712946775980354134355139497105828903507866078114564099313317787443741699279748434354864282108704676095037950494415256322118446288427475749205978851269324596498940292431098699161055964032010937538805061400810880000778141585221295661960121653758465320161828777956679765905691202874393069942123161082732764368596183256668409871482159496291125676747387545891967471970332324907043570197065229386255163866210107746591699208187600383560179818969453567831278240700442063884730676248072277428758811049044505165207447625337690420755566586468658464699479123316310221422249448698305310672839958780605303472889516860143027145177515370450071696550435492232120322043063691965361723395875593008624959077336291918422102723834317166910996064524649015409608752666201483300762871511859764063373890148278177809805652145087320758176512244533527455768775288472468173058226911606466872593531508148161676285352943462011002190857608776236684046340174542430222058576499294988381146454595597263037160378537615336897786042277320478072097407340558283482141549662764283552119459527581461893643846659547870636532369265183913568123722036339480903754648521616619057903781503568205185217235072797861330128470070267844936090268012670941851047068925354276958161539676537005868795463212285597973708092562582967912642628361633803674148546236045106072142804	2,-3,-3,-3,-3,3,3,3,3,3,3,3	-4,-4,3,3,3,3,3,3,3,3,3,3	ok
1.323323	12.552553	-56.468591	0.355648	continued:5	24739664234858138982047535273920704836018864053640515423549470194362415424610552833744149724813992597218523745293953824512507985937097879447826530494237204904113349939475228469334159074655779975814631582481852456649436899476762358779559919886917620244557943469426328661801464179093964623801854521280763640613275922837235935620279273661275405325293794375174132348970416617572216329619831032358529687749632761095377127301112822196178029727627440718320896511885793049042779192724809097714136444256703717319113404872310506137230770439293882246809484005215863511403341791119299997161567714957950970170593108386281646520362308860656963089784076996242061347074341078485973938148120068755768939139878937794595015283309899195127233751071262720696001555032112905147754751822959554620250101843303236559133029042662510153478096636928464237470806972276398427178241184257394847116981324022770765767385573938257362002133809655132659926489623834609085772443822599932131522019395154336423609632654253435507485406066240658874789253217043938940462764504759945942442359204939007556610661063622749595577151169168538562866226817173070321656427810049104518781294302548274276313389987265028826894844211108302105667403505781635834306108795631011832752198363879574600432384905217411022792946279436620745113027166776404109749616709709086477237806682364639554577149160473834683908747735096450786075088112462140964567085601596359763353507185814826764645033897671617127909729114862823628026668684433794656697319165620194776507022300146502432508690346844181498322119276964542499369786962869510575966058408467576589683078052777372797197748339942609813382115459732798452171349578148275850809337304829108042070469616444962935012434936869907801457828840251362783832545146691406175955367517614641785947149959368754487994032482688715724579645144330777095972314746266924900437584946217198894085415160824182616269912863185404354161175933144527652865355109880861668452887001966273877144456741672681968527385931401006598380614267394003891828058952465527476543931945509347155362208710791278218420475709927108879653789808638057882740738674218666251166093425596249844276712438308878700131754660795315130869161333541901153142631561051375068445618504491256380246838207479084646840411932564617414120955891684208484300409147603196367753206379233596132446498825600643379602715557861971952234967956145740118747498349724362974403830349264882797875	24739664234858138982047535273920704865888201889876711837493816699690678265963591165069870505023217046633362579621148489165328977987949899797415602900085081435628786567950676391780949633448253616219680559998014214784634910618447122667639804607217055610037222276897125660535867393387520758988742191975475097134159821776175469287214857624750265388130867415580412873925910271279382629434282479656095907178473638142326186864698341018602123575843883404208311798618679388046194707946385968872279636660172423920762823771748609336176990325713506490614247467311351878471253089939596514261196666267475682898635911908731494486904182965558798994916608466464004782386781525115550402067143147698500136991417807965993746533707493179716917949661657133802752099530380500629832889813766318693972247359960254936881029359545309059646697237241209564888106340558287762532356251637258398401846377922451692640383953053577384608293675046043906591724400907098081482508558109337883729893322775980233270148019416024194836854355986212330386751079897066437531206720139847788674454652536826169059736982479309839712946775980354134355139497105828903507866078114564099313317787443741699279748434354864282108704676095037950494415256322118446288427475749205978851269324596498940292431098699161055964032010937538805061400810880000778141585221295661960121653758465320161828777956679765905691202874393069942123161082732764368596183256668409871482159496291125676747387545891967471970332324907043570197065229386255163866210107746591699208187600383560179818969453567831278240700442063884730676248072277428758811049044505165207447625337690420755566586468658464699479123316310221422249448698305310672839958780605303472889516860143027145177515370450071696550435492232120322043063691965361723395875593008624959077336291918422102723834317166910996064524649015409608752666201483300762871511859764063373890148278177809805652145087320758176512244533527455768775288472468173058226911606466872593531508148161676285352943462011002190857608776236684046340174542430222058576499294988381146454595597263037160378537615336897786042277320478072097407340558283482141549662764283552119459527581461893643846659547870636532369265183913568123722036339480903754648521616619057903781503568205185217235072797861330128470070267844936090268012670941851047068925354276958161539676537005868795463212285597973708092562582967912642628361633803674148546236045106072142804	-2,-3,-3,-3,-3,-3,3,3,3,3,3,3	-4,-4,3,3,3,3,3,3,3,3,3,3	ok
1.327327	12.552553	-56.944617	0.358441	continued:5	24739664234858138982047535273920704836018864053640515423549470194362415424610552833744149724813992597218523745293953824512507985937097879447826530494237204904113349939475228469334159074655779975814631582481852456649436899476762358779559919886917620244557943469426328661801464179093964623801854521280763640613275922837235935620279273661275405325293794375174132348970416617572216329619831032358529687749632761095377127301112822196178029727627440718320896511885793049042779192724809097714136444256703717319113404872310506137230770439293882246809484005215863511403341791119299997161567714957950970170593108386281646520362308860656963089784076996242061347074341078485973938148120068755768939139878937794595015283309899195127233751071262720696001555032112905147754751822959554620250101843303236559133029042662510153478096636928464237470806972276398427178241184257394847116981324022770765767385573938257362002133809655132659926489623834609085772443822599932131522019395154336423609632654253435507485406066240658874789253217043938940462764504759945942442359204939007556610661063622749595577151169168538562866226817173070321656427810049104518781294302548274276313389987265028826894844211108302105667403505774601679881466393883557504292696446434135275462244923092947899520696030410041812147547839430659397453185293991517545267125574038885696026126455381548649483180485272343277187764043425424605912349954915042807325308985901425052329070430437789392928284453708197329201535089692304554197571136119301926719062701177955020580126521923383787367871745179287842590066079991928427748205189912666743957376047916819234897360947732327025673137149206150517828530808813774100016259026113667294851134505915723085981710491336580894192290953047493868758637829432583426543068867010432477846696135858207955885022874241751167224915306051338954784121001812677831758229430887464075383329010984118515604458956310663505981458076201698685628123758769221369540884368923363106638876021762907687182874598006509930707071761565889710538973368963466129373288024429800393373609966658753008120050035905930636454920843676625366478561623846828767403070746537441852353064777746100609299200989500152383581712973464930831039944316422509319534112386256580215574592456596006660822776534584156572406488558810440960293907676625174287465875280278158374351528044234372023206981936558628411813642198467688053845279361934446551524122638460859403224	24739664234858138982047535273920704865888201889876711837493816699690678265963591165069870505023217046633362579621148489165328977987949899797415602900085081435628786567950676391780949633448253616219680559998014214784634910618447122667639804607217055610037222276897125660535867393387520758988742191975475097134159821776175469287214857624750265388130867415580412873925910271279382629434282479656095907178473638142326186864698341018602123575843883404208311798618679388046194707946385968872279636660172423920762823771748609336176990325713506490614247467311351878471253089939596514261196666267475682898635911908731494486904182965558798994916608466464004782386781525115550402067143147698500136991417807965993746533707493179716917949661657133802752099530380500629832889813766318693972247359960254936881029359545309059646697237241209564888106340558287762532356251637258398401846377922451692640383953053577384608293675046043906591724400907098081482508558109337883729893322775980233270148019416024194836854355986212330386751079897066437531206720139847788674454652536826169059736982479309839712946775980354134355139497105828903507866078114564099313317787443741699279748434354864282108704676095037950494415256322118446288427475749205978851269324596498940292431098699161055964032010937538805061400810880000778141585221295661960121653758465320161828777956679765905691202874393069942123161082732764368596183256668409871482159496291125676747387545891967471970332324907043570197065229386255163866210107746591699208187600383560179818969453567831278240700442063884730676248072277428758811049044505165207447625337690420755566586468658464699479123316310221422249448698305310672839958780605303472889516860143027145177515370450071696550435492232120322043063691965361723395875593008624959077336291918422102723834317166910996064524649015409608752666201483300762871511859764063373890148278177809805652145087320758176512244533527455768775288472468173058226911606466872593531508148161676285352943462011002190857608776236684046340174542430222058576499294988381146454595597263037160378537615336897786042277320478072097407340558283482141549662764283552119459527581461893643846659547870636532369265183913568123722036339480903754648521616619057903781503568205185217235072797861330128470070267844936090268012670941851047068925354276958161539676537005868795463212285597973708092562582967912642628361633803674148546236045106072142804	1,-3,-3,-3,-3,-3,3,3,3,3,3,3	-4,-4,3,3,3,3,3,3,3,3,3,3	ok
1.331331	12.552553	-57.272786	0.361235	continued:5	24739664234858138982047535273920704836018864053640515423549470194362415424610552833744149724813992597218523745293953824512507985937097879447826530494237204904113349939475228469334159074655779975814631582481852456649436899476762358779559919886917620244557943469426328661801464179093964623801854521280763640613275922837235935620279273661275405325293794375174132348970416617572216329619831032358529687749632761095377127301112822196178029727627440718320896511885793049042779192724809097714136444256703717319113404872310506137230770439293882246809484005215863511403341791119299997161567714957950970170593108386281646520362308860656963089784076996242061347074341078485973938148120068755768939139878937794595015283309899195127233751071262720696001555032112905147754751822959554620250101843303236559133029042662510153478096636928464237470806972276398427178241184257394847116981324022770765767385573938257362002133809655132659926489623834609085772443822599932131522019395154336423609632654253435507485406066240658874789253217043938940462764504759945942442359204939007556610661063622749595577151169168538562866226817173070321656427810049104518781294302548274276313389987265028826894844211108302105667403505760533371032181590388648847373692611543256625521964958844021652976195532356883946216589184739169972860322462556379681325763357387377978924081045196976580632045985624128259413115905351991888602878661552408895268912586074621627697143495970133922965395131398944731551267900209324349198075077117516227143143503240860196722998872081788365459376681608778529030624314236764131312498752802847052505972038195712110296586163311761450255180528152854649142893270144770598430102468682785800412464284857243387920261600269927079661215178639756038610823194914937927718471565802013861645788488837114891667003657347822052515455629492462672407733512904183694399518400227994437979156711303990314273551142561181809622022362316040751153661056545940771716879102837541565627714581943359124493851931217516595359986749909661347960802201959343435032000182270706869396412478393702587519198687863574150057182913753760333954207523103153799877025388419825868505769456620544427634093646909826889006816253310990186834569827164777821711100149787227886230100954829850688787505738623234888977553893062905912280904734669130126891213082367282858161586481501829310415514693951941330970990683111583924040841386354613705764707216852812613925	24739664234858138982047535273920704865888201889876711837493816699690678265963591165069870505023217046633362579621148489165328977987949899797415602900085081435628786567950676391780949633448253616219680559998014214784634910618447122667639804607217055610037222276897125660535867393387520758988742191975475097134159821776175469287214857624750265388130867415580412873925910271279382629434282479656095907178473638142326186864698341018602123575843883404208311798618679388046194707946385968872279636660172423920762823771748609336176990325713506490614247467311351878471253089939596514261196666267475682898635911908731494486904182965558798994916608466464004782386781525115550402067143147698500136991417807965993746533707493179716917949661657133802752099530380500629832889813766318693972247359960254936881029359545309059646697237241209564888106340558287762532356251637258398401846377922451692640383953053577384608293675046043906591724400907098081482508558109337883729893322775980233270148019416024194836854355986212330386751079897066437531206720139847788674454652536826169059736982479309839712946775980354134355139497105828903507866078114564099313317787443741699279748434354864282108704676095037950494415256322118446288427475749205978851269324596498940292431098699161055964032010937538805061400810880000778141585221295661960121653758465320161828777956679765905691202874393069942123161082732764368596183256668409871482159496291125676747387545891967471970332324907043570197065229386255163866210107746591699208187600383560179818969453567831278240700442063884730676248072277428758811049044505165207447625337690420755566586468658464699479123316310221422249448698305310672839958780605303472889516860143027145177515370450071696550435492232120322043063691965361723395875593008624959077336291918422102723834317166910996064524649015409608752666201483300762871511859764063373890148278177809805652145087320758176512244533527455768775288472468173058226911606466872593531508148161676285352943462011002190857608776236684046340174542430222058576499294988381146454595597263037160378537615336897786042277320478072097407340558283482141549662764283552119459527581461893643846659547870636532369265183913568123722036339480903754648521616619057903781503568205185217235072797861330128470070267844936090268012670941851047068925354276958161539676537005868795463212285597973708092562582967912642628361633803674148546236045106072142804	0,-3,-3,-3,-3,-3,3,3,3,3,3,3	-4,-4,3,3,3,3,3,3,3,3,3,3	ok
1.335335	12.552553	-57.492848	0.360192	continued:5	24739664234858138674498277771628018399134219420786042385343909740486943968906430987345864601372236743870937982882277892864208187160143680519174773689675013209676260938596213942088022388610240242448216319326854432872557641105530237203769522580412261848507195381562319982648034525886011444259117008462370118012269146893919510317618718134392550728117410882997390510076864373026327972104550976080409554614188052954334266500659914484184383921411473835796476396402204859819421933685767127939570125628181484037303270074406884505100969257369101403703889703162404852701421295395051126354996196673046011241459227858414868523369077176799550073525906411964488182321855996848426539892892713640874827702682065031381564662767462956298451330572956346987924251841024829732697558588152913072676377822770111418545545105026178452756748284392318774963157070814240306510559538602253267474559607340230037040602743149924733813354166050599371995675344339732975323066113800183412514575428156316423902278067759848903190657009707509746686766218864810564102131446583887270950114087651727544115198625925543604075599541279183136180393935801583994070157497091115419279751038825838485078619636372881275195744287590597730856851532045266307399719006331464318270832904826303760427394400565835211283589334256565185086069242141870871909166376391167181669805264705625800401677027726071369334081267731275901412885370914290258355757332500578990695599401753532397501767763778678743158539637032124004642178681879919257657924021926204411941753522265018074899245211458841561051766253091177327460825146255557122474797435704832952945152934842143346990391868428674529213713793670647291466261062752722062718400776037117314850310391698498090674511964515465051327589922063857999907361332415330580581691491629931994712571791959074453106637396353012926931521280433298594763969103564713867209449618745607000978158826110941169091824870469711457681451512868974695867394396766635371902858650890789492951376628202160253055716909497270304935915782657015081128102045583955549423175075507654739167289056722985193175550474256978168351664877265095608136501361507405231063960956722722932154414382609024703490000168549953263840522788484429491147677172193188582244492963144841721927748957642506293407119102033354823476928790840446569255930329274144209764176006572004987549869726561950990257697590068254961409216548778422708566319543982641409238779678479495906050	24739664234858138982047535273920704865888201889876711837493816699690678265963591165069870505023217046633362579621148489165328977987949899797415602900085081435628786567950676391780949633448253616219680559998014214784634910618447122667639804607217055610037222276897125660535867393387520758988742191975475097134159821776175469287214857624750265388130867415580412873925910271279382629434282479656095907178473638142326186864698341018602123575843883404208311798618679388046194707946385968872279636660172423920762823771748609336176990325713506490614247467311351878471253089939596514261196666267475682898635911908731494486904182965558798994916608466464004782386781525115550402067143147698500136991417807965993746533707493179716917949661657133802752099530380500629832889813766318693972247359960254936881029359545309059646697237241209564888106340558287762532356251637258398401846377922451692640383953053577384608293675046043906591724400907098081482508558109337883729893322775980233270148019416024194836854355986212330386751079897066437531206720139847788674454652536826169059736982479309839712946775980354134355139497105828903507866078114564099313317787443741699279748434354864282108704676095037950494415256322118446288427475749205978851269324596498940292431098699161055964032010937538805061400810880000778141585221295661960121653758465320161828777956679765905691202874393069942123161082732764368596183256668409871482159496291125676747387545891967471970332324907043570197065229386255163866210107746591699208187600383560179818969453567831278240700442063884730676248072277428758811049044505165207447625337690420755566586468658464699479123316310221422249448698305310672839958780605303472889516860143027145177515370450071696550435492232120322043063691965361723395875593008624959077336291918422102723834317166910996064524649015409608752666201483300762871511859764063373890148278177809805652145087320758176512244533527455768775288472468173058226911606466872593531508148161676285352943462011002190857608776236684046340174542430222058576499294988381146454595597263037160378537615336897786042277320478072097407340558283482141549662764283552119459527581461893643846659547870636532369265183913568123722036339480903754648521616619057903781503568205185217235072797861330128470070267844936090268012670941851047068925354276958161539676537005868795463212285597973708092562582967912642628361633803674148546236045106072142804	0,-3,-3,-3,-3,-3,-3,3,3,3,3,3	-4,-4,3,3,3,3,3,3,3,3,3,3	ok
1.339339	12.552553	-57.691317	0.359484	continued:5	24739664234858138674498277771628018399134219420786042385343909740486943968906430987345864601372236743870937982882277892864208187160143680519174773689675013209676260938596213942088022388610240242448216319326854432872557641105530237203769522580412261848507195381562319982648034525886011444259117008462370118012269146893919510317618718134392550728117410882997390510076864373026327972104550976080409554614188052954334266500659914484184383921411473835796476396402204859819421933685767127939570125628181484037303270074406884505100969257369101403703889703162404852701421295395051126354996196673046011241459227858414868523369077176799550073525906411964488182321855996848426539892892713640874827702682065031381564662767462956298451330572956346987924251841024829732697558588152913072676377822770111418545545105026178452756748284392318774963157070814240306510559538602253267474559607340230037040602743149924733813354166050599371995675344339732975323066113800183412514575428156316423902278067759848903190657009707509746686766218864810564102131446583887270950114087651727544115198625925543604075599541279183136180393935801583994070157497091115419279751038825838485078619636372881275195744287590597730856851532045266307399719006331464318270832904826303760427394400565835211283589334256565185086069242141870871909166376391167181669805264705625800401677027726071369334081267731275901412885370914290258355757332500578990695599401753532397501767763778678743158539637032124004642178681879919257657924021926204411941753522265018074899245211458841561051766253091177327460825146255557122474797435704832952945152934842143346990391868428674529213713793670647291466261062752722062718400776037117314850310391698498090674511964515465051327589922063857999907361332415330580581691491629931994712571791959074453106637396353012926931521280433298594763969103564713867209449618745607000978158826110941169091824870469711457681451512868974695867394396766635371902858650890789492951376628202160253055716909497270304935915782657015081128102045583955549423175075507654739167289056722985193175550474256978168351664877265095608136501361507405231063960956722722932154414382609024703490000168549953263840522788484429491147677172193188582244492963144841721927748957642506293407119102033354823476928790840446569255930329274144209764176006572004987549869726561950990257697590068254961409216548778422708566319543982641409238779678479495906050	24739664234858138982047535273920704865888201889876711837493816699690678265963591165069870505023217046633362579621148489165328977987949899797415602900085081435628786567950676391780949633448253616219680559998014214784634910618447122667639804607217055610037222276897125660535867393387520758988742191975475097134159821776175469287214857624750265388130867415580412873925910271279382629434282479656095907178473638142326186864698341018602123575843883404208311798618679388046194707946385968872279636660172423920762823771748609336176990325713506490614247467311351878471253089939596514261196666267475682898635911908731494486904182965558798994916608466464004782386781525115550402067143147698500136991417807965993746533707493179716917949661657133802752099530380500629832889813766318693972247359960254936881029359545309059646697237241209564888106340558287762532356251637258398401846377922451692640383953053577384608293675046043906591724400907098081482508558109337883729893322775980233270148019416024194836854355986212330386751079897066437531206720139847788674454652536826169059736982479309839712946775980354134355139497105828903507866078114564099313317787443741699279748434354864282108704676095037950494415256322118446288427475749205978851269324596498940292431098699161055964032010937538805061400810880000778141585221295661960121653758465320161828777956679765905691202874393069942123161082732764368596183256668409871482159496291125676747387545891967471970332324907043570197065229386255163866210107746591699208187600383560179818969453567831278240700442063884730676248072277428758811049044505165207447625337690420755566586468658464699479123316310221422249448698305310672839958780605303472889516860143027145177515370450071696550435492232120322043063691965361723395875593008624959077336291918422102723834317166910996064524649015409608752666201483300762871511859764063373890148278177809805652145087320758176512244533527455768775288472468173058226911606466872593531508148161676285352943462011002190857608776236684046340174542430222058576499294988381146454595597263037160378537615336897786042277320478072097407340558283482141549662764283552119459527581461893643846659547870636532369265183913568123722036339480903754648521616619057903781503568205185217235072797861330128470070267844936090268012670941851047068925354276958161539676537005868795463212285597973708092562582967912642628361633803674148546236045106072142804	0,-3,-3,-3,-3,-3,-3,3,3,3,3,3	-4,-4,3,3,3,3,3,3,3,3,3,3	ok
1.343343	12.552553	-57.868811	0.359110	full	24739664234858138674498277771628018399134219420786042385343909740486943968906430987345864601372236743870937982882277892864208187160143680519174773689675013209676260938596213942088022388610240242448216319326854432872557641105530237203769522580412261848507195381562319982648034525886011444259117008462370118012269146893919510317618718134392550728117410882997390510076864373026327972104550976080409554614188052954334266500659914484184383921411473835796476396402204859819421933685767127939570125628181484037303270074406884505100969257369101403703889703162404852701421295395051126354996196673046011241459227858414868523369077176799550073525906411964488182321855996848426539892892713640874827702682065031381564662767462956298451330572956346987924251841024829732697558588152913072676377822770111418545545105026178452756748284392318774963157070814240306510559538602253267474559607340230037040602743149924733813354166050599371995675344339732975323066113800183412514575428156316423902278067759848903190657009707509746686766218864810564102131446583887270950114087651727544115198625925543604075599541279183136180393935801583994070157497091115419279751038825838485078619636372881275195744287590597730856851532045266307399719006331464318270832904826303760427394400565835211283589334256565185086069242141870871909166376391167181669805264705625800401677027726071369334081267731275901412885370914290258355757332500578990695599401753532397501767763778678743158539637032124004642178681879919257657924021926204411941753522265018074899245211458841561051766253091177327460825146255557122474797435704832952945152934842143346990391868428674529213713793670647291466261062752722062718400776037117314850310391698498090674511964515465051327589922063857999907361332415330580581691491629931994712571791959074453106637396353012926931521280433298594763969103564713867209449618745607000978158826110941169091824870469711457681451512868974695867394396766635371902858650890789492951376628202160253055716909497270304935915782657015081128102045583955549423175075507654739167289056722985193175550474256978168351664877265095608136501361507405231063960956722722932154414382609024703490000168549953263840522788484429491147677172193188582244492963144841721927748957642506293407119102033354823476928790840446569255930329274144209764176006572004987549869726561950990257697590068254961409216548778422708566319543982641409238779678479495906050	24739664234858138982047535273920704865888201889876711837493816699690678265963591165069870505023217046633362579621148489165328977987949899797415602900085081435628786567950676391780949633448253616219680559998014214784634910618447122667639804607217055610037222276897125660535867393387520758988742191975475097134159821776175469287214857624750265388130867415580412873925910271279382629434282479656095907178473638142326186864698341018602123575843883404208311798618679388046194707946385968872279636660172423920762823771748609336176990325713506490614247467311351878471253089939596514261196666267475682898635911908731494486904182965558798994916608466464004782386781525115550402067143147698500136991417807965993746533707493179716917949661657133802752099530380500629832889813766318693972247359960254936881029359545309059646697237241209564888106340558287762532356251637258398401846377922451692640383953053577384608293675046043906591724400907098081482508558109337883729893322775980233270148019416024194836854355986212330386751079897066437531206720139847788674454652536826169059736982479309839712946775980354134355139497105828903507866078114564099313317787443741699279748434354864282108704676095037950494415256322118446288427475749205978851269324596498940292431098699161055964032010937538805061400810880000778141585221295661960121653758465320161828777956679765905691202874393069942123161082732764368596183256668409871482159496291125676747387545891967471970332324907043570197065229386255163866210107746591699208187600383560179818969453567831278240700442063884730676248072277428758811049044505165207447625337690420755566586468658464699479123316310221422249448698305310672839958780605303472889516860143027145177515370450071696550435492232120322043063691965361723395875593008624959077336291918422102723834317166910996064524649015409608752666201483300762871511859764063373890148278177809805652145087320758176512244533527455768775288472468173058226911606466872593531508148161676285352943462011002190857608776236684046340174542430222058576499294988381146454595597263037160378537615336897786042277320478072097407340558283482141549662764283552119459527581461893643846659547870636532369265183913568123722036339480903754648521616619057903781503568205185217235072797861330128470070267844936090268012670941851047068925354276958161539676537005868795463212285597973708092562582967912642628361633803674148546236045106072142804	0,-3,-3,-3,-3,-3,-3,3,3,3,3,3	-4,-4,3,3,3,3,3,3,3,3,3,3	ok
1.347347	12.552553	-18.836325	0.338537	continued:5	24739664234858138982047535273920704865888201889876711837493816699690678265963591165069870505023217046633362579621148489165328977987949899797415602900085081435628786567950676391780949633448253616219680559998014214784634910618447122667639804607217055610037222276897125660535867393387520758988742191975881454668757766456386039099618304136651166884285837894817315224103333988986022139294086321685154999346340705988103078279492809641656432950215478117816222205266648568411397418925046010008480574710698821954765024242012324702958840527170691397468834926110714722062344576291849261675828451121993701604115701508243628541371186781104664750453506678450990658685568877319368724842489366294600223726679557182485111500144011805314426535016123806594563159834704421627591278254098145543334614838595418659350735064119136615550909153916789982856517125346862661227399851506503677119661384586623759841225285653771144345770541906184539519104941031220044588169549394770200017461390905581925298086151522809307449802203222974575540394725875975613318942282656692285373790701768039928224139907689742983609684357165165999207726031406986345064845442052163822899745749684239296069717432693993739901942491195871247188184005615510630776861376984238652303646778001634413338165130199609468058508544045746494195268749484849824012620331758569013020776626783063332117752802181776519313090609855953375939627550204180850738538170995865172439639130569385522915005804462710634577373404977953450014915714636684768441064353200690527450995854246314508816136290930370926176972899117303143383092939843611379493175310642725436489514443004567685150909058381766559046579596069841216695861281021535243499946132037288513793387254527376440416388834198426624491288670575189200051053551157151442408616997084022662585673651549638054761986439613997609199784619499602986784278171389536097630071742334526837638060572244579466826554863557604955847781292089370263194704513519150584489620779173486163593913824564254091087891725040640812031417463303890401757164661491055170005721174364456391595278006481088278343201780101327801736450621200126860216453732644663225288786921875611344182195129495612958964988881489462876201811056033355336073605747057116758828127948061714406009458933531046312908842245024036684906014326947809963197583821280707405408113066631548664026886413072408166973225981864031627254667552852693015299420576512048882905902224548023244875	24739664234858138982047535273920704865888201889876711837493816699690678265963591165069870505023217046633362579621148489165328977987949899797415602900085081435628786567950676391780949633448253616219680559998014214784634910618447122667639804607217055610037222276897125660535867393387520758988742191975475097134159821776175469287214857624750265388130867415580412873925910271279382629434282479656095907178473638142326186864698341018602123575843883404208311798618679388046194707946385968872279636660172423920762823771748609336176990325713506490614247467311351878471253089939596514261196666267475682898635911908731494486904182965558798994916608466464004782386781525115550402067143147698500136991417807965993746533707493179716917949661657133802752099530380500629832889813766318693972247359960254936881029359545309059646697237241209564888106340558287762532356251637258398401846377922451692640383953053577384608293675046043906591724400907098081482508558109337883729893322775980233270148019416024194836854355986212330386751079897066437531206720139847788674454652536826169059736982479309839712946775980354134355139497105828903507866078114564099313317787443741699279748434354864282108704676095037950494415256322118446288427475749205978851269324596498940292431098699161055964032010937538805061400810880000778141585221295661960121653758465320161828777956679765905691202874393069942123161082732764368596183256668409871482159496291125676747387545891967471970332324907043570197065229386255163866210107746591699208187600383560179818969453567831278240700442063884730676248072277428758811049044505165207447625337690420755566586468658464699479123316310221422249448698305310672839958780605303472889516860143027145177515370450071696550435492232120322043063691965361723395875593008624959077336291918422102723834317166910996064524649015409608752666201483300762871511859764063373890148278177809805652145087320758176512244533527455768775288472468173058226911606466872593531508148161676285352943462011002190857608776236684046340174542430222058576499294988381146454595597263037160378537615336897786042277320478072097407340558283482141549662764283552119459527581461893643846659547870636532369265183913568123722036339480903754648521616619057903781503568205185217235072797861330128470070267844936090268012670941851047068925354276958161539676537005868795463212285597973708092562582967912642628361633803674148546236045106072142804	-1,-4,-4,3,3,3,3,3,3,3,3,3	-4,-4,3,3,3,3,3,3,3,3,3,3	ok
1.351351	12.552553	-49.091036	0.341330	continued:5	24739664234858138982047535273920704865888201889876711837493816699690678265963591165069870505023217046633362579621148489165328977987949899797415602900085081435628786567950676391780949633448253616219680559998014214784634910618447122667639804607217055610037222276897125660535867393387520758988742191975881454668757766456386039099618304136651166884285837894817315224103333988986022139294086321685154999346340705988103078279492809641656432950215478117816222205266648568411397418925046010008480574710698821954765024242012324702958840527170691397468834926110714722062344576291849261675828451121993701604115701508243628541371186781104664750453506678450990658685568877319368724842489366294600223726679557182485111500144011805314426535016123806594563159834704421627591278254098145543334614838595418659350735064119136615550909153916789982856517125346862661227399851506503677119661384586623759841225285653771144345770541906184539519104941031220044588169549394770200017461390905581925298086151522809307449802203222974575540394725875975613318942282656692285373790701768039928224139907689742983609684357165165999207726031406986345064845442052163822899745749684239296069717432693993739901942491195871247188184005629578939626146180479147309222650612901005722390845708668197124234362495273144098797774757458652282442873869149334322862031538555273602678056872841178109900869320411219847048207913667348778531628738412966770315022724232465689476913832400874304281462828469455323197446686921866086215833068446424699444496565569722241309352582097645970096478775632734636095654637992457943280389083570732332839953973912247295681057931113681492439449496144076887534303882013813582426660935625896914804409614213748953104339735616872424033237737152288422764228895317684142781840594050396121809018684709427683610800958887025312407434590051977713326085580635173894497599750192525737795060057383043775023565474224429639386107173310916990239669991933652644475768142050760727663572522347999704178447289250328456914499267328417681240348822933515571583868711725379330323404334769870337022620061545176212626323733821158948285818704624796620953499808886499592477823111646846232706079467925425548222036103825890910305962685055173280654285638093536930123995538291210251114663599662004737580826899131982029868048598658256506155403232827272483188483130194799492244707309373825202346843909294433547215009818318585078026810148403884293372	24739664234858138982047535273920704865888201889876711837493816699690678265963591165069870505023217046633362579621148489165328977987949899797415602900085081435628786567950676391780949633448253616219680559998014214784634910618447122667639804607217055610037222276897125660535867393387520758988742191975475097134159821776175469287214857624750265388130867415580412873925910271279382629434282479656095907178473638142326186864698341018602123575843883404208311798618679388046194707946385968872279636660172423920762823771748609336176990325713506490614247467311351878471253089939596514261196666267475682898635911908731494486904182965558798994916608466464004782386781525115550402067143147698500136991417807965993746533707493179716917949661657133802752099530380500629832889813766318693972247359960254936881029359545309059646697237241209564888106340558287762532356251637258398401846377922451692640383953053577384608293675046043906591724400907098081482508558109337883729893322775980233270148019416024194836854355986212330386751079897066437531206720139847788674454652536826169059736982479309839712946775980354134355139497105828903507866078114564099313317787443741699279748434354864282108704676095037950494415256322118446288427475749205978851269324596498940292431098699161055964032010937538805061400810880000778141585221295661960121653758465320161828777956679765905691202874393069942123161082732764368596183256668409871482159496291125676747387545891967471970332324907043570197065229386255163866210107746591699208187600383560179818969453567831278240700442063884730676248072277428758811049044505165207447625337690420755566586468658464699479123316310221422249448698305310672839958780605303472889516860143027145177515370450071696550435492232120322043063691965361723395875593008624959077336291918422102723834317166910996064524649015409608752666201483300762871511859764063373890148278177809805652145087320758176512244533527455768775288472468173058226911606466872593531508148161676285352943462011002190857608776236684046340174542430222058576499294988381146454595597263037160378537615336897786042277320478072097407340558283482141549662764283552119459527581461893643846659547870636532369265183913568123722036339480903754648521616619057903781503568205185217235072797861330128470070267844936090268012670941851047068925354276958161539676537005868795463212285597973708092562582967912642628361633803674148546236045106072142804	-2,-4,-4,3,3,3,3,3,3,3,3,3	-4,-4,3,3,3,3,3,3,3,3,3,3	ok
1.355355	12.552553	-52.519367	0.344124	continued:5	24739664234858138982047535273920704865888201889876711837493816699690678265963591165069870505023217046633362579621148489165328977987949899797415602900085081435628786567950676391780949633448253616219680559998014214784634910618447122667639804607217055610037222276897125660535867393387520758988742191975475097134159821776175469287214857624750265388130867415580412873925910271279382629434282479656095907178473638142326186864698341018602123575843883404208311798618679388046194707946385968872279636660172423920762823771748609336176990325713506490614247467311351878471253089939596514261196666267475682898635911908731494486904182965558798994916608466464004782386781525115550402067143147698500136991417807965993746533707493179716917949661657133802752099530380500629832889813766318693972247359960254936881029359545309059646697237241209564888106340558287762532356251637258398401846377922451692640383953053577384608293675046043906591724400907098081482508558109337883729893322775980233270148019416024194836854355986212330386751079897066437531206720139847788674454652536826169059736982479309839712946775980354134355139497105828903507866078114564099313317787443741699279748434354864282108704676095037950494415256286947674165215467011934336553759737348070667660729652527691915524397132869044793555135790945494632065951377818748685518516479034794485428017780031261929221756098004903764351710174074844549113456838125655876793700512133425260342617476046558297710108766178288887240737798673301869429288319632256269224724668118265584051039693265751490627862607736193791619996924278218459408639304584274718151680345670626647042637465459333318707082180800379032160407700099946372273650109970829696969322175580229736541987822471625057604097666274467304974823124064415536558817454629227310911087581946904520455445924560288173037899050385771129593893146284308657261004326107960933559964709592206298596961112903770872901440318443453171554758225380134568194504159026648154323501531880018861899217167303094558259573981342381830990525357646886212154509626273491764433578135680230268485973309763063753935018741388115359454941833970836305152734074505673796423449794831627213811331944435707956109414709408651771661558155162281828345864121923257396908138558521907693044066844381944344400836176940887335408175932108340927491158211920187826439457183894751945801208155053128226111876203662293316013857402850461225442249349855649160489	24739664234858138982047535273920704865888201889876711837493816699690678265963591165069870505023217046633362579621148489165328977987949899797415602900085081435628786567950676391780949633448253616219680559998014214784634910618447122667639804607217055610037222276897125660535867393387520758988742191975475097134159821776175469287214857624750265388130867415580412873925910271279382629434282479656095907178473638142326186864698341018602123575843883404208311798618679388046194707946385968872279636660172423920762823771748609336176990325713506490614247467311351878471253089939596514261196666267475682898635911908731494486904182965558798994916608466464004782386781525115550402067143147698500136991417807965993746533707493179716917949661657133802752099530380500629832889813766318693972247359960254936881029359545309059646697237241209564888106340558287762532356251637258398401846377922451692640383953053577384608293675046043906591724400907098081482508558109337883729893322775980233270148019416024194836854355986212330386751079897066437531206720139847788674454652536826169059736982479309839712946775980354134355139497105828903507866078114564099313317787443741699279748434354864282108704676095037950494415256322118446288427475749205978851269324596498940292431098699161055964032010937538805061400810880000778141585221295661960121653758465320161828777956679765905691202874393069942123161082732764368596183256668409871482159496291125676747387545891967471970332324907043570197065229386255163866210107746591699208187600383560179818969453567831278240700442063884730676248072277428758811049044505165207447625337690420755566586468658464699479123316310221422249448698305310672839958780605303472889516860143027145177515370450071696550435492232120322043063691965361723395875593008624959077336291918422102723834317166910996064524649015409608752666201483300762871511859764063373890148278177809805652145087320758176512244533527455768775288472468173058226911606466872593531508148161676285352943462011002190857608776236684046340174542430222058576499294988381146454595597263037160378537615336897786042277320478072097407340558283482141549662764283552119459527581461893643846659547870636532369265183913568123722036339480903754648521616619057903781503568205185217235072797861330128470070267844936090268012670941851047068925354276958161539676537005868795463212285597973708092562582967912642628361633803674148546236045106072142804	1,-4,3,3,3,3,3,3,3,3,3,3	-4,-4,3,3,3,3,3,3,3,3,3,3	ok
1.359359	12.552553	-54.602129	0.346917	continued:5	24739664234858138982047535273920704865888201889876711837493816699690678265963591165069870505023217046633362579621148489165328977987949899797415602900085081435628786567950676391780949633448253616219680559998014214784634910618447122667639804607217055610037222276897125660535867393387520758988742191975475097134159821776175469287214857624750265388130867415580412873925910271279382629434282479656095907178473638142326186864698341018602123575843883404208311798618679388046194707946385968872279636660172423920762823771748609336176990325713506490614247467311351878471253089939596514261196666267475682898635077588364628629417296554229734815495315011752337585393015754405944996164827318009845582551593321289722257247006063686910061456841431892563940020873466746931070957111770150069590359792388197563206227771911411885143855184505614961998508226343153531223089971459935049708039359327667779120430067461929055441744031224422705223831560005091108633317128720548165517033711719448300771525660964913525817712220131912105082815080054605883136048554894173783193438041716508681297001277350562437894851607688119124032266056066591963623197071229719772200831481260746898621517899928612391918713268983151048632780119655930408190582553524627904057071942769938736862457235924274975877692875969260912825240440176312796169883715527296420812911085368231803397367822990876417832371726944474641149344806282859835563177758758315140869621665338558538229319788140992642348683078964438303205169238089677606281386970253341769254691973676747054001600056884371509167578247128910554017708455798400339763929792299326278161913247735847547901720607853014273297061169415154483166033077865097453650461838107532682052642437808745312631797604500447563344035980600655360681484274936965759099895773785743476559627847035998495623947412514142251410657373695628596507787826274803330499930271551011927848963095389998115464084361772602196582573023653623911344037727364227195594183603523434780747077500441651045950433605054450968920210102886398197382751252220063486096686194630712738899496659850907030285511459146924946136142303252814811401903979278425790228571196558652325907826618637862596663393079577711958009484587139118727133603578984775841831059511392904829664132579075616389269418347099007484820626482853352165533173315748528323140233506000037753936239379980930850327518548701251621213257545847129540580490183656973082502121819713680447958	24739664234858138982047535273920704865888201889876711837493816699690678265963591165069870505023217046633362579621148489165328977987949899797415602900085081435628786567950676391780949633448253616219680559998014214784634910618447122667639804607217055610037222276897125660535867393387520758988742191975475097134159821776175469287214857624750265388130867415580412873925910271279382629434282479656095907178473638142326186864698341018602123575843883404208311798618679388046194707946385968872279636660172423920762823771748609336176990325713506490614247467311351878471253089939596514261196666267475682898635911908731494486904182965558798994916608466464004782386781525115550402067143147698500136991417807965993746533707493179716917949661657133802752099530380500629832889813766318693972247359960254936881029359545309059646697237241209564888106340558287762532356251637258398401846377922451692640383953053577384608293675046043906591724400907098081482508558109337883729893322775980233270148019416024194836854355986212330386751079897066437531206720139847788674454652536826169059736982479309839712946775980354134355139497105828903507866078114564099313317787443741699279748434354864282108704676095037950494415256322118446288427475749205978851269324596498940292431098699161055964032010937538805061400810880000778141585221295661960121653758465320161828777956679765905691202874393069942123161082732764368596183256668409871482159496291125676747387545891967471970332324907043570197065229386255163866210107746591699208187600383560179818969453567831278240700442063884730676248072277428758811049044505165207447625337690420755566586468658464699479123316310221422249448698305310672839958780605303472889516860143027145177515370450071696550435492232120322043063691965361723395875593008624959077336291918422102723834317166910996064524649015409608752666201483300762871511859764063373890148278177809805652145087320758176512244533527455768775288472468173058226911606466872593531508148161676285352943462011002190857608776236684046340174542430222058576499294988381146454595597263037160378537615336897786042277320478072097407340558283482141549662764283552119459527581461893643846659547870636532369265183913568123722036339480903754648521616619057903781503568205185217235072797861330128470070267844936090268012670941851047068925354276958161539676537005868795463212285597973708092562582967912642628361633803674148546236045106072142804	-2,3,3,3,3,3,3,3,3,3,3,3	-4,-4,3,3,3,3,3,3,3,3,3,3	ok
1.363363	12.552553	-55.758678	0.349710	continued:5	24739664234858138982047535273920704836018864053640515423549470194362415424610552833744149724813992597218523745293953824512507985937097879447826530494237204904113349939475228469334159074655779975814631582481852456649436899476762358779559919886917620244557943469426328661801464179093964623801854521280763640613275922837235935620279273661275405325293794375174132348970416617572216329619831032358529687749632761095377127301112822196178029727627440718320896511885793049042779192724809097714136444256703717319113404872310506137230770439293882246809484005215863511403341791119299997161567714957950970170593108386281646520362308860656963089784076996242061347074341078485973938148120068755768939139878937794595015283309899195127233751071262720696001555032112905147754751822959554620250101843303236559133029042662510153478096636928464237470806972276398427178241184257394847116981324022770765767385573938257362002133809655132659926489623834609085772443822599932131522019395154336423609632654253435507485406066240658874789253217043938940462764504759945942442359204939007556610661063622749595577151169168538562866226817173070321656427810049104518781294302548274276313389987265028826894844211108302105667403505788669988730751197378466161211700281325013925402524887341874146065196528463199678078506494122148822046048125426655409208487790690393413128171865566120718334314984920558294962412181498857323221821248277676719381705385728228476960997364905444862891173776017449926851802279175284759197067195121087626294981899115049844437254171764979209276366808749797156149507845747092724183911627022486435408780057637926359498135732152892601091093770259446386514168347482777601602415583544548789289804726974202784043159382403234708723366727455231698906452463950228925367666168218851094047603782879301020103042091135680281934374982610215237160508490721171969116940461546933712787501310664246716935366770060145202340893790087356620102586460992501967364889635009184647650037461582456249871897264795503266054156773222118073117144535967588823714575866588893917350807454923803428720901383948287122852658773599490399002915724590503734929116104655057836200360098871656790964308332090477878156609693618871475245318805680240817357124622725932544919083958362162632858047330545078255835423224557976008306910618581218448040537478189033890541469606966914735998449179165315492656293713823792183649717337514279397283538060068906192527	24739664234858138982047535273920704865888201889876711837493816699690678265963591165069870505023217046633362579621148489165328977987949899797415602900085081435628786567950676391780949633448253616219680559998014214784634910618447122667639804607217055610037222276897125660535867393387520758988742191975475097134159821776175469287214857624750265388130867415580412873925910271279382629434282479656095907178473638142326186864698341018602123575843883404208311798618679388046194707946385968872279636660172423920762823771748609336176990325713506490614247467311351878471253089939596514261196666267475682898635911908731494486904182965558798994916608466464004782386781525115550402067143147698500136991417807965993746533707493179716917949661657133802752099530380500629832889813766318693972247359960254936881029359545309059646697237241209564888106340558287762532356251637258398401846377922451692640383953053577384608293675046043906591724400907098081482508558109337883729893322775980233270148019416024194836854355986212330386751079897066437531206720139847788674454652536826169059736982479309839712946775980354134355139497105828903507866078114564099313317787443741699279748434354864282108704676095037950494415256322118446288427475749205978851269324596498940292431098699161055964032010937538805061400810880000778141585221295661960121653758465320161828777956679765905691202874393069942123161082732764368596183256668409871482159496291125676747387545891967471970332324907043570197065229386255163866210107746591699208187600383560179818969453567831278240700442063884730676248072277428758811049044505165207447625337690420755566586468658464699479123316310221422249448698305310672839958780605303472889516860143027145177515370450071696550435492232120322043063691965361723395875593008624959077336291918422102723834317166910996064524649015409608752666201483300762871511859764063373890148278177809805652145087320758176512244533527455768775288472468173058226911606466872593531508148161676285352943462011002190857608776236684046340174542430222058576499294988381146454595597263037160378537615336897786042277320478072097407340558283482141549662764283552119459527581461893643846659547870636532369265183913568123722036339480903754648521616619057903781503568205185217235072797861330128470070267844936090268012670941851047068925354276958161539676537005868795463212285597973708092562582967912642628361633803674148546236045106072142804	2,-3,-3,-3,-3,-3,3,3,3,3,3,3	-4,-4,3,3,3,3,3,3,3,3,3,3	ok
1.367367	12.552553	-56.473706	0.352504	continued:5	24739662839215554250545562744978053313155151130689795536577121519940314760285422142988433049071645472469028578762224503721489886126580662379339083265935527662188506243275541695642788922193067779152768146325841101176601800437490164374019106257893491034711869508686233119839395898695403573028078529603188511569519676182433758021309925700780223292293929041858080439708931238421849470656439309786727377332906230184869438571002536466896284811153233363661576200217637281770264086008523325701434022845461234540508867229640740598043467200702672706855022929922020954989911256089805428995253021739860209022067669026979723485214463455646850208415516886862217598234254333433548579844978278379996551880233993271292377588403816474189197069597285124872731069711192931415288394551706829435799025214591031025321463756465606125096614093046697458136459431306433146297588283006711366954688869366867162487166158426936458034217295303040615521248937999844830004960012322491928373248710502391340189320005928471227348082369148260968707584111662258819004050542370742150650089007320613177199063116911440505286011733435999879291517569673523234722259568111221584153367813403508292807375649290935188143052136914898164679127141403716296875318229380317794646729325470571603376623853160260768598848239255707585889760407850395857989566201797009400604466666119097084485887100125568089330692947302631676452103594941583854631574581270111828310504748343011185012924501070516682358209618090603959085126466967459583111075820229190004181358922273134109031606436281419566537721987946476968824429013655476602096966441673343088705007369893744019654872340218669059341232272107311362196729679083791299638786441076184389185600602250001241689138847202050341861522474538256125968541523157497694321362306158221781861593554906993845600350016311247806594782074664828444902404352066967384629997211916048890763024833500155765676377570957030494019465024030658783065844830988029068470250968115650315667138989118201656031987375550369133948572944847987790634431520143910236049889766814003607800391995651917928049095290135361308037272237744589031269729310154853416861876307181846087384525250405906063844118670018438376125099340833577901746008278330496480326171578392543294907435794103033498348461316692881718655497878617947008649900523264930169470960926280858393707939931796700139233523857229642785913363268698654273001061144628907603688529781674554895742	24739664234858138982047535273920704865888201889876711837493816699690678265963591165069870505023217046633362579621148489165328977987949899797415602900085081435628786567950676391780949633448253616219680559998014214784634910618447122667639804607217055610037222276897125660535867393387520758988742191975475097134159821776175469287214857624750265388130867415580412873925910271279382629434282479656095907178473638142326186864698341018602123575843883404208311798618679388046194707946385968872279636660172423920762823771748609336176990325713506490614247467311351878471253089939596514261196666267475682898635911908731494486904182965558798994916608466464004782386781525115550402067143147698500136991417807965993746533707493179716917949661657133802752099530380500629832889813766318693972247359960254936881029359545309059646697237241209564888106340558287762532356251637258398401846377922451692640383953053577384608293675046043906591724400907098081482508558109337883729893322775980233270148019416024194836854355986212330386751079897066437531206720139847788674454652536826169059736982479309839712946775980354134355139497105828903507866078114564099313317787443741699279748434354864282108704676095037950494415256322118446288427475749205978851269324596498940292431098699161055964032010937538805061400810880000778141585221295661960121653758465320161828777956679765905691202874393069942123161082732764368596183256668409871482159496291125676747387545891967471970332324907043570197065229386255163866210107746591699208187600383560179818969453567831278240700442063884730676248072277428758811049044505165207447625337690420755566586468658464699479123316310221422249448698305310672839958780605303472889516860143027145177515370450071696550435492232120322043063691965361723395875593008624959077336291918422102723834317166910996064524649015409608752666201483300762871511859764063373890148278177809805652145087320758176512244533527455768775288472468173058226911606466872593531508148161676285352943462011002190857608776236684046340174542430222058576499294988381146454595597263037160378537615336897786042277320478072097407340558283482141549662764283552119459527581461893643846659547870636532369265183913568123722036339480903754648521616619057903781503568205185217235072797861330128470070267844936090268012670941851047068925354276958161539676537005868795463212285597973708092562582967912642628361633803674148546236045106072142804	-2,-3,-3,-3,-3,-3,-3,-3,3,3,3,3	-4,-4,3,3,3,3,3,3,3,3,3,3	ok
1.371371	12.552553	-56.957754	0.355297	continued:5	24739662839215554250545562744978053313155151130689795536577121519940314760285422142988433049071645472469028578762224503721489886126580662379339083265935527662188506243275541695642788922193067779152768146325841101176601800437490164374019106257893491034711869508686233119839395898695403573028078529603188511569519676182433758021309925700780223292293929041858080439708931238421849470656439309786727377332906230184869438571002536466896284811153233363661576200217637281770264086008523325701434022845461234540508867229640740598043467200702672706855022929922020954989911256089805428995253021739860209022067669026979723485214463455646850208415516886862217598234254333433548579844978278379996551880233993271292377588403816474189197069597285124872731069711192931415288394551706829435799025214591031025321463756465606125096614093046697458136459431306433146297588283006711366954688869366867162487166158426936458034217295303040615521248937999844830004960012322491928373248710502391340189320005928471227348082369148260968707584111662258819004050542370742150650089007320613177199063116911440505286011733435999879291517569673523234722259568111221584153367813403508292807375649290935188143052136914898164679127141396682142649085262535993954259880669378535152722149740343181897133974082379016415569233446456054563105193159690859309143361619673457867849757744295641967484690863733781348405722258823862501772131939438538023461155344331899817115303165643939938828447061889250004480517398003194451178669509155608646676717304876524107531085717623047779759599738700520987508187604071188566679756765419169904204878507150848215678126197722983355406049372207038169172449899302530356516125530216503893758172548012182059696769945511588397037804331880609674063209953367024199160441302022691823142310389018827970547929837676881763542546690497414245328286662841173361369299939415139443737478624955267468053024705149130866453642006011193845442606676606615662415512811151596518383074752234475234434056589160580837422661235388516271431274243758841267859474517595793166380896465218010049493773202285797734260573172033538590890857346706483987570847868339993717275083380874575527167748033479402211445522741719384187376045637934416525408559188894802275542576722117124055018484259956782341165538175763891677059357310983670709674745188420195058725433066946643555683320188462624056685403337890679837630376404308450353994146537324626404478	24739664234858138982047535273920704865888201889876711837493816699690678265963591165069870505023217046633362579621148489165328977987949899797415602900085081435628786567950676391780949633448253616219680559998014214784634910618447122667639804607217055610037222276897125660535867393387520758988742191975475097134159821776175469287214857624750265388130867415580412873925910271279382629434282479656095907178473638142326186864698341018602123575843883404208311798618679388046194707946385968872279636660172423920762823771748609336176990325713506490614247467311351878471253089939596514261196666267475682898635911908731494486904182965558798994916608466464004782386781525115550402067143147698500136991417807965993746533707493179716917949661657133802752099530380500629832889813766318693972247359960254936881029359545309059646697237241209564888106340558287762532356251637258398401846377922451692640383953053577384608293675046043906591724400907098081482508558109337883729893322775980233270148019416024194836854355986212330386751079897066437531206720139847788674454652536826169059736982479309839712946775980354134355139497105828903507866078114564099313317787443741699279748434354864282108704676095037950494415256322118446288427475749205978851269324596498940292431098699161055964032010937538805061400810880000778141585221295661960121653758465320161828777956679765905691202874393069942123161082732764368596183256668409871482159496291125676747387545891967471970332324907043570197065229386255163866210107746591699208187600383560179818969453567831278240700442063884730676248072277428758811049044505165207447625337690420755566586468658464699479123316310221422249448698305310672839958780605303472889516860143027145177515370450071696550435492232120322043063691965361723395875593008624959077336291918422102723834317166910996064524649015409608752666201483300762871511859764063373890148278177809805652145087320758176512244533527455768775288472468173058226911606466872593531508148161676285352943462011002190857608776236684046340174542430222058576499294988381146454595597263037160378537615336897786042277320478072097407340558283482141549662764283552119459527581461893643846659547870636532369265183913568123722036339480903754648521616619057903781503568205185217235072797861330128470070267844936090268012670941851047068925354276958161539676537005868795463212285597973708092562582967912642628361633803674148546236045106072142804	1,-3,-3,-3,-3,-3,-3,-3,3,3,3,3	-4,-4,3,3,3,3,3,3,3,3,3,3	ok
1.375375	12.552553	-57.292091	0.358090	continued:5	24739662839215554250545562744978053313155151130689795536577121519940314760285422142988433049071645472469028578762224503721489886126580662379339083265935527662188506243275541695642788922193067779152768146325841101176601800437490164374019106257893491034711869508686233119839395898695403573028078529603188511569519676182433758021309925700780223292293929041858080439708931238421849470656439309786727377332906230184869438571002536466896284811153233363661576200217637281770264086008523325701434022845461234540508867229640740598043467200702672706855022929922020954989911256089805428995253021739860209022067669026979723485214463455646850208415516886862217598234254333433548579844978278379996551880233993271292377588403816474189197069597285124872731069711192931415288394551706829435799025214591031025321463756465606125096614093046697458136459431306433146297588283006711366954688869366867162487166158426936458034217295303040615521248937999844830004960012322491928373248710502391340189320005928471227348082369148260968707584111662258819004050542370742150650089007320613177199063116911440505286011733435999879291517569673523234722259568111221584153367813403508292807375649290935188143052136914898164679127141382613834196619328847346273486183357194462251413201514709024154204225768625634074928179523667371973336447075478559126221151526782179434577499032635789723792686696596080692312959586588419796053246655775390413762456536309677081320060494790786451768921949486542095271299260074664187313856887008445931667434070083304104530044280306304206203355240208609024875704784902612495845337412910823535204620781665056607724633912731611947535683572406491783123890339740008470270803708497142902903316439536543695712032142130664507390368046565316770252546813786077208838599293751631905703744057242496220443089480408149677438075922162585846180051284389585314847905394413320549686386207865490872806318973533331611321995969972263970196130367843788850306036497223488923814946278467022391238195016381004244370837816469573233024959690988703331478644019159372283541905404350194292383129026586670586707175040611437710133113419809745128988790990656288977056199641811914453815006760401329882086369543490996758636120357142256615573334409899320236812858578145305168358530146484583586185618770055781013878270886421151790082313712698868388760419337246530388582912850928586598229483476274730966889006923667535854605380048624769421953	24739664234858138982047535273920704865888201889876711837493816699690678265963591165069870505023217046633362579621148489165328977987949899797415602900085081435628786567950676391780949633448253616219680559998014214784634910618447122667639804607217055610037222276897125660535867393387520758988742191975475097134159821776175469287214857624750265388130867415580412873925910271279382629434282479656095907178473638142326186864698341018602123575843883404208311798618679388046194707946385968872279636660172423920762823771748609336176990325713506490614247467311351878471253089939596514261196666267475682898635911908731494486904182965558798994916608466464004782386781525115550402067143147698500136991417807965993746533707493179716917949661657133802752099530380500629832889813766318693972247359960254936881029359545309059646697237241209564888106340558287762532356251637258398401846377922451692640383953053577384608293675046043906591724400907098081482508558109337883729893322775980233270148019416024194836854355986212330386751079897066437531206720139847788674454652536826169059736982479309839712946775980354134355139497105828903507866078114564099313317787443741699279748434354864282108704676095037950494415256322118446288427475749205978851269324596498940292431098699161055964032010937538805061400810880000778141585221295661960121653758465320161828777956679765905691202874393069942123161082732764368596183256668409871482159496291125676747387545891967471970332324907043570197065229386255163866210107746591699208187600383560179818969453567831278240700442063884730676248072277428758811049044505165207447625337690420755566586468658464699479123316310221422249448698305310672839958780605303472889516860143027145177515370450071696550435492232120322043063691965361723395875593008624959077336291918422102723834317166910996064524649015409608752666201483300762871511859764063373890148278177809805652145087320758176512244533527455768775288472468173058226911606466872593531508148161676285352943462011002190857608776236684046340174542430222058576499294988381146454595597263037160378537615336897786042277320478072097407340558283482141549662764283552119459527581461893643846659547870636532369265183913568123722036339480903754648521616619057903781503568205185217235072797861330128470070267844936090268012670941851047068925354276958161539676537005868795463212285597973708092562582967912642628361633803674148546236045106072142804	0,-3,-3,-3,-3,-3,-3,-3,3,3,3,3	-4,-4,3,3,3,3,3,3,3,3,3,3	ok
1.379379	12.552553	-57.517107	0.357048	continued:5	24739662839215554250545562744978053313155151130689795536577121519940314760285422142988433049071645472469028578762224503721489886126580662379339083265935527662188506243275541695642788922193067779152768146325841101176601800437490164374019106257893491034711869508686233119839395898695403573028078529603188511569519676182433758021309925700780223292293929041858080439708931238421849470656439309786727377332906230184869438571002536466896284811153233363661576200217637281770264086008523325701434022845461234540508867229640740598043467200702672706855022929922020954989911256089805428995253021739860209022067669026979723485214463455646850208415516886862217598234254333433548579844978278379996551880233993271292377588403816474189197069597285124872731069711192931415288394551706829435799025214591031025321463756465606125096614093046697458136459431306433146297588283006711366954688869366867162487166158426936458034217295303040615521248937999844830004960012322491928373248710502391340189320005928471227348082369148260968707584111662258819004050542370742150650089007320613177199063116911440505286011733435999879291517569673523234722259568111221584153367813403508292807375649290935188143052136914898164679127141382613834196619328847346273486183357194462251413201514709024154204225768625634074928179523667371973336447075478559126221151526782179434577499032635789723792686696596080692312959586588419796053246655775390413762456536309677081320060494790786451768921949486542095271299260074664187313856887008445931667434070083304104530044280306304206203355240208609024875704784902612495845337412910823535204620781665056607724633912731611947535683572406491783123890339740008470270803708497142902903316439536543695712032142130664507390368046565316770252546813786077208838599293751631905703744057242496220443089480408149677438075922162585846180051284389585314847905394413320549686386207865490872806318973533331611321995969972263970196130367843788850306036497223488923814946278467022391238195016381004244370837816469573233024959690988703331478644019159372283541905404350194292383129026586670586707175040611437710133113419809745128988790990656288977056199641811914453815006760401329882086369543490996758636120357142256615573334409899320236812858578145305168358530146484583586185618770055781013878270886421151790082313712698868388760419337246530388582912850928586598229483476274730966889006923667535854605380048624769421953	24739664234858138982047535273920704865888201889876711837493816699690678265963591165069870505023217046633362579621148489165328977987949899797415602900085081435628786567950676391780949633448253616219680559998014214784634910618447122667639804607217055610037222276897125660535867393387520758988742191975475097134159821776175469287214857624750265388130867415580412873925910271279382629434282479656095907178473638142326186864698341018602123575843883404208311798618679388046194707946385968872279636660172423920762823771748609336176990325713506490614247467311351878471253089939596514261196666267475682898635911908731494486904182965558798994916608466464004782386781525115550402067143147698500136991417807965993746533707493179716917949661657133802752099530380500629832889813766318693972247359960254936881029359545309059646697237241209564888106340558287762532356251637258398401846377922451692640383953053577384608293675046043906591724400907098081482508558109337883729893322775980233270148019416024194836854355986212330386751079897066437531206720139847788674454652536826169059736982479309839712946775980354134355139497105828903507866078114564099313317787443741699279748434354864282108704676095037950494415256322118446288427475749205978851269324596498940292431098699161055964032010937538805061400810880000778141585221295661960121653758465320161828777956679765905691202874393069942123161082732764368596183256668409871482159496291125676747387545891967471970332324907043570197065229386255163866210107746591699208187600383560179818969453567831278240700442063884730676248072277428758811049044505165207447625337690420755566586468658464699479123316310221422249448698305310672839958780605303472889516860143027145177515370450071696550435492232120322043063691965361723395875593008624959077336291918422102723834317166910996064524649015409608752666201483300762871511859764063373890148278177809805652145087320758176512244533527455768775288472468173058226911606466872593531508148161676285352943462011002190857608776236684046340174542430222058576499294988381146454595597263037160378537615336897786042277320478072097407340558283482141549662764283552119459527581461893643846659547870636532369265183913568123722036339480903754648521616619057903781503568205185217235072797861330128470070267844936090268012670941851047068925354276958161539676537005868795463212285597973708092562582967912642628361633803674148546236045106072142804	0,-3,-3,-3,-3,-3,-3,-3,3,3,3,3	-4,-4,3,3,3,3,3,3,3,3,3,3	ok
1.383383	12.552553	-57.720341	0.356340	continued:5	24607060802410102468874013229240847439357374151044224808057283857483548240877771431581388666699718853822274629177247877297998596327437291775794252319631099168476484570230075540257605301446408338515253776126491619462334857790240559740114685471716357941782237682401517743269785803569503763848531650890670808400979757446892515951128326255820501957209469846942772848001839790220844654229595211942468964434100347804078986149833741794940984708768498907230125334458834152538167700261389361860275043849237313806072762570624536383534795813584325882042024146093172980030838997009060896234915196541797613789735330423221377461901452660843187471186472739332287737460885779319421797815092317055292570809390914630471763780362365279983691959159489858941399139014552454832627115001721319540671161711680800139919955260273138337052059547745500190281476634242579501184459579902892232335869206575497173000439746279056989167889786602607913512683223460306972955157815927363277064109424243959617620249712604040883140555034476950405789822133021527244320495244315362115529578765372033205338838837128979453958000557542931771770754434558752698434493110207005287760153966458535103655274783503676067713418805528210563112652276173894824044702239252280675540567477060299341363653212181141254885816561985265361915382858184241595887095145452696554902679821571545859101564742456603398351571947582206102961662564917407479540737259739712082543953229849236197465822076221828960334080053183836085463582811117333581095512535259627494759032510065078311043906622275135487044624891481052108807021882934671108527167903569084285205280507953715043864979670484973656356106590854121371011648450223209884232342972432159612629721766931536984854867413561389135427041641098311541243817023451163053664603899879032810587213792099604441379694313575408810756073687686620555250856399969796271959951775097794984939075870225930574546780360719333818025628401389202904726544500201464237054602930882012642126787266140735725033490247224665725296096599143175078322343797768089910487353966519151937148476426883379705656548972192430897568832663075122948353885832893052703678684507387394100903071123339197028140858319462833445013295631499189742826187966112922407582751423305714122404060532708793013216208067729399686392923613872949757866261096358730446388611536590131043664237922544208523270475689953763538710735294451117949780902400999573760716787023283217077425	24739664234858138982047535273920704865888201889876711837493816699690678265963591165069870505023217046633362579621148489165328977987949899797415602900085081435628786567950676391780949633448253616219680559998014214784634910618447122667639804607217055610037222276897125660535867393387520758988742191975475097134159821776175469287214857624750265388130867415580412873925910271279382629434282479656095907178473638142326186864698341018602123575843883404208311798618679388046194707946385968872279636660172423920762823771748609336176990325713506490614247467311351878471253089939596514261196666267475682898635911908731494486904182965558798994916608466464004782386781525115550402067143147698500136991417807965993746533707493179716917949661657133802752099530380500629832889813766318693972247359960254936881029359545309059646697237241209564888106340558287762532356251637258398401846377922451692640383953053577384608293675046043906591724400907098081482508558109337883729893322775980233270148019416024194836854355986212330386751079897066437531206720139847788674454652536826169059736982479309839712946775980354134355139497105828903507866078114564099313317787443741699279748434354864282108704676095037950494415256322118446288427475749205978851269324596498940292431098699161055964032010937538805061400810880000778141585221295661960121653758465320161828777956679765905691202874393069942123161082732764368596183256668409871482159496291125676747387545891967471970332324907043570197065229386255163866210107746591699208187600383560179818969453567831278240700442063884730676248072277428758811049044505165207447625337690420755566586468658464699479123316310221422249448698305310672839958780605303472889516860143027145177515370450071696550435492232120322043063691965361723395875593008624959077336291918422102723834317166910996064524649015409608752666201483300762871511859764063373890148278177809805652145087320758176512244533527455768775288472468173058226911606466872593531508148161676285352943462011002190857608776236684046340174542430222058576499294988381146454595597263037160378537615336897786042277320478072097407340558283482141549662764283552119459527581461893643846659547870636532369265183913568123722036339480903754648521616619057903781503568205185217235072797861330128470070267844936090268012670941851047068925354276958161539676537005868795463212285597973708092562582967912642628361633803674148546236045106072142804	0,-3,-3,-3,-3,-3,-3,-3,-3,3,3,3	-4,-4,3,3,3,3,3,3,3,3,3,3	ok
1.387387	12.552553	-57.902482	0.355966	full	24607060802410102468874013229240847439357374151044224808057283857483548240877771431581388666699718853822274629177247877297998596327437291775794252319631099168476484570230075540257605301446408338515253776126491619462334857790240559740114685471716357941782237682401517743269785803569503763848531650890670808400979757446892515951128326255820501957209469846942772848001839790220844654229595211942468964434100347804078986149833741794940984708768498907230125334458834152538167700261389361860275043849237313806072762570624536383534795813584325882042024146093172980030838997009060896234915196541797613789735330423221377461901452660843187471186472739332287737460885779319421797815092317055292570809390914630471763780362365279983691959159489858941399139014552454832627115001721319540671161711680800139919955260273138337052059547745500190281476634242579501184459579902892232335869206575497173000439746279056989167889786602607913512683223460306972955157815927363277064109424243959617620249712604040883140555034476950405789822133021527244320495244315362115529578765372033205338838837128979453958000557542931771770754434558752698434493110207005287760153966458535103655274783503676067713418805528210563112652276173894824044702239252280675540567477060299341363653212181141254885816561985265361915382858184241595887095145452696554902679821571545859101564742456603398351571947582206102961662564917407479540737259739712082543953229849236197465822076221828960334080053183836085463582811117333581095512535259627494759032510065078311043906622275135487044624891481052108807021882934671108527167903569084285205280507953715043864979670484973656356106590854121371011648450223209884232342972432159612629721766931536984854867413561389135427041641098311541243817023451163053664603899879032810587213792099604441379694313575408810756073687686620555250856399969796271959951775097794984939075870225930574546780360719333818025628401389202904726544500201464237054602930882012642126787266140735725033490247224665725296096599143175078322343797768089910487353966519151937148476426883379705656548972192430897568832663075122948353885832893052703678684507387394100903071123339197028140858319462833445013295631499189742826187966112922407582751423305714122404060532708793013216208067729399686392923613872949757866261096358730446388611536590131043664237922544208523270475689953763538710735294451117949780902400999573760716787023283217077425	24739664234858138982047535273920704865888201889876711837493816699690678265963591165069870505023217046633362579621148489165328977987949899797415602900085081435628786567950676391780949633448253616219680559998014214784634910618447122667639804607217055610037222276897125660535867393387520758988742191975475097134159821776175469287214857624750265388130867415580412873925910271279382629434282479656095907178473638142326186864698341018602123575843883404208311798618679388046194707946385968872279636660172423920762823771748609336176990325713506490614247467311351878471253089939596514261196666267475682898635911908731494486904182965558798994916608466464004782386781525115550402067143147698500136991417807965993746533707493179716917949661657133802752099530380500629832889813766318693972247359960254936881029359545309059646697237241209564888106340558287762532356251637258398401846377922451692640383953053577384608293675046043906591724400907098081482508558109337883729893322775980233270148019416024194836854355986212330386751079897066437531206720139847788674454652536826169059736982479309839712946775980354134355139497105828903507866078114564099313317787443741699279748434354864282108704676095037950494415256322118446288427475749205978851269324596498940292431098699161055964032010937538805061400810880000778141585221295661960121653758465320161828777956679765905691202874393069942123161082732764368596183256668409871482159496291125676747387545891967471970332324907043570197065229386255163866210107746591699208187600383560179818969453567831278240700442063884730676248072277428758811049044505165207447625337690420755566586468658464699479123316310221422249448698305310672839958780605303472889516860143027145177515370450071696550435492232120322043063691965361723395875593008624959077336291918422102723834317166910996064524649015409608752666201483300762871511859764063373890148278177809805652145087320758176512244533527455768775288472468173058226911606466872593531508148161676285352943462011002190857608776236684046340174542430222058576499294988381146454595597263037160378537615336897786042277320478072097407340558283482141549662764283552119459527581461893643846659547870636532369265183913568123722036339480903754648521616619057903781503568205185217235072797861330128470070267844936090268012670941851047068925354276958161539676537005868795463212285597973708092562582967912642628361633803674148546236045106072142804	0,-3,-3,-3,-3,-3,-3,-3,-3,3,3,3	-4,-4,3,3,3,3,3,3,3,3,3,3	ok
1.391391	12.552553	-18.801770	0.335664	continued:5	24739664234858138982047535273920704865888201889876711837493816699690678265963591165069870505023217046633362579621148489165328977987949899797415602900085081435628786567950676391780949633448253616219680559998014214784634910618447122667639804607217055610037222276897125660535867393387520758988742191975881454668757766456386039099618304136651166884285837894817315224103333988986022139294086321685154999346340705988103078279492809641656432950215478117816222205266648568411397418925046010008480574710698821954765024242012324702958840527170691397468834926110714722062344576291849261675828451121993701604115701508243628541371186781104664750453506678450990658685568877319368724842489366294600223726679557182485111500144011805314426535016123806594563159834704421627591278254098145543334614838595418659350735064119136615550909153916789982856517125346862661227399851506503677119661384586623759841225285653771144345770541906184539519104941031220044588169549394770200017461390905581925298086151522809307449802203222974575540394725875975613318942282656692285373790701768039928224139907689742983609684357165165999207726031406986345064845442052163822899745749684239296069717432693993739901942491195871247188184005615510630776861376984238652303646778001634413338165130199609468058508544045746494195268749484849824012620331758569013020776626783063332117752802181776519313090609855953375939627550204180850738538170995865172439639130569385522915005804462710634577373404977953450014915714636684768441064353200690527450995854246314508816136290930370926176972899117303143383092939843611379493175310642725436489514443004567685150909058381766559046579596069841216695861281021535243499946132037288513793387254527376440416388834198426624491288670575189200051053551157151442408616997084022662585673651549638054761986439613997609199784619499602986784278171389536097630071742334526837638060572244579466826554863557604955847781292089370263194704513519150584489620779173486163593913824564254091087891725040640812031417463303890401757164661491055170005721174364456391595278006481088278343201780101327801736450621200126860216453732644663225288786921875611344182195129495612958964988881489462876201811056033355336073605747057116758828127948061714406009458933531046312908842245024036684906014326947809963197583821280707405408113066631548664026886413072408166973225981864031627254667552852693015299420576512048882905902224548023244875	24739664234858138982047535273920704865888201889876711837493816699690678265963591165069870505023217046633362579621148489165328977987949899797415602900085081435628786567950676391780949633448253616219680559998014214784634910618447122667639804607217055610037222276897125660535867393387520758988742191975475097134159821776175469287214857624750265388130867415580412873925910271279382629434282479656095907178473638142326186864698341018602123575843883404208311798618679388046194707946385968872279636660172423920762823771748609336176990325713506490614247467311351878471253089939596514261196666267475682898635911908731494486904182965558798994916608466464004782386781525115550402067143147698500136991417807965993746533707493179716917949661657133802752099530380500629832889813766318693972247359960254936881029359545309059646697237241209564888106340558287762532356251637258398401846377922451692640383953053577384608293675046043906591724400907098081482508558109337883729893322775980233270148019416024194836854355986212330386751079897066437531206720139847788674454652536826169059736982479309839712946775980354134355139497105828903507866078114564099313317787443741699279748434354864282108704676095037950494415256322118446288427475749205978851269324596498940292431098699161055964032010937538805061400810880000778141585221295661960121653758465320161828777956679765905691202874393069942123161082732764368596183256668409871482159496291125676747387545891967471970332324907043570197065229386255163866210107746591699208187600383560179818969453567831278240700442063884730676248072277428758811049044505165207447625337690420755566586468658464699479123316310221422249448698305310672839958780605303472889516860143027145177515370450071696550435492232120322043063691965361723395875593008624959077336291918422102723834317166910996064524649015409608752666201483300762871511859764063373890148278177809805652145087320758176512244533527455768775288472468173058226911606466872593531508148161676285352943462011002190857608776236684046340174542430222058576499294988381146454595597263037160378537615336897786042277320478072097407340558283482141549662764283552119459527581461893643846659547870636532369265183913568123722036339480903754648521616619057903781503568205185217235072797861330128470070267844936090268012670941851047068925354276958161539676537005868795463212285597973708092562582967912642628361633803674148546236045106072142804	-1,-4,-4,3,3,3,3,3,3,3,3,3	-4,-4,3,3,3,3,3,3,3,3,3,3	ok
1.395395	12.552553	-48.865313	0.338457	continued:5	24739664234858138982047535273920704865888201889876711837493816699690678265963591165069870505023217046633362579621148489165328977987949899797415602900085081435628786567950676391780949633448253616219680559998014214784634910618447122667639804607217055610037222276897125660535867393387520758988742191975881454668757766456386039099618304136651166884285837894817315224103333988986022139294086321685154999346340705988103078279492809641656432950215478117816222205266648568411397418925046010008480574710698821954765024242012324702958840527170691397468834926110714722062344576291849261675828451121993701604115701508243628541371186781104664750453506678450990658685568877319368724842489366294600223726679557182485111500144011805314426535016123806594563159834704421627591278254098145543334614838595418659350735064119136615550909153916789982856517125346862661227399851506503677119661384586623759841225285653771144345770541906184539519104941031220044588169549394770200017461390905581925298086151522809307449802203222974575540394725875975613318942282656692285373790701768039928224139907689742983609684357165165999207726031406986345064845442052163822899745749684239296069717432693993739901942491195871247188184005629578939626146180479147309222650612901005722390845708668197124234362495273144098797774757458652282442873869149334322862031538555273602678056872841178109900869320411219847048207913667348778531628738412966770315022724232465689476913832400874304281462828469455323197446686921866086215833068446424699444496565569722241309352582097645970096478775632734636095654637992457943280389083570732332839953973912247295681057931113681492439449496144076887534303882013813582426660935625896914804409614213748953104339735616872424033237737152288422764228895317684142781840594050396121809018684709427683610800958887025312407434590051977713326085580635173894497599750192525737795060057383043775023565474224429639386107173310916990239669991933652644475768142050760727663572522347999704178447289250328456914499267328417681240348822933515571583868711725379330323404334769870337022620061545176212626323733821158948285818704624796620953499808886499592477823111646846232706079467925425548222036103825890910305962685055173280654285638093536930123995538291210251114663599662004737580826899131982029868048598658256506155403232827272483188483130194799492244707309373825202346843909294433547215009818318585078026810148403884293372	24739664234858138982047535273920704865888201889876711837493816699690678265963591165069870505023217046633362579621148489165328977987949899797415602900085081435628786567950676391780949633448253616219680559998014214784634910618447122667639804607217055610037222276897125660535867393387520758988742191975475097134159821776175469287214857624750265388130867415580412873925910271279382629434282479656095907178473638142326186864698341018602123575843883404208311798618679388046194707946385968872279636660172423920762823771748609336176990325713506490614247467311351878471253089939596514261196666267475682898635911908731494486904182965558798994916608466464004782386781525115550402067143147698500136991417807965993746533707493179716917949661657133802752099530380500629832889813766318693972247359960254936881029359545309059646697237241209564888106340558287762532356251637258398401846377922451692640383953053577384608293675046043906591724400907098081482508558109337883729893322775980233270148019416024194836854355986212330386751079897066437531206720139847788674454652536826169059736982479309839712946775980354134355139497105828903507866078114564099313317787443741699279748434354864282108704676095037950494415256322118446288427475749205978851269324596498940292431098699161055964032010937538805061400810880000778141585221295661960121653758465320161828777956679765905691202874393069942123161082732764368596183256668409871482159496291125676747387545891967471970332324907043570197065229386255163866210107746591699208187600383560179818969453567831278240700442063884730676248072277428758811049044505165207447625337690420755566586468658464699479123316310221422249448698305310672839958780605303472889516860143027145177515370450071696550435492232120322043063691965361723395875593008624959077336291918422102723834317166910996064524649015409608752666201483300762871511859764063373890148278177809805652145087320758176512244533527455768775288472468173058226911606466872593531508148161676285352943462011002190857608776236684046340174542430222058576499294988381146454595597263037160378537615336897786042277320478072097407340558283482141549662764283552119459527581461893643846659547870636532369265183913568123722036339480903754648521616619057903781503568205185217235072797861330128470070267844936090268012670941851047068925354276958161539676537005868795463212285597973708092562582967912642628361633803674148546236045106072142804	-2,-4,-4,3,3,3,3,3,3,3,3,3	-4,-4,3,3,3,3,3,3,3,3,3,3	ok
1.399399	12.552553	-52.395196	0.341251	continued:5	24739664234858138982047535273920704865888201889876711837493816699690678265963591165069870505023217046633362579621148489165328977987949899797415602900085081435628786567950676391780949633448253616219680559998014214784634910618447122667639804607217055610037222276897125660535867393387520758988742191975475097134159821776175469287214857624750265388130867415580412873925910271279382629434282479656095907178473638142326186864698341018602123575843883404208311798618679388046194707946385968872279636660172423920762823771748609336176990325713506490614247467311351878471253089939596514261196666267475682898635911908731494486904182965558798994916608466464004782386781525115550402067143147698500136991417807965993746533707493179716917949661657133802752099530380500629832889813766318693972247359960254936881029359545309059646697237241209564888106340558287762532356251637258398401846377922451692640383953053577384608293675046043906591724400907098081482508558109337883729893322775980233270148019416024194836854355986212330386751079897066437531206720139847788674454652536826169059736982479309839712946775980354134355139497105828903507866078114564099313317787443741699279748434354864282108704676095037950494415256286947674165215467011934336553759737348070667660729652527691915524397132869044793555135790945494632065951377818748685518516479034794485428017780031261929221756098004903764351710174074844549113456838125655876793700512133425260342617476046558297710108766178288887240737798673301869429288319632256269224724668118265584051039693265751490627862607736193791619996924278218459408639304584274718151680345670626647042637465459333318707082180800379032160407700099946372273650109970829696969322175580229736541987822471625057604097666274467304974823124064415536558817454629227310911087581946904520455445924560288173037899050385771129593893146284308657261004326107960933559964709592206298596961112903770872901440318443453171554758225380134568194504159026648154323501531880018861899217167303094558259573981342381830990525357646886212154509626273491764433578135680230268485973309763063753935018741388115359454941833970836305152734074505673796423449794831627213811331944435707956109414709408651771661558155162281828345864121923257396908138558521907693044066844381944344400836176940887335408175932108340927491158211920187826439457183894751945801208155053128226111876203662293316013857402850461225442249349855649160489	24739664234858138982047535273920704865888201889876711837493816699690678265963591165069870505023217046633362579621148489165328977987949899797415602900085081435628786567950676391780949633448253616219680559998014214784634910618447122667639804607217055610037222276897125660535867393387520758988742191975475097134159821776175469287214857624750265388130867415580412873925910271279382629434282479656095907178473638142326186864698341018602123575843883404208311798618679388046194707946385968872279636660172423920762823771748609336176990325713506490614247467311351878471253089939596514261196666267475682898635911908731494486904182965558798994916608466464004782386781525115550402067143147698500136991417807965993746533707493179716917949661657133802752099530380500629832889813766318693972247359960254936881029359545309059646697237241209564888106340558287762532356251637258398401846377922451692640383953053577384608293675046043906591724400907098081482508558109337883729893322775980233270148019416024194836854355986212330386751079897066437531206720139847788674454652536826169059736982479309839712946775980354134355139497105828903507866078114564099313317787443741699279748434354864282108704676095037950494415256322118446288427475749205978851269324596498940292431098699161055964032010937538805061400810880000778141585221295661960121653758465320161828777956679765905691202874393069942123161082732764368596183256668409871482159496291125676747387545891967471970332324907043570197065229386255163866210107746591699208187600383560179818969453567831278240700442063884730676248072277428758811049044505165207447625337690420755566586468658464699479123316310221422249448698305310672839958780605303472889516860143027145177515370450071696550435492232120322043063691965361723395875593008624959077336291918422102723834317166910996064524649015409608752666201483300762871511859764063373890148278177809805652145087320758176512244533527455768775288472468173058226911606466872593531508148161676285352943462011002190857608776236684046340174542430222058576499294988381146454595597263037160378537615336897786042277320478072097407340558283482141549662764283552119459527581461893643846659547870636532369265183913568123722036339480903754648521616619057903781503568205185217235072797861330128470070267844936090268012670941851047068925354276958161539676537005868795463212285597973708092562582967912642628361633803674148546236045106072142804	1,-4,3,3,3,3,3,3,3,3,3,3	-4,-4,3,3,3,3,3,3,3,3,3,3	ok
1.403403	12.552553	-54.537454	0.344044	continued:5	24739664234858138982047535273920704865888201889876711837493816699690678265963591165069870505023217046633362579621148489165328977987949899797415602900085081435628786567950676391780949633448253616219680559998014214784634910618447122667639804607217055610037222276897125660535867393387520758988742191975475097134159821776175469287214857624750265388130867415580412873925910271279382629434282479656095907178473638142326186864698341018602123575843883404208311798618679388046194707946385968872279636660172423920762823771748609336176990325713506490614247467311351878471253089939596514261196666267475682898635077588364628629417296554229734815495315011752337585393015754405944996164827318009845582551593321289722257247006063686910061456841431892563940020873466746931070957111770150069590359792388197563206227771911411885143855184505614961998508226343153531223089971459935049708039359327667779120430067461929055441744031224422705223831560005091108633317128720548165517033711719448300771525660964913525817712220131912105082815080054605883136048554894173783193438041716508681297001277350562437894851607688119124032266056066591963623197071229719772200831481260746898621517899928612391918713268983151048632780119662964562615224955272082232516573860219624391388797525158568803965619851582959715126493444163214025385010484222679075733538541254336938677519858320577213126261082222107876703634988014443799459723042466865939807313462170098621510273802110074477200727790710189239796434724232268265168771327876208855251384560129805973155186008944787466690145813994448741828958685398242399644411740283504376021102246139806369606510408492840549451469396517122961183841277506170313763723572234427437236681374721304794358903114096136891133303545792185964095132388517154996467307401461623006192877589030302012077625091035466697406080506762771704815522350350242449968214220019584208434318914148100359158909679143753029398694920492804349553854965529569693457265246243878651194015319923783237068738696511787191450682232621481336789660422996610379069409921474899407696853444936065024933934485679589861499939814189140782388654260075696454421684651979624554066992826512688381456690865842009375581685321384904219623644446996167623623702794595196333711331969000714989476935040045706939151824415849649248600765204089570503279736809339261698814688659615461932316553762144963996566198596914621200952058301145179750011252431412752172391	24739664234858138982047535273920704865888201889876711837493816699690678265963591165069870505023217046633362579621148489165328977987949899797415602900085081435628786567950676391780949633448253616219680559998014214784634910618447122667639804607217055610037222276897125660535867393387520758988742191975475097134159821776175469287214857624750265388130867415580412873925910271279382629434282479656095907178473638142326186864698341018602123575843883404208311798618679388046194707946385968872279636660172423920762823771748609336176990325713506490614247467311351878471253089939596514261196666267475682898635911908731494486904182965558798994916608466464004782386781525115550402067143147698500136991417807965993746533707493179716917949661657133802752099530380500629832889813766318693972247359960254936881029359545309059646697237241209564888106340558287762532356251637258398401846377922451692640383953053577384608293675046043906591724400907098081482508558109337883729893322775980233270148019416024194836854355986212330386751079897066437531206720139847788674454652536826169059736982479309839712946775980354134355139497105828903507866078114564099313317787443741699279748434354864282108704676095037950494415256322118446288427475749205978851269324596498940292431098699161055964032010937538805061400810880000778141585221295661960121653758465320161828777956679765905691202874393069942123161082732764368596183256668409871482159496291125676747387545891967471970332324907043570197065229386255163866210107746591699208187600383560179818969453567831278240700442063884730676248072277428758811049044505165207447625337690420755566586468658464699479123316310221422249448698305310672839958780605303472889516860143027145177515370450071696550435492232120322043063691965361723395875593008624959077336291918422102723834317166910996064524649015409608752666201483300762871511859764063373890148278177809805652145087320758176512244533527455768775288472468173058226911606466872593531508148161676285352943462011002190857608776236684046340174542430222058576499294988381146454595597263037160378537615336897786042277320478072097407340558283482141549662764283552119459527581461893643846659547870636532369265183913568123722036339480903754648521616619057903781503568205185217235072797861330128470070267844936090268012670941851047068925354276958161539676537005868795463212285597973708092562582967912642628361633803674148546236045106072142804	2,3,3,3,3,3,3,3,3,3,3,3	-4,-4,3,3,3,3,3,3,3,3,3,3	ok
1.407407	12.552553	-55.726290	0.346837	continued:5	24607060802410102468874013229240847439357374151044224808057283857483548240877771431581388666699718853822274629177247877297998596327437291775794252319631099168476484570230075540257605301446408338515253776126491619462334857790240559740114685471716357941782237682401517743269785803569503763848531650890670808400979757446892515951128326255820501957209469846942772848001839790220844654229595211942468964434100347804078986149833741794940984708768498907230125334458834152538167700261389361860275043849237313806072762570624536383534795813584325882042024146093172980030838997009060896234915196541797613789735330423221377461901452660843187471186472739332287737460885779319421797815092317055292570809390914630471763780362365279983691959159489858941399139014552454832627115001721319540671161711680800139919955260273138337052059547745500190281476634242579501184459579902892232335869206575497173000439746279056989167889786602607913512683223460306972955157815927363277064109424243959617620249712604040883140555034476950405789822133021527244320495244315362115529578765372033205338838837128979453958000557542931771770754434558752698434493110207005287760153966458535103655274783503676067713418805528210563112652276201955934957799091893856616752156366950292735741888115599619756603779098530601908747181860293808159366790277344554773147620547755583703222060770906253198244968662983300990067927440750091293321319743329999550879110299735769273318006664816992957902960297414257695716752519315926493324511040754671894641354462406503126608921051143983764195232527937945239553909335806674892643972546981208164637910619787471930999844743556582771860260155439948275258681832622708768189519204376068007787307339557758708121102593938144365778209517971220102246091995344635951843759224526699007237079386196571835892570924512031392217584889158781912781630745434386732980865859298754274111658524652352249348043491512324449501561757536152535708042138587021477473541531514113895177671031074893941730707125334301258027216251163297146531470764904215421431931469151342256529777128499734022250053764509380897395564224965096319786674828134342325935843763211062752843855351495034727354163626423648659192419183600880247809792157208724292333933910239003247248802205085572134468140008234782634066875910388057896940379197971097694104859010237609137657610391625030463012370072870913337275359883570957489007279831192506623539073135636546548027	24739664234858138982047535273920704865888201889876711837493816699690678265963591165069870505023217046633362579621148489165328977987949899797415602900085081435628786567950676391780949633448253616219680559998014214784634910618447122667639804607217055610037222276897125660535867393387520758988742191975475097134159821776175469287214857624750265388130867415580412873925910271279382629434282479656095907178473638142326186864698341018602123575843883404208311798618679388046194707946385968872279636660172423920762823771748609336176990325713506490614247467311351878471253089939596514261196666267475682898635911908731494486904182965558798994916608466464004782386781525115550402067143147698500136991417807965993746533707493179716917949661657133802752099530380500629832889813766318693972247359960254936881029359545309059646697237241209564888106340558287762532356251637258398401846377922451692640383953053577384608293675046043906591724400907098081482508558109337883729893322775980233270148019416024194836854355986212330386751079897066437531206720139847788674454652536826169059736982479309839712946775980354134355139497105828903507866078114564099313317787443741699279748434354864282108704676095037950494415256322118446288427475749205978851269324596498940292431098699161055964032010937538805061400810880000778141585221295661960121653758465320161828777956679765905691202874393069942123161082732764368596183256668409871482159496291125676747387545891967471970332324907043570197065229386255163866210107746591699208187600383560179818969453567831278240700442063884730676248072277428758811049044505165207447625337690420755566586468658464699479123316310221422249448698305310672839958780605303472889516860143027145177515370450071696550435492232120322043063691965361723395875593008624959077336291918422102723834317166910996064524649015409608752666201483300762871511859764063373890148278177809805652145087320758176512244533527455768775288472468173058226911606466872593531508148161676285352943462011002190857608776236684046340174542430222058576499294988381146454595597263037160378537615336897786042277320478072097407340558283482141549662764283552119459527581461893643846659547870636532369265183913568123722036339480903754648521616619057903781503568205185217235072797861330128470070267844936090268012670941851047068925354276958161539676537005868795463212285597973708092562582967912642628361633803674148546236045106072142804	2,-3,-3,-3,-3,-3,-3,-3,-3,3,3,3	-4,-4,3,3,3,3,3,3,3,3,3,3	ok
1.411411	12.552553	-56.456261	0.349631	continued:5	6617175392059416078103630635776109549301796736503587773797573344574161039100728320245795889778950565036119027010255525355430815160459205206971678296595414567656559202250326183277141751591168753686949314261455822836267946093786893103635736512975455418789194611102597689717861020591031420465381069608950913481177659011363081120729761042117752915885028958384541753901553772619976799183198532867333689316249624748804139337967772228418534425464630904149245596178165999405583091704318186099414973602367527135089204606767432331842158557057235043330142227451054651621972977545915869068504688051306413867965171480754798688983234827158167933817049518667405440983113606893568503231661564810163679161273973892027011387021264092909342689713456854946593918659166517262390566013780819796805860090776408970966249081403787331264641583105851945011563577358236543623325653172854714661712386129855745955681299814391662155388294455187224711631523522552831688443597956239755068931359959992884280602337394617357676531570614930709289644820227449312513826914386398856656137539649885781068386334866958795739498743383851868343912969844347904382875217664683963382773263464617033677084960660746064391950824243964641942358952950996793520248951252105993526758435028002102471566925008931929818598199701954874707576654568788294266159589464035894781968303074014284929883275079402597516712226284594128428171118191018177589336025390142190966393205051315124605455149017971272022734701605809206942111022003561973856781517248196378772608271511276070063589491392337756051678731543282707881990546160191962280912614467974924623322045802955546326085994585795450445710703250359765836371938151129890971420116659105302523375312399148725424175956779820028466575043242783339650200293007657905780702708733842969371067093955709290113020609827693633054302200063839834844408382572533486180864120453436674125475198502108713673016381816229990719782406070913420559030703304567805055654075758194229983707344302138535021264865177294614004255556784671158153010751172073219399485212445744792349244703164283190845991615227111577162291245877932729178875127784105171817091729388817272953442306050682583927787167844260937751604103519596122268855316871100170224280728137297259697904746443004432036043374290694415668525359434120772892448393637192231584214442665626882984976401737184524905012404684661049929980593750288888243685742	24739664234858138982047535273920704865888201889876711837493816699690678265963591165069870505023217046633362579621148489165328977987949899797415602900085081435628786567950676391780949633448253616219680559998014214784634910618447122667639804607217055610037222276897125660535867393387520758988742191975475097134159821776175469287214857624750265388130867415580412873925910271279382629434282479656095907178473638142326186864698341018602123575843883404208311798618679388046194707946385968872279636660172423920762823771748609336176990325713506490614247467311351878471253089939596514261196666267475682898635911908731494486904182965558798994916608466464004782386781525115550402067143147698500136991417807965993746533707493179716917949661657133802752099530380500629832889813766318693972247359960254936881029359545309059646697237241209564888106340558287762532356251637258398401846377922451692640383953053577384608293675046043906591724400907098081482508558109337883729893322775980233270148019416024194836854355986212330386751079897066437531206720139847788674454652536826169059736982479309839712946775980354134355139497105828903507866078114564099313317787443741699279748434354864282108704676095037950494415256322118446288427475749205978851269324596498940292431098699161055964032010937538805061400810880000778141585221295661960121653758465320161828777956679765905691202874393069942123161082732764368596183256668409871482159496291125676747387545891967471970332324907043570197065229386255163866210107746591699208187600383560179818969453567831278240700442063884730676248072277428758811049044505165207447625337690420755566586468658464699479123316310221422249448698305310672839958780605303472889516860143027145177515370450071696550435492232120322043063691965361723395875593008624959077336291918422102723834317166910996064524649015409608752666201483300762871511859764063373890148278177809805652145087320758176512244533527455768775288472468173058226911606466872593531508148161676285352943462011002190857608776236684046340174542430222058576499294988381146454595597263037160378537615336897786042277320478072097407340558283482141549662764283552119459527581461893643846659547870636532369265183913568123722036339480903754648521616619057903781503568205185217235072797861330128470070267844936090268012670941851047068925354276958161539676537005868795463212285597973708092562582967912642628361633803674148546236045106072142804	-2,-3,-3,-3,-3,-3,-3,-3,-3,-3,-3,3	-4,-4,3,3,3,3,3,3,3,3,3,3	ok
1.415415	12.552553	-56.949295	0.352424	continued:5	30202920268257714220296010089345710995565877019664095498865225749199342152807611938856960214582501211693450742681944830680085042776774497109079917447866900614562466173599739216008128699278025331330411443787482345010263216178424250018365361356950272463540126306018939451839865953429518165420628892996704349725994754015140261652895723373569119758386872312465651244072630423033486129783118424779941636024449580834933858749659639432027188539641503779874502364293040581406132299503788114580259630196995653459294986678977559834773739716351099704639419174908636020856909869027494102628084240761241614219102177484409073929668014262354833049264474150689205152286629387880067773343390875433565551569121278236186428221708156881250641142755437490728949576108025196029657985800793652337460877946102770881807760874669759177035252865231061550258967890304897022974937680541106620842578777527818701728345512556793465639674081551861790120857189936279538659389718355836001549683884250767744226396939114805881855883835832082929383550814199595967026876498730503949321026706056861014631758843863605382301102558713650375805165508497252711373354743183914657986956446196532258714482428838975140482682128530268236633635010345484599173171629643530098762070182958625495919860156384840164815436467889748504044147239134633297209265366147581947430312498087410819578185313779510152613262828894864874417599238987489857381140717750959293137415242387389138706998290537095846648934255249249148219963475065794520052970303827035966456178171906881411400022848874867956116582052077235419849880266154126163470454141700148683237790231986539751493648989204917167785000648296153544375631653926406448568790108696669238163955485739296957503771856976243528425435341614109448307811046208390391340074585334292227604414224428158307765393788172109484857346494636654228998529243421439499893325166632066752238699710151126677744244770399847762965957891343794337013070560851088974675809742197106919182419763235073979751849294836065902909807067838792672307996905579063263204209752130941048698841486585162342425541146159783453300917009889261246703136122942944735882003716099913524826564543867624031872979436739599	24739664234858138982047535273920704865888201889876711837493816699690678265963591165069870505023217046633362579621148489165328977987949899797415602900085081435628786567950676391780949633448253616219680559998014214784634910618447122667639804607217055610037222276897125660535867393387520758988742191975475097134159821776175469287214857624750265388130867415580412873925910271279382629434282479656095907178473638142326186864698341018602123575843883404208311798618679388046194707946385968872279636660172423920762823771748609336176990325713506490614247467311351878471253089939596514261196666267475682898635911908731494486904182965558798994916608466464004782386781525115550402067143147698500136991417807965993746533707493179716917949661657133802752099530380500629832889813766318693972247359960254936881029359545309059646697237241209564888106340558287762532356251637258398401846377922451692640383953053577384608293675046043906591724400907098081482508558109337883729893322775980233270148019416024194836854355986212330386751079897066437531206720139847788674454652536826169059736982479309839712946775980354134355139497105828903507866078114564099313317787443741699279748434354864282108704676095037950494415256322118446288427475749205978851269324596498940292431098699161055964032010937538805061400810880000778141585221295661960121653758465320161828777956679765905691202874393069942123161082732764368596183256668409871482159496291125676747387545891967471970332324907043570197065229386255163866210107746591699208187600383560179818969453567831278240700442063884730676248072277428758811049044505165207447625337690420755566586468658464699479123316310221422249448698305310672839958780605303472889516860143027145177515370450071696550435492232120322043063691965361723395875593008624959077336291918422102723834317166910996064524649015409608752666201483300762871511859764063373890148278177809805652145087320758176512244533527455768775288472468173058226911606466872593531508148161676285352943462011002190857608776236684046340174542430222058576499294988381146454595597263037160378537615336897786042277320478072097407340558283482141549662764283552119459527581461893643846659547870636532369265183913568123722036339480903754648521616619057903781503568205185217235072797861330128470070267844936090268012670941851047068925354276958161539676537005868795463212285597973708092562582967912642628361633803674148546236045106072142804	1,-3,-3,-3,-3,-3,-3,-3,-3,-3,-3,-3	-4,-4,3,3,3,3,3,3,3,3,3,3	ok
1.419419	12.552553	-57.289833	0.355217	continued:5	30202920268257714220296010089345710995565877019664095498865225749199342152807611938856960214582501211693450742681944830680085042776774497109079917447866900614562466173599739216008128699278025331330411443787482345010263216178424250018365361356950272463540126306018939451839865953429518165420628892996704349725994754015140261652895723373569119758386872312465651244072630423033486129783118424779941636024449580834933858749659639432027188539641503779874502364293040581406132299503788114580259630196995653459294986678977559834773739716351099704639419174908636020856909869027494102628084240761241614219102177484409073929668014262354833049264474150689205152286629387880067773343390875433565551569121278236186428221708156881250641142755437490728949576108025196029657985800793652337460877946102770881807760874669759177035252865231061550258967890304897022974937680541106620842578777527818701728345512556793465639674081551861790120857189936279538659389718355836001549683884250767744226396939114805881855883835832082929383550814199595967026876498730503949321026706056861014631758843863605366756863685547112674099700154359795439984350888434070051929932619657832723577622655581871670366637750520425559260556464825662481393226343270671458042022578039617772013662803134605974924544890909456958654212364885235417971036104785603995290915721821083834561491082264227150084520096477057888716257501818931138957711089407731897458910766033937309735391698104412008135130495310568678571323549773971128516059551525414662889348549526444995642632549445715491911212878539886725997354698808749617680930885092018409974393181889630778496443589895569636179961964883765719865051155283479621903541274600558283777802260750918567512118339745582556115821829546041391128164019707760787639792500612054833868931745341251035444201017990270981764270266251365807194612523126013720274865710247560328628061506999499586446255622839875729811474457490906990417257324872368355107407398181263450772889423901255227809395012925015767879651819283698707214466304493907335147956817030263220587590508987020047961052961187053448597562058146049761297471176208592249838985136535267152793028767054151456519274881726800	24739664234858138982047535273920704865888201889876711837493816699690678265963591165069870505023217046633362579621148489165328977987949899797415602900085081435628786567950676391780949633448253616219680559998014214784634910618447122667639804607217055610037222276897125660535867393387520758988742191975475097134159821776175469287214857624750265388130867415580412873925910271279382629434282479656095907178473638142326186864698341018602123575843883404208311798618679388046194707946385968872279636660172423920762823771748609336176990325713506490614247467311351878471253089939596514261196666267475682898635911908731494486904182965558798994916608466464004782386781525115550402067143147698500136991417807965993746533707493179716917949661657133802752099530380500629832889813766318693972247359960254936881029359545309059646697237241209564888106340558287762532356251637258398401846377922451692640383953053577384608293675046043906591724400907098081482508558109337883729893322775980233270148019416024194836854355986212330386751079897066437531206720139847788674454652536826169059736982479309839712946775980354134355139497105828903507866078114564099313317787443741699279748434354864282108704676095037950494415256322118446288427475749205978851269324596498940292431098699161055964032010937538805061400810880000778141585221295661960121653758465320161828777956679765905691202874393069942123161082732764368596183256668409871482159496291125676747387545891967471970332324907043570197065229386255163866210107746591699208187600383560179818969453567831278240700442063884730676248072277428758811049044505165207447625337690420755566586468658464699479123316310221422249448698305310672839958780605303472889516860143027145177515370450071696550435492232120322043063691965361723395875593008624959077336291918422102723834317166910996064524649015409608752666201483300762871511859764063373890148278177809805652145087320758176512244533527455768775288472468173058226911606466872593531508148161676285352943462011002190857608776236684046340174542430222058576499294988381146454595597263037160378537615336897786042277320478072097407340558283482141549662764283552119459527581461893643846659547870636532369265183913568123722036339480903754648521616619057903781503568205185217235072797861330128470070267844936090268012670941851047068925354276958161539676537005868795463212285597973708092562582967912642628361633803674148546236045106072142804	0,-3,-3,-3,-3,-3,-3,-3,-3,-3,-3,-3	-4,-4,3,3,3,3,3,3,3,3,3,3	ok
1.423423	12.552553	-57.519398	0.353968	continued:5	30202920268257714220296010089345710995565877019664095498865225749199342152807611938856960214582501211693450742681944830680085042776774497109079917447866900614562466173599739216008128699278025331330411443787482345010263216178424250018365361356950272463540126306018939451839865953429518165420628892996704349725994754015140261652895723373569119758386872312465651244072630423033486129783118424779941636024449580834933858749659639432027188539641503779874502364293040581406132299503788114580259630196995653459294986678977559834773739716351099704639419174908636020856909869027494102628084240761241614219102177484409073929668014262354833049264474150689205152286629387880067773343390875433565551569121278236186428221708156881250641142755437490728949576108025196029657985800793652337460877946102770881807760874669759177035252865231061550258967890304897022974937680541106620842578777527818701728345512556793465639674081551861790120857189936279538659389718355836001549683884250767744226396939114805881855883835832082929383550814199595967026876498730503949321026706056861014631758843863605366756863685547112674099700154359795439984350888434070051929932619657832723577622655581871670366637750520425559260556464825662481393226343270671458042022578039617772013662803134605974924544890909456958654212364885235417971036104785603995290915721821083834561491082264227150084520096477057888716257501818931138957711089407731897458910766033937309735391698104412008135130495310568678571323549773971128516059551525414662889348549526444995642632549445715491911212878539886725997354698808749617680930885092018409974393181889630778496443589895569636179961964883765719865051155283479621903541274600558283777802260750918567512118339745582556115821829546041391128164019707760787639792500612054833868931745341251035444201017990270981764270266251365807194612523126013720274865710247560328628061506999499586446255622839875729811474457490906990417257324872368355107407398181263450772889423901255227809395012925015767879651819283698707214466304493907335147956817030263220587590508987020047961052961187053448597562058146049761297471176208592249838985136535267152793028767054151456519274881726800	24739664234858138982047535273920704865888201889876711837493816699690678265963591165069870505023217046633362579621148489165328977987949899797415602900085081435628786567950676391780949633448253616219680559998014214784634910618447122667639804607217055610037222276897125660535867393387520758988742191975475097134159821776175469287214857624750265388130867415580412873925910271279382629434282479656095907178473638142326186864698341018602123575843883404208311798618679388046194707946385968872279636660172423920762823771748609336176990325713506490614247467311351878471253089939596514261196666267475682898635911908731494486904182965558798994916608466464004782386781525115550402067143147698500136991417807965993746533707493179716917949661657133802752099530380500629832889813766318693972247359960254936881029359545309059646697237241209564888106340558287762532356251637258398401846377922451692640383953053577384608293675046043906591724400907098081482508558109337883729893322775980233270148019416024194836854355986212330386751079897066437531206720139847788674454652536826169059736982479309839712946775980354134355139497105828903507866078114564099313317787443741699279748434354864282108704676095037950494415256322118446288427475749205978851269324596498940292431098699161055964032010937538805061400810880000778141585221295661960121653758465320161828777956679765905691202874393069942123161082732764368596183256668409871482159496291125676747387545891967471970332324907043570197065229386255163866210107746591699208187600383560179818969453567831278240700442063884730676248072277428758811049044505165207447625337690420755566586468658464699479123316310221422249448698305310672839958780605303472889516860143027145177515370450071696550435492232120322043063691965361723395875593008624959077336291918422102723834317166910996064524649015409608752666201483300762871511859764063373890148278177809805652145087320758176512244533527455768775288472468173058226911606466872593531508148161676285352943462011002190857608776236684046340174542430222058576499294988381146454595597263037160378537615336897786042277320478072097407340558283482141549662764283552119459527581461893643846659547870636532369265183913568123722036339480903754648521616619057903781503568205185217235072797861330128470070267844936090268012670941851047068925354276958161539676537005868795463212285597973708092562582967912642628361633803674148546236045106072142804	0,-3,-3,-3,-3,-3,-3,-3,-3,-3,-3,-3	-4,-4,3,3,3,3,3,3,3,3,3,3	ok
1.427427	12.552553	-57.730239	0.353260	continued:5	30202920268257714220296010089345710995565877019664095498865225749199342152807611938856960214582501211693450742681944830680085042776774497109079917447866900614562466173599739216008128699278025331330411443787482345010263216178424250018365361356950272463540126306018939451839865953429518165420628892996704349725994754015140261652895723373569119758386872312465651244072630423033486129783118424779941636024449580834933858749659639432027188539641503779874502364293040581406132299503788114580259630196995653459294986678977559834773739716351099704639419174908636020856909869027494102628084240761241614219102177484409073929668014262354833049264474150689205152286629387880067773343390875433565551569121278236186428221708156881250641142755437490728949576108025196029657985800793652337460877946102770881807760874669759177035252865231061550258967890304897022974937680541106620842578777527818701728345512556793465639674081551861790120857189936279538659389718355836001549683884250767744226396939114805881855883835832082929383550814199595967026876498730503949321026706056861014631758843863605366756863685547112674099700154359795439984350888434070051929932619657832723577622655581871670366637750520425559260556464825662481393226343270671458042022578039617772013662803134605974924544890909456958654212364885235417971036104785603995290915721821083834561491082264227150084520096477057888716257501818931138957711089407731897458910766033937309735391698104412008135130495310568678571323549773971128516059551525414662889348549526444995642632549445715491911212878539886725997354698808749617680930885092018409974393181889630778496443589895569636179961964883765719865051155283479621903541274600558283777802260750918567512118339745582556115821829546041391128164019707760787639792500612054833868931745341251035444201017990270981764270266251365807194612523126013720274865710247560328628061506999499586446255622839875729811474457490906990417257324872368355107407398181263450772889423901255227809395012925015767879651819283698707214466304493907335147956817030263220587590508987020047961052961187053448597562058146049761297471176208592249838985136535267152793028767054151456519274881726800	24739664234858138982047535273920704865888201889876711837493816699690678265963591165069870505023217046633362579621148489165328977987949899797415602900085081435628786567950676391780949633448253616219680559998014214784634910618447122667639804607217055610037222276897125660535867393387520758988742191975475097134159821776175469287214857624750265388130867415580412873925910271279382629434282479656095907178473638142326186864698341018602123575843883404208311798618679388046194707946385968872279636660172423920762823771748609336176990325713506490614247467311351878471253089939596514261196666267475682898635911908731494486904182965558798994916608466464004782386781525115550402067143147698500136991417807965993746533707493179716917949661657133802752099530380500629832889813766318693972247359960254936881029359545309059646697237241209564888106340558287762532356251637258398401846377922451692640383953053577384608293675046043906591724400907098081482508558109337883729893322775980233270148019416024194836854355986212330386751079897066437531206720139847788674454652536826169059736982479309839712946775980354134355139497105828903507866078114564099313317787443741699279748434354864282108704676095037950494415256322118446288427475749205978851269324596498940292431098699161055964032010937538805061400810880000778141585221295661960121653758465320161828777956679765905691202874393069942123161082732764368596183256668409871482159496291125676747387545891967471970332324907043570197065229386255163866210107746591699208187600383560179818969453567831278240700442063884730676248072277428758811049044505165207447625337690420755566586468658464699479123316310221422249448698305310672839958780605303472889516860143027145177515370450071696550435492232120322043063691965361723395875593008624959077336291918422102723834317166910996064524649015409608752666201483300762871511859764063373890148278177809805652145087320758176512244533527455768775288472468173058226911606466872593531508148161676285352943462011002190857608776236684046340174542430222058576499294988381146454595597263037160378537615336897786042277320478072097407340558283482141549662764283552119459527581461893643846659547870636532369265183913568123722036339480903754648521616619057903781503568205185217235072797861330128470070267844936090268012670941851047068925354276958161539676537005868795463212285597973708092562582967912642628361633803674148546236045106072142804	0,-3,-3,-3,-3,-3,-3,-3,-3,-3,-3,-3	-4,-4,3,3,3,3,3,3,3,3,3,3	ok
1.431431	12.552553	-57.919217	0.352886	full	30202920268257714220296010089345710995565877019664095498865225749199342152807611938856960214582501211693450742681944830680085042776774497109079917447866900614562466173599739216008128699278025331330411443787482345010263216178424250018365361356950272463540126306018939451839865953429518165420628892996704349725994754015140261652895723373569119758386872312465651244072630423033486129783118424779941636024449580834933858749659639432027188539641503779874502364293040581406132299503788114580259630196995653459294986678977559834773739716351099704639419174908636020856909869027494102628084240761241614219102177484409073929668014262354833049264474150689205152286629387880067773343390875433565551569121278236186428221708156881250641142755437490728949576108025196029657985800793652337460877946102770881807760874669759177035252865231061550258967890304897022974937680541106620842578777527818701728345512556793465639674081551861790120857189936279538659389718355836001549683884250767744226396939114805881855883835832082929383550814199595967026876498730503949321026706056861014631758843863605366756863685547112674099700154359795439984350888434070051929932619657832723577622655581871670366637750520425559260556464825662481393226343270671458042022578039617772013662803134605974924544890909456958654212364885235417971036104785603995290915721821083834561491082264227150084520096477057888716257501818931138957711089407731897458910766033937309735391698104412008135130495310568678571323549773971128516059551525414662889348549526444995642632549445715491911212878539886725997354698808749617680930885092018409974393181889630778496443589895569636179961964883765719865051155283479621903541274600558283777802260750918567512118339745582556115821829546041391128164019707760787639792500612054833868931745341251035444201017990270981764270266251365807194612523126013720274865710247560328628061506999499586446255622839875729811474457490906990417257324872368355107407398181263450772889423901255227809395012925015767879651819283698707214466304493907335147956817030263220587590508987020047961052961187053448597562058146049761297471176208592249838985136535267152793028767054151456519274881726800	24739664234858138982047535273920704865888201889876711837493816699690678265963591165069870505023217046633362579621148489165328977987949899797415602900085081435628786567950676391780949633448253616219680559998014214784634910618447122667639804607217055610037222276897125660535867393387520758988742191975475097134159821776175469287214857624750265388130867415580412873925910271279382629434282479656095907178473638142326186864698341018602123575843883404208311798618679388046194707946385968872279636660172423920762823771748609336176990325713506490614247467311351878471253089939596514261196666267475682898635911908731494486904182965558798994916608466464004782386781525115550402067143147698500136991417807965993746533707493179716917949661657133802752099530380500629832889813766318693972247359960254936881029359545309059646697237241209564888106340558287762532356251637258398401846377922451692640383953053577384608293675046043906591724400907098081482508558109337883729893322775980233270148019416024194836854355986212330386751079897066437531206720139847788674454652536826169059736982479309839712946775980354134355139497105828903507866078114564099313317787443741699279748434354864282108704676095037950494415256322118446288427475749205978851269324596498940292431098699161055964032010937538805061400810880000778141585221295661960121653758465320161828777956679765905691202874393069942123161082732764368596183256668409871482159496291125676747387545891967471970332324907043570197065229386255163866210107746591699208187600383560179818969453567831278240700442063884730676248072277428758811049044505165207447625337690420755566586468658464699479123316310221422249448698305310672839958780605303472889516860143027145177515370450071696550435492232120322043063691965361723395875593008624959077336291918422102723834317166910996064524649015409608752666201483300762871511859764063373890148278177809805652145087320758176512244533527455768775288472468173058226911606466872593531508148161676285352943462011002190857608776236684046340174542430222058576499294988381146454595597263037160378537615336897786042277320478072097407340558283482141549662764283552119459527581461893643846659547870636532369265183913568123722036339480903754648521616619057903781503568205185217235072797861330128470070267844936090268012670941851047068925354276958161539676537005868795463212285597973708092562582967912642628361633803674148546236045106072142804	0,-3,-3,-3,-3,-3,-3,-3,-3,-3,-3,-3	-4,-4,3,3,3,3,3,3,3,3,3,3	ok
1.435435	12.552553	-18.770760	0.332600	continued:5	24739664234858138982047535273920704865888201889876711837493816699690678265963591165069870505023217046633362579621148489165328977987949899797415602900085081435628786567950676391780949633448253616219680559998014214784634910618447122667639804607217055610037222276897125660535867393387520758988742191975881454668757766456386039099618304136651166884285837894817315224103333988986022139294086321685154999346340705988103078279492809641656432950215478117816222205266648568411397418925046010008480574710698821954765024242012324702958840527170691397468834926110714722062344576291849261675828451121993701604115701508243628541371186781104664750453506678450990658685568877319368724842489366294600223726679557182485111500144011805314426535016123806594563159834704421627591278254098145543334614838595418659350735064119136615550909153916789982856517125346862661227399851506503677119661384586623759841225285653771144345770541906184539519104941031220044588169549394770200017461390905581925298086151522809307449802203222974575540394725875975613318942282656692285373790701768039928224139907689742983609684357165165999207726031406986345064845442052163822899745749684239296069717432693993739901942491195871247188184005615510630776861376984238652303646778001634413338165130199609468058508544045746494195268749484849824012620331758569013020776626783063332117752802181776519313090609855953375939627550204180850738538170995865172439639130569385522915005804462710634577373404977953450014915714636684768441064353200690527450995854246314508816136290930370926176972899117303143383092939843611379493175310642725436489514443004567685150909058381766559046579596069841216695861281021535243499946132037288513793387254527376440416388834198426624491288670575189200051053551157151442408616997084022662585673651549638054761986439613997609199784619499602986784278171389536097630071742334526837638060572244579466826554863557604955847781292089370263194704513519150584489620779173486163593913824564254091087891725040640812031417463303890401757164661491055170005721174364456391595278006481088278343201780101327801736450621200126860216453732644663225288786921875611344182195129495612958964988881489462876201811056033355336073605747057116758828127948061714406009458933531046312908842245024036684906014326947809963197583821280707405408113066631548664026886413072408166973225981864031627254667552852693015299420576512048882905902224548023244875	24739664234858138982047535273920704865888201889876711837493816699690678265963591165069870505023217046633362579621148489165328977987949899797415602900085081435628786567950676391780949633448253616219680559998014214784634910618447122667639804607217055610037222276897125660535867393387520758988742191975475097134159821776175469287214857624750265388130867415580412873925910271279382629434282479656095907178473638142326186864698341018602123575843883404208311798618679388046194707946385968872279636660172423920762823771748609336176990325713506490614247467311351878471253089939596514261196666267475682898635911908731494486904182965558798994916608466464004782386781525115550402067143147698500136991417807965993746533707493179716917949661657133802752099530380500629832889813766318693972247359960254936881029359545309059646697237241209564888106340558287762532356251637258398401846377922451692640383953053577384608293675046043906591724400907098081482508558109337883729893322775980233270148019416024194836854355986212330386751079897066437531206720139847788674454652536826169059736982479309839712946775980354134355139497105828903507866078114564099313317787443741699279748434354864282108704676095037950494415256322118446288427475749205978851269324596498940292431098699161055964032010937538805061400810880000778141585221295661960121653758465320161828777956679765905691202874393069942123161082732764368596183256668409871482159496291125676747387545891967471970332324907043570197065229386255163866210107746591699208187600383560179818969453567831278240700442063884730676248072277428758811049044505165207447625337690420755566586468658464699479123316310221422249448698305310672839958780605303472889516860143027145177515370450071696550435492232120322043063691965361723395875593008624959077336291918422102723834317166910996064524649015409608752666201483300762871511859764063373890148278177809805652145087320758176512244533527455768775288472468173058226911606466872593531508148161676285352943462011002190857608776236684046340174542430222058576499294988381146454595597263037160378537615336897786042277320478072097407340558283482141549662764283552119459527581461893643846659547870636532369265183913568123722036339480903754648521616619057903781503568205185217235072797861330128470070267844936090268012670941851047068925354276958161539676537005868795463212285597973708092562582967912642628361633803674148546236045106072142804	-1,-4,-4,3,3,3,3,3,3,3,3,3	-4,-4,3,3,3,3,3,3,3,3,3,3	ok
1.439439	12.552553	-48.689899	0.335393	continued:5	24739664234858138982047535273920704865888201889876711837493816699690678265963591165069870505023217046633362579621148489165328977987949899797415602900085081435628786567950676391780949633448253616219680559998014214784634910618447122667639804607217055610037222276897125660535867393387520758988742191975881454668757766456386039099618304136651166884285837894817315224103333988986022139294086321685154999346340705988103078279492809641656432950215478117816222205266648568411397418925046010008480574710698821954765024242012324702958840527170691397468834926110714722062344576291849261675828451121993701604115701508243628541371186781104664750453506678450990658685568877319368724842489366294600223726679557182485111500144011805314426535016123806594563159834704421627591278254098145543334614838595418659350735064119136615550909153916789982856517125346862661227399851506503677119661384586623759841225285653771144345770541906184539519104941031220044588169549394770200017461390905581925298086151522809307449802203222974575540394725875975613318942282656692285373790701768039928224139907689742983609684357165165999207726031406986345064845442052163822899745749684239296069717432693993739901942491195871247188184005629578939626146180479147309222650612901005722390845708668197124234362495273144098797774757458652282442873869149334322862031538555273602678056872841178109900869320411219847048207913667348778531628738412966770315022724232465689476913832400874304281462828469455323197446686921866086215833068446424699444496565569722241309352582097645970096478775632734636095654637992457943280389083570732332839953973912247295681057931113681492439449496144076887534303882013813582426660935625896914804409614213748953104339735616872424033237737152288422764228895317684142781840594050396121809018684709427683610800958887025312407434590051977713326085580635173894497599750192525737795060057383043775023565474224429639386107173310916990239669991933652644475768142050760727663572522347999704178447289250328456914499267328417681240348822933515571583868711725379330323404334769870337022620061545176212626323733821158948285818704624796620953499808886499592477823111646846232706079467925425548222036103825890910305962685055173280654285638093536930123995538291210251114663599662004737580826899131982029868048598658256506155403232827272483188483130194799492244707309373825202346843909294433547215009818318585078026810148403884293372	24739664234858138982047535273920704865888201889876711837493816699690678265963591165069870505023217046633362579621148489165328977987949899797415602900085081435628786567950676391780949633448253616219680559998014214784634910618447122667639804607217055610037222276897125660535867393387520758988742191975475097134159821776175469287214857624750265388130867415580412873925910271279382629434282479656095907178473638142326186864698341018602123575843883404208311798618679388046194707946385968872279636660172423920762823771748609336176990325713506490614247467311351878471253089939596514261196666267475682898635911908731494486904182965558798994916608466464004782386781525115550402067143147698500136991417807965993746533707493179716917949661657133802752099530380500629832889813766318693972247359960254936881029359545309059646697237241209564888106340558287762532356251637258398401846377922451692640383953053577384608293675046043906591724400907098081482508558109337883729893322775980233270148019416024194836854355986212330386751079897066437531206720139847788674454652536826169059736982479309839712946775980354134355139497105828903507866078114564099313317787443741699279748434354864282108704676095037950494415256322118446288427475749205978851269324596498940292431098699161055964032010937538805061400810880000778141585221295661960121653758465320161828777956679765905691202874393069942123161082732764368596183256668409871482159496291125676747387545891967471970332324907043570197065229386255163866210107746591699208187600383560179818969453567831278240700442063884730676248072277428758811049044505165207447625337690420755566586468658464699479123316310221422249448698305310672839958780605303472889516860143027145177515370450071696550435492232120322043063691965361723395875593008624959077336291918422102723834317166910996064524649015409608752666201483300762871511859764063373890148278177809805652145087320758176512244533527455768775288472468173058226911606466872593531508148161676285352943462011002190857608776236684046340174542430222058576499294988381146454595597263037160378537615336897786042277320478072097407340558283482141549662764283552119459527581461893643846659547870636532369265183913568123722036339480903754648521616619057903781503568205185217235072797861330128470070267844936090268012670941851047068925354276958161539676537005868795463212285597973708092562582967912642628361633803674148546236045106072142804	-2,-4,-4,3,3,3,3,3,3,3,3,3	-4,-4,3,3,3,3,3,3,3,3,3,3	ok
1.443443	12.552553	-52.307715	0.338186	continued:5	24739664234858138982047535273920704865888201889876711837493816699690678265963591165069870505023217046633362579621148489165328977987949899797415602900085081435628786567950676391780949633448253616219680559998014214784634910618447122667639804607217055610037222276897125660535867393387520758988742191975475097134159821776175469287214857624750265388130867415580412873925910271279382629434282479656095907178473638142326186864698341018602123575843883404208311798618679388046194707946385968872279636660172423920762823771748609336176990325713506490614247467311351878471253089939596514261196666267475682898635911908731494486904182965558798994916608466464004782386781525115550402067143147698500136991417807965993746533707493179716917949661657133802752099530380500629832889813766318693972247359960254936881029359545309059646697237241209564888106340558287762532356251637258398401846377922451692640383953053577384608293675046043906591724400907098081482508558109337883729893322775980233270148019416024194836854355986212330386751079897066437531206720139847788674454652536826169059736982479309839712946775980354134355139497105828903507866078114564099313317787443741699279748434354864282108704676095037950494415256286947674165215467011934336553759737348070667660729652527691915524397132869044793555135790945494632065951377818748685518516479034794485428017780031261929221756098004903764351710174074844549113456838125655876793700512133425260342617476046558297710108766178288887240737798673301869429288319632256269224724668118265584051039693265751490627862607736193791619996924278218459408639304584274718151680345670626647042637465459333318707082180800379032160407700099946372273650109970829696969322175580229736541987822471625057604097666274467304974823124064415536558817454629227310911087581946904520455445924560288173037899050385771129593893146284308657261004326107960933559964709592206298596961112903770872901440318443453171554758225380134568194504159026648154323501531880018861899217167303094558259573981342381830990525357646886212154509626273491764433578135680230268485973309763063753935018741388115359454941833970836305152734074505673796423449794831627213811331944435707956109414709408651771661558155162281828345864121923257396908138558521907693044066844381944344400836176940887335408175932108340927491158211920187826439457183894751945801208155053128226111876203662293316013857402850461225442249349855649160489	24739664234858138982047535273920704865888201889876711837493816699690678265963591165069870505023217046633362579621148489165328977987949899797415602900085081435628786567950676391780949633448253616219680559998014214784634910618447122667639804607217055610037222276897125660535867393387520758988742191975475097134159821776175469287214857624750265388130867415580412873925910271279382629434282479656095907178473638142326186864698341018602123575843883404208311798618679388046194707946385968872279636660172423920762823771748609336176990325713506490614247467311351878471253089939596514261196666267475682898635911908731494486904182965558798994916608466464004782386781525115550402067143147698500136991417807965993746533707493179716917949661657133802752099530380500629832889813766318693972247359960254936881029359545309059646697237241209564888106340558287762532356251637258398401846377922451692640383953053577384608293675046043906591724400907098081482508558109337883729893322775980233270148019416024194836854355986212330386751079897066437531206720139847788674454652536826169059736982479309839712946775980354134355139497105828903507866078114564099313317787443741699279748434354864282108704676095037950494415256322118446288427475749205978851269324596498940292431098699161055964032010937538805061400810880000778141585221295661960121653758465320161828777956679765905691202874393069942123161082732764368596183256668409871482159496291125676747387545891967471970332324907043570197065229386255163866210107746591699208187600383560179818969453567831278240700442063884730676248072277428758811049044505165207447625337690420755566586468658464699479123316310221422249448698305310672839958780605303472889516860143027145177515370450071696550435492232120322043063691965361723395875593008624959077336291918422102723834317166910996064524649015409608752666201483300762871511859764063373890148278177809805652145087320758176512244533527455768775288472468173058226911606466872593531508148161676285352943462011002190857608776236684046340174542430222058576499294988381146454595597263037160378537615336897786042277320478072097407340558283482141549662764283552119459527581461893643846659547870636532369265183913568123722036339480903754648521616619057903781503568205185217235072797861330128470070267844936090268012670941851047068925354276958161539676537005868795463212285597973708092562582967912642628361633803674148546236045106072142804	1,-4,3,3,3,3,3,3,3,3,3,3	-4,-4,3,3,3,3,3,3,3,3,3,3	ok
1.447447	12.552553	-54.498766	0.340980	continued:5	30684186662718090054152588506030303727521850347510377446772616701708291599884415229235209087205973850720422324707958467045248250299222579118594463922733421057872043362908249275384854003142514850228930522179115354547113487485021269964089733010092954973389317626536181919860760128699856561290265138244268792934217364717185914404089878299005242252608173395658788315758089082748563574110633231266503140806466255720699524832239232624995978533927627601768560000172666700653821401066824642262988284783464515694400238264674448261353753932444570757504950488134377102875744584569005256825261646573898119162174848788441955611460653553746011392090300273268871764778396038647653681523013467386683583531059936304540522386474240440018421762686031819168148037417525310292695254767944444686064825206891434638298075057251213870994790057695617113170907558595111905798501536701144932656633553456901050901646709878999548396424023944363433472331981650519596655351382727957508587528982175890152699040593753233345973371067851556148940250740414138356720158566997065842236055522024329941272401564802382436794943084937963730392971361054044756246170185712047286060333985028437995253941977636779912602629797926406767034775304112245920925515642842935754381312700425455137891075463873636222576679798336699205520644780365365797567021049223575650672202154409259897916232595743728057164077969774575446891262533950920326883158354129593498473792479754375870210968562464951820816419243718245444724021945360694312181479661960117819237547468360072884318364655913414645043580365690453428848874465578884019910971554089978494953318166024126464563878382022522849790771546463053344072456736692761445622874385451098717881848946094335356961720588244598889166207687562556388938287933776688258667494835089609311253671497480424975549383749478442624125308107658816814211281618227604666786750090148662122176432614808180725367377803214546343004310572511266029273524492939998955651383886529181597497517201565245528581600263451016436363042334972767011999449989707910470243115740431949742538956864325950375609166841247111719573576343464165242387872963312989677321759467155057523502098674472136600123053792942391	24739664234858138982047535273920704865888201889876711837493816699690678265963591165069870505023217046633362579621148489165328977987949899797415602900085081435628786567950676391780949633448253616219680559998014214784634910618447122667639804607217055610037222276897125660535867393387520758988742191975475097134159821776175469287214857624750265388130867415580412873925910271279382629434282479656095907178473638142326186864698341018602123575843883404208311798618679388046194707946385968872279636660172423920762823771748609336176990325713506490614247467311351878471253089939596514261196666267475682898635911908731494486904182965558798994916608466464004782386781525115550402067143147698500136991417807965993746533707493179716917949661657133802752099530380500629832889813766318693972247359960254936881029359545309059646697237241209564888106340558287762532356251637258398401846377922451692640383953053577384608293675046043906591724400907098081482508558109337883729893322775980233270148019416024194836854355986212330386751079897066437531206720139847788674454652536826169059736982479309839712946775980354134355139497105828903507866078114564099313317787443741699279748434354864282108704676095037950494415256322118446288427475749205978851269324596498940292431098699161055964032010937538805061400810880000778141585221295661960121653758465320161828777956679765905691202874393069942123161082732764368596183256668409871482159496291125676747387545891967471970332324907043570197065229386255163866210107746591699208187600383560179818969453567831278240700442063884730676248072277428758811049044505165207447625337690420755566586468658464699479123316310221422249448698305310672839958780605303472889516860143027145177515370450071696550435492232120322043063691965361723395875593008624959077336291918422102723834317166910996064524649015409608752666201483300762871511859764063373890148278177809805652145087320758176512244533527455768775288472468173058226911606466872593531508148161676285352943462011002190857608776236684046340174542430222058576499294988381146454595597263037160378537615336897786042277320478072097407340558283482141549662764283552119459527581461893643846659547870636532369265183913568123722036339480903754648521616619057903781503568205185217235072797861330128470070267844936090268012670941851047068925354276958161539676537005868795463212285597973708092562582967912642628361633803674148546236045106072142804	2,3,3,3,3,3,3,3,3,-3,-3,-3	-4,-4,3,3,3,3,3,3,3,3,3,3	ok
1.451451	12.552553	-55.713942	0.343773	continued:5	30202920268257714220296010089345710995565877019664095498865225749199342152807611938856960214582501211693450742681944830680085042776774497109079917447866900614562466173599739216008128699278025331330411443787482345010263216178424250018365361356950272463540126306018939451839865953429518165420628892996704349725994754015140261652895723373569119758386872312465651244072630423033486129783118424779941636024449580834933858749659639432027188539641503779874502364293040581406132299503788114580259630196995653459294986678977559834773739716351099704639419174908636020856909869027494102628084240761241614219102177484409073929668014262354833049264474150689205152286629387880067773343390875433565551569121278236186428221708156881250641142755437490728949576108025196029657985800793652337460877946102770881807760874669759177035252865231061550258967890304897022974937680541106620842578777527818701728345512556793465639674081551861790120857189936279538659389718355836001549683884250767744226396939114805881855883835832082929383550814199595967026876498730503949321026706056861014631758843863605397845341431880188077510630862634709982762358597933759264043980272735231793851342202096078610598726506540110914006713555865306716953116916016388739482117787877633219826057509635074354706328044870040049434082113384031176447494627509559899569709274353737804594879545294793155142005561312671860118940976156048575804570346094186688815919718740840967678604882969779685162738015187929617868603400357617911589881056128657270023007794287317827157413148304020420321951225614584113702405833499502709259977398308278956501187282083448724490854388514264699390039331708541368886212152569333275234038942792780192550108710727675347495425374206904500735048853682177505487458072709019995040356670056529621339896703515065580086586558353947987950422723021942650802445963716865279511784623016573175849337913302753769042233917959819796120441325196681683608883796829809594244212086212950387591950102568892731694303576747116037939962316393886637401527506664219191260462687231618876810092464183304636890029331132513458004271961632472732108801069677297221925022295664559896860100320681096607226683991752402	24739664234858138982047535273920704865888201889876711837493816699690678265963591165069870505023217046633362579621148489165328977987949899797415602900085081435628786567950676391780949633448253616219680559998014214784634910618447122667639804607217055610037222276897125660535867393387520758988742191975475097134159821776175469287214857624750265388130867415580412873925910271279382629434282479656095907178473638142326186864698341018602123575843883404208311798618679388046194707946385968872279636660172423920762823771748609336176990325713506490614247467311351878471253089939596514261196666267475682898635911908731494486904182965558798994916608466464004782386781525115550402067143147698500136991417807965993746533707493179716917949661657133802752099530380500629832889813766318693972247359960254936881029359545309059646697237241209564888106340558287762532356251637258398401846377922451692640383953053577384608293675046043906591724400907098081482508558109337883729893322775980233270148019416024194836854355986212330386751079897066437531206720139847788674454652536826169059736982479309839712946775980354134355139497105828903507866078114564099313317787443741699279748434354864282108704676095037950494415256322118446288427475749205978851269324596498940292431098699161055964032010937538805061400810880000778141585221295661960121653758465320161828777956679765905691202874393069942123161082732764368596183256668409871482159496291125676747387545891967471970332324907043570197065229386255163866210107746591699208187600383560179818969453567831278240700442063884730676248072277428758811049044505165207447625337690420755566586468658464699479123316310221422249448698305310672839958780605303472889516860143027145177515370450071696550435492232120322043063691965361723395875593008624959077336291918422102723834317166910996064524649015409608752666201483300762871511859764063373890148278177809805652145087320758176512244533527455768775288472468173058226911606466872593531508148161676285352943462011002190857608776236684046340174542430222058576499294988381146454595597263037160378537615336897786042277320478072097407340558283482141549662764283552119459527581461893643846659547870636532369265183913568123722036339480903754648521616619057903781503568205185217235072797861330128470070267844936090268012670941851047068925354276958161539676537005868795463212285597973708092562582967912642628361633803674148546236045106072142804	2,-3,-3,-3,-3,-3,-3,-3,-3,-3,-3,-3	-4,-4,3,3,3,3,3,3,3,3,3,3	ok
1.455455	12.552553	-56.457125	0.346566	continued:5	30202920268257714220296010089345710995565877019664095498865225749199342152807611938856960214582501211693450742681944830680085042776774497109079917447866900614562466173599739216008128699278025331330411443787482345010263216178424250018365361356950272463540126306018939451839865953429518165420628892996704349725994754015140261652895723373569119758386872312465651244072630423033486129783118424779941636024449580834933858749659639432027188539641503779874502364293040581406132299503788114580259630196995653459294986678977559834773739716351099704639419174908636020856909869027494102628084240761241614219102177484409073929668014262354833049264474150689205152286629387880067773343390875433565551569121278236186428221708156881250641142755437490728949576108025196029657985800793652337460877946102770881807760874669759177035252865231061550258967890304897022974937680541106620842578777527818701728345512556793465639674081551861790120857189936279538659389718355836001549683884250767744226396939114805881855883835832082929383550814199595967026876498730503949321026706056861014631758843863605390073221995296919226657898185565981347067856670558836961015468359465882026282912315467526875540704317535189575320174283105395658063144272829959419122093985418129357872958833009957259760882256379894276739114676259332236828379996828570923500010886220574312086532429537151653877634195103768367268270107571769216592855531922572990976667480564115053192801586753437765905836135218589383044283437711706215821425679977846618239592983097099619278717998589444188219266638845909766776143049826814436365215770004213819869488757034994237992251688859590933587519990002347456630921903247869861901414525744724715357032098233486152499598615591574014580242097648143476897634559458705193190215627695410924472155463971611943925990173263028736403884608829298439900487603569152389702554894824319964044018811726940223393239344179833779543199608270238010310977178840449284460010914205028653387184932901983355723076435791590970424884692116339654854762206121641227232336219681279962754466975384233489657785238646148455652594485760866989405968596310120978903513005882236710843332432274360319549831714246000	24739664234858138982047535273920704865888201889876711837493816699690678265963591165069870505023217046633362579621148489165328977987949899797415602900085081435628786567950676391780949633448253616219680559998014214784634910618447122667639804607217055610037222276897125660535867393387520758988742191975475097134159821776175469287214857624750265388130867415580412873925910271279382629434282479656095907178473638142326186864698341018602123575843883404208311798618679388046194707946385968872279636660172423920762823771748609336176990325713506490614247467311351878471253089939596514261196666267475682898635911908731494486904182965558798994916608466464004782386781525115550402067143147698500136991417807965993746533707493179716917949661657133802752099530380500629832889813766318693972247359960254936881029359545309059646697237241209564888106340558287762532356251637258398401846377922451692640383953053577384608293675046043906591724400907098081482508558109337883729893322775980233270148019416024194836854355986212330386751079897066437531206720139847788674454652536826169059736982479309839712946775980354134355139497105828903507866078114564099313317787443741699279748434354864282108704676095037950494415256322118446288427475749205978851269324596498940292431098699161055964032010937538805061400810880000778141585221295661960121653758465320161828777956679765905691202874393069942123161082732764368596183256668409871482159496291125676747387545891967471970332324907043570197065229386255163866210107746591699208187600383560179818969453567831278240700442063884730676248072277428758811049044505165207447625337690420755566586468658464699479123316310221422249448698305310672839958780605303472889516860143027145177515370450071696550435492232120322043063691965361723395875593008624959077336291918422102723834317166910996064524649015409608752666201483300762871511859764063373890148278177809805652145087320758176512244533527455768775288472468173058226911606466872593531508148161676285352943462011002190857608776236684046340174542430222058576499294988381146454595597263037160378537615336897786042277320478072097407340558283482141549662764283552119459527581461893643846659547870636532369265183913568123722036339480903754648521616619057903781503568205185217235072797861330128470070267844936090268012670941851047068925354276958161539676537005868795463212285597973708092562582967912642628361633803674148546236045106072142804	-2,-3,-3,-3,-3,-3,-3,-3,-3,-3,-3,-3	-4,-4,3,3,3,3,3,3,3,3,3,3	ok
1.459459	12.552553	-56.958948	0.349360	continued:5	30202920268257714220296010089345710995565877019664095498865225749199342152807611938856960214582501211693450742681944830680085042776774497109079917447866900614562466173599739216008128699278025331330411443787482345010263216178424250018365361356950272463540126306018939451839865953429518165420628892996704349725994754015140261652895723373569119758386872312465651244072630423033486129783118424779941636024449580834933858749659639432027188539641503779874502364293040581406132299503788114580259630196995653459294986678977559834773739716351099704639419174908636020856909869027494102628084240761241614219102177484409073929668014262354833049264474150689205152286629387880067773343390875433565551569121278236186428221708156881250641142755437490728949576108025196029657985800793652337460877946102770881807760874669759177035252865231061550258967890304897022974937680541106620842578777527818701728345512556793465639674081551861790120857189936279538659389718355836001549683884250767744226396939114805881855883835832082929383550814199595967026876498730503949321026706056861014631758843863605382301102558713650375805165508497252711373354743183914657986956446196532258714482428838975140482682128530268236633635010345484599173171629643530098762070182958625495919860156384840164815436467889748504044147239134633297209265366147581947430312498087410819578185313779510152613262828894864874417599238987489857381140717750959293137415242387389138706998290537095846648934255249249148219963475065794520052970303827035966456178171906881411400022848874867956116582052077235419849880266154126163470454141700148683237790231986539751493648989204917167785000648296153544375631653926406448568790108696669238163955485739296957503771856976243528425435341614109448307811046208390391340074585334292227604414224428158307765393788172109484857346494636654228998529243421439499893325166632066752238699710151126677744244770399847762965957891343794337013070560851088974675809742197106919182419763235073979751849294836065902909807067838792672307996905579063263204209752130941048698841486585162342425541146159783453300917009889261246703136122942944735882003716099913524826564543867624031872979436739599	24739664234858138982047535273920704865888201889876711837493816699690678265963591165069870505023217046633362579621148489165328977987949899797415602900085081435628786567950676391780949633448253616219680559998014214784634910618447122667639804607217055610037222276897125660535867393387520758988742191975475097134159821776175469287214857624750265388130867415580412873925910271279382629434282479656095907178473638142326186864698341018602123575843883404208311798618679388046194707946385968872279636660172423920762823771748609336176990325713506490614247467311351878471253089939596514261196666267475682898635911908731494486904182965558798994916608466464004782386781525115550402067143147698500136991417807965993746533707493179716917949661657133802752099530380500629832889813766318693972247359960254936881029359545309059646697237241209564888106340558287762532356251637258398401846377922451692640383953053577384608293675046043906591724400907098081482508558109337883729893322775980233270148019416024194836854355986212330386751079897066437531206720139847788674454652536826169059736982479309839712946775980354134355139497105828903507866078114564099313317787443741699279748434354864282108704676095037950494415256322118446288427475749205978851269324596498940292431098699161055964032010937538805061400810880000778141585221295661960121653758465320161828777956679765905691202874393069942123161082732764368596183256668409871482159496291125676747387545891967471970332324907043570197065229386255163866210107746591699208187600383560179818969453567831278240700442063884730676248072277428758811049044505165207447625337690420755566586468658464699479123316310221422249448698305310672839958780605303472889516860143027145177515370450071696550435492232120322043063691965361723395875593008624959077336291918422102723834317166910996064524649015409608752666201483300762871511859764063373890148278177809805652145087320758176512244533527455768775288472468173058226911606466872593531508148161676285352943462011002190857608776236684046340174542430222058576499294988381146454595597263037160378537615336897786042277320478072097407340558283482141549662764283552119459527581461893643846659547870636532369265183913568123722036339480903754648521616619057903781503568205185217235072797861330128470070267844936090268012670941851047068925354276958161539676537005868795463212285597973708092562582967912642628361633803674148546236045106072142804	1,-3,-3,-3,-3,-3,-3,-3,-3,-3,-3,-3	-4,-4,3,3,3,3,3,3,3,3,3,3	ok
1.463463	12.552553	-57.306145	0.352153	continued:5	30202920268257714220296010089345710995565877019664095498865225749199342152807611938856960214582501211693450742681944830680085042776774497109079917447866900614562466173599739216008128699278025331330411443787482345010263216178424250018365361356950272463540126306018939451839865953429518165420628892996704349725994754015140261652895723373569119758386872312465651244072630423033486129783118424779941636024449580834933858749659639432027188539641503779874502364293040581406132299503788114580259630196995653459294986678977559834773739716351099704639419174908636020856909869027494102628084240761241614219102177484409073929668014262354833049264474150689205152286629387880067773343390875433565551569121278236186428221708156881250641142755437490728949576108025196029657985800793652337460877946102770881807760874669759177035252865231061550258967890304897022974937680541106620842578777527818701728345512556793465639674081551861790120857189936279538659389718355836001549683884250767744226396939114805881855883835832082929383550814199595967026876498730503949321026706056861014631758843863605366756863685547112674099700154359795439984350888434070051929932619657832723577622655581871670366637750520425559260556464825662481393226343270671458042022578039617772013662803134605974924544890909456958654212364885235417971036104785603995290915721821083834561491082264227150084520096477057888716257501818931138957711089407731897458910766033937309735391698104412008135130495310568678571323549773971128516059551525414662889348549526444995642632549445715491911212878539886725997354698808749617680930885092018409974393181889630778496443589895569636179961964883765719865051155283479621903541274600558283777802260750918567512118339745582556115821829546041391128164019707760787639792500612054833868931745341251035444201017990270981764270266251365807194612523126013720274865710247560328628061506999499586446255622839875729811474457490906990417257324872368355107407398181263450772889423901255227809395012925015767879651819283698707214466304493907335147956817030263220587590508987020047961052961187053448597562058146049761297471176208592249838985136535267152793028767054151456519274881726800	9027227721870172006245044146477838445657187874071290476315260865082239070815083233558100589614347395096932914818343663740573801661295081749028797290351768478333165330026411597614591658491845821765019368236253621882452545304184694654900019401578282504981266293599558292952394942393143823833259146674999464312197681881122756679550466377570171823717389371022415208952266350450413113173023171594158612746255959663464815437304199441072265131379812005193993512558537773629733554978408209571931779442785757066980770806262801311187832581319068242000783878169696515980223483935324209452030439569148105579017393297322249472324071680314179461364568139175413331968639226359718756218565022535502837316717147400510332314299142520836318617638152956551994500154760376162341809886724396080632327242045993877121773870713189748810957593289914932881126920288534392084990934351879203566425420936734350695971686618413448390187324974654792753350336994528641575228163786746373376914580181583245226908385886240957534662324484763262885466408039677963840555640677896756729310555568638546333824797498561649705120088630205060958066349217332691488014914471668920349124227987299452381561995239469279787860171905420500030227595476279615628738855996842731922295412827423601473343254893249302052106895541055106410936719380440470626967442579645297170456514032171483380949598726922883665182977513032383815303527637763156844502546290132995519877555979041162661352154695942564560106671114182584457375250777967299710818757052509300760296298882540067191804374963071901405753876121488641496212349702477372595861310741090910048078048068652632562511936211533345086177426323853247284838989069035437707455461725287580761157412870242660797696221919090320439137152192339378146289008074461204582719480080698153912819498427665538673602964505835094648618891610462738531603526083641036177873696549190514940262674905559998923005710326241749849077060584680885988206625627785247345310160587275190561176301013915804282373240209882964848300341710563782027724313634163079117263517882804640936736643261743498393788382196641770009739213087853710082756271747461099310195101385318697059781975080905927860597701580495429421509460778020579672342199479417039	0,-3,-3,-3,-3,-3,-3,-3,-3,-3,-3,-3	-4,3,3,3,3,3,3,3,3,3,3,-3	ok
1.467467	12.552553	-57.541027	0.350904	continued:5	30202920268257714220296010089345710995565877019664095498865225749199342152807611938856960214582501211693450742681944830680085042776774497109079917447866900614562466173599739216008128699278025331330411443787482345010263216178424250018365361356950272463540126306018939451839865953429518165420628892996704349725994754015140261652895723373569119758386872312465651244072630423033486129783118424779941636024449580834933858749659639432027188539641503779874502364293040581406132299503788114580259630196995653459294986678977559834773739716351099704639419174908636020856909869027494102628084240761241614219102177484409073929668014262354833049264474150689205152286629387880067773343390875433565551569121278236186428221708156881250641142755437490728949576108025196029657985800793652337460877946102770881807760874669759177035252865231061550258967890304897022974937680541106620842578777527818701728345512556793465639674081551861790120857189936279538659389718355836001549683884250767744226396939114805881855883835832082929383550814199595967026876498730503949321026706056861014631758843863605366756863685547112674099700154359795439984350888434070051929932619657832723577622655581871670366637750520425559260556464825662481393226343270671458042022578039617772013662803134605974924544890909456958654212364885235417971036104785603995290915721821083834561491082264227150084520096477057888716257501818931138957711089407731897458910766033937309735391698104412008135130495310568678571323549773971128516059551525414662889348549526444995642632549445715491911212878539886725997354698808749617680930885092018409974393181889630778496443589895569636179961964883765719865051155283479621903541274600558283777802260750918567512118339745582556115821829546041391128164019707760787639792500612054833868931745341251035444201017990270981764270266251365807194612523126013720274865710247560328628061506999499586446255622839875729811474457490906990417257324872368355107407398181263450772889423901255227809395012925015767879651819283698707214466304493907335147956817030263220587590508987020047961052961187053448597562058146049761297471176208592249838985136535267152793028767054151456519274881726800	9027227721870172006245044146477838445657187874071290476315260865082239070815083233558100589614347395096932914818343663740573801661295081749028797290351768478333165330026411597614591658491845821765019368236253621882452545304184694654900019401578282504981266293599558292952394942393143823833259146674999464312197681881122756679550466377570171823717389371022415208952266350450413113173023171594158612746255959663464815437304199441072265131379812005193993512558537773629733554978408209571931779442785757066980770806262801311187832581319068242000783878169696515980223483935324209452030439569148105579017393297322249472324071680314179461364568139175413331968639226359718756218565022535502837316717147400510332314299142520836318617638152956551994500154760376162341809886724396080632327242045993877121773870713189748810957593289914932881126920288534392084990934351879203566425420936734350695971686618413448390187324974654792753350336994528641575228163786746373376914580181583245226908385886240957534662324484763262885466408039677963840555640677896756729310555568638546333824797498561649705120088630205060958066349217332691488014914471668920349124227987299452381561995239469279787860171905420500030227595476279615628738855996842731922295412827423601473343254893249302052106895541055106410936719380440470626967442579645297170456514032171483380949598726922883665182977513032383815303527637763156844502546290132995519877555979041162661352154695942564560106671114182584457375250777967299710818757052509300760296298882540067191804374963071901405753876121488641496212349702477372595861310741090910048078048068652632562511936211533345086177426323853247284838989069035437707455461725287580761157412870242660797696221919090320439137152192339378146289008074461204582719480080698153912819498427665538673602964505835094648618891610462738531603526083641036177873696549190514940262674905559998923005710326241749849077060584680885988206625627785247345310160587275190561176301013915804282373240209882964848300341710563782027724313634163079117263517882804640936736643261743498393788382196641770009739213087853710082756271747461099310195101385318697059781975080905927860597701580495429421509460778020579672342199479417039	0,-3,-3,-3,-3,-3,-3,-3,-3,-3,-3,-3	-4,3,3,3,3,3,3,3,3,3,3,-3	ok
1.471471	12.552553	-57.756981	0.350196	continued:5	30202920268257714220296010089345710995565877019664095498865225749199342152807611938856960214582501211693450742681944830680085042776774497109079917447866900614562466173599739216008128699278025331330411443787482345010263216178424250018365361356950272463540126306018939451839865953429518165420628892996704349725994754015140261652895723373569119758386872312465651244072630423033486129783118424779941636024449580834933858749659639432027188539641503779874502364293040581406132299503788114580259630196995653459294986678977559834773739716351099704639419174908636020856909869027494102628084240761241614219102177484409073929668014262354833049264474150689205152286629387880067773343390875433565551569121278236186428221708156881250641142755437490728949576108025196029657985800793652337460877946102770881807760874669759177035252865231061550258967890304897022974937680541106620842578777527818701728345512556793465639674081551861790120857189936279538659389718355836001549683884250767744226396939114805881855883835832082929383550814199595967026876498730503949321026706056861014631758843863605366756863685547112674099700154359795439984350888434070051929932619657832723577622655581871670366637750520425559260556464825662481393226343270671458042022578039617772013662803134605974924544890909456958654212364885235417971036104785603995290915721821083834561491082264227150084520096477057888716257501818931138957711089407731897458910766033937309735391698104412008135130495310568678571323549773971128516059551525414662889348549526444995642632549445715491911212878539886725997354698808749617680930885092018409974393181889630778496443589895569636179961964883765719865051155283479621903541274600558283777802260750918567512118339745582556115821829546041391128164019707760787639792500612054833868931745341251035444201017990270981764270266251365807194612523126013720274865710247560328628061506999499586446255622839875729811474457490906990417257324872368355107407398181263450772889423901255227809395012925015767879651819283698707214466304493907335147956817030263220587590508987020047961052961187053448597562058146049761297471176208592249838985136535267152793028767054151456519274881726800	9027227721870172006245044146477838445657187874071290476315260865082239070815083233558100589614347395096932914818343663740573801661295081749028797290351768478333165330026411597614591658491845821765019368236253621882452545304184694654900019401578282504981266293599558292952394942393143823833259146674999464312197681881122756679550466377570171823717389371022415208952266350450413113173023171594158612746255959663464815437304199441072265131379812005193993512558537773629733554978408209571931779442785757066980770806262801311187832581319068242000783878169696515980223483935324209452030439569148105579017393297322249472324071680314179461364568139175413331968639226359718756218565022535502837316717147400510332314299142520836318617638152956551994500154760376162341809886724396080632327242045993877121773870713189748810957593289914932881126920288534392084990934351879203566425420936734350695971686618413448390187324974654792753350336994528641575228163786746373376914580181583245226908385886240957534662324484763262885466408039677963840555640677896756729310555568638546333824797498561649705120088630205060958066349217332691488014914471668920349124227987299452381561995239469279787860171905420500030227595476279615628738855996842731922295412827423601473343254893249302052106895541055106410936719380440470626967442579645297170456514032171483380949598726922883665182977513032383815303527637763156844502546290132995519877555979041162661352154695942564560106671114182584457375250777967299710818757052509300760296298882540067191804374963071901405753876121488641496212349702477372595861310741090910048078048068652632562511936211533345086177426323853247284838989069035437707455461725287580761157412870242660797696221919090320439137152192339378146289008074461204582719480080698153912819498427665538673602964505835094648618891610462738531603526083641036177873696549190514940262674905559998923005710326241749849077060584680885988206625627785247345310160587275190561176301013915804282373240209882964848300341710563782027724313634163079117263517882804640936736643261743498393788382196641770009739213087853710082756271747461099310195101385318697059781975080905927860597701580495429421509460778020579672342199479417039	0,-3,-3,-3,-3,-3,-3,-3,-3,-3,-3,-3	-4,3,3,3,3,3,3,3,3,3,3,-3	ok
1.475475	12.552553	-57.950928	0.349822	full	30202920268257714220296010089345710995565877019664095498865225749199342152807611938856960214582501211693450742681944830680085042776774497109079917447866900614562466173599739216008128699278025331330411443787482345010263216178424250018365361356950272463540126306018939451839865953429518165420628892996704349725994754015140261652895723373569119758386872312465651244072630423033486129783118424779941636024449580834933858749659639432027188539641503779874502364293040581406132299503788114580259630196995653459294986678977559834773739716351099704639419174908636020856909869027494102628084240761241614219102177484409073929668014262354833049264474150689205152286629387880067773343390875433565551569121278236186428221708156881250641142755437490728949576108025196029657985800793652337460877946102770881807760874669759177035252865231061550258967890304897022974937680541106620842578777527818701728345512556793465639674081551861790120857189936279538659389718355836001549683884250767744226396939114805881855883835832082929383550814199595967026876498730503949321026706056861014631758843863605366756863685547112674099700154359795439984350888434070051929932619657832723577622655581871670366637750520425559260556464825662481393226343270671458042022578039617772013662803134605974924544890909456958654212364885235417971036104785603995290915721821083834561491082264227150084520096477057888716257501818931138957711089407731897458910766033937309735391698104412008135130495310568678571323549773971128516059551525414662889348549526444995642632549445715491911212878539886725997354698808749617680930885092018409974393181889630778496443589895569636179961964883765719865051155283479621903541274600558283777802260750918567512118339745582556115821829546041391128164019707760787639792500612054833868931745341251035444201017990270981764270266251365807194612523126013720274865710247560328628061506999499586446255622839875729811474457490906990417257324872368355107407398181263450772889423901255227809395012925015767879651819283698707214466304493907335147956817030263220587590508987020047961052961187053448597562058146049761297471176208592249838985136535267152793028767054151456519274881726800	1674818708245804337566545367698106842282905210402431870596043265482645927448833338958184352635106552171933200905885837866450877159629081464575562286062599129140995993449908243047303924088969743677834422488601382461173040586152908188899563652482579416764323881022104739462056471098234374983528550295282004917958508134333663153685157490159917024013671491923948890240445361583712489057143799357224296301778976571095675217655958692908164241980913843004192237204821863251314020361425078957623183100928556195117402005570594790952324388853551518843438499606829250530587239843964433061923231952171697499796604318196322152580546367881628922155770488833430858404247572897656359176567422311809414283508669684903035173845475434156040173474565964892914894932019657716485740323400529020935865757411637009017645503714070390094397241651607403760094006058004133297800971390269550954366308576406499825439694113397853788903689059829283872273575914094767641762586836795135225730577314415944046585668778735377421627484153532645455133532520104501477388865181885793792505517444879694289911510375003856930827323383723562925587294357573059170701606703536593020827528350999261937740374689741623537806393668647172408791846549801621448872175379392820391472794885661393082786002378260148355865387830766335589195832362828612646822692811114549041721930904449379694351413303883686805496765551820349849641631592731112967733111960056397757439424223943015255809592444794570099966567379950412680973524343840589095217537880885942002251585333241572683901105283358459598599199417870304128898709046967879463310628784143594342042978978941219904480387978020645599085945917453307764529498168951726449749405733247365541388026400767407323114978699095299994813495690723860415385971053712260697421027200538980229167085727657639276948487046017309367175376994104059177589184527112395855470654755231094167835331662472647282342705926957230962318003797346887314647778277248870393084724376883085219847530571434916922370043720026112498674272150752026693106932531661113566178671413509138458018368790094703713672567075095596974359445274794431622170990274531821171211918423177813704022449380323287867241040082455208	0,-3,-3,-3,-3,-3,-3,-3,-3,-3,-3,-3	-4,3,3,3,3,3,3,3,3,3,-3,-3	ok
1.479479	12.552553	-18.738332	0.329575	continued:5	24739664234858138982047535273920704865888201889876711837493816699690678265963591165069870505023217046633362579621148489165328977987949899797415602900085081435628786567950676391780949633448253616219680559998014214784634910618447122667639804607217055610037222276897125660535867393387520758988742191975881454668757766456386039099618304136651166884285837894817315224103333988986022139294086321685154999346340705988103078279492809641656432950215478117816222205266648568411397418925046010008480574710698821954765024242012324702958840527170691397468834926110714722062344576291849261675828451121993701604115701508243628541371186781104664750453506678450990658685568877319368724842489366294600223726679557182485111500144011805314426535016123806594563159834704421627591278254098145543334614838595418659350735064119136615550909153916789982856517125346862661227399851506503677119661384586623759841225285653771144345770541906184539519104941031220044588169549394770200017461390905581925298086151522809307449802203222974575540394725875975613318942282656692285373790701768039928224139907689742983609684357165165999207726031406986345064845442052163822899745749684239296069717432693993739901942491195871247188184005615510630776861376984238652303646778001634413338165130199609468058508544045746494195268749484849824012620331758569013020776626783063332117752802181776519313090609855953375939627550204180850738538170995865172439639130569385522915005804462710634577373404977953450014915714636684768441064353200690527450995854246314508816136290930370926176972899117303143383092939843611379493175310642725436489514443004567685150909058381766559046579596069841216695861281021535243499946132037288513793387254527376440416388834198426624491288670575189200051053551157151442408616997084022662585673651549638054761986439613997609199784619499602986784278171389536097630071742334526837638060572244579466826554863557604955847781292089370263194704513519150584489620779173486163593913824564254091087891725040640812031417463303890401757164661491055170005721174364456391595278006481088278343201780101327801736450621200126860216453732644663225288786921875611344182195129495612958964988881489462876201811056033355336073605747057116758828127948061714406009458933531046312908842245024036684906014326947809963197583821280707405408113066631548664026886413072408166973225981864031627254667552852693015299420576512048882905902224548023244875	1674818708245804337566545367698106842282905210402431870596043265482645927448833338958184352635106552171933200905885837866450877159629081464575562286062599129140995993449908243047303924088969743677834422488601382461173040586152908188899563652482579416764323881022104739462056471098234374983528550295282004917958508134333663153685157490159917024013671491923948890240445361583712489057143799357224296301778976571095675217655958692908164241980913843004192237204821863251314020361425078957623183100928556195117402005570594790952324388853551518843438499606829250530587239843964433061923231952171697499796604318196322152580546367881628922155770488833430858404247572897656359176567422311809414283508669684903035173845475434156040173474565964892914894932019657716485740323400529020935865757411637009017645503714070390094397241651607403760094006058004133297800971390269550954366308576406499825439694113397853788903689059829283872273575914094767641762586836795135225730577314415944046585668778735377421627484153532645455133532520104501477388865181885793792505517444879694289911510375003856930827323383723562925587294357573059170701606703536593020827528350999261937740374689741623537806393668647172408791846549801621448872175379392820391472794885661393082786002378260148355865387830766335589195832362828612646822692811114549041721930904449379694351413303883686805496765551820349849641631592731112967733111960056397757439424223943015255809592444794570099966567379950412680973524343840589095217537880885942002251585333241572683901105283358459598599199417870304128898709046967879463310628784143594342042978978941219904480387978020645599085945917453307764529498168951726449749405733247365541388026400767407323114978699095299994813495690723860415385971053712260697421027200538980229167085727657639276948487046017309367175376994104059177589184527112395855470654755231094167835331662472647282342705926957230962318003797346887314647778277248870393084724376883085219847530571434916922370043720026112498674272150752026693106932531661113566178671413509138458018368790094703713672567075095596974359445274794431622170990274531821171211918423177813704022449380323287867241040082455208	-1,-4,-4,3,3,3,3,3,3,3,3,3	-4,3,3,3,3,3,3,3,3,3,-3,-3	ok
1.483483	12.552553	-48.496265	0.332368	continued:5	9027227721870172006245044146477838445657187874071290476315260865082239070815083233558100589614347395096932914818343663740573801661295081749028797290351768478333165330026411597614591658491845821765019368236253621882452545304184694654900019401578282504981266293599558292952397185235964798199792212616064554897724832733535213286287260457274743702064533978933970378384893468385419082352687903498360251951211533874909226311852161139167382860114910575947121347013418497457975648239911975808245526939951269360353822375758592495671767443896403032107537874984433443725231735274502523239357127643248629262882647530928030255102655307038962288299658545808210841838353826430194085279606072857710703860317731641876487141841101814779811661765283808483153809784284034292826666369323742014358488626164826146297675003266811612266094328288620493329633779710488680740357619229395993515649678297658286542255956393918691775372409712325786207090268204634186208515033888333225081895424192680662000217946220607624190405998873862594522646455121867166792993229136311949670805214896233331838713586872769714934026608733037329452337819647101157022635525584837169370861453356489148847426282686046400951432534008350360925841811507270525491136595025017645789606848649821708228776633316119645099097986002558907407100972075523447839653503963941470550685100977645052947091095023296579202049705461671312466819164489138332361165732897026269809864336578541580411921367167263409699499907871747011197759086934331359805922658731330461654943609626984524159787248849363888965080150087312050332387883870164554231039387560378657996685151520841085923731347219776149795984274002093022022171394065561631778338751234928578135532057944223510249278141662305998500816018983001170914838507203727902575826765795075361286538325150388241886325994880590207682971556768230853968788515856286157226413535432015265854853437153150138429675159141320191576816228023734282722934575285769418741415516163329061443765082331299267798494991980480500015157612975939808549636634286441337395625345677393314529008088727395427694513160443987224993929870157049087190806720161452218397766872132322701802604456459695868292735223121141165955940409746872963480160927502372583	1674818708245804337566545367698106842282905210402431870596043265482645927448833338958184352635106552171933200905885837866450877159629081464575562286062599129140995993449908243047303924088969743677834422488601382461173040586152908188899563652482579416764323881022104739462056471098234374983528550295282004917958508134333663153685157490159917024013671491923948890240445361583712489057143799357224296301778976571095675217655958692908164241980913843004192237204821863251314020361425078957623183100928556195117402005570594790952324388853551518843438499606829250530587239843964433061923231952171697499796604318196322152580546367881628922155770488833430858404247572897656359176567422311809414283508669684903035173845475434156040173474565964892914894932019657716485740323400529020935865757411637009017645503714070390094397241651607403760094006058004133297800971390269550954366308576406499825439694113397853788903689059829283872273575914094767641762586836795135225730577314415944046585668778735377421627484153532645455133532520104501477388865181885793792505517444879694289911510375003856930827323383723562925587294357573059170701606703536593020827528350999261937740374689741623537806393668647172408791846549801621448872175379392820391472794885661393082786002378260148355865387830766335589195832362828612646822692811114549041721930904449379694351413303883686805496765551820349849641631592731112967733111960056397757439424223943015255809592444794570099966567379950412680973524343840589095217537880885942002251585333241572683901105283358459598599199417870304128898709046967879463310628784143594342042978978941219904480387978020645599085945917453307764529498168951726449749405733247365541388026400767407323114978699095299994813495690723860415385971053712260697421027200538980229167085727657639276948487046017309367175376994104059177589184527112395855470654755231094167835331662472647282342705926957230962318003797346887314647778277248870393084724376883085219847530571434916922370043720026112498674272150752026693106932531661113566178671413509138458018368790094703713672567075095596974359445274794431622170990274531821171211918423177813704022449380323287867241040082455208	-2,-4,-4,3,3,3,3,3,3,3,3,-3	-4,3,3,3,3,3,3,3,3,3,-3,-3	ok
1.487487	12.552553	-52.210465	0.335162	continued:5	9027227721870172006245044146477838445657187874071290476315260865082239070815083233558100589614347395096932914818343663740573801661295081749028797290351768478333165330026411597614591658491845821765019368236253621882452545304184694654900019401578282504981266293599558292952394942393143823833259146674999464312197681881122756679550466377570171823717389371022415208952266350450413113173023171594158612746255959663464815437304199441072265131379812005193993512558537773629733554978408209571931779442785757066980770806262801311187832581319068242000783878239351675828042706309451720069962697625211985849781283213528424072635126550261437011921003583568506605777651393626859411496397813966780010973773231478900484254896674594000833038287997914136519943297308150713788215017539120474648164026810863463834864554984993292260660480862637562044813746286299335808201707646144831640763870723872038279664350816615365276998847084262574708275877896306397864177691800196024482049032071856682244848801165898827296873419372320009111150327713490590475757398675429927184801563618211204027868161503579084261920186087737426518674135615797699325735988603507705199159792384000885411127727899629979743460281667846145650834871694802173513498220255111516932903772893576472524427041333405657996907842006157769382008981313275707231483733924217115569237847371588120720542841289084786564052187939798587784503069411104225583097451326091204021881684490184351460880118941505718834303291812301286353898590635958301843205117596790008832930284278854699123027074976582981225250998249493062887954707399847357886187881777170000981227885606852063380245158699040801434390484083968657920677181192963554910862726595220417081025462590652505402338331342709998202161368191588363321702325908345735327604362659724962553992506880940051005069380050045659302258531163701054716131984795357211382022504894795945932076876816955529836223716623309258967343762556613419008547981166147026762052968035924860783308792576262404826081379177314634882514805942945885316489279954356464427623549085468965822606584609880773150479389359916799901649927254839980581070357106604306136485973604297912955130690066185916627098088341737202087453967586788366457982743973072148	1674818708245804337566545367698106842282905210402431870596043265482645927448833338958184352635106552171933200905885837866450877159629081464575562286062599129140995993449908243047303924088969743677834422488601382461173040586152908188899563652482579416764323881022104739462056471098234374983528550295282004917958508134333663153685157490159917024013671491923948890240445361583712489057143799357224296301778976571095675217655958692908164241980913843004192237204821863251314020361425078957623183100928556195117402005570594790952324388853551518843438499606829250530587239843964433061923231952171697499796604318196322152580546367881628922155770488833430858404247572897656359176567422311809414283508669684903035173845475434156040173474565964892914894932019657716485740323400529020935865757411637009017645503714070390094397241651607403760094006058004133297800971390269550954366308576406499825439694113397853788903689059829283872273575914094767641762586836795135225730577314415944046585668778735377421627484153532645455133532520104501477388865181885793792505517444879694289911510375003856930827323383723562925587294357573059170701606703536593020827528350999261937740374689741623537806393668647172408791846549801621448872175379392820391472794885661393082786002378260148355865387830766335589195832362828612646822692811114549041721930904449379694351413303883686805496765551820349849641631592731112967733111960056397757439424223943015255809592444794570099966567379950412680973524343840589095217537880885942002251585333241572683901105283358459598599199417870304128898709046967879463310628784143594342042978978941219904480387978020645599085945917453307764529498168951726449749405733247365541388026400767407323114978699095299994813495690723860415385971053712260697421027200538980229167085727657639276948487046017309367175376994104059177589184527112395855470654755231094167835331662472647282342705926957230962318003797346887314647778277248870393084724376883085219847530571434916922370043720026112498674272150752026693106932531661113566178671413509138458018368790094703713672567075095596974359445274794431622170990274531821171211918423177813704022449380323287867241040082455208	1,-4,3,3,3,3,3,3,3,3,3,-3	-4,3,3,3,3,3,3,3,3,3,-3,-3	ok
1.491491	12.552553	-54.453960	0.337955	continued:5	30202920268257714220296010089345710995565877019664095498865225749220960604015052557062743790514303797854077637293569921000870396925526515983150731521267335089025405517472896933326352035670910501680009305307357689186457723131257009509534091670430870863502598474149048398761204889656990100878052743549637756726566851031510230666221054939931799060605621094463943911105194419638882001731513889010426644375793267846557260810495756032628826988956013782537290695348254913833827203136411994037525881037405685062393130959371628628301882198404504759993802165606161360086635211164413078874791737997957985021489744885973704878149758102742381401260673795237647101650188687271254377641037407258779168285135882920771657867437611597011124697772708942925850666224984951532664947006079450463692275966986000459639782478221898975766386209552220595009727709038348845566079959719673203342514161790266638398654318298554126761023578918546057245191939675985863804730522530874132752807551370878408754793502653513802415888216681030894608073905717393695976758126693302604330411196435472663366916484300218425267674977910302859404724807197955850338639871833947139339279050325606894529645155150393122675033280529223028732299336272430461663644149217828608292286839662318324369965392886171289360506294916975083836834841854679967423922175894876804673290288607280579088590455350803161714660798514521942206486871451654795744523797944717264808360103865005483912216495065831949776954769807962455300530767265025829973867024473533391111915835213694125387475050219932390221464860674719466234708367898268526541093255393711882453992428159314304208418452539237796616165126219938732928475183026233804756125169085913137199422800765697695384407884073724532795447280100734149028720039044894343290404565703743108599475826066752086535677276818877615043701944708607961793246346566875184652887552769262644552895109914703259720421785987931259192724718528904320273389382290682440148846127077083287365015960643336120530880950169984988706541556871255824087429458710409587185615054792375390170318975447136817426288617111905459030656262378799191009053961410094974395271515182549913342682668554279591400131814190389	30684186662718090054152588506030303727521850347510377446772616701708291599884415229235209087205973850720422324707958467045248250299222579118594463922733421057872043362908249275384854003142514850228930522179115354547113487485021269964089733010092954973389317626536181919860760128699856561290265138244268792934217364717185914404089878299005242252608173395658788315758089082748563574110633231266503140806466255720699524832239232624995978533927627601768560000172666700653821401066824642262988284783464515694400238264674448261353753932444570757504950488134377102875744584569005256825261646573898119162174848788441955611460653553746011392090300273268871764778396038647653681523013467386683583531059936304540522386474240440018421762686031819168148037417525310292695254767944444686064825206891434638298075057251213870994790057695617113170907558595111905798501536701144932656633553456901050901646709878999548396424023944363433472331981650519596655351382727957508587528982175890152699040593753233345973371067851556148940250740414138356720158566997065842236055522024329941272401564802382460296333680579865468661888363983266738061518005101204724496547995723876149046087797907704504427513592462471033141465931059077958582722648859971393174159233586017565416454820476255295460210342898625482807031068179538451554088618912785162375154814361546513062499932554293558372279512400673248593985779045998703335498296412134545696757228939724903309572756812951313058942316831980180456565709454708865543194088144253846307078886870663942467253998084484105427841199657559248186981473363871656920433893570992061169611249477077394395631224765735954097892932675035941568239460124600364354782746119851728769798801279716715256480665518811575181201065979496060721397152662607734926522681421200048704637024206841652456349301493249344338188084712192887337967224405551481204087015054360736766899213983542002614005790678590074100993677227895032247357941490937230650743675719290754924634822747313317746976729898122769492600321583310899212698195569415094473389225926432866521299816293602674961701633026859008068148054374759220260537048716174029552776650802428910580564671050997193532285640236321	1,3,3,3,3,-3,-3,-3,-3,-3,-3,-3	-4,3,3,3,3,3,3,3,3,-3,-3,-3	ok
1.495495	12.552553	-55.698015	0.340748	continued:5	30202920268257714220296010089345710995565877019664095498865225749199342152807611938856960214582501211693450742681944830680085042776774497109079917447866900614562466173599739216008128699278025331330411443787482345010263216178424250018365361356950272463540126306018939451839865953429518165420628892996704349725994754015140261652895723373569119758386872312465651244072630423033486129783118424779941636024449580834933858749659639432027188539641503779874502364293040581406132299503788114580259630196995653459294986678977559834773739716351099704639419174908636020856909869027494102628084240761241614219102177484409073929668014262354833049264474150689205152286629387880067773343390875433565551569121278236186428221708156881250641142755437490728949576108025196029657985800793652337460877946102770881807760874669759177035252865231061550258967890304897022974937680541106620842578777527818701728345512556793465639674081551861790120857189936279538659389718355836001549683884250767744226396939114805881855883835832082929383550814199595967026876498730503949321026706056861014631758843863605397845341431880188077510630862634709982762358597933759264043980272735231793851342202096078610598726506540110914006713555865306716953116916016388739482117787877633219826057509635074354706328044870040049434082113384031176447494627509559899569709274353737804594879545294793155142005561312671860118940976156048575804570346094186688815919718740840967678604882969779685162738015187929617868603400357617911589881056128657270023007794287317827157413148304020420321951225614584113702405833499502709259977398308278956501187282083448724490854388514264699390039331708541368886212152569333275234038942792780192550108710727675347495425374206904500735048853682177505487458072709019995040356670056529621339896703515065580086586558353947987950422723021942650802445963716865279511784623016573175849337913302753769042233917959819796120441325196681683608883796829809594244212086212950387591950102568892731694303576747116037939962316393886637401527506664219191260462687231618876810092464183304636890029331132513458004271961632472732108801069677297221925022295664559896860100320681096607226683991752402	30684186662718090054152588506030303727521850347510377446772616701708291599884415229235209087205973850720422324707958467045248250299222579118594463922733421057872043362908249275384854003142514850228930522179115354547113487485021269964089733010092954973389317626536181919860760128699856561290265138244268792934217364717185914404089878299005242252608173395658788315758089082748563574110633231266503140806466255720699524832239232624995978533927627601768560000172666700653821401066824642262988284783464515694400238264674448261353753932444570757504950488134377102875744584569005256825261646573898119162174848788441955611460653553746011392090300273268871764778396038647653681523013467386683583531059936304540522386474240440018421762686031819168148037417525310292695254767944444686064825206891434638298075057251213870994790057695617113170907558595111905798501536701144932656633553456901050901646709878999548396424023944363433472331981650519596655351382727957508587528982175890152699040593753233345973371067851556148940250740414138356720158566997065842236055522024329941272401564802382460296333680579865468661888363983266738061518005101204724496547995723876149046087797907704504427513592462471033141465931059077958582722648859971393174159233586017565416454820476255295460210342898625482807031068179538451554088618912785162375154814361546513062499932554293558372279512400673248593985779045998703335498296412134545696757228939724903309572756812951313058942316831980180456565709454708865543194088144253846307078886870663942467253998084484105427841199657559248186981473363871656920433893570992061169611249477077394395631224765735954097892932675035941568239460124600364354782746119851728769798801279716715256480665518811575181201065979496060721397152662607734926522681421200048704637024206841652456349301493249344338188084712192887337967224405551481204087015054360736766899213983542002614005790678590074100993677227895032247357941490937230650743675719290754924634822747313317746976729898122769492600321583310899212698195569415094473389225926432866521299816293602674961701633026859008068148054374759220260537048716174029552776650802428910580564671050997193532285640236321	2,-3,-3,-3,-3,-3,-3,-3,-3,-3,-3,-3	-4,3,3,3,3,3,3,3,3,-3,-3,-3	ok
1.499499	12.552553	-56.455383	0.343542	continued:5	30202920268257714220296010089345710995565877019664095498865225749199342152807611938856960214582501211693450742681944830680085042776774497109079917447866900614562466173599739216008128699278025331330411443787482345010263216178424250018365361356950272463540126306018939451839865953429518165420628892996704349725994754015140261652895723373569119758386872312465651244072630423033486129783118424779941636024449580834933858749659639432027188539641503779874502364293040581406132299503788114580259630196995653459294986678977559834773739716351099704639419174908636020856909869027494102628084240761241614219102177484409073929668014262354833049264474150689205152286629387880067773343390875433565551569121278236186428221708156881250641142755437490728949576108025196029657985800793652337460877946102770881807760874669759177035252865231061550258967890304897022974937680541106620842578777527818701728345512556793465639674081551861790120857189936279538659389718355836001549683884250767744226396939114805881855883835832082929383550814199595967026876498730503949321026706056861014631758843863605390073221995296919226657898185565981347067856670558836961015468359465882026282912315467526875540704317535189575320174283105395658063144272829959419122093985418129357872958833009957259760882256379894276739114676259332236828379996828570923500010886220574312086532429537151653877634195103768367268270107571769216592855531922572990976667480564115053192801586753437765905836135218589383044283437711706215821425679977846618239592983097099619278717998589444188219266638845909766776143049826814436365215770004213819869488757034994237992251688859590933587519990002347456630921903247869861901414525744724715357032098233486152499598615591574014580242097648143476897634559458705193190215627695410924472155463971611943925990173263028736403884608829298439900487603569152389702554894824319964044018811726940223393239344179833779543199608270238010310977178840449284460010914205028653387184932901983355723076435791590970424884692116339654854762206121641227232336219681279962754466975384233489657785238646148455652594485760866989405968596310120978903513005882236710843332432274360319549831714246000	30684186662718090054152588506030303727521850347510377446772616701708291599884415229235209087205973850720422324707958467045248250299222579118594463922733421057872043362908249275384854003142514850228930522179115354547113487485021269964089733010092954973389317626536181919860760128699856561290265138244268792934217364717185914404089878299005242252608173395658788315758089082748563574110633231266503140806466255720699524832239232624995978533927627601768560000172666700653821401066824642262988284783464515694400238264674448261353753932444570757504950488134377102875744584569005256825261646573898119162174848788441955611460653553746011392090300273268871764778396038647653681523013467386683583531059936304540522386474240440018421762686031819168148037417525310292695254767944444686064825206891434638298075057251213870994790057695617113170907558595111905798501536701144932656633553456901050901646709878999548396424023944363433472331981650519596655351382727957508587528982175890152699040593753233345973371067851556148940250740414138356720158566997065842236055522024329941272401564802382460296333680579865468661888363983266738061518005101204724496547995723876149046087797907704504427513592462471033141465931059077958582722648859971393174159233586017565416454820476255295460210342898625482807031068179538451554088618912785162375154814361546513062499932554293558372279512400673248593985779045998703335498296412134545696757228939724903309572756812951313058942316831980180456565709454708865543194088144253846307078886870663942467253998084484105427841199657559248186981473363871656920433893570992061169611249477077394395631224765735954097892932675035941568239460124600364354782746119851728769798801279716715256480665518811575181201065979496060721397152662607734926522681421200048704637024206841652456349301493249344338188084712192887337967224405551481204087015054360736766899213983542002614005790678590074100993677227895032247357941490937230650743675719290754924634822747313317746976729898122769492600321583310899212698195569415094473389225926432866521299816293602674961701633026859008068148054374759220260537048716174029552776650802428910580564671050997193532285640236321	-2,-3,-3,-3,-3,-3,-3,-3,-3,-3,-3,-3	-4,3,3,3,3,3,3,3,3,-3,-3,-3	ok
1.503504	12.552553	-56.966499	0.346335	continued:5	30202920268257714220296010089345710995565877019664095498865225749199342152807611938856960214582501211693450742681944830680085042776774497109079917447866900614562466173599739216008128699278025331330411443787482345010263216178424250018365361356950272463540126306018939451839865953429518165420628892996704349725994754015140261652895723373569119758386872312465651244072630423033486129783118424779941636024449580834933858749659639432027188539641503779874502364293040581406132299503788114580259630196995653459294986678977559834773739716351099704639419174908636020856909869027494102628084240761241614219102177484409073929668014262354833049264474150689205152286629387880067773343390875433565551569121278236186428221708156881250641142755437490728949576108025196029657985800793652337460877946102770881807760874669759177035252865231061550258967890304897022974937680541106620842578777527818701728345512556793465639674081551861790120857189936279538659389718355836001549683884250767744226396939114805881855883835832082929383550814199595967026876498730503949321026706056861014631758843863605382301102558713650375805165508497252711373354743183914657986956446196532258714482428838975140482682128530268236633635010345484599173171629643530098762070182958625495919860156384840164815436467889748504044147239134633297209265366147581947430312498087410819578185313779510152613262828894864874417599238987489857381140717750959293137415242387389138706998290537095846648934255249249148219963475065794520052970303827035966456178171906881411400022848874867956116582052077235419849880266154126163470454141700148683237790231986539751493648989204917167785000648296153544375631653926406448568790108696669238163955485739296957503771856976243528425435341614109448307811046208390391340074585334292227604414224428158307765393788172109484857346494636654228998529243421439499893325166632066752238699710151126677744244770399847762965957891343794337013070560851088974675809742197106919182419763235073979751849294836065902909807067838792672307996905579063263204209752130941048698841486585162342425541146159783453300917009889261246703136122942944735882003716099913524826564543867624031872979436739599	30684186662718090054152588506030303727521850347510377446772616701708291599884415229235209087205973850720422324707958467045248250299222579118594463922733421057872043362908249275384854003142514850228930522179115354547113487485021269964089733010092954973389317626536181919860760128699856561290265138244268792934217364717185914404089878299005242252608173395658788315758089082748563574110633231266503140806466255720699524832239232624995978533927627601768560000172666700653821401066824642262988284783464515694400238264674448261353753932444570757504950488134377102875744584569005256825261646573898119162174848788441955611460653553746011392090300273268871764778396038647653681523013467386683583531059936304540522386474240440018421762686031819168148037417525310292695254767944444686064825206891434638298075057251213870994790057695617113170907558595111905798501536701144932656633553456901050901646709878999548396424023944363433472331981650519596655351382727957508587528982175890152699040593753233345973371067851556148940250740414138356720158566997065842236055522024329941272401564802382460296333680579865468661888363983266738061518005101204724496547995723876149046087797907704504427513592462471033141465931059077958582722648859971393174159233586017565416454820476255295460210342898625482807031068179538451554088618912785162375154814361546513062499932554293558372279512400673248593985779045998703335498296412134545696757228939724903309572756812951313058942316831980180456565709454708865543194088144253846307078886870663942467253998084484105427841199657559248186981473363871656920433893570992061169611249477077394395631224765735954097892932675035941568239460124600364354782746119851728769798801279716715256480665518811575181201065979496060721397152662607734926522681421200048704637024206841652456349301493249344338188084712192887337967224405551481204087015054360736766899213983542002614005790678590074100993677227895032247357941490937230650743675719290754924634822747313317746976729898122769492600321583310899212698195569415094473389225926432866521299816293602674961701633026859008068148054374759220260537048716174029552776650802428910580564671050997193532285640236321	1,-3,-3,-3,-3,-3,-3,-3,-3,-3,-3,-3	-4,3,3,3,3,3,3,3,3,-3,-3,-3	ok
1.507508	12.552553	-57.320684	0.349129	continued:5	30202920268257714220296010089345710995565877019664095498865225749199342152807611938856960214582501211693450742681944830680085042776774497109079917447866900614562466173599739216008128699278025331330411443787482345010263216178424250018365361356950272463540126306018939451839865953429518165420628892996704349725994754015140261652895723373569119758386872312465651244072630423033486129783118424779941636024449580834933858749659639432027188539641503779874502364293040581406132299503788114580259630196995653459294986678977559834773739716351099704639419174908636020856909869027494102628084240761241614219102177484409073929668014262354833049264474150689205152286629387880067773343390875433565551569121278236186428221708156881250641142755437490728949576108025196029657985800793652337460877946102770881807760874669759177035252865231061550258967890304897022974937680541106620842578777527818701728345512556793465639674081551861790120857189936279538659389718355836001549683884250767744226396939114805881855883835832082929383550814199595967026876498730503949321026706056861014631758843863605366756863685547112674099700154359795439984350888434070051929932619657832723577622655581871670366637750520425559260556464825662481393226343270671458042022578039617772013662803134605974924544890909456958654212364885235417971036104785603995290915721821083834561491082264227150084520096477057888716257501818931138957711089407731897458910766033937309735391698104412008135130495310568678571323549773971128516059551525414662889348549526444995642632549445715491911212878539886725997354698808749617680930885092018409974393181889630778496443589895569636179961964883765719865051155283479621903541274600558283777802260750918567512118339745582556115821829546041391128164019707760787639792500612054833868931745341251035444201017990270981764270266251365807194612523126013720274865710247560328628061506999499586446255622839875729811474457490906990417257324872368355107407398181263450772889423901255227809395012925015767879651819283698707214466304493907335147956817030263220587590508987020047961052961187053448597562058146049761297471176208592249838985136535267152793028767054151456519274881726800	30684186662718090054152588506030303727521850347510377446772616701708291599884415229235209087205973850720422324707958467045248250299222579118594463922733421057872043362908249275384854003142514850228930522179115354547113487485021269964089733010092954973389317626536181919860760128699856561290265138244268792934217364717185914404089878299005242252608173395658788315758089082748563574110633231266503140806466255720699524832239232624995978533927627601768560000172666700653821401066824642262988284783464515694400238264674448261353753932444570757504950488134377102875744584569005256825261646573898119162174848788441955611460653553746011392090300273268871764778396038647653681523013467386683583531059936304540522386474240440018421762686031819168148037417525310292695254767944444686064825206891434638298075057251213870994790057695617113170907558595111905798501536701144932656633553456901050901646709878999548396424023944363433472331981650519596655351382727957508587528982175890152699040593753233345973371067851556148940250740414138356720158566997065842236055522024329941272401564802382460296333680579865468661888363983266738061518005101204724496547995723876149046087797907704504427513592462471033141465931059077958582722648859971393174159233586017565416454820476255295460210342898625482807031068179538451554088618912785162375154814361546513062499932554293558372279512400673248593985779045998703335498296412134545696757228939724903309572756812951313058942316831980180456565709454708865543194088144253846307078886870663942467253998084484105427841199657559248186981473363871656920433893570992061169611249477077394395631224765735954097892932675035941568239460124600364354782746119851728769798801279716715256480665518811575181201065979496060721397152662607734926522681421200048704637024206841652456349301493249344338188084712192887337967224405551481204087015054360736766899213983542002614005790678590074100993677227895032247357941490937230650743675719290754924634822747313317746976729898122769492600321583310899212698195569415094473389225926432866521299816293602674961701633026859008068148054374759220260537048716174029552776650802428910580564671050997193532285640236321	0,-3,-3,-3,-3,-3,-3,-3,-3,-3,-3,-3	-4,3,3,3,3,3,3,3,3,-3,-3,-3	ok
1.511512	12.552553	-57.561128	0.347879	continued:5	30202920268257714220296010089345710995565877019664095498865225749199342152807611938856960214582501211693450742681944830680085042776774497109079917447866900614562466173599739216008128699278025331330411443787482345010263216178424250018365361356950272463540126306018939451839865953429518165420628892996704349725994754015140261652895723373569119758386872312465651244072630423033486129783118424779941636024449580834933858749659639432027188539641503779874502364293040581406132299503788114580259630196995653459294986678977559834773739716351099704639419174908636020856909869027494102628084240761241614219102177484409073929668014262354833049264474150689205152286629387880067773343390875433565551569121278236186428221708156881250641142755437490728949576108025196029657985800793652337460877946102770881807760874669759177035252865231061550258967890304897022974937680541106620842578777527818701728345512556793465639674081551861790120857189936279538659389718355836001549683884250767744226396939114805881855883835832082929383550814199595967026876498730503949321026706056861014631758843863605366756863685547112674099700154359795439984350888434070051929932619657832723577622655581871670366637750520425559260556464825662481393226343270671458042022578039617772013662803134605974924544890909456958654212364885235417971036104785603995290915721821083834561491082264227150084520096477057888716257501818931138957711089407731897458910766033937309735391698104412008135130495310568678571323549773971128516059551525414662889348549526444995642632549445715491911212878539886725997354698808749617680930885092018409974393181889630778496443589895569636179961964883765719865051155283479621903541274600558283777802260750918567512118339745582556115821829546041391128164019707760787639792500612054833868931745341251035444201017990270981764270266251365807194612523126013720274865710247560328628061506999499586446255622839875729811474457490906990417257324872368355107407398181263450772889423901255227809395012925015767879651819283698707214466304493907335147956817030263220587590508987020047961052961187053448597562058146049761297471176208592249838985136535267152793028767054151456519274881726800	30684186662718090054152588506030303727521850347510377446772616701708291599884415229235209087205973850720422324707958467045248250299222579118594463922733421057872043362908249275384854003142514850228930522179115354547113487485021269964089733010092954973389317626536181919860760128699856561290265138244268792934217364717185914404089878299005242252608173395658788315758089082748563574110633231266503140806466255720699524832239232624995978533927627601768560000172666700653821401066824642262988284783464515694400238264674448261353753932444570757504950488134377102875744584569005256825261646573898119162174848788441955611460653553746011392090300273268871764778396038647653681523013467386683583531059936304540522386474240440018421762686031819168148037417525310292695254767944444686064825206891434638298075057251213870994790057695617113170907558595111905798501536701144932656633553456901050901646709878999548396424023944363433472331981650519596655351382727957508587528982175890152699040593753233345973371067851556148940250740414138356720158566997065842236055522024329941272401564802382460296333680579865468661888363983266738061518005101204724496547995723876149046087797907704504427513592462471033141465931059077958582722648859971393174159233586017565416454820476255295460210342898625482807031068179538451554088618912785162375154814361546513062499932554293558372279512400673248593985779045998703335498296412134545696757228939724903309572756812951313058942316831980180456565709454708865543194088144253846307078886870663942467253998084484105427841199657559248186981473363871656920433893570992061169611249477077394395631224765735954097892932675035941568239460124600364354782746119851728769798801279716715256480665518811575181201065979496060721397152662607734926522681421200048704637024206841652456349301493249344338188084712192887337967224405551481204087015054360736766899213983542002614005790678590074100993677227895032247357941490937230650743675719290754924634822747313317746976729898122769492600321583310899212698195569415094473389225926432866521299816293602674961701633026859008068148054374759220260537048716174029552776650802428910580564671050997193532285640236321	0,-3,-3,-3,-3,-3,-3,-3,-3,-3,-3,-3	-4,3,3,3,3,3,3,3,3,-3,-3,-3	ok
1.515516	12.552553	-57.782403	0.347171	continued:5	30202920268257714220296010089345710995565877019664095498865225749199342152807611938856960214582501211693450742681944830680085042776774497109079917447866900614562466173599739216008128699278025331330411443787482345010263216178424250018365361356950272463540126306018939451839865953429518165420628892996704349725994754015140261652895723373569119758386872312465651244072630423033486129783118424779941636024449580834933858749659639432027188539641503779874502364293040581406132299503788114580259630196995653459294986678977559834773739716351099704639419174908636020856909869027494102628084240761241614219102177484409073929668014262354833049264474150689205152286629387880067773343390875433565551569121278236186428221708156881250641142755437490728949576108025196029657985800793652337460877946102770881807760874669759177035252865231061550258967890304897022974937680541106620842578777527818701728345512556793465639674081551861790120857189936279538659389718355836001549683884250767744226396939114805881855883835832082929383550814199595967026876498730503949321026706056861014631758843863605366756863685547112674099700154359795439984350888434070051929932619657832723577622655581871670366637750520425559260556464825662481393226343270671458042022578039617772013662803134605974924544890909456958654212364885235417971036104785603995290915721821083834561491082264227150084520096477057888716257501818931138957711089407731897458910766033937309735391698104412008135130495310568678571323549773971128516059551525414662889348549526444995642632549445715491911212878539886725997354698808749617680930885092018409974393181889630778496443589895569636179961964883765719865051155283479621903541274600558283777802260750918567512118339745582556115821829546041391128164019707760787639792500612054833868931745341251035444201017990270981764270266251365807194612523126013720274865710247560328628061506999499586446255622839875729811474457490906990417257324872368355107407398181263450772889423901255227809395012925015767879651819283698707214466304493907335147956817030263220587590508987020047961052961187053448597562058146049761297471176208592249838985136535267152793028767054151456519274881726800	30202935011430951262604419988172094453657825073353278524322808500103769330796164063642468762379903714798947483726286084564213076959909242968466874967012543791034779594694960123650516555561947137404614611191741736082415252900039148572441746954030539432227056820722818101784501036636978484310004662027303653621341603818079168726703255666904184986924843720362633266766331141392295641316408426232450175463335923238696082033907173041948844864441780461317371840644595632719714087448432527017449650481077508912607645643014693955757759064055671478057938516262682010775080538392725177982702550147457763425524139636624646680956084801337734723904455130813662892200479912671695930819821079991875803609275019109315349029208500835517212416563092760679960959525326477696778798204390190256142465843186638241743102326720880402888557453966545886205435756893632895142595481019046595271703727353940121240150294720734441592314506359254090708083079581490141945626726658485915131303959168977400679433792642552044114068146482708034768618234355212755947091510794329699485923241917425303472882713969329323492509313077554034141283741671098909157470070789950276266530196599031185279083361455051837761979707928614206834390590635326289798025271378602096801055238007298823113403274115634847406143644545602407161165612962088403672201193828190606929752124715675500352644900355262307673183752342032341126183451720465996910302027181533858997274484007540931767097019979895122990547512562442872327396923639820054933496930219566025363342143755838259795015407416149747591705264237853939801815629871110139135742791731600485753244786347918314754095506717036067965447919644818874202515801108067233284827048465099952292200795805591187513365201750097714759512620422055338145869496582082031010397593126742426021842213360348575700786110536192172649677868711950002451408200960698196948225343301086149267377149831071600760141898152920950161539053980732102332691750356939908210436808796120354782754116401261745032201429440365313330674712475314699331277853309985614913229661234236171690104713385669891500833025999792538021781216810533048166161377151993729380946654489688962811514679967319563562246442012164	0,-3,-3,-3,-3,-3,-3,-3,-3,-3,-3,-3	-4,3,3,3,3,3,3,3,-3,-3,-3,-3	ok
1.519520	12.552553	-57.981508	0.346797	full	30202920268257714220296010089345710995565877019664095498865225749199342152807611938856960214582501211693450742681944830680085042776774497109079917447866900614562466173599739216008128699278025331330411443787482345010263216178424250018365361356950272463540126306018939451839865953429518165420628892996704349725994754015140261652895723373569119758386872312465651244072630423033486129783118424779941636024449580834933858749659639432027188539641503779874502364293040581406132299503788114580259630196995653459294986678977559834773739716351099704639419174908636020856909869027494102628084240761241614219102177484409073929668014262354833049264474150689205152286629387880067773343390875433565551569121278236186428221708156881250641142755437490728949576108025196029657985800793652337460877946102770881807760874669759177035252865231061550258967890304897022974937680541106620842578777527818701728345512556793465639674081551861790120857189936279538659389718355836001549683884250767744226396939114805881855883835832082929383550814199595967026876498730503949321026706056861014631758843863605366756863685547112674099700154359795439984350888434070051929932619657832723577622655581871670366637750520425559260556464825662481393226343270671458042022578039617772013662803134605974924544890909456958654212364885235417971036104785603995290915721821083834561491082264227150084520096477057888716257501818931138957711089407731897458910766033937309735391698104412008135130495310568678571323549773971128516059551525414662889348549526444995642632549445715491911212878539886725997354698808749617680930885092018409974393181889630778496443589895569636179961964883765719865051155283479621903541274600558283777802260750918567512118339745582556115821829546041391128164019707760787639792500612054833868931745341251035444201017990270981764270266251365807194612523126013720274865710247560328628061506999499586446255622839875729811474457490906990417257324872368355107407398181263450772889423901255227809395012925015767879651819283698707214466304493907335147956817030263220587590508987020047961052961187053448597562058146049761297471176208592249838985136535267152793028767054151456519274881726800	30202935011430951262604419988172094453657825073353278524322808500103769330796164063642468762379903714798947483726286084564213076959909242968466874967012543791034779594694960123650516555561947137404614611191741736082415252900039148572441746954030539432227056820722818101784501036636978484310004662027303653621341603818079168726703255666904184986924843720362633266766331141392295641316408426232450175463335923238696082033907173041948844864441780461317371840644595632719714087448432527017449650481077508912607645643014693955757759064055671478057938516262682010775080538392725177982702550147457763425524139636624646680956084801337734723904455130813662892200479912671695930819821079991875803609275019109315349029208500835517212416563092760679960959525326477696778798204390190256142465843186638241743102326720880402888557453966545886205435756893632895142595481019046595271703727353940121240150294720734441592314506359254090708083079581490141945626726658485915131303959168977400679433792642552044114068146482708034768618234355212755947091510794329699485923241917425303472882713969329323492509313077554034141283741671098909157470070789950276266530196599031185279083361455051837761979707928614206834390590635326289798025271378602096801055238007298823113403274115634847406143644545602407161165612962088403672201193828190606929752124715675500352644900355262307673183752342032341126183451720465996910302027181533858997274484007540931767097019979895122990547512562442872327396923639820054933496930219566025363342143755838259795015407416149747591705264237853939801815629871110139135742791731600485753244786347918314754095506717036067965447919644818874202515801108067233284827048465099952292200795805591187513365201750097714759512620422055338145869496582082031010397593126742426021842213360348575700786110536192172649677868711950002451408200960698196948225343301086149267377149831071600760141898152920950161539053980732102332691750356939908210436808796120354782754116401261745032201429440365313330674712475314699331277853309985614913229661234236171690104713385669891500833025999792538021781216810533048166161377151993729380946654489688962811514679967319563562246442012164	0,-3,-3,-3,-3,-3,-3,-3,-3,-3,-3,-3	-4,3,3,3,3,3,3,3,-3,-3,-3,-3	ok
1.523524	12.552553	-18.712633	0.326717	continued:5	1674818708245804337566545367698106842282905210402431870596043265482645927448833338958184352635106552171933200905885837866450877159629081464575562286062599129140995993449908243047303924088969743677834422488601382461173040586152908188899563652482579416764323881022104739478299258830730411033891672405324885715450401857594373136460632109812745513251213067927731820922242772777268708819638430450421858671208620172605239852418132970978331750050923473058479304226057777536105924506990567284362490134463290391837736859053293809527637119090133727334645477503403331415267618060170152786148113267080234842982569203704315512432191732658998947853453148244036960484226431081220915177292480359154066972747365476633388783438942574580250075279442790097610746299345099552832918438444460583421136060564082757513565414332010691143138994727447740356559363640706951698654776432441638297715160470226703626553595078413330236505139850368355866000469248089354397776016914531966048178356878708540100436562772622777166935037557374615720510995225029440603737012303659364919287188870736573484690794200983530814152760342122564261395447386718544363234606979221989532443961789431004985098025134268436703959632857527065096938810149198733493915515706012350137754969492738320023796439810652689131732477549032611980436829947637458400622389019918454096736055689145799325328479506185464507064572429487772641742837975182895044587082025775631166341520006106611271831638546652530685249421486159662805305525390981149835956434809319636598758272397969281801951011659418847474259310115381857275780912935424545918208891905932845381471666669735844671615579453173700233166390936239266859071176412509228129979077668370843422418429114946467177324213276198089071813596518352885931515796082293518983934844135644479383948748211392549777320635864186116988055795371231715216618495458383939674189645018051763948666374519726660725060557674046901439641939038984977718200057359685748635173287235464077348696994192981301026502437361848713947300982716650891348492791324950002114276712311046908908597981304389909877220309013883542649052502029353047843486605184630147579689656555677951974797942711439442356750535129630464	30202935011430951262604419988172094453657825073353278524322808500103769330796164063642468762379903714798947483726286084564213076959909242968466874967012543791034779594694960123650516555561947137404614611191741736082415252900039148572441746954030539432227056820722818101784501036636978484310004662027303653621341603818079168726703255666904184986924843720362633266766331141392295641316408426232450175463335923238696082033907173041948844864441780461317371840644595632719714087448432527017449650481077508912607645643014693955757759064055671478057938516262682010775080538392725177982702550147457763425524139636624646680956084801337734723904455130813662892200479912671695930819821079991875803609275019109315349029208500835517212416563092760679960959525326477696778798204390190256142465843186638241743102326720880402888557453966545886205435756893632895142595481019046595271703727353940121240150294720734441592314506359254090708083079581490141945626726658485915131303959168977400679433792642552044114068146482708034768618234355212755947091510794329699485923241917425303472882713969329323492509313077554034141283741671098909157470070789950276266530196599031185279083361455051837761979707928614206834390590635326289798025271378602096801055238007298823113403274115634847406143644545602407161165612962088403672201193828190606929752124715675500352644900355262307673183752342032341126183451720465996910302027181533858997274484007540931767097019979895122990547512562442872327396923639820054933496930219566025363342143755838259795015407416149747591705264237853939801815629871110139135742791731600485753244786347918314754095506717036067965447919644818874202515801108067233284827048465099952292200795805591187513365201750097714759512620422055338145869496582082031010397593126742426021842213360348575700786110536192172649677868711950002451408200960698196948225343301086149267377149831071600760141898152920950161539053980732102332691750356939908210436808796120354782754116401261745032201429440365313330674712475314699331277853309985614913229661234236171690104713385669891500833025999792538021781216810533048166161377151993729380946654489688962811514679967319563562246442012164	-1,-4,-4,3,3,3,3,3,3,3,-3,-3	-4,3,3,3,3,3,3,3,-3,-3,-3,-3	ok
1.527528	12.552553	-48.364576	0.329510	continued:5	1674818708245804337566545367698106842282905210402431870596043265482645927448833338958184352635106552171933200905885837866450877159629081464575562286062599129140995993449908243047303924088969743677834422488601382461173040586152908188899563652482579416764323881022104739478299258830730411033891672405324885715450401857594373136460632109812745513251213067927731820922242772777268708819638430450421858671208620172605239852418132970978331750050923473058479304226057777536105924506990567284362490134463290391837736859053293809527637119090133727334645477503403331415267618060170152786148113267080234842982569203704315512432191732658998947853453148244036960484226431081220915177292480359154066972747365476633388783438942574580250075279442790097610746299345099552832918438444460583421136060564082757513565414332010691143138994727447740356559363640706951698654776432441638297715160470226703626553595078413330236505139850368355866000469248089354397776016914531966048178356878708540100436562772622777166935037557374615720510995225029440603737012303659364919287188870736573484690794200983530929904864711617439983075200858004425350911469177901384157198948666021393739708267270524899556563484427679465558533343057329496674907845779461021899600185820035197335386435758775413886051519950503064513965654428126568531309390531793797868547343161039669198672170491188815105231743652264165576048863595989793239289759538044526482071333565570595726369299023426603752230111947639169871009114433363738868312578417734311735998645414897576416371482184868468724086507392341805289160158311791342385333627216502106554671724999503319772616223424872842460893562167848354960135997916234069093334052076170820138314673264878506610085335016996703889621678057538333158124326996778700793525246392785554052154214205369365899899228614002803847068097511328286028790699656758113749597427435582315284938445050051838152103587792638980832219946547051024485933268623173285045916088182150640756752051052275594912289707874416826667530647661028882022905494654171241572048894095827814184390376956091711691541754962983473750734270190388885383406682404007477084480691055554993175479074343752551873670228166294275	30202935011430951262604419988172094453657825073353278524322808500103769330796164063642468762379903714798947483726286084564213076959909242968466874967012543791034779594694960123650516555561947137404614611191741736082415252900039148572441746954030539432227056820722818101784501036636978484310004662027303653621341603818079168726703255666904184986924843720362633266766331141392295641316408426232450175463335923238696082033907173041948844864441780461317371840644595632719714087448432527017449650481077508912607645643014693955757759064055671478057938516262682010775080538392725177982702550147457763425524139636624646680956084801337734723904455130813662892200479912671695930819821079991875803609275019109315349029208500835517212416563092760679960959525326477696778798204390190256142465843186638241743102326720880402888557453966545886205435756893632895142595481019046595271703727353940121240150294720734441592314506359254090708083079581490141945626726658485915131303959168977400679433792642552044114068146482708034768618234355212755947091510794329699485923241917425303472882713969329323492509313077554034141283741671098909157470070789950276266530196599031185279083361455051837761979707928614206834390590635326289798025271378602096801055238007298823113403274115634847406143644545602407161165612962088403672201193828190606929752124715675500352644900355262307673183752342032341126183451720465996910302027181533858997274484007540931767097019979895122990547512562442872327396923639820054933496930219566025363342143755838259795015407416149747591705264237853939801815629871110139135742791731600485753244786347918314754095506717036067965447919644818874202515801108067233284827048465099952292200795805591187513365201750097714759512620422055338145869496582082031010397593126742426021842213360348575700786110536192172649677868711950002451408200960698196948225343301086149267377149831071600760141898152920950161539053980732102332691750356939908210436808796120354782754116401261745032201429440365313330674712475314699331277853309985614913229661234236171690104713385669891500833025999792538021781216810533048166161377151993729380946654489688962811514679967319563562246442012164	-2,-4,-4,3,3,3,3,3,3,3,-3,-3	-4,3,3,3,3,3,3,3,-3,-3,-3,-3	ok
1.531532	12.552553	-52.148559	0.332304	continued:5	30684186662718090054152588506030303727521850347510377446772616701708291599884415229235209087205973850720422324707958467045248250299222579118594463922733421057872043362908249275384854003142514850228930522179115354547113487485021269964089733010092954973389317626536181919860760128699856561290265138244268792934217364717185914404089878299005242252608173395658788315758089082748563574110633231266503140806466255720699524832239232624995978533927627601768560000172666700653821401066824642262988284783464515694400238264674448261353753932444570758485508870465671432959379452166865013860713208980129062389383156011641792056404079618744155418455197592043154393123534211986909974944629959416038049062489805248983724422057104985931692473200411703226483663961035003975228970664638827813244367392214813088760673303693893158074846131176421791178123821633524198782740988108940010354056039078388934200422663045363531397959275529694856276279020811311181713303343644721081761172229648154846018717827867345329405675019919229556170863879455072872808086509800860032023843416412081730464932657558928852195845715244276309566260810223609178049503434340823133335713880236430799866895520625915992641248622373974602772800536408787507528823009922068436396797536551254648976883882554387892051124283073990600435261366242905255464371081665881657568204244835271157766227474159612548030672483793498097392506614093774030103964855224673468157897010023730928998322764222050605115308892037172501459623631641749730893093834945730636875848812217138876481917369586680986710381629994192021222138569838814924487978021443356862502762586396945068772505151314427649273901315905754360441760466534387139879361782341727878816419386885946818251156697671420206413870066640163893186003514695578388115484267301416513146082517197022725376470926594314534114989912274368604224878653444839233500502009939797312433685423244291031698975358933347104852187145348831944389487508801391252860200153643218813387154195085346649226887149396927710893485773425859079137122306020749622709064094543479582872560223449441819187870177771256567050415213620843998144661911028809104385171896680241200385294141845857675063526927614239	30202935011430951262604419988172094453657825073353278524322808500103769330796164063642468762379903714798947483726286084564213076959909242968466874967012543791034779594694960123650516555561947137404614611191741736082415252900039148572441746954030539432227056820722818101784501036636978484310004662027303653621341603818079168726703255666904184986924843720362633266766331141392295641316408426232450175463335923238696082033907173041948844864441780461317371840644595632719714087448432527017449650481077508912607645643014693955757759064055671478057938516262682010775080538392725177982702550147457763425524139636624646680956084801337734723904455130813662892200479912671695930819821079991875803609275019109315349029208500835517212416563092760679960959525326477696778798204390190256142465843186638241743102326720880402888557453966545886205435756893632895142595481019046595271703727353940121240150294720734441592314506359254090708083079581490141945626726658485915131303959168977400679433792642552044114068146482708034768618234355212755947091510794329699485923241917425303472882713969329323492509313077554034141283741671098909157470070789950276266530196599031185279083361455051837761979707928614206834390590635326289798025271378602096801055238007298823113403274115634847406143644545602407161165612962088403672201193828190606929752124715675500352644900355262307673183752342032341126183451720465996910302027181533858997274484007540931767097019979895122990547512562442872327396923639820054933496930219566025363342143755838259795015407416149747591705264237853939801815629871110139135742791731600485753244786347918314754095506717036067965447919644818874202515801108067233284827048465099952292200795805591187513365201750097714759512620422055338145869496582082031010397593126742426021842213360348575700786110536192172649677868711950002451408200960698196948225343301086149267377149831071600760141898152920950161539053980732102332691750356939908210436808796120354782754116401261745032201429440365313330674712475314699331277853309985614913229661234236171690104713385669891500833025999792538021781216810533048166161377151993729380946654489688962811514679967319563562246442012164	1,-4,3,3,3,3,3,3,3,-3,-3,-3	-4,3,3,3,3,3,3,3,-3,-3,-3,-3	ok
1.535536	12.552553	-54.427843	0.335097	continued:5	30202920268257714220296010089345710995565877019664095498865225749199342152807611938856960214582501211693450742681944830680085042776774980668935696182952798049439075990919539986833334273471961748874410331433753959771735706066235765045701292925523428667690657005726601698826566016461611591728489202097301766890603037095036997032797973793636700205664642797139854506721221838543413216788192383988326222397983337921700081448152020768763371934759822650032600964986486018307490780670125875606634284351153643846756432632094913481044087713659884383258194081067955460418847804759083248199769573940515217666332235484888686138416179361936750452173182105951966960107113988139551669765769051191870807360108991262497293355574887467064176479729193760651271693282219828544164819049948557459189553865720095824103248563383963623265287193374966930539335400458255558508195418014861501313245229212826996552814141366338770246851937647412659436164719255454929515453588413962234450479094640430005405669225089482743526590385705835525571591127059153843543491315223704492982951179489407671121923964687349299698554300208004179081277409991464288328196421324053110032376027352363945525495272882111927746016363630968853092061321827503567341432783013248889338494845954838421093869324536887398137220926976600036834291017499444630782881873712141243361036714332399131224948339511178050631213626107097320864691430134937851438398054468382414673727824873068793086204530738027031527827995535296353506130303626924757030099197333187780445279469545936103189960476153397590938490599008193191391467663362653865653537384089965255716218396359784724562020831901223985382590239939040322845121776514109434328209486059465909698690584897797401391146952969290741267872475312426330078597350072412159821342285647238972052747771055177635061397453852606211659514836845882113973619972320978416371045060219095204959173669450886953158698446030298810767122457315534115742990097688142499396878597393423238482222672720583522468482370670595016859494996098902686985183574631090914492214453971033623491076302177762469771264528631799948674872579018534772178540124474816830684047979220595910959454693438246667103447225167848	30202935011430951262604419988172094453657825073353278524322808500103769330796164063642468762379903714798947483726286084564213076959909242968466874967012543791034779594694960123650516555561947137404614611191741736082415252900039148572441746954030539432227056820722818101784501036636978484310004662027303653621341603818079168726703255666904184986924843720362633266766331141392295641316408426232450175463335923238696082033907173041948844864441780461317371840644595632719714087448432527017449650481077508912607645643014693955757759064055671478057938516262682010775080538392725177982702550147457763425524139636624646680956084801337734723904455130813662892200479912671695930819821079991875803609275019109315349029208500835517212416563092760679960959525326477696778798204390190256142465843186638241743102326720880402888557453966545886205435756893632895142595481019046595271703727353940121240150294720734441592314506359254090708083079581490141945626726658485915131303959168977400679433792642552044114068146482708034768618234355212755947091510794329699485923241917425303472882713969329323492509313077554034141283741671098909157470070789950276266530196599031185279083361455051837761979707928614206834390590635326289798025271378602096801055238007298823113403274115634847406143644545602407161165612962088403672201193828190606929752124715675500352644900355262307673183752342032341126183451720465996910302027181533858997274484007540931767097019979895122990547512562442872327396923639820054933496930219566025363342143755838259795015407416149747591705264237853939801815629871110139135742791731600485753244786347918314754095506717036067965447919644818874202515801108067233284827048465099952292200795805591187513365201750097714759512620422055338145869496582082031010397593126742426021842213360348575700786110536192172649677868711950002451408200960698196948225343301086149267377149831071600760141898152920950161539053980732102332691750356939908210436808796120354782754116401261745032201429440365313330674712475314699331277853309985614913229661234236171690104713385669891500833025999792538021781216810533048166161377151993729380946654489688962811514679967319563562246442012164	1,3,3,3,-3,-3,-3,-3,-3,-3,-3,-3	-4,3,3,3,3,3,3,3,-3,-3,-3,-3	ok
1.539540	12.552553	-55.690967	0.337890	continued:5	30202920268257714220296010089345710995565877019664095498865225749199342152807611938856960214582501211693450742681944830680085042776774497109079917447866900614562466173599739216008128699278025331330411443787482345010263216178424250018365361356950272463540126306018939451839865953429518165420628892996704349725994754015140261652895723373569119758386872312465651244072630423033486129783118424779941636024449580834933858749659639432027188539641503779874502364293040581406132299503788114580259630196995653459294986678977559834773739716351099704639419174908636020856909869027494102628084240761241614219102177484409073929668014262354833049264474150689205152286629387880067773343390875433565551569121278236186428221708156881250641142755437490728949576108025196029657985800793652337460877946102770881807760874669759177035252865231061550258967890304897022974937680541106620842578777527818701728345512556793465639674081551861790120857189936279538659389718355836001549683884250767744226396939114805881855883835832082929383550814199595967026876498730503949321026706056861014631758843863605397845341431880188077510630862634709982762358597933759264043980272735231793851342202096078610598726506540110914006713555865306716953116916016388739482117787877633219826057509635074354706328044870040049434082113384031176447494627509559899569709274353737804594879545294793155142005561312671860118940976156048575804570346094186688815919718740840967678604882969779685162738015187929617868603400357617911589881056128657270023007794287317827157413148304020420321951225614584113702405833499502709259977398308278956501187282083448724490854388514264699390039331708541368886212152569333275234038942792780192550108710727675347495425374206904500735048853682177505487458072709019995040356670056529621339896703515065580086586558353947987950422723021942650802445963716865279511784623016573175849337913302753769042233917959819796120441325196681683608883796829809594244212086212950387591950102568892731694303576747116037939962316393886637401527506664219191260462687231618876810092464183304636890029331132513458004271961632472732108801069677297221925022295664559896860100320681096607226683991752402	30202935011430951262604419988172094453657825073353278524322808500103769330796164063642468762379903714798947483726286084564213076959909242968466874967012543791034779594694960123650516555561947137404614611191741736082415252900039148572441746954030539432227056820722818101784501036636978484310004662027303653621341603818079168726703255666904184986924843720362633266766331141392295641316408426232450175463335923238696082033907173041948844864441780461317371840644595632719714087448432527017449650481077508912607645643014693955757759064055671478057938516262682010775080538392725177982702550147457763425524139636624646680956084801337734723904455130813662892200479912671695930819821079991875803609275019109315349029208500835517212416563092760679960959525326477696778798204390190256142465843186638241743102326720880402888557453966545886205435756893632895142595481019046595271703727353940121240150294720734441592314506359254090708083079581490141945626726658485915131303959168977400679433792642552044114068146482708034768618234355212755947091510794329699485923241917425303472882713969329323492509313077554034141283741671098909157470070789950276266530196599031185279083361455051837761979707928614206834390590635326289798025271378602096801055238007298823113403274115634847406143644545602407161165612962088403672201193828190606929752124715675500352644900355262307673183752342032341126183451720465996910302027181533858997274484007540931767097019979895122990547512562442872327396923639820054933496930219566025363342143755838259795015407416149747591705264237853939801815629871110139135742791731600485753244786347918314754095506717036067965447919644818874202515801108067233284827048465099952292200795805591187513365201750097714759512620422055338145869496582082031010397593126742426021842213360348575700786110536192172649677868711950002451408200960698196948225343301086149267377149831071600760141898152920950161539053980732102332691750356939908210436808796120354782754116401261745032201429440365313330674712475314699331277853309985614913229661234236171690104713385669891500833025999792538021781216810533048166161377151993729380946654489688962811514679967319563562246442012164	2,-3,-3,-3,-3,-3,-3,-3,-3,-3,-3,-3	-4,3,3,3,3,3,3,3,-3,-3,-3,-3	ok
1.543544	12.552553	-56.457596	0.340684	continued:5	30202920268257714220296010089345710995565877019664095498865225749199342152807611938856960214582501211693450742681944830680085042776774497109079917447866900614562466173599739216008128699278025331330411443787482345010263216178424250018365361356950272463540126306018939451839865953429518165420628892996704349725994754015140261652895723373569119758386872312465651244072630423033486129783118424779941636024449580834933858749659639432027188539641503779874502364293040581406132299503788114580259630196995653459294986678977559834773739716351099704639419174908636020856909869027494102628084240761241614219102177484409073929668014262354833049264474150689205152286629387880067773343390875433565551569121278236186428221708156881250641142755437490728949576108025196029657985800793652337460877946102770881807760874669759177035252865231061550258967890304897022974937680541106620842578777527818701728345512556793465639674081551861790120857189936279538659389718355836001549683884250767744226396939114805881855883835832082929383550814199595967026876498730503949321026706056861014631758843863605390073221995296919226657898185565981347067856670558836961015468359465882026282912315467526875540704317535189575320174283105395658063144272829959419122093985418129357872958833009957259760882256379894276739114676259332236828379996828570923500010886220574312086532429537151653877634195103768367268270107571769216592855531922572990976667480564115053192801586753437765905836135218589383044283437711706215821425679977846618239592983097099619278717998589444188219266638845909766776143049826814436365215770004213819869488757034994237992251688859590933587519990002347456630921903247869861901414525744724715357032098233486152499598615591574014580242097648143476897634559458705193190215627695410924472155463971611943925990173263028736403884608829298439900487603569152389702554894824319964044018811726940223393239344179833779543199608270238010310977178840449284460010914205028653387184932901983355723076435791590970424884692116339654854762206121641227232336219681279962754466975384233489657785238646148455652594485760866989405968596310120978903513005882236710843332432274360319549831714246000	30202935011430951262604419988172094453657825073353278524322808500103769330796164063642468762379903714798947483726286084564213076959909242968466874967012543791034779594694960123650516555561947137404614611191741736082415252900039148572441746954030539432227056820722818101784501036636978484310004662027303653621341603818079168726703255666904184986924843720362633266766331141392295641316408426232450175463335923238696082033907173041948844864441780461317371840644595632719714087448432527017449650481077508912607645643014693955757759064055671478057938516262682010775080538392725177982702550147457763425524139636624646680956084801337734723904455130813662892200479912671695930819821079991875803609275019109315349029208500835517212416563092760679960959525326477696778798204390190256142465843186638241743102326720880402888557453966545886205435756893632895142595481019046595271703727353940121240150294720734441592314506359254090708083079581490141945626726658485915131303959168977400679433792642552044114068146482708034768618234355212755947091510794329699485923241917425303472882713969329323492509313077554034141283741671098909157470070789950276266530196599031185279083361455051837761979707928614206834390590635326289798025271378602096801055238007298823113403274115634847406143644545602407161165612962088403672201193828190606929752124715675500352644900355262307673183752342032341126183451720465996910302027181533858997274484007540931767097019979895122990547512562442872327396923639820054933496930219566025363342143755838259795015407416149747591705264237853939801815629871110139135742791731600485753244786347918314754095506717036067965447919644818874202515801108067233284827048465099952292200795805591187513365201750097714759512620422055338145869496582082031010397593126742426021842213360348575700786110536192172649677868711950002451408200960698196948225343301086149267377149831071600760141898152920950161539053980732102332691750356939908210436808796120354782754116401261745032201429440365313330674712475314699331277853309985614913229661234236171690104713385669891500833025999792538021781216810533048166161377151993729380946654489688962811514679967319563562246442012164	-2,-3,-3,-3,-3,-3,-3,-3,-3,-3,-3,-3	-4,3,3,3,3,3,3,3,-3,-3,-3,-3	ok
1.547548	12.552553	-56.974781	0.343477	continued:5	30202920268257714220296010089345710995565877019664095498865225749199342152807611938856960214582501211693450742681944830680085042776774497109079917447866900614562466173599739216008128699278025331330411443787482345010263216178424250018365361356950272463540126306018939451839865953429518165420628892996704349725994754015140261652895723373569119758386872312465651244072630423033486129783118424779941636024449580834933858749659639432027188539641503779874502364293040581406132299503788114580259630196995653459294986678977559834773739716351099704639419174908636020856909869027494102628084240761241614219102177484409073929668014262354833049264474150689205152286629387880067773343390875433565551569121278236186428221708156881250641142755437490728949576108025196029657985800793652337460877946102770881807760874669759177035252865231061550258967890304897022974937680541106620842578777527818701728345512556793465639674081551861790120857189936279538659389718355836001549683884250767744226396939114805881855883835832082929383550814199595967026876498730503949321026706056861014631758843863605390073221995296919226657898185565981347067856670558836961015468359465882026282912315467526875540704317535189575320174283105395658063144272829959419122093985418129357872958833009957259760882256379894276739114676259332236828379996828570923500010886220574312086532429537151653877634195103768367268270107571769216592855531922572990976667480564115053192801586753437765905836135218589383044283437711706215821425679977846618239592983097099619278717998589444188219266638845909766776143049826814436365215770004213819869488757034994237992251688859590933587519990002347456630921903247869861901414525744724715357032098233486152499598615591574014580242097648143476897634559458705193190215627695410924472155463971611943925990173263028736403884608829298439900487603569152389702554894824319964044018811726940223393239344179833779543199608270238010310977178840449284460010914205028653387184932901983355723076435791590970424884692116339654854762206121641227232336219681279962754466975384233489657785238646148455652594485760866989405968596310120978903513005882236710843332432274360319549831714246000	30202935011430951262604419988172094453657825073353278524322808500103769330796164063642468762379903714798947483726286084564213076959909242968466874967012543791034779594694960123650516555561947137404614611191741736082415252900039148572441746954030539432227056820722818101784501036636978484310004662027303653621341603818079168726703255666904184986924843720362633266766331141392295641316408426232450175463335923238696082033907173041948844864441780461317371840644595632719714087448432527017449650481077508912607645643014693955757759064055671478057938516262682010775080538392725177982702550147457763425524139636624646680956084801337734723904455130813662892200479912671695930819821079991875803609275019109315349029208500835517212416563092760679960959525326477696778798204390190256142465843186638241743102326720880402888557453966545886205435756893632895142595481019046595271703727353940121240150294720734441592314506359254090708083079581490141945626726658485915131303959168977400679433792642552044114068146482708034768618234355212755947091510794329699485923241917425303472882713969329323492509313077554034141283741671098909157470070789950276266530196599031185279083361455051837761979707928614206834390590635326289798025271378602096801055238007298823113403274115634847406143644545602407161165612962088403672201193828190606929752124715675500352644900355262307673183752342032341126183451720465996910302027181533858997274484007540931767097019979895122990547512562442872327396923639820054933496930219566025363342143755838259795015407416149747591705264237853939801815629871110139135742791731600485753244786347918314754095506717036067965447919644818874202515801108067233284827048465099952292200795805591187513365201750097714759512620422055338145869496582082031010397593126742426021842213360348575700786110536192172649677868711950002451408200960698196948225343301086149267377149831071600760141898152920950161539053980732102332691750356939908210436808796120354782754116401261745032201429440365313330674712475314699331277853309985614913229661234236171690104713385669891500833025999792538021781216810533048166161377151993729380946654489688962811514679967319563562246442012164	-2,-3,-3,-3,-3,-3,-3,-3,-3,-3,-3,-3	-4,3,3,3,3,3,3,3,-3,-3,-3,-3	ok
1.551552	12.552553	-57.333507	0.346143	continued:5	30202920268257714220296010089345710995565877019664095498865225749199342152807611938856960214582501211693450742681944830680085042776774497109079917447866900614562466173599739216008128699278025331330411443787482345010263216178424250018365361356950272463540126306018939451839865953429518165420628892996704349725994754015140261652895723373569119758386872312465651244072630423033486129783118424779941636024449580834933858749659639432027188539641503779874502364293040581406132299503788114580259630196995653459294986678977559834773739716351099704639419174908636020856909869027494102628084240761241614219102177484409073929668014262354833049264474150689205152286629387880067773343390875433565551569121278236186428221708156881250641142755437490728949576108025196029657985800793652337460877946102770881807760874669759177035252865231061550258967890304897022974937680541106620842578777527818701728345512556793465639674081551861790120857189936279538659389718355836001549683884250767744226396939114805881855883835832082929383550814199595967026876498730503949321026706056861014631758843863605366756863685547112674099700154359795439984350888434070051929932619657832723577622655581871670366637750520425559260556464825662481393226343270671458042022578039617772013662803134605974924544890909456958654212364885235417971036104785603995290915721821083834561491082264227150084520096477057888716257501818931138957711089407731897458910766033937309735391698104412008135130495310568678571323549773971128516059551525414662889348549526444995642632549445715491911212878539886725997354698808749617680930885092018409974393181889630778496443589895569636179961964883765719865051155283479621903541274600558283777802260750918567512118339745582556115821829546041391128164019707760787639792500612054833868931745341251035444201017990270981764270266251365807194612523126013720274865710247560328628061506999499586446255622839875729811474457490906990417257324872368355107407398181263450772889423901255227809395012925015767879651819283698707214466304493907335147956817030263220587590508987020047961052961187053448597562058146049761297471176208592249838985136535267152793028767054151456519274881726800	30202920268257742332365953275404708876362932186126233081268378953882982678497496226174263654063117501223180578898034966223656085337334883373084607869125796375873085198702468381548844092646000918091471123471740522715726759945523447028552025595635388065116198534442596085440997733321035765727925848276780077720773813423947942897897261500184937940138907633485529821963108025734952358339503374900894410557026185676985022331033162862997323268166349454054188633295786615309412011574435999223099692460984450049162945243062885017461621174645588415793371092553276659278821750757051513096018112562322671758185884723076622762770139939257121333442184726507398120549862768333535285169797469192335481195476097517889492156762116680162316423278945919691076536171842073800843639112486520374651847004816438729428006339860583256463625624588904687675278998303472796301607541995411310541575743038778694626639441168275284817491009390549757179667525679078920607956040931385549230733978021228854684726081985813156487201266370594339012134320184482090571781309004752804334008848045810278327173526778233860215951992047149229724053313252183893981094414695994972064569665790805084418343199642687841972311350961052202271387949719658691563022753197070849851750622828360372831276709726914223899314813733160374305962921653051404882060330819172627960891395067700490358191969305436911091951396726695392072575454300854916140709774654154998800277442750922307014838931919039725150709899072891309913082798416546248435092193590389409809506356698634707335173856506699210087316181341915850668453162230027774227154424111448678572361098994464656935906437669207139049816541062860525020847017712718778020557671123011136163104525540907762438699396715203200479595965770253266123003551849469243218050183133566805820986091910826977122966998720773988804467764697568557072679107706442588479862369099432966960081232460489804138274125247077107898395681456102053893771228379830106472648847883770670626755318697358670695168600090808507844963550266561187895116893111883479789204980130116222086365078872385687662985419499470707609200322111070581905019823572911047137580752388223839852275382190700829251744640206833	0,-3,-3,-3,-3,-3,-3,-3,-3,-3,-3,-3	-4,3,3,3,3,3,3,-3,-3,-3,-3,-3	ok
1.555556	12.552553	-57.579746	0.344894	continued:5	30202920268257714220296010089345710995565877019664095498865225749199342152807611938856960214582501211693450742681944830680085042776774497109079917447866900614562466173599739216008128699278025331330411443787482345010263216178424250018365361356950272463540126306018939451839865953429518165420628892996704349725994754015140261652895723373569119758386872312465651244072630423033486129783118424779941636024449580834933858749659639432027188539641503779874502364293040581406132299503788114580259630196995653459294986678977559834773739716351099704639419174908636020856909869027494102628084240761241614219102177484409073929668014262354833049264474150689205152286629387880067773343390875433565551569121278236186428221708156881250641142755437490728949576108025196029657985800793652337460877946102770881807760874669759177035252865231061550258967890304897022974937680541106620842578777527818701728345512556793465639674081551861790120857189936279538659389718355836001549683884250767744226396939114805881855883835832082929383550814199595967026876498730503949321026706056861014631758843863605366756863685547112674099700154359795439984350888434070051929932619657832723577622655581871670366637750520425559260556464825662481393226343270671458042022578039617772013662803134605974924544890909456958654212364885235417971036104785603995290915721821083834561491082264227150084520096477057888716257501818931138957711089407731897458910766033937309735391698104412008135130495310568678571323549773971128516059551525414662889348549526444995642632549445715491911212878539886725997354698808749617680930885092018409974393181889630778496443589895569636179961964883765719865051155283479621903541274600558283777802260750918567512118339745582556115821829546041391128164019707760787639792500612054833868931745341251035444201017990270981764270266251365807194612523126013720274865710247560328628061506999499586446255622839875729811474457490906990417257324872368355107407398181263450772889423901255227809395012925015767879651819283698707214466304493907335147956817030263220587590508987020047961052961187053448597562058146049761297471176208592249838985136535267152793028767054151456519274881726800	30202920268257742332365953275404708876362932186126233081268378953882982678497496226174263654063117501223180578898034966223656085337334883373084607869125796375873085198702468381548844092646000918091471123471740522715726759945523447028552025595635388065116198534442596085440997733321035765727925848276780077720773813423947942897897261500184937940138907633485529821963108025734952358339503374900894410557026185676985022331033162862997323268166349454054188633295786615309412011574435999223099692460984450049162945243062885017461621174645588415793371092553276659278821750757051513096018112562322671758185884723076622762770139939257121333442184726507398120549862768333535285169797469192335481195476097517889492156762116680162316423278945919691076536171842073800843639112486520374651847004816438729428006339860583256463625624588904687675278998303472796301607541995411310541575743038778694626639441168275284817491009390549757179667525679078920607956040931385549230733978021228854684726081985813156487201266370594339012134320184482090571781309004752804334008848045810278327173526778233860215951992047149229724053313252183893981094414695994972064569665790805084418343199642687841972311350961052202271387949719658691563022753197070849851750622828360372831276709726914223899314813733160374305962921653051404882060330819172627960891395067700490358191969305436911091951396726695392072575454300854916140709774654154998800277442750922307014838931919039725150709899072891309913082798416546248435092193590389409809506356698634707335173856506699210087316181341915850668453162230027774227154424111448678572361098994464656935906437669207139049816541062860525020847017712718778020557671123011136163104525540907762438699396715203200479595965770253266123003551849469243218050183133566805820986091910826977122966998720773988804467764697568557072679107706442588479862369099432966960081232460489804138274125247077107898395681456102053893771228379830106472648847883770670626755318697358670695168600090808507844963550266561187895116893111883479789204980130116222086365078872385687662985419499470707609200322111070581905019823572911047137580752388223839852275382190700829251744640206833	0,-3,-3,-3,-3,-3,-3,-3,-3,-3,-3,-3	-4,3,3,3,3,3,3,-3,-3,-3,-3,-3	ok
1.559560	12.552553	-57.806541	0.344185	continued:5	30202920268257714220296010089345710995565877019664095498865225749199342152807611938856960214582501211693450742681944830680085042776774497109079917447866900614562466173599739216008128699278025331330411443787482345010263216178424250018365361356950272463540126306018939451839865953429518165420628892996704349725994754015140261652895723373569119758386872312465651244072630423033486129783118424779941636024449580834933858749659639432027188539641503779874502364293040581406132299503788114580259630196995653459294986678977559834773739716351099704639419174908636020856909869027494102628084240761241614219102177484409073929668014262354833049264474150689205152286629387880067773343390875433565551569121278236186428221708156881250641142755437490728949576108025196029657985800793652337460877946102770881807760874669759177035252865231061550258967890304897022974937680541106620842578777527818701728345512556793465639674081551861790120857189936279538659389718355836001549683884250767744226396939114805881855883835832082929383550814199595967026876498730503949321026706056861014631758843863605366756863685547112674099700154359795439984350888434070051929932619657832723577622655581871670366637750520425559260556464825662481393226343270671458042022578039617772013662803134605974924544890909456958654212364885235417971036104785603995290915721821083834561491082264227150084520096477057888716257501818931138957711089407731897458910766033937309735391698104412008135130495310568678571323549773971128516059551525414662889348549526444995642632549445715491911212878539886725997354698808749617680930885092018409974393181889630778496443589895569636179961964883765719865051155283479621903541274600558283777802260750918567512118339745582556115821829546041391128164019707760787639792500612054833868931745341251035444201017990270981764270266251365807194612523126013720274865710247560328628061506999499586446255622839875729811474457490906990417257324872368355107407398181263450772889423901255227809395012925015767879651819283698707214466304493907335147956817030263220587590508987020047961052961187053448597562058146049761297471176208592249838985136535267152793028767054151456519274881726800	30202920268257742332365953275404708876362932186126233081268378953882982678497496226174263654063117501223180578898034966223656085337334883373084607869125796375873085198702468381548844092646000918091471123471740522715726759945523447028552025595635388065116198534442596085440997733321035765727925848276780077720773813423947942897897261500184937940138907633485529821963108025734952358339503374900894410557026185676985022331033162862997323268166349454054188633295786615309412011574435999223099692460984450049162945243062885017461621174645588415793371092553276659278821750757051513096018112562322671758185884723076622762770139939257121333442184726507398120549862768333535285169797469192335481195476097517889492156762116680162316423278945919691076536171842073800843639112486520374651847004816438729428006339860583256463625624588904687675278998303472796301607541995411310541575743038778694626639441168275284817491009390549757179667525679078920607956040931385549230733978021228854684726081985813156487201266370594339012134320184482090571781309004752804334008848045810278327173526778233860215951992047149229724053313252183893981094414695994972064569665790805084418343199642687841972311350961052202271387949719658691563022753197070849851750622828360372831276709726914223899314813733160374305962921653051404882060330819172627960891395067700490358191969305436911091951396726695392072575454300854916140709774654154998800277442750922307014838931919039725150709899072891309913082798416546248435092193590389409809506356698634707335173856506699210087316181341915850668453162230027774227154424111448678572361098994464656935906437669207139049816541062860525020847017712718778020557671123011136163104525540907762438699396715203200479595965770253266123003551849469243218050183133566805820986091910826977122966998720773988804467764697568557072679107706442588479862369099432966960081232460489804138274125247077107898395681456102053893771228379830106472648847883770670626755318697358670695168600090808507844963550266561187895116893111883479789204980130116222086365078872385687662985419499470707609200322111070581905019823572911047137580752388223839852275382190700829251744640206833	0,-3,-3,-3,-3,-3,-3,-3,-3,-3,-3,-3	-4,3,3,3,3,3,3,-3,-3,-3,-3,-3	ok
1.563564	12.552553	-58.010986	0.343812	full	30202920268257714220296010089345710995565877019664095498865225749199342152807611938856960214582501211693450742681944830680085042776774497109079917447866900614562466173599739216008128699278025331330411443787482345010263216178424250018365361356950272463540126306018939451839865953429518165420628892996704349725994754015140261652895723373569119758386872312465651244072630423033486129783118424779941636024449580834933858749659639432027188539641503779874502364293040581406132299503788114580259630196995653459294986678977559834773739716351099704639419174908636020856909869027494102628084240761241614219102177484409073929668014262354833049264474150689205152286629387880067773343390875433565551569121278236186428221708156881250641142755437490728949576108025196029657985800793652337460877946102770881807760874669759177035252865231061550258967890304897022974937680541106620842578777527818701728345512556793465639674081551861790120857189936279538659389718355836001549683884250767744226396939114805881855883835832082929383550814199595967026876498730503949321026706056861014631758843863605366756863685547112674099700154359795439984350888434070051929932619657832723577622655581871670366637750520425559260556464825662481393226343270671458042022578039617772013662803134605974924544890909456958654212364885235417971036104785603995290915721821083834561491082264227150084520096477057888716257501818931138957711089407731897458910766033937309735391698104412008135130495310568678571323549773971128516059551525414662889348549526444995642632549445715491911212878539886725997354698808749617680930885092018409974393181889630778496443589895569636179961964883765719865051155283479621903541274600558283777802260750918567512118339745582556115821829546041391128164019707760787639792500612054833868931745341251035444201017990270981764270266251365807194612523126013720274865710247560328628061506999499586446255622839875729811474457490906990417257324872368355107407398181263450772889423901255227809395012925015767879651819283698707214466304493907335147956817030263220587590508987020047961052961187053448597562058146049761297471176208592249838985136535267152793028767054151456519274881726800	30202920268257742332365953275404708876362932186126233081268378953882982678497496226174263654063117501223180578898034966223656085337334883373084607869125796375873085198702468381548844092646000918091471123471740522715726759945523447028552025595635388065116198534442596085440997733321035765727925848276780077720773813423947942897897261500184937940138907633485529821963108025734952358339503374900894410557026185676985022331033162862997323268166349454054188633295786615309412011574435999223099692460984450049162945243062885017461621174645588415793371092553276659278821750757051513096018112562322671758185884723076622762770139939257121333442184726507398120549862768333535285169797469192335481195476097517889492156762116680162316423278945919691076536171842073800843639112486520374651847004816438729428006339860583256463625624588904687675278998303472796301607541995411310541575743038778694626639441168275284817491009390549757179667525679078920607956040931385549230733978021228854684726081985813156487201266370594339012134320184482090571781309004752804334008848045810278327173526778233860215951992047149229724053313252183893981094414695994972064569665790805084418343199642687841972311350961052202271387949719658691563022753197070849851750622828360372831276709726914223899314813733160374305962921653051404882060330819172627960891395067700490358191969305436911091951396726695392072575454300854916140709774654154998800277442750922307014838931919039725150709899072891309913082798416546248435092193590389409809506356698634707335173856506699210087316181341915850668453162230027774227154424111448678572361098994464656935906437669207139049816541062860525020847017712718778020557671123011136163104525540907762438699396715203200479595965770253266123003551849469243218050183133566805820986091910826977122966998720773988804467764697568557072679107706442588479862369099432966960081232460489804138274125247077107898395681456102053893771228379830106472648847883770670626755318697358670695168600090808507844963550266561187895116893111883479789204980130116222086365078872385687662985419499470707609200322111070581905019823572911047137580752388223839852275382190700829251744640206833	0,-3,-3,-3,-3,-3,-3,-3,-3,-3,-3,-3	-4,3,3,3,3,3,3,-3,-3,-3,-3,-3	ok
1.567568	12.552553	-18.692132	0.324104	continued:5	30684186662718090054152588506030303727521850347510377446772616701708291599884415229235209087205973850720422324707958467045248250299222579118594463922733421057872043362908249275384854003142514850228930522179115354547113487485021269964089733010092954973389317626536181920351373103963628623466318150138326524285889780992051774092521533384434582721990797397943877022251314971726361859301830135706754725158207962118423621689903193783423248488381836433949280435442335078446777917530409458254021374754509710745240669121538582646807229837492392488439233408340735560349408330275187518221055906249983145753548485954432749835303249089448054526604976698255340402818610950351593489106850425275740274870312167013444986518462316128693332804314618882367467907779866815830396840177204497750992804930638289410396866313381130782249787155451523370232705591280328827567586013803974292428320885762570827486953723731081477136282439047897624142291642090352690250513097600996261497061916486074851413239886326585974923462970829423020619564945551918688377888607417928730854311622203124908984307895315030466170122704024921043481838824494073671485027510789634770993436212997842836411788095398169425838380870837886629835568754285531758235352076705134546590317516309628605756439321889787474445450285344527085098002878213263323220835023440224259556371391239446582697569652357988413803156709604869454673416604813667794015463845427417175297382079657834948711365518653621286101143459130099808357925958594529123822339239555687674743665613678108675315709989213002360225078863613010213645905145637532786571880129503290099443918413257556094950841549996181356420880928906010088986342195028943576221912899300563049477512122654683277454917157522382360886844648800041704751863738302560096696877767607396800520608338940988861582343396550521915206751025172784867625524533295454416892266714628746192406972127931133692465693191688149408994811896453080443033160915500927277465419684713501676024380228931499096047284244602152136246756378882741529088900816778637119789091755212395107300895648439841428939011085907873348512125115724967808858846420917098327146846745429151470986724463332943155919650242648625	30202920268257742332365953275404708876362932186126233081268378953882982678497496226174263654063117501223180578898034966223656085337334883373084607869125796375873085198702468381548844092646000918091471123471740522715726759945523447028552025595635388065116198534442596085440997733321035765727925848276780077720773813423947942897897261500184937940138907633485529821963108025734952358339503374900894410557026185676985022331033162862997323268166349454054188633295786615309412011574435999223099692460984450049162945243062885017461621174645588415793371092553276659278821750757051513096018112562322671758185884723076622762770139939257121333442184726507398120549862768333535285169797469192335481195476097517889492156762116680162316423278945919691076536171842073800843639112486520374651847004816438729428006339860583256463625624588904687675278998303472796301607541995411310541575743038778694626639441168275284817491009390549757179667525679078920607956040931385549230733978021228854684726081985813156487201266370594339012134320184482090571781309004752804334008848045810278327173526778233860215951992047149229724053313252183893981094414695994972064569665790805084418343199642687841972311350961052202271387949719658691563022753197070849851750622828360372831276709726914223899314813733160374305962921653051404882060330819172627960891395067700490358191969305436911091951396726695392072575454300854916140709774654154998800277442750922307014838931919039725150709899072891309913082798416546248435092193590389409809506356698634707335173856506699210087316181341915850668453162230027774227154424111448678572361098994464656935906437669207139049816541062860525020847017712718778020557671123011136163104525540907762438699396715203200479595965770253266123003551849469243218050183133566805820986091910826977122966998720773988804467764697568557072679107706442588479862369099432966960081232460489804138274125247077107898395681456102053893771228379830106472648847883770670626755318697358670695168600090808507844963550266561187895116893111883479789204980130116222086365078872385687662985419499470707609200322111070581905019823572911047137580752388223839852275382190700829251744640206833	-1,-4,-4,3,3,3,3,3,3,-3,-3,-3	-4,3,3,3,3,3,3,-3,-3,-3,-3,-3	ok
1.571572	12.552553	-48.273483	0.326897	continued:5	30684186662718090054152588506030303727521850347510377446772616701708291599884415229235209087205973850720422324707958467045248250299222579118594463922733421057872043362908249275384854003142514850228930522179115354547113487485021269964089733010092954973389317626536181920351373103963628623466318150138326524285889780992051774092521533384434582721990797397943877022251314971726361859301830135706754725158207962118423621689903193783423248488381836433949280435442335078446777917530409458254021374754509710745240669121538582646807229837492392488439233408340735560349408330275187518221055906249983145753548485954432749835303249089448054526604976698255340402818610950351593489106850425275740274870312167013444986518462316128693332804314618882367467907779866815830396840177204497750992804930638289410396866313381130782249787155451523370232705591280328827567586013803974292428320885762570827486953723731081477136282439047897624142291642090352690250513097600996261497061916486074851413239886326585974923462970829423020619564945551918688377888607417928730854311622203124908984307895315030466170122704024921043481838824494073671485027510789634770993436212997842836411788095398169425838380870837886629835568754285531758235352076705134546590317516309628605756439321889787474445450285344527085098002878213263323220835023440224259556371391239446582697569652357988413803156709604869454673416604813667794015463845427417175297382079657834948711365518653621286101143459130099808357925958594529123822339239555687674743665613678108675315709989213002360225078863613010213645905145637532786571880129503290099443918413257556094950841549996181356420880928906010088986342195028943576221912899300563049477512122654683277454917157522382360886844648800041704751863738302560096696877767607396800520608338940988861582343396550521915206751025172784867625524533295454416892266714628746192406972127931133692465693191688149408994811896453080443033160915500927277465419684713501676024380228931499096047284244602152136246756378882741529088900816778637119789091755212395107300895648439841428939011085907873348512125115724967808858846420917098327146846745429151470986724463332943155919650242648625	30202920268257742332365953275404708876362932186126233081268378953882982678497496226174263654063117501223180578898034966223656085337334883373084607869125796375873085198702468381548844092646000918091471123471740522715726759945523447028552025595635388065116198534442596085440997733321035765727925848276780077720773813423947942897897261500184937940138907633485529821963108025734952358339503374900894410557026185676985022331033162862997323268166349454054188633295786615309412011574435999223099692460984450049162945243062885017461621174645588415793371092553276659278821750757051513096018112562322671758185884723076622762770139939257121333442184726507398120549862768333535285169797469192335481195476097517889492156762116680162316423278945919691076536171842073800843639112486520374651847004816438729428006339860583256463625624588904687675278998303472796301607541995411310541575743038778694626639441168275284817491009390549757179667525679078920607956040931385549230733978021228854684726081985813156487201266370594339012134320184482090571781309004752804334008848045810278327173526778233860215951992047149229724053313252183893981094414695994972064569665790805084418343199642687841972311350961052202271387949719658691563022753197070849851750622828360372831276709726914223899314813733160374305962921653051404882060330819172627960891395067700490358191969305436911091951396726695392072575454300854916140709774654154998800277442750922307014838931919039725150709899072891309913082798416546248435092193590389409809506356698634707335173856506699210087316181341915850668453162230027774227154424111448678572361098994464656935906437669207139049816541062860525020847017712718778020557671123011136163104525540907762438699396715203200479595965770253266123003551849469243218050183133566805820986091910826977122966998720773988804467764697568557072679107706442588479862369099432966960081232460489804138274125247077107898395681456102053893771228379830106472648847883770670626755318697358670695168600090808507844963550266561187895116893111883479789204980130116222086365078872385687662985419499470707609200322111070581905019823572911047137580752388223839852275382190700829251744640206833	-1,-4,-4,3,3,3,3,3,3,-3,-3,-3	-4,3,3,3,3,3,3,-3,-3,-3,-3,-3	ok
1.575576	12.552553	-52.106709	0.329563	continued:5	30202935011430951262604419988172094453657825073353278524322808500103769330796164063642468762379903714798947483726286084564213076959909242968466874967012543791034779594694960123650516555561947137404614611191741736082415252900039148572441746954030539432227056820722818101784501036636978484310004662027303653621341603818079168726703255666904184986924843720362633266766331141392295641316408426232450175463335923238696082033907173041948844864441780461317371840644595632719714087448432527017449650481077508912607645643014693955757759064055671479026939807360018827993282376976773661202877441381724010117811929094233127842659967756098771005919596432356314611105722068513402430499695537498580008193777975715728944369906110601004272300114562906223762589743365329502060440151766024879813617084491518142057579346073532936679757525933599339533211747238752656819241765142712350870275665202174328705318883920507727230096528026814758039985757840471251200726857927706281546814976182604511385319553387928142838510704914853967581283656615412997691325073776600315734912041539339084634445352581941869100780795699468755997936874601131818801292657350585231573835517091055090579349772786196833448158575521472773116686161217611381920471058595607923044989559430786033196412494575252467019196494392059636743929305187634943343505541317465706274026110069349235113337613794186527909523636422946464949248303567138426345906066891414567176689632031952832539447384549646575477941946600504980052975432980321850163444264299423028398966380619965085966274554999235460199353463965353344889960386666509537409903810480124526866574917219353355366622695649988656813486963176609594782333496967801489525542767830856883440347211743311795539543899149238800981674588950068606998590104366189411991132960609257116500592697591563265179747200221479648226165554039566423103361667644785977807929566041049585798393136173417852603137710435593521770849842410603082003359692090202975297886090133956121762699467982072699822706705404385126065263895079319585544857379698908062961343722394934205943337146363123814638737224646394444870228877897499890362667691484464060274508572448157457607069665145371778729774998775273	30202920268257742332365953275404708876362932186126233081268378953882982678497496226174263654063117501223180578898034966223656085337334883373084607869125796375873085198702468381548844092646000918091471123471740522715726759945523447028552025595635388065116198534442596085440997733321035765727925848276780077720773813423947942897897261500184937940138907633485529821963108025734952358339503374900894410557026185676985022331033162862997323268166349454054188633295786615309412011574435999223099692460984450049162945243062885017461621174645588415793371092553276659278821750757051513096018112562322671758185884723076622762770139939257121333442184726507398120549862768333535285169797469192335481195476097517889492156762116680162316423278945919691076536171842073800843639112486520374651847004816438729428006339860583256463625624588904687675278998303472796301607541995411310541575743038778694626639441168275284817491009390549757179667525679078920607956040931385549230733978021228854684726081985813156487201266370594339012134320184482090571781309004752804334008848045810278327173526778233860215951992047149229724053313252183893981094414695994972064569665790805084418343199642687841972311350961052202271387949719658691563022753197070849851750622828360372831276709726914223899314813733160374305962921653051404882060330819172627960891395067700490358191969305436911091951396726695392072575454300854916140709774654154998800277442750922307014838931919039725150709899072891309913082798416546248435092193590389409809506356698634707335173856506699210087316181341915850668453162230027774227154424111448678572361098994464656935906437669207139049816541062860525020847017712718778020557671123011136163104525540907762438699396715203200479595965770253266123003551849469243218050183133566805820986091910826977122966998720773988804467764697568557072679107706442588479862369099432966960081232460489804138274125247077107898395681456102053893771228379830106472648847883770670626755318697358670695168600090808507844963550266561187895116893111883479789204980130116222086365078872385687662985419499470707609200322111070581905019823572911047137580752388223839852275382190700829251744640206833	1,-4,3,3,3,3,3,3,-3,-3,-3,-3	-4,3,3,3,3,3,3,-3,-3,-3,-3,-3	ok
1.579580	12.552553	-54.412154	0.332356	continued:5	30202920268257714220296010089345710995565877019664095498865225749199342152807611938856960214582501211693450742681944830680085042776774497109079917447866900614562466173599739216008128699278025331330411443787482345010263216178424250018365361356950272463540126306018939452323739143596039358945798055801236801280464807334967408674623567635159501444847428299040045275375015573627088906550740194213318215358665649340175457594333913840164029769665189212067649243131533893227925012361338087753336439526556145784122326885055133446097194404044786132205304544207938781649587484380043637858918572330140114923465303252343759198986767930963092374858054417728161261345708442402298524765027534562413211552281198850211153393798900006730353456535518559497323465584770904564700863193722838843939597809277315068629154216908084914398325905254273895647861295365352941011860010042434288428966105874018775333265034883920789766721908400656563120234662673145312287207159725428443288733270970031400103723180278371912955497116527278264984289552421767512945911398083370476424729825616933965100403045620347661011504177181811058690935155321655926916090897737828248495138044894703218257452502159237254421845188287670468725639102544844184280101527112418996021482951285684595432257001485545960379803341226674673346068136389216828011322423912186863579837314137736922973194637052129233453760984551152327579947003768900592013061641856967241139263361706030186684960628947763752452738903677568650619906383049457383020006853171278278230622414220201932292862098604910145078640907475477606180572365634700824890938134462206334414521845735666428497724610815947248074260316041288777379469191898871882942844927637393224130432067766878010531709096305164553911446876108257443090606108883337680842792523627722661169620878465056342878437491122565676022108990355074215389016155612124570355031829445748575931905438873664489925012974830447421061188065281911217376142048644912621740721840247604286248401422068751644661789343998968436638929890296224662770657852533129831626196542899321645960640325101444402792823223764819910697729044319944813865324686380323692308615171293771309912730253507197629578245240591151	30202920268257742332365953275404708876362932186126233081268378953882982678497496226174263654063117501223180578898034966223656085337334883373084607869125796375873085198702468381548844092646000918091471123471740522715726759945523447028552025595635388065116198534442596085440997733321035765727925848276780077720773813423947942897897261500184937940138907633485529821963108025734952358339503374900894410557026185676985022331033162862997323268166349454054188633295786615309412011574435999223099692460984450049162945243062885017461621174645588415793371092553276659278821750757051513096018112562322671758185884723076622762770139939257121333442184726507398120549862768333535285169797469192335481195476097517889492156762116680162316423278945919691076536171842073800843639112486520374651847004816438729428006339860583256463625624588904687675278998303472796301607541995411310541575743038778694626639441168275284817491009390549757179667525679078920607956040931385549230733978021228854684726081985813156487201266370594339012134320184482090571781309004752804334008848045810278327173526778233860215951992047149229724053313252183893981094414695994972064569665790805084418343199642687841972311350961052202271387949719658691563022753197070849851750622828360372831276709726914223899314813733160374305962921653051404882060330819172627960891395067700490358191969305436911091951396726695392072575454300854916140709774654154998800277442750922307014838931919039725150709899072891309913082798416546248435092193590389409809506356698634707335173856506699210087316181341915850668453162230027774227154424111448678572361098994464656935906437669207139049816541062860525020847017712718778020557671123011136163104525540907762438699396715203200479595965770253266123003551849469243218050183133566805820986091910826977122966998720773988804467764697568557072679107706442588479862369099432966960081232460489804138274125247077107898395681456102053893771228379830106472648847883770670626755318697358670695168600090808507844963550266561187895116893111883479789204980130116222086365078872385687662985419499470707609200322111070581905019823572911047137580752388223839852275382190700829251744640206833	1,3,3,-3,-3,-3,-3,-3,-3,-3,-3,-3	-4,3,3,3,3,3,3,-3,-3,-3,-3,-3	ok
1.583584	12.552553	-55.688576	0.335149	continued:5	30202920268257714220296010089345710995565877019664095498865225749199342152807611938856960214582501211693450742681944830680085042776774497109079917447866900614562466173599739216008128699278025331330411443787482345010263216178424250018365361356950272463540126306018939451839865953429518165420628892996704349725994754015140261652895723373569119758386872312465651244072630423033486129783118424779941636024449580834933858749659639432027188539641503779874502364293040581406132299503788114580259630196995653459294986678977559834773739716351099704639419174908636020856909869027494102628084240761241614219102177484409073929668014262354833049264474150689205152286629387880067773343390875433565551569121278236186428221708156881250641142755437490728949576108025196029657985800793652337460877946102770881807760874669759177035252865231061550258967890304897022974937680541106620842578777527818701728345512556793465639674081551861790120857189936279538659389718355836001549683884250767744226396939114805881855883835832082929383550814199595967026876498730503949321026706056861014631758843863605397845341431880188077510630862634709982762358597933759264043980272735231793851342202096078610598726506540110914006713555865306716953116916016388739482117787877633219826057509635074354706328044870040049434082113384031176447494627509559899569709274353737804594879545294793155142005561312671860118940976156048575804570346094186688815919718740840967678604882969779685162738015187929617868603400357617911589881056128657270023007794287317827157413148304020420321951225614584113702405833499502709259977398308278956501187282083448724490854388514264699390039331708541368886212152569333275234038942792780192550108710727675347495425374206904500735048853682177505487458072709019995040356670056529621339896703515065580086586558353947987950422723021942650802445963716865279511784623016573175849337913302753769042233917959819796120441325196681683608883796829809594244212086212950387591950102568892731694303576747116037939962316393886637401527506664219191260462687231618876810092464183304636890029331132513458004271961632472732108801069677297221925022295664559896860100320681096607226683991752402	30202920268257742332365953275404708876362932186126233081268378953882982678497496226174263654063117501223180578898034966223656085337334883373084607869125796375873085198702468381548844092646000918091471123471740522715726759945523447028552025595635388065116198534442596085440997733321035765727925848276780077720773813423947942897897261500184937940138907633485529821963108025734952358339503374900894410557026185676985022331033162862997323268166349454054188633295786615309412011574435999223099692460984450049162945243062885017461621174645588415793371092553276659278821750757051513096018112562322671758185884723076622762770139939257121333442184726507398120549862768333535285169797469192335481195476097517889492156762116680162316423278945919691076536171842073800843639112486520374651847004816438729428006339860583256463625624588904687675278998303472796301607541995411310541575743038778694626639441168275284817491009390549757179667525679078920607956040931385549230733978021228854684726081985813156487201266370594339012134320184482090571781309004752804334008848045810278327173526778233860215951992047149229724053313252183893981094414695994972064569665790805084418343199642687841972311350961052202271387949719658691563022753197070849851750622828360372831276709726914223899314813733160374305962921653051404882060330819172627960891395067700490358191969305436911091951396726695392072575454300854916140709774654154998800277442750922307014838931919039725150709899072891309913082798416546248435092193590389409809506356698634707335173856506699210087316181341915850668453162230027774227154424111448678572361098994464656935906437669207139049816541062860525020847017712718778020557671123011136163104525540907762438699396715203200479595965770253266123003551849469243218050183133566805820986091910826977122966998720773988804467764697568557072679107706442588479862369099432966960081232460489804138274125247077107898395681456102053893771228379830106472648847883770670626755318697358670695168600090808507844963550266561187895116893111883479789204980130116222086365078872385687662985419499470707609200322111070581905019823572911047137580752388223839852275382190700829251744640206833	2,-3,-3,-3,-3,-3,-3,-3,-3,-3,-3,-3	-4,3,3,3,3,3,3,-3,-3,-3,-3,-3	ok
1.587588	12.552553	-56.461559	0.337943	continued:5	30202920268257714220296010089345710995565877019664095498865225749199342152807611938856960214582501211693450742681944830680085042776774497109079917447866900614562466173599739216008128699278025331330411443787482345010263216178424250018365361356950272463540126306018939451839865953429518165420628892996704349725994754015140261652895723373569119758386872312465651244072630423033486129783118424779941636024449580834933858749659639432027188539641503779874502364293040581406132299503788114580259630196995653459294986678977559834773739716351099704639419174908636020856909869027494102628084240761241614219102177484409073929668014262354833049264474150689205152286629387880067773343390875433565551569121278236186428221708156881250641142755437490728949576108025196029657985800793652337460877946102770881807760874669759177035252865231061550258967890304897022974937680541106620842578777527818701728345512556793465639674081551861790120857189936279538659389718355836001549683884250767744226396939114805881855883835832082929383550814199595967026876498730503949321026706056861014631758843863605390073221995296919226657898185565981347067856670558836961015468359465882026282912315467526875540704317535189575320174283105395658063144272829959419122093985418129357872958833009957259760882256379894276739114676259332236828379996828570923500010886220574312086532429537151653877634195103768367268270107571769216592855531922572990976667480564115053192801586753437765905836135218589383044283437711706215821425679977846618239592983097099619278717998589444188219266638845909766776143049826814436365215770004213819869488757034994237992251688859590933587519990002347456630921903247869861901414525744724715357032098233486152499598615591574014580242097648143476897634559458705193190215627695410924472155463971611943925990173263028736403884608829298439900487603569152389702554894824319964044018811726940223393239344179833779543199608270238010310977178840449284460010914205028653387184932901983355723076435791590970424884692116339654854762206121641227232336219681279962754466975384233489657785238646148455652594485760866989405968596310120978903513005882236710843332432274360319549831714246000	30202920268257742332365953275404708876362932186126233081268378953882982678497496226174263654063117501223180578898034966223656085337334883373084607869125796375873085198702468381548844092646000918091471123471740522715726759945523447028552025595635388065116198534442596085440997733321035765727925848276780077720773813423947942897897261500184937940138907633485529821963108025734952358339503374900894410557026185676985022331033162862997323268166349454054188633295786615309412011574435999223099692460984450049162945243062885017461621174645588415793371092553276659278821750757051513096018112562322671758185884723076622762770139939257121333442184726507398120549862768333535285169797469192335481195476097517889492156762116680162316423278945919691076536171842073800843639112486520374651847004816438729428006339860583256463625624588904687675278998303472796301607541995411310541575743038778694626639441168275284817491009390549757179667525679078920607956040931385549230733978021228854684726081985813156487201266370594339012134320184482090571781309004752804334008848045810278327173526778233860215951992047149229724053313252183893981094414695994972064569665790805084418343199642687841972311350961052202271387949719658691563022753197070849851750622828360372831276709726914223899314813733160374305962921653051404882060330819172627960891395067700490358191969305436911091951396726695392072575454300854916140709774654154998800277442750922307014838931919039725150709899072891309913082798416546248435092193590389409809506356698634707335173856506699210087316181341915850668453162230027774227154424111448678572361098994464656935906437669207139049816541062860525020847017712718778020557671123011136163104525540907762438699396715203200479595965770253266123003551849469243218050183133566805820986091910826977122966998720773988804467764697568557072679107706442588479862369099432966960081232460489804138274125247077107898395681456102053893771228379830106472648847883770670626755318697358670695168600090808507844963550266561187895116893111883479789204980130116222086365078872385687662985419499470707609200322111070581905019823572911047137580752388223839852275382190700829251744640206833	-2,-3,-3,-3,-3,-3,-3,-3,-3,-3,-3,-3	-4,3,3,3,3,3,3,-3,-3,-3,-3,-3	ok
1.591592	12.552553	-56.982882	0.340736	continued:5	30202920268257714220296010089345710995565877019664095498865225749199342152807611938856960214582501211693450742681944830680085042776774497109079917447866900614562466173599739216008128699278025331330411443787482345010263216178424250018365361356950272463540126306018939451839865953429518165420628892996704349725994754015140261652895723373569119758386872312465651244072630423033486129783118424779941636024449580834933858749659639432027188539641503779874502364293040581406132299503788114580259630196995653459294986678977559834773739716351099704639419174908636020856909869027494102628084240761241614219102177484409073929668014262354833049264474150689205152286629387880067773343390875433565551569121278236186428221708156881250641142755437490728949576108025196029657985800793652337460877946102770881807760874669759177035252865231061550258967890304897022974937680541106620842578777527818701728345512556793465639674081551861790120857189936279538659389718355836001549683884250767744226396939114805881855883835832082929383550814199595967026876498730503949321026706056861014631758843863605382301102558713650375805165508497252711373354743183914657986956446196532258714482428838975140482682128530268236633635010345484599173171629643530098762070182958625495919860156384840164815436467889748504044147239134633297209265366147581947430312498087410819578185313779510152613262828894864874417599238987489857381140717750959293137415242387389138706998290537095846648934255249249148219963475065794520052970303827035966456178171906881411400022848874867956116582052077235419849880266154126163470454141700148683237790231986539751493648989204917167785000648296153544375631653926406448568790108696669238163955485739296957503771856976243528425435341614109448307811046208390391340074585334292227604414224428158307765393788172109484857346494636654228998529243421439499893325166632066752238699710151126677744244770399847762965957891343794337013070560851088974675809742197106919182419763235073979751849294836065902909807067838792672307996905579063263204209752130941048698841486585162342425541146159783453300917009889261246703136122942944735882003716099913524826564543867624031872979436739599	30202920268257742332365953275404708876362932186126233081268378953882982678497496226174263654063117501223180578898034966223656085337334883373084607869125796375873085198702468381548844092646000918091471123471740522715726759945523447028552025595635388065116198534442596085440997733321035765727925848276780077720773813423947942897897261500184937940138907633485529821963108025734952358339503374900894410557026185676985022331033162862997323268166349454054188633295786615309412011574435999223099692460984450049162945243062885017461621174645588415793371092553276659278821750757051513096018112562322671758185884723076622762770139939257121333442184726507398120549862768333535285169797469192335481195476097517889492156762116680162316423278945919691076536171842073800843639112486520374651847004816438729428006339860583256463625624588904687675278998303472796301607541995411310541575743038778694626639441168275284817491009390549757179667525679078920607956040931385549230733978021228854684726081985813156487201266370594339012134320184482090571781309004752804334008848045810278327173526778233860215951992047149229724053313252183893981094414695994972064569665790805084418343199642687841972311350961052202271387949719658691563022753197070849851750622828360372831276709726914223899314813733160374305962921653051404882060330819172627960891395067700490358191969305436911091951396726695392072575454300854916140709774654154998800277442750922307014838931919039725150709899072891309913082798416546248435092193590389409809506356698634707335173856506699210087316181341915850668453162230027774227154424111448678572361098994464656935906437669207139049816541062860525020847017712718778020557671123011136163104525540907762438699396715203200479595965770253266123003551849469243218050183133566805820986091910826977122966998720773988804467764697568557072679107706442588479862369099432966960081232460489804138274125247077107898395681456102053893771228379830106472648847883770670626755318697358670695168600090808507844963550266561187895116893111883479789204980130116222086365078872385687662985419499470707609200322111070581905019823572911047137580752388223839852275382190700829251744640206833	1,-3,-3,-3,-3,-3,-3,-3,-3,-3,-3,-3	-4,3,3,3,3,3,3,-3,-3,-3,-3,-3	ok
1.595596	12.552553	-57.344669	0.343195	continued:5	30202920268257714220296010089345710995565877019664095498865225749199342152807611938856960214582501211693450742681944830680085042776774497109079917447866900614562466173599739216008128699278025331330411443787482345010263216178424250018365361356950272463540126306018939451839865953429518165420628892996704349725994754015140261652895723373569119758386872312465651244072630423033486129783118424779941636024449580834933858749659639432027188539641503779874502364293040581406132299503788114580259630196995653459294986678977559834773739716351099704639419174908636020856909869027494102628084240761241614219102177484409073929668014262354833049264474150689205152286629387880067773343390875433565551569121278236186428221708156881250641142755437490728949576108025196029657985800793652337460877946102770881807760874669759177035252865231061550258967890304897022974937680541106620842578777527818701728345512556793465639674081551861790120857189936279538659389718355836001549683884250767744226396939114805881855883835832082929383550814199595967026876498730503949321026706056861014631758843863605366756863685547112674099700154359795439984350888434070051929932619657832723577622655581871670366637750520425559260556464825662481393226343270671458042022578039617772013662803134605974924544890909456958654212364885235417971036104785603995290915721821083834561491082264227150084520096477057888716257501818931138957711089407731897458910766033937309735391698104412008135130495310568678571323549773971128516059551525414662889348549526444995642632549445715491911212878539886725997354698808749617680930885092018409974393181889630778496443589895569636179961964883765719865051155283479621903541274600558283777802260750918567512118339745582556115821829546041391128164019707760787639792500612054833868931745341251035444201017990270981764270266251365807194612523126013720274865710247560328628061506999499586446255622839875729811474457490906990417257324872368355107407398181263450772889423901255227809395012925015767879651819283698707214466304493907335147956817030263220587590508987020047961052961187053448597562058146049761297471176208592249838985136535267152793028767054151456519274881726800	30202920268257742332365953275404708876362932186126233081268378953882982678497496226174263654063117501223180578898034966223656085337334883373084607869125796375873085198702468381548844092646000918091471123471740522715726759945523447028552025595635388065116198534442596085440997733321035765727925848276780077720773813423947942897897261500184937940138907633485529821963108025734952358339503374900894410557026185676985022331033162862997323268166349454054188633295786615309412011574435999223099692460984450049162945243062885017461621174645588415793371092553276659278821750757051513096018112562322671758185884723076622762770139939257121333442184726507398120549862768333535285169797469192335481195476097517889492156762116680162316423278945919691076536171842073800843639112486520374651847004816438729428006339860583256463625624588904687675278998303472796301607541995411310541575743038778694626639441168275284817491009390549757179667525679078920607956040931385549230733978021228854684726081985813156487201266370594339012134320184482090571781309004752804334008848045810278327173526778233860215951992047149229724053313252183893981094414695994972064569665790805084418343199642687841972311350961052202271387949719658691563022753197070849851750622828360372831276709726914223899314813733160374305962921653051404882060330819172627960891395067700490358191969305436911091951396726695392072575454300854916140709774654154998800277442750922307014838931919039725150709899072891309913082798416546248435092193590389409809506356698634707335173856506699210087316181341915850668453162230027774227154424111448678572361098994464656935906437669207139049816541062860525020847017712718778020557671123011136163104525540907762438699396715203200479595965770253266123003551849469243218050183133566805820986091910826977122966998720773988804467764697568557072679107706442588479862369099432966960081232460489804138274125247077107898395681456102053893771228379830106472648847883770670626755318697358670695168600090808507844963550266561187895116893111883479789204980130116222086365078872385687662985419499470707609200322111070581905019823572911047137580752388223839852275382190700829251744640206833	0,-3,-3,-3,-3,-3,-3,-3,-3,-3,-3,-3	-4,3,3,3,3,3,3,-3,-3,-3,-3,-3	ok
1.599600	12.552553	-57.596926	0.341946	continued:5	30202920268257714220296010089345710995565877019664095498865225749199342152807611938856960214582501211693450742681944830680085042776774497109079917447866900614562466173599739216008128699278025331330411443787482345010263216178424250018365361356950272463540126306018939451839865953429518165420628892996704349725994754015140261652895723373569119758386872312465651244072630423033486129783118424779941636024449580834933858749659639432027188539641503779874502364293040581406132299503788114580259630196995653459294986678977559834773739716351099704639419174908636020856909869027494102628084240761241614219102177484409073929668014262354833049264474150689205152286629387880067773343390875433565551569121278236186428221708156881250641142755437490728949576108025196029657985800793652337460877946102770881807760874669759177035252865231061550258967890304897022974937680541106620842578777527818701728345512556793465639674081551861790120857189936279538659389718355836001549683884250767744226396939114805881855883835832082929383550814199595967026876498730503949321026706056861014631758843863605366756863685547112674099700154359795439984350888434070051929932619657832723577622655581871670366637750520425559260556464825662481393226343270671458042022578039617772013662803134605974924544890909456958654212364885235417971036104785603995290915721821083834561491082264227150084520096477057888716257501818931138957711089407731897458910766033937309735391698104412008135130495310568678571323549773971128516059551525414662889348549526444995642632549445715491911212878539886725997354698808749617680930885092018409974393181889630778496443589895569636179961964883765719865051155283479621903541274600558283777802260750918567512118339745582556115821829546041391128164019707760787639792500612054833868931745341251035444201017990270981764270266251365807194612523126013720274865710247560328628061506999499586446255622839875729811474457490906990417257324872368355107407398181263450772889423901255227809395012925015767879651819283698707214466304493907335147956817030263220587590508987020047961052961187053448597562058146049761297471176208592249838985136535267152793028767054151456519274881726800	30202920268257714220296010089345915417147225611909418113378604349366877439094984487638255761522992367640361629501222975572114765001513417656257786740009913280952304834019711436475170842390313724444254293734480843711776537429538709547561668919200287059039991744859891010213277444908275359728865125422931753512241400849358042446737823904080713972919631600598212362999842028763234131242458990801256672761830942747871642258391868526133658792919783857418902805612232022819796697889901286980398305372855559025992798061761398835097752589090709558390385879875367404177132756182155419481960488251613635993597184213664133676208238103616237758482396942340169800148811287830906526832247376992346690868862428882886688952645427197747775279648800660301914844156851764726644145178847765092616788382478400141305717831699760725471598725635670315864675366665599540026782545075662425866974415318204917766132067985475683052448462702042671833830567613737496619247080282751101382947453980461651944669151661045636106748768898285449219256145048092083834071080335486514368642541701581841214194909362804701140208765755024763697870000490066628100564701060448352014337653204675891103802601979225255749379591625352833204875750583905908280241383568754652790514095904400469501058060004885344428648584317401406025889398725004412760121570621452810468348412282115462507717502607586750526894081844666580298671988375420220186654139359612317838164922024192132688733322254277669093655623885749612334419904668242403774768078508081216796083828038969058220358230922489471011104247536182278472820626114306037003045627185029122253153639942088190554876534909474845821049887089032192668216109454226605313246101286633207534973764725027616422638016345990874747782599457295733115909757697309644814847546716758464046411163571107954358538230385446526899621169501702821677462014493881533401777141399510396250249331617240606504980732309963552225322027554847562554596757816683067553300658121149777600292415758955825575208850625277164434081840185986793671921977440306158530812052043410281679818601401225222017298120147403827212968682379069585105592143681715003656564576421032146984314615086077696855526986376946	0,-3,-3,-3,-3,-3,-3,-3,-3,-3,-3,-3	-4,3,3,3,3,3,-3,-3,-3,-3,-3,-3	ok
1.603604	12.552553	-57.829431	0.341238	continued:5	30202920268257714220296010089345710995565877019664095498865225749199342152807611938856960214582501211693450742681944830680085042776774497109079917447866900614562466173599739216008128699278025331330411443787482345010263216178424250018365361356950272463540126306018939451839865953429518165420628892996704349725994754015140261652895723373569119758386872312465651244072630423033486129783118424779941636024449580834933858749659639432027188539641503779874502364293040581406132299503788114580259630196995653459294986678977559834773739716351099704639419174908636020856909869027494102628084240761241614219102177484409073929668014262354833049264474150689205152286629387880067773343390875433565551569121278236186428221708156881250641142755437490728949576108025196029657985800793652337460877946102770881807760874669759177035252865231061550258967890304897022974937680541106620842578777527818701728345512556793465639674081551861790120857189936279538659389718355836001549683884250767744226396939114805881855883835832082929383550814199595967026876498730503949321026706056861014631758843863605366756863685547112674099700154359795439984350888434070051929932619657832723577622655581871670366637750520425559260556464825662481393226343270671458042022578039617772013662803134605974924544890909456958654212364885235417971036104785603995290915721821083834561491082264227150084520096477057888716257501818931138957711089407731897458910766033937309735391698104412008135130495310568678571323549773971128516059551525414662889348549526444995642632549445715491911212878539886725997354698808749617680930885092018409974393181889630778496443589895569636179961964883765719865051155283479621903541274600558283777802260750918567512118339745582556115821829546041391128164019707760787639792500612054833868931745341251035444201017990270981764270266251365807194612523126013720274865710247560328628061506999499586446255622839875729811474457490906990417257324872368355107407398181263450772889423901255227809395012925015767879651819283698707214466304493907335147956817030263220587590508987020047961052961187053448597562058146049761297471176208592249838985136535267152793028767054151456519274881726800	30202920268257714220296010089345915417147225611909418113378604349366877439094984487638255761522992367640361629501222975572114765001513417656257786740009913280952304834019711436475170842390313724444254293734480843711776537429538709547561668919200287059039991744859891010213277444908275359728865125422931753512241400849358042446737823904080713972919631600598212362999842028763234131242458990801256672761830942747871642258391868526133658792919783857418902805612232022819796697889901286980398305372855559025992798061761398835097752589090709558390385879875367404177132756182155419481960488251613635993597184213664133676208238103616237758482396942340169800148811287830906526832247376992346690868862428882886688952645427197747775279648800660301914844156851764726644145178847765092616788382478400141305717831699760725471598725635670315864675366665599540026782545075662425866974415318204917766132067985475683052448462702042671833830567613737496619247080282751101382947453980461651944669151661045636106748768898285449219256145048092083834071080335486514368642541701581841214194909362804701140208765755024763697870000490066628100564701060448352014337653204675891103802601979225255749379591625352833204875750583905908280241383568754652790514095904400469501058060004885344428648584317401406025889398725004412760121570621452810468348412282115462507717502607586750526894081844666580298671988375420220186654139359612317838164922024192132688733322254277669093655623885749612334419904668242403774768078508081216796083828038969058220358230922489471011104247536182278472820626114306037003045627185029122253153639942088190554876534909474845821049887089032192668216109454226605313246101286633207534973764725027616422638016345990874747782599457295733115909757697309644814847546716758464046411163571107954358538230385446526899621169501702821677462014493881533401777141399510396250249331617240606504980732309963552225322027554847562554596757816683067553300658121149777600292415758955825575208850625277164434081840185986793671921977440306158530812052043410281679818601401225222017298120147403827212968682379069585105592143681715003656564576421032146984314615086077696855526986376946	0,-3,-3,-3,-3,-3,-3,-3,-3,-3,-3,-3	-4,3,3,3,3,3,-3,-3,-3,-3,-3,-3	ok
1.607608	12.552553	-58.039391	0.340864	full	30202920268257714220296010089345710995565877019664095498865225749199342152807611938856960214582501211693450742681944830680085042776774497109079917447866900614562466173599739216008128699278025331330411443787482345010263216178424250018365361356950272463540126306018939451839865953429518165420628892996704349725994754015140261652895723373569119758386872312465651244072630423033486129783118424779941636024449580834933858749659639432027188539641503779874502364293040581406132299503788114580259630196995653459294986678977559834773739716351099704639419174908636020856909869027494102628084240761241614219102177484409073929668014262354833049264474150689205152286629387880067773343390875433565551569121278236186428221708156881250641142755437490728949576108025196029657985800793652337460877946102770881807760874669759177035252865231061550258967890304897022974937680541106620842578777527818701728345512556793465639674081551861790120857189936279538659389718355836001549683884250767744226396939114805881855883835832082929383550814199595967026876498730503949321026706056861014631758843863605366756863685547112674099700154359795439984350888434070051929932619657832723577622655581871670366637750520425559260556464825662481393226343270671458042022578039617772013662803134605974924544890909456958654212364885235417971036104785603995290915721821083834561491082264227150084520096477057888716257501818931138957711089407731897458910766033937309735391698104412008135130495310568678571323549773971128516059551525414662889348549526444995642632549445715491911212878539886725997354698808749617680930885092018409974393181889630778496443589895569636179961964883765719865051155283479621903541274600558283777802260750918567512118339745582556115821829546041391128164019707760787639792500612054833868931745341251035444201017990270981764270266251365807194612523126013720274865710247560328628061506999499586446255622839875729811474457490906990417257324872368355107407398181263450772889423901255227809395012925015767879651819283698707214466304493907335147956817030263220587590508987020047961052961187053448597562058146049761297471176208592249838985136535267152793028767054151456519274881726800	30202920268257714220296010089345915417147225611909418113378604349366877439094984487638255761522992367640361629501222975572114765001513417656257786740009913280952304834019711436475170842390313724444254293734480843711776537429538709547561668919200287059039991744859891010213277444908275359728865125422931753512241400849358042446737823904080713972919631600598212362999842028763234131242458990801256672761830942747871642258391868526133658792919783857418902805612232022819796697889901286980398305372855559025992798061761398835097752589090709558390385879875367404177132756182155419481960488251613635993597184213664133676208238103616237758482396942340169800148811287830906526832247376992346690868862428882886688952645427197747775279648800660301914844156851764726644145178847765092616788382478400141305717831699760725471598725635670315864675366665599540026782545075662425866974415318204917766132067985475683052448462702042671833830567613737496619247080282751101382947453980461651944669151661045636106748768898285449219256145048092083834071080335486514368642541701581841214194909362804701140208765755024763697870000490066628100564701060448352014337653204675891103802601979225255749379591625352833204875750583905908280241383568754652790514095904400469501058060004885344428648584317401406025889398725004412760121570621452810468348412282115462507717502607586750526894081844666580298671988375420220186654139359612317838164922024192132688733322254277669093655623885749612334419904668242403774768078508081216796083828038969058220358230922489471011104247536182278472820626114306037003045627185029122253153639942088190554876534909474845821049887089032192668216109454226605313246101286633207534973764725027616422638016345990874747782599457295733115909757697309644814847546716758464046411163571107954358538230385446526899621169501702821677462014493881533401777141399510396250249331617240606504980732309963552225322027554847562554596757816683067553300658121149777600292415758955825575208850625277164434081840185986793671921977440306158530812052043410281679818601401225222017298120147403827212968682379069585105592143681715003656564576421032146984314615086077696855526986376946	0,-3,-3,-3,-3,-3,-3,-3,-3,-3,-3,-3	-4,3,3,3,3,3,-3,-3,-3,-3,-3,-3	ok
1.611612	12.552553	-18.674556	0.321862	continued:5	30202935011430951262604419988172094453657825073353278524322808500103769330796164063642468762379903714798947483726286084564213076959909242968466874967012543791034779594694960123650516555561947137404614611191741736082415252900039148572441746954030539432227056820722818102268374433475494904895309359401149953530442127466566024255810296239602822298255582521685027239887738539277735041631379352488514996634538980885780588785227594543337002815698322572199713020745542842155136123001351293657411042142121947421571077974363421384719202417227438051532472043388689910351244911867603576669912236059865915221044158921273494891825269153824072618557072546728487117328919679231417871445139256317688996886787891983269653300770665367970425151486690328572785569794362520153101412254485887280266400129443805847508459536228994594521716257222792916402085520005835867676783759269599855548704532280624398493665497900654163375619477473132837527940342301896622132716834147003493475712735615666128059678951289064741014176292341478388305449360715447681261957886998737843987024636761747828348621279396102571507260817977201514538404671328643836109735726083991915355433446880466090926384161074766081929214005036044994593705159019419835705788372643265664524018894827419226093710837276948832074673507431844575572725325940936900753482811106627153476483310876788929431230443775958915874542435805092975257228301012354494559222754848446600217806242490682157399221385164725751824177270539396918988126232625598904990030482036195266248741789140870944407884316010961243881385385708319701305566695665868425366224277217968834823326545225843519605044206830998784609264090584538105751737842387892709711574950888523894888950372724887146962634106871390629299375454128210295913997719771996987723754916198392413924621241763870781986195409648634771669392501489675500293816998033154314082375810351265901997426095055156834201344177248535109621624660652529446727053617034062886453566401769185019037548326985683181430352471624218887192237508605954982906446373028300289098016425776777648109296924275834541553675138344119796807610243426438462846007194366008153120261411019422877487437486120957483432121213381470	30202920268257714220296010089345915417147225611909418113378604349366877439094984487638255761522992367640361629501222975572114765001513417656257786740009913280952304834019711436475170842390313724444254293734480843711776537429538709547561668919200287059039991744859891010213277444908275359728865125422931753512241400849358042446737823904080713972919631600598212362999842028763234131242458990801256672761830942747871642258391868526133658792919783857418902805612232022819796697889901286980398305372855559025992798061761398835097752589090709558390385879875367404177132756182155419481960488251613635993597184213664133676208238103616237758482396942340169800148811287830906526832247376992346690868862428882886688952645427197747775279648800660301914844156851764726644145178847765092616788382478400141305717831699760725471598725635670315864675366665599540026782545075662425866974415318204917766132067985475683052448462702042671833830567613737496619247080282751101382947453980461651944669151661045636106748768898285449219256145048092083834071080335486514368642541701581841214194909362804701140208765755024763697870000490066628100564701060448352014337653204675891103802601979225255749379591625352833204875750583905908280241383568754652790514095904400469501058060004885344428648584317401406025889398725004412760121570621452810468348412282115462507717502607586750526894081844666580298671988375420220186654139359612317838164922024192132688733322254277669093655623885749612334419904668242403774768078508081216796083828038969058220358230922489471011104247536182278472820626114306037003045627185029122253153639942088190554876534909474845821049887089032192668216109454226605313246101286633207534973764725027616422638016345990874747782599457295733115909757697309644814847546716758464046411163571107954358538230385446526899621169501702821677462014493881533401777141399510396250249331617240606504980732309963552225322027554847562554596757816683067553300658121149777600292415758955825575208850625277164434081840185986793671921977440306158530812052043410281679818601401225222017298120147403827212968682379069585105592143681715003656564576421032146984314615086077696855526986376946	-1,-4,-4,3,3,3,3,3,-3,-3,-3,-3	-4,3,3,3,3,3,-3,-3,-3,-3,-3,-3	ok
1.615616	12.552553	-48.189555	0.324655	continued:5	30202935011430951262604419988172094453657825073353278524322808500103769330796164063642468762379903714798947483726286084564213076959909242968466874967012543791034779594694960123650516555561947137404614611191741736082415252900039148572441746954030539432227056820722818102268374433475494904895309359401149953530442127466566024255810296239602822298255582521685027239887738539277735041631379352488514996634538980885780588785227594543337002815698322572199713020745542842155136123001351293657411042142121947421571077974363421384719202417227438051532472043388689910351244911867603576669912236059865915221044158921273494891825269153824072618557072546728487117328919679231417871445139256317688996886787891983269653300770665367970425151486690328572785569794362520153101412254485887280266400129443805847508459536228994594521716257222792916402085520005835867676783759269599855548704532280624398493665497900654163375619477473132837527940342301896622132716834147003493475712735615666128059678951289064741014176292341478388305449360715447681261957886998737843987024636761747828348621279396102571507260817977201514538404671328643836109735726083991915355433446880466090926384161074766081929214005036044994593705159019419835705788372643265664524018894827419226093710837276948832074673507431844575572725325940936900753482811106627153476483310876788929431230443775958915874542435805092975257228301012354494559222754848446600217806242490682157399221385164725751824177270539396918988126232625598904990030482036195266248741789140870944407884316010961243881385385708319701305566695665868425366224277217968834823326545225843519605044206830998784609264090584538105751737842387892709711574950888523894888950372724887146962634106871390629299375454128210295913997719771996987723754916198392413924621241763870781986195409648634771669392501489675500293816998033154314082375810351265901997426095055156834201344177248535109621624660652529446727053617034062886453566401769185019037548326985683181430352471624218887192237508605954982906446373028300289098016425776777648109296924275834541553675138344119796807610243426438462846007194366008153120261411019422877487437486120957483432121213381470	30202920268257714220296010089345915417147225611909418113378604349366877439094984487638255761522992367640361629501222975572114765001513417656257786740009913280952304834019711436475170842390313724444254293734480843711776537429538709547561668919200287059039991744859891010213277444908275359728865125422931753512241400849358042446737823904080713972919631600598212362999842028763234131242458990801256672761830942747871642258391868526133658792919783857418902805612232022819796697889901286980398305372855559025992798061761398835097752589090709558390385879875367404177132756182155419481960488251613635993597184213664133676208238103616237758482396942340169800148811287830906526832247376992346690868862428882886688952645427197747775279648800660301914844156851764726644145178847765092616788382478400141305717831699760725471598725635670315864675366665599540026782545075662425866974415318204917766132067985475683052448462702042671833830567613737496619247080282751101382947453980461651944669151661045636106748768898285449219256145048092083834071080335486514368642541701581841214194909362804701140208765755024763697870000490066628100564701060448352014337653204675891103802601979225255749379591625352833204875750583905908280241383568754652790514095904400469501058060004885344428648584317401406025889398725004412760121570621452810468348412282115462507717502607586750526894081844666580298671988375420220186654139359612317838164922024192132688733322254277669093655623885749612334419904668242403774768078508081216796083828038969058220358230922489471011104247536182278472820626114306037003045627185029122253153639942088190554876534909474845821049887089032192668216109454226605313246101286633207534973764725027616422638016345990874747782599457295733115909757697309644814847546716758464046411163571107954358538230385446526899621169501702821677462014493881533401777141399510396250249331617240606504980732309963552225322027554847562554596757816683067553300658121149777600292415758955825575208850625277164434081840185986793671921977440306158530812052043410281679818601401225222017298120147403827212968682379069585105592143681715003656564576421032146984314615086077696855526986376946	-1,-4,-4,3,3,3,3,3,-3,-3,-3,-3	-4,3,3,3,3,3,-3,-3,-3,-3,-3,-3	ok
1.619620	12.552553	-52.061954	0.326987	continued:5	30202920268257742332365953275404708876362932186126233081268378953882982678497496226174263654063117501223180578898034966223656085337334883373084607869125796375873085198702468381548844092646000918091471123471740522715726759945523447028552025595635388065116198534442596085440997733321035765727925848276780077720773813423947942897897261500184937940138907633485529821963108025734952358339503374900894410557026185676985022331033162862997323268166349454054188633295786615309412011574435999223099692460984450049162945243062885017461621174645588416762372028896479301658643744704380528697907477145625649653251895898893819869083100073712587492989223747217090437476925319109385567079356536326472440003828091879914068421186744082116491106619113055145437392582035663879605411492372050663193354671448631855161850599983217883853162143473701451496339412712389619937679776521758523163610959699576625571153347050662670297677181043881699518764611565037062518282086189845246925106011505581444115503369335738950590187427061412541080176706135785656063383361675317818398881813041101781560627388835719527628879107405441429470630182636385562089756076511023173872208456584429845618818347942912176667786212338868211411101751102143684582462374201097185881040184481754025243009248102281501933535790994025823842602110163669138259167523551606343830010281323077561778704107310444821424559675810222610444557492888579778066751728742609561230756576384410044162396581353635294160931030379211686864080308233612818118357292991876581554487048042139756681004731500707286635513064601334536407090513912277060869400042959087683074388616468130934390190289782021733740665644307514022396383889197074817350961085550268153813467081897342356247645236289970227307595955785335378938438577682660945847062211003007101516492124963257618450072672090845046064674816769588084846053178823893375519811159199506695112854088039337152002511603303437939899227354670321306188497644561343146364227450099470750665055366591843964772478926177454787936235392877243045667102841790479880390818432505165358405898231071909901901300539978547120573329272939146457741178365749527756603240355512083936273787808928718035136398623397276	30202920268257714220296010089345915417147225611909418113378604349366877439094984487638255761522992367640361629501222975572114765001513417656257786740009913280952304834019711436475170842390313724444254293734480843711776537429538709547561668919200287059039991744859891010213277444908275359728865125422931753512241400849358042446737823904080713972919631600598212362999842028763234131242458990801256672761830942747871642258391868526133658792919783857418902805612232022819796697889901286980398305372855559025992798061761398835097752589090709558390385879875367404177132756182155419481960488251613635993597184213664133676208238103616237758482396942340169800148811287830906526832247376992346690868862428882886688952645427197747775279648800660301914844156851764726644145178847765092616788382478400141305717831699760725471598725635670315864675366665599540026782545075662425866974415318204917766132067985475683052448462702042671833830567613737496619247080282751101382947453980461651944669151661045636106748768898285449219256145048092083834071080335486514368642541701581841214194909362804701140208765755024763697870000490066628100564701060448352014337653204675891103802601979225255749379591625352833204875750583905908280241383568754652790514095904400469501058060004885344428648584317401406025889398725004412760121570621452810468348412282115462507717502607586750526894081844666580298671988375420220186654139359612317838164922024192132688733322254277669093655623885749612334419904668242403774768078508081216796083828038969058220358230922489471011104247536182278472820626114306037003045627185029122253153639942088190554876534909474845821049887089032192668216109454226605313246101286633207534973764725027616422638016345990874747782599457295733115909757697309644814847546716758464046411163571107954358538230385446526899621169501702821677462014493881533401777141399510396250249331617240606504980732309963552225322027554847562554596757816683067553300658121149777600292415758955825575208850625277164434081840185986793671921977440306158530812052043410281679818601401225222017298120147403827212968682379069585105592143681715003656564576421032146984314615086077696855526986376946	1,-4,3,3,3,3,3,-3,-3,-3,-3,-3	-4,3,3,3,3,3,-3,-3,-3,-3,-3,-3	ok
1.623624	12.552553	-54.391982	0.329652	continued:5	30202920268257714220296010089345710995565877019664095498865225749199342152807611938856960214582501211693450742681944830680085042776774497109079917447866900614562466173599739216008128699278025331330411443787482345010263216178424250018365361356950272463540126306018939451839865953429518165420628892996704349725994754015140261652895723373569119758386872312465651244072630423033486129783118424779941636024449580834933858749659639432027188539641503779874502364293040581406132299503788114580259630196995653459294986678977559834773739716351099705608420111251837986796626348031968014000866608586628713384207297545298449088171887600131932882351699868781777122852271066609722551828623904644422755274484025880115160997623484080629098248232200434484035103278091818472270364395774039745376164382611712153654803412565637363205817658387657233034566350569000379630206869137787144590418701826189102636872044702606880659726455787241579672819047219234215086344016037100779438207916653631425234894275572603706702340964294992488636238226053210589592207350862897214677526192387991566321770349465172207468084451337903131710193295805485339636371597741240644190710638028484880345629236616397455847164535955649177416676064328609033970525790597878462294245452734896567313544994365465990153198066320381355177387010496312607910137441987089576110711675854318739098690557797492353707662978748733398465312154982733737269413314365078565348065819952391547351862796287188707534766348116775500904086735626139365052286547363335836290917862651446059276870904293635882775004468143024439658045541509396217076765480811909579313844730341392310735165751135109457942384012631965494927514930633873494972543365917968446247159772362205704812686610553915816685329347018705791701803163962973515822662710056139062372992472205960619703178114575587168272338027510753022084369682809311224939223889166288130543390815923713636097299626107134715051956302974071715234833706968333254246523230117571519435480890650549489150559677049079824540966642488028577376759950028242928209747113485817865050782113740902613774417457833135180331947564351643035936791228206855920828623648502401052008654810108503404741741328915444	30202920268257714220296010089345915417147225611909418113378604349366877439094984487638255761522992367640361629501222975572114765001513417656257786740009913280952304834019711436475170842390313724444254293734480843711776537429538709547561668919200287059039991744859891010213277444908275359728865125422931753512241400849358042446737823904080713972919631600598212362999842028763234131242458990801256672761830942747871642258391868526133658792919783857418902805612232022819796697889901286980398305372855559025992798061761398835097752589090709558390385879875367404177132756182155419481960488251613635993597184213664133676208238103616237758482396942340169800148811287830906526832247376992346690868862428882886688952645427197747775279648800660301914844156851764726644145178847765092616788382478400141305717831699760725471598725635670315864675366665599540026782545075662425866974415318204917766132067985475683052448462702042671833830567613737496619247080282751101382947453980461651944669151661045636106748768898285449219256145048092083834071080335486514368642541701581841214194909362804701140208765755024763697870000490066628100564701060448352014337653204675891103802601979225255749379591625352833204875750583905908280241383568754652790514095904400469501058060004885344428648584317401406025889398725004412760121570621452810468348412282115462507717502607586750526894081844666580298671988375420220186654139359612317838164922024192132688733322254277669093655623885749612334419904668242403774768078508081216796083828038969058220358230922489471011104247536182278472820626114306037003045627185029122253153639942088190554876534909474845821049887089032192668216109454226605313246101286633207534973764725027616422638016345990874747782599457295733115909757697309644814847546716758464046411163571107954358538230385446526899621169501702821677462014493881533401777141399510396250249331617240606504980732309963552225322027554847562554596757816683067553300658121149777600292415758955825575208850625277164434081840185986793671921977440306158530812052043410281679818601401225222017298120147403827212968682379069585105592143681715003656564576421032146984314615086077696855526986376946	1,3,-3,-3,-3,-3,-3,-3,-3,-3,-3,-3	-4,3,3,3,3,3,-3,-3,-3,-3,-3,-3	ok
1.627628	12.552553	-55.683406	0.332446	continued:5	30202920268257714220296010089345710995565877019664095498865225749199342152807611938856960214582501211693450742681944830680085042776774497109079917447866900614562466173599739216008128699278025331330411443787482345010263216178424250018365361356950272463540126306018939451839865953429518165420628892996704349725994754015140261652895723373569119758386872312465651244072630423033486129783118424779941636024449580834933858749659639432027188539641503779874502364293040581406132299503788114580259630196995653459294986678977559834773739716351099704639419174908636020856909869027494102628084240761241614219102177484409073929668014262354833049264474150689205152286629387880067773343390875433565551569121278236186428221708156881250641142755437490728949576108025196029657985800793652337460877946102770881807760874669759177035252865231061550258967890304897022974937680541106620842578777527818701728345512556793465639674081551861790120857189936279538659389718355836001549683884250767744226396939114805881855883835832082929383550814199595967026876498730503949321026706056861014631758843863605397845341431880188077510630862634709982762358597933759264043980272735231793851342202096078610598726506540110914006713555865306716953116916016388739482117787877633219826057509635074354706328044870040049434082113384031176447494627509559899569709274353737804594879545294793155142005561312671860118940976156048575804570346094186688815919718740840967678604882969779685162738015187929617868603400357617911589881056128657270023007794287317827157413148304020420321951225614584113702405833499502709259977398308278956501187282083448724490854388514264699390039331708541368886212152569333275234038942792780192550108710727675347495425374206904500735048853682177505487458072709019995040356670056529621339896703515065580086586558353947987950422723021942650802445963716865279511784623016573175849337913302753769042233917959819796120441325196681683608883796829809594244212086212950387591950102568892731694303576747116037939962316393886637401527506664219191260462687231618876810092464183304636890029331132513458004271961632472732108801069677297221925022295664559896860100320681096607226683991752402	30202920268257714220296010089345915417147225611909418113378604349366877439094984487638255761522992367640361629501222975572114765001513417656257786740009913280952304834019711436475170842390313724444254293734480843711776537429538709547561668919200287059039991744859891010213277444908275359728865125422931753512241400849358042446737823904080713972919631600598212362999842028763234131242458990801256672761830942747871642258391868526133658792919783857418902805612232022819796697889901286980398305372855559025992798061761398835097752589090709558390385879875367404177132756182155419481960488251613635993597184213664133676208238103616237758482396942340169800148811287830906526832247376992346690868862428882886688952645427197747775279648800660301914844156851764726644145178847765092616788382478400141305717831699760725471598725635670315864675366665599540026782545075662425866974415318204917766132067985475683052448462702042671833830567613737496619247080282751101382947453980461651944669151661045636106748768898285449219256145048092083834071080335486514368642541701581841214194909362804701140208765755024763697870000490066628100564701060448352014337653204675891103802601979225255749379591625352833204875750583905908280241383568754652790514095904400469501058060004885344428648584317401406025889398725004412760121570621452810468348412282115462507717502607586750526894081844666580298671988375420220186654139359612317838164922024192132688733322254277669093655623885749612334419904668242403774768078508081216796083828038969058220358230922489471011104247536182278472820626114306037003045627185029122253153639942088190554876534909474845821049887089032192668216109454226605313246101286633207534973764725027616422638016345990874747782599457295733115909757697309644814847546716758464046411163571107954358538230385446526899621169501702821677462014493881533401777141399510396250249331617240606504980732309963552225322027554847562554596757816683067553300658121149777600292415758955825575208850625277164434081840185986793671921977440306158530812052043410281679818601401225222017298120147403827212968682379069585105592143681715003656564576421032146984314615086077696855526986376946	2,-3,-3,-3,-3,-3,-3,-3,-3,-3,-3,-3	-4,3,3,3,3,3,-3,-3,-3,-3,-3,-3	ok
1.631632	12.552553	-56.463396	0.335239	continued:5	30202920268257714220296010089345710995565877019664095498865225749199342152807611938856960214582501211693450742681944830680085042776774497109079917447866900614562466173599739216008128699278025331330411443787482345010263216178424250018365361356950272463540126306018939451839865953429518165420628892996704349725994754015140261652895723373569119758386872312465651244072630423033486129783118424779941636024449580834933858749659639432027188539641503779874502364293040581406132299503788114580259630196995653459294986678977559834773739716351099704639419174908636020856909869027494102628084240761241614219102177484409073929668014262354833049264474150689205152286629387880067773343390875433565551569121278236186428221708156881250641142755437490728949576108025196029657985800793652337460877946102770881807760874669759177035252865231061550258967890304897022974937680541106620842578777527818701728345512556793465639674081551861790120857189936279538659389718355836001549683884250767744226396939114805881855883835832082929383550814199595967026876498730503949321026706056861014631758843863605390073221995296919226657898185565981347067856670558836961015468359465882026282912315467526875540704317535189575320174283105395658063144272829959419122093985418129357872958833009957259760882256379894276739114676259332236828379996828570923500010886220574312086532429537151653877634195103768367268270107571769216592855531922572990976667480564115053192801586753437765905836135218589383044283437711706215821425679977846618239592983097099619278717998589444188219266638845909766776143049826814436365215770004213819869488757034994237992251688859590933587519990002347456630921903247869861901414525744724715357032098233486152499598615591574014580242097648143476897634559458705193190215627695410924472155463971611943925990173263028736403884608829298439900487603569152389702554894824319964044018811726940223393239344179833779543199608270238010310977178840449284460010914205028653387184932901983355723076435791590970424884692116339654854762206121641227232336219681279962754466975384233489657785238646148455652594485760866989405968596310120978903513005882236710843332432274360319549831714246000	30202920268257714220296010089345915417147225611909418113378604349366877439094984487638255761522992367640361629501222975572114765001513417656257786740009913280952304834019711436475170842390313724444254293734480843711776537429538709547561668919200287059039991744859891010213277444908275359728865125422931753512241400849358042446737823904080713972919631600598212362999842028763234131242458990801256672761830942747871642258391868526133658792919783857418902805612232022819796697889901286980398305372855559025992798061761398835097752589090709558390385879875367404177132756182155419481960488251613635993597184213664133676208238103616237758482396942340169800148811287830906526832247376992346690868862428882886688952645427197747775279648800660301914844156851764726644145178847765092616788382478400141305717831699760725471598725635670315864675366665599540026782545075662425866974415318204917766132067985475683052448462702042671833830567613737496619247080282751101382947453980461651944669151661045636106748768898285449219256145048092083834071080335486514368642541701581841214194909362804701140208765755024763697870000490066628100564701060448352014337653204675891103802601979225255749379591625352833204875750583905908280241383568754652790514095904400469501058060004885344428648584317401406025889398725004412760121570621452810468348412282115462507717502607586750526894081844666580298671988375420220186654139359612317838164922024192132688733322254277669093655623885749612334419904668242403774768078508081216796083828038969058220358230922489471011104247536182278472820626114306037003045627185029122253153639942088190554876534909474845821049887089032192668216109454226605313246101286633207534973764725027616422638016345990874747782599457295733115909757697309644814847546716758464046411163571107954358538230385446526899621169501702821677462014493881533401777141399510396250249331617240606504980732309963552225322027554847562554596757816683067553300658121149777600292415758955825575208850625277164434081840185986793671921977440306158530812052043410281679818601401225222017298120147403827212968682379069585105592143681715003656564576421032146984314615086077696855526986376946	-2,-3,-3,-3,-3,-3,-3,-3,-3,-3,-3,-3	-4,3,3,3,3,3,-3,-3,-3,-3,-3,-3	ok
1.635636	12.552553	-56.989184	0.338032	continued:5	30202920268257714220296010089345710995565877019664095498865225749199342152807611938856960214582501211693450742681944830680085042776774497109079917447866900614562466173599739216008128699278025331330411443787482345010263216178424250018365361356950272463540126306018939451839865953429518165420628892996704349725994754015140261652895723373569119758386872312465651244072630423033486129783118424779941636024449580834933858749659639432027188539641503779874502364293040581406132299503788114580259630196995653459294986678977559834773739716351099704639419174908636020856909869027494102628084240761241614219102177484409073929668014262354833049264474150689205152286629387880067773343390875433565551569121278236186428221708156881250641142755437490728949576108025196029657985800793652337460877946102770881807760874669759177035252865231061550258967890304897022974937680541106620842578777527818701728345512556793465639674081551861790120857189936279538659389718355836001549683884250767744226396939114805881855883835832082929383550814199595967026876498730503949321026706056861014631758843863605382301102558713650375805165508497252711373354743183914657986956446196532258714482428838975140482682128530268236633635010345484599173171629643530098762070182958625495919860156384840164815436467889748504044147239134633297209265366147581947430312498087410819578185313779510152613262828894864874417599238987489857381140717750959293137415242387389138706998290537095846648934255249249148219963475065794520052970303827035966456178171906881411400022848874867956116582052077235419849880266154126163470454141700148683237790231986539751493648989204917167785000648296153544375631653926406448568790108696669238163955485739296957503771856976243528425435341614109448307811046208390391340074585334292227604414224428158307765393788172109484857346494636654228998529243421439499893325166632066752238699710151126677744244770399847762965957891343794337013070560851088974675809742197106919182419763235073979751849294836065902909807067838792672307996905579063263204209752130941048698841486585162342425541146159783453300917009889261246703136122942944735882003716099913524826564543867624031872979436739599	30202920268257714220296010089345915417147225611909418113378604349366877439094984487638255761522992367640361629501222975572114765001513417656257786740009913280952304834019711436475170842390313724444254293734480843711776537429538709547561668919200287059039991744859891010213277444908275359728865125422931753512241400849358042446737823904080713972919631600598212362999842028763234131242458990801256672761830942747871642258391868526133658792919783857418902805612232022819796697889901286980398305372855559025992798061761398835097752589090709558390385879875367404177132756182155419481960488251613635993597184213664133676208238103616237758482396942340169800148811287830906526832247376992346690868862428882886688952645427197747775279648800660301914844156851764726644145178847765092616788382478400141305717831699760725471598725635670315864675366665599540026782545075662425866974415318204917766132067985475683052448462702042671833830567613737496619247080282751101382947453980461651944669151661045636106748768898285449219256145048092083834071080335486514368642541701581841214194909362804701140208765755024763697870000490066628100564701060448352014337653204675891103802601979225255749379591625352833204875750583905908280241383568754652790514095904400469501058060004885344428648584317401406025889398725004412760121570621452810468348412282115462507717502607586750526894081844666580298671988375420220186654139359612317838164922024192132688733322254277669093655623885749612334419904668242403774768078508081216796083828038969058220358230922489471011104247536182278472820626114306037003045627185029122253153639942088190554876534909474845821049887089032192668216109454226605313246101286633207534973764725027616422638016345990874747782599457295733115909757697309644814847546716758464046411163571107954358538230385446526899621169501702821677462014493881533401777141399510396250249331617240606504980732309963552225322027554847562554596757816683067553300658121149777600292415758955825575208850625277164434081840185986793671921977440306158530812052043410281679818601401225222017298120147403827212968682379069585105592143681715003656564576421032146984314615086077696855526986376946	1,-3,-3,-3,-3,-3,-3,-3,-3,-3,-3,-3	-4,3,3,3,3,3,-3,-3,-3,-3,-3,-3	ok
1.639640	12.552553	-57.354225	0.340285	continued:5	30202920268257714220296010089345710995565877019664095498865225749199342152807611938856960214582501211693450742681944830680085042776774497109079917447866900614562466173599739216008128699278025331330411443787482345010263216178424250018365361356950272463540126306018939451839865953429518165420628892996704349725994754015140261652895723373569119758386872312465651244072630423033486129783118424779941636024449580834933858749659639432027188539641503779874502364293040581406132299503788114580259630196995653459294986678977559834773739716351099704639419174908636020856909869027494102628084240761241614219102177484409073929668014262354833049264474150689205152286629387880067773343390875433565551569121278236186428221708156881250641142755437490728949576108025196029657985800793652337460877946102770881807760874669759177035252865231061550258967890304897022974937680541106620842578777527818701728345512556793465639674081551861790120857189936279538659389718355836001549683884250767744226396939114805881855883835832082929383550814199595967026876498730503949321026706056861014631758843863605366756863685547112674099700154359795439984350888434070051929932619657832723577622655581871670366637750520425559260556464825662481393226343270671458042022578039617772013662803134605974924544890909456958654212364885235417971036104785603995290915721821083834561491082264227150084520096477057888716257501818931138957711089407731897458910766033937309735391698104412008135130495310568678571323549773971128516059551525414662889348549526444995642632549445715491911212878539886725997354698808749617680930885092018409974393181889630778496443589895569636179961964883765719865051155283479621903541274600558283777802260750918567512118339745582556115821829546041391128164019707760787639792500612054833868931745341251035444201017990270981764270266251365807194612523126013720274865710247560328628061506999499586446255622839875729811474457490906990417257324872368355107407398181263450772889423901255227809395012925015767879651819283698707214466304493907335147956817030263220587590508987020047961052961187053448597562058146049761297471176208592249838985136535267152793028767054151456519274881726800	30202920268257714220296010089345915417147225611909418113378604349366877439094984487638255761522992367640361629501222975572114765001513417656257786740009913280952304834019711436475170842390313724444254293734480843711776537429538709547561668919200287059039991744859891010213277444908275359728865125422931753512241400849358042446737823904080713972919631600598212362999842028763234131242458990801256672761830942747871642258391868526133658792919783857418902805612232022819796697889901286980398305372855559025992798061761398835097752589090709558390385879875367404177132756182155419481960488251613635993597184213664133676208238103616237758482396942340169800148811287830906526832247376992346690868862428882886688952645427197747775279648800660301914844156851764726644145178847765092616788382478400141305717831699760725471598725635670315864675366665599540026782545075662425866974415318204917766132067985475683052448462702042671833830567613737496619247080282751101382947453980461651944669151661045636106748768898285449219256145048092083834071080335486514368642541701581841214194909362804701140208765755024763697870000490066628100564701060448352014337653204675891103802601979225255749379591625352833204875750583905908280241383568754652790514095904400469501058060004885344428648584317401406025889398725004412760121570621452810468348412282115462507717502607586750526894081844666580298671988375420220186654139359612317838164922024192132688733322254277669093655623885749612334419904668242403774768078508081216796083828038969058220358230922489471011104247536182278472820626114306037003045627185029122253153639942088190554876534909474845821049887089032192668216109454226605313246101286633207534973764725027616422638016345990874747782599457295733115909757697309644814847546716758464046411163571107954358538230385446526899621169501702821677462014493881533401777141399510396250249331617240606504980732309963552225322027554847562554596757816683067553300658121149777600292415758955825575208850625277164434081840185986793671921977440306158530812052043410281679818601401225222017298120147403827212968682379069585105592143681715003656564576421032146984314615086077696855526986376946	0,-3,-3,-3,-3,-3,-3,-3,-3,-3,-3,-3	-4,3,3,3,3,3,-3,-3,-3,-3,-3,-3	ok
1.643644	12.552553	-57.612712	0.339035	continued:5	30202920268257714220296010089345710995565877019664095498865225749199342152807611938856960214582501211693450742681944830680085042776774497109079917447866900614562466173599739216008128699278025331330411443787482345010263216178424250018365361356950272463540126306018939451839865953429518165420628892996704349725994754015140261652895723373569119758386872312465651244072630423033486129783118424779941636024449580834933858749659639432027188539641503779874502364293040581406132299503788114580259630196995653459294986678977559834773739716351099704639419174908636020856909869027494102628084240761241614219102177484409073929668014262354833049264474150689205152286629387880067773343390875433565551569121278236186428221708156881250641142755437490728949576108025196029657985800793652337460877946102770881807760874669759177035252865231061550258967890304897022974937680541106620842578777527818701728345512556793465639674081551861790120857189936279538659389718355836001549683884250767744226396939114805881855883835832082929383550814199595967026876498730503949321026706056861014631758843863605366756863685547112674099700154359795439984350888434070051929932619657832723577622655581871670366637750520425559260556464825662481393226343270671458042022578039617772013662803134605974924544890909456958654212364885235417971036104785603995290915721821083834561491082264227150084520096477057888716257501818931138957711089407731897458910766033937309735391698104412008135130495310568678571323549773971128516059551525414662889348549526444995642632549445715491911212878539886725997354698808749617680930885092018409974393181889630778496443589895569636179961964883765719865051155283479621903541274600558283777802260750918567512118339745582556115821829546041391128164019707760787639792500612054833868931745341251035444201017990270981764270266251365807194612523126013720274865710247560328628061506999499586446255622839875729811474457490906990417257324872368355107407398181263450772889423901255227809395012925015767879651819283698707214466304493907335147956817030263220587590508987020047961052961187053448597562058146049761297471176208592249838985136535267152793028767054151456519274881726800	30202920268257714220296010089345915417147225611909418113378604349366877439094984487638255761522992367640361629501222975572114765001513417656257786740009913280952304834019711436475170842390313724444254293734480843711776537429538709547561668919200287059039991744859891010213277444908275359728865125422931753512241400849358042446737823904080713972919631600598212362999842028763234131242458990801256672761830942747871642258391868526133658792919783857418902805612232022819796697889901286980398305372855559025992798061761398835097752589090709558390385879875367404177132756182155419481960488251613635993597184213664133676208238103616237758482396942340169800148811287830906526832247376992346690868862428882886688952645427197747775279648800660301914844156851764726644145178847765092616788382478400141305717831699760725471598725635670315864675366665599540026782545075662425866974415318204917766132067985475683052448462702042671833830567613737496619247080282751101382947453980461651944669151661045636106748768898285449219256145048092083834071080335486514368642541701581841214194909362804701140208765755024763697870000490066628100564701060448352014337653204675891103802601979225255749379591625352833204875750583905908280241383568754652790514095904400469501058060004885344428648584317401406025889398725004412760121570621452810468348412282115462507717502607586750526894081844666580298671988375420220186654139359612317838164922024192132688733322254277669093655623885749612334419904668242403774768078508081216796083828038969058220358230922489471011104247536182278472820626114306037003045627185029122253153639942088190554876534909474845821049887089032192668216109454226605313246101286633207534973764725027616422638016345990874747782599457295733115909757697309644814847546716758464046411163571107954358538230385446526899621169501702821677462014493881533401777141399510396250249331617240606504980732309963552225322027554847562554596757816683067553300658121149777600292415758955825575208850625277164434081840185986793671921977440306158530812052043410281679818601401225222017298120147403827212968682379069585105592143681715003656564576421032146984314615086077696855526986376946	0,-3,-3,-3,-3,-3,-3,-3,-3,-3,-3,-3	-4,3,3,3,3,3,-3,-3,-3,-3,-3,-3	ok
1.647648	12.552553	-57.851106	0.338327	continued:5	30202920268257714220296010089345710995565877019664095498865225749199342152807611938856960214582501211693450742681944830680085042776774497109079917447866900614562466173599739216008128699278025331330411443787482345010263216178424250018365361356950272463540126306018939451839865953429518165420628892996704349725994754015140261652895723373569119758386872312465651244072630423033486129783118424779941636024449580834933858749659639432027188539641503779874502364293040581406132299503788114580259630196995653459294986678977559834773739716351099704639419174908636020856909869027494102628084240761241614219102177484409073929668014262354833049264474150689205152286629387880067773343390875433565551569121278236186428221708156881250641142755437490728949576108025196029657985800793652337460877946102770881807760874669759177035252865231061550258967890304897022974937680541106620842578777527818701728345512556793465639674081551861790120857189936279538659389718355836001549683884250767744226396939114805881855883835832082929383550814199595967026876498730503949321026706056861014631758843863605366756863685547112674099700154359795439984350888434070051929932619657832723577622655581871670366637750520425559260556464825662481393226343270671458042022578039617772013662803134605974924544890909456958654212364885235417971036104785603995290915721821083834561491082264227150084520096477057888716257501818931138957711089407731897458910766033937309735391698104412008135130495310568678571323549773971128516059551525414662889348549526444995642632549445715491911212878539886725997354698808749617680930885092018409974393181889630778496443589895569636179961964883765719865051155283479621903541274600558283777802260750918567512118339745582556115821829546041391128164019707760787639792500612054833868931745341251035444201017990270981764270266251365807194612523126013720274865710247560328628061506999499586446255622839875729811474457490906990417257324872368355107407398181263450772889423901255227809395012925015767879651819283698707214466304493907335147956817030263220587590508987020047961052961187053448597562058146049761297471176208592249838985136535267152793028767054151456519274881726800	30202920268257714220296010089345915417147225611909418113378604349366877439094984487638255761522992367640361629501222975572114765001513417656257786740009913280952304834019711436475170842390313724444254293734480843711776537429538709547561668919200287059039991744859891010213277444908275359728865125422931753512241400849358042446737823904080713972919631600598212362999842028763234131242458990801256672761830942747871642258391868526133658792919783857418902805612232022819796697889901286980398305372855559025992798061761398835097752589090709558390385879875367404177132756182155419481960488251613635993597184213664133676208238103616237758482396942340169800148811287830906526832247376992346690868862428882886688952645427197747775279648800660301914844156851764726644145178847765092616788382478400141305717831699760725471598725635670315864675366665599540026782545075662425866974415318204917766132067985475683052448462702042671833830567613737496619247080282751101382947453980461651944669151661045636106748768898285449219256145048092083834071080335486514368642541701581841214194909362804701140208765755024763697870000490066628100564701060448352014337653204675891103802601979225255749379591625352833204875750583905908280241383568754652790514095904400469501058060004885344428648584317401406025889398725004412760121570621452810468348412282115462507717502607586750526894081844666580298671988375420220186654139359612317838164922024192132688733322254277669093655623885749612334419904668242403774768078508081216796083828038969058220358230922489471011104247536182278472820626114306037003045627185029122253153639942088190554876534909474845821049887089032192668216109454226605313246101286633207534973764725027616422638016345990874747782599457295733115909757697309644814847546716758464046411163571107954358538230385446526899621169501702821677462014493881533401777141399510396250249331617240606504980732309963552225322027554847562554596757816683067553300658121149777600292415758955825575208850625277164434081840185986793671921977440306158530812052043410281679818601401225222017298120147403827212968682379069585105592143681715003656564576421032146984314615086077696855526986376946	0,-3,-3,-3,-3,-3,-3,-3,-3,-3,-3,-3	-4,3,3,3,3,3,-3,-3,-3,-3,-3,-3	ok
1.651652	12.552553	-58.066747	0.337953	full	30202920268257714220296010089345710995565877019664095498865225749199342152807611938856960214582501211693450742681944830680085042776774497109079917447866900614562466173599739216008128699278025331330411443787482345010263216178424250018365361356950272463540126306018939451839865953429518165420628892996704349725994754015140261652895723373569119758386872312465651244072630423033486129783118424779941636024449580834933858749659639432027188539641503779874502364293040581406132299503788114580259630196995653459294986678977559834773739716351099704639419174908636020856909869027494102628084240761241614219102177484409073929668014262354833049264474150689205152286629387880067773343390875433565551569121278236186428221708156881250641142755437490728949576108025196029657985800793652337460877946102770881807760874669759177035252865231061550258967890304897022974937680541106620842578777527818701728345512556793465639674081551861790120857189936279538659389718355836001549683884250767744226396939114805881855883835832082929383550814199595967026876498730503949321026706056861014631758843863605366756863685547112674099700154359795439984350888434070051929932619657832723577622655581871670366637750520425559260556464825662481393226343270671458042022578039617772013662803134605974924544890909456958654212364885235417971036104785603995290915721821083834561491082264227150084520096477057888716257501818931138957711089407731897458910766033937309735391698104412008135130495310568678571323549773971128516059551525414662889348549526444995642632549445715491911212878539886725997354698808749617680930885092018409974393181889630778496443589895569636179961964883765719865051155283479621903541274600558283777802260750918567512118339745582556115821829546041391128164019707760787639792500612054833868931745341251035444201017990270981764270266251365807194612523126013720274865710247560328628061506999499586446255622839875729811474457490906990417257324872368355107407398181263450772889423901255227809395012925015767879651819283698707214466304493907335147956817030263220587590508987020047961052961187053448597562058146049761297471176208592249838985136535267152793028767054151456519274881726800	30202920268257714220296010089345915417147225611909418113378604349366877439094984487638255761522992367640361629501222975572114765001513417656257786740009913280952304834019711436475170842390313724444254293734480843711776537429538709547561668919200287059039991744859891010213277444908275359728865125422931753512241400849358042446737823904080713972919631600598212362999842028763234131242458990801256672761830942747871642258391868526133658792919783857418902805612232022819796697889901286980398305372855559025992798061761398835097752589090709558390385879875367404177132756182155419481960488251613635993597184213664133676208238103616237758482396942340169800148811287830906526832247376992346690868862428882886688952645427197747775279648800660301914844156851764726644145178847765092616788382478400141305717831699760725471598725635670315864675366665599540026782545075662425866974415318204917766132067985475683052448462702042671833830567613737496619247080282751101382947453980461651944669151661045636106748768898285449219256145048092083834071080335486514368642541701581841214194909362804701140208765755024763697870000490066628100564701060448352014337653204675891103802601979225255749379591625352833204875750583905908280241383568754652790514095904400469501058060004885344428648584317401406025889398725004412760121570621452810468348412282115462507717502607586750526894081844666580298671988375420220186654139359612317838164922024192132688733322254277669093655623885749612334419904668242403774768078508081216796083828038969058220358230922489471011104247536182278472820626114306037003045627185029122253153639942088190554876534909474845821049887089032192668216109454226605313246101286633207534973764725027616422638016345990874747782599457295733115909757697309644814847546716758464046411163571107954358538230385446526899621169501702821677462014493881533401777141399510396250249331617240606504980732309963552225322027554847562554596757816683067553300658121149777600292415758955825575208850625277164434081840185986793671921977440306158530812052043410281679818601401225222017298120147403827212968682379069585105592143681715003656564576421032146984314615086077696855526986376946	0,-3,-3,-3,-3,-3,-3,-3,-3,-3,-3,-3	-4,3,3,3,3,3,-3,-3,-3,-3,-3,-3	ok
1.655656	12.552553	-18.649370	0.321614	continued:5	30202920268257742332365953275404708876362932186126233081268378953882982678497496226174263654063117501223180578898034966223656085337334883373084607869125796375873085198702468381548844092646000918091471123471740522715726759945523447028552025595635388065116198534442596085924870923487557353332284678166570003655933730407082137853985798919776976688024215077141625300252321736010256609127202539398132671719409556308576306344883579007685045334921017528037100437628334963562759056833272460893362934738765523835195364385848827998271996765878489662208235964483083266723982807764375461944831670026835932099671151706650126129307852390450940221100314724114121436870219678940623454580317707044575930857458133289312235093070028053553073598809707869177792342402669654013072150042280608937806892997983273677401610925814202844293458816098695003542923575941200131137781989486350824359773486795309926126338749737472875961954470091149616065744192146266120340117476006097994674251425316430245579016467881946781130073896704575802920486148963080766681121677489377799958413196626036639656818296490955581776964550801449480283945415932277930521319330869463805592306073935705726823842133770845221337599924770180207523509339332732450770110314910658146439249063688941364701600230588676837385958276241997207047523987633169780621332020373564042694430534869247468081994779856312166800010132369808558258040527786607758090042720619013025762234829753211042719700758414149558037432815975890076930729061151924543406067761818392308432404249088018549723155484283910432989299155856846757402536833510084880236824740125974899833558718530470051201836647430503344947090523776325908981990006356708480784891374691663177295415236797486017592510174430009367570223701364986895142070271180619438380981379316690800857129382841216946911476687706199562413191845734161998136163143943623563965365077020154605089073954391084243905021364954487094637364638784018199371765912164521798583376769889045242305118408555650341214263513123130593365689748245987419554744338786549753705778486632840901991325619404491375957040042845190215923886825919155296385615799798242041353839121222099350660408075904887880349783022279214	30202920268257714220296010089345915417147225611909418113378604349366877439094984487638255761522992367640361629501222975572114765001513417656257786740009913280952304834019711436475170842390313724444254293734480843711776537429538709547561668919200287059039991744859891010213277444908275359728865125422931753512241400849358042446737823904080713972919631600598212362999842028763234131242458990801256672761830942747871642258391868526133658792919783857418902805612232022819796697889901286980398305372855559025992798061761398835097752589090709558390385879875367404177132756182155419481960488251613635993597184213664133676208238103616237758482396942340169800148811287830906526832247376992346690868862428882886688952645427197747775279648800660301914844156851764726644145178847765092616788382478400141305717831699760725471598725635670315864675366665599540026782545075662425866974415318204917766132067985475683052448462702042671833830567613737496619247080282751101382947453980461651944669151661045636106748768898285449219256145048092083834071080335486514368642541701581841214194909362804701140208765755024763697870000490066628100564701060448352014337653204675891103802601979225255749379591625352833204875750583905908280241383568754652790514095904400469501058060004885344428648584317401406025889398725004412760121570621452810468348412282115462507717502607586750526894081844666580298671988375420220186654139359612317838164922024192132688733322254277669093655623885749612334419904668242403774768078508081216796083828038969058220358230922489471011104247536182278472820626114306037003045627185029122253153639942088190554876534909474845821049887089032192668216109454226605313246101286633207534973764725027616422638016345990874747782599457295733115909757697309644814847546716758464046411163571107954358538230385446526899621169501702821677462014493881533401777141399510396250249331617240606504980732309963552225322027554847562554596757816683067553300658121149777600292415758955825575208850625277164434081840185986793671921977440306158530812052043410281679818601401225222017298120147403827212968682379069585105592143681715003656564576421032146984314615086077696855526986376946	-1,-4,-4,3,3,3,3,-3,-3,-3,-3,-3	-4,3,3,3,3,3,-3,-3,-3,-3,-3,-3	ok
1.659660	12.552553	-47.884607	0.324408	continued:5	30202920268257742332365953275404708876362932186126233081268378953882982678497496226174263654063117501223180578898034966223656085337334883373084607869125796375873085198702468381548844092646000918091471123471740522715726759945523447028552025595635388065116198534442596085924870923487557353332284678166570003655933730407082137853985798919776976688024215077141625300252321736010256609127202539398132671719409556308576306344883579007685045334921017528037100437628334963562759056833272460893362934738765523835195364385848827998271996765878489662208235964483083266723982807764375461944831670026835932099671151706650126129307852390450940221100314724114121436870219678940623454580317707044575930857458133289312235093070028053553073598809707869177792342402669654013072150042280608937806892997983273677401610925814202844293458816098695003542923575941200131137781989486350824359773486795309926126338749737472875961954470091149616065744192146266120340117476006097994674251425316430245579016467881946781130073896704575802920486148963080766681121677489377799958413196626036639656818296490955581776964550801449480283945415932277930521319330869463805592306073935705726823842133770845221337599924770180207523509339332732450770110314910658146439249063688941364701600230588676837385958276241997207047523987633169780621332020373564042694430534869247468081994779856312166800010132369808558258040527786607758090042720619013025762234829753211042719700758414149558037432815975890076930729061151924543406067761818392308432404249088018549723155484283910432989299155856846757402536833510084880236824740125974899833558718530470051201836647430503344947090523776325908981990006356708480784891374691663177295415236797486017592510174430009367570223701364986895142070271180619438380981379316690800857129382841216946911476687706199562413191845734161998136163143943623563965365077020154605089073954391084243905021364954487094637364638784018199371765912164521798583376769889045242305118408555650341214263513123130593365689748245987419554744338786549753705778486632840901991325619404491375957040042845190215923886825919155296385615799798242041353839121222099350660408075904887880349783022279214	30202920268257714220296010089345915417147225611909418113378604349366877439094984487638255761522992367640361629501222975572114765001513417656257786740009913280952304834019711436475170842390313724444254293734480843711776537429538709547561668919200287059039991744859891010213277444908275359728865125422931753512241400849358042446737823904080713972919631600598212362999842028763234131242458990801256672761830942747871642258391868526133658792919783857418902805612232022819796697889901286980398305372855559025992798061761398835097752589090709558390385879875367404177132756182155419481960488251613635993597184213664133676208238103616237758482396942340169800148811287830906526832247376992346690868862428882886688952645427197747775279648800660301914844156851764726644145178847765092616788382478400141305717831699760725471598725635670315864675366665599540026782545075662425866974415318204917766132067985475683052448462702042671833830567613737496619247080282751101382947453980461651944669151661045636106748768898285449219256145048092083834071080335486514368642541701581841214194909362804701140208765755024763697870000490066628100564701060448352014337653204675891103802601979225255749379591625352833204875750583905908280241383568754652790514095904400469501058060004885344428648584317401406025889398725004412760121570621452810468348412282115462507717502607586750526894081844666580298671988375420220186654139359612317838164922024192132688733322254277669093655623885749612334419904668242403774768078508081216796083828038969058220358230922489471011104247536182278472820626114306037003045627185029122253153639942088190554876534909474845821049887089032192668216109454226605313246101286633207534973764725027616422638016345990874747782599457295733115909757697309644814847546716758464046411163571107954358538230385446526899621169501702821677462014493881533401777141399510396250249331617240606504980732309963552225322027554847562554596757816683067553300658121149777600292415758955825575208850625277164434081840185986793671921977440306158530812052043410281679818601401225222017298120147403827212968682379069585105592143681715003656564576421032146984314615086077696855526986376946	-1,-4,-4,3,3,3,3,-3,-3,-3,-3,-3	-4,3,3,3,3,3,-3,-3,-3,-3,-3,-3	ok
1.663664	12.552553	-51.846528	0.327201	continued:5	30202920268257742332365953275404708876362932186126233081268378953882982678497496226174263654063117501223180578898034966223656085337334883373084607869125796375873085198702468381548844092646000918091471123471740522715726759945523447028552025595635388065116198534442596085440997733321035765727925848276780077720773813423947942897897261500184937940138907633485529821963108025734952358339503374900894410557026185676985022331033162862997323268166349454054188633295786615309412011574435999223099692460984450049162945243062885017461621174645588416762372028896479301658643744704380528697907477145625649653251895898893819869083100073712587492989223747217090437476925319109385567079356536326472440003828091879914068421186744082116491106619113055145437392582035663879605411492372050663193354671448631855161850599983217883853162143473701451496339412712389619937679776521758523163610959699576625571153347050662670297677181043881699518764611565037062518282086189845246925106011505581444115503369335738950590187427061412541080176706135785656063383361675317818398881813041101781560627388835719527628879107405441429470630182636385562089756076511023173872208456584429845618818347942912176667786212338868211411101751102143684582462374201097185881040184481754025243009248102281501933535790994025823842602110163669138259167523551606343830010281323077561778704107310444821424559675810222610444557492888579778066751728742609561230756576384410044162396581353635294160931030379211686864080308233612818118357292991876581554487048042139756681004731500707286635513064601334536407090513912277060869400042959087683074388616468130934390190289782021733740665644307514022396383889197074817350961085550268153813467081897342356247645236289970227307595955785335378938438577682660945847062211003007101516492124963257618450072672090845046064674816769588084846053178823893375519811159199506695112854088039337152002511603303437939899227354670321306188497644561343146364227450099470750665055366591843964772478926177454787936235392877243045667102841790479880390818432505165358405898231071909901901300539978547120573329272939146457741178365749527756603240355512083936273787808928718035136398623397276	30202920268257714220296010089345710995565877019664095498865225749220960604015052557062743790514303797854077637293569921000870396925526515983150731521267335089025405517472896933326352035670910501680009305307357689186457723131257009509534091670430870863502598474149048398761204889656990100878052743549637756726566851031510230666221054939931799060605621094463943911105194419638882001731513889010426644375793267846557260810495756032628826988956013782537290695348254913833827203136411994037525881037405685062393130959371628628301882198404504759993802165606161360086635211164413078874791737997957985021489744885973704878149758102742381401260673795237647101650188687271254377641037407258779168285135882920771657867437611597011124697772708942925850666224984951532664947006079450463692275966986000459639782478221898975766386209552220595009727709038348845566079959719673203342514161790266638398654318298554126761023578918546057245191939675985863804730522530874132752807551370878408754793502653513802415888216681030894608073905717393695976758126693302604330411196435472663366916484300218464128272160826647113668388192541599028811149508708558654481838616686263426009184435340147904078891349352060912317754161378736021410892005833111921527972423953695929372710337971355462485328143229075148470393739631252492281193434184293925081098401982813440412987904600816504263357535589035409305656193183371853133778271783019046925324394855088256688019559471611786777698419133107038626505053571425851151090862203755723357942730145466524370265528998042780778090573788970637287706549575661236511215514414004747314293223439621855316595454625679769217223937778899922031342292757669258980877580884753778951556296269417222885824464654202223164258459185849250948515428006574889675526770970534690312843234531737831470956266964358820296790706467560531490807734538314233057569320667497412942513075090116280172524115375891644342170439102810023163566050259394640097345700614594127274542106297294394895904472247538251903497536171144828606698250639572147128772297594295523586836883401739491699980260845357123066388064977489208586994310577836958892799759400880702960079845952577545443802601695089	1,-4,3,3,3,3,3,-3,-3,-3,-3,-3	-4,3,3,3,3,-3,-3,-3,-3,-3,-3,-3	ok
1.667668	12.552553	-54.212257	0.328450	continued:5	30202920268257714220296010089345710995565877019664095498865225749199342152807611938856960214582501211693450742681944830680085042776774497109079917447866900614562466173599739216008128699278025331330411443787482345010263216178424250018365361356950272463540126306018939452323739143596039358945798055801236801280464807334967408674623567635159501444847428299040045275375015573627088906550740194213318215358665649340175457594333913840164029769665189212067649243131533893227925012361338087753336439526556145784122326885055133446097194404044786132205304544207938781649587484380043637858918572330140114923465303252343759198986767930963092374858054417728161261345708442402298524765027534562413211552281198850211153393798900006730353456535518559497323465584770904564700863193722838843939597809277315068629154216908084914398325905254273895647861295365352941011860010042434288428966105874018775333265034883920789766721908400656563120234662673145312287207159725428443288733270970031400103723180278371912955497116527278264984289552421767512945911398083370476424729825616933965100403045620347661011504177181811058690935155321655926916090897737828248495138044894703218257452502159237254421845188287670468725639102544844184280101527112418996021482951285684595432257001485545960379803341226674673346068136389216828011322423912186863579837314137736922973194637052129233453760984551152327579947003768900592013061641856967241139263361706030186684960628947763752452738903677568650619906383049457383020006853171278278230622414220201932292862098604910145078640907475477606180572365634700824890938134462206334414521845735666428497724610815947248074260316041288777379469191898871882942844927637393224130432067766878010531709096305164553911446876108257443090606108883337680842792523627722661169620878465056342878437491122565676022108990355074215389016155612124570355031829445748575931905438873664489925012974830447421061188065281911217376142048644912621740721840247604286248401422068751644661789343998968436638929890296224662770657852533129831626196542899321645960640325101444402792823223764819910697729044319944813865324686380323692308615171293771309912730253507197629578245240591151	30202920268257714220296010089345710995565877019664095498865225749220960604015052557062743790514303797854077637293569921000870396925526515983150731521267335089025405517472896933326352035670910501680009305307357689186457723131257009509534091670430870863502598474149048398761204889656990100878052743549637756726566851031510230666221054939931799060605621094463943911105194419638882001731513889010426644375793267846557260810495756032628826988956013782537290695348254913833827203136411994037525881037405685062393130959371628628301882198404504759993802165606161360086635211164413078874791737997957985021489744885973704878149758102742381401260673795237647101650188687271254377641037407258779168285135882920771657867437611597011124697772708942925850666224984951532664947006079450463692275966986000459639782478221898975766386209552220595009727709038348845566079959719673203342514161790266638398654318298554126761023578918546057245191939675985863804730522530874132752807551370878408754793502653513802415888216681030894608073905717393695976758126693302604330411196435472663366916484300218464128272160826647113668388192541599028811149508708558654481838616686263426009184435340147904078891349352060912317754161378736021410892005833111921527972423953695929372710337971355462485328143229075148470393739631252492281193434184293925081098401982813440412987904600816504263357535589035409305656193183371853133778271783019046925324394855088256688019559471611786777698419133107038626505053571425851151090862203755723357942730145466524370265528998042780778090573788970637287706549575661236511215514414004747314293223439621855316595454625679769217223937778899922031342292757669258980877580884753778951556296269417222885824464654202223164258459185849250948515428006574889675526770970534690312843234531737831470956266964358820296790706467560531490807734538314233057569320667497412942513075090116280172524115375891644342170439102810023163566050259394640097345700614594127274542106297294394895904472247538251903497536171144828606698250639572147128772297594295523586836883401739491699980260845357123066388064977489208586994310577836958892799759400880702960079845952577545443802601695089	1,3,3,-3,-3,-3,-3,-3,-3,-3,-3,-3	-4,3,3,3,3,-3,-3,-3,-3,-3,-3,-3	ok
1.671672	12.552553	-55.556951	0.331244	continued:5	30202920268257714220296010089345710995565877019664095498865225749199342152807611938856960214582501211693450742681944830680085042776774497109079917447866900614562466173599739216008128699278025331330411443787482345010263216178424250018365361356950272463540126306018939451839865953429518165420628892996704349725994754015140261652895723373569119758386872312465651244072630423033486129783118424779941636024449580834933858749659639432027188539641503779874502364293040581406132299503788114580259630196995653459294986678977559834773739716351099704639419174908636020856909869027494102628084240761241614219102177484409073929668014262354833049264474150689205152286629387880067773343390875433565551569121278236186428221708156881250641142755437490728949576108025196029657985800793652337460877946102770881807760874669759177035252865231061550258967890304897022974937680541106620842578777527818701728345512556793465639674081551861790120857189936279538659389718355836001549683884250767744226396939114805881855883835832082929383550814199595967026876498730503949321026706056861014631758843863605397845341431880188077510630862634709982762358597933759264043980272735231793851342202096078610598726506540110914006713555865306716953116916016388739482117787877633219826057509635074354706328044870040049434082113384031176447494627509559899569709274353737804594879545294793155142005561312671860118940976156048575804570346094186688815919718740840967678604882969779685162738015187929617868603400357617911589881056128657270023007794287317827157413148304020420321951225614584113702405833499502709259977398308278956501187282083448724490854388514264699390039331708541368886212152569333275234038942792780192550108710727675347495425374206904500735048853682177505487458072709019995040356670056529621339896703515065580086586558353947987950422723021942650802445963716865279511784623016573175849337913302753769042233917959819796120441325196681683608883796829809594244212086212950387591950102568892731694303576747116037939962316393886637401527506664219191260462687231618876810092464183304636890029331132513458004271961632472732108801069677297221925022295664559896860100320681096607226683991752402	30202920268257714220296010089345710995565877019664095498865225749220960604015052557062743790514303797854077637293569921000870396925526515983150731521267335089025405517472896933326352035670910501680009305307357689186457723131257009509534091670430870863502598474149048398761204889656990100878052743549637756726566851031510230666221054939931799060605621094463943911105194419638882001731513889010426644375793267846557260810495756032628826988956013782537290695348254913833827203136411994037525881037405685062393130959371628628301882198404504759993802165606161360086635211164413078874791737997957985021489744885973704878149758102742381401260673795237647101650188687271254377641037407258779168285135882920771657867437611597011124697772708942925850666224984951532664947006079450463692275966986000459639782478221898975766386209552220595009727709038348845566079959719673203342514161790266638398654318298554126761023578918546057245191939675985863804730522530874132752807551370878408754793502653513802415888216681030894608073905717393695976758126693302604330411196435472663366916484300218464128272160826647113668388192541599028811149508708558654481838616686263426009184435340147904078891349352060912317754161378736021410892005833111921527972423953695929372710337971355462485328143229075148470393739631252492281193434184293925081098401982813440412987904600816504263357535589035409305656193183371853133778271783019046925324394855088256688019559471611786777698419133107038626505053571425851151090862203755723357942730145466524370265528998042780778090573788970637287706549575661236511215514414004747314293223439621855316595454625679769217223937778899922031342292757669258980877580884753778951556296269417222885824464654202223164258459185849250948515428006574889675526770970534690312843234531737831470956266964358820296790706467560531490807734538314233057569320667497412942513075090116280172524115375891644342170439102810023163566050259394640097345700614594127274542106297294394895904472247538251903497536171144828606698250639572147128772297594295523586836883401739491699980260845357123066388064977489208586994310577836958892799759400880702960079845952577545443802601695089	2,-3,-3,-3,-3,-3,-3,-3,-3,-3,-3,-3	-4,3,3,3,3,-3,-3,-3,-3,-3,-3,-3	ok
1.675676	12.552553	-56.352636	0.333034	continued:5	30202920268257714220296010089345710995565877019664095498865225749199342152807611938856960214582501211693450742681944830680085042776774497109079917447866900614562466173599739216008128699278025331330411443787482345010263216178424250018365361356950272463540126306018939451839865953429518165420628892996704349725994754015140261652895723373569119758386872312465651244072630423033486129783118424779941636024449580834933858749659639432027188539641503779874502364293040581406132299503788114580259630196995653459294986678977559834773739716351099704639419174908636020856909869027494102628084240761241614219102177484409073929668014262354833049264474150689205152286629387880067773343390875433565551569121278236186428221708156881250641142755437490728949576108025196029657985800793652337460877946102770881807760874669759177035252865231061550258967890304897022974937680541106620842578777527818701728345512556793465639674081551861790120857189936279538659389718355836001549683884250767744226396939114805881855883835832082929383550814199595967026876498730503949321026706056861014631758843863605390073221995296919226657898185565981347067856670558836961015468359465882026282912315467526875540704317535189575320174283105395658063144272829959419122093985418129357872958833009957259760882256379894276739114676259332236828379996828570923500010886220574312086532429537151653877634195103768367268270107571769216592855531922572990976667480564115053192801586753437765905836135218589383044283437711706215821425679977846618239592983097099619278717998589444188219266638845909766776143049826814436365215770004213819869488757034994237992251688859590933587519990002347456630921903247869861901414525744724715357032098233486152499598615591574014580242097648143476897634559458705193190215627695410924472155463971611943925990173263028736403884608829298439900487603569152389702554894824319964044018811726940223393239344179833779543199608270238010310977178840449284460010914205028653387184932901983355723076435791590970424884692116339654854762206121641227232336219681279962754466975384233489657785238646148455652594485760866989405968596310120978903513005882236710843332432274360319549831714246000	30202920268257714220296010089345710995565877019664095498865225749220960604015052557062743790514303797854077637293569921000870396925526515983150731521267335089025405517472896933326352035670910501680009305307357689186457723131257009509534091670430870863502598474149048398761204889656990100878052743549637756726566851031510230666221054939931799060605621094463943911105194419638882001731513889010426644375793267846557260810495756032628826988956013782537290695348254913833827203136411994037525881037405685062393130959371628628301882198404504759993802165606161360086635211164413078874791737997957985021489744885973704878149758102742381401260673795237647101650188687271254377641037407258779168285135882920771657867437611597011124697772708942925850666224984951532664947006079450463692275966986000459639782478221898975766386209552220595009727709038348845566079959719673203342514161790266638398654318298554126761023578918546057245191939675985863804730522530874132752807551370878408754793502653513802415888216681030894608073905717393695976758126693302604330411196435472663366916484300218464128272160826647113668388192541599028811149508708558654481838616686263426009184435340147904078891349352060912317754161378736021410892005833111921527972423953695929372710337971355462485328143229075148470393739631252492281193434184293925081098401982813440412987904600816504263357535589035409305656193183371853133778271783019046925324394855088256688019559471611786777698419133107038626505053571425851151090862203755723357942730145466524370265528998042780778090573788970637287706549575661236511215514414004747314293223439621855316595454625679769217223937778899922031342292757669258980877580884753778951556296269417222885824464654202223164258459185849250948515428006574889675526770970534690312843234531737831470956266964358820296790706467560531490807734538314233057569320667497412942513075090116280172524115375891644342170439102810023163566050259394640097345700614594127274542106297294394895904472247538251903497536171144828606698250639572147128772297594295523586836883401739491699980260845357123066388064977489208586994310577836958892799759400880702960079845952577545443802601695089	-2,-3,-3,-3,-3,-3,-3,-3,-3,-3,-3,-3	-4,3,3,3,3,-3,-3,-3,-3,-3,-3,-3	ok
1.679680	12.552553	-56.899744	0.335827	continued:5	30202920268257714220296010089345710995565877019664095498865225749199342152807611938856960214582501211693450742681944830680085042776774497109079917447866900614562466173599739216008128699278025331330411443787482345010263216178424250018365361356950272463540126306018939451839865953429518165420628892996704349725994754015140261652895723373569119758386872312465651244072630423033486129783118424779941636024449580834933858749659639432027188539641503779874502364293040581406132299503788114580259630196995653459294986678977559834773739716351099704639419174908636020856909869027494102628084240761241614219102177484409073929668014262354833049264474150689205152286629387880067773343390875433565551569121278236186428221708156881250641142755437490728949576108025196029657985800793652337460877946102770881807760874669759177035252865231061550258967890304897022974937680541106620842578777527818701728345512556793465639674081551861790120857189936279538659389718355836001549683884250767744226396939114805881855883835832082929383550814199595967026876498730503949321026706056861014631758843863605382301102558713650375805165508497252711373354743183914657986956446196532258714482428838975140482682128530268236633635010345484599173171629643530098762070182958625495919860156384840164815436467889748504044147239134633297209265366147581947430312498087410819578185313779510152613262828894864874417599238987489857381140717750959293137415242387389138706998290537095846648934255249249148219963475065794520052970303827035966456178171906881411400022848874867956116582052077235419849880266154126163470454141700148683237790231986539751493648989204917167785000648296153544375631653926406448568790108696669238163955485739296957503771856976243528425435341614109448307811046208390391340074585334292227604414224428158307765393788172109484857346494636654228998529243421439499893325166632066752238699710151126677744244770399847762965957891343794337013070560851088974675809742197106919182419763235073979751849294836065902909807067838792672307996905579063263204209752130941048698841486585162342425541146159783453300917009889261246703136122942944735882003716099913524826564543867624031872979436739599	30202920268257714220296010089345710995565877019664095498865225749220960604015052557062743790514303797854077637293569921000870396925526515983150731521267335089025405517472896933326352035670910501680009305307357689186457723131257009509534091670430870863502598474149048398761204889656990100878052743549637756726566851031510230666221054939931799060605621094463943911105194419638882001731513889010426644375793267846557260810495756032628826988956013782537290695348254913833827203136411994037525881037405685062393130959371628628301882198404504759993802165606161360086635211164413078874791737997957985021489744885973704878149758102742381401260673795237647101650188687271254377641037407258779168285135882920771657867437611597011124697772708942925850666224984951532664947006079450463692275966986000459639782478221898975766386209552220595009727709038348845566079959719673203342514161790266638398654318298554126761023578918546057245191939675985863804730522530874132752807551370878408754793502653513802415888216681030894608073905717393695976758126693302604330411196435472663366916484300218464128272160826647113668388192541599028811149508708558654481838616686263426009184435340147904078891349352060912317754161378736021410892005833111921527972423953695929372710337971355462485328143229075148470393739631252492281193434184293925081098401982813440412987904600816504263357535589035409305656193183371853133778271783019046925324394855088256688019559471611786777698419133107038626505053571425851151090862203755723357942730145466524370265528998042780778090573788970637287706549575661236511215514414004747314293223439621855316595454625679769217223937778899922031342292757669258980877580884753778951556296269417222885824464654202223164258459185849250948515428006574889675526770970534690312843234531737831470956266964358820296790706467560531490807734538314233057569320667497412942513075090116280172524115375891644342170439102810023163566050259394640097345700614594127274542106297294394895904472247538251903497536171144828606698250639572147128772297594295523586836883401739491699980260845357123066388064977489208586994310577836958892799759400880702960079845952577545443802601695089	1,-3,-3,-3,-3,-3,-3,-3,-3,-3,-3,-3	-4,3,3,3,3,-3,-3,-3,-3,-3,-3,-3	ok
1.683684	12.552553	-57.277257	0.333496	continued:5	30202920268257714220296010089345710995565877019664095498865225749199342152807611938856960214582501211693450742681944830680085042776774497109079917447866900614562466173599739216008128699278025331330411443787482345010263216178424250018365361356950272463540126306018939451839865953429518165420628892996704349725994754015140261652895723373569119758386872312465651244072630423033486129783118424779941636024449580834933858749659639432027188539641503779874502364293040581406132299503788114580259630196995653459294986678977559834773739716351099704639419174908636020856909869027494102628084240761241614219102177484409073929668014262354833049264474150689205152286629387880067773343390875433565551569121278236186428221708156881250641142755437490728949576108025196029657985800793652337460877946102770881807760874669759177035252865231061550258967890304897022974937680541106620842578777527818701728345512556793465639674081551861790120857189936279538659389718355836001549683884250767744226396939114805881855883835832082929383550814199595967026876498730503949321026706056861014631758843863605382301102558713650375805165508497252711373354743183914657986956446196532258714482428838975140482682128530268236633635010345484599173171629643530098762070182958625495919860156384840164815436467889748504044147239134633297209265366147581947430312498087410819578185313779510152613262828894864874417599238987489857381140717750959293137415242387389138706998290537095846648934255249249148219963475065794520052970303827035966456178171906881411400022848874867956116582052077235419849880266154126163470454141700148683237790231986539751493648989204917167785000648296153544375631653926406448568790108696669238163955485739296957503771856976243528425435341614109448307811046208390391340074585334292227604414224428158307765393788172109484857346494636654228998529243421439499893325166632066752238699710151126677744244770399847762965957891343794337013070560851088974675809742197106919182419763235073979751849294836065902909807067838792672307996905579063263204209752130941048698841486585162342425541146159783453300917009889261246703136122942944735882003716099913524826564543867624031872979436739599	30202920268257714220296010089345710995565877019664095498865225749220960604015052557062743790514303797854077637293569921000870396925526515983150731521267335089025405517472896933326352035670910501680009305307357689186457723131257009509534091670430870863502598474149048398761204889656990100878052743549637756726566851031510230666221054939931799060605621094463943911105194419638882001731513889010426644375793267846557260810495756032628826988956013782537290695348254913833827203136411994037525881037405685062393130959371628628301882198404504759993802165606161360086635211164413078874791737997957985021489744885973704878149758102742381401260673795237647101650188687271254377641037407258779168285135882920771657867437611597011124697772708942925850666224984951532664947006079450463692275966986000459639782478221898975766386209552220595009727709038348845566079959719673203342514161790266638398654318298554126761023578918546057245191939675985863804730522530874132752807551370878408754793502653513802415888216681030894608073905717393695976758126693302604330411196435472663366916484300218464128272160826647113668388192541599028811149508708558654481838616686263426009184435340147904078891349352060912317754161378736021410892005833111921527972423953695929372710337971355462485328143229075148470393739631252492281193434184293925081098401982813440412987904600816504263357535589035409305656193183371853133778271783019046925324394855088256688019559471611786777698419133107038626505053571425851151090862203755723357942730145466524370265528998042780778090573788970637287706549575661236511215514414004747314293223439621855316595454625679769217223937778899922031342292757669258980877580884753778951556296269417222885824464654202223164258459185849250948515428006574889675526770970534690312843234531737831470956266964358820296790706467560531490807734538314233057569320667497412942513075090116280172524115375891644342170439102810023163566050259394640097345700614594127274542106297294394895904472247538251903497536171144828606698250639572147128772297594295523586836883401739491699980260845357123066388064977489208586994310577836958892799759400880702960079845952577545443802601695089	1,-3,-3,-3,-3,-3,-3,-3,-3,-3,-3,-3	-4,3,3,3,3,-3,-3,-3,-3,-3,-3,-3	ok
1.687688	12.552553	-57.627146	0.336161	continued:5	30202920268257714220296010089345710995565877019664095498865225749199342152807611938856960214582501211693450742681944830680085042776774497109079917447866900614562466173599739216008128699278025331330411443787482345010263216178424250018365361356950272463540126306018939451839865953429518165420628892996704349725994754015140261652895723373569119758386872312465651244072630423033486129783118424779941636024449580834933858749659639432027188539641503779874502364293040581406132299503788114580259630196995653459294986678977559834773739716351099704639419174908636020856909869027494102628084240761241614219102177484409073929668014262354833049264474150689205152286629387880067773343390875433565551569121278236186428221708156881250641142755437490728949576108025196029657985800793652337460877946102770881807760874669759177035252865231061550258967890304897022974937680541106620842578777527818701728345512556793465639674081551861790120857189936279538659389718355836001549683884250767744226396939114805881855883835832082929383550814199595967026876498730503949321026706056861014631758843863605366756863685547112674099700154359795439984350888434070051929932619657832723577622655581871670366637750520425559260556464825662481393226343270671458042022578039617772013662803134605974924544890909456958654212364885235417971036104785603995290915721821083834561491082264227150084520096477057888716257501818931138957711089407731897458910766033937309735391698104412008135130495310568678571323549773971128516059551525414662889348549526444995642632549445715491911212878539886725997354698808749617680930885092018409974393181889630778496443589895569636179961964883765719865051155283479621903541274600558283777802260750918567512118339745582556115821829546041391128164019707760787639792500612054833868931745341251035444201017990270981764270266251365807194612523126013720274865710247560328628061506999499586446255622839875729811474457490906990417257324872368355107407398181263450772889423901255227809395012925015767879651819283698707214466304493907335147956817030263220587590508987020047961052961187053448597562058146049761297471176208592249838985136535267152793028767054151456519274881726800	30202920268257714220296010089345710995565877019664095498865225749220960604015052557062743790514303797854077637293569921000870396925526515983150731521267335089025405517472896933326352035670910501680009305307357689186457723131257009509534091670430870863502598474149048398761204889656990100878052743549637756726566851031510230666221054939931799060605621094463943911105194419638882001731513889010426644375793267846557260810495756032628826988956013782537290695348254913833827203136411994037525881037405685062393130959371628628301882198404504759993802165606161360086635211164413078874791737997957985021489744885973704878149758102742381401260673795237647101650188687271254377641037407258779168285135882920771657867437611597011124697772708942925850666224984951532664947006079450463692275966986000459639782478221898975766386209552220595009727709038348845566079959719673203342514161790266638398654318298554126761023578918546057245191939675985863804730522530874132752807551370878408754793502653513802415888216681030894608073905717393695976758126693302604330411196435472663366916484300218464128272160826647113668388192541599028811149508708558654481838616686263426009184435340147904078891349352060912317754161378736021410892005833111921527972423953695929372710337971355462485328143229075148470393739631252492281193434184293925081098401982813440412987904600816504263357535589035409305656193183371853133778271783019046925324394855088256688019559471611786777698419133107038626505053571425851151090862203755723357942730145466524370265528998042780778090573788970637287706549575661236511215514414004747314293223439621855316595454625679769217223937778899922031342292757669258980877580884753778951556296269417222885824464654202223164258459185849250948515428006574889675526770970534690312843234531737831470956266964358820296790706467560531490807734538314233057569320667497412942513075090116280172524115375891644342170439102810023163566050259394640097345700614594127274542106297294394895904472247538251903497536171144828606698250639572147128772297594295523586836883401739491699980260845357123066388064977489208586994310577836958892799759400880702960079845952577545443802601695089	0,-3,-3,-3,-3,-3,-3,-3,-3,-3,-3,-3	-4,3,3,3,3,-3,-3,-3,-3,-3,-3,-3	ok
1.691692	12.552553	-57.871601	0.335453	continued:5	30202920268257714220296010089345710995565877019664095498865225749199342152807611938856960214582501211693450742681944830680085042776774497109079917447866900614562466173599739216008128699278025331330411443787482345010263216178424250018365361356950272463540126306018939451839865953429518165420628892996704349725994754015140261652895723373569119758386872312465651244072630423033486129783118424779941636024449580834933858749659639432027188539641503779874502364293040581406132299503788114580259630196995653459294986678977559834773739716351099704639419174908636020856909869027494102628084240761241614219102177484409073929668014262354833049264474150689205152286629387880067773343390875433565551569121278236186428221708156881250641142755437490728949576108025196029657985800793652337460877946102770881807760874669759177035252865231061550258967890304897022974937680541106620842578777527818701728345512556793465639674081551861790120857189936279538659389718355836001549683884250767744226396939114805881855883835832082929383550814199595967026876498730503949321026706056861014631758843863605366756863685547112674099700154359795439984350888434070051929932619657832723577622655581871670366637750520425559260556464825662481393226343270671458042022578039617772013662803134605974924544890909456958654212364885235417971036104785603995290915721821083834561491082264227150084520096477057888716257501818931138957711089407731897458910766033937309735391698104412008135130495310568678571323549773971128516059551525414662889348549526444995642632549445715491911212878539886725997354698808749617680930885092018409974393181889630778496443589895569636179961964883765719865051155283479621903541274600558283777802260750918567512118339745582556115821829546041391128164019707760787639792500612054833868931745341251035444201017990270981764270266251365807194612523126013720274865710247560328628061506999499586446255622839875729811474457490906990417257324872368355107407398181263450772889423901255227809395012925015767879651819283698707214466304493907335147956817030263220587590508987020047961052961187053448597562058146049761297471176208592249838985136535267152793028767054151456519274881726800	30202920268257714220296010089345710995565877019664095498865225749220960604015052557062743790514303797854077637293569921000870396925526515983150731521267335089025405517472896933326352035670910501680009305307357689186457723131257009509534091670430870863502598474149048398761204889656990100878052743549637756726566851031510230666221054939931799060605621094463943911105194419638882001731513889010426644375793267846557260810495756032628826988956013782537290695348254913833827203136411994037525881037405685062393130959371628628301882198404504759993802165606161360086635211164413078874791737997957985021489744885973704878149758102742381401260673795237647101650188687271254377641037407258779168285135882920771657867437611597011124697772708942925850666224984951532664947006079450463692275966986000459639782478221898975766386209552220595009727709038348845566079959719673203342514161790266638398654318298554126761023578918546057245191939675985863804730522530874132752807551370878408754793502653513802415888216681030894608073905717393695976758126693302604330411196435472663366916484300218464128272160826647113668388192541599028811149508708558654481838616686263426009184435340147904078891349352060912317754161378736021410892005833111921527972423953695929372710337971355462485328143229075148470393739631252492281193434184293925081098401982813440412987904600816504263357535589035409305656193183371853133778271783019046925324394855088256688019559471611786777698419133107038626505053571425851151090862203755723357942730145466524370265528998042780778090573788970637287706549575661236511215514414004747314293223439621855316595454625679769217223937778899922031342292757669258980877580884753778951556296269417222885824464654202223164258459185849250948515428006574889675526770970534690312843234531737831470956266964358820296790706467560531490807734538314233057569320667497412942513075090116280172524115375891644342170439102810023163566050259394640097345700614594127274542106297294394895904472247538251903497536171144828606698250639572147128772297594295523586836883401739491699980260845357123066388064977489208586994310577836958892799759400880702960079845952577545443802601695089	0,-3,-3,-3,-3,-3,-3,-3,-3,-3,-3,-3	-4,3,3,3,3,-3,-3,-3,-3,-3,-3,-3	ok
1.695696	12.552553	-58.093083	0.335079	full	30202920268257714220296010089345710995565877019664095498865225749199342152807611938856960214582501211693450742681944830680085042776774497109079917447866900614562466173599739216008128699278025331330411443787482345010263216178424250018365361356950272463540126306018939451839865953429518165420628892996704349725994754015140261652895723373569119758386872312465651244072630423033486129783118424779941636024449580834933858749659639432027188539641503779874502364293040581406132299503788114580259630196995653459294986678977559834773739716351099704639419174908636020856909869027494102628084240761241614219102177484409073929668014262354833049264474150689205152286629387880067773343390875433565551569121278236186428221708156881250641142755437490728949576108025196029657985800793652337460877946102770881807760874669759177035252865231061550258967890304897022974937680541106620842578777527818701728345512556793465639674081551861790120857189936279538659389718355836001549683884250767744226396939114805881855883835832082929383550814199595967026876498730503949321026706056861014631758843863605366756863685547112674099700154359795439984350888434070051929932619657832723577622655581871670366637750520425559260556464825662481393226343270671458042022578039617772013662803134605974924544890909456958654212364885235417971036104785603995290915721821083834561491082264227150084520096477057888716257501818931138957711089407731897458910766033937309735391698104412008135130495310568678571323549773971128516059551525414662889348549526444995642632549445715491911212878539886725997354698808749617680930885092018409974393181889630778496443589895569636179961964883765719865051155283479621903541274600558283777802260750918567512118339745582556115821829546041391128164019707760787639792500612054833868931745341251035444201017990270981764270266251365807194612523126013720274865710247560328628061506999499586446255622839875729811474457490906990417257324872368355107407398181263450772889423901255227809395012925015767879651819283698707214466304493907335147956817030263220587590508987020047961052961187053448597562058146049761297471176208592249838985136535267152793028767054151456519274881726800	30202920268257714220296010089345710995565877019664095498865225749220960604015052557062743790514303797854077637293569921000870396925526515983150731521267335089025405517472896933326352035670910501680009305307357689186457723131257009509534091670430870863502598474149048398761204889656990100878052743549637756726566851031510230666221054939931799060605621094463943911105194419638882001731513889010426644375793267846557260810495756032628826988956013782537290695348254913833827203136411994037525881037405685062393130959371628628301882198404504759993802165606161360086635211164413078874791737997957985021489744885973704878149758102742381401260673795237647101650188687271254377641037407258779168285135882920771657867437611597011124697772708942925850666224984951532664947006079450463692275966986000459639782478221898975766386209552220595009727709038348845566079959719673203342514161790266638398654318298554126761023578918546057245191939675985863804730522530874132752807551370878408754793502653513802415888216681030894608073905717393695976758126693302604330411196435472663366916484300218464128272160826647113668388192541599028811149508708558654481838616686263426009184435340147904078891349352060912317754161378736021410892005833111921527972423953695929372710337971355462485328143229075148470393739631252492281193434184293925081098401982813440412987904600816504263357535589035409305656193183371853133778271783019046925324394855088256688019559471611786777698419133107038626505053571425851151090862203755723357942730145466524370265528998042780778090573788970637287706549575661236511215514414004747314293223439621855316595454625679769217223937778899922031342292757669258980877580884753778951556296269417222885824464654202223164258459185849250948515428006574889675526770970534690312843234531737831470956266964358820296790706467560531490807734538314233057569320667497412942513075090116280172524115375891644342170439102810023163566050259394640097345700614594127274542106297294394895904472247538251903497536171144828606698250639572147128772297594295523586836883401739491699980260845357123066388064977489208586994310577836958892799759400880702960079845952577545443802601695089	0,-3,-3,-3,-3,-3,-3,-3,-3,-3,-3,-3	-4,3,3,3,3,-3,-3,-3,-3,-3,-3,-3	ok
1.699700	12.552553	-18.636438	0.319189	continued:5	30202920268257742332365953275404708876362932186126233081268378953882982678497496226174263654063117501223180578898034966223656085337334883373084607869125796375873085198702468381548844092646000918091471123471740522715726759945523447028552025595635388065116198534442596085924870923487557353332284678166570003655933730407082137853985798919776976688024215077141625300252321736010256609127202539398132671719409556308576306344883579007685045334921017528037100437628334963562759056833272460893362934738765523835195364385848827998271996765878489662208235964483083266723982807764375461944831670026835932099671151706650126129307852390450940221100314724114121436870219678940623454580317707044575930857458133289312235093070028053553073598809707869177792342402669654013072150042280608937806892997983273677401610925814202844293458816098695003542923575941200131137781989486350824359773486795309926126338749737472875961954470091149616065744192146266120340117476006097994674251425316430245579016467881946781130073896704575802920486148963080766681121677489377799958413196626036639656818296490955581776964550801449480283945415932277930521319330869463805592306073935705726823842133770845221337599924770180207523509339332732450770110314910658146439249063688941364701600230588676837385958276241997207047523987633169780621332020373564042694430534869247468081994779856312166800010132369808558258040527786607758090042720619013025762234829753211042719700758414149558037432815975890076930729061151924543406067761818392308432404249088018549723155484283910432989299155856846757402536833510084880236824740125974899833558718530470051201836647430503344947090523776325908981990006356708480784891374691663177295415236797486017592510174430009367570223701364986895142070271180619438380981379316690800857129382841216946911476687706199562413191845734161998136163143943623563965365077020154605089073954391084243905021364954487094637364638784018199371765912164521798583376769889045242305118408555650341214263513123130593365689748245987419554744338786549753705778486632840901991325619404491375957040042845190215923886825919155296385615799798242041353839121222099350660408075904887880349783022279214	30202920268257714220296010089345710995565877019664095498865225749220960604015052557062743790514303797854077637293569921000870396925526515983150731521267335089025405517472896933326352035670910501680009305307357689186457723131257009509534091670430870863502598474149048398761204889656990100878052743549637756726566851031510230666221054939931799060605621094463943911105194419638882001731513889010426644375793267846557260810495756032628826988956013782537290695348254913833827203136411994037525881037405685062393130959371628628301882198404504759993802165606161360086635211164413078874791737997957985021489744885973704878149758102742381401260673795237647101650188687271254377641037407258779168285135882920771657867437611597011124697772708942925850666224984951532664947006079450463692275966986000459639782478221898975766386209552220595009727709038348845566079959719673203342514161790266638398654318298554126761023578918546057245191939675985863804730522530874132752807551370878408754793502653513802415888216681030894608073905717393695976758126693302604330411196435472663366916484300218464128272160826647113668388192541599028811149508708558654481838616686263426009184435340147904078891349352060912317754161378736021410892005833111921527972423953695929372710337971355462485328143229075148470393739631252492281193434184293925081098401982813440412987904600816504263357535589035409305656193183371853133778271783019046925324394855088256688019559471611786777698419133107038626505053571425851151090862203755723357942730145466524370265528998042780778090573788970637287706549575661236511215514414004747314293223439621855316595454625679769217223937778899922031342292757669258980877580884753778951556296269417222885824464654202223164258459185849250948515428006574889675526770970534690312843234531737831470956266964358820296790706467560531490807734538314233057569320667497412942513075090116280172524115375891644342170439102810023163566050259394640097345700614594127274542106297294394895904472247538251903497536171144828606698250639572147128772297594295523586836883401739491699980260845357123066388064977489208586994310577836958892799759400880702960079845952577545443802601695089	-1,-4,-4,3,3,3,3,-3,-3,-3,-3,-3	-4,3,3,3,3,-3,-3,-3,-3,-3,-3,-3	ok
1.703704	12.552553	-47.864448	0.321983	continued:5	30202920268257742332365953275404708876362932186126233081268378953882982678497496226174263654063117501223180578898034966223656085337334883373084607869125796375873085198702468381548844092646000918091471123471740522715726759945523447028552025595635388065116198534442596085924870923487557353332284678166570003655933730407082137853985798919776976688024215077141625300252321736010256609127202539398132671719409556308576306344883579007685045334921017528037100437628334963562759056833272460893362934738765523835195364385848827998271996765878489662208235964483083266723982807764375461944831670026835932099671151706650126129307852390450940221100314724114121436870219678940623454580317707044575930857458133289312235093070028053553073598809707869177792342402669654013072150042280608937806892997983273677401610925814202844293458816098695003542923575941200131137781989486350824359773486795309926126338749737472875961954470091149616065744192146266120340117476006097994674251425316430245579016467881946781130073896704575802920486148963080766681121677489377799958413196626036639656818296490955581776964550801449480283945415932277930521319330869463805592306073935705726823842133770845221337599924770180207523509339332732450770110314910658146439249063688941364701600230588676837385958276241997207047523987633169780621332020373564042694430534869247468081994779856312166800010132369808558258040527786607758090042720619013025762234829753211042719700758414149558037432815975890076930729061151924543406067761818392308432404249088018549723155484283910432989299155856846757402536833510084880236824740125974899833558718530470051201836647430503344947090523776325908981990006356708480784891374691663177295415236797486017592510174430009367570223701364986895142070271180619438380981379316690800857129382841216946911476687706199562413191845734161998136163143943623563965365077020154605089073954391084243905021364954487094637364638784018199371765912164521798583376769889045242305118408555650341214263513123130593365689748245987419554744338786549753705778486632840901991325619404491375957040042845190215923886825919155296385615799798242041353839121222099350660408075904887880349783022279214	30202920268257714220296010089345710995565877019664095498865225749220960604015052557062743790514303797854077637293569921000870396925526515983150731521267335089025405517472896933326352035670910501680009305307357689186457723131257009509534091670430870863502598474149048398761204889656990100878052743549637756726566851031510230666221054939931799060605621094463943911105194419638882001731513889010426644375793267846557260810495756032628826988956013782537290695348254913833827203136411994037525881037405685062393130959371628628301882198404504759993802165606161360086635211164413078874791737997957985021489744885973704878149758102742381401260673795237647101650188687271254377641037407258779168285135882920771657867437611597011124697772708942925850666224984951532664947006079450463692275966986000459639782478221898975766386209552220595009727709038348845566079959719673203342514161790266638398654318298554126761023578918546057245191939675985863804730522530874132752807551370878408754793502653513802415888216681030894608073905717393695976758126693302604330411196435472663366916484300218464128272160826647113668388192541599028811149508708558654481838616686263426009184435340147904078891349352060912317754161378736021410892005833111921527972423953695929372710337971355462485328143229075148470393739631252492281193434184293925081098401982813440412987904600816504263357535589035409305656193183371853133778271783019046925324394855088256688019559471611786777698419133107038626505053571425851151090862203755723357942730145466524370265528998042780778090573788970637287706549575661236511215514414004747314293223439621855316595454625679769217223937778899922031342292757669258980877580884753778951556296269417222885824464654202223164258459185849250948515428006574889675526770970534690312843234531737831470956266964358820296790706467560531490807734538314233057569320667497412942513075090116280172524115375891644342170439102810023163566050259394640097345700614594127274542106297294394895904472247538251903497536171144828606698250639572147128772297594295523586836883401739491699980260845357123066388064977489208586994310577836958892799759400880702960079845952577545443802601695089	-1,-4,-4,3,3,3,3,-3,-3,-3,-3,-3	-4,3,3,3,3,-3,-3,-3,-3,-3,-3,-3	ok
1.707708	12.552553	-51.844345	0.324776	continued:5	30202920268257714220296010089345915417147225611909418113378604349366877439094984487638255761522992367640361629501222975572114765001513417656257786740009913280952304834019711436475170842390313724444254293734480843711776537429538709547561668919200287059039991744859891010213277444908275359728865125422931753512241400849358042446737823904080713972919631600598212362999842028763234131242458990801256672761830942747871642258391868526133658792919783857418902805612232022819796697889901286980398305372855559025992798061761398835097752589090709559359386816218569370116849235186634249701214725003127922448358115788343223435584920922628336960824373286582190861922467621727795289946197926153299097752987725697470796486051904550968106710006503551173451515116542921165914730254922436136343399882797166234494365989677668678535039492454955050913626326420536742985028023947413551729152927735681023320067334346832736316443014067504016600846246024197827666959462341388758269240318803230770244407416430732624831492312471083552812024042686271483528175728216687281994430979140624865947988094800676185895449750094355125421334291292866972445523373426330313517951732756156096082651263767102742881322413432742523846507697181157325742803409130122115528841461316875325671014312561607852267640805104131656775575203968560596029650534535178308981013416566617299143554929018470321120813782255436352611283909421832438105844011724014623123290739016628211028992773492942374795956140956527815961301256648085091197909500635277328777302776134297570418632939711055588874617971426558634186325854929129225375633054634272620464532752908071910649511960463473785183847879395953734277768529443662684079714390664069955013612888657491491918298526509187055802097146376160305002247203064451858338789725965080295889550320426803088715783157316549769128946542181839987125386914808882535634813813780877656444130363818341880592647365817530967817635122871595224268515226722986893126326039735229536200377266491520363386836054452857307523407165171095997331616307195418331272799173573000695496680763090865538406950558492176975186421603904441609350115984659302755719262224262817380124614905598158513071357105278239	30202920268257714220296010089345710995565877019664095498865225749220960604015052557062743790514303797854077637293569921000870396925526515983150731521267335089025405517472896933326352035670910501680009305307357689186457723131257009509534091670430870863502598474149048398761204889656990100878052743549637756726566851031510230666221054939931799060605621094463943911105194419638882001731513889010426644375793267846557260810495756032628826988956013782537290695348254913833827203136411994037525881037405685062393130959371628628301882198404504759993802165606161360086635211164413078874791737997957985021489744885973704878149758102742381401260673795237647101650188687271254377641037407258779168285135882920771657867437611597011124697772708942925850666224984951532664947006079450463692275966986000459639782478221898975766386209552220595009727709038348845566079959719673203342514161790266638398654318298554126761023578918546057245191939675985863804730522530874132752807551370878408754793502653513802415888216681030894608073905717393695976758126693302604330411196435472663366916484300218464128272160826647113668388192541599028811149508708558654481838616686263426009184435340147904078891349352060912317754161378736021410892005833111921527972423953695929372710337971355462485328143229075148470393739631252492281193434184293925081098401982813440412987904600816504263357535589035409305656193183371853133778271783019046925324394855088256688019559471611786777698419133107038626505053571425851151090862203755723357942730145466524370265528998042780778090573788970637287706549575661236511215514414004747314293223439621855316595454625679769217223937778899922031342292757669258980877580884753778951556296269417222885824464654202223164258459185849250948515428006574889675526770970534690312843234531737831470956266964358820296790706467560531490807734538314233057569320667497412942513075090116280172524115375891644342170439102810023163566050259394640097345700614594127274542106297294394895904472247538251903497536171144828606698250639572147128772297594295523586836883401739491699980260845357123066388064977489208586994310577836958892799759400880702960079845952577545443802601695089	1,-4,3,3,3,3,-3,-3,-3,-3,-3,-3	-4,3,3,3,3,-3,-3,-3,-3,-3,-3,-3	ok
1.711712	12.552553	-54.215497	0.326025	continued:5	30202920268257714220296010089345710995565877019664095498865225749199342152807611938856960214582501211693450742681944830680085042776774497109079917447866900614562466173599739216008128699278025331330411443787482345010263216178424250018365361356950272463540126306018939451839865953429518165420628892996704349725994754015140261652895723373569119758386872312465651244072630423033486129783118424779941636024449580834933858749659639432027188539641503779874502364293040581406132299503788114580259630196995653459294986678977559834773739716351099705608420111251837986796626348031968014000866608586628713384207297545298449088171887600131932882351699868781777122852271066609722551828623904644422755274484025880115160997623484080629098248232200434484035103278091818472270364395774039745376164382611712153654803412565637363205817658387657233034566350569000379630206869137787144590418701826189102636872044702606880659726455787241579672819047219234215086344016037100779438207916653631425234894275572603706702340964294992488636238226053210589592207350862897214677526192387991566321770349465172207468084451337903131710193295805485339636371597741240644190710638028484880345629236616397455847164535955649177416676064328609033970525790597878462294245452734896567313544994365465990153198066320381355177387010496312607910137441987089576110711675854318739098690557797492353707662978748733398465312154982733737269413314365078565348065819952391547351862796287188707534766348116775500904086735626139365052286547363335836290917862651446059276870904293635882775004468143024439658045541509396217076765480811909579313844730341392310735165751135109457942384012631965494927514930633873494972543365917968446247159772362205704812686610553915816685329347018705791701803163962973515822662710056139062372992472205960619703178114575587168272338027510753022084369682809311224939223889166288130543390815923713636097299626107134715051956302974071715234833706968333254246523230117571519435480890650549489150559677049079824540966642488028577376759950028242928209747113485817865050782113740902613774417457833135180331947564351643035936791228206855920828623648502401052008654810108503404741741328915444	30202920268257714220296010089345710995565877019664095498865225749220960604015052557062743790514303797854077637293569921000870396925526515983150731521267335089025405517472896933326352035670910501680009305307357689186457723131257009509534091670430870863502598474149048398761204889656990100878052743549637756726566851031510230666221054939931799060605621094463943911105194419638882001731513889010426644375793267846557260810495756032628826988956013782537290695348254913833827203136411994037525881037405685062393130959371628628301882198404504759993802165606161360086635211164413078874791737997957985021489744885973704878149758102742381401260673795237647101650188687271254377641037407258779168285135882920771657867437611597011124697772708942925850666224984951532664947006079450463692275966986000459639782478221898975766386209552220595009727709038348845566079959719673203342514161790266638398654318298554126761023578918546057245191939675985863804730522530874132752807551370878408754793502653513802415888216681030894608073905717393695976758126693302604330411196435472663366916484300218464128272160826647113668388192541599028811149508708558654481838616686263426009184435340147904078891349352060912317754161378736021410892005833111921527972423953695929372710337971355462485328143229075148470393739631252492281193434184293925081098401982813440412987904600816504263357535589035409305656193183371853133778271783019046925324394855088256688019559471611786777698419133107038626505053571425851151090862203755723357942730145466524370265528998042780778090573788970637287706549575661236511215514414004747314293223439621855316595454625679769217223937778899922031342292757669258980877580884753778951556296269417222885824464654202223164258459185849250948515428006574889675526770970534690312843234531737831470956266964358820296790706467560531490807734538314233057569320667497412942513075090116280172524115375891644342170439102810023163566050259394640097345700614594127274542106297294394895904472247538251903497536171144828606698250639572147128772297594295523586836883401739491699980260845357123066388064977489208586994310577836958892799759400880702960079845952577545443802601695089	1,3,-3,-3,-3,-3,-3,-3,-3,-3,-3,-3	-4,3,3,3,3,-3,-3,-3,-3,-3,-3,-3	ok
1.715716	12.552553	-55.561169	0.328819	continued:5	30202920268257714220296010089345710995565877019664095498865225749199342152807611938856960214582501211693450742681944830680085042776774497109079917447866900614562466173599739216008128699278025331330411443787482345010263216178424250018365361356950272463540126306018939451839865953429518165420628892996704349725994754015140261652895723373569119758386872312465651244072630423033486129783118424779941636024449580834933858749659639432027188539641503779874502364293040581406132299503788114580259630196995653459294986678977559834773739716351099704639419174908636020856909869027494102628084240761241614219102177484409073929668014262354833049264474150689205152286629387880067773343390875433565551569121278236186428221708156881250641142755437490728949576108025196029657985800793652337460877946102770881807760874669759177035252865231061550258967890304897022974937680541106620842578777527818701728345512556793465639674081551861790120857189936279538659389718355836001549683884250767744226396939114805881855883835832082929383550814199595967026876498730503949321026706056861014631758843863605397845341431880188077510630862634709982762358597933759264043980272735231793851342202096078610598726506540110914006713555865306716953116916016388739482117787877633219826057509635074354706328044870040049434082113384031176447494627509559899569709274353737804594879545294793155142005561312671860118940976156048575804570346094186688815919718740840967678604882969779685162738015187929617868603400357617911589881056128657270023007794287317827157413148304020420321951225614584113702405833499502709259977398308278956501187282083448724490854388514264699390039331708541368886212152569333275234038942792780192550108710727675347495425374206904500735048853682177505487458072709019995040356670056529621339896703515065580086586558353947987950422723021942650802445963716865279511784623016573175849337913302753769042233917959819796120441325196681683608883796829809594244212086212950387591950102568892731694303576747116037939962316393886637401527506664219191260462687231618876810092464183304636890029331132513458004271961632472732108801069677297221925022295664559896860100320681096607226683991752402	30202920268257714220296010089345710995565877019664095498865225749220960604015052557062743790514303797854077637293569921000870396925526515983150731521267335089025405517472896933326352035670910501680009305307357689186457723131257009509534091670430870863502598474149048398761204889656990100878052743549637756726566851031510230666221054939931799060605621094463943911105194419638882001731513889010426644375793267846557260810495756032628826988956013782537290695348254913833827203136411994037525881037405685062393130959371628628301882198404504759993802165606161360086635211164413078874791737997957985021489744885973704878149758102742381401260673795237647101650188687271254377641037407258779168285135882920771657867437611597011124697772708942925850666224984951532664947006079450463692275966986000459639782478221898975766386209552220595009727709038348845566079959719673203342514161790266638398654318298554126761023578918546057245191939675985863804730522530874132752807551370878408754793502653513802415888216681030894608073905717393695976758126693302604330411196435472663366916484300218464128272160826647113668388192541599028811149508708558654481838616686263426009184435340147904078891349352060912317754161378736021410892005833111921527972423953695929372710337971355462485328143229075148470393739631252492281193434184293925081098401982813440412987904600816504263357535589035409305656193183371853133778271783019046925324394855088256688019559471611786777698419133107038626505053571425851151090862203755723357942730145466524370265528998042780778090573788970637287706549575661236511215514414004747314293223439621855316595454625679769217223937778899922031342292757669258980877580884753778951556296269417222885824464654202223164258459185849250948515428006574889675526770970534690312843234531737831470956266964358820296790706467560531490807734538314233057569320667497412942513075090116280172524115375891644342170439102810023163566050259394640097345700614594127274542106297294394895904472247538251903497536171144828606698250639572147128772297594295523586836883401739491699980260845357123066388064977489208586994310577836958892799759400880702960079845952577545443802601695089	2,-3,-3,-3,-3,-3,-3,-3,-3,-3,-3,-3	-4,3,3,3,3,-3,-3,-3,-3,-3,-3,-3	ok
1.719720	12.552553	-56.356664	0.330402	continued:5	30202920268257714220296010089345710995565877019664095498865225749199342152807611938856960214582501211693450742681944830680085042776774497109079917447866900614562466173599739216008128699278025331330411443787482345010263216178424250018365361356950272463540126306018939451839865953429518165420628892996704349725994754015140261652895723373569119758386872312465651244072630423033486129783118424779941636024449580834933858749659639432027188539641503779874502364293040581406132299503788114580259630196995653459294986678977559834773739716351099704639419174908636020856909869027494102628084240761241614219102177484409073929668014262354833049264474150689205152286629387880067773343390875433565551569121278236186428221708156881250641142755437490728949576108025196029657985800793652337460877946102770881807760874669759177035252865231061550258967890304897022974937680541106620842578777527818701728345512556793465639674081551861790120857189936279538659389718355836001549683884250767744226396939114805881855883835832082929383550814199595967026876498730503949321026706056861014631758843863605390073221995296919226657898185565981347067856670558836961015468359465882026282912315467526875540704317535189575320174283105395658063144272829959419122093985418129357872958833009957259760882256379894276739114676259332236828379996828570923500010886220574312086532429537151653877634195103768367268270107571769216592855531922572990976667480564115053192801586753437765905836135218589383044283437711706215821425679977846618239592983097099619278717998589444188219266638845909766776143049826814436365215770004213819869488757034994237992251688859590933587519990002347456630921903247869861901414525744724715357032098233486152499598615591574014580242097648143476897634559458705193190215627695410924472155463971611943925990173263028736403884608829298439900487603569152389702554894824319964044018811726940223393239344179833779543199608270238010310977178840449284460010914205028653387184932901983355723076435791590970424884692116339654854762206121641227232336219681279962754466975384233489657785238646148455652594485760866989405968596310120978903513005882236710843332432274360319549831714246000	30202920268257714220296010089345710995565877019664095498865225749220960604015052557062743790514303797854077637293569921000870396925526515983150731521267335089025405517472896933326352035670910501680009305307357689186457723131257009509534091670430870863502598474149048398761204889656990100878052743549637756726566851031510230666221054939931799060605621094463943911105194419638882001731513889010426644375793267846557260810495756032628826988956013782537290695348254913833827203136411994037525881037405685062393130959371628628301882198404504759993802165606161360086635211164413078874791737997957985021489744885973704878149758102742381401260673795237647101650188687271254377641037407258779168285135882920771657867437611597011124697772708942925850666224984951532664947006079450463692275966986000459639782478221898975766386209552220595009727709038348845566079959719673203342514161790266638398654318298554126761023578918546057245191939675985863804730522530874132752807551370878408754793502653513802415888216681030894608073905717393695976758126693302604330411196435472663366916484300218464128272160826647113668388192541599028811149508708558654481838616686263426009184435340147904078891349352060912317754161378736021410892005833111921527972423953695929372710337971355462485328143229075148470393739631252492281193434184293925081098401982813440412987904600816504263357535589035409305656193183371853133778271783019046925324394855088256688019559471611786777698419133107038626505053571425851151090862203755723357942730145466524370265528998042780778090573788970637287706549575661236511215514414004747314293223439621855316595454625679769217223937778899922031342292757669258980877580884753778951556296269417222885824464654202223164258459185849250948515428006574889675526770970534690312843234531737831470956266964358820296790706467560531490807734538314233057569320667497412942513075090116280172524115375891644342170439102810023163566050259394640097345700614594127274542106297294394895904472247538251903497536171144828606698250639572147128772297594295523586836883401739491699980260845357123066388064977489208586994310577836958892799759400880702960079845952577545443802601695089	-2,-3,-3,-3,-3,-3,-3,-3,-3,-3,-3,-3	-4,3,3,3,3,-3,-3,-3,-3,-3,-3,-3	ok
1.723724	12.552553	-56.907330	0.333196	continued:5	30202920268257714220296010089345710995565877019664095498865225749199342152807611938856960214582501211693450742681944830680085042776774497109079917447866900614562466173599739216008128699278025331330411443787482345010263216178424250018365361356950272463540126306018939451839865953429518165420628892996704349725994754015140261652895723373569119758386872312465651244072630423033486129783118424779941636024449580834933858749659639432027188539641503779874502364293040581406132299503788114580259630196995653459294986678977559834773739716351099704639419174908636020856909869027494102628084240761241614219102177484409073929668014262354833049264474150689205152286629387880067773343390875433565551569121278236186428221708156881250641142755437490728949576108025196029657985800793652337460877946102770881807760874669759177035252865231061550258967890304897022974937680541106620842578777527818701728345512556793465639674081551861790120857189936279538659389718355836001549683884250767744226396939114805881855883835832082929383550814199595967026876498730503949321026706056861014631758843863605382301102558713650375805165508497252711373354743183914657986956446196532258714482428838975140482682128530268236633635010345484599173171629643530098762070182958625495919860156384840164815436467889748504044147239134633297209265366147581947430312498087410819578185313779510152613262828894864874417599238987489857381140717750959293137415242387389138706998290537095846648934255249249148219963475065794520052970303827035966456178171906881411400022848874867956116582052077235419849880266154126163470454141700148683237790231986539751493648989204917167785000648296153544375631653926406448568790108696669238163955485739296957503771856976243528425435341614109448307811046208390391340074585334292227604414224428158307765393788172109484857346494636654228998529243421439499893325166632066752238699710151126677744244770399847762965957891343794337013070560851088974675809742197106919182419763235073979751849294836065902909807067838792672307996905579063263204209752130941048698841486585162342425541146159783453300917009889261246703136122942944735882003716099913524826564543867624031872979436739599	30202920268257714220296010089345710995565877019664095498865225749220960604015052557062743790514303797854077637293569921000870396925526515983150731521267335089025405517472896933326352035670910501680009305307357689186457723131257009509534091670430870863502598474149048398761204889656990100878052743549637756726566851031510230666221054939931799060605621094463943911105194419638882001731513889010426644375793267846557260810495756032628826988956013782537290695348254913833827203136411994037525881037405685062393130959371628628301882198404504759993802165606161360086635211164413078874791737997957985021489744885973704878149758102742381401260673795237647101650188687271254377641037407258779168285135882920771657867437611597011124697772708942925850666224984951532664947006079450463692275966986000459639782478221898975766386209552220595009727709038348845566079959719673203342514161790266638398654318298554126761023578918546057245191939675985863804730522530874132752807551370878408754793502653513802415888216681030894608073905717393695976758126693302604330411196435472663366916484300218464128272160826647113668388192541599028811149508708558654481838616686263426009184435340147904078891349352060912317754161378736021410892005833111921527972423953695929372710337971355462485328143229075148470393739631252492281193434184293925081098401982813440412987904600816504263357535589035409305656193183371853133778271783019046925324394855088256688019559471611786777698419133107038626505053571425851151090862203755723357942730145466524370265528998042780778090573788970637287706549575661236511215514414004747314293223439621855316595454625679769217223937778899922031342292757669258980877580884753778951556296269417222885824464654202223164258459185849250948515428006574889675526770970534690312843234531737831470956266964358820296790706467560531490807734538314233057569320667497412942513075090116280172524115375891644342170439102810023163566050259394640097345700614594127274542106297294394895904472247538251903497536171144828606698250639572147128772297594295523586836883401739491699980260845357123066388064977489208586994310577836958892799759400880702960079845952577545443802601695089	1,-3,-3,-3,-3,-3,-3,-3,-3,-3,-3,-3	-4,3,3,3,3,-3,-3,-3,-3,-3,-3,-3	ok
1.727728	12.552553	-57.287430	0.330864	continued:5	30202920268257714220296010089345710995565877019664095498865225749199342152807611938856960214582501211693450742681944830680085042776774497109079917447866900614562466173599739216008128699278025331330411443787482345010263216178424250018365361356950272463540126306018939451839865953429518165420628892996704349725994754015140261652895723373569119758386872312465651244072630423033486129783118424779941636024449580834933858749659639432027188539641503779874502364293040581406132299503788114580259630196995653459294986678977559834773739716351099704639419174908636020856909869027494102628084240761241614219102177484409073929668014262354833049264474150689205152286629387880067773343390875433565551569121278236186428221708156881250641142755437490728949576108025196029657985800793652337460877946102770881807760874669759177035252865231061550258967890304897022974937680541106620842578777527818701728345512556793465639674081551861790120857189936279538659389718355836001549683884250767744226396939114805881855883835832082929383550814199595967026876498730503949321026706056861014631758843863605382301102558713650375805165508497252711373354743183914657986956446196532258714482428838975140482682128530268236633635010345484599173171629643530098762070182958625495919860156384840164815436467889748504044147239134633297209265366147581947430312498087410819578185313779510152613262828894864874417599238987489857381140717750959293137415242387389138706998290537095846648934255249249148219963475065794520052970303827035966456178171906881411400022848874867956116582052077235419849880266154126163470454141700148683237790231986539751493648989204917167785000648296153544375631653926406448568790108696669238163955485739296957503771856976243528425435341614109448307811046208390391340074585334292227604414224428158307765393788172109484857346494636654228998529243421439499893325166632066752238699710151126677744244770399847762965957891343794337013070560851088974675809742197106919182419763235073979751849294836065902909807067838792672307996905579063263204209752130941048698841486585162342425541146159783453300917009889261246703136122942944735882003716099913524826564543867624031872979436739599	30202920268257714220296010089345710995565877019664095498865225749220960604015052557062743790514303797854077637293569921000870396925526515983150731521267335089025405517472896933326352035670910501680009305307357689186457723131257009509534091670430870863502598474149048398761204889656990100878052743549637756726566851031510230666221054939931799060605621094463943911105194419638882001731513889010426644375793267846557260810495756032628826988956013782537290695348254913833827203136411994037525881037405685062393130959371628628301882198404504759993802165606161360086635211164413078874791737997957985021489744885973704878149758102742381401260673795237647101650188687271254377641037407258779168285135882920771657867437611597011124697772708942925850666224984951532664947006079450463692275966986000459639782478221898975766386209552220595009727709038348845566079959719673203342514161790266638398654318298554126761023578918546057245191939675985863804730522530874132752807551370878408754793502653513802415888216681030894608073905717393695976758126693302604330411196435472663366916484300218464128272160826647113668388192541599028811149508708558654481838616686263426009184435340147904078891349352060912317754161378736021410892005833111921527972423953695929372710337971355462485328143229075148470393739631252492281193434184293925081098401982813440412987904600816504263357535589035409305656193183371853133778271783019046925324394855088256688019559471611786777698419133107038626505053571425851151090862203755723357942730145466524370265528998042780778090573788970637287706549575661236511215514414004747314293223439621855316595454625679769217223937778899922031342292757669258980877580884753778951556296269417222885824464654202223164258459185849250948515428006574889675526770970534690312843234531737831470956266964358820296790706467560531490807734538314233057569320667497412942513075090116280172524115375891644342170439102810023163566050259394640097345700614594127274542106297294394895904472247538251903497536171144828606698250639572147128772297594295523586836883401739491699980260845357123066388064977489208586994310577836958892799759400880702960079845952577545443802601695089	1,-3,-3,-3,-3,-3,-3,-3,-3,-3,-3,-3	-4,3,3,3,3,-3,-3,-3,-3,-3,-3,-3	ok
1.731732	12.552553	-57.640267	0.333323	continued:5	30202920268257714220296010089345710995565877019664095498865225749199342152807611938856960214582501211693450742681944830680085042776774497109079917447866900614562466173599739216008128699278025331330411443787482345010263216178424250018365361356950272463540126306018939451839865953429518165420628892996704349725994754015140261652895723373569119758386872312465651244072630423033486129783118424779941636024449580834933858749659639432027188539641503779874502364293040581406132299503788114580259630196995653459294986678977559834773739716351099704639419174908636020856909869027494102628084240761241614219102177484409073929668014262354833049264474150689205152286629387880067773343390875433565551569121278236186428221708156881250641142755437490728949576108025196029657985800793652337460877946102770881807760874669759177035252865231061550258967890304897022974937680541106620842578777527818701728345512556793465639674081551861790120857189936279538659389718355836001549683884250767744226396939114805881855883835832082929383550814199595967026876498730503949321026706056861014631758843863605366756863685547112674099700154359795439984350888434070051929932619657832723577622655581871670366637750520425559260556464825662481393226343270671458042022578039617772013662803134605974924544890909456958654212364885235417971036104785603995290915721821083834561491082264227150084520096477057888716257501818931138957711089407731897458910766033937309735391698104412008135130495310568678571323549773971128516059551525414662889348549526444995642632549445715491911212878539886725997354698808749617680930885092018409974393181889630778496443589895569636179961964883765719865051155283479621903541274600558283777802260750918567512118339745582556115821829546041391128164019707760787639792500612054833868931745341251035444201017990270981764270266251365807194612523126013720274865710247560328628061506999499586446255622839875729811474457490906990417257324872368355107407398181263450772889423901255227809395012925015767879651819283698707214466304493907335147956817030263220587590508987020047961052961187053448597562058146049761297471176208592249838985136535267152793028767054151456519274881726800	30202920268257714220296010089345710995565877019664095498865225749220960604015052557062743790514303797854077637293569921000870396925526515983150731521267335089025405517472896933326352035670910501680009305307357689186457723131257009509534091670430870863502598474149048398761204889656990100878052743549637756726566851031510230666221054939931799060605621094463943911105194419638882001731513889010426644375793267846557260810495756032628826988956013782537290695348254913833827203136411994037525881037405685062393130959371628628301882198404504759993802165606161360086635211164413078874791737997957985021489744885973704878149758102742381401260673795237647101650188687271254377641037407258779168285135882920771657867437611597011124697772708942925850666224984951532664947006079450463692275966986000459639782478221898975766386209552220595009727709038348845566079959719673203342514161790266638398654318298554126761023578918546057245191939675985863804730522530874132752807551370878408754793502653513802415888216681030894608073905717393695976758126693302604330411196435472663366916484300218464128272160826647113668388192541599028811149508708558654481838616686263426009184435340147904078891349352060912317754161378736021410892005833111921527972423953695929372710337971355462485328143229075148470393739631252492281193434184293925081098401982813440412987904600816504263357535589035409305656193183371853133778271783019046925324394855088256688019559471611786777698419133107038626505053571425851151090862203755723357942730145466524370265528998042780778090573788970637287706549575661236511215514414004747314293223439621855316595454625679769217223937778899922031342292757669258980877580884753778951556296269417222885824464654202223164258459185849250948515428006574889675526770970534690312843234531737831470956266964358820296790706467560531490807734538314233057569320667497412942513075090116280172524115375891644342170439102810023163566050259394640097345700614594127274542106297294394895904472247538251903497536171144828606698250639572147128772297594295523586836883401739491699980260845357123066388064977489208586994310577836958892799759400880702960079845952577545443802601695089	0,-3,-3,-3,-3,-3,-3,-3,-3,-3,-3,-3	-4,3,3,3,3,-3,-3,-3,-3,-3,-3,-3	ok
1.735736	12.552553	-57.890947	0.332615	continued:5	30202920268257714220296010089345710995565877019664095498865225749199342152807611938856960214582501211693450742681944830680085042776774497109079917447866900614562466173599739216008128699278025331330411443787482345010263216178424250018365361356950272463540126306018939451839865953429518165420628892996704349725994754015140261652895723373569119758386872312465651244072630423033486129783118424779941636024449580834933858749659639432027188539641503779874502364293040581406132299503788114580259630196995653459294986678977559834773739716351099704639419174908636020856909869027494102628084240761241614219102177484409073929668014262354833049264474150689205152286629387880067773343390875433565551569121278236186428221708156881250641142755437490728949576108025196029657985800793652337460877946102770881807760874669759177035252865231061550258967890304897022974937680541106620842578777527818701728345512556793465639674081551861790120857189936279538659389718355836001549683884250767744226396939114805881855883835832082929383550814199595967026876498730503949321026706056861014631758843863605366756863685547112674099700154359795439984350888434070051929932619657832723577622655581871670366637750520425559260556464825662481393226343270671458042022578039617772013662803134605974924544890909456958654212364885235417971036104785603995290915721821083834561491082264227150084520096477057888716257501818931138957711089407731897458910766033937309735391698104412008135130495310568678571323549773971128516059551525414662889348549526444995642632549445715491911212878539886725997354698808749617680930885092018409974393181889630778496443589895569636179961964883765719865051155283479621903541274600558283777802260750918567512118339745582556115821829546041391128164019707760787639792500612054833868931745341251035444201017990270981764270266251365807194612523126013720274865710247560328628061506999499586446255622839875729811474457490906990417257324872368355107407398181263450772889423901255227809395012925015767879651819283698707214466304493907335147956817030263220587590508987020047961052961187053448597562058146049761297471176208592249838985136535267152793028767054151456519274881726800	30202920268257714220296010089345710995565877019664095498865225749220960604015052557062743790514303797854077637293569921000870396925526515983150731521267335089025405517472896933326352035670910501680009305307357689186457723131257009509534091670430870863502598474149048398761204889656990100878052743549637756726566851031510230666221054939931799060605621094463943911105194419638882001731513889010426644375793267846557260810495756032628826988956013782537290695348254913833827203136411994037525881037405685062393130959371628628301882198404504759993802165606161360086635211164413078874791737997957985021489744885973704878149758102742381401260673795237647101650188687271254377641037407258779168285135882920771657867437611597011124697772708942925850666224984951532664947006079450463692275966986000459639782478221898975766386209552220595009727709038348845566079959719673203342514161790266638398654318298554126761023578918546057245191939675985863804730522530874132752807551370878408754793502653513802415888216681030894608073905717393695976758126693302604330411196435472663366916484300218464128272160826647113668388192541599028811149508708558654481838616686263426009184435340147904078891349352060912317754161378736021410892005833111921527972423953695929372710337971355462485328143229075148470393739631252492281193434184293925081098401982813440412987904600816504263357535589035409305656193183371853133778271783019046925324394855088256688019559471611786777698419133107038626505053571425851151090862203755723357942730145466524370265528998042780778090573788970637287706549575661236511215514414004747314293223439621855316595454625679769217223937778899922031342292757669258980877580884753778951556296269417222885824464654202223164258459185849250948515428006574889675526770970534690312843234531737831470956266964358820296790706467560531490807734538314233057569320667497412942513075090116280172524115375891644342170439102810023163566050259394640097345700614594127274542106297294394895904472247538251903497536171144828606698250639572147128772297594295523586836883401739491699980260845357123066388064977489208586994310577836958892799759400880702960079845952577545443802601695089	0,-3,-3,-3,-3,-3,-3,-3,-3,-3,-3,-3	-4,3,3,3,3,-3,-3,-3,-3,-3,-3,-3	ok
1.739740	12.552553	-58.118422	0.332241	full	30202920268257714220296010089345710995565877019664095498865225749199342152807611938856960214582501211693450742681944830680085042776774497109079917447866900614562466173599739216008128699278025331330411443787482345010263216178424250018365361356950272463540126306018939451839865953429518165420628892996704349725994754015140261652895723373569119758386872312465651244072630423033486129783118424779941636024449580834933858749659639432027188539641503779874502364293040581406132299503788114580259630196995653459294986678977559834773739716351099704639419174908636020856909869027494102628084240761241614219102177484409073929668014262354833049264474150689205152286629387880067773343390875433565551569121278236186428221708156881250641142755437490728949576108025196029657985800793652337460877946102770881807760874669759177035252865231061550258967890304897022974937680541106620842578777527818701728345512556793465639674081551861790120857189936279538659389718355836001549683884250767744226396939114805881855883835832082929383550814199595967026876498730503949321026706056861014631758843863605366756863685547112674099700154359795439984350888434070051929932619657832723577622655581871670366637750520425559260556464825662481393226343270671458042022578039617772013662803134605974924544890909456958654212364885235417971036104785603995290915721821083834561491082264227150084520096477057888716257501818931138957711089407731897458910766033937309735391698104412008135130495310568678571323549773971128516059551525414662889348549526444995642632549445715491911212878539886725997354698808749617680930885092018409974393181889630778496443589895569636179961964883765719865051155283479621903541274600558283777802260750918567512118339745582556115821829546041391128164019707760787639792500612054833868931745341251035444201017990270981764270266251365807194612523126013720274865710247560328628061506999499586446255622839875729811474457490906990417257324872368355107407398181263450772889423901255227809395012925015767879651819283698707214466304493907335147956817030263220587590508987020047961052961187053448597562058146049761297471176208592249838985136535267152793028767054151456519274881726800	30202920268257714220296010089345710995565877019664095498865225749220960604015052557062743790514303797854077637293569921000870396925526515983150731521267335089025405517472896933326352035670910501680009305307357689186457723131257009509534091670430870863502598474149048398761204889656990100878052743549637756726566851031510230666221054939931799060605621094463943911105194419638882001731513889010426644375793267846557260810495756032628826988956013782537290695348254913833827203136411994037525881037405685062393130959371628628301882198404504759993802165606161360086635211164413078874791737997957985021489744885973704878149758102742381401260673795237647101650188687271254377641037407258779168285135882920771657867437611597011124697772708942925850666224984951532664947006079450463692275966986000459639782478221898975766386209552220595009727709038348845566079959719673203342514161790266638398654318298554126761023578918546057245191939675985863804730522530874132752807551370878408754793502653513802415888216681030894608073905717393695976758126693302604330411196435472663366916484300218464128272160826647113668388192541599028811149508708558654481838616686263426009184435340147904078891349352060912317754161378736021410892005833111921527972423953695929372710337971355462485328143229075148470393739631252492281193434184293925081098401982813440412987904600816504263357535589035409305656193183371853133778271783019046925324394855088256688019559471611786777698419133107038626505053571425851151090862203755723357942730145466524370265528998042780778090573788970637287706549575661236511215514414004747314293223439621855316595454625679769217223937778899922031342292757669258980877580884753778951556296269417222885824464654202223164258459185849250948515428006574889675526770970534690312843234531737831470956266964358820296790706467560531490807734538314233057569320667497412942513075090116280172524115375891644342170439102810023163566050259394640097345700614594127274542106297294394895904472247538251903497536171144828606698250639572147128772297594295523586836883401739491699980260845357123066388064977489208586994310577836958892799759400880702960079845952577545443802601695089	0,-3,-3,-3,-3,-3,-3,-3,-3,-3,-3,-3	-4,3,3,3,3,-3,-3,-3,-3,-3,-3,-3	ok
1.743744	12.552553	-18.625016	0.316784	continued:5	30202920268257714220296010089345915417147225611909418113378604349366877439094984487638255761522992367640361629501222975572114765001513417656257786740009913280952304834019711436475170842390313724444254293734480843711776537429538709547561668919200287059039991744859891010213277444908275359728865125422931753512241400849358042446737823904080713972919631600598212362999842028763234131242458990801256672761830942747871642258391868526133658792919783857418902805612232022819796697889901286980398305372855559025992798061761398835097752589090709559359386816218569370116849235186634249701214725003127922448358115788343223435584920922628336960824373286582190861922467621727795289946197926153299097752987725697470796486051904550968106710006503551173451515116542921165914730254922436136343399882797166234494365989677668678535039492454955050913626326420536742985028023947413551729152927735681023320067334346832736316443014067504016600846246024197827666959462341388758269240318803230770244407416430732624831492312471083552812024042686271483528175728216687281994430979140624865947988094800676178123330313511086274568601614224112034841610946976719637411466521305254215049137534902269357157994155930884345721744619767624514338056640866053196668083973716016059717414280021160804227359723279125475968111947905590430900416057223273828964504722006192226300196707303798381787430190393721218541450116808018659548011142574197764070616072883418708418017043034870899118174520115749603179998127499494291037942150722680408778772837156093976519864178751262013451895950969673010392024113247378066491846413579735887883104429514889461207695618030248146923323131947980632347605044560230322271924400919222951278622367474731888153647205890530872077896223682616536910420882975486153031205115334885056824875094721006189952850793278720587631742348024200780092605910299062917482561126015528802949435428383633911603240512142864590253111011306605247580352997461358329844793265966650533378104109178079571574181067665883326558511023660774251305366910551765629902618218932033613424569228396413722974207087101716115318866090565218237325060358112258275077893821434961912402480988752463525375213702493279	30202920268257714220296010089345710995565877019664095498865225749220960604015052557062743790514303797854077637293569921000870396925526515983150731521267335089025405517472896933326352035670910501680009305307357689186457723131257009509534091670430870863502598474149048398761204889656990100878052743549637756726566851031510230666221054939931799060605621094463943911105194419638882001731513889010426644375793267846557260810495756032628826988956013782537290695348254913833827203136411994037525881037405685062393130959371628628301882198404504759993802165606161360086635211164413078874791737997957985021489744885973704878149758102742381401260673795237647101650188687271254377641037407258779168285135882920771657867437611597011124697772708942925850666224984951532664947006079450463692275966986000459639782478221898975766386209552220595009727709038348845566079959719673203342514161790266638398654318298554126761023578918546057245191939675985863804730522530874132752807551370878408754793502653513802415888216681030894608073905717393695976758126693302604330411196435472663366916484300218464128272160826647113668388192541599028811149508708558654481838616686263426009184435340147904078891349352060912317754161378736021410892005833111921527972423953695929372710337971355462485328143229075148470393739631252492281193434184293925081098401982813440412987904600816504263357535589035409305656193183371853133778271783019046925324394855088256688019559471611786777698419133107038626505053571425851151090862203755723357942730145466524370265528998042780778090573788970637287706549575661236511215514414004747314293223439621855316595454625679769217223937778899922031342292757669258980877580884753778951556296269417222885824464654202223164258459185849250948515428006574889675526770970534690312843234531737831470956266964358820296790706467560531490807734538314233057569320667497412942513075090116280172524115375891644342170439102810023163566050259394640097345700614594127274542106297294394895904472247538251903497536171144828606698250639572147128772297594295523586836883401739491699980260845357123066388064977489208586994310577836958892799759400880702960079845952577545443802601695089	-1,-4,3,3,3,3,-3,-3,-3,-3,-3,-3	-4,3,3,3,3,-3,-3,-3,-3,-3,-3,-3	ok
1.747748	12.552553	-47.860480	0.319577	continued:5	30202920268257714220296010089345915417147225611909418113378604349366877439094984487638255761522992367640361629501222975572114765001513417656257786740009913280952304834019711436475170842390313724444254293734480843711776537429538709547561668919200287059039991744859891010213277444908275359728865125422931753512241400849358042446737823904080713972919631600598212362999842028763234131242458990801256672761830942747871642258391868526133658792919783857418902805612232022819796697889901286980398305372855559025992798061761398835097752589090709559359386816218569370116849235186634249701214725003127922448358115788343223435584920922628336960824373286582190861922467621727795289946197926153299097752987725697470796486051904550968106710006503551173451515116542921165914730254922436136343399882797166234494365989677668678535039492454955050913626326420536742985028023947413551729152927735681023320067334346832736316443014067504016600846246024197827666959462341388758269240318803230770244407416430732624831492312471083552812024042686271483528175728216687281994430979140624865947988094800676178123330313511086274568601614224112034841610946976719637411466521305254215049137534902269357157994155930884345721744619767624514338056640866053196668083973716016059717414280021160804227359723279125475968111947905590430900416057223273828964504722006192226300196707303798381787430190393721218541450116808018659548011142574197764070616072883418708418017043034870899118174520115749603179998127499494291037942150722680408778772837156093976519864178751262013451895950969673010392024113247378066491846413579735887883104429514889461207695618030248146923323131947980632347605044560230322271924400919222951278622367474731888153647205890530872077896223682616536910420882975486153031205115334885056824875094721006189952850793278720587631742348024200780092605910299062917482561126015528802949435428383633911603240512142864590253111011306605247580352997461358329844793265966650533378104109178079571574181067665883326558511023660774251305366910551765629902618218932033613424569228396413722974207087101716115318866090565218237325060358112258275077893821434961912402480988752463525375213702493279	30202920268257714220296010089345710995565877019664095498865225749220960604015052557062743790514303797854077637293569921000870396925526515983150731521267335089025405517472896933326352035670910501680009305307357689186457723131257009509534091670430870863502598474149048398761204889656990100878052743549637756726566851031510230666221054939931799060605621094463943911105194419638882001731513889010426644375793267846557260810495756032628826988956013782537290695348254913833827203136411994037525881037405685062393130959371628628301882198404504759993802165606161360086635211164413078874791737997957985021489744885973704878149758102742381401260673795237647101650188687271254377641037407258779168285135882920771657867437611597011124697772708942925850666224984951532664947006079450463692275966986000459639782478221898975766386209552220595009727709038348845566079959719673203342514161790266638398654318298554126761023578918546057245191939675985863804730522530874132752807551370878408754793502653513802415888216681030894608073905717393695976758126693302604330411196435472663366916484300218464128272160826647113668388192541599028811149508708558654481838616686263426009184435340147904078891349352060912317754161378736021410892005833111921527972423953695929372710337971355462485328143229075148470393739631252492281193434184293925081098401982813440412987904600816504263357535589035409305656193183371853133778271783019046925324394855088256688019559471611786777698419133107038626505053571425851151090862203755723357942730145466524370265528998042780778090573788970637287706549575661236511215514414004747314293223439621855316595454625679769217223937778899922031342292757669258980877580884753778951556296269417222885824464654202223164258459185849250948515428006574889675526770970534690312843234531737831470956266964358820296790706467560531490807734538314233057569320667497412942513075090116280172524115375891644342170439102810023163566050259394640097345700614594127274542106297294394895904472247538251903497536171144828606698250639572147128772297594295523586836883401739491699980260845357123066388064977489208586994310577836958892799759400880702960079845952577545443802601695089	-1,-4,3,3,3,3,-3,-3,-3,-3,-3,-3	-4,3,3,3,3,-3,-3,-3,-3,-3,-3,-3	ok
1.751752	12.552553	-51.851468	0.322371	continued:5	30202920268257714220296010089345915417147225611909418113378604349366877439094984487638255761522992367640361629501222975572114765001513417656257786740009913280952304834019711436475170842390313724444254293734480843711776537429538709547561668919200287059039991744859891010213277444908275359728865125422931753512241400849358042446737823904080713972919631600598212362999842028763234131242458990801256672761830942747871642258391868526133658792919783857418902805612232022819796697889901286980398305372855559025992798061761398835097752589090709559359386816218569370116849235186634249701214725003127922448358115788343223435584920922628336960824373286582190861922467621727795289946197926153299097752987725697470796486051904550968106710006503551173451515116542921165914730254922436136343399882797166234494365989677668678535039492454955050913626326420536742985028023947413551729152927735681023320067334346832736316443014067504016600846246024197827666959462341388758269240318803230770244407416430732624831492312471083552812024042686271483528175728216687281994430979140624865947988094800676185895449750094355125421334291292866972445523373426330313517951732756156096082651263767102742881322413432742523846507697181157325742803409130122115528841461316875325671014312561607852267640805104131656775575203968560596029650534535178308981013416566617299143554929018470321120813782255436352611283909421832438105844011724014623123290739016628211028992773492942374795956140956527815961301256648085091197909500635277328777302776134297570418632939711055588874617971426558634186325854929129225375633054634272620464532752908071910649511960463473785183847879395953734277768529443662684079714390664069955013612888657491491918298526509187055802097146376160305002247203064451858338789725965080295889550320426803088715783157316549769128946542181839987125386914808882535634813813780877656444130363818341880592647365817530967817635122871595224268515226722986893126326039735229536200377266491520363386836054452857307523407165171095997331616307195418331272799173573000695496680763090865538406950558492176975186421603904441609350115984659302755719262224262817380124614905598158513071357105278239	30202920268257714220296010089345710995565877019664095498865225749220960604015052557062743790514303797854077637293569921000870396925526515983150731521267335089025405517472896933326352035670910501680009305307357689186457723131257009509534091670430870863502598474149048398761204889656990100878052743549637756726566851031510230666221054939931799060605621094463943911105194419638882001731513889010426644375793267846557260810495756032628826988956013782537290695348254913833827203136411994037525881037405685062393130959371628628301882198404504759993802165606161360086635211164413078874791737997957985021489744885973704878149758102742381401260673795237647101650188687271254377641037407258779168285135882920771657867437611597011124697772708942925850666224984951532664947006079450463692275966986000459639782478221898975766386209552220595009727709038348845566079959719673203342514161790266638398654318298554126761023578918546057245191939675985863804730522530874132752807551370878408754793502653513802415888216681030894608073905717393695976758126693302604330411196435472663366916484300218464128272160826647113668388192541599028811149508708558654481838616686263426009184435340147904078891349352060912317754161378736021410892005833111921527972423953695929372710337971355462485328143229075148470393739631252492281193434184293925081098401982813440412987904600816504263357535589035409305656193183371853133778271783019046925324394855088256688019559471611786777698419133107038626505053571425851151090862203755723357942730145466524370265528998042780778090573788970637287706549575661236511215514414004747314293223439621855316595454625679769217223937778899922031342292757669258980877580884753778951556296269417222885824464654202223164258459185849250948515428006574889675526770970534690312843234531737831470956266964358820296790706467560531490807734538314233057569320667497412942513075090116280172524115375891644342170439102810023163566050259394640097345700614594127274542106297294394895904472247538251903497536171144828606698250639572147128772297594295523586836883401739491699980260845357123066388064977489208586994310577836958892799759400880702960079845952577545443802601695089	1,-4,3,3,3,3,-3,-3,-3,-3,-3,-3	-4,3,3,3,3,-3,-3,-3,-3,-3,-3,-3	ok
1.755756	12.552553	-54.224469	0.323413	continued:5	30202920268257714220296010089345710995565877019664095498865225749199342152807611938856960214582501211693450742681944830680085042776774497109079917447866900614562466173599739216008128699278025331330411443787482345010263216178424250018365361356950272463540126306018939451839865953429518165420628892996704349725994754015140261652895723373569119758386872312465651244072630423033486129783118424779941636024449580834933858749659639432027188539641503779874502364293040581406132299503788114580259630196995653459294986678977559834773739716351099705608420111251837986796626348031968014000866608586628713384207297545298449088171887600131932882351699868781777122852271066609722551828623904644422755274484025880115160997623484080629098248232200434484035103278091818472270364395774039745376164382611712153654803412565637363205817658387657233034566350569000379630206869137787144590418701826189102636872044702606880659726455787241579672819047219234215086344016037100779438207916653631425234894275572603706702340964294992488636238226053210589592207350862897214677526192387991566321770349465172207468084451337903131710193295805485339636371597741240644190710638028484880345629236616397455847164535955649177416676064328609033970525790597878462294245452734896567313544994365465990153198066320381355177387010496312607910137441987089576110711675854318739098690557797492353707662978748733398465312154982733737269413314365078565348065819952391547351862796287188707534766348116775500904086735626139365052286547363335836290917862651446059276870904293635882775004468143024439658045541509396217076765480811909579313844730341392310735165751135109457942384012631965494927514930633873494972543365917968446247159772362205704812686610553915816685329347018705791701803163962973515822662710056139062372992472205960619703178114575587168272338027510753022084369682809311224939223889166288130543390815923713636097299626107134715051956302974071715234833706968333254246523230117571519435480890650549489150559677049079824540966642488028577376759950028242928209747113485817865050782113740902613774417457833135180331947564351643035936791228206855920828623648502401052008654810108503404741741328915444	30202920268257714220296010089345710995565877019664095498865225749199342152807611938856960214582501211693450742681944830680085042776774980668935696182952798049439075990919539986833334273471961748874410331433753959771735706066235765045701292925523428667690657005726601698826566016461611591728489202097301766890603037095036997032797973793636700205664642797139854506721221838543413216788192383988326222397983337921700081448152020768763371934759822650032600964986486018307490780670125875606634284351153643846756432632094913481044087713659884383258194081067955460418847804759083248199769573940515217666332235484888686138416179361936750452173182105951966960107113988139551669765769051191870807360108991262497293355574887467064176479729193760651271693282219828544164819049948557459189553865720095824103248563383963623265287193374966930539335400458255558508195418014861501313245229212826996552814141366338770246851937647412659436164719255454929515453588413962234450479094640430005405669225089482743526590385705835525571591127059153843543491315223704492982951179489407671121923964687349338559151483124348433344940795335107466800706058198664625174935593699112783367644706024870603036127308655575546524757685627058861791296310031618318997447830789372845816597297630990909863419132466733268057702281564731485009332987124435403998545845864322191970562821270711486366795845696042729494483631633827302608228285789138302373316582030576017119138214808623644137461793180270897761655769884038493633885218004196658435081609913318382369767659056012068544455017509439252620654603020843406507219135050801394516926805858755362051197486560103696744146639258455283604845970150830588192682617522388968618218365181443137467563765627371030028964118920335456266235895371863831107810275372008279948089717644832724709127613316755226142441193921422312175167344538751677523887061430151999168525846514943096673410802894662894678827038237751787949781744880394600463481443649023112362517563658828502400273473859205478023419614185751760510063262181676887073566322058912645468965823099935434290727182033760284193700112919157623617388308654908407898063945221486371740503494053408265490006434396358	1,3,-3,-3,-3,-3,-3,-3,-3,-3,-3,-3	-4,3,3,3,-3,-3,-3,-3,-3,-3,-3,-3	ok
1.759760	12.552553	-55.572767	0.326207	continued:5	30202920268257714220296010089345710995565877019664095498865225749199342152807611938856960214582501211693450742681944830680085042776774497109079917447866900614562466173599739216008128699278025331330411443787482345010263216178424250018365361356950272463540126306018939451839865953429518165420628892996704349725994754015140261652895723373569119758386872312465651244072630423033486129783118424779941636024449580834933858749659639432027188539641503779874502364293040581406132299503788114580259630196995653459294986678977559834773739716351099704639419174908636020856909869027494102628084240761241614219102177484409073929668014262354833049264474150689205152286629387880067773343390875433565551569121278236186428221708156881250641142755437490728949576108025196029657985800793652337460877946102770881807760874669759177035252865231061550258967890304897022974937680541106620842578777527818701728345512556793465639674081551861790120857189936279538659389718355836001549683884250767744226396939114805881855883835832082929383550814199595967026876498730503949321026706056861014631758843863605397845341431880188077510630862634709982762358597933759264043980272735231793851342202096078610598726506540110914006713555865306716953116916016388739482117787877633219826057509635074354706328044870040049434082113384031176447494627509559899569709274353737804594879545294793155142005561312671860118940976156048575804570346094186688815919718740840967678604882969779685162738015187929617868603400357617911589881056128657270023007794287317827157413148304020420321951225614584113702405833499502709259977398308278956501187282083448724490854388514264699390039331708541368886212152569333275234038942792780192550108710727675347495425374206904500735048853682177505487458072709019995040356670056529621339896703515065580086586558353947987950422723021942650802445963716865279511784623016573175849337913302753769042233917959819796120441325196681683608883796829809594244212086212950387591950102568892731694303576747116037939962316393886637401527506664219191260462687231618876810092464183304636890029331132513458004271961632472732108801069677297221925022295664559896860100320681096607226683991752402	30202920268257714220296010089345710995565877019664095498865225749199342152807611938856960214582501211693450742681944830680085042776774980668935696182952798049439075990919539986833334273471961748874410331433753959771735706066235765045701292925523428667690657005726601698826566016461611591728489202097301766890603037095036997032797973793636700205664642797139854506721221838543413216788192383988326222397983337921700081448152020768763371934759822650032600964986486018307490780670125875606634284351153643846756432632094913481044087713659884383258194081067955460418847804759083248199769573940515217666332235484888686138416179361936750452173182105951966960107113988139551669765769051191870807360108991262497293355574887467064176479729193760651271693282219828544164819049948557459189553865720095824103248563383963623265287193374966930539335400458255558508195418014861501313245229212826996552814141366338770246851937647412659436164719255454929515453588413962234450479094640430005405669225089482743526590385705835525571591127059153843543491315223704492982951179489407671121923964687349338559151483124348433344940795335107466800706058198664625174935593699112783367644706024870603036127308655575546524757685627058861791296310031618318997447830789372845816597297630990909863419132466733268057702281564731485009332987124435403998545845864322191970562821270711486366795845696042729494483631633827302608228285789138302373316582030576017119138214808623644137461793180270897761655769884038493633885218004196658435081609913318382369767659056012068544455017509439252620654603020843406507219135050801394516926805858755362051197486560103696744146639258455283604845970150830588192682617522388968618218365181443137467563765627371030028964118920335456266235895371863831107810275372008279948089717644832724709127613316755226142441193921422312175167344538751677523887061430151999168525846514943096673410802894662894678827038237751787949781744880394600463481443649023112362517563658828502400273473859205478023419614185751760510063262181676887073566322058912645468965823099935434290727182033760284193700112919157623617388308654908407898063945221486371740503494053408265490006434396358	2,-3,-3,-3,-3,-3,-3,-3,-3,-3,-3,-3	-4,3,3,3,-3,-3,-3,-3,-3,-3,-3,-3	ok
1.763764	12.552553	-56.369804	0.327584	continued:5	30202920268257714220296010089345710995565877019664095498865225749199342152807611938856960214582501211693450742681944830680085042776774497109079917447866900614562466173599739216008128699278025331330411443787482345010263216178424250018365361356950272463540126306018939451839865953429518165420628892996704349725994754015140261652895723373569119758386872312465651244072630423033486129783118424779941636024449580834933858749659639432027188539641503779874502364293040581406132299503788114580259630196995653459294986678977559834773739716351099704639419174908636020856909869027494102628084240761241614219102177484409073929668014262354833049264474150689205152286629387880067773343390875433565551569121278236186428221708156881250641142755437490728949576108025196029657985800793652337460877946102770881807760874669759177035252865231061550258967890304897022974937680541106620842578777527818701728345512556793465639674081551861790120857189936279538659389718355836001549683884250767744226396939114805881855883835832082929383550814199595967026876498730503949321026706056861014631758843863605390073221995296919226657898185565981347067856670558836961015468359465882026282912315467526875540704317535189575320174283105395658063144272829959419122093985418129357872958833009957259760882256379894276739114676259332236828379996828570923500010886220574312086532429537151653877634195103768367268270107571769216592855531922572990976667480564115053192801586753437765905836135218589383044283437711706215821425679977846618239592983097099619278717998589444188219266638845909766776143049826814436365215770004213819869488757034994237992251688859590933587519990002347456630921903247869861901414525744724715357032098233486152499598615591574014580242097648143476897634559458705193190215627695410924472155463971611943925990173263028736403884608829298439900487603569152389702554894824319964044018811726940223393239344179833779543199608270238010310977178840449284460010914205028653387184932901983355723076435791590970424884692116339654854762206121641227232336219681279962754466975384233489657785238646148455652594485760866989405968596310120978903513005882236710843332432274360319549831714246000	30202920268257714220296010089345710995565877019664095498865225749199342152807611938856960214582501211693450742681944830680085042776774980668935696182952798049439075990919539986833334273471961748874410331433753959771735706066235765045701292925523428667690657005726601698826566016461611591728489202097301766890603037095036997032797973793636700205664642797139854506721221838543413216788192383988326222397983337921700081448152020768763371934759822650032600964986486018307490780670125875606634284351153643846756432632094913481044087713659884383258194081067955460418847804759083248199769573940515217666332235484888686138416179361936750452173182105951966960107113988139551669765769051191870807360108991262497293355574887467064176479729193760651271693282219828544164819049948557459189553865720095824103248563383963623265287193374966930539335400458255558508195418014861501313245229212826996552814141366338770246851937647412659436164719255454929515453588413962234450479094640430005405669225089482743526590385705835525571591127059153843543491315223704492982951179489407671121923964687349338559151483124348433344940795335107466800706058198664625174935593699112783367644706024870603036127308655575546524757685627058861791296310031618318997447830789372845816597297630990909863419132466733268057702281564731485009332987124435403998545845864322191970562821270711486366795845696042729494483631633827302608228285789138302373316582030576017119138214808623644137461793180270897761655769884038493633885218004196658435081609913318382369767659056012068544455017509439252620654603020843406507219135050801394516926805858755362051197486560103696744146639258455283604845970150830588192682617522388968618218365181443137467563765627371030028964118920335456266235895371863831107810275372008279948089717644832724709127613316755226142441193921422312175167344538751677523887061430151999168525846514943096673410802894662894678827038237751787949781744880394600463481443649023112362517563658828502400273473859205478023419614185751760510063262181676887073566322058912645468965823099935434290727182033760284193700112919157623617388308654908407898063945221486371740503494053408265490006434396358	-2,-3,-3,-3,-3,-3,-3,-3,-3,-3,-3,-3	-4,3,3,3,-3,-3,-3,-3,-3,-3,-3,-3	ok
1.767768	12.552553	-56.925954	0.330377	continued:5	30202920268257714220296010089345710995565877019664095498865225749199342152807611938856960214582501211693450742681944830680085042776774497109079917447866900614562466173599739216008128699278025331330411443787482345010263216178424250018365361356950272463540126306018939451839865953429518165420628892996704349725994754015140261652895723373569119758386872312465651244072630423033486129783118424779941636024449580834933858749659639432027188539641503779874502364293040581406132299503788114580259630196995653459294986678977559834773739716351099704639419174908636020856909869027494102628084240761241614219102177484409073929668014262354833049264474150689205152286629387880067773343390875433565551569121278236186428221708156881250641142755437490728949576108025196029657985800793652337460877946102770881807760874669759177035252865231061550258967890304897022974937680541106620842578777527818701728345512556793465639674081551861790120857189936279538659389718355836001549683884250767744226396939114805881855883835832082929383550814199595967026876498730503949321026706056861014631758843863605382301102558713650375805165508497252711373354743183914657986956446196532258714482428838975140482682128530268236633635010345484599173171629643530098762070182958625495919860156384840164815436467889748504044147239134633297209265366147581947430312498087410819578185313779510152613262828894864874417599238987489857381140717750959293137415242387389138706998290537095846648934255249249148219963475065794520052970303827035966456178171906881411400022848874867956116582052077235419849880266154126163470454141700148683237790231986539751493648989204917167785000648296153544375631653926406448568790108696669238163955485739296957503771856976243528425435341614109448307811046208390391340074585334292227604414224428158307765393788172109484857346494636654228998529243421439499893325166632066752238699710151126677744244770399847762965957891343794337013070560851088974675809742197106919182419763235073979751849294836065902909807067838792672307996905579063263204209752130941048698841486585162342425541146159783453300917009889261246703136122942944735882003716099913524826564543867624031872979436739599	30202920268257714220296010089345710995565877019664095498865225749199342152807611938856960214582501211693450742681944830680085042776774980668935696182952798049439075990919539986833334273471961748874410331433753959771735706066235765045701292925523428667690657005726601698826566016461611591728489202097301766890603037095036997032797973793636700205664642797139854506721221838543413216788192383988326222397983337921700081448152020768763371934759822650032600964986486018307490780670125875606634284351153643846756432632094913481044087713659884383258194081067955460418847804759083248199769573940515217666332235484888686138416179361936750452173182105951966960107113988139551669765769051191870807360108991262497293355574887467064176479729193760651271693282219828544164819049948557459189553865720095824103248563383963623265287193374966930539335400458255558508195418014861501313245229212826996552814141366338770246851937647412659436164719255454929515453588413962234450479094640430005405669225089482743526590385705835525571591127059153843543491315223704492982951179489407671121923964687349338559151483124348433344940795335107466800706058198664625174935593699112783367644706024870603036127308655575546524757685627058861791296310031618318997447830789372845816597297630990909863419132466733268057702281564731485009332987124435403998545845864322191970562821270711486366795845696042729494483631633827302608228285789138302373316582030576017119138214808623644137461793180270897761655769884038493633885218004196658435081609913318382369767659056012068544455017509439252620654603020843406507219135050801394516926805858755362051197486560103696744146639258455283604845970150830588192682617522388968618218365181443137467563765627371030028964118920335456266235895371863831107810275372008279948089717644832724709127613316755226142441193921422312175167344538751677523887061430151999168525846514943096673410802894662894678827038237751787949781744880394600463481443649023112362517563658828502400273473859205478023419614185751760510063262181676887073566322058912645468965823099935434290727182033760284193700112919157623617388308654908407898063945221486371740503494053408265490006434396358	1,-3,-3,-3,-3,-3,-3,-3,-3,-3,-3,-3	-4,3,3,3,-3,-3,-3,-3,-3,-3,-3,-3	ok
1.771772	12.552553	-57.310571	0.328046	continued:5	30202920268257714220296010089345710995565877019664095498865225749199342152807611938856960214582501211693450742681944830680085042776774497109079917447866900614562466173599739216008128699278025331330411443787482345010263216178424250018365361356950272463540126306018939451839865953429518165420628892996704349725994754015140261652895723373569119758386872312465651244072630423033486129783118424779941636024449580834933858749659639432027188539641503779874502364293040581406132299503788114580259630196995653459294986678977559834773739716351099704639419174908636020856909869027494102628084240761241614219102177484409073929668014262354833049264474150689205152286629387880067773343390875433565551569121278236186428221708156881250641142755437490728949576108025196029657985800793652337460877946102770881807760874669759177035252865231061550258967890304897022974937680541106620842578777527818701728345512556793465639674081551861790120857189936279538659389718355836001549683884250767744226396939114805881855883835832082929383550814199595967026876498730503949321026706056861014631758843863605382301102558713650375805165508497252711373354743183914657986956446196532258714482428838975140482682128530268236633635010345484599173171629643530098762070182958625495919860156384840164815436467889748504044147239134633297209265366147581947430312498087410819578185313779510152613262828894864874417599238987489857381140717750959293137415242387389138706998290537095846648934255249249148219963475065794520052970303827035966456178171906881411400022848874867956116582052077235419849880266154126163470454141700148683237790231986539751493648989204917167785000648296153544375631653926406448568790108696669238163955485739296957503771856976243528425435341614109448307811046208390391340074585334292227604414224428158307765393788172109484857346494636654228998529243421439499893325166632066752238699710151126677744244770399847762965957891343794337013070560851088974675809742197106919182419763235073979751849294836065902909807067838792672307996905579063263204209752130941048698841486585162342425541146159783453300917009889261246703136122942944735882003716099913524826564543867624031872979436739599	30202920268257714220296010089345710995565877019664095498865225749199342152807611938856960214582501211693450742681944830680085042776774980668935696182952798049439075990919539986833334273471961748874410331433753959771735706066235765045701292925523428667690657005726601698826566016461611591728489202097301766890603037095036997032797973793636700205664642797139854506721221838543413216788192383988326222397983337921700081448152020768763371934759822650032600964986486018307490780670125875606634284351153643846756432632094913481044087713659884383258194081067955460418847804759083248199769573940515217666332235484888686138416179361936750452173182105951966960107113988139551669765769051191870807360108991262497293355574887467064176479729193760651271693282219828544164819049948557459189553865720095824103248563383963623265287193374966930539335400458255558508195418014861501313245229212826996552814141366338770246851937647412659436164719255454929515453588413962234450479094640430005405669225089482743526590385705835525571591127059153843543491315223704492982951179489407671121923964687349338559151483124348433344940795335107466800706058198664625174935593699112783367644706024870603036127308655575546524757685627058861791296310031618318997447830789372845816597297630990909863419132466733268057702281564731485009332987124435403998545845864322191970562821270711486366795845696042729494483631633827302608228285789138302373316582030576017119138214808623644137461793180270897761655769884038493633885218004196658435081609913318382369767659056012068544455017509439252620654603020843406507219135050801394516926805858755362051197486560103696744146639258455283604845970150830588192682617522388968618218365181443137467563765627371030028964118920335456266235895371863831107810275372008279948089717644832724709127613316755226142441193921422312175167344538751677523887061430151999168525846514943096673410802894662894678827038237751787949781744880394600463481443649023112362517563658828502400273473859205478023419614185751760510063262181676887073566322058912645468965823099935434290727182033760284193700112919157623617388308654908407898063945221486371740503494053408265490006434396358	1,-3,-3,-3,-3,-3,-3,-3,-3,-3,-3,-3	-4,3,3,3,-3,-3,-3,-3,-3,-3,-3,-3	ok
1.775776	12.552553	-57.668347	0.330505	continued:5	30202920268257714220296010089345710995565877019664095498865225749199342152807611938856960214582501211693450742681944830680085042776774497109079917447866900614562466173599739216008128699278025331330411443787482345010263216178424250018365361356950272463540126306018939451839865953429518165420628892996704349725994754015140261652895723373569119758386872312465651244072630423033486129783118424779941636024449580834933858749659639432027188539641503779874502364293040581406132299503788114580259630196995653459294986678977559834773739716351099704639419174908636020856909869027494102628084240761241614219102177484409073929668014262354833049264474150689205152286629387880067773343390875433565551569121278236186428221708156881250641142755437490728949576108025196029657985800793652337460877946102770881807760874669759177035252865231061550258967890304897022974937680541106620842578777527818701728345512556793465639674081551861790120857189936279538659389718355836001549683884250767744226396939114805881855883835832082929383550814199595967026876498730503949321026706056861014631758843863605366756863685547112674099700154359795439984350888434070051929932619657832723577622655581871670366637750520425559260556464825662481393226343270671458042022578039617772013662803134605974924544890909456958654212364885235417971036104785603995290915721821083834561491082264227150084520096477057888716257501818931138957711089407731897458910766033937309735391698104412008135130495310568678571323549773971128516059551525414662889348549526444995642632549445715491911212878539886725997354698808749617680930885092018409974393181889630778496443589895569636179961964883765719865051155283479621903541274600558283777802260750918567512118339745582556115821829546041391128164019707760787639792500612054833868931745341251035444201017990270981764270266251365807194612523126013720274865710247560328628061506999499586446255622839875729811474457490906990417257324872368355107407398181263450772889423901255227809395012925015767879651819283698707214466304493907335147956817030263220587590508987020047961052961187053448597562058146049761297471176208592249838985136535267152793028767054151456519274881726800	30202920268257714220296010089345710995565877019664095498865225749199342152807611938856960214582501211693450742681944830680085042776774980668935696182952798049439075990919539986833334273471961748874410331433753959771735706066235765045701292925523428667690657005726601698826566016461611591728489202097301766890603037095036997032797973793636700205664642797139854506721221838543413216788192383988326222397983337921700081448152020768763371934759822650032600964986486018307490780670125875606634284351153643846756432632094913481044087713659884383258194081067955460418847804759083248199769573940515217666332235484888686138416179361936750452173182105951966960107113988139551669765769051191870807360108991262497293355574887467064176479729193760651271693282219828544164819049948557459189553865720095824103248563383963623265287193374966930539335400458255558508195418014861501313245229212826996552814141366338770246851937647412659436164719255454929515453588413962234450479094640430005405669225089482743526590385705835525571591127059153843543491315223704492982951179489407671121923964687349338559151483124348433344940795335107466800706058198664625174935593699112783367644706024870603036127308655575546524757685627058861791296310031618318997447830789372845816597297630990909863419132466733268057702281564731485009332987124435403998545845864322191970562821270711486366795845696042729494483631633827302608228285789138302373316582030576017119138214808623644137461793180270897761655769884038493633885218004196658435081609913318382369767659056012068544455017509439252620654603020843406507219135050801394516926805858755362051197486560103696744146639258455283604845970150830588192682617522388968618218365181443137467563765627371030028964118920335456266235895371863831107810275372008279948089717644832724709127613316755226142441193921422312175167344538751677523887061430151999168525846514943096673410802894662894678827038237751787949781744880394600463481443649023112362517563658828502400273473859205478023419614185751760510063262181676887073566322058912645468965823099935434290727182033760284193700112919157623617388308654908407898063945221486371740503494053408265490006434396358	0,-3,-3,-3,-3,-3,-3,-3,-3,-3,-3,-3	-4,3,3,3,-3,-3,-3,-3,-3,-3,-3,-3	ok
1.779780	12.552553	-57.923498	0.329797	continued:5	30202920268257714220296010089345710995565877019664095498865225749199342152807611938856960214582501211693450742681944830680085042776774497109079917447866900614562466173599739216008128699278025331330411443787482345010263216178424250018365361356950272463540126306018939451839865953429518165420628892996704349725994754015140261652895723373569119758386872312465651244072630423033486129783118424779941636024449580834933858749659639432027188539641503779874502364293040581406132299503788114580259630196995653459294986678977559834773739716351099704639419174908636020856909869027494102628084240761241614219102177484409073929668014262354833049264474150689205152286629387880067773343390875433565551569121278236186428221708156881250641142755437490728949576108025196029657985800793652337460877946102770881807760874669759177035252865231061550258967890304897022974937680541106620842578777527818701728345512556793465639674081551861790120857189936279538659389718355836001549683884250767744226396939114805881855883835832082929383550814199595967026876498730503949321026706056861014631758843863605366756863685547112674099700154359795439984350888434070051929932619657832723577622655581871670366637750520425559260556464825662481393226343270671458042022578039617772013662803134605974924544890909456958654212364885235417971036104785603995290915721821083834561491082264227150084520096477057888716257501818931138957711089407731897458910766033937309735391698104412008135130495310568678571323549773971128516059551525414662889348549526444995642632549445715491911212878539886725997354698808749617680930885092018409974393181889630778496443589895569636179961964883765719865051155283479621903541274600558283777802260750918567512118339745582556115821829546041391128164019707760787639792500612054833868931745341251035444201017990270981764270266251365807194612523126013720274865710247560328628061506999499586446255622839875729811474457490906990417257324872368355107407398181263450772889423901255227809395012925015767879651819283698707214466304493907335147956817030263220587590508987020047961052961187053448597562058146049761297471176208592249838985136535267152793028767054151456519274881726800	30202920268257714220296010089345710995565877019664095498865225749199342152807611938856960214582501211693450742681944830680085042776774980668935696182952798049439075990919539986833334273471961748874410331433753959771735706066235765045701292925523428667690657005726601698826566016461611591728489202097301766890603037095036997032797973793636700205664642797139854506721221838543413216788192383988326222397983337921700081448152020768763371934759822650032600964986486018307490780670125875606634284351153643846756432632094913481044087713659884383258194081067955460418847804759083248199769573940515217666332235484888686138416179361936750452173182105951966960107113988139551669765769051191870807360108991262497293355574887467064176479729193760651271693282219828544164819049948557459189553865720095824103248563383963623265287193374966930539335400458255558508195418014861501313245229212826996552814141366338770246851937647412659436164719255454929515453588413962234450479094640430005405669225089482743526590385705835525571591127059153843543491315223704492982951179489407671121923964687349338559151483124348433344940795335107466800706058198664625174935593699112783367644706024870603036127308655575546524757685627058861791296310031618318997447830789372845816597297630990909863419132466733268057702281564731485009332987124435403998545845864322191970562821270711486366795845696042729494483631633827302608228285789138302373316582030576017119138214808623644137461793180270897761655769884038493633885218004196658435081609913318382369767659056012068544455017509439252620654603020843406507219135050801394516926805858755362051197486560103696744146639258455283604845970150830588192682617522388968618218365181443137467563765627371030028964118920335456266235895371863831107810275372008279948089717644832724709127613316755226142441193921422312175167344538751677523887061430151999168525846514943096673410802894662894678827038237751787949781744880394600463481443649023112362517563658828502400273473859205478023419614185751760510063262181676887073566322058912645468965823099935434290727182033760284193700112919157623617388308654908407898063945221486371740503494053408265490006434396358	0,-3,-3,-3,-3,-3,-3,-3,-3,-3,-3,-3	-4,3,3,3,-3,-3,-3,-3,-3,-3,-3,-3	ok
1.783784	12.552553	-58.155714	0.329423	full	30202920268257714220296010089345710995565877019664095498865225749199342152807611938856960214582501211693450742681944830680085042776774497109079917447866900614562466173599739216008128699278025331330411443787482345010263216178424250018365361356950272463540126306018939451839865953429518165420628892996704349725994754015140261652895723373569119758386872312465651244072630423033486129783118424779941636024449580834933858749659639432027188539641503779874502364293040581406132299503788114580259630196995653459294986678977559834773739716351099704639419174908636020856909869027494102628084240761241614219102177484409073929668014262354833049264474150689205152286629387880067773343390875433565551569121278236186428221708156881250641142755437490728949576108025196029657985800793652337460877946102770881807760874669759177035252865231061550258967890304897022974937680541106620842578777527818701728345512556793465639674081551861790120857189936279538659389718355836001549683884250767744226396939114805881855883835832082929383550814199595967026876498730503949321026706056861014631758843863605366756863685547112674099700154359795439984350888434070051929932619657832723577622655581871670366637750520425559260556464825662481393226343270671458042022578039617772013662803134605974924544890909456958654212364885235417971036104785603995290915721821083834561491082264227150084520096477057888716257501818931138957711089407731897458910766033937309735391698104412008135130495310568678571323549773971128516059551525414662889348549526444995642632549445715491911212878539886725997354698808749617680930885092018409974393181889630778496443589895569636179961964883765719865051155283479621903541274600558283777802260750918567512118339745582556115821829546041391128164019707760787639792500612054833868931745341251035444201017990270981764270266251365807194612523126013720274865710247560328628061506999499586446255622839875729811474457490906990417257324872368355107407398181263450772889423901255227809395012925015767879651819283698707214466304493907335147956817030263220587590508987020047961052961187053448597562058146049761297471176208592249838985136535267152793028767054151456519274881726800	30202920268257714220296010089345710995565877019664095498865225749199342152807611938856960214582501211693450742681944830680085042776774980668935696182952798049439075990919539986833334273471961748874410331433753959771735706066235765045701292925523428667690657005726601698826566016461611591728489202097301766890603037095036997032797973793636700205664642797139854506721221838543413216788192383988326222397983337921700081448152020768763371934759822650032600964986486018307490780670125875606634284351153643846756432632094913481044087713659884383258194081067955460418847804759083248199769573940515217666332235484888686138416179361936750452173182105951966960107113988139551669765769051191870807360108991262497293355574887467064176479729193760651271693282219828544164819049948557459189553865720095824103248563383963623265287193374966930539335400458255558508195418014861501313245229212826996552814141366338770246851937647412659436164719255454929515453588413962234450479094640430005405669225089482743526590385705835525571591127059153843543491315223704492982951179489407671121923964687349338559151483124348433344940795335107466800706058198664625174935593699112783367644706024870603036127308655575546524757685627058861791296310031618318997447830789372845816597297630990909863419132466733268057702281564731485009332987124435403998545845864322191970562821270711486366795845696042729494483631633827302608228285789138302373316582030576017119138214808623644137461793180270897761655769884038493633885218004196658435081609913318382369767659056012068544455017509439252620654603020843406507219135050801394516926805858755362051197486560103696744146639258455283604845970150830588192682617522388968618218365181443137467563765627371030028964118920335456266235895371863831107810275372008279948089717644832724709127613316755226142441193921422312175167344538751677523887061430151999168525846514943096673410802894662894678827038237751787949781744880394600463481443649023112362517563658828502400273473859205478023419614185751760510063262181676887073566322058912645468965823099935434290727182033760284193700112919157623617388308654908407898063945221486371740503494053408265490006434396358	0,-3,-3,-3,-3,-3,-3,-3,-3,-3,-3,-3	-4,3,3,3,-3,-3,-3,-3,-3,-3,-3,-3	ok
1.787788	12.552553	-18.610426	0.314557	continued:5	30202920268257714220296010089345915417147225611909418113378604349366877439094984487638255761522992367640361629501222975572114765001513417656257786740009913280952304834019711436475170842390313724444254293734480843711776537429538709547561668919200287059039991744859891010213277444908275359728865125422931753512241400849358042446737823904080713972919631600598212362999842028763234131242458990801256672761830942747871642258391868526133658792919783857418902805612232022819796697889901286980398305372855559025992798061761398835097752589090709559359386816218569370116849235186634249701214725003127922448358115788343223435584920922628336960824373286582190861922467621727795289946197926153299097752987725697470796486051904550968106710006503551173451515116542921165914730254922436136343399882797166234494365989677668678535039492454955050913626326420536742985028023947413551729152927735681023320067334346832736316443014067504016600846246024197827666959462341388758269240318803230770244407416430732624831492312471083552812024042686271483528175728216687281994430979140624865947988094800676178123330313511086274568601614224112034841610946976719637411466521305254215049137534902269357157994155930884345721744619767624514338056640866053196668083973716016059717414280021160804227359723279125475968111947905590430900416057223273828964504722006192226300196707303798381787430190393721218541450116808018659548011142574197764070616072883418708418017043034870899118174520115749603179998127499494291037942150722680408778772837156093976519864178751262013451895950969673010392024113247378066491846413579735887883104429514889461207695618030248146923323131947980632347605044560230322271924400919222951278622367474731888153647205890530872077896223682616536910420882975486153031205115334885056824875094721006189952850793278720587631742348024200780092605910299062917482561126015528802949435428383633911603240512142864590253111011306605247580352997461358329844793265966650533378104109178079571574181067665883326558511023660774251305366910551765629902618218932033613424569228396413722974207087101716115318866090565218237325060358112258275077893821434961912402480988752463525375213702493279	30202920268257714220296010089345710995565877019664095498865225749199342152807611938856960214582501211693450742681944830680085042776774980668935696182952798049439075990919539986833334273471961748874410331433753959771735706066235765045701292925523428667690657005726601698826566016461611591728489202097301766890603037095036997032797973793636700205664642797139854506721221838543413216788192383988326222397983337921700081448152020768763371934759822650032600964986486018307490780670125875606634284351153643846756432632094913481044087713659884383258194081067955460418847804759083248199769573940515217666332235484888686138416179361936750452173182105951966960107113988139551669765769051191870807360108991262497293355574887467064176479729193760651271693282219828544164819049948557459189553865720095824103248563383963623265287193374966930539335400458255558508195418014861501313245229212826996552814141366338770246851937647412659436164719255454929515453588413962234450479094640430005405669225089482743526590385705835525571591127059153843543491315223704492982951179489407671121923964687349338559151483124348433344940795335107466800706058198664625174935593699112783367644706024870603036127308655575546524757685627058861791296310031618318997447830789372845816597297630990909863419132466733268057702281564731485009332987124435403998545845864322191970562821270711486366795845696042729494483631633827302608228285789138302373316582030576017119138214808623644137461793180270897761655769884038493633885218004196658435081609913318382369767659056012068544455017509439252620654603020843406507219135050801394516926805858755362051197486560103696744146639258455283604845970150830588192682617522388968618218365181443137467563765627371030028964118920335456266235895371863831107810275372008279948089717644832724709127613316755226142441193921422312175167344538751677523887061430151999168525846514943096673410802894662894678827038237751787949781744880394600463481443649023112362517563658828502400273473859205478023419614185751760510063262181676887073566322058912645468965823099935434290727182033760284193700112919157623617388308654908407898063945221486371740503494053408265490006434396358	-1,-4,3,3,3,3,-3,-3,-3,-3,-3,-3	-4,3,3,3,-3,-3,-3,-3,-3,-3,-3,-3	ok
1.791792	12.552553	-47.809612	0.317350	continued:5	30202920268257714220296010089345915417147225611909418113378604349366877439094984487638255761522992367640361629501222975572114765001513417656257786740009913280952304834019711436475170842390313724444254293734480843711776537429538709547561668919200287059039991744859891010213277444908275359728865125422931753512241400849358042446737823904080713972919631600598212362999842028763234131242458990801256672761830942747871642258391868526133658792919783857418902805612232022819796697889901286980398305372855559025992798061761398835097752589090709559359386816218569370116849235186634249701214725003127922448358115788343223435584920922628336960824373286582190861922467621727795289946197926153299097752987725697470796486051904550968106710006503551173451515116542921165914730254922436136343399882797166234494365989677668678535039492454955050913626326420536742985028023947413551729152927735681023320067334346832736316443014067504016600846246024197827666959462341388758269240318803230770244407416430732624831492312471083552812024042686271483528175728216687281994430979140624865947988094800676178123330313511086274568601614224112034841610946976719637411466521305254215049137534902269357157994155930884345721744619767624514338056640866053196668083973716016059717414280021160804227359723279125475968111947905590430900416057223273828964504722006192226300196707303798381787430190393721218541450116808018659548011142574197764070616072883418708418017043034870899118174520115749603179998127499494291037942150722680408778772837156093976519864178751262013451895950969673010392024113247378066491846413579735887883104429514889461207695618030248146923323131947980632347605044560230322271924400919222951278622367474731888153647205890530872077896223682616536910420882975486153031205115334885056824875094721006189952850793278720587631742348024200780092605910299062917482561126015528802949435428383633911603240512142864590253111011306605247580352997461358329844793265966650533378104109178079571574181067665883326558511023660774251305366910551765629902618218932033613424569228396413722974207087101716115318866090565218237325060358112258275077893821434961912402480988752463525375213702493279	30202920268257714220296010089345710995565877019664095498865225749199342152807611938856960214582501211693450742681944830680085042776774980668935696182952798049439075990919539986833334273471961748874410331433753959771735706066235765045701292925523428667690657005726601698826566016461611591728489202097301766890603037095036997032797973793636700205664642797139854506721221838543413216788192383988326222397983337921700081448152020768763371934759822650032600964986486018307490780670125875606634284351153643846756432632094913481044087713659884383258194081067955460418847804759083248199769573940515217666332235484888686138416179361936750452173182105951966960107113988139551669765769051191870807360108991262497293355574887467064176479729193760651271693282219828544164819049948557459189553865720095824103248563383963623265287193374966930539335400458255558508195418014861501313245229212826996552814141366338770246851937647412659436164719255454929515453588413962234450479094640430005405669225089482743526590385705835525571591127059153843543491315223704492982951179489407671121923964687349338559151483124348433344940795335107466800706058198664625174935593699112783367644706024870603036127308655575546524757685627058861791296310031618318997447830789372845816597297630990909863419132466733268057702281564731485009332987124435403998545845864322191970562821270711486366795845696042729494483631633827302608228285789138302373316582030576017119138214808623644137461793180270897761655769884038493633885218004196658435081609913318382369767659056012068544455017509439252620654603020843406507219135050801394516926805858755362051197486560103696744146639258455283604845970150830588192682617522388968618218365181443137467563765627371030028964118920335456266235895371863831107810275372008279948089717644832724709127613316755226142441193921422312175167344538751677523887061430151999168525846514943096673410802894662894678827038237751787949781744880394600463481443649023112362517563658828502400273473859205478023419614185751760510063262181676887073566322058912645468965823099935434290727182033760284193700112919157623617388308654908407898063945221486371740503494053408265490006434396358	-1,-4,3,3,3,3,-3,-3,-3,-3,-3,-3	-4,3,3,3,-3,-3,-3,-3,-3,-3,-3,-3	ok
1.795796	12.552553	-51.828349	0.320144	continued:5	30202920268257714220296010089345710995565877019664095498865225749220960604015052557062743790514303797854077637293569921000870396925526515983150731521267335089025405517472896933326352035670910501680009305307357689186457723131257009509534091670430870863502598474149048398761204889656990100878052743549637756726566851031510230666221054939931799060605621094463943911105194419638882001731513889010426644375793267846557260810495756032628826988956013782537290695348254913833827203136411994037525881037405685062393130959371628628301882198404504760962803101949363326026351690168886990247574105823345084186594864947383268960677538612383086600003099551566719740842927700772358009098043263923764431979589478150515130351175187740723494975819258811603061124058899600680555728609567515854667162991395060890418469231711848485311318542753907194301362725997971810652570110849997979223594604051481656177604469318276868086153708139740017842436016415375967559452944620593004078203810660304033038445981068264567170788889081366182999614172841726914182088053249045622519387891783181232772286487593353819225347289516386961708725768208390774127557061059205304598375861877964303607155284100196136752377051453662432991545301741762943558701136487345638693799213723947882092823010060597600422263088598839239996504281531472269877188116085130984036478349370028200856681124075857976841231211476246821360947167175836678602503302871227179500719530774640699988896756462180336901380134183494930776087930444590012117839623531201868862628549616614576728325664099619181707679121551710921752596907197331718422434202053356553490883330995172205909026734388347043921979868179107012430793248387553044754949281775875942932878943818546201268538970766746681171905828041388363273061273449880167438706474952127598506922036445721906443120416165614061216402572718114142156838280434557096121698390273041947814924529473497440205013774603719111775800423351645495794735463416047641768614352393669979149494383169503006433334318807684562017879167311023009720380133192820484662331606303670863533669142577621659316857831432215325554816433328163967162434177326110016876850339843504606012975858028561703717190736418398	30202920268257714220296010089345710995565877019664095498865225749199342152807611938856960214582501211693450742681944830680085042776774980668935696182952798049439075990919539986833334273471961748874410331433753959771735706066235765045701292925523428667690657005726601698826566016461611591728489202097301766890603037095036997032797973793636700205664642797139854506721221838543413216788192383988326222397983337921700081448152020768763371934759822650032600964986486018307490780670125875606634284351153643846756432632094913481044087713659884383258194081067955460418847804759083248199769573940515217666332235484888686138416179361936750452173182105951966960107113988139551669765769051191870807360108991262497293355574887467064176479729193760651271693282219828544164819049948557459189553865720095824103248563383963623265287193374966930539335400458255558508195418014861501313245229212826996552814141366338770246851937647412659436164719255454929515453588413962234450479094640430005405669225089482743526590385705835525571591127059153843543491315223704492982951179489407671121923964687349338559151483124348433344940795335107466800706058198664625174935593699112783367644706024870603036127308655575546524757685627058861791296310031618318997447830789372845816597297630990909863419132466733268057702281564731485009332987124435403998545845864322191970562821270711486366795845696042729494483631633827302608228285789138302373316582030576017119138214808623644137461793180270897761655769884038493633885218004196658435081609913318382369767659056012068544455017509439252620654603020843406507219135050801394516926805858755362051197486560103696744146639258455283604845970150830588192682617522388968618218365181443137467563765627371030028964118920335456266235895371863831107810275372008279948089717644832724709127613316755226142441193921422312175167344538751677523887061430151999168525846514943096673410802894662894678827038237751787949781744880394600463481443649023112362517563658828502400273473859205478023419614185751760510063262181676887073566322058912645468965823099935434290727182033760284193700112919157623617388308654908407898063945221486371740503494053408265490006434396358	1,-4,3,3,3,-3,-3,-3,-3,-3,-3,-3	-4,3,3,3,-3,-3,-3,-3,-3,-3,-3,-3	ok
1.799800	12.552553	-54.211740	0.320980	continued:5	30202920268257714220296010089345710995565877019664095498865225749199342152807611938856960214582501211693450742681944830680085042776774497109079917447866900614562466173599739216008128699278025331330411443787482345010263216178424250018365361356950272463540126306018939451839865953429518165420628892996704349725994754015140261652895723373569119758386872312465651244072630423033486129783118424779941636024449580834933858749659639432027188539641503779874502364293040581406132299503788114580259630196995653459294986678977559834773739716351099705608420111251837986796626348031968014000866608586628713384207297545298449088171887600131932882351699868781777122852271066609722551828623904644422755274484025880115160997623484080629098248232200434484035103278091818472270364395774039745376164382611712153654803412565637363205817658387657233034566350569000379630206869137787144590418701826189102636872044702606880659726455787241579672819047219234215086344016037100779438207916653631425234894275572603706702340964294992488636238226053210589592207350862897214677526192387991566321770349465172207468084451337903131710193295805485339636371597741240644190710638028484880345629236616397455847164535955649177416676064328609033970525790597878462294245452734896567313544994365465990153198066320381355177387010496312607910137441987089576110711675854318739098690557797492353707662978748733398465312154982733737269413314365078565348065819952391547351862796287188707534766348116775500904086735626139365052286547363335836290917862651446059276870904293635882775004468143024439658045541509396217076765480811909579313844730341392310735165751135109457942384012631965494927514930633873494972543365917968446247159772362205704812686610553915816685329347018705791701803163962973515822662710056139062372992472205960619703178114575587168272338027510753022084369682809311224939223889166288130543390815923713636097299626107134715051956302974071715234833706968333254246523230117571519435480890650549489150559677049079824540966642488028577376759950028242928209747113485817865050782113740902613774417457833135180331947564351643035936791228206855920828623648502401052008654810108503404741741328915444	30202920268257714220296010089345710995565877019664095498865225749199342152807611938856960214582501211693450742681944830680085042776774980668935696182952798049439075990919539986833334273471961748874410331433753959771735706066235765045701292925523428667690657005726601698826566016461611591728489202097301766890603037095036997032797973793636700205664642797139854506721221838543413216788192383988326222397983337921700081448152020768763371934759822650032600964986486018307490780670125875606634284351153643846756432632094913481044087713659884383258194081067955460418847804759083248199769573940515217666332235484888686138416179361936750452173182105951966960107113988139551669765769051191870807360108991262497293355574887467064176479729193760651271693282219828544164819049948557459189553865720095824103248563383963623265287193374966930539335400458255558508195418014861501313245229212826996552814141366338770246851937647412659436164719255454929515453588413962234450479094640430005405669225089482743526590385705835525571591127059153843543491315223704492982951179489407671121923964687349338559151483124348433344940795335107466800706058198664625174935593699112783367644706024870603036127308655575546524757685627058861791296310031618318997447830789372845816597297630990909863419132466733268057702281564731485009332987124435403998545845864322191970562821270711486366795845696042729494483631633827302608228285789138302373316582030576017119138214808623644137461793180270897761655769884038493633885218004196658435081609913318382369767659056012068544455017509439252620654603020843406507219135050801394516926805858755362051197486560103696744146639258455283604845970150830588192682617522388968618218365181443137467563765627371030028964118920335456266235895371863831107810275372008279948089717644832724709127613316755226142441193921422312175167344538751677523887061430151999168525846514943096673410802894662894678827038237751787949781744880394600463481443649023112362517563658828502400273473859205478023419614185751760510063262181676887073566322058912645468965823099935434290727182033760284193700112919157623617388308654908407898063945221486371740503494053408265490006434396358	1,3,-3,-3,-3,-3,-3,-3,-3,-3,-3,-3	-4,3,3,3,-3,-3,-3,-3,-3,-3,-3,-3	ok
1.803804	12.552553	-55.568829	0.323773	continued:5	30202920268257714220296010089345710995565877019664095498865225749199342152807611938856960214582501211693450742681944830680085042776774497109079917447866900614562466173599739216008128699278025331330411443787482345010263216178424250018365361356950272463540126306018939451839865953429518165420628892996704349725994754015140261652895723373569119758386872312465651244072630423033486129783118424779941636024449580834933858749659639432027188539641503779874502364293040581406132299503788114580259630196995653459294986678977559834773739716351099704639419174908636020856909869027494102628084240761241614219102177484409073929668014262354833049264474150689205152286629387880067773343390875433565551569121278236186428221708156881250641142755437490728949576108025196029657985800793652337460877946102770881807760874669759177035252865231061550258967890304897022974937680541106620842578777527818701728345512556793465639674081551861790120857189936279538659389718355836001549683884250767744226396939114805881855883835832082929383550814199595967026876498730503949321026706056861014631758843863605397845341431880188077510630862634709982762358597933759264043980272735231793851342202096078610598726506540110914006713555865306716953116916016388739482117787877633219826057509635074354706328044870040049434082113384031176447494627509559899569709274353737804594879545294793155142005561312671860118940976156048575804570346094186688815919718740840967678604882969779685162738015187929617868603400357617911589881056128657270023007794287317827157413148304020420321951225614584113702405833499502709259977398308278956501187282083448724490854388514264699390039331708541368886212152569333275234038942792780192550108710727675347495425374206904500735048853682177505487458072709019995040356670056529621339896703515065580086586558353947987950422723021942650802445963716865279511784623016573175849337913302753769042233917959819796120441325196681683608883796829809594244212086212950387591950102568892731694303576747116037939962316393886637401527506664219191260462687231618876810092464183304636890029331132513458004271961632472732108801069677297221925022295664559896860100320681096607226683991752402	30202920268257714220296010089345710995565877019664095498865225749199342152807611938856960214582501211693450742681944830680085042776774980668935696182952798049439075990919539986833334273471961748874410331433753959771735706066235765045701292925523428667690657005726601698826566016461611591728489202097301766890603037095036997032797973793636700205664642797139854506721221838543413216788192383988326222397983337921700081448152020768763371934759822650032600964986486018307490780670125875606634284351153643846756432632094913481044087713659884383258194081067955460418847804759083248199769573940515217666332235484888686138416179361936750452173182105951966960107113988139551669765769051191870807360108991262497293355574887467064176479729193760651271693282219828544164819049948557459189553865720095824103248563383963623265287193374966930539335400458255558508195418014861501313245229212826996552814141366338770246851937647412659436164719255454929515453588413962234450479094640430005405669225089482743526590385705835525571591127059153843543491315223704492982951179489407671121923964687349338559151483124348433344940795335107466800706058198664625174935593699112783367644706024870603036127308655575546524757685627058861791296310031618318997447830789372845816597297630990909863419132466733268057702281564731485009332987124435403998545845864322191970562821270711486366795845696042729494483631633827302608228285789138302373316582030576017119138214808623644137461793180270897761655769884038493633885218004196658435081609913318382369767659056012068544455017509439252620654603020843406507219135050801394516926805858755362051197486560103696744146639258455283604845970150830588192682617522388968618218365181443137467563765627371030028964118920335456266235895371863831107810275372008279948089717644832724709127613316755226142441193921422312175167344538751677523887061430151999168525846514943096673410802894662894678827038237751787949781744880394600463481443649023112362517563658828502400273473859205478023419614185751760510063262181676887073566322058912645468965823099935434290727182033760284193700112919157623617388308654908407898063945221486371740503494053408265490006434396358	2,-3,-3,-3,-3,-3,-3,-3,-3,-3,-3,-3	-4,3,3,3,-3,-3,-3,-3,-3,-3,-3,-3	ok
1.807808	12.552553	-56.369216	0.325022	continued:5	30202920268257714220296010089345710995565877019664095498865225749199342152807611938856960214582501211693450742681944830680085042776774497109079917447866900614562466173599739216008128699278025331330411443787482345010263216178424250018365361356950272463540126306018939451839865953429518165420628892996704349725994754015140261652895723373569119758386872312465651244072630423033486129783118424779941636024449580834933858749659639432027188539641503779874502364293040581406132299503788114580259630196995653459294986678977559834773739716351099704639419174908636020856909869027494102628084240761241614219102177484409073929668014262354833049264474150689205152286629387880067773343390875433565551569121278236186428221708156881250641142755437490728949576108025196029657985800793652337460877946102770881807760874669759177035252865231061550258967890304897022974937680541106620842578777527818701728345512556793465639674081551861790120857189936279538659389718355836001549683884250767744226396939114805881855883835832082929383550814199595967026876498730503949321026706056861014631758843863605390073221995296919226657898185565981347067856670558836961015468359465882026282912315467526875540704317535189575320174283105395658063144272829959419122093985418129357872958833009957259760882256379894276739114676259332236828379996828570923500010886220574312086532429537151653877634195103768367268270107571769216592855531922572990976667480564115053192801586753437765905836135218589383044283437711706215821425679977846618239592983097099619278717998589444188219266638845909766776143049826814436365215770004213819869488757034994237992251688859590933587519990002347456630921903247869861901414525744724715357032098233486152499598615591574014580242097648143476897634559458705193190215627695410924472155463971611943925990173263028736403884608829298439900487603569152389702554894824319964044018811726940223393239344179833779543199608270238010310977178840449284460010914205028653387184932901983355723076435791590970424884692116339654854762206121641227232336219681279962754466975384233489657785238646148455652594485760866989405968596310120978903513005882236710843332432274360319549831714246000	30202920268257714220296010089345710995565877019664095498865225749199342152807611938856960214582501211693450742681944830680085042776774980668935696182952798049439075990919539986833334273471961748874410331433753959771735706066235765045701292925523428667690657005726601698826566016461611591728489202097301766890603037095036997032797973793636700205664642797139854506721221838543413216788192383988326222397983337921700081448152020768763371934759822650032600964986486018307490780670125875606634284351153643846756432632094913481044087713659884383258194081067955460418847804759083248199769573940515217666332235484888686138416179361936750452173182105951966960107113988139551669765769051191870807360108991262497293355574887467064176479729193760651271693282219828544164819049948557459189553865720095824103248563383963623265287193374966930539335400458255558508195418014861501313245229212826996552814141366338770246851937647412659436164719255454929515453588413962234450479094640430005405669225089482743526590385705835525571591127059153843543491315223704492982951179489407671121923964687349338559151483124348433344940795335107466800706058198664625174935593699112783367644706024870603036127308655575546524757685627058861791296310031618318997447830789372845816597297630990909863419132466733268057702281564731485009332987124435403998545845864322191970562821270711486366795845696042729494483631633827302608228285789138302373316582030576017119138214808623644137461793180270897761655769884038493633885218004196658435081609913318382369767659056012068544455017509439252620654603020843406507219135050801394516926805858755362051197486560103696744146639258455283604845970150830588192682617522388968618218365181443137467563765627371030028964118920335456266235895371863831107810275372008279948089717644832724709127613316755226142441193921422312175167344538751677523887061430151999168525846514943096673410802894662894678827038237751787949781744880394600463481443649023112362517563658828502400273473859205478023419614185751760510063262181676887073566322058912645468965823099935434290727182033760284193700112919157623617388308654908407898063945221486371740503494053408265490006434396358	-2,-3,-3,-3,-3,-3,-3,-3,-3,-3,-3,-3	-4,3,3,3,-3,-3,-3,-3,-3,-3,-3,-3	ok
1.811812	12.552553	-56.929734	0.327816	continued:5	30202920268257714220296010089345710995565877019664095498865225749199342152807611938856960214582501211693450742681944830680085042776774497109079917447866900614562466173599739216008128699278025331330411443787482345010263216178424250018365361356950272463540126306018939451839865953429518165420628892996704349725994754015140261652895723373569119758386872312465651244072630423033486129783118424779941636024449580834933858749659639432027188539641503779874502364293040581406132299503788114580259630196995653459294986678977559834773739716351099704639419174908636020856909869027494102628084240761241614219102177484409073929668014262354833049264474150689205152286629387880067773343390875433565551569121278236186428221708156881250641142755437490728949576108025196029657985800793652337460877946102770881807760874669759177035252865231061550258967890304897022974937680541106620842578777527818701728345512556793465639674081551861790120857189936279538659389718355836001549683884250767744226396939114805881855883835832082929383550814199595967026876498730503949321026706056861014631758843863605382301102558713650375805165508497252711373354743183914657986956446196532258714482428838975140482682128530268236633635010345484599173171629643530098762070182958625495919860156384840164815436467889748504044147239134633297209265366147581947430312498087410819578185313779510152613262828894864874417599238987489857381140717750959293137415242387389138706998290537095846648934255249249148219963475065794520052970303827035966456178171906881411400022848874867956116582052077235419849880266154126163470454141700148683237790231986539751493648989204917167785000648296153544375631653926406448568790108696669238163955485739296957503771856976243528425435341614109448307811046208390391340074585334292227604414224428158307765393788172109484857346494636654228998529243421439499893325166632066752238699710151126677744244770399847762965957891343794337013070560851088974675809742197106919182419763235073979751849294836065902909807067838792672307996905579063263204209752130941048698841486585162342425541146159783453300917009889261246703136122942944735882003716099913524826564543867624031872979436739599	30202920268257714220296010089345710995565877019664095498865225749199342152807611938856960214582501211693450742681944830680085042776774980668935696182952798049439075990919539986833334273471961748874410331433753959771735706066235765045701292925523428667690657005726601698826566016461611591728489202097301766890603037095036997032797973793636700205664642797139854506721221838543413216788192383988326222397983337921700081448152020768763371934759822650032600964986486018307490780670125875606634284351153643846756432632094913481044087713659884383258194081067955460418847804759083248199769573940515217666332235484888686138416179361936750452173182105951966960107113988139551669765769051191870807360108991262497293355574887467064176479729193760651271693282219828544164819049948557459189553865720095824103248563383963623265287193374966930539335400458255558508195418014861501313245229212826996552814141366338770246851937647412659436164719255454929515453588413962234450479094640430005405669225089482743526590385705835525571591127059153843543491315223704492982951179489407671121923964687349338559151483124348433344940795335107466800706058198664625174935593699112783367644706024870603036127308655575546524757685627058861791296310031618318997447830789372845816597297630990909863419132466733268057702281564731485009332987124435403998545845864322191970562821270711486366795845696042729494483631633827302608228285789138302373316582030576017119138214808623644137461793180270897761655769884038493633885218004196658435081609913318382369767659056012068544455017509439252620654603020843406507219135050801394516926805858755362051197486560103696744146639258455283604845970150830588192682617522388968618218365181443137467563765627371030028964118920335456266235895371863831107810275372008279948089717644832724709127613316755226142441193921422312175167344538751677523887061430151999168525846514943096673410802894662894678827038237751787949781744880394600463481443649023112362517563658828502400273473859205478023419614185751760510063262181676887073566322058912645468965823099935434290727182033760284193700112919157623617388308654908407898063945221486371740503494053408265490006434396358	1,-3,-3,-3,-3,-3,-3,-3,-3,-3,-3,-3	-4,3,3,3,-3,-3,-3,-3,-3,-3,-3,-3	ok
1.815816	12.552553	-57.317425	0.325484	continued:5	30202920268257714220296010089345710995565877019664095498865225749199342152807611938856960214582501211693450742681944830680085042776774497109079917447866900614562466173599739216008128699278025331330411443787482345010263216178424250018365361356950272463540126306018939451839865953429518165420628892996704349725994754015140261652895723373569119758386872312465651244072630423033486129783118424779941636024449580834933858749659639432027188539641503779874502364293040581406132299503788114580259630196995653459294986678977559834773739716351099704639419174908636020856909869027494102628084240761241614219102177484409073929668014262354833049264474150689205152286629387880067773343390875433565551569121278236186428221708156881250641142755437490728949576108025196029657985800793652337460877946102770881807760874669759177035252865231061550258967890304897022974937680541106620842578777527818701728345512556793465639674081551861790120857189936279538659389718355836001549683884250767744226396939114805881855883835832082929383550814199595967026876498730503949321026706056861014631758843863605382301102558713650375805165508497252711373354743183914657986956446196532258714482428838975140482682128530268236633635010345484599173171629643530098762070182958625495919860156384840164815436467889748504044147239134633297209265366147581947430312498087410819578185313779510152613262828894864874417599238987489857381140717750959293137415242387389138706998290537095846648934255249249148219963475065794520052970303827035966456178171906881411400022848874867956116582052077235419849880266154126163470454141700148683237790231986539751493648989204917167785000648296153544375631653926406448568790108696669238163955485739296957503771856976243528425435341614109448307811046208390391340074585334292227604414224428158307765393788172109484857346494636654228998529243421439499893325166632066752238699710151126677744244770399847762965957891343794337013070560851088974675809742197106919182419763235073979751849294836065902909807067838792672307996905579063263204209752130941048698841486585162342425541146159783453300917009889261246703136122942944735882003716099913524826564543867624031872979436739599	30202920268257714220296010089345710995565877019664095498865225749199342152807611938856960214582501211693450742681944830680085042776774980668935696182952798049439075990919539986833334273471961748874410331433753959771735706066235765045701292925523428667690657005726601698826566016461611591728489202097301766890603037095036997032797973793636700205664642797139854506721221838543413216788192383988326222397983337921700081448152020768763371934759822650032600964986486018307490780670125875606634284351153643846756432632094913481044087713659884383258194081067955460418847804759083248199769573940515217666332235484888686138416179361936750452173182105951966960107113988139551669765769051191870807360108991262497293355574887467064176479729193760651271693282219828544164819049948557459189553865720095824103248563383963623265287193374966930539335400458255558508195418014861501313245229212826996552814141366338770246851937647412659436164719255454929515453588413962234450479094640430005405669225089482743526590385705835525571591127059153843543491315223704492982951179489407671121923964687349338559151483124348433344940795335107466800706058198664625174935593699112783367644706024870603036127308655575546524757685627058861791296310031618318997447830789372845816597297630990909863419132466733268057702281564731485009332987124435403998545845864322191970562821270711486366795845696042729494483631633827302608228285789138302373316582030576017119138214808623644137461793180270897761655769884038493633885218004196658435081609913318382369767659056012068544455017509439252620654603020843406507219135050801394516926805858755362051197486560103696744146639258455283604845970150830588192682617522388968618218365181443137467563765627371030028964118920335456266235895371863831107810275372008279948089717644832724709127613316755226142441193921422312175167344538751677523887061430151999168525846514943096673410802894662894678827038237751787949781744880394600463481443649023112362517563658828502400273473859205478023419614185751760510063262181676887073566322058912645468965823099935434290727182033760284193700112919157623617388308654908407898063945221486371740503494053408265490006434396358	1,-3,-3,-3,-3,-3,-3,-3,-3,-3,-3,-3	-4,3,3,3,-3,-3,-3,-3,-3,-3,-3,-3	ok
1.819820	12.552553	-57.678492	0.327737	continued:5	30202920268257714220296010089345710995565877019664095498865225749199342152807611938856960214582501211693450742681944830680085042776774497109079917447866900614562466173599739216008128699278025331330411443787482345010263216178424250018365361356950272463540126306018939451839865953429518165420628892996704349725994754015140261652895723373569119758386872312465651244072630423033486129783118424779941636024449580834933858749659639432027188539641503779874502364293040581406132299503788114580259630196995653459294986678977559834773739716351099704639419174908636020856909869027494102628084240761241614219102177484409073929668014262354833049264474150689205152286629387880067773343390875433565551569121278236186428221708156881250641142755437490728949576108025196029657985800793652337460877946102770881807760874669759177035252865231061550258967890304897022974937680541106620842578777527818701728345512556793465639674081551861790120857189936279538659389718355836001549683884250767744226396939114805881855883835832082929383550814199595967026876498730503949321026706056861014631758843863605366756863685547112674099700154359795439984350888434070051929932619657832723577622655581871670366637750520425559260556464825662481393226343270671458042022578039617772013662803134605974924544890909456958654212364885235417971036104785603995290915721821083834561491082264227150084520096477057888716257501818931138957711089407731897458910766033937309735391698104412008135130495310568678571323549773971128516059551525414662889348549526444995642632549445715491911212878539886725997354698808749617680930885092018409974393181889630778496443589895569636179961964883765719865051155283479621903541274600558283777802260750918567512118339745582556115821829546041391128164019707760787639792500612054833868931745341251035444201017990270981764270266251365807194612523126013720274865710247560328628061506999499586446255622839875729811474457490906990417257324872368355107407398181263450772889423901255227809395012925015767879651819283698707214466304493907335147956817030263220587590508987020047961052961187053448597562058146049761297471176208592249838985136535267152793028767054151456519274881726800	30202920268257714220296010089345710995565877019664095498865225749199342152807611938856960214582501211693450742681944830680085042776774980668935696182952798049439075990919539986833334273471961748874410331433753959771735706066235765045701292925523428667690657005726601698826566016461611591728489202097301766890603037095036997032797973793636700205664642797139854506721221838543413216788192383988326222397983337921700081448152020768763371934759822650032600964986486018307490780670125875606634284351153643846756432632094913481044087713659884383258194081067955460418847804759083248199769573940515217666332235484888686138416179361936750452173182105951966960107113988139551669765769051191870807360108991262497293355574887467064176479729193760651271693282219828544164819049948557459189553865720095824103248563383963623265287193374966930539335400458255558508195418014861501313245229212826996552814141366338770246851937647412659436164719255454929515453588413962234450479094640430005405669225089482743526590385705835525571591127059153843543491315223704492982951179489407671121923964687349338559151483124348433344940795335107466800706058198664625174935593699112783367644706024870603036127308655575546524757685627058861791296310031618318997447830789372845816597297630990909863419132466733268057702281564731485009332987124435403998545845864322191970562821270711486366795845696042729494483631633827302608228285789138302373316582030576017119138214808623644137461793180270897761655769884038493633885218004196658435081609913318382369767659056012068544455017509439252620654603020843406507219135050801394516926805858755362051197486560103696744146639258455283604845970150830588192682617522388968618218365181443137467563765627371030028964118920335456266235895371863831107810275372008279948089717644832724709127613316755226142441193921422312175167344538751677523887061430151999168525846514943096673410802894662894678827038237751787949781744880394600463481443649023112362517563658828502400273473859205478023419614185751760510063262181676887073566322058912645468965823099935434290727182033760284193700112919157623617388308654908407898063945221486371740503494053408265490006434396358	0,-3,-3,-3,-3,-3,-3,-3,-3,-3,-3,-3	-4,3,3,3,-3,-3,-3,-3,-3,-3,-3,-3	ok
1.823824	12.552553	-57.940247	0.327028	continued:5	30202920268257714220296010089345710995565877019664095498865225749199342152807611938856960214582501211693450742681944830680085042776774497109079917447866900614562466173599739216008128699278025331330411443787482345010263216178424250018365361356950272463540126306018939451839865953429518165420628892996704349725994754015140261652895723373569119758386872312465651244072630423033486129783118424779941636024449580834933858749659639432027188539641503779874502364293040581406132299503788114580259630196995653459294986678977559834773739716351099704639419174908636020856909869027494102628084240761241614219102177484409073929668014262354833049264474150689205152286629387880067773343390875433565551569121278236186428221708156881250641142755437490728949576108025196029657985800793652337460877946102770881807760874669759177035252865231061550258967890304897022974937680541106620842578777527818701728345512556793465639674081551861790120857189936279538659389718355836001549683884250767744226396939114805881855883835832082929383550814199595967026876498730503949321026706056861014631758843863605366756863685547112674099700154359795439984350888434070051929932619657832723577622655581871670366637750520425559260556464825662481393226343270671458042022578039617772013662803134605974924544890909456958654212364885235417971036104785603995290915721821083834561491082264227150084520096477057888716257501818931138957711089407731897458910766033937309735391698104412008135130495310568678571323549773971128516059551525414662889348549526444995642632549445715491911212878539886725997354698808749617680930885092018409974393181889630778496443589895569636179961964883765719865051155283479621903541274600558283777802260750918567512118339745582556115821829546041391128164019707760787639792500612054833868931745341251035444201017990270981764270266251365807194612523126013720274865710247560328628061506999499586446255622839875729811474457490906990417257324872368355107407398181263450772889423901255227809395012925015767879651819283698707214466304493907335147956817030263220587590508987020047961052961187053448597562058146049761297471176208592249838985136535267152793028767054151456519274881726800	30202920268257714220296010089345710995565877019664095498865225749199342152807611938856960214582501211693450742681944830680085042776774980668935696182952798049439075990919539986833334273471961748874410331433753959771735706066235765045701292925523428667690657005726601698826566016461611591728489202097301766890603037095036997032797973793636700205664642797139854506721221838543413216788192383988326222397983337921700081448152020768763371934759822650032600964986486018307490780670125875606634284351153643846756432632094913481044087713659884383258194081067955460418847804759083248199769573940515217666332235484888686138416179361936750452173182105951966960107113988139551669765769051191870807360108991262497293355574887467064176479729193760651271693282219828544164819049948557459189553865720095824103248563383963623265287193374966930539335400458255558508195418014861501313245229212826996552814141366338770246851937647412659436164719255454929515453588413962234450479094640430005405669225089482743526590385705835525571591127059153843543491315223704492982951179489407671121923964687349338559151483124348433344940795335107466800706058198664625174935593699112783367644706024870603036127308655575546524757685627058861791296310031618318997447830789372845816597297630990909863419132466733268057702281564731485009332987124435403998545845864322191970562821270711486366795845696042729494483631633827302608228285789138302373316582030576017119138214808623644137461793180270897761655769884038493633885218004196658435081609913318382369767659056012068544455017509439252620654603020843406507219135050801394516926805858755362051197486560103696744146639258455283604845970150830588192682617522388968618218365181443137467563765627371030028964118920335456266235895371863831107810275372008279948089717644832724709127613316755226142441193921422312175167344538751677523887061430151999168525846514943096673410802894662894678827038237751787949781744880394600463481443649023112362517563658828502400273473859205478023419614185751760510063262181676887073566322058912645468965823099935434290727182033760284193700112919157623617388308654908407898063945221486371740503494053408265490006434396358	0,-3,-3,-3,-3,-3,-3,-3,-3,-3,-3,-3	-4,3,3,3,-3,-3,-3,-3,-3,-3,-3,-3	ok
1.827828	12.552553	-58.178807	0.326655	full	30202920268257714220296010089345710995565877019664095498865225749199342152807611938856960214582501211693450742681944830680085042776774497109079917447866900614562466173599739216008128699278025331330411443787482345010263216178424250018365361356950272463540126306018939451839865953429518165420628892996704349725994754015140261652895723373569119758386872312465651244072630423033486129783118424779941636024449580834933858749659639432027188539641503779874502364293040581406132299503788114580259630196995653459294986678977559834773739716351099704639419174908636020856909869027494102628084240761241614219102177484409073929668014262354833049264474150689205152286629387880067773343390875433565551569121278236186428221708156881250641142755437490728949576108025196029657985800793652337460877946102770881807760874669759177035252865231061550258967890304897022974937680541106620842578777527818701728345512556793465639674081551861790120857189936279538659389718355836001549683884250767744226396939114805881855883835832082929383550814199595967026876498730503949321026706056861014631758843863605366756863685547112674099700154359795439984350888434070051929932619657832723577622655581871670366637750520425559260556464825662481393226343270671458042022578039617772013662803134605974924544890909456958654212364885235417971036104785603995290915721821083834561491082264227150084520096477057888716257501818931138957711089407731897458910766033937309735391698104412008135130495310568678571323549773971128516059551525414662889348549526444995642632549445715491911212878539886725997354698808749617680930885092018409974393181889630778496443589895569636179961964883765719865051155283479621903541274600558283777802260750918567512118339745582556115821829546041391128164019707760787639792500612054833868931745341251035444201017990270981764270266251365807194612523126013720274865710247560328628061506999499586446255622839875729811474457490906990417257324872368355107407398181263450772889423901255227809395012925015767879651819283698707214466304493907335147956817030263220587590508987020047961052961187053448597562058146049761297471176208592249838985136535267152793028767054151456519274881726800	30202920268257714220296010089345710995565877019664095498865225749199342152807611938856960214582501211693450742681944830680085042776774980668935696182952798049439075990919539986833334273471961748874410331433753959771735706066235765045701292925523428667690657005726601698826566016461611591728489202097301766890603037095036997032797973793636700205664642797139854506721221838543413216788192383988326222397983337921700081448152020768763371934759822650032600964986486018307490780670125875606634284351153643846756432632094913481044087713659884383258194081067955460418847804759083248199769573940515217666332235484888686138416179361936750452173182105951966960107113988139551669765769051191870807360108991262497293355574887467064176479729193760651271693282219828544164819049948557459189553865720095824103248563383963623265287193374966930539335400458255558508195418014861501313245229212826996552814141366338770246851937647412659436164719255454929515453588413962234450479094640430005405669225089482743526590385705835525571591127059153843543491315223704492982951179489407671121923964687349338559151483124348433344940795335107466800706058198664625174935593699112783367644706024870603036127308655575546524757685627058861791296310031618318997447830789372845816597297630990909863419132466733268057702281564731485009332987124435403998545845864322191970562821270711486366795845696042729494483631633827302608228285789138302373316582030576017119138214808623644137461793180270897761655769884038493633885218004196658435081609913318382369767659056012068544455017509439252620654603020843406507219135050801394516926805858755362051197486560103696744146639258455283604845970150830588192682617522388968618218365181443137467563765627371030028964118920335456266235895371863831107810275372008279948089717644832724709127613316755226142441193921422312175167344538751677523887061430151999168525846514943096673410802894662894678827038237751787949781744880394600463481443649023112362517563658828502400273473859205478023419614185751760510063262181676887073566322058912645468965823099935434290727182033760284193700112919157623617388308654908407898063945221486371740503494053408265490006434396358	0,-3,-3,-3,-3,-3,-3,-3,-3,-3,-3,-3	-4,3,3,3,-3,-3,-3,-3,-3,-3,-3,-3	ok
1.831832	12.552553	-18.620511	0.308403	continued:5	30202920268257714220296010089345710995565877019664095498865225749220960604015052557062743790514303797854077637293569921000870396925526515983150731521267335089025405517472896933326352035670910501680009305307357689186457723131257009509534091670430870863502598474149048398761204889656990100878052743549637756726566851031510230666221054939931799060605621094463943911105194419638882001731513889010426644375793267846557260810495756032628826988956013782537290695348254913833827203136411994037525881037405685062393130959371628628301882198404504760962803101949363326026351690168886990247574105823345084186594864947383268960677538612383086600003099551566719740842927700772358009098043263923764431979589478150515130351175187740723494975819258811603061124058899600680555728609567515854667162991395060890418469231711848485311318542753907194301362725997971810652570110849997979223594604051481656177604469318276868086153708139740017842436016415375967559452944620593004078203810660304033038445981068264567170788889081366182999614172841726914182088053249045622519387891783181232772286487593353811453227852933118110855993091139662138433055133684283001569863948605832997311247428062245180471605437689094856274454336720501831609251565164288976046662096865672361092274021043560765797298718936419227069792501976157764905733864427247559954916726694921628591801634225855308331491864061344127941113302829493267124652408103566823077326672576624145433736143581024369501231404318466014110893073183310007882394855985157402413423170630260096931767568343997103596353978928860687541997270861853176428409750249297980518823171939110695687391333971058524725231126504041710330327068760719115669855674355285112726403972579981226492938902574711408533317054389666380207662132009233065804967100446884193697302756326770618952715385960330453229789518614741094771980197770088685453977047330883843316762959864368746766246785391336875357155674036208523471414967639482092147203439433500129293588215243737073274502723845974340984815818515915507384915173014910497785051861639861905924945095576492115355385218041042378271615724100641221848654380189628961176402275701850351487516811987783734628656876124575	30202920268257714220296010089345710995565877019664095498865225749199342152807611938856960214582501211693450742681944830680085042776774980668935696182952798049439075990919539986833334273471961748874410331433753959771735706066235765045701292925523428667690657005726601698826566016461611591728489202097301766890603037095036997032797973793636700205664642797139854506721221838543413216788192383988326222397983337921700081448152020768763371934759822650032600964986486018307490780670125875606634284351153643846756432632094913481044087713659884383258194081067955460418847804759083248199769573940515217666332235484888686138416179361936750452173182105951966960107113988139551669765769051191870807360108991262497293355574887467064176479729193760651271693282219828544164819049948557459189553865720095824103248563383963623265287193374966930539335400458255558508195418014861501313245229212826996552814141366338770246851937647412659436164719255454929515453588413962234450479094640430005405669225089482743526590385705835525571591127059153843543491315223704492982951179489407671121923964687349338559151483124348433344940795335107466800706058198664625174935593699112783367644706024870603036127308655575546524757685627058861791296310031618318997447830789372845816597297630990909863419132466733268057702281564731485009332987124435403998545845864322191970562821270711486366795845696042729494483631633827302608228285789138302373316582030576017119138214808623644137461793180270897761655769884038493633885218004196658435081609913318382369767659056012068544455017509439252620654603020843406507219135050801394516926805858755362051197486560103696744146639258455283604845970150830588192682617522388968618218365181443137467563765627371030028964118920335456266235895371863831107810275372008279948089717644832724709127613316755226142441193921422312175167344538751677523887061430151999168525846514943096673410802894662894678827038237751787949781744880394600463481443649023112362517563658828502400273473859205478023419614185751760510063262181676887073566322058912645468965823099935434290727182033760284193700112919157623617388308654908407898063945221486371740503494053408265490006434396358	-1,-4,3,3,3,-3,-3,-3,-3,-3,-3,-3	-4,3,3,3,-3,-3,-3,-3,-3,-3,-3,-3	ok
1.835836	12.552553	-48.311279	0.311196	continued:5	30202920268257714220296010089345710995565877019664095498865225749220960604015052557062743790514303797854077637293569921000870396925526515983150731521267335089025405517472896933326352035670910501680009305307357689186457723131257009509534091670430870863502598474149048398761204889656990100878052743549637756726566851031510230666221054939931799060605621094463943911105194419638882001731513889010426644375793267846557260810495756032628826988956013782537290695348254913833827203136411994037525881037405685062393130959371628628301882198404504760962803101949363326026351690168886990247574105823345084186594864947383268960677538612383086600003099551566719740842927700772358009098043263923764431979589478150515130351175187740723494975819258811603061124058899600680555728609567515854667162991395060890418469231711848485311318542753907194301362725997971810652570110849997979223594604051481656177604469318276868086153708139740017842436016415375967559452944620593004078203810660304033038445981068264567170788889081366182999614172841726914182088053249045622519387891783181232772286487593353811453227852933118110855993091139662138433055133684283001569863948605832997311247428062245180471605437689094856274454336720501831609251565164288976046662096865672361092274021043560765797298718936419227069792501976157764905733864427247559954916726694921628591801634225855308331491864061344127941113302829493267124652408103566823077326672576624145433736143581024369501231404318466014110893073183310007882394855985157402413423170630260096931767568343997103596353978928860687541997270861853176428409750249297980518823171939110695687391333971058524725231126504041710330327068760719115669855674355285112726403972579981226492938902574711408533317054389666380207662132009233065804967100446884193697302756326770618952715385960330453229789518614741094771980197770088685453977047330883843316762959864368746766246785391336875357155674036208523471414967639482092147203439433500129293588215243737073274502723845974340984815818515915507384915173014910497785051861639861905924945095576492115355385218041042378271615724100641221848654380189628961176402275701850351487516811987783734628656876124575	30202920268257714220296010089345710995565877019664095498865225749199342152807611938856960214582501211693450742681944830680085042776774980668935696182952798049439075990919539986833334273471961748874410331433753959771735706066235765045701292925523428667690657005726601698826566016461611591728489202097301766890603037095036997032797973793636700205664642797139854506721221838543413216788192383988326222397983337921700081448152020768763371934759822650032600964986486018307490780670125875606634284351153643846756432632094913481044087713659884383258194081067955460418847804759083248199769573940515217666332235484888686138416179361936750452173182105951966960107113988139551669765769051191870807360108991262497293355574887467064176479729193760651271693282219828544164819049948557459189553865720095824103248563383963623265287193374966930539335400458255558508195418014861501313245229212826996552814141366338770246851937647412659436164719255454929515453588413962234450479094640430005405669225089482743526590385705835525571591127059153843543491315223704492982951179489407671121923964687349338559151483124348433344940795335107466800706058198664625174935593699112783367644706024870603036127308655575546524757685627058861791296310031618318997447830789372845816597297630990909863419132466733268057702281564731485009332987124435403998545845864322191970562821270711486366795845696042729494483631633827302608228285789138302373316582030576017119138214808623644137461793180270897761655769884038493633885218004196658435081609913318382369767659056012068544455017509439252620654603020843406507219135050801394516926805858755362051197486560103696744146639258455283604845970150830588192682617522388968618218365181443137467563765627371030028964118920335456266235895371863831107810275372008279948089717644832724709127613316755226142441193921422312175167344538751677523887061430151999168525846514943096673410802894662894678827038237751787949781744880394600463481443649023112362517563658828502400273473859205478023419614185751760510063262181676887073566322058912645468965823099935434290727182033760284193700112919157623617388308654908407898063945221486371740503494053408265490006434396358	-1,-4,3,3,3,-3,-3,-3,-3,-3,-3,-3	-4,3,3,3,-3,-3,-3,-3,-3,-3,-3,-3	ok
1.839840	12.552553	-52.211509	0.313114	continued:5	30202920268257714220296010089345710995565877019664095498865225749220960604015052557062743790514303797854077637293569921000870396925526515983150731521267335089025405517472896933326352035670910501680009305307357689186457723131257009509534091670430870863502598474149048398761204889656990100878052743549637756726566851031510230666221054939931799060605621094463943911105194419638882001731513889010426644375793267846557260810495756032628826988956013782537290695348254913833827203136411994037525881037405685062393130959371628628301882198404504760962803101949363326026351690168886990247574105823345084186594864947383268960677538612383086600003099551566719740842927700772358009098043263923764431979589478150515130351175187740723494975819258811603061124058899600680555728609567515854667162991395060890418469231711848485311318542753907194301362725997971810652570110849997979223594604051481656177604469318276868086153708139740017842436016415375967559452944620593004078203810660304033038445981068264567170788889081366182999614172841726914182088053249045622519387891783181232772286487593353819225347289516386961708725768208390774127557061059205304598375861877964303607155284100196136752377051453662432991545301741762943558701136487345638693799213723947882092823010060597600422263088598839239996504281531472269877188116085130984036478349370028200856681124075857976841231211476246821360947167175836678602503302871227179500719530774640699988896756462180336901380134183494930776087930444590012117839623531201868862628549616614576728325664099619181707679121551710921752596907197331718422434202053356553490883330995172205909026734388347043921979868179107012430793248387553044754949281775875942932878943818546201268538970766746681171905828041388363273061273449880167438706474952127598506922036445721906443120416165614061216402572718114142156838280434557096121698390273041947814924529473497440205013774603719111775800423351645495794735463416047641768614352393669979149494383169503006433334318807684562017879167311023009720380133192820484662331606303670863533669142577621659316857831432215325554816433328163967162434177326110016876850339843504606012975858028561703717190736418398	30202920268257714220296010089345710995565877019664095498865225749199342152807611938856960214582501211693450742681944830680085042776774980668935696182952798049439075990919539986833334273471961748874410331433753959771735706066235765045701292925523428667690657005726601698826566016461611591728489202097301766890603037095036997032797973793636700205664642797139854506721221838543413216788192383988326222397983337921700081448152020768763371934759822650032600964986486018307490780670125875606634284351153643846756432632094913481044087713659884383258194081067955460418847804759083248199769573940515217666332235484888686138416179361936750452173182105951966960107113988139551669765769051191870807360108991262497293355574887467064176479729193760651271693282219828544164819049948557459189553865720095824103248563383963623265287193374966930539335400458255558508195418014861501313245229212826996552814141366338770246851937647412659436164719255454929515453588413962234450479094640430005405669225089482743526590385705835525571591127059153843543491315223704492982951179489407671121923964687349338559151483124348433344940795335107466800706058198664625174935593699112783367644706024870603036127308655575546524757685627058861791296310031618318997447830789372845816597297630990909863419132466733268057702281564731485009332987124435403998545845864322191970562821270711486366795845696042729494483631633827302608228285789138302373316582030576017119138214808623644137461793180270897761655769884038493633885218004196658435081609913318382369767659056012068544455017509439252620654603020843406507219135050801394516926805858755362051197486560103696744146639258455283604845970150830588192682617522388968618218365181443137467563765627371030028964118920335456266235895371863831107810275372008279948089717644832724709127613316755226142441193921422312175167344538751677523887061430151999168525846514943096673410802894662894678827038237751787949781744880394600463481443649023112362517563658828502400273473859205478023419614185751760510063262181676887073566322058912645468965823099935434290727182033760284193700112919157623617388308654908407898063945221486371740503494053408265490006434396358	1,-4,3,3,3,-3,-3,-3,-3,-3,-3,-3	-4,3,3,3,-3,-3,-3,-3,-3,-3,-3,-3	ok
1.843844	12.552553	-54.544801	0.315573	continued:5	30202920268257714220296010089345710995565877019664095498865225749199342152807611938856960214582501211693450742681944830680085042776774497109079917447866900614562466173599739216008128699278025331330411443787482345010263216178424250018365361356950272463540126306018939451839865953429518165420628892996704349725994754015140261652895723373569119758386872312465651244072630423033486129783118424779941636024449580834933858749659639432027188539641503779874502364293040581406132299503788114580259630196995653459294986678977559834773739716351099704639419174908636020856909869027494102628084240761241614219102177484409073929668014262354833049264474150689205152286629387880067773343390875433565551569121278236186428221708156881250641142755437490728949576108025196029657985800793652337460877946102770881807760874669759177035252865231061550258967890304897022974937680541106620842578777527818701728345512556793465639674081551861790120857189936279538659389718355836001549683884250767744226396939114805881855883835832082929383550814199595967026876498730503949321026706056861014631758843863605382301102558713650375805165508497252711373354743183914657986956446196532258714482428838975140482682128530268236633635010345484599173171629643530098762070182958625495919860156384840164815436467889748504044147239134633297209265366147581947430312498087410819578185313779510152613262828894864874417599238987489857381140717750959293137415242387389138706998290537095846648934255249249148219963475065794520052970303827035966456178171906881411400022848874867956116582052077235419849880266154126163470454141700148683237790231986539751493648989204917167785000648296153544375631653926406448568790108696669238163955485739296957503771856976243528425435341614109448307811046208390391340074585334292227604414224428158307765393788172109484857346494636654228998529243421439499893325166632066752238699710151126677744244770399847762965957891343794337013070560851088974675809742197106919182419763235073979751849294836065902909807067838792672307996905579063263204209752130941048698841486585162342425541146159783453300917009889261246703136122942944735882003716099913524826564543867624031872979436739599	30202920268257714220296010089345710995565877019664095498865225749199342152807611938856960214582501211693450742681944830680085042776774980668935696182952798049439075990919539986833334273471961748874410331433753959771735706066235765045701292925523428667690657005726601698826566016461611591728489202097301766890603037095036997032797973793636700205664642797139854506721221838543413216788192383988326222397983337921700081448152020768763371934759822650032600964986486018307490780670125875606634284351153643846756432632094913481044087713659884383258194081067955460418847804759083248199769573940515217666332235484888686138416179361936750452173182105951966960107113988139551669765769051191870807360108991262497293355574887467064176479729193760651271693282219828544164819049948557459189553865720095824103248563383963623265287193374966930539335400458255558508195418014861501313245229212826996552814141366338770246851937647412659436164719255454929515453588413962234450479094640430005405669225089482743526590385705835525571591127059153843543491315223704492982951179489407671121923964687349338559151483124348433344940795335107466800706058198664625174935593699112783367644706024870603036127308655575546524757685627058861791296310031618318997447830789372845816597297630990909863419132466733268057702281564731485009332987124435403998545845864322191970562821270711486366795845696042729494483631633827302608228285789138302373316582030576017119138214808623644137461793180270897761655769884038493633885218004196658435081609913318382369767659056012068544455017509439252620654603020843406507219135050801394516926805858755362051197486560103696744146639258455283604845970150830588192682617522388968618218365181443137467563765627371030028964118920335456266235895371863831107810275372008279948089717644832724709127613316755226142441193921422312175167344538751677523887061430151999168525846514943096673410802894662894678827038237751787949781744880394600463481443649023112362517563658828502400273473859205478023419614185751760510063262181676887073566322058912645468965823099935434290727182033760284193700112919157623617388308654908407898063945221486371740503494053408265490006434396358	1,-3,-3,-3,-3,-3,-3,-3,-3,-3,-3,-3	-4,3,3,3,-3,-3,-3,-3,-3,-3,-3,-3	ok
1.847848	12.552553	-55.827177	0.318366	continued:5	30202920268257714220296010089345710995565877019664095498865225749199342152807611938856960214582501211693450742681944830680085042776774497109079917447866900614562466173599739216008128699278025331330411443787482345010263216178424250018365361356950272463540126306018939451839865953429518165420628892996704349725994754015140261652895723373569119758386872312465651244072630423033486129783118424779941636024449580834933858749659639432027188539641503779874502364293040581406132299503788114580259630196995653459294986678977559834773739716351099704639419174908636020856909869027494102628084240761241614219102177484409073929668014262354833049264474150689205152286629387880067773343390875433565551569121278236186428221708156881250641142755437490728949576108025196029657985800793652337460877946102770881807760874669759177035252865231061550258967890304897022974937680541106620842578777527818701728345512556793465639674081551861790120857189936279538659389718355836001549683884250767744226396939114805881855883835832082929383550814199595967026876498730503949321026706056861014631758843863605397845341431880188077510630862634709982762358597933759264043980272735231793851342202096078610598726506540110914006713555865306716953116916016388739482117787877633219826057509635074354706328044870040049434082113384031176447494627509559899569709274353737804594879545294793155142005561312671860118940976156048575804570346094186688815919718740840967678604882969779685162738015187929617868603400357617911589881056128657270023007794287317827157413148304020420321951225614584113702405833499502709259977398308278956501187282083448724490854388514264699390039331708541368886212152569333275234038942792780192550108710727675347495425374206904500735048853682177505487458072709019995040356670056529621339896703515065580086586558353947987950422723021942650802445963716865279511784623016573175849337913302753769042233917959819796120441325196681683608883796829809594244212086212950387591950102568892731694303576747116037939962316393886637401527506664219191260462687231618876810092464183304636890029331132513458004271961632472732108801069677297221925022295664559896860100320681096607226683991752402	30202920268257714220296010089345710995565877019664095498865225749199342152807611938856960214582501211693450742681944830680085042776774980668935696182952798049439075990919539986833334273471961748874410331433753959771735706066235765045701292925523428667690657005726601698826566016461611591728489202097301766890603037095036997032797973793636700205664642797139854506721221838543413216788192383988326222397983337921700081448152020768763371934759822650032600964986486018307490780670125875606634284351153643846756432632094913481044087713659884383258194081067955460418847804759083248199769573940515217666332235484888686138416179361936750452173182105951966960107113988139551669765769051191870807360108991262497293355574887467064176479729193760651271693282219828544164819049948557459189553865720095824103248563383963623265287193374966930539335400458255558508195418014861501313245229212826996552814141366338770246851937647412659436164719255454929515453588413962234450479094640430005405669225089482743526590385705835525571591127059153843543491315223704492982951179489407671121923964687349338559151483124348433344940795335107466800706058198664625174935593699112783367644706024870603036127308655575546524757685627058861791296310031618318997447830789372845816597297630990909863419132466733268057702281564731485009332987124435403998545845864322191970562821270711486366795845696042729494483631633827302608228285789138302373316582030576017119138214808623644137461793180270897761655769884038493633885218004196658435081609913318382369767659056012068544455017509439252620654603020843406507219135050801394516926805858755362051197486560103696744146639258455283604845970150830588192682617522388968618218365181443137467563765627371030028964118920335456266235895371863831107810275372008279948089717644832724709127613316755226142441193921422312175167344538751677523887061430151999168525846514943096673410802894662894678827038237751787949781744880394600463481443649023112362517563658828502400273473859205478023419614185751760510063262181676887073566322058912645468965823099935434290727182033760284193700112919157623617388308654908407898063945221486371740503494053408265490006434396358	2,-3,-3,-3,-3,-3,-3,-3,-3,-3,-3,-3	-4,3,3,3,-3,-3,-3,-3,-3,-3,-3,-3	ok
1.851852	12.552553	-56.612709	0.321160	continued:5	30202920268257714220296010089345710995565877019664095498865225749199342152807611938856960214582501211693450742681944830680085042776774497109079917447866900614562466173599739216008128699278025331330411443787482345010263216178424250018365361356950272463540126306018939451839865953429518165420628892996704349725994754015140261652895723373569119758386872312465651244072630423033486129783118424779941636024449580834933858749659639432027188539641503779874502364293040581406132299503788114580259630196995653459294986678977559834773739716351099704639419174908636020856909869027494102628084240761241614219102177484409073929668014262354833049264474150689205152286629387880067773343390875433565551569121278236186428221708156881250641142755437490728949576108025196029657985800793652337460877946102770881807760874669759177035252865231061550258967890304897022974937680541106620842578777527818701728345512556793465639674081551861790120857189936279538659389718355836001549683884250767744226396939114805881855883835832082929383550814199595967026876498730503949321026706056861014631758843863605390073221995296919226657898185565981347067856670558836961015468359465882026282912315467526875540704317535189575320174283105395658063144272829959419122093985418129357872958833009957259760882256379894276739114676259332236828379996828570923500010886220574312086532429537151653877634195103768367268270107571769216592855531922572990976667480564115053192801586753437765905836135218589383044283437711706215821425679977846618239592983097099619278717998589444188219266638845909766776143049826814436365215770004213819869488757034994237992251688859590933587519990002347456630921903247869861901414525744724715357032098233486152499598615591574014580242097648143476897634559458705193190215627695410924472155463971611943925990173263028736403884608829298439900487603569152389702554894824319964044018811726940223393239344179833779543199608270238010310977178840449284460010914205028653387184932901983355723076435791590970424884692116339654854762206121641227232336219681279962754466975384233489657785238646148455652594485760866989405968596310120978903513005882236710843332432274360319549831714246000	30202920268257714220296010089345710995565877019664095498865225749199342152807611938856960214582501211693450742681944830680085042776774980668935696182952798049439075990919539986833334273471961748874410331433753959771735706066235765045701292925523428667690657005726601698826566016461611591728489202097301766890603037095036997032797973793636700205664642797139854506721221838543413216788192383988326222397983337921700081448152020768763371934759822650032600964986486018307490780670125875606634284351153643846756432632094913481044087713659884383258194081067955460418847804759083248199769573940515217666332235484888686138416179361936750452173182105951966960107113988139551669765769051191870807360108991262497293355574887467064176479729193760651271693282219828544164819049948557459189553865720095824103248563383963623265287193374966930539335400458255558508195418014861501313245229212826996552814141366338770246851937647412659436164719255454929515453588413962234450479094640430005405669225089482743526590385705835525571591127059153843543491315223704492982951179489407671121923964687349338559151483124348433344940795335107466800706058198664625174935593699112783367644706024870603036127308655575546524757685627058861791296310031618318997447830789372845816597297630990909863419132466733268057702281564731485009332987124435403998545845864322191970562821270711486366795845696042729494483631633827302608228285789138302373316582030576017119138214808623644137461793180270897761655769884038493633885218004196658435081609913318382369767659056012068544455017509439252620654603020843406507219135050801394516926805858755362051197486560103696744146639258455283604845970150830588192682617522388968618218365181443137467563765627371030028964118920335456266235895371863831107810275372008279948089717644832724709127613316755226142441193921422312175167344538751677523887061430151999168525846514943096673410802894662894678827038237751787949781744880394600463481443649023112362517563658828502400273473859205478023419614185751760510063262181676887073566322058912645468965823099935434290727182033760284193700112919157623617388308654908407898063945221486371740503494053408265490006434396358	-2,-3,-3,-3,-3,-3,-3,-3,-3,-3,-3,-3	-4,3,3,3,-3,-3,-3,-3,-3,-3,-3,-3	ok
1.855856	12.552553	-57.149535	0.323953	continued:5	30202920268257714220296010089345710995565877019664095498865225749199342152807611938856960214582501211693450742681944830680085042776774497109079917447866900614562466173599739216008128699278025331330411443787482345010263216178424250018365361356950272463540126306018939451839865953429518165420628892996704349725994754015140261652895723373569119758386872312465651244072630423033486129783118424779941636024449580834933858749659639432027188539641503779874502364293040581406132299503788114580259630196995653459294986678977559834773739716351099704639419174908636020856909869027494102628084240761241614219102177484409073929668014262354833049264474150689205152286629387880067773343390875433565551569121278236186428221708156881250641142755437490728949576108025196029657985800793652337460877946102770881807760874669759177035252865231061550258967890304897022974937680541106620842578777527818701728345512556793465639674081551861790120857189936279538659389718355836001549683884250767744226396939114805881855883835832082929383550814199595967026876498730503949321026706056861014631758843863605382301102558713650375805165508497252711373354743183914657986956446196532258714482428838975140482682128530268236633635010345484599173171629643530098762070182958625495919860156384840164815436467889748504044147239134633297209265366147581947430312498087410819578185313779510152613262828894864874417599238987489857381140717750959293137415242387389138706998290537095846648934255249249148219963475065794520052970303827035966456178171906881411400022848874867956116582052077235419849880266154126163470454141700148683237790231986539751493648989204917167785000648296153544375631653926406448568790108696669238163955485739296957503771856976243528425435341614109448307811046208390391340074585334292227604414224428158307765393788172109484857346494636654228998529243421439499893325166632066752238699710151126677744244770399847762965957891343794337013070560851088974675809742197106919182419763235073979751849294836065902909807067838792672307996905579063263204209752130941048698841486585162342425541146159783453300917009889261246703136122942944735882003716099913524826564543867624031872979436739599	30202920268257714220296010089345710995565877019664095498865225749199342152807611938856960214582501211693450742681944830680085042776774980668935696182952798049439075990919539986833334273471961748874410331433753959771735706066235765045701292925523428667690657005726601698826566016461611591728489202097301766890603037095036997032797973793636700205664642797139854506721221838543413216788192383988326222397983337921700081448152020768763371934759822650032600964986486018307490780670125875606634284351153643846756432632094913481044087713659884383258194081067955460418847804759083248199769573940515217666332235484888686138416179361936750452173182105951966960107113988139551669765769051191870807360108991262497293355574887467064176479729193760651271693282219828544164819049948557459189553865720095824103248563383963623265287193374966930539335400458255558508195418014861501313245229212826996552814141366338770246851937647412659436164719255454929515453588413962234450479094640430005405669225089482743526590385705835525571591127059153843543491315223704492982951179489407671121923964687349338559151483124348433344940795335107466800706058198664625174935593699112783367644706024870603036127308655575546524757685627058861791296310031618318997447830789372845816597297630990909863419132466733268057702281564731485009332987124435403998545845864322191970562821270711486366795845696042729494483631633827302608228285789138302373316582030576017119138214808623644137461793180270897761655769884038493633885218004196658435081609913318382369767659056012068544455017509439252620654603020843406507219135050801394516926805858755362051197486560103696744146639258455283604845970150830588192682617522388968618218365181443137467563765627371030028964118920335456266235895371863831107810275372008279948089717644832724709127613316755226142441193921422312175167344538751677523887061430151999168525846514943096673410802894662894678827038237751787949781744880394600463481443649023112362517563658828502400273473859205478023419614185751760510063262181676887073566322058912645468965823099935434290727182033760284193700112919157623617388308654908407898063945221486371740503494053408265490006434396358	1,-3,-3,-3,-3,-3,-3,-3,-3,-3,-3,-3	-4,3,3,3,-3,-3,-3,-3,-3,-3,-3,-3	ok
1.859860	12.552553	-57.527233	0.322163	continued:5	30202920268257714220296010089345710995565877019664095498865225749199342152807611938856960214582501211693450742681944830680085042776774497109079917447866900614562466173599739216008128699278025331330411443787482345010263216178424250018365361356950272463540126306018939451839865953429518165420628892996704349725994754015140261652895723373569119758386872312465651244072630423033486129783118424779941636024449580834933858749659639432027188539641503779874502364293040581406132299503788114580259630196995653459294986678977559834773739716351099704639419174908636020856909869027494102628084240761241614219102177484409073929668014262354833049264474150689205152286629387880067773343390875433565551569121278236186428221708156881250641142755437490728949576108025196029657985800793652337460877946102770881807760874669759177035252865231061550258967890304897022974937680541106620842578777527818701728345512556793465639674081551861790120857189936279538659389718355836001549683884250767744226396939114805881855883835832082929383550814199595967026876498730503949321026706056861014631758843863605382301102558713650375805165508497252711373354743183914657986956446196532258714482428838975140482682128530268236633635010345484599173171629643530098762070182958625495919860156384840164815436467889748504044147239134633297209265366147581947430312498087410819578185313779510152613262828894864874417599238987489857381140717750959293137415242387389138706998290537095846648934255249249148219963475065794520052970303827035966456178171906881411400022848874867956116582052077235419849880266154126163470454141700148683237790231986539751493648989204917167785000648296153544375631653926406448568790108696669238163955485739296957503771856976243528425435341614109448307811046208390391340074585334292227604414224428158307765393788172109484857346494636654228998529243421439499893325166632066752238699710151126677744244770399847762965957891343794337013070560851088974675809742197106919182419763235073979751849294836065902909807067838792672307996905579063263204209752130941048698841486585162342425541146159783453300917009889261246703136122942944735882003716099913524826564543867624031872979436739599	30202920268257714220296010089345710995565877019664095498865225749199342152807611938856960214582501211693450742681944830680085042776774980668935696182952798049439075990919539986833334273471961748874410331433753959771735706066235765045701292925523428667690657005726601698826566016461611591728489202097301766890603037095036997032797973793636700205664642797139854506721221838543413216788192383988326222397983337921700081448152020768763371934759822650032600964986486018307490780670125875606634284351153643846756432632094913481044087713659884383258194081067955460418847804759083248199769573940515217666332235484888686138416179361936750452173182105951966960107113988139551669765769051191870807360108991262497293355574887467064176479729193760651271693282219828544164819049948557459189553865720095824103248563383963623265287193374966930539335400458255558508195418014861501313245229212826996552814141366338770246851937647412659436164719255454929515453588413962234450479094640430005405669225089482743526590385705835525571591127059153843543491315223704492982951179489407671121923964687349338559151483124348433344940795335107466800706058198664625174935593699112783367644706024870603036127308655575546524757685627058861791296310031618318997447830789372845816597297630990909863419132466733268057702281564731485009332987124435403998545845864322191970562821270711486366795845696042729494483631633827302608228285789138302373316582030576017119138214808623644137461793180270897761655769884038493633885218004196658435081609913318382369767659056012068544455017509439252620654603020843406507219135050801394516926805858755362051197486560103696744146639258455283604845970150830588192682617522388968618218365181443137467563765627371030028964118920335456266235895371863831107810275372008279948089717644832724709127613316755226142441193921422312175167344538751677523887061430151999168525846514943096673410802894662894678827038237751787949781744880394600463481443649023112362517563658828502400273473859205478023419614185751760510063262181676887073566322058912645468965823099935434290727182033760284193700112919157623617388308654908407898063945221486371740503494053408265490006434396358	1,-3,-3,-3,-3,-3,-3,-3,-3,-3,-3,-3	-4,3,3,3,-3,-3,-3,-3,-3,-3,-3,-3	ok
1.863864	12.552553	-57.876341	0.320914	continued:5	30202920268257714220296010089345710995565877019664095498865225749199342152807611938856960214582501211693450742681944830680085042776774497109079917447866900614562466173599739216008128699278025331330411443787482345010263216178424250018365361356950272463540126306018939451839865953429518165420628892996704349725994754015140261652895723373569119758386872312465651244072630423033486129783118424779941636024449580834933858749659639432027188539641503779874502364293040581406132299503788114580259630196995653459294986678977559834773739716351099704639419174908636020856909869027494102628084240761241614219102177484409073929668014262354833049264474150689205152286629387880067773343390875433565551569121278236186428221708156881250641142755437490728949576108025196029657985800793652337460877946102770881807760874669759177035252865231061550258967890304897022974937680541106620842578777527818701728345512556793465639674081551861790120857189936279538659389718355836001549683884250767744226396939114805881855883835832082929383550814199595967026876498730503949321026706056861014631758843863605382301102558713650375805165508497252711373354743183914657986956446196532258714482428838975140482682128530268236633635010345484599173171629643530098762070182958625495919860156384840164815436467889748504044147239134633297209265366147581947430312498087410819578185313779510152613262828894864874417599238987489857381140717750959293137415242387389138706998290537095846648934255249249148219963475065794520052970303827035966456178171906881411400022848874867956116582052077235419849880266154126163470454141700148683237790231986539751493648989204917167785000648296153544375631653926406448568790108696669238163955485739296957503771856976243528425435341614109448307811046208390391340074585334292227604414224428158307765393788172109484857346494636654228998529243421439499893325166632066752238699710151126677744244770399847762965957891343794337013070560851088974675809742197106919182419763235073979751849294836065902909807067838792672307996905579063263204209752130941048698841486585162342425541146159783453300917009889261246703136122942944735882003716099913524826564543867624031872979436739599	30202920268257714220296010089345710995565877019664095498865225749199342152807611938856960214582501211693450742681944830680085042776774980668935696182952798049439075990919539986833334273471961748874410331433753959771735706066235765045701292925523428667690657005726601698826566016461611591728489202097301766890603037095036997032797973793636700205664642797139854506721221838543413216788192383988326222397983337921700081448152020768763371934759822650032600964986486018307490780670125875606634284351153643846756432632094913481044087713659884383258194081067955460418847804759083248199769573940515217666332235484888686138416179361936750452173182105951966960107113988139551669765769051191870807360108991262497293355574887467064176479729193760651271693282219828544164819049948557459189553865720095824103248563383963623265287193374966930539335400458255558508195418014861501313245229212826996552814141366338770246851937647412659436164719255454929515453588413962234450479094640430005405669225089482743526590385705835525571591127059153843543491315223704492982951179489407671121923964687349338559151483124348433344940795335107466800706058198664625174935593699112783367644706024870603036127308655575546524757685627058861791296310031618318997447830789372845816597297630990909863419132466733268057702281564731485009332987124435403998545845864322191970562821270711486366795845696042729494483631633827302608228285789138302373316582030576017119138214808623644137461793180270897761655769884038493633885218004196658435081609913318382369767659056012068544455017509439252620654603020843406507219135050801394516926805858755362051197486560103696744146639258455283604845970150830588192682617522388968618218365181443137467563765627371030028964118920335456266235895371863831107810275372008279948089717644832724709127613316755226142441193921422312175167344538751677523887061430151999168525846514943096673410802894662894678827038237751787949781744880394600463481443649023112362517563658828502400273473859205478023419614185751760510063262181676887073566322058912645468965823099935434290727182033760284193700112919157623617388308654908407898063945221486371740503494053408265490006434396358	1,-3,-3,-3,-3,-3,-3,-3,-3,-3,-3,-3	-4,3,3,3,-3,-3,-3,-3,-3,-3,-3,-3	ok
1.867868	12.552553	-58.200121	0.321081	full	30202920268257714220296010089345710995565877019664095498865225749199342152807611938856960214582501211693450742681944830680085042776774497109079917447866900614562466173599739216008128699278025331330411443787482345010263216178424250018365361356950272463540126306018939451839865953429518165420628892996704349725994754015140261652895723373569119758386872312465651244072630423033486129783118424779941636024449580834933858749659639432027188539641503779874502364293040581406132299503788114580259630196995653459294986678977559834773739716351099704639419174908636020856909869027494102628084240761241614219102177484409073929668014262354833049264474150689205152286629387880067773343390875433565551569121278236186428221708156881250641142755437490728949576108025196029657985800793652337460877946102770881807760874669759177035252865231061550258967890304897022974937680541106620842578777527818701728345512556793465639674081551861790120857189936279538659389718355836001549683884250767744226396939114805881855883835832082929383550814199595967026876498730503949321026706056861014631758843863605382301102558713650375805165508497252711373354743183914657986956446196532258714482428838975140482682128530268236633635010345484599173171629643530098762070182958625495919860156384840164815436467889748504044147239134633297209265366147581947430312498087410819578185313779510152613262828894864874417599238987489857381140717750959293137415242387389138706998290537095846648934255249249148219963475065794520052970303827035966456178171906881411400022848874867956116582052077235419849880266154126163470454141700148683237790231986539751493648989204917167785000648296153544375631653926406448568790108696669238163955485739296957503771856976243528425435341614109448307811046208390391340074585334292227604414224428158307765393788172109484857346494636654228998529243421439499893325166632066752238699710151126677744244770399847762965957891343794337013070560851088974675809742197106919182419763235073979751849294836065902909807067838792672307996905579063263204209752130941048698841486585162342425541146159783453300917009889261246703136122942944735882003716099913524826564543867624031872979436739599	30202920268257714220296010089345710995565877019664095498865225749199342152807611938856960214582501211693450742681944830680085042776774980668935696182952798049439075990919539986833334273471961748874410331433753959771735706066235765045701292925523428667690657005726601698826566016461611591728489202097301766890603037095036997032797973793636700205664642797139854506721221838543413216788192383988326222397983337921700081448152020768763371934759822650032600964986486018307490780670125875606634284351153643846756432632094913481044087713659884383258194081067955460418847804759083248199769573940515217666332235484888686138416179361936750452173182105951966960107113988139551669765769051191870807360108991262497293355574887467064176479729193760651271693282219828544164819049948557459189553865720095824103248563383963623265287193374966930539335400458255558508195418014861501313245229212826996552814141366338770246851937647412659436164719255454929515453588413962234450479094640430005405669225089482743526590385705835525571591127059153843543491315223704492982951179489407671121923964687349338559151483124348433344940795335107466800706058198664625174935593699112783367644706024870603036127308655575546524757685627058861791296310031618318997447830789372845816597297630990909863419132466733268057702281564731485009332987124435403998545845864322191970562821270711486366795845696042729494483631633827302608228285789138302373316582030576017119138214808623644137461793180270897761655769884038493633885218004196658435081609913318382369767659056012068544455017509439252620654603020843406507219135050801394516926805858755362051197486560103696744146639258455283604845970150830588192682617522388968618218365181443137467563765627371030028964118920335456266235895371863831107810275372008279948089717644832724709127613316755226142441193921422312175167344538751677523887061430151999168525846514943096673410802894662894678827038237751787949781744880394600463481443649023112362517563658828502400273473859205478023419614185751760510063262181676887073566322058912645468965823099935434290727182033760284193700112919157623617388308654908407898063945221486371740503494053408265490006434396358	1,-3,-3,-3,-3,-3,-3,-3,-3,-3,-3,-3	-4,3,3,3,-3,-3,-3,-3,-3,-3,-3,-3	ok
1.871872	12.552553	-17.501724	0.300139	continued:5	30202920268257714220296010089345710995565877019664095498865225749220960604015052557062743790514303797854077637293569921000870396925526515983150731521267335089025405517472896933326352035670910501680009305307357689186457723131257009509534091670430870863502598474149048398761204889656990100878052743549637756726566851031510230666221054939931799060605621094463943911105194419638882001731513889010426644375793267846557260810495756032628826988956013782537290695348254913833827203136411994037525881037405685062393130959371628628301882198404504760962803101949363326026351690168886990247574105823345084186594864947383268960677538612383086600003099551566719740842927700772358009098043263923764431979589478150515130351175187740723494975819258811603061124058899600680555728609567515854667162991395060890418469231711848485311318542753907194301362725997971810652570110849997979223594604051481656177604469318276868086153708139740017842436016415375967559452944620593004078203810660304033038445981068264567170788889081366182999614172841726914182088053249045622519387891783181232772286487593353811453227852933118110855993091139662138433055133684283001569863948605832997311247428062245180471605437689094856274454336720501831609251565164288976046662096865672361092274021043560765797298718936419227069792501976157764905733864427247559954916726694921628591801634225855308331491864061344127941113302829493267124652408103566823077326672576624145433736143581024369501231404318466014110893073183310007882394855985157402413423170630260096931767568343997103596353978928860687541997270861853176428409750249297980518823171939110695687391333971058524725231126504041710330327068760719115669855674355285112726403972579981226492938902574711408533317054389666380207662132009233065804967100446884193697302756326770618952715385960330453229789518614741094771980197770088685453977047330883843316762959864368746766246785391336875357155674036208523471414967639482092147203439433500129293588215243737073274502723845974340984815818515915507384915173014910497785051861639861905924945095576492115355385218041042378271615724100641221848654380189628961176402275701850351487516811987783734628656876124575	30202920268257714220296010089345710995565877019664095498865225749199342152807611938856960214582501211693450742681944830680085042776774980668935696182952798049439075990919539986833334273471961748874410331433753959771735706066235765045701292925523428667690657005726601698826566016461611591728489202097301766890603037095036997032797973793636700205664642797139854506721221838543413216788192383988326222397983337921700081448152020768763371934759822650032600964986486018307490780670125875606634284351153643846756432632094913481044087713659884383258194081067955460418847804759083248199769573940515217666332235484888686138416179361936750452173182105951966960107113988139551669765769051191870807360108991262497293355574887467064176479729193760651271693282219828544164819049948557459189553865720095824103248563383963623265287193374966930539335400458255558508195418014861501313245229212826996552814141366338770246851937647412659436164719255454929515453588413962234450479094640430005405669225089482743526590385705835525571591127059153843543491315223704492982951179489407671121923964687349338559151483124348433344940795335107466800706058198664625174935593699112783367644706024870603036127308655575546524757685627058861791296310031618318997447830789372845816597297630990909863419132466733268057702281564731485009332987124435403998545845864322191970562821270711486366795845696042729494483631633827302608228285789138302373316582030576017119138214808623644137461793180270897761655769884038493633885218004196658435081609913318382369767659056012068544455017509439252620654603020843406507219135050801394516926805858755362051197486560103696744146639258455283604845970150830588192682617522388968618218365181443137467563765627371030028964118920335456266235895371863831107810275372008279948089717644832724709127613316755226142441193921422312175167344538751677523887061430151999168525846514943096673410802894662894678827038237751787949781744880394600463481443649023112362517563658828502400273473859205478023419614185751760510063262181676887073566322058912645468965823099935434290727182033760284193700112919157623617388308654908407898063945221486371740503494053408265490006434396358	-1,-4,3,3,3,-3,-3,-3,-3,-3,-3,-3	-4,3,3,3,-3,-3,-3,-3,-3,-3,-3,-3	ok
1.875876	12.552553	-17.499658	0.299765	continued:5	30202920268257714220296010089345710995565877019664095498865225749220960604015052557062743790514303797854077637293569921000870396925526515983150731521267335089025405517472896933326352035670910501680009305307357689186457723131257009509534091670430870863502598474149048398761204889656990100878052743549637756726566851031510230666221054939931799060605621094463943911105194419638882001731513889010426644375793267846557260810495756032628826988956013782537290695348254913833827203136411994037525881037405685062393130959371628628301882198404504760962803101949363326026351690168886990247574105823345084186594864947383268960677538612383086600003099551566719740842927700772358009098043263923764431979589478150515130351175187740723494975819258811603061124058899600680555728609567515854667162991395060890418469231711848485311318542753907194301362725997971810652570110849997979223594604051481656177604469318276868086153708139740017842436016415375967559452944620593004078203810660304033038445981068264567170788889081366182999614172841726914182088053249045622519387891783181232772286487593353811453227852933118110855993091139662138433055133684283001569863948605832997311247428062245180471605437689094856274454336720501831609251565164288976046662096865672361092274021043560765797298718936419227069792501976157764905733864427247559954916726694921628591801634225855308331491864061344127941113302829493267124652408103566823077326672576624145433736143581024369501231404318466014110893073183310007882394855985157402413423170630260096931767568343997103596353978928860687541997270861853176428409750249297980518823171939110695687391333971058524725231126504041710330327068760719115669855674355285112726403972579981226492938902574711408533317054389666380207662132009233065804967100446884193697302756326770618952715385960330453229789518614741094771980197770088685453977047330883843316762959864368746766246785391336875357155674036208523471414967639482092147203439433500129293588215243737073274502723845974340984815818515915507384915173014910497785051861639861905924945095576492115355385218041042378271615724100641221848654380189628961176402275701850351487516811987783734628656876124575	30202920268257714220296010089345710995565877019664095498865225749199342152807611938856960214582501211693450742681944830680085042776774980668935696182952798049439075990919539986833334273471961748874410331433753959771735706066235765045701292925523428667690657005726601698826566016461611591728489202097301766890603037095036997032797973793636700205664642797139854506721221838543413216788192383988326222397983337921700081448152020768763371934759822650032600964986486018307490780670125875606634284351153643846756432632094913481044087713659884383258194081067955460418847804759083248199769573940515217666332235484888686138416179361936750452173182105951966960107113988139551669765769051191870807360108991262497293355574887467064176479729193760651271693282219828544164819049948557459189553865720095824103248563383963623265287193374966930539335400458255558508195418014861501313245229212826996552814141366338770246851937647412659436164719255454929515453588413962234450479094640430005405669225089482743526590385705835525571591127059153843543491315223704492982951179489407671121923964687349338559151483124348433344940795335107466800706058198664625174935593699112783367644706024870603036127308655575546524757685627058861791296310031618318997447830789372845816597297630990909863419132466733268057702281564731485009332987124435403998545845864322191970562821270711486366795845696042729494483631633827302608228285789138302373316582030576017119138214808623644137461793180270897761655769884038493633885218004196658435081609913318382369767659056012068544455017509439252620654603020843406507219135050801394516926805858755362051197486560103696744146639258455283604845970150830588192682617522388968618218365181443137467563765627371030028964118920335456266235895371863831107810275372008279948089717644832724709127613316755226142441193921422312175167344538751677523887061430151999168525846514943096673410802894662894678827038237751787949781744880394600463481443649023112362517563658828502400273473859205478023419614185751760510063262181676887073566322058912645468965823099935434290727182033760284193700112919157623617388308654908407898063945221486371740503494053408265490006434396358	-1,-4,3,3,3,-3,-3,-3,-3,-3,-3,-3	-4,3,3,3,-3,-3,-3,-3,-3,-3,-3,-3	ok
1.879880	12.552553	-17.498736	0.299598	continued:5	30202920268257714220296010089345710995565877019664095498865225749220960604015052557062743790514303797854077637293569921000870396925526515983150731521267335089025405517472896933326352035670910501680009305307357689186457723131257009509534091670430870863502598474149048398761204889656990100878052743549637756726566851031510230666221054939931799060605621094463943911105194419638882001731513889010426644375793267846557260810495756032628826988956013782537290695348254913833827203136411994037525881037405685062393130959371628628301882198404504760962803101949363326026351690168886990247574105823345084186594864947383268960677538612383086600003099551566719740842927700772358009098043263923764431979589478150515130351175187740723494975819258811603061124058899600680555728609567515854667162991395060890418469231711848485311318542753907194301362725997971810652570110849997979223594604051481656177604469318276868086153708139740017842436016415375967559452944620593004078203810660304033038445981068264567170788889081366182999614172841726914182088053249045622519387891783181232772286487593353811453227852933118110855993091139662138433055133684283001569863948605832997311247428062245180471605437689094856274454336720501831609251565164288976046662096865672361092274021043560765797298718936419227069792501976157764905733864427247559954916726694921628591801634225855308331491864061344127941113302829493267124652408103566823077326672576624145433736143581024369501231404318466014110893073183310007882394855985157402413423170630260096931767568343997103596353978928860687541997270861853176428409750249297980518823171939110695687391333971058524725231126504041710330327068760719115669855674355285112726403972579981226492938902574711408533317054389666380207662132009233065804967100446884193697302756326770618952715385960330453229789518614741094771980197770088685453977047330883843316762959864368746766246785391336875357155674036208523471414967639482092147203439433500129293588215243737073274502723845974340984815818515915507384915173014910497785051861639861905924945095576492115355385218041042378271615724100641221848654380189628961176402275701850351487516811987783734628656876124575	30202920268257714220296010089345710995565877019664095498865225749199342152807611938856960214582501211693450742681944830680085042776774980668935696182952798049439075990919539986833334273471961748874410331433753959771735706066235765045701292925523428667690657005726601698826566016461611591728489202097301766890603037095036997032797973793636700205664642797139854506721221838543413216788192383988326222397983337921700081448152020768763371934759822650032600964986486018307490780670125875606634284351153643846756432632094913481044087713659884383258194081067955460418847804759083248199769573940515217666332235484888686138416179361936750452173182105951966960107113988139551669765769051191870807360108991262497293355574887467064176479729193760651271693282219828544164819049948557459189553865720095824103248563383963623265287193374966930539335400458255558508195418014861501313245229212826996552814141366338770246851937647412659436164719255454929515453588413962234450479094640430005405669225089482743526590385705835525571591127059153843543491315223704492982951179489407671121923964687349338559151483124348433344940795335107466800706058198664625174935593699112783367644706024870603036127308655575546524757685627058861791296310031618318997447830789372845816597297630990909863419132466733268057702281564731485009332987124435403998545845864322191970562821270711486366795845696042729494483631633827302608228285789138302373316582030576017119138214808623644137461793180270897761655769884038493633885218004196658435081609913318382369767659056012068544455017509439252620654603020843406507219135050801394516926805858755362051197486560103696744146639258455283604845970150830588192682617522388968618218365181443137467563765627371030028964118920335456266235895371863831107810275372008279948089717644832724709127613316755226142441193921422312175167344538751677523887061430151999168525846514943096673410802894662894678827038237751787949781744880394600463481443649023112362517563658828502400273473859205478023419614185751760510063262181676887073566322058912645468965823099935434290727182033760284193700112919157623617388308654908407898063945221486371740503494053408265490006434396358	-1,-4,3,3,3,-3,-3,-3,-3,-3,-3,-3	-4,3,3,3,-3,-3,-3,-3,-3,-3,-3,-3	ok
1.883884	12.552553	-17.496668	0.299224	continued:5	30202920268257714220296010089345710995565877019664095498865225749220960604015052557062743790514303797854077637293569921000870396925526515983150731521267335089025405517472896933326352035670910501680009305307357689186457723131257009509534091670430870863502598474149048398761204889656990100878052743549637756726566851031510230666221054939931799060605621094463943911105194419638882001731513889010426644375793267846557260810495756032628826988956013782537290695348254913833827203136411994037525881037405685062393130959371628628301882198404504760962803101949363326026351690168886990247574105823345084186594864947383268960677538612383086600003099551566719740842927700772358009098043263923764431979589478150515130351175187740723494975819258811603061124058899600680555728609567515854667162991395060890418469231711848485311318542753907194301362725997971810652570110849997979223594604051481656177604469318276868086153708139740017842436016415375967559452944620593004078203810660304033038445981068264567170788889081366182999614172841726914182088053249045622519387891783181232772286487593353811453227852933118110855993091139662138433055133684283001569863948605832997311247428062245180471605437689094856274454336720501831609251565164288976046662096865672361092274021043560765797298718936419227069792501976157764905733864427247559954916726694921628591801634225855308331491864061344127941113302829493267124652408103566823077326672576624145433736143581024369501231404318466014110893073183310007882394855985157402413423170630260096931767568343997103596353978928860687541997270861853176428409750249297980518823171939110695687391333971058524725231126504041710330327068760719115669855674355285112726403972579981226492938902574711408533317054389666380207662132009233065804967100446884193697302756326770618952715385960330453229789518614741094771980197770088685453977047330883843316762959864368746766246785391336875357155674036208523471414967639482092147203439433500129293588215243737073274502723845974340984815818515915507384915173014910497785051861639861905924945095576492115355385218041042378271615724100641221848654380189628961176402275701850351487516811987783734628656876124575	30202920268257714220296010089345710995565877019664095498865225749199342152807611938856960214582501211693450742681944830680085042776774980668935696182952798049439075990919539986833334273471961748874410331433753959771735706066235765045701292925523428667690657005726601698826566016461611591728489202097301766890603037095036997032797973793636700205664642797139854506721221838543413216788192383988326222397983337921700081448152020768763371934759822650032600964986486018307490780670125875606634284351153643846756432632094913481044087713659884383258194081067955460418847804759083248199769573940515217666332235484888686138416179361936750452173182105951966960107113988139551669765769051191870807360108991262497293355574887467064176479729193760651271693282219828544164819049948557459189553865720095824103248563383963623265287193374966930539335400458255558508195418014861501313245229212826996552814141366338770246851937647412659436164719255454929515453588413962234450479094640430005405669225089482743526590385705835525571591127059153843543491315223704492982951179489407671121923964687349338559151483124348433344940795335107466800706058198664625174935593699112783367644706024870603036127308655575546524757685627058861791296310031618318997447830789372845816597297630990909863419132466733268057702281564731485009332987124435403998545845864322191970562821270711486366795845696042729494483631633827302608228285789138302373316582030576017119138214808623644137461793180270897761655769884038493633885218004196658435081609913318382369767659056012068544455017509439252620654603020843406507219135050801394516926805858755362051197486560103696744146639258455283604845970150830588192682617522388968618218365181443137467563765627371030028964118920335456266235895371863831107810275372008279948089717644832724709127613316755226142441193921422312175167344538751677523887061430151999168525846514943096673410802894662894678827038237751787949781744880394600463481443649023112362517563658828502400273473859205478023419614185751760510063262181676887073566322058912645468965823099935434290727182033760284193700112919157623617388308654908407898063945221486371740503494053408265490006434396358	-1,-4,3,3,3,-3,-3,-3,-3,-3,-3,-3	-4,3,3,3,-3,-3,-3,-3,-3,-3,-3,-3	ok
1.887888	12.552553	-17.495748	0.299057	continued:5	30202920268257714220296010089345710995565877019664095498865225749220960604015052557062743790514303797854077637293569921000870396925526515983150731521267335089025405517472896933326352035670910501680009305307357689186457723131257009509534091670430870863502598474149048398761204889656990100878052743549637756726566851031510230666221054939931799060605621094463943911105194419638882001731513889010426644375793267846557260810495756032628826988956013782537290695348254913833827203136411994037525881037405685062393130959371628628301882198404504760962803101949363326026351690168886990247574105823345084186594864947383268960677538612383086600003099551566719740842927700772358009098043263923764431979589478150515130351175187740723494975819258811603061124058899600680555728609567515854667162991395060890418469231711848485311318542753907194301362725997971810652570110849997979223594604051481656177604469318276868086153708139740017842436016415375967559452944620593004078203810660304033038445981068264567170788889081366182999614172841726914182088053249045622519387891783181232772286487593353811453227852933118110855993091139662138433055133684283001569863948605832997311247428062245180471605437689094856274454336720501831609251565164288976046662096865672361092274021043560765797298718936419227069792501976157764905733864427247559954916726694921628591801634225855308331491864061344127941113302829493267124652408103566823077326672576624145433736143581024369501231404318466014110893073183310007882394855985157402413423170630260096931767568343997103596353978928860687541997270861853176428409750249297980518823171939110695687391333971058524725231126504041710330327068760719115669855674355285112726403972579981226492938902574711408533317054389666380207662132009233065804967100446884193697302756326770618952715385960330453229789518614741094771980197770088685453977047330883843316762959864368746766246785391336875357155674036208523471414967639482092147203439433500129293588215243737073274502723845974340984815818515915507384915173014910497785051861639861905924945095576492115355385218041042378271615724100641221848654380189628961176402275701850351487516811987783734628656876124575	30202920268257714220296010089345710995565877019664095498865225749199342152807611938856960214582501211693450742681944830680085042776774497109079917447866900614562466173599739216008128699278025331330411443787482345010263216178424250018365361356950272463540126306018939452323739143596039358945798055801236801280464807334967408674623567635159501444847428299040045275375015573627088906550740194213318215358665649340175457594333913840164029769665189212067649243131533893227925012361338087753336439526556145784122326885055133446097194404044786132205304544207938781649587484380043637858918572330140114923465303252343759198986767930963092374858054417728161261345708442402298524765027534562413211552281198850211153393798900006730353456535518559497323465584770904564700863193722838843939597809277315068629154216908084914398325905254273895647861295365352941011860010042434288428966105874018775333265034883920789766721908400656563120234662673145312287207159725428443288733270970031400103723180278371912955497116527278264984289552421767512945911398083370476424729825616933965100403045620347699872101360098155312954598540665299105388600534612439763637697611241452056099601935301995929711956133312277162158335466344399478729964743044565597821601963583203905197750384611131435107032283677403536820905322012711526106895577317131743928329254803554385514930215840337051063416539413620519955355948055148805120373479397665352333354704389707998546712932643508014782226127547899970626107071421188465344700181181027212516081871117691244015567539003118218435981554067265903595384633920395666732543872006380961493817790765181594167353639695319526527909137808611275677990058572151356886845488010397305943295289372994738013629353637797728288088962770394296342478189646927690213715364257074913868556389189197147717773366567339892956502261015012364247355698774997471499876146826345056447101698934262608484364916882109407641385169123450744933436258325713914610581476551013472708530676055222955424842102413841564927164038391352672633803791258638073986044284289402513882876523018528661347921708575275931087488592930796984586005235857025374089143303755092182817395051393319241670112127485071	-1,-4,3,3,3,-3,-3,-3,-3,-3,-3,-3	-4,3,3,-3,-3,-3,-3,-3,-3,-3,-3,-3	ok
1.891892	12.552553	-17.494827	0.298890	continued:5	30202920268257714220296010089345710995565877019664095498865225749220960604015052557062743790514303797854077637293569921000870396925526515983150731521267335089025405517472896933326352035670910501680009305307357689186457723131257009509534091670430870863502598474149048398761204889656990100878052743549637756726566851031510230666221054939931799060605621094463943911105194419638882001731513889010426644375793267846557260810495756032628826988956013782537290695348254913833827203136411994037525881037405685062393130959371628628301882198404504760962803101949363326026351690168886990247574105823345084186594864947383268960677538612383086600003099551566719740842927700772358009098043263923764431979589478150515130351175187740723494975819258811603061124058899600680555728609567515854667162991395060890418469231711848485311318542753907194301362725997971810652570110849997979223594604051481656177604469318276868086153708139740017842436016415375967559452944620593004078203810660304033038445981068264567170788889081366182999614172841726914182088053249045622519387891783181232772286487593353811453227852933118110855993091139662138433055133684283001569863948605832997311247428062245180471605437689094856274454336720501831609251565164288976046662096865672361092274021043560765797298718936419227069792501976157764905733864427247559954916726694921628591801634225855308331491864061344127941113302829493267124652408103566823077326672576624145433736143581024369501231404318466014110893073183310007882394855985157402413423170630260096931767568343997103596353978928860687541997270861853176428409750249297980518823171939110695687391333971058524725231126504041710330327068760719115669855674355285112726403972579981226492938902574711408533317054389666380207662132009233065804967100446884193697302756326770618952715385960330453229789518614741094771980197770088685453977047330883843316762959864368746766246785391336875357155674036208523471414967639482092147203439433500129293588215243737073274502723845974340984815818515915507384915173014910497785051861639861905924945095576492115355385218041042378271615724100641221848654380189628961176402275701850351487516811987783734628656876124575	30202920268257714220296010089345710995565877019664095498865225749199342152807611938856960214582501211693450742681944830680085042776774497109079917447866900614562466173599739216008128699278025331330411443787482345010263216178424250018365361356950272463540126306018939452323739143596039358945798055801236801280464807334967408674623567635159501444847428299040045275375015573627088906550740194213318215358665649340175457594333913840164029769665189212067649243131533893227925012361338087753336439526556145784122326885055133446097194404044786132205304544207938781649587484380043637858918572330140114923465303252343759198986767930963092374858054417728161261345708442402298524765027534562413211552281198850211153393798900006730353456535518559497323465584770904564700863193722838843939597809277315068629154216908084914398325905254273895647861295365352941011860010042434288428966105874018775333265034883920789766721908400656563120234662673145312287207159725428443288733270970031400103723180278371912955497116527278264984289552421767512945911398083370476424729825616933965100403045620347699872101360098155312954598540665299105388600534612439763637697611241452056099601935301995929711956133312277162158335466344399478729964743044565597821601963583203905197750384611131435107032283677403536820905322012711526106895577317131743928329254803554385514930215840337051063416539413620519955355948055148805120373479397665352333354704389707998546712932643508014782226127547899970626107071421188465344700181181027212516081871117691244015567539003118218435981554067265903595384633920395666732543872006380961493817790765181594167353639695319526527909137808611275677990058572151356886845488010397305943295289372994738013629353637797728288088962770394296342478189646927690213715364257074913868556389189197147717773366567339892956502261015012364247355698774997471499876146826345056447101698934262608484364916882109407641385169123450744933436258325713914610581476551013472708530676055222955424842102413841564927164038391352672633803791258638073986044284289402513882876523018528661347921708575275931087488592930796984586005235857025374089143303755092182817395051393319241670112127485071	-1,-4,3,3,3,-3,-3,-3,-3,-3,-3,-3	-4,3,3,-3,-3,-3,-3,-3,-3,-3,-3,-3	ok
1.895896	12.552553	-17.493906	0.298722	continued:5	30202920268257714220296010089345710995565877019664095498865225749220960604015052557062743790514303797854077637293569921000870396925526515983150731521267335089025405517472896933326352035670910501680009305307357689186457723131257009509534091670430870863502598474149048398761204889656990100878052743549637756726566851031510230666221054939931799060605621094463943911105194419638882001731513889010426644375793267846557260810495756032628826988956013782537290695348254913833827203136411994037525881037405685062393130959371628628301882198404504760962803101949363326026351690168886990247574105823345084186594864947383268960677538612383086600003099551566719740842927700772358009098043263923764431979589478150515130351175187740723494975819258811603061124058899600680555728609567515854667162991395060890418469231711848485311318542753907194301362725997971810652570110849997979223594604051481656177604469318276868086153708139740017842436016415375967559452944620593004078203810660304033038445981068264567170788889081366182999614172841726914182088053249045622519387891783181232772286487593353811453227852933118110855993091139662138433055133684283001569863948605832997311247428062245180471605437689094856274454336720501831609251565164288976046662096865672361092274021043560765797298718936419227069792501976157764905733864427247559954916726694921628591801634225855308331491864061344127941113302829493267124652408103566823077326672576624145433736143581024369501231404318466014110893073183310007882394855985157402413423170630260096931767568343997103596353978928860687541997270861853176428409750249297980518823171939110695687391333971058524725231126504041710330327068760719115669855674355285112726403972579981226492938902574711408533317054389666380207662132009233065804967100446884193697302756326770618952715385960330453229789518614741094771980197770088685453977047330883843316762959864368746766246785391336875357155674036208523471414967639482092147203439433500129293588215243737073274502723845974340984815818515915507384915173014910497785051861639861905924945095576492115355385218041042378271615724100641221848654380189628961176402275701850351487516811987783734628656876124575	30202920268257714220296010089345710995565877019664095498865225749199342152807611938856960214582501211693450742681944830680085042776774497109079917447866900614562466173599739216008128699278025331330411443787482345010263216178424250018365361356950272463540126306018939452323739143596039358945798055801236801280464807334967408674623567635159501444847428299040045275375015573627088906550740194213318215358665649340175457594333913840164029769665189212067649243131533893227925012361338087753336439526556145784122326885055133446097194404044786132205304544207938781649587484380043637858918572330140114923465303252343759198986767930963092374858054417728161261345708442402298524765027534562413211552281198850211153393798900006730353456535518559497323465584770904564700863193722838843939597809277315068629154216908084914398325905254273895647861295365352941011860010042434288428966105874018775333265034883920789766721908400656563120234662673145312287207159725428443288733270970031400103723180278371912955497116527278264984289552421767512945911398083370476424729825616933965100403045620347699872101360098155312954598540665299105388600534612439763637697611241452056099601935301995929711956133312277162158335466344399478729964743044565597821601963583203905197750384611131435107032283677403536820905322012711526106895577317131743928329254803554385514930215840337051063416539413620519955355948055148805120373479397665352333354704389707998546712932643508014782226127547899970626107071421188465344700181181027212516081871117691244015567539003118218435981554067265903595384633920395666732543872006380961493817790765181594167353639695319526527909137808611275677990058572151356886845488010397305943295289372994738013629353637797728288088962770394296342478189646927690213715364257074913868556389189197147717773366567339892956502261015012364247355698774997471499876146826345056447101698934262608484364916882109407641385169123450744933436258325713914610581476551013472708530676055222955424842102413841564927164038391352672633803791258638073986044284289402513882876523018528661347921708575275931087488592930796984586005235857025374089143303755092182817395051393319241670112127485071	-1,-4,3,3,3,-3,-3,-3,-3,-3,-3,-3	-4,3,3,-3,-3,-3,-3,-3,-3,-3,-3,-3	ok
1.899900	12.552553	-17.492982	0.298555	continued:5	30202920268257714220296010089345710995565877019664095498865225749220960604015052557062743790514303797854077637293569921000870396925526515983150731521267335089025405517472896933326352035670910501680009305307357689186457723131257009509534091670430870863502598474149048398761204889656990100878052743549637756726566851031510230666221054939931799060605621094463943911105194419638882001731513889010426644375793267846557260810495756032628826988956013782537290695348254913833827203136411994037525881037405685062393130959371628628301882198404504760962803101949363326026351690168886990247574105823345084186594864947383268960677538612383086600003099551566719740842927700772358009098043263923764431979589478150515130351175187740723494975819258811603061124058899600680555728609567515854667162991395060890418469231711848485311318542753907194301362725997971810652570110849997979223594604051481656177604469318276868086153708139740017842436016415375967559452944620593004078203810660304033038445981068264567170788889081366182999614172841726914182088053249045622519387891783181232772286487593353811453227852933118110855993091139662138433055133684283001569863948605832997311247428062245180471605437689094856274454336720501831609251565164288976046662096865672361092274021043560765797298718936419227069792501976157764905733864427247559954916726694921628591801634225855308331491864061344127941113302829493267124652408103566823077326672576624145433736143581024369501231404318466014110893073183310007882394855985157402413423170630260096931767568343997103596353978928860687541997270861853176428409750249297980518823171939110695687391333971058524725231126504041710330327068760719115669855674355285112726403972579981226492938902574711408533317054389666380207662132009233065804967100446884193697302756326770618952715385960330453229789518614741094771980197770088685453977047330883843316762959864368746766246785391336875357155674036208523471414967639482092147203439433500129293588215243737073274502723845974340984815818515915507384915173014910497785051861639861905924945095576492115355385218041042378271615724100641221848654380189628961176402275701850351487516811987783734628656876124575	30202920268257714220296010089345710995565877019664095498865225749199342152807611938856960214582501211693450742681944830680085042776774497109079917447866900614562466173599739216008128699278025331330411443787482345010263216178424250018365361356950272463540126306018939452323739143596039358945798055801236801280464807334967408674623567635159501444847428299040045275375015573627088906550740194213318215358665649340175457594333913840164029769665189212067649243131533893227925012361338087753336439526556145784122326885055133446097194404044786132205304544207938781649587484380043637858918572330140114923465303252343759198986767930963092374858054417728161261345708442402298524765027534562413211552281198850211153393798900006730353456535518559497323465584770904564700863193722838843939597809277315068629154216908084914398325905254273895647861295365352941011860010042434288428966105874018775333265034883920789766721908400656563120234662673145312287207159725428443288733270970031400103723180278371912955497116527278264984289552421767512945911398083370476424729825616933965100403045620347699872101360098155312954598540665299105388600534612439763637697611241452056099601935301995929711956133312277162158335466344399478729964743044565597821601963583203905197750384611131435107032283677403536820905322012711526106895577317131743928329254803554385514930215840337051063416539413620519955355948055148805120373479397665352333354704389707998546712932643508014782226127547899970626107071421188465344700181181027212516081871117691244015567539003118218435981554067265903595384633920395666732543872006380961493817790765181594167353639695319526527909137808611275677990058572151356886845488010397305943295289372994738013629353637797728288088962770394296342478189646927690213715364257074913868556389189197147717773366567339892956502261015012364247355698774997471499876146826345056447101698934262608484364916882109407641385169123450744933436258325713914610581476551013472708530676055222955424842102413841564927164038391352672633803791258638073986044284289402513882876523018528661347921708575275931087488592930796984586005235857025374089143303755092182817395051393319241670112127485071	-1,-4,3,3,3,-3,-3,-3,-3,-3,-3,-3	-4,3,3,-3,-3,-3,-3,-3,-3,-3,-3,-3	ok
1.903904	12.552553	-17.490906	0.298181	continued:5	30202920268257714220296010089345710995565877019664095498865225749220960604015052557062743790514303797854077637293569921000870396925526515983150731521267335089025405517472896933326352035670910501680009305307357689186457723131257009509534091670430870863502598474149048398761204889656990100878052743549637756726566851031510230666221054939931799060605621094463943911105194419638882001731513889010426644375793267846557260810495756032628826988956013782537290695348254913833827203136411994037525881037405685062393130959371628628301882198404504760962803101949363326026351690168886990247574105823345084186594864947383268960677538612383086600003099551566719740842927700772358009098043263923764431979589478150515130351175187740723494975819258811603061124058899600680555728609567515854667162991395060890418469231711848485311318542753907194301362725997971810652570110849997979223594604051481656177604469318276868086153708139740017842436016415375967559452944620593004078203810660304033038445981068264567170788889081366182999614172841726914182088053249045622519387891783181232772286487593353811453227852933118110855993091139662138433055133684283001569863948605832997311247428062245180471605437689094856274454336720501831609251565164288976046662096865672361092274021043560765797298718936419227069792501976157764905733864427247559954916726694921628591801634225855308331491864061344127941113302829493267124652408103566823077326672576624145433736143581024369501231404318466014110893073183310007882394855985157402413423170630260096931767568343997103596353978928860687541997270861853176428409750249297980518823171939110695687391333971058524725231126504041710330327068760719115669855674355285112726403972579981226492938902574711408533317054389666380207662132009233065804967100446884193697302756326770618952715385960330453229789518614741094771980197770088685453977047330883843316762959864368746766246785391336875357155674036208523471414967639482092147203439433500129293588215243737073274502723845974340984815818515915507384915173014910497785051861639861905924945095576492115355385218041042378271615724100641221848654380189628961176402275701850351487516811987783734628656876124575	30202920268257714220296010089345710995565877019664095498865225749199342152807611938856960214582501211693450742681944830680085042776774497109079917447866900614562466173599739216008128699278025331330411443787482345010263216178424250018365361356950272463540126306018939452323739143596039358945798055801236801280464807334967408674623567635159501444847428299040045275375015573627088906550740194213318215358665649340175457594333913840164029769665189212067649243131533893227925012361338087753336439526556145784122326885055133446097194404044786132205304544207938781649587484380043637858918572330140114923465303252343759198986767930963092374858054417728161261345708442402298524765027534562413211552281198850211153393798900006730353456535518559497323465584770904564700863193722838843939597809277315068629154216908084914398325905254273895647861295365352941011860010042434288428966105874018775333265034883920789766721908400656563120234662673145312287207159725428443288733270970031400103723180278371912955497116527278264984289552421767512945911398083370476424729825616933965100403045620347699872101360098155312954598540665299105388600534612439763637697611241452056099601935301995929711956133312277162158335466344399478729964743044565597821601963583203905197750384611131435107032283677403536820905322012711526106895577317131743928329254803554385514930215840337051063416539413620519955355948055148805120373479397665352333354704389707998546712932643508014782226127547899970626107071421188465344700181181027212516081871117691244015567539003118218435981554067265903595384633920395666732543872006380961493817790765181594167353639695319526527909137808611275677990058572151356886845488010397305943295289372994738013629353637797728288088962770394296342478189646927690213715364257074913868556389189197147717773366567339892956502261015012364247355698774997471499876146826345056447101698934262608484364916882109407641385169123450744933436258325713914610581476551013472708530676055222955424842102413841564927164038391352672633803791258638073986044284289402513882876523018528661347921708575275931087488592930796984586005235857025374089143303755092182817395051393319241670112127485071	-1,-4,3,3,3,-3,-3,-3,-3,-3,-3,-3	-4,3,3,-3,-3,-3,-3,-3,-3,-3,-3,-3	ok
1.907908	12.552553	-17.488833	0.297808	continued:5	30202920268257714220296010089345710995565877019664095498865225749220960604015052557062743790514303797854077637293569921000870396925526515983150731521267335089025405517472896933326352035670910501680009305307357689186457723131257009509534091670430870863502598474149048398761204889656990100878052743549637756726566851031510230666221054939931799060605621094463943911105194419638882001731513889010426644375793267846557260810495756032628826988956013782537290695348254913833827203136411994037525881037405685062393130959371628628301882198404504760962803101949363326026351690168886990247574105823345084186594864947383268960677538612383086600003099551566719740842927700772358009098043263923764431979589478150515130351175187740723494975819258811603061124058899600680555728609567515854667162991395060890418469231711848485311318542753907194301362725997971810652570110849997979223594604051481656177604469318276868086153708139740017842436016415375967559452944620593004078203810660304033038445981068264567170788889081366182999614172841726914182088053249045622519387891783181232772286487593353811453227852933118110855993091139662138433055133684283001569863948605832997311247428062245180471605437689094856274454336720501831609251565164288976046662096865672361092274021043560765797298718936419227069792501976157764905733864427247559954916726694921628591801634225855308331491864061344127941113302829493267124652408103566823077326672576624145433736143581024369501231404318466014110893073183310007882394855985157402413423170630260096931767568343997103596353978928860687541997270861853176428409750249297980518823171939110695687391333971058524725231126504041710330327068760719115669855674355285112726403972579981226492938902574711408533317054389666380207662132009233065804967100446884193697302756326770618952715385960330453229789518614741094771980197770088685453977047330883843316762959864368746766246785391336875357155674036208523471414967639482092147203439433500129293588215243737073274502723845974340984815818515915507384915173014910497785051861639861905924945095576492115355385218041042378271615724100641221848654380189628961176402275701850351487516811987783734628656876124575	30202920268257714220296010089345710995565877019664095498865225749199342152807611938856960214582501211693450742681944830680085042776774497109079917447866900614562466173599739216008128699278025331330411443787482345010263216178424250018365361356950272463540126306018939452323739143596039358945798055801236801280464807334967408674623567635159501444847428299040045275375015573627088906550740194213318215358665649340175457594333913840164029769665189212067649243131533893227925012361338087753336439526556145784122326885055133446097194404044786132205304544207938781649587484380043637858918572330140114923465303252343759198986767930963092374858054417728161261345708442402298524765027534562413211552281198850211153393798900006730353456535518559497323465584770904564700863193722838843939597809277315068629154216908084914398325905254273895647861295365352941011860010042434288428966105874018775333265034883920789766721908400656563120234662673145312287207159725428443288733270970031400103723180278371912955497116527278264984289552421767512945911398083370476424729825616933965100403045620347699872101360098155312954598540665299105388600534612439763637697611241452056099601935301995929711956133312277162158335466344399478729964743044565597821601963583203905197750384611131435107032283677403536820905322012711526106895577317131743928329254803554385514930215840337051063416539413620519955355948055148805120373479397665352333354704389707998546712932643508014782226127547899970626107071421188465344700181181027212516081871117691244015567539003118218435981554067265903595384633920395666732543872006380961493817790765181594167353639695319526527909137808611275677990058572151356886845488010397305943295289372994738013629353637797728288088962770394296342478189646927690213715364257074913868556389189197147717773366567339892956502261015012364247355698774997471499876146826345056447101698934262608484364916882109407641385169123450744933436258325713914610581476551013472708530676055222955424842102413841564927164038391352672633803791258638073986044284289402513882876523018528661347921708575275931087488592930796984586005235857025374089143303755092182817395051393319241670112127485071	-1,-4,3,3,3,-3,-3,-3,-3,-3,-3,-3	-4,3,3,-3,-3,-3,-3,-3,-3,-3,-3,-3	ok
1.911912	12.552553	-17.487910	0.297640	continued:5	30202920268257714220296010089345710995565877019664095498865225749220960604015052557062743790514303797854077637293569921000870396925526515983150731521267335089025405517472896933326352035670910501680009305307357689186457723131257009509534091670430870863502598474149048398761204889656990100878052743549637756726566851031510230666221054939931799060605621094463943911105194419638882001731513889010426644375793267846557260810495756032628826988956013782537290695348254913833827203136411994037525881037405685062393130959371628628301882198404504760962803101949363326026351690168886990247574105823345084186594864947383268960677538612383086600003099551566719740842927700772358009098043263923764431979589478150515130351175187740723494975819258811603061124058899600680555728609567515854667162991395060890418469231711848485311318542753907194301362725997971810652570110849997979223594604051481656177604469318276868086153708139740017842436016415375967559452944620593004078203810660304033038445981068264567170788889081366182999614172841726914182088053249045622519387891783181232772286487593353811453227852933118110855993091139662138433055133684283001569863948605832997311247428062245180471605437689094856274454336720501831609251565164288976046662096865672361092274021043560765797298718936419227069792501976157764905733864427247559954916726694921628591801634225855308331491864061344127941113302829493267124652408103566823077326672576624145433736143581024369501231404318466014110893073183310007882394855985157402413423170630260096931767568343997103596353978928860687541997270861853176428409750249297980518823171939110695687391333971058524725231126504041710330327068760719115669855674355285112726403972579981226492938902574711408533317054389666380207662132009233065804967100446884193697302756326770618952715385960330453229789518614741094771980197770088685453977047330883843316762959864368746766246785391336875357155674036208523471414967639482092147203439433500129293588215243737073274502723845974340984815818515915507384915173014910497785051861639861905924945095576492115355385218041042378271615724100641221848654380189628961176402275701850351487516811987783734628656876124575	30202920268257714220296010089345710995565877019664095498865225749199342152807611938856960214582501211693450742681944830680085042776774497109079917447866900614562466173599739216008128699278025331330411443787482345010263216178424250018365361356950272463540126306018939452323739143596039358945798055801236801280464807334967408674623567635159501444847428299040045275375015573627088906550740194213318215358665649340175457594333913840164029769665189212067649243131533893227925012361338087753336439526556145784122326885055133446097194404044786132205304544207938781649587484380043637858918572330140114923465303252343759198986767930963092374858054417728161261345708442402298524765027534562413211552281198850211153393798900006730353456535518559497323465584770904564700863193722838843939597809277315068629154216908084914398325905254273895647861295365352941011860010042434288428966105874018775333265034883920789766721908400656563120234662673145312287207159725428443288733270970031400103723180278371912955497116527278264984289552421767512945911398083370476424729825616933965100403045620347699872101360098155312954598540665299105388600534612439763637697611241452056099601935301995929711956133312277162158335466344399478729964743044565597821601963583203905197750384611131435107032283677403536820905322012711526106895577317131743928329254803554385514930215840337051063416539413620519955355948055148805120373479397665352333354704389707998546712932643508014782226127547899970626107071421188465344700181181027212516081871117691244015567539003118218435981554067265903595384633920395666732543872006380961493817790765181594167353639695319526527909137808611275677990058572151356886845488010397305943295289372994738013629353637797728288088962770394296342478189646927690213715364257074913868556389189197147717773366567339892956502261015012364247355698774997471499876146826345056447101698934262608484364916882109407641385169123450744933436258325713914610581476551013472708530676055222955424842102413841564927164038391352672633803791258638073986044284289402513882876523018528661347921708575275931087488592930796984586005235857025374089143303755092182817395051393319241670112127485071	-1,-4,3,3,3,-3,-3,-3,-3,-3,-3,-3	-4,3,3,-3,-3,-3,-3,-3,-3,-3,-3,-3	ok
1.915916	12.552553	-17.486983	0.297473	continued:5	30202920268257714220296010089345710995565877019664095498865225749220960604015052557062743790514303797854077637293569921000870396925526515983150731521267335089025405517472896933326352035670910501680009305307357689186457723131257009509534091670430870863502598474149048398761204889656990100878052743549637756726566851031510230666221054939931799060605621094463943911105194419638882001731513889010426644375793267846557260810495756032628826988956013782537290695348254913833827203136411994037525881037405685062393130959371628628301882198404504760962803101949363326026351690168886990247574105823345084186594864947383268960677538612383086600003099551566719740842927700772358009098043263923764431979589478150515130351175187740723494975819258811603061124058899600680555728609567515854667162991395060890418469231711848485311318542753907194301362725997971810652570110849997979223594604051481656177604469318276868086153708139740017842436016415375967559452944620593004078203810660304033038445981068264567170788889081366182999614172841726914182088053249045622519387891783181232772286487593353811453227852933118110855993091139662138433055133684283001569863948605832997311247428062245180471605437689094856274454336720501831609251565164288976046662096865672361092274021043560765797298718936419227069792501976157764905733864427247559954916726694921628591801634225855308331491864061344127941113302829493267124652408103566823077326672576624145433736143581024369501231404318466014110893073183310007882394855985157402413423170630260096931767568343997103596353978928860687541997270861853176428409750249297980518823171939110695687391333971058524725231126504041710330327068760719115669855674355285112726403972579981226492938902574711408533317054389666380207662132009233065804967100446884193697302756326770618952715385960330453229789518614741094771980197770088685453977047330883843316762959864368746766246785391336875357155674036208523471414967639482092147203439433500129293588215243737073274502723845974340984815818515915507384915173014910497785051861639861905924945095576492115355385218041042378271615724100641221848654380189628961176402275701850351487516811987783734628656876124575	30202920268257714220296010089345710995565877019664095498865225749199342152807611938856960214582501211693450742681944830680085042776774497109079917447866900614562466173599739216008128699278025331330411443787482345010263216178424250018365361356950272463540126306018939452323739143596039358945798055801236801280464807334967408674623567635159501444847428299040045275375015573627088906550740194213318215358665649340175457594333913840164029769665189212067649243131533893227925012361338087753336439526556145784122326885055133446097194404044786132205304544207938781649587484380043637858918572330140114923465303252343759198986767930963092374858054417728161261345708442402298524765027534562413211552281198850211153393798900006730353456535518559497323465584770904564700863193722838843939597809277315068629154216908084914398325905254273895647861295365352941011860010042434288428966105874018775333265034883920789766721908400656563120234662673145312287207159725428443288733270970031400103723180278371912955497116527278264984289552421767512945911398083370476424729825616933965100403045620347699872101360098155312954598540665299105388600534612439763637697611241452056099601935301995929711956133312277162158335466344399478729964743044565597821601963583203905197750384611131435107032283677403536820905322012711526106895577317131743928329254803554385514930215840337051063416539413620519955355948055148805120373479397665352333354704389707998546712932643508014782226127547899970626107071421188465344700181181027212516081871117691244015567539003118218435981554067265903595384633920395666732543872006380961493817790765181594167353639695319526527909137808611275677990058572151356886845488010397305943295289372994738013629353637797728288088962770394296342478189646927690213715364257074913868556389189197147717773366567339892956502261015012364247355698774997471499876146826345056447101698934262608484364916882109407641385169123450744933436258325713914610581476551013472708530676055222955424842102413841564927164038391352672633803791258638073986044284289402513882876523018528661347921708575275931087488592930796984586005235857025374089143303755092182817395051393319241670112127485071	-1,-4,3,3,3,-3,-3,-3,-3,-3,-3,-3	-4,3,3,-3,-3,-3,-3,-3,-3,-3,-3,-3	ok
1.919920	12.552553	-17.484907	0.297099	continued:5	30202920268257714220296010089345710995565877019664095498865225749220960604015052557062743790514303797854077637293569921000870396925526515983150731521267335089025405517472896933326352035670910501680009305307357689186457723131257009509534091670430870863502598474149048398761204889656990100878052743549637756726566851031510230666221054939931799060605621094463943911105194419638882001731513889010426644375793267846557260810495756032628826988956013782537290695348254913833827203136411994037525881037405685062393130959371628628301882198404504760962803101949363326026351690168886990247574105823345084186594864947383268960677538612383086600003099551566719740842927700772358009098043263923764431979589478150515130351175187740723494975819258811603061124058899600680555728609567515854667162991395060890418469231711848485311318542753907194301362725997971810652570110849997979223594604051481656177604469318276868086153708139740017842436016415375967559452944620593004078203810660304033038445981068264567170788889081366182999614172841726914182088053249045622519387891783181232772286487593353811453227852933118110855993091139662138433055133684283001569863948605832997311247428062245180471605437689094856274454336720501831609251565164288976046662096865672361092274021043560765797298718936419227069792501976157764905733864427247559954916726694921628591801634225855308331491864061344127941113302829493267124652408103566823077326672576624145433736143581024369501231404318466014110893073183310007882394855985157402413423170630260096931767568343997103596353978928860687541997270861853176428409750249297980518823171939110695687391333971058524725231126504041710330327068760719115669855674355285112726403972579981226492938902574711408533317054389666380207662132009233065804967100446884193697302756326770618952715385960330453229789518614741094771980197770088685453977047330883843316762959864368746766246785391336875357155674036208523471414967639482092147203439433500129293588215243737073274502723845974340984815818515915507384915173014910497785051861639861905924945095576492115355385218041042378271615724100641221848654380189628961176402275701850351487516811987783734628656876124575	30202920268257714220296010089345710995565877019664095498865225749199342152807611938856960214582501211693450742681944830680085042776774497109079917447866900614562466173599739216008128699278025331330411443787482345010263216178424250018365361356950272463540126306018939452323739143596039358945798055801236801280464807334967408674623567635159501444847428299040045275375015573627088906550740194213318215358665649340175457594333913840164029769665189212067649243131533893227925012361338087753336439526556145784122326885055133446097194404044786132205304544207938781649587484380043637858918572330140114923465303252343759198986767930963092374858054417728161261345708442402298524765027534562413211552281198850211153393798900006730353456535518559497323465584770904564700863193722838843939597809277315068629154216908084914398325905254273895647861295365352941011860010042434288428966105874018775333265034883920789766721908400656563120234662673145312287207159725428443288733270970031400103723180278371912955497116527278264984289552421767512945911398083370476424729825616933965100403045620347699872101360098155312954598540665299105388600534612439763637697611241452056099601935301995929711956133312277162158335466344399478729964743044565597821601963583203905197750384611131435107032283677403536820905322012711526106895577317131743928329254803554385514930215840337051063416539413620519955355948055148805120373479397665352333354704389707998546712932643508014782226127547899970626107071421188465344700181181027212516081871117691244015567539003118218435981554067265903595384633920395666732543872006380961493817790765181594167353639695319526527909137808611275677990058572151356886845488010397305943295289372994738013629353637797728288088962770394296342478189646927690213715364257074913868556389189197147717773366567339892956502261015012364247355698774997471499876146826345056447101698934262608484364916882109407641385169123450744933436258325713914610581476551013472708530676055222955424842102413841564927164038391352672633803791258638073986044284289402513882876523018528661347921708575275931087488592930796984586005235857025374089143303755092182817395051393319241670112127485071	-1,-4,3,3,3,-3,-3,-3,-3,-3,-3,-3	-4,3,3,-3,-3,-3,-3,-3,-3,-3,-3,-3	ok
1.923924	12.552553	-17.483979	0.296932	continued:5	30202920268257714220296010089345710995565877019664095498865225749220960604015052557062743790514303797854077637293569921000870396925526515983150731521267335089025405517472896933326352035670910501680009305307357689186457723131257009509534091670430870863502598474149048398761204889656990100878052743549637756726566851031510230666221054939931799060605621094463943911105194419638882001731513889010426644375793267846557260810495756032628826988956013782537290695348254913833827203136411994037525881037405685062393130959371628628301882198404504760962803101949363326026351690168886990247574105823345084186594864947383268960677538612383086600003099551566719740842927700772358009098043263923764431979589478150515130351175187740723494975819258811603061124058899600680555728609567515854667162991395060890418469231711848485311318542753907194301362725997971810652570110849997979223594604051481656177604469318276868086153708139740017842436016415375967559452944620593004078203810660304033038445981068264567170788889081366182999614172841726914182088053249045622519387891783181232772286487593353811453227852933118110855993091139662138433055133684283001569863948605832997311247428062245180471605437689094856274454336720501831609251565164288976046662096865672361092274021043560765797298718936419227069792501976157764905733864427247559954916726694921628591801634225855308331491864061344127941113302829493267124652408103566823077326672576624145433736143581024369501231404318466014110893073183310007882394855985157402413423170630260096931767568343997103596353978928860687541997270861853176428409750249297980518823171939110695687391333971058524725231126504041710330327068760719115669855674355285112726403972579981226492938902574711408533317054389666380207662132009233065804967100446884193697302756326770618952715385960330453229789518614741094771980197770088685453977047330883843316762959864368746766246785391336875357155674036208523471414967639482092147203439433500129293588215243737073274502723845974340984815818515915507384915173014910497785051861639861905924945095576492115355385218041042378271615724100641221848654380189628961176402275701850351487516811987783734628656876124575	30202920268257714220296010089345710995565877019664095498865225749199342152807611938856960214582501211693450742681944830680085042776774497109079917447866900614562466173599739216008128699278025331330411443787482345010263216178424250018365361356950272463540126306018939452323739143596039358945798055801236801280464807334967408674623567635159501444847428299040045275375015573627088906550740194213318215358665649340175457594333913840164029769665189212067649243131533893227925012361338087753336439526556145784122326885055133446097194404044786132205304544207938781649587484380043637858918572330140114923465303252343759198986767930963092374858054417728161261345708442402298524765027534562413211552281198850211153393798900006730353456535518559497323465584770904564700863193722838843939597809277315068629154216908084914398325905254273895647861295365352941011860010042434288428966105874018775333265034883920789766721908400656563120234662673145312287207159725428443288733270970031400103723180278371912955497116527278264984289552421767512945911398083370476424729825616933965100403045620347699872101360098155312954598540665299105388600534612439763637697611241452056099601935301995929711956133312277162158335466344399478729964743044565597821601963583203905197750384611131435107032283677403536820905322012711526106895577317131743928329254803554385514930215840337051063416539413620519955355948055148805120373479397665352333354704389707998546712932643508014782226127547899970626107071421188465344700181181027212516081871117691244015567539003118218435981554067265903595384633920395666732543872006380961493817790765181594167353639695319526527909137808611275677990058572151356886845488010397305943295289372994738013629353637797728288088962770394296342478189646927690213715364257074913868556389189197147717773366567339892956502261015012364247355698774997471499876146826345056447101698934262608484364916882109407641385169123450744933436258325713914610581476551013472708530676055222955424842102413841564927164038391352672633803791258638073986044284289402513882876523018528661347921708575275931087488592930796984586005235857025374089143303755092182817395051393319241670112127485071	-1,-4,3,3,3,-3,-3,-3,-3,-3,-3,-3	-4,3,3,-3,-3,-3,-3,-3,-3,-3,-3,-3	ok
1.927928	12.552553	-17.481900	0.296558	continued:5	30202920268257714220296010089345710995565877019664095498865225749220960604015052557062743790514303797854077637293569921000870396925526515983150731521267335089025405517472896933326352035670910501680009305307357689186457723131257009509534091670430870863502598474149048398761204889656990100878052743549637756726566851031510230666221054939931799060605621094463943911105194419638882001731513889010426644375793267846557260810495756032628826988956013782537290695348254913833827203136411994037525881037405685062393130959371628628301882198404504760962803101949363326026351690168886990247574105823345084186594864947383268960677538612383086600003099551566719740842927700772358009098043263923764431979589478150515130351175187740723494975819258811603061124058899600680555728609567515854667162991395060890418469231711848485311318542753907194301362725997971810652570110849997979223594604051481656177604469318276868086153708139740017842436016415375967559452944620593004078203810660304033038445981068264567170788889081366182999614172841726914182088053249045622519387891783181232772286487593353811453227852933118110855993091139662138433055133684283001569863948605832997311247428062245180471605437689094856274454336720501831609251565164288976046662096865672361092274021043560765797298718936419227069792501976157764905733864427247559954916726694921628591801634225855308331491864061344127941113302829493267124652408103566823077326672576624145433736143581024369501231404318466014110893073183310007882394855985157402413423170630260096931767568343997103596353978928860687541997270861853176428409750249297980518823171939110695687391333971058524725231126504041710330327068760719115669855674355285112726403972579981226492938902574711408533317054389666380207662132009233065804967100446884193697302756326770618952715385960330453229789518614741094771980197770088685453977047330883843316762959864368746766246785391336875357155674036208523471414967639482092147203439433500129293588215243737073274502723845974340984815818515915507384915173014910497785051861639861905924945095576492115355385218041042378271615724100641221848654380189628961176402275701850351487516811987783734628656876124575	30202920268257714220296010089345710995565877019664095498865225749199342152807611938856960214582501211693450742681944830680085042776774497109079917447866900614562466173599739216008128699278025331330411443787482345010263216178424250018365361356950272463540126306018939452323739143596039358945798055801236801280464807334967408674623567635159501444847428299040045275375015573627088906550740194213318215358665649340175457594333913840164029769665189212067649243131533893227925012361338087753336439526556145784122326885055133446097194404044786132205304544207938781649587484380043637858918572330140114923465303252343759198986767930963092374858054417728161261345708442402298524765027534562413211552281198850211153393798900006730353456535518559497323465584770904564700863193722838843939597809277315068629154216908084914398325905254273895647861295365352941011860010042434288428966105874018775333265034883920789766721908400656563120234662673145312287207159725428443288733270970031400103723180278371912955497116527278264984289552421767512945911398083370476424729825616933965100403045620347699872101360098155312954598540665299105388600534612439763637697611241452056099601935301995929711956133312277162158335466344399478729964743044565597821601963583203905197750384611131435107032283677403536820905322012711526106895577317131743928329254803554385514930215840337051063416539413620519955355948055148805120373479397665352333354704389707998546712932643508014782226127547899970626107071421188465344700181181027212516081871117691244015567539003118218435981554067265903595384633920395666732543872006380961493817790765181594167353639695319526527909137808611275677990058572151356886845488010397305943295289372994738013629353637797728288088962770394296342478189646927690213715364257074913868556389189197147717773366567339892956502261015012364247355698774997471499876146826345056447101698934262608484364916882109407641385169123450744933436258325713914610581476551013472708530676055222955424842102413841564927164038391352672633803791258638073986044284289402513882876523018528661347921708575275931087488592930796984586005235857025374089143303755092182817395051393319241670112127485071	-1,-4,3,3,3,-3,-3,-3,-3,-3,-3,-3	-4,3,3,-3,-3,-3,-3,-3,-3,-3,-3,-3	ok
1.931932	12.552553	-17.480975	0.296391	continued:5	30202920268257714220296010089345710995565877019664095498865225749220960604015052557062743790514303797854077637293569921000870396925526515983150731521267335089025405517472896933326352035670910501680009305307357689186457723131257009509534091670430870863502598474149048398761204889656990100878052743549637756726566851031510230666221054939931799060605621094463943911105194419638882001731513889010426644375793267846557260810495756032628826988956013782537290695348254913833827203136411994037525881037405685062393130959371628628301882198404504760962803101949363326026351690168886990247574105823345084186594864947383268960677538612383086600003099551566719740842927700772358009098043263923764431979589478150515130351175187740723494975819258811603061124058899600680555728609567515854667162991395060890418469231711848485311318542753907194301362725997971810652570110849997979223594604051481656177604469318276868086153708139740017842436016415375967559452944620593004078203810660304033038445981068264567170788889081366182999614172841726914182088053249045622519387891783181232772286487593353811453227852933118110855993091139662138433055133684283001569863948605832997311247428062245180471605437689094856274454336720501831609251565164288976046662096865672361092274021043560765797298718936419227069792501976157764905733864427247559954916726694921628591801634225855308331491864061344127941113302829493267124652408103566823077326672576624145433736143581024369501231404318466014110893073183310007882394855985157402413423170630260096931767568343997103596353978928860687541997270861853176428409750249297980518823171939110695687391333971058524725231126504041710330327068760719115669855674355285112726403972579981226492938902574711408533317054389666380207662132009233065804967100446884193697302756326770618952715385960330453229789518614741094771980197770088685453977047330883843316762959864368746766246785391336875357155674036208523471414967639482092147203439433500129293588215243737073274502723845974340984815818515915507384915173014910497785051861639861905924945095576492115355385218041042378271615724100641221848654380189628961176402275701850351487516811987783734628656876124575	30202920268257714220296010089345710995565877019664095498865225749199342152807611938856960214582501211693450742681944830680085042776774497109079917447866900614562466173599739216008128699278025331330411443787482345010263216178424250018365361356950272463540126306018939452323739143596039358945798055801236801280464807334967408674623567635159501444847428299040045275375015573627088906550740194213318215358665649340175457594333913840164029769665189212067649243131533893227925012361338087753336439526556145784122326885055133446097194404044786132205304544207938781649587484380043637858918572330140114923465303252343759198986767930963092374858054417728161261345708442402298524765027534562413211552281198850211153393798900006730353456535518559497323465584770904564700863193722838843939597809277315068629154216908084914398325905254273895647861295365352941011860010042434288428966105874018775333265034883920789766721908400656563120234662673145312287207159725428443288733270970031400103723180278371912955497116527278264984289552421767512945911398083370476424729825616933965100403045620347699872101360098155312954598540665299105388600534612439763637697611241452056099601935301995929711956133312277162158335466344399478729964743044565597821601963583203905197750384611131435107032283677403536820905322012711526106895577317131743928329254803554385514930215840337051063416539413620519955355948055148805120373479397665352333354704389707998546712932643508014782226127547899970626107071421188465344700181181027212516081871117691244015567539003118218435981554067265903595384633920395666732543872006380961493817790765181594167353639695319526527909137808611275677990058572151356886845488010397305943295289372994738013629353637797728288088962770394296342478189646927690213715364257074913868556389189197147717773366567339892956502261015012364247355698774997471499876146826345056447101698934262608484364916882109407641385169123450744933436258325713914610581476551013472708530676055222955424842102413841564927164038391352672633803791258638073986044284289402513882876523018528661347921708575275931087488592930796984586005235857025374089143303755092182817395051393319241670112127485071	-1,-4,3,3,3,-3,-3,-3,-3,-3,-3,-3	-4,3,3,-3,-3,-3,-3,-3,-3,-3,-3,-3	ok
1.935936	12.552553	-17.480046	0.296224	continued:5	30202920268257714220296010089345710995565877019664095498865225749220960604015052557062743790514303797854077637293569921000870396925526515983150731521267335089025405517472896933326352035670910501680009305307357689186457723131257009509534091670430870863502598474149048398761204889656990100878052743549637756726566851031510230666221054939931799060605621094463943911105194419638882001731513889010426644375793267846557260810495756032628826988956013782537290695348254913833827203136411994037525881037405685062393130959371628628301882198404504760962803101949363326026351690168886990247574105823345084186594864947383268960677538612383086600003099551566719740842927700772358009098043263923764431979589478150515130351175187740723494975819258811603061124058899600680555728609567515854667162991395060890418469231711848485311318542753907194301362725997971810652570110849997979223594604051481656177604469318276868086153708139740017842436016415375967559452944620593004078203810660304033038445981068264567170788889081366182999614172841726914182088053249045622519387891783181232772286487593353811453227852933118110855993091139662138433055133684283001569863948605832997311247428062245180471605437689094856274454336720501831609251565164288976046662096865672361092274021043560765797298718936419227069792501976157764905733864427247559954916726694921628591801634225855308331491864061344127941113302829493267124652408103566823077326672576624145433736143581024369501231404318466014110893073183310007882394855985157402413423170630260096931767568343997103596353978928860687541997270861853176428409750249297980518823171939110695687391333971058524725231126504041710330327068760719115669855674355285112726403972579981226492938902574711408533317054389666380207662132009233065804967100446884193697302756326770618952715385960330453229789518614741094771980197770088685453977047330883843316762959864368746766246785391336875357155674036208523471414967639482092147203439433500129293588215243737073274502723845974340984815818515915507384915173014910497785051861639861905924945095576492115355385218041042378271615724100641221848654380189628961176402275701850351487516811987783734628656876124575	30202920268257714220296010089345710995565877019664095498865225749199342152807611938856960214582501211693450742681944830680085042776774497109079917447866900614562466173599739216008128699278025331330411443787482345010263216178424250018365361356950272463540126306018939452323739143596039358945798055801236801280464807334967408674623567635159501444847428299040045275375015573627088906550740194213318215358665649340175457594333913840164029769665189212067649243131533893227925012361338087753336439526556145784122326885055133446097194404044786132205304544207938781649587484380043637858918572330140114923465303252343759198986767930963092374858054417728161261345708442402298524765027534562413211552281198850211153393798900006730353456535518559497323465584770904564700863193722838843939597809277315068629154216908084914398325905254273895647861295365352941011860010042434288428966105874018775333265034883920789766721908400656563120234662673145312287207159725428443288733270970031400103723180278371912955497116527278264984289552421767512945911398083370476424729825616933965100403045620347699872101360098155312954598540665299105388600534612439763637697611241452056099601935301995929711956133312277162158335466344399478729964743044565597821601963583203905197750384611131435107032283677403536820905322012711526106895577317131743928329254803554385514930215840337051063416539413620519955355948055148805120373479397665352333354704389707998546712932643508014782226127547899970626107071421188465344700181181027212516081871117691244015567539003118218435981554067265903595384633920395666732543872006380961493817790765181594167353639695319526527909137808611275677990058572151356886845488010397305943295289372994738013629353637797728288088962770394296342478189646927690213715364257074913868556389189197147717773366567339892956502261015012364247355698774997471499876146826345056447101698934262608484364916882109407641385169123450744933436258325713914610581476551013472708530676055222955424842102413841564927164038391352672633803791258638073986044284289402513882876523018528661347921708575275931087488592930796984586005235857025374089143303755092182817395051393319241670112127485071	-1,-4,3,3,3,-3,-3,-3,-3,-3,-3,-3	-4,3,3,-3,-3,-3,-3,-3,-3,-3,-3,-3	ok
1.939940	12.552553	-17.477965	0.295850	continued:5	30202920268257714220296010089345710995565877019664095498865225749220960604015052557062743790514303797854077637293569921000870396925526515983150731521267335089025405517472896933326352035670910501680009305307357689186457723131257009509534091670430870863502598474149048398761204889656990100878052743549637756726566851031510230666221054939931799060605621094463943911105194419638882001731513889010426644375793267846557260810495756032628826988956013782537290695348254913833827203136411994037525881037405685062393130959371628628301882198404504760962803101949363326026351690168886990247574105823345084186594864947383268960677538612383086600003099551566719740842927700772358009098043263923764431979589478150515130351175187740723494975819258811603061124058899600680555728609567515854667162991395060890418469231711848485311318542753907194301362725997971810652570110849997979223594604051481656177604469318276868086153708139740017842436016415375967559452944620593004078203810660304033038445981068264567170788889081366182999614172841726914182088053249045622519387891783181232772286487593353811453227852933118110855993091139662138433055133684283001569863948605832997311247428062245180471605437689094856274454336720501831609251565164288976046662096865672361092274021043560765797298718936419227069792501976157764905733864427247559954916726694921628591801634225855308331491864061344127941113302829493267124652408103566823077326672576624145433736143581024369501231404318466014110893073183310007882394855985157402413423170630260096931767568343997103596353978928860687541997270861853176428409750249297980518823171939110695687391333971058524725231126504041710330327068760719115669855674355285112726403972579981226492938902574711408533317054389666380207662132009233065804967100446884193697302756326770618952715385960330453229789518614741094771980197770088685453977047330883843316762959864368746766246785391336875357155674036208523471414967639482092147203439433500129293588215243737073274502723845974340984815818515915507384915173014910497785051861639861905924945095576492115355385218041042378271615724100641221848654380189628961176402275701850351487516811987783734628656876124575	30202920268257714220296010089345710995565877019664095498865225749199342152807611938856960214582501211693450742681944830680085042776774497109079917447866900614562466173599739216008128699278025331330411443787482345010263216178424250018365361356950272463540126306018939452323739143596039358945798055801236801280464807334967408674623567635159501444847428299040045275375015573627088906550740194213318215358665649340175457594333913840164029769665189212067649243131533893227925012361338087753336439526556145784122326885055133446097194404044786132205304544207938781649587484380043637858918572330140114923465303252343759198986767930963092374858054417728161261345708442402298524765027534562413211552281198850211153393798900006730353456535518559497323465584770904564700863193722838843939597809277315068629154216908084914398325905254273895647861295365352941011860010042434288428966105874018775333265034883920789766721908400656563120234662673145312287207159725428443288733270970031400103723180278371912955497116527278264984289552421767512945911398083370476424729825616933965100403045620347699872101360098155312954598540665299105388600534612439763637697611241452056099601935301995929711956133312277162158335466344399478729964743044565597821601963583203905197750384611131435107032283677403536820905322012711526106895577317131743928329254803554385514930215840337051063416539413620519955355948055148805120373479397665352333354704389707998546712932643508014782226127547899970626107071421188465344700181181027212516081871117691244015567539003118218435981554067265903595384633920395666732543872006380961493817790765181594167353639695319526527909137808611275677990058572151356886845488010397305943295289372994738013629353637797728288088962770394296342478189646927690213715364257074913868556389189197147717773366567339892956502261015012364247355698774997471499876146826345056447101698934262608484364916882109407641385169123450744933436258325713914610581476551013472708530676055222955424842102413841564927164038391352672633803791258638073986044284289402513882876523018528661347921708575275931087488592930796984586005235857025374089143303755092182817395051393319241670112127485071	-1,-4,3,3,3,-3,-3,-3,-3,-3,-3,-3	-4,3,3,-3,-3,-3,-3,-3,-3,-3,-3,-3	ok
1.943944	12.552553	-17.477035	0.295683	continued:5	30202920268257714220296010089345710995565877019664095498865225749220960604015052557062743790514303797854077637293569921000870396925526515983150731521267335089025405517472896933326352035670910501680009305307357689186457723131257009509534091670430870863502598474149048398761204889656990100878052743549637756726566851031510230666221054939931799060605621094463943911105194419638882001731513889010426644375793267846557260810495756032628826988956013782537290695348254913833827203136411994037525881037405685062393130959371628628301882198404504760962803101949363326026351690168886990247574105823345084186594864947383268960677538612383086600003099551566719740842927700772358009098043263923764431979589478150515130351175187740723494975819258811603061124058899600680555728609567515854667162991395060890418469231711848485311318542753907194301362725997971810652570110849997979223594604051481656177604469318276868086153708139740017842436016415375967559452944620593004078203810660304033038445981068264567170788889081366182999614172841726914182088053249045622519387891783181232772286487593353811453227852933118110855993091139662138433055133684283001569863948605832997311247428062245180471605437689094856274454336720501831609251565164288976046662096865672361092274021043560765797298718936419227069792501976157764905733864427247559954916726694921628591801634225855308331491864061344127941113302829493267124652408103566823077326672576624145433736143581024369501231404318466014110893073183310007882394855985157402413423170630260096931767568343997103596353978928860687541997270861853176428409750249297980518823171939110695687391333971058524725231126504041710330327068760719115669855674355285112726403972579981226492938902574711408533317054389666380207662132009233065804967100446884193697302756326770618952715385960330453229789518614741094771980197770088685453977047330883843316762959864368746766246785391336875357155674036208523471414967639482092147203439433500129293588215243737073274502723845974340984815818515915507384915173014910497785051861639861905924945095576492115355385218041042378271615724100641221848654380189628961176402275701850351487516811987783734628656876124575	30202920268257714220296010089345710995565877019664095498865225749199342152807611938856960214582501211693450742681944830680085042776774497109079917447866900614562466173599739216008128699278025331330411443787482345010263216178424250018365361356950272463540126306018939452323739143596039358945798055801236801280464807334967408674623567635159501444847428299040045275375015573627088906550740194213318215358665649340175457594333913840164029769665189212067649243131533893227925012361338087753336439526556145784122326885055133446097194404044786132205304544207938781649587484380043637858918572330140114923465303252343759198986767930963092374858054417728161261345708442402298524765027534562413211552281198850211153393798900006730353456535518559497323465584770904564700863193722838843939597809277315068629154216908084914398325905254273895647861295365352941011860010042434288428966105874018775333265034883920789766721908400656563120234662673145312287207159725428443288733270970031400103723180278371912955497116527278264984289552421767512945911398083370476424729825616933965100403045620347699872101360098155312954598540665299105388600534612439763637697611241452056099601935301995929711956133312277162158335466344399478729964743044565597821601963583203905197750384611131435107032283677403536820905322012711526106895577317131743928329254803554385514930215840337051063416539413620519955355948055148805120373479397665352333354704389707998546712932643508014782226127547899970626107071421188465344700181181027212516081871117691244015567539003118218435981554067265903595384633920395666732543872006380961493817790765181594167353639695319526527909137808611275677990058572151356886845488010397305943295289372994738013629353637797728288088962770394296342478189646927690213715364257074913868556389189197147717773366567339892956502261015012364247355698774997471499876146826345056447101698934262608484364916882109407641385169123450744933436258325713914610581476551013472708530676055222955424842102413841564927164038391352672633803791258638073986044284289402513882876523018528661347921708575275931087488592930796984586005235857025374089143303755092182817395051393319241670112127485071	-1,-4,3,3,3,-3,-3,-3,-3,-3,-3,-3	-4,3,3,-3,-3,-3,-3,-3,-3,-3,-3,-3	ok
1.947948	12.552553	-17.474951	0.295309	continued:5	30202920268257714220296010089345710995565877019664095498865225749220960604015052557062743790514303797854077637293569921000870396925526515983150731521267335089025405517472896933326352035670910501680009305307357689186457723131257009509534091670430870863502598474149048398761204889656990100878052743549637756726566851031510230666221054939931799060605621094463943911105194419638882001731513889010426644375793267846557260810495756032628826988956013782537290695348254913833827203136411994037525881037405685062393130959371628628301882198404504760962803101949363326026351690168886990247574105823345084186594864947383268960677538612383086600003099551566719740842927700772358009098043263923764431979589478150515130351175187740723494975819258811603061124058899600680555728609567515854667162991395060890418469231711848485311318542753907194301362725997971810652570110849997979223594604051481656177604469318276868086153708139740017842436016415375967559452944620593004078203810660304033038445981068264567170788889081366182999614172841726914182088053249045622519387891783181232772286487593353811453227852933118110855993091139662138433055133684283001569863948605832997311247428062245180471605437689094856274454336720501831609251565164288976046662096865672361092274021043560765797298718936419227069792501976157764905733864427247559954916726694921628591801634225855308331491864061344127941113302829493267124652408103566823077326672576624145433736143581024369501231404318466014110893073183310007882394855985157402413423170630260096931767568343997103596353978928860687541997270861853176428409750249297980518823171939110695687391333971058524725231126504041710330327068760719115669855674355285112726403972579981226492938902574711408533317054389666380207662132009233065804967100446884193697302756326770618952715385960330453229789518614741094771980197770088685453977047330883843316762959864368746766246785391336875357155674036208523471414967639482092147203439433500129293588215243737073274502723845974340984815818515915507384915173014910497785051861639861905924945095576492115355385218041042378271615724100641221848654380189628961176402275701850351487516811987783734628656876124575	30202920268257714220296010089345710995565877019664095498865225749199342152807611938856960214582501211693450742681944830680085042776774497109079917447866900614562466173599739216008128699278025331330411443787482345010263216178424250018365361356950272463540126306018939452323739143596039358945798055801236801280464807334967408674623567635159501444847428299040045275375015573627088906550740194213318215358665649340175457594333913840164029769665189212067649243131533893227925012361338087753336439526556145784122326885055133446097194404044786132205304544207938781649587484380043637858918572330140114923465303252343759198986767930963092374858054417728161261345708442402298524765027534562413211552281198850211153393798900006730353456535518559497323465584770904564700863193722838843939597809277315068629154216908084914398325905254273895647861295365352941011860010042434288428966105874018775333265034883920789766721908400656563120234662673145312287207159725428443288733270970031400103723180278371912955497116527278264984289552421767512945911398083370476424729825616933965100403045620347692099981923514886462101865863596570469694098607237517460609185697972102288531172048673444194653933944307355823471796193584488419839992099858136277461578161123700043244651707986014340161586495187257764125937884888012586487780946636142767858630866670390893006583100082695487541485428441126881480274159197899162498911111889525730094536435852972436174362471904359162316328682773833706624866933746842248879761515579077425658989979738193381671026450923476603764513424748908244112422180263256698364222724497546036077958601759278561033427833919445070837179373455146776018285885237495462098045375935796489580722645051771392517245302171271093412760545437966925692103773494209688339530796131204463328769287044368986749906191478385049569623606883024734475687790142422891270907283350225760344062446922142984772494528471777010325345748355142839421977416389553656036609549290331635416504825257928693272231550730866939269517208772327070661174603513536425514074736011386340298429283435111809636902011613184727009536683208626550441869125961685037733037677262828008236462091816094919251738750106285	-1,-4,3,3,3,-3,-3,-3,-3,-3,-3,-3	3,3,3,-3,-3,-3,-3,-3,-3,-3,-3,-3	ok
1.951952	12.552553	-17.474038	0.295142	continued:5	30202920268257714220296010089345710995565877019664095498865225749220960604015052557062743790514303797854077637293569921000870396925526515983150731521267335089025405517472896933326352035670910501680009305307357689186457723131257009509534091670430870863502598474149048398761204889656990100878052743549637756726566851031510230666221054939931799060605621094463943911105194419638882001731513889010426644375793267846557260810495756032628826988956013782537290695348254913833827203136411994037525881037405685062393130959371628628301882198404504760962803101949363326026351690168886990247574105823345084186594864947383268960677538612383086600003099551566719740842927700772358009098043263923764431979589478150515130351175187740723494975819258811603061124058899600680555728609567515854667162991395060890418469231711848485311318542753907194301362725997971810652570110849997979223594604051481656177604469318276868086153708139740017842436016415375967559452944620593004078203810660304033038445981068264567170788889081366182999614172841726914182088053249045622519387891783181232772286487593353811453227852933118110855993091139662138433055133684283001569863948605832997311247428062245180471605437689094856274454336720501831609251565164288976046662096865672361092274021043560765797298718936419227069792501976157764905733864427247559954916726694921628591801634225855308331491864061344127941113302829493267124652408103566823077326672576624145433736143581024369501231404318466014110893073183310007882394855985157402413423170630260096931767568343997103596353978928860687541997270861853176428409750249297980518823171939110695687391333971058524725231126504041710330327068760719115669855674355285112726403972579981226492938902574711408533317054389666380207662132009233065804967100446884193697302756326770618952715385960330453229789518614741094771980197770088685453977047330883843316762959864368746766246785391336875357155674036208523471414967639482092147203439433500129293588215243737073274502723845974340984815818515915507384915173014910497785051861639861905924945095576492115355385218041042378271615724100641221848654380189628961176402275701850351487516811987783734628656876124575	30202920268257714220296010089345710995565877019664095498865225749199342152807611938856960214582501211693450742681944830680085042776774497109079917447866900614562466173599739216008128699278025331330411443787482345010263216178424250018365361356950272463540126306018939452323739143596039358945798055801236801280464807334967408674623567635159501444847428299040045275375015573627088906550740194213318215358665649340175457594333913840164029769665189212067649243131533893227925012361338087753336439526556145784122326885055133446097194404044786132205304544207938781649587484380043637858918572330140114923465303252343759198986767930963092374858054417728161261345708442402298524765027534562413211552281198850211153393798900006730353456535518559497323465584770904564700863193722838843939597809277315068629154216908084914398325905254273895647861295365352941011860010042434288428966105874018775333265034883920789766721908400656563120234662673145312287207159725428443288733270970031400103723180278371912955497116527278264984289552421767512945911398083370476424729825616933965100403045620347692099981923514886462101865863596570469694098607237517460609185697972102288531172048673444194653933944307355823471796193584488419839992099858136277461578161123700043244651707986014340161586495187257764125937884888012586487780946636142767858630866670390893006583100082695487541485428441126881480274159197899162498911111889525730094536435852972436174362471904359162316328682773833706624866933746842248879761515579077425658989979738193381671026450923476603764513424748908244112422180263256698364222724497546036077958601759278561033427833919445070837179373455146776018285885237495462098045375935796489580722645051771392517245302171271093412760545437966925692103773494209688339530796131204463328769287044368986749906191478385049569623606883024734475687790142422891270907283350225760344062446922142984772494528471777010325345748355142839421977416389553656036609549290331635416504825257928693272231550730866939269517208772327070661174603513536425514074736011386340298429283435111809636902011613184727009536683208626550441869125961685037733037677262828008236462091816094919251738750106285	-1,-4,3,3,3,-3,-3,-3,-3,-3,-3,-3	3,3,3,-3,-3,-3,-3,-3,-3,-3,-3,-3	ok
1.955956	12.552553	-17.478070	0.295850	continued:5	30202920268257714220296010089345710995565877019664095498865225749220960604015052557062743790514303797854077637293569921000870396925526515983150731521267335089025405517472896933326352035670910501680009305307357689186457723131257009509534091670430870863502598474149048398761204889656990100878052743549637756726566851031510230666221054939931799060605621094463943911105194419638882001731513889010426644375793267846557260810495756032628826988956013782537290695348254913833827203136411994037525881037405685062393130959371628628301882198404504760962803101949363326026351690168886990247574105823345084186594864947383268960677538612383086600003099551566719740842927700772358009098043263923764431979589478150515130351175187740723494975819258811603061124058899600680555728609567515854667162991395060890418469231711848485311318542753907194301362725997971810652570110849997979223594604051481656177604469318276868086153708139740017842436016415375967559452944620593004078203810660304033038445981068264567170788889081366182999614172841726914182088053249045622519387891783181232772286487593353811453227852933118110855993091139662138433055133684283001569863948605832997311247428062245180471605437689094856274454336720501831609251565164288976046662096865672361092274021043560765797298718936419227069792501976157764905733864427247559954916726694921628591801634225855308331491864061344127941113302829493267124652408103566823077326672576624145433736143581024369501231404318466014110893073183310007882394855985157402413423170630260096931767568343997103596353978928860687541997270861853176428409750249297980518823171939110695687391333971058524725231126504041710330327068760719115669855674355285112726403972579981226492938902574711408533317054389666380207662132009233065804967100446884193697302756326770618952715385960330453229789518614741094771980197770088685453977047330883843316762959864368746766246785391336875357155674036208523471414967639482092147203439433500129293588215243737073274502723845974340984815818515915507384915173014910497785051861639861905924945095576492115355385218041042378271615724100641221848654380189628961176402275701850351487516811987783734628656876124575	30202920268257714220296010089345710995565877019664095498865225749199342152807611938856960214582501211693450742681944830680085042776774497109079917447866900614562466173599739216008128699278025331330411443787482345010263216178424250018365361356950272463540126306018939452323739143596039358945798055801236801280464807334967408674623567635159501444847428299040045275375015573627088906550740194213318215358665649340175457594333913840164029769665189212067649243131533893227925012361338087753336439526556145784122326885055133446097194404044786132205304544207938781649587484380043637858918572330140114923465303252343759198986767930963092374858054417728161261345708442402298524765027534562413211552281198850211153393798900006730353456535518559497323465584770904564700863193722838843939597809277315068629154216908084914398325905254273895647861295365352941011860010042434288428966105874018775333265034883920789766721908400656563120234662673145312287207159725428443288733270970031400103723180278371912955497116527278264984289552421767512945911398083370476424729825616933965100403045620347692099981923514886462101865863596570469694098607237517460609185697972102288531172048673444194653933944307355823471796193584488419839992099858136277461578161123700043244651707986014340161586495187257764125937884888012586487780946636142767858630866670390893006583100082695487541485428441126881480274159197899162498911111889525730094536435852972436174362471904359162316328682773833706624866933746842248879761515579077425658989979738193381671026450923476603764513424748908244112422180263256698364222724497546036077958601759278561033427833919445070837179373455146776018285885237495462098045375935796489580722645051771392517245302171271093412760545437966925692103773494209688339530796131204463328769287044368986749906191478385049569623606883024734475687790142422891270907283350225760344062446922142984772494528471777010325345748355142839421977416389553656036609549290331635416504825257928693272231550730866939269517208772327070661174603513536425514074736011386340298429283435111809636902011613184727009536683208626550441869125961685037733037677262828008236462091816094919251738750106285	-1,-4,3,3,3,-3,-3,-3,-3,-3,-3,-3	3,3,3,-3,-3,-3,-3,-3,-3,-3,-3,-3	ok
1.959960	12.552553	-17.497109	0.298643	continued:5	30202920268257714220296010089345710995565877019664095498865225749220960604015052557062743790514303797854077637293569921000870396925526515983150731521267335089025405517472896933326352035670910501680009305307357689186457723131257009509534091670430870863502598474149048398761204889656990100878052743549637756726566851031510230666221054939931799060605621094463943911105194419638882001731513889010426644375793267846557260810495756032628826988956013782537290695348254913833827203136411994037525881037405685062393130959371628628301882198404504760962803101949363326026351690168886990247574105823345084186594864947383268960677538612383086600003099551566719740842927700772358009098043263923764431979589478150515130351175187740723494975819258811603061124058899600680555728609567515854667162991395060890418469231711848485311318542753907194301362725997971810652570110849997979223594604051481656177604469318276868086153708139740017842436016415375967559452944620593004078203810660304033038445981068264567170788889081366182999614172841726914182088053249045622519387891783181232772286487593353811453227852933118110855993091139662138433055133684283001569863948605832997311247428062245180471605437689094856274454336720501831609251565164288976046662096865672361092274021043560765797298718936419227069792501976157764905733864427247559954916726694921628591801634225855308331491864061344127941113302829493267124652408103566823077326672576624145433736143581024369501231404318466014110893073183310007882394855985157402413423170630260096931767568343997103596353978928860687541997270861853176428409750249297980518823171939110695687391333971058524725231126504041710330327068760719115669855674355285112726403972579981226492938902574711408533317054389666380207662132009233065804967100446884193697302756326770618952715385960330453229789518614741094771980197770088685453977047330883843316762959864368746766246785391336875357155674036208523471414967639482092147203439433500129293588215243737073274502723845974340984815818515915507384915173014910497785051861639861905924945095576492115355385218041042378271615724100641221848654380189628961176402275701850351487516811987783734628656876124575	30202920268257714220296010089345710995565877019664095498865225749199342152807611938856960214582501211693450742681944830680085042776774497109079917447866900614562466173599739216008128699278025331330411443787482345010263216178424250018365361356950272463540126306018939452323739143596039358945798055801236801280464807334967408674623567635159501444847428299040045275375015573627088906550740194213318215358665649340175457594333913840164029769665189212067649243131533893227925012361338087753336439526556145784122326885055133446097194404044786132205304544207938781649587484380043637858918572330140114923465303252343759198986767930963092374858054417728161261345708442402298524765027534562413211552281198850211153393798900006730353456535518559497323465584770904564700863193722838843939597809277315068629154216908084914398325905254273895647861295365352941011860010042434288428966105874018775333265034883920789766721908400656563120234662673145312287207159725428443288733270970031400103723180278371912955497116527278264984289552421767512945911398083370476424729825616933965100403045620347692099981923514886462101865863596570469694098607237517460609185697972102288531172048673444194653933944307355823471796193584488419839992099858136277461578161123700043244651707986014340161586495187257764125937884888012586487780946636142767858630866670390893006583100082695487541485428441126881480274159197899162498911111889525730094536435852972436174362471904359162316328682773833706624866933746842248879761515579077425658989979738193381671026450923476603764513424748908244112422180263256698364222724497546036077958601759278561033427833919445070837179373455146776018285885237495462098045375935796489580722645051771392517245302171271093412760545437966925692103773494209688339530796131204463328769287044368986749906191478385049569623606883024734475687790142422891270907283350225760344062446922142984772494528471777010325345748355142839421977416389553656036609549290331635416504825257928693272231550730866939269517208772327070661174603513536425514074736011386340298429283435111809636902011613184727009536683208626550441869125961685037733037677262828008236462091816094919251738750106285	-1,-4,3,3,3,-3,-3,-3,-3,-3,-3,-3	3,3,3,-3,-3,-3,-3,-3,-3,-3,-3,-3	ok
1.963964	12.552553	-18.576930	0.301437	continued:5	30202920268257714220296010089345710995565877019664095498865225749220960604015052557062743790514303797854077637293569921000870396925526515983150731521267335089025405517472896933326352035670910501680009305307357689186457723131257009509534091670430870863502598474149048398761204889656990100878052743549637756726566851031510230666221054939931799060605621094463943911105194419638882001731513889010426644375793267846557260810495756032628826988956013782537290695348254913833827203136411994037525881037405685062393130959371628628301882198404504760962803101949363326026351690168886990247574105823345084186594864947383268960677538612383086600003099551566719740842927700772358009098043263923764431979589478150515130351175187740723494975819258811603061124058899600680555728609567515854667162991395060890418469231711848485311318542753907194301362725997971810652570110849997979223594604051481656177604469318276868086153708139740017842436016415375967559452944620593004078203810660304033038445981068264567170788889081366182999614172841726914182088053249045622519387891783181232772286487593353811453227852933118110855993091139662138433055133684283001569863948605832997311247428062245180471605437689094856274454336720501831609251565164288976046662096865672361092274021043560765797298718936419227069792501976157764905733864427247559954916726694921628591801634225855308331491864061344127941113302829493267124652408103566823077326672576624145433736143581024369501231404318466014110893073183310007882394855985157402413423170630260096931767568343997103596353978928860687541997270861853176428409750249297980518823171939110695687391333971058524725231126504041710330327068760719115669855674355285112726403972579981226492938902574711408533317054389666380207662132009233065804967100446884193697302756326770618952715385960330453229789518614741094771980197770088685453977047330883843316762959864368746766246785391336875357155674036208523471414967639482092147203439433500129293588215243737073274502723845974340984815818515915507384915173014910497785051861639861905924945095576492115355385218041042378271615724100641221848654380189628961176402275701850351487516811987783734628656876124575	30202920268257714220296010089345710995565877019664095498865225749199342152807611938856960214582501211693450742681944830680085042776774497109079917447866900614562466173599739216008128699278025331330411443787482345010263216178424250018365361356950272463540126306018939452323739143596039358945798055801236801280464807334967408674623567635159501444847428299040045275375015573627088906550740194213318215358665649340175457594333913840164029769665189212067649243131533893227925012361338087753336439526556145784122326885055133446097194404044786132205304544207938781649587484380043637858918572330140114923465303252343759198986767930963092374858054417728161261345708442402298524765027534562413211552281198850211153393798900006730353456535518559497323465584770904564700863193722838843939597809277315068629154216908084914398325905254273895647861295365352941011860010042434288428966105874018775333265034883920789766721908400656563120234662673145312287207159725428443288733270970031400103723180278371912955497116527278264984289552421767512945911398083370476424729825616933965100403045620347692099981923514886462101865863596570469694098607237517460609185697972102288531172048673444194653933944307355823471796193584488419839992099858136277461578161123700043244651707986014340161586495187257764125937884888012586487780946636142767858630866670390893006583100082695487541485428441126881480274159197899162498911111889525730094536435852972436174362471904359162316328682773833706624866933746842248879761515579077425658989979738193381671026450923476603764513424748908244112422180263256698364222724497546036077958601759278561033427833919445070837179373455146776018285885237495462098045375935796489580722645051771392517245302171271093412760545437966925692103773494209688339530796131204463328769287044368986749906191478385049569623606883024734475687790142422891270907283350225760344062446922142984772494528471777010325345748355142839421977416389553656036609549290331635416504825257928693272231550730866939269517208772327070661174603513536425514074736011386340298429283435111809636902011613184727009536683208626550441869125961685037733037677262828008236462091816094919251738750106285	-1,-4,3,3,3,-3,-3,-3,-3,-3,-3,-3	3,3,3,-3,-3,-3,-3,-3,-3,-3,-3,-3	ok
1.967968	12.552553	-48.193492	0.304230	continued:5	30202920268257714220296010089345710995565877019664095498865225749220960604015052557062743790514303797854077637293569921000870396925526515983150731521267335089025405517472896933326352035670910501680009305307357689186457723131257009509534091670430870863502598474149048398761204889656990100878052743549637756726566851031510230666221054939931799060605621094463943911105194419638882001731513889010426644375793267846557260810495756032628826988956013782537290695348254913833827203136411994037525881037405685062393130959371628628301882198404504760962803101949363326026351690168886990247574105823345084186594864947383268960677538612383086600003099551566719740842927700772358009098043263923764431979589478150515130351175187740723494975819258811603061124058899600680555728609567515854667162991395060890418469231711848485311318542753907194301362725997971810652570110849997979223594604051481656177604469318276868086153708139740017842436016415375967559452944620593004078203810660304033038445981068264567170788889081366182999614172841726914182088053249045622519387891783181232772286487593353811453227852933118110855993091139662138433055133684283001569863948605832997311247428062245180471605437689094856274454336720501831609251565164288976046662096865672361092274021043560765797298718936419227069792501976157764905733864427247559954916726694921628591801634225855308331491864061344127941113302829493267124652408103566823077326672576624145433736143581024369501231404318466014110893073183310007882394855985157402413423170630260096931767568343997103596353978928860687541997270861853176428409750249297980518823171939110695687391333971058524725231126504041710330327068760719115669855674355285112726403972579981226492938902574711408533317054389666380207662132009233065804967100446884193697302756326770618952715385960330453229789518614741094771980197770088685453977047330883843316762959864368746766246785391336875357155674036208523471414967639482092147203439433500129293588215243737073274502723845974340984815818515915507384915173014910497785051861639861905924945095576492115355385218041042378271615724100641221848654380189628961176402275701850351487516811987783734628656876124575	30202920268257714220296010089345710995565877019664095498865225749199342152807611938856960214582501211693450742681944830680085042776774497109079917447866900614562466173599739216008128699278025331330411443787482345010263216178424250018365361356950272463540126306018939452323739143596039358945798055801236801280464807334967408674623567635159501444847428299040045275375015573627088906550740194213318215358665649340175457594333913840164029769665189212067649243131533893227925012361338087753336439526556145784122326885055133446097194404044786132205304544207938781649587484380043637858918572330140114923465303252343759198986767930963092374858054417728161261345708442402298524765027534562413211552281198850211153393798900006730353456535518559497323465584770904564700863193722838843939597809277315068629154216908084914398325905254273895647861295365352941011860010042434288428966105874018775333265034883920789766721908400656563120234662673145312287207159725428443288733270970031400103723180278371912955497116527278264984289552421767512945911398083370476424729825616933965100403045620347692099981923514886462101865863596570469694098607237517460609185697972102288531172048673444194653933944307355823471796193584488419839992099858136277461578161123700043244651707986014340161586495187257764125937884888012586487780946636142767858630866670390893006583100082695487541485428441126881480274159197899162498911111889525730094536435852972436174362471904359162316328682773833706624866933746842248879761515579077425658989979738193381671026450923476603764513424748908244112422180263256698364222724497546036077958601759278561033427833919445070837179373455146776018285885237495462098045375935796489580722645051771392517245302171271093412760545437966925692103773494209688339530796131204463328769287044368986749906191478385049569623606883024734475687790142422891270907283350225760344062446922142984772494528471777010325345748355142839421977416389553656036609549290331635416504825257928693272231550730866939269517208772327070661174603513536425514074736011386340298429283435111809636902011613184727009536683208626550441869125961685037733037677262828008236462091816094919251738750106285	-1,-4,3,3,3,-3,-3,-3,-3,-3,-3,-3	3,3,3,-3,-3,-3,-3,-3,-3,-3,-3,-3	ok
1.971972	12.552553	-52.171625	0.306482	continued:5	30202920268257714220296010089345710995565877019664095498865225749199342152807611938856960214582501211693450742681944830680085042776774980668935696182952798049439075990919539986833334273471961748874410331433753959771735706066235765045701292925523428667690657005726601698826566016461611591728489202097301766890603037095036997032797973793636700205664642797139854506721221838543413216788192383988326222397983337921700081448152020768763371934759822650032600964986486018307490780670125875606634284351153643846756432632094913481044087713659884383258194081067955460418847804759083248199769573940515217666332235484888686138416179361936750452173182105951966960107113988139551669765769051191870807360108991262497293355574887467064176479729193760651271693282219828544164819049948557459189553865720095824103248563383963623265287193374966930539335400458255558508195418014861501313245229212826996552814141366338770246851937647412659436164719255454929515453588413962234450479094640430005405669225089482743526590385705835525571591127059153843543491315223704492982951179489407671121923964687349299698554300208004179081277409991464288328196421324053110032376027352363945525495272882111927746016363630968853092061321827503567341432783013248889338494845954838421093869324536887398137220926976600036834291017499444630782881873712141243361036714332399131224948339511178050631213626107097320864691430134937851438398054468382414673727824873068793086204530738027031527827995535296353506130303626924757030099197333187780445279469545936103189960476153397590938490599008193191391467663362653865653537384089965255716218396359784724562020831901223985382590239939040322845121776514109434328209486059465909698690584897797401391146952969290741267872475312426330078597350072412159821342285647238972052747771055177635061397453852606211659514836845882113973619972320978416371045060219095204959173669450886953158698446030298810767122457315534115742990097688142499396878597393423238482222672720583522468482370670595016859494996098902686985183574631090914492214453971033623491076302177762469771264528631799948674872579018534772178540124474816830684047979220595910959454693438246667103447225167848	30202920268257714220296010089345710995565877019664095498865225749199342152807611938856960214582501211693450742681944830680085042776774497109079917447866900614562466173599739216008128699278025331330411443787482345010263216178424250018365361356950272463540126306018939452323739143596039358945798055801236801280464807334967408674623567635159501444847428299040045275375015573627088906550740194213318215358665649340175457594333913840164029769665189212067649243131533893227925012361338087753336439526556145784122326885055133446097194404044786132205304544207938781649587484380043637858918572330140114923465303252343759198986767930963092374858054417728161261345708442402298524765027534562413211552281198850211153393798900006730353456535518559497323465584770904564700863193722838843939597809277315068629154216908084914398325905254273895647861295365352941011860010042434288428966105874018775333265034883920789766721908400656563120234662673145312287207159725428443288733270970031400103723180278371912955497116527278264984289552421767512945911398083370476424729825616933965100403045620347692099981923514886462101865863596570469694098607237517460609185697972102288531172048673444194653933944307355823471796193584488419839992099858136277461578161123700043244651707986014340161586495187257764125937884888012586487780946636142767858630866670390893006583100082695487541485428441126881480274159197899162498911111889525730094536435852972436174362471904359162316328682773833706624866933746842248879761515579077425658989979738193381671026450923476603764513424748908244112422180263256698364222724497546036077958601759278561033427833919445070837179373455146776018285885237495462098045375935796489580722645051771392517245302171271093412760545437966925692103773494209688339530796131204463328769287044368986749906191478385049569623606883024734475687790142422891270907283350225760344062446922142984772494528471777010325345748355142839421977416389553656036609549290331635416504825257928693272231550730866939269517208772327070661174603513536425514074736011386340298429283435111809636902011613184727009536683208626550441869125961685037733037677262828008236462091816094919251738750106285	1,3,3,3,-3,-3,-3,-3,-3,-3,-3,-3	3,3,3,-3,-3,-3,-3,-3,-3,-3,-3,-3	ok
1.975976	12.552553	-54.529447	0.308735	continued:5	30202920268257714220296010089345710995565877019664095498865225749199342152807611938856960214582501211693450742681944830680085042776774497109079917447866900614562466173599739216008128699278025331330411443787482345010263216178424250018365361356950272463540126306018939451839865953429518165420628892996704349725994754015140261652895723373569119758386872312465651244072630423033486129783118424779941636024449580834933858749659639432027188539641503779874502364293040581406132299503788114580259630196995653459294986678977559834773739716351099704639419174908636020856909869027494102628084240761241614219102177484409073929668014262354833049264474150689205152286629387880067773343390875433565551569121278236186428221708156881250641142755437490728949576108025196029657985800793652337460877946102770881807760874669759177035252865231061550258967890304897022974937680541106620842578777527818701728345512556793465639674081551861790120857189936279538659389718355836001549683884250767744226396939114805881855883835832082929383550814199595967026876498730503949321026706056861014631758843863605382301102558713650375805165508497252711373354743183914657986956446196532258714482428838975140482682128530268236633635010345484599173171629643530098762070182958625495919860156384840164815436467889748504044147239134633297209265366147581947430312498087410819578185313779510152613262828894864874417599238987489857381140717750959293137415242387389138706998290537095846648934255249249148219963475065794520052970303827035966456178171906881411400022848874867956116582052077235419849880266154126163470454141700148683237790231986539751493648989204917167785000648296153544375631653926406448568790108696669238163955485739296957503771856976243528425435341614109448307811046208390391340074585334292227604414224428158307765393788172109484857346494636654228998529243421439499893325166632066752238699710151126677744244770399847762965957891343794337013070560851088974675809742197106919182419763235073979751849294836065902909807067838792672307996905579063263204209752130941048698841486585162342425541146159783453300917009889261246703136122942944735882003716099913524826564543867624031872979436739599	30202920268257714220296010089345710995565877019664095498865225749199342152807611938856960214582501211693450742681944830680085042776774497109079917447866900614562466173599739216008128699278025331330411443787482345010263216178424250018365361356950272463540126306018939452323739143596039358945798055801236801280464807334967408674623567635159501444847428299040045275375015573627088906550740194213318215358665649340175457594333913840164029769665189212067649243131533893227925012361338087753336439526556145784122326885055133446097194404044786132205304544207938781649587484380043637858918572330140114923465303252343759198986767930963092374858054417728161261345708442402298524765027534562413211552281198850211153393798900006730353456535518559497323465584770904564700863193722838843939597809277315068629154216908084914398325905254273895647861295365352941011860010042434288428966105874018775333265034883920789766721908400656563120234662673145312287207159725428443288733270970031400103723180278371912955497116527278264984289552421767512945911398083370476424729825616933965100403045620347692099981923514886462101865863596570469694098607237517460609185697972102288531172048673444194653933944307355823471796193584488419839992099858136277461578161123700043244651707986014340161586495187257764125937884888012586487780946636142767858630866670390893006583100082695487541485428441126881480274159197899162498911111889525730094536435852972436174362471904359162316328682773833706624866933746842248879761515579077425658989979738193381671026450923476603764513424748908244112422180263256698364222724497546036077958601759278561033427833919445070837179373455146776018285885237495462098045375935796489580722645051771392517245302171271093412760545437966925692103773494209688339530796131204463328769287044368986749906191478385049569623606883024734475687790142422891270907283350225760344062446922142984772494528471777010325345748355142839421977416389553656036609549290331635416504825257928693272231550730866939269517208772327070661174603513536425514074736011386340298429283435111809636902011613184727009536683208626550441869125961685037733037677262828008236462091816094919251738750106285	1,-3,-3,-3,-3,-3,-3,-3,-3,-3,-3,-3	3,3,3,-3,-3,-3,-3,-3,-3,-3,-3,-3	ok
1.979980	12.552553	-55.824016	0.311528	continued:5	30202920268257714220296010089345710995565877019664095498865225749199342152807611938856960214582501211693450742681944830680085042776774497109079917447866900614562466173599739216008128699278025331330411443787482345010263216178424250018365361356950272463540126306018939451839865953429518165420628892996704349725994754015140261652895723373569119758386872312465651244072630423033486129783118424779941636024449580834933858749659639432027188539641503779874502364293040581406132299503788114580259630196995653459294986678977559834773739716351099704639419174908636020856909869027494102628084240761241614219102177484409073929668014262354833049264474150689205152286629387880067773343390875433565551569121278236186428221708156881250641142755437490728949576108025196029657985800793652337460877946102770881807760874669759177035252865231061550258967890304897022974937680541106620842578777527818701728345512556793465639674081551861790120857189936279538659389718355836001549683884250767744226396939114805881855883835832082929383550814199595967026876498730503949321026706056861014631758843863605397845341431880188077510630862634709982762358597933759264043980272735231793851342202096078610598726506540110914006713555865306716953116916016388739482117787877633219826057509635074354706328044870040049434082113384031176447494627509559899569709274353737804594879545294793155142005561312671860118940976156048575804570346094186688815919718740840967678604882969779685162738015187929617868603400357617911589881056128657270023007794287317827157413148304020420321951225614584113702405833499502709259977398308278956501187282083448724490854388514264699390039331708541368886212152569333275234038942792780192550108710727675347495425374206904500735048853682177505487458072709019995040356670056529621339896703515065580086586558353947987950422723021942650802445963716865279511784623016573175849337913302753769042233917959819796120441325196681683608883796829809594244212086212950387591950102568892731694303576747116037939962316393886637401527506664219191260462687231618876810092464183304636890029331132513458004271961632472732108801069677297221925022295664559896860100320681096607226683991752402	30202920268257714220296010089345710995565877019664095498865225749199342152807611938856960214582501211693450742681944830680085042776774497109079917447866900614562466173599739216008128699278025331330411443787482345010263216178424250018365361356950272463540126306018939452323739143596039358945798055801236801280464807334967408674623567635159501444847428299040045275375015573627088906550740194213318215358665649340175457594333913840164029769665189212067649243131533893227925012361338087753336439526556145784122326885055133446097194404044786132205304544207938781649587484380043637858918572330140114923465303252343759198986767930963092374858054417728161261345708442402298524765027534562413211552281198850211153393798900006730353456535518559497323465584770904564700863193722838843939597809277315068629154216908084914398325905254273895647861295365352941011860010042434288428966105874018775333265034883920789766721908400656563120234662673145312287207159725428443288733270970031400103723180278371912955497116527278264984289552421767512945911398083370476424729825616933965100403045620347692099981923514886462101865863596570469694098607237517460609185697972102288531172048673444194653933944307355823471796193584488419839992099858136277461578161123700043244651707986014340161586495187257764125937884888012586487780946636142767858630866670390893006583100082695487541485428441126881480274159197899162498911111889525730094536435852972436174362471904359162316328682773833706624866933746842248879761515579077425658989979738193381671026450923476603764513424748908244112422180263256698364222724497546036077958601759278561033427833919445070837179373455146776018285885237495462098045375935796489580722645051771392517245302171271093412760545437966925692103773494209688339530796131204463328769287044368986749906191478385049569623606883024734475687790142422891270907283350225760344062446922142984772494528471777010325345748355142839421977416389553656036609549290331635416504825257928693272231550730866939269517208772327070661174603513536425514074736011386340298429283435111809636902011613184727009536683208626550441869125961685037733037677262828008236462091816094919251738750106285	2,-3,-3,-3,-3,-3,-3,-3,-3,-3,-3,-3	3,3,3,-3,-3,-3,-3,-3,-3,-3,-3,-3	ok
1.983984	12.552553	-56.613361	0.313318	continued:5	30202920268257714220296010089345710995565877019664095498865225749199342152807611938856960214582501211693450742681944830680085042776774497109079917447866900614562466173599739216008128699278025331330411443787482345010263216178424250018365361356950272463540126306018939451839865953429518165420628892996704349725994754015140261652895723373569119758386872312465651244072630423033486129783118424779941636024449580834933858749659639432027188539641503779874502364293040581406132299503788114580259630196995653459294986678977559834773739716351099704639419174908636020856909869027494102628084240761241614219102177484409073929668014262354833049264474150689205152286629387880067773343390875433565551569121278236186428221708156881250641142755437490728949576108025196029657985800793652337460877946102770881807760874669759177035252865231061550258967890304897022974937680541106620842578777527818701728345512556793465639674081551861790120857189936279538659389718355836001549683884250767744226396939114805881855883835832082929383550814199595967026876498730503949321026706056861014631758843863605390073221995296919226657898185565981347067856670558836961015468359465882026282912315467526875540704317535189575320174283105395658063144272829959419122093985418129357872958833009957259760882256379894276739114676259332236828379996828570923500010886220574312086532429537151653877634195103768367268270107571769216592855531922572990976667480564115053192801586753437765905836135218589383044283437711706215821425679977846618239592983097099619278717998589444188219266638845909766776143049826814436365215770004213819869488757034994237992251688859590933587519990002347456630921903247869861901414525744724715357032098233486152499598615591574014580242097648143476897634559458705193190215627695410924472155463971611943925990173263028736403884608829298439900487603569152389702554894824319964044018811726940223393239344179833779543199608270238010310977178840449284460010914205028653387184932901983355723076435791590970424884692116339654854762206121641227232336219681279962754466975384233489657785238646148455652594485760866989405968596310120978903513005882236710843332432274360319549831714246000	30202920268257714220296010089345710995565877019664095498865225749199342152807611938856960214582501211693450742681944830680085042776774497109079917447866900614562466173599739216008128699278025331330411443787482345010263216178424250018365361356950272463540126306018939452323739143596039358945798055801236801280464807334967408674623567635159501444847428299040045275375015573627088906550740194213318215358665649340175457594333913840164029769665189212067649243131533893227925012361338087753336439526556145784122326885055133446097194404044786132205304544207938781649587484380043637858918572330140114923465303252343759198986767930963092374858054417728161261345708442402298524765027534562413211552281198850211153393798900006730353456535518559497323465584770904564700863193722838843939597809277315068629154216908084914398325905254273895647861295365352941011860010042434288428966105874018775333265034883920789766721908400656563120234662673145312287207159725428443288733270970031400103723180278371912955497116527278264984289552421767512945911398083370476424729825616933965100403045620347692099981923514886462101865863596570469694098607237517460609185697972102288531172048673444194653933944307355823471796193584488419839992099858136277461578161123700043244651707986014340161586495187257764125937884888012586487780946636142767858630866670390893006583100082695487541485428441126881480274159197899162498911111889525730094536435852972436174362471904359162316328682773833706624866933746842248879761515579077425658989979738193381671026450923476603764513424748908244112422180263256698364222724497546036077958601759278561033427833919445070837179373455146776018285885237495462098045375935796489580722645051771392517245302171271093412760545437966925692103773494209688339530796131204463328769287044368986749906191478385049569623606883024734475687790142422891270907283350225760344062446922142984772494528471777010325345748355142839421977416389553656036609549290331635416504825257928693272231550730866939269517208772327070661174603513536425514074736011386340298429283435111809636902011613184727009536683208626550441869125961685037733037677262828008236462091816094919251738750106285	-2,-3,-3,-3,-3,-3,-3,-3,-3,-3,-3,-3	3,3,3,-3,-3,-3,-3,-3,-3,-3,-3,-3	ok
1.987988	12.552553	-57.171434	0.316112	continued:5	30202920268257714220296010089345710995565877019664095498865225749199342152807611938856960214582501211693450742681944830680085042776774497109079917447866900614562466173599739216008128699278025331330411443787482345010263216178424250018365361356950272463540126306018939451839865953429518165420628892996704349725994754015140261652895723373569119758386872312465651244072630423033486129783118424779941636024449580834933858749659639432027188539641503779874502364293040581406132299503788114580259630196995653459294986678977559834773739716351099704639419174908636020856909869027494102628084240761241614219102177484409073929668014262354833049264474150689205152286629387880067773343390875433565551569121278236186428221708156881250641142755437490728949576108025196029657985800793652337460877946102770881807760874669759177035252865231061550258967890304897022974937680541106620842578777527818701728345512556793465639674081551861790120857189936279538659389718355836001549683884250767744226396939114805881855883835832082929383550814199595967026876498730503949321026706056861014631758843863605382301102558713650375805165508497252711373354743183914657986956446196532258714482428838975140482682128530268236633635010345484599173171629643530098762070182958625495919860156384840164815436467889748504044147239134633297209265366147581947430312498087410819578185313779510152613262828894864874417599238987489857381140717750959293137415242387389138706998290537095846648934255249249148219963475065794520052970303827035966456178171906881411400022848874867956116582052077235419849880266154126163470454141700148683237790231986539751493648989204917167785000648296153544375631653926406448568790108696669238163955485739296957503771856976243528425435341614109448307811046208390391340074585334292227604414224428158307765393788172109484857346494636654228998529243421439499893325166632066752238699710151126677744244770399847762965957891343794337013070560851088974675809742197106919182419763235073979751849294836065902909807067838792672307996905579063263204209752130941048698841486585162342425541146159783453300917009889261246703136122942944735882003716099913524826564543867624031872979436739599	30202920268257714220296010089345710995565877019664095498865225749199342152807611938856960214582501211693450742681944830680085042776774497109079917447866900614562466173599739216008128699278025331330411443787482345010263216178424250018365361356950272463540126306018939452323739143596039358945798055801236801280464807334967408674623567635159501444847428299040045275375015573627088906550740194213318215358665649340175457594333913840164029769665189212067649243131533893227925012361338087753336439526556145784122326885055133446097194404044786132205304544207938781649587484380043637858918572330140114923465303252343759198986767930963092374858054417728161261345708442402298524765027534562413211552281198850211153393798900006730353456535518559497323465584770904564700863193722838843939597809277315068629154216908084914398325905254273895647861295365352941011860010042434288428966105874018775333265034883920789766721908400656563120234662673145312287207159725428443288733270970031400103723180278371912955497116527278264984289552421767512945911398083370476424729825616933965100403045620347692099981923514886462101865863596570469694098607237517460609185697972102288531172048673444194653933944307355823471796193584488419839992099858136277461578161123700043244651707986014340161586495187257764125937884888012586487780946636142767858630866670390893006583100082695487541485428441126881480274159197899162498911111889525730094536435852972436174362471904359162316328682773833706624866933746842248879761515579077425658989979738193381671026450923476603764513424748908244112422180263256698364222724497546036077958601759278561033427833919445070837179373455146776018285885237495462098045375935796489580722645051771392517245302171271093412760545437966925692103773494209688339530796131204463328769287044368986749906191478385049569623606883024734475687790142422891270907283350225760344062446922142984772494528471777010325345748355142839421977416389553656036609549290331635416504825257928693272231550730866939269517208772327070661174603513536425514074736011386340298429283435111809636902011613184727009536683208626550441869125961685037733037677262828008236462091816094919251738750106285	1,-3,-3,-3,-3,-3,-3,-3,-3,-3,-3,-3	3,3,3,-3,-3,-3,-3,-3,-3,-3,-3,-3	ok
1.991992	12.552553	-57.565584	0.314194	continued:5	30202920268257714220296010089345710995565877019664095498865225749199342152807611938856960214582501211693450742681944830680085042776774497109079917447866900614562466173599739216008128699278025331330411443787482345010263216178424250018365361356950272463540126306018939451839865953429518165420628892996704349725994754015140261652895723373569119758386872312465651244072630423033486129783118424779941636024449580834933858749659639432027188539641503779874502364293040581406132299503788114580259630196995653459294986678977559834773739716351099704639419174908636020856909869027494102628084240761241614219102177484409073929668014262354833049264474150689205152286629387880067773343390875433565551569121278236186428221708156881250641142755437490728949576108025196029657985800793652337460877946102770881807760874669759177035252865231061550258967890304897022974937680541106620842578777527818701728345512556793465639674081551861790120857189936279538659389718355836001549683884250767744226396939114805881855883835832082929383550814199595967026876498730503949321026706056861014631758843863605382301102558713650375805165508497252711373354743183914657986956446196532258714482428838975140482682128530268236633635010345484599173171629643530098762070182958625495919860156384840164815436467889748504044147239134633297209265366147581947430312498087410819578185313779510152613262828894864874417599238987489857381140717750959293137415242387389138706998290537095846648934255249249148219963475065794520052970303827035966456178171906881411400022848874867956116582052077235419849880266154126163470454141700148683237790231986539751493648989204917167785000648296153544375631653926406448568790108696669238163955485739296957503771856976243528425435341614109448307811046208390391340074585334292227604414224428158307765393788172109484857346494636654228998529243421439499893325166632066752238699710151126677744244770399847762965957891343794337013070560851088974675809742197106919182419763235073979751849294836065902909807067838792672307996905579063263204209752130941048698841486585162342425541146159783453300917009889261246703136122942944735882003716099913524826564543867624031872979436739599	30202920268257714220296010089345710995565877019664095498865225749199342152807611938856960214582501211693450742681944830680085042776774497109079917447866900614562466173599739216008128699278025331330411443787482345010263216178424250018365361356950272463540126306018939452323739143596039358945798055801236801280464807334967408674623567635159501444847428299040045275375015573627088906550740194213318215358665649340175457594333913840164029769665189212067649243131533893227925012361338087753336439526556145784122326885055133446097194404044786132205304544207938781649587484380043637858918572330140114923465303252343759198986767930963092374858054417728161261345708442402298524765027534562413211552281198850211153393798900006730353456535518559497323465584770904564700863193722838843939597809277315068629154216908084914398325905254273895647861295365352941011860010042434288428966105874018775333265034883920789766721908400656563120234662673145312287207159725428443288733270970031400103723180278371912955497116527278264984289552421767512945911398083370476424729825616933965100403045620347692099981923514886462101865863596570469694098607237517460609185697972102288531172048673444194653933944307355823471796193584488419839992099858136277461578161123700043244651707986014340161586495187257764125937884888012586487780946636142767858630866670390893006583100082695487541485428441126881480274159197899162498911111889525730094536435852972436174362471904359162316328682773833706624866933746842248879761515579077425658989979738193381671026450923476603764513424748908244112422180263256698364222724497546036077958601759278561033427833919445070837179373455146776018285885237495462098045375935796489580722645051771392517245302171271093412760545437966925692103773494209688339530796131204463328769287044368986749906191478385049569623606883024734475687790142422891270907283350225760344062446922142984772494528471777010325345748355142839421977416389553656036609549290331635416504825257928693272231550730866939269517208772327070661174603513536425514074736011386340298429283435111809636902011613184727009536683208626550441869125961685037733037677262828008236462091816094919251738750106285	1,-3,-3,-3,-3,-3,-3,-3,-3,-3,-3,-3	3,3,3,-3,-3,-3,-3,-3,-3,-3,-3,-3	ok
1.995996	12.552553	-57.933774	0.313151	continued:5	30202920268257714220296010089345710995565877019664095498865225749199342152807611938856960214582501211693450742681944830680085042776774497109079917447866900614562466173599739216008128699278025331330411443787482345010263216178424250018365361356950272463540126306018939451839865953429518165420628892996704349725994754015140261652895723373569119758386872312465651244072630423033486129783118424779941636024449580834933858749659639432027188539641503779874502364293040581406132299503788114580259630196995653459294986678977559834773739716351099704639419174908636020856909869027494102628084240761241614219102177484409073929668014262354833049264474150689205152286629387880067773343390875433565551569121278236186428221708156881250641142755437490728949576108025196029657985800793652337460877946102770881807760874669759177035252865231061550258967890304897022974937680541106620842578777527818701728345512556793465639674081551861790120857189936279538659389718355836001549683884250767744226396939114805881855883835832082929383550814199595967026876498730503949321026706056861014631758843863605382301102558713650375805165508497252711373354743183914657986956446196532258714482428838975140482682128530268236633635010345484599173171629643530098762070182958625495919860156384840164815436467889748504044147239134633297209265366147581947430312498087410819578185313779510152613262828894864874417599238987489857381140717750959293137415242387389138706998290537095846648934255249249148219963475065794520052970303827035966456178171906881411400022848874867956116582052077235419849880266154126163470454141700148683237790231986539751493648989204917167785000648296153544375631653926406448568790108696669238163955485739296957503771856976243528425435341614109448307811046208390391340074585334292227604414224428158307765393788172109484857346494636654228998529243421439499893325166632066752238699710151126677744244770399847762965957891343794337013070560851088974675809742197106919182419763235073979751849294836065902909807067838792672307996905579063263204209752130941048698841486585162342425541146159783453300917009889261246703136122942944735882003716099913524826564543867624031872979436739599	30202920268257714220296010089345710995565877019664095498865225749199342152807611938856960214582501211693450742681944830680085042776774497109079917447866900614562466173599739216008128699278025331330411443787482345010263216178424250018365361356950272463540126306018939452323739143596039358945798055801236801280464807334967408674623567635159501444847428299040045275375015573627088906550740194213318215358665649340175457594333913840164029769665189212067649243131533893227925012361338087753336439526556145784122326885055133446097194404044786132205304544207938781649587484380043637858918572330140114923465303252343759198986767930963092374858054417728161261345708442402298524765027534562413211552281198850211153393798900006730353456535518559497323465584770904564700863193722838843939597809277315068629154216908084914398325905254273895647861295365352941011860010042434288428966105874018775333265034883920789766721908400656563120234662673145312287207159725428443288733270970031400103723180278371912955497116527278264984289552421767512945911398083370476424729825616933965100403045620347692099981923514886462101865863596570469694098607237517460609185697972102288531172048673444194653933944307355823471796193584488419839992099858136277461578161123700043244651707986014340161586495187257764125937884888012586487780946636142767858630866670390893006583100082695487541485428441126881480274159197899162498911111889525730094536435852972436174362471904359162316328682773833706624866933746842248879761515579077425658989979738193381671026450923476603764513424748908244112422180263256698364222724497546036077958601759278561033427833919445070837179373455146776018285885237495462098045375935796489580722645051771392517245302171271093412760545437966925692103773494209688339530796131204463328769287044368986749906191478385049569623606883024734475687790142422891270907283350225760344062446922142984772494528471777010325345748355142839421977416389553656036609549290331635416504825257928693272231550730866939269517208772327070661174603513536425514074736011386340298429283435111809636902011613184727009536683208626550441869125961685037733037677262828008236462091816094919251738750106285	1,-3,-3,-3,-3,-3,-3,-3,-3,-3,-3,-3	3,3,3,-3,-3,-3,-3,-3,-3,-3,-3,-3	ok
2.000000	12.552553	-58.272870	0.313112	full	30202920268257714220296010089345710995565877019664095498865225749199342152807611938856960214582501211693450742681944830680085042776774497109079917447866900614562466173599739216008128699278025331330411443787482345010263216178424250018365361356950272463540126306018939451839865953429518165420628892996704349725994754015140261652895723373569119758386872312465651244072630423033486129783118424779941636024449580834933858749659639432027188539641503779874502364293040581406132299503788114580259630196995653459294986678977559834773739716351099704639419174908636020856909869027494102628084240761241614219102177484409073929668014262354833049264474150689205152286629387880067773343390875433565551569121278236186428221708156881250641142755437490728949576108025196029657985800793652337460877946102770881807760874669759177035252865231061550258967890304897022974937680541106620842578777527818701728345512556793465639674081551861790120857189936279538659389718355836001549683884250767744226396939114805881855883835832082929383550814199595967026876498730503949321026706056861014631758843863605382301102558713650375805165508497252711373354743183914657986956446196532258714482428838975140482682128530268236633635010345484599173171629643530098762070182958625495919860156384840164815436467889748504044147239134633297209265366147581947430312498087410819578185313779510152613262828894864874417599238987489857381140717750959293137415242387389138706998290537095846648934255249249148219963475065794520052970303827035966456178171906881411400022848874867956116582052077235419849880266154126163470454141700148683237790231986539751493648989204917167785000648296153544375631653926406448568790108696669238163955485739296957503771856976243528425435341614109448307811046208390391340074585334292227604414224428158307765393788172109484857346494636654228998529243421439499893325166632066752238699710151126677744244770399847762965957891343794337013070560851088974675809742197106919182419763235073979751849294836065902909807067838792672307996905579063263204209752130941048698841486585162342425541146159783453300917009889261246703136122942944735882003716099913524826564543867624031872979436739599	30202920268257714220296010089345710995565877019664095498865225749199342152807611938856960214582501211693450742681944830680085042776774497109079917447866900614562466173599739216008128699278025331330411443787482345010263216178424250018365361356950272463540126306018939452323739143596039358945798055801236801280464807334967408674623567635159501444847428299040045275375015573627088906550740194213318215358665649340175457594333913840164029769665189212067649243131533893227925012361338087753336439526556145784122326885055133446097194404044786132205304544207938781649587484380043637858918572330140114923465303252343759198986767930963092374858054417728161261345708442402298524765027534562413211552281198850211153393798900006730353456535518559497323465584770904564700863193722838843939597809277315068629154216908084914398325905254273895647861295365352941011860010042434288428966105874018775333265034883920789766721908400656563120234662673145312287207159725428443288733270970031400103723180278371912955497116527278264984289552421767512945911398083370476424729825616933965100403045620347692099981923514886462101865863596570469694098607237517460609185697972102288531172048673444194653933944307355823471796193584488419839992099858136277461578161123700043244651707986014340161586495187257764125937884888012586487780946636142767858630866670390893006583100082695487541485428441126881480274159197899162498911111889525730094536435852972436174362471904359162316328682773833706624866933746842248879761515579077425658989979738193381671026450923476603764513424748908244112422180263256698364222724497546036077958601759278561033427833919445070837179373455146776018285885237495462098045375935796489580722645051771392517245302171271093412760545437966925692103773494209688339530796131204463328769287044368986749906191478385049569623606883024734475687790142422891270907283350225760344062446922142984772494528471777010325345748355142839421977416389553656036609549290331635416504825257928693272231550730866939269517208772327070661174603513536425514074736011386340298429283435111809636902011613184727009536683208626550441869125961685037733037677262828008236462091816094919251738750106285	1,-3,-3,-3,-3,-3,-3,-3,-3,-3,-3,-3	3,3,3,-3,-3,-3,-3,-3,-3,-3,-3,-3	ok
