delta_x	delta_ca	T0_V	T0_Ca	T0_method	T_encoding	gamma_encoding	T_scs	gamma_scs	status
-2.000000	-12.672673	-49.620734	0.855945	continued:5	37382954118278832773895244218236686338908646550437400502358118064530753024550062640906067170928616739335301863382037085201145976272239453658981262846128190508219395966448887917209180943430756816352307292933273077419754656235276929745839433974363165395559685648279119233606266845755238958617575685557006721749514772611431919383437239804154797540665120741568766508595097526080989667353268374589	37382954118278832773895244218236686338908646550437400502358118064530753024550062640906067170928616739335301863382037085201145976272239453658981262846128190508219395966448887917209180943430756816447421302924564463048469128144018435126051534628470436447993855411615551756993586035142498598001768522767499612683625020168494902339428774261342401946310372448396787414571585498244144083936837601349	-1,0,0,0,0,0,0,0,0,0,0,0	6,0,0,0,0,0,0,0,0,0,0,0	ok
-1.995996	-12.672673	-50.305398	0.853152	full	37382954118278832773895244218236686338908646550437400502358118064530753024550062640906067170928616739335301863382037085201145976272239453658981262846128190508219395966448887917209180943430756816352307292933273077419754656235276929745839433974363165395559685648279119233606266845755238958617575685557006721749514772611431919383437239804154797540665120741568766508595097526080989667353268374589	37382954118278832773895244218236686338908646550437400502358118064530753024550062640906067170928616739335301863382037085201145976272239453658981262846128190508219395966448887917209180943430756816447421302924564463048469128144018435126051534628470436447993855411615551756993586035142498598001768522767499612683625020168494902339428774261342401946310372448396787414571585498244144083936837601349	-1,0,0,0,0,0,0,0,0,0,0,0	6,0,0,0,0,0,0,0,0,0,0,0	ok
-1.991992	-12.672673	-40.485604	0.874699	continued:5	37382954118278832773895244218236686338908646550437400502358118064530753024550062640906067170928616739335301863382037085201145976272239453658981262846128190508219395966448887917209180943430756816343660564752246587817144249698118611074911061187626140754429306578884898095116510555810942627764467245810598277119141113742608011841983463944410469867424643313675310062597234983157066538572943899435	37382954118278832773895244218236686338908646550437400502358118064530753024550062640906067170928616739335301863382037085201145976272239453658981262846128190508219395966448887917209180943430756816447421302924564463048469128144018435126051534628470436447993855411615551756993586035142498598001768522767499612683625020168494902339428774261342401946310372448396787414571585498244144083936837601349	0,0,0,0,0,0,0,0,0,0,0,0	6,0,0,0,0,0,0,0,0,0,0,0	ok
-1.987988	-12.672673	-42.429795	0.871905	continued:5	37382954118278832773895244218236686338908646550437400502358118064530753024550062640906067170928616739335301863382037085201145976272239453658981262846128190508219395966448887917209180943430756816343660564752246587817144249698118611074911061187626140754429306578884898095116510555810942627764467245810598277119141113742608011841983463944410469867424643313675310062597234983157066538572943899435	37382954118278832773895244218236686338908646550437400502358118064530753024550062640906067170928616739335301863382037085201145976272239453658981262846128190508219395966448887917209180943430756816447421302924564463048469128144018435126051534628470436447993855411615551756993586035142498598001768522767499612683625020168494902339428774261342401946310372448396787414571585498244144083936837601349	0,0,0,0,0,0,0,0,0,0,0,0	6,0,0,0,0,0,0,0,0,0,0,0	ok
-1.983984	-12.672673	-43.574734	0.869112	continued:5	37382954118278832773895244218236686338908646550437400502358118064530753024550062640906067170928616739335301863382037085201145976272239453658981262846128190508219395966448887917209180943430756816343660564752246587817144249698118611074911061187626140754429306578884898095116510555810942627764467245810598277119141113742608011841983463944410469867424643313675310062597234983157066538572943899435	37382954118278832773895244218236686338908646550437400502358118064530753024550062640906067170928616739335301863382037085201145976272239453658981262846128190508219395966448887917209180943430756816447421302924564463048469128144018435126051534628470436447993855411615551756993586035142498598001768522767499612683625020168494902339428774261342401946310372448396787414571585498244144083936837601349	0,0,0,0,0,0,0,0,0,0,0,0	6,0,0,0,0,0,0,0,0,0,0,0	ok
-1.979980	-12.672673	-44.566355	0.866319	continued:5	37382954118278832773895244218236686338908646550437400502358118064530753024550062640906067170928616739335301863382037085201145976272239453658981262846128190508219395966448887917209180943430756816343660564752246587817144249698118611074911061187626140754429306578884898095116510555810942627764467245810598277119141113742608011841983463944410469867424643313675310062597234983157066538572943899435	37382954118278832773895244218236686338908646550437400502358118064530753024550062640906067170928616739335301863382037085201145976272239453658981262846128190508219395966448887917209180943430756816447421302924564463048469128144018435126051534628470436447993855411615551756993586035142498598001768522767499612683625020168494902339428774261342401946310372448396787414571585498244144083936837601349	0,0,0,0,0,0,0,0,0,0,0,0	6,0,0,0,0,0,0,0,0,0,0,0	ok
-1.975976	-12.672673	-45.504591	0.863525	continued:5	37382954118278832773895244218236686338908646550437400502358118064530753024550062640906067170928616739335301863382037085201145976272239453658981262846128190508219395966448887917209180943430756816343660564752246587817144249698118611074911061187626140754429306578884898095116510555810942627764467245810598277119141113742608011841983463944410469867424643313675310062597234983157066538572943899435	37382954118278832773895244218236686338908646550437400502358118064530753024550062640906067170928616739335301863382037085201145976272239453658981262846128190508219395966448887917209180943430756816447421302924564463048469128144018435126051534628470436447993855411615551756993586035142498598001768522767499612683625020168494902339428774261342401946310372448396787414571585498244144083936837601349	0,0,0,0,0,0,0,0,0,0,0,0	6,0,0,0,0,0,0,0,0,0,0,0	ok
-1.971972	-12.672673	-46.416696	0.860732	continued:5	37382954118278832773895244218236686338908646550437400502358118064530753024550062640906067170928616739335301863382037085201145976272239453658981262846128190508219395966448887917209180943430756816360954021114299567022365062772435248416767806761100190036690064717673340372096023135699535289470684125303415166379888431480255826924891015663899125213905598169462222954592960069004912796133592849744	37382954118278832773895244218236686338908646550437400502358118064530753024550062640906067170928616739335301863382037085201145976272239453658981262846128190508219395966448887917209180943430756816447421302924564463048469128144018435126051534628470436447993855411615551756993586035142498598001768522767499612683625020168494902339428774261342401946310372448396787414571585498244144083936837601349	1,0,0,0,0,0,0,0,0,0,0,0	6,0,0,0,0,0,0,0,0,0,0,0	ok
-1.967968	-12.672673	-47.304140	0.857939	continued:5	37382954118278832773895244218236686338908646550437400502358118064530753024550062640906067170928616739335301863382037085201145976272239453658981262846128190508219395966448887917209180943430756816352307292933273077419754656235276929745839433974363165395559685648279119233606266845755238958617575685557006721749514772611431919383437239804154797540665120741568766508595097526080989667353268374589	37382954118278832773895244218236686338908646550437400502358118064530753024550062640906067170928616739335301863382037085201145976272239453658981262846128190508219395966448887917209180943430756816447421302924564463048469128144018435126051534628470436447993855411615551756993586035142498598001768522767499612683625020168494902339428774261342401946310372448396787414571585498244144083936837601349	-1,0,0,0,0,0,0,0,0,0,0,0	6,0,0,0,0,0,0,0,0,0,0,0	ok
-1.963964	-12.672673	-48.157190	0.855145	continued:5	37382954118278832773895244218236686338908646550437400502358118064530753024550062640906067170928616739335301863382037085201145976272239453658981262846128190508219395966448887917209180943430756816352307292933273077419754656235276929745839433974363165395559685648279119233606266845755238958617575685557006721749514772611431919383437239804154797540665120741568766508595097526080989667353268374589	37382954118278832773895244218236686338908646550437400502358118064530753024550062640906067170928616739335301863382037085201145976272239453658981262846128190508219395966448887917209180943430756816447421302924564463048469128144018435126051534628470436447993855411615551756993586035142498598001768522767499612683625020168494902339428774261342401946310372448396787414571585498244144083936837601349	-1,0,0,0,0,0,0,0,0,0,0,0	6,0,0,0,0,0,0,0,0,0,0,0	ok
-1.959960	-12.672673	-48.962438	0.852352	continued:5	37382954118278832773895244218236686338908646550437400502358118064530753024550062640906067170928616739335301863382037085201145976272239453658981262846128190508219395966448887917209180943430756816352307292933273077419754656235276929745839433974363165395559685648279119233606266845755238958617575685557006721749514772611431919383437239804154797540665120741568766508595097526080989667353268374589	37382954118278832773895244218236686338908646550437400502358118064530753024550062640906067170928616739335301863382037085201145976272239453658981262846128190508219395966448887917209180943430756816447421302924564463048469128144018435126051534628470436447993855411615551756993586035142498598001768522767499612683625020168494902339428774261342401946310372448396787414571585498244144083936837601349	-1,0,0,0,0,0,0,0,0,0,0,0	6,0,0,0,0,0,0,0,0,0,0,0	ok
-1.955956	-12.672673	-49.707322	0.849559	continued:5	37382954118278832773895244218236686338908646550437400502358118064530753024550062640906067170928616739335301863382037085201145976272239453658981262846128190508219395966448887917209180943430756816352307292933273077419754656235276929745839433974363165395559685648279119233606266845755238958617575685557006721749514772611431919383437239804154797540665120741568766508595097526080989667353268374589	37382954118278832773895244218236686338908646550437400502358118064530753024550062640906067170928616739335301863382037085201145976272239453658981262846128190508219395966448887917209180943430756816447421302924564463048469128144018435126051534628470436447993855411615551756993586035142498598001768522767499612683625020168494902339428774261342401946310372448396787414571585498244144083936837601349	-1,0,0,0,0,0,0,0,0,0,0,0	6,0,0,0,0,0,0,0,0,0,0,0	ok
-1.951952	-12.672673	-50.382400	0.846765	full	37382954118278832773895244218236686338908646550437400502358118064530753024550062640906067170928616739335301863382037085201145976272239453658981262846128190508219395966448887917209180943430756816360954021114299567022365062772435248416767806761100190036690064717673340372096023135699535289470684125303415166379888431480255826924891015663899125213905598169462222954592960069004912796133592849744	37382954118278832773895244218236686338908646550437400502358118064530753024550062640906067170928616739335301863382037085201145976272239453658981262846128190508219395966448887917209180943430756816447421302924564463048469128144018435126051534628470436447993855411615551756993586035142498598001768522767499612683625020168494902339428774261342401946310372448396787414571585498244144083936837601349	1,0,0,0,0,0,0,0,0,0,0,0	6,0,0,0,0,0,0,0,0,0,0,0	ok
-1.947948	-12.672673	-40.605735	0.871989	continued:5	37382954118278832773895244218236686338908646550437400502358118064530753024550062640906067170928616739335301863382037085201145976272239453658981262846128190508219395966448887917209180943430756816343660564752246587817144249698118611074911061187626140754429306578884898095116510555810942627764467245810598277119141113742608011841983463944410469867424643313675310062597234983157066538572943899435	37382954118278832773895244218236686338908646550437400502358118064530753024550062640906067170928616739335301863382037085201145976272239453658981262846128190508219395966448887917209180943430756816447421302924564463048469128144018435126051534628470436447993855411615551756993586035142498598001768522767499612683625020168494902339428774261342401946310372448396787414571585498244144083936837601349	0,0,0,0,0,0,0,0,0,0,0,0	6,0,0,0,0,0,0,0,0,0,0,0	ok
-1.943944	-12.672673	-42.469827	0.869196	continued:5	37382954118278832773895244218236686338908646550437400502358118064530753024550062640906067170928616739335301863382037085201145976272239453658981262846128190508219395966448887917209180943430756816343660564752246587817144249698118611074911061187626140754429306578884898095116510555810942627764467245810598277119141113742608011841983463944410469867424643313675310062597234983157066538572943899435	37382954118278832773895244218236686338908646550437400502358118064530753024550062640906067170928616739335301863382037085201145976272239453658981262846128190508219395966448887917209180943430756816447421302924564463048469128144018435126051534628470436447993855411615551756993586035142498598001768522767499612683625020168494902339428774261342401946310372448396787414571585498244144083936837601349	0,0,0,0,0,0,0,0,0,0,0,0	6,0,0,0,0,0,0,0,0,0,0,0	ok
-1.939940	-12.672673	-43.599131	0.866402	continued:5	37382954118278832773895244218236686338908646550437400502358118064530753024550062640906067170928616739335301863382037085201145976272239453658981262846128190508219395966448887917209180943430756816343660564752246587817144249698118611074911061187626140754429306578884898095116510555810942627764467245810598277119141113742608011841983463944410469867424643313675310062597234983157066538572943899435	37382954118278832773895244218236686338908646550437400502358118064530753024550062640906067170928616739335301863382037085201145976272239453658981262846128190508219395966448887917209180943430756816447421302924564463048469128144018435126051534628470436447993855411615551756993586035142498598001768522767499612683625020168494902339428774261342401946310372448396787414571585498244144083936837601349	0,0,0,0,0,0,0,0,0,0,0,0	6,0,0,0,0,0,0,0,0,0,0,0	ok
-1.935936	-12.672673	-44.577166	0.863609	continued:5	37382954118278832773895244218236686338908646550437400502358118064530753024550062640906067170928616739335301863382037085201145976272239453658981262846128190508219395966448887917209180943430756816343660564752246587817144249698118611074911061187626140754429306578884898095116510555810942627764467245810598277119141113742608011841983463944410469867424643313675310062597234983157066538572943899435	37382954118278832773895244218236686338908646550437400502358118064530753024550062640906067170928616739335301863382037085201145976272239453658981262846128190508219395966448887917209180943430756816447421302924564463048469128144018435126051534628470436447993855411615551756993586035142498598001768522767499612683625020168494902339428774261342401946310372448396787414571585498244144083936837601349	0,0,0,0,0,0,0,0,0,0,0,0	6,0,0,0,0,0,0,0,0,0,0,0	ok
-1.931932	-12.672673	-45.500413	0.860816	continued:5	37382954118278832773895244218236686338908646550437400502358118064530753024550062640906067170928616739335301863382037085201145976272239453658981262846128190508219395966448887917209180943430756816343660564752246587817144249698118611074911061187626140754429306578884898095116510555810942627764467245810598277119141113742608011841983463944410469867424643313675310062597234983157066538572943899435	37382954118278832773895244218236686338908646550437400502358118064530753024550062640906067170928616739335301863382037085201145976272239453658981262846128190508219395966448887917209180943430756816447421302924564463048469128144018435126051534628470436447993855411615551756993586035142498598001768522767499612683625020168494902339428774261342401946310372448396787414571585498244144083936837601349	0,0,0,0,0,0,0,0,0,0,0,0	6,0,0,0,0,0,0,0,0,0,0,0	ok
-1.927928	-12.672673	-46.395696	0.858022	continued:5	37382954118278832773895244218236686338908646550437400502358118064530753024550062640906067170928616739335301863382037085201145976272239453658981262846128190508219395966448887917209180943430756816360954021114299567022365062772435248416767806761100190036690064717673340372096023135699535289470684125303415166379888431480255826924891015663899125213905598169462222954592960069004912796133592849744	37382954118278832773895244218236686338908646550474281966359661702103595680649601387474365375796222660416213152979605538034206345815371353543120007753869824753663418495563362180608533654587737778543315649532759358514454527065147726157569117407899163501283115173555984265022496426071526357030677567699384056319557611844540293976059193486174157304847608765891567213842022896938435829103340983649	1,0,0,0,0,0,0,0,0,0,0,0	6,0,1,0,0,0,0,0,0,0,0,0	ok
-1.923924	-12.672673	-47.265030	0.855229	continued:5	37382954118278832773895244218236686338908646550437400502358118064530753024550062640906067170928616739335301863382037085201145976272239453658981262846128190508219395966448887917209180943430756816352307292933273077419754656235276929745839433974363165395559685648279119233606266845755238958617575685557006721749514772611431919383437239804154797540665120741568766508595097526080989667353268374589	37382954118278832773895244218236686338908646550437400502358118064530753024550062640906067170928617876419718895893920344187748485899117758828796801551543527566052849489960209264260571065203066243807964890897086448409143172469871347724076320546637912581305493447178187510386424397997753006740079569685490542052141641763874598172498837759503379676856493732134845143885553706220196073184613018074	-1,0,0,0,0,0,0,0,0,0,0,0	6,-1,0,0,0,0,0,0,0,0,0,0	ok
-1.919920	-12.672673	-48.099675	0.852436	continued:5	37382954118278832773895244218236686338908646550437400502358118064530753024550062640906067170928616739335301863382037085201145976272239453658981262846128190508219395966448887917209180943430756816352307292933273077419754656235276929745839433974363165395559685648279119233606266845755238958617575685557006721749514772611431919383437239804154797540665120741568766508595097526080989667353268374589	37382954118278832773895244218236686338908646550437400502358118064530753024550062640906067170928619013504135928405803603174350995525996063998612340256958864623886303013471530611311961186975375671194448663412687902577648436407199216334886224825016462638008268690923486679248531630685896408037716067347293653273014927147600594693047343166307238042312551391269434733418944475090145736805698158414	-1,0,0,0,0,0,0,0,0,0,0,0	6,1,0,0,0,0,0,0,0,0,0,0	ok
-1.915916	-12.672673	-48.887307	0.849770	continued:5	37382954118278832773895244218236686338908646550437400502358118064530753024550062640906067170928616739335301863382037085201145976272239453658981262846128190508219395966448887917209180943430756816352307292933273077419754656235276929745839433974363165395559685648279119233606266845755238958617575685557006721749514772611431919383437239804154797540665120741568766508595097526080989667353268374589	37382954118278832773895244218236686338908646550437400502358118064530753024550062640906067170928619013504135928405803603174350995525996063998612340256958864623886303013471530611311961186975375671194448663412687902577648436407199216334886224825016462638008268690923486679248531630685896408037716067347293653273014927147600594693047343166307238042312551391269434733418944475090145736805698158414	-1,0,0,0,0,0,0,0,0,0,0,0	6,1,0,0,0,0,0,0,0,0,0,0	ok
-1.911912	-12.672673	-49.615350	0.847645	continued:5	37382954118278832773895244218236686338908646550437400502358118064530753024550062640906067170928616739335301863382037085201145976272239453658981262846128190508219395966448887917209180943430756816352307292933273077419754656235276929745839433974363165395559685648279119233606266845755238958617575685557006721749514772611431919383437239804154797540665120741568766508595097526080989667353268374589	37382954118278832773895244218236686338908646550437400502358118064530753024550062640906067170928619013504135928405803603174350995525996063998612340256958864623886303013471530611311961186975375671194448663412687902577648436407199216334886224825016462638008268690923486679248531630685896408037716067347293653273014927147600594693047343166307238042312551391269434733418944475090145736805698158414	-1,0,0,0,0,0,0,0,0,0,0,0	6,1,0,0,0,0,0,0,0,0,0,0	ok
-1.907908	-12.672673	-50.271412	0.847271	full	37382954118278832773895244218236686338908646550437400502358118064530753024550062640906067170928616739335301863382037085201145976272239453658981262846128190508219395966448887917209180943430756816352307292933273077419754656235276929745839433974363165395559685648279119233606266845755238958617575685557006721749514772611431919383437239804154797540665120741568766508595097526080989667353268374589	37382954118278832773895244218236686338908646550437400502358118064530753024550062640906067170928619013504135928405803603174350995525996063998612340256958864623886303013471530611311961186975375671194448663412687902577648436407199216334886224825016462638008268690923486679248531630685896408037716067347293653273014927147600594693047343166307238042312551391269434733418944475090145736805698158414	-1,0,0,0,0,0,0,0,0,0,0,0	6,1,0,0,0,0,0,0,0,0,0,0	ok
-1.903904	-12.672673	-40.943324	0.866934	continued:5	37382954118278832773895244218236686338908646550437400502358118064530753024550062640906067170928616739335301863382037085201145976272239453658981262846128190508219395966448887917209180943430756816343660564752246587817144249698118611074911061187626140754429306578884898095116510555810942627764467245810598277119141113742608011841983463944410469867424643313675310062597234983157066538572943899435	37382954118278832773895244218236686338908646550437400502358118064530753024550062640906067170928619013504135928405803603174350995525996063998612340256958864623886303013471530611311961186975375671194448663412687902577648436407199216334886224825016462638008268690923486679248531630685896408037716067347293653273014927147600594693047343166307238042312551391269434733418944475090145736805698158414	0,0,0,0,0,0,0,0,0,0,0,0	6,1,0,0,0,0,0,0,0,0,0,0	ok
-1.899900	-12.672673	-42.640778	0.864141	continued:5	37382954118278832773895244218236686338908646550437400502358118064530753024550062640906067170928616739335301863382037085201145976272239453658981262846128190508219395966448887917209180943430756816343660564752246587817144249698118611074911061187626140754429306578884898095116510555810942627764467245810598277119141113742608011841983463944410469867424643313675310062597234983157066538572943899435	37382954118278832773895454264942089468390474488054072304641126213531330837093559761635846393067766775881821318530907094076935314811591945861410212796771541252584745944153312347211314677970648797821737835123291753244870674577139108198905245367452314836727244134426736054803726425349780049668469098496807103634183213177815105728525019286418242468532161394876994454199404311781119695190615584616	0,0,0,0,0,0,0,0,0,0,0,0	6,1,0,1,0,0,0,0,0,0,0,0	ok
-1.895896	-12.672673	-43.757856	0.861347	continued:5	37382954118278832773895244218236686338908646550437400502358118064530753024550062640906067170928616739335301863382037085201145976272239453658981262846128190508219395966448887917209180943430756816343660564752246587817144249698118611074911061187626140754429306578884898095116510555810942627764467245810598277119141113742608011841983463944410469867424643313675310062597234983157066538572943899435	37382954118278832773895244218236686338908646550548044894362748977249280992848678880610961785531532291837900528196702716548142912813169397915533915420596582496872846341572171423284506995056422277526903118845404666366965262649154458679796820002335157351937287804468197811795409119439351098519949470702385863336323118550677971270985506493030104637751530265155579785484424216112073641027394767979	0,0,0,0,0,0,0,0,0,0,0,0	6,1,3,0,0,0,0,0,0,0,0,0	ok
-1.891892	-12.672673	-44.735889	0.858554	continued:5	37382954118278832773895244218236686338908646550437400502358118064530753024550062640906067170928616739335301863382037085201145976272239453658981262846128190508219395966448887917209180943430756816343660564752246587817144249698118611074911061187626140754429306578884898095116510555810942627764467245810598277119141113742608011841983463944410469867424643313675310062597234983157066538572943899435	37382954118278832773895244218236686338908646550437400502358118064530753024550062640906067170928621287672969993429570121147556014779752674338243417667789538739553210060494173305414741430519994526045236762073129217338152623116279821594861388462406784521587230802962075263380552705560850188310966992957378596806659735462586426553985051658762368060216524936322159759854012880977277543555833187658	0,0,0,0,0,0,0,0,0,0,0,0	6,2,0,0,0,0,0,0,0,0,0,0	ok
-1.887888	-12.672673	-45.659685	0.855761	continued:5	37382954118278832773895244218236686338908646550437400502358118064530753024550062640906067170928616739335301863382037085201145976272239453658981262846128190508219395966448887917209180943430756816343660564752246587817144249698118611074911061187626140754429306578884898095116510555810942627764467245810598277119141113742608011841983463944410469867424643313675310062597234983157066538572943899435	37382954118278832773895244218236686338908646550437400502358118064530753024550062640906067170928621287672969993429570121147556014779752674338243417667789538739553210060494173305414741430519994526045236762073129217338152623116279821594861388462406784521587230802962075263380552705560850188310966992957378596806659735462586426553985051658762368060216524936322159759854012880977277543555833187658	0,0,0,0,0,0,0,0,0,0,0,0	6,2,0,0,0,0,0,0,0,0,0,0	ok
-1.883884	-12.672673	-46.552267	0.852967	continued:5	37382954118278832773895244218236686338908646550437400502358118064530753024550062640906067170928616739335301863382037085201145976272239453658981262846128190508219395966448887917209180943430756816352307292933273077419754656235276929745839433974363165395559685648279119233606266845755238958617575685557006721749514772611431919383437239804154797540665120741568766508595097526080989667353268374589	37382954118278832773895454264942089468390474488054072304641126213531330837093559761635846393067769050050655383554673612059723879876384389907836608053586260333650049635007668521379210193759562698534974248134408896286984903138125061122872653807412368083921686470071397037309859334920674851240485289326540652385279880728442293106609902144450691130488210447356872148251665065249723086575254638873	-1,0,0,0,0,0,0,0,0,0,0,0	6,2,0,1,0,0,0,0,0,0,0,0	ok
-1.879880	-12.672673	-47.414154	0.850174	continued:5	37382954118278832773895244218236686338908646550437400502358118064530753024550062640906067170928616739335301863382037085201145976272239453658981262846128190508219395966448887917209180943430756816352307292933273077419754656235276929745839433974363165395559685648279119233606266845755238958617575685557006721749514772611431919383437239804154797540665120741568766508595097526080989667353268374589	37382954118633282575156009510572233586695823155219438889195287085332286567223659071510155084690332837949770493261585591166771555810632171874984269866843070428704419494631998885308926906747643398188707652195902042453080032165327812884642023804237300510047068798502333035713147903260139283400448692903784808131759304572796181531550318350873978765833419677514710324630681171331089374719510354023	-1,0,0,0,0,0,0,0,0,0,0,0	6,2,3,-2,-1,0,0,0,0,0,0,0	ok
-1.875876	-12.672673	-48.236459	0.847381	continued:5	37382954118278832773895244218236686338908646550437400502358118064530753024550062640906067170928616739335301863382037085201145976272239453658981262846128190508219395966448887917209180943430756816352307292933273077419754656235276929745839433974363165395559685648279119233606266845755238958617575685557006721749514772611431919383437239804154797540665120741568766508595097526080989667353268374589	37382954118278832773895244218236686338908646550437400502358118064530753024550062640906067170928623561841804058453336639120761034033509284677874495078620212855220117107516815999517521674064613380999785598905888407329981688271260250905977025540641402098730741747731317509389649259767359938821524455707838794354215937478442271437052643644545334764546391284742863027296829086836618416963313844549	-1,0,0,0,0,0,0,0,0,0,0,0	6,3,0,0,0,0,0,0,0,0,0,0	ok
-1.871872	-12.672673	-49.007630	0.844715	continued:5	37382954118278832773895244218236686338908646550437400502358118064530753024550062640906067170928616739335301863382037085201145976272239453658981262846128190508219395966448887917209180943430756816352307292933273077419754656235276929745839433974363165395559685648279119233606266845755238958617575685557006721749514772611431919383437239804154797540665120741568766508595097526080989667353268374589	37382954118278832773895454264942089468390474488054072304641126213531330837093559761635846393067771324219489448578440130042512444941176833954263003310400979414715353325862024695547105709548476599351971399317843914560424301649544352684235190998577223429939708032974258727685394244551019083750741540170627564940494520181355200431168352307485495663747274211476293432245584479811322795606352585993	-1,0,0,0,0,0,0,0,0,0,0,0	6,3,0,1,0,0,0,0,0,0,0,0	ok
-1.867868	-12.672673	-49.716368	0.842797	continued:5	37382954118278832773895244218236686338908646550437400502358118064530753024550062640906067170928616739335301863382037085201145976272239453658981262846128190508219395966448887917209180943430756816352307292933273077419754656235276929745839433974363165395559685648279119233606266845755238958617575685557006721749514772611431919383437239804154797540665120741568766508595097526080989667353268374589	8646728181108474324192929910795307180755938322564483996467464732711221294736827862134618935835628525633882188165376187686947695075402991857875697464298370448963475720113460229703129556483929521516	-1,0,0,0,0,0,0,0,0,0,0,0	6,3,2,1,0,0,0,0,0,0,0	ok
-1.863864	-12.672673	-50.350196	0.842295	full	37382954118278832773895244218236686338908646550437400502358118064530753024550062640906067170928616739335301863382037085201145976272239453658981262846128190508219395966448887917209180943430756816352307292933273077419754656235276929745839433974363165395559685648279119233606266845755238958617575685557006721749514772611431919383437239804154797540665120741568766508595097526080989667353268374589	37382954118278832773895244218236686338908646550437400502358118064530753024550062640906067170928624698926221090965219898107363543660387589847690033784035549913053570631028137346568911795836922808515970294136887205537643050265962899580712521620075321772389203032389933755598100841619948302915794124795110973092478464988255784235263503418008988988034814948087425418089904605671829413906081019459	-1,0,0,0,0,0,0,0,0,0,0,0	6,-4,0,0,0,0,0,0,0,0,0,0	ok
-1.859860	-12.672673	-41.251835	0.861933	continued:5	37382954118278832773895244218236686338908646550437400502358118064530753024550062640906067170928616739335301863382037085201145976272239453658981262846128190508219395966448887917209180943430756816343660564752246587817144249698118611074911061187626140754429306578884898095116510555810942627764467245810598277119141113742608011841983463944410469867424643313675310062597234983157066538572943899435	41549829804042721443455579109819297480981090834799426550371878669018912864730276377994726279516164291282895761032045646216299426792800406327432246565149326174996637382504952168497636856833691012535872907224352866100978714536665898378854320347788108309079384211216807106852603998539873014256701079361143621503214473248707231616127691427241727443244978957808160280407663112915174802100667231855852130058410114669395076418016558998372849	0,0,0,0,0,0,0,0,0,0,0,0	6,4,0,0,0,1,5,3,0,-2,0	ok
-1.855856	-12.672673	-42.824013	0.859139	continued:5	37382954118278832773895244218236686338908646550437400502358118064530753024550062640906067170928616739335301863382037085201145976272239453658981262846128190508219395966448887917209180943430756816343660564752246587817144249698118611074911061187626140754429306578884898095116510555810942627764467245810598277119141113742608011841983463944410469867424643313675310062597234983157066538572943899435	37382954118278832773895244218236686338908646550474281966359661702103595680649601387474365375796231757091549413074671609927026422830397794901644324128175502520379679118809119739620237077501014089138630628933622051204043947694030187980926330505428482588962279947148220422360239918860399547074878625880747913926573674654291580221683082859285280950913348372023083832442182763784933866663618603859	0,0,0,0,0,0,0,0,0,0,0,0	6,4,1,0,0,0,0,0,0,0,0,0	ok
-1.851852	-12.672673	-43.927225	0.856346	continued:5	37382954118278832773895244218236686338908646550437400502358118064530753024550062640906067170928616739335301863382037085201145976272239453658981262846128190508219395966448887917209180943430756816343660564752246587817144249698118611074911061187626140754429306578884898095116510555810942627764467245810598277119141113742608011841983463944410469867424643313675310062597234983157066538572943899435	37382954118278832773895244218236686338908646550529604162361977158462859664798909507326812683097700335644810554344895385973248732556206666143168278844359527017451720723256893224415784537821875302872285595460792523950442200995763463882386704306070030129365612162345530605248529287294267042230439205068771503298311051386553032025570477321091795875539279542374631074291733273921790709552703859288	0,0,0,0,0,0,0,0,0,0,0,0	6,4,-3,0,0,0,0,0,0,0,0,0	ok
-1.847848	-12.672673	-44.903191	0.853552	continued:5	37382954118278832773895244218236686338908646550437400502358118064530753024550062640906067170928616739335301863382037085201145976272239453658981262846128190508219395966448887917209180943430756816343660564752246587817144249698118611074911061187626140754429306578884898095116510555810942627764467245810598277119141113742608011841983463944410469867424643313675310062597234983157066538572943899435	8646834682295246187969218240837268773679961382509255576547746958723998470709037425779604512517872820659115851122748422088568898478861323572361151300199309170936533212961657390451210399407730690399	0,0,0,0,0,0,0,0,0,0,0,0	6,4,5,0,-1,0,0,0,0,0,0	ok
-1.843844	-12.672673	-45.825373	0.850759	continued:5	37382954118278832773895244218236686338908646550437400502358118064530753024550062640906067170928616739335301863382037085201145976272239453658981262846128190508219395966448887917209180943430756816343660564752246587817144249698118611074911061187626140754429306578884898095116510555810942627764467245810598277119141113742608011841983463944410469867424643313675310062597234983157066538572943899435	41821964964420610285125733006138691793277723143286395324341582530149082012864014293546524199521023346702538533302631447354989671098245031700458132152160733138209104681719718289063641956458878563128476620561947961155673196915421359052480004619960870733401956274331835139948364544457024454361097949904942105637064577239885110879001219623118034756626734554398797024211053216244211508725027556793	0,0,0,0,0,0,0,0,0,0,0,0	6,-5,0,0,0,0,1,0,0,0,0,0	ok
-1.839840	-12.672673	-46.713048	0.847966	continued:5	37382954118278832773895244218236686338908646550437400502358118064530753024550062640906067170928616739335301863382037085201145976272239453658981262846128190508219395966448887917209180943430756816352307292933273077419754656235276929745839433974363165395559685648279119233606266845755238958617575685557006721749514772611431919383437239804154797540665120741568766508595097526080989667353268374589	50782047343549662657065556436778305911842156199224416742786372813146995926757440265090452066728977928658284948541698105279425061854997658302824950388319257308909146271389017420780704172507830720361402791109	-1,0,0,0,0,0,0,0,0,0,0,0	6,5,0,0,1,0,1,-1,0,0,0	ok
-1.835836	-12.672673	-47.565386	0.845172	continued:5	37382954118278832773895244218236686338908646550437400502358118064530753024550062640906067170928616739335301863382037085201145976272239453658981262846128190508219395966448887917209180943430756816352307292933273077419754656235276929745839433974363165395559685648279119233606266845755238958617575685557006721749514772611431919383437239804154797540665120741568766508595097526080989667353268374589	381994555971424235816873467764346396834994943379513986379113188697135987227131993612235417840448009495943036561199099542860912732879417190839551273847870489793314139943048989893215931746784403209009	-1,0,0,0,0,0,0,0,0,0,0,0	6,5,0,2,1,2,1,0,0,0,0	ok
-1.831832	-12.672673	-48.373522	0.842379	continued:5	37382954118278832773895244218236686338908646550437400502358118064530753024550062640906067170928616739335301863382037085201145976272239453658981262846128190508219395966448887917209180943430756816352307292933273077419754656235276929745839433974363165395559685648279119233606266845755238958617575685557006721749514772611431919383437239804154797540665120741568766508595097526080989667353268374589	2113059627938626054238134051933852284248827895444173381940918224109743715833610113169103954198698099965892580658285335290776735746123184807480750340436434847442148653557516924059302970326386983834286567394	-1,0,0,0,0,0,0,0,0,0,0,0	6,5,1,0,0,0,0,-1,0,0,0	ok
-1.827828	-12.672673	-49.126804	0.839586	continued:5	37382954118278832773895244218236686338908646550437400502358118064530753024550062640906067170928616739335301863382037085201145976272239453658981262846128190508219395966448887917209180943430756816352307292933273077419754656235276929745839433974363165395559685648279119233606266845755238958617575685557006721749514772611431919383437239804154797540665120741568766508595097526080989667353268374589	15802487832032665827217308418090442187930595654827837439899330524192559668807121214778881521113945035181968698330193451830545866679543634551316825332306792580614955907418538937839113421550117390694990489994334112255921432039147041286973307989471214518228377831385981303406075687170885438619449	-1,0,0,0,0,0,0,0,0,0,0,0	6,5,1,4,6,0,3,2,3	ok
-1.823824	-12.672673	-49.816197	0.837668	continued:5	37382954118278832773895244218236686338908646550437400502358118064530753024550062640906067170928616739335301863382037085201145976272239453658981262846128190508219395966448887917209180943430756816352307292933273077419754656235276929745839433974363165395559685648279119233606266845755238958617575685557006721749514772611431919383437239804154797540665120741568766508595097526080989667353268374589	652365240800872096886589982980983442653220610322373295939394554667155285399847205058038206559676925883158426111248447905382234962348742051844300116692945981261782120033388095451260021410123779078257759818211832503814663798933330288231120693150170115493545877456847710950860690769571636785133768422759	-1,0,0,0,0,0,0,0,0,0,0,0	6,5,2,5,1,0,-1,0,0,0,-1	ok
-1.819820	-12.672673	-50.429465	0.836960	full	37382954118278832773895244218236686338908646550437400502358118064530753024550062640906067170928616739335301863382037085201145976272239453658981262846128190508219395966448887917209180943430756816352307292933273077419754656235276929745839433974363165395559685648279119233606266845755238958617575685557006721749514772611431919383437239804154797540665120741568766508595097526080989667353268374589	4335489044649344565611362996571200546338000272623669100311425849664248940638123615236354231359504741947468790371444237240122225870998564133652328466943887826881624945285519887982502834204142389875475834724785508954000517058931209200344657052330555377101829182065901728259259493741742745990870606143153482905641279124311244654576424963756142057121319882290716300546916596381690085320913318525437521272607891237258418572369576041562469507719948147449851659130517311787761895497554143985081887801048509672876089330588867295331098142897455837453988340612568	-1,0,0,0,0,0,0,0,0,0,0,0	6,5,3,5,5,2,0,5,0,3	ok
-1.815816	-12.672673	-41.520604	0.856773	continued:5	1845416777507258496828918072349321366169107877383590159636754064298487586923104033110212882968473319428866895057194643284556266233853806722965828202295724233921511322108200381220092087040908172953379542987849371225805279581296201137790540956613939980346242200877251514541631334193487181773188055680310314713792327544002643380857163736290545320623212145572126124092977246755572703570540750651077907280951437604021154856838666282890402928126424793309472325900058414673023637973450819365736136322851324370786503570306302629655137023528551278712825461435644833147434831847713172590071431992780965880479006195770350452701639162522602767299829689967000221088497753015493954447504404457925821798728749839319725210146922389351829029904282241354180621403587921627311879937339978322514115637046603205758227431586203552029037772635981915237886571928514049829878421439945306605487169653275678352532091166401856347095574947320221538023599376205255281989012314060964801438509841846919027737372451180296079797621370813248080946231944392913695130457356130784573496515116901154613453917114660285621810858917800340033309098064228127346037703783102544279732948839715413314331711721469548860432075335722672283876027247808797173542879948755640632304514368892222891273570194285824196107574911413627837771359795612850026137460636574225417162047130783730834451705099519971975510232484528555479790783895072336286450961502538044467078569769710595214469436322952834332824198821843947732199751211192608090812519518317846185	1804452476011354777288692492580855718222096222559133773363122424570112964356349280722654759714141815332454317311424333151106028825416089117985306855648212765906643348494370950491770372506079997974094530879454295676996954929855379360855608474652235677020668190781041877790276901025614589803128782514774330089800845116096814974467100763418718736060411045972137048781142118392928997649922059417016161260559963331384135791902808978818781713190990044162336539133316563778648456860766361305549215828945051467606953323268880936156930155859237137084047114308634	0,0,2,3,1,0,0,4,-1,0,5	6,5,4,-5,0,5,2,-5,0,3	ok
-1.811812	-12.672673	-43.006760	0.853980	continued:5	200782774093582588667770346447906935621909681903358191067036963333320355653701769410327689022351988906037263367004519387395293236809952909123385572866896270965108121869615097342255068438286541729143685759363158822576916517652181147723199516186980220450824231216762769187570309176969517684730690639642559803979346599024000741185057182674808435390365983408975337835660709540471820175946920110932626039049452915835267576761429452148614916908436702024100902421560776619758916981756381859337578353243356886833779426034228915406008610836267211542324405176839246824356980245194921362664851442320010417593762517695545317993480175855076574170738591875323073955065963462840228048984482647417600748771872935416015141199167575093009610122379162939559910526082633127863095143557006919898041012675174543811645507651881456677924131432820610252392726655098300493390074625632527283730608077268767167602437842569229056989843001881042338681711154890902125851440310	1686931138147210679501163736140046315997226163423171957048253117877734549564577362806994531430826912320217463020928344015589227115577495032287836876303762944586708513398837457630362516815801555141191455997024524330867558422580284833929808579775361413020051366409632333753385136264186464316164178071883908788698000469023269710637272586148362617620894114852264704830903464900403201879576262201798733748209115258315209139879120162087823978947611828311755217978447240463652725842539629820835971549661591514715846386091463406401739818926332285119037023910276125795935033191171115522685327360579664522574912689898092947692934689740855200757559765708094356521490726167351114009507007605809963735098544502884	0,0,0,-2,0,0,0,5,1,0,0,1	6,5,5,0,5,0,4,0,4,4	ok
-1.807808	-12.672673	-44.099810	0.851186	continued:5	176730437821751230162979881007638070860694209771583625536030285140882680427620984943202336517085616030624685779127609968463373393292907971054560157362166653491498122544670125896967714634768026432331607966580437817987542459325639924274467830498289395812327545541688406037988328831094623942776528897204963383276702410900337368716119791071877136880741420749094284033682486704260773277435865389116240731672259973669532761170363347741322484449243709368390315271893897881261131551370378690750996318759492799143267149968969537634028696648211433401866868004420695433108135411269920186368286156307433576193975208580850976695630336260944766318829415871156787673167373318853832464008395051444666390777647705679606651165815868998945230313151868016544843721674766598075773604807888795682967364055561924247096659405152370181362035525663071120833450924045321301190310599613456556511423096961042064049426914060278	85860928552629277523201479759189010432884384454485173643216379203069336555696915135308190122263862523263073353265266523087850552804849628378750620326084836580304026414153581310423780574214964256277835304657925587124414408835570385128756831082311090811086008109	0,0,0,0,0,2,0,0,4,1,2	6,5,5,3,1,5,5,4,2	ok
-1.803804	-12.672673	-45.074862	0.848393	continued:5	132130489139422414280207722242382857494414304759336002444778106860845377727458044511439469643075727464166299334547935868616830943066748986230386546845060580064518084246724676245187492336742117160681386812139298323982446140035071537362504447284047480221985965505704468778444321245500004128918344529786966312669579938195172401422285515726182034721528034029327557215054634314326261180041723646342532843942161380192397506725072071262778976697421370713906092469288146534313291711609855701470966659038322066581600907632818697239135021365135602148478416014571629875541111985887193884333073391546068927490331870610556442804815802662356182539535936132651691738181211251606746976482004208400445457038988634028993146163609385974287099378677345439698611504644492797380381307303840905669052749159663503595297367223051284340416774084462593134435	21300414621238277300536064430085885487546238980752695390760585237396588493242131142035144128130813183527793565567542488493100856434859185434569721014018348846616306379296839906524909335663662728017184446570666775664696745056285208418590814555550411098166297646168035196550142767236874975309380860503903477801775007029380723412899762797084308429863268093968815246811811890625392820289896200009	0,0,0,0,0,0,0,0,0,-5,0,0	6,5,5,-5,0,-6,0,5,5	ok
-1.799800	-12.672673	-45.995721	0.845600	continued:5	37382954118278832773895244218236686338908646550437400502358118064530753024550062640906067170928616739335301863382037085201145976272239453658981262846128190508219395966448887917209180943430756816360954021114299567022365062772435248416767806761100190036690064717673340372096023135699535289470684125303415166379888431480255826924891015663899125213905598169462222954592960069004912796133592849744	11127563493540964499203168270946971292502909754287804801941187888419721153121190761746396941453055033259776823328600868596039745198376075150111257610692588862394070809010405565352648067356050213194951570677568637185906760614805510564504	1,0,0,0,0,0,0,0,0,0,0,0	6,5,5,5,5,1,5,-6,1	ok
-1.795796	-12.672673	-46.878363	0.842806	continued:5	37382954118278832773895244218236686338908646550437400502358118064530753024550062640906067170928616739335301863382037085201145976272239453658981262846128190508219395966448887917209180943430756816352307292933273077419754656235276929745839433974363165395559685648279119233606266845755238958617575685557006721749514772611431919383437239804154797540665120741568766508595097526080989667353268374589	60969910062907488098702486925388162051674584323618530667924042700623154722888379960346676872291577471427178867439915854518373074008946171332640530323249041018929575951920540904126236848199790473563994920656800564347597021783271346404438365991792252036952815079593850906797556430601478723888268879923690786923381553	-1,0,0,0,0,0,0,0,0,0,0,0	6,5,5,5,5,5,5,5,3	ok
-1.791792	-12.672673	-47.720866	0.840013	continued:5	45092013935962744205026588528223555611317249697643654991985029873342854581340135178160808201814190918736844508660709399226982185200541701719498671771890484408895727252624284645350364578648752507772306020988445596113321982693289921883484945696912149216499165547595103773934089289192135757174483976030576846626656368855759182255110500099788706442350262761398283969559789299781855524188868063019460127382649059927044986959779887844204644057352485341282361132084530462999295533876640287311337477327889501000576474492131355954576940467873652084322238577738927711063008243078818886074864433274734872240415751615757189193164862395914078345553090844842718206837214523936366061013780003996847661865106597182917312307481115915800128000891217044711578708917737474796763123116307930532933647141991276084785363108545049480912084847188530162836990808570051570515617223912882763289733458912968887040877136621422876645468104517050480729746302685757234625321179057958318712554180092065005745540994720273809103447290165365561900178852880385345702239797079017183791583106538150656810914670327656587213219475584680802432302292067688509578276270607560833557165963905471616485820552619534137579110814003889689213041069561994427516626497551044023910856861850179452051398624990412543265752470840264613494656209709723449460132973454178869485544507355925353511836406027721200940946241691223115981233086102264821178653226879548411125022202691370208615167401140875573478985254797324040186033304673164964550194256583210550635161096656741947067234269230885757666819983187709089072162268761619584816104092791404613519466594858880689206669478018667349245620204995858857445187143217958780552769590606785662366383403392119043189866273956145395518214355551858877649877724469912535768286619230319742106664377422449340567454694971137442857774422741229922392680603954853132490737029665624959365409629362865310966423882036582696893227476472313788204933499302934330729467016803862108193557132585091323125631364100831386218574165910590062772535588886196440321582487987277778433056755899221255690744858667946092662867902770341526284541893244522019404657385481208544692989365814589	10810090595956654867362626877471468217917950651075923454440493857526717335006636433989228929018296527002713074348164605363229133681998697059864049831461131447883548691590643422191592880761816680637529370387632189767412267104231525439023069668416909213695983426386239870074850945332908	-1,0,0,0,0,0,0,0,0,0,5,2	6,5,-6,-1,0,4,4,-6,1,-1	ok
-1.787788	-12.672673	-48.514569	0.837220	continued:5	29738777136357487450359036201897614161257725510129020885194424636438890615352586714636873129539822248803716306654238564664616886508056704654205750908343627118715817164346087069533731897211255865471517757553354654373968089203727471738285938579803647624167795479429693490863599440202682641116513618063787951075560822663528586477609306750669162040156189568187750302735981288951280221602954128619558433964209018078065115679258259554211817431250291844873210114829457252199640272746922046905033295536118822087527096216927001137362374040595889444106703006573619463414460286667057736551299681699890649101937888902430618086515688078314528585163586919576176918861915486129172917306325496534856861204738329235110844624529077071734811841437048037110856345497535488843518062660170761941390276045048059895451932667385219240437273748438970575618499090598433677201673608235802907886392521502430042373996260097742487493524160407936294063467420103593320960641466730196752615946568217952325590467705319081071440556396396931262692083402773931387509057487771137734021650848944335235575192544545019799424132222511864944966935224574285732532505861589000665350189715940752044491165257323039638633832752930214894864287644981330721473589785060900470025590025490141854335880818756530483334564749458491157947179820219700899866215221255529449704189470271718985036501072909362349540887744456916850374758290540167363977044356732852255901598828151937758845353421518273525822401997818674079944053419329157090858432081917883442446204512455170851512821216222281064600408312320389610238149506271410439299900245676846248482382536355428913500704770798039009849070260857421606053308057176267709988684205760799672266459681604053670631581788276712506750873415252916045785680405549052841858929766765027042488171843193289297482707093904779731852671313075906619276672586711503273638190688688805291900297222501628176824497513320239820798216269381688053556817190649200973524691445489252132295966293336929129992783441403745569484170735079954153450376192852189113987389344413876297061926958897354883700874336629043445384933784172378202754200970349513080564605134072312596341074451299138845869486740042795397959352899289262690424558125670278324583426741626804638626288279719309742193770366776132663617194653421884585645586178403021565760755203711070529651609011419586430309565060490259185893616568525784339321146097559864961875759020647618221906719047312786692187387135163834610064068516144173107000587362343715798285373429312728284817779607417137787538263392605984026572096009081748759805611775356596146379967654859950696367987855393363606309774690911597123524050561751481417667372496622167785589354539187337479412316690432877083009926184085941529321392712576676012888831209583954727833325441066382321275817061604977157497488114278321212620876689836462715305850459586821754327371099478377334946077273555670252485017650102531774563799903711427311994689611511636050155927137396687619801027784603289828847618343962626608621384687680822293045484288464965530416872798903830841628854284276307469673833851498185724009463558538612829887974751449364934054820275178594510636134455809600839	2552511576696999425714738959332600442477413835535916461723894777232891910041505190091225896481664001873013449679038501035828470226730368116881817046708350587516216390600780479022223426915190285428968890228477599	-1,0,0,0,0,0,0,1,0,5,5,5	6,-6,5,3,5,-5,1,-4,-1,0	ok
-1.783784	-12.672673	-49.249820	0.834554	continued:5	198493148349282443330410926992869882768979097918135270725632699711667127273435510162485144291812983935975445293824468472050639826424465684297214565118501895641041477665592504095204882711656644336139455989351897789060871009363698981531219100444650718217052164071199960383830834314071867955723184787400262247557714944842083105460364979874638301806857046419861148603853148770702981755578352709765642793903903351448391757294045044995262539394529085879912933363942759980230219334046064885564464185294958252410619332430041989876307397470385612817772497723726901577535908736879608328604992738677371385533126729619222311765607033922919520413935515476126741473599791745415978047596401852407821117611889045659430401975600392823444279399532470236492113160894208648719800407389739562719132438641411840284842506458913280751346141105650523935972044261863172749945293365249813413627581930121708717963429628149340073187032991565582598525413472841532660831976194660297906026954248007457910046557765419431101124365786225551082357095221736489983041291073077410133384471508906774478601631646757995879465636103168957454309839387747251321068148102636275498454759678409814020043012021328389259861911080434696289033411201948627135832288623750343169214695342402371525892610551090334140828363757566711633539305673010592699182925301886569007133808719812403074972081632924600746796998868323523686658877482284424215467170347592330271148107982306520925897691713615838543091976198593268939707314872425388426915075341125102290719512288933856117387703872384219573886888042906788385586244001923193702790247346287931360027146641747030377559806549703712380483443991343956504703863278714	698742629304670171755159456606645882464563215708938848977671296394795598623624107898623090380907454516679351708155113916786582890627064253793124134488800405643279927216135663607230242643647423906576104662321914497157989102153111660777268831591349557950200896626598110170921507268083479889555464886389680731621846075679260770024330292921091855433589433006802470110563741245125782085938613348222413141706523605534170009109827010003260584750818583080574379103954543744713745227646724744850323836102875089026663215978478823841611411778311069943797747306870267482816094877693681596802337415427688048041392794918171103007472428948424687793372003137123150346213150134446424706162593968086584514221637580077123136067781774718168819112984434762867934109592893286362923153438206046487553881941	-1,0,0,0,0,0,4,5,1,0,-6,0	6,-6,1,0,5,5,5,5,5,5	ok
-1.779780	-12.672673	-49.917975	0.832636	continued:5	36673186637084224872533701896051079842876076254511592208954427339485751481195974897953348425017410872630207984075868288713930019866904235065689248862298158620717643377397656783744940222862676351441446704410369864265551446622759566408317956107667674880927055922379969747192887607123302330206252258485167064375993350355826327047629534283472851535989567230759339147144079563355075782059763357406567067318275935871013543522788632397915487276467812356441927570678163457528123520168688053341500878283436609523347598263874880342889696470915641498393501544817901811992825567598481773056059008739624135328430789219350521829593796521739174453628374131826025438772202131645754024009415173808459035570225501269559946852340025189975973775078666274670784912918814219800356224674275237976392180708857202836318459439676987692602949289906348346081492566373435407788196562676523455881251649069208882005572662757553291552626293538174234325533799630451839813340676945576166250283347854164082340844526498597505049910706585177385638837134827221452484565836602137220491523684032065803507739020334784718808597129016773008772001149765113855808660679071887398987188246641990802179128537343867261065781884967792829353899230692025476479870671209564674366582055788798653112993286543703513351432761560235280994429159417463492334375293758582719326333888632236516208353694152184458734729246018143265312232466902130245217901436634209706719958282739945142417710491976713118916477141394020655606347574843345889168314600962610400443960717805422467277387918990731674273842711825326566648230533474847674670094161136193998551244323142582220671219795	38355170639006579877392186127036630850106463854539050000023246870954150154079618725097596356243182680063101644179457193484181007611670552534693161482260191886628732767420507281552236576340425645855644880783807041197058953459210277602474614592334094128617603670271457227924673621994380616068779909388377845613262403378402902492767430256630908661066994207434117126047116086962387082068061356409573989869987841627853396263820287060676496773577169762507571457008076126141052833028569322762159625381072342659486344444179862404414784180235583167887679988690368802135896886627023916382804687487164058277640212846228932203711554125053695587184964504007992740918460789	-1,0,0,0,0,5,1,0,5,3,-6	6,-6,0,-6,0,-6,-1,-2,0,4	ok
-1.775776	-12.672673	-50.509252	0.830384	full	3239259973253407114347166619296726228800307430924336844301111122623658735605749154259199358638568502137972653537824290551692152625953791749683119249260973775274365535363406234044526850017648199782909761080763842995584917497066487081250475269521055239581047698149679290568386475444077627995878576772351142623506220324285158344422415343597461883009134611702427938596317397717425436702267188416585755253854122835933936643573967992170697672773979867640834493621745355470062315229829395451118669769188932616822727966354641282675823964425370663783063869050996332665093449235859794493361741491575698282218976982178560678674039827529604640631908158552297416142167107943643518846673587619311990559812945203948202257304039323551426169649319940687277914175219874893206695464	241875486216702870278220374410314436797626848154515575958978345682321097633906137167611688261206313980615138745236641721174583333777017282882204487599526996907782379748137549102413865008566911071713387819147343508959466198620482211930356404095515519	-1,0,0,0,3,4,4,5,2,5	6,-6,0,-6,-1,0,5,-5,1,0	ok
-1.771772	-12.672673	-41.769553	0.851695	continued:5	698673782088962029733850655528371892774983250158953165805519878506156642132170609599434685117757551136036352410298246383338340169590471639892225590663073287294193088405856324047657392078209202137441477775816038359402326279312567185238372763147501991569042344797547333420379322006164725532773126513872821254347763235346644145162266168703703037828555290071788577697095401619047676775575453354738063628399425042300569227619088273814211051894928624213028426163560668169796666707122372013355225436702557148486585273823479227152982667477841828639335325186425479048521735839533693218911082724532503844381620451716869533882539898113261638700455703878483709933971360571009476994190170309506931760611056315689301143176055234340554152537250752820085627353009788238342760258518154226316258784005	698467280742967277894827259201413622341001851898386823406340561680866818711965967634753169373715583556051855404025553573401062892776092638462676459665388680893987531466447150836847676062589686728368622510688900334764710806940068744024571332369995306566704325774694118751026165745648001050035329725777394467445693680061259897399438117674076000011374604622001626389104656996802143130678451087786885376364369735763676246760998070466291119355000750031539375279871106891537676716409818202742813129222039662738568017204766554904658408582009483208966201074251010958919166348392526742029507144569781479267328220219171669255279710738839719712142474797788196359856344176072749272803646368401194031997364379129584776497608055684855511577872202469467707818379801370771922441767235093775102354891	0,1,-5,0,3,5,4,5,5,5	6,-6,-1,0,5,2,1,5,5,5	ok
-1.767768	-12.672673	-43.188639	0.848901	continued:5	758846953030907708009238515669244197116507781692486182676421853544589841552401978782707515935439997984303465876486314404880015432150220453479871593737744358469365014986128850351461616379814231199805806251877130457504469202151057966258577056819305928842836341538235625410358827904679747980836808334717017516557271236677774756577737164173261650136437892183576487648331864511884469675400733499821696860707995610401726225531566391449749810317198856650380022833354109648335670749605592914063336589402501483894279952698210097254379084755247007321672144136562539430847176664445043217624084505549588144260416055943342713690155963876889827314946164876184771972824694882143301520624130046249906855711885021269403263599121372823166762967331678407101089192814620557665891550056193652851234697012474101812506792336491674266408511898617694667760508400452923667678007240928772904211109891879810798954445786408926234946114982127338679187694698757873742252681077705817802307404117656535116331467323138724432252229829177534816258561359581053344809459030653059298990650268695545350131706432189699741244101513213862905222791028976402842138162212203105299424943718984154792160784083386034908235457145938870779256118905023953354917620088262141006148250585823284126143785489558792762015453052073299221599838000634553782349998396181556094890448152806498877579389972065957580318571230786708610769060922798005949163680997339038368319278928416819365039549299345165423669975717478971728122873330867051840439410667944119725386068206610923863627328139084714583403807307805001586705913948476078348355438124988142920728421745759456677662987893814390184451673586523217308105928980759517849866536448848131927595835249110146764603664746335993359659364234734288527016010977162049406452075874571563170699102134245301189794472937930470401428456526569806418341648506410159331375011823941760530033056954012199967394103999289001444641627851690430369502886128796840910941234977580508337064590896449346820208854587637812649948984468346621148355228352760076942001622839255287182608481766952944828449861425835383624856742486868132675654008536828801241328418226620798342265756881927662264019491697761538241539794340296071717022232668679769409230595	201641479655655212071892170916739028726029161600727673855144216252711309886410229876927415004696007297298421751443076975347962939628669906919750770734288608354208970101618898001399963020670991007947415658296992965676680316931244295666780113196754404208031136518934767972612916053373601894245030380069576529804363890744362913166026116094785605105843787823382454527524698725038651828808344053777518106687265840257598509743781220717528903744890623985695588240527394773360079153167124908845716878824141517081079100752202309262838860901370729903683917484	0,-1,0,0,-1,0,0,1,1,-3,0,3	6,-6,1,1,0,5,2,5,-6,2	ok
-1.763764	-12.672673	-44.271747	0.846108	continued:5	445621095182813836475978430439786227494856730851658789643833609491342150093192773752647181288616069690270812629925819674197616241211869470991206057646699765819796665387672962101205744089354200664939349652945168964175265870116530104809901643288599409357321375267491885156859637549114483178792512532419524668176581923430107234678231390066722338315629129422799438338626559222706770565058645499659242141159176212320822298680095701361557425684877239409600894629574990080270572253239272310797126751781753728031403167645089823319657351986267124462512351918428936239000441407558668103944643420225872856449180683090646937034475351370173298243138640854508624694277987109036497357885129388282385025432260455280223728660936868805871953525353275531083834600257676184123017949230333268286202065753	37377429228746915640692551907907853198098710077471871674718877596800707310758324570028811630324116931862329048203731523298152982810687867146570018969483975731611193175159745543947937475683009525938629189266552783514046861747059923326603346622280201318345985935127633571908115189361632867437974424177299288128116367106771508432750628432192660907375483633799479188422557220333912384285271438009	0,0,4,0,4,-6,1,3,5,5	6,-6,1,3,6,2,5,5,5	ok
-1.759760	-12.672673	-45.244482	0.843315	continued:5	20059134750089493683960865857736082144140364012724984760052405666448936832645223240212229706190552870821713467234022106745550127872672733263461805390347872794415421990257633801911866968745806195239756183643181869176123962136655814231969164338133187657001454512344256114291139965235641848995204058904700283224086640885449795571144198552070817759665791719939384513482922704096686762193338087513990997115342248261339616975617204484111283651604548263653303185839439708156002093030282466893362758464858814147111275389143135203152600956990008250280778995783016622114503511046743185821543764132475679065086048012012194454327435506121383128661342127700981681011118716685745876718654428309580410374152637191700467247377462528856188394071957453177778898464389220713442533970841422213913139407636683273500197606511623715343310108122372094763110962720274318283415676335113706422014325827469676293624030430182201715569168137532078956241700419716288663285219007677255384553567806681722564431936957319613559503559439387047585482720485707642114332599989518226128197094324329859307921012180668475465428245207165376	20341763112225778283966262468919253068883637124711760978197486138482868028545047628110462026340739435167521732132239043223002077263652304852470193432013302387158233039975688144316811717354127937826038254636573161443561797520025399467154156888744574606574071951073955179683739714293277194070650166429935300980595417015697661808677535656012437401446809338404456889396670818100411615557618798	0,0,1,1,3,5,-6,1,5,-6,2	6,6,1,5,5,5,-6,4,5	ok
-1.755756	-12.672673	-46.162156	0.840521	continued:5	183607900189187207047130684934490467907299625052965578972332865340644362442766672174298883432746564569334220673308865766271205306981703151278461526229358109229935506393233766891923559027205149733156547484064134530477053658799131925304167155025237849751126571484464403933409377340650089860902439249097715187995389286714058488752860245365786268841958839743582845713205493662156925748723853529414654157147961803692914729424639310733463630588636613761291215379408771107989932372672008544122860326278262906054741617603008416287681652770105684647253611013921112185570170615318067964242820787958709305988217199636396058827831935868957220770543371551213212534842159346505796109218694287297685242944251631370925678340028320606085841974467921187328444186440028213952567554088465593003269	94516209620133792361955191815826731489247463133058630547933933187743955574304318553394488832769702876473798615234095456815142146325487131141695138874378625041383492986782073280200820841644029539344907589219520165133696601721917395810667413231211627331424282325221760896101684511020731430829902137771934059913118882541669979206373731598398196266743529800368152156357299472598611800328160151399525986795962204564321566416284706583074547709195129527873195626499394844768917093549843630895874754909174791772241188047510231620739736455023347033576460371108183849177842853469201562377856086281060155741	1,0,0,-6,0,6,2,5,4,5	6,6,-2,-1,0,-6,-1,0,6,-3	ok
-1.751752	-12.672673	-47.037860	0.837728	continued:5	1843349438746809115270226566509495562041257960140749947536807919913271692555472381054240451302052011043265071534910876616365131970363817411350878103972616502910155124310778263907384811828936289519991805712292500688953931741726602136282261407784804386456676394815647500436238418748502140850264613842380148509491492866206147127328090828404202894184259254041500810928678630681923461554287424824668091177299686131166416572219801737818880650508592131260904194731227338075971255920627614376778343255771200602571238175949766378973662732030897403749697375613373308986778625122153652275848674066240640701715995005637374019770436293524232782835940693239767769366404694401181932792293998345309108394907204694967333584783513881797855422408879866670789807769076380358546845611912178337402727649498107590648445627884443724839011310101047866456246873218383454504193318001463308943229467120838062664078638210794927809490575298387713310441135002876454942979840728519418804456065190420469627226151328767596960503631730281353139990310845964748663620089805572289634111520839387481030198734008747921303564864686962458109139113312719282983588446174840427340659317883044791082826053716016829309083303029117698478909296842267236144011473853704695660495769854848634826519240000142591657197185833401736985645065815685510587944428709926231494431116039299808842402183505664250312134204514732967467423004428296234967232074187584572933028506390457863790938665587686024002744113198558005556835422249669652166993873413849969389	1733731529133444744356716446983299203385946444085945353157200041185937795209492917180779364752000703813677619212827144455244724378505747864428582789030031608020421788152461578018667522951966635706249119609888871642862563551758206223413539786145568015132619538164682681976147651253665376841208293727745727042627908858924650280782105474819228433189	-1,0,0,4,-6,1,-3,1,-1,0,5	6,6,2,5,4,-6,-3,3,4	ok
-1.747748	-12.672673	-47.868875	0.834935	continued:5	355992325608681006983347576337858854441578266244537715874452339045479475661003010847327451165302864732940278988152571215000754913300754314784177112909848065676588390207563369828399297595220620046006642334486760493883983002276571309098444609798604503848555528376447772344334836053109808039609707836893994569085607216069065498718870707781516355389209234628907524277652168105292033409175838681565955324621163848184411299319640992222272001291724396137573044916697906095411176786557315771699158504622550091799312957264482575824286225831992661240058591860865236326513789956621407953663454948991299608114786797168235499291926098713356391927622888599171665288710763713312115076061288496791442779880732355765450327118304496916582889348978451356292313045124961167249488361558054379052332297965	33413465228287667777383742205087869066309814233981183788892595066401442791637098478606946097119323118228020068276187526036540052866526910609923423717756489705471726449979295170679042033564973782379836430336251522408156422386674782227888131172334741253911133007876040957830189950369623070366556393769090052779152767296126678255319001659210875968188177089563334557838771407388987537097351687241	-1,0,0,5,2,5,-6,2,5,5	6,6,-3,-3,1,6,4,5,5	ok
-1.743744	-12.672673	-48.646949	0.832141	continued:5	7196758012932097971390448058047715453736571697163770041316985877709982296700268158219948519439390761501597129880252244766553889107767412241636910435285165723124335151653315129214024352658886663310434464623433758817038358763981231951809211204413450846887327697121105513102018576438974785561647246276694916009381969462665190613218734011549545926397176977950282556274358481333209522704771498074171794420023420441051905947656107228240554992989089534386662754353665863311693611648462815592664381703621481827977470989082162853482061974463670621998189468364004805015444911502826640216904591493271944610446267967489708596812483947889812769878416381368290258777236761636581487157776655508656062859158444471581221960435184649558166647540869168068176838481480559983362777802051849512906059434955538057516694238422337955573501870195611401991554354167040812402228776157756328842289483591265870363622606569452185672973651571572780992089632337233994032357381669498561176440925142092464820183274094255186992299022205976897120736122870278766406927580146157928371723051848040127123923430572925655919518451348880744348803926216651974120060543595628928792693942341860678044978726129967505846511393715166418917603026732548943907235128768910513311392457395951803155913320811414022804462165989558517325804621719307007618470132625427624943837791217879942521759522820488349591239845702	20341763112225778283966262468919253068883637124814465307429883298556120570446719410685384598061634165184456126976682986019450035764093578427704341827250901202942432383348144731455515947623083058267426829469533027285885586007935243409462152065635985254139839233574090252315826349526244646835102632594346268413333204222723991055470021750675581624913550845443595841693328151256000906390555423	-1,0,0,6,1,5,1,-6,2,2,4	6,6,3,5,5,5,-6,4,5	ok
-1.739740	-12.672673	-49.363512	0.829348	continued:5	11469671506429584218228669250902891598945584017699489618782659366260253088800096189522350046290511949538892198410639441570940126035673428234607393948858284329569990558959273377929645780600840956212215966680631776666888037287980429589263782000436554123834306643515989492104682952566779159209561574425555862564704835283509644971256050444941616398545654139061807696879195694766183650743945471127664649619171531262207974724377049288488203979613016669277002934378509725150124843257634145623284208369465568182754481369307985809477333249368132937344858548331186948201139797535956285799112010053815099488548200705083166115381504825442749759998085214110859943623978563974268683223530230423655464917160822729922483084467467884261028101676878450264562606522072496308109520635643011998715381336866924107034450492700275576571917409316654437632065867659789450085085848511397846409352765870387040416576359285051337400933579915865597001410989655000943953082563884881411104113017791108986828859771721031974771841202727553724803101513505028330009400118506881634751961101208967260358965106773040030281661663562972022736180810290276345634568912144731277232228293700054219905496263154138821780816628488851172433237491273757632573769419460673777196731838728238438954265747667319250008613295871515084064035327432537746358404200884697824763567804667138653648148406370857235607261857052303275982310563843382767281449109107333719949878720843583821399233326090660	2232510495612062385001420500136352540647499838560828896012248590692190986475783171289579976299194397213683300533235466264283535165355131531777134831646702496125117297315200875768547585129912426989246129995147355153211437673540946115272859170982368371378737083479430477979041210880788922292495641400058323842900034014059997843174343729226618607933954791844989601237188968928409720176522546639522113576635025066	-1,0,-1,0,2,3,5,-6,2,6,4	6,6,-4,4,5,5,5,5,-6	ok
-1.735736	-12.672673	-50.012191	0.826555	continued:5	698742629304670171755151604440295101644544913760785014673710864532194556184318024105736165530995239418648436673321577695698355594103529184074111270999467207089369413403902940662783494379894981448758304978053973371906327898347088353251289391185922584822004527583692244652257440396623002787321663544694080555713669187428415434317411226098948276223742588724989673213799723984208228161521358278935104567650105111304399079049724326619924733696073253164701473747180460786033125162969597490182727081447970438317107031483581701156613521453256834321404843593108547433707148454909189521585453618664618090931770928787121409950449050251065968591123882296758243426869204302517981410540239383194896966206579518036205610489197921160287426752000942613791565100382929389371710258076552732269044850702	2232510495612062385001421621969510680296741419211622267768829896747615008417961081096463737431921146040047480031737599725547861012671906508031828998616675483704281427275528201078920019279703444981167638273149980179683532692737561915791003816615546428918866062034976842060261706592047052557829088473528962312015061711358448905467801611801631396345225603151389678136176669099862783355636615975234513367712741316	-1,0,1,5,4,5,5,5,5,5	6,6,4,5,5,5,5,5,-6	ok
-1.731732	-12.672673	-50.589582	0.823761	full	558202279158891802267807705452217597236452780990652558485542412671670923441327852464539307553123490452887230602252196798545651431046699314964472511655011251254090295475143588506368690664709860767169896930596252284414210612137809962674119999908888845412207760151106564223644975844464977881989971592683251747861587128777817104013929472310068437379889825610142177692702561522061733129612869010546713707836628668321917098724318242075708837653474202984223542791370452900773547933553752842216499870683480124578929775666517919022071338768916459078717502250374843921115897919629426858338170351759083389123297298088040230241132172387704871686163218673403204432943650593259521578193698672598630871165097795748102948994035118164115320468301380973573154435173187498191050142180971720484310525964	37381112399237428932901976292217618580612193133620241328414491237878134344325567299660662603009115791723098352998645844942183818576854381572767620311349450167814945214299290838152592206262555039881720983533763792401774223111139637735764462050785378383823783642712338004917462675854484740694769257544814732277977033287735895520102005201123277502726036628976569576232157376868431154891071735724	-1,0,2,6,4,4,-6,4,5,5	6,6,4,5,-6,4,5,5,5	ok
-1.727728	-12.672673	-41.410470	0.847376	continued:5	2110731174871192822228345941531778516574636783569217830669779549729801788512708344840416745379882961818471763771184300364802323233787942806494631537495459363104555465426267169775770893772359876818369673001349720137531792122701626277979091651250075646368258145431035852787765883725351646759768458036336422972275634869974184264621834735749915614616504572014680816347396258667400849638397383412808745341001714935773673429882458887101349648670454404322930855080297015729055309851942692400902248837166206816226006646722154092024701724217514864700829849559343283574370503802511076005385140853413944747865139823938677199820714149400522166353131922936845938581502419152295167139011337462750027058010533574274089346414204606187663867122530312932341729780071807305092132955169809075361020695438890826770178086816521846515644855	3449323044866927920342692678821950742675796476246613148963721929308962782284198175672269071615940578541116961070343457989503321405217467955673436414707892688131717553265743301870845651336207335882409851485078016199226529969309218213103837420272647888384362993247639610964968110435931946181359535415442744739754503512878985582340183564058937924290161305655704767692984600760134513411653223200141770761267566	0,4,6,5,5,5,-6,4,5,-6	6,6,4,6,4,5,-6,4,-6	ok
-1.723724	-12.672673	-43.002067	0.844583	continued:5	206870737803734355181271210710055841471457580644797975012427048557169296044007084597035140535484286168901851391195805045187320595213902291535310830503496689384497812449418604417402734939760624901397591879812724163290047005852349515088085446540053453770113073892504742947402873356758324714447312209508814797058269139420179619025143688778488839991330295729738424440251073723445524173847247539298380341813406408206119892323627457381173832155328041409092879722799243709485077110091187664478331933042645099649050872219911183173533700294847496575219463595651583317198721067489464781018938069818849668106345547955873320038421370487783986102759119989141855421773432094504663180186933383836465984246712400139503674267387572987506349580410605118418014527955811769682778991700890213158125	4379860612566095540507843135721949955112428527003690325609714190451771957434217051830754361278132149109518419923537047586271232059552465835252796405333403330383901610177397647411954583702668501226028876346170737980942079464990738994768495997788486240245008635856780713886542980157982041131936636516943474246120210020996209058467741278953002734221588086895852075669416228406264	0,-3,0,-6,1,6,4,-6,4,5	6,6,-5,-4,4,5,5,-6,-5	ok
-1.719720	-12.672673	-44.131627	0.841789	continued:5	9589913129136009522361125600737061206480033324550156167340259585348124183602472649228023695355086611792041920026766835209013630028568214356901656516437422844029195258156730965700256337880219887156883383585915772563494847456277559076560746137413220458074436756080469132419427625856332064389885473910257579469455507065617905931846901808519577965557795904158569521080965161178255069458840201008048396044342172051951468928710350601721786303399560384250062861598870761089403341285605102970046808947652054893520798812573940042073882741824457863000159459862625647760838506045905780046540108820067895310688420086433955334073165837873449874164922902865020522256296332328522758464415264799307299162967713592451417674823011318507631565921502423200048924794576390	921424513197045978017366881405576560990443683789857908372936821427275851964492840808416070491329147273740384198319478745212708685119836229527569383012166452305617703981522661063134518805457963165513001266088649468338711066096451159123828131281598341593467308342265389425017627898862040931436740075421280743224851325830598478028541748851567398390005670375001292386519611991747319406579086866	0,1,-6,5,-6,-5,4,5,-6,-5	6,6,5,5,5,4,-6,-5,5	ok
-1.715716	-12.672673	-45.125064	0.838996	continued:5	476098460132769553852513457078156858334141459677993290469258698894866715117908068112430529878225306784764101267544483989134092672969345109975287368480476691775906796213030773615035666897012203476868990648205355544175695215755341611057865594995731838059109232695355277125391100485003665995567413042327552489965832348551957648932955747473483417447226183379824250728137988491202502146607045301100052933850628449614733810891694136805050950028565365936149639867215817757029116501623503888847085789797414519679666592518502032114655678156667798028830635504644349343407617010847574169512556849768458822454823660681574330816409128421253545859074642513761611673801335125432569425456146187787763248342158692422802121	2141747818599498719121388647861019969468262987428594943859182166542725449475162401042525421448974049632094381922487566332950402209010909544521030259555735131790519906471703608354193981746573539002086993309767773411406828048487828613754929873229877072858508837646025019782064431533640890405218742030602361448325624125113540320767154901859592596610385329509351496299589136793774654623829727612441740313176898991	0,-1,0,-5,1,-5,3,4,-5,4	6,6,5,5,5,-6,-5,5,-6	ok
-1.711712	-12.672673	-46.053214	0.836203	continued:5	2492185842934701483002640417576291678430220866015333737076787637618882070378384536570531530111042615520910517786495319227099287745384883946644480387438818992604293970282682757414979245249843065878570115678433473061426768227912412993395364182265067569156374390014335854271153538460296120807144293890874119357382295018034290607995563493273581965362486126449658266293387151647579187861871847161290112686744131552722117506032598867810575892574065481219272489308668893966625276652157336905219237641355374385579688714575381810399566069149851594989001196789981846374286722814109925403559697319403265991023597011210848480010070145678129344148118269999082507915295358636415740569178559980348494642148099732741877767253560155691278846420844770368708930001442263227579140271876463031003924592708547992431600615107637886716777378	37382033247770461913886781769864574110235756325409471332539975474047120509323446898638999016098922326102808295632692204068952264811318998153866784224916163059897712298635568260455802076000159857082755146823516838599509772418738988379911442395317254365917345060453780545497741286749271244193180954228945933756788977948312177434045370224331877545848122946565818806908104550669614582737923478116	0,0,-6,1,6,4,6,5,5,-6	6,6,5,5,-6,-5,5,5,5	ok
-1.707708	-12.672673	-46.934360	0.833409	continued:5	2492185842962967682719951056212052250128559688252673779676373901542189805412087174811760524927883513811719158546462499488162663726702536753930026314757065330755882406396044569577780178195347170283377123505172585066342690724975040222693794060187366729854773734169204560113554166164590754908269265963932938934640269923410926611840282170465246629773901095047043926001712986235617309043262558329730811894547086481060741128820609803639369043016663519947221902189921363492513779626756440514655886676013075177972096268054538271379953041754509721437277791763161911020405992958041891508582538156100160912159127393317411637791915179452247325712010620191613686577336781021735280901708704088759012510291952235576472891488865362024868229116991891661031821226934872966883919796632195478726655223441805968143821331818170848796830830	37382954118633282575155694440514126091818625753854255985099808428595632960208679237458569071201600937820665167105401073822435520194916235416817972784662122039695205015095526615563143183785488024447960579295722891557579500180524332592467477706657454555596199320524101732183112881071694508083647537727866961108466821356699431362414930561433147276936351570242776787735119073876433094572698118116	-1,0,5,-6,3,5,6,5,5,-6	6,6,5,5,-6,5,5,5,5	ok
-1.703704	-12.672673	-47.768173	0.830616	continued:5	624500771178986468173426159856296371102262672459406310973904950392770866909791886677842755420566214128792305655197588383837102614262559901739489496464979358079416982062928319849375970672697687558346346298895304770721482175211413739051549455961252960604656154392853333221198156941998993289834733539192470161546093948427236753996340284620079878743396041382327431626416679044528474518374690192200281975194644416491265230295573343828036071264849496856901186085090410716945689671453319689323063387010754913952584533379904895049213094465060634116961524944360952593919348059432222842502651693895353856918588179791995374540003535041274786296449479686637790323936594895725614608383301579788227186074588181708949775016993301099501049021990041369859155254213298313853706462227841274454150148955	41821964964420610285125849679314252520954990811881106101692086405336368301042323123679401728671188277216284245525409524949466001038278238487666072714174639100518401370147259077780569548562821312341897087812136655665050825830750232256137584083469856528544161784173733317994963002893039270958901008672107185843021182241474904648485422867172107016958395248240064772380457098495868227610829914894	-1,0,5,-6,3,-6,-5,-5,5,5	6,6,5,-6,5,5,6,5,5	ok
-1.699700	-12.672673	-48.547698	0.827823	continued:5	698708204868708114385259732895286053440045062439610669577507305259627599302195310294025045249322746092628469929526074444911734592645452794186944028753776376338866581985645543195251515345121565578828405698238471976571909415228936602020461749508288900941561670007695173480024505953423512511653114088416317061164361343600903919191163913276823762371036330429163751024441601871134847373345032003747998068334764994791348521827195186299232908219985141895946604108422744115404096396092598257627339175629330866581941983219098347026298662297681098373273252810427090510768173646317942039221659599156243457261600296463193867945473890750388434788579233317274163024638569368088801380349483107491695738433582735084710318567543581728249245126854625097471574466775961013034547788491447140527308434910	1524178836265285551897525701093334666835302412162632977361321030838433580533414444785937914926464692805232673279454881944359254648093861141340768947327560248425572547178981124447159022115333042483187986697830532928537523215567946399707463349683984983221420700776125801618345332471932968517191319075658328866786277777386192278646216191711193610957884830679804809076051587543530609366743224911794	-1,0,5,6,5,-6,-5,5,5,5	6,6,5,-6,5,5,5,-6,5	ok
-1.695696	-12.672673	-49.265133	0.825029	continued:5	698777055410176979242631957830870858102070551746731668267584904828565997576015979687168060862332877152134000121877269425391279003090245684124323292899099085402551986096746913254612943633069907855748564088359320045326371403758862471894806818664022250607720688980381971690725565457968111168906030676264337395349197579933743545261633314989729998498711770979440348813117294539910188988453970819342702204382673601148813990828991750849240233405412523627419212877807907253774619467548566616276356464409050503375572034416614752940708762513473340491930568092736314554496661797782238966179084010729781002341668921048856433354538979695078651862525433611627368317567053349488159000803222515220067690246497622569011947196161500394627794158530810792973289543630940998814787199484444735958916340214	1524178836265285551897525701093334666835302412162632977361321030838433580533414444785937914926464692805232673279454881944359254648093861141340768947327560248425572547178981124447159022115333042483187986697830532928537523215567946399707463349683984983221420700776125801618345332471932968517191319075658328866786277777386192278646216191711193610957884830679804809076051587543530609366743224911794	-1,0,6,3,-5,4,-6,5,5,5	6,6,5,-6,5,5,5,-6,5	ok
-1.691692	-12.672673	-49.914589	0.822905	continued:5	1161560562459500071733976526395310160909461815858379763575297760255598913603589266942395612353433844798704413846251308946105517475696955996919211771271318962489291430204673665881585180371261856383613924278120312857836966433352181502080262397874091365388129095599200881462661180327450167195771969309277071554860563830729828192486883617195715512115927913113504301111496403263751390962339590702504839542901617471764668522361649354282061891790762395271265770800380728837268514576278117160582292403671750566636786219435306582030015743794824901340904025303036014503070433566912430962280422095666682064084946207713336979651368203103710852162502013500504912672709232209469937181421846289428253214377055605063557523669741922758378683154858652130653458852683004874975206526378782991410298465532752	39540700673414259064904767773550654777955449505367300341464735543147304697326358977496536975466382043785116136517477744775107210232272047188143783817170539744452219547930659785007890986057189637853571451226229781229043562994762548317299899341257879465734073355945686950387281713683073942400806103460861622212289421994356870970738005445392932134676672094671663073028627294014027854999978287824	-1,0,6,5,-6,5,5,5,-6,5	6,6,5,-6,5,5,-6,5,5	ok
-1.687688	-12.672673	-50.488155	0.822403	full	874452359262523968726880913612859515349460014987374875493930504454385594449972053914461153180033578039362782411137053470083880083421631472100696400710439688688841195689000944829784592750881895106357962083178438862081193489593544503543605401063025721986827345742994300438816248661241224458013437157647906547733265410465279444612779718558430192566960184465963402811158593479796792546540724264329001483021647890940088749350734388636660504196918906079434702253439793515582246850845906206150250569053414775656309957164758616927264938547283359785993440802009193289577515859883987117530464215581313882039939918502646690886212509146884280299056023629193526255212679208124558706380113716210258609024109369820496777929981407870309209320141066420682494548441233748803151295677864769762288586902	39540700673414259064904767773550654777955449505367300341464735543147304697326358977496536975466382043785116136517477744775107210232272047188143783817170539744452219547930659785007890986057189637853571451226229781229043562994762548317299899341257879465734073355945686950387281713683073942400806103460861622212289421994356870970738005445392932134676672094671663073028627294014027854999978287824	-1,-1,1,1,6,-5,4,6,5,5	6,6,5,-6,5,5,-6,5,5	ok
-1.683684	-12.672673	-41.689094	0.842053	continued:5	1742380574711565109905165071159493458198265869864313920750349165952451375517599993924758415455971505649893430781870687567842892962042897629651989888765950859407799312545924263405559613125922981628022206534829507001528628272283570673129668579442288851573619747733323883351452138177137020537990614442739032123529827143524716298921866434942042136814716373358166379689120218150183673890530204637626616408152960338004321462561232933204789228771062792031882967496076377327074819159005404157118680470657919763957474883421751590253821181010493433305623406254585799436375615604799611361075003723691424614837177967768232756784703985719097615328730979404129362615399732855881959182376213519998427099167832637449322647338627369983238030514267477525463637988635156102009137708113242685845031051858747851	41821964964420610285125966352489813248632258480780963720847304541781745483066543381049483420108423818955199074342736466078390778694316301623359793124116866170269482739145019834039760891982600912370779431325833270114619254994548537254030770851697311951915692275989570580324248614973944464660525527843621121059645506012824552225024006428872791170608940188059845532721715847579374359016163923816	0,-6,-3,4,5,6,5,5,6,5	6,6,5,6,5,5,6,5,5	ok
-1.679680	-12.672673	-43.196599	0.839259	continued:5	2492118698838560281724853915731283959999328471832944171567895146115020310994293009995797347025605567901606556322479732196684633969758195302239285709739432240062755120762203329812923578668380954703893551315966218089974829813082008432000156972748934483297541076569817482000766577553428391435746117539011004436947676540178796939439809675789412554213930296479132572057643822621832708477288217347886634125751961931877692419905021961575601601740257702235857589179659100211339876582864295226655830355680711973597116128688004253845289783327808813839590400627752971370766385471839006102631067158444376827141244359665479280912303592779437417696973300977766626621200573802804303469714075358382832505064300553986577346891339051528148314575698403980190434695894096484704175925199539762998929180872179129537958830452605175581277403	1524214269383574805155982421369755698220142144220858288560482468777730482680684249925798099587420277918560440223738350127310530437847320085647824248506229112619716768607107453450054872984294756420617702901148300398659305154076222324803284274379033542697162661116502225906398762811621057997643284562797156105562120459528674782526151392383047562217216408196716294925872683484828064702889151040691	0,5,-6,5,-6,5,-6,5,5,-6	6,6,5,6,5,-6,5,-6,5	ok
-1.675676	-12.672673	-44.314914	0.836466	continued:5	1161668579024456163969264446177272244433380832003571480700337055669818264540434800560426186118981453968401271628768851446366728396431181493009810936715711214818267725648141066247297343841236861923695846963527396095583614129107611605135774595348944742384773515042697504197700384975362070465939329914551578120246116879388747978830847950342824123189396990270941688476957983351727302193803471700493651888068137801722039873759213611330321152052959934012343594407050687637528665488653901113761573113592901417859075669405728828531585097517739910974434659227665906368037617789864089022475666121532908507978277469201595604682301053373177915639743845705492171888305438150574477430609080819279904256848045459626833213400884640637249679585168615538148250691329594263238652074385266364855637736800926	2232540570219748674802675782047424286447944991810423987135513229436904912015306183303295055717909959506001422667932623412083749766379859667556868831587248518470467358928241361301650902707648973697372784731503034281724999363083722120875961986671598189141794254020376729742847528492844134839849651668175453545596618458527319953315073808227960580218771032177745373321678264230027598189463802027546089404298203516	0,4,5,-6,5,5,6,5,-6,5	6,6,5,6,5,-6,5,5,-6	ok
-1.671672	-12.672673	-45.306066	0.833673	continued:5	1161614569496252371821207992940177099643695692158862087420435653217455938015920192865999769724859453673585508744006124531838613475796945313119894247220247430464770235124893101467750532205488358145533270497474877209962959032385976564330530225325052271930413610656543786489267300926933677374156371730984226438125978648753122169256988767270954586735207759914522875409390833776079842494542404658059930412338316879861120126112828049257517969400327139550360888285733981840811686463034529726029455323432446378957293939113322158763587181268356369834029640109203827466990698669941792041612885920191260368219486325306050930590415165568753501123605637835648221625319938753417635791941950935893384069549753042002120790784464676421633274609415968239046065787724604230122023819684998410531771850057625	1524214269383574805155979025038761873747812215778676161306501500196540936527614232751332065490901198850560340432801224425646910034418180887654453455988539584209244387389863633044659978176139625108770541849067234180260724296229858734259750840070667676034783911998115797300529679851860193634457797008507334669565842469482720553335436581348299856362566876863614232663163471848424520159459024847999	0,2,-6,4,6,5,-6,5,-6,5	6,6,-6,-6,5,-6,5,-6,5	ok
-1.667668	-12.672673	-46.231235	0.830879	continued:5	1161614569496252371821207992940177099643695692160303970447887244205417633572904927542115500258057387905574448940180017139905687626095983949721860191931158634513204669182700116126413621581316794673244418734580796308561665431609181603323975165356479897897670392474365842581758480012566407450761163076993642798601060478967827730456508380333710659908498226738093070946120066225811132780644494434260748033520538600523881089080255185163306642979314678130253727168803925026353394609283871685931193253356353152258554777492957423340462988380768985344498775960492700680052489131458863233548803256353187391619550827105933465761471479885879474619073477761526133385315555441838411859547933940295196603143242316858958786776116121152017723179748902872902477981149959988833601732498062454262312209191253	2327119561156935192035974059986740865321885535391259656699862363934940556108028806627962625020479960973026873093122734356487906041548957981615445327280019764027663718244491470055258934469586137808923688435888087107154664326011340193221385133553508507397796755085592309516726825788051454418563468075720709085953715548628862854780910885528638686423119862392647364698078038934085725242802375702516547426914617516	0,1,6,5,6,5,-6,5,-6,5	6,6,-6,5,-6,5,-6,5,-6	ok
-1.663664	-12.672673	-47.105604	0.828086	continued:5	1161614569496252371821202816204012762685089818110475368071369601047289514115650305102683299450400285014370139258411834143953765454875795376241043447401169425176058682130046280748035193132656180465133993188512387713030942410160797861154688263754474589106745150927474617766079998223527945246412414727266803787177365190561698358408281009161806347314050714904545318273644078244797870480525407639997553438561423049225043896941021939814572037780802045833368866971012918471222625988222324954546228927621259761206470226837238422418724029272888263526624412410084304400124503846420888472853420182934880669566629523666769050286995732298265630675798136626278727037920795269849293054663893019287486789679772519205049635939627868850084077780383122212642127613930778358656254509715719095982813549807130	2327119561156935192035974059986740865321885535391259656699862363934940556108028806627962625020479960973026873093122734356487906041548957981615445327280019764027663718244491470055258934469586137808923688435888087107154664326011340193221385133553508507397796755085592309516726825788051454418563468075720709085953715548628862854780910885528638686423119862392647364698078038934085725242802375702516547426914617516	-1,1,-5,4,-6,5,-6,5,-6,5	6,6,-6,5,-6,5,-6,5,-6	ok
-1.659660	-12.672673	-47.928041	0.825293	continued:5	1161614569496252371821202816204012762685089818111917251098821192035251203648491837806531110520708498760356731015516814420156417740154378355362310521623022665505261632059529569398278376254483552656968471043879422289543959915465530016910235017664583619010825441976472160955931013247945752074180984998054969236855144906306643937899166498066335752336885278610817234177723817920035450583810682565806049103783960157502044196068853468270426841260352585054959469919638459719898072309337483132260536267249823721794324978475213071803588570033831241206092391460039866357361542739760651665808497508222505581197657751628149181985294847617926522843412629682394767200359612433661981143414136914363856992080106946295912008528536135027679534483305651433602246339921990387861693366211871267296550846025834	2327119561156935192035974059986740865321885535391259656699862363934940556108028806627962625020479960973026873093122734356487906041548957981615445327280019764027663718244491470055258934469586137808923688435888087107154664326011340193221385133553508507397796755085592309516726825788051454418563468075720709085953715548628862854780910885528638686423119862392647364698078038934085725242802375702516547426914617516	-1,1,-5,5,-6,5,-6,5,-6,5	6,6,-6,5,-6,5,-6,5,-6	ok
-1.655656	-12.672673	-48.692035	0.822499	continued:5	1161614569496252371821202816204012762685089818113359134126272783023212893181333370510378921591018418383957097292112464869313287105022306274185165120426226141688661726141095132254061114505572319030781701362662085512259822344013538091870520931914609241890353224158973690247416650464984491337872730139345749180663979936884471319132807602208667435558695221248417593533075649764816325211329391340579341791802685833051152453008929207939059829827693731877183566593843685327220564725286871515722813696040971074468389659057489646539565523643608840320035019435734368193864201079561471868853551685809138785692497372966607605495064629164580572951484579614440375398530701460968358843994129148248748705176318336775704515503587263865685814799738129914269900997941894305619185117789229492232014648643330	2327119561156935192035974059986740865321885535391259656699862363934940556108028806627962625020479960973026873093122734356487906041548957981615445327280019764027663718244491470055258934469586137808923688435888087107154664326011340193221385133553508507397796755085592309516726825788051454418563468075720709085953715548628862854780910885528638686423119862392647364698078038934085725242802375702516547426914617516	-1,1,5,6,-6,5,-6,5,-6,5	6,6,-6,5,-6,5,-6,5,-6	ok
-1.651652	-12.672673	-49.390889	0.819834	continued:5	1161614569496252371821207992940177099643695692161024911961613039699398481351397294880173365524656970256118149192837369082485716314244697887644960474707609873375900006649759264824214023351319547524338639956245534964224343053006751583313948375693853382580291533896869643132548940964795903280004655674525147880796861819883605395796695600176376529010287358050178397453157836594213231392031353696648256071332586728359051442183136277692394403399984187475926672808867470897509067062746355967541542351730943669758770633519855118399038691387039631853943164215065774360768656031268827006702170468431483060409835383813243133804780676715550156841815647858011182388992084203470623199723996316786795693436576201244937828631182879033292950049739545232448352279160365330559343951380550069297233214857869	2327119561156935192035974059986740865321885535391259656699862363934940556108028806627962625020479960973026873093122734356487906041548957981615445327280019764027663718244491470055258934469586137808923688435888087107154664326011340193221385133553508507397796755085592309516726825788051454418563468075720709085953715548628862854780910885528638686423119862392647364698078038934085725242802375702516547426914617516	-1,1,6,-6,6,5,-6,5,-6,5	6,6,-6,5,-6,5,-6,5,-6	ok
-1.647648	-12.672673	-50.019063	0.817709	continued:5	2707742725974958940672616870128344036527831642996101978158473370178129943064142144333767221379064608505934336139217275325800772580832219787595784461130885019248768875674833358827989910779006031751609149911217853969901156402428347803086586060443689180917183738882870921888757082022249536580900317985453726162763948076972737201110702607182595900172213816641827354779134688661062982964650843844884007566584565764316326648825455673810905649538051037127823834320491813163069091150729313568035646328066801558155979283810514723235769073369566299679988485379559133443705943077007794870561678872224292194124940108176392463626684442279182497978938742892925126320467125828978376754572685852371362178487322916376132025913007690944895165315544249448768537689323186031648825688661593426191636391116083366259969369100328888442074194	2327119561156935192035974059986740865321885535391259656699862363934940556108028806627962625020479960973026873093122734356487906041548957981615445327280019764027663718244491470055258934469586137808923688435888087107154664326011340193221385133553508507397796755085592309516726825788051454418563468075720709085953715548628862854780910885528638686423119862392647364698078038934085725242802375702516547426914617516	-1,1,6,6,5,6,5,-6,5,-6	6,6,-6,5,-6,5,-6,5,-6	ok
-1.643644	-12.672673	-50.571010	0.817207	full	2707742725959623315708520977933416096340312152461459198928673874356251573098121046747577742366081807558221875081865847775989946185372173450090525575167204744733603729934253784618912028554142208568523037132173588846956408627007982060648328014662593918903033551415753994654645738786251591164371301704497259061121416839607552337906551397009203812075140475078232670827500786137833589001006756052308376840334860050048305851035188892537882487788708815425895107357325797752812246912861745585890930368666224560762108671361183055333122696709794861835974347862394225743526042470829563661202089550124767275491959149737682450506048891925729741830196603057316470094409808515000776682029110412946875828311131385991363130846522162883523742000213061011837162300033377316386881730711843596396474516707164439003832810470065620591757770	2327119561156935192035974059986740865321885535391259656699862363934940556108028806627962625020479960973026873093122734356487906041548957981615445327280019764027663718244491470055258934469586137808923688435888087107154664326011340193221385133553508507397796755085592309516726825788051454418563468075720709085953715548628862854780910885528638686423119862392647364698078038934085725242802375702516547426914617516	-1,2,6,-6,5,-6,5,-6,5,-6	6,6,-6,5,-6,5,-6,5,-6	ok
-1.639640	-12.672673	-41.985175	0.836804	continued:5	1161668579024456163969274800115944238295395752592911397505582949492248090152661068924642099336530952675391069751439526454122289053321108938903762772723281655156234542867287884829408203087116583191091328765835643875022556236816260238007841470790955212033650855307369940028082150445666032325328944263172510877366368789671596661616332532016581866313696162646632709653754495217308328464553705743258992174355463509544859447146208810974341103239826737568672692547862857849363243149409967928664200608418001479839832623854700797007398101757726347279146505857252333872781500441494467567117109248960294283841113331302282871733896535488912628767708092406669984049241563474376054416797775616827528739420407207954152663570407769219068388821708541095034477196461096831360421391770286169085218289655460	2327119561163525152096491974115744034085371681379975486798387935901787479148721078861215300218123117904163244048758484041628889489936460228464719391314760601195302792589313394018582435375570684577916622451396514275886133598452042308967913198124712585909798934924301243908098998191943569421965121730446360472857676454561908225391034296508320014917787577302779292366900254786058191158338223548702273778469253799	0,6,-6,5,6,5,6,5,-6,5	6,6,-6,5,6,5,-6,5,-6	ok
-1.635636	-12.672673	-43.413658	0.834011	continued:5	2942023209997233372318316949342770391100601766927890041917235679396762191059466849034600522507517407444137884036269595112682395610690454519885127641774862420921918438811460604986005061475271230836263369178041740724921337770446060346837280386764690477818216873216543992582096339848238732459477307834234855004108154625020078197818214589428228500736296893064807406183026706298227076727017278496879237354824456136240781212578864107824554585038769598961494807428913596314903090187567094066006045435707501201424444559617060330797031584264747812066398082161064055383274303834680446964922928723811571102555458999771867229403004296164509715177929463689292625318107548667153645476499799536732252489673495077832467257503853053996835133259948441612921285386357348294160028309695362111604746324888197979244520797513979044306814245	2327119561163525152096491974115744034085371681379975486798387935901787479148721078861215300218123117904163244048758484041628889489936460228464719391314760601195302792589313394018582435375570684577916622451396514275886133598452042308967913198124712585909798934924301243908098998191943569421965121730446360472857676454561908225391034296508320014917787577302779292366900254786058191158338223548702273778469253799	0,6,5,6,5,6,5,6,5,-6	6,6,-6,5,6,5,-6,5,-6	ok
-1.631632	-12.672673	-44.517012	0.831217	continued:5	2942023209997233372318316949342770391100601766927890041917235679396762191059466849034600522507517407466565549489469401885868255773224673773684252609550822875592582808112031223078084640955923140397378855858638408036170976783821507910396950359364552081612177192726491561891580468397991449017136981201653095520463019491497520860976850059621283392474904517026746863832894874570281845196627085382062098134894004133408905540704258163889554682206405506817610188493864013228141369069077841506530492552421235205577249307104877548344189173642231690229317570161298149258930701269268782253270196951441973781946628479759045008174107606920167794349540876076417311622363014077786522895720159994985697837286898372293729869211791047509634613653715549929504336176379905845509885100460453551330090494090270644527847951329877288992888890	2425705344841880572599313818423403753139117440379246572849872879240264417778059045363357186910738775751500404158195099911587923580028338516329872901638542777523938798942293660689604982322213445995533605967244987438121874269157659677432347407675895949107847485183571116607991139758114370148863107409590357417474298575268616200404052731806947753336244540453545805070662192999107680651351185003282623767652006774	0,5,6,6,5,6,5,6,5,-6	6,6,-6,5,6,5,6,5,-6	ok
-1.627628	-12.672673	-45.502396	0.828424	continued:5	2942023209997233372318316949342770391100601766927867066676247282003885690291443195193669770837384182774202600151160087298066497377668194812757803169359123377722157303304843136327791179280216450264447246460886877447054698086878632244854882633273451137830051298238909354219382846462868990013578695242733378064253530036725950714038759858105410631477663379676915425109547170128849817034874999465632932549336805481821568643489917474231532514775337476599617081559972814188110560805260546200232295761516430283682615511015850942053223917909122258719057097067659883760056742585675581935769060885859277710023348984177047367031677229138751457609193837066782834633794217692598050913060452379610052863721937861696639723336270790738215628568906149637065334441502986291035464405883440297351004856597347295532428731584438358407627506	2425705344841880572599313818423403753139117440379256044421115962365967816793856722940719873342547579218427172218603358291727831232848388603031797042354492703767755498226655120513980851863933249592460237657501223440684606125904949761630351449515196826545592133915711290857131127388267850082163639201807535832385565334827374732285812528671000027721889280379771545060071949400799125367588488732764979947558593673	0,5,-6,-6,5,6,5,6,5,-6	6,6,6,5,6,5,6,5,-6	ok
-1.623624	-12.672673	-46.421233	0.825631	continued:5	1161614569515870114241421388960914767646246965106050777944463194686896306068071946554209277850037560245652651006500233237223651930927796224069941800598860550202972992106776403554774988830514962862720940770884010134714700451626713253128078387195343358437486353015442573743409793660676364551440361964879026263350741550398784389693520719041832982381024241782484133701083943938363890659206889070981480208468587512192566334347181356445087127751117310096406703954567443341561893458768934769422987287782323165523534379621323224792534880288874507898419706154229604859004886001493961304963656673873052461863367509175785555957178168508134637452656676643887703919242094265946820731173494849143418267897509779991649638270061482898429589016966961147791877926755783505985490291079693497750273675122904	2425705344841880572599313818423403753139117440379256044421115962365967816793856722940719873342547579218427172218603358291727831232848388603031797042354492703767755498226655120513980851863933249592460237657501223440684606125904949761630351449515196826545592133915711290857131127388267850082163639201807535832385565334827374732285812528671000027721889280379771545060071949400799125367588488732764979947558593673	1,4,-6,5,6,-6,-6,5,-6,5	6,6,6,5,6,5,6,5,-6	ok
-1.619620	-12.672673	-47.285619	0.822837	continued:5	1295426229953701356333386862106133876146968097252369059351432173553836942236812928724430421145288894569831206181731733376436527773814330140680441938117455054619861056198289645816511462793342528956256283012792863494771759706038595329800608303095612777360082000986023857443044255576339778482163971750489265063854301723745263260716689177110055789193174662366137933141360894102490277930339339653222941927356962348545594137391212089222842187539439217108581897970299734402837971498451443111767770295232707104616665354694930678451100814095798790805632009763720980282890497518874117726790065070884742161964689159594755253651793864993046224104859917857512650787895073963158102313458133954970367338951534424312373698209660712804638215681763892095606912631635340630967417834402268650566098574099377	15317247449433759394780636739866390634884438945236854054442761521498076630342059589143032028185260222886912284369984269813314032677167256563270928604056607644885682757420765194483180062585953976088954037815886566408147541599282012729833770176716519640233012772047736814235889295985706496832297456465880678139529419881677227989238628974264725710243025966699125273334620146366751791892761792952689205261561719978189453461487123	-1,3,6,6,5,6,-6,-6,-6,5	6,6,6,5,6,5,6,5,6	ok
-1.615616	-12.672673	-48.093761	0.820044	continued:5	117309034713379640023830809004050249401946495957460419016905425912011929993114461497251053345703782216789902348609775619685083537540443675869869249071153958504758622433614866850255316004984803551286517534462472556278285282916191695392726126148694302931106697928103432454195082933582771449866252878661181064298734880739556554277820349945563464546580575066706536114048287807183494142241042846444796183021869266961261157869880411325969568007509841202612560038934207460778080086113368380730915515398106981376767250664127127558442044656956806889943991418788827743082768566861590775630964343442216222569583414279258922564157105446754296882830895652818213187152525156993267760651622054756355299683965185738395579049624149403273761679721452192319611228520574849524591129429023712226381190709579557313042386713781989083346261421770240746370151626994309984615	15317247449419862396599366107688658761688946963112313319426488041283535094860759768456729960869700771054429632024773833371874322313440981919514577976002398628055613516316861592316453689259059187061255916635482577614720161702132981214101004056598099384591513297520365193059973898115916189423477276847059587847516851297278642399266022956396367512993048443754030288843265327037070896427139292712451220184925167521945534070866279	-1,3,6,6,-6,-6,5,6,5,6	6,6,6,-6,-6,5,6,5,6	ok
-1.611612	-12.672673	-48.839740	0.817250	continued:5	1742533604853563441060478077596843281671175513210740289292420401019048447213828625783656580175045721778934920406306104897609438824575194249480143776931394976475133329771216311401189728106789627985514567146964753556208277899704049143764034074157081773023595825796071055909341631164767762980515298123417747821413433888649259615926841371024642813635962782942860173613685632573812391321420859741149862005182921133345619264469494687905655791290605363315081188689789059114848248252379660249453222393754917708239115704388288219734458088363564092101235198876229223188971038883351225231825026741187438338350351678621012874611432451715755995215136888142632617883714937268359875062094553618102615672974653697404462614450875800580890450695517468731627350022645780347085407533707411528096332804848838125	15317247449419862396599366107688658761688946963112313319426488041283535094860759768456729960869700771054429632024773833371874322313440981919514577976002398628055613516316861592316453689259059187061255916635482577614720161702132981214101004056598099384591513297520365193059973898115916189423477276847059587847516851297278642399266022956396367512993048443754030288843265327037070896427139292712451220184925167521945534070866279	-1,-4,5,6,-6,5,6,5,6,5	6,6,6,-6,-6,5,6,5,6	ok
-1.607608	-12.672673	-49.518033	0.814585	continued:5	117309034713379640023830809004050249401946495957460409313981942547971057191720218637280781381262979189349311473664090986289712658252599918869954988702208917819124661336140509668720648942863171774760963647983629316432645939530896680304575553015724239736508058147422020638263857318066988255905921162095387219959392891957992565970007606969321406931996616762219604210254655804176569934981252240938753370242997941660612280425856406908485153240317355925337982834004088588482432101790058745837709425684181015542508480053729356207676030722953941804036422185368683345872245889344460624100133314326476614685663690276651760382453456705783586033523604991027462234778508204981033168435488800092066589261827831567678413904095494266841860030228233380121815811770081772886257301101909262823053278972264754182816077777953827173830090898475701747888995404812399126044	59033161665554008360113807052158440763668851262218693028505668211563695024110612276977556268943792241489678817183447072422568243810796600776115154043275414521466757267638673396826281244644887844979535619832356740336141078672894771697011537371562059739154839296303462910611117912732175833891497528372208395905270926937462904130440547091284036514916991554028377368183807673375400715383506292244123	-1,4,6,-6,-6,-6,5,6,5,6	6,6,6,-6,-6,-6,5,6,5	ok
-1.603604	-12.672673	-50.124417	0.812460	continued:5	1742457088141967240070995612479191353656052136798224132478585476010557797249418142298159985795023449781840010473252449270980604031038558526010644410215580686629491512973859267571682521968893390717207567718129813278919406817982765084864859860219342084397519987324380680621674221775233486097623017698902398815438548010745110282110725438082276300169358987408330827799479984533195319747475761571110746489164955512374670161933403968660454329865565048126775685219114293122196283434643984896507666065300032453843658253197389067624958030169316001800043289214049979724712630237882168743637987081341896696521369940838427606000760976084785389670277907910315633568244690479600625992221654470941912776893315395832169715120297956912785728029288986788267081137152468812352316925686672676081600606080902219	1609649905884948008286195470576752832879168750199608505919600245432142764975957958437561599576022386104870747216511581880232829692970104621644677186678250312854660383526297681491699482031529739781420546657403180514235693830910553996844654517075339044739920910064823430587868433850296426059848787291676796092929556668153239395484295971674321669436031584048248613589170557174643867724511482470691	-1,-5,6,-6,5,6,-6,5,6,5	6,6,6,-6,5,6,-6,-6,5	ok
-1.599600	-12.672673	-50.654517	0.811959	full	1758575057156757941092926740976892331401278988285722372505709483022739317707471756723700788640058479866919502236848019426256017667657806271459414665189276441672994842919564467463453021086680128230804765695062892110737004970400629773435611817093795992637381083920466346480131222034573222969804897236990296918211221759624945344888286765108049464020718072477725845420894422705699770136483423405215502960200696928722009135074282003987331158696479487039458047818709592520638689212574051095784750832954059433609014399426186891497327649844131577097863121230161641295249397384741334550079287430164430776590389081954125843120990745934511701046885872559096083977712729312631203823275335535709520353082091026373848815276540769816672964892071850455730081826543086360209200245844130886761707959374486278185259302757101077705204763002	56954964673239854282204089208350212182399555090948848985675152650063233167349065339794022884029211972711416457279135251413582180044152708168766008281821082509798537212584646336266574649938140307690245895676558925838351985505620322338064368503912945868686363812901154069580455607453909198787162089766502035263443122834882966840206963265817011176410005473846714412437305418282770954718790234396418477303757175691	-1,5,6,-6,-6,-6,5,6,-6,-6	6,6,6,-6,5,6,-6,-6,-6	ok
-1.595596	-12.672673	-42.268513	0.831473	continued:5	831266431345798382674538996516035796691737535289977255950149014215375522604756771047225219315868291525127986399835583228199525611645565261461219555051957138875543318329648566611593259231451627504866960102939234148045476054116065516168068897883060884854789938316662730963741052785027808611852599623381595602376801799635622805412847380090822347082409230905843049426476463926677920927733783819271397086794950844159282099582418955214790020092301110808847031790391718757713534743812903031662463390083846923912184174058375311043705311844353105704629269526448120046213296144353283712977613754907272228429198792148996713511846740775429848010308393337341848503648635254160171653152796235238637953398781240401653712051098846310574314647100168916682113577783277293746774406616417617826588062429543625515048596990504560927850026467625	56954964673239854282204089208350212182399555090948848985675152650063233167349065339794022884029211972711416457279135251413582180044152708168766008281821082509798537212584646336266574649938140307690245895676558925838351985505620322338064368503912945868686363812901154069580455607453909198787162089766502035263443122834882966840206963265817011176410005473846714412437305418282770954718790234396418477303757175691	0,6,6,6,-6,-6,-6,5,6,-6	6,6,6,-6,5,6,-6,-6,-6	ok
-1.591592	-12.672673	-43.635240	0.828680	continued:5	831266431345798382674538996516035796691737535289977255950149014215375522604756771047225219315868291525127986399835583228199525611645565261461219555051957138875543318329648566611593259231451627504866960102939234148045476054116065516168068897883060884854789938316662730963741052785027808611852599623381595602376801799635622805412847380090822347082409230905843049426476463926677920927733783819271397086794950844159282099582418955214790020092301110808847031790391718757713534743812903031662463390083846923912184174058375311043705311844353105704629269526448120046213296144353283712977613754907272228429198792148996713511846740775429848010308393337341848503648635254160171653152796235238637953398781240401653712051098846310574314647100168916682113577783277293746774406616417617826588062429543625515048596990504560927850026467625	1289392439364988973002602290976586550838881301284347200544758577145579460692256092869116692133154329063390998243688611595519428565310442677758664396654253515142048489491903361508780980448902702037849201105087825836177521158757260213489126846566575378980586520752891551019006862392028112560032495727519730653245352371738433852929465199216499840022965097666744340909200369533808593679410820946023837324443889627248	0,6,6,6,-6,-6,-6,5,6,-6	6,6,6,-6,-6,-6,5,6,-6	ok
-1.587588	-12.672673	-44.725175	0.825887	continued:5	1295426229931860995450566281709791097839890453825727667693642305297176189933736703604022136901850789792765943799179111126961990645210599381245678001972774723004449600598477193530649555572501186731920504430145856398810819488499581959465383385348829433483314509462555048488137651503199372834797579748300465457671926029130336195161317625914728044406131028669115070702132917847628905752524714793602854056311913990133482766769782350724723213212943706825380838784609423081511256513116391291131014366163605760628308188088316373817938352890982920279244152430050630679413220723921764423123220900780550026269500337611043622446496509648026594781660215513432199322253169842025687216986678087576895356993459941235470381244126756573376221275045554093808591302465952250424264326186999200017046019842175	1289392439364988973002602290976586550838881301284347200544758577145579460692256092869116692133154329063390998243688611595519428565310442677758664396654253515142048489491903361508780980448902702037849201105087825836177521158757260213489126846566575378980586520752891551019006862392028112560032495727519730653245352371738433852929465199216499840022965097666744340909200369533808593679410820946023837324443889627248	0,6,6,-6,-6,-6,-6,-6,-6,5	6,6,6,-6,-6,-6,5,6,-6	ok
-1.583584	-12.672673	-45.704374	0.823093	continued:5	1621892459089504502327919849524023326063974559475156146526072770619737655360514650605258047261677065040005948380465455790918072674884545126142229819767890489942450703118300035917147668425293368156184869595792286375014943864072398332308854783887976861498637056457819843756328735290781424803958844597929159209886875951382318838339783083751569004828672974242191480105345906022618264436411091791147899327160830804472304543844689664679703072129577182615106517204524373301727339882163222553454377815454742793235750071808600049879372114650625455202998464079944996195906386323781820191720684546977460599557461314676084000443399410239680257293964541561851172232422154389350464422844530015484912441947150695384306739978148803860562980142249449575461043313999044980243788341973583874690023320750695979572378456694587014469085810646	110208361324963608160933541762038688103641646616104036570920540678648137606924784401492301495171698148390579384988656119757453026171749760085658873217636464408393900169090248987435053958027600047856874279243938510546552020531031586206713937820766072805748442219805545807412545832369743623563014695431048367956277756144324315416140280954173460900754837548920788497604967735971954914389674925834258693870503967099877762696956070608117202218118754100569173065741819611171159804846314657289834007595860876793226086398589165611533424271004930797613618945691135602607944921323001528041016219924075306459159500195751901153951563172382398640699136314331400592239776625691000454312897848134001617297553818042240326918423548082529520133679616266241312111068891728314390687617544520827936493158111740582067327818775842249099465091260369122638582141366164246904	0,-6,-6,-6,-6,-6,-6,-6,-6,-6	6,6,6,-6,-6,-6,-6,-6,5,6	ok
-1.579580	-12.672673	-46.615826	0.820300	continued:5	1621892459089504502327919849524023326063974559475164683423000357424024061570316210066993373138248968530117439786352477466685089943579481062274706897967117270185519207100956028661633827944808487146303815381673250262400999252413380989235481635970830387477269712777851112465967259156871927395936574712166210188205964275647422385167603954349315840263133970530869439209281921512202618284707301469346068385923294422960383585428164441770211034582005982887955435824879487072754964843027887272934623628619254419212302573747001954846033497616730114959926171694364419983492319209339350003491744557400463273613375630649974071835133627501030143234972859544259472286426089893304653560443834773848010934383337072038649368778513284695555760588331446432190495733101849140803910054563551374622676333270912137699780917873555357400514661254	1621892459089504502327919849524023326063974559475156146526072770619737655360514650605258047261677065042814342393575359376252739867904500735689088963150985402140681462097497442928767915263489015134263883596315351183786504574135486000831307522125481582990666387859134581673855757384888739856538832867059020239388697688203195447692515786310590372867824798402887679944679943741081022212702778087428468655601444655462269804131731674254640906161261985877943926066393274050022235921743272226101094879665208597042430933425638527177930044879215908576170979860949201589543734062940385350955815286085602392099180329651394824388616912726802574491865312095282241941156482996610102768852245288298770490122121827242035418167339362408907376246133898552187442689082126942041984012315851820308113217347210972904527327598470069997324267566	1,5,6,6,-6,-6,-6,-6,-6,-6	6,6,6,-6,-6,-6,-6,-6,-6,-6	ok
-1.575576	-12.672673	-47.469003	0.817507	continued:5	1621892459089504502327919849524023326063974559475164683423000357424024061570316210066993373138248968530117439786352477466685089943579481062274706897967117270185519207100956028661633827944808487146303815381673250262400999252413380989235481635970830387477269712777851112465967259156871927395936574712166210188205964275647422385167603954349315840263133970530869439209281921512202618284707301469346068385923294422903429350131928490950222835804289278657481533690480031517514125513613637067342744766632890146577885617681671275560278423066720711754217121679260725962589240423377737797262160492017556247663894799189844649470005494671153915128805705028095053248995169132880706457459584055554464451008862331561206529933988245882667631002590073357063409309190340846014697899381717927855056462580065728797985241935532008545296528759	56954235296235950819988198777716704230473902134399455555240839329414250205591878861986364272634416956065330679285755074550009403205709050015103694020903078785961612206229584065382907025949480831460129422386473715098108866003113641078754306541873041626494392684828936367758360711756994333170025054482002393795999079277135486822087244427776807297702543105447843273813468556006444147429447839008296408749309038498	-1,5,6,6,-6,-6,-6,-6,-6,-6	6,6,6,-6,-6,-6,-6,-6,-6	ok
-1.571572	-12.672673	-48.261731	0.814713	continued:5	1621892459089504502327919849524023326063974559475164683423000357424024061570316210066993373138248968530117439786352477466685089943579481062274706897967117270185519207100956028661633827944808487146303815381673250262400999252413380989235481635970830387477269712777851112465967259156871927395936574712166210188205964275647422385167603954349315840263133970530869439209281921512202618284707301469346068385923294422903429350131928490950222835804289278657481533690480031517514125513613637067342744766632890146577885617681671275560278423066720711754217121679260725962589240423377737797262160492017556247663894799189844649470005494671153915128805705028095053248995169132880706457459584055554464451008862331561206529933988245882667631002590073357063409309190340846014697899381717927855056462580065728797985241935532008545296528759	56954235296235950819988198777716704230473902134399455555240839329414250205591878861986364272634416956065330679285755074550009403205709050015103694020903078785961612206229584065382907025949480831460129422386473715098108866003113641078754306541873041626494392684828936367758360711756994333170025054482002393795999079277135486822087244427776807297702543105447843273813468556006444147429447839008296408749309038498	-1,5,6,6,-6,-6,-6,-6,-6,-6	6,6,6,-6,-6,-6,-6,-6,-6	ok
-1.567568	-12.672673	-48.988843	0.811920	continued:5	1621892459089504502327919849524023326063974559475164683423000357424024061570316210066993373138248968530117439786352477466685089943579481062274706897967117270185519207100956028661633827944808487146303815381673250262400999252413380989235481635970830387477269712777851112465967259156871927395936574712166210188205964275647422385167603954349315840263133970530869439209281921512202618284707301469346068385923294422903429350131928490950222835804289278657481533690480031517514125513613637067342744766632890146577885617681671275560278423066720711754217121679260725962589240423377737797262160492017556247663894799189844649470005494671153915128805705028095053248995169132880706457459584055554464451008862331561206529933988245882667631002590073357063409309190340846014697899381717927855056462580065728797985241935532008545296528759	56954235296235950819988198777716704230473902134399455555240839329414250205591878861986364272634416956065330679285755074550009403205709050015103694020903078785961612206229584065382907025949480831460129422386473715098108866003113641078754306541873041626494392684828936367758360711756994333170025054482002393795999079277135486822087244427776807297702543105447843273813468556006444147429447839008296408749309038498	-1,5,6,6,-6,-6,-6,-6,-6,-6	6,6,6,-6,-6,-6,-6,-6,-6	ok
-1.563564	-12.672673	-49.646049	0.809254	continued:5	1621892459089504502327919849524023326063974559475164683423000357424024061570316210066993373138248968530117439786352477466685089943579481062274706897967117270185519207100956028661633827944808487146303815382281110919921041028657766910489321882479130281974545300702153050573862219307447994522210657893018488616024764054848759717006518405912479657661924083724881482835942347028320221646647728288839046517361788903717331647484539053106104156960562764077182290589719693679698169547537661913667107841716022493287071369359992033612909197945894724593689980970627322292119581160130934497556092919960841291286613858303492126930618540356435278440222513362304686568451793295170333650355284917847982728688895282608187153951927749166735823545015895184494426717855794981639093771325426924639940843630741866302051667153099612652246161252	56954235296235950819988198777716704230473902134399455555240839329414250205591878861986364272634416956065330679285755074550009403205709050015103694020903078785961612206229584065382907025949480831460129422386473715098108866003113641078754306541873041626494392684828936367758360711756994333170025054482002393795999079277135486822087244427776807297702543105447843273813468556006444147429447839008296408749309038498	-1,-6,6,6,-6,-6,-6,-6,-6,-6	6,6,6,-6,-6,-6,-6,-6,-6	ok
-1.559560	-12.672673	-50.230416	0.807130	continued:5	1621892459089504502327919849524023326063974559475156146526072770619737655360514650605258047261677065042814342393575359376252739867904500735689088963150985402140681462097497442928767915263489015134263883595707490526266462797891100079577467275617181688493393199559303968040684091627621609281894528499247635227159152368057063036239051709310725474150530478931601521469391675081773355281707850814286182779461654088980865677623317612307458008308709609508518802069790520693891632014166156476403068017927846626229880668766169554811172440924115639257844799939144126262589144186809079716975136474633063390271070261508276540739747493212109096142398366300172925091976904121710936324308859474893303162137816558929434845564123577334915478242280875205644809715929115083352543963535163558364433629787485099621074100313544799646867037490	56954235296235950819988198777716704230473902134399455555240839329414250205591878861986364272634416956065330679285755074550009403205709050015103694020903078785961612206229584065382907025949480831460129422386473715098108866003113641078754306541873041626494392684828936367758360711756994333170025054482002393795999079277135486822087244427776807297702543105447843273813468556006444147429447839008296408749309038498	-1,-6,6,-6,-6,-6,-6,-6,-6,-6	6,6,6,-6,-6,-6,-6,-6,-6	ok
-1.555556	-12.672673	-50.738684	0.806087	full	1621892459089504502327919849524023326063974559475164683423000357424024061570316210066993373138248968530117439786352477466685089943579481062274706897967117270185519207100956028661633827944808487146303815382281110919921041028657766910489321882479130281974545300702153050573862219307447994522210657893018488616024764054848759717006518405912479657661924083724881482835942347028320221646647728288839046517361788903717331647484539053106104156960562764077182290589719693679698169547537661913667107841716022493287071369359992033612909197945894724593689980970627322292119581160130934497556092919960841291286613858303492126930618540356435278440222513362304686568451793295170333650355284917847982728688895282608187153951927749166735823545015895184494426717855794981639093771325426924639940843630741866302051667153099612652246161252	56954235296235950819988198777716704230473902134399455555240839329414250205591878861986364272634416956065330679285755074550009403205709050015103694020903078785961612206229584065382907025949480831460129422386473715098108866003113641078754306541873041626494392684828936367758360711756994333170025054482002393795999079277135486822087244427776807297702543105447843273813468556006444147429447839008296408749309038498	-1,-6,6,6,-6,-6,-6,-6,-6,-6	6,6,6,-6,-6,-6,-6,-6,-6	ok
-1.551552	-12.672673	-42.567271	0.826184	continued:5	1621892459089504502327920515158848157274803862325110215036780544988225722226124551219348399102349895964702175985740097459030474662309932511729831052753371008131802228515955134754983491961461077390817757861403915389700089970205065539348594749314093705091566162038693353485533216499105903532046187512635612088219312644226888621126994279295127609125737787457086361483217505431633432795363598490985483689106565498651423867738959556433976856752940229565778441233207528760458671123460180842611950589188770317333269501077174910803222084623811627197200253987214273474908344639169180587468314470293985812033827282844090291007212315850796495865677681356275395038096713942548175772123859305167113134660990692835262813857526035173870400681921137673742141539933898128959164401120757242444030378940850436558117775067141201409580007653	56954235296235950819988210464904169202055702953000939512891612397997584613159414976094814862198245775536924196282413233496929736558270104823228666108130801855567798609342922041638391918815136691226719969873241542091766695059128197627370192691272653541575655402455987687106971399443164413744834389871245271409425779069483166381174397205107267155057596943439377868455370251941542464616102540087783979262854829016	0,6,6,6,6,-6,-6,-6,-6,-6	6,6,6,6,-6,-6,-6,-6,-6	ok
-1.547548	-12.672673	-43.876415	0.823391	continued:5	1621892459089504502327920515158848157274803862325110215036780544988225722226124551219348399102349895964702175985740097459030474662309932511729831052753371008131802228515955134754983491961461077390817757861403915389700089970205065539348594749314093705091566162038693353485533216499105903532046187512635612088219312644226888621126994279295127609125737787457086361483217505431633432795363598490985483689106565498651423867738959556433976856752940229565778441233207528760458671123460180842611950589188770317333269501077174910803222084623811627197200253987214273474908344639169180587468314470293985812033827282844090291007212315850796495865677681356275395038096713942548175772123859305167113134660990692835262813857526035173870400681921137673742141539933898128959164401120757242444030378940850436558117775067141201409580007653	56954235296235950819988210464904169202055702953000939512891612397997584613159414976094814862198245775536924196282413233496929736558270104823228666108130801855567798609342922041638391918815136691226719969873241542091766695059128197627370192691272653541575655402455987687106971399443164413744834389871245271409425779069483166381174397205107267155057596943439377868455370251941542464616102540087783979262854829016	0,6,6,6,6,-6,-6,-6,-6,-6	6,6,6,6,-6,-6,-6,-6,-6	ok
-1.543544	-12.672673	-44.950373	0.820597	continued:5	1621892459089504502327920515158848157274803862325110215036780544988225722226124551219348399102349895964702175985740097459030474662309932511729831052753371008131802228515955134754983491961461077390817757861403915389700089970205065539348594749314093705091566162038693353485533216499105903532046187512635612088219312644226888621126994279295127609125737787457086361483217505431633432795363598490985483689106565498651423867738959556433976856752940229565778441233207528760458671123460180842611950589188770317333269501077174910803222084623811627197200253987214273474908344639169180587468314470293985812033827282844090291007212315850796495865677681356275395038096713942548175772123859305167113134660990692835262813857526035173870400681921137673742141539933898128959164401120757242444030378940850436558117775067141201409580007653	1621892459089504502327919849524023326063974559475164683423000357424024061570316210066993373138248968530117439786352477466685089943579481062274706897967117270185519207100956028661633827944808487146303815382888971577441082804902152831743162128987430176471820888626454988681757179458024061648484741073870767043843563834050097048845432857475643475060714196918893526462602772544437825008588155108332024648800283385328593238984452926741820261004870108723517677370551733615253964193261189638277774984608254656878094505952942301666111016525200382313089540473445634914293024900346702085064202263264824698202064557858951517748499641744659171052864080392599892713025698063205344476244380805096515400010549916304063001624207378137013751738853248153746471105733303777815765743873917187198763295482641721499257430811134289514295067804	0,6,6,6,6,-6,-6,-6,-6,-6	6,6,6,6,-6,-6,-6,-6,-6,-6	ok
-1.539540	-12.672673	-45.920283	0.817804	continued:5	1621892459089504502327920515158848157274803862325110215036780544988225722226124551219348399102349895964702175985740097459030474662309932511729831052753371008131802228515955134754983491961461077390817757861403915389700089970205065539348594749314093705091566162038693353485533216499105903532046187512635612088219312644226888621126994279295127609125737787457086361483217505431633432795363598490985483689106565498651423867738959556433976856752940229565778441233207528760458671123460180842611950589188770317333269501077174910803222084623811627197200253987214273474908344639169180587468314470293985812033827282844090291007212315850796495865677681356275395038096713942548175772123859305167113134660990692835262813857526035173870400681921137673742141539933898128959164401120757242444030378940850436558117775067141201409580007653	1621892459089504502327919849524023326063974559475164683423000357424024061570316210066993373138248968530117439786352477466685089943579481062274706897967117270185519207100956028661633827944808487146303815382888971577441082804902152831743162128987430176471820888626454988681757179458024061648484741073870767043843563834050097048845432857475643475060714196918893526462602772544437825008588155108332024648800283385328593238984452926741820261004870108723517677370551733615253964193261189638277774984608254656878094505952942301666111016525200382313089540473445634914293024900346702085064202263264824698202064557858951517748499641744659171052864080392599892713025698063205344476244380805096515400010549916304063001624207378137013751738853248153746471105733303777815765743873917187198763295482641721499257430811134289514295067804	0,6,6,6,6,-6,-6,-6,-6,-6	6,6,6,6,-6,-6,-6,-6,-6,-6	ok
-1.535536	-12.672673	-46.821157	0.815010	continued:5	1621892459089504502327920515158848157274803862325110215036780544988225722226124551219348399102349895964702175985740097459030474662309932511729831052753371008131802228515955134754983491961461077390817757861403915389700089970205065539348594749314093705091566162038693353485533216499105903532046187512635612088219312644226888621126994279295127609125737787457086361483217505431633432795363598490985483689106565498708378103035195507253965067217844398767834144186208468273350283521457765455771365565283585179531515276614099107085635318120741363755470358810442939583039146494736979196811236511932377730848963974070810260880453857942563190924805878983645587729369367484123831174579846992274084534104155106580097203728771306583296179751404304054916538745041165284016761344560135110899400630882392901174220315154925180672434836670	1621892459089504502327919849524023326063974559475164683423000357424024061570316210066993373138248968530117439786352477466685089943579481062274706897967117270185519207100956028661633827944808487146303815382888971577441082804902152831743162128987430176471820888626454988681757179458024061648484741073870767043843563834050097048845432857475643475060714196918893526462602772544437825008588155108332024648800283385328593238984452926741820261004870108723517677370551733615253964193261189638277774984608254656878094505952942301666111016525200382313089540473445634914293024900346702085064202263264824698202064557858951517748499641744659171052864080392599892713025698063205344476244380805096515400010549916304063001624207378137013751738853248153746471105733303777815765743873917187198763295482641721499257430811134289514295067804	-1,6,6,6,6,-6,-6,-6,-6,-6	6,6,6,6,-6,-6,-6,-6,-6,-6	ok
-1.531532	-12.672673	-47.660076	0.812217	continued:5	1621892459089504502327920515158848157274803862325110215036780544988225722226124551219348399102349895964702175985740097459030474662309932511729831052753371008131802228515955134754983491961461077390817757861403915389700089970205065539348594749314093705091566162038693353485533216499105903532046187512635612088219312644226888621126994279295127609125737787457086361483217505431633432795363598490985483689106565498708378103035195507253965067217844398767834144186208468273350283521457765455771365565283585179531515276614099107085635318120741363755470358810442939583039146494736979196811236511932377730848963974070810260880453857942563190924805878983645587729369367484123831174579846992274084534104155106580097203728771306583296179751404304054916538745041165284016761344560135110899400630882392901174220315154925180672434836670	1621892459089504502327919849524023326063974559475164683423000357424024061570316210066993373138248968530117439786352477466685089943579481062274706897967117270185519207100956028661633827944808487146303815382888971577441082804902152831743162128987430176471820888626454988681757179458024061648484741073870767043843563834050097048845432857475643475060714196918893526462602772544437825008588155108332024648800283385328593238984452926741820261004870108723517677370551733615253964193261189638277774984608254656878094505952942301666111016525200382313089540473445634914293024900346702085064202263264824698202064557858951517748499641744659171052864080392599892713025698063205344476244380805096515400010549916304063001624207378137013751738853248153746471105733303777815765743873917187198763295482641721499257430811134289514295067804	-1,6,6,6,6,-6,-6,-6,-6,-6	6,6,6,6,-6,-6,-6,-6,-6,-6	ok
-1.527528	-12.672673	-48.434697	0.809424	continued:5	1621892459089504502327920515158848157274803862325110215036780544988225722226124551219348399102349895964702175985740097459030474662309932511729831052753371008131802228515955134754983491961461077390817757861403915389700089970205065539348594749314093705091566162038693353485533216499105903532046187512635612088219312644226888621126994279295127609125737787457086361483217505431633432795363598490985483689106565498708378103035195507253965067217844398767834144186208468273350283521457765455771365565283585179531515276614099107085635318120741363755470358810442939583039146494736979196811236511932377730848963974070810260880453857942563190924805878983645587729369367484123831174579846992274084534104155106580097203728771306583296179751404304054916538745041165284016761344560135110899400630882392901174220315154925180672434836670	1621892459089504502327919849524023326063974559475164683423000357424024061570316210066993373138248968530117439786352477466685089943579481062274706897967117270185519207100956028661633827944808487146303815382888971577441082804902152831743162128987430176471820888626454988681757179458024061648484741073870767043843563834050097048845432857475643475060714196918893526462602772544437825008588155108332024648800283385385547474280688877561808459782586812953991579504951189170494803522675439843869653846594618929512511462018272980951866091075209785518798590488549328935196103686308314291293786328647731724151545389319080940134973356842768037055977721471354199254898739689699737161073317172854876111767544249474088056106209771933012831015988734975833715533510111075518308849321760461012231851489085868928705269819430698263604106315	-1,6,6,6,6,-6,-6,-6,-6,-6	-7,6,6,6,-6,-6,-6,-6,-6,-6	ok
-1.523524	-12.672673	-49.140736	0.806630	continued:5	1621892459089504502327920515158848157274803862325110215036780544988225722226124551219348399102349895964702175985740097459030474662309932511729831052753371008131802228515955134754983491961461077390817757861403915389700089970205065539348594749314093705091566162038693353485533216499105903532046187512635612088219312644226888621126994279295127609125737787457086361483217505431633432795363598490985483689106565498708378103035195507253965067217844398767834144186208468273350283521457765455771365565283585179531515276614099107085635318120741363755470358810442939583039146494736979196811236511932377730848963974070810260880453857942563190924805878983645587729369367484123831174579846992274084534104155106580097203728771306583296179751404304054916538745041165284016761344560135110899400630882392901174220315154925180672434836670	1621892459089504502327919849524023326063974559475164683423000357424024061570316210066993373138248968530117439786352477466685089943579481062274706897967117270185519207100956028661633827944808487146303815382888971577441082804902152831743162128987430176471820888626454988681757179458024061648484741073870767043843563834050097048845432857475643475060714196918893526462602772544437825008588155108332024648800283385385547474280688877561808459782586812953991579504951189170494803522675439843869653846594618929512511462018272980951866091075209785518798590488549328935196103686308314291293786328647731724151545389319080940134973356842768037055977721471354199254898739689699737161073317172854876111767544249474088056106209771933012831015988734975833715533510111075518308849321760461012231851489085868928705269819430698263604106315	-1,6,6,6,6,-6,-6,-6,-6,-6	-7,6,6,6,-6,-6,-6,-6,-6,-6	ok
-1.519520	-12.672673	-49.775179	0.803965	continued:5	1621892459089504502327920515158848157274803862325110215036780544988225722226124551219348399102349895964702175985740097459030474662309932511729831052753371008131802228515955134754983491961461077390817757861403915389700089970205065539348594749314093705091566162038693353485533216499105903532046187512635612088219312644226888621126994279295127609125737787457086361483217505431633432795363598490985483689106565498708378103035195507253965067217844398767834144186208468273350283521457765455771365565283585179531515276614099107085635318120741363755470358810442939583039146494736979196811236511932377730848963974070810260880453857942563190924805878983645587729369367484123831174579846992274084534104155106580097203728771306583296179751404304054916538745041165284016761344560135110899400630882392901174220315154925180672434836670	1621892459089504502327919849524023326063974559475164683423000357424024061570316210066993373138248968530117439786352477466685089943579481062274706897967117270185519207100956028661633827944808487146303815382888971577441082804902152831743162128987430176471820888626454988681757179458024061648484741073870767043843563834050097048845432857475643475060714196918893526462602772544437825008588155108332024648800283385385547474280688877561808459782586812953991579504951189170494803522675439843869653846594618929512511462018272980951866091075209785518798590488549328935196103686308314291293786328647731724151545389319080940134973356842768037055977721471354199254898739689699737161073317172854876111767544249474088056106209771933012831015988734975833715533510111075518308849321760461012231851489085868928705269819430698263604106315	-1,6,6,6,6,-6,-6,-6,-6,-6	-7,6,6,6,-6,-6,-6,-6,-6,-6	ok
-1.515516	-12.672673	-50.336343	0.801634	continued:5	1621892459089504502327920515158848157274803862325110215036780544988225722226124551219348399102349895964702175985740097459030474662309932511729831052753371008131802228515955134754983491961461077390817757861403915389700089970205065539348594749314093705091566162038693353485533216499105903532046187512635612088219312644226888621126994279295127609125737787457086361483217505431633432795363598490985483689106565498708378103035195507253965067217844398767834144186208468273350283521457765455771365565283585179531515276614099107085635318120741363755470358810442939583039146494736979196811236511932377730848963974070810260880453857942563190924805878983645587729369367484123831174579846992274084534104155106580097203728771306583296179751404304054916538745041165284016761344560135110899400630882392901174220315154925180672434836670	1621892459089504502327919849524023326063974559475164683423000357424024061570316210066993373138248968530117439786352477466685089943579481062274706897967117270185519207100956028661633827944808487146303815382888971577441082804902152831743162128987430176471820888626454988681757179458024061648484741073870767043843563834050097048845432857475643475060714196918893526462602772544437825008588155108332024648800283385385547474280688877561808459782586812953991579504951189170494803522675439843869653846594618929512511462018272980951866091075209785518798590488549328935196103686308314291293786328647731724151545389319080940134973356842768037055977721471354199254898739689699737161073317172854876111767544249474088056106209771933012831015988734975833715533510111075518308849321760461012231851489085868928705269819430698263604106315	-1,6,6,6,6,-6,-6,-6,-6,-6	-7,6,6,6,-6,-6,-6,-6,-6,-6	ok
-1.511512	-12.672673	-50.823518	0.799175	full	1621892459089504502327920515158848157274803862325110215036780544988225722226124551219348399102349895964702175985740097459030474662309932511729831052753371008131802228515955134754983491961461077390817757861403915389700089970205065539348594749314093705091566162038693353485533216499105903532046187512635612088219312644226888621126994279295127609125737787457086361483217505431633432795363598490985483689106565498708378103035195507253965067217844398767834144186208468273350283521457765455771365565283585179531515276614099107085635318120741363755470358810442939583039146494736979196811236511932377730848963974070810260880453857942563190924805878983645587729369367484123831174579846992274084534104155106580097203728771306583296179751404304054916538745041165284016761344560135110899400630882392901174220315154925180672434836670	1621892459089504502327919849524023326063974559475164683423000357424024061570316210066993373138248968530117439786352477466685089943579481062274706897967117270185519207100956028661633827944808487146303815382888971577441082804902152831743162128987430176471820888626454988681757179458024061648484741073870767043843563834050097048845432857475643475060714196918893526462602772544437825008588155108332024648800283385385547474280688877561808459782586812953991579504951189170494803522675439843869653846594618929512511462018272980951866091075209785518798590488549328935196103686308314291293786328647731724151545389319080940134973356842768037055977721471354199254898739689699737161073317172854876111767544249474088056106209771933012831015988734975833715533510111075518308849321760461012231851489085868928705269819430698263604106315	-1,6,6,6,6,-6,-6,-6,-6,-6	-7,6,6,6,-6,-6,-6,-6,-6,-6	ok
-1.507508	-12.672673	-42.230415	0.821696	continued:5	1621892459097816760660408033042503629063191571154314649554089568673473564288465877119431239473587423232494733694472924031244986358569600220131934468131728839385838858505717021455314862406060803013933647320686267113605462408377114245442067426437527236254474560460804456643763179890305892685596172357194191066143312019294553920557726672165270459326675394477192118016011008374898015800928669933977385878016099070110704265673979479313567042871387522606102041441938145540116286487118308091741344115477603720472319036341281381752830230635989799610557388414677496483252337603848645132281972769710695176291870978264458163854144638493019334897214423707305291576652779381574317134816953737213335344945106030533457971490972270376901937542933303108525402999605410183548938746315609114166415006037712416921223400607389626817060897340	1621892459089504502327919849524023326063974559475164683423000357424024061570316210066993373138248968530117439786352477466685089943579481062274706897967117270185519207100956028661633827944808487146303815382888971577441082804902152831743162128987430176471820888626454988681757179458024061648484741073870767043843563834050097048845432857475643475060714196918893526462602772544437825008588155108332024648800283385385547474280688877561808459782586812953991579504951189170494803522675439843869653846594618929512511462018272980951866091075209785518798590488549328935196103686308314291293786328647731724151545389319080940134973356842768037055977721471354199254898739689699737161073317172854876111767544249474088056106209771933012831015988734975833715533510111075518308849321760461012231851489085868928705269819430698263604106315	0,6,6,6,6,6,-6,-6,-6,-6	-7,6,6,6,-6,-6,-6,-6,-6,-6	ok
-1.503504	-12.672673	-43.661912	0.818903	continued:5	1621892459097816760660408033042503629063191571154314649554089568673473564288465877119431239473587423232494733694472924031244986358569600220131934468131728839385838858505717021455314862406060803013933647320686267113605462408377114245442067426437527236254474560460804456643763179890305892685596172357194191066143312019294553920557726672165270459326675394477192118016011008374898015800928669933977385878016099070110704265673979479313567042871387522606102041441938145540116286487118308091741344115477603720472319036341281381752830230635989799610557388414677496483252337603848645132281972769710695176291870978264458163854144638493019334897214423707305291576652779381574317134816953737213335344945106030533457971490972270376901937542933303108525402999605410183548938746315609114166415006037712416921223400607389626817060897340	1621892459089504502327919849524023326063974559475164683423000357424024061570316210066993373138248968530117439786352477466685089943579481062274706897967117270185519207100956028661633827944808487146303815382888971577441082804902152831743162128987430176471820888626454988681757179458024061648484741073870767043843563834050097048845432857475643475060714196918893526462602772544437825008588155108332024648800283385385547474280688877561808459782586812953991579504951189170494803522675439843869653846594618929512511462018272980951866091075209785518798590488549328935196103686308314291293786328647731724151545389319080940134973356842768037055977721471354199254898739689699737161073317172854876111767544249474088056106209771933012831015988734975833715533510111075518308849321760461012231851489085868928705269819430698263604106315	0,6,6,6,6,6,-6,-6,-6,-6	-7,6,6,6,-6,-6,-6,-6,-6,-6	ok
-1.499499	-12.672673	-44.781262	0.816109	continued:5	1621892459097816760660408033042503629063191571154314649554089568673473564288465877119431239473587423232494733694472924031244986358569600220131934468131728839385838858505717021455314862406060803013933647320686267113605462408377114245442067426437527236254474560460804456643763179890305892685596172357194191066143312019294553920557726672165270459326675394477192118016011008374898015800928669933977385878016099070110704265673979479313567042871387522606102041441938145540116286487118308091741344115477603720472319036341281381752830230635989799610557388414677496483252337603848645132281972769710695176291870978264458163854144638493019334897214423707305291576652779381574317134816953737213335344945106030533457971490972270376901937542933303108525402999605410183548938746315609114166415006037712416921223400607389626817060897340	1621892459089504502327920515158848157274803862325110215036780544988225722226124551219348399102349895964702175985740097459030474662309932511729831052753371008131802228515955134754983491961461077390817757861403915389700089970205065539348594749314093705091566162038693353485533216499105903532046187512635612088219312644226888621126994279295127609125737787457086361483217505431633432795363598490985483689106565499391828926590026917093823592796694429192502579622219742428049632297428780813684345278421363525910464583057189462474594120083898202454711616689186932880608768761550562508926301011593080756630604268791449899359352363043763531634344250512087900024641209983031696004051699237557741327422128071518109882183714563496405528585202300629009305206328371144707924665832669532363843654180902476567450796208332931826692784952	0,6,6,6,6,6,-6,-6,-6,-6	-7,6,6,6,6,-6,-6,-6,-6,-6	ok
-1.495495	-12.672673	-45.775194	0.813316	continued:5	1621892459097816760660408033042503629063191571154314649554089568673473564288465877119431239473587423232494733694472924031244986358569600220131934468131728839385838858505717021455314862406060803013933647320686267113605462408377114245442067426437527236254474560460804456643763179890305892685596172357194191066143312019294553920557726672165270459326675394477192118016011008374898015800928669933977385878016099070110704265673979479313567042871387522606102041441938145540116286487118308091741344115477603720472319036341281381752830230635989799610557388414677496483252337603848645132281972769710695176291870978264458163854144638493019334897214423707305291576652779381574317134816953737213335344945106030533457971490972270376901937542933303108525402999605410183548938746315609114166415006037712416921223400607389626817060897340	1621892459089504502327920515158848157274803862325110215036780544988225722226124551219348399102349895964702175985740097459030474662309932511729831052753371008131802228515955134754983491961461077390817757861403915389700089970205065539348594749314093705091566162038693353485533216499105903532046187512635612088219312644226888621126994279295127609125737787457086361483217505431633432795363598490985483689106565499391828926590026917093823592796694429192502579622219742428049632297428780813684345278421363525910464583057189462474594120083898202454711616689186932880608768761550562508926301011593080756630604268791449899359352363043763531634344250512087900024641209983031696004051699237557741327422128071518109882183714563496405528585202300629009305206328371144707924665832669532363843654180902476567450796208332931826692784952	0,6,6,6,6,6,-6,-6,-6,-6	-7,6,6,6,6,-6,-6,-6,-6,-6	ok
-1.491491	-12.672673	-46.691071	0.810522	continued:5	1621892459097816760660408033042503629063191571154314649554089568673473564288465877119431239473587423232494733694472924031244986358569600220131934468131728839385838858505717021455314862406060803013933647320686267113605462408377114245442067426437527236254474560460804456643763179890305892685596172357194191066143312019294553920557726672165270459326675394477192118016011008374898015800928669933977385878016099070224612736266743273498118677039920114085767242013422402186387405394689420333402617258414625954872999618053263271742324855562333356925310424361237759867859174063363273983393542152915645566078090510455305855436265860060663282695033096669930368294959974624469323222118897959238815470355676664733567107096497585412986007356903628079814277068571457420354974342605532788229892176071670339816803825410272285226313609901	1621892459089504502327920515158848157274803862325110215036780544988225722226124551219348399102349895964702175985740097459030474662309932511729831052753371008131802228515955134754983491961461077390817757861403915389700089970205065539348594749314093705091566162038693353485533216499105903532046187512635612088219312644226888621126994279295127609125737787457086361483217505431633432795363598490985483689106565499391828926590026917093823592796694429192502579622219742428049632297428780813684345278421363525910464583057189462474594120083898202454711616689186932880608768761550562508926301011593080756630604268791449899359352363043763531634344250512087900024641209983031696004051699237557741327422128071518109882183714563496405528585202300629009305206328371144707924665832669532363843654180902476567450796208332931826692784952	1,6,6,6,6,6,-6,-6,-6,-6	-7,6,6,6,6,-6,-6,-6,-6,-6	ok
-1.487487	-12.672673	-47.540441	0.807729	continued:5	1621892459097816760660408033042503629063191571154314649554089568673473564288465877119431239473587423232494733694472924031244986358569600220131934468131728839385838858505717021455314862406060803013933647320686267113605462408377114245442067426437527236254474560460804456643763179890305892685596172357194191066143312019294553920557726672165270459326675394477192118016011008374898015800928669933977385878016099070167658500970361376405842859955653818345934641727680273863251845940903864212571980686946114837672659327197272326747577543099161578267933906387957628175555755833605959557837757461313170371184980744359882009645205249276841308796123760188617829935806377003021820178467925848226075407650391347633512539293734927894943972449918465594169840034088433801951956544460570951198153591054691378369013613008830956021687253620	1621892459089504502327920515158848157274803862325110215036780544988225722226124551219348399102349895964702175985740097459030474662309932511729831052753371008131802228515955134754983491961461077390817757861403915389700089970205065539348594749314093705091566162038693353485533216499105903532046187512635612088219312644226888621126994279295127609125737787457086361483217505431633432795363598490985483689106565499391828926590026917093823592796694429192502579622219742428049632297428780813684345278421363525910464583057189462474594120083898202454711616689186932880608768761550562508926301011593080756630604268791449899359352363043763531634344250512087900024641209983031696004051699237557741327422128071518109882183714563496405528585202300629009305206328371144707924665832669532363843654180902476567450796208332931826692784952	-1,6,6,6,6,6,-6,-6,-6,-6	-7,6,6,6,6,-6,-6,-6,-6,-6	ok
-1.483483	-12.672673	-48.322955	0.804936	continued:5	1621892459097816760660408033042503629063191571154314649554089568673473564288465877119431239473587423232494733694472924031244986358569600220131934468131728839385838858505717021455314862406060803013933647320686267113605462408377114245442067426437527236254474560460804456643763179890305892685596172357194191066143312019294553920557726672165270459326675394477192118016011008374898015800928669933977385878016099070167658500970361376405842859955653818345934641727680273863251845940903864212571980686946114837672659327197272326747577543099161578267933906387957628175555755833605959557837757461313170371184980744359882009645205249276841308796123760188617829935806377003021820178467925848226075407650391347633512539293734927894943972449918465594169840034088433801951956544460570951198153591054691378369013613008830956021687253620	1621892459089504502327920515158848157274803862325110215036780544988225722226124551219348399102349895964702175985740097459030474662309932511729831052753371008131802228515955134754983491961461077390817757861403915389700089970205065539348594749314093705091566162038693353485533216499105903532046187512635612088219312644226888621126994279295127609125737787457086361483217505431633432795363598490985483689106565499391828926590026917093823592796694429192502579622219742428049632297428780813684345278421363525910464583057189462474594120083898202454711616689186932880608768761550562508926301011593080756630604268791449899359352363043763531634344250512087900024641209983031696004051699237557741327422128071518109882183714563496405528585202300629009305206328371144707924665832669532363843654180902476567450796208332931826692784952	-1,6,6,6,6,6,-6,-6,-6,-6	-7,6,6,6,6,-6,-6,-6,-6,-6	ok
-1.479479	-12.672673	-49.035327	0.802142	continued:5	1621892459097816760660408033042503629063191571154314649554089568673473564288465877119431239473587423232494733694472924031244986358569600220131934468131728839385838858505717021455314862406060803013933647320686267113605462408377114245442067426437527236254474560460804456643763179890305892685596172357194191066143312019294553920557726672165270459326675394477192118016011008374898015800928669933977385878016099070167658500970361376405842859955653818345934641727680273863251845940903864212571980686946114837672659327197272326747577543099161578267933906387957628175555755833605959557837757461313170371184980744359882009645205249276841308796123760188617829935806377003021820178467925848226075407650391347633512539293734927894943972449918465594169840034088433801951956544460570951198153591054691378369013613008830956021687253620	1621892459089504502327920515158848157274803862325110215036780544988225722226124551219348399102349895964702175985740097459030474662309932511729831052753371008131802228515955134754983491961461077390817757861403915389700089970205065539348594749314093705091566162038693353485533216499105903532046187512635612088219312644226888621126994279295127609125737787457086361483217505431633432795363598490985483689106565499391828926590026917093823592796694429192502579622219742428049632297428780813684345278421363525910464583057189462474594120083898202454711616689186932880608768761550562508926301011593080756630604268791449899359352363043763531634344250512087900024641209983031696004051699237557741327422128071518109882183714563496405528585202300629009305206328371144707924665832669532363843654180902476567450796208332931826692784952	-1,6,6,6,6,6,-6,-6,-6,-6	-7,6,6,6,6,-6,-6,-6,-6,-6	ok
-1.475475	-12.672673	-49.675100	0.799349	continued:5	1621892459097816760660408033042503629063191571154314649554089568673473564288465877119431239473587423232494733694472924031244986358569600220131934468131728839385838858505717021455314862406060803013933647320686267113605462408377114245442067426437527236254474560460804456643763179890305892685596172357194191066143312019294553920557726672165270459326675394477192118016011008374898015800928669933977385878016099070167658500970361376405842859955653818345934641727680273863251845940903864212571980686946114837672659327197272326747577543099161578267933906387957628175555755833605959557837757461313170371184980744359882009645205249276841308796123760188617829935806377003021820178467925848226075407650391347633512539293734927894943972449918465594169840034088433801951956544460570951198153591054691378369013613008830956021687253620	1621892459089504502327920515158848157274803862325110215036780544988225722226124551219348399102349895964702175985740097459030474662309932511729831052753371008131802228515955134754983491961461077390817757861403915389700089970205065539348594749314093705091566162038693353485533216499105903532046187512635612088219312644226888621126994279295127609125737787457086361483217505431633432795363598490985483689106565499391828926590026917093823592796694429192502579622219742428049632297428780813684345278421363525910464583057189462474594120083898202454711616689186932880608768761550562508926301011593080756630604268791449899359352363043763531634344250512087900024641209983031696004051699237557741327422128071518109882183714563496405528585202300629009305206328371144707924665832669532363843654180902476567450796208332931826692784952	-1,6,6,6,6,6,-6,-6,-6,-6	-7,6,6,6,6,-6,-6,-6,-6,-6	ok
-1.471471	-12.672673	-50.241914	0.797018	continued:5	1621892459097816760660408033042503629063191571154314649554089568673473564288465877119431239473587423232494733694472924031244986358569600220131934468131728839385838858505717021455314862406060803013933647320686267113605462408377114245442067426437527236254474560460804456643763179890305892685596172357194191066143312019294553920557726672165270459326675394477192118016011008374898015800928669933977385878016099070167658500970361376405842859955653818345934641727680273863251845940903864212571980686946114837672659327197272326747577543099161578267933906387957628175555755833605959557837757461313170371184980744359882009645205249276841308796123760188617829935806377003021820178467925848226075407650391347633512539293734927894943972449918465594169840034088433801951956544460570951198153591054691378369013613008830956021687253620	1621892459089504502327920515158848157274803862325110215036780544988225722226124551219348399102349895964702175985740097459030474662309932511729831052753371008131802228515955134754983491961461077390817757861403915389700089970205065539348594749314093705091566162038693353485533216499105903532046187512635612088219312644226888621126994279295127609125737787457086361483217505431633432795363598490985483689106565499391828926590026917093823592796694429192502579622219742428049632297428780813684345278421363525910464583057189462474594120083898202454711616689186932880608768761550562508926301011593080756630604268791449899359352363043763531634344250512087900024641209983031696004051699237557741327422128071518109882183714563496405528585202300629009305206328371144707924665832669532363843654180902476567450796208332931826692784952	-1,6,6,6,6,6,-6,-6,-6,-6	-7,6,6,6,6,-6,-6,-6,-6,-6	ok
-1.467467	-12.672673	-50.734140	0.796516	full	1621934000481624826448051398726685207532846390895601964005425262920051414277414339175814574260853709906979327175185116152679173156265194779385009359864443903507756170120282957240568698871600510242350191361390777641732172941403464382213384283292213903398294939644884342055565174520265359838062110349449645802483872636545654654842458225885584242334908561461747753852368170063250750379086416846963091221284209340868865331949248098539731211113063297529364510483021134920251208611000714417136269572285361598970018782861361609015678603187440405821791444538470293278257786203553835927605793906176998583235634739795546204312415596357454201187324505388638655427576431221071163713410004711568798850099972923823428633971008663539334986953140821449745832209235256961782513785880652816390634889456867085720733490655673196171186739649	1621892459089504502327920515158848157274803862325110215036780544988225722226124551219348399102349895964702175985740097459030474662309932511729831052753371008131802228515955134754983491961461077390817757861403915389700089970205065539348594749314093705091566162038693353485533216499105903532046187512635612088219312644226888621126994279295127609125737787457086361483217505431633432795363598490985483689106565499391828926590026917093823592796694429192502579622219742428049632297428780813684345278421363525910464583057189462474594120083898202454711616689186932880608768761550562508926301011593080756630604268791449899359352363043763531634344250512087900024641209983031696004051699237557741327422128071518109882183714563496405528585202300629009305206328371144707924665832669532363843654180902476567450796208332931826692784952	-1,6,6,6,6,6,6,-6,-6,-6	-7,6,6,6,6,-6,-6,-6,-6,-6	ok
-1.463463	-12.672673	-42.537526	0.816228	continued:5	1621934000481624826448051398726685207532846390895601964005425262920051414277414339175814574260853709906979327175185116152679173156265194779385009359864443903507756170120282957240568698871600510242350191361390777641732172941403464382213384283292213903398294939644884342055565174520265359838062110349449645802483872636545654654842458225885584242334908561461747753852368170063250750379086416846963091221284209340811910367275716348091683487513043679444416696694055102639961412180922657535979253245789063976423412062229426805961810354401554236310235463411479214050711215819651266701215098037841208450978255400781947219833267661154941021179150551995600905732421345550752998793772262296806747268198938908073355374582660789382363187270788499076185298895288736281879238614314464886670898584178820717374321115878101532846327750350	1621892459089504502327920515158848157274803862325110215036780544988225722226124551219348399102349895964702175985740097459030474662309932511729831052753371008131802228515955134754983491961461077390817757861403915389700089970205065539348594749314093705091566162038693353485533216499105903532046187512635612088219312644226888621126994279295127609125737787457086361483217505431633432795363598490985483689106565499391828926590026917093823592796694429192502579622219742428049632297428780813684345278421363525910464583057189462474594120083898202454711616689186932880608768761550562508926301011593080756630604268791449899359352363043763531634344250512087900024641209983031696004051699237557741327422128071518109882183714563496405528585202300629009305206328371144707924665832669532363843654180902476567450796208332931826692784952	0,6,6,6,6,6,6,-6,-6,-6	-7,6,6,6,6,-6,-6,-6,-6,-6	ok
-1.459459	-12.672673	-43.906193	0.813435	continued:5	1621934000481624826448051398726685207532846390895601964005425262920051414277414339175814574260853709906979327175185116152679173156265194779385009359864443903507756170120282957240568698871600510242350191361390777641732172941403464382213384283292213903398294939644884342055565174520265359838062110349449645802483872636545654654842458225885584242334908561461747753852368170063250750379086416846963091221284209340811910367275716348091683487513043679444416696694055102639961412180922657535979253245789063976423412062229426805961810354401554236310235463411479214050711215819651266701215098037841208450978255400781947219833267661154941021179150551995600905732421345550752998793772262296806747268198938908073355374582660789382363187270788499076185298895288736281879238614314464886670898584178820717374321115878101532846327750350	1621892459097816760660408033042503629063191571154314649554089568673473564288465877119431239473587423232494733694472924031244986358569600220131934468131728839385838858505717021455314862406060803013933647320686267113605462408377114245442067426437527236254474560460804456643763179890305892685596172357194191066143312019294553920557726672165270459326675394477192118016011008374898015800928669933977385878016099070851109324526944141513152664966849367223925845156585813740878559386330537662539619544568248244076742817469163666684545292657222922156452122067319208483196774590693732664507173760542872709902297937504968159137932578682704995583035797964368290245649548460391856702279591180378956160113815152834167352926886818111448391333740415421903084447884717222788170122200112995579016611258438915742496161826126906477203529058	0,6,6,6,6,6,6,-6,-6,-6	-7,6,6,6,6,6,-6,-6,-6,-6	ok
-1.455455	-12.672673	-45.008929	0.810641	continued:5	1621934000481624826448051398726685207532846390895601964005425262920051414277414339175814574260853709906979327175185116152679173156265194779385009359864443903507756170120282957240568698871600510242350191361390777641732172941403464382213384283292213903398294939644884342055565174520265359838062110349449645802483872636545654654842458225885584242334908561461747753852368170063250750379086416846963091221284209340811910367275716348091683487513043679444416696694055102639961412180922657535979253245789063976423412062229426805961810354401554236310235463411479214050711215819651266701215098037841208450978255400781947219833267661154941021179150551995600905732421345550752998793772262296806747268198938908073355374582660789382363187270788499076185298895288736281879238614314464886670898584178820717374321115878101532846327750350	1621892459097816760660408033042503629063191571154314649554089568673473564288465877119431239473587423232494733694472924031244986358569600220131934468131728839385838858505717021455314862406060803013933647320686267113605462408377114245442067426437527236254474560460804456643763179890305892685596172357194191066143312019294553920557726672165270459326675394477192118016011008374898015800928669933977385878016099070851109324526944141513152664966849367223925845156585813740878559386330537662539619544568248244076742817469163666684545292657222922156452122067319208483196774590693732664507173760542872709902297937504968159137932578682704995583035797964368290245649548460391856702279591180378956160113815152834167352926886818111448391333740415421903084447884717222788170122200112995579016611258438915742496161826126906477203529058	0,6,6,6,6,6,6,-6,-6,-6	-7,6,6,6,6,6,-6,-6,-6,-6	ok
-1.451451	-12.672673	-45.993338	0.807848	continued:5	1621934000481624826448051398726685207532846390895601964005425262920051414277414339175814574260853709906979327175185116152679173156265194779385009359864443903507756170120282957240568698871600510242350191361390777641732172941403464382213384283292213903398294939644884342055565174520265359838062110349449645802483872636545654654842458225885584242334908561461747753852368170063250750379086416846963091221284209340811910367275716348091683487513043679444416696694055102639961412180922657535979253245789063976423412062229426805961810354401554236310235463411479214050711215819651266701215098037841208450978255400781947219833267661154941021179150551995600905732421345550752998793772262296806747268198938908073355374582660789382363187270788499076185298895288736281879238614314464886670898584178820717374321115878101532846327750350	1621892459097816760660408033042503629063191571154314649554089568673473564288465877119431239473587423232494733694472924031244986358569600220131934468131728839385838858505717021455314862406060803013933647320686267113605462408377114245442067426437527236254474560460804456643763179890305892685596172357194191066143312019294553920557726672165270459326675394477192118016011008374898015800928669933977385878016099070851109324526944141513152664966849367223925845156585813740878559386330537662539619544568248244076742817469163666684545292657222922156452122067319208483196774590693732664507173760542872709902297937504968159137932578682704995583035797964368290245649548460391856702279591180378956160113815152834167352926886818111448391333740415421903084447884717222788170122200112995579016611258438915742496161826126906477203529058	0,6,6,6,6,6,6,-6,-6,-6	-7,6,6,6,6,6,-6,-6,-6,-6	ok
-1.447447	-12.672673	-46.898469	0.805054	continued:5	1621934000481624826448051398726685207532846390895601964005425262920051414277414339175814574260853709906979327175185116152679173156265194779385009359864443903507756170120282957240568698871600510242350191361390777641732172941403464382213384283292213903398294939644884342055565174520265359838062110349449645802483872636545654654842458225885584242334908561461747753852368170063250750379086416846963091221284209340868865331949248098539731211113063297529364510483021134920251208611000714417136269572285361598970018782861361609015678603187440405821791444538470293278257786203553835927605793906176998583235634739795546204312415596357454201187324505388638655427576431221071163713410004711568798850099972923823428633971008663539334986953140821449745832209235256961782513785880652816390634889456867085720733490655673196171186739649	1621892459097816760660408033042503629063191571154314649554089568673473564288465877119431239473587423232494733694472924031244986358569600220131934468131728839385838858505717021455314862406060803013933647320686267113605462408377114245442067426437527236254474560460804456643763179890305892685596172357194191066143312019294553920557726672165270459326675394477192118016011008374898015800928669933977385878016099070851109324526944141513152664966849367223925845156585813740878559386330537662539619544568248244076742817469163666684545292657222922156452122067319208483196774590693732664507173760542872709902297937504968159137932578682704995583035797964368290245649548460391856702279591180378956160113815152834167352926886818111448391333740415421903084447884717222788170122200112995579016611258438915742496161826126906477203529058	-1,6,6,6,6,6,6,-6,-6,-6	-7,6,6,6,6,6,-6,-6,-6,-6	ok
-1.443443	-12.672673	-47.733525	0.802261	continued:5	1621934000481624826448051398726685207532846390895601964005425262920051414277414339175814574260853709906979327175185116152679173156265194779385009359864443903507756170120282957240568698871600510242350191361390777641732172941403464382213384283292213903398294939644884342055565174520265359838062110349449645802483872636545654654842458225885584242334908561461747753852368170063250750379086416846963091221284209340868865331949248098539731211113063297529364510483021134920251208611000714417136269572285361598970018782861361609015678603187440405821791444538470293278257786203553835927605793906176998583235634739795546204312415596357454201187324505388638655427576431221071163713410004711568798850099972923823428633971008663539334986953140821449745832209235256961782513785880652816390634889456867085720733490655673196171186739649	1621892459097816760660408033042503629063191571154314649554089568673473564288465877119431239473587423232494733694472924031244986358569600220131934468131728839385838858505717021455314862406060803013933647320686267113605462408377114245442067426437527236254474560460804456643763179890305892685596172357194191066143312019294553920557726672165270459326675394477192118016011008374898015800928669933977385878016099070851109324526944141513152664966849367223925845156585813740878559386330537662539619544568248244076742817469163666684545292657222922156452122067319208483196774590693732664507173760542872709902297937504968159137932578682704995583035797964368290245649548460391856702279591180378956160113815152834167352926886818111448391333740415421903084447884717222788170122200112995579016611258438915742496161826126906477203529058	-1,6,6,6,6,6,6,-6,-6,-6	-7,6,6,6,6,6,-6,-6,-6,-6	ok
-1.439439	-12.672673	-48.498069	0.799468	continued:5	1621934000481624826448051398726685207532846390895601964005425262920051414277414339175814574260853709906979327175185116152679173156265194779385009359864443903507756170120282957240568698871600510242350191361390777641732172941403464382213384283292213903398294939644884342055565174520265359838062110349449645802483872636545654654842458225885584242334908561461747753852368170063250750379086416846963091221284209340868865331949248098539731211113063297529364510483021134920251208611000714417136269572285361598970018782861361609015678603187440405821791444538470293278257786203553835927605793906176998583235634739795546204312415596357454201187324505388638655427576431221071163713410004711568798850099972923823428633971008663539334986953140821449745832209235256961782513785880652816390634889456867085720733490655673196171186739649	1621892459097816760660408033042503629063191571154314649554089568673473564288465877119431239473587423232494733694472924031244986358569600220131934468131728839385838858505717021455314862406060803013933647320686267113605462408377114245442067426437527236254474560460804456643763179890305892685596172357194191066143312019294553920557726672165270459326675394477192118016011008374898015800928669933977385878016099070851109324526944141513152664966849367223925845156585813740878559386330537662539619544568248244076742817469163666684545292657222922156452122067319208483196774590693732664507173760542872709902297937504968159137932578682704995583035797964368290245649548460391856702279591180378956160113815152834167352926886818111448391333740415421903084447884717222788170122200112995579016611258438915742496161826126906477203529058	-1,6,6,6,6,6,6,-6,-6,-6	-7,6,6,6,6,6,-6,-6,-6,-6	ok
-1.435435	-12.672673	-49.189728	0.796674	continued:5	1758665085828361720847059278712522403977089098751225376328145297228312730646035154328988712432826576076764982974510505361132933898827966743739404388900678294907409457446275576329754044312517477784055451603706809614990909344980755092730230761416673473821372986834856265481237127790708571356626425707044688324203319773080223670167572149803929332029492498180350486253567939335933418104039437461942627199164471093671105104830880388241666489043360265540609040154003728400559420087277938238614536883942848004044827685919701886634635089419719175824168501941751984372409426586492891934444430242369330309567120214296800750325900213729963401699335668618930856278028495170062343188878537958350529415375593884052983475729841437130166442179189645939269334185214871276051641185139322247764096725603629076871317127643828293729228871545	1621892459097816760660408033042503629063191571154314649554089568673473564288465877119431239473587423232494733694472924031244986358569600220131934468131728839385838858505717021455314862406060803013933647320686267113605462408377114245442067426437527236254474560460804456643763179890305892685596172357194191066143312019294553920557726672165270459326675394477192118016011008374898015800928669933977385878016099070851109324526944141513152664966849367223925845156585813740878559386330537662539619544568248244076742817469163666684545292657222922156452122067319208483196774590693732664507173760542872709902297937504968159137932578682704995583035797964368290245649548460391856702279591180378956160113815152834167352926886818111448391333740415421903084447884717222788170122200112995579016611258438915742496161826126906477203529058	-1,6,6,6,6,6,6,6,-6,-6	-7,6,6,6,6,6,-6,-6,-6,-6	ok
-1.431431	-12.672673	-49.807291	0.793881	continued:5	1758665085828361720847059278712522403977089098751225376328145297228312730646035154328988712432826576076764982974510505361132933898827966743739404388900678294907409457446275576329754044312517477784055451603706809614990909344980755092730230761416673473821372986834856265481237127790708571356626425707044688324203319773080223670167572149803929332029492498180350486253567939335933418104039437461942627199164471093671105104830880388241666489043360265540609040154003728400559420087277938238614536883942848004044827685919701886634635089419719175824168501941751984372409426586492891934444430242369330309567120214296800750325900213729963401699335668618930856278028495170062343188878537958350529415375593884052983475729841437130166442179189645939269334185214871276051641185139322247764096725603629076871317127643828293729228871545	1621892459097816760660408033042503629063191571154314649554089568673473564288465877119431239473587423232494733694472924031244986358569600220131934468131728839385838858505717021455314862406060803013933647320686267113605462408377114245442067426437527236254474560460804456643763179890305892685596172357194191066143312019294553920557726672165270459326675394477192118016011008374898015800928669933977385878016099070851109324526944141513152664966849367223925845156585813740878559386330537662539619544568248244076742817469163666684545292657222922156452122067319208483196774590693732664507173760542872709902297937504968159137932578682704995583035797964368290245649548460391856702279591180378956160113815152834167352926886818111448391333740415421903084447884717222788170122200112995579016611258438915742496161826126906477203529058	-1,6,6,6,6,6,6,6,-6,-6	-7,6,6,6,6,6,-6,-6,-6,-6	ok
-1.427427	-12.672673	-50.351586	0.791550	continued:5	1758665085828361720847059278712522403977089098751225376328145297228312730646035154328988712432826576076764982974510505361132933898827966743739404388900678294907409457446275576329754044312517477784055451603706809614990909344980755092730230761416673473821372986834856265481237127790708571356626425707044688324203319773080223670167572149803929332029492498180350486253567939335933418104039437461942627199164471093671105104830880388241666489043360265540609040154003728400559420087277938238614536883942848004044827685919701886634635089419719175824168501941751984372409426586492891934444430242369330309567120214296800750325900213729963401699335668618930856278028495170062343188878537958350529415375593884052983475729841437130166442179189645939269334185214871276051641185139322247764096725603629076871317127643828293729228871545	1621934000481624826448051398726685207532846390895601964005425262920051414277414339175814574260853709906979327175185116152679173156265194779385009359864443903507756170120282957240568698871600510242350191361390777641732172941403464382213384283292213903398294939644884342055565174520265359838062110349449645802483872636545654654842458225885584242334908561461747753852368170063250750379086416846963091221284209341552324908031629103916303894313298714548738275950613522283728765771937396991020465490240933069529299430444579245662097588618074439960463218062363244008816630810384666644294144326206480170324186807958734018062190818787612361285411946105091651769437459264889142749062913688713417832912381112824307746631183153422996583141368689932472231976593505120621815844674907973027470552793423505877681987986533156069494611315	-1,6,6,6,6,6,6,6,-6,-6	-7,6,6,6,6,6,6,-6,-6,-6	ok
-1.423423	-12.672673	-50.821962	0.791048	full	1758665085828361720847059278712522403977089098751225376328145297228312730646035154328988712432826576076764982974510505361132933898827966743739404388900678294907409457446275576329754044312517477784055451603706809614990909344980755092730230761416673473821372986834856265481237127790708571356626425707044688324203319773080223670167572149803929332029492498180350486253567939335933418104039437461942627199164471093671105104830880388241666489043360265540609040154003728400559420087277938238614536883942848004044827685919701886634635089419719175824168501941751984372409426586492891934444430242369330309567120214296800750325900213729963401699335668618930856278028495170062343188878537958350529415375593884052983475729841437130166442179189645939269334185214871276051641185139322247764096725603629076871317127643828293729228871545	1621934000481624826448051398726685207532846390895601964005425262920051414277414339175814574260853709906979327175185116152679173156265194779385009359864443903507756170120282957240568698871600510242350191361390777641732172941403464382213384283292213903398294939644884342055565174520265359838062110349449645802483872636545654654842458225885584242334908561461747753852368170063250750379086416846963091221284209341552324908031629103916303894313298714548738275950613522283728765771937396991020465490240933069529299430444579245662097588618074439960463218062363244008816630810384666644294144326206480170324186807958734018062190818787612361285411946105091651769437459264889142749062913688713417832912381112824307746631183153422996583141368689932472231976593505120621815844674907973027470552793423505877681987986533156069494611315	-1,6,6,6,6,6,6,6,-6,-6	-7,6,6,6,6,6,6,-6,-6,-6	ok
-1.419419	-12.672673	-40.524917	0.813089	continued:5	1758665085828361720847059278712522403977089098751225376328145297228312730646035154328988712432826576076764982974510505361132933898827966743739404388900678294907409457446275576329754044312517477784055451603706809614990909344980755092730230761416673473821372986834856265481237127790708571356626425707044688324203319773080223670167572149803929332029492498180350486253567939335933418104039437461942627199164471093611798021175917860302818058802926469074828305214528390645199085417771499168649125429295375636232661856839894903057104812003794405092885886410076506800945653182654665804129451429269903563586700991748815556340580075828104577758024503096580192189589652421967026265715570426062970513582807504108582212450352228407235084811274478384575494979536549614678959066350929168500021479253508420905735978210316629387929488278	1621934000481624826448051398726685207532846390895601964005425262920051414277414339175814574260853709906979327175185116152679173156265194779385009359864443903507756170120282957240568698871600510242350191361390777641732172941403464382213384283292213903398294939644884342055565174520265359838062110349449645802483872636545654654842458225885584242334908561461747753852368170063250750379086416846963091221284209341552324908031629103916303894313298714548738275950613522283728765771937396991020465490240933069529299430444579245662097588618074439960463218062363244008816630810384666644294144326206480170324186807958734018062190818787612361285411946105091651769437459264889142749062913688713417832912381112824307746631183153422996583141368689932472231976593505120621815844674907973027470552793423505877681987986533156069494611315	0,6,6,6,6,6,6,6,-6,-6	-7,6,6,6,6,6,6,-6,-6,-6	ok
-1.415415	-12.672673	-42.893494	0.810295	continued:5	1758665085828361720847059278712522403977089098751225376328145297228312730646035154328988712432826576076764982974510505361132933898827966743739404388900678294907409457446275576329754044312517477784055451603706809614990909344980755092730230761416673473821372986834856265481237127790708571356626425707044688324203319773080223670167572149803929332029492498180350486253567939335933418104039437461942627199164471093611798021175917860302818058802926469074828305214528390645199085417771499168649125429295375636232661856839894903057104812003794405092885886410076506800945653182654665804129451429269903563586700991748815556340580075828104577758024503096580192189589652421967026265715570426062970513582807504108582212450352228407235084811274478384575494979536549614678959066350929168500021479253508420905735978210316629387929488278	1621934000481624826448051398726685207532846390895601964005425262920051414277414339175814574260853709906979327175185116152679173156265194779385009359864443903507756170120282957240568698871600510242350191361390777641732172941403464382213384283292213903398294939644884342055565174520265359838062110349449645802483872636545654654842458225885584242334908561461747753852368170063250750379086416846963091221284209341552324908031629103916303894313298714548738275950613522283728765771937396991020465490240933069529299430444579245662097588618074439960463218062363244008816630810384666644294144326206480170324186807958734018062190818787612361285411946105091651769437459264889142749062913688713417832912381112824307746631183153422996583141368689932472231976593505120621815844674907973027470552793423505877681987986533156069494611315	0,6,6,6,6,6,6,6,-6,-6	-7,6,6,6,6,6,6,-6,-6,-6	ok
-1.411411	-12.672673	-44.198167	0.807502	continued:5	1758665085828361720847059278712522403977089098751225376328145297228312730646035154328988712432826576076764982974510505361132933898827966743739404388900678294907409457446275576329754044312517477784055451603706809614990909344980755092730230761416673473821372986834856265481237127790708571356626425707044688324203319773080223670167572149803929332029492498180350486253567939335933418104039437461942627199164471093611798021175917860302818058802926469074828305214528390645199085417771499168649125429295375636232661856839894903057104812003794405092885886410076506800945653182654665804129451429269903563586700991748815556340580075828104577758024503096580192189589652421967026265715570426062970513582807504108582212450352228407235084811274478384575494979536549614678959066350929168500021479253508420905735978210316629387929488278	1621934000481624826448051398726685207532846390895601964005425262920051414277414339175814574260853709906979327175185116152679173156265194779385009359864443903507756170120282957240568698871600510242350191361390777641732172941403464382213384283292213903398294939644884342055565174520265359838062110349449645802483872636545654654842458225885584242334908561461747753852368170063250750379086416846963091221284209341552324908031629103916303894313298714548738275950613522283728765771937396991020465490240933069529299430444579245662097588618074439960463218062363244008816630810384666644294144326206480170324186807958734018062190818787612361285411946105091651769437459264889142749062913688713417832912381112824307746631183153422996583141368689932472231976593505120621815844674907973027470552793423505877681987986533156069494611315	0,6,6,6,6,6,6,6,-6,-6	-7,6,6,6,6,6,6,-6,-6,-6	ok
-1.407407	-12.672673	-45.279490	0.804709	continued:5	1758665085828361720847059278712522403977089098751225376328145297228312730646035154328988712432826576076764982974510505361132933898827966743739404388900678294907409457446275576329754044312517477784055451603706809614990909344980755092730230761416673473821372986834856265481237127790708571356626425707044688324203319773080223670167572149803929332029492498180350486253567939335933418104039437461942627199164471093611798021175917860302818058802926469074828305214528390645199085417771499168649125429295375636232661856839894903057104812003794405092885886410076506800945653182654665804129451429269903563586700991748815556340580075828104577758024503096580192189589652421967026265715570426062970513582807504108582212450352228407235084811274478384575494979536549614678959066350929168500021479253508420905735978210316629387929488278	1621934000481624826448051398726685207532846390895601964005425262920051414277414339175814574260853709906979327175185116152679173156265194779385009359864443903507756170120282957240568698871600510242350191361390777641732172941403464382213384283292213903398294939644884342055565174520265359838062110349449645802483872636545654654842458225885584242334908561461747753852368170063250750379086416846963091221284209341552324908031629103916303894313298714548738275950613522283728765771937396991020465490240933069529299430444579245662097588618074439960463218062363244008816630810384666644294144326206480170324186807958734018062190818787612361285411946105091651769437459264889142749062913688713417832912381112824307746631183153422996583141368689932472231976593505120621815844674907973027470552793423505877681987986533156069494611315	0,6,6,6,6,6,6,6,-6,-6	-7,6,6,6,6,6,6,-6,-6,-6	ok
-1.403403	-12.672673	-46.249455	0.801915	continued:5	973527659651047320208168790799014652542562486244183519578515635440950889457657401445276838120655205051505879869471961370142525445393260225678744537489565956197419942434910226347153378953489968543725177637482472199448316083881274223692721333970691915198101352132420136030326072727119409957874103092229015724103209827628934261449291585604390306589377283667166395438197191857796490559523350852292139816145384956909946708262712945092845754536862010983168054184502467546525037679537647138100049651406222815071597083047856172103174837029722137328781016374969969483333766236110711549494665271792529403770121828521456468465951555024877608739955012993025738073442327801601325188523012051546765902647468312639618450996172291727296661077990322206172018269866808868297286052284038262380423046106051438465683987772788915439962987365515	1621934000481624826448051398726685207532846390895601964005425262920051414277414339175814574260853709906979327175185116152679173156265194779385009359864443903507756170120282957240568698871600510242350191361390777641732172941403464382213384283292213903398294939644884342055565174520265359838062110349449645802483872636545654654842458225885584242334908561461747753852368170063250750379086416846963091221284209341552324908031629103916303894313298714548738275950613522283728765771937396991020465490240933069529299430444579245662097588618074439960463218062363244008816630810384666644294144326206480170324186807958734018062190818787612361285411946105091651769437459264889142749062913688713417832912381112824307746631183153422996583141368689932472231976593505120621815844674907973027470552793423505877681987986533156069494611315	0,6,6,6,6,6,6,6,6,-6	-7,6,6,6,6,6,6,-6,-6,-6	ok
-1.399399	-12.672673	-47.138751	0.799122	continued:5	973527659651047320208168790799014652542562486244183519578515635440950889457657401445276838120655205051505879869471961370142525445393260225678744537489565956197419942434910226347153378953489968543725177637482472199448316083881274223692721333970691915198101352132420136030326072727119409957874103092229015724103209827628934261449291585604390306589377283667166395438197191857796490559523350852292139816145384956911342077503918331073320493330614187264679669805952538466493630138737647350530755450518346609155199517507844215501527176599599256759103005883314116244026370693008664714323891058036202935277481184497371192716612984240952738865732422161963109627136889730659656188946666305420162424364914950642050460621366369949106464522956492306746715536885412148127967989553832945736979609350058884723835743633572055402088662839645	1621934000481624826448051398726685207532846390895601964005425262920051414277414339175814574260853709906979327175185116152679173156265194779385009359864443903507756170120282957240568698871600510242350191361390777641732172941403464382213384283292213903398294939644884342055565174520265359838062110349449645802483872636545654654842458225885584242334908561461747753852368170063250750379086416846963091221284209341552324908031629103916303894313298714548738275950613522283728765771937396991020465490240933069529299430444579245662097588618074439960463218062363244008816630810384666644294144326206480170324186807958734018062190818787612361285411946105091651769437459264889142749062913688713417832912381112824307746631183153422996583141368689932472231976593505120621815844674907973027470552793423505877681987986533156069494611315	-1,6,6,6,6,6,6,6,6,-6	-7,6,6,6,6,6,6,-6,-6,-6	ok
-1.395395	-12.672673	-47.954367	0.796328	continued:5	973527659651047320208168790799014652542562486244183519578515635440950889457657401445276838120655205051505879869471961370142525445393260225678744537489565956197419942434910226347153378953489968543725177637482472199448316083881274223692721333970691915198101352132420136030326072727119409957874103092229015724103209827628934261449291585604390306589377283667166395438197191857796490559523350852292139816145384956911342077503918331073320493330614187264679669805952538466493630138737647350530755450518346609155199517507844215501527176599599256759103005883314116244026370693008664714323891058036202935277481184497371192716612984240952738865732422161963109627136889730659656188946666305420162424364914950642050460621366369949106464522956492306746715536885412148127967989553832945736979609350058884723835743633572055402088662839645	1758665085828361720847059278712522403977089098751225376328145297228312730646035154328988712432826576076764982974510505361132933898827966743739404388900678294907409457446275576329754044312517477784055451603706809614990909344980755092730230761416673473821372986834856265481237127790708571356626425707044688324203319773080223670167572149803929332029492498180350486253567939335933418104039437461942627199164471094382790108690430723507847651928565823129977859427707781464883436121355207078199474339712516417790817634877385689564998418410816424599559888321857715229974707432551605498224175999562451261332150884872623078149741868552269288995069654887138825339294608147206146266834148345801236236889030443385798635083711941805342730594171656595595404653354731212523826610600039198932999681805076948458290920845968265824821470827	-1,6,6,6,6,6,6,6,6,-6	-7,6,6,6,6,6,6,6,-6,-6	ok
-1.391391	-12.672673	-48.696006	0.793535	continued:5	973527659651047320208168790799014652542562486244183519578515635440950889457657401445276838120655205051505879869471961370142525445393260225678744537489565956197419942434910226347153378953489968543725177637482472199448316083881274223692721333970691915198101352132420136030326072727119409957874103092229015724103209827628934261449291585604390306589377283667166395438197191857796490559523350852292139816145384956911342077503918331073320493330614187264679669805952538466493630138737647350530755450518346609155199517507844215501527176599599256759103005883314116244026370693008664714323891058036202935277481184497371192716612984240952738865732422161963109627136889730659656188946666305420162424364914950642050460621366369949106464522956492306746715536885412148127967989553832945736979609350058884723835743633572055402088662839645	1758665085828361720847059278712522403977089098751225376328145297228312730646035154328988712432826576076764982974510505361132933898827966743739404388900678294907409457446275576329754044312517477784055451603706809614990909344980755092730230761416673473821372986834856265481237127790708571356626425707044688324203319773080223670167572149803929332029492498180350486253567939335933418104039437461942627199164471094382790108690430723507847651928565823129977859427707781464883436121355207078199474339712516417790817634877385689564998418410816424599559888321857715229974707432551605498224175999562451261332150884872623078149741868552269288995069654887138825339294608147206146266834148345801236236889030443385798635083711941805342730594171656595595404653354731212523826610600039198932999681805076948458290920845968265824821470827	-1,6,6,6,6,6,6,6,6,-6	-7,6,6,6,6,6,6,6,-6,-6	ok
-1.387387	-12.672673	-49.362413	0.790742	continued:5	973527659651047320208168790799014652542562486244183519578515635440950889457657401445276838120655205051505879869471961370142525445393260225678744537489565956197419942434910226347153378953489968543725177637482472199448316083881274223692721333970691915198101352132420136030326072727119409957874103092229015724103209827628934261449291585604390306589377283667166395438197191857796490559523350852292139816145384956911342077503918331073320493330614187264679669805952538466493630138737647350530755450518346609155199517507844215501527176599599256759103005883314116244026370693008664714323891058036202935277481184497371192716612984240952738865732422161963109627136889730659656188946666305420162424364914950642050460621366369949106464522956492306746715536885412148127967989553832945736979609350058884723835743633572055402088662839645	1758665085828361720847059278712522403977089098751225376328145297228312730646035154328988712432826576076764982974510505361132933898827966743739404388900678294907409457446275576329754044312517477784055451603706809614990909344980755092730230761416673473821372986834856265481237127790708571356626425707044688324203319773080223670167572149803929332029492498180350486253567939335933418104039437461942627199164471094382790108690430723507847651928565823129977859427707781464883436121355207078199474339712516417790817634877385689564998418410816424599559888321857715229974707432551605498224175999562451261332150884872623078149741868552269288995069654887138825339294608147206146266834148345801236236889030443385798635083711941805342730594171656595595404653354731212523826610600039198932999681805076948458290920845968265824821470827	-1,6,6,6,6,6,6,6,6,-6	-7,6,6,6,6,6,6,6,-6,-6	ok
-1.383383	-12.672673	-49.953736	0.787948	continued:5	973527659651047320208168790799014652542562486244183519578515635440950889457657401445276838120655205051505879869471961370142525445393260225678744537489565956197419942434910226347153378953489968543725177637482472199448316083881274223692721333970691915198101352132420136030326072727119409957874103092229015724103209827628934261449291585604390306589377283667166395438197191857796490559523350852292139816145384956911342077503918331073320493330614187264679669805952538466493630138737647350530755450518346609155199517507844215501527176599599256759103005883314116244026370693008664714323891058036202935277481184497371192716612984240952738865732422161963109627136889730659656188946666305420162424364914950642050460621366369949106464522956492306746715536885412148127967989553832945736979609350058884723835743633572055402088662839645	1758665085828361720847059278712522403977089098751225376328145297228312730646035154328988712432826576076764982974510505361132933898827966743739404388900678294907409457446275576329754044312517477784055451603706809614990909344980755092730230761416673473821372986834856265481237127790708571356626425707044688324203319773080223670167572149803929332029492498180350486253567939335933418104039437461942627199164471094382790108690430723507847651928565823129977859427707781464883436121355207078199474339712516417790817634877385689564998418410816424599559888321857715229974707432551605498224175999562451261332150884872623078149741868552269288995069654887138825339294608147206146266834148345801236236889030443385798635083711941805342730594171656595595404653354731212523826610600039198932999681805076948458290920845968265824821470827	-1,6,6,6,6,6,6,6,6,-6	-7,6,6,6,6,6,6,6,-6,-6	ok
-1.379379	-12.672673	-50.472040	0.785489	continued:5	973527659651047320208168790799014652542562486244183519578515635440950889457657401445276838120655205051505879869471961370142525445393260225678744537489565956197419942434910226347153378953489968543725177637482472199448316083881274223692721333970691915198101352132420136030326072727119409957874103092229015724103209827628934261449291585604390306589377283667166395438197191857796490559523350852292139816145384956911342077503918331073320493330614187264679669805952538466493630138737647350530755450518346609155199517507844215501527176599599256759103005883314116244026370693008664714323891058036202935277481184497371192716612984240952738865732422161963109627136889730659656188946666305420162424364914950642050460621366369949106464522956492306746715536885412148127967989553832945736979609350058884723835743633572055402088662839645	1758665085828361720847059278712522403977089098751225376328145297228312730646035154328988712432826576076764982974510505361132933898827966743739404388900678294907409457446275576329754044312517477784055451603706809614990909344980755092730230761416673473821372986834856265481237127790708571356626425707044688324203319773080223670167572149803929332029492498180350486253567939335933418104039437461942627199164471094382790108690430723507847651928565823129977859427707781464883436121355207078199474339712516417790817634877385689564998418410816424599559888321857715229974707432551605498224175999562451261332150884872623078149741868552269288995069654887138825339294608147206146266834148345801236236889030443385798635083711941805342730594171656595595404653354731212523826610600039198932999681805076948458290920845968265824821470827	-1,6,6,6,6,6,6,6,6,-6	-7,6,6,6,6,6,6,6,-6,-6	ok
-1.375375	-12.672673	-50.918588	0.784988	full	973527659651047320208168790799014652542562486244183519578515635440950889457657401445276838120655205051505879869471961370142525445393260225678744537489565956197419942434910226347153378953489968543725177637482472199448316083881274223692721333970691915198101352132420136030326072727119409957874103092229015724103209827628934261449291585604390306589377283667166395438197191857796490559523350852292139816145384956911342077503918331073320493330614187264679669805952538466493630138737647350530755450518346609155199517507844215501527176599599256759103005883314116244026370693008664714323891058036202935277481184497371192716612984240952738865732422161963109627136889730659656188946666305420162424364914950642050460621366369949106464522956492306746715536885412148127967989553832945736979609350058884723835743633572055402088662839645	1758665085828361720847059278712522403977089098751225376328145297228312730646035154328988712432826576076764982974510505361132933898827966743739404388900678294907409457446275576329754044312517477784055451603706809614990909344980755092730230761416673473821372986834856265481237127790708571356626425707044688324203319773080223670167572149803929332029492498180350486253567939335933418104039437461942627199164471094382790108690430723507847651928565823129977859427707781464883436121355207078199474339712516417790817634877385689564998418410816424599559888321857715229974707432551605498224175999562451261332150884872623078149741868552269288995069654887138825339294608147206146266834148345801236236889030443385798635083711941805342730594171656595595404653354731212523826610600039198932999681805076948458290920845968265824821470827	-1,6,6,6,6,6,6,6,6,-6	-7,6,6,6,6,6,6,6,-6,-6	ok
-1.371371	-12.672673	-41.318905	0.806958	continued:5	473878052052822714252413262158544407575465526004448140514733403025185742270048101971789317200431483390579714618410933652708251370803361917740753725419848508507097990555498788878673422118447397813123370092712544818345269656907205480727169407354764219618993800833236607096887536615597815240342161285388310520580526840942496191979632817151814545963476068011643800376768646712699508503191344021295325251036705455847791480841645197114316823230474673316642408740129165727460791665151268674562152013023920973561683410812428064851812150891028201261038340144142472950160152696341250766030353481257903112777848274096786226500527783682281590467127196216151539905796216790150211390533290782766806655075337325076735817848685478879026964790718642027485532370707997804939958279165537803529385151236314986475330729192120686109850819955859484676992337532151661396928120896641365271886919550305883130844846419973904392234200596971405388922889345488120026557334638281389081370283777663971684493586134091502855559145374911465719630981471518816109252378643513135437559956284136676535593076027131657914004382633506600626524136911582324647946244323002771013163427445036375323459416156962453518385188431851452582989595692344248361336516992518255521562001047774428140280671095505461211099854973329814563341651618072438418820433015385583814807612689653612931288882107219868776965605739373905130565815767899307749715288049557531120734258764638891428747585276906135017628283261046961421191266334695338263474936688003489343113447222906309733512970834283986630734243766364054348332404759926118279505677830424400512032618950538017023305224726324631103703883293664247272847653	1758665085828361720847059278712522403977089098751225376328145297228312730646035154328988712432826576076764982974510505361132933898827966743739404388900678294907409457446275576329754044312517477784055451603706809614990909344980755092730230761416673473821372986834856265481237127790708571356626425707044688324203319773080223670167572149803929332029492498180350486253567939335933418104039437461942627199164471094382790108690430723507847651928565823129977859427707781464883436121355207078199474339712516417790817634877385689564998418410816424599559888321857715229974707432551605498224175999562451261332150884872623078149741868552269288995069654887138825339294608147206146266834148345801236236889030443385798635083711941805342730594171656595595404653354731212523826610600039198932999681805076948458290920845968265824821470827	0,6,6,6,6,6,6,6,6,6,-6	-7,6,6,6,6,6,6,6,-6,-6	ok
-1.367367	-12.672673	-43.230370	0.804165	continued:5	473878052052822714252413262158544407575465526004448140514733403025185742270048101971789317200431483390579714618410933652708251370803361917740753725419848508507097990555498788878673422118447397813123370092712544818345269656907205480727169407354764219618993800833236607096887536615597815240342161285388310520580526840942496191979632817151814545963476068011643800376768646712699508503191344021295325251036705455847791480841645197114316823230474673316642408740129165727460791665151268674562152013023920973561683410812428064851812150891028201261038340144142472950160152696341250766030353481257903112777848274096786226500527783682281590467127196216151539905796216790150211390533290782766806655075337325076735817848685478879026964790718642027485532370707997804939958279165537803529385151236314986475330729192120686109850819955859484676992337532151661396928120896641365271886919550305883130844846419973904392234200596971405388922889345488120026557334638281389081370283777663971684493586134091502855559145374911465719630981471518816109252378643513135437559956284136676535593076027131657914004382633506600626524136911582324647946244323002771013163427445036375323459416156962453518385188431851452582989595692344248361336516992518255521562001047774428140280671095505461211099854973329814563341651618072438418820433015385583814807612689653612931288882107219868776965605739373905130565815767899307749715288049557531120734258764638891428747585276906135017628283261046961421191266334695338263474936688003489343113447222906309733512970834283986630734243766364054348332404759926118279505677830424400512032618950538017023305224726324631103703883293664247272847653	973527659651047320208168790799014652542562486244183519578515635440950889457657401445276838120655205051505879869471961370142525445393260225678744537489565956197419942434910226347153378953489968543725177637482472199448316083881274223692721333970691915198101352132420136030326072727119409957874103092229015724103209827628934261449291585604390306589377283667166395438197191857796490559523350852292139816145384956928086508398382962839017358855640302642819057263353389506116739649137649899699225039863832138158428731027700736281755251438124689922966879983443877372337624175784102692274600492960285313365793456208347883724550134833854300375061332189211568271471632879359628194030517351900920684974274606671234576123695308610824105862550533513643082741108651506096151236791369146015658368278148239821656813962969734947596768529283	0,6,6,6,6,6,6,6,6,6,-6	-7,6,6,6,6,6,6,6,6,-6	ok
-1.363363	-12.672673	-44.487797	0.801371	continued:5	473878052052822714252413262158544407575465526004448140514733403025185742270048101971789317200431483390579714618410933652708251370803361917740753725419848508507097990555498788878673422118447397813123370092712544818345269656907205480727169407354764219618993800833236607096887536615597815240342161285388310520580526840942496191979632817151814545963476068011643800376768646712699508503191344021295325251036705455847791480841645197114316823230474673316642408740129165727460791665151268674562152013023920973561683410812428064851812150891028201261038340144142472950160152696341250766030353481257903112777848274096786226500527783682281590467127196216151539905796216790150211390533290782766806655075337325076735817848685478879026964790718642027485532370707997804939958279165537803529385151236314986475330729192120686109850819955859484676992337532151661396928120896641365271886919550305883130844846419973904392234200596971405388922889345488120026557334638281389081370283777663971684493586134091502855559145374911465719630981471518816109252378643513135437559956284136676535593076027131657914004382633506600626524136911582324647946244323002771013163427445036375323459416156962453518385188431851452582989595692344248361336516992518255521562001047774428140280671095505461211099854973329814563341651618072438418820433015385583814807612689653612931288882107219868776965605739373905130565815767899307749715288049557531120734258764638891428747585276906135017628283261046961421191266334695338263474936688003489343113447222906309733512970834283986630734243766364054348332404759926118279505677830424400512032618950538017023305224726324631103703883293664247272847653	973527659651047320208168790799014652542562486244183519578515635440950889457657401445276838120655205051505879869471961370142525445393260225678744537489565956197419942434910226347153378953489968543725177637482472199448316083881274223692721333970691915198101352132420136030326072727119409957874103092229015724103209827628934261449291585604390306589377283667166395438197191857796490559523350852292139816145384956928086508398382962839017358855640302642819057263353389506116739649137649899699225039863832138158428731027700736281755251438124689922966879983443877372337624175784102692274600492960285313365793456208347883724550134833854300375061332189211568271471632879359628194030517351900920684974274606671234576123695308610824105862550533513643082741108651506096151236791369146015658368278148239821656813962969734947596768529283	0,6,6,6,6,6,6,6,6,6,-6	-7,6,6,6,6,6,6,6,6,-6	ok
-1.359359	-12.672673	-45.551103	0.798578	continued:5	473878052052822714252413262158544407575465526004448140514733403025185742270048101971789317200431483390579714618410933652708251370803361917740753725419848508507097990555498788878673422118447397813123370092712544818345269656907205480727169407354764219618993800833236607096887536615597815240342161285388310520580526840942496191979632817151814545963476068011643800376768646712699508503191344021295325251036705455847791480841645197114316823230474673316642408740129165727460791665151268674562152013023920973561683410812428064851812150891028201261038340144142472950160152696341250766030353481257903112777848274096786226500527783682281590467127196216151539905796216790150211390533290782766806655075337325076735817848685478879026964790718642027485532370707997804939958279165537803529385151236314986475330729192120686109850819955859484676992337532151661396928120896641365271886919550305883130844846419973904392234200596971405388922889345488120026557334638281389081370283777663971684493586134091502855559145374911465719630981471518816109252378643513135437559956284136676535593076027131657914004382633506600626524136911582324647946244323002771013163427445036375323459416156962453518385188431851452582989595692344248361336516992518255521562001047774428140280671095505461211099854973329814563341651618072438418820433015385583814807612689653612931288882107219868776965605739373905130565815767899307749715288049557531120734258764638891428747585276906135017628283261046961421191266334695338263474936688003489343113447222906309733512970834283986630734243766364054348332404759926118279505677830424400512032618950538017023305224726324631103703883293664247272847653	973527659651047320208168790799014652542562486244183519578515635440950889457657401445276838120655205051505879869471961370142525445393260225678744537489565956197419942434910226347153378953489968543725177637482472199448316083881274223692721333970691915198101352132420136030326072727119409957874103092229015724103209827628934261449291585604390306589377283667166395438197191857796490559523350852292139816145384956928086508398382962839017358855640302642819057263353389506116739649137649899699225039863832138158428731027700736281755251438124689922966879983443877372337624175784102692274600492960285313365793456208347883724550134833854300375061332189211568271471632879359628194030517351900920684974274606671234576123695308610824105862550533513643082741108651506096151236791369146015658368278148239821656813962969734947596768529283	0,6,6,6,6,6,6,6,6,6,-6	-7,6,6,6,6,6,6,6,6,-6	ok
-1.355355	-12.672673	-46.507118	0.795785	continued:5	473878052052822714252413262158544407575465526004448140514733403025185742270048101971789317200431483390579714618410933652708251370803361917740753725419848508507097990555498788878673422118447397813123370092712544818345269656907205480727169407354764219618993800833236607096887536615597815240342161285388310520580526840942496191979632817151814545963476068011643800376768646712699508503191344021295325251036705455847791480841645197114316823230474673316642408740129165727460791665151268674562152013023920973561683410812428064851812150891028201261038340144142472950160152696341250766030353481257903112777848274096786226500527783682281590467127196216151539905796216790150211390533290782766806655075337325076735817848685478879026964790718642027485532370707997804939958279165537803529385151236314986475330729192120686109850819955859484676992337532151661396928120896641365271886919550305883130844846419973904392234200596971405388922889345488120026557334638281389081370283777663971684493586134091502855559145374911465719630981471518816109252378643513135437559956284136676535593076027131657914004382633506600626524136911582324647946244323002771013163427445036375323459416156962453518385188431851452582989595692344248361336516992518255521562001047774428140280671095505461211099854973329814563341651618072438418820433015385583814807612689653612931288882107219868776965605739373905130565815767899307749715288049557531120734258764638891428747585276906135017628283261046961421191266334695338263474936688003489343113447222906309733512970834283986630734243766364054348332404759926118279505677830424400512032618950538017023305224726324631103703883293664247272847653	973527659651047320208168790799014652542562486244183519578515635440950889457657401445276838120655205051505879869471961370142525445393260225678744537489565956197419942434910226347153378953489968543725177637482472199448316083881274223692721333970691915198101352132420136030326072727119409957874103092229015724103209827628934261449291585604390306589377283667166395438197191857796490559523350852292139816145384956928086508398382962839017358855640302642819057263353389506116739649137649899699225039863832138158428731027700736281755251438124689922966879983443877372337624175784102692274600492960285313365793456208347883724550134833854300375061332189211568271471632879359628194030517351900920684974274606671234576123695308610824105862550533513643082741108651506096151236791369146015658368278148239821656813962969734947596768529283	0,6,6,6,6,6,6,6,6,6,-6	-7,6,6,6,6,6,6,6,6,-6	ok
-1.351351	-12.672673	-47.380172	0.792991	continued:5	27984698677308596124017530441246304523849191535290236283890278449314687110147390377149881855050615411866387295000601773006497905598340153666963309044736962738530820242265998450290299827289423138517087532976926701753539101035136028957558104556727772095842011039131725135960048276592941366637386861778768816059097331177833945024907665007098112610620360465917787371901668723684935666239593749928547639336943176643978855986581408689780620413027183058600534879399122045276482033709699431273153110984898165348814862069032363191129824266615527417613173839240735186925565261279062494739614201587522820256475852373336620815874490484974382849695328173994687084416658443459759781358750088755000069671845856565902354962445660884928194293799793847314664825068714616406120980588228564024122972969214384425772659235514733123751978916566014184564522221719722719007579023389450019784473252705882416593650575695648406410204098376615614880687705856331460530906424624144004706484595435010379392360663470952287471452641347415023284105660984795662610095625145410554346334598845327267587186227975002476831382017747979780623690992810975454627058955355237876316268063526867484225306320724088633275566701114299005570070717503949891845803631456403593575634783666302816134206715805965636207582052104615221645533902758246100938900846320648149918304328172350243423858674258123063402217894429937145565759159891185841661173715211009630809157180741299279187851353660624139307471760218154464596211679427194175036305542361104814060255865532953267366749302952006544989162411104618855048411232873244928006717449107934451233128469902948079437435305877067432569766488972302778401721876368485815108406144906886698489379241912737020324279675800645	973527659651047320208168790799014652542562486244183519578515635440950889457657401445276838120655205051505879869471961370142525445393260225678744537489565956197419942434910226347153378953489968543725177637482472199448316083881274223692721333970691915198101352132420136030326072727119409957874103092229015724103209827628934261449291585604390306589377283667166395438197191857796490559523350852292139816145384956928086508398382962839017358855640302642819057263353389506116739649137649899699225039863832138158428731027700736281755251438124689922966879983443877372337624175784102692274600492960285313365793456208347883724550134833854300375061332189211568271471632879359628194030517351900920684974274606671234576123695308610824105862550533513643082741108651506096151236791369146015658368278148239821656813962969734947596768529283	-1,6,6,6,6,6,6,6,6,6,6	-7,6,6,6,6,6,6,6,6,-6	ok
-1.347347	-12.672673	-48.175803	0.790198	continued:5	27984698677308596124017530441246304523849191535290236283890278449314687110147390377149881855050615411866387295000601773006497905598340153666963309044736962738530820242265998450290299827289423138517087532976926701753539101035136028957558104556727772095842011039131725135960048276592941366637386861778768816059097331177833945024907665007098112610620360465917787371901668723684935666239593749928547639336943176643978855986581408689780620413027183058600534879399122045276482033709699431273153110984898165348814862069032363191129824266615527417613173839240735186925565261279062494739614201587522820256475852373336620815874490484974382849695328173994687084416658443459759781358750088755000069671845856565902354962445660884928194293799793847314664825068714616406120980588228564024122972969214384425772659235514733123751978916566014184564522221719722719007579023389450019784473252705882416593650575695648406410204098376615614880687705856331460530906424624144004706484595435010379392360663470952287471452641347415023284105660984795662610095625145410554346334598845327267587186227975002476831382017747979780623690992810975454627058955355237876316268063526867484225306320724088633275566701114299005570070717503949891845803631456403593575634783666302816134206715805965636207582052104615221645533902758246100938900846320648149918304328172350243423858674258123063402217894429937145565759159891185841661173715211009630809157180741299279187851353660624139307471760218154464596211679427194175036305542361104814060255865532953267366749302952006544989162411104618855048411232873244928006717449107934451233128469902948079437435305877067432569766488972302778401721876368485815108406144906886698489379241912737020324279675800645	973527659651047320208168790799014652542562486244183519578515635440950889457657401445276838120655205051505879869471961370142525445393260225678744537489565956197419942434910226347153378953489968543725177637482472199448316083881274223692721333970691915198101352132420136030326072727119409957874103092229015724103209827628934261449291585604390306589377283667166395438197191857796490559523350852292139816145384956928086508398382962839017358855640302642819057263353389506116739649137649899699225039863832138158428731027700736281755251438124689922966879983443877372337624175784102692274600492960285313365793456208347883724550134833854300375061332189211568271471632879359628194030517351900920684974274606671234576123695308610824105862550533513643082741108651506096151236791369146015658368278148239821656813962969734947596768529283	-1,6,6,6,6,6,6,6,6,6,6	-7,6,6,6,6,6,6,6,6,-6	ok
-1.343343	-12.672673	-48.894206	0.787405	continued:5	27984698677308596124017530441246304523849191535290236283890278449314687110147390377149881855050615411866387295000601773006497905598340153666963309044736962738530820242265998450290299827289423138517087532976926701753539101035136028957558104556727772095842011039131725135960048276592941366637386861778768816059097331177833945024907665007098112610620360465917787371901668723684935666239593749928547639336943176643978855986581408689780620413027183058600534879399122045276482033709699431273153110984898165348814862069032363191129824266615527417613173839240735186925565261279062494739614201587522820256475852373336620815874490484974382849695328173994687084416658443459759781358750088755000069671845856565902354962445660884928194293799793847314664825068714616406120980588228564024122972969214384425772659235514733123751978916566014184564522221719722719007579023389450019784473252705882416593650575695648406410204098376615614880687705856331460530906424624144004706484595435010379392360663470952287471452641347415023284105660984795662610095625145410554346334598845327267587186227975002476831382017747979780623690992810975454627058955355237876316268063526867484225306320724088633275566701114299005570070717503949891845803631456403593575634783666302816134206715805965636207582052104615221645533902758246100938900846320648149918304328172350243423858674258123063402217894429937145565759159891185841661173715211009630809157180741299279187851353660624139307471760218154464596211679427194175036305542361104814060255865532953267366749302952006544989162411104618855048411232873244928006717449107934451233128469902948079437435305877067432569766488972302778401721876368485815108406144906886698489379241912737020324279675800645	7481269768870602105473835979472537904354768212970733864566434552930734265847947276295624782234882112692122515470534885359957662638937527128790256311722150323451131272717116722625279128001415138369740056658956663507852348415634910166949284044361067654921672246510374956029789778743250951796325927039984008303236799302743253218146969354767852776024311615053678842149704153167256068695483355761833626068182152304840435871729680560076737653372231495848918707940191114800721788897031355215916354770638955110176595343092698433955914680502245036107725249598246043090222183709312741835594183909578586412434398632240704335063069496472592192743445841952045407808982720129225647412923045795229103759277894976317182069659989470123669410264398966344227662254725922497356640755684685665719135476723387873506920765321563021028979059627661914124056320456147269841173815	-1,6,6,6,6,6,6,6,6,6,6	-7,6,6,6,6,6,6,6,6,6	ok
-1.339339	-12.672673	-49.535358	0.784611	continued:5	27984698677308596124017530441246304523849191535290236283890278449314687110147390377149881855050615411866387295000601773006497905598340153666963309044736962738530820242265998450290299827289423138517087532976926701753539101035136028957558104556727772095842011039131725135960048276592941366637386861778768816059097331177833945024907665007098112610620360465917787371901668723684935666239593749928547639336943176643978855986581408689780620413027183058600534879399122045276482033709699431273153110984898165348814862069032363191129824266615527417613173839240735186925565261279062494739614201587522820256475852373336620815874490484974382849695328173994687084416658443459759781358750088755000069671845856565902354962445660884928194293799793847314664825068714616406120980588228564024122972969214384425772659235514733123751978916566014184564522221719722719007579023389450019784473252705882416593650575695648406410204098376615614880687705856331460530906424624144004706484595435010379392360663470952287471452641347415023284105660984795662610095625145410554346334598845327267587186227975002476831382017747979780623690992810975454627058955355237876316268063526867484225306320724088633275566701114299005570070717503949891845803631456403593575634783666302816134206715805965636207582052104615221645533902758246100938900846320648149918304328172350243423858674258123063402217894429937145565759159891185841661173715211009630809157180741299279187851353660624139307471760218154464596211679427194175036305542361104814060255865532953267366749302952006544989162411104618855048411232873244928006717449107934451233128469902948079437435305877067432569766488972302778401721876368485815108406144906886698489379241912737020324279675800645	7481269768870602105473835979472537904354768212970733864566434552930734265847947276295624782234882112692122515470534885359957662638937527128790256311722150323451131272717116722625279128001415138369740056658956663507852348415634910166949284044361067654921672246510374956029789778743250951796325927039984008303236799302743253218146969354767852776024311615053678842149704153167256068695483355761833626068182152304840435871729680560076737653372231495848918707940191114800721788897031355215916354770638955110176595343092698433955914680502245036107725249598246043090222183709312741835594183909578586412434398632240704335063069496472592192743445841952045407808982720129225647412923045795229103759277894976317182069659989470123669410264398966344227662254725922497356640755684685665719135476723387873506920765321563021028979059627661914124056320456147269841173815	-1,6,6,6,6,6,6,6,6,6,6	-7,6,6,6,6,6,6,6,6,6	ok
-1.335335	-12.672673	-50.100747	0.781818	continued:5	27984698677308596124017530441246304523849191535290236283890278449314687110147390377149881855050615411866387295000601773006497905598340153666963309044736962738530820242265998450290299827289423138517087532976926701753539101035136028957558104556727772095842011039131725135960048276592941366637386861778768816059097331177833945024907665007098112610620360465917787371901668723684935666239593749928547639336943176643978855986581408689780620413027183058600534879399122045276482033709699431273153110984898165348814862069032363191129824266615527417613173839240735186925565261279062494739614201587522820256475852373336620815874490484974382849695328173994687084416658443459759781358750088755000069671845856565902354962445660884928194293799793847314664825068714616406120980588228564024122972969214384425772659235514733123751978916566014184564522221719722719007579023389450019784473252705882416593650575695648406410204098376615614880687705856331460530906424624144004706484595435010379392360663470952287471452641347415023284105660984795662610095625145410554346334598845327267587186227975002476831382017747979780623690992810975454627058955355237876316268063526867484225306320724088633275566701114299005570070717503949891845803631456403593575634783666302816134206715805965636207582052104615221645533902758246100938900846320648149918304328172350243423858674258123063402217894429937145565759159891185841661173715211009630809157180741299279187851353660624139307471760218154464596211679427194175036305542361104814060255865532953267366749302952006544989162411104618855048411232873244928006717449107934451233128469902948079437435305877067432569766488972302778401721876368485815108406144906886698489379241912737020324279675800645	7481269768870602105473835979472537904354768212970733864566434552930734265847947276295624782234882112692122515470534885359957662638937527128790256311722150323451131272717116722625279128001415138369740056658956663507852348415634910166949284044361067654921672246510374956029789778743250951796325927039984008303236799302743253218146969354767852776024311615053678842149704153167256068695483355761833626068182152304840435871729680560076737653372231495848918707940191114800721788897031355215916354770638955110176595343092698433955914680502245036107725249598246043090222183709312741835594183909578586412434398632240704335063069496472592192743445841952045407808982720129225647412923045795229103759277894976317182069659989470123669410264398966344227662254725922497356640755684685665719135476723387873506920765321563021028979059627661914124056320456147269841173815	-1,6,6,6,6,6,6,6,6,6,6	-7,6,6,6,6,6,6,6,6,6	ok
-1.331331	-12.672673	-50.593598	0.779359	continued:5	27984698677308596124017530441246304523849191535290236283890278449314687110147390377149881855050615411866387295000601773006497905598340153666963309044736962738530820242265998450290299827289423138517087532976926701753539101035136028957558104556727772095842011039131725135960048276592941366637386861778768816059097331177833945024907665007098112610620360465917787371901668723684935666239593749928547639336943176643978855986581408689780620413027183058600534879399122045276482033709699431273153110984898165348814862069032363191129824266615527417613173839240735186925565261279062494739614201587522820256475852373336620815874490484974382849695328173994687084416658443459759781358750088755000069671845856565902354962445660884928194293799793847314664825068714616406120980588228564024122972969214384425772659235514733123751978916566014184564522221719722719007579023389450019784473252705882416593650575695648406410204098376615614880687705856331460530906424624144004706484595435010379392360663470952287471452641347415023284105660984795662610095625145410554346334598845327267587186227975002476831382017747979780623690992810975454627058955355237876316268063526867484225306320724088633275566701114299005570070717503949891845803631456403593575634783666302816134206715805965636207582052104615221645533902758246100938900846320648149918304328172350243423858674258123063402217894429937145565759159891185841661173715211009630809157180741299279187851353660624139307471760218154464596211679427194175036305542361104814060255865532953267366749302952006544989162411104618855048411232873244928006717449107934451233128469902948079437435305877067432569766488972302778401721876368485815108406144906886698489379241912737020324279675800645	7481269768870602105473835979472537904354768212970733864566434552930734265847947276295624782234882112692122515470534885359957662638937527128790256311722150323451131272717116722625279128001415138369740056658956663507852348415634910166949284044361067654921672246510374956029789778743250951796325927039984008303236799302743253218146969354767852776024311615053678842149704153167256068695483355761833626068182152304840435871729680560076737653372231495848918707940191114800721788897031355215916354770638955110176595343092698433955914680502245036107725249598246043090222183709312741835594183909578586412434398632240704335063069496472592192743445841952045407808982720129225647412923045795229103759277894976317182069659989470123669410264398966344227662254725922497356640755684685665719135476723387873506920765321563021028979059627661914124056320456147269841173815	-1,6,6,6,6,6,6,6,6,6,6	-7,6,6,6,6,6,6,6,6,6	ok
-1.327327	-12.672673	-51.016063	0.778651	full	27984698677308596124017530441246304523849191535290236283890278449314687110147390377149881855050615411866387295000601773006497905598340153666963309044736962738530820242265998450290299827289423138517087532976926701753539101035136028957558104556727772095842011039131725135960048276592941366637386861778768816059097331177833945024907665007098112610620360465917787371901668723684935666239593749928547639336943176643978855986581408689780620413027183058600534879399122045276482033709699431273153110984898165348814862069032363191129824266615527417613173839240735186925565261279062494739614201587522820256475852373336620815874490484974382849695328173994687084416658443459759781358750088755000069671845856565902354962445660884928194293799793847314664825068714616406120980588228564024122972969214384425772659235514733123751978916566014184564522221719722719007579023389450019784473252705882416593650575695648406410204098376615614880687705856331460530906424624144004706484595435010379392360663470952287471452641347415023284105660984795662610095625145410554346334598845327267587186227975002476831382017747979780623690992810975454627058955355237876316268063526867484225306320724088633275566701114299005570070717503949891845803631456403593575634783666302816134206715805965636207582052104615221645533902758246100938900846320648149918304328172350243423858674258123063402217894429937145565759159891185841661173715211009630809157180741299279187851353660624139307471760218154464596211679427194175036305542361104814060255865532953267366749302952006544989162411104618855048411232873244928006717449107934451233128469902948079437435305877067432569766488972302778401721876368485815108406144906886698489379241912737020324279675800645	7481269768870602105473835979472537904354768212970733864566434552930734265847947276295624782234882112692122515470534885359957662638937527128790256311722150323451131272717116722625279128001415138369740056658956663507852348415634910166949284044361067654921672246510374956029789778743250951796325927039984008303236799302743253218146969354767852776024311615053678842149704153167256068695483355761833626068182152304840435871729680560076737653372231495848918707940191114800721788897031355215916354770638955110176595343092698433955914680502245036107725249598246043090222183709312741835594183909578586412434398632240704335063069496472592192743445841952045407808982720129225647412923045795229103759277894976317182069659989470123669410264398966344227662254725922497356640755684685665719135476723387873506920765321563021028979059627661914124056320456147269841173815	-1,6,6,6,6,6,6,6,6,6,6	-7,6,6,6,6,6,6,6,6,6	ok
-1.323323	-12.672673	-41.909074	0.800814	continued:5	27984698677308596124017530441246304523849191535290236283890278449314687110147390377149881855050615411866387295000601773006497905598340153666963309044736962738530820242265998450290299827289423138517087532976926701753539101035136028957558104556727772095842011039131725135960048276592941366637386861778768816059097331177833945024907665007098112610620360465917787371901668723684935666239593749928547639336943176643978855986581408718719250664336723944919529987127225459192025639251555555281308255062456102993938191653597678834319049566710872941085825651569565495122688846433516309727379780235408168081709431010121980763301534062291566165829869567353080115654723293742541177670863953935008543349327504180655588491844848267476685633857910032336869817486549493368105614629909924223943071256829848747456442007008269793810964074238966299108452109334304011423607497817976130814594203379904855326605586426191031971978991246550018257706113591201012919354316211934099188989944269861719184562098687491289228561116483506072287363766915615371839170636612168391926500521296013330898054573667427870781679954748615258790207820592205752672420232996752193683270268731950263528417848246652676829333286174190096150180589077409516994130716956143299260223968733643175212997748192232995683802225704923637130485484702123165213940714637491456007947909170162911844622240797491574567054658600328922349049511472476657311907515173062495283569738822767296391032057873492096714165185594444098384681323380733577039752445537563411251826478299769291334299804310056603140509512490270534437223836701928486468191387668252435522125864292834114706486697356567370363140822169163440233078819938389314253676934553458949652955047123600004568833282587836	7481269768870602105473835979472537904354768212970733864566434552930734265847947276295624782234882112692122515470534885359957662638937527128790256311722150323451131272717116722625279128001415138369740056658956663507852348415634910166949284044361067654921672246510374956029789778743250951796325927039984008303236799302743253218146969354767852776024311615053678842149704153167256068695483355761833626068182152304840435871729680560076737653372231495848918707940191114800721788897031355215916354770638955110176595343092698433955914680502245036107725249598246043090222183709312741835594183909578586412434398632240704335063069496472592192743445841952045407808982720129225647412923045795229103759277894976317182069659989470123669410264398966344227662254725922497356640755684685665719135476723387873506920765321563021028979059627661914124056320456147269841173815	0,-7,6,6,6,6,6,6,6,6,6	-7,6,6,6,6,6,6,6,6,6	ok
-1.319319	-12.672673	-43.584623	0.798021	continued:5	27984698677308596124017530441246304523849191535290236283890278449314687110147390377149881855050615411866387295000601773006497905598340153666963309044736962738530820242265998450290299827289423138517087532976926701753539101035136028957558104556727772095842011039131725135960048276592941366637386861778768816059097331177833945024907665007098112610620360465917787371901668723684935666239593749928547639336943176643978855986581408689780620413027183058600534879399122045276482033709699431273153110984898165348814862069032363191129824266615527417613173839240735186925565261279062494739614201587522820256475852373336620815874490484974382849695328173994687084416658443459759781358750088755000069671845856565902354962445660884928194293799793847314664825068714616406120980588228564024122972969214384425772659235514733123751978916566014184564522221719722719007579015908180250913871147232046437121112671340880193439470233810181061949953440008384184235281642389261892014362079964475494032403000832014760342662385035692872960654529712078545887470346017409139207964858788668310923678375626586841921215068463935419556036071138728944252102925565459133065316267200940444241298017487289330532313482967329650802217941479638276792124789306699440408378714970819460372373089737783483902741616232885541089325309303031586030705726013959276055252458521780681913983068548731579481516144508422399252105355713399251111370179096667354963397112562856778990351556728308764271243630012990307098499215994335617981124903398809354502953584579553495645146820342209071897029421966855175268395757355212701988225033697783133854814858182955335432806898954259458531189138747695240840085954720506086959590690182412991771188811915130650881479803832515	7481269768870602105473835979472537904354768212970733864566434552930734265847947276295624782234882112692122515470534885359957662638937527128790256311722150323451131272717116722625279128001415138369740056658956663507852348415634910166949284044361067654921672246510374956029789778743250951796325927039984008303236799302743253218146969354767852776024311615053678842149704153167256068695483355761833626068182152304840435871729680560076737653372231495848918707940191114800721788897031355215916354770638955110176595343092698433955914680502245036107725249598246043090222183709312741835594183909578586412434398632240704335063069496472592192743445841952045407808982720129225647412923045795229103759277894976317182069659989470123669410264398966344227662254725922497356640755684685665719135476723387873506920765321563021028979059627661914124056320456147269841173815	0,6,6,6,6,6,6,6,6,6,6	-7,6,6,6,6,6,6,6,6,6	ok
-1.315315	-12.672673	-44.797757	0.795227	continued:5	27984698677308596124017530441246304523849191535290236283890278449314687110147390377149881855050615411866387295000601773006497905598340153666963309044736962738530820242265998450290299827289423138517087532976926701753539101035136028957558104556727772095842011039131725135960048276592941366637386861778768816059097331177833945024907665007098112610620360465917787371901668723684935666239593749928547639336943176643978855986581408689780620413027183058600534879399122045276482033709699431273153110984898165348814862069032363191129824266615527417613173839240735186925565261279062494739614201587522820256475852373336620815874490484974382849695328173994687084416658443459759781358750088755000069671845856565902354962445660884928194293799793847314664825068714616406120980588228564024122972969214384425772659235514733123751978916566014184564522221719722719007579015908180250913871147232046437121112671340880193439470233810181061949953440008384184235281642389261892014362079964475494032403000832014760342662385035692872960654529712078545887470346017409139207964858788668310923678375626586841921215068463935419556036071138728944252102925565459133065316267200940444241298017487289330532313482967329650802217941479638276792124789306699440408378714970819460372373089737783483902741616232885541089325309303031586030705726013959276055252458521780681913983068548731579481516144508422399252105355713399251111370179096667354963397112562856778990351556728308764271243630012990307098499215994335617981124903398809354502953584579553495645146820342209071897029421966855175268395757355212701988225033697783133854814858182955335432806898954259458531189138747695240840085954720506086959590690182412991771188811915130650881479803832515	7481269768870602105473835979472537904354768212970733864566434552930734265847947276295624782234882112692122515470534885359957662638937527128790256311722150323451131272717116722625279128001415138369740056658956663507852348415634910166949284044361067654921672246510374956029789778743250951796325927039984008303236799302743253218146969354767852776024311615053678842149704153167256068695483355761833626068182152304840435871729680560076737653372231495848918707940191114800721788897031355215916354770638955110176595343092698433955914680502245036107725249598246043090222183709312741835594183909578586412434398632240704335063069496472592192743445841952045407808982720129225647412923045795229103759277894976317182069659989470123669410264398966344227662254725922497356640755684685665719135476723387873506920765321563021028979059627661914124056320456147269841173815	0,6,6,6,6,6,6,6,6,6,6	-7,6,6,6,6,6,6,6,6,6	ok
-1.311311	-12.672673	-45.840370	0.792434	continued:5	27984698677308596124017530441246304523849191535290236283890278449314687110147390377149881855050615411866387295000601773006497905598340153666963309044736962738530820242265998450290299827289423138517087532976926701753539101035136028957558104556727772095842011039131725135960048276592941366637386861778768816059097331177833945024907665007098112610620360465917787371901668723684935666239593749928547639336943176643978855986581408689780620413027183058600534879399122045276482033709699431273153110984898165348814862069032363191129824266615527417613173839240735186925565261279062494739614201587522820256475852373336620815874490484974382849695328173994687084416658443459759781358750088755000069671845856565902354962445660884928194293799793847314664825068714616406120980588228564024122972969214384425772659235514733123751978916566014184564522221719722719007579015908180250913871147232046437121112671340880193439470233810181061949953440008384184235281642389261892014362079964475494032403000832014760342662385035692872960654529712078545887470346017409139207964858788668310923678375626586841921215068463935419556036071138728944252102925565459133065316267200940444241298017487289330532313482967329650802217941479638276792124789306699440408378714970819460372373089737783483902741616232885541089325309303031586030705726013959276055252458521780681913983068548731579481516144508422399252105355713399251111370179096667354963397112562856778990351556728308764271243630012990307098499215994335617981124903398809354502953584579553495645146820342209071897029421966855175268395757355212701988225033697783133854814858182955335432806898954259458531189138747695240840085954720506086959590690182412991771188811915130650881479803832515	7481269768870602105473835979472537904354768212970733864566434552930734265847947276295624782234882112692122515470534885359957662638937527128790256311722150323451131272717116722625279128001415138369740056658956663507852348415634910166949284044361067654921672246510374956029789778743250951796325927039984008303236799302743253218146969354767852776024311615053678842149704153167256068695483355761833626068182152304840435871729680560076737653372231495848918707940191114800721788897031355215916354770638955110176595343092698433955914680502245036107725249598246043090222183709312741835594183909578586412434398632240704335063069496472592192743445841952045407808982720129225647412923045795229103759277894976317182069659989470123669410264398966344227662254725922497356640755684685665719135476723387873506920765321563021028979059627661914124056320456147269841173815	0,6,6,6,6,6,6,6,6,6,6	-7,6,6,6,6,6,6,6,6,6	ok
-1.307307	-12.672673	-46.778725	0.789641	continued:5	27984698677308596124017530441246304523849191535290236283890278449314687110147390377149881855050615411866387295000601773006497905598340153666963309044736962738530820242265998450290299827289423138517087532976926701753539101035136028957558104556727772095842011039131725135960048276592941366637386861778768816059097331177833945024907665007098112610620360465917787371901668723684935666239593749928547639336943176643978855986581408689780620413027183058600534879399122045276482033709699431273153110984898165348814862069032363191129824266615527417613173839240735186925565261279062494739614201587522820256475852373336620815874490484974382849695328173994687084416658443459759781358750088755000069671845856565902354962445660884928194293799793847314664825068714616406120980588228564024122972969214384425772659235514733123751978916566014184564522221719722719007579015908180250913871147232046437121112671340880193439470233810181061949953440008384184235281642389261892014362079964475494032403000832014760342662385035692872960654529712078545887470346017409139207964858788668310923678375626586841921215068463935419556036071138728944252102925565459133065316267200940444241298017487289330532313482967329650802217941479638276792124789306699440408378714970819460372373089737783483902741616232885541089325309303031586030705726013959276055252458521780681913983068548731579481516144508422399252105355713399251111370179096667354963397112562856778990351556728308764271243630012990307098499215994335617981124903398809354502953584579553495645146820342209071897029421966855175268395757355212701988225033697783133854814858182955335432806898954259458531189138747695240840085954720506086959590690182412991771188811915130650881479803832515	7481269768870602105473835979472537904354768212970733864566434552930734265847947276295624782234882112692122515470534885359957662638937527128790256311722150323451131272717116722625279128001415138369740056658956663507852348415634910166949284044361067654921672246510374956029789778743250951796325927039984008303236799302743253218146969354767852776024311615053678842149704153167256068695483355761833626068182152304840435871729680560076737653372231495848918707940191114800721788897031355215916354770638955110176595343092698433955914680502245036107725249598246043090222183709312741835594183909578586412434398632240704335063069496472592192743445841952045407808982720129225647412923045795229103759277894976317182069659989470123669410264398966344227662254725922497356640755684685665719135476723387873506920765321563021028979059627661914124056320456147269841173815	0,6,6,6,6,6,6,6,6,6,6	-7,6,6,6,6,6,6,6,6,6	ok
-1.303303	-12.672673	-47.631764	0.786847	continued:5	27984698677308596124017530441246304523849191535290236283890278449314687110147390377149881855050615411866387295000601773006497905598340153666963309044736962738530820242265998450290299827289423138517087532976926701753539101035136028957558104556727772095842011039131725135960048276592941366637386861778768816059097331177833945024907665007098112610620360465917787371901668723684935666239593749928547639336943176643978855986581408689780620413027183058600534879399122045276482033709699431273153110984898165348814862069032363191129824266615527417613173839240735186925565261279062494739614201587522820256475852373336620815874490484974382849695328173994687084416658443459759781358750088755000069671845856565902354962445660884928194293799793847314664825068714616406120980588228564024122972969214384425772659235514733123751978916566014184564522221719722719007579023389450019784473252705882416593650575695648406410204098376615614880687705856331460530906424624144004706484595435010379392360663470952287471452641347415023284105660984795662610095625145410554346334598845327267587186227975002476831382017747979780623690992810975454627058955355237876316268063526867484225306320724088633275566701114299005570070717503949891845803631456403593575634783666302816134206715805965636207582052104615221645533902758246100938900846320648149918304328172350243423858674258123063402217894429937145565759159891185841661173715211009630809157180741299279187851353660624139307471760218154464596211679427194175036305542361104814060255865532953267366749302952006544989162411104618855048411232873244928006717449107934451233128469902948079437435305877067432569766488972302778401721876368485815108406144906886698489379241912737020324279675800645	7481269768870602105473835979472537904354768212970733864566434552930734265847947276295624782234882112692122515470534885359957662638937527128790256311722150323451131272717116722625279128001415138369740056658956663507852348415634910166949284044361067654921672246510374956029789778743250951796325927039984008303236799302743253218146969354767852776024311615053678842149704153167256068695483355761833626068182152304840435871729680560076737653372231495848918707940191114800721788897031355215916354770638955110176595343092698433955914680502245036107725249598246043090222183709312741835594183909578586412434398632240704335063069496472592192743445841952045407808982720129225647412923045795229103759277894976317182069659989470123669410264398966344227662254725922497356640755684685665719135476723387873506920765321563021028979059627661914124056320456147269841173815	-1,6,6,6,6,6,6,6,6,6,6	-7,6,6,6,6,6,6,6,6,6	ok
-1.299299	-12.672673	-48.404039	0.784054	continued:5	27984698677308596124017530441246304523849191535290236283890278449314687110147390377149881855050615411866387295000601773006497905598340153666963309044736962738530820242265998450290299827289423138517087532976926701753539101035136028957558104556727772095842011039131725135960048276592941366637386861778768816059097331177833945024907665007098112610620360465917787371901668723684935666239593749928547639336943176643978855986581408689780620413027183058600534879399122045276482033709699431273153110984898165348814862069032363191129824266615527417613173839240735186925565261279062494739614201587522820256475852373336620815874490484974382849695328173994687084416658443459759781358750088755000069671845856565902354962445660884928194293799793847314664825068714616406120980588228564024122972969214384425772659235514733123751978916566014184564522221719722719007579023389450019784473252705882416593650575695648406410204098376615614880687705856331460530906424624144004706484595435010379392360663470952287471452641347415023284105660984795662610095625145410554346334598845327267587186227975002476831382017747979780623690992810975454627058955355237876316268063526867484225306320724088633275566701114299005570070717503949891845803631456403593575634783666302816134206715805965636207582052104615221645533902758246100938900846320648149918304328172350243423858674258123063402217894429937145565759159891185841661173715211009630809157180741299279187851353660624139307471760218154464596211679427194175036305542361104814060255865532953267366749302952006544989162411104618855048411232873244928006717449107934451233128469902948079437435305877067432569766488972302778401721876368485815108406144906886698489379241912737020324279675800645	7481269768870602105473835979472537904354768212970733864566434552930734265847947276295624782234882112692122515470534885359957662638937527128790256311722150323451131272717116722625279128001415138369740056658956663507852348415634910166949284044361067654921672246510374956029789778743250951796325927039984008303236799302743253218146969354767852776024311615053678842149704153167256068695483355761833626068182152304840435871729680560076737653372231495848918707940191114800721788897031355215916354770638955110176595343092698433955914680502245036107725249598246043090222183709312741835594183909578586412434398632240704335063069496472592192743445841952045407808982720129225647412923045795229103759277894976317182069659989470123669410264398966344227662254725922497356640755684685665719135476723387873506920765321563021028979059627661914124056320456147269841173815	-1,6,6,6,6,6,6,6,6,6,6	-7,6,6,6,6,6,6,6,6,6	ok
-1.295295	-12.672673	-49.096469	0.781261	continued:5	27984698677308596124017530441246304523849191535290236283890278449314687110147390377149881855050615411866387295000601773006497905598340153666963309044736962738530820242265998450290299827289423138517087532976926701753539101035136028957558104556727772095842011039131725135960048276592941366637386861778768816059097331177833945024907665007098112610620360465917787371901668723684935666239593749928547639336943176643978855986581408689780620413027183058600534879399122045276482033709699431273153110984898165348814862069032363191129824266615527417613173839240735186925565261279062494739614201587522820256475852373336620815874490484974382849695328173994687084416658443459759781358750088755000069671845856565902354962445660884928194293799793847314664825068714616406120980588228564024122972969214384425772659235514733123751978916566014184564522221719722719007579023389450019784473252705882416593650575695648406410204098376615614880687705856331460530906424624144004706484595435010379392360663470952287471452641347415023284105660984795662610095625145410554346334598845327267587186227975002476831382017747979780623690992810975454627058955355237876316268063526867484225306320724088633275566701114299005570070717503949891845803631456403593575634783666302816134206715805965636207582052104615221645533902758246100938900846320648149918304328172350243423858674258123063402217894429937145565759159891185841661173715211009630809157180741299279187851353660624139307471760218154464596211679427194175036305542361104814060255865532953267366749302952006544989162411104618855048411232873244928006717449107934451233128469902948079437435305877067432569766488972302778401721876368485815108406144906886698489379241912737020324279675800645	7481269768870602105473835979472537904354768212970733864566434552930734265847947276295624782234882112692122515470534885359957662638937527128790256311722150323451131272717116722625279128001415138369740056658956663507852348415634910166949284044361067654921672246510374956029789778743250951796325927039984008303236799302743253218146969354767852776024311615053678842149704153167256068695483355761833626068182152304840435871729680560076737653372231495848918707940191114800721788897031355215916354770638955110176595343092698433955914680502245036107725249598246043090222183709312741835594183909578586412434398632240704335063069496472592192743445841952045407808982720129225647412923045795229103759277894976317182069659989470123669410264398966344227662254725922497356640755684685665719135476723387873506920765321563021028979059627661914124056320456147269841173815	-1,6,6,6,6,6,6,6,6,6,6	-7,6,6,6,6,6,6,6,6,6	ok
-1.291291	-12.672673	-49.710319	0.778467	continued:5	27984698677308596124017530441246304523849191535290236283890278449314687110147390377149881855050615411866387295000601773006497905598340153666963309044736962738530820242265998450290299827289423138517087532976926701753539101035136028957558104556727772095842011039131725135960048276592941366637386861778768816059097331177833945024907665007098112610620360465917787371901668723684935666239593749928547639336943176643978855986581408689780620413027183058600534879399122045276482033709699431273153110984898165348814862069032363191129824266615527417613173839240735186925565261279062494739614201587522820256475852373336620815874490484974382849695328173994687084416658443459759781358750088755000069671845856565902354962445660884928194293799793847314664825068714616406120980588228564024122972969214384425772659235514733123751978916566014184564522221719722719007579023389450019784473252705882416593650575695648406410204098376615614880687705856331460530906424624144004706484595435010379392360663470952287471452641347415023284105660984795662610095625145410554346334598845327267587186227975002476831382017747979780623690992810975454627058955355237876316268063526867484225306320724088633275566701114299005570070717503949891845803631456403593575634783666302816134206715805965636207582052104615221645533902758246100938900846320648149918304328172350243423858674258123063402217894429937145565759159891185841661173715211009630809157180741299279187851353660624139307471760218154464596211679427194175036305542361104814060255865532953267366749302952006544989162411104618855048411232873244928006717449107934451233128469902948079437435305877067432569766488972302778401721876368485815108406144906886698489379241912737020324279675800645	7481269768870602105473835979472537904354768212970733864566434552930734265847947276295624782234882112692122515470534885359957662638937527128790256311722150323451131272717116722625279128001415138369740056658956663507852348415634910166949284044361067654921672246510374956029789778743250951796325927039984008303236799302743253218146969354767852776024311615053678842149704153167256068695483355761833626068182152304840435871729680560076737653372231495848918707940191114800721788897031355215916354770638955110176595343092698433955914680502245036107725249598246043090222183709312741835594183909578586412434398632240704335063069496472592192743445841952045407808982720129225647412923045795229103759277894976317182069659989470123669410264398966344227662254725922497356640755684685665719135476723387873506920765321563021028979059627661914124056320456147269841173815	-1,6,6,6,6,6,6,6,6,6,6	-7,6,6,6,6,6,6,6,6,6	ok
-1.287287	-12.672673	-50.248369	0.775674	continued:5	27984698677308596124017530441246304523849191535290236283890278449314687110147390377149881855050615411866387295000601773006497905598340153666963309044736962738530820242265998450290299827289423138517087532976926701753539101035136028957558104556727772095842011039131725135960048276592941366637386861778768816059097331177833945024907665007098112610620360465917787371901668723684935666239593749928547639336943176643978855986581408689780620413027183058600534879399122045276482033709699431273153110984898165348814862069032363191129824266615527417613173839240735186925565261279062494739614201587522820256475852373336620815874490484974382849695328173994687084416658443459759781358750088755000069671845856565902354962445660884928194293799793847314664825068714616406120980588228564024122972969214384425772659235514733123751978916566014184564522221719722719007579023389450019784473252705882416593650575695648406410204098376615614880687705856331460530906424624144004706484595435010379392360663470952287471452641347415023284105660984795662610095625145410554346334598845327267587186227975002476831382017747979780623690992810975454627058955355237876316268063526867484225306320724088633275566701114299005570070717503949891845803631456403593575634783666302816134206715805965636207582052104615221645533902758246100938900846320648149918304328172350243423858674258123063402217894429937145565759159891185841661173715211009630809157180741299279187851353660624139307471760218154464596211679427194175036305542361104814060255865532953267366749302952006544989162411104618855048411232873244928006717449107934451233128469902948079437435305877067432569766488972302778401721876368485815108406144906886698489379241912737020324279675800645	7481269768870602105473835979472537904354768212970733864566434552930734265847947276295624782234882112692122515470534885359957662638937527128790256311722150323451131272717116722625279128001415138369740056658956663507852348415634910166949284044361067654921672246510374956029789778743250951796325927039984008303236799302743253218146969354767852776024311615053678842149704153167256068695483355761833626068182152304840435871729680560076737653372231495848918707940191114800721788897031355215916354770638955110176595343092698433955914680502245036107725249598246043090222183709312741835594183909578586412434398632240704335063069496472592192743445841952045407808982720129225647412923045795229103759277894976317182069659989470123669410264398966344227662254725922497356640755684685665719135476723387873506920765321563021028979059627661914124056320456147269841173815	-1,6,6,6,6,6,6,6,6,6,6	-7,6,6,6,6,6,6,6,6,6	ok
-1.283283	-12.672673	-50.714898	0.773008	continued:5	27984698677308596124017530441246304523849191535290236283890278449314687110147390377149881855050615411866387295000601773006497905598340153666963309044736962738530820242265998450290299827289423138517087532976926701753539101035136028957558104556727772095842011039131725135960048276592941366637386861778768816059097331177833945024907665007098112610620360465917787371901668723684935666239593749928547639336943176643978855986581408689780620413027183058600534879399122045276482033709699431273153110984898165348814862069032363191129824266615527417613173839240735186925565261279062494739614201587522820256475852373336620815874490484974382849695328173994687084416658443459759781358750088755000069671845856565902354962445660884928194293799793847314664825068714616406120980588228564024122972969214384425772659235514733123751978916566014184564522221719722719007579023389450019784473252705882416593650575695648406410204098376615614880687705856331460530906424624144004706484595435010379392360663470952287471452641347415023284105660984795662610095625145410554346334598845327267587186227975002476831382017747979780623690992810975454627058955355237876316268063526867484225306320724088633275566701114299005570070717503949891845803631456403593575634783666302816134206715805965636207582052104615221645533902758246100938900846320648149918304328172350243423858674258123063402217894429937145565759159891185841661173715211009630809157180741299279187851353660624139307471760218154464596211679427194175036305542361104814060255865532953267366749302952006544989162411104618855048411232873244928006717449107934451233128469902948079437435305877067432569766488972302778401721876368485815108406144906886698489379241912737020324279675800645	7481269768870602105473835979472537904354768212970733864566434552930734265847947276295624782234882112692122515470534885359957662638937527128790256311722150323451131272717116722625279128001415138369740056658956663507852348415634910166949284044361067654921672246510374956029789778743250951796325927039984008303236799302743253218146969354767852776024311615053678842149704153167256068695483355761833626068182152304840435871729680560076737653372231495848918707940191114800721788897031355215916354770638955110176595343092698433955914680502245036107725249598246043090222183709312741835594183909578586412434398632240704335063069496472592192743445841952045407808982720129225647412923045795229103759277894976317182069659989470123669410264398966344227662254725922497356640755684685665719135476723387873506920765321563021028979059627661914124056320456147269841173815	-1,6,6,6,6,6,6,6,6,6,6	-7,6,6,6,6,6,6,6,6,6	ok
-1.279279	-12.672673	-51.114378	0.770756	full	27984698677308596124017530441246304523849191535290236283890278449314687110147390377149881855050615411866387295000601773006497905598340153666963309044736962738530820242265998450290299827289423138517087532976926701753539101035136028957558104556727772095842011039131725135960048276592941366637386861778768816059097331177833945024907665007098112610620360465917787371901668723684935666239593749928547639336943176643978855986581408689780620413027183058600534879399122045276482033709699431273153110984898165348814862069032363191129824266615527417613173839240735186925565261279062494739614201587522820256475852373336620815874490484974382849695328173994687084416658443459759781358750088755000069671845856565902354962445660884928194293799793847314664825068714616406120980588228564024122972969214384425772659235514733123751978916566014184564522221719722719007579023389450019784473252705882416593650575695648406410204098376615614880687705856331460530906424624144004706484595435010379392360663470952287471452641347415023284105660984795662610095625145410554346334598845327267587186227975002476831382017747979780623690992810975454627058955355237876316268063526867484225306320724088633275566701114299005570070717503949891845803631456403593575634783666302816134206715805965636207582052104615221645533902758246100938900846320648149918304328172350243423858674258123063402217894429937145565759159891185841661173715211009630809157180741299279187851353660624139307471760218154464596211679427194175036305542361104814060255865532953267366749302952006544989162411104618855048411232873244928006717449107934451233128469902948079437435305877067432569766488972302778401721876368485815108406144906886698489379241912737020324279675800645	7481269768870602105473835979472537904354768212970733864566434552930734265847947276295624782234882112692122515470534885359957662638937527128790256311722150323451131272717116722625279128001415138369740056658956663507852348415634910166949284044361067654921672246510374956029789778743250951796325927039984008303236799302743253218146969354767852776024311615053678842149704153167256068695483355761833626068182152304840435871729680560076737653372231495848918707940191114800721788897031355215916354770638955110176595343092698433955914680502245036107725249598246043090222183709312741835594183909578586412434398632240704335063069496472592192743445841952045407808982720129225647412923045795229103759277894976317182069659989470123669410264398966344227662254725922497356640755684685665719135476723387873506920765321563021028979059627661914124056320456147269841173815	-1,6,6,6,6,6,6,6,6,6,6	-7,6,6,6,6,6,6,6,6,6	ok
-1.275275	-12.672673	-41.319271	0.795615	continued:5	27984698677308596124017530441246304523849191535290236283890278449314687110147390377149881855050615411866387295000601773006497905598340153666963309044736962738530820242265998450290299827289423138517087532976926701753539101035136028957558104556727772095842011039131725135960048276592941366637386861778768816059097331177833945024907665007098112610620360465917787371901668723684935666239593749928547639336943176643978855986581408718719250664336723944919529987127225459192025639251555555281308255062456102993938191653597678834319049566710872941085825651569565495122688846433516309727379780235408168081709431010121980763301534062291566165829869567353080115654723293742541177670863953935008543349327504180655588491844848267476685633857910032336869817486549493368105614629909924223943071256829848747456442007008269793810964074238966299108452109334304011423607497817976130814594203379904855326605586426191031971978991246550018257706113591201012919354316211934099188989944269861719184562098687491289228561116483506072287363766915615371839170636612168391926500521296013330898054573667427870781679954748615258790207820592205752672420232996752193683270268731950263528417848246652676829333286174190096150180589077409516994130716956143299260223968733643175212997748192232995683802225704923637130485484702123165213940714637491456007947909170162911844622240797491574567054658600328922349049511472476657311907515173062495283569738822767296391032057873492096714165185594444098384681323380733577039752445537563411251826478299769291334299804310056603140509512490270534437223836701928486468191387668252435522125864292834114706486697356567370363140822169163440233078819938389314253676934553458949652955047123600004568833282587836	7481269768870602105473835979472537904354768212970733864566434552930734265847947276295624782234882112692122515470534885359957662638937527128790256311722150323451131272717116722625279128001415138369740056658956663507852348415634910166949284044361067654921672246510374956029789778743250951796325927039984008303236799302743253218146969354767852776024311615053678842149704153167256068695483355761833626068182152304840435871729680560076737653372231495848918707940191114800721788897031355215916354770638955110176595343092698433955914680502245036107725249598246043090222183709312741835594183909578586412434398632240704335063069496472592192743445841952045407808982720129225647412923045795229103759277894976317182069659989470123669410264398966344227662254725922497356640755684685665719135476723387873506920765321563021028979059627661914124056320456147269841173815	0,-7,6,6,6,6,6,6,6,6,6	-7,6,6,6,6,6,6,6,6,6	ok
-1.271271	-12.672673	-43.313006	0.792822	continued:5	27984698677308596124017530441246304523849191535290236283890278449314687110147390377149881855050615411866387295000601773006497905598340153666963309044736962738530820242265998450290299827289423138517087532976926701753539101035136028957558104556727772095842011039131725135960048276592941366637386861778768816059097331177833945024907665007098112610620360465917787371901668723684935666239593749928547639336943176643978855986581408718719250664336723944919529987127225459192025639251555555281308255062456102993938191653597678834319049566710872941085825651569565495122688846433516309727379780235408168081709431010121980763301534062291566165829869567353080115654723293742541177670863953935008543349327504180655588491844848267476685633857910032336869817486549493368105614629909924223943071256829848747456442007008269793810964074238966299108452109334304011423607497817976130814594203379904855326605586426191031971978991246550018257706113591201012919354316211934099188989944269861719184562098687491289228561116483506072287363766915615371839170636612168391926500521296013330898054573667427870781679954748615258790207820592205752672420232996752193683270268731950263528417848246652676829333286174190096150180589077409516994130716956143299260223968733643175212997748192232995683802225704923637130485484702123165213940714637491456007947909170162911844622240797491574567054658600328922349049511472476657311907515173062495283569738822767296391032057873492096714165185594444098384681323380733577039752445537563411251826478299769291334299804310056603140509512490270534437223836701928486468191387668252435522125864292834114706486697356567370363140822169163440233078819938389314253676934553458949652955047123600004568833282587836	7481269768870602105473835979472537904354768212970733864566434552930734265847947276295624782234882112692122515470534885359957662638937527128790256311722150323451131272717116722625279128001415138369740056658956663507852348415634910166949284044361067654921672246510374956029789778743250951796325927039984008303236799302743253218146969354767852776024311615053678842149704153167256068695483355761833626068182152304840435871729680560076737653372231495848918707940191114800721788897031355215916354770638955110176595343092698433955914680502245036107725249598246043090222183709312741835594183909578586412434398632240704335063069496472592192743445841952045407808982720129225647412923045795229103759277894976317182069659989470123669410264398966344227662254725922497356640755684685665719135476723387873506920765321563021028979059627661914124056320456147269841173815	0,-7,6,6,6,6,6,6,6,6,6	-7,6,6,6,6,6,6,6,6,6	ok
-1.267267	-12.672673	-44.604577	0.790029	continued:5	27984698677308596124017530441246304523849191535290236283890278449314687110147390377149881855050615411866387295000601773006497905598340153666963309044736962738530820242265998450290299827289423138517087532976926701753539101035136028957558104556727772095842011039131725135960048276592941366637386861778768816059097331177833945024907665007098112610620360465917787371901668723684935666239593749928547639336943176643978855986581408718719250664336723944919529987127225459192025639251555555281308255062456102993938191653597678834319049566710872941085825651569565495122688846433516309727379780235408168081709431010121980763301534062291566165829869567353080115654723293742541177670863953935008543349327504180655588491844848267476685633857910032336869817486549493368105614629909924223943071256829848747456442007008269793810964074238966299108452109334304011423607497817976130814594203379904855326605586426191031971978991246550018257706113591201012919354316211934099188989944269861719184562098687491289228561116483506072287363766915615371839170636612168391926500521296013330898054573667427870781679954748615258790207820592205752672420232996752193683270268731950263528417848246652676829333286174190096150180589077409516994130716956143299260223968733643175212997748192232995683802225704923637130485484702123165213940714637491456007947909170162911844622240797491574567054658600328922349049511472476657311907515173062495283569738822767296391032057873492096714165185594444098384681323380733577039752445537563411251826478299769291334299804310056603140509512490270534437223836701928486468191387668252435522125864292834114706486697356567370363140822169163440233078819938389314253676934553458949652955047123600004568833282587836	7481269768870602105473835979472537904354768212970733864566434552930734265847947276295624782234882112692122515470534885359957662638937527128790256311722150323451131272717116722625279128001415138369740056658956663507852348415634910166949284044361067654921672246510374956029789778743250951796325927039984008303236799302743253218146969354767852776024311615053678842149704153167256068695483355761833626068182152304840435871729680560076737653372231495848918707940191114800721788897031355215916354770638955110176595343092698433955914680502245036107725249598246043090222183709312741835594183909578586412434398632240704335063069496472592192743445841952045407808982720129225647412923045795229103759277894976317182069659989470123669410264398966344227662254725922497356640755684685665719135476723387873506920765321563021028979059627661914124056320456147269841173815	0,-7,6,6,6,6,6,6,6,6,6	-7,6,6,6,6,6,6,6,6,6	ok
-1.263263	-12.672673	-45.686523	0.787235	continued:5	27984698677308596124017530441246304523849191535290236283890278449314687110147390377149881855050615411866387295000601773006497905598340153666963309044736962738530820242265998450290299827289423138517087532976926701753539101035136028957558104556727772095842011039131725135960048276592941366637386861778768816059097331177833945024907665007098112610620360465917787371901668723684935666239593749928547639336943176643978855986581408689780620413027183058600534879399122045276482033709699431273153110984898165348814862069032363191129824266615527417613173839240735186925565261279062494739614201587522820256475852373336620815874490484974382849695328173994687084416658443459759781358750088755000069671845856565902354962445660884928194293799793847314664825068714616406120980588228564024122972969214384425772659235514733123751978916566014184564522221719722719007579015908180250913871147232046437121112671340880193439470233810181061949953440008384184235281642389261892014362079964475494032403000832014760342662385035692872960654529712078545887470346017409139207964858788668310923678375626586841921215068463935419556036071138728944252102925565459133065316267200940444241298017487289330532313482967329650802217941479638276792124789306699440408378714970819460372373089737783483902741616232885541089325309303031586030705726013959276055252458521780681913983068548731579481516144508422399252105355713399251111370179096667354963397112562856778990351556728308764271243630012990307098499215994335617981124903398809354502953584579553495645146820342209071897029421966855175268395757355212701988225033697783133854814858182955335432806898954259458531189138747695240840085954720506086959590690182412991771188811915130650881479803832515	7481269768870602105473835979472537904354768212970733864566434552930734265847947276295624782234882112692122515470534885359957662638937527128790256311722150323451131272717116722625279128001415138369740056658956663507852348415634910166949284044361067654921672246510374956029789778743250951796325927039984008303236799302743253218146969354767852776024311615053678842149704153167256068695483355761833626068182152304840435871729680560076737653372231495848918707940191114800721788897031355215916354770638955110176595343092698433955914680502245036107725249598246043090222183709312741835594183909578586412434398632240704335063069496472592192743445841952045407808982720129225647412923045795229103759277894976317182069659989470123669410264398966344227662254725922497356640755684685665719135476723387873506920765321563021028979059627661914124056320456147269841173815	0,6,6,6,6,6,6,6,6,6,6	-7,6,6,6,6,6,6,6,6,6	ok
-1.259259	-12.672673	-46.649547	0.784442	continued:5	27984698677308596124017530441246304523849191535290236283890278449314687110147390377149881855050615411866387295000601773006497905598340153666963309044736962738530820242265998450290299827289423138517087532976926701753539101035136028957558104556727772095842011039131725135960048276592941366637386861778768816059097331177833945024907665007098112610620360465917787371901668723684935666239593749928547639336943176643978855986581408689780620413027183058600534879399122045276482033709699431273153110984898165348814862069032363191129824266615527417613173839240735186925565261279062494739614201587522820256475852373336620815874490484974382849695328173994687084416658443459759781358750088755000069671845856565902354962445660884928194293799793847314664825068714616406120980588228564024122972969214384425772659235514733123751978916566014184564522221719722719007579015908180250913871147232046437121112671340880193439470233810181061949953440008384184235281642389261892014362079964475494032403000832014760342662385035692872960654529712078545887470346017409139207964858788668310923678375626586841921215068463935419556036071138728944252102925565459133065316267200940444241298017487289330532313482967329650802217941479638276792124789306699440408378714970819460372373089737783483902741616232885541089325309303031586030705726013959276055252458521780681913983068548731579481516144508422399252105355713399251111370179096667354963397112562856778990351556728308764271243630012990307098499215994335617981124903398809354502953584579553495645146820342209071897029421966855175268395757355212701988225033697783133854814858182955335432806898954259458531189138747695240840085954720506086959590690182412991771188811915130650881479803832515	7481269768870602105473835979472537904354768212970733864566434552930734265847947276295624782234882112692122515470534885359957662638937527128790256311722150323451131272717116722625279128001415138369740056658956663507852348415634910166949284044361067654921672246510374956029789778743250951796325927039984008303236799302743253218146969354767852776024311615053678842149704153167256068695483355761833626068182152304840435871729680560076737653372231495848918707940191114800721788897031355215916354770638955110176595343092698433955914680502245036107725249598246043090222183709312741835594183909578586412434398632240704335063069496472592192743445841952045407808982720129225647412923045795229103759277894976317182069659989470123669410264398966344227662254725922497356640755684685665719135476723387873506920765321563021028979059627661914124056320456147269841173815	0,6,6,6,6,6,6,6,6,6,6	-7,6,6,6,6,6,6,6,6,6	ok
-1.255255	-12.672673	-47.519846	0.781649	continued:5	27984698677308596124017530441246304523849191535290236283890278449314687110147390377149881855050615411866387295000601773006497905598340153666963309044736962738530820242265998450290299827289423138517087532976926701753539101035136028957558104556727772095842011039131725135960048276592941366637386861778768816059097331177833945024907665007098112610620360465917787371901668723684935666239593749928547639336943176643978855986581408689780620413027183058600534879399122045276482033709699431273153110984898165348814862069032363191129824266615527417613173839240735186925565261279062494739614201587522820256475852373336620815874490484974382849695328173994687084416658443459759781358750088755000069671845856565902354962445660884928194293799793847314664825068714616406120980588228564024122972969214384425772659235514733123751978916566014184564522221719722719007579023389450019784473252705882416593650575695648406410204098376615614880687705856331460530906424624144004706484595435010379392360663470952287471452641347415023284105660984795662610095625145410554346334598845327267587186227975002476831382017747979780623690992810975454627058955355237876316268063526867484225306320724088633275566701114299005570070717503949891845803631456403593575634783666302816134206715805965636207582052104615221645533902758246100938900846320648149918304328172350243423858674258123063402217894429937145565759159891185841661173715211009630809157180741299279187851353660624139307471760218154464596211679427194175036305542361104814060255865532953267366749302952006544989162411104618855048411232873244928006717449107934451233128469902948079437435305877067432569766488972302778401721876368485815108406144906886698489379241912737020324279675800645	7481269768870602105473835979472537904354768212970733864566434552930734265847947276295624782234882112692122515470534885359957662638937527128790256311722150323451131272717116722625279128001415138369740056658956663507852348415634910166949284044361067654921672246510374956029789778743250951796325927039984008303236799302743253218146969354767852776024311615053678842149704153167256068695483355761833626068182152304840435871729680560076737653372231495848918707940191114800721788897031355215916354770638955110176595343092698433955914680502245036107725249598246043090222183709312741835594183909578586412434398632240704335063069496472592192743445841952045407808982720129225647412923045795229103759277894976317182069659989470123669410264398966344227662254725922497356640755684685665719135476723387873506920765321563021028979059627661914124056320456147269841173815	-1,6,6,6,6,6,6,6,6,6,6	-7,6,6,6,6,6,6,6,6,6	ok
-1.251251	-12.672673	-48.304897	0.778855	continued:5	27984698677308596124017530441246304523849191535290236283890278449314687110147390377149881855050615411866387295000601773006497905598340153666963309044736962738530820242265998450290299827289423138517087532976926701753539101035136028957558104556727772095842011039131725135960048276592941366637386861778768816059097331177833945024907665007098112610620360465917787371901668723684935666239593749928547639336943176643978855986581408689780620413027183058600534879399122045276482033709699431273153110984898165348814862069032363191129824266615527417613173839240735186925565261279062494739614201587522820256475852373336620815874490484974382849695328173994687084416658443459759781358750088755000069671845856565902354962445660884928194293799793847314664825068714616406120980588228564024122972969214384425772659235514733123751978916566014184564522221719722719007579023389450019784473252705882416593650575695648406410204098376615614880687705856331460530906424624144004706484595435010379392360663470952287471452641347415023284105660984795662610095625145410554346334598845327267587186227975002476831382017747979780623690992810975454627058955355237876316268063526867484225306320724088633275566701114299005570070717503949891845803631456403593575634783666302816134206715805965636207582052104615221645533902758246100938900846320648149918304328172350243423858674258123063402217894429937145565759159891185841661173715211009630809157180741299279187851353660624139307471760218154464596211679427194175036305542361104814060255865532953267366749302952006544989162411104618855048411232873244928006717449107934451233128469902948079437435305877067432569766488972302778401721876368485815108406144906886698489379241912737020324279675800645	7481269768870602105473835979472537904354768212970733864566434552930734265847947276295624782234882112692122515470534885359957662638937527128790256311722150323451131272717116722625279128001415138369740056658956663507852348415634910166949284044361067654921672246510374956029789778743250951796325927039984008303236799302743253218146969354767852776024311615053678842149704153167256068695483355761833626068182152304840435871729680560076737653372231495848918707940191114800721788897031355215916354770638955110176595343092698433955914680502245036107725249598246043090222183709312741835594183909578586412434398632240704335063069496472592192743445841952045407808982720129225647412923045795229103759277894976317182069659989470123669410264398966344227662254725922497356640755684685665719135476723387873506920765321563021028979059627661914124056320456147269841173815	-1,6,6,6,6,6,6,6,6,6,6	-7,6,6,6,6,6,6,6,6,6	ok
-1.247247	-12.672673	-49.007054	0.776062	continued:5	27984698677308596124017530441246304523849191535290236283890278449314687110147390377149881855050615411866387295000601773006497905598340153666963309044736962738530820242265998450290299827289423138517087532976926701753539101035136028957558104556727772095842011039131725135960048276592941366637386861778768816059097331177833945024907665007098112610620360465917787371901668723684935666239593749928547639336943176643978855986581408689780620413027183058600534879399122045276482033709699431273153110984898165348814862069032363191129824266615527417613173839240735186925565261279062494739614201587522820256475852373336620815874490484974382849695328173994687084416658443459759781358750088755000069671845856565902354962445660884928194293799793847314664825068714616406120980588228564024122972969214384425772659235514733123751978916566014184564522221719722719007579023389450019784473252705882416593650575695648406410204098376615614880687705856331460530906424624144004706484595435010379392360663470952287471452641347415023284105660984795662610095625145410554346334598845327267587186227975002476831382017747979780623690992810975454627058955355237876316268063526867484225306320724088633275566701114299005570070717503949891845803631456403593575634783666302816134206715805965636207582052104615221645533902758246100938900846320648149918304328172350243423858674258123063402217894429937145565759159891185841661173715211009630809157180741299279187851353660624139307471760218154464596211679427194175036305542361104814060255865532953267366749302952006544989162411104618855048411232873244928006717449107934451233128469902948079437435305877067432569766488972302778401721876368485815108406144906886698489379241912737020324279675800645	7481269768870602105473835979472537904354768212970733864566434552930734265847947276295624782234882112692122515470534885359957662638937527128790256311722150323451131272717116722625279128001415138369740056658956663507852348415634910166949284044361067654921672246510374956029789778743250951796325927039984008303236799302743253218146969354767852776024311615053678842149704153167256068695483355761833626068182152304840435871729680560076737653372231495848918707940191114800721788897031355215916354770638955110176595343092698433955914680502245036107725249598246043090222183709312741835594183909578586412434398632240704335063069496472592192743445841952045407808982720129225647412923045795229103759277894976317182069659989470123669410264398966344227662254725922497356640755684685665719135476723387873506920765321563021028979059627661914124056320456147269841173815	-1,6,6,6,6,6,6,6,6,6,6	-7,6,6,6,6,6,6,6,6,6	ok
-1.243243	-12.672673	-49.628431	0.773269	continued:5	27984698677308596124017530441246304523849191535290236283890278449314687110147390377149881855050615411866387295000601773006497905598340153666963309044736962738530820242265998450290299827289423138517087532976926701753539101035136028957558104556727772095842011039131725135960048276592941366637386861778768816059097331177833945024907665007098112610620360465917787371901668723684935666239593749928547639336943176643978855986581408689780620413027183058600534879399122045276482033709699431273153110984898165348814862069032363191129824266615527417613173839240735186925565261279062494739614201587522820256475852373336620815874490484974382849695328173994687084416658443459759781358750088755000069671845856565902354962445660884928194293799793847314664825068714616406120980588228564024122972969214384425772659235514733123751978916566014184564522221719722719007579023389450019784473252705882416593650575695648406410204098376615614880687705856331460530906424624144004706484595435010379392360663470952287471452641347415023284105660984795662610095625145410554346334598845327267587186227975002476831382017747979780623690992810975454627058955355237876316268063526867484225306320724088633275566701114299005570070717503949891845803631456403593575634783666302816134206715805965636207582052104615221645533902758246100938900846320648149918304328172350243423858674258123063402217894429937145565759159891185841661173715211009630809157180741299279187851353660624139307471760218154464596211679427194175036305542361104814060255865532953267366749302952006544989162411104618855048411232873244928006717449107934451233128469902948079437435305877067432569766488972302778401721876368485815108406144906886698489379241912737020324279675800645	7481269768870602105473835979472537904354768212970733864566434552930734265847947276295624782234882112692122515470534885359957662638937527128790256311722150323451131272717116722625279128001415138369740056658956663507852348415634910166949284044361067654921672246510374956029789778743250951796325927039984008303236799302743253218146969354767852776024311615053678842149704153167256068695483355761833626068182152304840435871729680560076737653372231495848918707940191114800721788897031355215916354770638955110176595343092698433955914680502245036107725249598246043090222183709312741835594183909578586412434398632240704335063069496472592192743445841952045407808982720129225647412923045795229103759277894976317182069659989470123669410264398966344227662254725922497356640755684685665719135476723387873506920765321563021028979059627661914124056320456147269841173815	-1,6,6,6,6,6,6,6,6,6,6	-7,6,6,6,6,6,6,6,6,6	ok
-1.239239	-12.672673	-50.172398	0.770475	continued:5	27984698677308596124017530441246304523849191535290236283890278449314687110147390377149881855050615411866387295000601773006497905598340153666963309044736962738530820242265998450290299827289423138517087532976926701753539101035136028957558104556727772095842011039131725135960048276592941366637386861778768816059097331177833945024907665007098112610620360465917787371901668723684935666239593749928547639336943176643978855986581408689780620413027183058600534879399122045276482033709699431273153110984898165348814862069032363191129824266615527417613173839240735186925565261279062494739614201587522820256475852373336620815874490484974382849695328173994687084416658443459759781358750088755000069671845856565902354962445660884928194293799793847314664825068714616406120980588228564024122972969214384425772659235514733123751978916566014184564522221719722719007579023389450019784473252705882416593650575695648406410204098376615614880687705856331460530906424624144004706484595435010379392360663470952287471452641347415023284105660984795662610095625145410554346334598845327267587186227975002476831382017747979780623690992810975454627058955355237876316268063526867484225306320724088633275566701114299005570070717503949891845803631456403593575634783666302816134206715805965636207582052104615221645533902758246100938900846320648149918304328172350243423858674258123063402217894429937145565759159891185841661173715211009630809157180741299279187851353660624139307471760218154464596211679427194175036305542361104814060255865532953267366749302952006544989162411104618855048411232873244928006717449107934451233128469902948079437435305877067432569766488972302778401721876368485815108406144906886698489379241912737020324279675800645	7481269768870602105473835979472537904354768212970733864566434552930734265847947276295624782234882112692122515470534885359957662638937527128790256311722150323451131272717116722625279128001415138369740056658956663507852348415634910166949284044361067654921672246510374956029789778743250951796325927039984008303236799302743253218146969354767852776024311615053678842149704153167256068695483355761833626068182152304840435871729680560076737653372231495848918707940191114800721788897031355215916354770638955110176595343092698433955914680502245036107725249598246043090222183709312741835594183909578586412434398632240704335063069496472592192743445841952045407808982720129225647412923045795229103759277894976317182069659989470123669410264398966344227662254725922497356640755684685665719135476723387873506920765321563021028979059627661914124056320456147269841173815	-1,6,6,6,6,6,6,6,6,6,6	-7,6,6,6,6,6,6,6,6,6	ok
-1.235235	-12.672673	-50.643689	0.767682	continued:5	27984698677308596124017530441246304523849191535290236283890278449314687110147390377149881855050615411866387295000601773006497905598340153666963309044736962738530820242265998450290299827289423138517087532976926701753539101035136028957558104556727772095842011039131725135960048276592941366637386861778768816059097331177833945024907665007098112610620360465917787371901668723684935666239593749928547639336943176643978855986581408689780620413027183058600534879399122045276482033709699431273153110984898165348814862069032363191129824266615527417613173839240735186925565261279062494739614201587522820256475852373336620815874490484974382849695328173994687084416658443459759781358750088755000069671845856565902354962445660884928194293799793847314664825068714616406120980588228564024122972969214384425772659235514733123751978916566014184564522221719722719007579023389450019784473252705882416593650575695648406410204098376615614880687705856331460530906424624144004706484595435010379392360663470952287471452641347415023284105660984795662610095625145410554346334598845327267587186227975002476831382017747979780623690992810975454627058955355237876316268063526867484225306320724088633275566701114299005570070717503949891845803631456403593575634783666302816134206715805965636207582052104615221645533902758246100938900846320648149918304328172350243423858674258123063402217894429937145565759159891185841661173715211009630809157180741299279187851353660624139307471760218154464596211679427194175036305542361104814060255865532953267366749302952006544989162411104618855048411232873244928006717449107934451233128469902948079437435305877067432569766488972302778401721876368485815108406144906886698489379241912737020324279675800645	7481269768870602105473835979472537904354768212970733864566434552930734265847947276295624782234882112692122515470534885359957662638937527128790256311722150323451131272717116722625279128001415138369740056658956663507852348415634910166949284044361067654921672246510374956029789778743250951796325927039984008303236799302743253218146969354767852776024311615053678842149704153167256068695483355761833626068182152304840435871729680560076737653372231495848918707940191114800721788897031355215916354770638955110176595343092698433955914680502245036107725249598246043090222183709312741835594183909578586412434398632240704335063069496472592192743445841952045407808982720129225647412923045795229103759277894976317182069659989470123669410264398966344227662254725922497356640755684685665719135476723387873506920765321563021028979059627661914124056320456147269841173815	-1,6,6,6,6,6,6,6,6,6,6	-7,6,6,6,6,6,6,6,6,6	ok
-1.231231	-12.672673	-51.048080	0.767180	full	27984698677308596124017530441246304523849191535290236283890278449314687110147390377149881855050615411866387295000601773006497905598340153666963309044736962738530820242265998450290299827289423138517087532976926701753539101035136028957558104556727772095842011039131725135960048276592941366637386861778768816059097331177833945024907665007098112610620360465917787371901668723684935666239593749928547639336943176643978855986581408689780620413027183058600534879399122045276482033709699431273153110984898165348814862069032363191129824266615527417613173839240735186925565261279062494739614201587522820256475852373336620815874490484974382849695328173994687084416658443459759781358750088755000069671845856565902354962445660884928194293799793847314664825068714616406120980588228564024122972969214384425772659235514733123751978916566014184564522221719722719007579023389450019784473252705882416593650575695648406410204098376615614880687705856331460530906424624144004706484595435010379392360663470952287471452641347415023284105660984795662610095625145410554346334598845327267587186227975002476831382017747979780623690992810975454627058955355237876316268063526867484225306320724088633275566701114299005570070717503949891845803631456403593575634783666302816134206715805965636207582052104615221645533902758246100938900846320648149918304328172350243423858674258123063402217894429937145565759159891185841661173715211009630809157180741299279187851353660624139307471760218154464596211679427194175036305542361104814060255865532953267366749302952006544989162411104618855048411232873244928006717449107934451233128469902948079437435305877067432569766488972302778401721876368485815108406144906886698489379241912737020324279675800645	7481269768870602105473835979472537904354768212970733864566434552930734265847947276295624782234882112692122515470534885359957662638937527128790256311722150323451131272717116722625279128001415138369740056658956663507852348415634910166949284044361067654921672246510374956029789778743250951796325927039984008303236799302743253218146969354767852776024311615053678842149704153167256068695483355761833626068182152304840435871729680560076737653372231495848918707940191114800721788897031355215916354770638955110176595343092698433955914680502245036107725249598246043090222183709312741835594183909578586412434398632240704335063069496472592192743445841952045407808982720129225647412923045795229103759277894976317182069659989470123669410264398966344227662254725922497356640755684685665719135476723387873506920765321563021028979059627661914124056320456147269841173815	-1,6,6,6,6,6,6,6,6,6,6	-7,6,6,6,6,6,6,6,6,6	ok
-1.227227	-12.672673	-41.885669	0.789143	continued:5	27984698677308596124017530441246304523849191535290236283890278449314687110147390377149881855050615411866387295000601773006497905598340153666963309044736962738530820242265998450290299827289423138517087532976926701753539101035136028957558104556727772095842011039131725135960048276592941366637386861778768816059097331177833945024907665007098112610620360465917787371901668723684935666239593749928547639336943176643978855986581408718719250664336723944919529987127225459192025639251555555281308255062456102993938191653597678834319049566710872941085825651569565495122688846433516309727379780235408168081709431010121980763301534062291566165829869567353080115654723293742541177670863953935008543349327504180655588491844848267476685633857910032336869817486549493368105614629909924223943071256829848747456442007008269793810964074238966299108452109334304011423607497817976130814594203379904855326605586426191031971978991246550018257706113591201012919354316211934099188989944269861719184562098687491289228561116483506072287363766915615371839170636612168391926500521296013330898054573667427870781679954748615258790207820592205752672420232996752193683270268731950263528417848246652676829333286174190096150180589077409516994130716956143299260223968733643175212997748192232995683802225704923637130485484702123165213940714637491456007947909170162911844622240797491574567054658600328922349049511472476657311907515173062495283569738822767296391032057873492096714165185594444098384681323380733577039752445537563411251826478299769291334299804310056603140509512490270534437223836701928486468191387668252435522125864292834114706486697356567370363140822169163440233078819938389314253676934553458949652955047123600004568833282587836	7481269768870602105473835979472537904354768212970733864566434552930734265847947276295624782234882112692122515470534885359957662638937527128790256311722150323451131272717116722625279128001415138369740056658956663507852348415634910166949284044361067654921672246510374956029789778743250951796325927039984008303236799302743253218146969354767852776024311615053678842149704153167256068695483355761833626068182152304840435871729680560076737653372231495848918707940191114800721788897031355215916354770638955110176595343092698433955914680502245036107725249598246043090222183709312741835594183909578586412434398632240704335063069496472592192743445841952045407808982720129225647412923045795229103759277894976317182069659989470123669410264398966344227662254725922497356640755684685665719135476723387873506920765321563021028979059627661914124056320456147269841173815	0,-7,6,6,6,6,6,6,6,6,6	-7,6,6,6,6,6,6,6,6,6	ok
-1.223223	-12.672673	-43.650535	0.786349	continued:5	27984698677308596124017530441246304523849191535290236283890278449314687110147390377149881855050615411866387295000601773006497905598340153666963309044736962738530820242265998450290299827289423138517087532976926701753539101035136028957558104556727772095842011039131725135960048276592941366637386861778768816059097331177833945024907665007098112610620360465917787371901668723684935666239593749928547639336943176643978855986581408718719250664336723944919529987127225459192025639251555555281308255062456102993938191653597678834319049566710872941085825651569565495122688846433516309727379780235408168081709431010121980763301534062291566165829869567353080115654723293742541177670863953935008543349327504180655588491844848267476685633857910032336869817486549493368105614629909924223943071256829848747456442007008269793810964074238966299108452109334304011423607497817976130814594203379904855326605586426191031971978991246550018257706113591201012919354316211934099188989944269861719184562098687491289228561116483506072287363766915615371839170636612168391926500521296013330898054573667427870781679954748615258790207820592205752672420232996752193683270268731950263528417848246652676829333286174190096150180589077409516994130716956143299260223968733643175212997748192232995683802225704923637130485484702123165213940714637491456007947909170162911844622240797491574567054658600328922349049511472476657311907515173062495283569738822767296391032057873492096714165185594444098384681323380733577039752445537563411251826478299769291334299804310056603140509512490270534437223836701928486468191387668252435522125864292834114706486697356567370363140822169163440233078819938389314253676934553458949652955047123600004568833282587836	7481269768870602105473835979472537904354768212970733864566434552930734265847947276295624782234882112692122515470534885359957662638937527128790256311722150323451131272717116722625279128001415138369740056658956663507852348415634910166949284044361067654921672246510374956029789778743250951796325927039984008303236799302743253218146969354767852776024311615053678842149704153167256068695483355761833626068182152304840435871729680560076737653372231495848918707940191114800721788897031355215916354770638955110176595343092698433955914680502245036107725249598246043090222183709312741835594183909578586412434398632240704335063069496472592192743445841952045407808982720129225647412923045795229103759277894976317182069659989470123669410264398966344227662254725922497356640755684685665719135476723387873506920765321563021028979059627661914124056320456147269841173815	0,-7,6,6,6,6,6,6,6,6,6	-7,6,6,6,6,6,6,6,6,6	ok
-1.219219	-12.672673	-44.902956	0.783556	continued:5	27984698677308596124017530441246304523849191535290236283890278449314687110147390377149881855050615411866387295000601773006497905598340153666963309044736962738530820242265998450290299827289423138517087532976926701753539101035136028957558104556727772095842011039131725135960048276592941366637386861778768816059097331177833945024907665007098112610620360465917787371901668723684935666239593749928547639336943176643978855986581408718719250664336723944919529987127225459192025639251555555281308255062456102993938191653597678834319049566710872941085825651569565495122688846433516309727379780235408168081709431010121980763301534062291566165829869567353080115654723293742541177670863953935008543349327504180655588491844848267476685633857910032336869817486549493368105614629909924223943071256829848747456442007008269793810964074238966299108452109334304011423607497817976130814594203379904855326605586426191031971978991246550018257706113591201012919354316211934099188989944269861719184562098687491289228561116483506072287363766915615371839170636612168391926500521296013330898054573667427870781679954748615258790207820592205752672420232996752193683270268731950263528417848246652676829333286174190096150180589077409516994130716956143299260223968733643175212997748192232995683802225704923637130485484702123165213940714637491456007947909170162911844622240797491574567054658600328922349049511472476657311907515173062495283569738822767296391032057873492096714165185594444098384681323380733577039752445537563411251826478299769291334299804310056603140509512490270534437223836701928486468191387668252435522125864292834114706486697356567370363140822169163440233078819938389314253676934553458949652955047123600004568833282587836	7481269768870602105473835979472537904354768212970733864566434552930734265847947276295624782234882112692122515470534885359957662638937527128790256311722150323451131272717116722625279128001415138369740056658956663507852348415634910166949284044361067654921672246510374956029789778743250951796325927039984008303236799302743253218146969354767852776024311615053678842149704153167256068695483355761833626068182152304840435871729680560076737653372231495848918707940191114800721788897031355215916354770638955110176595343092698433955914680502245036107725249598246043090222183709312741835594183909578586412434398632240704335063069496472592192743445841952045407808982720129225647412923045795229103759277894976317182069659989470123669410264398966344227662254725922497356640755684685665719135476723387873506920765321563021028979059627661914124056320456147269841173815	0,-7,6,6,6,6,6,6,6,6,6	-7,6,6,6,6,6,6,6,6,6	ok
-1.215215	-12.672673	-45.967009	0.780763	continued:5	27984698677308596124017530441246304523849191535290236283890278449314687110147390377149881855050615411866387295000601773006497905598340153666963309044736962738530820242265998450290299827289423138517087532976926701753539101035136028957558104556727772095842011039131725135960048276592941366637386861778768816059097331177833945024907665007098112610620360465917787371901668723684935666239593749928547639336943176643978855986581408718719250664336723944919529987127225459192025639251555555281308255062456102993938191653597678834319049566710872941085825651569565495122688846433516309727379780235408168081709431010121980763301534062291566165829869567353080115654723293742541177670863953935008543349327504180655588491844848267476685633857910032336869817486549493368105614629909924223943071256829848747456442007008269793810964074238966299108452109334304011423607497817976130814594203379904855326605586426191031971978991246550018257706113591201012919354316211934099188989944269861719184562098687491289228561116483506072287363766915615371839170636612168391926500521296013330898054573667427870781679954748615258790207820592205752672420232996752193683270268731950263528417848246652676829333286174190096150180589077409516994130716956143299260223968733643175212997748192232995683802225704923637130485484702123165213940714637491456007947909170162911844622240797491574567054658600328922349049511472476657311907515173062495283569738822767296391032057873492096714165185594444098384681323380733577039752445537563411251826478299769291334299804310056603140509512490270534437223836701928486468191387668252435522125864292834114706486697356567370363140822169163440233078819938389314253676934553458949652955047123600004568833282587836	7481269768870602105473835979472537904354768212970733864566434552930734265847947276295624782234882112692122515470534885359957662638937527128790256311722150323451131272717116722625279128001415138369740056658956663507852348415634910166949284044361067654921672246510374956029789778743250951796325927039984008303236799302743253218146969354767852776024311615053678842149704153167256068695483355761833626068182152304840435871729680560076737653372231495848918707940191114800721788897031355215916354770638955110176595343092698433955914680502245036107725249598246043090222183709312741835594183909578586412434398632240704335063069496472592192743445841952045407808982720129225647412923045795229103759277894976317182069659989470123669410264398966344227662254725922497356640755684685665719135476723387873506920765321563021028979059627661914124056320456147269841173815	0,-7,6,6,6,6,6,6,6,6,6	-7,6,6,6,6,6,6,6,6,6	ok
-1.211211	-12.672673	-46.914211	0.777969	continued:5	27984698677308596124017530441246304523849191535290236283890278449314687110147390377149881855050615411866387295000601773006497905598340153666963309044736962738530820242265998450290299827289423138517087532976926701753539101035136028957558104556727772095842011039131725135960048276592941366637386861778768816059097331177833945024907665007098112610620360465917787371901668723684935666239593749928547639336943176643978855986581408718719250664336723944919529987127225459192025639251555555281308255062456102993938191653597678834319049566710872941085825651569565495122688846433516309727379780235408168081709431010121980763301534062291566165829869567353080115654723293742541177670863953935008543349327504180655588491844848267476685633857910032336869817486549493368105614629909924223943071256829848747456442007008269793810964074238966299108452109334304011423607497817976130814594203379904855326605586426191031971978991246550018257706113591201012919354316211934099188989944269861719184562098687491289228561116483506072287363766915615371839170636612168391926500521296013330898054573667427870781679954748615258790207820592205752672420232996752193683270268731950263528417848246652676829333286174190096150180589077409516994130716956143299260223968733643175212997748192232995683802225704923637130485484702123165213940714637491456007947909170162911844622240797491574567054658600328922349049511472476657311907515173062495283569738822767296391032057873492096714165185594444098384681323380733577039752445537563411251826478299769291334299804310056603140509512490270534437223836701928486468191387668252435522125864292834114706486697356567370363140822169163440233078819938389314253676934553458949652955047123600004568833282587836	7481269768870602105473835979472537904354768212970733864566434552930734265847947276295624782234882112692122515470534885359957662638937527128790256311722150323451131272717116722625279128001415138369740056658956663507852348415634910166949284044361067654921672246510374956029789778743250951796325927039984008303236799302743253218146969354767852776024311615053678842149704153167256068695483355761833626068182152304840435871729680560076737653372231495848918707940191114800721788897031355215916354770638955110176595343092698433955914680502245036107725249598246043090222183709312741835594183909578586412434398632240704335063069496472592192743445841952045407808982720129225647412923045795229103759277894976317182069659989470123669410264398966344227662254725922497356640755684685665719135476723387873506920765321563021028979059627661914124056320456147269841173815	0,-7,6,6,6,6,6,6,6,6,6	-7,6,6,6,6,6,6,6,6,6	ok
-1.207207	-12.672673	-47.766028	0.775176	continued:5	27984698677308596124017530441246304523849191535290236283890278449314687110147390377149881855050615411866387295000601773006497905598340153666963309044736962738530820242265998450290299827289423138517087532976926701753539101035136028957558104556727772095842011039131725135960048276592941366637386861778768816059097331177833945024907665007098112610620360465917787371901668723684935666239593749928547639336943176643978855986581408718719250664336723944919529987127225459192025639251555555281308255062456102993938191653597678834319049566710872941085825651569565495122688846433516309727379780235408168081709431010121980763301534062291566165829869567353080115654723293742541177670863953935008543349327504180655588491844848267476685633857910032336869817486549493368105614629909924223943071256829848747456442007008269793810964074238966299108452109334304011423607505299245899685196308853740834799143490780959244942712855812984571188440379439148289214979098446816211881112459740396604544519761326428816357351372795228222610814898188332488561795915740169807064870261352672287561562426015843505691846904032659619857862742264452263047376262786530936934222065057877303512426151483451979572586504321159450918033365101721132047809559105847452427480037429126530974831374260415147988642661576653317690562222355495396709789633345431647122748630959059943199838157152262213522164835195672015047483467387157159556943622898312093529612829044951005703773893467676006292751598028842730625385658443803073512344638281009253203871886108752011463525451722979648935738616249548429413541018771588475938315057078516834488470091955088840628984053997323055048806541304640163620952326859154635816697963532518577314869171179920460716103123761652	7481269768870602105473835979472537904354768212970733864566434552930734265847947276295624782234882112692122515470534885359957662638937527128790256311722150323451131272717116722625279128001415138369740056658956663507852348415634910166949284044361067654921672246510374956029789778743250951796325927039984008303236799302743253218146969354767852776024311615053678842149704153167256068695483355761833626068182152304840435871729680560076737653372231495848918707940191114800721788897031355215916354770638955110176595343092698433955914680502245036107725249598246043090222183709312741835594183909578586412434398632240704335063069496472592192743445841952045407808982720129225647412923045795229103759277894976317182069659989470123669410264398966344227662254725922497356640755684685665719135476723387873506920765321563021028979059627661914124056320456147269841173815	-1,-7,6,6,6,6,6,6,6,6,6	-7,6,6,6,6,6,6,6,6,6	ok
-1.203203	-12.672673	-48.529282	0.772383	continued:5	27984698677308596124017530441246304523849191535290236283890278449314687110147390377149881855050615411866387295000601773006497905598340153666963309044736962738530820242265998450290299827289423138517087532976926701753539101035136028957558104556727772095842011039131725135960048276592941366637386861778768816059097331177833945024907665007098112610620360465917787371901668723684935666239593749928547639336943176643978855986581408689780620413027183058600534879399122045276482033709699431273153110984898165348814862069032363191129824266615527417613173839240735186925565261279062494739614201587522820256475852373336620815874490484974382849695328173994687084416658443459759781358750088755000069671845856565902354962445660884928194293799793847314664825068714616406120980588228564024122972969214384425772659235514733123751978916566014184564522221719722719007579023389450019784473252705882416593650575695648406410204098376615614880687705856331460530906424624144004706484595435010379392360663470952287471452641347415023284105660984795662610095625145410554346334598845327267587186227975002476831382017747979780623690992810975454627058955355237876316268063526867484225306320724088633275566701114299005570070717503949891845803631456403593575634783666302816134206715805965636207582052104615221645533902758246100938900846320648149918304328172350243423858674258123063402217894429937145565759159891185841661173715211009630809157180741299279187851353660624139307471760218154464596211679427194175036305542361104814060255865532953267366749302952006544989162411104618855048411232873244928006717449107934451233128469902948079437435305877067432569766488972302778401721876368485815108406144906886698489379241912737020324279675800645	7481269768870602105473835979472537904354768212970733864566434552930734265847947276295624782234882112692122515470534885359957662638937527128790256311722150323451131272717116722625279128001415138369740056658956663507852348415634910166949284044361067654921672246510374956029789778743250951796325927039984008303236799302743253218146969354767852776024311615053678842149704153167256068695483355761833626068182152304840435871729680560076737653372231495848918707940191114800721788897031355215916354770638955110176595343092698433955914680502245036107725249598246043090222183709312741835594183909578586412434398632240704335063069496472592192743445841952045407808982720129225647412923045795229103759277894976317182069659989470123669410264398966344227662254725922497356640755684685665719135476723387873506920765321563021028979059627661914124056320456147269841173815	-1,6,6,6,6,6,6,6,6,6,6	-7,6,6,6,6,6,6,6,6,6	ok
-1.199199	-12.672673	-49.207174	0.769589	continued:5	27984698677308596124017530441246304523849191535290236283890278449314687110147390377149881855050615411866387295000601773006497905598340153666963309044736962738530820242265998450290299827289423138517087532976926701753539101035136028957558104556727772095842011039131725135960048276592941366637386861778768816059097331177833945024907665007098112610620360465917787371901668723684935666239593749928547639336943176643978855986581408689780620413027183058600534879399122045276482033709699431273153110984898165348814862069032363191129824266615527417613173839240735186925565261279062494739614201587522820256475852373336620815874490484974382849695328173994687084416658443459759781358750088755000069671845856565902354962445660884928194293799793847314664825068714616406120980588228564024122972969214384425772659235514733123751978916566014184564522221719722719007579023389450019784473252705882416593650575695648406410204098376615614880687705856331460530906424624144004706484595435010379392360663470952287471452641347415023284105660984795662610095625145410554346334598845327267587186227975002476831382017747979780623690992810975454627058955355237876316268063526867484225306320724088633275566701114299005570070717503949891845803631456403593575634783666302816134206715805965636207582052104615221645533902758246100938900846320648149918304328172350243423858674258123063402217894429937145565759159891185841661173715211009630809157180741299279187851353660624139307471760218154464596211679427194175036305542361104814060255865532953267366749302952006544989162411104618855048411232873244928006717449107934451233128469902948079437435305877067432569766488972302778401721876368485815108406144906886698489379241912737020324279675800645	7481269768870602105473835979472537904354768212970733864566434552930734265847947276295624782234882112692122515470534885359957662638937527128790256311722150323451131272717116722625279128001415138369740056658956663507852348415634910166949284044361067654921672246510374956029789778743250951796325927039984008303236799302743253218146969354767852776024311615053678842149704153167256068695483355761833626068182152304840435871729680560076737653372231495848918707940191114800721788897031355215916354770638955110176595343092698433955914680502245036107725249598246043090222183709312741835594183909578586412434398632240704335063069496472592192743445841952045407808982720129225647412923045795229103759277894976317182069659989470123669410264398966344227662254725922497356640755684685665719135476723387873506920765321563021028979059627661914124056320456147269841173815	-1,6,6,6,6,6,6,6,6,6,6	-7,6,6,6,6,6,6,6,6,6	ok
-1.195195	-12.672673	-49.803096	0.766796	continued:5	27984698677308596124017530441246304523849191535290236283890278449314687110147390377149881855050615411866387295000601773006497905598340153666963309044736962738530820242265998450290299827289423138517087532976926701753539101035136028957558104556727772095842011039131725135960048276592941366637386861778768816059097331177833945024907665007098112610620360465917787371901668723684935666239593749928547639336943176643978855986581408689780620413027183058600534879399122045276482033709699431273153110984898165348814862069032363191129824266615527417613173839240735186925565261279062494739614201587522820256475852373336620815874490484974382849695328173994687084416658443459759781358750088755000069671845856565902354962445660884928194293799793847314664825068714616406120980588228564024122972969214384425772659235514733123751978916566014184564522221719722719007579023389450019784473252705882416593650575695648406410204098376615614880687705856331460530906424624144004706484595435010379392360663470952287471452641347415023284105660984795662610095625145410554346334598845327267587186227975002476831382017747979780623690992810975454627058955355237876316268063526867484225306320724088633275566701114299005570070717503949891845803631456403593575634783666302816134206715805965636207582052104615221645533902758246100938900846320648149918304328172350243423858674258123063402217894429937145565759159891185841661173715211009630809157180741299279187851353660624139307471760218154464596211679427194175036305542361104814060255865532953267366749302952006544989162411104618855048411232873244928006717449107934451233128469902948079437435305877067432569766488972302778401721876368485815108406144906886698489379241912737020324279675800645	7481269768870602105473835979472537904354768212970733864566434552930734265847947276295624782234882112692122515470534885359957662638937527128790256311722150323451131272717116722625279128001415138369740056658956663507852348415634910166949284044361067654921672246510374956029789778743250951796325927039984008303236799302743253218146969354767852776024311615053678842149704153167256068695483355761833626068182152304840435871729680560076737653372231495848918707940191114800721788897031355215916354770638955110176595343092698433955914680502245036107725249598246043090222183709312741835594183909578586412434398632240704335063069496472592192743445841952045407808982720129225647412923045795229103759277894976317182069659989470123669410264398966344227662254725922497356640755684685665719135476723387873506920765321563021028979059627661914124056320456147269841173815	-1,6,6,6,6,6,6,6,6,6,6	-7,6,6,6,6,6,6,6,6,6	ok
-1.191191	-12.672673	-50.321629	0.764002	continued:5	27984698677308596124017530441246304523849191535290236283890278449314687110147390377149881855050615411866387295000601773006497905598340153666963309044736962738530820242265998450290299827289423138517087532976926701753539101035136028957558104556727772095842011039131725135960048276592941366637386861778768816059097331177833945024907665007098112610620360465917787371901668723684935666239593749928547639336943176643978855986581408689780620413027183058600534879399122045276482033709699431273153110984898165348814862069032363191129824266615527417613173839240735186925565261279062494739614201587522820256475852373336620815874490484974382849695328173994687084416658443459759781358750088755000069671845856565902354962445660884928194293799793847314664825068714616406120980588228564024122972969214384425772659235514733123751978916566014184564522221719722719007579023389450019784473252705882416593650575695648406410204098376615614880687705856331460530906424624144004706484595435010379392360663470952287471452641347415023284105660984795662610095625145410554346334598845327267587186227975002476831382017747979780623690992810975454627058955355237876316268063526867484225306320724088633275566701114299005570070717503949891845803631456403593575634783666302816134206715805965636207582052104615221645533902758246100938900846320648149918304328172350243423858674258123063402217894429937145565759159891185841661173715211009630809157180741299279187851353660624139307471760218154464596211679427194175036305542361104814060255865532953267366749302952006544989162411104618855048411232873244928006717449107934451233128469902948079437435305877067432569766488972302778401721876368485815108406144906886698489379241912737020324279675800645	7481269768870602105473835979472537904354768212970733864566434552930734265847947276295624782234882112692122515470534885359957662638937527128790256311722150323451131272717116722625279128001415138369740056658956663507852348415634910166949284044361067654921672246510374956029789778743250951796325927039984008303236799302743253218146969354767852776024311615053678842149704153167256068695483355761833626068182152304840435871729680560076737653372231495848918707940191114800721788897031355215916354770638955110176595343092698433955914680502245036107725249598246043090222183709312741835594183909578586412434398632240704335063069496472592192743445841952045407808982720129225647412923045795229103759277894976317182069659989470123669410264398966344227662254725922497356640755684685665719135476723387873506920765321563021028979059627661914124056320456147269841173815	-1,6,6,6,6,6,6,6,6,6,6	-7,6,6,6,6,6,6,6,6,6	ok
-1.187187	-12.672673	-50.768478	0.761209	continued:5	27984698677308596124017530441246304523849191535290236283890278449314687110147390377149881855050615411866387295000601773006497905598340153666963309044736962738530820242265998450290299827289423138517087532976926701753539101035136028957558104556727772095842011039131725135960048276592941366637386861778768816059097331177833945024907665007098112610620360465917787371901668723684935666239593749928547639336943176643978855986581408689780620413027183058600534879399122045276482033709699431273153110984898165348814862069032363191129824266615527417613173839240735186925565261279062494739614201587522820256475852373336620815874490484974382849695328173994687084416658443459759781358750088755000069671845856565902354962445660884928194293799793847314664825068714616406120980588228564024122972969214384425772659235514733123751978916566014184564522221719722719007579023389450019784473252705882416593650575695648406410204098376615614880687705856331460530906424624144004706484595435010379392360663470952287471452641347415023284105660984795662610095625145410554346334598845327267587186227975002476831382017747979780623690992810975454627058955355237876316268063526867484225306320724088633275566701114299005570070717503949891845803631456403593575634783666302816134206715805965636207582052104615221645533902758246100938900846320648149918304328172350243423858674258123063402217894429937145565759159891185841661173715211009630809157180741299279187851353660624139307471760218154464596211679427194175036305542361104814060255865532953267366749302952006544989162411104618855048411232873244928006717449107934451233128469902948079437435305877067432569766488972302778401721876368485815108406144906886698489379241912737020324279675800645	7481269768870602105473835979472537904354768212970733864566434552930734265847947276295624782234882112692122515470534885359957662638937527128790256311722150323451131272717116722625279128001415138369740056658956663507852348415634910166949284044361067654921672246510374956029789778743250951796325927039984008303236799302743253218146969354767852776024311615053678842149704153167256068695483355761833626068182152304840435871729680560076737653372231495848918707940191114800721788897031355215916354770638955110176595343092698433955914680502245036107725249598246043090222183709312741835594183909578586412434398632240704335063069496472592192743445841952045407808982720129225647412923045795229103759277894976317182069659989470123669410264398966344227662254725922497356640755684685665719135476723387873506920765321563021028979059627661914124056320456147269841173815	-1,6,6,6,6,6,6,6,6,6,6	-7,6,6,6,6,6,6,6,6,6	ok
-1.183183	-12.672673	-51.150129	0.760708	full	27984698677308596124017530441246304523849191535290236283890278449314687110147390377149881855050615411866387295000601773006497905598340153666963309044736962738530820242265998450290299827289423138517087532976926701753539101035136028957558104556727772095842011039131725135960048276592941366637386861778768816059097331177833945024907665007098112610620360465917787371901668723684935666239593749928547639336943176643978855986581408689780620413027183058600534879399122045276482033709699431273153110984898165348814862069032363191129824266615527417613173839240735186925565261279062494739614201587522820256475852373336620815874490484974382849695328173994687084416658443459759781358750088755000069671845856565902354962445660884928194293799793847314664825068714616406120980588228564024122972969214384425772659235514733123751978916566014184564522221719722719007579023389450019784473252705882416593650575695648406410204098376615614880687705856331460530906424624144004706484595435010379392360663470952287471452641347415023284105660984795662610095625145410554346334598845327267587186227975002476831382017747979780623690992810975454627058955355237876316268063526867484225306320724088633275566701114299005570070717503949891845803631456403593575634783666302816134206715805965636207582052104615221645533902758246100938900846320648149918304328172350243423858674258123063402217894429937145565759159891185841661173715211009630809157180741299279187851353660624139307471760218154464596211679427194175036305542361104814060255865532953267366749302952006544989162411104618855048411232873244928006717449107934451233128469902948079437435305877067432569766488972302778401721876368485815108406144906886698489379241912737020324279675800645	7481269768870602105473835979472537904354768212970733864566434552930734265847947276295624782234882112692122515470534885359957662638937527128790256311722150323451131272717116722625279128001415138369740056658956663507852348415634910166949284044361067654921672246510374956029789778743250951796325927039984008303236799302743253218146969354767852776024311615053678842149704153167256068695483355761833626068182152304840435871729680560076737653372231495848918707940191114800721788897031355215916354770638955110176595343092698433955914680502245036107725249598246043090222183709312741835594183909578586412434398632240704335063069496472592192743445841952045407808982720129225647412923045795229103759277894976317182069659989470123669410264398966344227662254725922497356640755684685665719135476723387873506920765321563021028979059627661914124056320456147269841173815	-1,6,6,6,6,6,6,6,6,6,6	-7,6,6,6,6,6,6,6,6,6	ok
-1.179179	-12.672673	-42.374853	0.782545	continued:5	27984698677308596124017530441246304523849191535290236283890278449314687110147390377149881855050615411866387295000601773006497905598340153666963309044736962738530820242265998450290299827289423138517087532976926701753539101035136028957558104556727772095842011039131725135960048276592941366637386861778768816059097331177833945024907665007098112610620360465917787371901668723684935666239593749928547639336943176643978855986581408718719250664336723944919529987127225459192025639251555555281308255062456102993938191653597678834319049566710872941085825651569565495122688846433516309727379780235408168081709431010121980763301534062291566165829869567353080115654723293742541177670863953935008543349327504180655588491844848267476685633857910032336869817486549493368105614629909924223943071256829848747456442007008269793810964074238966299108452109334304011423607497817976130814594203379904855326605586426191031971978991246550018257706113591201012919354316211934099188989944269861719184562098687491289228561116483506072287363766915615371839170636612168391926500521296013330898054573667427870781679954748615258790207820592205752672420232996752193683270268731950263528417848246652676829333286174190096150180589077409516994130716956143299260223968733643175212997748192232995683802225704923637130485484702123165213940714637491456007947909170162911844622240797491574567054658600328922349049511472476657311907515173062495283569738822767296391032057873492096714165185594444098384681323380733577039752445537563411251826478299769291334299804310056603140509512490270534437223836701928486468191387668252435522125864292834114706486697356567370363140822169163440233078819938389314253676934553458949652955047123600004568833282587836	7481269768870602105473835979472537904354768212970733864566434552930734265847947276295624782234882112692122515470534885359957662638937527128790256311722150323451131272717116722625279128001415138369740056658956663507852348415634910166949284044361067654921672246510374956029789778743250951796325927039984008303236799302743253218146969354767852776024311615053678842149704153167256068695483355761833626068182152304840435871729680560076737653372231495848918707940191114800721788897031355215916354770638955110176595343092698433955914680502245036107725249598246043090222183709312741835594183909578586412434398632240704335063069496472592192743445841952045407808982720129225647412923045795229103759277894976317182069659989470123669410264398966344227662254725922497356640755684685665719135476723387873506920765321563021028979059627661914124056320456147269841173815	0,-7,6,6,6,6,6,6,6,6,6	-7,6,6,6,6,6,6,6,6,6	ok
-1.175175	-12.672673	-43.992669	0.779751	continued:5	27984698677308596124017530441246304523849191535290236283890278449314687110147390377149881855050615411866387295000601773006497905598340153666963309044736962738530820242265998450290299827289423138517087532976926701753539101035136028957558104556727772095842011039131725135960048276592941366637386861778768816059097331177833945024907665007098112610620360465917787371901668723684935666239593749928547639336943176643978855986581408718719250664336723944919529987127225459192025639251555555281308255062456102993938191653597678834319049566710872941085825651569565495122688846433516309727379780235408168081709431010121980763301534062291566165829869567353080115654723293742541177670863953935008543349327504180655588491844848267476685633857910032336869817486549493368105614629909924223943071256829848747456442007008269793810964074238966299108452109334304011423607497817976130814594203379904855326605586426191031971978991246550018257706113591201012919354316211934099188989944269861719184562098687491289228561116483506072287363766915615371839170636612168391926500521296013330898054573667427870781679954748615258790207820592205752672420232996752193683270268731950263528417848246652676829333286174190096150180589077409516994130716956143299260223968733643175212997748192232995683802225704923637130485484702123165213940714637491456007947909170162911844622240797491574567054658600328922349049511472476657311907515173062495283569738822767296391032057873492096714165185594444098384681323380733577039752445537563411251826478299769291334299804310056603140509512490270534437223836701928486468191387668252435522125864292834114706486697356567370363140822169163440233078819938389314253676934553458949652955047123600004568833282587836	7481269768870602105473835979472537904354768212970733864566434552930734265847947276295624782234882112692122515470534885359957662638937527128790256311722150323451131272717116722625279128001415138369740056658956663507852348415634910166949284044361067654921672246510374956029789778743250951796325927039984008303236799302743253218146969354767852776024311615053678842149704153167256068695483355761833626068182152304840435871729680560076737653372231495848918707940191114800721788897031355215916354770638955110176595343092698433955914680502245036107725249598246043090222183709312741835594183909578586412434398632240704335063069496472592192743445841952045407808982720129225647412923045795229103759277894976317182069659989470123669410264398966344227662254725922497356640755684685665719135476723387873506920765321563021028979059627661914124056320456147269841173815	0,-7,6,6,6,6,6,6,6,6,6	-7,6,6,6,6,6,6,6,6,6	ok
-1.171171	-12.672673	-45.210746	0.776958	continued:5	27984698677308596124017530441246304523849191535290236283890278449314687110147390377149881855050615411866387295000601773006497905598340153666963309044736962738530820242265998450290299827289423138517087532976926701753539101035136028957558104556727772095842011039131725135960048276592941366637386861778768816059097331177833945024907665007098112610620360465917787371901668723684935666239593749928547639336943176643978855986581408718719250664336723944919529987127225459192025639251555555281308255062456102993938191653597678834319049566710872941085825651569565495122688846433516309727379780235408168081709431010121980763301534062291566165829869567353080115654723293742541177670863953935008543349327504180655588491844848267476685633857910032336869817486549493368105614629909924223943071256829848747456442007008269793810964074238966299108452109334304011423607497817976130814594203379904855326605586426191031971978991246550018257706113591201012919354316211934099188989944269861719184562098687491289228561116483506072287363766915615371839170636612168391926500521296013330898054573667427870781679954748615258790207820592205752672420232996752193683270268731950263528417848246652676829333286174190096150180589077409516994130716956143299260223968733643175212997748192232995683802225704923637130485484702123165213940714637491456007947909170162911844622240797491574567054658600328922349049511472476657311907515173062495283569738822767296391032057873492096714165185594444098384681323380733577039752445537563411251826478299769291334299804310056603140509512490270534437223836701928486468191387668252435522125864292834114706486697356567370363140822169163440233078819938389314253676934553458949652955047123600004568833282587836	7481269768870602105473835979472537904354768212970733864566434552930734265847947276295624782234882112692122515470534885359957662638937527128790256311722150323451131272717116722625279128001415138369740056658956663507852348415634910166949284044361067654921672246510374956029789778743250951796325927039984008303236799302743253218146969354767852776024311615053678842149704153167256068695483355761833626068182152304840435871729680560076737653372231495848918707940191114800721788897031355215916354770638955110176595343092698433955914680502245036107725249598246043090222183709312741835594183909578586412434398632240704335063069496472592192743445841952045407808982720129225647412923045795229103759277894976317182069659989470123669410264398966344227662254725922497356640755684685665719135476723387873506920765321563021028979059627661914124056320456147269841173815	0,-7,6,6,6,6,6,6,6,6,6	-7,6,6,6,6,6,6,6,6,6	ok
-1.167167	-12.672673	-46.256222	0.774165	continued:5	27984698677308596124017530441246304523849191535290236283890278449314687110147390377149881855050615411866387295000601773006497905598340153666963309044736962738530820242265998450290299827289423138517087532976926701753539101035136028957558104556727772095842011039131725135960048276592941366637386861778768816059097331177833945024907665007098112610620360465917787371901668723684935666239593749928547639336943176643978855986581408718719250664336723944919529987127225459192025639251555555281308255062456102993938191653597678834319049566710872941085825651569565495122688846433516309727379780235408168081709431010121980763301534062291566165829869567353080115654723293742541177670863953935008543349327504180655588491844848267476685633857910032336869817486549493368105614629909924223943071256829848747456442007008269793810964074238966299108452109334304011423607497817976130814594203379904855326605586426191031971978991246550018257706113591201012919354316211934099188989944269861719184562098687491289228561116483506072287363766915615371839170636612168391926500521296013330898054573667427870781679954748615258790207820592205752672420232996752193683270268731950263528417848246652676829333286174190096150180589077409516994130716956143299260223968733643175212997748192232995683802225704923637130485484702123165213940714637491456007947909170162911844622240797491574567054658600328922349049511472476657311907515173062495283569738822767296391032057873492096714165185594444098384681323380733577039752445537563411251826478299769291334299804310056603140509512490270534437223836701928486468191387668252435522125864292834114706486697356567370363140822169163440233078819938389314253676934553458949652955047123600004568833282587836	7481269768870602105473835979472537904354768212970733864566434552930734265847947276295624782234882112692122515470534885359957662638937527128790256311722150323451131272717116722625279128001415138369740056658956663507852348415634910166949284044361067654921672246510374956029789778743250951796325927039984008303236799302743253218146969354767852776024311615053678842149704153167256068695483355761833626068182152304840435871729680560076737653372231495848918707940191114800721788897031355215916354770638955110176595343092698433955914680502245036107725249598246043090222183709312741835594183909578586412434398632240704335063069496472592192743445841952045407808982720129225647412923045795229103759277894976317182069659989470123669410264398966344227662254725922497356640755684685665719135476723387873506920765321563021028979059627661914124056320456147269841173815	0,-7,6,6,6,6,6,6,6,6,6	-7,6,6,6,6,6,6,6,6,6	ok
-1.163163	-12.672673	-47.185658	0.771371	continued:5	27984698677308596124017530441246304523849191535290236283890278449314687110147390377149881855050615411866387295000601773006497905598340153666963309044736962738530820242265998450290299827289423138517087532976926701753539101035136028957558104556727772095842011039131725135960048276592941366637386861778768816059097331177833945024907665007098112610620360465917787371901668723684935666239593749928547639336943176643978855986581408718719250664336723944919529987127225459192025639251555555281308255062456102993938191653597678834319049566710872941085825651569565495122688846433516309727379780235408168081709431010121980763301534062291566165829869567353080115654723293742541177670863953935008543349327504180655588491844848267476685633857910032336869817486549493368105614629909924223943071256829848747456442007008269793810964074238966299108452109334304011423607497817976130814594203379904855326605586426191031971978991246550018257706113591201012919354316211934099188989944269861719184562098687491289228561116483506072287363766915615371839170636612168391926500521296013330898054573667427870781679954748615258790207820592205752672420232996752193683270268731950263528417848246652676829333286174190096150180589077409516994130716956143299260223968733643175212997748192232995683802225704923637130485484702123165213940714637491456007947909170162911844622240797491574567054658600328922349049511472476657311907515173062495283569738822767296391032057873492096714165185594444098384681323380733577039752445537563411251826478299769291334299804310056603140509512490270534437223836701928486468191387668252435522125864292834114706486697356567370363140822169163440233078819938389314253676934553458949652955047123600004568833282587836	7481269768870602105473835979472537904354768212970733864566434552930734265847947276295624782234882112692122515470534885359957662638937527128790256311722150323451131272717116722625279128001415138369740056658956663507852348415634910166949284044361067654921672246510374956029789778743250951796325927039984008303236799302743253218146969354767852776024311615053678842149704153167256068695483355761833626068182152304840435871729680560076737653372231495848918707940191114800721788897031355215916354770638955110176595343092698433955914680502245036107725249598246043090222183709312741835594183909578586412434398632240704335063069496472592192743445841952045407808982720129225647412923045795229103759277894976317182069659989470123669410264398966344227662254725922497356640755684685665719135476723387873506920765321563021028979059627661914124056320456147269841173815	0,-7,6,6,6,6,6,6,6,6,6	-7,6,6,6,6,6,6,6,6,6	ok
-1.159159	-12.672673	-48.016902	0.768578	continued:5	27984698677308596124017530441246304523849191535290236283890278449314687110147390377149881855050615411866387295000601773006497905598340153666963309044736962738530820242265998450290299827289423138517087532976926701753539101035136028957558104556727772095842011039131725135960048276592941366637386861778768816059097331177833945024907665007098112610620360465917787371901668723684935666239593749928547639336943176643978855986581408718719250664336723944919529987127225459192025639251555555281308255062456102993938191653597678834319049566710872941085825651569565495122688846433516309727379780235408168081709431010121980763301534062291566165829869567353080115654723293742541177670863953935008543349327504180655588491844848267476685633857910032336869817486549493368105614629909924223943071256829848747456442007008269793810964074238966299108452109334304011423607505299245899685196308853740834799143490780959244942712855812984571188440379439148289214979098446816211881112459740396604544519761326428816357351372795228222610814898188332488561795915740169807064870261352672287561562426015843505691846904032659619857862742264452263047376262786530936934222065057877303512426151483451979572586504321159450918033365101721132047809559105847452427480037429126530974831374260415147988642661576653317690562222355495396709789633345431647122748630959059943199838157152262213522164835195672015047483467387157159556943622898312093529612829044951005703773893467676006292751598028842730625385658443803073512344638281009253203871886108752011463525451722979648935738616249548429413541018771588475938315057078516834488470091955088840628984053997323055048806541304640163620952326859154635816697963532518577314869171179920460716103123761652	7481269768870602105473835979472537904354768212970733864566434552930734265847947276295624782234882112692122515470534885359957662638937527128790256311722150323451131272717116722625279128001415138369740056658956663507852348415634910166949284044361067654921672246510374956029789778743250951796325927039984008303236799302743253218146969354767852776024311615053678842149704153167256068695483355761833626068182152304840435871729680560076737653372231495848918707940191114800721788897031355215916354770638955110176595343092698433955914680502245036107725249598246043090222183709312741835594183909578586412434398632240704335063069496472592192743445841952045407808982720129225647412923045795229103759277894976317182069659989470123669410264398966344227662254725922497356640755684685665719135476723387873506920765321563021028979059627661914124056320456147269841173815	-1,-7,6,6,6,6,6,6,6,6,6	-7,6,6,6,6,6,6,6,6,6	ok
-1.155155	-12.672673	-48.756597	0.765784	continued:5	27984698677308596124017530441246304523849191535290236283890278449314687110147390377149881855050615411866387295000601773006497905598340153666963309044736962738530820242265998450290299827289423138517087532976926701753539101035136028957558104556727772095842011039131725135960048276592941366637386861778768816059097331177833945024907665007098112610620360465917787371901668723684935666239593749928547639336943176643978855986581408718719250664336723944919529987127225459192025639251555555281308255062456102993938191653597678834319049566710872941085825651569565495122688846433516309727379780235408168081709431010121980763301534062291566165829869567353080115654723293742541177670863953935008543349327504180655588491844848267476685633857910032336869817486549493368105614629909924223943071256829848747456442007008269793810964074238966299108452109334304011423607505299245899685196308853740834799143490780959244942712855812984571188440379439148289214979098446816211881112459740396604544519761326428816357351372795228222610814898188332488561795915740169807064870261352672287561562426015843505691846904032659619857862742264452263047376262786530936934222065057877303512426151483451979572586504321159450918033365101721132047809559105847452427480037429126530974831374260415147988642661576653317690562222355495396709789633345431647122748630959059943199838157152262213522164835195672015047483467387157159556943622898312093529612829044951005703773893467676006292751598028842730625385658443803073512344638281009253203871886108752011463525451722979648935738616249548429413541018771588475938315057078516834488470091955088840628984053997323055048806541304640163620952326859154635816697963532518577314869171179920460716103123761652	7481269768870602105473835979472537904354768212970733864566434552930734265847947276295624782234882112692122515470534885359957662638937527128790256311722150323451131272717116722625279128001415138369740056658956663507852348415634910166949284044361067654921672246510374956029789778743250951796325927039984008303236799302743253218146969354767852776024311615053678842149704153167256068695483355761833626068182152304840435871729680560076737653372231495848918707940191114800721788897031355215916354770638955110176595343092698433955914680502245036107725249598246043090222183709312741835594183909578586412434398632240704335063069496472592192743445841952045407808982720129225647412923045795229103759277894976317182069659989470123669410264398966344227662254725922497356640755684685665719135476723387873506920765321563021028979059627661914124056320456147269841173815	-1,-7,6,6,6,6,6,6,6,6,6	-7,6,6,6,6,6,6,6,6,6	ok
-1.151151	-12.672673	-49.408966	0.762991	continued:5	27984698677308596124017530441246304523849191535290236283890278449314687110147390377149881855050615411866387295000601773006497905598340153666963309044736962738530820242265998450290299827289423138517087532976926701753539101035136028957558104556727772095842011039131725135960048276592941366637386861778768816059097331177833945024907665007098112610620360465917787371901668723684935666239593749928547639336943176643978855986581408718719250664336723944919529987127225459192025639251555555281308255062456102993938191653597678834319049566710872941085825651569565495122688846433516309727379780235408168081709431010121980763301534062291566165829869567353080115654723293742541177670863953935008543349327504180655588491844848267476685633857910032336869817486549493368105614629909924223943071256829848747456442007008269793810964074238966299108452109334304011423607505299245899685196308853740834799143490780959244942712855812984571188440379439148289214979098446816211881112459740396604544519761326428816357351372795228222610814898188332488561795915740169807064870261352672287561562426015843505691846904032659619857862742264452263047376262786530936934222065057877303512426151483451979572586504321159450918033365101721132047809559105847452427480037429126530974831374260415147988642661576653317690562222355495396709789633345431647122748630959059943199838157152262213522164835195672015047483467387157159556943622898312093529612829044951005703773893467676006292751598028842730625385658443803073512344638281009253203871886108752011463525451722979648935738616249548429413541018771588475938315057078516834488470091955088840628984053997323055048806541304640163620952326859154635816697963532518577314869171179920460716103123761652	7481269768870602105473835979472537904354768212970733864566434552930734265847947276295624782234882112692122515470534885359957662638937527128790256311722150323451131272717116722625279128001415138369740056658956663507852348415634910166949284044361067654921672246510374956029789778743250951796325927039984008303236799302743253218146969354767852776024311615053678842149704153167256068695483355761833626068182152304840435871729680560076737653372231495848918707940191114800721788897031355215916354770638955110176595343092698433955914680502245036107725249598246043090222183709312741835594183909578586412434398632240704335063069496472592192743445841952045407808982720129225647412923045795229103759277894976317182069659989470123669410264398966344227662254725922497356640755684685665719135476723387873506920765321563021028979059627661914124056320456147269841173815	-1,-7,6,6,6,6,6,6,6,6,6	-7,6,6,6,6,6,6,6,6,6	ok
-1.147147	-12.672673	-49.978682	0.760198	continued:5	27984698677308596124017530441246304523849191535290236283890278449314687110147390377149881855050615411866387295000601773006497905598340153666963309044736962738530820242265998450290299827289423138517087532976926701753539101035136028957558104556727772095842011039131725135960048276592941366637386861778768816059097331177833945024907665007098112610620360465917787371901668723684935666239593749928547639336943176643978855986581408689780620413027183058600534879399122045276482033709699431273153110984898165348814862069032363191129824266615527417613173839240735186925565261279062494739614201587522820256475852373336620815874490484974382849695328173994687084416658443459759781358750088755000069671845856565902354962445660884928194293799793847314664825068714616406120980588228564024122972969214384425772659235514733123751978916566014184564522221719722719007579023389450019784473252705882416593650575695648406410204098376615614880687705856331460530906424624144004706484595435010379392360663470952287471452641347415023284105660984795662610095625145410554346334598845327267587186227975002476831382017747979780623690992810975454627058955355237876316268063526867484225306320724088633275566701114299005570070717503949891845803631456403593575634783666302816134206715805965636207582052104615221645533902758246100938900846320648149918304328172350243423858674258123063402217894429937145565759159891185841661173715211009630809157180741299279187851353660624139307471760218154464596211679427194175036305542361104814060255865532953267366749302952006544989162411104618855048411232873244928006717449107934451233128469902948079437435305877067432569766488972302778401721876368485815108406144906886698489379241912737020324279675800645	7481269768870602105473835979472537904354768212970733864566434552930734265847947276295624782234882112692122515470534885359957662638937527128790256311722150323451131272717116722625279128001415138369740056658956663507852348415634910166949284044361067654921672246510374956029789778743250951796325927039984008303236799302743253218146969354767852776024311615053678842149704153167256068695483355761833626068182152304840435871729680560076737653372231495848918707940191114800721788897031355215916354770638955110176595343092698433955914680502245036107725249598246043090222183709312741835594183909578586412434398632240704335063069496472592192743445841952045407808982720129225647412923045795229103759277894976317182069659989470123669410264398966344227662254725922497356640755684685665719135476723387873506920765321563021028979059627661914124056320456147269841173815	-1,6,6,6,6,6,6,6,6,6,6	-7,6,6,6,6,6,6,6,6,6	ok
-1.143143	-12.672673	-50.471459	0.757404	continued:5	27984698677308596124017530441246304523849191535290236283890278449314687110147390377149881855050615411866387295000601773006497905598340153666963309044736962738530820242265998450290299827289423138517087532976926701753539101035136028957558104556727772095842011039131725135960048276592941366637386861778768816059097331177833945024907665007098112610620360465917787371901668723684935666239593749928547639336943176643978855986581408689780620413027183058600534879399122045276482033709699431273153110984898165348814862069032363191129824266615527417613173839240735186925565261279062494739614201587522820256475852373336620815874490484974382849695328173994687084416658443459759781358750088755000069671845856565902354962445660884928194293799793847314664825068714616406120980588228564024122972969214384425772659235514733123751978916566014184564522221719722719007579023389450019784473252705882416593650575695648406410204098376615614880687705856331460530906424624144004706484595435010379392360663470952287471452641347415023284105660984795662610095625145410554346334598845327267587186227975002476831382017747979780623690992810975454627058955355237876316268063526867484225306320724088633275566701114299005570070717503949891845803631456403593575634783666302816134206715805965636207582052104615221645533902758246100938900846320648149918304328172350243423858674258123063402217894429937145565759159891185841661173715211009630809157180741299279187851353660624139307471760218154464596211679427194175036305542361104814060255865532953267366749302952006544989162411104618855048411232873244928006717449107934451233128469902948079437435305877067432569766488972302778401721876368485815108406144906886698489379241912737020324279675800645	7481269768870602105473835979472537904354768212970733864566434552930734265847947276295624782234882112692122515470534885359957662638937527128790256311722150323451131272717116722625279128001415138369740056658956663507852348415634910166949284044361067654921672246510374956029789778743250951796325927039984008303236799302743253218146969354767852776024311615053678842149704153167256068695483355761833626068182152304840435871729680560076737653372231495848918707940191114800721788897031355215916354770638955110176595343092698433955914680502245036107725249598246043090222183709312741835594183909578586412434398632240704335063069496472592192743445841952045407808982720129225647412923045795229103759277894976317182069659989470123669410264398966344227662254725922497356640755684685665719135476723387873506920765321563021028979059627661914124056320456147269841173815	-1,6,6,6,6,6,6,6,6,6,6	-7,6,6,6,6,6,6,6,6,6	ok
-1.139139	-12.672673	-50.893873	0.754611	continued:5	27984698677308596124017530441246304523849191535290236283890278449314687110147390377149881855050615411866387295000601773006497905598340153666963309044736962738530820242265998450290299827289423138517087532976926701753539101035136028957558104556727772095842011039131725135960048276592941366637386861778768816059097331177833945024907665007098112610620360465917787371901668723684935666239593749928547639336943176643978855986581408689780620413027183058600534879399122045276482033709699431273153110984898165348814862069032363191129824266615527417613173839240735186925565261279062494739614201587522820256475852373336620815874490484974382849695328173994687084416658443459759781358750088755000069671845856565902354962445660884928194293799793847314664825068714616406120980588228564024122972969214384425772659235514733123751978916566014184564522221719722719007579023389450019784473252705882416593650575695648406410204098376615614880687705856331460530906424624144004706484595435010379392360663470952287471452641347415023284105660984795662610095625145410554346334598845327267587186227975002476831382017747979780623690992810975454627058955355237876316268063526867484225306320724088633275566701114299005570070717503949891845803631456403593575634783666302816134206715805965636207582052104615221645533902758246100938900846320648149918304328172350243423858674258123063402217894429937145565759159891185841661173715211009630809157180741299279187851353660624139307471760218154464596211679427194175036305542361104814060255865532953267366749302952006544989162411104618855048411232873244928006717449107934451233128469902948079437435305877067432569766488972302778401721876368485815108406144906886698489379241912737020324279675800645	7481269768870602105473835979472537904354768212970733864566434552930734265847947276295624782234882112692122515470534885359957662638937527128790256311722150323451131272717116722625279128001415138369740056658956663507852348415634910166949284044361067654921672246510374956029789778743250951796325927039984008303236799302743253218146969354767852776024311615053678842149704153167256068695483355761833626068182152304840435871729680560076737653372231495848918707940191114800721788897031355215916354770638955110176595343092698433955914680502245036107725249598246043090222183709312741835594183909578586412434398632240704335063069496472592192743445841952045407808982720129225647412923045795229103759277894976317182069659989470123669410264398966344227662254725922497356640755684685665719135476723387873506920765321563021028979059627661914124056320456147269841173815	-1,6,6,6,6,6,6,6,6,6,6	-7,6,6,6,6,6,6,6,6,6	ok
-1.135135	-12.672673	-51.253034	0.754110	full	27984698677308596124017530441246304523849191535290236283890278449314687110147390377149881855050615411866387295000601773006497905598340153666963309044736962738530820242265998450290299827289423138517087532976926701753539101035136028957558104556727772095842011039131725135960048276592941366637386861778768816059097331177833945024907665007098112610620360465917787371901668723684935666239593749928547639336943176643978855986581408689780620413027183058600534879399122045276482033709699431273153110984898165348814862069032363191129824266615527417613173839240735186925565261279062494739614201587522820256475852373336620815874490484974382849695328173994687084416658443459759781358750088755000069671845856565902354962445660884928194293799793847314664825068714616406120980588228564024122972969214384425772659235514733123751978916566014184564522221719722719007579023389450019784473252705882416593650575695648406410204098376615614880687705856331460530906424624144004706484595435010379392360663470952287471452641347415023284105660984795662610095625145410554346334598845327267587186227975002476831382017747979780623690992810975454627058955355237876316268063526867484225306320724088633275566701114299005570070717503949891845803631456403593575634783666302816134206715805965636207582052104615221645533902758246100938900846320648149918304328172350243423858674258123063402217894429937145565759159891185841661173715211009630809157180741299279187851353660624139307471760218154464596211679427194175036305542361104814060255865532953267366749302952006544989162411104618855048411232873244928006717449107934451233128469902948079437435305877067432569766488972302778401721876368485815108406144906886698489379241912737020324279675800645	7481269768870602105473835979472537904354768212970733864566434552930734265847947276295624782234882112692122515470534885359957662638937527128790256311722150323451131272717116722625279128001415138369740056658956663507852348415634910166949284044361067654921672246510374956029789778743250951796325927039984008303236799302743253218146969354767852776024311615053678842149704153167256068695483355761833626068182152304840435871729680560076737653372231495848918707940191114800721788897031355215916354770638955110176595343092698433955914680502245036107725249598246043090222183709312741835594183909578586412434398632240704335063069496472592192743445841952045407808982720129225647412923045795229103759277894976317182069659989470123669410264398966344227662254725922497356640755684685665719135476723387873506920765321563021028979059627661914124056320456147269841173815	-1,6,6,6,6,6,6,6,6,6,6	-7,6,6,6,6,6,6,6,6,6	ok
-1.131131	-12.672673	-41.859058	0.777199	continued:5	27984698677308596124017530441246304523849191535290236283890278449314687110147390377149881855050615411866387295000601773006497905598340153666963309044736962738530820242265998450290299827289423138517087532976926701753539101035136028957558104556727772095842011039131725135960048276592941366637386861778768816059097331177833945024907665007098112610620360465917787371901668723684935666239593749928547639336943176643978855986581408718719250664336723944919529987127225459192025639251555555281308255062456102993938191653597678834319049566710872941085825651569565495122688846433516309727379780235408168081709431010121980763301534062291566165829869567353080115654723293742541177670863953935008543349327504180655588491844848267476685633857910032336869817486549493368105614629909924223943071256829848747456442007008269793810964074238966299108452109334304011423607497817976130814594203379904855326605586426191031971978991246550018257706113591201012919354316211934099188989944269861719184562098687491289228561116483506072287363766915615371839170636612168391926500521296013330898054573667427870781679954748615258790207820592205752672420232996752193683270268731950263528417848246652676829333286174190096150180589077409516994130716956143299260223968733643175212997748192232995683802225704923637130485484702123165213940714637491456007947909170162911844622240797491574567054658600328922349049511472476657311907515173062495283569738822767296391032057873492096714165185594444098384681323380733577039752445537563411251826478299769291334299804310056603140509512490270534437223836701928486468191387668252435522125864292834114706486697356567370363140822169163440233078819938389314253676934553458949652955047123600004568833282587836	7481269768870602105473835979472537904354768212970733864566434552930734265847947276295624782234882112692122515470534885359957662638937527128790256311722150323451131272717116722625279128001415138369740056658956663507852348415634910166949284044361067654921672246510374956029789778743250951796325927039984008303236799302743253218146969354767852776024311615053678842149704153167256068695483355761833626068182152304840435871729680560076737653372231495848918707940191114800721788897031355215916354770638955110176595343092698433955914680502245036107725249598246043090222183709312741835594183909578586412434398632240704335063069496472592192743445841952045407808982720129225647412923045795229103759277894976317182069659989470123669410264398966344227662254725922497356640755684685665719135476723387873506920765321563021028979059627661914124056320456147269841173815	0,-7,6,6,6,6,6,6,6,6,6	-7,6,6,6,6,6,6,6,6,6	ok
-1.127127	-12.672673	-43.720466	0.774406	continued:5	27984698677308596124017530441246304523849191535290236283890278449314687110147390377149881855050615411866387295000601773006497905598340153666963309044736962738530820242265998450290299827289423138517087532976926701753539101035136028957558104556727772095842011039131725135960048276592941366637386861778768816059097331177833945024907665007098112610620360465917787371901668723684935666239593749928547639336943176643978855986581408718719250664336723944919529987127225459192025639251555555281308255062456102993938191653597678834319049566710872941085825651569565495122688846433516309727379780235408168081709431010121980763301534062291566165829869567353080115654723293742541177670863953935008543349327504180655588491844848267476685633857910032336869817486549493368105614629909924223943071256829848747456442007008269793810964074238966299108452109334304011423607497817976130814594203379904855326605586426191031971978991246550018257706113591201012919354316211934099188989944269861719184562098687491289228561116483506072287363766915615371839170636612168391926500521296013330898054573667427870781679954748615258790207820592205752672420232996752193683270268731950263528417848246652676829333286174190096150180589077409516994130716956143299260223968733643175212997748192232995683802225704923637130485484702123165213940714637491456007947909170162911844622240797491574567054658600328922349049511472476657311907515173062495283569738822767296391032057873492096714165185594444098384681323380733577039752445537563411251826478299769291334299804310056603140509512490270534437223836701928486468191387668252435522125864292834114706486697356567370363140822169163440233078819938389314253676934553458949652955047123600004568833282587836	7481269768870602105473835979472537904354768212970733864566434552930734265847947276295624782234882112692122515470534885359957662638937527128790256311722150323451131272717116722625279128001415138369740056658956663507852348415634910166949284044361067654921672246510374956029789778743250951796325927039984008303236799302743253218146969354767852776024311615053678842149704153167256068695483355761833626068182152304840435871729680560076737653372231495848918707940191114800721788897031355215916354770638955110176595343092698433955914680502245036107725249598246043090222183709312741835594183909578586412434398632240704335063069496472592192743445841952045407808982720129225647412923045795229103759277894976317182069659989470123669410264398966344227662254725922497356640755684685665719135476723387873506920765321563021028979059627661914124056320456147269841173815	0,-7,6,6,6,6,6,6,6,6,6	-7,6,6,6,6,6,6,6,6,6	ok
-1.123123	-12.672673	-45.014434	0.771612	continued:5	27984698677308596124017530441246304523849191535290236283890278449314687110147390377149881855050615411866387295000601773006497905598340153666963309044736962738530820242265998450290299827289423138517087532976926701753539101035136028957558104556727772095842011039131725135960048276592941366637386861778768816059097331177833945024907665007098112610620360465917787371901668723684935666239593749928547639336943176643978855986581408718719250664336723944919529987127225459192025639251555555281308255062456102993938191653597678834319049566710872941085825651569565495122688846433516309727379780235408168081709431010121980763301534062291566165829869567353080115654723293742541177670863953935008543349327504180655588491844848267476685633857910032336869817486549493368105614629909924223943071256829848747456442007008269793810964074238966299108452109334304011423607497817976130814594203379904855326605586426191031971978991246550018257706113591201012919354316211934099188989944269861719184562098687491289228561116483506072287363766915615371839170636612168391926500521296013330898054573667427870781679954748615258790207820592205752672420232996752193683270268731950263528417848246652676829333286174190096150180589077409516994130716956143299260223968733643175212997748192232995683802225704923637130485484702123165213940714637491456007947909170162911844622240797491574567054658600328922349049511472476657311907515173062495283569738822767296391032057873492096714165185594444098384681323380733577039752445537563411251826478299769291334299804310056603140509512490270534437223836701928486468191387668252435522125864292834114706486697356567370363140822169163440233078819938389314253676934553458949652955047123600004568833282587836	7481269768870602105473835979472537904354768212970733864566434552930734265847947276295624782234882112692122515470534885359957662638937527128790256311722150323451131272717116722625279128001415138369740056658956663507852348415634910166949284044361067654921672246510374956029789778743250951796325927039984008303236799302743253218146969354767852776024311615053678842149704153167256068695483355761833626068182152304840435871729680560076737653372231495848918707940191114800721788897031355215916354770638955110176595343092698433955914680502245036107725249598246043090222183709312741835594183909578586412434398632240704335063069496472592192743445841952045407808982720129225647412923045795229103759277894976317182069659989470123669410264398966344227662254725922497356640755684685665719135476723387873506920765321563021028979059627661914124056320456147269841173815	0,-7,6,6,6,6,6,6,6,6,6	-7,6,6,6,6,6,6,6,6,6	ok
-1.119119	-12.672673	-46.101199	0.768819	continued:5	27984698677308596124017530441246304523849191535290236283890278449314687110147390377149881855050615411866387295000601773006497905598340153666963309044736962738530820242265998450290299827289423138517087532976926701753539101035136028957558104556727772095842011039131725135960048276592941366637386861778768816059097331177833945024907665007098112610620360465917787371901668723684935666239593749928547639336943176643978855986581408718719250664336723944919529987127225459192025639251555555281308255062456102993938191653597678834319049566710872941085825651569565495122688846433516309727379780235408168081709431010121980763301534062291566165829869567353080115654723293742541177670863953935008543349327504180655588491844848267476685633857910032336869817486549493368105614629909924223943071256829848747456442007008269793810964074238966299108452109334304011423607497817976130814594203379904855326605586426191031971978991246550018257706113591201012919354316211934099188989944269861719184562098687491289228561116483506072287363766915615371839170636612168391926500521296013330898054573667427870781679954748615258790207820592205752672420232996752193683270268731950263528417848246652676829333286174190096150180589077409516994130716956143299260223968733643175212997748192232995683802225704923637130485484702123165213940714637491456007947909170162911844622240797491574567054658600328922349049511472476657311907515173062495283569738822767296391032057873492096714165185594444098384681323380733577039752445537563411251826478299769291334299804310056603140509512490270534437223836701928486468191387668252435522125864292834114706486697356567370363140822169163440233078819938389314253676934553458949652955047123600004568833282587836	7481269768870602105473835979472537904354768212970733864566434552930734265847947276295624782234882112692122515470534885359957662638937527128790256311722150323451131272717116722625279128001415138369740056658956663507852348415634910166949284044361067654921672246510374956029789778743250951796325927039984008303236799302743253218146969354767852776024311615053678842149704153167256068695483355761833626068182152304840435871729680560076737653372231495848918707940191114800721788897031355215916354770638955110176595343092698433955914680502245036107725249598246043090222183709312741835594183909578586412434398632240704335063069496472592192743445841952045407808982720129225647412923045795229103759277894976317182069659989470123669410264398966344227662254725922497356640755684685665719135476723387873506920765321563021028979059627661914124056320456147269841173815	0,-7,6,6,6,6,6,6,6,6,6	-7,6,6,6,6,6,6,6,6,6	ok
-1.115115	-12.672673	-47.058004	0.766026	continued:5	27984698677308596124017530441246304523849191535290236283890278449314687110147390377149881855050615411866387295000601773006497905598340153666963309044736962738530820242265998450290299827289423138517087532976926701753539101035136028957558104556727772095842011039131725135960048276592941366637386861778768816059097331177833945024907665007098112610620360465917787371901668723684935666239593749928547639336943176643978855986581408718719250664336723944919529987127225459192025639251555555281308255062456102993938191653597678834319049566710872941085825651569565495122688846433516309727379780235408168081709431010121980763301534062291566165829869567353080115654723293742541177670863953935008543349327504180655588491844848267476685633857910032336869817486549493368105614629909924223943071256829848747456442007008269793810964074238966299108452109334304011423607497817976130814594203379904855326605586426191031971978991246550018257706113591201012919354316211934099188989944269861719184562098687491289228561116483506072287363766915615371839170636612168391926500521296013330898054573667427870781679954748615258790207820592205752672420232996752193683270268731950263528417848246652676829333286174190096150180589077409516994130716956143299260223968733643175212997748192232995683802225704923637130485484702123165213940714637491456007947909170162911844622240797491574567054658600328922349049511472476657311907515173062495283569738822767296391032057873492096714165185594444098384681323380733577039752445537563411251826478299769291334299804310056603140509512490270534437223836701928486468191387668252435522125864292834114706486697356567370363140822169163440233078819938389314253676934553458949652955047123600004568833282587836	7481269768870602105473835979472537904354768212970733864566434552930734265847947276295624782234882112692122515470534885359957662638937527128790256311722150323451131272717116722625279128001415138369740056658956663507852348415634910166949284044361067654921672246510374956029789778743250951796325927039984008303236799302743253218146969354767852776024311615053678842149704153167256068695483355761833626068182152304840435871729680560076737653372231495848918707940191114800721788897031355215916354770638955110176595343092698433955914680502245036107725249598246043090222183709312741835594183909578586412434398632240704335063069496472592192743445841952045407808982720129225647412923045795229103759277894976317182069659989470123669410264398966344227662254725922497356640755684685665719135476723387873506920765321563021028979059627661914124056320456147269841173815	0,-7,6,6,6,6,6,6,6,6,6	-7,6,6,6,6,6,6,6,6,6	ok
-1.111111	-12.672673	-47.909124	0.763232	continued:5	27984698677308596124017530441246304523849191535290236283890278449314687110147390377149881855050615411866387295000601773006497905598340153666963309044736962738530820242265998450290299827289423138517087532976926701753539101035136028957558104556727772095842011039131725135960048276592941366637386861778768816059097331177833945024907665007098112610620360465917787371901668723684935666239593749928547639336943176643978855986581408718719250664336723944919529987127225459192025639251555555281308255062456102993938191653597678834319049566710872941085825651569565495122688846433516309727379780235408168081709431010121980763301534062291566165829869567353080115654723293742541177670863953935008543349327504180655588491844848267476685633857910032336869817486549493368105614629909924223943071256829848747456442007008269793810964074238966299108452109334304011423607505299245899685196308853740834799143490780959244942712855812984571188440379439148289214979098446816211881112459740396604544519761326428816357351372795228222610814898188332488561795915740169807064870261352672287561562426015843505691846904032659619857862742264452263047376262786530936934222065057877303512426151483451979572586504321159450918033365101721132047809559105847452427480037429126530974831374260415147988642661576653317690562222355495396709789633345431647122748630959059943199838157152262213522164835195672015047483467387157159556943622898312093529612829044951005703773893467676006292751598028842730625385658443803073512344638281009253203871886108752011463525451722979648935738616249548429413541018771588475938315057078516834488470091955088840628984053997323055048806541304640163620952326859154635816697963532518577314869171179920460716103123761652	7481269768870602105473835979472537904354768212970733864566434552930734265847947276295624782234882112692122515470534885359957662638937527128790256311722150323451131272717116722625279128001415138369740056658956663507852348415634910166949284044361067654921672246510374956029789778743250951796325927039984008303236799302743253218146969354767852776024311615053678842149704153167256068695483355761833626068182152304840435871729680560076737653372231495848918707940191114800721788897031355215916354770638955110176595343092698433955914680502245036107725249598246043090222183709312741835594183909578586412434398632240704335063069496472592192743445841952045407808982720129225647412923045795229103759277894976317182069659989470123669410264398966344227662254725922497356640755684685665719135476723387873506920765321563021028979059627661914124056320456147269841173815	-1,-7,6,6,6,6,6,6,6,6,6	-7,6,6,6,6,6,6,6,6,6	ok
-1.107107	-12.672673	-48.663855	0.760439	continued:5	27984698677308596124017530441246304523849191535290236283890278449314687110147390377149881855050615411866387295000601773006497905598340153666963309044736962738530820242265998450290299827289423138517087532976926701753539101035136028957558104556727772095842011039131725135960048276592941366637386861778768816059097331177833945024907665007098112610620360465917787371901668723684935666239593749928547639336943176643978855986581408718719250664336723944919529987127225459192025639251555555281308255062456102993938191653597678834319049566710872941085825651569565495122688846433516309727379780235408168081709431010121980763301534062291566165829869567353080115654723293742541177670863953935008543349327504180655588491844848267476685633857910032336869817486549493368105614629909924223943071256829848747456442007008269793810964074238966299108452109334304011423607505299245899685196308853740834799143490780959244942712855812984571188440379439148289214979098446816211881112459740396604544519761326428816357351372795228222610814898188332488561795915740169807064870261352672287561562426015843505691846904032659619857862742264452263047376262786530936934222065057877303512426151483451979572586504321159450918033365101721132047809559105847452427480037429126530974831374260415147988642661576653317690562222355495396709789633345431647122748630959059943199838157152262213522164835195672015047483467387157159556943622898312093529612829044951005703773893467676006292751598028842730625385658443803073512344638281009253203871886108752011463525451722979648935738616249548429413541018771588475938315057078516834488470091955088840628984053997323055048806541304640163620952326859154635816697963532518577314869171179920460716103123761652	7481269768870602105473835979472537904354768212970733864566434552930734265847947276295624782234882112692122515470534885359957662638937527128790256311722150323451131272717116722625279128001415138369740056658956663507852348415634910166949284044361067654921672246510374956029789778743250951796325927039984008303236799302743253218146969354767852776024311615053678842149704153167256068695483355761833626068182152304840435871729680560076737653372231495848918707940191114800721788897031355215916354770638955110176595343092698433955914680502245036107725249598246043090222183709312741835594183909578586412434398632240704335063069496472592192743445841952045407808982720129225647412923045795229103759277894976317182069659989470123669410264398966344227662254725922497356640755684685665719135476723387873506920765321563021028979059627661914124056320456147269841173815	-1,-7,6,6,6,6,6,6,6,6,6	-7,6,6,6,6,6,6,6,6,6	ok
-1.103103	-12.672673	-49.327789	0.757646	continued:5	27984698677308596124017530441246304523849191535290236283890278449314687110147390377149881855050615411866387295000601773006497905598340153666963309044736962738530820242265998450290299827289423138517087532976926701753539101035136028957558104556727772095842011039131725135960048276592941366637386861778768816059097331177833945024907665007098112610620360465917787371901668723684935666239593749928547639336943176643978855986581408718719250664336723944919529987127225459192025639251555555281308255062456102993938191653597678834319049566710872941085825651569565495122688846433516309727379780235408168081709431010121980763301534062291566165829869567353080115654723293742541177670863953935008543349327504180655588491844848267476685633857910032336869817486549493368105614629909924223943071256829848747456442007008269793810964074238966299108452109334304011423607505299245899685196308853740834799143490780959244942712855812984571188440379439148289214979098446816211881112459740396604544519761326428816357351372795228222610814898188332488561795915740169807064870261352672287561562426015843505691846904032659619857862742264452263047376262786530936934222065057877303512426151483451979572586504321159450918033365101721132047809559105847452427480037429126530974831374260415147988642661576653317690562222355495396709789633345431647122748630959059943199838157152262213522164835195672015047483467387157159556943622898312093529612829044951005703773893467676006292751598028842730625385658443803073512344638281009253203871886108752011463525451722979648935738616249548429413541018771588475938315057078516834488470091955088840628984053997323055048806541304640163620952326859154635816697963532518577314869171179920460716103123761652	7481269768870602105473835979472537904354768212970733864566434552930734265847947276295624782234882112692122515470534885359957662638937527128790256311722150323451131272717116722625279128001415138369740056658956663507852348415634910166949284044361067654921672246510374956029789778743250951796325927039984008303236799302743253218146969354767852776024311615053678842149704153167256068695483355761833626068182152304840435871729680560076737653372231495848918707940191114800721788897031355215916354770638955110176595343092698433955914680502245036107725249598246043090222183709312741835594183909578586412434398632240704335063069496472592192743445841952045407808982720129225647412923045795229103759277894976317182069659989470123669410264398966344227662254725922497356640755684685665719135476723387873506920765321563021028979059627661914124056320456147269841173815	-1,-7,6,6,6,6,6,6,6,6,6	-7,6,6,6,6,6,6,6,6,6	ok
-1.099099	-12.672673	-49.906464	0.754852	continued:5	27984698677308596124017530441246304523849191535290236283890278449314687110147390377149881855050615411866387295000601773006497905598340153666963309044736962738530820242265998450290299827289423138517087532976926701753539101035136028957558104556727772095842011039131725135960048276592941366637386861778768816059097331177833945024907665007098112610620360465917787371901668723684935666239593749928547639336943176643978855986581408718719250664336723944919529987127225459192025639251555555281308255062456102993938191653597678834319049566710872941085825651569565495122688846433516309727379780235408168081709431010121980763301534062291566165829869567353080115654723293742541177670863953935008543349327504180655588491844848267476685633857910032336869817486549493368105614629909924223943071256829848747456442007008269793810964074238966299108452109334304011423607505299245899685196308853740834799143490780959244942712855812984571188440379439148289214979098446816211881112459740396604544519761326428816357351372795228222610814898188332488561795915740169807064870261352672287561562426015843505691846904032659619857862742264452263047376262786530936934222065057877303512426151483451979572586504321159450918033365101721132047809559105847452427480037429126530974831374260415147988642661576653317690562222355495396709789633345431647122748630959059943199838157152262213522164835195672015047483467387157159556943622898312093529612829044951005703773893467676006292751598028842730625385658443803073512344638281009253203871886108752011463525451722979648935738616249548429413541018771588475938315057078516834488470091955088840628984053997323055048806541304640163620952326859154635816697963532518577314869171179920460716103123761652	7481269768870602105473835979472537904354768212970733864566434552930734265847947276295624782234882112692122515470534885359957662638937527128790256311722150323451131272717116722625279128001415138369740056658956663507852348415634910166949284044361067654921672246510374956029789778743250951796325927039984008303236799302743253218146969354767852776024311615053678842149704153167256068695483355761833626068182152304840435871729680560076737653372231495848918707940191114800721788897031355215916354770638955110176595343092698433955914680502245036107725249598246043090222183709312741835594183909578586412434398632240704335063069496472592192743445841952045407808982720129225647412923045795229103759277894976317182069659989470123669410264398966344227662254725922497356640755684685665719135476723387873506920765321563021028979059627661914124056320456147269841173815	-1,-7,6,6,6,6,6,6,6,6,6	-7,6,6,6,6,6,6,6,6,6	ok
-1.095095	-12.672673	-50.406234	0.752059	continued:5	27984698677308596124017530441246304523849191535290236283890278449314687110147390377149881855050615411866387295000601773006497905598340153666963309044736962738530820242265998450290299827289423138517087532976926701753539101035136028957558104556727772095842011039131725135960048276592941366637386861778768816059097331177833945024907665007098112610620360465917787371901668723684935666239593749928547639336943176643978855986581408689780620413027183058600534879399122045276482033709699431273153110984898165348814862069032363191129824266615527417613173839240735186925565261279062494739614201587522820256475852373336620815874490484974382849695328173994687084416658443459759781358750088755000069671845856565902354962445660884928194293799793847314664825068714616406120980588228564024122972969214384425772659235514733123751978916566014184564522221719722719007579023389450019784473252705882416593650575695648406410204098376615614880687705856331460530906424624144004706484595435010379392360663470952287471452641347415023284105660984795662610095625145410554346334598845327267587186227975002476831382017747979780623690992810975454627058955355237876316268063526867484225306320724088633275566701114299005570070717503949891845803631456403593575634783666302816134206715805965636207582052104615221645533902758246100938900846320648149918304328172350243423858674258123063402217894429937145565759159891185841661173715211009630809157180741299279187851353660624139307471760218154464596211679427194175036305542361104814060255865532953267366749302952006544989162411104618855048411232873244928006717449107934451233128469902948079437435305877067432569766488972302778401721876368485815108406144906886698489379241912737020324279675800645	973527659651047320208168790799014652542562486244183519578515635440950889457657401445276838120655205051505879869471961370142525445393260225678744537489565956197419942434910226347153378953489968543725177637482472199448316083881274223692721333970691915198101352132420136030326072727119409957874103092229015724103209827628934261449291585604390306589377283667166395438197191857796490559523350852292139816145384956928086508398382962839017358855640302642819057263353389506116739649137649899699225039863832138158428731027700736281755251438124689922966879983443877372337624175784102692274600492960285313365793456208347883724550134833854300375061332189211568271471632879359628194030517351900920684974274606671234576123695308610824105862550533513643082741108651506096151236791369146015658368278148239821656813962969734947596768529283	-1,6,6,6,6,6,6,6,6,6,6	-7,6,6,6,6,6,6,6,6,-6	ok
-1.091091	-12.672673	-50.834172	0.749266	continued:5	473878052052822714252413262158544407575465526004448140514733403025185742270048101971789317200431483390579714618410933652708251370803361917740753725419848508507097990555498788878673422118447397813123370092712544818345269656907205480727169407354764219618993800833236607096887536615597815240342161285388310520580526840942496191979632817151814545963476068011643800376768646712699508503191344021295325251036705455847791480841645197114316823230474673316642408740129165727460791665151268674562152013023920973561683410812428064851812150891028201261038340144142472950160152696341250766030353481257903112777848274096786226500527783682281590467127196216151539905796216790150211390533290782766806655075337325076735817848685478879026964790718642027485532370707997804939958279165537803529385151236314986475330729192120686109850819955860458204651988579471869565718919911293907834373163733825461646480287370863362049635645873809526044127940851367989498518704780806834474630509456408509174059542331511445290469371722064844673120950015243993746734850842961451521441230507829397869563767942329759266136802769536926699251256321540198751038473338726874222991056379297824615045020547269042895668855598246890780181453488834807884687369284658071666946957974465567297458247954048081272987981334637256205244970204220585608758082702654103055559321033728439227856594800103271688833853309866550021040915498510952769434174199084976495440975376420749862847817710065608906333901040217210705114286608892056040545886989300682949976545250430472990340939503086553129235474155378356765916768172994503753595726056689869811554193413197118828339365519888136161806069888649718365902795	973527659651047320208168790799014652542562486244183519578515635440950889457657401445276838120655205051505879869471961370142525445393260225678744537489565956197419942434910226347153378953489968543725177637482472199448316083881274223692721333970691915198101352132420136030326072727119409957874103092229015724103209827628934261449291585604390306589377283667166395438197191857796490559523350852292139816145384956928086508398382962839017358855640302642819057263353389506116739649137649899699225039863832138158428731027700736281755251438124689922966879983443877372337624175784102692274600492960285313365793456208347883724550134833854300375061332189211568271471632879359628194030517351900920684974274606671234576123695308610824105862550533513643082741108651506096151236791369146015658368278148239821656813962969734947596768529283	-1,6,6,6,6,6,6,6,6,6,-6	-7,6,6,6,6,6,6,6,6,-6	ok
-1.087087	-12.672673	-51.197780	0.749433	full	473878052052822714252413262158544407575465526004448140514733403025185742270048101971789317200431483390579714618410933652708251370803361917740753725419848508507097990555498788878673422118447397813123370092712544818345269656907205480727169407354764219618993800833236607096887536615597815240342161285388310520580526840942496191979632817151814545963476068011643800376768646712699508503191344021295325251036705455847791480841645197114316823230474673316642408740129165727460791665151268674562152013023920973561683410812428064851812150891028201261038340144142472950160152696341250766030353481257903112777848274096786226500527783682281590467127196216151539905796216790150211390533290782766806655075337325076735817848685478879026964790718642027485532370707997804939958279165537803529385151236314986475330729192120686109850819955860458204651988579471869565718919911293907834373163733825461646480287370863362049635645873809526044127940851367989498518704780806834474630509456408509174059542331511445290469371722064844673120950015243993746734850842961451521441230507829397869563767942329759266136802769536926699251256321540198751038473338726874222991056379297824615045020547269042895668855598246890780181453488834807884687369284658071666946957974465567297458247954048081272987981334637256205244970204220585608758082702654103055559321033728439227856594800103271688833853309866550021040915498510952769434174199084976495440975376420749862847817710065608906333901040217210705114286608892056040545886989300682949976545250430472990340939503086553129235474155378356765916768172994503753595726056689869811554193413197118828339365519888136161806069888649718365902795	973527659651047320208168790799014652542562486244183519578515635440950889457657401445276838120655205051505879869471961370142525445393260225678744537489565956197419942434910226347153378953489968543725177637482472199448316083881274223692721333970691915198101352132420136030326072727119409957874103092229015724103209827628934261449291585604390306589377283667166395438197191857796490559523350852292139816145384956928086508398382962839017358855640302642819057263353389506116739649137649899699225039863832138158428731027700736281755251438124689922966879983443877372337624175784102692274600492960285313365793456208347883724550134833854300375061332189211568271471632879359628194030517351900920684974274606671234576123695308610824105862550533513643082741108651506096151236791369146015658368278148239821656813962969734947596768529283	-1,6,6,6,6,6,6,6,6,6,-6	-7,6,6,6,6,6,6,6,6,-6	ok
-1.083083	-12.672673	-42.311890	0.770275	continued:5	473878052052822714252413262158544407575465526004448140514733403025185742270048101971789317200431483390579714618410933652708251370803361917740753725419848508507097990555498788878673422118447397813123370092712544818345269656907205480727169407354764219618993800833236607096887536615597815240342161285388310520580526840942496191979632817151814545963476068011643800376768646712699508503191344021295325251036705455849149911393384934271267487836806228147978814534346192689831817936268901781875642276552624003568068325084012738470952085746483798904169430897752717074805167117268263063705349416149888143412662815725253248049450140813714376876846045258805956812331544922680848775749781353052668540516992906542363442397542618991773575373722631913058168294184421689308466766302905875441655077214381023722652303593947207264167947140789756348003473335043688447568081071739405388619448141436513461266942171411510241654605522488294297901650864025109150279411610253799024283791233860840170088315880278904591147259929572139861596925092800085329291902374903715223702659958535993301609176366845676423075326975171959019794718467685824178423269296736277622705794810811550708877874082962407647972693578030084051641953658064859675333653379407322965090503513765414938201502240597404887608004363920309817320803514238602165251907741492364599622247380723907760952081663700963791660846472177447328653008761129181645795876355067115242784491113279924253884717134970228366129420319338231634031857880735946060062940323477740337843877440655067625453183908602309466428169133981486227327852476937963377703741162291520404084625139282322359541656388486019172984038894193692567040970	973527659651047320208168790799014652542562486244183519578515635440950889457657401445276838120655205051505879869471961370142525445393260225678744537489565956197419942434910226347153378953489968543725177637482472199448316083881274223692721333970691915198101352132420136030326072727119409957874103092229015724103209827628934261449291585604390306589377283667166395438197191857796490559523350852292139816145384956928086508398382962839017358855640302642819057263353389506116739649137649899699225039863832138158428731027700736281755251438124689922966879983443877372337624175784102692274600492960285313365793456208347883724550134833854300375061332189211568271471632879359628194030517351900920684974274606671234576123695308610824105862550533513643082741108651506096151236791369146015658368278148239821656813962969734947596768529283	0,-7,6,6,6,6,6,6,6,6,-6	-7,6,6,6,6,6,6,6,6,-6	ok
-1.079079	-12.672673	-44.035959	0.767482	continued:5	473878052052822714252413262158544407575465526004448140514733403025185742270048101971789317200431483390579714618410933652708251370803361917740753725419848508507097990555498788878673422118447397813123370092712544818345269656907205480727169407354764219618993800833236607096887536615597815240342161285388310520580526840942496191979632817151814545963476068011643800376768646712699508503191344021295325251036705455849149911393384934271267487836806228147978814534346192689831817936268901781875642276552624003568068325084012738470952085746483798904169430897752717074805167117268263063705349416149888143412662815725253248049450140813714376876846045258805956812331544922680848775749781353052668540516992906542363442397542618991773575373722631913058168294184421689308466766302905875441655077214381023722652303593947207264167947140789756348003473335043688447568081071739405388619448141436513461266942171411510241654605522488294297901650864025109150279411610253799024283791233860840170088315880278904591147259929572139861596925092800085329291902374903715223702659958535993301609176366845676423075326975171959019794718467685824178423269296736277622705794810811550708877874082962407647972693578030084051641953658064859675333653379407322965090503513765414938201502240597404887608004363920309817320803514238602165251907741492364599622247380723907760952081663700963791660846472177447328653008761129181645795876355067115242784491113279924253884717134970228366129420319338231634031857880735946060062940323477740337843877440655067625453183908602309466428169133981486227327852476937963377703741162291520404084625139282322359541656388486019172984038894193692567040970	973527659651047320208168790799014652542562486244183519578515635440950889457657401445276838120655205051505879869471961370142525445393260225678744537489565956197419942434910226347153378953489968543725177637482472199448316083881274223692721333970691915198101352132420136030326072727119409957874103092229015724103209827628934261449291585604390306589377283667166395438197191857796490559523350852292139816145384956928086508398382962839017358855640302642819057263353389506116739649137649899699225039863832138158428731027700736281755251438124689922966879983443877372337624175784102692274600492960285313365793456208347883724550134833854300375061332189211568271471632879359628194030517351900920684974274606671234576123695308610824105862550533513643082741108651506096151236791369146015658368278148239821656813962969734947596768529283	0,-7,6,6,6,6,6,6,6,6,-6	-7,6,6,6,6,6,6,6,6,-6	ok
-1.075075	-12.672673	-45.302103	0.764688	continued:5	473878052052822714252413262158544407575465526004448140514733403025185742270048101971789317200431483390579714618410933652708251370803361917740753725419848508507097990555498788878673422118447397813123370092712544818345269656907205480727169407354764219618993800833236607096887536615597815240342161285388310520580526840942496191979632817151814545963476068011643800376768646712699508503191344021295325251036705455849149911393384934271267487836806228147978814534346192689831817936268901781875642276552624003568068325084012738470952085746483798904169430897752717074805167117268263063705349416149888143412662815725253248049450140813714376876846045258805956812331544922680848775749781353052668540516992906542363442397542618991773575373722631913058168294184421689308466766302905875441655077214381023722652303593947207264167947140789756348003473335043688447568081071739405388619448141436513461266942171411510241654605522488294297901650864025109150279411610253799024283791233860840170088315880278904591147259929572139861596925092800085329291902374903715223702659958535993301609176366845676423075326975171959019794718467685824178423269296736277622705794810811550708877874082962407647972693578030084051641953658064859675333653379407322965090503513765414938201502240597404887608004363920309817320803514238602165251907741492364599622247380723907760952081663700963791660846472177447328653008761129181645795876355067115242784491113279924253884717134970228366129420319338231634031857880735946060062940323477740337843877440655067625453183908602309466428169133981486227327852476937963377703741162291520404084625139282322359541656388486019172984038894193692567040970	973527659651047320208168790799014652542562486244183519578515635440950889457657401445276838120655205051505879869471961370142525445393260225678744537489565956197419942434910226347153378953489968543725177637482472199448316083881274223692721333970691915198101352132420136030326072727119409957874103092229015724103209827628934261449291585604390306589377283667166395438197191857796490559523350852292139816145384956928086508398382962839017358855640302642819057263353389506116739649137649899699225039863832138158428731027700736281755251438124689922966879983443877372337624175784102692274600492960285313365793456208347883724550134833854300375061332189211568271471632879359628194030517351900920684974274606671234576123695308610824105862550533513643082741108651506096151236791369146015658368278148239821656813962969734947596768529283	0,-7,6,6,6,6,6,6,6,6,-6	-7,6,6,6,6,6,6,6,6,-6	ok
-1.071071	-12.672673	-46.374295	0.761895	continued:5	473878052052822714252413262158544407575465526004448140514733403025185742270048101971789317200431483390579714618410933652708251370803361917740753725419848508507097990555498788878673422118447397813123370092712544818345269656907205480727169407354764219618993800833236607096887536615597815240342161285388310520580526840942496191979632817151814545963476068011643800376768646712699508503191344021295325251036705455849149911393384934271267487836806228147978814534346192689831817936268901781875642276552624003568068325084012738470952085746483798904169430897752717074805167117268263063705349416149888143412662815725253248049450140813714376876846045258805956812331544922680848775749781353052668540516992906542363442397542618991773575373722631913058168294184421689308466766302905875441655077214381023722652303593947207264167947140789756348003473335043688447568081071739405388619448141436513461266942171411510241654605522488294297901650864025109150279411610253799024283791233860840170088315880278904591147259929572139861596925092800085329291902374903715223702659958535993301609176366845676423075326975171959019794718467685824178423269296736277622705794810811550708877874082962407647972693578030084051641953658064859675333653379407322965090503513765414938201502240597404887608004363920309817320803514238602165251907741492364599622247380723907760952081663700963791660846472177447328653008761129181645795876355067115242784491113279924253884717134970228366129420319338231634031857880735946060062940323477740337843877440655067625453183908602309466428169133981486227327852476937963377703741162291520404084625139282322359541656388486019172984038894193692567040970	973527659651047320208168790799014652542562486244183519578515635440950889457657401445276838120655205051505879869471961370142525445393260225678744537489565956197419942434910226347153378953489968543725177637482472199448316083881274223692721333970691915198101352132420136030326072727119409957874103092229015724103209827628934261449291585604390306589377283667166395438197191857796490559523350852292139816145384956928086508398382962839017358855640302642819057263353389506116739649137649899699225039863832138158428731027700736281755251438124689922966879983443877372337624175784102692274600492960285313365793456208347883724550134833854300375061332189211568271471632879359628194030517351900920684974274606671234576123695308610824105862550533513643082741108651506096151236791369146015658368278148239821656813962969734947596768529283	0,-7,6,6,6,6,6,6,6,6,-6	-7,6,6,6,6,6,6,6,6,-6	ok
-1.067067	-12.672673	-47.316298	0.759102	continued:5	473878052052822714252413262158544407575465526004448140514733403025185742270048101971789317200431483390579714618410933652708251370803361917740753725419848508507097990555498788878673422118447397813123370092712544818345269656907205480727169407354764219618993800833236607096887536615597815240342161285388310520580526840942496191979632817151814545963476068011643800376768646712699508503191344021295325251036705455849149911393384934271267487836806228147978814534346192689831817936268901781875642276552624003568068325084012738470952085746483798904169430897752717074805167117268263063705349416149888143412662815725253248049450140813714376876846045258805956812331544922680848775749781353052668540516992906542363442397542618991773575373722631913058168294184421689308466766302905875441655077214381023722652303593947207264167947140789756348003473335043688447568081071739405388619448141436513461266942171411510241654605522488294297901650864025109150279411610253799024283791233860840170088315880278904591147259929572139861596925092800085329291902374903715223702659958535993301609176366845676423075326975171959019794718467685824178423269296736277622705794810811550708877874082962407647972693578030084051641953658064859675333653379407322965090503513765414938201502240597404887608004363920309817320803514238602165251907741492364599622247380723907760952081663700963791660846472177447328653008761129181645795876355067115242784491113279924253884717134970228366129420319338231634031857880735946060062940323477740337843877440655067625453183908602309466428169133981486227327852476937963377703741162291520404084625139282322359541656388486019172984038894193692567040970	973527659651047320208168790799014652542562486244183519578515635440950889457657401445276838120655205051505879869471961370142525445393260225678744537489565956197419942434910226347153378953489968543725177637482472199448316083881274223692721333970691915198101352132420136030326072727119409957874103092229015724103209827628934261449291585604390306589377283667166395438197191857796490559523350852292139816145384956928086508398382962839017358855640302642819057263353389506116739649137649899699225039863832138158428731027700736281755251438124689922966879983443877372337624175784102692274600492960285313365793456208347883724550134833854300375061332189211568271471632879359628194030517351900920684974274606671234576123695308610824105862550533513643082741108651506096151236791369146015658368278148239821656813962969734947596768529283	0,-7,6,6,6,6,6,6,6,6,-6	-7,6,6,6,6,6,6,6,6,-6	ok
-1.063063	-12.672673	-48.149443	0.756308	continued:5	473878052052822714252413262158544407575465526004448140514733403025185742270048101971789317200431483390579714618410933652708251370803361917740753725419848508507097990555498788878673422118447397813123370092712544818345269656907205480727169407354764219618993800833236607096887536615597815240342161285388310520580526840942496191979632817151814545963476068011643800376768646712699508503191344021295325251036705455849149911393384934271267487836806228147978814534346192689831817936268901781875642276552624003568068325084012738470952085746483798904169430897752717074805167117268263063705349416149888143412662815725253248049450140813714376876846045258805956812331544922680848775749781353052668540516992906542363442397542618991773575373722631913058168294184421689308466766302905875441655077214381023722652303593947207264167947140790729875663124382363896616358880086391947951105692324956091976902383122300967899056050799326414953106702369904978622240781752779244417544016912605377659654272077698847026057486276725518815086893636525262966774374574352031307583934182228714635579868282043777775207747111202285092521837877643698281515498312460380832533423745073000000463478473268997025256360744425522248833811454555419198684505671547139110475460441851923336584465079614763743248307006739367080674193020355341814389557641191589639486079518882336491979782399982719043098971162100414208636452638501519269971660457759389843277451398593290047340925482853952916264254173638606695364047092304217531695819683105934368361229341575752599727790579836885590123477744805592089878385990581046118812392668387671640875994285297980727819804628307675986947008629141289335570254	973527659651047320208168790799014652542562486244183519578515635440950889457657401445276838120655205051505879869471961370142525445393260225678744537489565956197419942434910226347153378953489968543725177637482472199448316083881274223692721333970691915198101352132420136030326072727119409957874103092229015724103209827628934261449291585604390306589377283667166395438197191857796490559523350852292139816145384956928086508398382962839017358855640302642819057263353389506116739649137649899699225039863832138158428731027700736281755251438124689922966879983443877372337624175784102692274600492960285313365793456208347883724550134833854300375061332189211568271471632879359628194030517351900920684974274606671234576123695308610824105862550533513643082741108651506096151236791369146015658368278148239821656813962969734947596768529283	-1,-7,6,6,6,6,6,6,6,6,-6	-7,6,6,6,6,6,6,6,6,-6	ok
-1.059059	-12.672673	-48.883146	0.753515	continued:5	473878052052822714252413262158544407575465526004448140514733403025185742270048101971789317200431483390579714618410933652708251370803361917740753725419848508507097990555498788878673422118447397813123370092712544818345269656907205480727169407354764219618993800833236607096887536615597815240342161285388310520580526840942496191979632817151814545963476068011643800376768646712699508503191344021295325251036705455849149911393384934271267487836806228147978814534346192689831817936268901781875642276552624003568068325084012738470952085746483798904169430897752717074805167117268263063705349416149888143412662815725253248049450140813714376876846045258805956812331544922680848775749781353052668540516992906542363442397542618991773575373722631913058168294184421689308466766302905875441655077214381023722652303593947207264167947140790729875663124382363896616358880086391947951105692324956091976902383122300967899056050799326414953106702369904978622240781752779244417544016912605377659654272077698847026057486276725518815086893636525262966774374574352031307583934182228714635579868282043777775207747111202285092521837877643698281515498312460380832533423745073000000463478473268997025256360744425522248833811454555419198684505671547139110475460441851923336584465079614763743248307006739367080674193020355341814389557641191589639486079518882336491979782399982719043098971162100414208636452638501519269971660457759389843277451398593290047340925482853952916264254173638606695364047092304217531695819683105934368361229341575752599727790579836885590123477744805592089878385990581046118812392668387671640875994285297980727819804628307675986947008629141289335570254	973527659651047320208168790799014652542562486244183519578515635440950889457657401445276838120655205051505879869471961370142525445393260225678744537489565956197419942434910226347153378953489968543725177637482472199448316083881274223692721333970691915198101352132420136030326072727119409957874103092229015724103209827628934261449291585604390306589377283667166395438197191857796490559523350852292139816145384956928086508398382962839017358855640302642819057263353389506116739649137649899699225039863832138158428731027700736281755251438124689922966879983443877372337624175784102692274600492960285313365793456208347883724550134833854300375061332189211568271471632879359628194030517351900920684974274606671234576123695308610824105862550533513643082741108651506096151236791369146015658368278148239821656813962969734947596768529283	-1,-7,6,6,6,6,6,6,6,6,-6	-7,6,6,6,6,6,6,6,6,-6	ok
-1.055055	-12.672673	-49.524105	0.750722	continued:5	473878052052822714252413262158544407575465526004448140514733403025185742270048101971789317200431483390579714618410933652708251370803361917740753725419848508507097990555498788878673422118447397813123370092712544818345269656907205480727169407354764219618993800833236607096887536615597815240342161285388310520580526840942496191979632817151814545963476068011643800376768646712699508503191344021295325251036705455849149911393384934271267487836806228147978814534346192689831817936268901781875642276552624003568068325084012738470952085746483798904169430897752717074805167117268263063705349416149888143412662815725253248049450140813714376876846045258805956812331544922680848775749781353052668540516992906542363442397542618991773575373722631913058168294184421689308466766302905875441655077214381023722652303593947207264167947140790729875663124382363896616358880086391947951105692324956091976902383122300967899056050799326414953106702369904978622240781752779244417544016912605377659654272077698847026057486276725518815086893636525262966774374574352031307583934182228714635579868282043777775207747111202285092521837877643698281515498312460380832533423745073000000463478473268997025256360744425522248833811454555419198684505671547139110475460441851923336584465079614763743248307006739367080674193020355341814389557641191589639486079518882336491979782399982719043098971162100414208636452638501519269971660457759389843277451398593290047340925482853952916264254173638606695364047092304217531695819683105934368361229341575752599727790579836885590123477744805592089878385990581046118812392668387671640875994285297980727819804628307675986947008629141289335570254	973527659651047320208168790799014652542562486244183519578515635440950889457657401445276838120655205051505879869471961370142525445393260225678744537489565956197419942434910226347153378953489968543725177637482472199448316083881274223692721333970691915198101352132420136030326072727119409957874103092229015724103209827628934261449291585604390306589377283667166395438197191857796490559523350852292139816145384956928086508398382962839017358855640302642819057263353389506116739649137649899699225039863832138158428731027700736281755251438124689922966879983443877372337624175784102692274600492960285313365793456208347883724550134833854300375061332189211568271471632879359628194030517351900920684974274606671234576123695308610824105862550533513643082741108651506096151236791369146015658368278148239821656813962969734947596768529283	-1,-7,6,6,6,6,6,6,6,6,-6	-7,6,6,6,6,6,6,6,6,-6	ok
-1.051051	-12.672673	-50.079112	0.747928	continued:5	473878052052822714252413262158544407575465526004448140514733403025185742270048101971789317200431483390579714618410933652708251370803361917740753725419848508507097990555498788878673422118447397813123370092712544818345269656907205480727169407354764219618993800833236607096887536615597815240342161285388310520580526840942496191979632817151814545963476068011643800376768646712699508503191344021295325251036705455849149911393384934271267487836806228147978814534346192689831817936268901781875642276552624003568068325084012738470952085746483798904169430897752717074805167117268263063705349416149888143412662815725253248049450140813714376876846045258805956812331544922680848775749781353052668540516992906542363442397542618991773575373722631913058168294184421689308466766302905875441655077214381023722652303593947207264167947140790729875663124382363896616358880086391947951105692324956091976902383122300967899056050799326414953106702369904978622240781752779244417544016912605377659654272077698847026057486276725518815086893636525262966774374574352031307583934182228714635579868282043777775207747111202285092521837877643698281515498312460380832533423745073000000463478473268997025256360744425522248833811454555419198684505671547139110475460441851923336584465079614763743248307006739367080674193020355341814389557641191589639486079518882336491979782399982719043098971162100414208636452638501519269971660457759389843277451398593290047340925482853952916264254173638606695364047092304217531695819683105934368361229341575752599727790579836885590123477744805592089878385990581046118812392668387671640875994285297980727819804628307675986947008629141289335570254	1758665085828361720847059278712522403977089098751225376328145297228312730646035154328988712432826576076764982974510505361132933898827966743739404388900678294907409457446275576329754044312517477784055451603706809614990909344980755092730230761416673473821372986834856265481237127790708571356626425707044688324203319773080223670167572149803929332029492498180350486253567939335933418104039437461942627199164471094382790108690430723507847651928565823129977859427707781464883436121355207078199474339712516417790817634877385689564998418410816424599559888321857715229974707432551605498224175999562451261332150884872623078149741868552269288995069654887138825339294608147206146266834148345801236236889030443385798635083711941805342730594171656595595404653354731212523826610600039198932999681805076948458290920845968265824821470827	-1,-7,6,6,6,6,6,6,6,6,-6	-7,6,6,6,6,6,6,6,-6,-6	ok
-1.047047	-12.672673	-50.555581	0.745135	continued:5	473878052052822714252413262158544407575465526004448140514733403025185742270048101971789317200431483390579714618410933652708251370803361917740753725419848508507097990555498788878673422118447397813123370092712544818345269656907205480727169407354764219618993800833236607096887536615597815240342161285388310520580526840942496191979632817151814545963476068011643800376768646712699508503191344021295325251036705455847791480841645197114316823230474673316642408740129165727460791665151268674562152013023920973561683410812428064851812150891028201261038340144142472950160152696341250766030353481257903112777848274096786226500527783682281590467127196216151539905796216790150211390533290782766806655075337325076735817848685478879026964790718642027485532370707997804939958279165537803529385151236314986475330729192120686109850819955860458204651988579471869565718919911293907834373163733825461646480287370863362049635645873809526044127940851367989498518704780806834474630509456408509174059542331511445290469371722064844673120950015243993746734850842961451521441230507829397869563767942329759266136802769536926699251256321540198751038473338726874222991056379297824615045020547269042895668855598246890780181453488834807884687369284658071666946957974465567297458247954048081272987981334637256205244970204220585608758082702654103055559321033728439227856594800103271688833853309866550021040915498510952769434174199084976495440975376420749862847817710065608906333901040217210705114286608892056040545886989300682949976545250430472990340939503086553129235474155378356765916768172994503753595726056689869811554193413197118828339365519888136161806069888649718365902795	1758665085828361720847059278712522403977089098751225376328145297228312730646035154328988712432826576076764982974510505361132933898827966743739404388900678294907409457446275576329754044312517477784055451603706809614990909344980755092730230761416673473821372986834856265481237127790708571356626425707044688324203319773080223670167572149803929332029492498180350486253567939335933418104039437461942627199164471094382790108690430723507847651928565823129977859427707781464883436121355207078199474339712516417790817634877385689564998418410816424599559888321857715229974707432551605498224175999562451261332150884872623078149741868552269288995069654887138825339294608147206146266834148345801236236889030443385798635083711941805342730594171656595595404653354731212523826610600039198932999681805076948458290920845968265824821470827	-1,6,6,6,6,6,6,6,6,6,-6	-7,6,6,6,6,6,6,6,-6,-6	ok
-1.043043	-12.672673	-50.961387	0.742342	continued:5	1546451442055839449047331348679347585569790892831382892074611050499739342122623890191285757661997504263116674532679660241461943729021062100335810681455036740489926091907012014214354962725779192014177461588687782620732423477938309762586472820939518418639951304490287834930577602966810901289005708904210721093840911461575095515736475556330614961262086265552692956940091705625535714655529007119457253599813404716077212154837717741163354264833682365475576010856830705581085266471748132384210261730037729457767992741084399429733882076776938305610821919335748683711747381784514831588760351703689669393746314812463978298938768217275665464335404426410278361687555072474515422666179404985651568639504070926712819955420448969159743874035878489475703789660420503087572577254880506181036741892002801235481423441460284300862217590620937696078383333801338505977165498145407586895383039258585503678491432223156944100961587825534762491733195680069447164494814884684045766280426496387373794419610515973191032047582506445746892390524898789485965006467260227572531034233204262406076666327100656416706265538873237920617343174413806888559251080498221232981341897932096731003034464905513423044380216772891733455962261819120528611584746930526122384230205610893511058638493809832695608857008155407006835369868074541243196076087667770915230269191351237061678145938939300784942332052690682828190500934513033152656085421667452754339171722306878243164552279516569539861691379589706415462204236248927355842027014034950250554819616605291609606202103858102587207480330545248427697520034859596072103973986020830971387033178761272769019494830117283291900450425096693545024	1758665085828361720847059278712522403977089098751225376328145297228312730646035154328988712432826576076764982974510505361132933898827966743739404388900678294907409457446275576329754044312517477784055451603706809614990909344980755092730230761416673473821372986834856265481237127790708571356626425707044688324203319773080223670167572149803929332029492498180350486253567939335933418104039437461942627199164471094382790108690430723507847651928565823129977859427707781464883436121355207078199474339712516417790817634877385689564998418410816424599559888321857715229974707432551605498224175999562451261332150884872623078149741868552269288995069654887138825339294608147206146266834148345801236236889030443385798635083711941805342730594171656595595404653354731212523826610600039198932999681805076948458290920845968265824821470827	-1,6,6,6,6,6,6,6,6,-6,-6	-7,6,6,6,6,6,6,6,-6,-6	ok
-1.039039	-12.672673	-51.304604	0.741840	full	1546451442055839449047331348679347585569790892831382892074611050499739342122623890191285757661997504263116674532679660241461943729021062100335810681455036740489926091907012014214354962725779192014177461588687782620732423477938309762586472820939518418639951304490287834930577602966810901289005708904210721093840911461575095515736475556330614961262086265552692956940091705625535714655529007119457253599813404716077212154837717741163354264833682365475576010856830705581085266471748132384210261730037729457767992741084399429733882076776938305610821919335748683711747381784514831588760351703689669393746314812463978298938768217275665464335404426410278361687555072474515422666179404985651568639504070926712819955420448969159743874035878489475703789660420503087572577254880506181036741892002801235481423441460284300862217590620937696078383333801338505977165498145407586895383039258585503678491432223156944100961587825534762491733195680069447164494814884684045766280426496387373794419610515973191032047582506445746892390524898789485965006467260227572531034233204262406076666327100656416706265538873237920617343174413806888559251080498221232981341897932096731003034464905513423044380216772891733455962261819120528611584746930526122384230205610893511058638493809832695608857008155407006835369868074541243196076087667770915230269191351237061678145938939300784942332052690682828190500934513033152656085421667452754339171722306878243164552279516569539861691379589706415462204236248927355842027014034950250554819616605291609606202103858102587207480330545248427697520034859596072103973986020830971387033178761272769019494830117283291900450425096693545024	1758665085828361720847059278712522403977089098751225376328145297228312730646035154328988712432826576076764982974510505361132933898827966743739404388900678294907409457446275576329754044312517477784055451603706809614990909344980755092730230761416673473821372986834856265481237127790708571356626425707044688324203319773080223670167572149803929332029492498180350486253567939335933418104039437461942627199164471094382790108690430723507847651928565823129977859427707781464883436121355207078199474339712516417790817634877385689564998418410816424599559888321857715229974707432551605498224175999562451261332150884872623078149741868552269288995069654887138825339294608147206146266834148345801236236889030443385798635083711941805342730594171656595595404653354731212523826610600039198932999681805076948458290920845968265824821470827	-1,6,6,6,6,6,6,6,6,-6,-6	-7,6,6,6,6,6,6,6,-6,-6	ok
-1.035035	-12.672673	-42.732413	0.763220	continued:5	1546451442055839449047331348679347585569790892831382892074611050499739342122623890191285757661997504263116674532679660241461943729021062100335810681455036740489926091907012014214354962725779192014177461588687782620732423477938309762586472820939518418639951304490287834930577602966810901289005708904210721093840911461575095515736475556330614961262086265552692956940091705625535714655529007119457253599813404716181513452204002243907589275886879764918846747517878625541335814566703081636015466407122807856776383146563218947056646762827441833187683666929665641309578090790455070655117462801564267407486837712529883794506133755708522678105754899684372540270780894960765900550473331330728797956600369345146459245244959860906681077547448070250505371499554664201313136748085609042104924706396855693731480178260332233665399476495786529849748750623494849455708107334772392919300616651560053225602685251765181306628342469179397159943943764777571274696975460522928220777834691494114277218260573981604507649595537421778973667512625782265805614218573561969789842229878096375892834264054357824364678302244170437198709533008435172506770281123161717700959410863125896865027798373893163908938068774344646263147021208955312338765206460115467628872683610032205312644846002387004216747989247165416851474553986598495762280889455871354403583598103868284186508468983168709416979838002545685566562445114796576538693847528239673585350305206501533633203409882477331410548328856715648040153201817668288868945013548285563177316236996331619623578709167680934670775031374590796907140898579291406921131244225180340592163327964053281472955511074328671699486922345038238206	1758665085828361720847059278712522403977089098751225376328145297228312730646035154328988712432826576076764982974510505361132933898827966743739404388900678294907409457446275576329754044312517477784055451603706809614990909344980755092730230761416673473821372986834856265481237127790708571356626425707044688324203319773080223670167572149803929332029492498180350486253567939335933418104039437461942627199164471094382790108690430723507847651928565823129977859427707781464883436121355207078199474339712516417790817634877385689564998418410816424599559888321857715229974707432551605498224175999562451261332150884872623078149741868552269288995069654887138825339294608147206146266834148345801236236889030443385798635083711941805342730594171656595595404653354731212523826610600039198932999681805076948458290920845968265824821470827	0,-7,6,6,6,6,6,6,6,-6,-6	-7,6,6,6,6,6,6,6,-6,-6	ok
-1.031031	-12.672673	-44.356994	0.760426	continued:5	1546451442055839449047331348679347585569790892831382892074611050499739342122623890191285757661997504263116674532679660241461943729021062100335810681455036740489926091907012014214354962725779192014177461588687782620732423477938309762586472820939518418639951304490287834930577602966810901289005708904210721093840911461575095515736475556330614961262086265552692956940091705625535714655529007119457253599813404716181513452204002243907589275886879764918846747517878625541335814566703081636015466407122807856776383146563218947056646762827441833187683666929665641309578090790455070655117462801564267407486837712529883794506133755708522678105754899684372540270780894960765900550473331330728797956600369345146459245244959860906681077547448070250505371499554664201313136748085609042104924706396855693731480178260332233665399476495786529849748750623494849455708107334772392919300616651560053225602685251765181306628342469179397159943943764777571274696975460522928220777834691494114277218260573981604507649595537421778973667512625782265805614218573561969789842229878096375892834264054357824364678302244170437198709533008435172506770281123161717700959410863125896865027798373893163908938068774344646263147021208955312338765206460115467628872683610032205312644846002387004216747989247165416851474553986598495762280889455871354403583598103868284186508468983168709416979838002545685566562445114796576538693847528239673585350305206501533633203409882477331410548328856715648040153201817668288868945013548285563177316236996331619623578709167680934670775031374590796907140898579291406921131244225180340592163327964053281472955511074328671699486922345038238206	1758665085828361720847059278712522403977089098751225376328145297228312730646035154328988712432826576076764982974510505361132933898827966743739404388900678294907409457446275576329754044312517477784055451603706809614990909344980755092730230761416673473821372986834856265481237127790708571356626425707044688324203319773080223670167572149803929332029492498180350486253567939335933418104039437461942627199164471094382790108690430723507847651928565823129977859427707781464883436121355207078199474339712516417790817634877385689564998418410816424599559888321857715229974707432551605498224175999562451261332150884872623078149741868552269288995069654887138825339294608147206146266834148345801236236889030443385798635083711941805342730594171656595595404653354731212523826610600039198932999681805076948458290920845968265824821470827	0,-7,6,6,6,6,6,6,6,-6,-6	-7,6,6,6,6,6,6,6,-6,-6	ok
-1.027027	-12.672673	-45.597737	0.757633	continued:5	1546451442055839449047331348679347585569790892831382892074611050499739342122623890191285757661997504263116674532679660241461943729021062100335810681455036740489926091907012014214354962725779192014177461588687782620732423477938309762586472820939518418639951304490287834930577602966810901289005708904210721093840911461575095515736475556330614961262086265552692956940091705625535714655529007119457253599813404716181513452204002243907589275886879764918846747517878625541335814566703081636015466407122807856776383146563218947056646762827441833187683666929665641309578090790455070655117462801564267407486837712529883794506133755708522678105754899684372540270780894960765900550473331330728797956600369345146459245244959860906681077547448070250505371499554664201313136748085609042104924706396855693731480178260332233665399476495786529849748750623494849455708107334772392919300616651560053225602685251765181306628342469179397159943943764777571274696975460522928220777834691494114277218260573981604507649595537421778973667512625782265805614218573561969789842229878096375892834264054357824364678302244170437198709533008435172506770281123161717700959410863125896865027798373893163908938068774344646263147021208955312338765206460115467628872683610032205312644846002387004216747989247165416851474553986598495762280889455871354403583598103868284186508468983168709416979838002545685566562445114796576538693847528239673585350305206501533633203409882477331410548328856715648040153201817668288868945013548285563177316236996331619623578709167680934670775031374590796907140898579291406921131244225180340592163327964053281472955511074328671699486922345038238206	1315334950959163681376175034067925260445751090756117833592045350251898822407810298493169161029872050515647615801599263016773169408347341527943959778587160617221116494300790536103678199942060179940292166307370699650503173345091308682612598548263746291545098705408628688332261272517629335483902197088655201032876969561109418094941160609423995188468795487726704726318946572302490449736473475500754719981246077088385270882699863765061616966666951609883180865734678805492338296705900173921074663688429978396011542429931725552006967300379619462210345246691471462306913375838735357102267211949900042057938696096499431604415317498423321691994831679508576703658531276625514031103741916475314871547165922843886883809167944659689892966858444358631341136121035980324689870888487390572706708893842682356638928335701837537478897152904757929916236589365113375397003796355603531628865685791087018284277614830832958857091633075827076571380250161097962012419874910884162311196703839788737641262540217823977110304889383006500461688730643323398413402453970291297634835593908627338863239124150516905717299829152083996423960222310992754078345326969713153870418361767906640595486691331680465380188850641243322958350008513795883764768436588517942514008798233729250390054398941303545335090666512739476961703419350667491717741663313703452240807371291173433795018112087465368711424956035377371806241336616338660834894886330427464673203953211052101061697105487969082925976283139079728627338663513979425074936870988363611421730957336756574669087823745881672961530643104038679904089979917456955185140921291196789305131060316072457786018495315976691074916391439201007158	0,-7,6,6,6,6,6,6,6,-6,-6	-7,6,6,6,6,6,6,6,-6,-6,-6	ok
-1.023023	-12.672673	-46.654250	0.754840	continued:5	1546451442055839449047331348679347585569790892831382892074611050499739342122623890191285757661997504263116674532679660241461943729021062100335810681455036740489926091907012014214354962725779192014177461588687782620732423477938309762586472820939518418639951304490287834930577602966810901289005708904210721093840911461575095515736475556330614961262086265552692956940091705625535714655529007119457253599813404716181513452204002243907589275886879764918846747517878625541335814566703081636015466407122807856776383146563218947056646762827441833187683666929665641309578090790455070655117462801564267407486837712529883794506133755708522678105754899684372540270780894960765900550473331330728797956600369345146459245244959860906681077547448070250505371499554664201313136748085609042104924706396855693731480178260332233665399476495786529849748750623494849455708107334772392919300616651560053225602685251765181306628342469179397159943943764777571274696975460522928220777834691494114277218260573981604507649595537421778973667512625782265805614218573561969789842229878096375892834264054357824364678302244170437198709533008435172506770281123161717700959410863125896865027798373893163908938068774344646263147021208955312338765206460115467628872683610032205312644846002387004216747989247165416851474553986598495762280889455871354403583598103868284186508468983168709416979838002545685566562445114796576538693847528239673585350305206501533633203409882477331410548328856715648040153201817668288868945013548285563177316236996331619623578709167680934670775031374590796907140898579291406921131244225180340592163327964053281472955511074328671699486922345038238206	1315334950959163681376175034067925260445751090756117833592045350251898822407810298493169161029872050515647615801599263016773169408347341527943959778587160617221116494300790536103678199942060179940292166307370699650503173345091308682612598548263746291545098705408628688332261272517629335483902197088655201032876969561109418094941160609423995188468795487726704726318946572302490449736473475500754719981246077088385270882699863765061616966666951609883180865734678805492338296705900173921074663688429978396011542429931725552006967300379619462210345246691471462306913375838735357102267211949900042057938696096499431604415317498423321691994831679508576703658531276625514031103741916475314871547165922843886883809167944659689892966858444358631341136121035980324689870888487390572706708893842682356638928335701837537478897152904757929916236589365113375397003796355603531628865685791087018284277614830832958857091633075827076571380250161097962012419874910884162311196703839788737641262540217823977110304889383006500461688730643323398413402453970291297634835593908627338863239124150516905717299829152083996423960222310992754078345326969713153870418361767906640595486691331680465380188850641243322958350008513795883764768436588517942514008798233729250390054398941303545335090666512739476961703419350667491717741663313703452240807371291173433795018112087465368711424956035377371806241336616338660834894886330427464673203953211052101061697105487969082925976283139079728627338663513979425074936870988363611421730957336756574669087823745881672961530643104038679904089979917456955185140921291196789305131060316072457786018495315976691074916391439201007158	0,-7,6,6,6,6,6,6,6,-6,-6	-7,6,6,6,6,6,6,6,-6,-6,-6	ok
-1.019019	-12.672673	-47.579586	0.752046	continued:5	1546451442055839449047331348679347585569790892831382892074611050499739342122623890191285757661997504263116674532679660241461943729021062100335810681455036740489926091907012014214354962725779192014177461588687782620732423477938309762586472820939518418639951304490287834930577602966810901289005708904210721093840911461575095515736475556330614961262086265552692956940091705625535714655529007119457253599813404716181513452204002243907589275886879764918846747517878625541335814566703081636015466407122807856776383146563218947056646762827441833187683666929665641309578090790455070655117462801564267407486837712529883794506133755708522678105754899684372540270780894960765900550473331330728797956600369345146459245244959860906681077547448070250505371499554664201313136748085609042104924706396855693731480178260332233665399476495786529849748750623494849455708107334772392919300616651560053225602685251765181306628342469179397159943943764777571274696975460522928220777834691494114277218260573981604507649595537421778973667512625782265805614218573561969789842229878096375892834264054357824364678302244170437198709533008435172506770281123161717700959410863125896865027798373893163908938068774344646263147021208955312338765206460115467628872683610032205312644846002387004216747989247165416851474553986598495762280889455871354403583598103868284186508468983168709416979838002545685566562445114796576538693847528239673585350305206501533633203409882477331410548328856715648040153201817668288868945013548285563177316236996331619623578709167680934670775031374590796907140898579291406921131244225180340592163327964053281472955511074328671699486922345038238206	1315334950959163681376175034067925260445751090756117833592045350251898822407810298493169161029872050515647615801599263016773169408347341527943959778587160617221116494300790536103678199942060179940292166307370699650503173345091308682612598548263746291545098705408628688332261272517629335483902197088655201032876969561109418094941160609423995188468795487726704726318946572302490449736473475500754719981246077088385270882699863765061616966666951609883180865734678805492338296705900173921074663688429978396011542429931725552006967300379619462210345246691471462306913375838735357102267211949900042057938696096499431604415317498423321691994831679508576703658531276625514031103741916475314871547165922843886883809167944659689892966858444358631341136121035980324689870888487390572706708893842682356638928335701837537478897152904757929916236589365113375397003796355603531628865685791087018284277614830832958857091633075827076571380250161097962012419874910884162311196703839788737641262540217823977110304889383006500461688730643323398413402453970291297634835593908627338863239124150516905717299829152083996423960222310992754078345326969713153870418361767906640595486691331680465380188850641243322958350008513795883764768436588517942514008798233729250390054398941303545335090666512739476961703419350667491717741663313703452240807371291173433795018112087465368711424956035377371806241336616338660834894886330427464673203953211052101061697105487969082925976283139079728627338663513979425074936870988363611421730957336756574669087823745881672961530643104038679904089979917456955185140921291196789305131060316072457786018495315976691074916391439201007158	0,-7,6,6,6,6,6,6,6,-6,-6	-7,6,6,6,6,6,6,6,-6,-6,-6	ok
-1.015015	-12.672673	-48.392966	0.749253	continued:5	1546451442055839449047331348679347585569790892831382892074611050499739342122623890191285757661997504263116674532679660241461943729021062100335810681455036740489926091907012014214354962725779192014177461588687782620732423477938309762586472820939518418639951304490287834930577602966810901289005708904210721093840911461575095515736475556330614961262086265552692956940091705625535714655529007119457253599813404716181513452204002243907589275886879764918846747517878625541335814566703081636015466407122807856776383146563218947056646762827441833187683666929665641309578090790455070655117462801564267407486837712529883794506133755708522678105754899684372540270780894960765900550473331330728797956600369345146459245244959860906681077547448070250505371499554664201313136748085609042104924706396855693731480178260332233665399476499303860021405474065188968013133152142726571116803067404216343820059310713057251615286319894045050312097473730726592285419241328320584154265313500271915633808075392896497058802255045510404008623080736685473219233448555380659751352415338557898726181211697103798034390833206644692780126675721688023920859657771568357247119858203461041164635657037952148905298769746851782141818888045163391213689091714513796571061449190249586174091861697690861348394249202884272267037483753470738472695045854820033828616433685503553941279848113165546238612687201665462210277875574745991403797058524688025584475207729165835402948656038776815147652867434705787349927479468346878085239425840819231474007839468805397684465480764951102094658642060051985250454089770100713630593669272833561792241725830052645083109407990910513391423453994681179863	1315334950959163681376175034067925260445751090756117833592045350251898822407810298493169161029872050515647615801599263016773169408347341527943959778587160617221116494300790536103678199942060179940292166307370699650503173345091308682612598548263746291545098705408628688332261272517629335483902197088655201032876969561109418094941160609423995188468795487726704726318946572302490449736473475500754719981246077088385270882699863765061616966666951609883180865734678805492338296705900173921074663688429978396011542429931725552006967300379619462210345246691471462306913375838735357102267211949900042057938696096499431604415317498423321691994831679508576703658531276625514031103741916475314871547165922843886883809167944659689892966858444358631341136121035980324689870888487390572706708893842682356638928335701837537478897152904757929916236589365113375397003796355603531628865685791087018284277614830832958857091633075827076571380250161097962012419874910884162311196703839788737641262540217823977110304889383006500461688730643323398413402453970291297634835593908627338863239124150516905717299829152083996423960222310992754078345326969713153870418361767906640595486691331680465380188850641243322958350008513795883764768436588517942514008798233729250390054398941303545335090666512739476961703419350667491717741663313703452240807371291173433795018112087465368711424956035377371806241336616338660834894886330427464673203953211052101061697105487969082925976283139079728627338663513979425074936870988363611421730957336756574669087823745881672961530643104038679904089979917456955185140921291196789305131060316072457786018495315976691074916391439201007158	1,-7,6,6,6,6,6,6,6,-6,-6	-7,6,6,6,6,6,6,6,-6,-6,-6	ok
-1.011011	-12.672673	-49.104254	0.746460	continued:5	1546451442055839449047331348679347585569790892831382892074611050499739342122623890191285757661997504263116674532679660241461943729021062100335810681455036740489926091907012014214354962725779192014177461588687782620732423477938309762586472820939518418639951304490287834930577602966810901289005708904210721093840911461575095515736475556330614961262086265552692956940091705625535714655529007119457253599813404716181513452204002243907589275886879764918846747517878625541335814566703081636015466407122807856776383146563218947056646762827441833187683666929665641309578090790455070655117462801564267407486837712529883794506133755708522678105754899684372540270780894960765900550473331330728797956600369345146459245244959860906681077547448070250505371499554664201313136748085609042104924706396855693731480178260332233665399476497545194935577112344341908734420629738749482018051842027888198522830997982411216460957331181612223736020708747752081780058108394421756187521574095883014955513167983439050783225925291466091491145296681233869512423833564471314770597322608327137309507737875730811199534567725407564989418104365061598213814969447365037474039634533293469014831727705922656407118419260598214202482954627059351776227149087314632099967066400140895743368353850038932782571119225024844559256018870034617117487967655345694116100015894685919063894158548167127827796262602105573888420160344771283971245453026463849584912756467833684518076032960627073279100598145710717695040340643007583477092219694552397325662038232568508654022094966316018382716836717321391078797494174696060275862456749006951192202526897052963278032459532619592545455188169859709034	1315334950959163681376175034067925260445751090756117833592045350251898822407810298493169161029872050515647615801599263016773169408347341527943959778587160617221116494300790536103678199942060179940292166307370699650503173345091308682612598548263746291545098705408628688332261272517629335483902197088655201032876969561109418094941160609423995188468795487726704726318946572302490449736473475500754719981246077088385270882699863765061616966666951609883180865734678805492338296705900173921074663688429978396011542429931725552006967300379619462210345246691471462306913375838735357102267211949900042057938696096499431604415317498423321691994831679508576703658531276625514031103741916475314871547165922843886883809167944659689892966858444358631341136121035980324689870888487390572706708893842682356638928335701837537478897152904757929916236589365113375397003796355603531628865685791087018284277614830832958857091633075827076571380250161097962012419874910884162311196703839788737641262540217823977110304889383006500461688730643323398413402453970291297634835593908627338863239124150516905717299829152083996423960222310992754078345326969713153870418361767906640595486691331680465380188850641243322958350008513795883764768436588517942514008798233729250390054398941303545335090666512739476961703419350667491717741663313703452240807371291173433795018112087465368711424956035377371806241336616338660834894886330427464673203953211052101061697105487969082925976283139079728627338663513979425074936870988363611421730957336756574669087823745881672961530643104038679904089979917456955185140921291196789305131060316072457786018495315976691074916391439201007158	-1,-7,6,6,6,6,6,6,6,-6,-6	-7,6,6,6,6,6,6,6,-6,-6,-6	ok
-1.007007	-12.672673	-49.721339	0.743666	continued:5	1546451442055839449047331348679347585569790892831382892074611050499739342122623890191285757661997504263116674532679660241461943729021062100335810681455036740489926091907012014214354962725779192014177461588687782620732423477938309762586472820939518418639951304490287834930577602966810901289005708904210721093840911461575095515736475556330614961262086265552692956940091705625535714655529007119457253599813404716181513452204002243907589275886879764918846747517878625541335814566703081636015466407122807856776383146563218947056646762827441833187683666929665641309578090790455070655117462801564267407486837712529883794506133755708522678105754899684372540270780894960765900550473331330728797956600369345146459245244959860906681077547448070250505371499554664201313136748085609042104924706396855693731480178260332233665399476497545194935577112344341908734420629738749482018051842027888198522830997982411216460957331181612223736020708747752081780058108394421756187521574095883014955513167983439050783225925291466091491145296681233869512423833564471314770597322608327137309507737875730811199534567725407564989418104365061598213814969447365037474039634533293469014831727705922656407118419260598214202482954627059351776227149087314632099967066400140895743368353850038932782571119225024844559256018870034617117487967655345694116100015894685919063894158548167127827796262602105573888420160344771283971245453026463849584912756467833684518076032960627073279100598145710717695040340643007583477092219694552397325662038232568508654022094966316018382716836717321391078797494174696060275862456749006951192202526897052963278032459532619592545455188169859709034	1315334950959163681376175034067925260445751090756117833592045350251898822407810298493169161029872050515647615801599263016773169408347341527943959778587160617221116494300790536103678199942060179940292166307370699650503173345091308682612598548263746291545098705408628688332261272517629335483902197088655201032876969561109418094941160609423995188468795487726704726318946572302490449736473475500754719981246077088385270882699863765061616966666951609883180865734678805492338296705900173921074663688429978396011542429931725552006967300379619462210345246691471462306913375838735357102267211949900042057938696096499431604415317498423321691994831679508576703658531276625514031103741916475314871547165922843886883809167944659689892966858444358631341136121035980324689870888487390572706708893842682356638928335701837537478897152904757929916236589365113375397003796355603531628865685791087018284277614830832958857091633075827076571380250161097962012419874910884162311196703839788737641262540217823977110304889383006500461688730643323398413402453970291297634835593908627338863239124150516905717299829152083996423960222310992754078345326969713153870418361767906640595486691331680465380188850641243322958350008513795883764768436588517942514008798233729250390054398941303545335090666512739476961703419350667491717741663313703452240807371291173433795018112087465368711424956035377371806241336616338660834894886330427464673203953211052101061697105487969082925976283139079728627338663513979425074936870988363611421730957336756574669087823745881672961530643104038679904089979917456955185140921291196789305131060316072457786018495315976691074916391439201007158	-1,-7,6,6,6,6,6,6,6,-6,-6	-7,6,6,6,6,6,6,6,-6,-6,-6	ok
-1.003003	-12.672673	-50.252219	0.740873	continued:5	1546451442055839449047331348679347585569790892831382892074611050499739342122623890191285757661997504263116674532679660241461943729021062100335810681455036740489926091907012014214354962725779192014177461588687782620732423477938309762586472820939518418639951304490287834930577602966810901289005708904210721093840911461575095515736475556330614961262086265552692956940091705625535714655529007119457253599813404716181513452204002243907589275886879764918846747517878625541335814566703081636015466407122807856776383146563218947056646762827441833187683666929665641309578090790455070655117462801564267407486837712529883794506133755708522678105754899684372540270780894960765900550473331330728797956600369345146459245244959860906681077547448070250505371499554664201313136748085609042104924706396855693731480178260332233665399476497545194935577112344341908734420629738749482018051842027888198522830997982411216460957331181612223736020708747752081780058108394421756187521574095883014955513167983439050783225925291466091491145296681233869512423833564471314770597322608327137309507737875730811199534567725407564989418104365061598213814969447365037474039634533293469014831727705922656407118419260598214202482954627059351776227149087314632099967066400140895743368353850038932782571119225024844559256018870034617117487967655345694116100015894685919063894158548167127827796262602105573888420160344771283971245453026463849584912756467833684518076032960627073279100598145710717695040340643007583477092219694552397325662038232568508654022094966316018382716836717321391078797494174696060275862456749006951192202526897052963278032459532619592545455188169859709034	1315334950959163681376175034067925260445751090756117833592045350251898822407810298493169161029872050515647615801599263016773169408347341527943959778587160617221116494300790536103678199942060179940292166307370699650503173345091308682612598548263746291545098705408628688332261272517629335483902197088655201032876969561109418094941160609423995188468795487726704726318946572302490449736473475500754719981246077088385270882699863765061616966666951609883180865734678805492338296705900173921074663688429978396011542429931725552006967300379619462210345246691471462306913375838735357102267211949900042057938696096499431604415317498423321691994831679508576703658531276625514031103741916475314871547165922843886883809167944659689892966858444358631341136121035980324689870888487390572706708893842682356638928335701837537478897152904757929916236589365113375397003796355603531628865685791087018284277614830832958857091633075827076571380250161097962012419874910884162311196703839788737641262540217823977110304889383006500461688730643323398413402453970291297634835593908627338863239124150516905717299829152083996423960222310992754078345326969713153870418361767906640595486691331680465380188850641243322958350008513795883764768436588517942514008798233729250390054398941303545335090666512739476961703419350667491717741663313703452240807371291173433795018112087465368711424956035377371806241336616338660834894886330427464673203953211052101061697105487969082925976283139079728627338663513979425074936870988363611421730957336756574669087823745881672961530643104038679904089979917456955185140921291196789305131060316072457786018495315976691074916391439201007158	-1,-7,6,6,6,6,6,6,6,-6,-6	-7,6,6,6,6,6,6,6,-6,-6,-6	ok
-0.998999	-12.672673	-50.705282	0.738080	continued:5	1546451442055839449047331348679347585569790892831382892074611050499739342122623890191285757661997504263116674532679660241461943729021062100335810681455036740489926091907012014214354962725779192014177461588687782620732423477938309762586472820939518418639951304490287834930577602966810901289005708904210721093840911461575095515736475556330614961262086265552692956940091705625535714655529007119457253599813404716077212154837717741163354264833682365475576010856830705581085266471748132384210261730037729457767992741084399429733882076776938305610821919335748683711747381784514831588760351703689669393746314812463978298938768217275665464335404426410278361687555072474515422666179404985651568639504070926712819955420448969159743874035878489475703789660420503087572577254880506181036741892002801235481423441460284300862217590620937696078383333801338505977165498145407586895383039258585503678491432223156944100961587825534762491733195680069447164494814884684045766280426496387373794419610515973191032047582506445746892390524898789485965006467260227572531034233204262406076666327100656416706265538873237920617343174413806888559251080498221232981341897932096731003034464905513423044380216772891733455962261819120528611584746930526122384230205610893511058638493809832695608857008155407006835369868074541243196076087667770915230269191351237061678145938939300784942332052690682828190500934513033152656085421667452754339171722306878243164552279516569539861691379589706415462204236248927355842027014034950250554819616605291609606202103858102587207480330545248427697520034859596072103973986020830971387033178761272769019494830117283291900450425096693545024	1315334950959163681376175034067925260445751090756117833592045350251898822407810298493169161029872050515647615801599263016773169408347341527943959778587160617221116494300790536103678199942060179940292166307370699650503173345091308682612598548263746291545098705408628688332261272517629335483902197088655201032876969561109418094941160609423995188468795487726704726318946572302490449736473475500754719981246077088385270882699863765061616966666951609883180865734678805492338296705900173921074663688429978396011542429931725552006967300379619462210345246691471462306913375838735357102267211949900042057938696096499431604415317498423321691994831679508576703658531276625514031103741916475314871547165922843886883809167944659689892966858444358631341136121035980324689870888487390572706708893842682356638928335701837537478897152904757929916236589365113375397003796355603531628865685791087018284277614830832958857091633075827076571380250161097962012419874910884162311196703839788737641262540217823977110304889383006500461688730643323398413402453970291297634835593908627338863239124150516905717299829152083996423960222310992754078345326969713153870418361767906640595486691331680465380188850641243322958350008513795883764768436588517942514008798233729250390054398941303545335090666512739476961703419350667491717741663313703452240807371291173433795018112087465368711424956035377371806241336616338660834894886330427464673203953211052101061697105487969082925976283139079728627338663513979425074936870988363611421730957336756574669087823745881672961530643104038679904089979917456955185140921291196789305131060316072457786018495315976691074916391439201007158	-1,6,6,6,6,6,6,6,6,-6,-6	-7,6,6,6,6,6,6,6,-6,-6,-6	ok
-0.994995	-12.672673	-51.089117	0.735286	continued:5	1546451442055839449047331348679347585569790892831382892074611050499739342122623890191285757661997504263116674532679660241461943729021062100335810681455036740489926091907012014214354962725779192014177461588687782620732423477938309762586472820939518418639951304490287834930577602966810901289005708904210721093840911461575095515736475556330614961262086265552692956940091705625535714655529007119457253599813404716077212154837717741163354264833682365475576010856830705581085266471748132384210261730037729457767992741084399429733882076776938305610821919335748683711747381784514831588760351703689669393746314812463978298938768217275665464335404426410278361687555072474515422666179404985651568639504070926712819955420448969159743874035878489475703789660420503087572577254880506181036741892002801235481423441460284300862217590620937696078383333801338505977165498145407586895383039258585503678491432223156944100961587825534762491733195680069447164494814884684045766280426496387373794419610515973191032047582506445746892390524898789485965006467260227572531034233204262406076666327100656416706265538873237920617343174413806888559251080498221232981341897932096731003034464905513423044380216772891733455962261819120528611584746930526122384230205610893511058638493809832695608857008155407006835369868074541243196076087667770915230269191351237061678145938939300784942332052690682828190500934513033152656085421667452754339171722306878243164552279516569539861691379589706415462204236248927355842027014034950250554819616605291609606202103858102587207480330545248427697520034859596072103973986020830971387033178761272769019494830117283291900450425096693545024	1315267574439181606983707707987707236745983676064282372740517360531957062386118486883030147116071480172692851725651676452519508738925022804609568264275165801097148679129773584233322761075347873934685711205347426468510890059535444927391550454324394807781239130225056521716715452464108801337503192700798567028701944896521753977297888682020750583033995720347893496742893394876841060885470344227538828273649405432204977382867831697435740626970812151492597352581364309001222024664449663658716967695225094761526868943121942505743675754185288714932343746175002930795895429200492550947096105138777706005318921424540939175515827556447794121612336581578291135176497629207691110978722233672397678264700048571549314438146655713142723027175568442702087897094894092922614105170588571972103181990203683017067346825595389304125930181650893982020427874598869690691794328673892559259788235654015608527745698277476994809590494555541564832058955286984880180792644372303711167894117300055490082896597356349553943672998124820609547353996640617243090951298646074567224328210738011430971137450755182891994694002543406140926716302909227811572688118452190529243492626835289212487194938043562793415646506731841935849547674334298179347280735296279260399848015180140275918078065869291019031355574632308623910947563871190294271998853981475333325967203939905946844079779617736990452188101243090923244634934213167945201712288937269432160770560685409831801933167059960120063474976865577682424271484821714347998228505977046745102930712865580162231962151256416766242897191041503961126566642870641358513617875838731040653858136825567560936189248685279630964494409005275050577	-1,6,6,6,6,6,6,6,6,-6,-6	-7,6,6,6,6,6,6,-6,-6,-6,-6	ok
-0.990991	-12.672673	-51.412290	0.734785	full	1315334950959163681376175034067925260445751090756117833592045350251898822407810298493169161029872050515647615801599263016773169408347341527943959778587160617221116494300790536103678199942060179940292166307370699650503173345091308682612598548263746291545098705408628688332261272517629335483902197088655201032876969561109418094941160609423995188468795487726704726318946572302490449736473475500754719981246077088385270882699863765061616966666951609883180865734678805492338296705900173921074663688429978396011542429931725552006967300379619462210345246691471462306913375838735357102267211949900042057938696096499431604415317498423321691994831679508576703658531276625514031103741916475314871547165922843886883809167944659689892966858444358631341136121035980324689870888487390572706708893842682356638928335701837537478897152885294721910457091447736758612283573865209374938118462223021915129236997859503986786981858184696832052496498234995740618587724833008979973844083727470364314420447143782533714818002558620041255565822441027061724070753184216000793263007348015939356672283370977629978687724485301902180775904254247429884949577339906682231870505909797141884859680423661562642647877595014904917590999509246846762604879493862532001910853794408953221812779867254985985933101027193537191823378083035389405660344952313487305182007498860916043284800788713290725165710648490528581775359241097935717109717315586083178755672754250411434355485084972568322955092963752872714794016689088036591802019254410509366443540941744438503922932932034758938179450806637171707679272977073003421327632668708712000490540623261487601492844940741332567378478503573543020	1315267574439181606983707707987707236745983676064282372740517360531957062386118486883030147116071480172692851725651676452519508738925022804609568264275165801097148679129773584233322761075347873934685711205347426468510890059535444927391550454324394807781239130225056521716715452464108801337503192700798567028701944896521753977297888682020750583033995720347893496742893394876841060885470344227538828273649405432204977382867831697435740626970812151492597352581364309001222024664449663658716967695225094761526868943121942505743675754185288714932343746175002930795895429200492550947096105138777706005318921424540939175515827556447794121612336581578291135176497629207691110978722233672397678264700048571549314438146655713142723027175568442702087897094894092922614105170588571972103181990203683017067346825595389304125930181650893982020427874598869690691794328673892559259788235654015608527745698277476994809590494555541564832058955286984880180792644372303711167894117300055490082896597356349553943672998124820609547353996640617243090951298646074567224328210738011430971137450755182891994694002543406140926716302909227811572688118452190529243492626835289212487194938043562793415646506731841935849547674334298179347280735296279260399848015180140275918078065869291019031355574632308623910947563871190294271998853981475333325967203939905946844079779617736990452188101243090923244634934213167945201712288937269432160770560685409831801933167059960120063474976865577682424271484821714347998228505977046745102930712865580162231962151256416766242897191041503961126566642870641358513617875838731040653858136825567560936189248685279630964494409005275050577	-1,6,6,6,6,6,6,6,-6,-6,-6	-7,6,6,6,6,6,6,-6,-6,-6,-6	ok
-0.986987	-12.672673	-42.059684	0.752101	continued:5	1546451442055839449047331348679347585569790892831382892074611050499739342122623890191285757661997504263116674532679660241461943729021062100335810681455036740489926091907012014214354962725779192014177461588687782620732423477938309762586472820939518418639951304490287834930577602966810901289005708904210721093840911461575095515736475556330614961262086265552692956940091705625535714655529007119457253599813404716181513452204002243907589275886879764918846747517878625541335814566703081636015466407122807856776383146563218947056646762827441833187683666929665641309578090790455070655117462801564267407486837712529883794506133755708522678105754899684372540270780894960765900550473331330728797956600369345146459245244959860906681077547448070250505371499554664201313136748085609042104924706396855693731480178260332233665399476497545194935577112344341908734420629738749482018051842027888198522830997982411216460957331181612223736020708747752081780058108394421756187521574095883014955513167983439050783225925291466091491145296681233869512423833564471314770597322608327137309507737875730811199534567725407564989418104365061598213814969447365037474039634533293469014831727705922656407118419260598214202482954627059351776227149087314632099967066400140895743368353850038932782571119225024844559256018870034617117487967655345694116100015894685919063894158548167127827796262602105573888420160344771283971245453026463849584912756467833684518076032960627073279100598145710717695040340643007583477092219694552397325662038232568508654022094966316018382716836717321391078797494174696060275862456749006951192202526897052963278032459532619592545455188169859709034	1315267574439181606983707707987707236745983676064282372740517360531957062386118486883030147116071480172692851725651676452519508738925022804609568264275165801097148679129773584233322761075347873934685711205347426468510890059535444927391550454324394807781239130225056521716715452464108801337503192700798567028701944896521753977297888682020750583033995720347893496742893394876841060885470344227538828273649405432204977382867831697435740626970812151492597352581364309001222024664449663658716967695225094761526868943121942505743675754185288714932343746175002930795895429200492550947096105138777706005318921424540939175515827556447794121612336581578291135176497629207691110978722233672397678264700048571549314438146655713142723027175568442702087897094894092922614105170588571972103181990203683017067346825595389304125930181650893982020427874598869690691794328673892559259788235654015608527745698277476994809590494555541564832058955286984880180792644372303711167894117300055490082896597356349553943672998124820609547353996640617243090951298646074567224328210738011430971137450755182891994694002543406140926716302909227811572688118452190529243492626835289212487194938043562793415646506731841935849547674334298179347280735296279260399848015180140275918078065869291019031355574632308623910947563871190294271998853981475333325967203939905946844079779617736990452188101243090923244634934213167945201712288937269432160770560685409831801933167059960120063474976865577682424271484821714347998228505977046745102930712865580162231962151256416766242897191041503961126566642870641358513617875838731040653858136825567560936189248685279630964494409005275050577	-1,-7,6,6,6,6,6,6,6,-6,-6	-7,6,6,6,6,6,6,-6,-6,-6,-6	ok
-0.982983	-12.672673	-44.064720	0.754894	continued:5	1546451442055839449047331348679347585569790892831382892074611050499739342122623890191285757661997504263116674532679660241461943729021062100335810681455036740489926091907012014214354962725779192014177461588687782620732423477938309762586472820939518418639951304490287834930577602966810901289005708904210721093840911461575095515736475556330614961262086265552692956940091705625535714655529007119457253599813404716181513452204002243907589275886879764918846747517878625541335814566703081636015466407122807856776383146563218947056646762827441833187683666929665641309578090790455070655117462801564267407486837712529883794506133755708522678105754899684372540270780894960765900550473331330728797956600369345146459245244959860906681077547448070250505371499554664201313136748085609042104924706396855693731480178260332233665399476495786529849748750623494849455708107334772392919300616651560053225602685251765181306628342469179397159943943764777571274696975460522928220777834691494114277218260573981604507649595537421778973667512625782265805614218573561969789842229878096375892834264054357824364678302244170437198709533008435172506770281123161717700959410863125896865027798373893163908938068774344646263147021208955312338765206460115467628872683610032205312644846002387004216747989247165416851474553986598495762280889455871354403583598103868284186508468983168709416979838002545685566562445114796576538693847528239673585350305206501533633203409882477331410548328856715648040153201817668288868945013548285563177316236996331619623578709167680934670775031374590796907140898579291406921131244225180340592163327964053281472955511074328671699486922345038238206	1315267574439181606983707707987707236745983676064282372740517360531957062386118486883030147116071480172692851725651676452519508738925022804609568264275165801097148679129773584233322761075347873934685711205347426468510890059535444927391550454324394807781239130225056521716715452464108801337503192700798567028701944896521753977297888682020750583033995720347893496742893394876841060885470344227538828273649405432204977382867831697435740626970812151492597352581364309001222024664449663658716967695225094761526868943121942505743675754185288714932343746175002930795895429200492550947096105138777706005318921424540939175515827556447794121612336581578291135176497629207691110978722233672397678264700048571549314438146655713142723027175568442702087897094894092922614105170588571972103181990203683017067346825595389304125930181650893982020427874598869690691794328673892559259788235654015608527745698277476994809590494555541564832058955286984880180792644372303711167894117300055490082896597356349553943672998124820609547353996640617243090951298646074567224328210738011430971137450755182891994694002543406140926716302909227811572688118452190529243492626835289212487194938043562793415646506731841935849547674334298179347280735296279260399848015180140275918078065869291019031355574632308623910947563871190294271998853981475333325967203939905946844079779617736990452188101243090923244634934213167945201712288937269432160770560685409831801933167059960120063474976865577682424271484821714347998228505977046745102930712865580162231962151256416766242897191041503961126566642870641358513617875838731040653858136825567560936189248685279630964494409005275050577	0,-7,6,6,6,6,6,6,6,-6,-6	-7,6,6,6,6,6,6,-6,-6,-6,-6	ok
-0.978979	-12.672673	-45.386514	0.752101	continued:5	1546451442055839449047331348679347585569790892831382892074611050499739342122623890191285757661997504263116674532679660241461943729021062100335810681455036740489926091907012014214354962725779192014177461588687782620732423477938309762586472820939518418639951304490287834930577602966810901289005708904210721093840911461575095515736475556330614961262086265552692956940091705625535714655529007119457253599813404716181513452204002243907589275886879764918846747517878625541335814566703081636015466407122807856776383146563218947056646762827441833187683666929665641309578090790455070655117462801564267407486837712529883794506133755708522678105754899684372540270780894960765900550473331330728797956600369345146459245244959860906681077547448070250505371499554664201313136748085609042104924706396855693731480178260332233665399476495786529849748750623494849455708107334772392919300616651560053225602685251765181306628342469179397159943943764777571274696975460522928220777834691494114277218260573981604507649595537421778973667512625782265805614218573561969789842229878096375892834264054357824364678302244170437198709533008435172506770281123161717700959410863125896865027798373893163908938068774344646263147021208955312338765206460115467628872683610032205312644846002387004216747989247165416851474553986598495762280889455871354403583598103868284186508468983168709416979838002545685566562445114796576538693847528239673585350305206501533633203409882477331410548328856715648040153201817668288868945013548285563177316236996331619623578709167680934670775031374590796907140898579291406921131244225180340592163327964053281472955511074328671699486922345038238206	1315267574439181606983707707987707236745983676064282372740517360531957062386118486883030147116071480172692851725651676452519508738925022804609568264275165801097148679129773584233322761075347873934685711205347426468510890059535444927391550454324394807781239130225056521716715452464108801337503192700798567028701944896521753977297888682020750583033995720347893496742893394876841060885470344227538828273649405432204977382867831697435740626970812151492597352581364309001222024664449663658716967695225094761526868943121942505743675754185288714932343746175002930795895429200492550947096105138777706005318921424540939175515827556447794121612336581578291135176497629207691110978722233672397678264700048571549314438146655713142723027175568442702087897094894092922614105170588571972103181990203683017067346825595389304125930181650893982020427874598869690691794328673892559259788235654015608527745698277476994809590494555541564832058955286984880180792644372303711167894117300055490082896597356349553943672998124820609547353996640617243090951298646074567224328210738011430971137450755182891994694002543406140926716302909227811572688118452190529243492626835289212487194938043562793415646506731841935849547674334298179347280735296279260399848015180140275918078065869291019031355574632308623910947563871190294271998853981475333325967203939905946844079779617736990452188101243090923244634934213167945201712288937269432160770560685409831801933167059960120063474976865577682424271484821714347998228505977046745102930712865580162231962151256416766242897191041503961126566642870641358513617875838731040653858136825567560936189248685279630964494409005275050577	0,-7,6,6,6,6,6,6,6,-6,-6	-7,6,6,6,6,6,6,-6,-6,-6,-6	ok
-0.974975	-12.672673	-46.489798	0.749307	continued:5	1546451442055839449047331348679347585569790892831382892074611050499739342122623890191285757661997504263116674532679660241461943729021062100335810681455036740489926091907012014214354962725779192014177461588687782620732423477938309762586472820939518418639951304490287834930577602966810901289005708904210721093840911461575095515736475556330614961262086265552692956940091705625535714655529007119457253599813404716181513452204002243907589275886879764918846747517878625541335814566703081636015466407122807856776383146563218947056646762827441833187683666929665641309578090790455070655117462801564267407486837712529883794506133755708522678105754899684372540270780894960765900550473331330728797956600369345146459245244959860906681077547448070250505371499554664201313136748085609042104924706396855693731480178260332233665399476495786529849748750623494849455708107334772392919300616651560053225602685251765181306628342469179397159943943764777571274696975460522928220777834691494114277218260573981604507649595537421778973667512625782265805614218573561969789842229878096375892834264054357824364678302244170437198709533008435172506770281123161717700959410863125896865027798373893163908938068774344646263147021208955312338765206460115467628872683610032205312644846002387004216747989247165416851474553986598495762280889455871354403583598103868284186508468983168709416979838002545685566562445114796576538693847528239673585350305206501533633203409882477331410548328856715648040153201817668288868945013548285563177316236996331619623578709167680934670775031374590796907140898579291406921131244225180340592163327964053281472955511074328671699486922345038238206	1315267574439181606983707707987707236745983676064282372740517360531957062386118486883030147116071480172692851725651676452519508738925022804609568264275165801097148679129773584233322761075347873934685711205347426468510890059535444927391550454324394807781239130225056521716715452464108801337503192700798567028701944896521753977297888682020750583033995720347893496742893394876841060885470344227538828273649405432204977382867831697435740626970812151492597352581364309001222024664449663658716967695225094761526868943121942505743675754185288714932343746175002930795895429200492550947096105138777706005318921424540939175515827556447794121612336581578291135176497629207691110978722233672397678264700048571549314438146655713142723027175568442702087897094894092922614105170588571972103181990203683017067346825595389304125930181650893982020427874598869690691794328673892559259788235654015608527745698277476994809590494555541564832058955286984880180792644372303711167894117300055490082896597356349553943672998124820609547353996640617243090951298646074567224328210738011430971137450755182891994694002543406140926716302909227811572688118452190529243492626835289212487194938043562793415646506731841935849547674334298179347280735296279260399848015180140275918078065869291019031355574632308623910947563871190294271998853981475333325967203939905946844079779617736990452188101243090923244634934213167945201712288937269432160770560685409831801933167059960120063474976865577682424271484821714347998228505977046745102930712865580162231962151256416766242897191041503961126566642870641358513617875838731040653858136825567560936189248685279630964494409005275050577	0,-7,6,6,6,6,6,6,6,-6,-6	-7,6,6,6,6,6,6,-6,-6,-6,-6	ok
-0.970971	-12.672673	-47.447421	0.746514	continued:5	1315334950959163681376175034067925260445751090756117833592045350251898822407810298493169161029872050515647615801599263016773169408347341527943959778587160617221116494300790536103678199942060179940292166307370699650503173345091308682612598548263746291545098705408628688332261272517629335483902197088655201032876969561109418094941160609423995188468795487726704726318946572302490449736473475500754719981246077088477648076400094736169065430897847080750174419096417267606672767746712335508050371599534488907759250910502387627149111609289469196029800797404042694265437409832161990778141478360573739612231552250687458454958001824059935045466245630265741161996395931016942861194683973383718138645821128027649341392901893784111098200443851393450533983433744382543232756033516831143131431836927034122312469101982101284718882668015130451473451251165442186194544177210314233542823286743284868454934755081357654849749901900050233914283063310987130314328354001314437111375118858096099108179896056389109330865284924780853196095164469271093934236434376020956441437604462439065916257674811032571442207233441952710282707015431866355309766683867313962654130245623120585154913121301645568149828768467965541762074460684047666624438914078737400641167248335851588178045362930958554517225582827190179565822630790264865364566360408234242651009222385768700293569990981365204608905154633619718184046226869245510898190609447643227908760274263083211729023328092203655078529405533007552144055273020089811583549353385808325026632258163033195443489860344023245185535870035892489292616119638929549686247059440120316378909293756605444429068890777312114974810375015704931586	1315267574439181606983707707987707236745983676064282372740517360531957062386118486883030147116071480172692851725651676452519508738925022804609568264275165801097148679129773584233322761075347873934685711205347426468510890059535444927391550454324394807781239130225056521716715452464108801337503192700798567028701944896521753977297888682020750583033995720347893496742893394876841060885470344227538828273649405432204977382867831697435740626970812151492597352581364309001222024664449663658716967695225094761526868943121942505743675754185288714932343746175002930795895429200492550947096105138777706005318921424540939175515827556447794121612336581578291135176497629207691110978722233672397678264700048571549314438146655713142723027175568442702087897094894092922614105170588571972103181990203683017067346825595389304125930181650893982020427874598869690691794328673892559259788235654015608527745698277476994809590494555541564832058955286984880180792644372303711167894117300055490082896597356349553943672998124820609547353996640617243090951298646074567224328210738011430971137450755182891994694002543406140926716302909227811572688118452190529243492626835289212487194938043562793415646506731841935849547674334298179347280735296279260399848015180140275918078065869291019031355574632308623910947563871190294271998853981475333325967203939905946844079779617736990452188101243090923244634934213167945201712288937269432160770560685409831801933167059960120063474976865577682424271484821714347998228505977046745102930712865580162231962151256416766242897191041503961126566642870641358513617875838731040653858136825567560936189248685279630964494409005275050577	0,-7,6,6,6,6,6,6,-6,-6,-6	-7,6,6,6,6,6,6,-6,-6,-6,-6	ok
-0.966967	-12.672673	-48.284858	0.743721	continued:5	1315334950959163681376175034067925260445751090756117833592045350251898822407810298493169161029872050515647615801599263016773169408347341527943959778587160617221116494300790536103678199942060179940292166307370699650503173345091308682612598548263746291545098705408628688332261272517629335483902197088655201032876969561109418094941160609423995188468795487726704726318946572302490449736473475500754719981246077088477648076400094736169065430897847080750174419096417267606672767746712335508050371599534488907759250910502387627149111609289469196029800797404042694265437409832161990778141478360573739612231552250687458454958001824059935045466245630265741161996395931016942861194683973383718138645821128027649341392901893784111098200443851393450533983433744382543232756033516831143131431836927034122312469101982101284718882668018374319474414500818338288991997547625379926324614490671295718980774857909912483528101531048571941334097021965337500546633712347626967500933888876815827995986911568729349896779766062178596397115649169653816715791717840366839248366368889207632500685481607622450731975917553083059323237735107990576008665975472281707927221554932805501606684289786315385272752263975670278102200962184805839458132840261179969059850352985667651436253195538747181114654680303742080792867198247796409239360342449165223132875361444367561182728482305560381845054034554546154308772714886878772518959942736231516561173234603731585344940796128328036716104630255578376036265456323628686502079131671306450854009684998699020205715508959516507551842716029058772029995984583393502873257300683752005728725239811546550015915902532676090947876687154694154219	1315267574439181606983707707987707236745983676064282372740517360531957062386118486883030147116071480172692851725651676452519508738925022804609568264275165801097148679129773584233322761075347873934685711205347426468510890059535444927391550454324394807781239130225056521716715452464108801337503192700798567028701944896521753977297888682020750583033995720347893496742893394876841060885470344227538828273649405432204977382867831697435740626970812151492597352581364309001222024664449663658716967695225094761526868943121942505743675754185288714932343746175002930795895429200492550947096105138777706005318921424540939175515827556447794121612336581578291135176497629207691110978722233672397678264700048571549314438146655713142723027175568442702087897094894092922614105170588571972103181990203683017067346825595389304125930181650893982020427874598869690691794328673892559259788235654015608527745698277476994809590494555541564832058955286984880180792644372303711167894117300055490082896597356349553943672998124820609547353996640617243090951298646074567224328210738011430971137450755182891994694002543406140926716302909227811572688118452190529243492626835289212487194938043562793415646506731841935849547674334298179347280735296279260399848015180140275918078065869291019031355574632308623910947563871190294271998853981475333325967203939905946844079779617736990452188101243090923244634934213167945201712288937269432160770560685409831801933167059960120063474976865577682424271484821714347998228505977046745102930712865580162231962151256416766242897191041503961126566642870641358513617875838731040653858136825567560936189248685279630964494409005275050577	1,-7,6,6,6,6,6,6,-6,-6,-6	-7,6,6,6,6,6,6,-6,-6,-6,-6	ok
-0.962963	-12.672673	-49.014613	0.740927	continued:5	1315334950959163681376175034067925260445751090756117833592045350251898822407810298493169161029872050515647615801599263016773169408347341527943959778587160617221116494300790536103678199942060179940292166307370699650503173345091308682612598548263746291545098705408628688332261272517629335483902197088655201032876969561109418094941160609423995188468795487726704726318946572302490449736473475500754719981246077088477648076400094736169065430897847080750174419096417267606672767746712335508050371599534488907759250910502387627149111609289469196029800797404042694265437409832161990778141478360573739612231552250687458454958001824059935045466245630265741161996395931016942861194683973383718138645821128027649341392901893784111098200443851393450533983433744382543232756033516831143131431836927034122312469101982101284718882668016752385473932875991890237593270862417847079933718888707290293717854806495635069188925716474311087624190042638162315430481033174470702306154503867455963552083403812559229613822525493479724796605406819462455325014076108193897844901986675823349208471578209327511087091575497517884802972375269928465659216329669797835290675900277963043380798705543980476711290516221817909932137711434426753041285877169958684850508800660759619807149279234852867815940131565466130179344914519030637301963351428699732891942291915068130738149236643462793226979594594082936246409470878062141708575276091937372234966754433407398536982062110265845897317017894292964090160364671859249042814242528557387940320971580866107824602684651769876368689293032475630661306052111161526279752180061936161053817266784075997222492396654994102961343531085199542902	1315267574439181606983707707987707236745983676064282372740517360531957062386118486883030147116071480172692851725651676452519508738925022804609568264275165801097148679129773584233322761075347873934685711205347426468510890059535444927391550454324394807781239130225056521716715452464108801337503192700798567028701944896521753977297888682020750583033995720347893496742893394876841060885470344227538828273649405432204977382867831697435740626970812151492597352581364309001222024664449663658716967695225094761526868943121942505743675754185288714932343746175002930795895429200492550947096105138777706005318921424540939175515827556447794121612336581578291135176497629207691110978722233672397678264700048571549314438146655713142723027175568442702087897094894092922614105170588571972103181990203683017067346825595389304125930181650893982020427874598869690691794328673892559259788235654015608527745698277476994809590494555541564832058955286984880180792644372303711167894117300055490082896597356349553943672998124820609547353996640617243090951298646074567224328210738011430971137450755182891994694002543406140926716302909227811572688118452190529243492626835289212487194938043562793415646506731841935849547674334298179347280735296279260399848015180140275918078065869291019031355574632308623910947563871190294271998853981475333325967203939905946844079779617736990452188101243090923244634934213167945201712288937269432160770560685409831801933167059960120063474976865577682424271484821714347998228505977046745102930712865580162231962151256416766242897191041503961126566642870641358513617875838731040653858136825567560936189248685279630964494409005275050577	-1,-7,6,6,6,6,6,6,-6,-6,-6	-7,6,6,6,6,6,6,-6,-6,-6,-6	ok
-0.958959	-12.672673	-49.646008	0.738134	continued:5	1315334950959163681376175034067925260445751090756117833592045350251898822407810298493169161029872050515647615801599263016773169408347341527943959778587160617221116494300790536103678199942060179940292166307370699650503173345091308682612598548263746291545098705408628688332261272517629335483902197088655201032876969561109418094941160609423995188468795487726704726318946572302490449736473475500754719981246077088477648076400094736169065430897847080750174419096417267606672767746712335508050371599534488907759250910502387627149111609289469196029800797404042694265437409832161990778141478360573739612231552250687458454958001824059935045466245630265741161996395931016942861194683973383718138645821128027649341392901893784111098200443851393450533983433744382543232756033516831143131431836927034122312469101982101284718882668016752385473932875991890237593270862417847079933718888707290293717854806495635069188925716474311087624190042638162315430481033174470702306154503867455963552083403812559229613822525493479724796605406819462455325014076108193897844901986675823349208471578209327511087091575497517884802972375269928465659216329669797835290675900277963043380798705543980476711290516221817909932137711434426753041285877169958684850508800660759619807149279234852867815940131565466130179344914519030637301963351428699732891942291915068130738149236643462793226979594594082936246409470878062141708575276091937372234966754433407398536982062110265845897317017894292964090160364671859249042814242528557387940320971580866107824602684651769876368689293032475630661306052111161526279752180061936161053817266784075997222492396654994102961343531085199542902	1315267574439181606983707707987707236745983676064282372740517360531957062386118486883030147116071480172692851725651676452519508738925022804609568264275165801097148679129773584233322761075347873934685711205347426468510890059535444927391550454324394807781239130225056521716715452464108801337503192700798567028701944896521753977297888682020750583033995720347893496742893394876841060885470344227538828273649405432204977382867831697435740626970812151492597352581364309001222024664449663658716967695225094761526868943121942505743675754185288714932343746175002930795895429200492550947096105138777706005318921424540939175515827556447794121612336581578291135176497629207691110978722233672397678264700048571549314438146655713142723027175568442702087897094894092922614105170588571972103181990203683017067346825595389304125930181650893982020427874598869690691794328673892559259788235654015608527745698277476994809590494555541564832058955286984880180792644372303711167894117300055490082896597356349553943672998124820609547353996640617243090951298646074567224328210738011430971137450755182891994694002543406140926716302909227811572688118452190529243492626835289212487194938043562793415646506731841935849547674334298179347280735296279260399848015180140275918078065869291019031355574632308623910947563871190294271998853981475333325967203939905946844079779617736990452188101243090923244634934213167945201712288937269432160770560685409831801933167059960120063474976865577682424271484821714347998228505977046745102930712865580162231962151256416766242897191041503961126566642870641358513617875838731040653858136825567560936189248685279630964494409005275050577	-1,-7,6,6,6,6,6,6,-6,-6,-6	-7,6,6,6,6,6,6,-6,-6,-6,-6	ok
-0.954955	-12.672673	-50.187999	0.735341	continued:5	1315334950959163681376175034067925260445751090756117833592045350251898822407810298493169161029872050515647615801599263016773169408347341527943959778587160617221116494300790536103678199942060179940292166307370699650503173345091308682612598548263746291545098705408628688332261272517629335483902197088655201032876969561109418094941160609423995188468795487726704726318946572302490449736473475500754719981246077088477648076400094736169065430897847080750174419096417267606672767746712335508050371599534488907759250910502387627149111609289469196029800797404042694265437409832161990778141478360573739612231552250687458454958001824059935045466245630265741161996395931016942861194683973383718138645821128027649341392901893784111098200443851393450533983433744382543232756033516831143131431836927034122312469101982101284718882668016752385473932875991890237593270862417847079933718888707290293717854806495635069188925716474311087624190042638162315430481033174470702306154503867455963552083403812559229613822525493479724796605406819462455325014076108193897844901986675823349208471578209327511087091575497517884802972375269928465659216329669797835290675900277963043380798705543980476711290516221817909932137711434426753041285877169958684850508800660759619807149279234852867815940131565466130179344914519030637301963351428699732891942291915068130738149236643462793226979594594082936246409470878062141708575276091937372234966754433407398536982062110265845897317017894292964090160364671859249042814242528557387940320971580866107824602684651769876368689293032475630661306052111161526279752180061936161053817266784075997222492396654994102961343531085199542902	1315267574439181606983707707987707236745983676064282372740517360531957062386118486883030147116071480172692851725651676452519508738925022804609568264275165801097148679129773584233322761075347873934685711205347426468510890059535444927391550454324394807781239130225056521716715452464108801337503192700798567028701944896521753977297888682020750583033995720347893496742893394876841060885470344227538828273649405432204977382867831697435740626970812151492597352581364309001222024664449663658716967695225094761526868943121942505743675754185288714932343746175002930795895429200492550947096105138777706005318921424540939175515827556447794121612336581578291135176497629207691110978722233672397678264700048571549314438146655713142723027175568442702087897094894092922614105170588571972103181990203683017067346825595389304125930181650893982020427874598869690691794328673892559259788235654015608527745698277476994809590494555541564832058955286984880180792644372303711167894117300055490082896597356349553943672998124820609547353996640617243090951298646074567224328210738011430971137450755182891994694002543406140926716302909227811572688118452190529243492626835289212487194938043562793415646506731841935849547674334298179347280735296279260399848015180140275918078065869291019031355574632308623910947563871190294271998853981475333325967203939905946844079779617736990452188101243090923244634934213167945201712288937269432160770560685409831801933167059960120063474976865577682424271484821714347998228505977046745102930712865580162231962151256416766242897191041503961126566642870641358513617875838731040653858136825567560936189248685279630964494409005275050577	-1,-7,6,6,6,6,6,6,-6,-6,-6	-7,6,6,6,6,6,6,-6,-6,-6,-6	ok
-0.950951	-12.672673	-50.649704	0.732547	continued:5	1315334950959163681376175034067925260445751090756117833592045350251898822407810298493169161029872050515647615801599263016773169408347341527943959778587160617221116494300790536103678199942060179940292166307370699650503173345091308682612598548263746291545098705408628688332261272517629335483902197088655201032876969561109418094941160609423995188468795487726704726318946572302490449736473475500754719981246077088477648076400094736169065430897847080750174419096417267606672767746712335508050371599534488907759250910502387627149111609289469196029800797404042694265437409832161990778141478360573739612231552250687458454958001824059935045466245630265741161996395931016942861194683973383718138645821128027649341392901893784111098200443851393450533983433744382543232756033516831143131431836927034122312469101982101284718882668016752385473932875991890237593270862417847079933718888707290293717854806495635069188925716474311087624190042638162315430481033174470702306154503867455963552083403812559229613822525493479724796605406819462455325014076108193897844901986675823349208471578209327511087091575497517884802972375269928465659216329669797835290675900277963043380798705543980476711290516221817909932137711434426753041285877169958684850508800660759619807149279234852867815940131565466130179344914519030637301963351428699732891942291915068130738149236643462793226979594594082936246409470878062141708575276091937372234966754433407398536982062110265845897317017894292964090160364671859249042814242528557387940320971580866107824602684651769876368689293032475630661306052111161526279752180061936161053817266784075997222492396654994102961343531085199542902	1315267574439181606983707707987707236745983676064282372740517360531957062386118486883030147116071480172692851725651676452519508738925022804609568264275165801097148679129773584233322761075347873934685711205347426468510890059535444927391550454324394807781239130225056521716715452464108801337503192700798567028701944896521753977297888682020750583033995720347893496742893394876841060885470344227538828273649405432204977382867831697435740626970812151492597352581364309001222024664449663658716967695225094761526868943121942505743675754185288714932343746175002930795895429200492550947096105138777706005318921424540939175515827556447794121612336581578291135176497629207691110978722233672397678264700048571549314438146655713142723027175568442702087897094894092922614105170588571972103181990203683017067346825595389304125930181650893982020427874598869690691794328673892559259788235654015608527745698277476994809590494555541564832058955286984880180792644372303711167894117300055490082896597356349553943672998124820609547353996640617243090951298646074567224328210738011430971137450755182891994694002543406140926716302909227811572688118452190529243492626835289212487194938043562793415646506731841935849547674334298179347280735296279260399848015180140275918078065869291019031355574632308623910947563871190294271998853981475333325967203939905946844079779617736990452188101243090923244634934213167945201712288937269432160770560685409831801933167059960120063474976865577682424271484821714347998228505977046745102930712865580162231962151256416766242897191041503961126566642870641358513617875838731040653858136825567560936189248685279630964494409005275050577	-1,-7,6,6,6,6,6,6,-6,-6,-6	-7,6,6,6,6,6,6,-6,-6,-6,-6	ok
-0.946947	-12.672673	-51.040283	0.729754	continued:5	1315334950959163681376175034067925260445751090756117833592045350251898822407810298493169161029872050515647615801599263016773169408347341527943959778587160617221116494300790536103678199942060179940292166307370699650503173345091308682612598548263746291545098705408628688332261272517629335483902197088655201032876969561109418094941160609423995188468795487726704726318946572302490449736473475500754719981246077088385270882699863765061616966666951609883180865734678805492338296705900173921074663688429978396011542429931725552006967300379619462210345246691471462306913375838735357102267211949900042057938696096499431604415317498423321691994831679508576703658531276625514031103741916475314871547165922843886883809167944659689892966858444358631341136121035980324689870888487390572706708893842682356638928335701837537478897152885294721910457091447736758612283573865209374938118462223021915129236997859503986786981858184696832052496498234995740618587724833008979973844083727470364314420447143782533714818002558620041255565822441027061724070753184216000793263007348015939356672283370977629978687724485301902180775904254247429884949577339906682231870505909797141884859680423661562642647877595014904917590999509246846762604879493862532001910853794408953221812779867254985985933101027193537191823378083035389405660344952313487305182007498860916043284800788713290725165710648490528581775359241097935717109717315586083178755672754250411434355485084972568322955092963752872714794016689088036591802019254410509366443540941744438503922932932034758938179450806637171707679272977073003421327632668708712000490540623261487601492844940741332567378478503573543020	1315267574439181606983707707987707236745983676064282372740517360531957062386118486883030147116071480172692851725651676452519508738925022804609568264275165801097148679129773584233322761075347873934685711205347426468510890059535444927391550454324394807781239130225056521716715452464108801337503192700798567028701944896521753977297888682020750583033995720347893496742893394876841060885470344227538828273649405432204977382867831697435740626970812151492597352581364309001222024664449663658716967695225094761526868943121942505743675754185288714932343746175002930795895429200492550947096105138777706005318921424540939175515827556447794121612336581578291135176497629207691110978722233672397678264700048571549314438146655713142723027175568442702087897094894092922614105170588571972103181990203683017067346825595389304125930181650893982020427874598869690691794328673892559259788235654015608527745698277476994809590494555541564832058955286984880180792644372303711167894117300055490082896597356349553943672998124820609547353996640617243090951298646074567224328210738011430971137450755182891994694002543406140926716302909227811572688118452190529243492626835289212487194938043562793415646506731841935849547674334298179347280735296279260399848015180140275918078065869291019031355574632308623910947563871190294271998853981475333325967203939905946844079779617736990452188101243090923244634934213167945201712288937269432160770560685409831801933167059960120063474976865577682424271484821714347998228505977046745102930712865580162231962151256416766242897191041503961126566642870641358513617875838731040653858136825567560936189248685279630964494409005275050577	-1,6,6,6,6,6,6,6,-6,-6,-6	-7,6,6,6,6,6,6,-6,-6,-6,-6	ok
-0.942943	-12.672673	-51.368751	0.732213	full	1315334950959163681376175034067925260445751090756117833592045350251898822407810298493169161029872050515647615801599263016773169408347341527943959778587160617221116494300790536103678199942060179940292166307370699650503173345091308682612598548263746291545098705408628688332261272517629335483902197088655201032876969561109418094941160609423995188468795487726704726318946572302490449736473475500754719981246077088385270882699863765061616966666951609883180865734678805492338296705900173921074663688429978396011542429931725552006967300379619462210345246691471462306913375838735357102267211949900042057938696096499431604415317498423321691994831679508576703658531276625514031103741916475314871547165922843886883809167944659689892966858444358631341136121035980324689870888487390572706708893842682356638928335701837537478897152885294721910457091447736758612283573865209374938118462223021915129236997859503986786981858184696832052496498234995740618587724833008979973844083727470364314420447143782533714818002558620041255565822441027061724070753184216000793263007348015939356672283370977629978687724485301902180775904254247429884949577339906682231870505909797141884859680423661562642647877595014904917590999509246846762604879493862532001910853794408953221812779867254985985933101027193537191823378083035389405660344952313487305182007498860916043284800788713290725165710648490528581775359241097935717109717315586083178755672754250411434355485084972568322955092963752872714794016689088036591802019254410509366443540941744438503922932932034758938179450806637171707679272977073003421327632668708712000490540623261487601492844940741332567378478503573543020	1315267574439181606983707707987707236745983676064282372740517360531957062386118486883030147116071480172692851725651676452519508738925022804609568264275165801097148679129773584233322761075347873934685711205347426468510890059535444927391550454324394807781239130225056521716715452464108801337503192700798567028701944896521753977297888682020750583033995720347893496742893394876841060885470344227538828273649405432204977382867831697435740626970812151492597352581364309001222024664449663658716967695225094761526868943121942505743675754185288714932343746175002930795895429200492550947096105138777706005318921424540939175515827556447794121612336581578291135176497629207691110978722233672397678264700048571549314438146655713142723027175568442702087897094894092922614105170588571972103181990203683017067346825595389304125930181650893982020427874598869690691794328673892559259788235654015608527745698277476994809590494555541564832058955286984880180792644372303711167894117300055490082896597356349553943672998124820609547353996640617243090951298646074567224328210738011430971137450755182891994694002543406140926716302909227811572688118452190529243492626835289212487194938043562793415646506731841935849547674334298179347280735296279260399848015180140275918078065869291019031355574632308623910947563871190294271998853981475333325967203939905946844079779617736990452188101243090923244634934213167945201712288937269432160770560685409831801933167059960120063474976865577682424271484821714347998228505977046745102930712865580162231962151256416766242897191041503961126566642870641358513617875838731040653858136825567560936189248685279630964494409005275050577	-1,6,6,6,6,6,6,6,-6,-6,-6	-7,6,6,6,6,6,6,-6,-6,-6,-6	ok
-0.938939	-12.672673	-42.430524	0.744673	continued:5	1315334950959163681376175034067925260445751090756117833592045350251898822407810298493169161029872050515647615801599263016773169408347341527943959778587160617221116494300790536103678199942060179940292166307370699650503173345091308682612598548263746291545098705408628688332261272517629335483902197088655201032876969561109418094941160609423995188468795487726704726318946572302490449736473475500754719981246077088477648076400094736169065430897847080750174419096417267606672767746712335508050371599534488907759250910502387627149111609289469196029800797404042694265437409832161990778141478360573739612231552250687458454958001824059935045466245630265741161996395931016942861194683973383718138645821128027649341392901893784111098200443851393450533983433744382543232756033516831143131431836927034122312469101982101284718882668016752385473932875991890237593270862417847079933718888707290293717854806495635069188925716474311087624190042638162315430481033174470702306154503867455963552083403812559229613822525493479724796605406819462455325014076108193897844901986675823349208471578209327511087091575497517884802972375269928465659216329669797835290675900277963043380798705543980476711290516221817909932137711434426753041285877169958684850508800660759619807149279234852867815940131565466130179344914519030637301963351428699732891942291915068130738149236643462793226979594594082936246409470878062141708575276091937372234966754433407398536982062110265845897317017894292964090160364671859249042814242528557387940320971580866107824602684651769876368689293032475630661306052111161526279752180061936161053817266784075997222492396654994102961343531085199542902	1315267574439181606983707707987707236745983676064282372740517360531957062386118486883030147116071480172692851725651676452519508738925022804609568264275165801097148679129773584233322761075347873934685711205347426468510890059535444927391550454324394807781239130225056521716715452464108801337503192700798567028701944896521753977297888682020750583033995720347893496742893394876841060885470344227538828273649405432204977382867831697435740626970812151492597352581364309001222024664449663658716967695225094761526868943121942505743675754185288714932343746175002930795895429200492550947096105138777706005318921424540939175515827556447794121612336581578291135176497629207691110978722233672397678264700048571549314438146655713142723027175568442702087897094894092922614105170588571972103181990203683017067346825595389304125930181650893982020427874598869690691794328673892559259788235654015608527745698277476994809590494555541564832058955286984880180792644372303711167894117300055490082896597356349553943672998124820609547353996640617243090951298646074567224328210738011430971137450755182891994694002543406140926716302909227811572688118452190529243492626835289212487194938043562793415646506731841935849547674334298179347280735296279260399848015180140275918078065869291019031355574632308623910947563871190294271998853981475333325967203939905946844079779617736990452188101243090923244634934213167945201712288937269432160770560685409831801933167059960120063474976865577682424271484821714347998228505977046745102930712865580162231962151256416766242897191041503961126566642870641358513617875838731040653858136825567560936189248685279630964494409005275050577	-1,-7,6,6,6,6,6,6,-6,-6,-6	-7,6,6,6,6,6,6,-6,-6,-6,-6	ok
-0.934935	-12.672673	-44.338646	0.747467	continued:5	1315334950959163681376175034067925260445751090756117833592045350251898822407810298493169161029872050515647615801599263016773169408347341527943959778587160617221116494300790536103678199942060179940292166307370699650503173345091308682612598548263746291545098705408628688332261272517629335483902197088655201032876969561109418094941160609423995188468795487726704726318946572302490449736473475500754719981246077088477648076400094736169065430897847080750174419096417267606672767746712335508050371599534488907759250910502387627149111609289469196029800797404042694265437409832161990778141478360573739612231552250687458454958001824059935045466245630265741161996395931016942861194683973383718138645821128027649341392901893784111098200443851393450533983433744382543232756033516831143131431836927034122312469101982101284718882668015130451473451251165442186194544177210314233542823286743284868454934755081357654849749901900050233914283063310987130314328354001314437111375118858096099108179896056389109330865284924780853196095164469271093934236434376020956441437604462439065916257674811032571442207233441952710282707015431866355309766683867313962654130245623120585154913121301645568149828768467965541762074460684047666624438914078737400641167248335851588178045362930958554517225582827190179565822630790264865364566360408234242651009222385768700293569990981365204608905154633619718184046226869245510898190609447643227908760274263083211729023328092203655078529405533007552144055273020089811583549353385808325026632258163033195443489860344023245185535870035892489292616119638929549686247059440120316378909293756605444429068890777312114974810375015704931586	1315267574439181606983707707987707236745983676064282372740517360531957062386118486883030147116071480172692851725651676452519508738925022804609568264275165801097148679129773584233322761075347873934685711205347426468510890059535444927391550454324394807781239130225056521716715452464108801337503192700798567028701944896521753977297888682020750583033995720347893496742893394876841060885470344227538828273649405432204977382867831697435740626970812151492597352581364309001222024664449663658716967695225094761526868943121942505743675754185288714932343746175002930795895429200492550947096105138777706005318921424540939175515827556447794121612336581578291135176497629207691110978722233672397678264700048571549314438146655713142723027175568442702087897094894092922614105170588571972103181990203683017067346825595389304125930181650893982020427874598869690691794328673892559259788235654015608527745698277476994809590494555541564832058955286984880180792644372303711167894117300055490082896597356349553943672998124820609547353996640617243090951298646074567224328210738011430971137450755182891994694002543406140926716302909227811572688118452190529243492626835289212487194938043562793415646506731841935849547674334298179347280735296279260399848015180140275918078065869291019031355574632308623910947563871190294271998853981475333325967203939905946844079779617736990452188101243090923244634934213167945201712288937269432160770560685409831801933167059960120063474976865577682424271484821714347998228505977046745102930712865580162231962151256416766242897191041503961126566642870641358513617875838731040653858136825567560936189248685279630964494409005275050577	0,-7,6,6,6,6,6,6,-6,-6,-6	-7,6,6,6,6,6,6,-6,-6,-6,-6	ok
-0.930931	-12.672673	-45.646136	0.744673	continued:5	1315334950959163681376175034067925260445751090756117833592045350251898822407810298493169161029872050515647615801599263016773169408347341527943959778587160617221116494300790536103678199942060179940292166307370699650503173345091308682612598548263746291545098705408628688332261272517629335483902197088655201032876969561109418094941160609423995188468795487726704726318946572302490449736473475500754719981246077088477648076400094736169065430897847080750174419096417267606672767746712335508050371599534488907759250910502387627149111609289469196029800797404042694265437409832161990778141478360573739612231552250687458454958001824059935045466245630265741161996395931016942861194683973383718138645821128027649341392901893784111098200443851393450533983433744382543232756033516831143131431836927034122312469101982101284718882668015130451473451251165442186194544177210314233542823286743284868454934755081357654849749901900050233914283063310987130314328354001314437111375118858096099108179896056389109330865284924780853196095164469271093934236434376020956441437604462439065916257674811032571442207233441952710282707015431866355309766683867313962654130245623120585154913121301645568149828768467965541762074460684047666624438914078737400641167248335851588178045362930958554517225582827190179565822630790264865364566360408234242651009222385768700293569990981365204608905154633619718184046226869245510898190609447643227908760274263083211729023328092203655078529405533007552144055273020089811583549353385808325026632258163033195443489860344023245185535870035892489292616119638929549686247059440120316378909293756605444429068890777312114974810375015704931586	1315267574439181606983707707987707236745983676064282372740517360531957062386118486883030147116071480172692851725651676452519508738925022804609568264275165801097148679129773584233322761075347873934685711205347426468510890059535444927391550454324394807781239130225056521716715452464108801337503192700798567028701944896521753977297888682020750583033995720347893496742893394876841060885470344227538828273649405432204977382867831697435740626970812151492597352581364309001222024664449663658716967695225094761526868943121942505743675754185288714932343746175002930795895429200492550947096105138777706005318921424540939175515827556447794121612336581578291135176497629207691110978722233672397678264700048571549314438146655713142723027175568442702087897094894092922614105170588571972103181990203683017067346825595389304125930181650893982020427874598869690691794328673892559259788235654015608527745698277476994809590494555541564832058955286984880180792644372303711167894117300055490082896597356349553943672998124820609547353996640617243090951298646074567224328210738011430971137450755182891994694002543406140926716302909227811572688118452190529243492626835289212487194938043562793415646506731841935849547674334298179347280735296279260399848015180140275918078065869291019031355574632308623910947563871190294271998853981475333325967203939905946844079779617736990452188101243090923244634934213167945201712288937269432160770560685409831801933167059960120063474976865577682424271484821714347998228505977046745102930712865580162231962151256416766242897191041503961126566642870641358513617875838731040653858136825567560936189248685279630964494409005275050577	0,-7,6,6,6,6,6,6,-6,-6,-6	-7,6,6,6,6,6,6,-6,-6,-6,-6	ok
-0.926927	-12.672673	-46.741203	0.741880	continued:5	1315334950959163681376175034067925260445751090756117833592045350251898822407810298493169161029872050515647615801599263016773169408347341527943959778587160617221116494300790536103678199942060179940292166307370699650503173345091308682612598548263746291545098705408628688332261272517629335483902197088655201032876969561109418094941160609423995188468795487726704726318946572302490449736473475500754719981246077088477648076400094736169065430897847080750174419096417267606672767746712335508050371599534488907759250910502387627149111609289469196029800797404042694265437409832161990778141478360573739612231552250687458454958001824059935045466245630265741161996395931016942861194683973383718138645821128027649341392901893784111098200443851393450533983433744382543232756033516831143131431836927034122312469101982101284718882668015130451473451251165442186194544177210314233542823286743284868454934755081357654849749901900050233914283063310987130314328354001314437111375118858096099108179896056389109330865284924780853196095164469271093934236434376020956441437604462439065916257674811032571442207233441952710282707015431866355309766683867313962654130245623120585154913121301645568149828768467965541762074460684047666624438914078737400641167248335851588178045362930958554517225582827190179565822630790264865364566360408234242651009222385768700293569990981365204608905154633619718184046226869245510898190609447643227908760274263083211729023328092203655078529405533007552144055273020089811583549353385808325026632258163033195443489860344023245185535870035892489292616119638929549686247059440120316378909293756605444429068890777312114974810375015704931586	1315267574439181606983707707987707236745983676064282372740517360531957062386118486883030147116071480172692851725651676452519508738925022804609568264275165801097148679129773584233322761075347873934685711205347426468510890059535444927391550454324394807781239130225056521716715452464108801337503192700798567028701944896521753977297888682020750583033995720347893496742893394876841060885470344227538828273649405432204977382867831697435740626970812151492597352581364309001222024664449663658716967695225094761526868943121942505743675754185288714932343746175002930795895429200492550947096105138777706005318921424540939175515827556447794121612336581578291135176497629207691110978722233672397678264700048571549314438146655713142723027175568442702087897094894092922614105170588571972103181990203683017067346825595389304125930181650893982020427874598869690691794328673892559259788235654015608527745698277476994809590494555541564832058955286984880180792644372303711167894117300055490082896597356349553943672998124820609547353996640617243090951298646074567224328210738011430971137450755182891994694002543406140926716302909227811572688118452190529243492626835289212487194938043562793415646506731841935849547674334298179347280735296279260399848015180140275918078065869291019031355574632308623910947563871190294271998853981475333325967203939905946844079779617736990452188101243090923244634934213167945201712288937269432160770560685409831801933167059960120063474976865577682424271484821714347998228505977046745102930712865580162231962151256416766242897191041503961126566642870641358513617875838731040653858136825567560936189248685279630964494409005275050577	0,-7,6,6,6,6,6,6,-6,-6,-6	-7,6,6,6,6,6,6,-6,-6,-6,-6	ok
-0.922923	-12.672673	-47.688025	0.739087	continued:5	1315334950959163681376175034067925260445751090756117833592045350251898822407810298493169161029872050515647615801599263016773169408347341527943959778587160617221116494300790536103678199942060179940292166307370699650503173345091308682612598548263746291545098705408628688332261272517629335483902197088655201032876969561109418094941160609423995188468795487726704726318946572302490449736473475500754719981246077088477648076400094736169065430897847080750174419096417267606672767746712335508050371599534488907759250910502387627149111609289469196029800797404042694265437409832161990778141478360573739612231552250687458454958001824059935045466245630265741161996395931016942861194683973383718138645821128027649341392901893784111098200443851393450533983433744382543232756033516831143131431836927034122312469101982101284718882668015130451473451251165442186194544177210314233542823286743284868454934755081357654849749901900050233914283063310987130314328354001314437111375118858096099108179896056389109330865284924780853196095164469271093934236434376020956441437604462439065916257674811032571442207233441952710282707015431866355309766683867313962654130245623120585154913121301645568149828768467965541762074460684047666624438914078737400641167248335851588178045362930958554517225582827190179565822630790264865364566360408234242651009222385768700293569990981365204608905154633619718184046226869245510898190609447643227908760274263083211729023328092203655078529405533007552144055273020089811583549353385808325026632258163033195443489860344023245185535870035892489292616119638929549686247059440120316378909293756605444429068890777312114974810375015704931586	1315267574439181606983707707987707236745983676064282372740517360531957062386118486883030147116071480172692851725651676452519508738925022804609568264275165801097148679129773584233322761075347873934685711205347426468510890059535444927391550454324394807781239130225056521716715452464108801337503192700798567028701944896521753977297888682020750583033995720347893496742893394876841060885470344227538828273649405432204977382867831697435740626970812151492597352581364309001222024664449663658716967695225094761526868943121942505743675754185288714932343746175002930795895429200492550947096105138777706005318921424540939175515827556447794121612336581578291135176497629207691110978722233672397678264700048571549314438146655713142723027175568442702087897094894092922614105170588571972103181990203683017067346825595389304125930181650893982020427874598869690691794328673892559259788235654015608527745698277476994809590494555541564832058955286984880180792644372303711167894117300055490082896597356349553943672998124820609547353996640617243090951298646074567224328210738011430971137450755182891994694002543406140926716302909227811572688118452190529243492626835289212487194938043562793415646506731841935849547674334298179347280735296279260399848015180140275918078065869291019031355574632308623910947563871190294271998853981475333325967203939905946844079779617736990452188101243090923244634934213167945201712288937269432160770560685409831801933167059960120063474976865577682424271484821714347998228505977046745102930712865580162231962151256416766242897191041503961126566642870641358513617875838731040653858136825567560936189248685279630964494409005275050577	0,-7,6,6,6,6,6,6,-6,-6,-6	-7,6,6,6,6,6,6,-6,-6,-6,-6	ok
-0.918919	-12.672673	-48.510768	0.736293	continued:5	1315334950959163681376175034067925260445751090756117833592045350251898822407810298493169161029872050515647615801599263016773169408347341527943959778587160617221116494300790536103678199942060179940292166307370699650503173345091308682612598548263746291545098705408628688332261272517629335483902197088655201032876969561109418094941160609423995188468795487726704726318946572302490449736473475500754719981246077088477648076400094736169065430897847080750174419096417267606672767746712335508050371599534488907759250910502387627149111609289469196029800797404042694265437409832161990778141478360573739612231552250687458454958001824059935045466245630265741161996395931016942861194683973383718138645821128027649341392901893784111098200443851393450533983433744382543232756033516831143131431836927034122312469101982101284718882668018374319474414500818338288991997547625379926324614490671295718980774857909912483528101531048571941334097021965337500546633712347626967500933888876815827995986911568729349896779766062178596397115649169653816715791717840366839248366368889207632500685481607622450731975917553083059323237735107990576008665975472281707927221554932805501606684289786315385272752263975670278102200962184805839458132840261179969059850352985667651436253195538747181114654680303742080792867198247796409239360342449165223132875361444367561182728482305560381845054034554546154308772714886878772518959942736231516561173234603731585344940796128328036716104630255578376036265456323628686502079131671306450854009684998699020205715508959516507551842716029058772029995984583393502873257300683752005728725239811546550015915902532676090947876687154694154219	1315267574425700017876207756656015377868692462350691643010079373038733147782045735658245022018763980406204507477042850210271738351600988141932540806990451189798492478026790810821598068801491716579365026973876915760986332623599110902784862259966150153094662489162289206058538530780838715784200744094878673696249163212480428109862123317026421484693544564823529922757120058913031037618310816976525036417163879015774723306438668454001835042836296663452617661681431068351705024436392060910237894541815049896542047581875095097894368452929396953271820209974600990631256897922752494215975384344465894960332855922618721506394707123867538312555666136604856984320579599104980676536623286474902420969805820512527025303132788130556427092109043027202152221571537910620029843035277972445871528974534203114745023728308228343573576221427053806383168076299412732481833273812535366714961776683714931357737918319229746149105716350226730854207182891539248818224987412264596297166029987475477489345042012258818454861353891849309517870792460015385250561406672818081384097867815583131414364498854387468452420051767066362749948887556194127119352912522216122382800874435930950621306851672539197948309232616110644770663893761858289198848760878506140425218906572482164580311710558678230699972806595276076760565420983861594576653761347301342485547096023298163963170535742043322271316369217853531679572509925997693551064083794447001239519370802449249114010590328011103732950778362262945176910496571792247833686346161316281132640912736705477217904375188916797764420569826132930658923199614349985863524561487911773763755893290259501917508342364696845044422777889095751940	1,-7,6,6,6,6,6,6,-6,-6,-6	-7,6,6,6,6,6,-6,-6,-6,-6,-6	ok
-0.914915	-12.672673	-49.222704	0.733500	continued:5	1315334950959163681376175034067925260445751090756117833592045350251898822407810298493169161029872050515647615801599263016773169408347341527943959778587160617221116494300790536103678199942060179940292166307370699650503173345091308682612598548263746291545098705408628688332261272517629335483902197088655201032876969561109418094941160609423995188468795487726704726318946572302490449736473475500754719981246077088477648076400094736169065430897847080750174419096417267606672767746712335508050371599534488907759250910502387627149111609289469196029800797404042694265437409832161990778141478360573739612231552250687458454958001824059935045466245630265741161996395931016942861194683973383718138645821128027649341392901893784111098200443851393450533983433744382543232756033516831143131431836927034122312469101982101284718882668018374319474414500818338288991997547625379926324614490671295718980774857909912483528101531048571941334097021965337500546633712347626967500933888876815827995986911568729349896779766062178596397115649169653816715791717840366839248366368889207632500685481607622450731975917553083059323237735107990576008665975472281707927221554932805501606684289786315385272752263975670278102200962184805839458132840261179969059850352985667651436253195538747181114654680303742080792867198247796409239360342449165223132875361444367561182728482305560381845054034554546154308772714886878772518959942736231516561173234603731585344940796128328036716104630255578376036265456323628686502079131671306450854009684998699020205715508959516507551842716029058772029995984583393502873257300683752005728725239811546550015915902532676090947876687154694154219	1315267574425700017876207756656015377868692462350691643010079373038733147782045735658245022018763980406204507477042850210271738351600988141932540806990451189798492478026790810821598068801491716579365026973876915760986332623599110902784862259966150153094662489162289206058538530780838715784200744094878673696249163212480428109862123317026421484693544564823529922757120058913031037618310816976525036417163879015774723306438668454001835042836296663452617661681431068351705024436392060910237894541815049896542047581875095097894368452929396953271820209974600990631256897922752494215975384344465894960332855922618721506394707123867538312555666136604856984320579599104980676536623286474902420969805820512527025303132788130556427092109043027202152221571537910620029843035277972445871528974534203114745023728308228343573576221427053806383168076299412732481833273812535366714961776683714931357737918319229746149105716350226730854207182891539248818224987412264596297166029987475477489345042012258818454861353891849309517870792460015385250561406672818081384097867815583131414364498854387468452420051767066362749948887556194127119352912522216122382800874435930950621306851672539197948309232616110644770663893761858289198848760878506140425218906572482164580311710558678230699972806595276076760565420983861594576653761347301342485547096023298163963170535742043322271316369217853531679572509925997693551064083794447001239519370802449249114010590328011103732950778362262945176910496571792247833686346161316281132640912736705477217904375188916797764420569826132930658923199614349985863524561487911773763755893290259501917508342364696845044422777889095751940	1,-7,6,6,6,6,6,6,-6,-6,-6	-7,6,6,6,6,6,-6,-6,-6,-6,-6	ok
-0.910911	-12.672673	-49.834443	0.730707	continued:5	1315334950959163681376175034067925260445751090756117833592045350251898822407810298493169161029872050515647615801599263016773169408347341527943959778587160617221116494300790536103678199942060179940292166307370699650503173345091308682612598548263746291545098705408628688332261272517629335483902197088655201032876969561109418094941160609423995188468795487726704726318946572302490449736473475500754719981246077088477648076400094736169065430897847080750174419096417267606672767746712335508050371599534488907759250910502387627149111609289469196029800797404042694265437409832161990778141478360573739612231552250687458454958001824059935045466245630265741161996395931016942861194683973383718138645821128027649341392901893784111098200443851393450533983433744382543232756033516831143131431836927034122312469101982101284718882668016752385473932875991890237593270862417847079933718888707290293717854806495635069188925716474311087624190042638162315430481033174470702306154503867455963552083403812559229613822525493479724796605406819462455325014076108193897844901986675823349208471578209327511087091575497517884802972375269928465659216329669797835290675900277963043380798705543980476711290516221817909932137711434426753041285877169958684850508800660759619807149279234852867815940131565466130179344914519030637301963351428699732891942291915068130738149236643462793226979594594082936246409470878062141708575276091937372234966754433407398536982062110265845897317017894292964090160364671859249042814242528557387940320971580866107824602684651769876368689293032475630661306052111161526279752180061936161053817266784075997222492396654994102961343531085199542902	1315267574425700017876207756656015377868692462350691643010079373038733147782045735658245022018763980406204507477042850210271738351600988141932540806990451189798492478026790810821598068801491716579365026973876915760986332623599110902784862259966150153094662489162289206058538530780838715784200744094878673696249163212480428109862123317026421484693544564823529922757120058913031037618310816976525036417163879015774723306438668454001835042836296663452617661681431068351705024436392060910237894541815049896542047581875095097894368452929396953271820209974600990631256897922752494215975384344465894960332855922618721506394707123867538312555666136604856984320579599104980676536623286474902420969805820512527025303132788130556427092109043027202152221571537910620029843035277972445871528974534203114745023728308228343573576221427053806383168076299412732481833273812535366714961776683714931357737918319229746149105716350226730854207182891539248818224987412264596297166029987475477489345042012258818454861353891849309517870792460015385250561406672818081384097867815583131414364498854387468452420051767066362749948887556194127119352912522216122382800874435930950621306851672539197948309232616110644770663893761858289198848760878506140425218906572482164580311710558678230699972806595276076760565420983861594576653761347301342485547096023298163963170535742043322271316369217853531679572509925997693551064083794447001239519370802449249114010590328011103732950778362262945176910496571792247833686346161316281132640912736705477217904375188916797764420569826132930658923199614349985863524561487911773763755893290259501917508342364696845044422777889095751940	-1,-7,6,6,6,6,6,6,-6,-6,-6	-7,6,6,6,6,6,-6,-6,-6,-6,-6	ok
-0.906907	-12.672673	-50.356148	0.727913	continued:5	1315334950959163681376175034067925260445751090756117833592045350251898822407810298493169161029872050515647615801599263016773169408347341527943959778587160617221116494300790536103678199942060179940292166307370699650503173345091308682612598548263746291545098705408628688332261272517629335483902197088655201032876969561109418094941160609423995188468795487726704726318946572302490449736473475500754719981246077088477648076400094736169065430897847080750174419096417267606672767746712335508050371599534488907759250910502387627149111609289469196029800797404042694265437409832161990778141478360573739612231552250687458454958001824059935045466245630265741161996395931016942861194683973383718138645821128027649341392901893784111098200443851393450533983433744382543232756033516831143131431836927034122312469101982101284718882668016752385473932875991890237593270862417847079933718888707290293717854806495635069188925716474311087624190042638162315430481033174470702306154503867455963552083403812559229613822525493479724796605406819462455325014076108193897844901986675823349208471578209327511087091575497517884802972375269928465659216329669797835290675900277963043380798705543980476711290516221817909932137711434426753041285877169958684850508800660759619807149279234852867815940131565466130179344914519030637301963351428699732891942291915068130738149236643462793226979594594082936246409470878062141708575276091937372234966754433407398536982062110265845897317017894292964090160364671859249042814242528557387940320971580866107824602684651769876368689293032475630661306052111161526279752180061936161053817266784075997222492396654994102961343531085199542902	1315267574425700017876207756656015377868692462350691643010079373038733147782045735658245022018763980406204507477042850210271738351600988141932540806990451189798492478026790810821598068801491716579365026973876915760986332623599110902784862259966150153094662489162289206058538530780838715784200744094878673696249163212480428109862123317026421484693544564823529922757120058913031037618310816976525036417163879015774723306438668454001835042836296663452617661681431068351705024436392060910237894541815049896542047581875095097894368452929396953271820209974600990631256897922752494215975384344465894960332855922618721506394707123867538312555666136604856984320579599104980676536623286474902420969805820512527025303132788130556427092109043027202152221571537910620029843035277972445871528974534203114745023728308228343573576221427053806383168076299412732481833273812535366714961776683714931357737918319229746149105716350226730854207182891539248818224987412264596297166029987475477489345042012258818454861353891849309517870792460015385250561406672818081384097867815583131414364498854387468452420051767066362749948887556194127119352912522216122382800874435930950621306851672539197948309232616110644770663893761858289198848760878506140425218906572482164580311710558678230699972806595276076760565420983861594576653761347301342485547096023298163963170535742043322271316369217853531679572509925997693551064083794447001239519370802449249114010590328011103732950778362262945176910496571792247833686346161316281132640912736705477217904375188916797764420569826132930658923199614349985863524561487911773763755893290259501917508342364696845044422777889095751940	-1,-7,6,6,6,6,6,6,-6,-6,-6	-7,6,6,6,6,6,-6,-6,-6,-6,-6	ok
-0.902903	-12.672673	-50.797886	0.725120	continued:5	1315267574439181606983707707987707236745983676064282372740517360531957062386118486883030147116071480172692851725651676452519508738925022804609568264275165801097148679129773584233322761075347873934685711205347426468510890059535444927391550454324394807781239130225056521716715452464108801337503192700798567028701944896521753977297888682020750583033995720347893496742893394876841060885470344227538828273649405432297351027608716205116399553249590367920564689596328205315816488576788150980491379168358521947965788710192512176305012061348744734415944300269680146581942610303378977752327622466743176895161948905183803584000341515481044440044417931887167103198507566125376129111560113462574202775606396348473372118241128191063707619943220312758779609148025442594515275007169963609386204918727485198962156154712313310084869181425519770347367417145180829508088053559570929299811918708911069947740009776777372787731139561328977592378662812024496811140326184285437773442074357523523585470787843006691270955457877679134942005395322799065904828881493142845920482712437670955166433603097559845286449679890975477764437082992656058947352082581053121423822738682689062079005959738228036234813439415079129632048145803959302603748819771482275243443693126524121213465475381178848306421680332693604781555510290884394108568322189781027191202734005406319123089813680806643347029468928631508084571572261743142534822865733173947364854084073108731103883108992403010998525364883607749490407516024611211954754501752419015407193609593073803295626823430251569155052412145844294393321797932212664282863040833015679869458876890693649439076503370279849393555886897734006329	1315267574425700017876207756656015377868692462350691643010079373038733147782045735658245022018763980406204507477042850210271738351600988141932540806990451189798492478026790810821598068801491716579365026973876915760986332623599110902784862259966150153094662489162289206058538530780838715784200744094878673696249163212480428109862123317026421484693544564823529922757120058913031037618310816976525036417163879015774723306438668454001835042836296663452617661681431068351705024436392060910237894541815049896542047581875095097894368452929396953271820209974600990631256897922752494215975384344465894960332855922618721506394707123867538312555666136604856984320579599104980676536623286474902420969805820512527025303132788130556427092109043027202152221571537910620029843035277972445871528974534203114745023728308228343573576221427053806383168076299412732481833273812535366714961776683714931357737918319229746149105716350226730854207182891539248818224987412264596297166029987475477489345042012258818454861353891849309517870792460015385250561406672818081384097867815583131414364498854387468452420051767066362749948887556194127119352912522216122382800874435930950621306851672539197948309232616110644770663893761858289198848760878506140425218906572482164580311710558678230699972806595276076760565420983861594576653761347301342485547096023298163963170535742043322271316369217853531679572509925997693551064083794447001239519370802449249114010590328011103732950778362262945176910496571792247833686346161316281132640912736705477217904375188916797764420569826132930658923199614349985863524561487911773763755893290259501917508342364696845044422777889095751940	-1,-7,6,6,6,6,6,-6,-6,-6,-6	-7,6,6,6,6,6,-6,-6,-6,-6,-6	ok
-0.898899	-12.672673	-51.169514	0.722327	continued:5	1315267574439181606983707707987707236745983676064282372740517360531957062386118486883030147116071480172692851725651676452519508738925022804609568264275165801097148679129773584233322761075347873934685711205347426468510890059535444927391550454324394807781239130225056521716715452464108801337503192700798567028701944896521753977297888682020750583033995720347893496742893394876841060885470344227538828273649405432204977382867831697435740626970812151492597352581364309001222024664449663658716967695225094761526868943121942505743675754185288714932343746175002930795895429200492550947096105138777706005318921424540939175515827556447794121612336581578291135176497629207691110978722233672397678264700048571549314438146655713142723027175568442702087897094894092922614105170588571972103181990203683017067346825595389304125930181631431272511254073470944794295284285125134260405936459859366533703664015506015404284157319681858515753269018482651205092417704536000875965252534086437909336823967290047485339415534346471736817717829436849394855745935380525666698957265433202313720810615701488166465040522818247982243045590682073743286357825658470785011957979788596492421211692531642688681920201315649803749048898144687035308073006665743067210998485319069509171145015347116428034497765513370173786722550955191103732220353473679656129121681423075627486007119340161228123574379254183674116166012722447668870475270069852763333485790505299573745018635299797656448688380605368164886474815799076396588161173733143201674098318272411259873933341902995276752970070165226840063531407766872397693294623216903151992044234258231246038669797148808237868267481734348977295	1315267574425700017876207756656015377868692462350691643010079373038733147782045735658245022018763980406204507477042850210271738351600988141932540806990451189798492478026790810821598068801491716579365026973876915760986332623599110902784862259966150153094662489162289206058538530780838715784200744094878673696249163212480428109862123317026421484693544564823529922757120058913031037618310816976525036417163879015774723306438668454001835042836296663452617661681431068351705024436392060910237894541815049896542047581875095097894368452929396953271820209974600990631256897922752494215975384344465894960332855922618721506394707123867538312555666136604856984320579599104980676536623286474902420969805820512527025303132788130556427092109043027202152221571537910620029843035277972445871528974534203114745023728308228343573576221427053806383168076299412732481833273812535366714961776683714931357737918319229746149105716350226730854207182891539248818224987412264596297166029987475477489345042012258818454861353891849309517870792460015385250561406672818081384097867815583131414364498854387468452420051767066362749948887556194127119352912522216122382800874435930950621306851672539197948309232616110644770663893761858289198848760878506140425218906572482164580311710558678230699972806595276076760565420983861594576653761347301342485547096023298163963170535742043322271316369217853531679572509925997693551064083794447001239519370802449249114010590328011103732950778362262945176910496571792247833686346161316281132640912736705477217904375188916797764420569826132930658923199614349985863524561487911773763755893290259501917508342364696845044422777889095751940	-1,6,6,6,6,6,6,-6,-6,-6,-6	-7,6,6,6,6,6,-6,-6,-6,-6,-6	ok
-0.894895	-12.672673	-51.480545	0.723576	full	1315267574439181606983707707987707236745983676064282372740517360531957062386118486883030147116071480172692851725651676452519508738925022804609568264275165801097148679129773584233322761075347873934685711205347426468510890059535444927391550454324394807781239130225056521716715452464108801337503192700798567028701944896521753977297888682020750583033995720347893496742893394876841060885470344227538828273649405432204977382867831697435740626970812151492597352581364309001222024664449663658716967695225094761526868943121942505743675754185288714932343746175002930795895429200492550947096105138777706005318921424540939175515827556447794121612336581578291135176497629207691110978722233672397678264700048571549314438146655713142723027175568442702087897094894092922614105170588571972103181990203683017067346825595389304125930181631431272511254073470944794295284285125134260405936459859366533703664015506015404284157319681858515753269018482651205092417704536000875965252534086437909336823967290047485339415534346471736817717829436849394855745935380525666698957265433202313720810615701488166465040522818247982243045590682073743286357825658470785011957979788596492421211692531642688681920201315649803749048898144687035308073006665743067210998485319069509171145015347116428034497765513370173786722550955191103732220353473679656129121681423075627486007119340161228123574379254183674116166012722447668870475270069852763333485790505299573745018635299797656448688380605368164886474815799076396588161173733143201674098318272411259873933341902995276752970070165226840063531407766872397693294623216903151992044234258231246038669797148808237868267481734348977295	1315267574425700017876207756656015377868692462350691643010079373038733147782045735658245022018763980406204507477042850210271738351600988141932540806990451189798492478026790810821598068801491716579365026973876915760986332623599110902784862259966150153094662489162289206058538530780838715784200744094878673696249163212480428109862123317026421484693544564823529922757120058913031037618310816976525036417163879015774723306438668454001835042836296663452617661681431068351705024436392060910237894541815049896542047581875095097894368452929396953271820209974600990631256897922752494215975384344465894960332855922618721506394707123867538312555666136604856984320579599104980676536623286474902420969805820512527025303132788130556427092109043027202152221571537910620029843035277972445871528974534203114745023728308228343573576221427053806383168076299412732481833273812535366714961776683714931357737918319229746149105716350226730854207182891539248818224987412264596297166029987475477489345042012258818454861353891849309517870792460015385250561406672818081384097867815583131414364498854387468452420051767066362749948887556194127119352912522216122382800874435930950621306851672539197948309232616110644770663893761858289198848760878506140425218906572482164580311710558678230699972806595276076760565420983861594576653761347301342485547096023298163963170535742043322271316369217853531679572509925997693551064083794447001239519370802449249114010590328011103732950778362262945176910496571792247833686346161316281132640912736705477217904375188916797764420569826132930658923199614349985863524561487911773763755893290259501917508342364696845044422777889095751940	-1,6,6,6,6,6,6,-6,-6,-6,-6	-7,6,6,6,6,6,-6,-6,-6,-6,-6	ok
-0.890891	-12.672673	-42.758494	0.737069	continued:5	864964396185564064859322936566488068609594323729808015383559828190240871139973792403803610706176357890289237477857661157294344141231464212287790758881478600045180048062206655654591124248572124087832157508196396238348808122288062049092932020638330828053187137236465597343247372779352935148248130517228733300671854588650967312221194890243907059548094527194209310617002962271333098652134648631964822953172936853532588741067646859826009078289982166763793633550100404062690950828583818424753112502576890827857649293569597586348637735718745369599464193886860290254500739629782000776846347894421095298591305806175028582403486014771069049532817914687417188478557644543299602177902514930662590761019968814694153214949643995391596349767841376269459226144598152423555972119452252284120118780987547906163982886756995320888151586153201670508829361728548951052891432296985546690277763321280155436200465828511971453685753107068228771810534367272091053258606713912191892976311519288043043427003440856663619373918294834172308849323661678576325665143377742132202316446648476614959385272780488163882419052953458163610320509679348237540865951327281950153737847210705009915154655384940223188320994477858442703742661553877919991356721941472858570014333763337528924772000690094543580584302143291584523920138239966625311140435083699836136621460724722922461481578092021954298106424828838344664468778618635877534587103614355161427297981041348383986462726996456783597297411666713040457773229196654968619494760666796392297009214840391271634430176461631413527355555566816650712259220498606184062084778678589917783676184669237442265587605052734057281157967496914586987977738759995826577836001437488836252347515924749307503928064800902377186959447057825701480472858574774188196077927805298378692549761472285088765589911885121706023594536979480538121901010327663351476219975917461651397592450854869527567535546607319528262510220515905177483752718057605325935800353757633626242245820568715878755210505803541902565087240876541522065943848152260221100276681415597743849342886571898351342861899641150657337777688925640564105897656362974667902530401853095234186960724879875131471645530740580244859591443289511012942020571791047419800100912779654597721902335252570187211127376246414827587893316621972301037458502302326694133934073346233894964730510451580687968083114959635952202129258238922335713479641238936157338055828031607198348399450878604731306646059758517746199060610473697170262020933383304571088001631880099793761382629167195279848804787651363563484296644322523062587890597464605548304286903766236194103069229515143591602070897901691510776601720347246481203975394600967817521467312421972751336713373869563710998870526974343548062844635975579729757038149015832031431024758927557202508964791356656204562932113210877711980337929248425233739413521466746433595841082128084396196447193640829779772535546101138357735889029611473376881379988298853196467791494947626636652437477440172186085849243059644155763440704273631116443313022602833045919805621746457694073782801264597851040462867720641721136468311896792599028584440003024095694901298503776381128596369778591525620538003665829383007887597602486386657650794617645777462620535053065284116881205719666912516162222064100860512356426568442876133873094808141642909	1315267574425700017876207756656015377868692462350691643010079373038733147782045735658245022018763980406204507477042850210271738351600988141932540806990451189798492478026790810821598068801491716579365026973876915760986332623599110902784862259966150153094662489162289206058538530780838715784200744094878673696249163212480428109862123317026421484693544564823529922757120058913031037618310816976525036417163879015774723306438668454001835042836296663452617661681431068351705024436392060910237894541815049896542047581875095097894368452929396953271820209974600990631256897922752494215975384344465894960332855922618721506394707123867538312555666136604856984320579599104980676536623286474902420969805820512527025303132788130556427092109043027202152221571537910620029843035277972445871528974534203114745023728308228343573576221427053806383168076299412732481833273812535366714961776683714931357737918319229746149105716350226730854207182891539248818224987412264596297166029987475477489345042012258818454861353891849309517870792460015385250561406672818081384097867815583131414364498854387468452420051767066362749948887556194127119352912522216122382800874435930950621306851672539197948309232616110644770663893761858289198848760878506140425218906572482164580311710558678230699972806595276076760565420983861594576653761347301342485547096023298163963170535742043322271316369217853531679572509925997693551064083794447001239519370802449249114010590328011103732950778362262945176910496571792247833686346161316281132640912736705477217904375188916797764420569826132930658923199614349985863524561487911773763755893290259501917508342364696845044422777889095751940	-1,-7,6,6,6,6,6,6,-6,-6,-6,-6	-7,6,6,6,6,6,-6,-6,-6,-6,-6	ok
-0.886887	-12.672673	-44.602395	0.739862	continued:5	1315267574439181606983707707987707236745983676064282372740517360531957062386118486883030147116071480172692851725651676452519508738925022804609568264275165801097148679129773584233322761075347873934685711205347426468510890059535444927391550454324394807781239130225056521716715452464108801337503192700798567028701944896521753977297888682020750583033995720347893496742893394876841060885470344227538828273649405432297351027608716205116399553249590367920564689596328205315816488576788150980491379168358521947965788710192512176305012061348744734415944300269680146581942610303378977752327622466743176895161948905183803584000341515481044440044417931887167103198507566125376129111560113462574202775606396348473372118241128191063707619943220312758779609148025442594515275007169963609386204918727485198962156154712313310084869181423897877888269600384520421475045549930507737728657604059356980379066536212488906910611708321855390169146168078330023887109081197926868173221942423055391856631402004148185553934002562816728881202381389151745218561767887680437543368466995603528728906366843085284825645223247212297874131190307059886590157891514909809404528184762131335406840689278901360840336247297063118623673247788158373933814842385604259144372842017199594269323962228513881457054456406848448195741769412325007778030659650161482622954489928663501653926146996261350689806546772179386017252363778546367944129133068666773604311211363206433166378140833265078419842659888024713692443147734365562406294109895716735816013230636913689480473989262898642268234300697452960652906376029128216398145818044845557669345881311677038180637587627783687567428980420530477270	1315267574425700017876207756656015377868692462350691643010079373038733147782045735658245022018763980406204507477042850210271738351600988141932540806990451189798492478026790810821598068801491716579365026973876915760986332623599110902784862259966150153094662489162289206058538530780838715784200744094878673696249163212480428109862123317026421484693544564823529922757120058913031037618310816976525036417163879015774723306438668454001835042836296663452617661681431068351705024436392060910237894541815049896542047581875095097894368452929396953271820209974600990631256897922752494215975384344465894960332855922618721506394707123867538312555666136604856984320579599104980676536623286474902420969805820512527025303132788130556427092109043027202152221571537910620029843035277972445871528974534203114745023728308228343573576221427053806383168076299412732481833273812535366714961776683714931357737918319229746149105716350226730854207182891539248818224987412264596297166029987475477489345042012258818454861353891849309517870792460015385250561406672818081384097867815583131414364498854387468452420051767066362749948887556194127119352912522216122382800874435930950621306851672539197948309232616110644770663893761858289198848760878506140425218906572482164580311710558678230699972806595276076760565420983861594576653761347301342485547096023298163963170535742043322271316369217853531679572509925997693551064083794447001239519370802449249114010590328011103732950778362262945176910496571792247833686346161316281132640912736705477217904375188916797764420569826132930658923199614349985863524561487911773763755893290259501917508342364696845044422777889095751940	0,-7,6,6,6,6,6,-6,-6,-6,-6	-7,6,6,6,6,6,-6,-6,-6,-6,-6	ok
-0.882883	-12.672673	-45.900139	0.737069	continued:5	1315267574439181606983707707987707236745983676064282372740517360531957062386118486883030147116071480172692851725651676452519508738925022804609568264275165801097148679129773584233322761075347873934685711205347426468510890059535444927391550454324394807781239130225056521716715452464108801337503192700798567028701944896521753977297888682020750583033995720347893496742893394876841060885470344227538828273649405432297351027608716205116399553249590367920564689596328205315816488576788150980491379168358521947965788710192512176305012061348744734415944300269680146581942610303378977752327622466743176895161948905183803584000341515481044440044417931887167103198507566125376129111560113462574202775606396348473372118241128191063707619943220312758779609148025442594515275007169963609386204918727485198962156154712313310084869181423897877888269600384520421475045549930507737728657604059356980379066536212488906910611708321855390169146168078330023887109081197926868173221942423055391856631402004148185553934002562816728881202381389151745218561767887680437543368466995603528728906366843085284825645223247212297874131190307059886590157891514909809404528184762131335406840689278901360840336247297063118623673247788158373933814842385604259144372842017199594269323962228513881457054456406848448195741769412325007778030659650161482622954489928663501653926146996261350689806546772179386017252363778546367944129133068666773604311211363206433166378140833265078419842659888024713692443147734365562406294109895716735816013230636913689480473989262898642268234300697452960652906376029128216398145818044845557669345881311677038180637587627783687567428980420530477270	1315267574425700017876207756656015377868692462350691643010079373038733147782045735658245022018763980406204507477042850210271738351600988141932540806990451189798492478026790810821598068801491716579365026973876915760986332623599110902784862259966150153094662489162289206058538530780838715784200744094878673696249163212480428109862123317026421484693544564823529922757120058913031037618310816976525036417163879015774723306438668454001835042836296663452617661681431068351705024436392060910237894541815049896542047581875095097894368452929396953271820209974600990631256897922752494215975384344465894960332855922618721506394707123867538312555666136604856984320579599104980676536623286474902420969805820512527025303132788130556427092109043027202152221571537910620029843035277972445871528974534203114745023728308228343573576221427053806383168076299412732481833273812535366714961776683714931357737918319229746149105716350226730854207182891539248818224987412264596297166029987475477489345042012258818454861353891849309517870792460015385250561406672818081384097867815583131414364498854387468452420051767066362749948887556194127119352912522216122382800874435930950621306851672539197948309232616110644770663893761858289198848760878506140425218906572482164580311710558678230699972806595276076760565420983861594576653761347301342485547096023298163963170535742043322271316369217853531679572509925997693551064083794447001239519370802449249114010590328011103732950778362262945176910496571792247833686346161316281132640912736705477217904375188916797764420569826132930658923199614349985863524561487911773763755893290259501917508342364696845044422777889095751940	0,-7,6,6,6,6,6,-6,-6,-6,-6	-7,6,6,6,6,6,-6,-6,-6,-6,-6	ok
-0.878879	-12.672673	-46.988308	0.734276	continued:5	1315267574439181606983707707987707236745983676064282372740517360531957062386118486883030147116071480172692851725651676452519508738925022804609568264275165801097148679129773584233322761075347873934685711205347426468510890059535444927391550454324394807781239130225056521716715452464108801337503192700798567028701944896521753977297888682020750583033995720347893496742893394876841060885470344227538828273649405432297351027608716205116399553249590367920564689596328205315816488576788150980491379168358521947965788710192512176305012061348744734415944300269680146581942610303378977752327622466743176895161948905183803584000341515481044440044417931887167103198507566125376129111560113462574202775606396348473372118241128191063707619943220312758779609148025442594515275007169963609386204918727485198962156154712313310084869181423897877888269600384520421475045549930507737728657604059356980379066536212488906910611708321855390169146168078330023887109081197926868173221942423055391856631402004148185553934002562816728881202381389151745218561767887680437543368466995603528728906366843085284825645223247212297874131190307059886590157891514909809404528184762131335406840689278901360840336247297063118623673247788158373933814842385604259144372842017199594269323962228513881457054456406848448195741769412325007778030659650161482622954489928663501653926146996261350689806546772179386017252363778546367944129133068666773604311211363206433166378140833265078419842659888024713692443147734365562406294109895716735816013230636913689480473989262898642268234300697452960652906376029128216398145818044845557669345881311677038180637587627783687567428980420530477270	1315267574425700017876207756656015377868692462350691643010079373038733147782045735658245022018763980406204507477042850210271738351600988141932540806990451189798492478026790810821598068801491716579365026973876915760986332623599110902784862259966150153094662489162289206058538530780838715784200744094878673696249163212480428109862123317026421484693544564823529922757120058913031037618310816976525036417163879015774723306438668454001835042836296663452617661681431068351705024436392060910237894541815049896542047581875095097894368452929396953271820209974600990631256897922752494215975384344465894960332855922618721506394707123867538312555666136604856984320579599104980676536623286474902420969805820512527025303132788130556427092109043027202152221571537910620029843035277972445871528974534203114745023728308228343573576221427053806383168076299412732481833273812535366714961776683714931357737918319229746149105716350226730854207182891539248818224987412264596297166029987475477489345042012258818454861353891849309517870792460015385250561406672818081384097867815583131414364498854387468452420051767066362749948887556194127119352912522216122382800874435930950621306851672539197948309232616110644770663893761858289198848760878506140425218906572482164580311710558678230699972806595276076760565420983861594576653761347301342485547096023298163963170535742043322271316369217853531679572509925997693551064083794447001239519370802449249114010590328011103732950778362262945176910496571792247833686346161316281132640912736705477217904375188916797764420569826132930658923199614349985863524561487911773763755893290259501917508342364696845044422777889095751940	0,-7,6,6,6,6,6,-6,-6,-6,-6	-7,6,6,6,6,6,-6,-6,-6,-6,-6	ok
-0.874875	-12.672673	-47.924770	0.731482	continued:5	1315267574439181606983707707987707236745983676064282372740517360531957062386118486883030147116071480172692851725651676452519508738925022804609568264275165801097148679129773584233322761075347873934685711205347426468510890059535444927391550454324394807781239130225056521716715452464108801337503192700798567028701944896521753977297888682020750583033995720347893496742893394876841060885470344227538828273649405432297351027608716205116399553249590367920564689596328205315816488576788150980491379168358521947965788710192512176305012061348744734415944300269680146581942610303378977752327622466743176895161948905183803584000341515481044440044417931887167103198507566125376129111560113462574202775606396348473372118241128191063707619943220312758779609148025442594515275007169963609386204918727485198962156154712313310084869181423897877888269600384520421475045549930507737728657604059356980379066536212488906910611708321855390169146168078330023887109081197926868173221942423055391856631402004148185553934002562816728881202381389151745218561767887680437543368466995603528728906366843085284825645223247212297874131190307059886590157891514909809404528184762131335406840689278901360840336247297063118623673247788158373933814842385604259144372842017199594269323962228513881457054456406848448195741769412325007778030659650161482622954489928663501653926146996261350689806546772179386017252363778546367944129133068666773604311211363206433166378140833265078419842659888024713692443147734365562406294109895716735816013230636913689480473989262898642268234300697452960652906376029128216398145818044845557669345881311677038180637587627783687567428980420530477270	1315267574425700017876207756656015377868692462350691643010079373038733147782045735658245022018763980406204507477042850210271738351600988141932540806990451189798492478026790810821598068801491716579365026973876915760986332623599110902784862259966150153094662489162289206058538530780838715784200744094878673696249163212480428109862123317026421484693544564823529922757120058913031037618310816976525036417163879015774723306438668454001835042836296663452617661681431068351705024436392060910237894541815049896542047581875095097894368452929396953271820209974600990631256897922752494215975384344465894960332855922618721506394707123867538312555666136604856984320579599104980676536623286474902420969805820512527025303132788130556427092109043027202152221571537910620029843035277972445871528974534203114745023728308228343573576221427053806383168076299412732481833273812535366714961776683714931357737918319229746149105716350226730854207182891539248818224987412264596297166029987475477489345042012258818454861353891849309517870792460015385250561406672818081384097867815583131414364498854387468452420051767066362749948887556194127119352912522216122382800874435930950621306851672539197948309232616110644770663893761858289198848760878506140425218906572482164580311710558678230699972806595276076760565420983861594576653761347301342485547096023298163963170535742043322271316369217853531679572509925997693551064083794447001239519370802449249114010590328011103732950778362262945176910496571792247833686346161316281132640912736705477217904375188916797764420569826132930658923199614349985863524561487911773763755893290259501917508342364696845044422777889095751940	0,-7,6,6,6,6,6,-6,-6,-6,-6	-7,6,6,6,6,6,-6,-6,-6,-6,-6	ok
-0.870871	-12.672673	-48.733127	0.728689	continued:5	1315267574439181606983707707987707236745983676064282372740517360531957062386118486883030147116071480172692851725651676452519508738925022804609568264275165801097148679129773584233322761075347873934685711205347426468510890059535444927391550454324394807781239130225056521716715452464108801337503192700798567028701944896521753977297888682020750583033995720347893496742893394876841060885470344227538828273649405432297351027608716205116399553249590367920564689596328205315816488576788150980491379168358521947965788710192512176305012061348744734415944300269680146581942610303378977752327622466743176895161948905183803584000341515481044440044417931887167103198507566125376129111560113462574202775606396348473372118241128191063707619943220312758779609148025442594515275007169963609386204918727485198962156154712313310084869181427141662806465233905841237541130557188634120870966233358465159516413483341065838664850570800802565015611157545718969735171571170644007373662206291991655314310173681865196987976913192541541002808409256446386591095995098605254297596957879738381603960839352034405747254136534738657654742975678252231304546273647196433443117292603246788751171230197554711629290631533095140640423043819760231273682797157360291342514544235848648157606988533843815155788904258538761367369251169443780439105984729400571759450978082149136592253480365351936004252391085083630151890780744939917125516598397681121125396956783011029041388077151540943577208069879190785288371884314856861503214893609121294998373988549233917110779657597604496041870523594235628133737219835297112167580263621185802069571872469710260697515419112776011219682793374937535389	1315267574425700017876207756656015377868692462350691643010079373038733147782045735658245022018763980406204507477042850210271738351600988141932540806990451189798492478026790810821598068801491716579365026973876915760986332623599110902784862259966150153094662489162289206058538530780838715784200744094878673696249163212480428109862123317026421484693544564823529922757120058913031037618310816976525036417163879015774723306438668454001835042836296663452617661681431068351705024436392060910237894541815049896542047581875095097894368452929396953271820209974600990631256897922752494215975384344465894960332855922618721506394707123867538312555666136604856984320579599104980676536623286474902420969805820512527025303132788130556427092109043027202152221571537910620029843035277972445871528974534203114745023728308228343573576221427053806383168076299412732481833273812535366714961776683714931357737918319229746149105716350226730854207182891539248818224987412264596297166029987475477489345042012258818454861353891849309517870792460015385250561406672818081384097867815583131414364498854387468452420051767066362749948887556194127119352912522216122382800874435930950621306851672539197948309232616110644770663893761858289198848760878506140425218906572482164580311710558678230699972806595276076760565420983861594576653761347301342485547096023298163963170535742043322271316369217853531679572509925997693551064083794447001239519370802449249114010590328011103732950778362262945176910496571792247833686346161316281132640912736705477217904375188916797764420569826132930658923199614349985863524561487911773763755893290259501917508342364696845044422777889095751940	1,-7,6,6,6,6,6,-6,-6,-6,-6	-7,6,6,6,6,6,-6,-6,-6,-6,-6	ok
-0.866867	-12.672673	-49.427687	0.725896	continued:5	1315267574439181606983707707987707236745983676064282372740517360531957062386118486883030147116071480172692851725651676452519508738925022804609568264275165801097148679129773584233322761075347873934685711205347426468510890059535444927391550454324394807781239130225056521716715452464108801337503192700798567028701944896521753977297888682020750583033995720347893496742893394876841060885470344227538828273649405432297351027608716205116399553249590367920564689596328205315816488576788150980491379168358521947965788710192512176305012061348744734415944300269680146581942610303378977752327622466743176895161948905183803584000341515481044440044417931887167103198507566125376129111560113462574202775606396348473372118241128191063707619943220312758779609148025442594515275007169963609386204918727485198962156154712313310084869181427141662806465233905841237541130557188634120870966233358465159516413483341065838664850570800802565015611157545718969735171571170644007373662206291991655314310173681865196987976913192541541002808409256446386591095995098605254297596957879738381603960839352034405747254136534738657654742975678252231304546273647196433443117292603246788751171230197554711629290631533095140640423043819760231273682797157360291342514544235848648157606988533843815155788904258538761367369251169443780439105984729400571759450978082149136592253480365351936004252391085083630151890780744939917125516598397681121125396956783011029041388077151540943577208069879190785288371884314856861503214893609121294998373988549233917110779657597604496041870523594235628133737219835297112167580263621185802069571872469710260697515419112776011219682793374937535389	1315267574425700017876207756656015377868692462350691643010079373038733147782045735658245022018763980406204507477042850210271738351600988141932540806990451189798492478026790810821598068801491716579365026973876915760986332623599110902784862259966150153094662489162289206058538530780838715784200744094878673696249163212480428109862123317026421484693544564823529922757120058913031037618310816976525036417163879015774723306438668454001835042836296663452617661681431068351705024436392060910237894541815049896542047581875095097894368452929396953271820209974600990631256897922752494215975384344465894960332855922618721506394707123867538312555666136604856984320579599104980676536623286474902420969805820512527025303132788130556427092109043027202152221571537910620029843035277972445871528974534203114745023728308228343573576221427053806383168076299412732481833273812535366714961776683714931357737918319229746149105716350226730854207182891539248818224987412264596297166029987475477489345042012258818454861353891849309517870792460015385250561406672818081384097867815583131414364498854387468452420051767066362749948887556194127119352912522216122382800874435930950621306851672539197948309232616110644770663893761858289198848760878506140425218906572482164580311710558678230699972806595276076760565420983861594576653761347301342485547096023298163963170535742043322271316369217853531679572509925997693551064083794447001239519370802449249114010590328011103732950778362262945176910496571792247833686346161316281132640912736705477217904375188916797764420569826132930658923199614349985863524561487911773763755893290259501917508342364696845044422777889095751940	1,-7,6,6,6,6,6,-6,-6,-6,-6	-7,6,6,6,6,6,-6,-6,-6,-6,-6	ok
-0.862863	-12.672673	-50.020395	0.723102	continued:5	1315267574439181606983707707987707236745983676064282372740517360531957062386118486883030147116071480172692851725651676452519508738925022804609568264275165801097148679129773584233322761075347873934685711205347426468510890059535444927391550454324394807781239130225056521716715452464108801337503192700798567028701944896521753977297888682020750583033995720347893496742893394876841060885470344227538828273649405432297351027608716205116399553249590367920564689596328205315816488576788150980491379168358521947965788710192512176305012061348744734415944300269680146581942610303378977752327622466743176895161948905183803584000341515481044440044417931887167103198507566125376129111560113462574202775606396348473372118241128191063707619943220312758779609148025442594515275007169963609386204918727485198962156154712313310084869181427141662806465233905841237541130557188634120870966233358465159516413483341065838664850570800802565015611157545718969735171571170644007373662206291991655314310173681865196987976913192541541002808409256446386591095995098605254297596957879738381603960839352034405747254136534738657654742975678252231304546273647196433443117292603246788751171230197554711629290631533095140640423043819760231273682797157360291342514544235848648157606988533843815155788904258538761367369251169443780439105984729400571759450978082149136592253480365351936004252391085083630151890780744939917125516598397681121125396956783011029041388077151540943577208069879190785288371884314856861503214893609121294998373988549233917110779657597604496041870523594235628133737219835297112167580263621185802069571872469710260697515419112776011219682793374937535389	1315267574425700017876207756656015377868692462350691643010079373038733147782045735658245022018763980406204507477042850210271738351600988141932540806990451189798492478026790810821598068801491716579365026973876915760986332623599110902784862259966150153094662489162289206058538530780838715784200744094878673696249163212480428109862123317026421484693544564823529922757120058913031037618310816976525036417163879015774723306438668454001835042836296663452617661681431068351705024436392060910237894541815049896542047581875095097894368452929396953271820209974600990631256897922752494215975384344465894960332855922618721506394707123867538312555666136604856984320579599104980676536623286474902420969805820512527025303132788130556427092109043027202152221571537910620029843035277972445871528974534203114745023728308228343573576221427053806383168076299412732481833273812535366714961776683714931357737918319229746149105716350226730854207182891539248818224987412264596297166029987475477489345042012258818454861353891849309517870792460015385250561406672818081384097867815583131414364498854387468452420051767066362749948887556194127119352912522216122382800874435930950621306851672539197948309232616110644770663893761858289198848760878506140425218906572482164580311710558678230699972806595276076760565420983861594576653761347301342485547096023298163963170535742043322271316369217853531679572509925997693551064083794447001239519370802449249114010590328011103732950778362262945176910496571792247833686346161316281132640912736705477217904375188916797764420569826132930658923199614349985863524561487911773763755893290259501917508342364696845044422777889095751940	1,-7,6,6,6,6,6,-6,-6,-6,-6	-7,6,6,6,6,6,-6,-6,-6,-6,-6	ok
-0.858859	-12.672673	-50.522580	0.720309	continued:5	1315267574439181606983707707987707236745983676064282372740517360531957062386118486883030147116071480172692851725651676452519508738925022804609568264275165801097148679129773584233322761075347873934685711205347426468510890059535444927391550454324394807781239130225056521716715452464108801337503192700798567028701944896521753977297888682020750583033995720347893496742893394876841060885470344227538828273649405432297351027608716205116399553249590367920564689596328205315816488576788150980491379168358521947965788710192512176305012061348744734415944300269680146581942610303378977752327622466743176895161948905183803584000341515481044440044417931887167103198507566125376129111560113462574202775606396348473372118241128191063707619943220312758779609148025442594515275007169963609386204918727485198962156154712313310084869181425519770347367417145180829508088053559570929299811918708911069947740009776777372787731139561328977592378662812024496811140326184285437773442074357523523585470787843006691270955457877679134942005395322799065904828881493142845920482712437670955166433603097559845286449679890975477764437082992656058947352082581053121423822738682689062079005959738228036234813439415079129632048145803959302603748819771482275243443693126524121213465475381178848306421680332693604781555510290884394108568322189781027191202734005406319123089813680806643347029468928631508084571572261743142534822865733173947364854084073108731103883108992403010998525364883607749490407516024611211954754501752419015407193609593073803295626823430251569155052412145844294393321797932212664282863040833015679869458876890693649439076503370279849393555886897734006329	1315267574425700017876207756656015377868692462350691643010079373038733147782045735658245022018763980406204507477042850210271738351600988141932540806990451189798492478026790810821598068801491716579365026973876915760986332623599110902784862259966150153094662489162289206058538530780838715784200744094878673696249163212480428109862123317026421484693544564823529922757120058913031037618310816976525036417163879015774723306438668454001835042836296663452617661681431068351705024436392060910237894541815049896542047581875095097894368452929396953271820209974600990631256897922752494215975384344465894960332855922618721506394707123867538312555666136604856984320579599104980676536623286474902420969805820512527025303132788130556427092109043027202152221571537910620029843035277972445871528974534203114745023728308228343573576221427053806383168076299412732481833273812535366714961776683714931357737918319229746149105716350226730854207182891539248818224987412264596297166029987475477489345042012258818454861353891849309517870792460015385250561406672818081384097867815583131414364498854387468452420051767066362749948887556194127119352912522216122382800874435930950621306851672539197948309232616110644770663893761858289198848760878506140425218906572482164580311710558678230699972806595276076760565420983861594576653761347301342485547096023298163963170535742043322271316369217853531679572509925997693551064083794447001239519370802449249114010590328011103732950778362262945176910496571792247833686346161316281132640912736705477217904375188916797764420569826132930658923199614349985863524561487911773763755893290259501917508342364696845044422777889095751940	-1,-7,6,6,6,6,6,-6,-6,-6,-6	-7,6,6,6,6,6,-6,-6,-6,-6,-6	ok
-0.854855	-12.672673	-50.945198	0.717516	continued:5	1315267574439181606983707707987707236745983676064282372740517360531957062386118486883030147116071480172692851725651676452519508738925022804609568264275165801097148679129773584233322761075347873934685711205347426468510890059535444927391550454324394807781239130225056521716715452464108801337503192700798567028701944896521753977297888682020750583033995720347893496742893394876841060885470344227538828273649405432204977382867831697435740626970812151492597352581364309001222024664449663658716967695225094761526868943121942505743675754185288714932343746175002930795895429200492550947096105138777706005318921424540939175515827556447794121612336581578291135176497629207691110978722233672397678264700048571549314438146655713142723027175568442702087897094894092922614105170588571972103181990203683017067346825595389304125930181631431272511254073470944794295284285125134260405936459859366533703664015506015404284157319681858515753269018482651205092417704536000875965252534086437909336823967290047485339415534346471736817717829436849394855745935380525666698957265433202313720810615701488166465040522818247982243045590682073743286357825658470785011957979788596492421211692531642688681920201315649803749048898144687035308073006665743067210998485319069509171145015347116428034497765513370173786722550955191103732220353473679656129121681423075627486007119340161228123574379254183674116166012722447668870475270069852763333485790505299573745018635299797656448688380605368164886474815799076396588161173733143201674098318272411259873933341902995276752970070165226840063531407766872397693294623216903151992044234258231246038669797148808237868267481734348977295	1315267574425700017876207756656015377868692462350691643010079373038733147782045735658245022018763980406204507477042850210271738351600988141932540806990451189798492478026790810821598068801491716579365026973876915760986332623599110902784862259966150153094662489162289206058538530780838715784200744094878673696249163212480428109862123317026421484693544564823529922757120058913031037618310816976525036417163879015774723306438668454001835042836296663452617661681431068351705024436392060910237894541815049896542047581875095097894368452929396953271820209974600990631256897922752494215975384344465894960332855922618721506394707123867538312555666136604856984320579599104980676536623286474902420969805820512527025303132788130556427092109043027202152221571537910620029843035277972445871528974534203114745023728308228343573576221427053806383168076299412732481833273812535366714961776683714931357737918319229746149105716350226730854207182891539248818224987412264596297166029987475477489345042012258818454861353891849309517870792460015385250561406672818081384097867815583131414364498854387468452420051767066362749948887556194127119352912522216122382800874435930950621306851672539197948309232616110644770663893761858289198848760878506140425218906572482164580311710558678230699972806595276076760565420983861594576653761347301342485547096023298163963170535742043322271316369217853531679572509925997693551064083794447001239519370802449249114010590328011103732950778362262945176910496571792247833686346161316281132640912736705477217904375188916797764420569826132930658923199614349985863524561487911773763755893290259501917508342364696845044422777889095751940	-1,6,6,6,6,6,6,-6,-6,-6,-6	-7,6,6,6,6,6,-6,-6,-6,-6,-6	ok
-0.850851	-12.672673	-51.298758	0.714722	continued:5	1315267574439181606983707707987707236745983676064282372740517360531957062386118486883030147116071480172692851725651676452519508738925022804609568264275165801097148679129773584233322761075347873934685711205347426468510890059535444927391550454324394807781239130225056521716715452464108801337503192700798567028701944896521753977297888682020750583033995720347893496742893394876841060885470344227538828273649405432204977382867831697435740626970812151492597352581364309001222024664449663658716967695225094761526868943121942505743675754185288714932343746175002930795895429200492550947096105138777706005318921424540939175515827556447794121612336581578291135176497629207691110978722233672397678264700048571549314438146655713142723027175568442702087897094894092922614105170588571972103181990203683017067346825595389304125930181631431272511254073470944794295284285125134260405936459859366533703664015506015404284157319681858515753269018482651205092417704536000875965252534086437909336823967290047485339415534346471736817717829436849394855745935380525666698957265433202313720810615701488166465040522818247982243045590682073743286357825658470785011957979788596492421211692531642688681920201315649803749048898144687035308073006665743067210998485319069509171145015347116428034497765513370173786722550955191103732220353473679656129121681423075627486007119340161228123574379254183674116166012722447668870475270069852763333485790505299573745018635299797656448688380605368164886474815799076396588161173733143201674098318272411259873933341902995276752970070165226840063531407766872397693294623216903151992044234258231246038669797148808237868267481734348977295	1315267574425700017876207756656015377868692462350691643010079373038733147782045735658245022018763980406204507477042850210271738351600988141932540806990451189798492478026790810821598068801491716579365026973876915760986332623599110902784862259966150153094662489162289206058538530780838715784200744094878673696249163212480428109862123317026421484693544564823529922757120058913031037618310816976525036417163879015774723306438668454001835042836296663452617661681431068351705024436392060910237894541815049896542047581875095097894368452929396953271820209974600990631256897922752494215975384344465894960332855922618721506394707123867538312555666136604856984320579599104980676536623286474902420969805820512527025303132788130556427092109043027202152221571537910620029843035277972445871528974534203114745023728308228343573576221427053806383168076299412732481833273812535366714961776683714931357737918319229746149105716350226730854207182891539248818224987412264596297166029987475477489345042012258818454861353891849309517870792460015385250561406672818081384097867815583131414364498854387468452420051767066362749948887556194127119352912522216122382800874435930950621306851672539197948309232616110644770663893761858289198848760878506140425218906572482164580311710558678230699972806595276076760565420983861594576653761347301342485547096023298163963170535742043322271316369217853531679572509925997693551064083794447001239519370802449249114010590328011103732950778362262945176910496571792247833686346161316281132640912736705477217904375188916797764420569826132930658923199614349985863524561487911773763755893290259501917508342364696845044422777889095751940	-1,6,6,6,6,6,6,-6,-6,-6,-6	-7,6,6,6,6,6,-6,-6,-6,-6,-6	ok
-0.846847	-12.672673	-51.593237	0.714889	full	1315267574439181606983707707987707236745983676064282372740517360531957062386118486883030147116071480172692851725651676452519508738925022804609568264275165801097148679129773584233322761075347873934685711205347426468510890059535444927391550454324394807781239130225056521716715452464108801337503192700798567028701944896521753977297888682020750583033995720347893496742893394876841060885470344227538828273649405432204977382867831697435740626970812151492597352581364309001222024664449663658716967695225094761526868943121942505743675754185288714932343746175002930795895429200492550947096105138777706005318921424540939175515827556447794121612336581578291135176497629207691110978722233672397678264700048571549314438146655713142723027175568442702087897094894092922614105170588571972103181990203683017067346825595389304125930181631431272511254073470944794295284285125134260405936459859366533703664015506015404284157319681858515753269018482651205092417704536000875965252534086437909336823967290047485339415534346471736817717829436849394855745935380525666698957265433202313720810615701488166465040522818247982243045590682073743286357825658470785011957979788596492421211692531642688681920201315649803749048898144687035308073006665743067210998485319069509171145015347116428034497765513370173786722550955191103732220353473679656129121681423075627486007119340161228123574379254183674116166012722447668870475270069852763333485790505299573745018635299797656448688380605368164886474815799076396588161173733143201674098318272411259873933341902995276752970070165226840063531407766872397693294623216903151992044234258231246038669797148808237868267481734348977295	1315267574425700017876207756656015377868692462350691643010079373038733147782045735658245022018763980406204507477042850210271738351600988141932540806990451189798492478026790810821598068801491716579365026973876915760986332623599110902784862259966150153094662489162289206058538530780838715784200744094878673696249163212480428109862123317026421484693544564823529922757120058913031037618310816976525036417163879015774723306438668454001835042836296663452617661681431068351705024436392060910237894541815049896542047581875095097894368452929396953271820209974600990631256897922752494215975384344465894960332855922618721506394707123867538312555666136604856984320579599104980676536623286474902420969805820512527025303132788130556427092109043027202152221571537910620029843035277972445871528974534203114745023728308228343573576221427053806383168076299412732481833273812535366714961776683714931357737918319229746149105716350226730854207182891539248818224987412264596297166029987475477489345042012258818454861353891849309517870792460015385250561406672818081384097867815583131414364498854387468452420051767066362749948887556194127119352912522216122382800874435930950621306851672539197948309232616110644770663893761858289198848760878506140425218906572482164580311710558678230699972806595276076760565420983861594576653761347301342485547096023298163963170535742043322271316369217853531679572509925997693551064083794447001239519370802449249114010590328011103732950778362262945176910496571792247833686346161316281132640912736705477217904375188916797764420569826132930658923199614349985863524561487911773763755893290259501917508342364696845044422777889095751940	-1,6,6,6,6,6,6,-6,-6,-6,-6	-7,6,6,6,6,6,-6,-6,-6,-6,-6	ok
-0.842843	-12.672673	-43.109130	0.733021	continued:5	864964396167832167854406661026841500343916051431127869873399620005759963223788132470161421208282783345108834524630841092160895341023339336205205626918674384117696941375305056329730426226450764486659204505386922312064647483022218048245383919011451855109094039916509234999809306313062143613583102322565303293048271518636907808404285761975394225367232663342882333112353142971411273016474787812575465335298435137479757869121829232028525851604336425113221316143214101904249267936170723936660927019900521629284650578779314824017541540653248375769745813388008367950069636250228433954844156749815069147768655020977052215451689472639785181789142950803100055232728221939723635381028687789019729174815342373645111407000858387697529520336155089334539678732132699214102457783152807368480509600362259206723357551980671036061857928515221950386296343679064486049649323251123980433576132779563454967019533147960308487212198502096076862741025646127302495025119740695868806743246026418121135863029368407508506391442980634627696014492659589348959800765502219624271411004464935497016312976621028048308649515565887451240655868125516928146774358881359438196134850832997189247702337601461137235595542914281771982316164413193016940600313029510519293090023141472997009376924593694164177433980049776721443668100269197199049104553107003168237047260992223235377945600812520675670464554799748127104188368284757126987527987958813248401525395000343905858852724394722398455895988345969163646656993081669701561362960671194801569995066857934872042526275174880351365662509569072715987632541046358336761185808926335062660933456468124144424769001547683873105124695084307394886898542290177139940693932056023640398917528816857088514581994214351430010818648157404866816958829162373677635809917886110260052206657254977152140947297273770154229429751493905201376263347080338101480405417283614707086010602884713336117588053615633422399363407823898527363208037377995518976672062796537407585133274962935423575234348634137141414673124390551568667580724701431491992927955184061955407841697366844668977731169270128777749772048273038303406454307266992665681486920490515749263896901228976071975096318470175986551241789006095945714837608918159950981241366488326769160355680800807656674355708759732588868818875309730632723490559862474562676050328409720839062292797757654700458493604387665567285735950882879716957485921414204567003358126444427393553561180829793350127454606327910549347137957775920852477309822756316468229255300203462898114034574377256739677185234425594414711243107408173692558165654493822868059587360568026575478756953177034815971583578494109516393804475425656560503425698775139034901352139715614812807298037136434146005737816517993105154343915809234893426674397891229678984866174589384625334260359858906591107982707819975330533138378306950093120836310498620251576786269243001189561396997710901942716375835782108042315516584283158394360972892012830445665248990682540543632763768667963815874430621714728640203461227733911477556508361784083884731172770311935236803886644258243654884243805366579583151180212817812760533758093780521488518659604649584856991571327164286964458591500530609101159844092175221390637218115830684253474411559549878167276704249035708078814492133286193379782126569024338627934622383599746261652	1315267574425700017876207756656015377868692462350691643010079373038733147782045735658245022018763980406204507477042850210271738351600988141932540806990451189798492478026790810821598068801491716579365026973876915760986332623599110902784862259966150153094662489162289206058538530780838715784200744094878673696249163212480428109862123317026421484693544564823529922757120058913031037618310816976525036417163879015774723306438668454001835042836296663452617661681431068351705024436392060910237894541815049896542047581875095097894368452929396953271820209974600990631256897922752494215975384344465894960332855922618721506394707123867538312555666136604856984320579599104980676536623286474902420969805820512527025303132788130556427092109043027202152221571537910620029843035277972445871528974534203114745023728308228343573576221427053806383168076299412732481833273812535366714961776683714931357737918319229746149105716350226730854207182891539248818224987412264596297166029987475477489345042012258818454861353891849309517870792460015385250561406672818081384097867815583131414364498854387468452420051767066362749948887556194127119352912522216122382800874435930950621306851672539197948309232616110644770663893761858289198848760878506140425218906572482164580311710558678230699972806595276076760565420983861594576653761347301342485547096023298163963170535742043322271316369217853531679572509925997693551064083794447001239519370802449249114010590328011103732950778362262945176910496571792247833686346161316281132640912736705477217904375188916797764420569826132930658923199614349985863524561487911773763755893290259501917508342364696845044422777889095751940	-1,-7,6,6,6,6,6,-6,-6,-6,-6,-6	-7,6,6,6,6,6,-6,-6,-6,-6,-6	ok
-0.838839	-12.672673	-44.840071	0.735814	continued:5	864964396167832167854406661026841500343916051431127869873399620005759963223788132470161421208282783345108834524630841092160895341023339336205205626918674384117696941375305056329730426226450764486659204505386922312064647483022218048245383919011451855109094039916509234999809306313062143613583102322565303293048271518636907808404285761975394225367232663342882333112353142971411273016474787812575465335298435137479757869121829232028525851604336425113221316143214101904249267936170723936660927019900521629284650578779314824017541540653248375769745813388008367950069636250228433954844156749815069147768655020977052215451689472639785181789142950803100055232728221939723635381028687789019729174815342373645111407000858387697529520336155089334539678732132699214102457783152807368480509600362259206723357551980671036061857928515221950386296343679064486049649323251123980433576132779563454967019533147960308487212198502096076862741025646127302495025119740695868806743246026418121135863029368407508506391442980634627696014492659589348959800765502219624271411004464935497016312976621028048308649515565887451240655868125516928146774358881359438196134850832997189247702337601461137235595542914281771982316164413193016940600313029510519293090023141472997009376924593694164177433980049776721443668100269197199049104553107003168237047260992223235377945600812520675670464554799748127104188368284757126987527987958813248401525395000343905858852724394722398455895988345969163646656993081669701561362960671194801569995066857934872042526275174880351365662509569072715987632541046358336761185808926335062660933456468124144424769001547683873105124695084307394885583274715751439922817724299367625021048836354506396871571914841312696863036602421746621794940065181967473128332875035899988313855056266835219600140306822580355736951724703094379778194545588621522115378443406698946099677979285602433332725793649483269304700918661609321304669506597156803192471318701658733888884111750454995465372225317110719929979579825728038744823604642518460955309644367085430371424533487828894254424730601674775914729211976374850788792625835924313976462484098454839026002359413926175433048736595080888656873336076698992443017398943558960349984468565574274944380296456341761714022852837113867362424168185863094410934893725869705691729748810615858385756174471179798037523798567153040260432818094749160530393812371177364851136554906516773523718145551820904255925631793707434602114229467692508903733601329262661846087223904050165632201300564721372962223457741879483353505189088943946409059938143596137205380177676487326660531965764770219674417548506634038904459433413397742048564344883289725383481347255599427556736630463616064621639948702409973739979416954847424974254346124163316234917287033190498214907447336690468725181833384044379911831526634410895172527077882509606806122375481142900362548236832395802291156929209625877735204873724480163661000085417554368904683569698678949056110007320662473388883525691430476240290691991868155285191992566230353051600260385937543252822560463796653644724434564130334037169622489801656800807315418258543341749108077792609157884981002970683325950587793903623941939716986304592872797546004551322815488359935528181413179687547796305050736239995933877864618226659641782890199605710650509711	1315267574425700017876207756656015377868692462350691643010079373038733147782045735658245022018763980406204507477042850210271738351600988141932540806990451189798492478026790810821598068801491716579365026973876915760986332623599110902784862259966150153094662489162289206058538530780838715784200744094878673696249163212480428109862123317026421484693544564823529922757120058913031037618310816976525036417163879015774723306438668454001835042836296663452617661681431068351705024436392060910237894541815049896542047581875095097894368452929396953271820209974600990631256897922752494215975384344465894960332855922618721506394707123867538312555666136604856984320579599104980676536623286474902420969805820512527025303132788130556427092109043027202152221571537910620029843035277972445871528974534203114745023728308228343573576221425431913924078571797084811966674425655260562852636666468678150812749692597003621597886367951124380958242480715553508720765956937602286364654300156422724118336910210030302499726598908357348056793401642257523846646016972728111179032328466988382100270793762821306413726698281533146250842984024147939606717300433996809738573985814803956342011724063413460160852146254627427265232260329062925600357775394817033859719571697790870789345436723295898909712816148399407541762505825841695145457560822371040158998432311079356442905269549862435684347903321412019813614243153519726645081319894863622269564681964633781536445860398524992911998781525687729124025778864458879277244890120714685421090461966777498254246601913424485295128482846383414939788951779441984642420571837584051370464229381786099678148330413348588923873825325257796004	0,-7,6,6,6,6,6,-6,-6,-6,-6,-6	6,6,6,6,6,6,-6,-6,-6,-6,-6	ok
-0.834835	-12.672673	-46.090507	0.733021	continued:5	864964396167832167854406661026841500343916051431127869873399620005759963223788132470161421208282783345108834524630841092160895341023339336205205626918674384117696941375305056329730426226450764486659204505386922312064647483022218048245383919011451855109094039916509234999809306313062143613583102322565303293048271518636907808404285761975394225367232663342882333112353142971411273016474787812575465335298435137479757869121829232028525851604336425113221316143214101904249267936170723936660927019900521629284650578779314824017541540653248375769745813388008367950069636250228433954844156749815069147768655020977052215451689472639785181789142950803100055232728221939723635381028687789019729174815342373645111407000858387697529520336155089334539678732132699214102457783152807368480509600362259206723357551980671036061857928515221950386296343679064486049649323251123980433576132779563454967019533147960308487212198502096076862741025646127302495025119740695868806743246026418121135863029368407508506391442980634627696014492659589348959800765502219624271411004464935497016312976621028048308649515565887451240655868125516928146774358881359438196134850832997189247702337601461137235595542914281771982316164413193016940600313029510519293090023141472997009376924593694164177433980049776721443668100269197199049104553107003168237047260992223235377945600812520675670464554799748127104188368284757126987527987958813248401525395000343905858852724394722398455895988345969163646656993081669701561362960671194801569995066857934872042526275174880351365662509569072715987632541046358336761185808926335062660933456468124144424769001547683873105124695084307394885583274715751439922817724299367625021048836354506396871571914841312696863036602421746621794940065181967473128332875035899988313855056266835219600140306822580355736951724703094379778194545588621522115378443406698946099677979285602433332725793649483269304700918661609321304669506597156803192471318701658733888884111750454995465372225317110719929979579825728038744823604642518460955309644367085430371424533487828894254424730601674775914729211976374850788792625835924313976462484098454839026002359413926175433048736595080888656873336076698992443017398943558960349984468565574274944380296456341761714022852837113867362424168185863094410934893725869705691729748810615858385756174471179798037523798567153040260432818094749160530393812371177364851136554906516773523718145551820904255925631793707434602114229467692508903733601329262661846087223904050165632201300564721372962223457741879483353505189088943946409059938143596137205380177676487326660531965764770219674417548506634038904459433413397742048564344883289725383481347255599427556736630463616064621639948702409973739979416954847424974254346124163316234917287033190498214907447336690468725181833384044379911831526634410895172527077882509606806122375481142900362548236832395802291156929209625877735204873724480163661000085417554368904683569698678949056110007320662473388883525691430476240290691991868155285191992566230353051600260385937543252822560463796653644724434564130334037169622489801656800807315418258543341749108077792609157884981002970683325950587793903623941939716986304592872797546004551322815488359935528181413179687547796305050736239995933877864618226659641782890199605710650509711	1315267574425700017876207756656015377868692462350691643010079373038733147782045735658245022018763980406204507477042850210271738351600988141932540806990451189798492478026790810821598068801491716579365026973876915760986332623599110902784862259966150153094662489162289206058538530780838715784200744094878673696249163212480428109862123317026421484693544564823529922757120058913031037618310816976525036417163879015774723306438668454001835042836296663452617661681431068351705024436392060910237894541815049896542047581875095097894368452929396953271820209974600990631256897922752494215975384344465894960332855922618721506394707123867538312555666136604856984320579599104980676536623286474902420969805820512527025303132788130556427092109043027202152221571537910620029843035277972445871528974534203114745023728308228343573576221425431913924078571797084811966674425655260562852636666468678150812749692597003621597886367951124380958242480715553508720765956937602286364654300156422724118336910210030302499726598908357348056793401642257523846646016972728111179032328466988382100270793762821306413726698281533146250842984024147939606717300433996809738573985814803956342011724063413460160852146254627427265232260329062925600357775394817033859719571697790870789345436723295898909712816148399407541762505825841695145457560822371040158998432311079356442905269549862435684347903321412019813614243153519726645081319894863622269564681964633781536445860398524992911998781525687729124025778864458879277244890120714685421090461966777498254246601913424485295128482846383414939788951779441984642420571837584051370464229381786099678148330413348588923873825325257796004	0,-7,6,6,6,6,6,-6,-6,-6,-6,-6	6,6,6,6,6,6,-6,-6,-6,-6,-6	ok
-0.830831	-12.672673	-47.142563	0.730227	continued:5	864964396167832167854406661026841500343916051431127869873399620005759963223788132470161421208282783345108834524630841092160895341023339336205205626918674384117696941375305056329730426226450764486659204505386922312064647483022218048245383919011451855109094039916509234999809306313062143613583102322565303293048271518636907808404285761975394225367232663342882333112353142971411273016474787812575465335298435137479757869121829232028525851604336425113221316143214101904249267936170723936660927019900521629284650578779314824017541540653248375769745813388008367950069636250228433954844156749815069147768655020977052215451689472639785181789142950803100055232728221939723635381028687789019729174815342373645111407000858387697529520336155089334539678732132699214102457783152807368480509600362259206723357551980671036061857928515221950386296343679064486049649323251123980433576132779563454967019533147960308487212198502096076862741025646127302495025119740695868806743246026418121135863029368407508506391442980634627696014492659589348959800765502219624271411004464935497016312976621028048308649515565887451240655868125516928146774358881359438196134850832997189247702337601461137235595542914281771982316164413193016940600313029510519293090023141472997009376924593694164177433980049776721443668100269197199049104553107003168237047260992223235377945600812520675670464554799748127104188368284757126987527987958813248401525395000343905858852724394722398455895988345969163646656993081669701561362960671194801569995066857934872042526275174880351365662509569072715987632541046358336761185808926335062660933456468124144424769001547683873105124695084307394885583274715751439922817724299367625021048836354506396871571914841312696863036602421746621794940065181967473128332875035899988313855056266835219600140306822580355736951724703094379778194545588621522115378443406698946099677979285602433332725793649483269304700918661609321304669506597156803192471318701658733888884111750454995465372225317110719929979579825728038744823604642518460955309644367085430371424533487828894254424730601674775914729211976374850788792625835924313976462484098454839026002359413926175433048736595080888656873336076698992443017398943558960349984468565574274944380296456341761714022852837113867362424168185863094410934893725869705691729748810615858385756174471179798037523798567153040260432818094749160530393812371177364851136554906516773523718145551820904255925631793707434602114229467692508903733601329262661846087223904050165632201300564721372962223457741879483353505189088943946409059938143596137205380177676487326660531965764770219674417548506634038904459433413397742048564344883289725383481347255599427556736630463616064621639948702409973739979416954847424974254346124163316234917287033190498214907447336690468725181833384044379911831526634410895172527077882509606806122375481142900362548236832395802291156929209625877735204873724480163661000085417554368904683569698678949056110007320662473388883525691430476240290691991868155285191992566230353051600260385937543252822560463796653644724434564130334037169622489801656800807315418258543341749108077792609157884981002970683325950587793903623941939716986304592872797546004551322815488359935528181413179687547796305050736239995933877864618226659641782890199605710650509711	1315267574425700017876207756656015377868692462350691643010079373038733147782045735658245022018763980406204507477042850210271738351600988141932540806990451189798492478026790810821598068801491716579365026973876915760986332623599110902784862259966150153094662489162289206058538530780838715784200744094878673696249163212480428109862123317026421484693544564823529922757120058913031037618310816976525036417163879015774723306438668454001835042836296663452617661681431068351705024436392060910237894541815049896542047581875095097894368452929396953271820209974600990631256897922752494215975384344465894960332855922618721506394707123867538312555666136604856984320579599104980676536623286474902420969805820512527025303132788130556427092109043027202152221571537910620029843035277972445871528974534203114745023728308228343573576221425431913924078571797084811966674425655260562852636666468678150812749692597003621597886367951124380958242480715553508720765956937602286364654300156422724118336910210030302499726598908357348056793401642257523846646016972728111179032328466988382100270793762821306413726698281533146250842984024147939606717300433996809738573985814803956342011724063413460160852146254627427265232260329062925600357775394817033859719571697790870789345436723295898909712816148399407541762505825841695145457560822371040158998432311079356442905269549862435684347903321412019813614243153519726645081319894863622269564681964633781536445860398524992911998781525687729124025778864458879277244890120714685421090461966777498254246601913424485295128482846383414939788951779441984642420571837584051370464229381786099678148330413348588923873825325257796004	0,-7,6,6,6,6,6,-6,-6,-6,-6,-6	6,6,6,6,6,6,-6,-6,-6,-6,-6	ok
-0.826827	-12.672673	-48.046527	0.727434	continued:5	864964396167832167854406661026841500343916051431127869873399620005759963223788132470161421208282783345108834524630841092160895341023339336205205626918674384117696941375305056329730426226450764486659204505386922312064647483022218048245383919011451855109094039916509234999809306313062143613583102322565303293048271518636907808404285761975394225367232663342882333112353142971411273016474787812575465335298435137479757869121829232028525851604336425113221316143214101904249267936170723936660927019900521629284650578779314824017541540653248375769745813388008367950069636250228433954844156749815069147768655020977052215451689472639785181789142950803100055232728221939723635381028687789019729174815342373645111407000858387697529520336155089334539678732132699214102457783152807368480509600362259206723357551980671036061857928515221950386296343679064486049649323251123980433576132779563454967019533147960308487212198502096076862741025646127302495025119740695868806743246026418121135863029368407508506391442980634627696014492659589348959800765502219624271411004464935497016312976621028048308649515565887451240655868125516928146774358881359438196134850832997189247702337601461137235595542914281771982316164413193016940600313029510519293090023141472997009376924593694164177433980049776721443668100269197199049104553107003168237047260992223235377945600812520675670464554799748127104188368284757126987527987958813248401525395000343905858852724394722398455895988345969163646656993081669701561362960671194801569995066857934872042526275174880351365662509569072715987632541046358336761185808926335062660933456468124144424769001547683873105124695084307394885583274715751439922817724299367625021048836354506396871571914841312696863036602421746621794940065181967473128332875035899988313855056266835219600140306822580355736951724703094379778194545588621522115378443406698946099677979285602433332725793649483269304700918661609321304669506597156803192471318701658733888884111750454995465372225317110719929979579825728038744823604642518460955309644367085430371424533487828894254424730601674775914729211976374850788792625835924313976462484098454839026002359413926175433048736595080888656873336076698992443017398943558960349984468565574274944380296456341761714022852837113867362424168185863094410934893725869705691729748810615858385756174471179798037523798567153040260432818094749160530393812371177364851136554906516773523718145551820904255925631793707434602114229467692508903733601329262661846087223904050165632201300564721372962223457741879483353505189088943946409059938143596137205380177676487326660531965764770219674417548506634038904459433413397742048564344883289725383481347255599427556736630463616064621639948702409973739979416954847424974254346124163316234917287033190498214907447336690468725181833384044379911831526634410895172527077882509606806122375481142900362548236832395802291156929209625877735204873724480163661000085417554368904683569698678949056110007320662473388883525691430476240290691991868155285191992566230353051600260385937543252822560463796653644724434564130334037169622489801656800807315418258543341749108077792609157884981002970683325950587793903623941939716986304592872797546004551322815488359935528181413179687547796305050736239995933877864618226659641782890199605710650509711	1315267574425700017876207756656015377868692462350691643010079373038733147782045735658245022018763980406204507477042850210271738351600988141932540806990451189798492478026790810821598068801491716579365026973876915760986332623599110902784862259966150153094662489162289206058538530780838715784200744094878673696249163212480428109862123317026421484693544564823529922757120058913031037618310816976525036417163879015774723306438668454001835042836296663452617661681431068351705024436392060910237894541815049896542047581875095097894368452929396953271820209974600990631256897922752494215975384344465894960332855922618721506394707123867538312555666136604856984320579599104980676536623286474902420969805820512527025303132788130556427092109043027202152221571537910620029843035277972445871528974534203114745023728308228343573576221425431913924078571797084811966674425655260562852636666468678150812749692597003621597886367951124380958242480715553508720765956937602286364654300156422724118336910210030302499726598908357348056793401642257523846646016972728111179032328466988382100270793762821306413726698281533146250842984024147939606717300433996809738573985814803956342011724063413460160852146254627427265232260329062925600357775394817033859719571697790870789345436723295898909712816148399407541762505825841695145457560822371040158998432311079356442905269549862435684347903321412019813614243153519726645081319894863622269564681964633781536445860398524992911998781525687729124025778864458879277244890120714685421090461966777498254246601913424485295128482846383414939788951779441984642420571837584051370464229381786099678148330413348588923873825325257796004	0,-7,6,6,6,6,6,-6,-6,-6,-6,-6	6,6,6,6,6,6,-6,-6,-6,-6,-6	ok
-0.822823	-12.672673	-48.824695	0.724641	continued:5	864964396167832167854406661026841500343916051431127869873399620005759963223788132470161421208282783345108834524630841092160895341023339336205205626918674384117696941375305056329730426226450764486659204505386922312064647483022218048245383919011451855109094039916509234999809306313062143613583102322565303293048271518636907808404285761975394225367232663342882333112353142971411273016474787812575465335298435137479757869121829232028525851604336425113221316143214101904249267936170723936660927019900521629284650578779314824017541540653248375769745813388008367950069636250228433954844156749815069147768655020977052215451689472639785181789142950803100055232728221939723635381028687789019729174815342373645111407000858387697529520336155089334539678732132699214102457783152807368480509600362259206723357551980671036061857928515221950386296343679064486049649323251123980433576132779563454967019533147960308487212198502096076862741025646127302495025119740695868806743246026418121135863029368407508506391442980634627696014492659589348959800765502219624271411004464935497016312976621028048308649515565887451240655868125516928146774358881359438196134850832997189247702337601461137235595542914281771982316164413193016940600313029510519293090023141472997009376924593694164177433980049776721443668100269197199049104553107003168237047260992223235377945600812520675670464554799748127104188368284757126987527987958813248401525395000343905858852724394722398455895988345969163646656993081669701561362960671194801569995066857934872042526275174880351365662509569072715987632541046358336761185808926335062660933456468124144424769001547683873105124695084307394888213809864602839958570139812679655776786221279207780157592073587390163158600693893063111838977593142779882143286960736320531790558258243119084681754287724959952721907778284716022974332148572054680845432391160530468072343226483824238902450313581783575494025896986187733421746568158834234760872806891416081281382438175415851685096471951163562899366668955375098590337844760344523030546266001038480444258861245860443701037607938582779584814884569701756024115988698061017386511356882576659501791443044025968517143900345271084445610241935492898986657818892760941612498264411079263376331065145273551634688564682351310375213582433598171036046225999079419660370908008825819738829421044129602879463410208178094311039083671010273384578030457231769155579697982338013583404216107765795998983580862113664092161686084149196050886044183370274612423376502875630595867848189792106392147011109309346068981025727403438707271370844049598913794543459565824296981940589299412268749608481584993883149517437915378958287052666988344419222932175630198057859443809252227389835684333576236568708414663622361879094449658296041734815062145578752453613272381122713490783582255906281154445229979489291069145543114730896347450163004859478760245758589408083141594742354590206895828294841836625060945698608106522425814411666402138209417530015265158359977717738026804166631763475954799827824731001937416410745280237932930354950728052690656123763176169028832265190803145823864266708872142784433695570101221377104825257673325603245591232413267314578377748467364138188401638685656817184133334759164228153140228810523619852578248026576452881699634911389035472979045161488842013594	1315267574425700017876206677067912476764586848272285311506057108230605414908316900088495330186755267068375961806776863885887680790997113568137152528138464642086143785806703833748181571639613035733359237981135877142617741943193441369776009843258775529238786153560660499400477436464097852200149236014802807358513649007444720988524239323937522010061899904305013173135009014211416020886792070167392507232358211323303827614304927645350899649340928926124071098615615091442096640581424934883584945650432064609097372480046812772621370530989185915476136972613120115768787167176486645141262148658385220471466401637534766876757895051588511035690466559207798361345294726299696118310054009453175336075731006111075660981123177486313016647125956869887133547934524315002551241233274019284248881119488756631013988003045776745290695222723296830657513863706394780683235709605906449380003048446964100028039442053440347425864459940924758499954289996132147307989070585463574856408783547990379436312630072802690122200471228806599115939182986143343748121912071219168583651128627952777375138962616353383686982694930699945147824705251402196516014338378189641642687763603095969019523858157218913607118592312994777610324148755379634502846127201120281538528661590471637444676024649643872716501534338143584827364776619834612216131630179091283749140397650854332383642939644017411211747300950677205497094393619972672871084043231471541349837132008214054847765177002884263852465195260802622372382922648959172302977036344886880376158737556035067266834046556398486200180219318973761972613193267736428399791055593578182242337217513655392502235550670883827604352648203462106641	1,-7,6,6,6,6,6,-6,-6,-6,-6,-6	6,6,6,6,6,-6,-6,-6,-6,-6,-6	ok
-0.818819	-12.672673	-49.491552	0.721847	continued:5	864964396167832167854406661026841500343916051431127869873399620005759963223788132470161421208282783345108834524630841092160895341023339336205205626918674384117696941375305056329730426226450764486659204505386922312064647483022218048245383919011451855109094039916509234999809306313062143613583102322565303293048271518636907808404285761975394225367232663342882333112353142971411273016474787812575465335298435137479757869121829232028525851604336425113221316143214101904249267936170723936660927019900521629284650578779314824017541540653248375769745813388008367950069636250228433954844156749815069147768655020977052215451689472639785181789142950803100055232728221939723635381028687789019729174815342373645111407000858387697529520336155089334539678732132699214102457783152807368480509600362259206723357551980671036061857928515221950386296343679064486049649323251123980433576132779563454967019533147960308487212198502096076862741025646127302495025119740695868806743246026418121135863029368407508506391442980634627696014492659589348959800765502219624271411004464935497016312976621028048308649515565887451240655868125516928146774358881359438196134850832997189247702337601461137235595542914281771982316164413193016940600313029510519293090023141472997009376924593694164177433980049776721443668100269197199049104553107003168237047260992223235377945600812520675670464554799748127104188368284757126987527987958813248401525395000343905858852724394722398455895988345969163646656993081669701561362960671194801569995066857934872042526275174880351365662509569072715987632541046358336761185808926335062660933456468124144424769001547683873105124695084307394886898542290177139940693932056023640398917528816857088514581994214351430010818648157404866816958829162373677635809917886110260052206657254977152140947297273770154229429751493905201376263347080338101480405417283614707086010602884713336117588053615633422399363407823898527363208037377995518976672062796537407585133274962935423575234348634137141414673124390551568667580724701431491992927955184061955407841697366844668977731169270128777749772048273038303406454307266992665681486920490515749263896901228976071975096318470175986551241789006095945714837608918159950981241366488326769160355680800807656674355708759732588868818875309730632723490559862474562676050328409720839062292797757654700458493604387665567285735950882879716957485921414204567003358126444427393553561180829793350127454606327910549347137957775920852477309822756316468229255300203462898114034574377256739677185234425594414711243107408173692558165654493822868059587360568026575478756953177034815971583578494109516393804475425656560503425698775139034901352139715614812807298037136434146005737816517993105154343915809234893426674397891229678984866174589384625334260359858906591107982707819975330533138378306950093120836310498620251576786269243001189561396997710901942716375835782108042315516584283158394360972892012830445665248990682540543632763768667963815874430621714728640203461227733911477556508361784083884731172770311935236803886644258243654884243805366579583151180212817812760533758093780521488518659604649584856991571327164286964458591500530609101159844092175221390637218115830684253474411559549878167276704249035708078814492133286193379782126569024338627934622383599746261652	1315267574425700017876206677067912476764586848272285311506057108230605414908316900088495330186755267068375961806776863885887680790997113568137152528138464642086143785806703833748181571639613035733359237981135877142617741943193441369776009843258775529238786153560660499400477436464097852200149236014802807358513649007444720988524239323937522010061899904305013173135009014211416020886792070167392507232358211323303827614304927645350899649340928926124071098615615091442096640581424934883584945650432064609097372480046812772621370530989185915476136972613120115768787167176486645141262148658385220471466401637534766876757895051588511035690466559207798361345294726299696118310054009453175336075731006111075660981123177486313016647125956869887133547934524315002551241233274019284248881119488756631013988003045776745290695222723296830657513863706394780683235709605906449380003048446964100028039442053440347425864459940924758499954289996132147307989070585463574856408783547990379436312630072802690122200471228806599115939182986143343748121912071219168583651128627952777375138962616353383686982694930699945147824705251402196516014338378189641642687763603095969019523858157218913607118592312994777610324148755379634502846127201120281538528661590471637444676024649643872716501534338143584827364776619834612216131630179091283749140397650854332383642939644017411211747300950677205497094393619972672871084043231471541349837132008214054847765177002884263852465195260802622372382922648959172302977036344886880376158737556035067266834046556398486200180219318973761972613193267736428399791055593578182242337217513655392502235550670883827604352648203462106641	-1,-7,6,6,6,6,6,-6,-6,-6,-6,-6	6,6,6,6,6,-6,-6,-6,-6,-6,-6	ok
-0.814815	-12.672673	-50.059434	0.719054	continued:5	864964396167832167854406661026841500343916051431127869873399620005759963223788132470161421208282783345108834524630841092160895341023339336205205626918674384117696941375305056329730426226450764486659204505386922312064647483022218048245383919011451855109094039916509234999809306313062143613583102322565303293048271518636907808404285761975394225367232663342882333112353142971411273016474787812575465335298435137479757869121829232028525851604336425113221316143214101904249267936170723936660927019900521629284650578779314824017541540653248375769745813388008367950069636250228433954844156749815069147768655020977052215451689472639785181789142950803100055232728221939723635381028687789019729174815342373645111407000858387697529520336155089334539678732132699214102457783152807368480509600362259206723357551980671036061857928515221950386296343679064486049649323251123980433576132779563454967019533147960308487212198502096076862741025646127302495025119740695868806743246026418121135863029368407508506391442980634627696014492659589348959800765502219624271411004464935497016312976621028048308649515565887451240655868125516928146774358881359438196134850832997189247702337601461137235595542914281771982316164413193016940600313029510519293090023141472997009376924593694164177433980049776721443668100269197199049104553107003168237047260992223235377945600812520675670464554799748127104188368284757126987527987958813248401525395000343905858852724394722398455895988345969163646656993081669701561362960671194801569995066857934872042526275174880351365662509569072715987632541046358336761185808926335062660933456468124144424769001547683873105124695084307394886898542290177139940693932056023640398917528816857088514581994214351430010818648157404866816958829162373677635809917886110260052206657254977152140947297273770154229429751493905201376263347080338101480405417283614707086010602884713336117588053615633422399363407823898527363208037377995518976672062796537407585133274962935423575234348634137141414673124390551568667580724701431491992927955184061955407841697366844668977731169270128777749772048273038303406454307266992665681486920490515749263896901228976071975096318470175986551241789006095945714837608918159950981241366488326769160355680800807656674355708759732588868818875309730632723490559862474562676050328409720839062292797757654700458493604387665567285735950882879716957485921414204567003358126444427393553561180829793350127454606327910549347137957775920852477309822756316468229255300203462898114034574377256739677185234425594414711243107408173692558165654493822868059587360568026575478756953177034815971583578494109516393804475425656560503425698775139034901352139715614812807298037136434146005737816517993105154343915809234893426674397891229678984866174589384625334260359858906591107982707819975330533138378306950093120836310498620251576786269243001189561396997710901942716375835782108042315516584283158394360972892012830445665248990682540543632763768667963815874430621714728640203461227733911477556508361784083884731172770311935236803886644258243654884243805366579583151180212817812760533758093780521488518659604649584856991571327164286964458591500530609101159844092175221390637218115830684253474411559549878167276704249035708078814492133286193379782126569024338627934622383599746261652	1315267574425700017876206677067912476764586848272285311506057108230605414908316900088495330186755267068375961806776863885887680790997113568137152528138464642086143785806703833748181571639613035733359237981135877142617741943193441369776009843258775529238786153560660499400477436464097852200149236014802807358513649007444720988524239323937522010061899904305013173135009014211416020886792070167392507232358211323303827614304927645350899649340928926124071098615615091442096640581424934883584945650432064609097372480046812772621370530989185915476136972613120115768787167176486645141262148658385220471466401637534766876757895051588511035690466559207798361345294726299696118310054009453175336075731006111075660981123177486313016647125956869887133547934524315002551241233274019284248881119488756631013988003045776745290695222723296830657513863706394780683235709605906449380003048446964100028039442053440347425864459940924758499954289996132147307989070585463574856408783547990379436312630072802690122200471228806599115939182986143343748121912071219168583651128627952777375138962616353383686982694930699945147824705251402196516014338378189641642687763603095969019523858157218913607118592312994777610324148755379634502846127201120281538528661590471637444676024649643872716501534338143584827364776619834612216131630179091283749140397650854332383642939644017411211747300950677205497094393619972672871084043231471541349837132008214054847765177002884263852465195260802622372382922648959172302977036344886880376158737556035067266834046556398486200180219318973761972613193267736428399791055593578182242337217513655392502235550670883827604352648203462106641	-1,-7,6,6,6,6,6,-6,-6,-6,-6,-6	6,6,6,6,6,-6,-6,-6,-6,-6,-6	ok
-0.810811	-12.672673	-50.539944	0.716261	continued:5	864964396167832167854406661026841500343916051431127869873399620005759963223788132470161421208282783345108834524630841092160895341023339336205205626918674384117696941375305056329730426226450764486659204505386922312064647483022218048245383919011451855109094039916509234999809306313062143613583102322565303293048271518636907808404285761975394225367232663342882333112353142971411273016474787812575465335298435137479757869121829232028525851604336425113221316143214101904249267936170723936660927019900521629284650578779314824017541540653248375769745813388008367950069636250228433954844156749815069147768655020977052215451689472639785181789142950803100055232728221939723635381028687789019729174815342373645111407000858387697529520336155089334539678732132699214102457783152807368480509600362259206723357551980671036061857928515221950386296343679064486049649323251123980433576132779563454967019533147960308487212198502096076862741025646127302495025119740695868806743246026418121135863029368407508506391442980634627696014492659589348959800765502219624271411004464935497016312976621028048308649515565887451240655868125516928146774358881359438196134850832997189247702337601461137235595542914281771982316164413193016940600313029510519293090023141472997009376924593694164177433980049776721443668100269197199049104553107003168237047260992223235377945600812520675670464554799748127104188368284757126987527987958813248401525395000343905858852724394722398455895988345969163646656993081669701561362960671194801569995066857934872042526275174880351365662509569072715987632541046358336761185808926335062660933456468124144424769001547683873105124695084307394886898542290177139940693932056023640398917528816857088514581994214351430010818648157404866816958829162373677635809917886110260052206657254977152140947297273770154229429751493905201376263347080338101480405417283614707086010602884713336117588053615633422399363407823898527363208037377995518976672062796537407585133274962935423575234348634137141414673124390551568667580724701431491992927955184061955407841697366844668977731169270128777749772048273038303406454307266992665681486920490515749263896901228976071975096318470175986551241789006095945714837608918159950981241366488326769160355680800807656674355708759732588868818875309730632723490559862474562676050328409720839062292797757654700458493604387665567285735950882879716957485921414204567003358126444427393553561180829793350127454606327910549347137957775920852477309822756316468229255300203462898114034574377256739677185234425594414711243107408173692558165654493822868059587360568026575478756953177034815971583578494109516393804475425656560503425698775139034901352139715614812807298037136434146005737816517993105154343915809234893426674397891229678984866174589384625334260359858906591107982707819975330533138378306950093120836310498620251576786269243001189561396997710901942716375835782108042315516584283158394360972892012830445665248990682540543632763768667963815874430621714728640203461227733911477556508361784083884731172770311935236803886644258243654884243805366579583151180212817812760533758093780521488518659604649584856991571327164286964458591500530609101159844092175221390637218115830684253474411559549878167276704249035708078814492133286193379782126569024338627934622383599746261652	1315267574425700017876206677067912476764586848272285311506057108230605414908316900088495330186755267068375961806776863885887680790997113568137152528138464642086143785806703833748181571639613035733359237981135877142617741943193441369776009843258775529238786153560660499400477436464097852200149236014802807358513649007444720988524239323937522010061899904305013173135009014211416020886792070167392507232358211323303827614304927645350899649340928926124071098615615091442096640581424934883584945650432064609097372480046812772621370530989185915476136972613120115768787167176486645141262148658385220471466401637534766876757895051588511035690466559207798361345294726299696118310054009453175336075731006111075660981123177486313016647125956869887133547934524315002551241233274019284248881119488756631013988003045776745290695222723296830657513863706394780683235709605906449380003048446964100028039442053440347425864459940924758499954289996132147307989070585463574856408783547990379436312630072802690122200471228806599115939182986143343748121912071219168583651128627952777375138962616353383686982694930699945147824705251402196516014338378189641642687763603095969019523858157218913607118592312994777610324148755379634502846127201120281538528661590471637444676024649643872716501534338143584827364776619834612216131630179091283749140397650854332383642939644017411211747300950677205497094393619972672871084043231471541349837132008214054847765177002884263852465195260802622372382922648959172302977036344886880376158737556035067266834046556398486200180219318973761972613193267736428399791055593578182242337217513655392502235550670883827604352648203462106641	-1,-7,6,6,6,6,6,-6,-6,-6,-6,-6	6,6,6,6,6,-6,-6,-6,-6,-6,-6	ok
-0.806807	-12.672673	-50.944141	0.713467	continued:5	1315267574425700017876207756656015377868692462350691643010079373038733147782045735658245022018763980406204507477042850210271738351600988141932540806990451189798492478026790810821598068801491716579365026973876915760986332623599110902784862259966150153094662489162289206058538530780838715784200744094878673696249163212480428109862123317026421484693544564823529922757120058913031037618310816976525036417163879015774723306438668454001835042836296663452617661681431068351705024436392060910237894541815049896542047581875095097894368452929396953271820209974600990631256897922752494215975384344465894960332855922618721506394707123867538312555666136604856984320579599104980676536623286474902420969805820512527025303132788130556427092109043027202152221571537910620029843035277972445871528974534203114745023728308228343573576221407591096874094022271477686299927095925237720367060454103273564817879209652516251534473535560998532102630756779710367648716621716316877107025272014842437037247460385516626993244294089945771984942102646921048403576730271738438923311395632446139645240037755593523988099809940667764760678045171639876967725567463584370652078210982407019269765320363030344498824196278312034705484292568313926016956935074236861639226888076186639088716424534090249216852921232756046134930439087622801402299355048137714566963131476672473719987341435872683227694778460555389288073308656262090679270916999446453600063104748663638183233831174177773881526816323360352542293884083791825156388873674097132594035503497569729654011095883009048132915526069138742029312225595453971210276685683979105044255926388578675045188198948517771597835347123040280774	1315267574425700017876206677067912476764586848272285311506057108230605414908316900088495330186755267068375961806776863885887680790997113568137152528138464642086143785806703833748181571639613035733359237981135877142617741943193441369776009843258775529238786153560660499400477436464097852200149236014802807358513649007444720988524239323937522010061899904305013173135009014211416020886792070167392507232358211323303827614304927645350899649340928926124071098615615091442096640581424934883584945650432064609097372480046812772621370530989185915476136972613120115768787167176486645141262148658385220471466401637534766876757895051588511035690466559207798361345294726299696118310054009453175336075731006111075660981123177486313016647125956869887133547934524315002551241233274019284248881119488756631013988003045776745290695222723296830657513863706394780683235709605906449380003048446964100028039442053440347425864459940924758499954289996132147307989070585463574856408783547990379436312630072802690122200471228806599115939182986143343748121912071219168583651128627952777375138962616353383686982694930699945147824705251402196516014338378189641642687763603095969019523858157218913607118592312994777610324148755379634502846127201120281538528661590471637444676024649643872716501534338143584827364776619834612216131630179091283749140397650854332383642939644017411211747300950677205497094393619972672871084043231471541349837132008214054847765177002884263852465195260802622372382922648959172302977036344886880376158737556035067266834046556398486200180219318973761972613193267736428399791055593578182242337217513655392502235550670883827604352648203462106641	-1,6,6,6,6,6,-6,-6,-6,-6,-6	6,6,6,6,6,-6,-6,-6,-6,-6,-6	ok
-0.802803	-12.672673	-51.282491	0.711008	continued:5	864964396167832167854405241079616018765682435021788049502938702637615201460600872782607263684669316729588615684832389719455300877534495023682390542832570399663308980908133154690748358246804228428940644308963968118599464797242839480039010844732220299579301674067803447429554589817184847731217240994083226826802550786694514300881583277931003579739538626842003112957878640048890167854828083315454734566006345393057996095270551408577411002503007378595336948017712588136233615177989577433493468371249810847926829605690588404447583247590233972486686164450237489804199229322418540636744897733546370402357425852832570911342264305070282361185055718652447151401273821516565357347176694257330503197754149646878354736735094124786143563083033922921185001462936646357311896281568124432926543073586018011831116283834455648396391562389741468553662787274162521309206642619149302564117108933754345835878604807648965565038041689462507143813278089683422596719931381656954799705567998606740398930755929167835813834450100134273322717729328821704755922833892265796045473659740617092613588903242259375023832075782152394070082994041631945688457200046999537466928668229561231434798479399151207188204320121842177909147096825361779663893695563347989307746879957224423202493209011593635000004406268353036103456215834678816784180788328485686250529838601360317404905677386031229731857520191258402892532168801394578110606822829965397494716434348443514624983694621949309107815842850057514072178592690655738665347932797506889103058640357613151628645720979404232335253206021517809014664204444081565878306164738156654943544705680392557857863449566415926267132558028167336749225377326977819480215333485136174497152454940962124586918606260728919724261489462054008616156337000609285866398601145852908487782055995677749440584111471477912139579338287106204097302708433079331033949268207946818408137277931471920747662543659438924543217112623238249566528962976798867474523407636342521172597118748294327250340828528605671621227472036173799577534443387739470416331847589999714014853288559932617877615688942684522868661563210652233118710605155491764486561336826014108072935611332810583968482051497251916486550554438597484321885641948969149381215858984633029217749929772802536342148734926810614388289622290828627435242746223483183640790830890602776480119460132101447806222134685636435273388946704158107541023429687137408383123978017520555738207005120015498511273791988761778884136206690066974764400760437178676148883175013629594034597072191456029086660109503841912187843137273904287394930975926074489889381277958304842565777534552600737235198028321514823144766308771120806856773197425642121202863549178119624466113024011701404092460355975049501668429411496302395629727923334483779146619605635578484327385743497690251274011171246601543638105913209005503406361910409488221538570646097315504947567259306118538406379341318466136952280630228881419556072286347599465449550038190138877258075402013947890298533845539313571090531151057151097387276177027051177173931314298583878967909234593274164540023536742972360088539639618354732784929203215807709675016379254266515293874622020539741089888805425359018807472511664480331397427989814824954206340652842090387279544745463047593150215019568481953201270874742219612856031407905483418045	1315267574425700017876206677067912476764586848272285311506057108230605414908316900088495330186755267068375961806776863885887680790997113568137152528138464642086143785806703833748181571639613035733359237981135877142617741943193441369776009843258775529238786153560660499400477436464097852200149236014802807358513649007444720988524239323937522010061899904305013173135009014211416020886792070167392507232358211323303827614304927645350899649340928926124071098615615091442096640581424934883584945650432064609097372480046812772621370530989185915476136972613120115768787167176486645141262148658385220471466401637534766876757895051588511035690466559207798361345294726299696118310054009453175336075731006111075660981123177486313016647125956869887133547934524315002551241233274019284248881119488756631013988003045776745290695222723296830657513863706394780683235709605906449380003048446964100028039442053440347425864459940924758499954289996132147307989070585463574856408783547990379436312630072802690122200471228806599115939182986143343748121912071219168583651128627952777375138962616353383686982694930699945147824705251402196516014338378189641642687763603095969019523858157218913607118592312994777610324148755379634502846127201120281538528661590471637444676024649643872716501534338143584827364776619834612216131630179091283749140397650854332383642939644017411211747300950677205497094393619972672871084043231471541349837132008214054847765177002884263852465195260802622372382922648959172302977036344886880376158737556035067266834046556398486200180219318973761972613193267736428399791055593578182242337217513655392502235550670883827604352648203462106641	-1,6,6,6,6,6,-6,-6,-6,-6,-6,-6	6,6,6,6,6,-6,-6,-6,-6,-6,-6	ok
-0.798799	-12.672673	-51.562131	0.713802	full	864964396167832167854405241079616018765682435021788049502938702637615201460600872782607263684669316729588615684832389719455300877534495023682390542832570399663308980908133154690748358246804228428940644308963968118599464797242839480039010844732220299579301674067803447429554589817184847731217240994083226826802550786694514300881583277931003579739538626842003112957878640048890167854828083315454734566006345393057996095270551408577411002503007378595336948017712588136233615177989577433493468371249810847926829605690588404447583247590233972486686164450237489804199229322418540636744897733546370402357425852832570911342264305070282361185055718652447151401273821516565357347176694257330503197754149646878354736735094124786143563083033922921185001462936646357311896281568124432926543073586018011831116283834455648396391562389741468553662787274162521309206642619149302564117108933754345835878604807648965565038041689462507143813278089683422596719931381656954799705567998606740398930755929167835813834450100134273322717729328821704755922833892265796045473659740617092613588903242259375023832075782152394070082994041631945688457200046999537466928668229561231434798479399151207188204320121842177909147096825361779663893695563347989307746879957224423202493209011593635000004406268353036103456215834678816784180788328485686250529838601360317404905677386031229731857520191258402892532168801394578110606822829965397494716434348443514624983694621949309107815842850057514072178592690655738665347932797506889103058640357613151628645720979404232335253206021517809014664204444081565878306164738156654943544705680392557857863449566415926267132558028167336749225377326977819480215333485136174497152454940962124586918606260728919724261489462054008616156337000609285866398601145852908487782055995677749440584111471477912139579338287106204097302708433079331033949268207946818408137277931471920747662543659438924543217112623238249566528962976798867474523407636342521172597118748294327250340828528605671621227472036173799577534443387739470416331847589999714014853288559932617877615688942684522868661563210652233118710605155491764486561336826014108072935611332810583968482051497251916486550554438597484321885641948969149381215858984633029217749929772802536342148734926810614388289622290828627435242746223483183640790830890602776480119460132101447806222134685636435273388946704158107541023429687137408383123978017520555738207005120015498511273791988761778884136206690066974764400760437178676148883175013629594034597072191456029086660109503841912187843137273904287394930975926074489889381277958304842565777534552600737235198028321514823144766308771120806856773197425642121202863549178119624466113024011701404092460355975049501668429411496302395629727923334483779146619605635578484327385743497690251274011171246601543638105913209005503406361910409488221538570646097315504947567259306118538406379341318466136952280630228881419556072286347599465449550038190138877258075402013947890298533845539313571090531151057151097387276177027051177173931314298583878967909234593274164540023536742972360088539639618354732784929203215807709675016379254266515293874622020539741089888805425359018807472511664480331397427989814824954206340652842090387279544745463047593150215019568481953201270874742219612856031407905483418045	1315267574425700017876206677067912476764586848272285311506057108230605414908316900088495330186755267068375961806776863885887680790997113568137152528138464642086143785806703833748181571639613035733359237981135877142617741943193441369776009843258775529238786153560660499400477436464097852200149236014802807358513649007444720988524239323937522010061899904305013173135009014211416020886792070167392507232358211323303827614304927645350899649340928926124071098615615091442096640581424934883584945650432064609097372480046812772621370530989185915476136972613120115768787167176486645141262148658385220471466401637534766876757895051588511035690466559207798361345294726299696118310054009453175336075731006111075660981123177486313016647125956869887133547934524315002551241233274019284248881119488756631013988003045776745290695222723296830657513863706394780683235709605906449380003048446964100028039442053440347425864459940924758499954289996132147307989070585463574856408783547990379436312630072802690122200471228806599115939182986143343748121912071219168583651128627952777375138962616353383686982694930699945147824705251402196516014338378189641642687763603095969019523858157218913607118592312994777610324148755379634502846127201120281538528661590471637444676024649643872716501534338143584827364776619834612216131630179091283749140397650854332383642939644017411211747300950677205497094393619972672871084043231471541349837132008214054847765177002884263852465195260802622372382922648959172302977036344886880376158737556035067266834046556398486200180219318973761972613193267736428399791055593578182242337217513655392502235550670883827604352648203462106641	-1,6,6,6,6,6,-6,-6,-6,-6,-6,-6	6,6,6,6,6,-6,-6,-6,-6,-6,-6	ok
-0.794795	-12.672673	-43.002590	0.724440	continued:5	864964396167832167854406661026841500343916051431127869873399620005759963223788132470161421208282783345108834524630841092160895341023339336205205626918674384117696941375305056329730426226450764486659204505386922312064647483022218048245383919011451855109094039916509234999809306313062143613583102322565303293048271518636907808404285761975394225367232663342882333112353142971411273016474787812575465335298435137479757869121829232028525851604336425113221316143214101904249267936170723936660927019900521629284650578779314824017541540653248375769745813388008367950069636250228433954844156749815069147768655020977052215451689472639785181789142950803100055232728221939723635381028687789019729174815342373645111407000858387697529520336155089334539678732132699214102457783152807368480509600362259206723357551980671036061857928515221950386296343679064486049649323251123980433576132779563454967019533147960308487212198502096076862741025646127302495025119740695868806743246026418121135863029368407508506391442980634627696014492659589348959800765502219624271411004464935497016312976621028048308649515565887451240655868125516928146774358881359438196134850832997189247702337601461137235595542914281771982316164413193016940600313029510519293090023141472997009376924593694164177433980049776721443668100269197199049104553107003168237047260992223235377945600812520675670464554799748127104188368284757126987527987958813248401525395000343905858852724394722398455895988345969163646656993081669701561362960671194801569995066857934872042526275174880351365662509569072715987632541046358336761185808926335062660933456468124144424769001547683873105124695084307394886898542290177139940693932056023640398917528816857088514581994214351430010818648157404866816958829162373677635809917886110260052206657254977152140947297273770154229429751493905201376263347080338101480405417283614707086010602884713336117588053615633422399363407823898527363208037377995518976672062796537407585133274962935423575234348634137141414673124390551568667580724701431491992927955184061955407841697366844668977731169270128777749772048273038303406454307266992665681486920490515749263896901228976071975096318470175986551241789006095945714837608918159950981241366488326769160355680800807656674355708759732588868818875309730632723490559862474562676050328409720839062292797757654700458493604387665567285735950882879716957485921414204567003358126444427393553561180829793350127454606327910549347137957775920852477309822756316468229255300203462898114034574377256739677185234425594414711243107408173692558165654493822868059587360568026575478756953177034815971583578494109516393804475425656560503425698775139034901352139715614812807298037136434146005737816517993105154343915809234893426674397891229678984866174589384625334260359858906591107982707819975330533138378306950093120836310498620251576786269243001189561396997710901942716375835782108042315516584283158394360972892012830445665248990682540543632763768667963815874430621714728640203461227733911477556508361784083884731172770311935236803886644258243654884243805366579583151180212817812760533758093780521488518659604649584856991571327164286964458591500530609101159844092175221390637218115830684253474411559549878167276704249035708078814492133286193379782126569024338627934622383599746261652	1315267574425700017876206677067912476764586848272285311506057108230605414908316900088495330186755267068375961806776863885887680790997113568137152528138464642086143785806703833748181571639613035733359237981135877142617741943193441369776009843258775529238786153560660499400477436464097852200149236014802807358513649007444720988524239323937522010061899904305013173135009014211416020886792070167392507232358211323303827614304927645350899649340928926124071098615615091442096640581424934883584945650432064609097372480046812772621370530989185915476136972613120115768787167176486645141262148658385220471466401637534766876757895051588511035690466559207798361345294726299696118310054009453175336075731006111075660981123177486313016647125956869887133547934524315002551241233274019284248881119488756631013988003045776745290695222723296830657513863706394780683235709605906449380003048446964100028039442053440347425864459940924758499954289996132147307989070585463574856408783547990379436312630072802690122200471228806599115939182986143343748121912071219168583651128627952777375138962616353383686982694930699945147824705251402196516014338378189641642687763603095969019523858157218913607118592312994777610324148755379634502846127201120281538528661590471637444676024649643872716501534338143584827364776619834612216131630179091283749140397650854332383642939644017411211747300950677205497094393619972672871084043231471541349837132008214054847765177002884263852465195260802622372382922648959172302977036344886880376158737556035067266834046556398486200180219318973761972613193267736428399791055593578182242337217513655392502235550670883827604352648203462106641	-1,-7,6,6,6,6,6,-6,-6,-6,-6,-6	6,6,6,6,6,-6,-6,-6,-6,-6,-6	ok
-0.790791	-12.672673	-44.842635	0.727233	continued:5	864964396167832167854406661026841500343916051431127869873399620005759963223788132470161421208282783345108834524630841092160895341023339336205205626918674384117696941375305056329730426226450764486659204505386922312064647483022218048245383919011451855109094039916509234999809306313062143613583102322565303293048271518636907808404285761975394225367232663342882333112353142971411273016474787812575465335298435137479757869121829232028525851604336425113221316143214101904249267936170723936660927019900521629284650578779314824017541540653248375769745813388008367950069636250228433954844156749815069147768655020977052215451689472639785181789142950803100055232728221939723635381028687789019729174815342373645111407000858387697529520336155089334539678732132699214102457783152807368480509600362259206723357551980671036061857928515221950386296343679064486049649323251123980433576132779563454967019533147960308487212198502096076862741025646127302495025119740695868806743246026418121135863029368407508506391442980634627696014492659589348959800765502219624271411004464935497016312976621028048308649515565887451240655868125516928146774358881359438196134850832997189247702337601461137235595542914281771982316164413193016940600313029510519293090023141472997009376924593694164177433980049776721443668100269197199049104553107003168237047260992223235377945600812520675670464554799748127104188368284757126987527987958813248401525395000343905858852724394722398455895988345969163646656993081669701561362960671194801569995066857934872042526275174880351365662509569072715987632541046358336761185808926335062660933456468124144424769001547683873105124695084307394885583274715751439922817724299367625021048836354506396871571914841312696863036602421746621794940065181967473128332875035899988313855056266835219600140306822580355736951724703094379778194545588621522115378443406698946099677979285602433332725793649483269304700918661609321304669506597156803192471318701658733888884111750454995465372225317110719929979579825728038744823604642518460955309644367085430371424533487828894254424730601674775914729211976374850788792625835924313976462484098454839026002359413926175433048736595080888656873336076698992443017398943558960349984468565574274944380296456341761714022852837113867362424168185863094410934893725869705691729748810615858385756174471179798037523798567153040260432818094749160530393812371177364851136554906516773523718145551820904255925631793707434602114229467692508903733601329262661846087223904050165632201300564721372962223457741879483353505189088943946409059938143596137205380177676487326660531965764770219674417548506634038904459433413397742048564344883289725383481347255599427556736630463616064621639948702409973739979416954847424974254346124163316234917287033190498214907447336690468725181833384044379911831526634410895172527077882509606806122375481142900362548236832395802291156929209625877735204873724480163661000085417554368904683569698678949056110007320662473388883525691430476240290691991868155285191992566230353051600260385937543252822560463796653644724434564130334037169622489801656800807315418258543341749108077792609157884981002970683325950587793903623941939716986304592872797546004551322815488359935528181413179687547796305050736239995933877864618226659641782890199605710650509711	1315267574425700017876206677067912476764586848272285311506057108230605414908316900088495330186755267068375961806776863885887680790997113568137152528138464642086143785806703833748181571639613035733359237981135877142617741943193441369776009843258775529238786153560660499400477436464097852200149236014802807358513649007444720988524239323937522010061899904305013173135009014211416020886792070167392507232358211323303827614304927645350899649340928926124071098615615091442096640581424934883584945650432064609097372480046812772621370530989185915476136972613120115768787167176486645141262148658385220471466401637534766876757895051588511035690466559207798361345294726299696118310054009453175336075731006111075660981123177486313016647125956869887133547934524315002551241233274019284248881119488756631013988003045776745290695222723296830657513863706394780683235709605906449380003048446964100028039442053440347425864459940924758499954289996132147307989070585463574856408783547990379436312630072802690122200471228806599115939182986143343748121912071219168583651128627952777375138962616353383686982694930699945147824705251402196516014338378189641642687763603095969019523858157218913607118592312994777610324148755379634502846127201120281538528661590471637444676024649643872716501534338143584827364776619834612216131630179091283749140397650854332383642939644017411211747300950677205497094393619972672871084043231471541349837132008214054847765177002884263852465195260802622372382922648959172302977036344886880376158737556035067266834046556398486200180219318973761972613193267736428399791055593578182242337217513655392502235550670883827604352648203462106641	0,-7,6,6,6,6,6,-6,-6,-6,-6,-6	6,6,6,6,6,-6,-6,-6,-6,-6,-6	ok
-0.786787	-12.672673	-46.147483	0.724440	continued:5	864964396167832167854406661026841500343916051431127869873399620005759963223788132470161421208282783345108834524630841092160895341023339336205205626918674384117696941375305056329730426226450764486659204505386922312064647483022218048245383919011451855109094039916509234999809306313062143613583102322565303293048271518636907808404285761975394225367232663342882333112353142971411273016474787812575465335298435137479757869121829232028525851604336425113221316143214101904249267936170723936660927019900521629284650578779314824017541540653248375769745813388008367950069636250228433954844156749815069147768655020977052215451689472639785181789142950803100055232728221939723635381028687789019729174815342373645111407000858387697529520336155089334539678732132699214102457783152807368480509600362259206723357551980671036061857928515221950386296343679064486049649323251123980433576132779563454967019533147960308487212198502096076862741025646127302495025119740695868806743246026418121135863029368407508506391442980634627696014492659589348959800765502219624271411004464935497016312976621028048308649515565887451240655868125516928146774358881359438196134850832997189247702337601461137235595542914281771982316164413193016940600313029510519293090023141472997009376924593694164177433980049776721443668100269197199049104553107003168237047260992223235377945600812520675670464554799748127104188368284757126987527987958813248401525395000343905858852724394722398455895988345969163646656993081669701561362960671194801569995066857934872042526275174880351365662509569072715987632541046358336761185808926335062660933456468124144424769001547683873105124695084307394885583274715751439922817724299367625021048836354506396871571914841312696863036602421746621794940065181967473128332875035899988313855056266835219600140306822580355736951724703094379778194545588621522115378443406698946099677979285602433332725793649483269304700918661609321304669506597156803192471318701658733888884111750454995465372225317110719929979579825728038744823604642518460955309644367085430371424533487828894254424730601674775914729211976374850788792625835924313976462484098454839026002359413926175433048736595080888656873336076698992443017398943558960349984468565574274944380296456341761714022852837113867362424168185863094410934893725869705691729748810615858385756174471179798037523798567153040260432818094749160530393812371177364851136554906516773523718145551820904255925631793707434602114229467692508903733601329262661846087223904050165632201300564721372962223457741879483353505189088943946409059938143596137205380177676487326660531965764770219674417548506634038904459433413397742048564344883289725383481347255599427556736630463616064621639948702409973739979416954847424974254346124163316234917287033190498214907447336690468725181833384044379911831526634410895172527077882509606806122375481142900362548236832395802291156929209625877735204873724480163661000085417554368904683569698678949056110007320662473388883525691430476240290691991868155285191992566230353051600260385937543252822560463796653644724434564130334037169622489801656800807315418258543341749108077792609157884981002970683325950587793903623941939716986304592872797546004551322815488359935528181413179687547796305050736239995933877864618226659641782890199605710650509711	1315267574425700017876206677067912476764586848272285311506057108230605414908316900088495330186755267068375961806776863885887680790997113568137152528138464642086143785806703833748181571639613035733359237981135877142617741943193441369776009843258775529238786153560660499400477436464097852200149236014802807358513649007444720988524239323937522010061899904305013173135009014211416020886792070167392507232358211323303827614304927645350899649340928926124071098615615091442096640581424934883584945650432064609097372480046812772621370530989185915476136972613120115768787167176486645141262148658385220471466401637534766876757895051588511035690466559207798361345294726299696118310054009453175336075731006111075660981123177486313016647125956869887133547934524315002551241233274019284248881119488756631013988003045776745290695222723296830657513863706394780683235709605906449380003048446964100028039442053440347425864459940924758499954289996132147307989070585463574856408783547990379436312630072802690122200471228806599115939182986143343748121912071219168583651128627952777375138962616353383686982694930699945147824705251402196516014338378189641642687763603095969019523858157218913607118592312994777610324148755379634502846127201120281538528661590471637444676024649643872716501534338143584827364776619834612216131630179091283749140397650854332383642939644017411211747300950677205497094393619972672871084043231471541349837132008214054847765177002884263852465195260802622372382922648959172302977036344886880376158737556035067266834046556398486200180219318973761972613193267736428399791055593578182242337217513655392502235550670883827604352648203462106641	0,-7,6,6,6,6,6,-6,-6,-6,-6,-6	6,6,6,6,6,-6,-6,-6,-6,-6,-6	ok
-0.782783	-12.672673	-47.234498	0.721647	continued:5	864964396167832167854406661026841500343916051431127869873399620005759963223788132470161421208282783345108834524630841092160895341023339336205205626918674384117696941375305056329730426226450764486659204505386922312064647483022218048245383919011451855109094039916509234999809306313062143613583102322565303293048271518636907808404285761975394225367232663342882333112353142971411273016474787812575465335298435137479757869121829232028525851604336425113221316143214101904249267936170723936660927019900521629284650578779314824017541540653248375769745813388008367950069636250228433954844156749815069147768655020977052215451689472639785181789142950803100055232728221939723635381028687789019729174815342373645111407000858387697529520336155089334539678732132699214102457783152807368480509600362259206723357551980671036061857928515221950386296343679064486049649323251123980433576132779563454967019533147960308487212198502096076862741025646127302495025119740695868806743246026418121135863029368407508506391442980634627696014492659589348959800765502219624271411004464935497016312976621028048308649515565887451240655868125516928146774358881359438196134850832997189247702337601461137235595542914281771982316164413193016940600313029510519293090023141472997009376924593694164177433980049776721443668100269197199049104553107003168237047260992223235377945600812520675670464554799748127104188368284757126987527987958813248401525395000343905858852724394722398455895988345969163646656993081669701561362960671194801569995066857934872042526275174880351365662509569072715987632541046358336761185808926335062660933456468124144424769001547683873105124695084307394885583274715751439922817724299367625021048836354506396871571914841312696863036602421746621794940065181967473128332875035899988313855056266835219600140306822580355736951724703094379778194545588621522115378443406698946099677979285602433332725793649483269304700918661609321304669506597156803192471318701658733888884111750454995465372225317110719929979579825728038744823604642518460955309644367085430371424533487828894254424730601674775914729211976374850788792625835924313976462484098454839026002359413926175433048736595080888656873336076698992443017398943558960349984468565574274944380296456341761714022852837113867362424168185863094410934893725869705691729748810615858385756174471179798037523798567153040260432818094749160530393812371177364851136554906516773523718145551820904255925631793707434602114229467692508903733601329262661846087223904050165632201300564721372962223457741879483353505189088943946409059938143596137205380177676487326660531965764770219674417548506634038904459433413397742048564344883289725383481347255599427556736630463616064621639948702409973739979416954847424974254346124163316234917287033190498214907447336690468725181833384044379911831526634410895172527077882509606806122375481142900362548236832395802291156929209625877735204873724480163661000085417554368904683569698678949056110007320662473388883525691430476240290691991868155285191992566230353051600260385937543252822560463796653644724434564130334037169622489801656800807315418258543341749108077792609157884981002970683325950587793903623941939716986304592872797546004551322815488359935528181413179687547796305050736239995933877864618226659641782890199605710650509711	1315267574425700017876206677067912476764586848272285311506057108230605414908316900088495330186755267068375961806776863885887680790997113568137152528138464642086143785806703833748181571639613035733359237981135877142617741943193441369776009843258775529238786153560660499400477436464097852200149236014802807358513649007444720988524239323937522010061899904305013173135009014211416020886792070167392507232358211323303827614304927645350899649340928926124071098615615091442096640581424934883584945650432064609097372480046812772621370530989185915476136972613120115768787167176486645141262148658385220471466401637534766876757895051588511035690466559207798361345294726299696118310054009453175336075731006111075660981123177486313016647125956869887133547934524315002551241233274019284248881119488756631013988003045776745290695222723296830657513863706394780683235709605906449380003048446964100028039442053440347425864459940924758499954289996132147307989070585463574856408783547990379436312630072802690122200471228806599115939182986143343748121912071219168583651128627952777375138962616353383686982694930699945147824705251402196516014338378189641642687763603095969019523858157218913607118592312994777610324148755379634502846127201120281538528661590471637444676024649643872716501534338143584827364776619834612216131630179091283749140397650854332383642939644017411211747300950677205497094393619972672871084043231471541349837132008214054847765177002884263852465195260802622372382922648959172302977036344886880376158737556035067266834046556398486200180219318973761972613193267736428399791055593578182242337217513655392502235550670883827604352648203462106641	0,-7,6,6,6,6,6,-6,-6,-6,-6,-6	6,6,6,6,6,-6,-6,-6,-6,-6,-6	ok
-0.778779	-12.672673	-48.160857	0.718853	continued:5	864964396167832167854405241079616018765682435021788049502938702637615201460600872782607263684669316729588615684832389719455300877534495023682390542832570399663308980908133154690748358246804228428940644308963968118599464797242839480039010844732220299579301674067803447429554589817184847731217240994083226826802550786694514300881583277931003579739538626842003112957878640048890167854828083315454734566006345393057996095270551408577411002503007378595336948017712588136233615177989577433493468371249810847926829605690588404447583247590233972486686164450237489804199229322418540636744897733546370402357425852832570911342264305070282361185055718652447151401273821516565357347176694257330503197754149646878354736735094124786143563083033922921185001462936646357311896281568124432926543073586018011831116283834455648396391562391874691114308773758629128675459441772961751539141410015107688750429162773229891353319041831481091003696118422986072942176263862036359858552778169038083381232241875697898297653365133823294820537261455097887780659392113752739029982029348469564974585640410502568850332381748174174527465552793224626510435639626755446956340086430795538214249390073757740559959135158140425769612927555350371784050031489912935107773347836347348858321348990594740058112241877228705698549731152810385962097577744275375055085067047966121888293491366576737303302968639554386184715675960185537196909081307379874422242164874429747835174385811577490093895935654007647435512015969710800155525613314786540513373846046298466446102733386217926262555238716436548116736713556446455379296929241686181840412879009011689611834572285610241833021885984731677628909382507814822623833784668132144320754799150699222087630583338761666024154583279253079066905635540121930992682112311558656630555311357572499398492669712153301430016357232609298817846915640854421401901198179351154346898711996468507837832213924100956903715661966418715638602695289068520355876812367829961607018367824139762607560604189907236979938842708534557772247263998165033747716706778058276131968698421275035047998045792577844375601298772829839936025032548010238922876491403353293114506694905495658159417804695485281782885382768826726219292621484678177133607057345542218448564772141365147157840372165502599019201771814087511153246108576146896522131909638269308710401470803731465570263122652141318949882888274036534465134314031831695774421675370724160704738439209207632157864629166711051902407359714932995366610902166951542810214683710882361211272489909302312826341511493229747878584210004171732500922538083236650850843834528169563430497569328878220069330932061081435508355280238285592603622909548643694616901502515089049317645090187196681077938704796026500720625617511026616663987799684112774909744998254563211754016773876645217455918520610558449796884845611584502113581835409264761714174353483741670087998452907835050420338429190409203314914396375384245869392977989972541339303058364939668361832744821249992873716808478005884402683264752641241221967730715744944050412597817512287997144300067207477225682965705932814871200936840824262390372998855923372218695685544212014939032464349335387525468162455754415836337051896654605960544158855837779646887474312049102830934329119793622414379129968268968781986792104514734539966295542559558570	1315267574425700017876206677067912476764586848272285311506057108230605414908316900088495330186755267068375961806776863885887680790997113568137152528138464642086143785806703833748181571639613035733359237981135877142617741943193441369776009843258775529238786153560660499400477436464097852200149236014802807358513649007444720988524239323937522010061899904305013173135009014211416020886792070167392507232358211323303827614304927645350899649340928926124071098615615091442096640581424934883584945650432064609097372480046812772621370530989185915476136972613120115768787167176486645141262148658385220471466401637534766876757895051588511035690466559207798361345294726299696118310054009453175336075731006111075660981123177486313016647125956869887133547934524315002551241233274019284248881119488756631013988003045776745290695222723296830657513863706394780683235709605906449380003048446964100028039442053440347425864459940924758499954289996132147307989070585463574856408783547990379436312630072802690122200471228806599115939182986143343748121912071219168583651128627952777375138962616353383686982694930699945147824705251402196516014338378189641642687763603095969019523858157218913607118592312994777610324148755379634502846127201120281538528661590471637444676024649643872716501534338143584827364776619834612216131630179091283749140397650854332383642939644017411211747300950677205497094393619972672871084043231471541349837132008214054847765177002884263852465195260802622372382922648959172302977036344886880376158737556035067266834046556398486200180219318973761972613193267736428399791055593578182242337217513655392502235550670883827604352648203462106641	0,-7,6,6,6,6,-6,-6,-6,-6,-6,-6	6,6,6,6,6,-6,-6,-6,-6,-6,-6	ok
-0.774775	-12.672673	-48.952160	0.716060	continued:5	864964396167832167854405241079616018765682435021788049502938702637615201460600872782607263684669316729588615684832389719455300877534495023682390542832570399663308980908133154690748358246804228428940644308963968118599464797242839480039010844732220299579301674067803447429554589817184847731217240994083226826802550786694514300881583277931003579739538626842003112957878640048890167854828083315454734566006345393057996095270551408577411002503007378595336948017712588136233615177989577433493468371249810847926829605690588404447583247590233972486686164450237489804199229322418540636744897733546370402357425852832570911342264305070282361185055718652447151401273821516565357347176694257330503197754149646878354736735094124786143563083033922921185001462936646357311896281568124432926543073586018011831116283834455648396391562391874691114308773758629128675459441772961751539141410015107688750429162773229891353319041831481091003696118422986072942176263862036359858552778169038083381232241875697898297653365133823294820537261455097887780659392113752739029982029348469564974585640410502568850332381748174174527465552793224626510435639626755446956340086430795538214249390073757740559959135158140425769612927555350371784050031489912935107773347836347348858321348990594740058112241877228705698549731152810385962097577744275375055085067047966121888293491366576737303302968639554386184715675960185537196909081307379874422242164874429747835174385811577490093895935654007647435512015969710800155525613314786540513373846046298466446102733386217926262555238716436548116736713556446455379296929241686181840412879009011689611834572285610241833021885984731677631539917656666222659586198022267969274283972847243792710642697555222876853971217079430069727279146074258682916295666039330431992137305584708773703548946641437473717587970640276795180990194866925888120377160451105439582382598383351247389851900441652015381287969087739714439557568217264224756175284397435576324045665839029204584609082837782281000062642517144584118517282026587865789490290918393061146433414843921642703226655647868546174899980630682088078222263778193123116157654253223060284397995769624876354162764789110827025626444747198557171566566710918408671181391698515508731089069458135588100773175440572132772717561917264533224627041694562493244822499090868700947021578822637816242414584664363470271845134629009160498428565945571470041517544419354165807220905757246200655626868144224313930383365806486485948001347616788989043421420128327762276791955773243160705297937754003948649511142234193059772785444711362665787812649400006563001409080679692528744273048570858128615520911422305174760081175273912782465754161095006502591832069211800628049546625538256313445763895687375161290863166909027024121442532054337086933786984720711628409394241914441253550883848876143757721656807088179522479911526644518115403907371359373214064166409557830447110119929315194001042613493701614452097499842112537279316475281734982529588506917535903561075853747372898096695863097243278435991492654886043683540005790700278964451886879118765053682449193882089789378792707719634345124246730627556410941112947728061637039395830598624571469837753135454826775660871521288781298610168340464171097123995938481474646887939393106344751741336444797251370940170978073907489	1315267574425700017876206677067912476764586848272285311506057108230605414908316900088495330186755267068375961806776863885887680790997113568137152528138464642086143785806703833748181571639613035733359237981135877142617741943193441369776009843258775529238786153560660499400477436464097852200149236014802807358513649007444720988524239323937522010061899904305013173135009014211416020886792070167392507232358211323303827614304927645350899649340928926124071098615615091442096640581424934883584945650432064609097372480046812772621370530989185915476136972613120115768787167176486645141262148658385220471466401637534766876757895051588511035690466559207798361345294726299696118310054009453175336075731006111075660981123177486313016647125956869887133547934524315002551241233274019284248881119488756631013988003045776745290695222723296830657513863706394780683235709605906449380003048446964100028039442053440347425864459940924758499954289996132147307989070585463574856408783547990379436312630072802690122200471228806599115939182986143343748121912071219168583651128627952777375138962616353383686982694930699945147824705251402196516014338378189641642687763603095969019523858157218913607118592312994777610324148755379634502846127201120281538528661590471637444676024649643872716501534338143584827364776619834612216131630179091283749140397650854332383642939644017411211747300950677205497094393619972672871084043231471541349837132008214054847765177002884263852465195260802622372382922648959172302977036344886880376158737556035067266834046556398486200180219318973761972613193267736428399791055593578182242337217513655392502235550670883827604352648203462106641	1,-7,6,6,6,6,-6,-6,-6,-6,-6,-6	6,6,6,6,6,-6,-6,-6,-6,-6,-6	ok
-0.770771	-12.672673	-49.625243	0.713267	continued:5	864964396167832167854405241079616018765682435021788049502938702637615201460600872782607263684669316729588615684832389719455300877534495023682390542832570399663308980908133154690748358246804228428940644308963968118599464797242839480039010844732220299579301674067803447429554589817184847731217240994083226826802550786694514300881583277931003579739538626842003112957878640048890167854828083315454734566006345393057996095270551408577411002503007378595336948017712588136233615177989577433493468371249810847926829605690588404447583247590233972486686164450237489804199229322418540636744897733546370402357425852832570911342264305070282361185055718652447151401273821516565357347176694257330503197754149646878354736735094124786143563083033922921185001462936646357311896281568124432926543073586018011831116283834455648396391562391874691114308773758629128675459441772961751539141410015107688750429162773229891353319041831481091003696118422986072942176263862036359858552778169038083381232241875697898297653365133823294820537261455097887780659392113752739029982029348469564974585640410502568850332381748174174527465552793224626510435639626755446956340086430795538214249390073757740559959135158140425769612927555350371784050031489912935107773347836347348858321348990594740058112241877228705698549731152810385962097577744275375055085067047966121888293491366576737303302968639554386184715675960185537196909081307379874422242164874429747835174385811577490093895935654007647435512015969710800155525613314786540513373846046298466446102733386217926262555238716436548116736713556446455379296929241686181840412879009011689611834572285610241833021885984731677631539917656666222659586198022267969274283972847243792710642697555222876853971217079430069727279146074258682916295666039330431992137305584708773703548946641437473717587970640276795180990194866925888120377160451105439582382598383351247389851900441652015381287969087739714439557568217264224756175284397435576324045665839029204584609082837782281000062642517144584118517282026587865789490290918393061146433414843921642703226655647868546174899980630682088078222263778193123116157654253223060284397995769624876354162764789110827025626444747198557171566566710918408671181391698515508731089069458135588100773175440572132772717561917264533224627041694562493244822499090868700947021578822637816242414584664363470271845134629009160498428565945571470041517544419354165807220905757246200655626868144224313930383365806486485948001347616788989043421420128327762276791955773243160705297937754003948649511142234193059772785444711362665787812649400006563001409080679692528744273048570858128615520911422305174760081175273912782465754161095006502591832069211800628049546625538256313445763895687375161290863166909027024121442532054337086933786984720711628409394241914441253550883848876143757721656807088179522479911526644518115403907371359373214064166409557830447110119929315194001042613493701614452097499842112537279316475281734982529588506917535903561075853747372898096695863097243278435991492654886043683540005790700278964451886879118765053682449193882089789378792707719634345124246730627556410941112947728061637039395830598624571469837753135454826775660871521288781298610168340464171097123995938481474646887939393106344751741336444797251370940170978073907489	1315267574425700017876206677067912476764586848272285311506057108230605414908316900088495330186755267068375961806776863885887680790997113568137152528138464642086143785806703833748181571639613035733359237981135877142617741943193441369776009843258775529238786153560660499400477436464097852200149236014802807358513649007444720988524239323937522010061899904305013173135009014211416020886792070167392507232358211323303827614304927645350899649340928926124071098615615091442096640581424934883584945650432064609097372480046812772621370530989185915476136972613120115768787167176486645141262148658385220471466401637534766876757895051588511035690466559207798361345294726299696118310054009453175336075731006111075660981123177486313016647125956869887133547934524315002551241233274019284248881119488756631013988003045776745290695222723296830657513863706394780683235709605906449380003048446964100028039442053440347425864459940924758499954289996132147307989070585463574856408783547990379436312630072802690122200471228806599115939182986143343748121912071219168583651128627952777375138962616353383686982694930699945147824705251402196516014338378189641642687763603095969019523858157218913607118592312994777610324148755379634502846127201120281538528661590471637444676024649643872716501534338143584827364776619834612216131630179091283749140397650854332383642939644017411211747300950677205497094393619972672871084043231471541349837132008214054847765177002884263852465195260802622372382922648959172302977036344886880376158737556035067266834046556398486200180219318973761972613193267736428399791055593578182242337217513655392502235550670883827604352648203462106641	1,-7,6,6,6,6,-6,-6,-6,-6,-6,-6	6,6,6,6,6,-6,-6,-6,-6,-6,-6	ok
-0.766767	-12.672673	-50.194311	0.710473	continued:5	864964396167832167854405241079616018765682435021788049502938702637615201460600872782607263684669316729588615684832389719455300877534495023682390542832570399663308980908133154690748358246804228428940644308963968118599464797242839480039010844732220299579301674067803447429554589817184847731217240994083226826802550786694514300881583277931003579739538626842003112957878640048890167854828083315454734566006345393057996095270551408577411002503007378595336948017712588136233615177989577433493468371249810847926829605690588404447583247590233972486686164450237489804199229322418540636744897733546370402357425852832570911342264305070282361185055718652447151401273821516565357347176694257330503197754149646878354736735094124786143563083033922921185001462936646357311896281568124432926543073586018011831116283834455648396391562391874691114308773758629128675459441772961751539141410015107688750429162773229891353319041831481091003696118422986072942176263862036359858552778169038083381232241875697898297653365133823294820537261455097887780659392113752739029982029348469564974585640410502568850332381748174174527465552793224626510435639626755446956340086430795538214249390073757740559959135158140425769612927555350371784050031489912935107773347836347348858321348990594740058112241877228705698549731152810385962097577744275375055085067047966121888293491366576737303302968639554386184715675960185537196909081307379874422242164874429747835174385811577490093895935654007647435512015969710800155525613314786540513373846046298466446102733386217926262555238716436548116736713556446455379296929241686181840412879009011689611834572285610241833021885984731677631539917656666222659586198022267969274283972847243792710642697555222876853971217079430069727279146074258682916295666039330431992137305584708773703548946641437473717587970640276795180990194866925888120377160451105439582382598383351247389851900441652015381287969087739714439557568217264224756175284397435576324045665839029204584609082837782281000062642517144584118517282026587865789490290918393061146433414843921642703226655647868546174899980630682088078222263778193123116157654253223060284397995769624876354162764789110827025626444747198557171566566710918408671181391698515508731089069458135588100773175440572132772717561917264533224627041694562493244822499090868700947021578822637816242414584664363470271845134629009160498428565945571470041517544419354165807220905757246200655626868144224313930383365806486485948001347616788989043421420128327762276791955773243160705297937754003948649511142234193059772785444711362665787812649400006563001409080679692528744273048570858128615520911422305174760081175273912782465754161095006502591832069211800628049546625538256313445763895687375161290863166909027024121442532054337086933786984720711628409394241914441253550883848876143757721656807088179522479911526644518115403907371359373214064166409557830447110119929315194001042613493701614452097499842112537279316475281734982529588506917535903561075853747372898096695863097243278435991492654886043683540005790700278964451886879118765053682449193882089789378792707719634345124246730627556410941112947728061637039395830598624571469837753135454826775660871521288781298610168340464171097123995938481474646887939393106344751741336444797251370940170978073907489	1315267574425700017876206677067912476764586848272285311506057108230605414908316900088495330186755267068375961806776863885887680790997113568137152528138464642086143785806703833748181571639613035733359237981135877142617741943193441369776009843258775529238786153560660499400477436464097852200149236014802807358513649007444720988524239323937522010061899904305013173135009014211416020886792070167392507232358211323303827614304927645350899649340928926124071098615615091442096640581424934883584945650432064609097372480046812772621370530989185915476136972613120115768787167176486645141262148658385220471466401637534766876757895051588511035690466559207798361345294726299696118310054009453175336075731006111075660981123177486313016647125956869887133547934524315002551241233274019284248881119488756631013988003045776745290695222723296830657513863706394780683235709605906449380003048446964100028039442053440347425864459940924758499954289996132147307989070585463574856408783547990379436312630072802690122200471228806599115939182986143343748121912071219168583651128627952777375138962616353383686982694930699945147824705251402196516014338378189641642687763603095969019523858157218913607118592312994777610324148755379634502846127201120281538528661590471637444676024649643872716501534338143584827364776619834612216131630179091283749140397650854332383642939644017411211747300950677205497094393619972672871084043231471541349837132008214054847765177002884263852465195260802622372382922648959172302977036344886880376158737556035067266834046556398486200180219318973761972613193267736428399791055593578182242337217513655392502235550670883827604352648203462106641	1,-7,6,6,6,6,-6,-6,-6,-6,-6,-6	6,6,6,6,6,-6,-6,-6,-6,-6,-6	ok
-0.762763	-12.672673	-50.672441	0.707680	continued:5	864964396167832167854405241079616018765682435021788049502938702637615201460600872782607263684669316729588615684832389719455300877534495023682390542832570399663308980908133154690748358246804228428940644308963968118599464797242839480039010844732220299579301674067803447429554589817184847731217240994083226826802550786694514300881583277931003579739538626842003112957878640048890167854828083315454734566006345393057996095270551408577411002503007378595336948017712588136233615177989577433493468371249810847926829605690588404447583247590233972486686164450237489804199229322418540636744897733546370402357425852832570911342264305070282361185055718652447151401273821516565357347176694257330503197754149646878354736735094124786143563083033922921185001462936646357311896281568124432926543073586018011831116283834455648396391562391874691114308773758629128675459441772961751539141410015107688750429162773229891353319041831481091003696118422986072942176263862036359858552778169038083381232241875697898297653365133823294820537261455097887780659392113752739029982029348469564974585640410502568850332381748174174527465552793224626510435639626755446956340086430795538214249390073757740559959135158140425769612927555350371784050031489912935107773347836347348858321348990594740058112241877228705698549731152810385962097577744275375055085067047966121888293491366576737303302968639554386184715675960185537196909081307379874422242164874429747835174385811577490093895935654007647435512015969710800155525613314786540513373846046298466446102733386217926262555238716436548116736713556446455379296929241686181840412879009011689611834572285610241833021885984731677631539917656666222659586198022267969274283972847243792710642697555222876853971217079430069727279146074258682916295666039330431992137305584708773703548946641437473717587970640276795180990194866925888120377160451105439582382598383351247389851900441652015381287969087739714439557568217264224756175284397435576324045665839029204584609082837782281000062642517144584118517282026587865789490290918393061146433414843921642703226655647868546174899980630682088078222263778193123116157654253223060284397995769624876354162764789110827025626444747198557171566566710918408671181391698515508731089069458135588100773175440572132772717561917264533224627041694562493244822499090868700947021578822637816242414584664363470271845134629009160498428565945571470041517544419354165807220905757246200655626868144224313930383365806486485948001347616788989043421420128327762276791955773243160705297937754003948649511142234193059772785444711362665787812649400006563001409080679692528744273048570858128615520911422305174760081175273912782465754161095006502591832069211800628049546625538256313445763895687375161290863166909027024121442532054337086933786984720711628409394241914441253550883848876143757721656807088179522479911526644518115403907371359373214064166409557830447110119929315194001042613493701614452097499842112537279316475281734982529588506917535903561075853747372898096695863097243278435991492654886043683540005790700278964451886879118765053682449193882089789378792707719634345124246730627556410941112947728061637039395830598624571469837753135454826775660871521288781298610168340464171097123995938481474646887939393106344751741336444797251370940170978073907489	1315267574425700017876206677067912476764586848272285311506057108230605414908316900088495330186755267068375961806776863885887680790997113568137152528138464642086143785806703833748181571639613035733359237981135877142617741943193441369776009843258775529238786153560660499400477436464097852200149236014802807358513649007444720988524239323937522010061899904305013173135009014211416020886792070167392507232358211323303827614304927645350899649340928926124071098615615091442096640581424934883584945650432064609097372480046812772621370530989185915476136972613120115768787167176486645141262148658385220471466401637534766876757895051588511035690466559207798361345294726299696118310054009453175336075731006111075660981123177486313016647125956869887133547934524315002551241233274019284248881119488756631013988003045776745290695222723296830657513863706394780683235709605906449380003048446964100028039442053440347425864459940924758499954289996132147307989070585463574856408783547990379436312630072802690122200471228806599115939182986143343748121912071219168583651128627952777375138962616353383686982694930699945147824705251402196516014338378189641642687763603095969019523858157218913607118592312994777610324148755379634502846127201120281538528661590471637444676024649643872716501534338143584827364776619834612216131630179091283749140397650854332383642939644017411211747300950677205497094393619972672871084043231471541349837132008214054847765177002884263852465195260802622372382922648959172302977036344886880376158737556035067266834046556398486200180219318973761972613193267736428399791055593578182242337217513655392502235550670883827604352648203462106641	1,-7,6,6,6,6,-6,-6,-6,-6,-6,-6	6,6,6,6,6,-6,-6,-6,-6,-6,-6	ok
-0.758759	-12.672673	-51.071852	0.704887	continued:5	864964396167832167854405241079616018765682435021788049502938702637615201460600872782607263684669316729588615684832389719455300877534495023682390542832570399663308980908133154690748358246804228428940644308963968118599464797242839480039010844732220299579301674067803447429554589817184847731217240994083226826802550786694514300881583277931003579739538626842003112957878640048890167854828083315454734566006345393057996095270551408577411002503007378595336948017712588136233615177989577433493468371249810847926829605690588404447583247590233972486686164450237489804199229322418540636744897733546370402357425852832570911342264305070282361185055718652447151401273821516565357347176694257330503197754149646878354736735094124786143563083033922921185001462936646357311896281568124432926543073586018011831116283834455648396391562389741468553662787274162521309206642619149302564117108933754345835878604807648965565038041689462507143813278089683422596719931381656954799705567998606740398930755929167835813834450100134273322717729328821704755922833892265796045473659740617092613588903242259375023832075782152394070082994041631945688457200046999537466928668229561231434798479399151207188204320121842177909147096825361779663893695563347989307746879957224423202493209011593635000004406268353036103456215834678816784180788328485686250529838601360317404905677386031229731857520191258402892532168801394578110606822829965397494716434348443514624983694621949309107815842850057514072178592690655738665347932797506889103058640357613151628645720979404232335253206021517809014664204444081565878306164738156654943544705680392557857863449566415926267132558028167336749225377326977819480215333485136174497152454940962124586918606260728919724261489462054008616156337000609285866398601145852908487782055995677749440584111471477912139579338287106204097302708433079331033949268207946818408137277931471920747662543659438924543217112623238249566528962976798867474523407636342521172597118748294327250340828528605671621227472036173799577534443387739470416331847589999714014853288559932617877615688942684522868661563210652233118710605155491764486561336826014108072935611332810583968482051497251916486550554438597484321885641948969149381215858984633029217749929772802536342148734926810614388289622290828627435242746223483183640790830890602776480119460132101447806222134685636435273388946704158107541023429687137408383123978017520555738207005120015498511273791988761778884136206690066974764400760437178676148883175013629594034597072191456029086660109503841912187843137273904287394930975926074489889381277958304842565777534552600737235198028321514823144766308771120806856773197425642121202863549178119624466113024011701404092460355975049501668429411496302395629727923334483779146619605635578484327385743497690251274011171246601543638105913209005503406361910409488221538570646097315504947567259306118538406379341318466136952280630228881419556072286347599465449550038190138877258075402013947890298533845539313571090531151057151097387276177027051177173931314298583878967909234593274164540023536742972360088539639618354732784929203215807709675016379254266515293874622020539741089888805425359018807472511664480331397427989814824954206340652842090387279544745463047593150215019568481953201270874742219612856031407905483418045	1315267574425700017876206677067912476764586848272285311506057108230605414908316900088495330186755267068375961806776863885887680790997113568137152528138464642086143785806703833748181571639613035733359237981135877142617741943193441369776009843258775529238786153560660499400477436464097852200149236014802807358513649007444720988524239323937522010061899904305013173135009014211416020886792070167392507232358211323303827614304927645350899649340928926124071098615615091442096640581424934883584945650432064609097372480046812772621370530989185915476136972613120115768787167176486645141262148658385220471466401637534766876757895051588511035690466559207798361345294726299696118310054009453175336075731006111075660981123177486313016647125956869887133547934524315002551241233274019284248881119488756631013988003045776745290695222723296830657513863706394780683235709605906449380003048446964100028039442053440347425864459940924758499954289996132147307989070585463574856408783547990379436312630072802690122200471228806599115939182986143343748121912071219168583651128627952777375138962616353383686982694930699945147824705251402196516014338378189641642687763603095969019523858157218913607118592312994777610324148755379634502846127201120281538528661590471637444676024649643872716501534338143584827364776619834612216131630179091283749140397650854332383642939644017411211747300950677205497094393619972672871084043231471541349837132008214054847765177002884263852465195260802622372382922648959172302977036344886880376158737556035067266834046556398486200180219318973761972613193267736428399791055593578182242337217513655392502235550670883827604352648203462106641	-1,6,6,6,6,6,-6,-6,-6,-6,-6,-6	6,6,6,6,6,-6,-6,-6,-6,-6,-6	ok
-0.754755	-12.672673	-51.403927	0.702093	continued:5	864964396167832167854405241079616018765682435021788049502938702637615201460600872782607263684669316729588615684832389719455300877534495023682390542832570399663308980908133154690748358246804228428940644308963968118599464797242839480039010844732220299579301674067803447429554589817184847731217240994083226826802550786694514300881583277931003579739538626842003112957878640048890167854828083315454734566006345393057996095270551408577411002503007378595336948017712588136233615177989577433493468371249810847926829605690588404447583247590233972486686164450237489804199229322418540636744897733546370402357425852832570911342264305070282361185055718652447151401273821516565357347176694257330503197754149646878354736735094124786143563083033922921185001462936646357311896281568124432926543073586018011831116283834455648396391562389741468553662787274162521309206642619149302564117108933754345835878604807648965565038041689462507143813278089683422596719931381656954799705567998606740398930755929167835813834450100134273322717729328821704755922833892265796045473659740617092613588903242259375023832075782152394070082994041631945688457200046999537466928668229561231434798479399151207188204320121842177909147096825361779663893695563347989307746879957224423202493209011593635000004406268353036103456215834678816784180788328485686250529838601360317404905677386031229731857520191258402892532168801394578110606822829965397494716434348443514624983694621949309107815842850057514072178592690655738665347932797506889103058640357613151628645720979404232335253206021517809014664204444081565878306164738156654943544705680392557857863449566415926267132558028167336749225377326977819480215333485136174497152454940962124586918606260728919724261489462054008616156337000609285866398601145852908487782055995677749440584111471477912139579338287106204097302708433079331033949268207946818408137277931471920747662543659438924543217112623238249566528962976798867474523407636342521172597118748294327250340828528605671621227472036173799577534443387739470416331847589999714014853288559932617877615688942684522868661563210652233118710605155491764486561336826014108072935611332810583968482051497251916486550554438597484321885641948969149381215858984633029217749929772802536342148734926810614388289622290828627435242746223483183640790830890602776480119460132101447806222134685636435273388946704158107541023429687137408383123978017520555738207005120015498511273791988761778884136206690066974764400760437178676148883175013629594034597072191456029086660109503841912187843137273904287394930975926074489889381277958304842565777534552600737235198028321514823144766308771120806856773197425642121202863549178119624466113024011701404092460355975049501668429411496302395629727923334483779146619605635578484327385743497690251274011171246601543638105913209005503406361910409488221538570646097315504947567259306118538406379341318466136952280630228881419556072286347599465449550038190138877258075402013947890298533845539313571090531151057151097387276177027051177173931314298583878967909234593274164540023536742972360088539639618354732784929203215807709675016379254266515293874622020539741089888805425359018807472511664480331397427989814824954206340652842090387279544745463047593150215019568481953201270874742219612856031407905483418045	1315267574425700017876206677067912476764586848272285311506057108230605414908316900088495330186755267068375961806776863885887680790997113568137152528138464642086143785806703833748181571639613035733359237981135877142617741943193441369776009843258775529238786153560660499400477436464097852200149236014802807358513649007444720988524239323937522010061899904305013173135009014211416020886792070167392507232358211323303827614304927645350899649340928926124071098615615091442096640581424934883584945650432064609097372480046812772621370530989185915476136972613120115768787167176486645141262148658385220471466401637534766876757895051588511035690466559207798361345294726299696118310054009453175336075731006111075660981123177486313016647125956869887133547934524315002551241233274019284248881119488756631013988003045776745290695222723296830657513863706394780683235709605906449380003048446964100028039442053440347425864459940924758499954289996132147307989070585463574856408783547990379436312630072802690122200471228806599115939182986143343748121912071219168583651128627952777375138962616353383686982694930699945147824705251402196516014338378189641642687763603095969019523858157218913607118592312994777610324148755379634502846127201120281538528661590471637444676024649643872716501534338143584827364776619834612216131630179091283749140397650854332383642939644017411211747300950677205497094393619972672871084043231471541349837132008214054847765177002884263852465195260802622372382922648959172302977036344886880376158737556035067266834046556398486200180219318973761972613193267736428399791055593578182242337217513655392502235550670883827604352648203462106641	-1,6,6,6,6,6,-6,-6,-6,-6,-6,-6	6,6,6,6,6,-6,-6,-6,-6,-6,-6	ok
-0.750751	-12.672673	-51.679214	0.704887	full	864964396167832167854405241079616018765682435021788049502938702637615201460600872782607263684669316729588615684832389719455300877534495023682390542832570399663308980908133154690748358246804228428940644308963968118599464797242839480039010844732220299579301674067803447429554589817184847731217240994083226826802550786694514300881583277931003579739538626842003112957878640048890167854828083315454734566006345393057996095270551408577411002503007378595336948017712588136233615177989577433493468371249810847926829605690588404447583247590233972486686164450237489804199229322418540636744897733546370402357425852832570911342264305070282361185055718652447151401273821516565357347176694257330503197754149646878354736735094124786143563083033922921185001462936646357311896281568124432926543073586018011831116283834455648396391562389741468553662787274162521309206642619149302564117108933754345835878604807648965565038041689462507143813278089683422596719931381656954799705567998606740398930755929167835813834450100134273322717729328821704755922833892265796045473659740617092613588903242259375023832075782152394070082994041631945688457200046999537466928668229561231434798479399151207188204320121842177909147096825361779663893695563347989307746879957224423202493209011593635000004406268353036103456215834678816784180788328485686250529838601360317404905677386031229731857520191258402892532168801394578110606822829965397494716434348443514624983694621949309107815842850057514072178592690655738665347932797506889103058640357613151628645720979404232335253206021517809014664204444081565878306164738156654943544705680392557857863449566415926267132558028167336749225377326977819480215333485136174497152454940962124586918606260728919724261489462054008616156337000609285866398601145852908487782055995677749440584111471477912139579338287106204097302708433079331033949268207946818408137277931471920747662543659438924543217112623238249566528962976798867474523407636342521172597118748294327250340828528605671621227472036173799577534443387739470416331847589999714014853288559932617877615688942684522868661563210652233118710605155491764486561336826014108072935611332810583968482051497251916486550554438597484321885641948969149381215858984633029217749929772802536342148734926810614388289622290828627435242746223483183640790830890602776480119460132101447806222134685636435273388946704158107541023429687137408383123978017520555738207005120015498511273791988761778884136206690066974764400760437178676148883175013629594034597072191456029086660109503841912187843137273904287394930975926074489889381277958304842565777534552600737235198028321514823144766308771120806856773197425642121202863549178119624466113024011701404092460355975049501668429411496302395629727923334483779146619605635578484327385743497690251274011171246601543638105913209005503406361910409488221538570646097315504947567259306118538406379341318466136952280630228881419556072286347599465449550038190138877258075402013947890298533845539313571090531151057151097387276177027051177173931314298583878967909234593274164540023536742972360088539639618354732784929203215807709675016379254266515293874622020539741089888805425359018807472511664480331397427989814824954206340652842090387279544745463047593150215019568481953201270874742219612856031407905483418045	1315267574425700017876206677067912476764586848272285311506057108230605414908316900088495330186755267068375961806776863885887680790997113568137152528138464642086143785806703833748181571639613035733359237981135877142617741943193441369776009843258775529238786153560660499400477436464097852200149236014802807358513649007444720988524239323937522010061899904305013173135009014211416020886792070167392507232358211323303827614304927645350899649340928926124071098615615091442096640581424934883584945650432064609097372480046812772621370530989185915476136972613120115768787167176486645141262148658385220471466401637534766876757895051588511035690466559207798361345294726299696118310054009453175336075731006111075660981123177486313016647125956869887133547934524315002551241233274019284248881119488756631013988003045776745290695222723296830657513863706394780683235709605906449380003048446964100028039442053440347425864459940924758499954289996132147307989070585463574856408783547990379436312630072802690122200471228806599115939182986143343748121912071219168583651128627952777375138962616353383686982694930699945147824705251402196516014338378189641642687763603095969019523858157218913607118592312994777610324148755379634502846127201120281538528661590471637444676024649643872716501534338143584827364776619834612216131630179091283749140397650854332383642939644017411211747300950677205497094393619972672871084043231471541349837132008214054847765177002884263852465195260802622372382922648959172302977036344886880376158737556035067266834046556398486200180219318973761972613193267736428399791055593578182242337217513655392502235550670883827604352648203462106641	-1,6,6,6,6,6,-6,-6,-6,-6,-6,-6	6,6,6,6,6,-6,-6,-6,-6,-6,-6	ok
-0.746747	-12.672673	-43.279654	0.719344	continued:5	864964396167832167854405241079616018765682435021788049502938702637615201460600872782607263684669316729588615684832389719455300877534495023682390542832570399663308980908133154690748358246804228428940644308963968118599464797242839480039010844732220299579301674067803447429554589817184847731217240994083226826802550786694514300881583277931003579739538626842003112957878640048890167854828083315454734566006345393057996095270551408577411002503007378595336948017712588136233615177989577433493468371249810847926829605690588404447583247590233972486686164450237489804199229322418540636744897733546370402357425852832570911342264305070282361185055718652447151401273821516565357347176694257330503197754149646878354736735094124786143563083033922921185001462936646357311896281568124432926543073586018011831116283834455648396391562391874691114308773758629128675459441772961751539141410015107688750429162773229891353319041831481091003696118422986072942176263862036359858552778169038083381232241875697898297653365133823294820537261455097887780659392113752739029982029348469564974585640410502568850332381748174174527465552793224626510435639626755446956340086430795538214249390073757740559959135158140425769612927555350371784050031489912935107773347836347348858321348990594740058112241877228705698549731152810385962097577744275375055085067047966121888293491366576737303302968639554386184715675960185537196909081307379874422242164874429747835174385811577490093895935654007647435512015969710800155525613314786540513373846046298466446102733386217926262555238716436548116736713556446455379296929241686181840412879009011689611834572285610241833021885984731677630224650082240522641709991345200056797519385998971507399136640446992271439062900179341574397092390807190306954488889175444544311346308471140636551020808176795387573802163936443046999418555253890154761139179315228296964640655189909877613842057182876486142501815527079215039080131753166372556026048382632768965532016831584483596084843513844758990000742612839570945382273012376449768603498848225668639201056632598338875612350720223195275250639701755964007123648163101681019517072828288176699452345337560267256790284742298054404255913758012641695429594097798292902394224522028863589826920799750367629306773803037365895959666865676022188936575135354694883477204364569004828711524813184640906338853658252394610864011451522847481781439988701582907969609895039163255979672483226916406745748655467682916395362760709740657306124891870265926818051919605061744032222841272736765819724623616848264047676119182396136853991397299658319328241964088063215953325004285374406801990315969782061938095830295383681852042411278238541327831805047775954738579699498654563742665167141407083194756599200888977425483296569899515593765154450149343901879298678422932656381262499851673884347243864129917619321248722142097042940064129892745952912133604132242252419374119825212517162845289123456003235845793496718401450238738473839154013278116261231111863006954722739268506062769668958915413979511690020952626351777985768575045383743220838784922412348934276825065361457025884582853287778858671471208085884212940072706038698512282431996527189493653087402516054716368102515188563280472748821326256636964029162529137548530633534680687656766864064274655992955453233260316733029	1315267574425700017876206677067912476764586848272285311506057108230605414908316900088495330186755267068375961806776863885887680790997113568137152528138464642086143785806703833748181571639613035733359237981135877142617741943193441369776009843258775529238786153560660499400477436464097852200149236014802807358513649007444720988524239323937522010061899904305013173135009014211416020886792070167392507232358211323303827614304927645350899649340928926124071098615615091442096640581424934883584945650432064609097372480046812772621370530989185915476136972613120115768787167176486645141262148658385220471466401637534766876757895051588511035690466559207798361345294726299696118310054009453175336075731006111075660981123177486313016647125956869887133547934524315002551241233274019284248881119488756631013988003045776745290695222723296830657513863706394780683235709605906449380003048446964100028039442053440347425864459940924758499954289996132147307989070585463574856408783547990379436312630072802690122200471228806599115939182986143343748121912071219168583651128627952777375138962616353383686982694930699945147824705251402196516014338378189641642687763603095969019523858157218913607118592312994777610324148755379634502846127201120281538528661590471637444676024649643872716501534338143584827364776619834612216131630179091283749140397650854332383642939644017411211747300950677205497094393619972672871084043231471541349837132008214054847765177002884263852465195260802622372382922648959172302977036344886880376158737556035067266834046556398486200180219318973761972613193267736428399791055593578182242337217513655392502235550670883827604352648203462106641	-1,-7,6,6,6,6,-6,-6,-6,-6,-6,-6	6,6,6,6,6,-6,-6,-6,-6,-6,-6	ok
-0.742743	-12.672673	-45.048945	0.722137	continued:5	864964396167832167854405241079616018765682435021788049502938702637615201460600872782607263684669316729588615684832389719455300877534495023682390542832570399663308980908133154690748358246804228428940644308963968118599464797242839480039010844732220299579301674067803447429554589817184847731217240994083226826802550786694514300881583277931003579739538626842003112957878640048890167854828083315454734566006345393057996095270551408577411002503007378595336948017712588136233615177989577433493468371249810847926829605690588404447583247590233972486686164450237489804199229322418540636744897733546370402357425852832570911342264305070282361185055718652447151401273821516565357347176694257330503197754149646878354736735094124786143563083033922921185001462936646357311896281568124432926543073586018011831116283834455648396391562391874691114308773758629128675459441772961751539141410015107688750429162773229891353319041831481091003696118422986072942176263862036359858552778169038083381232241875697898297653365133823294820537261455097887780659392113752739029982029348469564974585640410502568850332381748174174527465552793224626510435639626755446956340086430795538214249390073757740559959135158140425769612927555350371784050031489912935107773347836347348858321348990594740058112241877228705698549731152810385962097577744275375055085067047966121888293491366576737303302968639554386184715675960185537196909081307379874422242164874429747835174385811577490093895935654007647435512015969710800155525613314786540513373846046298466446102733386217926262555238716436548116736713556446455379296929241686181840412879009011689611834572285610241833021885984731677628909382507814822623833784668132144320754799150699222087630583338761666024154583279253079066905635540121930992682112311558656630555311357572499398492669712153301430016357232609298817846915640854421401901198179351154346898711996468507837832213924100956903715661966418715638602695289068520355876812367829961607018367824139762607560604189907236979938842708534557772247263998165033747716706778058276131968698421275035047998045792577844375601298772829839936025032548010238922876491403353293114506694905495658159417804695485281782885382768826726219292621484678177133607057345542218448564772141365147157840372165502599019201771814087511153246108576146896522131909638269308710401470803731465570263122652141318949882888274036534465134314031831695774421675370724160704738439209207632157864629166711051902407359714932995366610902166951542810214683710882361211272489909302312826341511493229747878584210004171732500922538083236650850843834528169563430497569328878220069330932061081435508355280238285592603622909548643694616901502515089049317645090187196681077938704796026500720625617511026616663987799684112774909744998254563211754016773876645217455918520610558449796884845611584502113581835409264761714174353483741670087998452907835050420338429190409203314914396375384245869392977989972541339303058364939668361832744821249992873716808478005884402683264752641241221967730715744944050412597817512287997144300067207477225682965705932814871200936840824262390372998855923372218695685544212014939032464349335387525468162455754415836337051896654605960544158855837779646887474312049102830934329119793622414379129968268968781986792104514734539966295542559558570	1315267574425700017876206677067912476764586848272285311506057108230605414908316900088495330186755267068375961806776863885887680790997113568137152528138464642086143785806703833748181571639613035733359237981135877142617741943193441369776009843258775529238786153560660499400477436464097852200149236014802807358513649007444720988524239323937522010061899904305013173135009014211416020886792070167392507232358211323303827614304927645350899649340928926124071098615615091442096640581424934883584945650432064609097372480046812772621370530989185915476136972613120115768787167176486645141262148658385220471466401637534766876757895051588511035690466559207798361345294726299696118310054009453175336075731006111075660981123177486313016647125956869887133547934524315002551241233274019284248881119488756631013988003045776745290695222723296830657513863706394780683235709605906449380003048446964100028039442053440347425864459940924758499954289996132147307989070585463574856408783547990379436312630072802690122200471228806599115939182986143343748121912071219168583651128627952777375138962616353383686982694930699945147824705251402196516014338378189641642687763603095969019523858157218913607118592312994777610324148755379634502846127201120281538528661590471637444676024649643872716501534338143584827364776619834612216131630179091283749140397650854332383642939644017411211747300950677205497094393619972672871084043231471541349837132008214054847765177002884263852465195260802622372382922648959172302977036344886880376158737556035067266834046556398486200180219318973761972613193267736428399791055593578182242337217513655392502235550670883827604352648203462106641	0,-7,6,6,6,6,-6,-6,-6,-6,-6,-6	6,6,6,6,6,-6,-6,-6,-6,-6,-6	ok
-0.738739	-12.672673	-46.324237	0.719344	continued:5	864964396167832167854405241079616018765682435021788049502938702637615201460600872782607263684669316729588615684832389719455300877534495023682390542832570399663308980908133154690748358246804228428940644308963968118599464797242839480039010844732220299579301674067803447429554589817184847731217240994083226826802550786694514300881583277931003579739538626842003112957878640048890167854828083315454734566006345393057996095270551408577411002503007378595336948017712588136233615177989577433493468371249810847926829605690588404447583247590233972486686164450237489804199229322418540636744897733546370402357425852832570911342264305070282361185055718652447151401273821516565357347176694257330503197754149646878354736735094124786143563083033922921185001462936646357311896281568124432926543073586018011831116283834455648396391562391874691114308773758629128675459441772961751539141410015107688750429162773229891353319041831481091003696118422986072942176263862036359858552778169038083381232241875697898297653365133823294820537261455097887780659392113752739029982029348469564974585640410502568850332381748174174527465552793224626510435639626755446956340086430795538214249390073757740559959135158140425769612927555350371784050031489912935107773347836347348858321348990594740058112241877228705698549731152810385962097577744275375055085067047966121888293491366576737303302968639554386184715675960185537196909081307379874422242164874429747835174385811577490093895935654007647435512015969710800155525613314786540513373846046298466446102733386217926262555238716436548116736713556446455379296929241686181840412879009011689611834572285610241833021885984731677628909382507814822623833784668132144320754799150699222087630583338761666024154583279253079066905635540121930992682112311558656630555311357572499398492669712153301430016357232609298817846915640854421401901198179351154346898711996468507837832213924100956903715661966418715638602695289068520355876812367829961607018367824139762607560604189907236979938842708534557772247263998165033747716706778058276131968698421275035047998045792577844375601298772829839936025032548010238922876491403353293114506694905495658159417804695485281782885382768826726219292621484678177133607057345542218448564772141365147157840372165502599019201771814087511153246108576146896522131909638269308710401470803731465570263122652141318949882888274036534465134314031831695774421675370724160704738439209207632157864629166711051902407359714932995366610902166951542810214683710882361211272489909302312826341511493229747878584210004171732500922538083236650850843834528169563430497569328878220069330932061081435508355280238285592603622909548643694616901502515089049317645090187196681077938704796026500720625617511026616663987799684112774909744998254563211754016773876645217455918520610558449796884845611584502113581835409264761714174353483741670087998452907835050420338429190409203314914396375384245869392977989972541339303058364939668361832744821249992873716808478005884402683264752641241221967730715744944050412597817512287997144300067207477225682965705932814871200936840824262390372998855923372218695685544212014939032464349335387525468162455754415836337051896654605960544158855837779646887474312049102830934329119793622414379129968268968781986792104514734539966295542559558570	1315267574425700017876206677067912476764586848272285311506057108230605414908316900088495330186755267068375961806776863885887680790997113568137152528138464642086143785806703833748181571639613035733359237981135877142617741943193441369776009843258775529238786153560660499400477436464097852200149236014802807358513649007444720988524239323937522010061899904305013173135009014211416020886792070167392507232358211323303827614304927645350899649340928926124071098615615091442096640581424934883584945650432064609097372480046812772621370530989185915476136972613120115768787167176486645141262148658385220471466401637534766876757895051588511035690466559207798361345294726299696118310054009453175336075731006111075660981123177486313016647125956869887133547934524315002551241233274019284248881119488756631013988003045776745290695222723296830657513863706394780683235709605906449380003048446964100028039442053440347425864459940924758499954289996132147307989070585463574856408783547990379436312630072802690122200471228806599115939182986143343748121912071219168583651128627952777375138962616353383686982694930699945147824705251402196516014338378189641642687763603095969019523858157218913607118592312994777610324148755379634502846127201120281538528661590471637444676024649643872716501534338143584827364776619834612216131630179091283749140397650854332383642939644017411211747300950677205497094393619972672871084043231471541349837132008214054847765177002884263852465195260802622372382922648959172302977036344886880376158737556035067266834046556398486200180219318973761972613193267736428399791055593578182242337217513655392502235550670883827604352648203462106641	0,-7,6,6,6,6,-6,-6,-6,-6,-6,-6	6,6,6,6,6,-6,-6,-6,-6,-6,-6	ok
-0.734735	-12.672673	-47.387174	0.716550	continued:5	864964396167832167854405241079616018765682435021788049502938702637615201460600872782607263684669316729588615684832389719455300877534495023682390542832570399663308980908133154690748358246804228428940644308963968118599464797242839480039010844732220299579301674067803447429554589817184847731217240994083226826802550786694514300881583277931003579739538626842003112957878640048890167854828083315454734566006345393057996095270551408577411002503007378595336948017712588136233615177989577433493468371249810847926829605690588404447583247590233972486686164450237489804199229322418540636744897733546370402357425852832570911342264305070282361185055718652447151401273821516565357347176694257330503197754149646878354736735094124786143563083033922921185001462936646357311896281568124432926543073586018011831116283834455648396391562391874691114308773758629128675459441772961751539141410015107688750429162773229891353319041831481091003696118422986072942176263862036359858552778169038083381232241875697898297653365133823294820537261455097887780659392113752739029982029348469564974585640410502568850332381748174174527465552793224626510435639626755446956340086430795538214249390073757740559959135158140425769612927555350371784050031489912935107773347836347348858321348990594740058112241877228705698549731152810385962097577744275375055085067047966121888293491366576737303302968639554386184715675960185537196909081307379874422242164874429747835174385811577490093895935654007647435512015969710800155525613314786540513373846046298466446102733386217926262555238716436548116736713556446455379296929241686181840412879009011689611834572285610241833021885984731677628909382507814822623833784668132144320754799150699222087630583338761666024154583279253079066905635540121930992682112311558656630555311357572499398492669712153301430016357232609298817846915640854421401901198179351154346898711996468507837832213924100956903715661966418715638602695289068520355876812367829961607018367824139762607560604189907236979938842708534557772247263998165033747716706778058276131968698421275035047998045792577844375601298772829839936025032548010238922876491403353293114506694905495658159417804695485281782885382768826726219292621484678177133607057345542218448564772141365147157840372165502599019201771814087511153246108576146896522131909638269308710401470803731465570263122652141318949882888274036534465134314031831695774421675370724160704738439209207632157864629166711051902407359714932995366610902166951542810214683710882361211272489909302312826341511493229747878584210004171732500922538083236650850843834528169563430497569328878220069330932061081435508355280238285592603622909548643694616901502515089049317645090187196681077938704796026500720625617511026616663987799684112774909744998254563211754016773876645217455918520610558449796884845611584502113581835409264761714174353483741670087998452907835050420338429190409203314914396375384245869392977989972541339303058364939668361832744821249992873716808478005884402683264752641241221967730715744944050412597817512287997144300067207477225682965705932814871200936840824262390372998855923372218695685544212014939032464349335387525468162455754415836337051896654605960544158855837779646887474312049102830934329119793622414379129968268968781986792104514734539966295542559558570	1315267574425700017876206677067912476764586848272285311506057108230605414908316900088495330186755267068375961806776863885887680790997113568137152528138464642086143785806703833748181571639613035733359237981135877142617741943193441369776009843258775529238786153560660499400477436464097852200149236014802807358513649007444720988524239323937522010061899904305013173135009014211416020886792070167392507232358211323303827614304927645350899649340928926124071098615615091442096640581424934883584945650432064609097372480046812772621370530989185915476136972613120115768787167176486645141262148658385220471466401637534766876757895051588511035690466559207798361345294726299696118310054009453175336075731006111075660981123177486313016647125956869887133547934524315002551241233274019284248881119488756631013988003045776745290695222723296830657513863706394780683235709605906449380003048446964100028039442053440347425864459940924758499954289996132147307989070585463574856408783547990379436312630072802690122200471228806599115939182986143343748121912071219168583651128627952777375138962616353383686982694930699945147824705251402196516014338378189641642687763603095969019523858157218913607118592312994777610324148755379634502846127201120281538528661590471637444676024649643872716501534338143584827364776619834612216131630179091283749140397650854332383642939644017411211747300950677205497094393619972672871084043231471541349837132008214054847765177002884263852465195260802622372382922648959172302977036344886880376158737556035067266834046556398486200180219318973761972613193267736428399791055593578182242337217513655392502235550670883827604352648203462106641	0,-7,6,6,6,6,-6,-6,-6,-6,-6,-6	6,6,6,6,6,-6,-6,-6,-6,-6,-6	ok
-0.730731	-12.672673	-48.290304	0.713757	continued:5	864964396167832167854405241079616018765682435021788049502938702637615201460600872782607263684669316729588615684832389719455300877534495023682390542832570399663308980908133154690748358246804228428940644308963968118599464797242839480039010844732220299579301674067803447429554589817184847731217240994083226826802550786694514300881583277931003579739538626842003112957878640048890167854828083315454734566006345393057996095270551408577411002503007378595336948017712588136233615177989577433493468371249810847926829605690588404447583247590233972486686164450237489804199229322418540636744897733546370402357425852832570911342264305070282361185055718652447151401273821516565357347176694257330503197754149646878354736735094124786143563083033922921185001462936646357311896281568124432926543073586018011831116283834455648396391562391874691114308773758629128675459441772961751539141410015107688750429162773229891353319041831481091003696118422986072942176263862036359858552778169038083381232241875697898297653365133823294820537261455097887780659392113752739029982029348469564974585640410502568850332381748174174527465552793224626510435639626755446956340086430795538214249390073757740559959135158140425769612927555350371784050031489912935107773347836347348858321348990594740058112241877228705698549731152810385962097577744275375055085067047966121888293491366576737303302968639554386184715675960185537196909081307379874422242164874429747835174385811577490093895935654007647435512015969710800155525613314786540513373846046298466446102733386217926262555238716436548116736713556446455379296929241686181840412879009011689611834572285610241833021885984731677628909382507814822623833784668132144320754799150699222087630583338761666024154583279253079066905635540121930992682112311558656630555311357572499398492669712153301430016357232609298817846915640854421401901198179351154346898711996468507837832213924100956903715661966418715638602695289068520355876812367829961607018367824139762607560604189907236979938842708534557772247263998165033747716706778058276131968698421275035047998045792577844375601298772829839936025032548010238922876491403353293114506694905495658159417804695485281782885382768826726219292621484678177133607057345542218448564772141365147157840372165502599019201771814087511153246108576146896522131909638269308710401470803731465570263122652141318949882888274036534465134314031831695774421675370724160704738439209207632157864629166711051902407359714932995366610902166951542810214683710882361211272489909302312826341511493229747878584210004171732500922538083236650850843834528169563430497569328878220069330932061081435508355280238285592603622909548643694616901502515089049317645090187196681077938704796026500720625617511026616663987799684112774909744998254563211754016773876645217455918520610558449796884845611584502113581835409264761714174353483741670087998452907835050420338429190409203314914396375384245869392977989972541339303058364939668361832744821249992873716808478005884402683264752641241221967730715744944050412597817512287997144300067207477225682965705932814871200936840824262390372998855923372218695685544212014939032464349335387525468162455754415836337051896654605960544158855837779646887474312049102830934329119793622414379129968268968781986792104514734539966295542559558570	1315267574425700017876206677067912476764586848272285311506057108230605414908316900088495330186755267068375961806776863885887680790997113568137152528138464642086143785806703833748181571639613035733359237981135877142617741943193441369776009843258775529238786153560660499400477436464097852200149236014802807358513649007444720988524239323937522010061899904305013173135009014211416020886792070167392507232358211323303827614304927645350899649340928926124071098615615091442096640581424934883584945650432064609097372480046812772621370530989185915476136972613120115768787167176486645141262148658385220471466401637534766876757895051588511035690466559207798361345294726299696118310054009453175336075731006111075660981123177486313016647125956869887133547934524315002551241233274019284248881119488756631013988003045776745290695222723296830657513863706394780683235709605906449380003048446964100028039442053440347425864459940924758499954289996132147307989070585463574856408783547990379436312630072802690122200471228806599115939182986143343748121912071219168583651128627952777375138962616353383686982694930699945147824705251402196516014338378189641642687763603095969019523858157218913607118592312994777610324148755379634502846127201120281538528661590471637444676024649643872716501534338143584827364776619834612216131630179091283749140397650854332383642939644017411211747300950677205497094393619972672871084043231471541349837132008214054847765177002884263852465195260802622372382922648959172302977036344886880376158737556035067266834046556398486200180219318973761972613193267736428399791055593578182242337217513655392502235550670883827604352648203462106641	0,-7,6,6,6,6,-6,-6,-6,-6,-6,-6	6,6,6,6,6,-6,-6,-6,-6,-6,-6	ok
-0.726727	-12.672673	-49.058861	0.710963	continued:5	864964396167832167854405241079616018765682435021788049502938702637615201460600872782607263684669316729588615684832389719455300877534495023682390542832570399663308980908133154690748358246804228428940644308963968118599464797242839480039010844732220299579301674067803447429554589817184847731217240994083226826802550786694514300881583277931003579739538626842003112957878640048890167854828083315454734566006345393057996095270551408577411002503007378595336948017712588136233615177989577433493468371249810847926829605690588404447583247590233972486686164450237489804199229322418540636744897733546370402357425852832570911342264305070282361185055718652447151401273821516565357347176694257330503197754149646878354736735094124786143563083033922921185001462936646357311896281568124432926543073586018011831116283834455648396391562391874691114308773758629128675459441772961751539141410015107688750429162773229891353319041831481091003696118422986072942176263862036359858552778169038083381232241875697898297653365133823294820537261455097887780659392113752739029982029348469564974585640410502568850332381748174174527465552793224626510435639626755446956340086430795538214249390073757740559959135158140425769612927555350371784050031489912935107773347836347348858321348990594740058112241877228705698549731152810385962097577744275375055085067047966121888293491366576737303302968639554386184715675960185537196909081307379874422242164874429747835174385811577490093895935654007647435512015969710800155525613314786540513373846046298466446102733386217926262555238716436548116736713556446455379296929241686181840412879009011689611834572285610241833021885984731677631539917656666222659586198022267969274283972847243792710642697555222876853971217079430069727279146074258682916295666039330431992137305584708773703548946641437473717587970640276795180990194866925888120377160451105439582382598383351247389851900441652015381287969087739714439557568217264224756175284397435576324045665839029204584609082837782281000062642517144584118517282026587865789490290918393061146433414843921642703226655647868546174899980630682088078222263778193123116157654253223060284397995769624876354162764789110827025626444747198557171566566710918408671181391698515508731089069458135588100773175440572132772717561917264533224627041694562493244822499090868700947021578822637816242414584664363470271845134629009160498428565945571470041517544419354165807220905757246200655626868144224313930383365806486485948001347616788989043421420128327762276791955773243160705297937754003948649511142234193059772785444711362665787812649400006563001409080679692528744273048570858128615520911422305174760081175273912782465754161095006502591832069211800628049546625538256313445763895687375161290863166909027024121442532054337086933786984720711628409394241914441253550883848876143757721656807088179522479911526644518115403907371359373214064166409557830447110119929315194001042613493701614452097499842112537279316475281734982529588506917535903561075853747372898096695863097243278435991492654886043683540005790700278964451886879118765053682449193882089789378792707719634345124246730627556410941112947728061637039395830598624571469837753135454826775660871521288781298610168340464171097123995938481474646887939393106344751741336444797251370940170978073907489	1315267574425700017876206677067912476764586848272285311506057108230605414908316900088495330186755267068375961806776863885887680790997113568137152528138464642086143785806703833748181571639613035733359237981135877142617741943193441369776009843258775529238786153560660499400477436464097852200149236014802807358513649007444720988524239323937522010061899904305013173135009014211416020886792070167392507232358211323303827614304927645350899649340928926124071098615615091442096640581424934883584945650432064609097372480046812772621370530989185915476136972613120115768787167176486645141262148658385220471466401637534766876757895051588511035690466559207798361345294726299696118310054009453175336075731006111075660981123177486313016647125956869887133547934524315002551241233274019284248881119488756631013988003045776745290695222723296830657513863706394780683235709605906449380003048446964100028039442053440347425864459940924758499954289996132147307989070585463574856408783547990379436312630072802690122200471228806599115939182986143343748121912071219168583651128627952777375138962616353383686982694930699945147824705251402196516014338378189641642687763603095969019523858157218913607118592312994777610324148755379634502846127201120281538528661590471637444676024649643872716501534338143584827364776619834612216131630179091283749140397650854332383642939644017411211747300950677205497094393619972672871084043231471541349837132008214054847765177002884263852465195260802622372382922648959172302977036344886880376158737556035067266834046556398486200180219318973761972613193267736428399791055593578182242337217513655392502235550670883827604352648203462106641	1,-7,6,6,6,6,-6,-6,-6,-6,-6,-6	6,6,6,6,6,-6,-6,-6,-6,-6,-6	ok
-0.722723	-12.672673	-49.710242	0.708170	continued:5	864964396167832167854405241079616018765682435021788049502938702637615201460600872782607263684669316729588615684832389719455300877534495023682390542832570399663308980908133154690748358246804228428940644308963968118599464797242839480039010844732220299579301674067803447429554589817184847731217240994083226826802550786694514300881583277931003579739538626842003112957878640048890167854828083315454734566006345393057996095270551408577411002503007378595336948017712588136233615177989577433493468371249810847926829605690588404447583247590233972486686164450237489804199229322418540636744897733546370402357425852832570911342264305070282361185055718652447151401273821516565357347176694257330503197754149646878354736735094124786143563083033922921185001462936646357311896281568124432926543073586018011831116283834455648396391562391874691114308773758629128675459441772961751539141410015107688750429162773229891353319041831481091003696118422986072942176263862036359858552778169038083381232241875697898297653365133823294820537261455097887780659392113752739029982029348469564974585640410502568850332381748174174527465552793224626510435639626755446956340086430795538214249390073757740559959135158140425769612927555350371784050031489912935107773347836347348858321348990594740058112241877228705698549731152810385962097577744275375055085067047966121888293491366576737303302968639554386184715675960185537196909081307379874422242164874429747835174385811577490093895935654007647435512015969710800155525613314786540513373846046298466446102733386217926262555238716436548116736713556446455379296929241686181840412879009011689611834572285610241833021885984731677631539917656666222659586198022267969274283972847243792710642697555222876853971217079430069727279146074258682916295666039330431992137305584708773703548946641437473717587970640276795180990194866925888120377160451105439582382598383351247389851900441652015381287969087739714439557568217264224756175284397435576324045665839029204584609082837782281000062642517144584118517282026587865789490290918393061146433414843921642703226655647868546174899980630682088078222263778193123116157654253223060284397995769624876354162764789110827025626444747198557171566566710918408671181391698515508731089069458135588100773175440572132772717561917264533224627041694562493244822499090868700947021578822637816242414584664363470271845134629009160498428565945571470041517544419354165807220905757246200655626868144224313930383365806486485948001347616788989043421420128327762276791955773243160705297937754003948649511142234193059772785444711362665787812649400006563001409080679692528744273048570858128615520911422305174760081175273912782465754161095006502591832069211800628049546625538256313445763895687375161290863166909027024121442532054337086933786984720711628409394241914441253550883848876143757721656807088179522479911526644518115403907371359373214064166409557830447110119929315194001042613493701614452097499842112537279316475281734982529588506917535903561075853747372898096695863097243278435991492654886043683540005790700278964451886879118765053682449193882089789378792707719634345124246730627556410941112947728061637039395830598624571469837753135454826775660871521288781298610168340464171097123995938481474646887939393106344751741336444797251370940170978073907489	1315267574425700017876206677067912476764586848272285311506057108230605414908316900088495330186755267068375961806776863885887680790997113568137152528138464642086143785806703833748181571639613035733359237981135877142617741943193441369776009843258775529238786153560660499400477436464097852200149236014802807358513649007444720988524239323937522010061899904305013173135009014211416020886792070167392507232358211323303827614304927645350899649340928926124071098615615091442096640581424934883584945650432064609097372480046812772621370530989185915476136972613120115768787167176486645141262148658385220471466401637534766876757895051588511035690466559207798361345294726299696118310054009453175336075731006111075660981123177486313016647125956869887133547934524315002551241233274019284248881119488756631013988003045776745290695222723296830657513863706394780683235709605906449380003048446964100028039442053440347425864459940924758499954289996132147307989070585463574856408783547990379436312630072802690122200471228806599115939182986143343748121912071219168583651128627952777375138962616353383686982694930699945147824705251402196516014338378189641642687763603095969019523858157218913607118592312994777610324148755379634502846127201120281538528661590471637444676024649643872716501534338143584827364776619834612216131630179091283749140397650854332383642939644017411211747300950677205497094393619972672871084043231471541349837132008214054847765177002884263852465195260802622372382922648959172302977036344886880376158737556035067266834046556398486200180219318973761972613193267736428399791055593578182242337217513655392502235550670883827604352648203462106641	1,-7,6,6,6,6,-6,-6,-6,-6,-6,-6	6,6,6,6,6,-6,-6,-6,-6,-6,-6	ok
-0.718719	-12.672673	-50.259250	0.705377	continued:5	864964396167832167854405241079616018765682435021788049502938702637615201460600872782607263684669316729588615684832389719455300877534495023682390542832570399663308980908133154690748358246804228428940644308963968118599464797242839480039010844732220299579301674067803447429554589817184847731217240994083226826802550786694514300881583277931003579739538626842003112957878640048890167854828083315454734566006345393057996095270551408577411002503007378595336948017712588136233615177989577433493468371249810847926829605690588404447583247590233972486686164450237489804199229322418540636744897733546370402357425852832570911342264305070282361185055718652447151401273821516565357347176694257330503197754149646878354736735094124786143563083033922921185001462936646357311896281568124432926543073586018011831116283834455648396391562391874691114308773758629128675459441772961751539141410015107688750429162773229891353319041831481091003696118422986072942176263862036359858552778169038083381232241875697898297653365133823294820537261455097887780659392113752739029982029348469564974585640410502568850332381748174174527465552793224626510435639626755446956340086430795538214249390073757740559959135158140425769612927555350371784050031489912935107773347836347348858321348990594740058112241877228705698549731152810385962097577744275375055085067047966121888293491366576737303302968639554386184715675960185537196909081307379874422242164874429747835174385811577490093895935654007647435512015969710800155525613314786540513373846046298466446102733386217926262555238716436548116736713556446455379296929241686181840412879009011689611834572285610241833021885984731677631539917656666222659586198022267969274283972847243792710642697555222876853971217079430069727279146074258682916295666039330431992137305584708773703548946641437473717587970640276795180990194866925888120377160451105439582382598383351247389851900441652015381287969087739714439557568217264224756175284397435576324045665839029204584609082837782281000062642517144584118517282026587865789490290918393061146433414843921642703226655647868546174899980630682088078222263778193123116157654253223060284397995769624876354162764789110827025626444747198557171566566710918408671181391698515508731089069458135588100773175440572132772717561917264533224627041694562493244822499090868700947021578822637816242414584664363470271845134629009160498428565945571470041517544419354165807220905757246200655626868144224313930383365806486485948001347616788989043421420128327762276791955773243160705297937754003948649511142234193059772785444711362665787812649400006563001409080679692528744273048570858128615520911422305174760081175273912782465754161095006502591832069211800628049546625538256313445763895687375161290863166909027024121442532054337086933786984720711628409394241914441253550883848876143757721656807088179522479911526644518115403907371359373214064166409557830447110119929315194001042613493701614452097499842112537279316475281734982529588506917535903561075853747372898096695863097243278435991492654886043683540005790700278964451886879118765053682449193882089789378792707719634345124246730627556410941112947728061637039395830598624571469837753135454826775660871521288781298610168340464171097123995938481474646887939393106344751741336444797251370940170978073907489	1315267574425700017876206677067912476764586848272285311506057108230605414908316900088495330186755267068375961806776863885887680790997113568137152528138464642086143785806703833748181571639613035733359237981135877142617741943193441369776009843258775529238786153560660499400477436464097852200149236014802807358513649007444720988524239323937522010061899904305013173135009014211416020886792070167392507232358211323303827614304927645350899649340928926124071098615615091442096640581424934883584945650432064609097372480046812772621370530989185915476136972613120115768787167176486645141262148658385220471466401637534766876757895051588511035690466559207798361345294726299696118310054009453175336075731006111075660981123177486313016647125956869887133547934524315002551241233274019284248881119488756631013988003045776745290695222723296830657513863706394780683235709605906449380003048446964100028039442053440347425864459940924758499954289996132147307989070585463574856408783547990379436312630072802690122200471228806599115939182986143343748121912071219168583651128627952777375138962616353383686982694930699945147824705251402196516014338378189641642687763603095969019523858157218913607118592312994777610324148755379634502846127201120281538528661590471637444676024649643872716501534338143584827364776619834612216131630179091283749140397650854332383642939644017411211747300950677205497094393619972672871084043231471541349837132008214054847765177002884263852465195260802622372382922648959172302977036344886880376158737556035067266834046556398486200180219318973761972613193267736428399791055593578182242337217513655392502235550670883827604352648203462106641	1,-7,6,6,6,6,-6,-6,-6,-6,-6,-6	6,6,6,6,6,-6,-6,-6,-6,-6,-6	ok
-0.714715	-12.672673	-50.719382	0.702583	continued:5	864964396167832167854405241079616018765682435021788049502938702637615201460600872782607263684669316729588615684832389719455300877534495023682390542832570399663308980908133154690748358246804228428940644308963968118599464797242839480039010844732220299579301674067803447429554589817184847731217240994083226826802550786694514300881583277931003579739538626842003112957878640048890167854828083315454734566006345393057996095270551408577411002503007378595336948017712588136233615177989577433493468371249810847926829605690588404447583247590233972486686164450237489804199229322418540636744897733546370402357425852832570911342264305070282361185055718652447151401273821516565357347176694257330503197754149646878354736735094124786143563083033922921185001462936646357311896281568124432926543073586018011831116283834455648396391562391874691114308773758629128675459441772961751539141410015107688750429162773229891353319041831481091003696118422986072942176263862036359858552778169038083381232241875697898297653365133823294820537261455097887780659392113752739029982029348469564974585640410502568850332381748174174527465552793224626510435639626755446956340086430795538214249390073757740559959135158140425769612927555350371784050031489912935107773347836347348858321348990594740058112241877228705698549731152810385962097577744275375055085067047966121888293491366576737303302968639554386184715675960185537196909081307379874422242164874429747835174385811577490093895935654007647435512015969710800155525613314786540513373846046298466446102733386217926262555238716436548116736713556446455379296929241686181840412879009011689611834572285610241833021885984731677630224650082240522641709991345200056797519385998971507399136640446992271439062900179341574397092390807190306954488889175444544311346308471140636551020808176795387573802163936443046999418555253890154761139179315228296964640655189909877613842057182876486142501815527079215039080131753166372556026048382632768965532016831584483596084843513844758990000742612839570945382273012376449768603498848225668639201056632598338875612350720223195275250639701755964007123648163101681019517072828288176699452345337560267256790284742298054404255913758012641695429594097798292902394224522028863589826920799750367629306773803037365895959666865676022188936575135354694883477204364569004828711524813184640906338853658252394610864011451522847481781439988701582907969609895039163255979672483226916406745748655467682916395362760709740657306124891870265926818051919605061744032222841272736765819724623616848264047676119182396136853991397299658319328241964088063215953325004285374406801990315969782061938095830295383681852042411278238541327831805047775954738579699498654563742665167141407083194756599200888977425483296569899515593765154450149343901879298678422932656381262499851673884347243864129917619321248722142097042940064129892745952912133604132242252419374119825212517162845289123456003235845793496718401450238738473839154013278116261231111863006954722739268506062769668958915413979511690020952626351777985768575045383743220838784922412348934276825065361457025884582853287778858671471208085884212940072706038698512282431996527189493653087402516054716368102515188563280472748821326256636964029162529137548530633534680687656766864064274655992955453233260316733029	1315267574425700017876206677067912476764586848272285311506057108230605414908316900088495330186755267068375961806776863885887680790997113568137152528138464642086143785806703833748181571639613035733359237981135877142617741943193441369776009843258775529238786153560660499400477436464097852200149236014802807358513649007444720988524239323937522010061899904305013173135009014211416020886792070167392507232358211323303827614304927645350899649340928926124071098615615091442096640581424934883584945650432064609097372480046812772621370530989185915476136972613120115768787167176486645141262148658385220471466401637534766876757895051588511035690466559207798361345294726299696118310054009453175336075731006111075660981123177486313016647125956869887133547934524315002551241233274019284248881119488756631013988003045776745290695222723296830657513863706394780683235709605906449380003048446964100028039442053440347425864459940924758499954289996132147307989070585463574856408783547990379436312630072802690122200471228806599115939182986143343748121912071219168583651128627952777375138962616353383686982694930699945147824705251402196516014338378189641642687763603095969019523858157218913607118592312994777610324148755379634502846127201120281538528661590471637444676024649643872716501534338143584827364776619834612216131630179091283749140397650854332383642939644017411211747300950677205497094393619972672871084043231471541349837132008214054847765177002884263852465195260802622372382922648959172302977036344886880376158737556035067266834046556398486200180219318973761972613193267736428399791055593578182242337217513655392502235550670883827604352648203462106641	-1,-7,6,6,6,6,-6,-6,-6,-6,-6,-6	6,6,6,6,6,-6,-6,-6,-6,-6,-6	ok
-0.710711	-12.672673	-51.103089	0.699790	continued:5	864964396167832167854405241079616018765682435021788049502938702637615201460600872782607263684669316729588615684832389719455300877534495023682390542832570399663308980908133154690748358246804228428940644308963968118599464797242839480039010844732220299579301674067803447429554589817184847731217240994083226826802550786694514300881583277931003579739538626842003112957878640048890167854828083315454734566006345393057996095270551408577411002503007378595336948017712588136233615177989577433493468371249810847926829605690588404447583247590233972486686164450237489804199229322418540636744897733546370402357425852832570911342264305070282361185055718652447151401273821516565357347176694257330503197754149646878354736735094124786143563083033922921185001462936646357311896281568124432926543073586018011831116283834455648396391562389741468553662787274162521309206642619149302564117108933754345835878604807648965565038041689462507143813278089683422596719931381656954799705567998606740398930755929167835813834450100134273322717729328821704755922833892265796045473659740617092613588903242259375023832075782152394070082994041631945688457200046999537466928668229561231434798479399151207188204320121842177909147096825361779663893695563347989307746879957224423202493209011593635000004406268353036103456215834678816784180788328485686250529838601360317404905677386031229731857520191258402892532168801394578110606822829965397494716434348443514624983694621949309107815842850057514072178592690655738665347932797506889103058640357613151628645720979404232335253206021517809014664204444081565878306164738156654943544705680392557857863449566415926267132558028167336749225377326977819480215333485136174497152454940962124586918606260728919724261489462054008616156337000609285866398601145852908487782055995677749440584111471477912139579338287106204097302708433079331033949268207946818408137277931471920747662543659438924543217112623238249566528962976798867474523407636342521172597118748294327250340828528605671621227472036173799577534443387739470416331847589999714014853288559932617877615688942684522868661563210652233118710605155491764486561336826014108072935611332810583968482051497251916486550554438597484321885641948969149381215858984633029217749929772802536342148734926810614388289622290828627435242746223483183640790830890602776480119460132101447806222134685636435273388946704158107541023429687137408383123978017520555738207005120015498511273791988761778884136206690066974764400760437178676148883175013629594034597072191456029086660109503841912187843137273904287394930975926074489889381277958304842565777534552600737235198028321514823144766308771120806856773197425642121202863549178119624466113024011701404092460355975049501668429411496302395629727923334483779146619605635578484327385743497690251274011171246601543638105913209005503406361910409488221538570646097315504947567259306118538406379341318466136952280630228881419556072286347599465449550038190138877258075402013947890298533845539313571090531151057151097387276177027051177173931314298583878967909234593274164540023536742972360088539639618354732784929203215807709675016379254266515293874622020539741089888805425359018807472511664480331397427989814824954206340652842090387279544745463047593150215019568481953201270874742219612856031407905483418045	1315267574425700017876206677067912476764586848272285311506057108230605414908316900088495330186755267068375961806776863885887680790997113568137152528138464642086143785806703833748181571639613035733359237981135877142617741943193441369776009843258775529238786153560660499400477436464097852200149236014802807358513649007444720988524239323937522010061899904305013173135009014211416020886792070167392507232358211323303827614304927645350899649340928926124071098615615091442096640581424934883584945650432064609097372480046812772621370530989185915476136972613120115768787167176486645141262148658385220471466401637534766876757895051588511035690466559207798361345294726299696118310054009453175336075731006111075660981123177486313016647125956869887133547934524315002551241233274019284248881119488756631013988003045776745290695222723296830657513863706394780683235709605906449380003048446964100028039442053440347425864459940924758499954289996132147307989070585463574856408783547990379436312630072802690122200471228806599115939182986143343748121912071219168583651128627952777375138962616353383686982694930699945147824705251402196516014338378189641642687763603095969019523858157218913607118592312994777610324148755379634502846127201120281538528661590471637444676024649643872716501534338143584827364776619834612216131630179091283749140397650854332383642939644017411211747300950677205497094393619972672871084043231471541349837132008214054847765177002884263852465195260802622372382922648959172302977036344886880376158737556035067266834046556398486200180219318973761972613193267736428399791055593578182242337217513655392502235550670883827604352648203462106641	-1,6,6,6,6,6,-6,-6,-6,-6,-6,-6	6,6,6,6,6,-6,-6,-6,-6,-6,-6	ok
-0.706707	-12.672673	-51.421840	0.700498	continued:5	864964396167832167854405241079616018765682435021788049502938702637615201460600872782607263684669316729588615684832389719455300877534495023682390542832570399663308980908133154690748358246804228428940644308963968118599464797242839480039010844732220299579301674067803447429554589817184847731217240994083226826802550786694514300881583277931003579739538626842003112957878640048890167854828083315454734566006345393057996095270551408577411002503007378595336948017712588136233615177989577433493468371249810847926829605690588404447583247590233972486686164450237489804199229322418540636744897733546370402357425852832570911342264305070282361185055718652447151401273821516565357347176694257330503197754149646878354736735094124786143563083033922921185001462936646357311896281568124432926543073586018011831116283834455648396391562389741468553662787274162521309206642619149302564117108933754345835878604807648965565038041689462507143813278089683422596719931381656954799705567998606740398930755929167835813834450100134273322717729328821704755922833892265796045473659740617092613588903242259375023832075782152394070082994041631945688457200046999537466928668229561231434798479399151207188204320121842177909147096825361779663893695563347989307746879957224423202493209011593635000004406268353036103456215834678816784180788328485686250529838601360317404905677386031229731857520191258402892532168801394578110606822829965397494716434348443514624983694621949309107815842850057514072178592690655738665347932797506889103058640357613151628645720979404232335253206021517809014664204444081565878306164738156654943544705680392557857863449566415926267132558028167336749225377326977819480215333485136174497152454940962124586918606260728919724261489462054008616156337000609285866398601145852908487782055995677749440584111471477912139579338287106204097302708433079331033949268207946818408137277931471920747662543659438924543217112623238249566528962976798867474523407636342521172597118748294327250340828528605671621227472036173799577534443387739470416331847589999714014853288559932617877615688942684522868661563210652233118710605155491764486561336826014108072935611332810583968482051497251916486550554438597484321885641948969149381215858984633029217749929772802536342148734926810614388289622290828627435242746223483183640790830890602776480119460132101447806222134685636435273388946704158107541023429687137408383123978017520555738207005120015498511273791988761778884136206690066974764400760437178676148883175013629594034597072191456029086660109503841912187843137273904287394930975926074489889381277958304842565777534552600737235198028321514823144766308771120806856773197425642121202863549178119624466113024011701404092460355975049501668429411496302395629727923334483779146619605635578484327385743497690251274011171246601543638105913209005503406361910409488221538570646097315504947567259306118538406379341318466136952280630228881419556072286347599465449550038190138877258075402013947890298533845539313571090531151057151097387276177027051177173931314298583878967909234593274164540023536742972360088539639618354732784929203215807709675016379254266515293874622020539741089888805425359018807472511664480331397427989814824954206340652842090387279544745463047593150215019568481953201270874742219612856031407905483418045	1315267574425700017876206677067912476764586848272285311506057108230605414908316900088495330186755267068375961806776863885887680790997113568137152528138464642086143785806703833748181571639613035733359237981135877142617741943193441369776009843258775529238786153560660499400477436464097852200149236014802807358513649007444720988524239323937522010061899904305013173135009014211416020886792070167392507232358211323303827614304927645350899649340928926124071098615615091442096640581424934883584945650432064609097372480046812772621370530989185915476136972613120115768787167176486645141262148658385220471466401637534766876757895051588511035690466559207798361345294726299696118310054009453175336075731006111075660981123177486313016647125956869887133547934524315002551241233274019284248881119488756631013988003045776745290695222723296830657513863706394780683235709605906449380003048446964100028039442053440347425864459940924758499954289996132147307989070585463574856408783547990379436312630072802690122200471228806599115939182986143343748121912071219168583651128627952777375138962616353383686982694930699945147824705251402196516014338378189641642687763603095969019523858157218913607118592312994777610324148755379634502846127201120281538528661590471637444676024649643872716501534338143584827364776619834612216131630179091283749140397650854332383642939644017411211747300950677205497094393619972672871084043231471541349837132008214054847765177002884263852465195260802622372382922648959172302977036344886880376158737556035067266834046556398486200180219318973761972613193267736428399791055593578182242337217513655392502235550670883827604352648203462106641	-1,6,6,6,6,6,-6,-6,-6,-6,-6,-6	6,6,6,6,6,-6,-6,-6,-6,-6,-6	ok
-0.702703	-12.672673	-51.657771	0.703292	full	864964396167832167854405241079616018765682435021769838401814865060318629451230968447382618490633185883935148644394092191368666446789206683380687440739156451893150465996750748614594342722296544062396287531238688258176257538350625178006062389938772909899330494041778848193357622609823671746171817052906971368809763792190283485004975902216138186025900353782432665960145280021703434746885261149904881351276439373019908228476973278721507135471510255586975513914003559195524734129739041122810290015273582851708489615186551603409279922814821264727787464721669138135441872518365363064071218766706217625937537078813159625664638414496387560921049381555958433851828649061553700401229111752444264768319856734892551302011049518724979798845473336806327545701039298838220136276274010276414215461402019818601915172993063615230255577150275973869011101029981422261677472471952016227635529948325397617383567728331498799091970524563605221911247955849896988348866241531053132350131888291879378904574947998467911267052583763070535150624177705630928766444654153020996683238579711113990991427461311605729993388526973057179789192098739437110948390409928160609293058585534727006326649568730359022177614203398161632241833876631069469580307168124405206256842077972723254007541685174890660584008813122861076423783709361405590104687920789451065009077356394294698957334075017524299808700181562988573300822325286307588669675197018417603116354347485791456455134757568756358588338856624230688228096594939802568210321786807643109312794006059521602470556192530527981884384970994861366953300761838427492809805751715581849146297555036391385592842987781701486065971643694246333733906979086804648995702787507321036558162611973292303572775660752798667130448527635659420160073548085223918209993331766330682937147900082515656415089863210945524821720867808970471115665826896268337609546200018401077797977949768892908863400713403174367116531280030791509551719771564239168369082066283764297798370820142584492231931774318140985021805662933683690730008615359618958055292140527512039217238327549385540665770034529861149779825064074148478133271418489959147745588551401312911243595802129381582379138520034352201708703050903973163703097662601141420372924002634857955720708869876738663115519235151265748801562370768827191719650713022542406392180628007345377323792144175999135322817889214669368493728641863998541503354826697964396426083981783659346006921011238312775188453265212142962237204069844442176672500441174090153793384838129887778258374711938913728895078828330518098630902143313575724455048632902656491389435715046994819035804196539787032051766601852028764160535030915877089950846096651255234965166524421642169356984283622628259803793302021271440672271423247301953140416700270891998505576227888710373796966411720515199929126670347975540070651123943909052237023827771894250009511015262034198934876750295427801255644279842256057524577866017659007351691155362725916383564648156517255456284505082309744158638884360200094820870313278056771610725056154437970229908446709804088506331173705003524264913054443039975966740457600865088819002510721949992160221329715403594301362159115597706301801481982984234116356541285037444642744922419683074968439597810580011562989660971447852993707595573786894785122364708487338850354755104377199	1315267574425700017876206677067912476764586848272285311506057108230605414908316900088495330186755267068375961806776863885887680790997113568137152528138464642086143785806703833748181571639613035733359237981135877142617741943193441369776009843258775529238786153560660499400477436464097852200149236014802807358513649007444720988524239323937522010061899904305013173135009014211416020886792070167392507232358211323303827614304927645350899649340928926124071098615615091442096640581424934883584945650432064609097372480046812772621370530989185915476136972613120115768787167176486645141262148658385220471466401637534766876757895051588511035690466559207798361345294726299696118310054009453175336075731006111075660981123177486313016647125956869887133547934524315002551241233274019284248881119488756631013988003045776745290695222723296830657513863706394780683235709605906449380003048446964100028039442053440347425864459940924758499954289996132147307989070585463574856408783547990379436312630072802690122200471228806599115939182986143343748121912071219168583651128627952777375138962616353383686982694930699945147824705251402196516014338378189641642687763603095969019523858157218913607118592312994777610324148755379634502846127201120281538528661590471637444676024649643872716501534338143584827364776619834612216131630179091283749140397650854332383642939644017411211747300950677205497094393619972672871084043231471541349837132008214054847765177002884263852465195260802622372382922648959172302977036344886880376158737556035067266834046556398486200180219318973761972613193267736428399791055593578182242337217513655392502235550670883827604352648203462106641	-1,6,6,6,6,-6,-6,-6,-6,-6,-6,-6	6,6,6,6,6,-6,-6,-6,-6,-6,-6	ok
-0.698699	-12.672673	-43.298658	0.709517	continued:5	864964396167832167854405241079616018765682435021788049502938702637615201460600872782607263684669316729588615684832389719455300877534495023682390542832570399663308980908133154690748358246804228428940644308963968118599464797242839480039010844732220299579301674067803447429554589817184847731217240994083226826802550786694514300881583277931003579739538626842003112957878640048890167854828083315454734566006345393057996095270551408577411002503007378595336948017712588136233615177989577433493468371249810847926829605690588404447583247590233972486686164450237489804199229322418540636744897733546370402357425852832570911342264305070282361185055718652447151401273821516565357347176694257330503197754149646878354736735094124786143563083033922921185001462936646357311896281568124432926543073586018011831116283834455648396391562391874691114308773758629128675459441772961751539141410015107688750429162773229891353319041831481091003696118422986072942176263862036359858552778169038083381232241875697898297653365133823294820537261455097887780659392113752739029982029348469564974585640410502568850332381748174174527465552793224626510435639626755446956340086430795538214249390073757740559959135158140425769612927555350371784050031489912935107773347836347348858321348990594740058112241877228705698549731152810385962097577744275375055085067047966121888293491366576737303302968639554386184715675960185537196909081307379874422242164874429747835174385811577490093895935654007647435512015969710800155525613314786540513373846046298466446102733386217926262555238716436548116736713556446455379296929241686181840412879009011689611834572285610241833021885984731677630224650082240522641709991345200056797519385998971507399136640446992271439062900179341574397092390807190306954488889175444544311346308471140636551020808176795387573802163936443046999418555253890154761139179315228296964640655189909877613842057182876486142501815527079215039080131753166372556026048382632768965532016831584483596084843513844758990000742612839570945382273012376449768603498848225668639201056632598338875612350720223195275250639701755964007123648163101681019517072828288176699452345337560267256790284742298054404255913758012641695429594097798292902394224522028863589826920799750367629306773803037365895959666865676022188936575135354694883477204364569004828711524813184640906338853658252394610864011451522847481781439988701582907969609895039163255979672483226916406745748655467682916395362760709740657306124891870265926818051919605061744032222841272736765819724623616848264047676119182396136853991397299658319328241964088063215953325004285374406801990315969782061938095830295383681852042411278238541327831805047775954738579699498654563742665167141407083194756599200888977425483296569899515593765154450149343901879298678422932656381262499851673884347243864129917619321248722142097042940064129892745952912133604132242252419374119825212517162845289123456003235845793496718401450238738473839154013278116261231111863006954722739268506062769668958915413979511690020952626351777985768575045383743220838784922412348934276825065361457025884582853287778858671471208085884212940072706038698512282431996527189493653087402516054716368102515188563280472748821326256636964029162529137548530633534680687656766864064274655992955453233260316733029	1315267574425700017876206677067912476764586848272285311506057108230605414908316900088495330186755267068375961806776863885887680790997113568137152528138464642086143785806703833748181571639613035733359237981135877142617741943193441369776009843258775529238786153560660499400477436464097852200149236014802807358513649007444720988524239323937522010061899904305013173135009014211416020886792070167392507232358211323303827614304927645350899649340928926124071098615615091442096640581424934883584945650432064609097372480046812772621370530989185915476136972613120115768787167176486645141262148658385220471466401637534766876757895051588511035690466559207798361345294726299696118310054009453175336075731006111075660981123177486313016647125956869887133547934524315002551241233274019284248881119488756631013988003045776745290695222723296830657513863706394780683235709605906449380003048446964100028039442053440347425864459940924758499954289996132147307989070585463574856408783547990379436312630072802690122200471228806599115939182986143343748121912071219168583651128627952777375138962616353383686982694930699945147824705251402196516014338378189641642687763603095969019523858157218913607118592312994777610324148755379634502846127201120281538528661590471637444676024649643872716501534338143584827364776619834612216131630179091283749140397650854332383642939644017411211747300950677205497094393619972672871084043231471541349837132008214054847765177002884263852465195260802622372382922648959172302977036344886880376158737556035067266834046556398486200180219318973761972613193267736428399791055593578182242337217513655392502235550670883827604352648203462106641	-1,-7,6,6,6,6,-6,-6,-6,-6,-6,-6	6,6,6,6,6,-6,-6,-6,-6,-6,-6	ok
-0.694695	-12.672673	-45.150646	0.708474	continued:5	864964396167832167854405241079616018765682435021788049502938702637615201460600872782607263684669316729588615684832389719455300877534495023682390542832570399663308980908133154690748358246804228428940644308963968118599464797242839480039010844732220299579301674067803447429554589817184847731217240994083226826802550786694514300881583277931003579739538626842003112957878640048890167854828083315454734566006345393057996095270551408577411002503007378595336948017712588136233615177989577433493468371249810847926829605690588404447583247590233972486686164450237489804199229322418540636744897733546370402357425852832570911342264305070282361185055718652447151401273821516565357347176694257330503197754149646878354736735094124786143563083033922921185001462936646357311896281568124432926543073586018011831116283834455648396391562391874691114308773758629128675459441772961751539141410015107688750429162773229891353319041831481091003696118422986072942176263862036359858552778169038083381232241875697898297653365133823294820537261455097887780659392113752739029982029348469564974585640410502568850332381748174174527465552793224626510435639626755446956340086430795538214249390073757740559959135158140425769612927555350371784050031489912935107773347836347348858321348990594740058112241877228705698549731152810385962097577744275375055085067047966121888293491366576737303302968639554386184715675960185537196909081307379874422242164874429747835174385811577490093895935654007647435512015969710800155525613314786540513373846046298466446102733386217926262555238716436548116736713556446455379296929241686181840412879009011689611834572285610241833021885984731677630224650082240522641709991345200056797519385998971507399136640446992271439062900179341574397092390807190306954488889175444544311346308471140636551020808176795387573802163936443046999418555253890154761139179315228296964640655189909877613842057182876486142501815527079215039080131753166372556026048382632768965532016831584483596084843513844758990000742612839570945382273012376449768603498848225668639201056632598338875612350720223195275250639701755964007123648163101681019517072828288176699452345337560267256790284742298054404255913758012641695429594097798292902394224522028863589826920799750367629306773803037365895959666865676022188936575135354694883477204364569004828711524813184640906338853658252394610864011451522847481781439988701582907969609895039163255979672483226916406745748655467682916395362760709740657306124891870265926818051919605061744032222841272736765819724623616848264047676119182396136853991397299658319328241964088063215953325004285374406801990315969782061938095830295383681852042411278238541327831805047775954738579699498654563742665167141407083194756599200888977425483296569899515593765154450149343901879298678422932656381262499851673884347243864129917619321248722142097042940064129892745952912133604132242252419374119825212517162845289123456003235845793496718401450238738473839154013278116261231111863006954722739268506062769668958915413979511690020952626351777985768575045383743220838784922412348934276825065361457025884582853287778858671471208085884212940072706038698512282431996527189493653087402516054716368102515188563280472748821326256636964029162529137548530633534680687656766864064274655992955453233260316733029	1315267574425700017876206677067912476764586848272285311506057108230605414908316900088495330186755267068375961806776863885887680790997113568137152528138464642086143785806703833748181571639613035733359237981135877142617741943193441369776009843258775529238786153560660499400477436464097852200149236014802807358513649007444720988524239323937522010061899904305013173135009014211416020886792070167392507232358211323303827614304927645350899649340928926124071098615615091442096640581424934883584945650432064609097372480046812772621370530989185915476136972613120115768787167176486645141262148658385220471466401637534766876757895051588511035690466559207798361345294726299696118310054009453175336075731006111075660981123177486313016647125956869887133547934524315002551241233274019284248881119488756631013988003045776745290695222723296830657513863706394780683235709605906449380003048446964100028039442053440347425864459940924758499954289996132147307989070585463574856408783547990379436312630072802690122200471228806599115939182986143343748121912071219168583651128627952777375138962616353383686982694930699945147824705251402196516014338378189641642687763603095969019523858157218913607118592312994777610324148755379634502846127201120281538528661590471637444676024649643872716501534338143584827364776619834612216131630179091283749140397650854332383642939644017411211747300950677205497094393619972672871084043231471541349837132008214054847765177002884263852465195260802622372382922648959172302977036344886880376158737556035067266834046556398486200180219318973761972613193267736428399791055593578182242337217513655392502235550670883827604352648203462106641	-1,-7,6,6,6,6,-6,-6,-6,-6,-6,-6	6,6,6,6,6,-6,-6,-6,-6,-6,-6	ok
-0.690691	-12.672673	-46.519722	0.711268	continued:5	864964396167832167854405241079616018765682435021788049502938702637615201460600872782607263684669316729588615684832389719455300877534495023682390542832570399663308980908133154690748358246804228428940644308963968118599464797242839480039010844732220299579301674067803447429554589817184847731217240994083226826802550786694514300881583277931003579739538626842003112957878640048890167854828083315454734566006345393057996095270551408577411002503007378595336948017712588136233615177989577433493468371249810847926829605690588404447583247590233972486686164450237489804199229322418540636744897733546370402357425852832570911342264305070282361185055718652447151401273821516565357347176694257330503197754149646878354736735094124786143563083033922921185001462936646357311896281568124432926543073586018011831116283834455648396391562391874691114308773758629128675459441772961751539141410015107688750429162773229891353319041831481091003696118422986072942176263862036359858552778169038083381232241875697898297653365133823294820537261455097887780659392113752739029982029348469564974585640410502568850332381748174174527465552793224626510435639626755446956340086430795538214249390073757740559959135158140425769612927555350371784050031489912935107773347836347348858321348990594740058112241877228705698549731152810385962097577744275375055085067047966121888293491366576737303302968639554386184715675960185537196909081307379874422242164874429747835174385811577490093895935654007647435512015969710800155525613314786540513373846046298466446102733386217926262555238716436548116736713556446455379296929241686181840412879009011689611834572285610241833021885984731677628909382507814822623833784668132144320754799150699222087630583338761666024154583279253079066905635540121930992682112311558656630555311357572499398492669712153301430016357232609298817846915640854421401901198179351154346898711996468507837832213924100956903715661966418715638602695289068520355876812367829961607018367824139762607560604189907236979938842708534557772247263998165033747716706778058276131968698421275035047998045792577844375601298772829839936025032548010238922876491403353293114506694905495658159417804695485281782885382768826726219292621484678177133607057345542218448564772141365147157840372165502599019201771814087511153246108576146896522131909638269308710401470803731465570263122652141318949882888274036534465134314031831695774421675370724160704738439209207632157864629166711051902407359714932995366610902166951542810214683710882361211272489909302312826341511493229747878584210004171732500922538083236650850843834528169563430497569328878220069330932061081435508355280238285592603622909548643694616901502515089049317645090187196681077938704796026500720625617511026616663987799684112774909744998254563211754016773876645217455918520610558449796884845611584502113581835409264761714174353483741670087998452907835050420338429190409203314914396375384245869392977989972541339303058364939668361832744821249992873716808478005884402683264752641241221967730715744944050412597817512287997144300067207477225682965705932814871200936840824262390372998855923372218695685544212014939032464349335387525468162455754415836337051896654605960544158855837779646887474312049102830934329119793622414379129968268968781986792104514734539966295542559558570	1315267574425700017876206677067912476764586848272271465577306230832954455395493656295970459755562833079123798741617600116338182498421533015989102782942671583999286743758774408188936883333775207482631565820760948699223621984787943971090334823067739022667015497384780900657813350102565016304242677133932222252284974006566339243929583679518343287360854928706066934447307939680050649371927180560925085357306658226729698940507049979640033655515505844955631107604111494453456968581666346780292276162055304795954772566271723088724295454858043549530555930707874460478504420853015146776914257539999098736906952360075656138277902162521416150986735763560031889669094929345220490647286033787458963077405926802272618629950205431641168367597127200951946843804600932281773540906704264085397811097855645979564620423633334642187594881470529699602762510741450777203028897195325915888258435035301050487944965470506708378939881751055541548768151884044061635530064645269485262053639095186027562312934040746390074576310932861329917453137357912175325876166977794387903920298338009655693764105909015876611376514779458086920955426846072680929740438326617676209057263873915468668335364317438047527104690912667487056697635132116356299344280122944318347015361747044767030430650014734220685750045036644728467353026019248347984211308805842942396742764857169113130917111880966201613773937306081498317255477430680242093603555459675568748782359437025724324324878381039835920720912777659220388335613297530380939729284054880180107164486451040365509761450753651052466942387939643603361214375575767215907058354562906569354893068982541980232111521218999227505675336993057394398	0,-7,6,6,6,6,-6,-6,-6,-6,-6,-6	6,6,6,6,-6,-6,-6,-6,-6,-6,-6	ok
-0.686687	-12.672673	-47.586284	0.708474	continued:5	864964396167832167854405241079616018765682435021788049502938702637615201460600872782607263684669316729588615684832389719455300877534495023682390542832570399663308980908133154690748358246804228428940644308963968118599464797242839480039010844732220299579301674067803447429554589817184847731217240994083226826802550786694514300881583277931003579739538626842003112957878640048890167854828083315454734566006345393057996095270551408577411002503007378595336948017712588136233615177989577433493468371249810847926829605690588404447583247590233972486686164450237489804199229322418540636744897733546370402357425852832570911342264305070282361185055718652447151401273821516565357347176694257330503197754149646878354736735094124786143563083033922921185001462936646357311896281568124432926543073586018011831116283834455648396391562391874691114308773758629128675459441772961751539141410015107688750429162773229891353319041831481091003696118422986072942176263862036359858552778169038083381232241875697898297653365133823294820537261455097887780659392113752739029982029348469564974585640410502568850332381748174174527465552793224626510435639626755446956340086430795538214249390073757740559959135158140425769612927555350371784050031489912935107773347836347348858321348990594740058112241877228705698549731152810385962097577744275375055085067047966121888293491366576737303302968639554386184715675960185537196909081307379874422242164874429747835174385811577490093895935654007647435512015969710800155525613314786540513373846046298466446102733386217926262555238716436548116736713556446455379296929241686181840412879009011689611834572285610241833021885984731677628909382507814822623833784668132144320754799150699222087630583338761666024154583279253079066905635540121930992682112311558656630555311357572499398492669712153301430016357232609298817846915640854421401901198179351154346898711996468507837832213924100956903715661966418715638602695289068520355876812367829961607018367824139762607560604189907236979938842708534557772247263998165033747716706778058276131968698421275035047998045792577844375601298772829839936025032548010238922876491403353293114506694905495658159417804695485281782885382768826726219292621484678177133607057345542218448564772141365147157840372165502599019201771814087511153246108576146896522131909638269308710401470803731465570263122652141318949882888274036534465134314031831695774421675370724160704738439209207632157864629166711051902407359714932995366610902166951542810214683710882361211272489909302312826341511493229747878584210004171732500922538083236650850843834528169563430497569328878220069330932061081435508355280238285592603622909548643694616901502515089049317645090187196681077938704796026500720625617511026616663987799684112774909744998254563211754016773876645217455918520610558449796884845611584502113581835409264761714174353483741670087998452907835050420338429190409203314914396375384245869392977989972541339303058364939668361832744821249992873716808478005884402683264752641241221967730715744944050412597817512287997144300067207477225682965705932814871200936840824262390372998855923372218695685544212014939032464349335387525468162455754415836337051896654605960544158855837779646887474312049102830934329119793622414379129968268968781986792104514734539966295542559558570	1315267574425700017876206677067912476764586848272271465577306230832954455395493656295970459755562833079123798741617600116338182498421533015989102782942671583999286743758774408188936883333775207482631565820760948699223621984787943971090334823067739022667015497384780900657813350102565016304242677133932222252284974006566339243929583679518343287360854928706066934447307939680050649371927180560925085357306658226729698940507049979640033655515505844955631107604111494453456968581666346780292276162055304795954772566271723088724295454858043549530555930707874460478504420853015146776914257539999098736906952360075656138277902162521416150986735763560031889669094929345220490647286033787458963077405926802272618629950205431641168367597127200951946843804600932281773540906704264085397811097855645979564620423633334642187594881470529699602762510741450777203028897195325915888258435035301050487944965470506708378939881751055541548768151884044061635530064645269485262053639095186027562312934040746390074576310932861329917453137357912175325876166977794387903920298338009655693764105909015876611376514779458086920955426846072680929740438326617676209057263873915468668335364317438047527104690912667487056697635132116356299344280122944318347015361747044767030430650014734220685750045036644728467353026019248347984211308805842942396742764857169113130917111880966201613773937306081498317255477430680242093603555459675568748782359437025724324324878381039835920720912777659220388335613297530380939729284054880180107164486451040365509761450753651052466942387939643603361214375575767215907058354562906569354893068982541980232111521218999227505675336993057394398	0,-7,6,6,6,6,-6,-6,-6,-6,-6,-6	6,6,6,6,-6,-6,-6,-6,-6,-6,-6	ok
-0.682683	-12.672673	-48.486815	0.705681	continued:5	864964396167832167854405241079616018765682435021788049502938702637615201460600872782607263684669316729588615684832389719455300877534495023682390542832570399663308980908133154690748358246804228428940644308963968118599464797242839480039010844732220299579301674067803447429554589817184847731217240994083226826802550786694514300881583277931003579739538626842003112957878640048890167854828083315454734566006345393057996095270551408577411002503007378595336948017712588136233615177989577433493468371249810847926829605690588404447583247590233972486686164450237489804199229322418540636744897733546370402357425852832570911342264305070282361185055718652447151401273821516565357347176694257330503197754149646878354736735094124786143563083033922921185001462936646357311896281568124432926543073586018011831116283834455648396391562391874691114308773758629128675459441772961751539141410015107688750429162773229891353319041831481091003696118422986072942176263862036359858552778169038083381232241875697898297653365133823294820537261455097887780659392113752739029982029348469564974585640410502568850332381748174174527465552793224626510435639626755446956340086430795538214249390073757740559959135158140425769612927555350371784050031489912935107773347836347348858321348990594740058112241877228705698549731152810385962097577744275375055085067047966121888293491366576737303302968639554386184715675960185537196909081307379874422242164874429747835174385811577490093895935654007647435512015969710800155525613314786540513373846046298466446102733386217926262555238716436548116736713556446455379296929241686181840412879009011689611834572285610241833021885984731677628909382507814822623833784668132144320754799150699222087630583338761666024154583279253079066905635540121930992682112311558656630555311357572499398492669712153301430016357232609298817846915640854421401901198179351154346898711996468507837832213924100956903715661966418715638602695289068520355876812367829961607018367824139762607560604189907236979938842708534557772247263998165033747716706778058276131968698421275035047998045792577844375601298772829839936025032548010238922876491403353293114506694905495658159417804695485281782885382768826726219292621484678177133607057345542218448564772141365147157840372165502599019201771814087511153246108576146896522131909638269308710401470803731465570263122652141318949882888274036534465134314031831695774421675370724160704738439209207632157864629166711051902407359714932995366610902166951542810214683710882361211272489909302312826341511493229747878584210004171732500922538083236650850843834528169563430497569328878220069330932061081435508355280238285592603622909548643694616901502515089049317645090187196681077938704796026500720625617511026616663987799684112774909744998254563211754016773876645217455918520610558449796884845611584502113581835409264761714174353483741670087998452907835050420338429190409203314914396375384245869392977989972541339303058364939668361832744821249992873716808478005884402683264752641241221967730715744944050412597817512287997144300067207477225682965705932814871200936840824262390372998855923372218695685544212014939032464349335387525468162455754415836337051896654605960544158855837779646887474312049102830934329119793622414379129968268968781986792104514734539966295542559558570	1315267574425700017876206677067912476764586848272271465577306230832954455395493656295970459755562833079123798741617600116338182498421533015989102782942671583999286743758774408188936883333775207482631565820760948699223621984787943971090334823067739022667015497384780900657813350102565016304242677133932222252284974006566339243929583679518343287360854928706066934447307939680050649371927180560925085357306658226729698940507049979640033655515505844955631107604111494453456968581666346780292276162055304795954772566271723088724295454858043549530555930707874460478504420853015146776914257539999098736906952360075656138277902162521416150986735763560031889669094929345220490647286033787458963077405926802272618629950205431641168367597127200951946843804600932281773540906704264085397811097855645979564620423633334642187594881470529699602762510741450777203028897195325915888258435035301050487944965470506708378939881751055541548768151884044061635530064645269485262053639095186027562312934040746390074576310932861329917453137357912175325876166977794387903920298338009655693764105909015876611376514779458086920955426846072680929740438326617676209057263873915468668335364317438047527104690912667487056697635132116356299344280122944318347015361747044767030430650014734220685750045036644728467353026019248347984211308805842942396742764857169113130917111880966201613773937306081498317255477430680242093603555459675568748782359437025724324324878381039835920720912777659220388335613297530380939729284054880180107164486451040365509761450753651052466942387939643603361214375575767215907058354562906569354893068982541980232111521218999227505675336993057394398	0,-7,6,6,6,6,-6,-6,-6,-6,-6,-6	6,6,6,6,-6,-6,-6,-6,-6,-6,-6	ok
-0.678679	-12.672673	-49.247875	0.702887	continued:5	864964396167832167854405241079616018765682435021788049502938702637615201460600872782607263684669316729588615684832389719455300877534495023682390542832570399663308980908133154690748358246804228428940644308963968118599464797242839480039010844732220299579301674067803447429554589817184847731217240994083226826802550786694514300881583277931003579739538626842003112957878640048890167854828083315454734566006345393057996095270551408577411002503007378595336948017712588136233615177989577433493468371249810847926829605690588404447583247590233972486686164450237489804199229322418540636744897733546370402357425852832570911342264305070282361185055718652447151401273821516565357347176694257330503197754149646878354736735094124786143563083033922921185001462936646357311896281568124432926543073586018011831116283834455648396391562391874691114308773758629128675459441772961751539141410015107688750429162773229891353319041831481091003696118422986072942176263862036359858552778169038083381232241875697898297653365133823294820537261455097887780659392113752739029982029348469564974585640410502568850332381748174174527465552793224626510435639626755446956340086430795538214249390073757740559959135158140425769612927555350371784050031489912935107773347836347348858321348990594740058112241877228705698549731152810385962097577744275375055085067047966121888293491366576737303302968639554386184715675960185537196909081307379874422242164874429747835174385811577490093895935654007647435512015969710800155525613314786540513373846046298466446102733386217926262555238716436548116736713556446455379296929241686181840412879009011689611834572285610241833021885984731677631539917656666222659586198022267969274283972847243792710642697555222876853971217079430069727279146074258682916295666039330431992137305584708773703548946641437473717587970640276795180990194866925888120377160451105439582382598383351247389851900441652015381287969087739714439557568217264224756175284397435576324045665839029204584609082837782281000062642517144584118517282026587865789490290918393061146433414843921642703226655647868546174899980630682088078222263778193123116157654253223060284397995769624876354162764789110827025626444747198557171566566710918408671181391698515508731089069458135588100773175440572132772717561917264533224627041694562493244822499090868700947021578822637816242414584664363470271845134629009160498428565945571470041517544419354165807220905757246200655626868144224313930383365806486485948001347616788989043421420128327762276791955773243160705297937754003948649511142234193059772785444711362665787812649400006563001409080679692528744273048570858128615520911422305174760081175273912782465754161095006502591832069211800628049546625538256313445763895687375161290863166909027024121442532054337086933786984720711628409394241914441253550883848876143757721656807088179522479911526644518115403907371359373214064166409557830447110119929315194001042613493701614452097499842112537279316475281734982529588506917535903561075853747372898096695863097243278435991492654886043683540005790700278964451886879118765053682449193882089789378792707719634345124246730627556410941112947728061637039395830598624571469837753135454826775660871521288781298610168340464171097123995938481474646887939393106344751741336444797251370940170978073907489	1315267574425700017876206677067912476764586848272271465577306230832954455395493656295970459755562833079123798741617600116338182498421533015989102782942671583999286743758774408188936883333775207482631565820760948699223621984787943971090334823067739022667015497384780900657813350102565016304242677133932222252284974006566339243929583679518343287360854928706066934447307939680050649371927180560925085357306658226729698940507049979640033655515505844955631107604111494453456968581666346780292276162055304795954772566271723088724295454858043549530555930707874460478504420853015146776914257539999098736906952360075656138277902162521416150986735763560031889669094929345220490647286033787458963077405926802272618629950205431641168367597127200951946843804600932281773540906704264085397811097855645979564620423633334642187594881470529699602762510741450777203028897195325915888258435035301050487944965470506708378939881751055541548768151884044061635530064645269485262053639095186027562312934040746390074576310932861329917453137357912175325876166977794387903920298338009655693764105909015876611376514779458086920955426846072680929740438326617676209057263873915468668335364317438047527104690912667487056697635132116356299344280122944318347015361747044767030430650014734220685750045036644728467353026019248347984211308805842942396742764857169113130917111880966201613773937306081498317255477430680242093603555459675568748782359437025724324324878381039835920720912777659220388335613297530380939729284054880180107164486451040365509761450753651052466942387939643603361214375575767215907058354562906569354893068982541980232111521218999227505675336993057394398	1,-7,6,6,6,6,-6,-6,-6,-6,-6,-6	6,6,6,6,-6,-6,-6,-6,-6,-6,-6	ok
-0.674675	-12.672673	-49.888460	0.700094	continued:5	864964396167832167854405241079616018765682435021788049502938702637615201460600872782607263684669316729588615684832389719455300877534495023682390542832570399663308980908133154690748358246804228428940644308963968118599464797242839480039010844732220299579301674067803447429554589817184847731217240994083226826802550786694514300881583277931003579739538626842003112957878640048890167854828083315454734566006345393057996095270551408577411002503007378595336948017712588136233615177989577433493468371249810847926829605690588404447583247590233972486686164450237489804199229322418540636744897733546370402357425852832570911342264305070282361185055718652447151401273821516565357347176694257330503197754149646878354736735094124786143563083033922921185001462936646357311896281568124432926543073586018011831116283834455648396391562391874691114308773758629128675459441772961751539141410015107688750429162773229891353319041831481091003696118422986072942176263862036359858552778169038083381232241875697898297653365133823294820537261455097887780659392113752739029982029348469564974585640410502568850332381748174174527465552793224626510435639626755446956340086430795538214249390073757740559959135158140425769612927555350371784050031489912935107773347836347348858321348990594740058112241877228705698549731152810385962097577744275375055085067047966121888293491366576737303302968639554386184715675960185537196909081307379874422242164874429747835174385811577490093895935654007647435512015969710800155525613314786540513373846046298466446102733386217926262555238716436548116736713556446455379296929241686181840412879009011689611834572285610241833021885984731677631539917656666222659586198022267969274283972847243792710642697555222876853971217079430069727279146074258682916295666039330431992137305584708773703548946641437473717587970640276795180990194866925888120377160451105439582382598383351247389851900441652015381287969087739714439557568217264224756175284397435576324045665839029204584609082837782281000062642517144584118517282026587865789490290918393061146433414843921642703226655647868546174899980630682088078222263778193123116157654253223060284397995769624876354162764789110827025626444747198557171566566710918408671181391698515508731089069458135588100773175440572132772717561917264533224627041694562493244822499090868700947021578822637816242414584664363470271845134629009160498428565945571470041517544419354165807220905757246200655626868144224313930383365806486485948001347616788989043421420128327762276791955773243160705297937754003948649511142234193059772785444711362665787812649400006563001409080679692528744273048570858128615520911422305174760081175273912782465754161095006502591832069211800628049546625538256313445763895687375161290863166909027024121442532054337086933786984720711628409394241914441253550883848876143757721656807088179522479911526644518115403907371359373214064166409557830447110119929315194001042613493701614452097499842112537279316475281734982529588506917535903561075853747372898096695863097243278435991492654886043683540005790700278964451886879118765053682449193882089789378792707719634345124246730627556410941112947728061637039395830598624571469837753135454826775660871521288781298610168340464171097123995938481474646887939393106344751741336444797251370940170978073907489	1315267574425700017876206677067912476764586848272271465577306230832954455395493656295970459755562833079123798741617600116338182498421533015989102782942671583999286743758774408188936883333775207482631565820760948699223621984787943971090334823067739022667015497384780900657813350102565016304242677133932222252284974006566339243929583679518343287360854928706066934447307939680050649371927180560925085357306658226729698940507049979640033655515505844955631107604111494453456968581666346780292276162055304795954772566271723088724295454858043549530555930707874460478504420853015146776914257539999098736906952360075656138277902162521416150986735763560031889669094929345220490647286033787458963077405926802272618629950205431641168367597127200951946843804600932281773540906704264085397811097855645979564620423633334642187594881470529699602762510741450777203028897195325915888258435035301050487944965470506708378939881751055541548768151884044061635530064645269485262053639095186027562312934040746390074576310932861329917453137357912175325876166977794387903920298338009655693764105909015876611376514779458086920955426846072680929740438326617676209057263873915468668335364317438047527104690912667487056697635132116356299344280122944318347015361747044767030430650014734220685750045036644728467353026019248347984211308805842942396742764857169113130917111880966201613773937306081498317255477430680242093603555459675568748782359437025724324324878381039835920720912777659220388335613297530380939729284054880180107164486451040365509761450753651052466942387939643603361214375575767215907058354562906569354893068982541980232111521218999227505675336993057394398	1,-7,6,6,6,6,-6,-6,-6,-6,-6,-6	6,6,6,6,-6,-6,-6,-6,-6,-6,-6	ok
-0.670671	-12.672673	-50.424759	0.697301	continued:5	864964396167832167854405241079616018765682435021788049502938702637615201460600872782607263684669316729588615684832389719455300877534495023682390542832570399663308980908133154690748358246804228428940644308963968118599464797242839480039010844732220299579301674067803447429554589817184847731217240994083226826802550786694514300881583277931003579739538626842003112957878640048890167854828083315454734566006345393057996095270551408577411002503007378595336948017712588136233615177989577433493468371249810847926829605690588404447583247590233972486686164450237489804199229322418540636744897733546370402357425852832570911342264305070282361185055718652447151401273821516565357347176694257330503197754149646878354736735094124786143563083033922921185001462936646357311896281568124432926543073586018011831116283834455648396391562391874691114308773758629128675459441772961751539141410015107688750429162773229891353319041831481091003696118422986072942176263862036359858552778169038083381232241875697898297653365133823294820537261455097887780659392113752739029982029348469564974585640410502568850332381748174174527465552793224626510435639626755446956340086430795538214249390073757740559959135158140425769612927555350371784050031489912935107773347836347348858321348990594740058112241877228705698549731152810385962097577744275375055085067047966121888293491366576737303302968639554386184715675960185537196909081307379874422242164874429747835174385811577490093895935654007647435512015969710800155525613314786540513373846046298466446102733386217926262555238716436548116736713556446455379296929241686181840412879009011689611834572285610241833021885984731677631539917656666222659586198022267969274283972847243792710642697555222876853971217079430069727279146074258682916295666039330431992137305584708773703548946641437473717587970640276795180990194866925888120377160451105439582382598383351247389851900441652015381287969087739714439557568217264224756175284397435576324045665839029204584609082837782281000062642517144584118517282026587865789490290918393061146433414843921642703226655647868546174899980630682088078222263778193123116157654253223060284397995769624876354162764789110827025626444747198557171566566710918408671181391698515508731089069458135588100773175440572132772717561917264533224627041694562493244822499090868700947021578822637816242414584664363470271845134629009160498428565945571470041517544419354165807220905757246200655626868144224313930383365806486485948001347616788989043421420128327762276791955773243160705297937754003948649511142234193059772785444711362665787812649400006563001409080679692528744273048570858128615520911422305174760081175273912782465754161095006502591832069211800628049546625538256313445763895687375161290863166909027024121442532054337086933786984720711628409394241914441253550883848876143757721656807088179522479911526644518115403907371359373214064166409557830447110119929315194001042613493701614452097499842112537279316475281734982529588506917535903561075853747372898096695863097243278435991492654886043683540005790700278964451886879118765053682449193882089789378792707719634345124246730627556410941112947728061637039395830598624571469837753135454826775660871521288781298610168340464171097123995938481474646887939393106344751741336444797251370940170978073907489	1315267574425700017876206677067912476764586848272271465577306230832954455395493656295970459755562833079123798741617600116338182498421533015989102782942671583999286743758774408188936883333775207482631565820760948699223621984787943971090334823067739022667015497384780900657813350102565016304242677133932222252284974006566339243929583679518343287360854928706066934447307939680050649371927180560925085357306658226729698940507049979640033655515505844955631107604111494453456968581666346780292276162055304795954772566271723088724295454858043549530555930707874460478504420853015146776914257539999098736906952360075656138277902162521416150986735763560031889669094929345220490647286033787458963077405926802272618629950205431641168367597127200951946843804600932281773540906704264085397811097855645979564620423633334642187594881470529699602762510741450777203028897195325915888258435035301050487944965470506708378939881751055541548768151884044061635530064645269485262053639095186027562312934040746390074576310932861329917453137357912175325876166977794387903920298338009655693764105909015876611376514779458086920955426846072680929740438326617676209057263873915468668335364317438047527104690912667487056697635132116356299344280122944318347015361747044767030430650014734220685750045036644728467353026019248347984211308805842942396742764857169113130917111880966201613773937306081498317255477430680242093603555459675568748782359437025724324324878381039835920720912777659220388335613297530380939729284054880180107164486451040365509761450753651052466942387939643603361214375575767215907058354562906569354893068982541980232111521218999227505675336993057394398	1,-7,6,6,6,6,-6,-6,-6,-6,-6,-6	6,6,6,6,-6,-6,-6,-6,-6,-6,-6	ok
-0.666667	-12.672673	-50.871339	0.694507	continued:5	864964396167832167854405241079616018765682435021769838401814865060318629451230968447382618490633185883935148644394092191368666446789206683380687440739156451893150465996750748614594342722296544062396287531238688258176257538350625178006062389938772909899330494041778848193357622609823671746171817052906971368809763792190283485004975902216138186025900353782432665960145280021703434746885261149904881351276439373019908228476973278721507135471510255586975513914003559195524734129739041122810290015273582851708489615186551603409279922814821264727787464721669138135441872518365363064071218766706217625937537078813159625664638414496387560921049381555958433851828649061553700401229111752444264768319856734892551302011049518724979798845473336806327545701039298838220136276274010276414215461402019818601915172993063615230255577150275973869011101029981422261677472471952016227635529948325397617383567728331498799091970524563605221911247955849896988348866241531053132350131888291879378904574947998467911267052583763070535150624177705630928766444654153020996683238579711113990991427461311605729993388526973057179789192098739437110948390409928160609293058585534727006326649568730359022177614203398161632241833876631069469580307168124405206256842077972723254007541685174890660584008813122861076423783709361405590104687920789451065009077356394294698957334075017524299808700181562988573300822325286307588669675197018417603116354347485791456455134757568756358588338856624230688228096594939802568210321786807643109312794006059521602470556192530527981884384970994861366953300761838427492809805751715581849146297555036391385592842987781701486065971643694246335049174553512504666871909464575233513322749460245563769150081891585753122525942183931629879915636381164347716951610931882668865435569433098504759198032534794944811565479642217159407998999602103750969175366960967100301419962737712863999198223781142197034132028664811692167365069874129255472611759200215986550083344826708923736161515453836484272382660591639750625177316555039669607427219321088437124574544985776115239606277084509501183435340569919104109240875529984412604714170217748093203519757857434177537151704791757440926004157908947522694259028370475601898877344855650004732634966409875837400022471595226921887079464533290243342706386476582574296061275557352565867971078177963458098400223816016941987123678847295639709870951953898916343269888582715941119547827715502398172999551120858122526857627703179084364267381911703789756555895579580664981287271907264829617153513863631568586575867613820284103394930383958198040157587599091056454565868841809272294105405697038056326473469071662267164527157029512585152418303882333817495233151261417016163724091640030927134436377332263178564516931479728978919461003073961391303537404738338191408986390544263444208406015441381956579341714740439381306707146147378390498279156873239746148271006026887023087955227880751879693101736192007454383736590667404865239667593310925252140901403741529313225737982194244258385384662362235936287485385877390046182109886633380572273047272491468764300291618838640701009539915288381170380495834627245784534030646213995777813466287933023349743877807294936089911585132862063286436182815173577795918621344223878017207886776578115767126896643583707714844525691748161771599	1315267574425700017876206677067912476764586848272271465577306230832954455395493656295970459755562833079123798741617600116338182498421533015989102782942671583999286743758774408188936883333775207482631565820760948699223621984787943971090334823067739022667015497384780900657813350102565016304242677133932222252284974006566339243929583679518343287360854928706066934447307939680050649371927180560925085357306658226729698940507049979640033655515505844955631107604111494453456968581666346780292276162055304795954772566271723088724295454858043549530555930707874460478504420853015146776914257539999098736906952360075656138277902162521416150986735763560031889669094929345220490647286033787458963077405926802272618629950205431641168367597127200951946843804600932281773540906704264085397811097855645979564620423633334642187594881470529699602762510741450777203028897195325915888258435035301050487944965470506708378939881751055541548768151884044061635530064645269485262053639095186027562312934040746390074576310932861329917453137357912175325876166977794387903920298338009655693764105909015876611376514779458086920955426846072680929740438326617676209057263873915468668335364317438047527104690912667487056697635132116356299344280122944318347015361747044767030430650014734220685750045036644728467353026019248347984211308805842942396742764857169113130917111880966201613773937306081498317255477430680242093603555459675568748782359437025724324324878381039835920720912777659220388335613297530380939729284054880180107164486451040365509761450753651052466942387939643603361214375575767215907058354562906569354893068982541980232111521218999227505675336993057394398	1,6,6,6,6,-6,-6,-6,-6,-6,-6,-6	6,6,6,6,-6,-6,-6,-6,-6,-6,-6	ok
-0.662663	-12.672673	-51.241445	0.691714	continued:5	864964396167832167854405241079616018765682435021769838401814865060318629451230968447382618490633185883935148644394092191368666446789206683380687440739156451893150465996750748614594342722296544062396287531238688258176257538350625178006062389938772909899330494041778848193357622609823671746171817052906971368809763792190283485004975902216138186025900353782432665960145280021703434746885261149904881351276439373019908228476973278721507135471510255586975513914003559195524734129739041122810290015273582851708489615186551603409279922814821264727787464721669138135441872518365363064071218766706217625937537078813159625664638414496387560921049381555958433851828649061553700401229111752444264768319856734892551302011049518724979798845473336806327545701039298838220136276274010276414215461402019818601915172993063615230255577150275973869011101029981422261677472471952016227635529948325397617383567728331498799091970524563605221911247955849896988348866241531053132350131888291879378904574947998467911267052583763070535150624177705630928766444654153020996683238579711113990991427461311605729993388526973057179789192098739437110948390409928160609293058585534727006326649568730359022177614203398161632241833876631069469580307168124405206256842077972723254007541685174890660584008813122861076423783709361405590104687920789451065009077356394294698957334075017524299808700181562988573300822325286307588669675197018417603116354347485791456455134757568756358588338856624230688228096594939802568210321786807643109312794006059521602470556192530527981884384970994861366953300761838427492809805751715581849146297555036391385592842987781701486065971643694246335049174553512504666871909464575233513322749460245563769150081891585753122525942183931629879915636381164347716951610931882668865435569433098504759198032534794944811565479642217159407998999602103750969175366960967100301419962737712863999198223781142197034132028664811692167365069874129255472611759200215986550083344826708923736161515453836484272382660591639750625177316555039669607427219321088437124574544985776115239606277084509501183435340569919104109240875529984412604714170217748093203519757857434177537151704791757440926004157908947522694259028370475601898877344855650004732634966409875837400022471595226921887079464533290243342706386476582574296061275557352565867971078177963458098400223816016941987123678847295639709870951953898916343269888582715941119547827715502398172999551120858122526857627703179084364267381911703789756555895579580664981287271907264829617153513863631568586575867613820284103394930383958198040157587599091056454565868841809272294105405697038056326473469071662267164527157029512585152418303882333817495233151261417016163724091640030927134436377332263178564516931479728978919461003073961391303537404738338191408986390544263444208406015441381956579341714740439381306707146147378390498279156873239746148271006026887023087955227880751879693101736192007454383736590667404865239667593310925252140901403741529313225737982194244258385384662362235936287485385877390046182109886633380572273047272491468764300291618838640701009539915288381170380495834627245784534030646213995777813466287933023349743877807294936089911585132862063286436182815173577795918621344223878017207886776578115767126896643583707714844525691748161771599	1315267574425700017876206677067912476764586848272271465577306230832954455395493656295970459755562833079123798741617600116338182498421533015989102782942671583999286743758774408188936883333775207482631565820760948699223621984787943971090334823067739022667015497384780900657813350102565016304242677133932222252284974006566339243929583679518343287360854928706066934447307939680050649371927180560925085357306658226729698940507049979640033655515505844955631107604111494453456968581666346780292276162055304795954772566271723088724295454858043549530555930707874460478504420853015146776914257539999098736906952360075656138277902162521416150986735763560031889669094929345220490647286033787458963077405926802272618629950205431641168367597127200951946843804600932281773540906704264085397811097855645979564620423633334642187594881470529699602762510741450777203028897195325915888258435035301050487944965470506708378939881751055541548768151884044061635530064645269485262053639095186027562312934040746390074576310932861329917453137357912175325876166977794387903920298338009655693764105909015876611376514779458086920955426846072680929740438326617676209057263873915468668335364317438047527104690912667487056697635132116356299344280122944318347015361747044767030430650014734220685750045036644728467353026019248347984211308805842942396742764857169113130917111880966201613773937306081498317255477430680242093603555459675568748782359437025724324324878381039835920720912777659220388335613297530380939729284054880180107164486451040365509761450753651052466942387939643603361214375575767215907058354562906569354893068982541980232111521218999227505675336993057394398	1,6,6,6,6,-6,-6,-6,-6,-6,-6,-6	6,6,6,6,-6,-6,-6,-6,-6,-6,-6	ok
-0.658659	-12.672673	-51.547142	0.691340	continued:5	864964396167832167854405241079616018765682435021769838401814865060318629451230968447382618490633185883935148644394092191368666446789206683380687440739156451893150465996750748614594342722296544062396287531238688258176257538350625178006062389938772909899330494041778848193357622609823671746171817052906971368809763792190283485004975902216138186025900353782432665960145280021703434746885261149904881351276439373019908228476973278721507135471510255586975513914003559195524734129739041122810290015273582851708489615186551603409279922814821264727787464721669138135441872518365363064071218766706217625937537078813159625664638414496387560921049381555958433851828649061553700401229111752444264768319856734892551302011049518724979798845473336806327545701039298838220136276274010276414215461402019818601915172993063615230255577150275973869011101029981422261677472471952016227635529948325397617383567728331498799091970524563605221911247955849896988348866241531053132350131888291879378904574947998467911267052583763070535150624177705630928766444654153020996683238579711113990991427461311605729993388526973057179789192098739437110948390409928160609293058585534727006326649568730359022177614203398161632241833876631069469580307168124405206256842077972723254007541685174890660584008813122861076423783709361405590104687920789451065009077356394294698957334075017524299808700181562988573300822325286307588669675197018417603116354347485791456455134757568756358588338856624230688228096594939802568210321786807643109312794006059521602470556192530527981884384970994861366953300761838427492809805751715581849146297555036391385592842987781701486065971643694246333733906979086804648995702787507321036558162611973292303572775660752798667130448527635659420160073548085223918209993331766330682937147900082515656415089863210945524821720867808970471115665826896268337609546200018401077797977949768892908863400713403174367116531280030791509551719771564239168369082066283764297798370820142584492231931774318140985021805662933683690730008615359618958055292140527512039217238327549385540665770034529861149779825064074148478133271418489959147745588551401312911243595802129381582379138520034352201708703050903973163703097662601141420372924002634857955720708869876738663115519235151265748801562370768827191719650713022542406392180628007345377323792144175999135322817889214669368493728641863998541503354826697964396426083981783659346006921011238312775188453265212142962237204069844442176672500441174090153793384838129887778258374711938913728895078828330518098630902143313575724455048632902656491389435715046994819035804196539787032051766601852028764160535030915877089950846096651255234965166524421642169356984283622628259803793302021271440672271423247301953140416700270891998505576227888710373796966411720515199929126670347975540070651123943909052237023827771894250009511015262034198934876750295427801255644279842256057524577866017659007351691155362725916383564648156517255456284505082309744158638884360200094820870313278056771610725056154437970229908446709804088506331173705003524264913054443039975966740457600865088819002510721949992160221329715403594301362159115597706301801481982984234116356541285037444642744922419683074968439597810580011562989660971447852993707595573786894785122364708487338850354755104377199	1315267574425700017876206677067912476764586848272271465577306230832954455395493656295970459755562833079123798741617600116338182498421533015989102782942671583999286743758774408188936883333775207482631565820760948699223621984787943971090334823067739022667015497384780900657813350102565016304242677133932222252284974006566339243929583679518343287360854928706066934447307939680050649371927180560925085357306658226729698940507049979640033655515505844955631107604111494453456968581666346780292276162055304795954772566271723088724295454858043549530555930707874460478504420853015146776914257539999098736906952360075656138277902162521416150986735763560031889669094929345220490647286033787458963077405926802272618629950205431641168367597127200951946843804600932281773540906704264085397811097855645979564620423633334642187594881470529699602762510741450777203028897195325915888258435035301050487944965470506708378939881751055541548768151884044061635530064645269485262053639095186027562312934040746390074576310932861329917453137357912175325876166977794387903920298338009655693764105909015876611376514779458086920955426846072680929740438326617676209057263873915468668335364317438047527104690912667487056697635132116356299344280122944318347015361747044767030430650014734220685750045036644728467353026019248347984211308805842942396742764857169113130917111880966201613773937306081498317255477430680242093603555459675568748782359437025724324324878381039835920720912777659220388335613297530380939729284054880180107164486451040365509761450753651052466942387939643603361214375575767215907058354562906569354893068982541980232111521218999227505675336993057394398	-1,6,6,6,6,-6,-6,-6,-6,-6,-6,-6	6,6,6,6,-6,-6,-6,-6,-6,-6,-6	ok
-0.654655	-12.672673	-51.779587	0.694134	full	864964396167832167854405241079616018765682435021769838401814865060318629451230968447382618490633185883935148644394092191368666446789206683380687440739156451893150465996750748614594342722296544062396287531238688258176257538350625178006062389938772909899330494041778848193357622609823671746171817052906971368809763792190283485004975902216138186025900353782432665960145280021703434746885261149904881351276439373019908228476973278721507135471510255586975513914003559195524734129739041122810290015273582851708489615186551603409279922814821264727787464721669138135441872518365363064071218766706217625937537078813159625664638414496387560921049381555958433851828649061553700401229111752444264768319856734892551302011049518724979798845473336806327545701039298838220136276274010276414215461402019818601915172993063615230255577150275973869011101029981422261677472471952016227635529948325397617383567728331498799091970524563605221911247955849896988348866241531053132350131888291879378904574947998467911267052583763070535150624177705630928766444654153020996683238579711113990991427461311605729993388526973057179789192098739437110948390409928160609293058585534727006326649568730359022177614203398161632241833876631069469580307168124405206256842077972723254007541685174890660584008813122861076423783709361405590104687920789451065009077356394294698957334075017524299808700181562988573300822325286307588669675197018417603116354347485791456455134757568756358588338856624230688228096594939802568210321786807643109312794006059521602470556192530527981884384970994861366953300761838427492809805751715581849146297555036391385592842987781701486065971643694246333733906979086804648995702787507321036558162611973292303572775660752798667130448527635659420160073548085223918209993331766330682937147900082515656415089863210945524821720867808970471115665826896268337609546200018401077797977949768892908863400713403174367116531280030791509551719771564239168369082066283764297798370820142584492231931774318140985021805662933683690730008615359618958055292140527512039217238327549385540665770034529861149779825064074148478133271418489959147745588551401312911243595802129381582379138520034352201708703050903973163703097662601141420372924002634857955720708869876738663115519235151265748801562370768827191719650713022542406392180628007345377323792144175999135322817889214669368493728641863998541503354826697964396426083981783659346006921011238312775188453265212142962237204069844442176672500441174090153793384838129887778258374711938913728895078828330518098630902143313575724455048632902656491389435715046994819035804196539787032051766601852028764160535030915877089950846096651255234965166524421642169356984283622628259803793302021271440672271423247301953140416700270891998505576227888710373796966411720515199929126670347975540070651123943909052237023827771894250009511015262034198934876750295427801255644279842256057524577866017659007351691155362725916383564648156517255456284505082309744158638884360200094820870313278056771610725056154437970229908446709804088506331173705003524264913054443039975966740457600865088819002510721949992160221329715403594301362159115597706301801481982984234116356541285037444642744922419683074968439597810580011562989660971447852993707595573786894785122364708487338850354755104377199	1315267574425700017876206677067912476764586848272271465577306230832954455395493656295970459755562833079123798741617600116338182498421533015989102782942671583999286743758774408188936883333775207482631565820760948699223621984787943971090334823067739022667015497384780900657813350102565016304242677133932222252284974006566339243929583679518343287360854928706066934447307939680050649371927180560925085357306658226729698940507049979640033655515505844955631107604111494453456968581666346780292276162055304795954772566271723088724295454858043549530555930707874460478504420853015146776914257539999098736906952360075656138277902162521416150986735763560031889669094929345220490647286033787458963077405926802272618629950205431641168367597127200951946843804600932281773540906704264085397811097855645979564620423633334642187594881470529699602762510741450777203028897195325915888258435035301050487944965470506708378939881751055541548768151884044061635530064645269485262053639095186027562312934040746390074576310932861329917453137357912175325876166977794387903920298338009655693764105909015876611376514779458086920955426846072680929740438326617676209057263873915468668335364317438047527104690912667487056697635132116356299344280122944318347015361747044767030430650014734220685750045036644728467353026019248347984211308805842942396742764857169113130917111880966201613773937306081498317255477430680242093603555459675568748782359437025724324324878381039835920720912777659220388335613297530380939729284054880180107164486451040365509761450753651052466942387939643603361214375575767215907058354562906569354893068982541980232111521218999227505675336993057394398	-1,6,6,6,6,-6,-6,-6,-6,-6,-6,-6	6,6,6,6,-6,-6,-6,-6,-6,-6,-6	ok
-0.650651	-12.672673	-43.574286	0.703340	continued:5	864964396167832167854405241079616018765682435021788049502938702637615201460600872782607263684669316729588615684832389719455300877534495023682390542832570399663308980908133154690748358246804228428940644308963968118599464797242839480039010844732220299579301674067803447429554589817184847731217240994083226826802550786694514300881583277931003579739538626842003112957878640048890167854828083315454734566006345393057996095270551408577411002503007378595336948017712588136233615177989577433493468371249810847926829605690588404447583247590233972486686164450237489804199229322418540636744897733546370402357425852832570911342264305070282361185055718652447151401273821516565357347176694257330503197754149646878354736735094124786143563083033922921185001462936646357311896281568124432926543073586018011831116283834455648396391562391874691114308773758629128675459441772961751539141410015107688750429162773229891353319041831481091003696118422986072942176263862036359858552778169038083381232241875697898297653365133823294820537261455097887780659392113752739029982029348469564974585640410502568850332381748174174527465552793224626510435639626755446956340086430795538214249390073757740559959135158140425769612927555350371784050031489912935107773347836347348858321348990594740058112241877228705698549731152810385962097577744275375055085067047966121888293491366576737303302968639554386184715675960185537196909081307379874422242164874429747835174385811577490093895935654007647435512015969710800155525613314786540513373846046298466446102733386217926262555238716436548116736713556446455379296929241686181840412879009011689611834572285610241833021885984731677630224650082240522641709991345200056797519385998971507399136640446992271439062900179341574397092390807190306954488889175444544311346308471140636551020808176795387573802163936443046999418555253890154761139179315228296964640655189909877613842057182876486142501815527079215039080131753166372556026048382632768965532016831584483596084843513844758990000742612839570945382273012376449768603498848225668639201056632598338875612350720223195275250639701755964007123648163101681019517072828288176699452345337560267256790284742298054404255913758012641695429594097798292902394224522028863589826920799750367629306773803037365895959666865676022188936575135354694883477204364569004828711524813184640906338853658252394610864011451522847481781439988701582907969609895039163255979672483226916406745748655467682916395362760709740657306124891870265926818051919605061744032222841272736765819724623616848264047676119182396136853991397299658319328241964088063215953325004285374406801990315969782061938095830295383681852042411278238541327831805047775954738579699498654563742665167141407083194756599200888977425483296569899515593765154450149343901879298678422932656381262499851673884347243864129917619321248722142097042940064129892745952912133604132242252419374119825212517162845289123456003235845793496718401450238738473839154013278116261231111863006954722739268506062769668958915413979511690020952626351777985768575045383743220838784922412348934276825065361457025884582853287778858671471208085884212940072706038698512282431996527189493653087402516054716368102515188563280472748821326256636964029162529137548530633534680687656766864064274655992955453233260316733029	1315267574425700017876206677067912476764586848272271465577306230832954455395493656295970459755562833079123798741617600116338182498421533015989102782942671583999286743758774408188936883333775207482631565820760948699223621984787943971090334823067739022667015497384780900657813350102565016304242677133932222252284974006566339243929583679518343287360854928706066934447307939680050649371927180560925085357306658226729698940507049979640033655515505844955631107604111494453456968581666346780292276162055304795954772566271723088724295454858043549530555930707874460478504420853015146776914257539999098736906952360075656138277902162521416150986735763560031889669094929345220490647286033787458963077405926802272618629950205431641168367597127200951946843804600932281773540906704264085397811097855645979564620423633334642187594881470529699602762510741450777203028897195325915888258435035301050487944965470506708378939881751055541548768151884044061635530064645269485262053639095186027562312934040746390074576310932861329917453137357912175325876166977794387903920298338009655693764105909015876611376514779458086920955426846072680929740438326617676209057263873915468668335364317438047527104690912667487056697635132116356299344280122944318347015361747044767030430650014734220685750045036644728467353026019248347984211308805842942396742764857169113130917111880966201613773937306081498317255477430680242093603555459675568748782359437025724324324878381039835920720912777659220388335613297530380939729284054880180107164486451040365509761450753651052466942387939643603361214375575767215907058354562906569354893068982541980232111521218999227505675336993057394398	-1,-7,6,6,6,6,-6,-6,-6,-6,-6,-6	6,6,6,6,-6,-6,-6,-6,-6,-6,-6	ok
-0.646647	-12.672673	-45.373572	0.703173	continued:5	864964396167832167854405241079616018765682435021788049502938702637615201460600872782607263684669316729588615684832389719455300877534495023682390542832570399663308980908133154690748358246804228428940644308963968118599464797242839480039010844732220299579301674067803447429554589817184847731217240994083226826802550786694514300881583277931003579739538626842003112957878640048890167854828083315454734566006345393057996095270551408577411002503007378595336948017712588136233615177989577433493468371249810847926829605690588404447583247590233972486686164450237489804199229322418540636744897733546370402357425852832570911342264305070282361185055718652447151401273821516565357347176694257330503197754149646878354736735094124786143563083033922921185001462936646357311896281568124432926543073586018011831116283834455648396391562391874691114308773758629128675459441772961751539141410015107688750429162773229891353319041831481091003696118422986072942176263862036359858552778169038083381232241875697898297653365133823294820537261455097887780659392113752739029982029348469564974585640410502568850332381748174174527465552793224626510435639626755446956340086430795538214249390073757740559959135158140425769612927555350371784050031489912935107773347836347348858321348990594740058112241877228705698549731152810385962097577744275375055085067047966121888293491366576737303302968639554386184715675960185537196909081307379874422242164874429747835174385811577490093895935654007647435512015969710800155525613314786540513373846046298466446102733386217926262555238716436548116736713556446455379296929241686181840412879009011689611834572285610241833021885984731677630224650082240522641709991345200056797519385998971507399136640446992271439062900179341574397092390807190306954488889175444544311346308471140636551020808176795387573802163936443046999418555253890154761139179315228296964640655189909877613842057182876486142501815527079215039080131753166372556026048382632768965532016831584483596084843513844758990000742612839570945382273012376449768603498848225668639201056632598338875612350720223195275250639701755964007123648163101681019517072828288176699452345337560267256790284742298054404255913758012641695429594097798292902394224522028863589826920799750367629306773803037365895959666865676022188936575135354694883477204364569004828711524813184640906338853658252394610864011451522847481781439988701582907969609895039163255979672483226916406745748655467682916395362760709740657306124891870265926818051919605061744032222841272736765819724623616848264047676119182396136853991397299658319328241964088063215953325004285374406801990315969782061938095830295383681852042411278238541327831805047775954738579699498654563742665167141407083194756599200888977425483296569899515593765154450149343901879298678422932656381262499851673884347243864129917619321248722142097042940064129892745952912133604132242252419374119825212517162845289123456003235845793496718401450238738473839154013278116261231111863006954722739268506062769668958915413979511690020952626351777985768575045383743220838784922412348934276825065361457025884582853287778858671471208085884212940072706038698512282431996527189493653087402516054716368102515188563280472748821326256636964029162529137548530633534680687656766864064274655992955453233260316733029	1315267574425700017876206677067912476764586848272271465577306230832954455395493656295970459755562833079123798741617600116338182498421533015989102782942671583999286743758774408188936883333775207482631565820760948699223621984787943971090334823067739022667015497384780900657813350102565016304242677133932222252284974006566339243929583679518343287360854928706066934447307939680050649371927180560925085357306658226729698940507049979640033655515505844955631107604111494453456968581666346780292276162055304795954772566271723088724295454858043549530555930707874460478504420853015146776914257539999098736906952360075656138277902162521416150986735763560031889669094929345220490647286033787458963077405926802272618629950205431641168367597127200951946843804600932281773540906704264085397811097855645979564620423633334642187594881470529699602762510741450777203028897195325915888258435035301050487944965470506708378939881751055541548768151884044061635530064645269485262053639095186027562312934040746390074576310932861329917453137357912175325876166977794387903920298338009655693764105909015876611376514779458086920955426846072680929740438326617676209057263873915468668335364317438047527104690912667487056697635132116356299344280122944318347015361747044767030430650014734220685750045036644728467353026019248347984211308805842942396742764857169113130917111880966201613773937306081498317255477430680242093603555459675568748782359437025724324324878381039835920720912777659220388335613297530380939729284054880180107164486451040365509761450753651052466942387939643603361214375575767215907058354562906569354893068982541980232111521218999227505675336993057394398	-1,-7,6,6,6,6,-6,-6,-6,-6,-6,-6	6,6,6,6,-6,-6,-6,-6,-6,-6,-6	ok
-0.642643	-12.672673	-46.710175	0.705967	continued:5	864964396167832167854405241079616018765682435021788049502938702637615201460600872782607263684669316729588615684832389719455300877534495023682390542832570399663308980908133154690748358246804228428940644308963968118599464797242839480039010844732220299579301674067803447429554589817184847731217240994083226826802550786694514300881583277931003579739538626842003112957878640048890167854828083315454734566006345393057996095270551408577411002503007378595336948017712588136233615177989577433493468371249810847926829605690588404447583247590233972486686164450237489804199229322418540636744897733546370402357425852832570911342264305070282361185055718652447151401273821516565357347176694257330503197754149646878354736735094124786143563083033922921185001462936646357311896281568124432926543073586018011831116283834455648396391562391874691114308773758629128675459441772961751539141410015107688750429162773229891353319041831481091003696118422986072942176263862036359858552778169038083381232241875697898297653365133823294820537261455097887780659392113752739029982029348469564974585640410502568850332381748174174527465552793224626510435639626755446956340086430795538214249390073757740559959135158140425769612927555350371784050031489912935107773347836347348858321348990594740058112241877228705698549731152810385962097577744275375055085067047966121888293491366576737303302968639554386184715675960185537196909081307379874422242164874429747835174385811577490093895935654007647435512015969710800155525613314786540513373846046298466446102733386217926262555238716436548116736713556446455379296929241686181840412879009011689611834572285610241833021885984731677628909382507814822623833784668132144320754799150699222087630583338761666024154583279253079066905635540121930992682112311558656630555311357572499398492669712153301430016357232609298817846915640854421401901198179351154346898711996468507837832213924100956903715661966418715638602695289068520355876812367829961607018367824139762607560604189907236979938842708534557772247263998165033747716706778058276131968698421275035047998045792577844375601298772829839936025032548010238922876491403353293114506694905495658159417804695485281782885382768826726219292621484678177133607057345542218448564772141365147157840372165502599019201771814087511153246108576146896522131909638269308710401470803731465570263122652141318949882888274036534465134314031831695774421675370724160704738439209207632157864629166711051902407359714932995366610902166951542810214683710882361211272489909302312826341511493229747878584210004171732500922538083236650850843834528169563430497569328878220069330932061081435508355280238285592603622909548643694616901502515089049317645090187196681077938704796026500720625617511026616663987799684112774909744998254563211754016773876645217455918520610558449796884845611584502113581835409264761714174353483741670087998452907835050420338429190409203314914396375384245869392977989972541339303058364939668361832744821249992873716808478005884402683264752641241221967730715744944050412597817512287997144300067207477225682965705932814871200936840824262390372998855923372218695685544212014939032464349335387525468162455754415836337051896654605960544158855837779646887474312049102830934329119793622414379129968268968781986792104514734539966295542559558570	1315267574425700017876206677067912476764586848272271465577306230832954455395493656295970459755562833079123798741617600116338182498421533015989102782942671583999286743758774408188936883333775207482631565820760948699223621984787943971090334823067739022667015497384780900657813350102565016304242677133932222252284974006566339243929583679518343287360854928706066934447307939680050649371927180560925085357306658226729698940507049979640033655515505844955631107604111494453456968581666346780292276162055304795954772566271723088724295454858043549530555930707874460478504420853015146776914257539999098736906952360075656138277902162521416150986735763560031889669094929345220490647286033787458963077405926802272618629950205431641168367597127200951946843804600932281773540906704264085397811097855645979564620423633334642187594881470529699602762510741450777203028897195325915888258435035301050487944965470506708378939881751055541548768151884044061635530064645269485262053639095186027562312934040746390074576310932861329917453137357912175325876166977794387903920298338009655693764105909015876611376514779458086920955426846072680929740438326617676209057263873915468668335364317438047527104690912667487056697635132116356299344280122944318347015361747044767030430650014734220685750045036644728467353026019248347984211308805842942396742764857169113130917111880966201613773937306081498317255477430680242093603555459675568748782359437025724324324878381039835920720912777659220388335613297530380939729284054880180107164486451040365509761450753651052466942387939643603361214375575767215907058354562906569354893068982541980232111521218999227505675336993057394398	0,-7,6,6,6,6,-6,-6,-6,-6,-6,-6	6,6,6,6,-6,-6,-6,-6,-6,-6,-6	ok
-0.638639	-12.672673	-47.750478	0.703173	continued:5	864964396167832167854405241079616018765682435021788049502938702637615201460600872782607263684669316729588615684832389719455300877534495023682390542832570399663308980908133154690748358246804228428940644308963968118599464797242839480039010844732220299579301674067803447429554589817184847731217240994083226826802550786694514300881583277931003579739538626842003112957878640048890167854828083315454734566006345393057996095270551408577411002503007378595336948017712588136233615177989577433493468371249810847926829605690588404447583247590233972486686164450237489804199229322418540636744897733546370402357425852832570911342264305070282361185055718652447151401273821516565357347176694257330503197754149646878354736735094124786143563083033922921185001462936646357311896281568124432926543073586018011831116283834455648396391562391874691114308773758629128675459441772961751539141410015107688750429162773229891353319041831481091003696118422986072942176263862036359858552778169038083381232241875697898297653365133823294820537261455097887780659392113752739029982029348469564974585640410502568850332381748174174527465552793224626510435639626755446956340086430795538214249390073757740559959135158140425769612927555350371784050031489912935107773347836347348858321348990594740058112241877228705698549731152810385962097577744275375055085067047966121888293491366576737303302968639554386184715675960185537196909081307379874422242164874429747835174385811577490093895935654007647435512015969710800155525613314786540513373846046298466446102733386217926262555238716436548116736713556446455379296929241686181840412879009011689611834572285610241833021885984731677628909382507814822623833784668132144320754799150699222087630583338761666024154583279253079066905635540121930992682112311558656630555311357572499398492669712153301430016357232609298817846915640854421401901198179351154346898711996468507837832213924100956903715661966418715638602695289068520355876812367829961607018367824139762607560604189907236979938842708534557772247263998165033747716706778058276131968698421275035047998045792577844375601298772829839936025032548010238922876491403353293114506694905495658159417804695485281782885382768826726219292621484678177133607057345542218448564772141365147157840372165502599019201771814087511153246108576146896522131909638269308710401470803731465570263122652141318949882888274036534465134314031831695774421675370724160704738439209207632157864629166711051902407359714932995366610902166951542810214683710882361211272489909302312826341511493229747878584210004171732500922538083236650850843834528169563430497569328878220069330932061081435508355280238285592603622909548643694616901502515089049317645090187196681077938704796026500720625617511026616663987799684112774909744998254563211754016773876645217455918520610558449796884845611584502113581835409264761714174353483741670087998452907835050420338429190409203314914396375384245869392977989972541339303058364939668361832744821249992873716808478005884402683264752641241221967730715744944050412597817512287997144300067207477225682965705932814871200936840824262390372998855923372218695685544212014939032464349335387525468162455754415836337051896654605960544158855837779646887474312049102830934329119793622414379129968268968781986792104514734539966295542559558570	1315267574425700017876206677067912476764586848272271465577306230832954455395493656295970459755562833079123798741617600116338182498421533015989102782942671583999286743758774408188936883333775207482631565820760948699223621984787943971090334823067739022667015497384780900657813350102565016304242677133932222252284974006566339243929583679518343287360854928706066934447307939680050649371927180560925085357306658226729698940507049979640033655515505844955631107604111494453456968581666346780292276162055304795954772566271723088724295454858043549530555930707874460478504420853015146776914257539999098736906952360075656138277902162521416150986735763560031889669094929345220490647286033787458963077405926802272618629950205431641168367597127200951946843804600932281773540906704264085397811097855645979564620423633334642187594881470529699602762510741450777203028897195325915888258435035301050487944965470506708378939881751055541548768151884044061635530064645269485262053639095186027562312934040746390074576310932861329917453137357912175325876166977794387903920298338009655693764105909015876611376514779458086920955426846072680929740438326617676209057263873915468668335364317438047527104690912667487056697635132116356299344280122944318347015361747044767030430650014734220685750045036644728467353026019248347984211308805842942396742764857169113130917111880966201613773937306081498317255477430680242093603555459675568748782359437025724324324878381039835920720912777659220388335613297530380939729284054880180107164486451040365509761450753651052466942387939643603361214375575767215907058354562906569354893068982541980232111521218999227505675336993057394398	0,-7,6,6,6,6,-6,-6,-6,-6,-6,-6	6,6,6,6,-6,-6,-6,-6,-6,-6,-6	ok
-0.634635	-12.672673	-48.625969	0.700380	continued:5	864964396167832167854405241079616018765682435021769838401814865060318629451230968447382618490633185883935148644394092191368666446789206683380687440739156451893150465996750748614594342722296544062396287531238688258176257538350625178006062389938772909899330494041778848193357622609823671746171817052906971368809763792190283485004975902216138186025900353782432665960145280021703434746885261149904881351276439373019908228476973278721507135471510255586975513914003559195524734129739041122810290015273582851708489615186551603409279922814821264727787464721669138135441872518365363064071218766706217625937537078813159625664638414496387560921049381555958433851828649061553700401229111752444264768319856734892551302011049518724979798845473336806327545701039298838220136276274010276414215461402019818601915172993063615230255577152409196429657087514448029627930271625764465202659797344767595324013357067912862618264185041347206025572568605692957862231822801294677709472017578861771929662992275273312065197145342245380232165866014257256335017114751926504991551325509519444743363167300470477759393354302745544646034267178872006127605318662679652404181614863624190151178017157434661772209052247070575305765507103159142338723094340367487508942484711403625981859958262366648284279523333594256641250082239222367073584767116954246573293268286849103155752114849654952563568922391728475724213327039488145971607598381285862024929167160058388910533867912443837232912194428633768990261124688565716061119934463534925898385279779354735278791222633251213089728616137695211861843061384275470970556438716012384688393020591461216344905108184709899737058726224836022191134607626182834416835555409857545781842068553769439162835133198382195576879569269601620137671547497008603425460883819154778144385561721613596576480654543285214528429460168166777168621998090000172469958411148207509828753918955717669734211482630541292707133637623921616772525849489613319974347303607115868635280826785785062466694705315869487335188101981932906589337794693279113934364210600671983235754063547910797851525899723164594789738758426796048092768571362294099294478639391496416619101091816223955830704748666028273644699799555709527885612036188206660911656764412368440253699864777567659034326129350705506267040767739146605319425156057916255056033165654832905743113411676869496410821901589876579279892585760897376184679453232646015082900163434245453342278483770922649466546881975048740109889597623185255009082234510225083654388368694804331250470158521574961873707131671986400506606665028269189249477705047056867861705411954919992468288973685586804977107082450935323692947148652524819966727775671212163849827254257936876646735795839445784897563885226234084057625978815321472070875957857813268604074083390240621091208772706961098537595424084376596924345553836063688352836299167039076882769311199976453379694780163206882863586918906204488157640911396338907461044171746499608025359918105101566883885115603723155848092526560841973066472205618719747545379812388464012603239085666644803723577279386837069050361883512790891971743466451263909310274536795860437541249247672311024421079670728386661356393448375253710075638775322395165344565636729464638129269114193089079762516820822315211130413778310001543767492116974707839633563962647916267231	1315267574425700017876206677067912476764586848272271465577306230832954455395493656295970459755562833079123798741617600116338182498421533015989102782942671583999286743758774408188936883333775207482631565820760948699223621984787943971090334823067739022667015497384780900657813350102565016304242677133932222252284974006566339243929583679518343287360854928706066934447307939680050649371927180560925085357306658226729698940507049979640033655515505844955631107604111494453456968581666346780292276162055304795954772566271723088724295454858043549530555930707874460478504420853015146776914257539999098736906952360075656138277902162521416150986735763560031889669094929345220490647286033787458963077405926802272618629950205431641168367597127200951946843804600932281773540906704264085397811097855645979564620423633334642187594881470529699602762510741450777203028897195325915888258435035301050487944965470506708378939881751055541548768151884044061635530064645269485262053639095186027562312934040746390074576310932861329917453137357912175325876166977794387903920298338009655693764105909015876611376514779458086920955426846072680929740438326617676209057263873915468668335364317438047527104690912667487056697635132116356299344280122944318347015361747044767030430650014734220685750045036644728467353026019248347984211308805842942396742764857169113130917111880966201613773937306081498317255477430680242093603555459675568748782359437025724324324878381039835920720912777659220388335613297530380939729284054880180107164486451040365509761450753651052466942387939643603361214375575767215907058354562906569354893068982541980232111521218999227505675336993057394398	0,-7,6,6,6,-6,-6,-6,-6,-6,-6,-6	6,6,6,6,-6,-6,-6,-6,-6,-6,-6	ok
-0.630631	-12.672673	-49.363035	0.697587	continued:5	864964396167832167854405241079616018765682435021769838401814865060318629451230968447382618490633185883935148644394092191368666446789206683380687440739156451893150465996750748614594342722296544062396287531238688258176257538350625178006062389938772909899330494041778848193357622609823671746171817052906971368809763792190283485004975902216138186025900353782432665960145280021703434746885261149904881351276439373019908228476973278721507135471510255586975513914003559195524734129739041122810290015273582851708489615186551603409279922814821264727787464721669138135441872518365363064071218766706217625937537078813159625664638414496387560921049381555958433851828649061553700401229111752444264768319856734892551302011049518724979798845473336806327545701039298838220136276274010276414215461402019818601915172993063615230255577152409196429657087514448029627930271625764465202659797344767595324013357067912862618264185041347206025572568605692957862231822801294677709472017578861771929662992275273312065197145342245380232165866014257256335017114751926504991551325509519444743363167300470477759393354302745544646034267178872006127605318662679652404181614863624190151178017157434661772209052247070575305765507103159142338723094340367487508942484711403625981859958262366648284279523333594256641250082239222367073584767116954246573293268286849103155752114849654952563568922391728475724213327039488145971607598381285862024929167160058388910533867912443837232912194428633768990261124688565716061119934463534925898385279779354735278791222633251213089728616137695211861843061384275470970556438716012384688393020591461216344905108184709899737058726224836022193765142775034234452587968763993370735371242250313982093989745660048104487670556582193561057182673163166851022944119019387454509382404787645574782046539886453213101916977716983155042388665640415137733090052670104908275997888531605611914881128766019338041164632393483418088152549694743352582832657874980313139850774798917740954553872674906173909909811839345040458232410572639215233108064961793833406468676864364257249406913823123874857049789438485959354983779585283006208415802724189977203653415926833547740249881209474451093290709271796626946723897603955581868665606118398733807528379857565856508140034070856818543596572064189437621398627585036318835371355513523346724407983744444414336976713443481124517152486171760658521414647487047918976587772636110016889360297179450820262169077686340699239130444889854539384271997454528267778092399182361725355575999564354742769174314035640647023736071280003635308567984643691305089327344407795266458101608455861584502685738819233680788377298096941795110766255072765350662763797501528419929190497368043708976376483564868439696117356614686001011898150764440957215762416795463648684807689838973846332116342727592565833637463216675433003851456352263410883646743508634571534558197346406722446928566939902285681850720707619671356516017707641197746614070188070106338852185417598799971995250360042066179583483736512240531359504152968968959648443707092756036665161008099837120097807171040701279696012862120814977169967500162608942111038751254099266531459043684726061299018818314685338816160900533604957175230423504337119494969719508889740887414032096374471903556891311938926137105221760949841854776628679591188	1315267574425700017876206677067912476764586848272271465577306230832954455395493656295970459755562833079123798741617600116338182498421533015989102782942671583999286743758774408188936883333775207482631565820760948699223621984787943971090334823067739022667015497384780900657813350102565016304242677133932222252284974006566339243929583679518343287360854928706066934447307939680050649371927180560925085357306658226729698940507049979640033655515505844955631107604111494453456968581666346780292276162055304795954772566271723088724295454858043549530555930707874460478504420853015146776914257539999098736906952360075656138277902162521416150986735763560031889669094929345220490647286033787458963077405926802272618629950205431641168367597127200951946843804600932281773540906704264085397811097855645979564620423633334642187594881470529699602762510741450777203028897195325915888258435035301050487944965470506708378939881751055541548768151884044061635530064645269485262053639095186027562312934040746390074576310932861329917453137357912175325876166977794387903920298338009655693764105909015876611376514779458086920955426846072680929740438326617676209057263873915468668335364317438047527104690912667487056697635132116356299344280122944318347015361747044767030430650014734220685750045036644728467353026019248347984211308805842942396742764857169113130917111880966201613773937306081498317255477430680242093603555459675568748782359437025724324324878381039835920720912777659220388335613297530380939729284054880180107164486451040365509761450753651052466942387939643603361214375575767215907058354562906569354893068982541980232111521218999227505675336993057394398	1,-7,6,6,6,-6,-6,-6,-6,-6,-6,-6	6,6,6,6,-6,-6,-6,-6,-6,-6,-6	ok
-0.626627	-12.672673	-49.981189	0.694793	continued:5	864964396167832167854405241079616018765682435021769838401814865060318629451230968447382618490633185883935148644394092191368666446789206683380687440739156451893150465996750748614594342722296544062396287531238688258176257538350625178006062389938772909899330494041778848193357622609823671746171817052906971368809763792190283485004975902216138186025900353782432665960145280021703434746885261149904881351276439373019908228476973278721507135471510255586975513914003559195524734129739041122810290015273582851708489615186551603409279922814821264727787464721669138135441872518365363064071218766706217625937537078813159625664638414496387560921049381555958433851828649061553700401229111752444264768319856734892551302011049518724979798845473336806327545701039298838220136276274010276414215461402019818601915172993063615230255577152409196429657087514448029627930271625764465202659797344767595324013357067912862618264185041347206025572568605692957862231822801294677709472017578861771929662992275273312065197145342245380232165866014257256335017114751926504991551325509519444743363167300470477759393354302745544646034267178872006127605318662679652404181614863624190151178017157434661772209052247070575305765507103159142338723094340367487508942484711403625981859958262366648284279523333594256641250082239222367073584767116954246573293268286849103155752114849654952563568922391728475724213327039488145971607598381285862024929167160058388910533867912443837232912194428633768990261124688565716061119934463534925898385279779354735278791222633251213089728616137695211861843061384275470970556438716012384688393020591461216344905108184709899737058726224836022193765142775034234452587968763993370735371242250313982093989745660048104487670556582193561057182673163166851022944119019387454509382404787645574782046539886453213101916977716983155042388665640415137733090052670104908275997888531605611914881128766019338041164632393483418088152549694743352582832657874980313139850774798917740954553872674906173909909811839345040458232410572639215233108064961793833406468676864364257249406913823123874857049789438485959354983779585283006208415802724189977203653415926833547740249881209474451093290709271796626946723897603955581868665606118398733807528379857565856508140034070856818543596572064189437621398627585036318835371355513523346724407983744444414336976713443481124517152486171760658521414647487047918976587772636110016889360297179450820262169077686340699239130444889854539384271997454528267778092399182361725355575999564354742769174314035640647023736071280003635308567984643691305089327344407795266458101608455861584502685738819233680788377298096941795110766255072765350662763797501528419929190497368043708976376483564868439696117356614686001011898150764440957215762416795463648684807689838973846332116342727592565833637463216675433003851456352263410883646743508634571534558197346406722446928566939902285681850720707619671356516017707641197746614070188070106338852185417598799971995250360042066179583483736512240531359504152968968959648443707092756036665161008099837120097807171040701279696012862120814977169967500162608942111038751254099266531459043684726061299018818314685338816160900533604957175230423504337119494969719508889740887414032096374471903556891311938926137105221760949841854776628679591188	1315267574425700017876206677067912476764586848272271465577306230832954455395493656295970459755562833079123798741617600116338182498421533015989102782942671583999286743758774408188936883333775207482631565820760948699223621984787943971090334823067739022667015497384780900657813350102565016304242677133932222252284974006566339243929583679518343287360854928706066934447307939680050649371927180560925085357306658226729698940507049979640033655515505844955631107604111494453456968581666346780292276162055304795954772566271723088724295454858043549530555930707874460478504420853015146776914257539999098736906952360075656138277902162521416150986735763560031889669094929345220490647286033787458963077405926802272618629950205431641168367597127200951946843804600932281773540906704264085397811097855645979564620423633334642187594881470529699602762510741450777203028897195325915888258435035301050487944965470506708378939881751055541548768151884044061635530064645269485262053639095186027562312934040746390074576310932861329917453137357912175325876166977794387903920298338009655693764105909015876611376514779458086920955426846072680929740438326617676209057263873915468668335364317438047527104690912667487056697635132116356299344280122944318347015361747044767030430650014734220685750045036644728467353026019248347984211308805842942396742764857169113130917111880966201613773937306081498317255477430680242093603555459675568748782359437025724324324878381039835920720912777659220388335613297530380939729284054880180107164486451040365509761450753651052466942387939643603361214375575767215907058354562906569354893068982541980232111521218999227505675336993057394398	1,-7,6,6,6,-6,-6,-6,-6,-6,-6,-6	6,6,6,6,-6,-6,-6,-6,-6,-6,-6	ok
-0.622623	-12.672673	-50.497100	0.692000	continued:5	864964396167832167854405241079616018765682435021769838401814865060318629451230968447382618490633185883935148644394092191368666446789206683380687440739156451893150465996750748614594342722296544062396287531238688258176257538350625178006062389938772909899330494041778848193357622609823671746171817052906971368809763792190283485004975902216138186025900353782432665960145280021703434746885261149904881351276439373019908228476973278721507135471510255586975513914003559195524734129739041122810290015273582851708489615186551603409279922814821264727787464721669138135441872518365363064071218766706217625937537078813159625664638414496387560921049381555958433851828649061553700401229111752444264768319856734892551302011049518724979798845473336806327545701039298838220136276274010276414215461402019818601915172993063615230255577152409196429657087514448029627930271625764465202659797344767595324013357067912862618264185041347206025572568605692957862231822801294677709472017578861771929662992275273312065197145342245380232165866014257256335017114751926504991551325509519444743363167300470477759393354302745544646034267178872006127605318662679652404181614863624190151178017157434661772209052247070575305765507103159142338723094340367487508942484711403625981859958262366648284279523333594256641250082239222367073584767116954246573293268286849103155752114849654952563568922391728475724213327039488145971607598381285862024929167160058388910533867912443837232912194428633768990261124688565716061119934463534925898385279779354735278791222633251213089728616137695211861843061384275470970556438716012384688393020591461216344905108184709899737058726224836022193765142775034234452587968763993370735371242250313982093989745660048104487670556582193561057182673163166851022944119019387454509382404787645574782046539886453213101916977716983155042388665640415137733090052670104908275997888531605611914881128766019338041164632393483418088152549694743352582832657874980313139850774798917740954553872674906173909909811839345040458232410572639215233108064961793833406468676864364257249406913823123874857049789438485959354983779585283006208415802724189977203653415926833547740249881209474451093290709271796626946723897603955581868665606118398733807528379857565856508140034070856818543596572064189437621398627585036318835371355513523346724407983744444414336976713443481124517152486171760658521414647487047918976587772636110016889360297179450820262169077686340699239130444889854539384271997454528267778092399182361725355575999564354742769174314035640647023736071280003635308567984643691305089327344407795266458101608455861584502685738819233680788377298096941795110766255072765350662763797501528419929190497368043708976376483564868439696117356614686001011898150764440957215762416795463648684807689838973846332116342727592565833637463216675433003851456352263410883646743508634571534558197346406722446928566939902285681850720707619671356516017707641197746614070188070106338852185417598799971995250360042066179583483736512240531359504152968968959648443707092756036665161008099837120097807171040701279696012862120814977169967500162608942111038751254099266531459043684726061299018818314685338816160900533604957175230423504337119494969719508889740887414032096374471903556891311938926137105221760949841854776628679591188	1315267574425700017876206677067912476764586848272271465577306230832954455395493656295970459755562833079123798741617600116338182498421533015989102782942671583999286743758774408188936883333775207482631565820760948699223621984787943971090334823067739022667015497384780900657813350102565016304242677133932222252284974006566339243929583679518343287360854928706066934447307939680050649371927180560925085357306658226729698940507049979640033655515505844955631107604111494453456968581666346780292276162055304795954772566271723088724295454858043549530555930707874460478504420853015146776914257539999098736906952360075656138277902162521416150986735763560031889669094929345220490647286033787458963077405926802272618629950205431641168367597127200951946843804600932281773540906704264085397811097855645979564620423633334642187594881470529699602762510741450777203028897195325915888258435035301050487944965470506708378939881751055541548768151884044061635530064645269485262053639095186027562312934040746390074576310932861329917453137357912175325876166977794387903920298338009655693764105909015876611376514779458086920955426846072680929740438326617676209057263873915468668335364317438047527104690912667487056697635132116356299344280122944318347015361747044767030430650014734220685750045036644728467353026019248347984211308805842942396742764857169113130917111880966201613773937306081498317255477430680242093603555459675568748782359437025724324324878381039835920720912777659220388335613297530380939729284054880180107164486451040365509761450753651052466942387939643603361214375575767215907058354562906569354893068982541980232111521218999227505675336993057394398	1,-7,6,6,6,-6,-6,-6,-6,-6,-6,-6	6,6,6,6,-6,-6,-6,-6,-6,-6,-6	ok
-0.618619	-12.672673	-50.925635	0.689206	continued:5	864964396167832167854405241079616018765682435021769838401814865060318629451230968447382618490633185883935148644394092191368666446789206683380687440739156451893150465996750748614594342722296544062396287531238688258176257538350625178006062389938772909899330494041778848193357622609823671746171817052906971368809763792190283485004975902216138186025900353782432665960145280021703434746885261149904881351276439373019908228476973278721507135471510255586975513914003559195524734129739041122810290015273582851708489615186551603409279922814821264727787464721669138135441872518365363064071218766706217625937537078813159625664638414496387560921049381555958433851828649061553700401229111752444264768319856734892551302011049518724979798845473336806327545701039298838220136276274010276414215461402019818601915172993063615230255577150275973869011101029981422261677472471952016227635529948325397617383567728331498799091970524563605221911247955849896988348866241531053132350131888291879378904574947998467911267052583763070535150624177705630928766444654153020996683238579711113990991427461311605729993388526973057179789192098739437110948390409928160609293058585534727006326649568730359022177614203398161632241833876631069469580307168124405206256842077972723254007541685174890660584008813122861076423783709361405590104687920789451065009077356394294698957334075017524299808700181562988573300822325286307588669675197018417603116354347485791456455134757568756358588338856624230688228096594939802568210321786807643109312794006059521602470556192530527981884384970994861366953300761838427492809805751715581849146297555036391385592842987781701486065971643694246335049174553512504666871909464575233513322749460245563769150081891585753122525942183931629879915636381164347716951610931882668865435569433098504759198032534794944811565479642217159407998999602103750969175366960967100301419962737712863999198223781142197034132028664811692167365069874129255472611759200215986550083344826708923736161515453836484272382660591639750625177316555039669607427219321088437124574544985776115239606277084509501183435340569919104109240875529984412604714170217748093203519757857434177537151704791757440926004157908947522694259028370475601898877344855650004732634966409875837400022471595226921887079464533290243342706386476582574296061275557352565867971078177963458098400223816016941987123678847295639709870951953898916343269888582715941119547827715502398172999551120858122526857627703179084364267381911703789756555895579580664981287271907264829617153513863631568586575867613820284103394930383958198040157587599091056454565868841809272294105405697038056326473469071662267164527157029512585152418303882333817495233151261417016163724091640030927134436377332263178564516931479728978919461003073961391303537404738338191408986390544263444208406015441381956579341714740439381306707146147378390498279156873239746148271006026887023087955227880751879693101736192007454383736590667404865239667593310925252140901403741529313225737982194244258385384662362235936287485385877390046182109886633380572273047272491468764300291618838640701009539915288381170380495834627245784534030646213995777813466287933023349743877807294936089911585132862063286436182815173577795918621344223878017207886776578115767126896643583707714844525691748161771599	1315267574425700017876206677067912476764586848272271465577306230832954455395493656295970459755562833079123798741617600116338182498421533015989102782942671583999286743758774408188936883333775207482631565820760948699223621984787943971090334823067739022667015497384780900657813350102565016304242677133932222252284974006566339243929583679518343287360854928706066934447307939680050649371927180560925085357306658226729698940507049979640033655515505844955631107604111494453456968581666346780292276162055304795954772566271723088724295454858043549530555930707874460478504420853015146776914257539999098736906952360075656138277902162521416150986735763560031889669094929345220490647286033787458963077405926802272618629950205431641168367597127200951946843804600932281773540906704264085397811097855645979564620423633334642187594881470529699602762510741450777203028897195325915888258435035301050487944965470506708378939881751055541548768151884044061635530064645269485262053639095186027562312934040746390074576310932861329917453137357912175325876166977794387903920298338009655693764105909015876611376514779458086920955426846072680929740438326617676209057263873915468668335364317438047527104690912667487056697635132116356299344280122944318347015361747044767030430650014734220685750045036644728467353026019248347984211308805842942396742764857169113130917111880966201613773937306081498317255477430680242093603555459675568748782359437025724324324878381039835920720912777659220388335613297530380939729284054880180107164486451040365509761450753651052466942387939643603361214375575767215907058354562906569354893068982541980232111521218999227505675336993057394398	1,6,6,6,6,-6,-6,-6,-6,-6,-6,-6	6,6,6,6,-6,-6,-6,-6,-6,-6,-6	ok
-0.614615	-12.672673	-51.280182	0.686413	continued:5	864964396167832167854405241079616018765682435021769838401814865060318629451230968447382618490633185883935148644394092191368666446789206683380687440739156451893150465996750748614594342722296544062396287531238688258176257538350625178006062389938772909899330494041778848193357622609823671746171817052906971368809763792190283485004975902216138186025900353782432665960145280021703434746885261149904881351276439373019908228476973278721507135471510255586975513914003559195524734129739041122810290015273582851708489615186551603409279922814821264727787464721669138135441872518365363064071218766706217625937537078813159625664638414496387560921049381555958433851828649061553700401229111752444264768319856734892551302011049518724979798845473336806327545701039298838220136276274010276414215461402019818601915172993063615230255577150275973869011101029981422261677472471952016227635529948325397617383567728331498799091970524563605221911247955849896988348866241531053132350131888291879378904574947998467911267052583763070535150624177705630928766444654153020996683238579711113990991427461311605729993388526973057179789192098739437110948390409928160609293058585534727006326649568730359022177614203398161632241833876631069469580307168124405206256842077972723254007541685174890660584008813122861076423783709361405590104687920789451065009077356394294698957334075017524299808700181562988573300822325286307588669675197018417603116354347485791456455134757568756358588338856624230688228096594939802568210321786807643109312794006059521602470556192530527981884384970994861366953300761838427492809805751715581849146297555036391385592842987781701486065971643694246333733906979086804648995702787507321036558162611973292303572775660752798667130448527635659420160073548085223918209993331766330682937147900082515656415089863210945524821720867808970471115665826896268337609546200018401077797977949768892908863400713403174367116531280030791509551719771564239168369082066283764297798370820142584492231931774318140985021805662933683690730008615359618958055292140527512039217238327549385540665770034529861149779825064074148478133271418489959147745588551401312911243595802129381582379138520034352201708703050903973163703097662601141420372924002634857955720708869876738663115519235151265748801562370768827191719650713022542406392180628007345377323792144175999135322817889214669368493728641863998541503354826697964396426083981783659346006921011238312775188453265212142962237204069844442176672500441174090153793384838129887778258374711938913728895078828330518098630902143313575724455048632902656491389435715046994819035804196539787032051766601852028764160535030915877089950846096651255234965166524421642169356984283622628259803793302021271440672271423247301953140416700270891998505576227888710373796966411720515199929126670347975540070651123943909052237023827771894250009511015262034198934876750295427801255644279842256057524577866017659007351691155362725916383564648156517255456284505082309744158638884360200094820870313278056771610725056154437970229908446709804088506331173705003524264913054443039975966740457600865088819002510721949992160221329715403594301362159115597706301801481982984234116356541285037444642744922419683074968439597810580011562989660971447852993707595573786894785122364708487338850354755104377199	1315267574425700017876206677067912476764586848272271465577306230832954455395493656295970459755562833079123798741617600116338182498421533015989102782942671583999286743758774408188936883333775207482631565820760948699223621984787943971090334823067739022667015497384780900657813350102565016304242677133932222252284974006566339243929583679518343287360854928706066934447307939680050649371927180560925085357306658226729698940507049979640033655515505844955631107604111494453456968581666346780292276162055304795954772566271723088724295454858043549530555930707874460478504420853015146776914257539999098736906952360075656138277902162521416150986735763560031889669094929345220490647286033787458963077405926802272618629950205431641168367597127200951946843804600932281773540906704264085397811097855645979564620423633334642187594881470529699602762510741450777203028897195325915888258435035301050487944965470506708378939881751055541548768151884044061635530064645269485262053639095186027562312934040746390074576310932861329917453137357912175325876166977794387903920298338009655693764105909015876611376514779458086920955426846072680929740438326617676209057263873915468668335364317438047527104690912667487056697635132116356299344280122944318347015361747044767030430650014734220685750045036644728467353026019248347984211308805842942396742764857169113130917111880966201613773937306081498317255477430680242093603555459675568748782359437025724324324878381039835920720912777659220388335613297530380939729284054880180107164486451040365509761450753651052466942387939643603361214375575767215907058354562906569354893068982541980232111521218999227505675336993057394398	-1,6,6,6,6,-6,-6,-6,-6,-6,-6,-6	6,6,6,6,-6,-6,-6,-6,-6,-6,-6	ok
-0.610611	-12.672673	-51.572814	0.689206	continued:5	864964396167832167854405241079616018765682435021769838401814865060318629451230968447382618490633185883935148644394092191368666446789206683380687440739156451893150465996750748614594342722296544062396287531238688258176257538350625178006062389938772909899330494041778848193357622609823671746171817052906971368809763792190283485004975902216138186025900353782432665960145280021703434746885261149904881351276439373019908228476973278721507135471510255586975513914003559195524734129739041122810290015273582851708489615186551603409279922814821264727787464721669138135441872518365363064071218766706217625937537078813159625664638414496387560921049381555958433851828649061553700401229111752444264768319856734892551302011049518724979798845473336806327545701039298838220136276274010276414215461402019818601915172993063615230255577150275973869011101029981422261677472471952016227635529948325397617383567728331498799091970524563605221911247955849896988348866241531053132350131888291879378904574947998467911267052583763070535150624177705630928766444654153020996683238579711113990991427461311605729993388526973057179789192098739437110948390409928160609293058585534727006326649568730359022177614203398161632241833876631069469580307168124405206256842077972723254007541685174890660584008813122861076423783709361405590104687920789451065009077356394294698957334075017524299808700181562988573300822325286307588669675197018417603116354347485791456455134757568756358588338856624230688228096594939802568210321786807643109312794006059521602470556192530527981884384970994861366953300761838427492809805751715581849146297555036391385592842987781701486065971643694246333733906979086804648995702787507321036558162611973292303572775660752798667130448527635659420160073548085223918209993331766330682937147900082515656415089863210945524821720867808970471115665826896268337609546200018401077797977949768892908863400713403174367116531280030791509551719771564239168369082066283764297798370820142584492231931774318140985021805662933683690730008615359618958055292140527512039217238327549385540665770034529861149779825064074148478133271418489959147745588551401312911243595802129381582379138520034352201708703050903973163703097662601141420372924002634857955720708869876738663115519235151265748801562370768827191719650713022542406392180628007345377323792144175999135322817889214669368493728641863998541503354826697964396426083981783659346006921011238312775188453265212142962237204069844442176672500441174090153793384838129887778258374711938913728895078828330518098630902143313575724455048632902656491389435715046994819035804196539787032051766601852028764160535030915877089950846096651255234965166524421642169356984283622628259803793302021271440672271423247301953140416700270891998505576227888710373796966411720515199929126670347975540070651123943909052237023827771894250009511015262034198934876750295427801255644279842256057524577866017659007351691155362725916383564648156517255456284505082309744158638884360200094820870313278056771610725056154437970229908446709804088506331173705003524264913054443039975966740457600865088819002510721949992160221329715403594301362159115597706301801481982984234116356541285037444642744922419683074968439597810580011562989660971447852993707595573786894785122364708487338850354755104377199	1315267574425700017876206677067912476764586848272271465577306230832954455395493656295970459755562833079123798741617600116338182498421533015989102782942671583999286743758774408188936883333775207482631565820760948699223621984787943971090334823067739022667015497384780900657813350102565016304242677133932222252284974006566339243929583679518343287360854928706066934447307939680050649371927180560925085357306658226729698940507049979640033655515505844955631107604111494453456968581666346780292276162055304795954772566271723088724295454858043549530555930707874460478504420853015146776914257539999098736906952360075656138277902162521416150986735763560031889669094929345220490647286033787458963077405926802272618629950205431641168367597127200951946843804600932281773540906704264085397811097855645979564620423633334642187594881470529699602762510741450777203028897195325915888258435035301050487944965470506708378939881751055541548768151884044061635530064645269485262053639095186027562312934040746390074576310932861329917453137357912175325876166977794387903920298338009655693764105909015876611376514779458086920955426846072680929740438326617676209057263873915468668335364317438047527104690912667487056697635132116356299344280122944318347015361747044767030430650014734220685750045036644728467353026019248347984211308805842942396742764857169113130917111880966201613773937306081498317255477430680242093603555459675568748782359437025724324324878381039835920720912777659220388335613297530380939729284054880180107164486451040365509761450753651052466942387939643603361214375575767215907058354562906569354893068982541980232111521218999227505675336993057394398	-1,6,6,6,6,-6,-6,-6,-6,-6,-6,-6	6,6,6,6,-6,-6,-6,-6,-6,-6,-6	ok
-0.606607	-12.672673	-51.768425	0.692000	full	864964396167832167854405241079616018765682435021769838401814865060318629451230968447382618490633185883935148644394092191368666446789206683380687440739156451893150465996750748614594342722296544062396287531238688258176257538350625178006062389938772909899330494041778848193357622609823671746171817052906971368809763792190283485004975902216138186025900353782432665960145280021703434746885261149904881351276439373019908228476973278721507135471510255586975513914003559195524734129739041122810290015273582851708489615186551603409279922814821264727787464721669138135441872518365363064071218766706217625937537078813159625664638414496387560921049381555958433851828649061553700401229111752444264768319856734892551302011049518724979798845473336806327545701039298838220136276274010276414215461402019818601915172993063615230255577150275973869011101029981422261677472471952016227635529948325397617383567728331498799091970524563605221911247955849896988348866241531053132350131888291879378904574947998467911267052583763070535150624177705630928766444654153020996683238579711113990991427461311605729993388526973057179789192098739437110948390409928160609293058585534727006326649568730359022177614203398161632241833876631069469580307168124405206256842077972723254007541685174890660584008813122861076423783709361405590104687920789451065009077356394294698957334075017524299808700181562988573300822325286307588669675197018417603116354347485791456455134757568756358588338856624230688228096594939802568210321786807643109312794006059521602470556192530527981884384970994861366953300761838427492809805751715581849146297555036391385592842987781701486065971643694246333733906979086804648995702787507321036558162611973292303572775660752798667130448527635659420160073548085223918209993331766330682937147900082515656415089863210945524821720867808970471115665826896268337609546200018401077797977949768892908863400713403174367116531280030791509551719771564239168369082066283764297798370820142584492231931774318140985021805662933683690730008615359618958055292140527512039217238327549385540665770034529861149779825064074148478133271418489959147745588551401312911243595802129381582379138520034352201708703050903973163703097662601141420372924002634857955720708869876738663115519235151265748801562370768827191719650713022542406392180628007345377323792144175999135322817889214669368493728641863998541503354826697964396426083981783659346006921011238312775188453265212142962237204069844442176672500441174090153793384838129887778258374711938913728895078828330518098630902143313575724455048632902656491389435715046994819035804196539787032051766601852028764160535030915877089950846096651255234965166524421642169356984283622628259803793302021271440672271423247301953140416700270891998505576227888710373796966411720515199929126670347975540070651123943909052237023827771894250009511015262034198934876750295427801255644279842256057524577866017659007351691155362725916383564648156517255456284505082309744158638884360200094820870313278056771610725056154437970229908446709804088506331173705003524264913054443039975966740457600865088819002510721949992160221329715403594301362159115597706301801481982984234116356541285037444642744922419683074968439597810580011562989660971447852993707595573786894785122364708487338850354755104377199	1315267574425700017876206677067912476764586848272271465577306230832954455395493656295970459755562833079123798741617600116338182498421533015989102782942671583999286743758774408188936883333775207482631565820760948699223621984787943971090334823067739022667015497384780900657813350102565016304242677133932222252284974006566339243929583679518343287360854928706066934447307939680050649371927180560925085357306658226729698940507049979640033655515505844955631107604111494453456968581666346780292276162055304795954772566271723088724295454858043549530555930707874460478504420853015146776914257539999098736906952360075656138277902162521416150986735763560031889669094929345220490647286033787458963077405926802272618629950205431641168367597127200951946843804600932281773540906704264085397811097855645979564620423633334642187594881470529699602762510741450777203028897195325915888258435035301050487944965470506708378939881751055541548768151884044061635530064645269485262053639095186027562312934040746390074576310932861329917453137357912175325876166977794387903920298338009655693764105909015876611376514779458086920955426846072680929740438326617676209057263873915468668335364317438047527104690912667487056697635132116356299344280122944318347015361747044767030430650014734220685750045036644728467353026019248347984211308805842942396742764857169113130917111880966201613773937306081498317255477430680242093603555459675568748782359437025724324324878381039835920720912777659220388335613297530380939729284054880180107164486451040365509761450753651052466942387939643603361214375575767215907058354562906569354893068982541980232111521218999227505675336993057394398	-1,6,6,6,6,-6,-6,-6,-6,-6,-6,-6	6,6,6,6,-6,-6,-6,-6,-6,-6,-6	ok
-0.602603	-12.672673	-42.899030	0.691961	continued:5	864964396167832167854405241079616018765682435021769838401814865060318629451230968447382618490633185883935148644394092191368666446789206683380687440739156451893150465996750748614594342722296544062396287531238688258176257538350625178006062389938772909899330494041778848193357622609823671746171817052906971368809763792190283485004975902216138186025900353782432665960145280021703434746885261149904881351276439373019908228476973278721507135471510255586975513914003559195524734129739041122810290015273582851708489615186551603409279922814821264727787464721669138135441872518365363064071218766706217625937537078813159625664638414496387560921049381555958433851828649061553700401229111752444264768319856734892551302011049518724979798845473336806327545701039298838220136276274010276414215461402019818601915172993063615230255577152409196429657087514448029627930271625764465202659797344767595324013357067912862618264185041347206025572568605692957862231822801294677709472017578861771929662992275273312065197145342245380232165866014257256335017114751926504991551325509519444743363167300470477759393354302745544646034267178872006127605318662679652404181614863624190151178017157434661772209052247070575305765507103159142338723094340367487508942484711403625981859958262366648284279523333594256641250082239222367073584767116954246573293268286849103155752114849654952563568922391728475724213327039488145971607598381285862024929167160058388910533867912443837232912194428633768990261124688565716061119934463534925898385279779354735278791222633251213089728616137695211861843061384275470970556438716012384688393020591461216344905108184709899737058726224836022191134607626182834416835555409857545781842068553769439162835133198382195576879569269601620137671547497008603425460883819154778144385561721613596576480654543285214528429460168166777168621998090000172469958411148207509828753918955717669734211482630541292707133637623921616772525849489613319974347303607115868635280826785785062466694705315869487335188101981932906589337794693279113934364210600671983235754063547910797851525899723164594789738758426796048092768571362294099294478639391496416619101091816223955830704748666028273644699799555709527885612036188206660911656764412368440253699864777567659034326129350705506267040767739146605319425156057916255056033165654832905743113411676869496410821901589876579279892585760897376184679453232646015082900163434245453342278483770922649466546881975048740109889597623185255009082234510225083654388368694804331250470158521574961873707131671986400506606665028269189249477705047056867861705411954919992468288973685586804977107082450935323692947148652524819966727775671212163849827254257936876646735795839445784897563885226234084057625978815321472070875957857813268604074083390240621091208772706961098537595424084376596924345553836063688352836299167039076882769311199976453379694780163206882863586918906204488157640911396338907461044171746499608025359918105101566883885115603723155848092526560841973066472205618719747545379812388464012603239085666644803723577279386837069050361883512790891971743466451263909310274536795860437541249247672311024421079670728386661356393448375253710075638775322395165344565636729464638129269114193089079762516820822315211130413778310001543767492116974707839633563962647916267231	1315267574425700017876206677067912476764586848272271465577306230832954455395493656295970459755562833079123798741617600116338182498421533015989102782942671583999286743758774408188936883333775207482631565820760948699223621984787943971090334823067739022667015497384780900657813350102565016304242677133932222252284974006566339243929583679518343287360854928706066934447307939680050649371927180560925085357306658226729698940507049979640033655515505844955631107604111494453456968581666346780292276162055304795954772566271723088724295454858043549530555930707874460478504420853015146776914257539999098736906952360075656138277902162521416150986735763560031889669094929345220490647286033787458963077405926802272618629950205431641168367597127200951946843804600932281773540906704264085397811097855645979564620423633334642187594881470529699602762510741450777203028897195325915888258435035301050487944965470506708378939881751055541548768151884044061635530064645269485262053639095186027562312934040746390074576310932861329917453137357912175325876166977794387903920298338009655693764105909015876611376514779458086920955426846072680929740438326617676209057263873915468668335364317438047527104690912667487056697635132116356299344280122944318347015361747044767030430650014734220685750045036644728467353026019248347984211308805842942396742764857169113130917111880966201613773937306081498317255477430680242093603555459675568748782359437025724324324878381039835920720912777659220388335613297530380939729284054880180107164486451040365509761450753651052466942387939643603361214375575767215907058354562906569354893068982541980232111521218999227505675336993057394398	0,-7,6,6,6,-6,-6,-6,-6,-6,-6,-6	6,6,6,6,-6,-6,-6,-6,-6,-6,-6	ok
-0.598599	-12.672673	-45.054584	0.689167	continued:5	864964396167832167854405241079616018765682435021769838401814865060318629451230968447382618490633185883935148644394092191368666446789206683380687440739156451893150465996750748614594342722296544062396287531238688258176257538350625178006062389938772909899330494041778848193357622609823671746171817052906971368809763792190283485004975902216138186025900353782432665960145280021703434746885261149904881351276439373019908228476973278721507135471510255586975513914003559195524734129739041122810290015273582851708489615186551603409279922814821264727787464721669138135441872518365363064071218766706217625937537078813159625664638414496387560921049381555958433851828649061553700401229111752444264768319856734892551302011049518724979798845473336806327545701039298838220136276274010276414215461402019818601915172993063615230255577152409196429657087514448029627930271625764465202659797344767595324013357067912862618264185041347206025572568605692957862231822801294677709472017578861771929662992275273312065197145342245380232165866014257256335017114751926504991551325509519444743363167300470477759393354302745544646034267178872006127605318662679652404181614863624190151178017157434661772209052247070575305765507103159142338723094340367487508942484711403625981859958262366648284279523333594256641250082239222367073584767116954246573293268286849103155752114849654952563568922391728475724213327039488145971607598381285862024929167160058388910533867912443837232912194428633768990261124688565716061119934463534925898385279779354735278791222633251213089728616137695211861843061384275470970556438716012384688393020591461216344905108184709899737058726224836022192449875200608534434711762086925458258606655402041710628412439429215150032275062925897590597427110330087727224202501419271116326883983254629585679263597214869213815173218942574966105505331865207655101524231909156209052375903743661640824546305698280315374149135008702517430339199592178336278589980741048090887565800792351401710624288995387830622548956910638973523785102632959164583736137781232908321111370206137527550466406773144234823394273932641003723876175473788552751447221057843196911377253871528751785477314937751362368995254413753077416167966896081121390161185265383587030614122317566757771233081710781162405318669901668021470411891821476286945702260584178126233760697710656955373899307516678851898522535966329017353047050359846967029743968035177735115819390475186734864357979830694719674510021256519897196677115982376675716240383938583028303023079042964852321440722853813523765171368154136412279022844845374086475516378181357629463195291070724194739896410635084502240662223374733307538747015371988757256295525879732648287963146603744746936970184395551261876871667715003736541387054311127112909918250092852134888008231272967472434855883405984581378991508526369560678343877759651243883208027354305512457126488754806802655257742923053386919745816051979289408780094727070402885986994146585836611368650510660977910043888460442019623027844677615994038369658270716490781443764686868779880121220197468453085229845341915796625719739656692362143722252148011523241680143211782561843805564886035693708846233596784197707227468111464385150870433576484487624382041956298984751702117427205792801158667600656741346814611098234394737709369638297929209	1315267574425700017876206677067912476764586848272271465577306230832954455395493656295970459755562833079123798741617600116338182498421533015989102782942671583999286743758774408188936883333775207482631565820760948699223621984787943971090334823067739022667015497384780900657813350102565016304242677133932222252284974006566339243929583679518343287360854928706066934447307939680050649371927180560925085357306658226729698940507049979640033655515505844955631107604111494453456968581666346780292276162055304795954772566271723088724295454858043549530555930707874460478504420853015146776914257539999098736906952360075656138277902162521416150986735763560031889669094929345220490647286033787458963077405926802272618629950205431641168367597127200951946843804600932281773540906704264085397811097855645979564620423633334642187594881470529699602762510741450777203028897195325915888258435035301050487944965470506708378939881751055541548768151884044061635530064645269485262053639095186027562312934040746390074576310932861329917453137357912175325876166977794387903920298338009655693764105909015876611376514779458086920955426846072680929740438326617676209057263873915468668335364317438047527104690912667487056697635132116356299344280122944318347015361747044767030430650014734220685750045036644728467353026019248347984211308805842942396742764857169113130917111880966201613773937306081498317255477430680242093603555459675568748782359437025724324324878381039835920720912777659220388335613297530380939729284054880180107164486451040365509761450753651052466942387939643603361214375575767215907058354562906569354893068982541980232111521218999227505675336993057394398	-1,-7,6,6,6,-6,-6,-6,-6,-6,-6,-6	6,6,6,6,-6,-6,-6,-6,-6,-6,-6	ok
-0.594595	-12.672673	-46.584036	0.690957	continued:5	864964396167832167854405241079616018765682435021769838401814865060318629451230968447382618490633185883935148644394092191368666446789206683380687440739156451893150465996750748614594342722296544062396287531238688258176257538350625178006062389938772909899330494041778848193357622609823671746171817052906971368809763792190283485004975902216138186025900353782432665960145280021703434746885261149904881351276439373019908228476973278721507135471510255586975513914003559195524734129739041122810290015273582851708489615186551603409279922814821264727787464721669138135441872518365363064071218766706217625937537078813159625664638414496387560921049381555958433851828649061553700401229111752444264768319856734892551302011049518724979798845473336806327545701039298838220136276274010276414215461402019818601915172993063615230255577152409196429657087514448029627930271625764465202659797344767595324013357067912862618264185041347206025572568605692957862231822801294677709472017578861771929662992275273312065197145342245380232165866014257256335017114751926504991551325509519444743363167300470477759393354302745544646034267178872006127605318662679652404181614863624190151178017157434661772209052247070575305765507103159142338723094340367487508942484711403625981859958262366648284279523333594256641250082239222367073584767116954246573293268286849103155752114849654952563568922391728475724213327039488145971607598381285862024929167160058388910533867912443837232912194428633768990261124688565716061119934463534925898385279779354735278791222633251213089728616137695211861843061384275470970556438716012384688393020591461216344905108184709899737058726224836022192449875200608534434711762086925458258606655402041710628412439429215150032275062925897590597427110330087727224202501419271116326883983254629585679263597214869213815173218942574966105505331865207655101524231909156209052375903743661640824546305698280315374149135008702517430339199592178336278589980741048090887565800792351401710624288995387830622548956910638973523785102632959164583736137781232908321111370206137527550466406773144234823394273932641003723876175473788552751447221057843196911377253871528751785477314937751362368995254413753077416167966896081121390161185265383587030614122317566757771233081710781162405318669901668021470411891821476286945702260584178126233760697710656955373899307516678851898522535966329017353047050359846967029743968035177735115819390475186734864357979830694719674510021256519897196677115982376675716240383938583028303023079042964852321440722853813523765171368154136412279022844845374086475516378181357629463195291070724194739896410635084502240662223374733307538747015371988757256295525879732648287963146603744746936970184395551261876871667715003736541387054311127112909918250092852134888008231272967472434855883405984581378991508526369560678343877759651243883208027354305512457126488754806802655257742923053386919745816051979289408780094727070402885986994146585836611368650510660977910043888460442019623027844677615994038369658270716490781443764686868779880121220197468453085229845341915796625719739656692362143722252148011523241680143211782561843805564886035693708846233596784197707227468111464385150870433576484487624382041956298984751702117427205792801158667600656741346814611098234394737709369638297929209	1315267574425700017876206677067912476764586848272271465577306230832954455395493656295970459755562833079123798741617600116338182498421533015989102782942671583999286743758774408188936883333775207482631565820760948699223621984787943971090334823067739022667015497384780900657813350102565016304242677133932222252284974006566339243929583679518343287360854928706066934447307939680050649371927180560925085357306658226729698940507049979640033655515505844955631107604111494453456968581666346780292276162055304795954772566271723088724295454858043549530555930707874460478504420853015146776914257539999098736906952360075656138277902162521416150986735763560031889669094929345220490647286033787458963077405926802272618629950205431641168367597127200951946843804600932281773540906704264085397811097855645979564620423633334642187594881470529699602762510741450777203028897195325915888258435035301050487944965470506708378939881751055541548768151884044061635530064645269485262053639095186027562312934040746390074576310932861329917453137357912175325876166977794387903920298338009655693764105909015876611376514779458086920955426846072680929740438326617676209057263873915468668335364317438047527104690912667487056697635132116356299344280122944318347015361747044767030430650014734220685750045036644728467353026019248347984211308805842942396742764857169113130917111880966201613773937306081498317255477430680242093603555459675568748782359437025724324324878381039835920720912777659220388335613297530380939729284054880180107164486451040365509761450753651052466942387939643603361214375575767215907058354562906569354893068982541980232111521218999227505675336993057394398	-1,-7,6,6,6,-6,-6,-6,-6,-6,-6,-6	6,6,6,6,-6,-6,-6,-6,-6,-6,-6	ok
-0.590591	-12.672673	-47.762166	0.693751	continued:5	864964396167832167854405241079616018765682435021769838401814865060318629451230968447382618490633185883935148644394092191368666446789206683380687440739156451893150465996750748614594342722296544062396287531238688258176257538350625178006062389938772909899330494041778848193357622609823671746171817052906971368809763792190283485004975902216138186025900353782432665960145280021703434746885261149904881351276439373019908228476973278721507135471510255586975513914003559195524734129739041122810290015273582851708489615186551603409279922814821264727787464721669138135441872518365363064071218766706217625937537078813159625664638414496387560921049381555958433851828649061553700401229111752444264768319856734892551302011049518724979798845473336806327545701039298838220136276274010276414215461402019818601915172993063615230255577152409196429657087514448029627930271625764465202659797344767595324013357067912862618264185041347206025572568605692957862231822801294677709472017578861771929662992275273312065197145342245380232165866014257256335017114751926504991551325509519444743363167300470477759393354302745544646034267178872006127605318662679652404181614863624190151178017157434661772209052247070575305765507103159142338723094340367487508942484711403625981859958262366648284279523333594256641250082239222367073584767116954246573293268286849103155752114849654952563568922391728475724213327039488145971607598381285862024929167160058388910533867912443837232912194428633768990261124688565716061119934463534925898385279779354735278791222633251213089728616137695211861843061384275470970556438716012384688393020591461216344905108184709899737058726224836022191134607626182834416835555409857545781842068553769439162835133198382195576879569269601620137671547497008603425460883819154778144385561721613596576480654543285214528429460168166777168621998090000172469958411148207509828753918955717669734211482630541292707133637623921616772525849489613319974347303607115868635280826785785062466694705315869487335188101981932906589337794693279113934364210600671983235754063547910797851525899723164594789738758426796048092768571362294099294478639391496416619101091816223955830704748666028273644699799555709527885612036188206660911656764412368440253699864777567659034326129350705506267040767739146605319425156057916255056033165654832905743113411676869496410821901589876579279892585760897376184679453232646015082900163434245453342278483770922649466546881975048740109889597623185255009082234510225083654388368694804331250470158521574961873707131671986400506606665028269189249477705047056867861705411954919992468288973685586804977107082450935323692947148652524819966727775671212163849827254257936876646735795839445784897563885226234084057625978815321472070875957857813268604074083390240621091208772706961098537595424084376596924345553836063688352836299167039076882769311199976453379694780163206882863586918906204488157640911396338907461044171746499608025359918105101566883885115603723155848092526560841973066472205618719747545379812388464012603239085666644803723577279386837069050361883512790891971743466451263909310274536795860437541249247672311024421079670728386661356393448375253710075638775322395165344565636729464638129269114193089079762516820822315211130413778310001543767492116974707839633563962647916267231	1315267574425700017876206677067912476764586848272271465577306230832954455395493656295970459755562833079123798741617600116338182498421533015989102782942671583999286743758774408188936883333775207482631565820760948699223621984787943971090334823067739022667015497384780900657813350102565016304242677133932222252284974006566339243929583679518343287360854928706066934447307939680050649371927180560925085357306658226729698940507049979640033655515505844955631107604111494453456968581666346780292276162055304795954772566271723088724295454858043549530555930707874460478504420853015146776914257539999098736906952360075656138277902162521416150986735763560031889669094929345220490647286033787458963077405926802272618629950205431641168367597127200951946843804600932281773540906704264085397811097855645979564620423633334642187594881470529699602762510741450777203028897195325915888258435035301050487944965470506708378939881751055541548768151884044061635530064645269485262053639095186027562312934040746390074576310932861329917453137357912175325876166977794387903920298338009655693764105909015876611376514779458086920955426846072680929740438326617676209057263873915468668335364317438047527104690912667487056697635132116356299344280122944318347015361747044767030430650014734220685750045036644728467353026019248347984211308805842942396742764857169113130917111880966201613773937306081498317255477430680242093603555459675568748782359437025724324324878381039835920720912777659220388335613297530380939729284054880180107164486451040365509761450753651052466942387939643603361214375575767215907058354562906569354893068982541980232111521218999227505675336993057394398	0,-7,6,6,6,-6,-6,-6,-6,-6,-6,-6	6,6,6,6,-6,-6,-6,-6,-6,-6,-6	ok
-0.586587	-12.672673	-48.681388	0.690957	continued:5	864964396167832167854405241079616018765682435021769838401814865060318629451230968447382618490633185883935148644394092191368666446789206683380687440739156451893150465996750748614594342722296544062396287531238688258176257538350625178006062389938772909899330494041778848193357622609823671746171817052906971368809763792190283485004975902216138186025900353782432665960145280021703434746885261149904881351276439373019908228476973278721507135471510255586975513914003559195524734129739041122810290015273582851708489615186551603409279922814821264727787464721669138135441872518365363064071218766706217625937537078813159625664638414496387560921049381555958433851828649061553700401229111752444264768319856734892551302011049518724979798845473336806327545701039298838220136276274010276414215461402019818601915172993063615230255577152409196429657087514448029627930271625764465202659797344767595324013357067912862618264185041347206025572568605692957862231822801294677709472017578861771929662992275273312065197145342245380232165866014257256335017114751926504991551325509519444743363167300470477759393354302745544646034267178872006127605318662679652404181614863624190151178017157434661772209052247070575305765507103159142338723094340367487508942484711403625981859958262366648284279523333594256641250082239222367073584767116954246573293268286849103155752114849654952563568922391728475724213327039488145971607598381285862024929167160058388910533867912443837232912194428633768990261124688565716061119934463534925898385279779354735278791222633251213089728616137695211861843061384275470970556438716012384688393020591461216344905108184709899737058726224836022191134607626182834416835555409857545781842068553769439162835133198382195576879569269601620137671547497008603425460883819154778144385561721613596576480654543285214528429460168166777168621998090000172469958411148207509828753918955717669734211482630541292707133637623921616772525849489613319974347303607115868635280826785785062466694705315869487335188101981932906589337794693279113934364210600671983235754063547910797851525899723164594789738758426796048092768571362294099294478639391496416619101091816223955830704748666028273644699799555709527885612036188206660911656764412368440253699864777567659034326129350705506267040767739146605319425156057916255056033165654832905743113411676869496410821901589876579279892585760897376184679453232646015082900163434245453342278483770922649466546881975048740109889597623185255009082234510225083654388368694804331250470158521574961873707131671986400506606665028269189249477705047056867861705411954919992468288973685586804977107082450935323692947148652524819966727775671212163849827254257936876646735795839445784897563885226234084057625978815321472070875957857813268604074083390240621091208772706961098537595424084376596924345553836063688352836299167039076882769311199976453379694780163206882863586918906204488157640911396338907461044171746499608025359918105101566883885115603723155848092526560841973066472205618719747545379812388464012603239085666644803723577279386837069050361883512790891971743466451263909310274536795860437541249247672311024421079670728386661356393448375253710075638775322395165344565636729464638129269114193089079762516820822315211130413778310001543767492116974707839633563962647916267231	1315267574425700017876206677067912476764586848272271465577306230832954455395493656295970459755562833079123798741617600116338182498421533015989102782942671583999286743758774408188936883333775207482631565820760948699223621984787943971090334823067739022667015497384780900657813350102565016304242677133932222252284974006566339243929583679518343287360854928706066934447307939680050649371927180560925085357306658226729698940507049979640033655515505844955631107604111494453456968581666346780292276162055304795954772566271723088724295454858043549530555930707874460478504420853015146776914257539999098736906952360075656138277902162521416150986735763560031889669094929345220490647286033787458963077405926802272618629950205431641168367597127200951946843804600932281773540906704264085397811097855645979564620423633334642187594881470529699602762510741450777203028897195325915888258435035301050487944965470506708378939881751055541548768151884044061635530064645269485262053639095186027562312934040746390074576310932861329917453137357912175325876166977794387903920298338009655693764105909015876611376514779458086920955426846072680929740438326617676209057263873915468668335364317438047527104690912667487056697635132116356299344280122944318347015361747044767030430650014734220685750045036644728467353026019248347984211308805842942396742764857169113130917111880966201613773937306081498317255477430680242093603555459675568748782359437025724324324878381039835920720912777659220388335613297530380939729284054880180107164486451040365509761450753651052466942387939643603361214375575767215907058354562906569354893068982541980232111521218999227505675336993057394398	0,-7,6,6,6,-6,-6,-6,-6,-6,-6,-6	6,6,6,6,-6,-6,-6,-6,-6,-6,-6	ok
-0.582583	-12.672673	-49.448903	0.688164	continued:5	864964396167832167854405241079616018765682435021769838401814865060318629451230968447382618490633185883935148644394092191368666446789206683380687440739156451893150465996750748614594342722296544062396287531238688258176257538350625178006062389938772909899330494041778848193357622609823671746171817052906971368809763792190283485004975902216138186025900353782432665960145280021703434746885261149904881351276439373019908228476973278721507135471510255586975513914003559195524734129739041122810290015273582851708489615186551603409279922814821264727787464721669138135441872518365363064071218766706217625937537078813159625664638414496387560921049381555958433851828649061553700401229111752444264768319856734892551302011049518724979798845473336806327545701039298838220136276274010276414215461402019818601915172993063615230255577152409196429657087514448029627930271625764465202659797344767595324013357067912862618264185041347206025572568605692957862231822801294677709472017578861771929662992275273312065197145342245380232165866014257256335017114751926504991551325509519444743363167300470477759393354302745544646034267178872006127605318662679652404181614863624190151178017157434661772209052247070575305765507103159142338723094340367487508942484711403625981859958262366648284279523333594256641250082239222367073584767116954246573293268286849103155752114849654952563568922391728475724213327039488145971607598381285862024929167160058388910533867912443837232912194428633768990261124688565716061119934463534925898385279779354735278791222633251213089728616137695211861843061384275470970556438716012384688393020591461216344905108184709899737058726224836022193765142775034234452587968763993370735371242250313982093989745660048104487670556582193561057182673163166851022944119019387454509382404787645574782046539886453213101916977716983155042388665640415137733090052670104908275997888531605611914881128766019338041164632393483418088152549694743352582832657874980313139850774798917740954553872674906173909909811839345040458232410572639215233108064961793833406468676864364257249406913823123874857049789438485959354983779585283006208415802724189977203653415926833547740249881209474451093290709271796626946723897603955581868665606118398733807528379857565856508140034070856818543596572064189437621398627585036318835371355513523346724407983744444414336976713443481124517152486171760658521414647487047918976587772636110016889360297179450820262169077686340699239130444889854539384271997454528267778092399182361725355575999564354742769174314035640647023736071280003635308567984643691305089327344407795266458101608455861584502685738819233680788377298096941795110766255072765350662763797501528419929190497368043708976376483564868439696117356614686001011898150764440957215762416795463648684807689838973846332116342727592565833637463216675433003851456352263410883646743508634571534558197346406722446928566939902285681850720707619671356516017707641197746614070188070106338852185417598799971995250360042066179583483736512240531359504152968968959648443707092756036665161008099837120097807171040701279696012862120814977169967500162608942111038751254099266531459043684726061299018818314685338816160900533604957175230423504337119494969719508889740887414032096374471903556891311938926137105221760949841854776628679591188	1315267574425700017876206677067912476764586848272271465577306230832954455395493656295970459755562833079123798741617600116338182498421533015989102782942671583999286743758774408188936883333775207482631565820760948699223621984787943971090334823067739022667015497384780900657813350102565016304242677133932222252284974006566339243929583679518343287360854928706066934447307939680050649371927180560925085357306658226729698940507049979640033655515505844955631107604111494453456968581666346780292276162055304795954772566271723088724295454858043549530555930707874460478504420853015146776914257539999098736906952360075656138277902162521416150986735763560031889669094929345220490647286033787458963077405926802272618629950205431641168367597127200951946843804600932281773540906704264085397811097855645979564620423633334642187594881470529699602762510741450777203028897195325915888258435035301050487944965470506708378939881751055541548768151884044061635530064645269485262053639095186027562312934040746390074576310932861329917453137357912175325876166977794387903920298338009655693764105909015876611376514779458086920955426846072680929740438326617676209057263873915468668335364317438047527104690912667487056697635132116356299344280122944318347015361747044767030430650014734220685750045036644728467353026019248347984211308805842942396742764857169113130917111880966201613773937306081498317255477430680242093603555459675568748782359437025724324324878381039835920720912777659220388335613297530380939729284054880180107164486451040365509761450753651052466942387939643603361214375575767215907058354562906569354893068982541980232111521218999227505675336993057394398	1,-7,6,6,6,-6,-6,-6,-6,-6,-6,-6	6,6,6,6,-6,-6,-6,-6,-6,-6,-6	ok
-0.578579	-12.672673	-50.087563	0.685371	continued:5	864964396167832167854405241079616018765682435021769838401814865060318629451230968447382618490633185883935148644394092191368666446789206683380687440739156451893150465996750748614594342722296544062396287531238688258176257538350625178006062389938772909899330494041778848193357622609823671746171817052906971368809763792190283485004975902216138186025900353782432665960145280021703434746885261149904881351276439373019908228476973278721507135471510255586975513914003559195524734129739041122810290015273582851708489615186551603409279922814821264727787464721669138135441872518365363064071218766706217625937537078813159625664638414496387560921049381555958433851828649061553700401229111752444264768319856734892551302011049518724979798845473336806327545701039298838220136276274010276414215461402019818601915172993063615230255577152409196429657087514448029627930271625764465202659797344767595324013357067912862618264185041347206025572568605692957862231822801294677709472017578861771929662992275273312065197145342245380232165866014257256335017114751926504991551325509519444743363167300470477759393354302745544646034267178872006127605318662679652404181614863624190151178017157434661772209052247070575305765507103159142338723094340367487508942484711403625981859958262366648284279523333594256641250082239222367073584767116954246573293268286849103155752114849654952563568922391728475724213327039488145971607598381285862024929167160058388910533867912443837232912194428633768990261124688565716061119934463534925898385279779354735278791222633251213089728616137695211861843061384275470970556438716012384688393020591461216344905108184709899737058726224836022193765142775034234452587968763993370735371242250313982093989745660048104487670556582193561057182673163166851022944119019387454509382404787645574782046539886453213101916977716983155042388665640415137733090052670104908275997888531605611914881128766019338041164632393483418088152549694743352582832657874980313139850774798917740954553872674906173909909811839345040458232410572639215233108064961793833406468676864364257249406913823123874857049789438485959354983779585283006208415802724189977203653415926833547740249881209474451093290709271796626946723897603955581868665606118398733807528379857565856508140034070856818543596572064189437621398627585036318835371355513523346724407983744444414336976713443481124517152486171760658521414647487047918976587772636110016889360297179450820262169077686340699239130444889854539384271997454528267778092399182361725355575999564354742769174314035640647023736071280003635308567984643691305089327344407795266458101608455861584502685738819233680788377298096941795110766255072765350662763797501528419929190497368043708976376483564868439696117356614686001011898150764440957215762416795463648684807689838973846332116342727592565833637463216675433003851456352263410883646743508634571534558197346406722446928566939902285681850720707619671356516017707641197746614070188070106338852185417598799971995250360042066179583483736512240531359504152968968959648443707092756036665161008099837120097807171040701279696012862120814977169967500162608942111038751254099266531459043684726061299018818314685338816160900533604957175230423504337119494969719508889740887414032096374471903556891311938926137105221760949841854776628679591188	1315267574425700017876206677067912476764586848272271465577306230832954455395493656295970459755562833079123798741617600116338182498421533015989102782942671583999286743758774408188936883333775207482631565820760948699223621984787943971090334823067739022667015497384780900657813350102565016304242677133932222252284974006566339243929583679518343287360854928706066934447307939680050649371927180560925085357306658226729698940507049979640033655515505844955631107604111494453456968581666346780292276162055304795954772566271723088724295454858043549530555930707874460478504420853015146776914257539999098736906952360075656138277902162521416150986735763560031889669094929345220490647286033787458963077405926802272618629950205431641168367597127200951946843804600932281773540906704264085397811097855645979564620423633334642187594881470529699602762510741450777203028897195325915888258435035301050487944965470506708378939881751055541548768151884044061635530064645269485262053639095186027562312934040746390074576310932861329917453137357912175325876166977794387903920298338009655693764105909015876611376514779458086920955426846072680929740438326617676209057263873915468668335364317438047527104690912667487056697635132116356299344280122944318347015361747044767030430650014734220685750045036644728467353026019248347984211308805842942396742764857169113130917111880966201613773937306081498317255477430680242093603555459675568748782359437025724324324878381039835920720912777659220388335613297530380939729284054880180107164486451040365509761450753651052466942387939643603361214375575767215907058354562906569354893068982541980232111521218999227505675336993057394398	1,-7,6,6,6,-6,-6,-6,-6,-6,-6,-6	6,6,6,6,-6,-6,-6,-6,-6,-6,-6	ok
-0.574575	-12.672673	-50.616445	0.682577	continued:5	864964396167832167854405241079616018765682435021769838401814865060318629451230968447382618490633185883935148644394092191368666446789206683380687440739156451893150465996750748614594342722296544062396287531238688258176257538350625178006062389938772909899330494041778848193357622609823671746171817052906971368809763792190283485004975902216138186025900353782432665960145280021703434746885261149904881351276439373019908228476973278721507135471510255586975513914003559195524734129739041122810290015273582851708489615186551603409279922814821264727787464721669138135441872518365363064071218766706217625937537078813159625664638414496387560921049381555958433851828649061553700401229111752444264768319856734892551302011049518724979798845473336806327545701039298838220136276274010276414215461402019818601915172993063615230255577150275973869011101029981422261677472471952016227635529948325397617383567728331498799091970524563605221911247955849896988348866241531053132350131888291879378904574947998467911267052583763070535150624177705630928766444654153020996683238579711113990991427461311605729993388526973057179789192098739437110948390409928160609293058585534727006326649568730359022177614203398161632241833876631069469580307168124405206256842077972723254007541685174890660584008813122861076423783709361405590104687920789451065009077356394294698957334075017524299808700181562988573300822325286307588669675197018417603116354347485791456455134757568756358588338856624230688228096594939802568210321786807643109312794006059521602470556192530527981884384970994861366953300761838427492809805751715581849146297555036391385592842987781701486065971643694246335049174553512504666871909464575233513322749460245563769150081891585753122525942183931629879915636381164347716951610931882668865435569433098504759198032534794944811565479642217159407998999602103750969175366960967100301419962737712863999198223781142197034132028664811692167365069874129255472611759200215986550083344826708923736161515453836484272382660591639750625177316555039669607427219321088437124574544985776115239606277084509501183435340569919104109240875529984412604714170217748093203519757857434177537151704791757440926004157908947522694259028370475601898877344855650004732634966409875837400022471595226921887079464533290243342706386476582574296061275557352565867971078177963458098400223816016941987123678847295639709870951953898916343269888582715941119547827715502398172999551120858122526857627703179084364267381911703789756555895579580664981287271907264829617153513863631568586575867613820284103394930383958198040157587599091056454565868841809272294105405697038056326473469071662267164527157029512585152418303882333817495233151261417016163724091640030927134436377332263178564516931479728978919461003073961391303537404738338191408986390544263444208406015441381956579341714740439381306707146147378390498279156873239746148271006026887023087955227880751879693101736192007454383736590667404865239667593310925252140901403741529313225737982194244258385384662362235936287485385877390046182109886633380572273047272491468764300291618838640701009539915288381170380495834627245784534030646213995777813466287933023349743877807294936089911585132862063286436182815173577795918621344223878017207886776578115767126896643583707714844525691748161771599	1315267574425700017876206677067912476764586848272271465577306230832954455395493656295970459755562833079123798741617600116338182498421533015989102782942671583999286743758774408188936883333775207482631565820760948699223621984787943971090334823067739022667015497384780900657813350102565016304242677133932222252284974006566339243929583679518343287360854928706066934447307939680050649371927180560925085357306658226729698940507049979640033655515505844955631107604111494453456968581666346780292276162055304795954772566271723088724295454858043549530555930707874460478504420853015146776914257539999098736906952360075656138277902162521416150986735763560031889669094929345220490647286033787458963077405926802272618629950205431641168367597127200951946843804600932281773540906704264085397811097855645979564620423633334642187594881470529699602762510741450777203028897195325915888258435035301050487944965470506708378939881751055541548768151884044061635530064645269485262053639095186027562312934040746390074576310932861329917453137357912175325876166977794387903920298338009655693764105909015876611376514779458086920955426846072680929740438326617676209057263873915468668335364317438047527104690912667487056697635132116356299344280122944318347015361747044767030430650014734220685750045036644728467353026019248347984211308805842942396742764857169113130917111880966201613773937306081498317255477430680242093603555459675568748782359437025724324324878381039835920720912777659220388335613297530380939729284054880180107164486451040365509761450753651052466942387939643603361214375575767215907058354562906569354893068982541980232111521218999227505675336993057394398	1,6,6,6,6,-6,-6,-6,-6,-6,-6,-6	6,6,6,6,-6,-6,-6,-6,-6,-6,-6	ok
-0.570571	-12.672673	-51.052250	0.679784	continued:5	864964396167832167854405241079616018765682435021769838401814865060318629451230968447382618490633185883935148644394092191368666446789206683380687440739156451893150465996750748614594342722296544062396287531238688258176257538350625178006062389938772909899330494041778848193357622609823671746171817052906971368809763792190283485004975902216138186025900353782432665960145280021703434746885261149904881351276439373019908228476973278721507135471510255586975513914003559195524734129739041122810290015273582851708489615186551603409279922814821264727787464721669138135441872518365363064071218766706217625937537078813159625664638414496387560921049381555958433851828649061553700401229111752444264768319856734892551302011049518724979798845473336806327545701039298838220136276274010276414215461402019818601915172993063615230255577150275973869011101029981422261677472471952016227635529948325397617383567728331498799091970524563605221911247955849896988348866241531053132350131888291879378904574947998467911267052583763070535150624177705630928766444654153020996683238579711113990991427461311605729993388526973057179789192098739437110948390409928160609293058585534727006326649568730359022177614203398161632241833876631069469580307168124405206256842077972723254007541685174890660584008813122861076423783709361405590104687920789451065009077356394294698957334075017524299808700181562988573300822325286307588669675197018417603116354347485791456455134757568756358588338856624230688228096594939802568210321786807643109312794006059521602470556192530527981884384970994861366953300761838427492809805751715581849146297555036391385592842987781701486065971643694246335049174553512504666871909464575233513322749460245563769150081891585753122525942183931629879915636381164347716951610931882668865435569433098504759198032534794944811565479642217159407998999602103750969175366960967100301419962737712863999198223781142197034132028664811692167365069874129255472611759200215986550083344826708923736161515453836484272382660591639750625177316555039669607427219321088437124574544985776115239606277084509501183435340569919104109240875529984412604714170217748093203519757857434177537151704791757440926004157908947522694259028370475601898877344855650004732634966409875837400022471595226921887079464533290243342706386476582574296061275557352565867971078177963458098400223816016941987123678847295639709870951953898916343269888582715941119547827715502398172999551120858122526857627703179084364267381911703789756555895579580664981287271907264829617153513863631568586575867613820284103394930383958198040157587599091056454565868841809272294105405697038056326473469071662267164527157029512585152418303882333817495233151261417016163724091640030927134436377332263178564516931479728978919461003073961391303537404738338191408986390544263444208406015441381956579341714740439381306707146147378390498279156873239746148271006026887023087955227880751879693101736192007454383736590667404865239667593310925252140901403741529313225737982194244258385384662362235936287485385877390046182109886633380572273047272491468764300291618838640701009539915288381170380495834627245784534030646213995777813466287933023349743877807294936089911585132862063286436182815173577795918621344223878017207886776578115767126896643583707714844525691748161771599	1315267574425700017876206677067912476764586848272271465577306230832954455395493656295970459755562833079123798741617600116338182498421533015989102782942671583999286743758774408188936883333775207482631565820760948699223621984787943971090334823067739022667015497384780900657813350102565016304242677133932222252284974006566339243929583679518343287360854928706066934447307939680050649371927180560925085357306658226729698940507049979640033655515505844955631107604111494453456968581666346780292276162055304795954772566271723088724295454858043549530555930707874460478504420853015146776914257539999098736906952360075656138277902162521416150986735763560031889669094929345220490647286033787458963077405926802272618629950205431641168367597127200951946843804600932281773540906704264085397811097855645979564620423633334642187594881470529699602762510741450777203028897195325915888258435035301050487944965470506708378939881751055541548768151884044061635530064645269485262053639095186027562312934040746390074576310932861329917453137357912175325876166977794387903920298338009655693764105909015876611376514779458086920955426846072680929740438326617676209057263873915468668335364317438047527104690912667487056697635132116356299344280122944318347015361747044767030430650014734220685750045036644728467353026019248347984211308805842942396742764857169113130917111880966201613773937306081498317255477430680242093603555459675568748782359437025724324324878381039835920720912777659220388335613297530380939729284054880180107164486451040365509761450753651052466942387939643603361214375575767215907058354562906569354893068982541980232111521218999227505675336993057394398	1,6,6,6,6,-6,-6,-6,-6,-6,-6,-6	6,6,6,6,-6,-6,-6,-6,-6,-6,-6	ok
-0.566567	-12.672673	-51.409819	0.676991	continued:5	864964396167832167854405241079616018765682435021769838401814865060318629451230968447382618490633185883935148644394092191368666446789206683380687440739156451893150465996750748614594342722296544062396287531238688258176257538350625178006062389938772909899330494041778848193357622609823671746171817052906971368809763792190283485004975902216138186025900353782432665960145280021703434746885261149904881351276439373019908228476973278721507135471510255586975513914003559195524734129739041122810290015273582851708489615186551603409279922814821264727787464721669138135441872518365363064071218766706217625937537078813159625664638414496387560921049381555958433851828649061553700401229111752444264768319856734892551302011049518724979798845473336806327545701039298838220136276274010276414215461402019818601915172993063615230255577150275973869011101029981422261677472471952016227635529948325397617383567728331498799091970524563605221911247955849896988348866241531053132350131888291879378904574947998467911267052583763070535150624177705630928766444654153020996683238579711113990991427461311605729993388526973057179789192098739437110948390409928160609293058585534727006326649568730359022177614203398161632241833876631069469580307168124405206256842077972723254007541685174890660584008813122861076423783709361405590104687920789451065009077356394294698957334075017524299808700181562988573300822325286307588669675197018417603116354347485791456455134757568756358588338856624230688228096594939802568210321786807643109312794006059521602470556192530527981884384970994861366953300761838427492809805751715581849146297555036391385592842987781701486065971643694246335049174553512504666871909464575233513322749460245563769150081891585753122525942183931629879915636381164347716951610931882668865435569433098504759198032534794944811565479642217159407998999602103750969175366960967100301419962737712863999198223781142197034132028664811692167365069874129255472611759200215986550083344826708923736161515453836484272382660591639750625177316555039669607427219321088437124574544985776115239606277084509501183435340569919104109240875529984412604714170217748093203519757857434177537151704791757440926004157908947522694259028370475601898877344855650004732634966409875837400022471595226921887079464533290243342706386476582574296061275557352565867971078177963458098400223816016941987123678847295639709870951953898916343269888582715941119547827715502398172999551120858122526857627703179084364267381911703789756555895579580664981287271907264829617153513863631568586575867613820284103394930383958198040157587599091056454565868841809272294105405697038056326473469071662267164527157029512585152418303882333817495233151261417016163724091640030927134436377332263178564516931479728978919461003073961391303537404738338191408986390544263444208406015441381956579341714740439381306707146147378390498279156873239746148271006026887023087955227880751879693101736192007454383736590667404865239667593310925252140901403741529313225737982194244258385384662362235936287485385877390046182109886633380572273047272491468764300291618838640701009539915288381170380495834627245784534030646213995777813466287933023349743877807294936089911585132862063286436182815173577795918621344223878017207886776578115767126896643583707714844525691748161771599	1315267574425700017876206677067912476764586848272271465577306230832954455395493656295970459755562833079123798741617600116338182498421533015989102782942671583999286743758774408188936883333775207482631565820760948699223621984787943971090334823067739022667015497384780900657813350102565016304242677133932222252284974006566339243929583679518343287360854928706066934447307939680050649371927180560925085357306658226729698940507049979640033655515505844955631107604111494453456968581666346780292276162055304795954772566271723088724295454858043549530555930707874460478504420853015146776914257539999098736906952360075656138277902162521416150986735763560031889669094929345220490647286033787458963077405926802272618629950205431641168367597127200951946843804600932281773540906704264085397811097855645979564620423633334642187594881470529699602762510741450777203028897195325915888258435035301050487944965470506708378939881751055541548768151884044061635530064645269485262053639095186027562312934040746390074576310932861329917453137357912175325876166977794387903920298338009655693764105909015876611376514779458086920955426846072680929740438326617676209057263873915468668335364317438047527104690912667487056697635132116356299344280122944318347015361747044767030430650014734220685750045036644728467353026019248347984211308805842942396742764857169113130917111880966201613773937306081498317255477430680242093603555459675568748782359437025724324324878381039835920720912777659220388335613297530380939729284054880180107164486451040365509761450753651052466942387939643603361214375575767215907058354562906569354893068982541980232111521218999227505675336993057394398	1,6,6,6,6,-6,-6,-6,-6,-6,-6,-6	6,6,6,6,-6,-6,-6,-6,-6,-6,-6	ok
-0.562563	-12.672673	-51.702433	0.679784	continued:5	864964396167832167854405241079616018765682435021769838401814865060318629451230968447382618490633185883935148644394092191368666446789206683380687440739156451893150465996750748614594342722296544062396287531238688258176257538350625178006062389938772909899330494041778848193357622609823671746171817052906971368809763792190283485004975902216138186025900353782432665960145280021703434746885261149904881351276439373019908228476973278721507135471510255586975513914003559195524734129739041122810290015273582851708489615186551603409279922814821264727787464721669138135441872518365363064071218766706217625937537078813159625664638414496387560921049381555958433851828649061553700401229111752444264768319856734892551302011049518724979798845473336806327545701039298838220136276274010276414215461402019818601915172993063615230255577150275973869011101029981422261677472471952016227635529948325397617383567728331498799091970524563605221911247955849896988348866241531053132350131888291879378904574947998467911267052583763070535150624177705630928766444654153020996683238579711113990991427461311605729993388526973057179789192098739437110948390409928160609293058585534727006326649568730359022177614203398161632241833876631069469580307168124405206256842077972723254007541685174890660584008813122861076423783709361405590104687920789451065009077356394294698957334075017524299808700181562988573300822325286307588669675197018417603116354347485791456455134757568756358588338856624230688228096594939802568210321786807643109312794006059521602470556192530527981884384970994861366953300761838427492809805751715581849146297555036391385592842987781701486065971643694246333733906979086804648995702787507321036558162611973292303572775660752798667130448527635659420160073548085223918209993331766330682937147900082515656415089863210945524821720867808970471115665826896268337609546200018401077797977949768892908863400713403174367116531280030791509551719771564239168369082066283764297798370820142584492231931774318140985021805662933683690730008615359618958055292140527512039217238327549385540665770034529861149779825064074148478133271418489959147745588551401312911243595802129381582379138520034352201708703050903973163703097662601141420372924002634857955720708869876738663115519235151265748801562370768827191719650713022542406392180628007345377323792144175999135322817889214669368493728641863998541503354826697964396426083981783659346006921011238312775188453265212142962237204069844442176672500441174090153793384838129887778258374711938913728895078828330518098630902143313575724455048632902656491389435715046994819035804196539787032051766601852028764160535030915877089950846096651255234965166524421642169356984283622628259803793302021271440672271423247301953140416700270891998505576227888710373796966411720515199929126670347975540070651123943909052237023827771894250009511015262034198934876750295427801255644279842256057524577866017659007351691155362725916383564648156517255456284505082309744158638884360200094820870313278056771610725056154437970229908446709804088506331173705003524264913054443039975966740457600865088819002510721949992160221329715403594301362159115597706301801481982984234116356541285037444642744922419683074968439597810580011562989660971447852993707595573786894785122364708487338850354755104377199	1315267574425700017876206677067912476764586848272271465577306230832954455395493656295970459755562833079123798741617600116338182498421533015989102782942671583999286743758774408188936883333775207482631565820760948699223621984787943971090334823067739022667015497384780900657813350102565016304242677133932222252284974006566339243929583679518343287360854928706066934447307939680050649371927180560925085357306658226729698940507049979640033655515505844955631107604111494453456968581666346780292276162055304795954772566271723088724295454858043549530555930707874460478504420853015146776914257539999098736906952360075656138277902162521416150986735763560031889669094929345220490647286033787458963077405926802272618629950205431641168367597127200951946843804600932281773540906704264085397811097855645979564620423633334642187594881470529699602762510741450777203028897195325915888258435035301050487944965470506708378939881751055541548768151884044061635530064645269485262053639095186027562312934040746390074576310932861329917453137357912175325876166977794387903920298338009655693764105909015876611376514779458086920955426846072680929740438326617676209057263873915468668335364317438047527104690912667487056697635132116356299344280122944318347015361747044767030430650014734220685750045036644728467353026019248347984211308805842942396742764857169113130917111880966201613773937306081498317255477430680242093603555459675568748782359437025724324324878381039835920720912777659220388335613297530380939729284054880180107164486451040365509761450753651052466942387939643603361214375575767215907058354562906569354893068982541980232111521218999227505675336993057394398	-1,6,6,6,6,-6,-6,-6,-6,-6,-6,-6	6,6,6,6,-6,-6,-6,-6,-6,-6,-6	ok
-0.558559	-12.672673	-51.895477	0.682577	full	864964396167832167854405241079616018765682435021769838401814865060318629451230968447382618490633185883935148644394092191368666446789206683380687440739156451893150465996750748614594342722296544062396287531238688258176257538350625178006062389938772909899330494041778848193357622609823671746171817052906971368809763792190283485004975902216138186025900353782432665960145280021703434746885261149904881351276439373019908228476973278721507135471510255586975513914003559195524734129739041122810290015273582851708489615186551603409279922814821264727787464721669138135441872518365363064071218766706217625937537078813159625664638414496387560921049381555958433851828649061553700401229111752444264768319856734892551302011049518724979798845473336806327545701039298838220136276274010276414215461402019818601915172993063615230255577150275973869011101029981422261677472471952016227635529948325397617383567728331498799091970524563605221911247955849896988348866241531053132350131888291879378904574947998467911267052583763070535150624177705630928766444654153020996683238579711113990991427461311605729993388526973057179789192098739437110948390409928160609293058585534727006326649568730359022177614203398161632241833876631069469580307168124405206256842077972723254007541685174890660584008813122861076423783709361405590104687920789451065009077356394294698957334075017524299808700181562988573300822325286307588669675197018417603116354347485791456455134757568756358588338856624230688228096594939802568210321786807643109312794006059521602470556192530527981884384970994861366953300761838427492809805751715581849146297555036391385592842987781701486065971643694246333733906979086804648995702787507321036558162611973292303572775660752798667130448527635659420160073548085223918209993331766330682937147900082515656415089863210945524821720867808970471115665826896268337609546200018401077797977949768892908863400713403174367116531280030791509551719771564239168369082066283764297798370820142584492231931774318140985021805662933683690730008615359618958055292140527512039217238327549385540665770034529861149779825064074148478133271418489959147745588551401312911243595802129381582379138520034352201708703050903973163703097662601141420372924002634857955720708869876738663115519235151265748801562370768827191719650713022542406392180628007345377323792144175999135322817889214669368493728641863998541503354826697964396426083981783659346006921011238312775188453265212142962237204069844442176672500441174090153793384838129887778258374711938913728895078828330518098630902143313575724455048632902656491389435715046994819035804196539787032051766601852028764160535030915877089950846096651255234965166524421642169356984283622628259803793302021271440672271423247301953140416700270891998505576227888710373796966411720515199929126670347975540070651123943909052237023827771894250009511015262034198934876750295427801255644279842256057524577866017659007351691155362725916383564648156517255456284505082309744158638884360200094820870313278056771610725056154437970229908446709804088506331173705003524264913054443039975966740457600865088819002510721949992160221329715403594301362159115597706301801481982984234116356541285037444642744922419683074968439597810580011562989660971447852993707595573786894785122364708487338850354755104377199	1315267574425700017876206677067912476764586848272271465577306230832954455395493656295970459755562833079123798741617600116338182498421533015989102782942671583999286743758774408188936883333775207482631565820760948699223621984787943971090334823067739022667015497384780900657813350102565016304242677133932222252284974006566339243929583679518343287360854928706066934447307939680050649371927180560925085357306658226729698940507049979640033655515505844955631107604111494453456968581666346780292276162055304795954772566271723088724295454858043549530555930707874460478504420853015146776914257539999098736906952360075656138277902162521416150986735763560031889669094929345220490647286033787458963077405926802272618629950205431641168367597127200951946843804600932281773540906704264085397811097855645979564620423633334642187594881470529699602762510741450777203028897195325915888258435035301050487944965470506708378939881751055541548768151884044061635530064645269485262053639095186027562312934040746390074576310932861329917453137357912175325876166977794387903920298338009655693764105909015876611376514779458086920955426846072680929740438326617676209057263873915468668335364317438047527104690912667487056697635132116356299344280122944318347015361747044767030430650014734220685750045036644728467353026019248347984211308805842942396742764857169113130917111880966201613773937306081498317255477430680242093603555459675568748782359437025724324324878381039835920720912777659220388335613297530380939729284054880180107164486451040365509761450753651052466942387939643603361214375575767215907058354562906569354893068982541980232111521218999227505675336993057394398	-1,6,6,6,6,-6,-6,-6,-6,-6,-6,-6	6,6,6,6,-6,-6,-6,-6,-6,-6,-6	ok
-0.554555	-12.672673	-41.863960	0.681598	continued:5	864964396167832167854405241079616018765682435021769838401814865060318629451230968447382618490633185883935148644394092191368666446789206683380687440739156451893150465996750748614594342722296544062396287531238688258176257538350625178006062389938772909899330494041778848193357622609823671746171817052906971368809763792190283485004975902216138186025900353782432665960145280021703434746885261149904881351276439373019908228476973278721507135471510255586975513914003559195524734129739041122810290015273582851708489615186551603409279922814821264727787464721669138135441872518365363064071218766706217625937537078813159625664638414496387560921049381555958433851828649061553700401229111752444264768319856734892551302011049518724979798845473336806327545701039298838220136276274010276414215461402019818601915172993063615230255577152409196429657087514448029627930271625764465202659797344767595324013357067912862618264185041347206025572568605692957862231822801294677709472017578861771929662992275273312065197145342245380232165866014257256335017114751926504991551325509519444743363167300470477759393354302745544646034267178872006127605318662679652404181614863624190151178017157434661772209052247070575305765507103159142338723094340367487508942484711403625981859958262366648284279523333594256641250082239222367073584767116954246573293268286849103155752114849654952563568922391728475724213327039488145971607598381285862024929167160058388910533867912443837232912194428633768990261124688565716061119934463534925898385279779354735278791222633251213089728616137695211861843061384275470970556438716012384688393020591461216344905108184709899737058726224836022191134607626182834416835555409857545781842068553769439162835133198382195576879569269601620137671547497008603425460883819154778144385561721613596576480654543285214528429460168166777168621998090000172469958411148207509828753918955717669734211482630541292707133637623921616772525849489613319974347303607115868635280826785785062466694705315869487335188101981932906589337794693279113934364210600671983235754063547910797851525899723164594789738758426796048092768571362294099294478639391496416619101091816223955830704748666028273644699799555709527885612036188206660911656764412368440253699864777567659034326129350705506267040767739146605319425156057916255056033165654832905743113411676869496410821901589876579279892585760897376184679453232646015082900163434245453342278483770922649466546881975048740109889597623185255009082234510225083654388368694804331250470158521574961873707131671986400506606665028269189249477705047056867861705411954919992468288973685586804977107082450935323692947148652524819966727775671212163849827254257936876646735795839445784897563885226234084057625978815321472070875957857813268604074083390240621091208772706961098537595424084376596924345553836063688352836299167039076882769311199976453379694780163206882863586918906204488157640911396338907461044171746499608025359918105101566883885115603723155848092526560841973066472205618719747545379812388464012603239085666644803723577279386837069050361883512790891971743466451263909310274536795860437541249247672311024421079670728386661356393448375253710075638775322395165344565636729464638129269114193089079762516820822315211130413778310001543767492116974707839633563962647916267231	1315267574425700017876206677067912476764586848272271465577306230832954455395493656295970459755562833079123798741617600116338182498421533015989102782942671583999286743758774408188936883333775207482631565820760948699223621984787943971090334823067739022667015497384780900657813350102565016304242677133932222252284974006566339243929583679518343287360854928706066934447307939680050649371927180560925085357306658226729698940507049979640033655515505844955631107604111494453456968581666346780292276162055304795954772566271723088724295454858043549530555930707874460478504420853015146776914257539999098736906952360075656138277902162521416150986735763560031889669094929345220490647286033787458963077405926802272618629950205431641168367597127200951946843804600932281773540906704264085397811097855645979564620423633334642187594881470529699602762510741450777203028897195325915888258435035301050487944965470506708378939881751055541548768151884044061635530064645269485262053639095186027562312934040746390074576310932861329917453137357912175325876166977794387903920298338009655693764105909015876611376514779458086920955426846072680929740438326617676209057263873915468668335364317438047527104690912667487056697635132116356299344280122944318347015361747044767030430650014734220685750045036644728467353026019248347984211308805842942396742764857169113130917111880966201613773937306081498317255477430680242093603555459675568748782359437025724324324878381039835920720912777659220388335613297530380939729284054880180107164486451040365509761450753651052466942387939643603361214375575767215907058354562906569354893068982541980232111521218999227505675336993057394398	0,-7,6,6,6,-6,-6,-6,-6,-6,-6,-6	6,6,6,6,-6,-6,-6,-6,-6,-6,-6	ok
-0.550551	-12.672673	-44.632560	0.678804	continued:5	864964396167832167854405241079616018765682435021769838401814865060318629451230968447382618490633185883935148644394092191368666446789206683380687440739156451893150465996750748614594342722296544062396287531238688258176257538350625178006062389938772909899330494041778848193357622609823671746171817052906971368809763792190283485004975902216138186025900353782432665960145280021703434746885261149904881351276439373019908228476973278721507135471510255586975513914003559195524734129739041122810290015273582851708489615186551603409279922814821264727787464721669138135441872518365363064071218766706217625937537078813159625664638414496387560921049381555958433851828649061553700401229111752444264768319856734892551302011049518724979798845473336806327545701039298838220136276274010276414215461402019818601915172993063615230255577152409196429657087514448029627930271625764465202659797344767595324013357067912862618264185041347206025572568605692957862231822801294677709472017578861771929662992275273312065197145342245380232165866014257256335017114751926504991551325509519444743363167300470477759393354302745544646034267178872006127605318662679652404181614863624190151178017157434661772209052247070575305765507103159142338723094340367487508942484711403625981859958262366648284279523333594256641250082239222367073584767116954246573293268286849103155752114849654952563568922391728475724213327039488145971607598381285862024929167160058388910533867912443837232912194428633768990261124688565716061119934463534925898385279779354735278791222633251213089728616137695211861843061384275470970556438716012384688393020591461216344905108184709899737058726224836022193765142775034234452587968763993370735371242250313982093989745660048104487670556582193561057182673163166851022944119019387454509382404787645574782046539886453213101916977716983155042388665640415137733090052670104908275997888531605611914881128766019338041164632393483418088152549694743352582832657874980313139850774798917740954553872674906173909909811839345040458232410572639215233108064961793833406468676864364257249406913823123874857049789438485959354983779585283006208415802724189977203653415926833547740249881209474451093290709271796626946723897603955581868665606118398733807528379857565856508140034070856818543596572064189437621398627585036318835371355513523346724407983744444414336976713443481124517152486171760658521414647487047918976587772636110016889360297179450820262169077686340699239130444889854539384271997454528267778092399182361725355575999564354742769174314035640647023736071280003635308567984643691305089327344407795266458101608455861584502685738819233680788377298096941795110766255072765350662763797501528419929190497368043708976376483564868439696117356614686001011898150764440957215762416795463648684807689838973846332116342727592565833637463216675433003851456352263410883646743508634571534558197346406722446928566939902285681850720707619671356516017707641197746614070188070106338852185417598799971995250360042066179583483736512240531359504152968968959648443707092756036665161008099837120097807171040701279696012862120814977169967500162608942111038751254099266531459043684726061299018818314685338816160900533604957175230423504337119494969719508889740887414032096374471903556891311938926137105221760949841854776628679591188	1315267574425700017876206677067912476764586848272271465577306230832954455395493656295970459755562833079123798741617600116338182498421533015989102782942671583999286743758774408188936883333775207482631565820760948699223621984787943971090334823067739022667015497384780900657813350102565016304242677133932222252284974006566339243929583679518343287360854928706066934447307939680050649371927180560925085357306658226729698940507049979640033655515505844955631107604111494453456968581666346780292276162055304795954772566271723088724295454858043549530555930707874460478504420853015146776914257539999098736906952360075656138277902162521416150986735763560031889669094929345220490647286033787458963077405926802272618629950205431641168367597127200951946843804600932281773540906704264085397811097855645979564620423633334642187594881470529699602762510741450777203028897195325915888258435035301050487944965470506708378939881751055541548768151884044061635530064645269485262053639095186027562312934040746390074576310932861329917453137357912175325876166977794387903920298338009655693764105909015876611376514779458086920955426846072680929740438326617676209057263873915468668335364317438047527104690912667487056697635132116356299344280122944318347015361747044767030430650014734220685750045036644728467353026019248347984211308805842942396742764857169113130917111880966201613773937306081498317255477430680242093603555459675568748782359437025724324324878381039835920720912777659220388335613297530380939729284054880180107164486451040365509761450753651052466942387939643603361214375575767215907058354562906569354893068982541980232111521218999227505675336993057394398	1,-7,6,6,6,-6,-6,-6,-6,-6,-6,-6	6,6,6,6,-6,-6,-6,-6,-6,-6,-6	ok
-0.546547	-12.672673	-46.351335	0.676011	continued:5	864964396167832167854405241079616018765682435021769838401814865060318629451230968447382618490633185883935148644394092191368666446789206683380687440739156451893150465996750748614594342722296544062396287531238688258176257538350625178006062389938772909899330494041778848193357622609823671746171817052906971368809763792190283485004975902216138186025900353782432665960145280021703434746885261149904881351276439373019908228476973278721507135471510255586975513914003559195524734129739041122810290015273582851708489615186551603409279922814821264727787464721669138135441872518365363064071218766706217625937537078813159625664638414496387560921049381555958433851828649061553700401229111752444264768319856734892551302011049518724979798845473336806327545701039298838220136276274010276414215461402019818601915172993063615230255577152409196429657087514448029627930271625764465202659797344767595324013357067912862618264185041347206025572568605692957862231822801294677709472017578861771929662992275273312065197145342245380232165866014257256335017114751926504991551325509519444743363167300470477759393354302745544646034267178872006127605318662679652404181614863624190151178017157434661772209052247070575305765507103159142338723094340367487508942484711403625981859958262366648284279523333594256641250082239222367073584767116954246573293268286849103155752114849654952563568922391728475724213327039488145971607598381285862024929167160058388910533867912443837232912194428633768990261124688565716061119934463534925898385279779354735278791222633251213089728616137695211861843061384275470970556438716012384688393020591461216344905108184709899737058726224836022192449875200608534434711762086925458258606655402041710628412439429215150032275062925897590597427110330087727224202501419271116326883983254629585679263597214869213815173218942574966105505331865207655101524231909156209052375903743661640824546305698280315374149135008702517430339199592178336278589980741048090887565800792351401710624288995387830622548956910638973523785102632959164583736137781232908321111370206137527550466406773144234823394273932641003723876175473788552751447221057843196911377253871528751785477314937751362368995254413753077416167966896081121390161185265383587030614122317566757771233081710781162405318669901668021470411891821476286945702260584178126233760697710656955373899307516678851898522535966329017353047050359846967029743968035177735115819390475186734864357979830694719674510021256519897196677115982376675716240383938583028303023079042964852321440722853813523765171368154136412279022844845374086475516378181357629463195291070724194739896410635084502240662223374733307538747015371988757256295525879732648287963146603744746936970184395551261876871667715003736541387054311127112909918250092852134888008231272967472434855883405984581378991508526369560678343877759651243883208027354305512457126488754806802655257742923053386919745816051979289408780094727070402885986994146585836611368650510660977910043888460442019623027844677615994038369658270716490781443764686868779880121220197468453085229845341915796625719739656692362143722252148011523241680143211782561843805564886035693708846233596784197707227468111464385150870433576484487624382041956298984751702117427205792801158667600656741346814611098234394737709369638297929209	1315267574425700017876206677067912476764586848272271465577306230832954455395493656295970459755562833079123798741617600116338182498421533015989102782942671583999286743758774408188936883333775207482631565820760948699223621984787943971090334823067739022667015497384780900657813350102565016304242677133932222252284974006566339243929583679518343287360854928706066934447307939680050649371927180560925085357306658226729698940507049979640033655515505844955631107604111494453456968581666346780292276162055304795954772566271723088724295454858043549530555930707874460478504420853015146776914257539999098736906952360075656138277902162521416150986735763560031889669094929345220490647286033787458963077405926802272618629950205431641168367597127200951946843804600932281773540906704264085397811097855645979564620423633334642187594881470529699602762510741450777203028897195325915888258435035301050487944965470506708378939881751055541548768151884044061635530064645269485262053639095186027562312934040746390074576310932861329917453137357912175325876166977794387903920298338009655693764105909015876611376514779458086920955426846072680929740438326617676209057263873915468668335364317438047527104690912667487056697635132116356299344280122944318347015361747044767030430650014734220685750045036644728467353026019248347984211308805842942396742764857169113130917111880966201613773937306081498317255477430680242093603555459675568748782359437025724324324878381039835920720912777659220388335613297530380939729284054880180107164486451040365509761450753651052466942387939643603361214375575767215907058354562906569354893068982541980232111521218999227505675336993057394398	-1,-7,6,6,6,-6,-6,-6,-6,-6,-6,-6	6,6,6,6,-6,-6,-6,-6,-6,-6,-6	ok
-0.542543	-12.672673	-47.695682	0.678677	continued:5	864964396167832167854405241079616018765682435021769838401814865060318629451230968447382618490633185883935148644394092191368666446789206683380687440739156451893150465996750748614594342722296544062396287531238688258176257538350625178006062389938772909899330494041778848193357622609823671746171817052906971368809763792190283485004975902216138186025900353782432665960145280021703434746885261149904881351276439373019908228476973278721507135471510255586975513914003559195524734129739041122810290015273582851708489615186551603409279922814821264727787464721669138135441872518365363064071218766706217625937537078813159625664638414496387560921049381555958433851828649061553700401229111752444264768319856734892551302011049518724979798845473336806327545701039298838220136276274010276414215461402019818601915172993063615230255577152409196429657087514448029627930271625764465202659797344767595324013357067912862618264185041347206025572568605692957862231822801294677709472017578861771929662992275273312065197145342245380232165866014257256335017114751926504991551325509519444743363167300470477759393354302745544646034267178872006127605318662679652404181614863624190151178017157434661772209052247070575305765507103159142338723094340367487508942484711403625981859958262366648284279523333594256641250082239222367073584767116954246573293268286849103155752114849654952563568922391728475724213327039488145971607598381285862024929167160058388910533867912443837232912194428633768990261124688565716061119934463534925898385279779354735278791222633251213089728616137695211861843061384275470970556438716012384688393020591461216344905108184709899737058726224836022192449875200608534434711762086925458258606655402041710628412439429215150032275062925897590597427110330087727224202501419271116326883983254629585679263597214869213815173218942574966105505331865207655101524231909156209052375903743661640824546305698280315374149135008702517430339199592178336278589980741048090887565800792351401710624288995387830622548956910638973523785102632959164583736137781232908321111370206137527550466406773144234823394273932641003723876175473788552751447221057843196911377253871528751785477314937751362368995254413753077416167966896081121390161185265383587030614122317566757771233081710781162405318669901668021470411891821476286945702260584178126233760697710656955373899307516678851898522535966329017353047050359846967029743968035177735115819390475186734864357979830694719674510021256519897196677115982376675716240383938583028303023079042964852321440722853813523765171368154136412279022844845374086475516378181357629463195291070724194739896410635084502240662223374733307538747015371988757256295525879732648287963146603744746936970184395551261876871667715003736541387054311127112909918250092852134888008231272967472434855883405984581378991508526369560678343877759651243883208027354305512457126488754806802655257742923053386919745816051979289408780094727070402885986994146585836611368650510660977910043888460442019623027844677615994038369658270716490781443764686868779880121220197468453085229845341915796625719739656692362143722252148011523241680143211782561843805564886035693708846233596784197707227468111464385150870433576484487624382041956298984751702117427205792801158667600656741346814611098234394737709369638297929209	1315267574425700017876206677067912476764586848272271465577306230832954455395493656295970459755562833079123798741617600116338182498421533015989102782942671583999286743758774408188936883333775207482631565820760948699223621984787943971090334823067739022667015497384780900657813350102565016304242677133932222252284974006566339243929583679518343287360854928706066934447307939680050649371927180560925085357306658226729698940507049979640033655515505844955631107604111494453456968581666346780292276162055304795954772566271723088724295454858043549530555930707874460478504420853015146776914257539999098736906952360075656138277902162521416150986735763560031889669094929345220490647286033787458963077405926802272618629950205431641168367597127200951946843804600932281773540906704264085397811097855645979564620423633334642187594881470529699602762510741450777203028897195325915888258435035301050487944965470506708378939881751055541548768151884044061635530064645269485262053639095186027562312934040746390074576310932861329917453137357912175325876166977794387903920298338009655693764105909015876611376514779458086920955426846072680929740438326617676209057263873915468668335364317438047527104690912667487056697635132116356299344280122944318347015361747044767030430650014734220685750045036644728467353026019248347984211308805842942396742764857169113130917111880966201613773937306081498317255477430680242093603555459675568748782359437025724324324878381039835920720912777659220388335613297530380939729284054880180107164486451040365509761450753651052466942387939643603361214375575767215907058354562906569354893068982541980232111521218999227505675336993057394398	-1,-7,6,6,6,-6,-6,-6,-6,-6,-6,-6	6,6,6,6,-6,-6,-6,-6,-6,-6,-6	ok
-0.538539	-12.672673	-48.733021	0.681470	continued:5	864964396167832167854405241079616018765682435021769838401814865060318629451230968447382618490633185883935148644394092191368666446789206683380687440739156451893150465996750748614594342722296544062396287531238688258176257538350625178006062389938772909899330494041778848193357622609823671746171817052906971368809763792190283485004975902216138186025900353782432665960145280021703434746885261149904881351276439373019908228476973278721507135471510255586975513914003559195524734129739041122810290015273582851708489615186551603409279922814821264727787464721669138135441872518365363064071218766706217625937537078813159625664638414496387560921049381555958433851828649061553700401229111752444264768319856734892551302011049518724979798845473336806327545701039298838220136276274010276414215461402019818601915172993063615230255577152409196429657087514448029627930271625764465202659797344767595324013357067912862618264185041347206025572568605692957862231822801294677709472017578861771929662992275273312065197145342245380232165866014257256335017114751926504991551325509519444743363167300470477759393354302745544646034267178872006127605318662679652404181614863624190151178017157434661772209052247070575305765507103159142338723094340367487508942484711403625981859958262366648284279523333594256641250082239222367073584767116954246573293268286849103155752114849654952563568922391728475724213327039488145971607598381285862024929167160058388910533867912443837232912194428633768990261124688565716061119934463534925898385279779354735278791222633251213089728616137695211861843061384275470970556438716012384688393020591461216344905108184709899737058726224836022191134607626182834416835555409857545781842068553769439162835133198382195576879569269601620137671547497008603425460883819154778144385561721613596576480654543285214528429460168166777168621998090000172469958411148207509828753918955717669734211482630541292707133637623921616772525849489613319974347303607115868635280826785785062466694705315869487335188101981932906589337794693279113934364210600671983235754063547910797851525899723164594789738758426796048092768571362294099294478639391496416619101091816223955830704748666028273644699799555709527885612036188206660911656764412368440253699864777567659034326129350705506267040767739146605319425156057916255056033165654832905743113411676869496410821901589876579279892585760897376184679453232646015082900163434245453342278483770922649466546881975048740109889597623185255009082234510225083654388368694804331250470158521574961873707131671986400506606665028269189249477705047056867861705411954919992468288973685586804977107082450935323692947148652524819966727775671212163849827254257936876646735795839445784897563885226234084057625978815321472070875957857813268604074083390240621091208772706961098537595424084376596924345553836063688352836299167039076882769311199976453379694780163206882863586918906204488157640911396338907461044171746499608025359918105101566883885115603723155848092526560841973066472205618719747545379812388464012603239085666644803723577279386837069050361883512790891971743466451263909310274536795860437541249247672311024421079670728386661356393448375253710075638775322395165344565636729464638129269114193089079762516820822315211130413778310001543767492116974707839633563962647916267231	1315267574425700017876206677067912476764586848272271465577306230832954455395493656295970459755562833079123798741617600116338182498421533015989102782942671583999286743758774408188936883333775207482631565820760948699223621984787943971090334823067739022667015497384780900657813350102565016304242677133932222252284974006566339243929583679518343287360854928706066934447307939680050649371927180560925085357306658226729698940507049979640033655515505844955631107604111494453456968581666346780292276162055304795954772566271723088724295454858043549530555930707874460478504420853015146776914257539999098736906952360075656138277902162521416150986735763560031889669094929345220490647286033787458963077405926802272618629950205431641168367597127200951946843804600932281773540906704264085397811097855645979564620423633334642187594881470529699602762510741450777203028897195325915888258435035301050487944965470506708378939881751055541548768151884044061635530064645269485262053639095186027562312934040746390074576310932861329917453137357912175325876166977794387903920298338009655693764105909015876611376514779458086920955426846072680929740438326617676209057263873915468668335364317438047527104690912667487056697635132116356299344280122944318347015361747044767030430650014734220685750045036644728467353026019248347984211308805842942396742764857169113130917111880966201613773937306081498317255477430680242093603555459675568748782359437025724324324878381039835920720912777659220388335613297530380939729284054880180107164486451040365509761450753651052466942387939643603361214375575767215907058354562906569354893068982541980232111521218999227505675336993057394398	0,-7,6,6,6,-6,-6,-6,-6,-6,-6,-6	6,6,6,6,-6,-6,-6,-6,-6,-6,-6	ok
-0.534535	-12.672673	-49.533051	0.678677	continued:5	864964396167832167854405241079616018765682435021769838401814865060318629451230968447382618490633185883935148644394092191368666446789206683380687440739156451893150465996750748614594342722296544062396287531238688258176257538350625178006062389938772909899330494041778848193357622609823671746171817052906971368809763792190283485004975902216138186025900353782432665960145280021703434746885261149904881351276439373019908228476973278721507135471510255586975513914003559195524734129739041122810290015273582851708489615186551603409279922814821264727787464721669138135441872518365363064071218766706217625937537078813159625664638414496387560921049381555958433851828649061553700401229111752444264768319856734892551302011049518724979798845473336806327545701039298838220136276274010276414215461402019818601915172993063615230255577152409196429657087514448029627930271625764465202659797344767595324013357067912862618264185041347206025572568605692957862231822801294677709472017578861771929662992275273312065197145342245380232165866014257256335017114751926504991551325509519444743363167300470477759393354302745544646034267178872006127605318662679652404181614863624190151178017157434661772209052247070575305765507103159142338723094340367487508942484711403625981859958262366648284279523333594256641250082239222367073584767116954246573293268286849103155752114849654952563568922391728475724213327039488145971607598381285862024929167160058388910533867912443837232912194428633768990261124688565716061119934463534925898385279779354735278791222633251213089728616137695211861843061384275470970556438716012384688393020591461216344905108184709899737058726224836022193765142775034234452587968763993370735371242250313982093989745660048104487670556582193561057182673163166851022944119019387454509382404787645574782046539886453213101916977716983155042388665640415137733090052670104908275997888531605611914881128766019338041164632393483418088152549694743352582832657874980313139850774798917740954553872674906173909909811839345040458232410572639215233108064961793833406468676864364257249406913823123874857049789438485959354983779585283006208415802724189977203653415926833547740249881209474451093290709271796626946723897603955581868665606118398733807528379857565856508140034070856818543596572064189437621398627585036318835371355513523346724407983744444414336976713443481124517152486171760658521414647487047918976587772636110016889360297179450820262169077686340699239130444889854539384271997454528267778092399182361725355575999564354742769174314035640647023736071280003635308567984643691305089327344407795266458101608455861584502685738819233680788377298096941795110766255072765350662763797501528419929190497368043708976376483564868439696117356614686001011898150764440957215762416795463648684807689838973846332116342727592565833637463216675433003851456352263410883646743508634571534558197346406722446928566939902285681850720707619671356516017707641197746614070188070106338852185417598799971995250360042066179583483736512240531359504152968968959648443707092756036665161008099837120097807171040701279696012862120814977169967500162608942111038751254099266531459043684726061299018818314685338816160900533604957175230423504337119494969719508889740887414032096374471903556891311938926137105221760949841854776628679591188	1315267574425700017876206677067912476764586848272271465577306230832954455395493656295970459755562833079123798741617600116338182498421533015989102782942671583999286743758774408188936883333775207482631565820760948699223621984787943971090334823067739022667015497384780900657813350102565016304242677133932222252284974006566339243929583679518343287360854928706066934447307939680050649371927180560925085357306658226729698940507049979640033655515505844955631107604111494453456968581666346780292276162055304795954772566271723088724295454858043549530555930707874460478504420853015146776914257539999098736906952360075656138277902162521416150986735763560031889669094929345220490647286033787458963077405926802272618629950205431641168367597127200951946843804600932281773540906704264085397811097855645979564620423633334642187594881470529699602762510741450777203028897195325915888258435035301050487944965470506708378939881751055541548768151884044061635530064645269485262053639095186027562312934040746390074576310932861329917453137357912175325876166977794387903920298338009655693764105909015876611376514779458086920955426846072680929740438326617676209057263873915468668335364317438047527104690912667487056697635132116356299344280122944318347015361747044767030430650014734220685750045036644728467353026019248347984211308805842942396742764857169113130917111880966201613773937306081498317255477430680242093603555459675568748782359437025724324324878381039835920720912777659220388335613297530380939729284054880180107164486451040365509761450753651052466942387939643603361214375575767215907058354562906569354893068982541980232111521218999227505675336993057394398	1,-7,6,6,6,-6,-6,-6,-6,-6,-6,-6	6,6,6,6,-6,-6,-6,-6,-6,-6,-6	ok
-0.530531	-12.672673	-50.193589	0.675883	continued:5	864964396167832167854405241079616018765682435021769838401814865060318629451230968447382618490633185883935148644394092191368666446789206683380687440739156451893150465996750748614594342722296544062396287531238688258176257538350625178006062389938772909899330494041778848193357622609823671746171817052906971368809763792190283485004975902216138186025900353782432665960145280021703434746885261149904881351276439373019908228476973278721507135471510255586975513914003559195524734129739041122810290015273582851708489615186551603409279922814821264727787464721669138135441872518365363064071218766706217625937537078813159625664638414496387560921049381555958433851828649061553700401229111752444264768319856734892551302011049518724979798845473336806327545701039298838220136276274010276414215461402019818601915172993063615230255577152409196429657087514448029627930271625764465202659797344767595324013357067912862618264185041347206025572568605692957862231822801294677709472017578861771929662992275273312065197145342245380232165866014257256335017114751926504991551325509519444743363167300470477759393354302745544646034267178872006127605318662679652404181614863624190151178017157434661772209052247070575305765507103159142338723094340367487508942484711403625981859958262366648284279523333594256641250082239222367073584767116954246573293268286849103155752114849654952563568922391728475724213327039488145971607598381285862024929167160058388910533867912443837232912194428633768990261124688565716061119934463534925898385279779354735278791222633251213089728616137695211861843061384275470970556438716012384688393020591461216344905108184709899737058726224836022193765142775034234452587968763993370735371242250313982093989745660048104487670556582193561057182673163166851022944119019387454509382404787645574782046539886453213101916977716983155042388665640415137733090052670104908275997888531605611914881128766019338041164632393483418088152549694743352582832657874980313139850774798917740954553872674906173909909811839345040458232410572639215233108064961793833406468676864364257249406913823123874857049789438485959354983779585283006208415802724189977203653415926833547740249881209474451093290709271796626946723897603955581868665606118398733807528379857565856508140034070856818543596572064189437621398627585036318835371355513523346724407983744444414336976713443481124517152486171760658521414647487047918976587772636110016889360297179450820262169077686340699239130444889854539384271997454528267778092399182361725355575999564354742769174314035640647023736071280003635308567984643691305089327344407795266458101608455861584502685738819233680788377298096941795110766255072765350662763797501528419929190497368043708976376483564868439696117356614686001011898150764440957215762416795463648684807689838973846332116342727592565833637463216675433003851456352263410883646743508634571534558197346406722446928566939902285681850720707619671356516017707641197746614070188070106338852185417598799971995250360042066179583483736512240531359504152968968959648443707092756036665161008099837120097807171040701279696012862120814977169967500162608942111038751254099266531459043684726061299018818314685338816160900533604957175230423504337119494969719508889740887414032096374471903556891311938926137105221760949841854776628679591188	1315267574425700017876206677067912476764586848272271465577306230832954455395493656295970459755562833079123798741617600116338182498421533015989102782942671583999286743758774408188936883333775207482631565820760948699223621984787943971090334823067739022667015497384780900657813350102565016304242677133932222252284974006566339243929583679518343287360854928706066934447307939680050649371927180560925085357306658226729698940507049979640033655515505844955631107604111494453456968581666346780292276162055304795954772566271723088724295454858043549530555930707874460478504420853015146776914257539999098736906952360075656138277902162521416150986735763560031889669094929345220490647286033787458963077405926802272618629950205431641168367597127200951946843804600932281773540906704264085397811097855645979564620423633334642187594881470529699602762510741450777203028897195325915888258435035301050487944965470506708378939881751055541548768151884044061635530064645269485262053639095186027562312934040746390074576310932861329917453137357912175325876166977794387903920298338009655693764105909015876611376514779458086920955426846072680929740438326617676209057263873915468668335364317438047527104690912667487056697635132116356299344280122944318347015361747044767030430650014734220685750045036644728467353026019248347984211308805842942396742764857169113130917111880966201613773937306081498317255477430680242093603555459675568748782359437025724324324878381039835920720912777659220388335613297530380939729284054880180107164486451040365509761450753651052466942387939643603361214375575767215907058354562906569354893068982541980232111521218999227505675336993057394398	1,-7,6,6,6,-6,-6,-6,-6,-6,-6,-6	6,6,6,6,-6,-6,-6,-6,-6,-6,-6	ok
-0.526527	-12.672673	-50.736334	0.673090	continued:5	864964396167832167854405241079616018765682435021769838401814865060318629451230968447382618490633185883935148644394092191368666446789206683380687440739156451893150465996750748614594342722296544062396287531238688258176257538350625178006062389938772909899330494041778848193357622609823671746171817052906971368809763792190283485004975902216138186025900353782432665960145280021703434746885261149904881351276439373019908228476973278721507135471510255586975513914003559195524734129739041122810290015273582851708489615186551603409279922814821264727787464721669138135441872518365363064071218766706217625937537078813159625664638414496387560921049381555958433851828649061553700401229111752444264768319856734892551302011049518724979798845473336806327545701039298838220136276274010276414215461402019818601915172993063615230255577150275973869011101029981422261677472471952016227635529948325397617383567728331498799091970524563605221911247955849896988348866241531053132350131888291879378904574947998467911267052583763070535150624177705630928766444654153020996683238579711113990991427461311605729993388526973057179789192098739437110948390409928160609293058585534727006326649568730359022177614203398161632241833876631069469580307168124405206256842077972723254007541685174890660584008813122861076423783709361405590104687920789451065009077356394294698957334075017524299808700181562988573300822325286307588669675197018417603116354347485791456455134757568756358588338856624230688228096594939802568210321786807643109312794006059521602470556192530527981884384970994861366953300761838427492809805751715581849146297555036391385592842987781701486065971643694246335049174553512504666871909464575233513322749460245563769150081891585753122525942183931629879915636381164347716951610931882668865435569433098504759198032534794944811565479642217159407998999602103750969175366960967100301419962737712863999198223781142197034132028664811692167365069874129255472611759200215986550083344826708923736161515453836484272382660591639750625177316555039669607427219321088437124574544985776115239606277084509501183435340569919104109240875529984412604714170217748093203519757857434177537151704791757440926004157908947522694259028370475601898877344855650004732634966409875837400022471595226921887079464533290243342706386476582574296061275557352565867971078177963458098400223816016941987123678847295639709870951953898916343269888582715941119547827715502398172999551120858122526857627703179084364267381911703789756555895579580664981287271907264829617153513863631568586575867613820284103394930383958198040157587599091056454565868841809272294105405697038056326473469071662267164527157029512585152418303882333817495233151261417016163724091640030927134436377332263178564516931479728978919461003073961391303537404738338191408986390544263444208406015441381956579341714740439381306707146147378390498279156873239746148271006026887023087955227880751879693101736192007454383736590667404865239667593310925252140901403741529313225737982194244258385384662362235936287485385877390046182109886633380572273047272491468764300291618838640701009539915288381170380495834627245784534030646213995777813466287933023349743877807294936089911585132862063286436182815173577795918621344223878017207886776578115767126896643583707714844525691748161771599	1315267574425700017876206677067912476764586848272271465577306230832954455395493656295970459755562833079123798741617600116338182498421533015989102782942671583999286743758774408188936883333775207482631565820760948699223621984787943971090334823067739022667015497384780900657813350102565016304242677133932222252284974006566339243929583679518343287360854928706066934447307939680050649371927180560925085357306658226729698940507049979640033655515505844955631107604111494453456968581666346780292276162055304795954772566271723088724295454858043549530555930707874460478504420853015146776914257539999098736906952360075656138277902162521416150986735763560031889669094929345220490647286033787458963077405926802272618629950205431641168367597127200951946843804600932281773540906704264085397811097855645979564620423633334642187594881470529699602762510741450777203028897195325915888258435035301050487944965470506708378939881751055541548768151884044061635530064645269485262053639095186027562312934040746390074576310932861329917453137357912175325876166977794387903920298338009655693764105909015876611376514779458086920955426846072680929740438326617676209057263873915468668335364317438047527104690912667487056697635132116356299344280122944318347015361747044767030430650014734220685750045036644728467353026019248347984211308805842942396742764857169113130917111880966201613773937306081498317255477430680242093603555459675568748782359437025724324324878381039835920720912777659220388335613297530380939729284054880180107164486451040365509761450753651052466942387939643603361214375575767215907058354562906569354893068982541980232111521218999227505675336993057394398	1,6,6,6,6,-6,-6,-6,-6,-6,-6,-6	6,6,6,6,-6,-6,-6,-6,-6,-6,-6	ok
-0.522523	-12.672673	-51.179945	0.670297	continued:5	864964396167832167854405241079616018765682435021769838401814865060318629451230968447382618490633185883935148644394092191368666446789206683380687440739156451893150465996750748614594342722296544062396287531238688258176257538350625178006062389938772909899330494041778848193357622609823671746171817052906971368809763792190283485004975902216138186025900353782432665960145280021703434746885261149904881351276439373019908228476973278721507135471510255586975513914003559195524734129739041122810290015273582851708489615186551603409279922814821264727787464721669138135441872518365363064071218766706217625937537078813159625664638414496387560921049381555958433851828649061553700401229111752444264768319856734892551302011049518724979798845473336806327545701039298838220136276274010276414215461402019818601915172993063615230255577150275973869011101029981422261677472471952016227635529948325397617383567728331498799091970524563605221911247955849896988348866241531053132350131888291879378904574947998467911267052583763070535150624177705630928766444654153020996683238579711113990991427461311605729993388526973057179789192098739437110948390409928160609293058585534727006326649568730359022177614203398161632241833876631069469580307168124405206256842077972723254007541685174890660584008813122861076423783709361405590104687920789451065009077356394294698957334075017524299808700181562988573300822325286307588669675197018417603116354347485791456455134757568756358588338856624230688228096594939802568210321786807643109312794006059521602470556192530527981884384970994861366953300761838427492809805751715581849146297555036391385592842987781701486065971643694246335049174553512504666871909464575233513322749460245563769150081891585753122525942183931629879915636381164347716951610931882668865435569433098504759198032534794944811565479642217159407998999602103750969175366960967100301419962737712863999198223781142197034132028664811692167365069874129255472611759200215986550083344826708923736161515453836484272382660591639750625177316555039669607427219321088437124574544985776115239606277084509501183435340569919104109240875529984412604714170217748093203519757857434177537151704791757440926004157908947522694259028370475601898877344855650004732634966409875837400022471595226921887079464533290243342706386476582574296061275557352565867971078177963458098400223816016941987123678847295639709870951953898916343269888582715941119547827715502398172999551120858122526857627703179084364267381911703789756555895579580664981287271907264829617153513863631568586575867613820284103394930383958198040157587599091056454565868841809272294105405697038056326473469071662267164527157029512585152418303882333817495233151261417016163724091640030927134436377332263178564516931479728978919461003073961391303537404738338191408986390544263444208406015441381956579341714740439381306707146147378390498279156873239746148271006026887023087955227880751879693101736192007454383736590667404865239667593310925252140901403741529313225737982194244258385384662362235936287485385877390046182109886633380572273047272491468764300291618838640701009539915288381170380495834627245784534030646213995777813466287933023349743877807294936089911585132862063286436182815173577795918621344223878017207886776578115767126896643583707714844525691748161771599	1315267574425700017876206677067912476764586848272271465577306230832954455395493656295970459755562833079123798741617600116338182498421533015989102782942671583999286743758774408188936883333775207482631565820760948699223621984787943971090334823067739022667015497384780900657813350102565016304242677133932222252284974006566339243929583679518343287360854928706066934447307939680050649371927180560925085357306658226729698940507049979640033655515505844955631107604111494453456968581666346780292276162055304795954772566271723088724295454858043549530555930707874460478504420853015146776914257539999098736906952360075656138277902162521416150986735763560031889669094929345220490647286033787458963077405926802272618629950205431641168367597127200951946843804600932281773540906704264085397811097855645979564620423633334642187594881470529699602762510741450777203028897195325915888258435035301050487944965470506708378939881751055541548768151884044061635530064645269485262053639095186027562312934040746390074576310932861329917453137357912175325876166977794387903920298338009655693764105909015876611376514779458086920955426846072680929740438326617676209057263873915468668335364317438047527104690912667487056697635132116356299344280122944318347015361747044767030430650014734220685750045036644728467353026019248347984211308805842942396742764857169113130917111880966201613773937306081498317255477430680242093603555459675568748782359437025724324324878381039835920720912777659220388335613297530380939729284054880180107164486451040365509761450753651052466942387939643603361214375575767215907058354562906569354893068982541980232111521218999227505675336993057394398	1,6,6,6,6,-6,-6,-6,-6,-6,-6,-6	6,6,6,6,-6,-6,-6,-6,-6,-6,-6	ok
-0.518519	-12.672673	-51.540815	0.667503	continued:5	864964396167832167854405241079616018765682435021769838401814865060318629451230968447382618490633185877944219176444925528181935384020486013014569025763458989817443376156777366163934133506391088818557873047638805282360580042023613880917086960375381896308027615334569697569573987116582261442964139795751265639034323798316290752124079504272872792738805329360530581783966229787959928135406077827846893016991657642891949558667286552213927096749976219581851380601427072888407947836248670012030282812120168095949661731276822666555685398668052895288109405531841186226632135995231011805076638915940516890777031522523832110344273317245743007270232265835386133418365490389139061379705693778278345675029328068200352499807265215015711918733533375619662288847238263803953235393588909221474450356683013716761419818062521722648458527332697037663828153788724878286308869442220139108667402103500797845137119323509453028581650050029035675392145871904189344491816013903755215665147628874013449279608491738933064366571289050641457952928140443740669390495928889938357430671577549969242137032189802397304747541554919702772432465772813399113802058109280915905160285756207946630409541552983488803873696935122689856210536161207575292450568815675303556918145407777607227005170699419170503545711477619019996858396855809479506430121864055951873152285129744938360551894560628119015064363411960059873953273070391500977759992026979831196780996392963206405347216664806242255403529836146773465108834748121598874541580561343826198902342449151587904036183236250912226412105870175925681646735200974232560787281769522103154621691037684900907768571038813893075847092858833013239621330753480915145472025333086129015953018356172374712470007774839231085121059694190573584849193060348817499020859173563291016830179398944807085611906666568929812050570419499612298623237550566751692632583645986650971216009267122924430344543148339209535895897235569070673739889570191499083047138891075746061689199716538417411495712952497077265510293522416509449751282785564743153982636662968685936776665067321405374849813564902842811864153743204679272582904889014197561737556014000677114187085705270380426804823962205053301919591261419231320518552836081571459629372729902822860366169450308442489760199124546535210503867029742212875352489133912965878027931795183468575337171623284947249884746617624357938764527510515861942080669592497331636255746960111733904535187843511384739724633103941267215457756247972912877926178537623710379397990332040895095330503459168756011465116976020458671402072089163143942293379623681109150984651273813935114242393264439457044110322702276973568381326549924803753251477791784932333376165536129403478598296231102188894891871834837158853123239698552719441898471113732645937328041328787112924722801317020718945136232523049699284536684310682064521564057951978833758044403496738317136790089480818906422921603125957327976197620892782226235115358140219889399401034079913595536138296184581481388133644150824088049318432773894748846770167895541699791765454612966887650811395547943024594590906528506914914556705009537552518800775034184465150735947317693144051803074348923012933855914135640340892271400736760374838380182322323955727684433858753640544490890112182552051503985915010341629875452765106416947077968584487438026	1315267574425700017876206677067912476764586848272271465577306230832954455395493656295970459755562833079123798741617600116338182498421533015989102782942671583999286743758774408188936883333775207482631565820760948699223621984787943971090334823067739022667015497384780900657813350102565016304242677133932222252284974006566339243929583679518343287360854928706066934447307939680050649371927180560925085357306658226729698940507049979640033655515505844955631107604111494453456968581666346780292276162055304795954772566271723088724295454858043549530555930707874460478504420853015146776914257539999098736906952360075656138277902162521416150986735763560031889669094929345220490647286033787458963077405926802272618629950205431641168367597127200951946843804600932281773540906704264085397811097855645979564620423633334642187594881470529699602762510741450777203028897195325915888258435035301050487944965470506708378939881751055541548768151884044061635530064645269485262053639095186027562312934040746390074576310932861329917453137357912175325876166977794387903920298338009655693764105909015876611376514779458086920955426846072680929740438326617676209057263873915468668335364317438047527104690912667487056697635132116356299344280122944318347015361747044767030430650014734220685750045036644728467353026019248347984211308805842942396742764857169113130917111880966201613773937306081498317255477430680242093603555459675568748782359437025724324324878381039835920720912777659220388335613297530380939729284054880180107164486451040365509761450753651052466942387939643603361214375575767215907058354562906569354893068982541980232111521218999227505675336993057394398	1,6,6,6,-6,-6,-6,-6,-6,-6,-6,-6	6,6,6,6,-6,-6,-6,-6,-6,-6,-6	ok
-0.514515	-12.672673	-51.833517	0.670297	continued:5	864964396167832167854405241079616018765682435021769838401814865060318629451230968447382618490633185877944219176444925528181935384020486013014569025763458989817443376156777366163934133506391088818557873047638805282360580042023613880917086960375381896308027615334569697569573987116582261442964139795751265639034323798316290752124079504272872792738805329360530581783966229787959928135406077827846893016991657642891949558667286552213927096749976219581851380601427072888407947836248670012030282812120168095949661731276822666555685398668052895288109405531841186226632135995231011805076638915940516890777031522523832110344273317245743007270232265835386133418365490389139061379705693778278345675029328068200352499807265215015711918733533375619662288847238263803953235393588909221474450356683013716761419818062521722648458527332697037663828153788724878286308869442220139108667402103500797845137119323509453028581650050029035675392145871904189344491816013903755215665147628874013449279608491738933064366571289050641457952928140443740669390495928889938357430671577549969242137032189802397304747541554919702772432465772813399113802058109280915905160285756207946630409541552983488803873696935122689856210536161207575292450568815675303556918145407777607227005170699419170503545711477619019996858396855809479506430121864055951873152285129744938360551894560628119015064363411960059873953273070391500977759992026979831196780996392963206405347216664806242255403529836146773465108834748121598874541580561343826198902342449151587904036183236250912226412105870175925681646735200974232560787281769522103154621691037684900907768571038813893075847092858833013238306063179055215127595818656018216539188431507900103246892701544006276629725566037894603125093630227274248613351256637118708305577248190834659278814194961245057962607479477523552724363478203302313759001106957020430547413765905880671000917788365654966833806551128872362175446687576610263930700500197869020782117036939772567001059246536786178114446273046084091481457046362150321755353290918018780782056687109192408269687928574834304276159282030006077017116101025065056515014180496925325076713236336149676914585659257805804080810871424537756735965412542251017659757587040983466523238655866654444150989854414193892779293745708111887354092361960465399613833541196076539442475460956203823792155936176048620227236432054893798687223225871341311019312711222517562187871669163680199520882066086291721010959177844336023303599746776306031217770393868916021905298158670203566431122558830440720205057219462551264517598115987953371796007129395298534126290745339379300501835463185955227900728174984188819351169522709567947894583261064919726719104999238149450536578110620987512404550700118524510163643372200825377066003581380053691330291132284060776529465919867205652544809094509189510812676915585140920859892961741568635828984298507268092473280772279922628028494516346422634610053122477655933335710695224136854028184569482499931913687473391826247803090187855787500645028900506043783707199515952265929714790058246914626867042186997781140184032667148915776051175116078314424379686539089443186867265547158574222613670918825988448207919410496136949849787790722435380905327734850053164523095538965049241645025739633349023499268848094705932330834243810656003620	1315267574425700017876206677067912476764586848272271465577306230832954455395493656295970459755562833079123798741617600116338182498421533015989102782942671583999286743758774408188936883333775207482631565820760948699223621984787943971090334823067739022667015497384780900657813350102565016304242677133932222252284974006566339243929583679518343287360854928706066934447307939680050649371927180560925085357306658226729698940507049979640033655515505844955631107604111494453456968581666346780292276162055304795954772566271723088724295454858043549530555930707874460478504420853015146776914257539999098736906952360075656138277902162521416150986735763560031889669094929345220490647286033787458963077405926802272618629950205431641168367597127200951946843804600932281773540906704264085397811097855645979564620423633334642187594881470529699602762510741450777203028897195325915888258435035301050487944965470506708378939881751055541548768151884044061635530064645269485262053639095186027562312934040746390074576310932861329917453137357912175325876166977794387903920298338009655693764105909015876611376514779458086920955426846072680929740438326617676209057263873915468668335364317438047527104690912667487056697635132116356299344280122944318347015361747044767030430650014734220685750045036644728467353026019248347984211308805842942396742764857169113130917111880966201613773937306081498317255477430680242093603555459675568748782359437025724324324878381039835920720912777659220388335613297530380939729284054880180107164486451040365509761450753651052466942387939643603361214375575767215907058354562906569354893068982541980232111521218999227505675336993057394398	-1,6,6,6,-6,-6,-6,-6,-6,-6,-6,-6	6,6,6,6,-6,-6,-6,-6,-6,-6,-6	ok
-0.510511	-12.672673	-52.023987	0.673090	full	864964396167832167854405241079616018765682435021769838401814865060318629451230968447382618490633185877944219176444925528181935384020486013014569025763458989817443376156777366163934133506391088818557873047638805282360580042023613880917086960375381896308027615334569697569573987116582261442964139795751265639034323798316290752124079504272872792738805329360530581783966229787959928135406077827846893016991657642891949558667286552213927096749976219581851380601427072888407947836248670012030282812120168095949661731276822666555685398668052895288109405531841186226632135995231011805076638915940516890777031522523832110344273317245743007270232265835386133418365490389139061379705693778278345675029328068200352499807265215015711918733533375619662288847238263803953235393588909221474450356683013716761419818062521722648458527332697037663828153788724878286308869442220139108667402103500797845137119323509453028581650050029035675392145871904189344491816013903755215665147628874013449279608491738933064366571289050641457952928140443740669390495928889938357430671577549969242137032189802397304747541554919702772432465772813399113802058109280915905160285756207946630409541552983488803873696935122689856210536161207575292450568815675303556918145407777607227005170699419170503545711477619019996858396855809479506430121864055951873152285129744938360551894560628119015064363411960059873953273070391500977759992026979831196780996392963206405347216664806242255403529836146773465108834748121598874541580561343826198902342449151587904036183236250912226412105870175925681646735200974232560787281769522103154621691037684900907768571038813893075847092858833013238306063179055215127595818656018216539188431507900103246892701544006276629725566037894603125093630227274248613351256637118708305577248190834659278814194961245057962607479477523552724363478203302313759001106957020430547413765905880671000917788365654966833806551128872362175446687576610263930700500197869020782117036939772567001059246536786178114446273046084091481457046362150321755353290918018780782056687109192408269687928574834304276159282030006077017116101025065056515014180496925325076713236336149676914585659257805804080810871424537756735965412542251017659757587040983466523238655866654444150989854414193892779293745708111887354092361960465399613833541196076539442475460956203823792155936176048620227236432054893798687223225871341311019312711222517562187871669163680199520882066086291721010959177844336023303599746776306031217770393868916021905298158670203566431122558830440720205057219462551264517598115987953371796007129395298534126290745339379300501835463185955227900728174984188819351169522709567947894583261064919726719104999238149450536578110620987512404550700118524510163643372200825377066003581380053691330291132284060776529465919867205652544809094509189510812676915585140920859892961741568635828984298507268092473280772279922628028494516346422634610053122477655933335710695224136854028184569482499931913687473391826247803090187855787500645028900506043783707199515952265929714790058246914626867042186997781140184032667148915776051175116078314424379686539089443186867265547158574222613670918825988448207919410496136949849787790722435380905327734850053164523095538965049241645025739633349023499268848094705932330834243810656003620	1315267574425700017876206677067912476764586848272271465577306230832954455395493656295970459755562833074568885669602536444582711252931208110147806797711705323871849443090941976059574259759347264437933631476688966220423802243361242253429426754782684242702089346106696708498293201993581235152346638693206725279572162776765850410436466415710899151064020476332417968294236423414421398629345744949905154719977958128997105161884990068538535704871713198602255466803863949141046723375517075352037473849369120703512219164704399249221108719836881474584553140293830553799871785688919356337127513583653998338770344710352642431210121321630325521260127173447566264194390599106929132861710667081123457728810441575737711528095455622063254857443721156020616943035737594171716663518679831185218842567017649546204498578403636889574326431761317679161627596463124873190032344788965189580342558145579738466344852626611879424695263635727737354977521878515400987951647925060156542274859516321745667653151565735984402081955082216984438792904471209676759493296992952738358313761213849646448572539580028209278255098912907268871324459948733421594431669032959942415670312655844046739727589801492553708887142366837912898151441755169681307805790973550813949640830846034699947703104546359591625062235662563956063690338855776741507953726702081549474446170758997840246228244918107248201741267389497916084565938660700957936021337301028397727548719530725774730524037860621776467625658955870040771049408228249957184537527190348790320184995309651892684351990240623424988592391599888574822356699008700476021395351147133310406478246281661318130606604670400484616243724773831434404	-1,6,6,6,-6,-6,-6,-6,-6,-6,-6,-6	6,6,6,-6,-6,-6,-6,-6,-6,-6,-6	ok
-0.506507	-12.672673								error: Could not locate the first local maximum of the reduced return map.
-0.502503	-12.672673								error: Could not locate the first local maximum of the reduced return map.
-0.498498	-12.672673								error: Could not locate the first local maximum of the reduced return map.
-0.494494	-12.672673								error: Could not locate the first local maximum of the reduced return map.
-0.490490	-12.672673								error: Could not locate the first local maximum of the reduced return map.
-0.486486	-12.672673	-44.087862	0.675456	continued:5	864964396167832167854405241079616018765682435021769838401814865060318629451230968447382618490633185883935148644394092191368666446789206683380687440739156451893150465996750748614594342722296544062396287531238688258176257538350625178006062389938772909899330494041778848193357622609823671746171817052906971368809763792190283485004975902216138186025900353782432665960145280021703434746885261149904881351276439373019908228476973278721507135471510255586975513914003559195524734129739041122810290015273582851708489615186551603409279922814821264727787464721669138135441872518365363064071218766706217625937537078813159625664638414496387560921049381555958433851828649061553700401229111752444264768319856734892551302011049518724979798845473336806327545701039298838220136276274010276414215461402019818601915172993063615230255577152409196429657087514448029627930271625764465202659797344767595324013357067912862618264185041347206025572568605692957862231822801294677709472017578861771929662992275273312065197145342245380232165866014257256335017114751926504991551325509519444743363167300470477759393354302745544646034267178872006127605318662679652404181614863624190151178017157434661772209052247070575305765507103159142338723094340367487508942484711403625981859958262366648284279523333594256641250082239222367073584767116954246573293268286849103155752114849654952563568922391728475724213327039488145971607598381285862024929167160058388910533867912443837232912194428633768990261124688565716061119934463534925898385279779354735278791222633251213089728616137695211861843061384275470970556438716012384688393020591461216344905108184709899737058726224836022191134607626182834416835555409857545781842068553769439162835133198382195576879569269601620137671547497008603425460883819154778144385561721613596576480654543285214528429460168166777168621998090000172469958411148207509828753918955717669734211482630541292707133637623921616772525849489613319974347303607115868635280826785785062466694705315869487335188101981932906589337794693279113934364210600671983235754063547910797851525899723164594789738758426796048092768571362294099294478639391496416619101091816223955830704748666028273644699799555709527885612036188206660911656764412368440253699864777567659034326129350705506267040767739146605319425156057916255056033165654832905743113411676869496410821901589876579279892585760897376184679453232646015082900163434245453342278483770922649466546881975048740109889597623185255009082234510225083654388368694804331250470158521574961873707131671986400506606665028269189249477705047056867861705411954919992468288973685586804977107082450935323692947148652524819966727775671212163849827254257936876646735795839445784897563885226234084057625978815321472070875957857813268604074083390240621091208772706961098537595424084376596924345553836063688352836299167039076882769311199976453379694780163206882863586918906204488157640911396338907461044171746499608025359918105101566883885115603723155848092526560841973066472205618719747545379812388464012603239085666644803723577279386837069050361883512790891971743466451263909310274536795860437541249247672311024421079670728386661356393448375253710075638775322395165344565636729464638129269114193089079762516820822315211130413778310001543767492116974707839633563962647916267231	1315267574425700017876206677067912476764586848272271465577306230832954455395493656295970459755562833074568885669602536444582711252931208110147806797711705323871849443090941976059574259759347264437933631476688966220423802243361242253429426754782684242702089346106696708498293201993581235152346638693206725279572162776765850410436466415710899151064020476332417968294236423414421398629345744949905154719977958128997105161884990068538535704871713198602255466803863949141046723375517075352037473849369120703512219164704399249221108719836881474584553140293830553799871785688919356337127513583653998338770344710352642431210121321630325521260127173447566264194390599106929132861710667081123457728810441575737711528095455622063254857443721156020616943035737594171716663518679831185218842567017649546204498578403636889574326431761317679161627596463124873190032344788965189580342558145579738466344852626611879424695263635727737354977521878515400987951647925060156542274859516321745667653151565735984402081955082216984438792904471209676759493296992952738358313761213849646448572539580028209278255098912907268871324459948733421594431669032959942415670312655844046739727589801492553708887142366837912898151441755169681307805790973550813949640830846034699947703104546359591625062235662563956063690338855776741507953726702081549474446170758997840246228244918107248201741267389497916084565938660700957936021337301028397727548719530725774730524037860621776467625658955870040771049408228249957184537527190348790320184995309651892684351990240623424988592391599888574822356699008700476021395351147133310406478246281661318130606604670400484616243724773831434404	0,-7,6,6,6,-6,-6,-6,-6,-6,-6,-6	6,6,6,-6,-6,-6,-6,-6,-6,-6,-6	ok
-0.482482	-12.672673	-45.943035	0.672662	continued:5	864964396167832167854405241079616018765682435021769838401814865060318629451230968447382618490633185883935148644394092191368666446789206683380687440739156451893150465996750748614594342722296544062396287531238688258176257538350625178006062389938772909899330494041778848193357622609823671746171817052906971368809763792190283485004975902216138186025900353782432665960145280021703434746885261149904881351276439373019908228476973278721507135471510255586975513914003559195524734129739041122810290015273582851708489615186551603409279922814821264727787464721669138135441872518365363064071218766706217625937537078813159625664638414496387560921049381555958433851828649061553700401229111752444264768319856734892551302011049518724979798845473336806327545701039298838220136276274010276414215461402019818601915172993063615230255577152409196429657087514448029627930271625764465202659797344767595324013357067912862618264185041347206025572568605692957862231822801294677709472017578861771929662992275273312065197145342245380232165866014257256335017114751926504991551325509519444743363167300470477759393354302745544646034267178872006127605318662679652404181614863624190151178017157434661772209052247070575305765507103159142338723094340367487508942484711403625981859958262366648284279523333594256641250082239222367073584767116954246573293268286849103155752114849654952563568922391728475724213327039488145971607598381285862024929167160058388910533867912443837232912194428633768990261124688565716061119934463534925898385279779354735278791222633251213089728616137695211861843061384275470970556438716012384688393020591461216344905108184709899737058726224836022192449875200608534434711762086925458258606655402041710628412439429215150032275062925897590597427110330087727224202501419271116326883983254629585679263597214869213815173218942574966105505331865207655101524231909156209052375903743661640824546305698280315374149135008702517430339199592178336278589980741048090887565800792351401710624288995387830622548956910638973523785102632959164583736137781232908321111370206137527550466406773144234823394273932641003723876175473788552751447221057843196911377253871528751785477314937751362368995254413753077416167966896081121390161185265383587030614122317566757771233081710781162405318669901668021470411891821476286945702260584178126233760697710656955373899307516678851898522535966329017353047050359846967029743968035177735115819390475186734864357979830694719674510021256519897196677115982376675716240383938583028303023079042964852321440722853813523765171368154136412279022844845374086475516378181357629463195291070724194739896410635084502240662223374733307538747015371988757256295525879732648287963146603744746936970184395551261876871667715003736541387054311127112909918250092852134888008231272967472434855883405984581378991508526369560678343877759651243883208027354305512457126488754806802655257742923053386919745816051979289408780094727070402885986994146585836611368650510660977910043888460442019623027844677615994038369658270716490781443764686868779880121220197468453085229845341915796625719739656692362143722252148011523241680143211782561843805564886035693708846233596784197707227468111464385150870433576484487624382041956298984751702117427205792801158667600656741346814611098234394737709369638297929209	1315267574425700017876206677067912476764586848272271465577306230832954455395493656295970459755562833074568885669602536444582711252931208110147806797711705323871849443090941976059574259759347264437933631476688966220423802243361242253429426754782684242702089346106696708498293201993581235152346638693206725279572162776765850410436466415710899151064020476332417968294236423414421398629345744949905154719977958128997105161884990068538535704871713198602255466803863949141046723375517075352037473849369120703512219164704399249221108719836881474584553140293830553799871785688919356337127513583653998338770344710352642431210121321630325521260127173447566264194390599106929132861710667081123457728810441575737711528095455622063254857443721156020616943035737594171716663518679831185218842567017649546204498578403636889574326431761317679161627596463124873190032344788965189580342558145579738466344852626611879424695263635727737354977521878515400987951647925060156542274859516321745667653151565735984402081955082216984438792904471209676759493296992952738358313761213849646448572539580028209278255098912907268871324459948733421594431669032959942415670312655844046739727589801492553708887142366837912898151441755169681307805790973550813949640830846034699947703104546359591625062235662563956063690338855776741507953726702081549474446170758997840246228244918107248201741267389497916084565938660700957936021337301028397727548719530725774730524037860621776467625658955870040771049408228249957184537527190348790320184995309651892684351990240623424988592391599888574822356699008700476021395351147133310406478246281661318130606604670400484616243724773831434404	-1,-7,6,6,6,-6,-6,-6,-6,-6,-6,-6	6,6,6,-6,-6,-6,-6,-6,-6,-6,-6	ok
-0.478478	-12.672673	-47.351042	0.674453	continued:5	864964396167832167854405241079616018765682435021769838401814865060318629451230968447382618490633185883935148644394092191368666446789206683380687440739156451893150465996750748614594342722296544062396287531238688258176257538350625178006062389938772909899330494041778848193357622609823671746171817052906971368809763792190283485004975902216138186025900353782432665960145280021703434746885261149904881351276439373019908228476973278721507135471510255586975513914003559195524734129739041122810290015273582851708489615186551603409279922814821264727787464721669138135441872518365363064071218766706217625937537078813159625664638414496387560921049381555958433851828649061553700401229111752444264768319856734892551302011049518724979798845473336806327545701039298838220136276274010276414215461402019818601915172993063615230255577152409196429657087514448029627930271625764465202659797344767595324013357067912862618264185041347206025572568605692957862231822801294677709472017578861771929662992275273312065197145342245380232165866014257256335017114751926504991551325509519444743363167300470477759393354302745544646034267178872006127605318662679652404181614863624190151178017157434661772209052247070575305765507103159142338723094340367487508942484711403625981859958262366648284279523333594256641250082239222367073584767116954246573293268286849103155752114849654952563568922391728475724213327039488145971607598381285862024929167160058388910533867912443837232912194428633768990261124688565716061119934463534925898385279779354735278791222633251213089728616137695211861843061384275470970556438716012384688393020591461216344905108184709899737058726224836022192449875200608534434711762086925458258606655402041710628412439429215150032275062925897590597427110330087727224202501419271116326883983254629585679263597214869213815173218942574966105505331865207655101524231909156209052375903743661640824546305698280315374149135008702517430339199592178336278589980741048090887565800792351401710624288995387830622548956910638973523785102632959164583736137781232908321111370206137527550466406773144234823394273932641003723876175473788552751447221057843196911377253871528751785477314937751362368995254413753077416167966896081121390161185265383587030614122317566757771233081710781162405318669901668021470411891821476286945702260584178126233760697710656955373899307516678851898522535966329017353047050359846967029743968035177735115819390475186734864357979830694719674510021256519897196677115982376675716240383938583028303023079042964852321440722853813523765171368154136412279022844845374086475516378181357629463195291070724194739896410635084502240662223374733307538747015371988757256295525879732648287963146603744746936970184395551261876871667715003736541387054311127112909918250092852134888008231272967472434855883405984581378991508526369560678343877759651243883208027354305512457126488754806802655257742923053386919745816051979289408780094727070402885986994146585836611368650510660977910043888460442019623027844677615994038369658270716490781443764686868779880121220197468453085229845341915796625719739656692362143722252148011523241680143211782561843805564886035693708846233596784197707227468111464385150870433576484487624382041956298984751702117427205792801158667600656741346814611098234394737709369638297929209	1315267574425700017876206677067912476764586848272271465577306230832954455395493656295970459755562833074568885669602536444582711252931208110147806797711705323871849443090941976059574259759347264437933631476688966220423802243361242253429426754782684242702089346106696708498293201993581235152346638693206725279572162776765850410436466415710899151064020476332417968294236423414421398629345744949905154719977958128997105161884990068538535704871713198602255466803863949141046723375517075352037473849369120703512219164704399249221108719836881474584553140293830553799871785688919356337127513583653998338770344710352642431210121321630325521260127173447566264194390599106929132861710667081123457728810441575737711528095455622063254857443721156020616943035737594171716663518679831185218842567017649546204498578403636889574326431761317679161627596463124873190032344788965189580342558145579738466344852626611879424695263635727737354977521878515400987951647925060156542274859516321745667653151565735984402081955082216984438792904471209676759493296992952738358313761213849646448572539580028209278255098912907268871324459948733421594431669032959942415670312655844046739727589801492553708887142366837912898151441755169681307805790973550813949640830846034699947703104546359591625062235662563956063690338855776741507953726702081549474446170758997840246228244918107248201741267389497916084565938660700957936021337301028397727548719530725774730524037860621776467625658955870040771049408228249957184537527190348790320184995309651892684351990240623424988592391599888574822356699008700476021395351147133310406478246281661318130606604670400484616243724773831434404	-1,-7,6,6,6,-6,-6,-6,-6,-6,-6,-6	6,6,6,-6,-6,-6,-6,-6,-6,-6,-6	ok
-0.474474	-12.672673	-48.437659	0.677246	continued:5	864964396167832167854405241079616018765682435021769838401814865060318629451230968447382618490633185883935148644394092191368666446789206683380687440739156451893150465996750748614594342722296544062396287531238688258176257538350625178006062389938772909899330494041778848193357622609823671746171817052906971368809763792190283485004975902216138186025900353782432665960145280021703434746885261149904881351276439373019908228476973278721507135471510255586975513914003559195524734129739041122810290015273582851708489615186551603409279922814821264727787464721669138135441872518365363064071218766706217625937537078813159625664638414496387560921049381555958433851828649061553700401229111752444264768319856734892551302011049518724979798845473336806327545701039298838220136276274010276414215461402019818601915172993063615230255577152409196429657087514448029627930271625764465202659797344767595324013357067912862618264185041347206025572568605692957862231822801294677709472017578861771929662992275273312065197145342245380232165866014257256335017114751926504991551325509519444743363167300470477759393354302745544646034267178872006127605318662679652404181614863624190151178017157434661772209052247070575305765507103159142338723094340367487508942484711403625981859958262366648284279523333594256641250082239222367073584767116954246573293268286849103155752114849654952563568922391728475724213327039488145971607598381285862024929167160058388910533867912443837232912194428633768990261124688565716061119934463534925898385279779354735278791222633251213089728616137695211861843061384275470970556438716012384688393020591461216344905108184709899737058726224836022191134607626182834416835555409857545781842068553769439162835133198382195576879569269601620137671547497008603425460883819154778144385561721613596576480654543285214528429460168166777168621998090000172469958411148207509828753918955717669734211482630541292707133637623921616772525849489613319974347303607115868635280826785785062466694705315869487335188101981932906589337794693279113934364210600671983235754063547910797851525899723164594789738758426796048092768571362294099294478639391496416619101091816223955830704748666028273644699799555709527885612036188206660911656764412368440253699864777567659034326129350705506267040767739146605319425156057916255056033165654832905743113411676869496410821901589876579279892585760897376184679453232646015082900163434245453342278483770922649466546881975048740109889597623185255009082234510225083654388368694804331250470158521574961873707131671986400506606665028269189249477705047056867861705411954919992468288973685586804977107082450935323692947148652524819966727775671212163849827254257936876646735795839445784897563885226234084057625978815321472070875957857813268604074083390240621091208772706961098537595424084376596924345553836063688352836299167039076882769311199976453379694780163206882863586918906204488157640911396338907461044171746499608025359918105101566883885115603723155848092526560841973066472205618719747545379812388464012603239085666644803723577279386837069050361883512790891971743466451263909310274536795860437541249247672311024421079670728386661356393448375253710075638775322395165344565636729464638129269114193089079762516820822315211130413778310001543767492116974707839633563962647916267231	1315267574425700017876206677067912476764586848272271465577306230832954455395493656295970459755562833074568885669602536444582711252931208110147806797711705323871849443090941976059574259759347264437933631476688966220423802243361242253429426754782684242702089346106696708498293201993581235152346638693206725279572162776765850410436466415710899151064020476332417968294236423414421398629345744949905154719977958128997105161884990068538535704871713198602255466803863949141046723375517075352037473849369120703512219164704399249221108719836881474584553140293830553799871785688919356337127513583653998338770344710352642431210121321630325521260127173447566264194390599106929132861710667081123457728810441575737711528095455622063254857443721156020616943035737594171716663518679831185218842567017649546204498578403636889574326431761317679161627596463124873190032344788965189580342558145579738466344852626611879424695263635727737354977521878515400987951647925060156542274859516321745667653151565735984402081955082216984438792904471209676759493296992952738358313761213849646448572539580028209278255098912907268871324459948733421594431669032959942415670312655844046739727589801492553708887142366837912898151441755169681307805790973550813949640830846034699947703104546359591625062235662563956063690338855776741507953726702081549474446170758997840246228244918107248201741267389497916084565938660700957936021337301028397727548719530725774730524037860621776467625658955870040771049408228249957184537527190348790320184995309651892684351990240623424988592391599888574822356699008700476021395351147133310406478246281661318130606604670400484616243724773831434404	0,-7,6,6,6,-6,-6,-6,-6,-6,-6,-6	6,6,6,-6,-6,-6,-6,-6,-6,-6,-6	ok
-0.470470	-12.672673	-49.273625	0.674453	continued:5	864964396167832167854405241079616018765682435021769838401814865060318629451230968447382618490633185883935148644394092191368666446789206683380687440739156451893150465996750748614594342722296544062396287531238688258176257538350625178006062389938772909899330494041778848193357622609823671746171817052906971368809763792190283485004975902216138186025900353782432665960145280021703434746885261149904881351276439373019908228476973278721507135471510255586975513914003559195524734129739041122810290015273582851708489615186551603409279922814821264727787464721669138135441872518365363064071218766706217625937537078813159625664638414496387560921049381555958433851828649061553700401229111752444264768319856734892551302011049518724979798845473336806327545701039298838220136276274010276414215461402019818601915172993063615230255577152409196429657087514448029627930271625764465202659797344767595324013357067912862618264185041347206025572568605692957862231822801294677709472017578861771929662992275273312065197145342245380232165866014257256335017114751926504991551325509519444743363167300470477759393354302745544646034267178872006127605318662679652404181614863624190151178017157434661772209052247070575305765507103159142338723094340367487508942484711403625981859958262366648284279523333594256641250082239222367073584767116954246573293268286849103155752114849654952563568922391728475724213327039488145971607598381285862024929167160058388910533867912443837232912194428633768990261124688565716061119934463534925898385279779354735278791222633251213089728616137695211861843061384275470970556438716012384688393020591461216344905108184709899737058726224836022193765142775034234452587968763993370735371242250313982093989745660048104487670556582193561057182673163166851022944119019387454509382404787645574782046539886453213101916977716983155042388665640415137733090052670104908275997888531605611914881128766019338041164632393483418088152549694743352582832657874980313139850774798917740954553872674906173909909811839345040458232410572639215233108064961793833406468676864364257249406913823123874857049789438485959354983779585283006208415802724189977203653415926833547740249881209474451093290709271796626946723897603955581868665606118398733807528379857565856508140034070856818543596572064189437621398627585036318835371355513523346724407983744444414336976713443481124517152486171760658521414647487047918976587772636110016889360297179450820262169077686340699239130444889854539384271997454528267778092399182361725355575999564354742769174314035640647023736071280003635308567984643691305089327344407795266458101608455861584502685738819233680788377298096941795110766255072765350662763797501528419929190497368043708976376483564868439696117356614686001011898150764440957215762416795463648684807689838973846332116342727592565833637463216675433003851456352263410883646743508634571534558197346406722446928566939902285681850720707619671356516017707641197746614070188070106338852185417598799971995250360042066179583483736512240531359504152968968959648443707092756036665161008099837120097807171040701279696012862120814977169967500162608942111038751254099266531459043684726061299018818314685338816160900533604957175230423504337119494969719508889740887414032096374471903556891311938926137105221760949841854776628679591188	1315267574425700017876206677067912476764586848272271465577306230832954455395493656295970459755562833074568885669602536444582711252931208110147806797711705323871849443090941976059574259759347264437933631476688966220423802243361242253429426754782684242702089346106696708498293201993581235152346638693206725279572162776765850410436466415710899151064020476332417968294236423414421398629345744949905154719977958128997105161884990068538535704871713198602255466803863949141046723375517075352037473849369120703512219164704399249221108719836881474584553140293830553799871785688919356337127513583653998338770344710352642431210121321630325521260127173447566264194390599106929132861710667081123457728810441575737711528095455622063254857443721156020616943035737594171716663518679831185218842567017649546204498578403636889574326431761317679161627596463124873190032344788965189580342558145579738466344852626611879424695263635727737354977521878515400987951647925060156542274859516321745667653151565735984402081955082216984438792904471209676759493296992952738358313761213849646448572539580028209278255098912907268871324459948733421594431669032959942415670312655844046739727589801492553708887142366837912898151441755169681307805790973550813949640830846034699947703104546359591625062235662563956063690338855776741507953726702081549474446170758997840246228244918107248201741267389497916084565938660700957936021337301028397727548719530725774730524037860621776467625658955870040771049408228249957184537527190348790320184995309651892684351990240623424988592391599888574822356699008700476021395351147133310406478246281661318130606604670400484616243724773831434404	1,-7,6,6,6,-6,-6,-6,-6,-6,-6,-6	6,6,6,-6,-6,-6,-6,-6,-6,-6,-6	ok
-0.466466	-12.672673	-49.962967	0.671659	continued:5	864964396167832167854405241079616018765682435021769838401814865060318629451230968447382618490633185883935148644394092191368666446789206683380687440739156451893150465996750748614594342722296544062396287531238688258176257538350625178006062389938772909899330494041778848193357622609823671746171817052906971368809763792190283485004975902216138186025900353782432665960145280021703434746885261149904881351276439373019908228476973278721507135471510255586975513914003559195524734129739041122810290015273582851708489615186551603409279922814821264727787464721669138135441872518365363064071218766706217625937537078813159625664638414496387560921049381555958433851828649061553700401229111752444264768319856734892551302011049518724979798845473336806327545701039298838220136276274010276414215461402019818601915172993063615230255577150275973869011101029981422261677472471952016227635529948325397617383567728331498799091970524563605221911247955849896988348866241531053132350131888291879378904574947998467911267052583763070535150624177705630928766444654153020996683238579711113990991427461311605729993388526973057179789192098739437110948390409928160609293058585534727006326649568730359022177614203398161632241833876631069469580307168124405206256842077972723254007541685174890660584008813122861076423783709361405590104687920789451065009077356394294698957334075017524299808700181562988573300822325286307588669675197018417603116354347485791456455134757568756358588338856624230688228096594939802568210321786807643109312794006059521602470556192530527981884384970994861366953300761838427492809805751715581849146297555036391385592842987781701486065971643694246335049174553512504666871909464575233513322749460245563769150081891585753122525942183931629879915636381164347716951610931882668865435569433098504759198032534794944811565479642217159407998999602103750969175366960967100301419962737712863999198223781142197034132028664811692167365069874129255472611759200215986550083344826708923736161515453836484272382660591639750625177316555039669607427219321088437124574544985776115239606277084509501183435340569919104109240875529984412604714170217748093203519757857434177537151704791757440926004157908947522694259028370475601898877344855650004732634966409875837400022471595226921887079464533290243342706386476582574296061275557352565867971078177963458098400223816016941987123678847295639709870951953898916343269888582715941119547827715502398172999551120858122526857627703179084364267381911703789756555895579580664981287271907264829617153513863631568586575867613820284103394930383958198040157587599091056454565868841809272294105405697038056326473469071662267164527157029512585152418303882333817495233151261417016163724091640030927134436377332263178564516931479728978919461003073961391303537404738338191408986390544263444208406015441381956579341714740439381306707146147378390498279156873239746148271006026887023087955227880751879693101736192007454383736590667404865239667593310925252140901403741529313225737982194244258385384662362235936287485385877390046182109886633380572273047272491468764300291618838640701009539915288381170380495834627245784534030646213995777813466287933023349743877807294936089911585132862063286436182815173577795918621344223878017207886776578115767126896643583707714844525691748161771599	1315267574425700017876206677067912476764586848272271465577306230832954455395493656295970459755562833074568885669602536444582711252931208110147806797711705323871849443090941976059574259759347264437933631476688966220423802243361242253429426754782684242702089346106696708498293201993581235152346638693206725279572162776765850410436466415710899151064020476332417968294236423414421398629345744949905154719977958128997105161884990068538535704871713198602255466803863949141046723375517075352037473849369120703512219164704399249221108719836881474584553140293830553799871785688919356337127513583653998338770344710352642431210121321630325521260127173447566264194390599106929132861710667081123457728810441575737711528095455622063254857443721156020616943035737594171716663518679831185218842567017649546204498578403636889574326431761317679161627596463124873190032344788965189580342558145579738466344852626611879424695263635727737354977521878515400987951647925060156542274859516321745667653151565735984402081955082216984438792904471209676759493296992952738358313761213849646448572539580028209278255098912907268871324459948733421594431669032959942415670312655844046739727589801492553708887142366837912898151441755169681307805790973550813949640830846034699947703104546359591625062235662563956063690338855776741507953726702081549474446170758997840246228244918107248201741267389497916084565938660700957936021337301028397727548719530725774730524037860621776467625658955870040771049408228249957184537527190348790320184995309651892684351990240623424988592391599888574822356699008700476021395351147133310406478246281661318130606604670400484616243724773831434404	1,6,6,6,6,-6,-6,-6,-6,-6,-6,-6	6,6,6,-6,-6,-6,-6,-6,-6,-6,-6	ok
-0.462462	-12.672673	-50.529406	0.668866	continued:5	864964396167832167854405241079616018765682435021769838401814865060318629451230968447382618490633185877944219176444925528181935384020486013014569025763458989817443376156777366163934133506391088818557873047638805282360580042023613880917086960375381896308027615334569697569573987116582261442964139795751265639034323798316290752124079504272872792738805329360530581783966229787959928135406077827846893016991657642891949558667286552213927096749976219581851380601427072888407947836248670012030282812120168095949661731276822666555685398668052895288109405531841186226632135995231011805076638915940516890777031522523832110344273317245743007270232265835386133418365490389139061379705693778278345675029328068200352499807265215015711918733533375619662288847238263803953235393588909221474450356683013716761419818062521722648458527332697037663828153788724878286308869442220139108667402103500797845137119323509453028581650050029035675392145871904189344491816013903755215665147628874013449279608491738933064366571289050641457952928140443740669390495928889938357430671577549969242137032189802397304747541554919702772432465772813399113802058109280915905160285756207946630409541552983488803873696935122689856210536161207575292450568815675303556918145407777607227005170699419170503545711477619019996858396855809479506430121864055951873152285129744938360551894560628119015064363411960059873953273070391500977759992026979831196780996392963206405347216664806242255403529836146773465108834748121598874541580561343826198902342449151587904036183236250912226412105870175925681646735200974232560787281769522103154621691037684900907768571038813893075847092858833013239621330753480915145472025333086129015953018356172374712470007774839231085121059694190573584849193060348817499020859173563291016830179398944807085611906666568929812050570419499612298623237550566751692632583645986650971216009267122924430344543148339209535895897235569070673739889570191499083047138891075746061689199716538417411495712952497077265510293522416509449751282785564743153982636662968685936776665067321405374849813564902842811864153743204679272582904889014197561737556014000677114187085705270380426804823962205053301919591261419231320518552836081571459629372729902822860366169450308442489760199124546535210503867029742212875352489133912965878027931795183468575337171623284947249884746617624357938764527510515861942080669592497331636255746960111733904535187843511384739724633103941267215457756247972912877926178537623710379397990332040895095330503459168756011465116976020458671402072089163143942293379623681109150984651273813935114242393264439457044110322702276973568381326549924803753251477791784932333376165536129403478598296231102188894891871834837158853123239698552719441898471113732645937328041328787112924722801317020718945136232523049699284536684310682064521564057951978833758044403496738317136790089480818906422921603125957327976197620892782226235115358140219889399401034079913595536138296184581481388133644150824088049318432773894748846770167895541699791765454612966887650811395547943024594590906528506914914556705009537552518800775034184465150735947317693144051803074348923012933855914135640340892271400736760374838380182322323955727684433858753640544490890112182552051503985915010341629875452765106416947077968584487438026	1315267574425700017876206677067912476764586848272271465577306230832954455395493656295970459755562833074568885669602536444582711252931208110147806797711705323871849443090941976059574259759347264437933631476688966220423802243361242253429426754782684242702089346106696708498293201993581235152346638693206725279572162776765850410436466415710899151064020476332417968294236423414421398629345744949905154719977958128997105161884990068538535704871713198602255466803863949141046723375517075352037473849369120703512219164704399249221108719836881474584553140293830553799871785688919356337127513583653998338770344710352642431210121321630325521260127173447566264194390599106929132861710667081123457728810441575737711528095455622063254857443721156020616943035737594171716663518679831185218842567017649546204498578403636889574326431761317679161627596463124873190032344788965189580342558145579738466344852626611879424695263635727737354977521878515400987951647925060156542274859516321745667653151565735984402081955082216984438792904471209676759493296992952738358313761213849646448572539580028209278255098912907268871324459948733421594431669032959942415670312655844046739727589801492553708887142366837912898151441755169681307805790973550813949640830846034699947703104546359591625062235662563956063690338855776741507953726702081549474446170758997840246228244918107248201741267389497916084565938660700957936021337301028397727548719530725774730524037860621776467625658955870040771049408228249957184537527190348790320184995309651892684351990240623424988592391599888574822356699008700476021395351147133310406478246281661318130606604670400484616243724773831434404	1,6,6,6,-6,-6,-6,-6,-6,-6,-6,-6	6,6,6,-6,-6,-6,-6,-6,-6,-6,-6	ok
-0.458458	-12.672673	-50.992898	0.666073	continued:5	864964396167832167854405241079616018765682435021769838401814865060318629451230968447382618490633185877944219176444925528181935384020486013014569025763458989817443376156777366163934133506391088818557873047638805282360580042023613880917086960375381896308027615334569697569573987116582261442964139795751265639034323798316290752124079504272872792738805329360530581783966229787959928135406077827846893016991657642891949558667286552213927096749976219581851380601427072888407947836248670012030282812120168095949661731276822666555685398668052895288109405531841186226632135995231011805076638915940516890777031522523832110344273317245743007270232265835386133418365490389139061379705693778278345675029328068200352499807265215015711918733533375619662288847238263803953235393588909221474450356683013716761419818062521722648458527332697037663828153788724878286308869442220139108667402103500797845137119323509453028581650050029035675392145871904189344491816013903755215665147628874013449279608491738933064366571289050641457952928140443740669390495928889938357430671577549969242137032189802397304747541554919702772432465772813399113802058109280915905160285756207946630409541552983488803873696935122689856210536161207575292450568815675303556918145407777607227005170699419170503545711477619019996858396855809479506430121864055951873152285129744938360551894560628119015064363411960059873953273070391500977759992026979831196780996392963206405347216664806242255403529836146773465108834748121598874541580561343826198902342449151587904036183236250912226412105870175925681646735200974232560787281769522103154621691037684900907768571038813893075847092858833013239621330753480915145472025333086129015953018356172374712470007774839231085121059694190573584849193060348817499020859173563291016830179398944807085611906666568929812050570419499612298623237550566751692632583645986650971216009267122924430344543148339209535895897235569070673739889570191499083047138891075746061689199716538417411495712952497077265510293522416509449751282785564743153982636662968685936776665067321405374849813564902842811864153743204679272582904889014197561737556014000677114187085705270380426804823962205053301919591261419231320518552836081571459629372729902822860366169450308442489760199124546535210503867029742212875352489133912965878027931795183468575337171623284947249884746617624357938764527510515861942080669592497331636255746960111733904535187843511384739724633103941267215457756247972912877926178537623710379397990332040895095330503459168756011465116976020458671402072089163143942293379623681109150984651273813935114242393264439457044110322702276973568381326549924803753251477791784932333376165536129403478598296231102188894891871834837158853123239698552719441898471113732645937328041328787112924722801317020718945136232523049699284536684310682064521564057951978833758044403496738317136790089480818906422921603125957327976197620892782226235115358140219889399401034079913595536138296184581481388133644150824088049318432773894748846770167895541699791765454612966887650811395547943024594590906528506914914556705009537552518800775034184465150735947317693144051803074348923012933855914135640340892271400736760374838380182322323955727684433858753640544490890112182552051503985915010341629875452765106416947077968584487438026	1315267574425700017876206677067912476764586848272271465577306230832954455395493656295970459755562833074568885669602536444582711252931208110147806797711705323871849443090941976059574259759347264437933631476688966220423802243361242253429426754782684242702089346106696708498293201993581235152346638693206725279572162776765850410436466415710899151064020476332417968294236423414421398629345744949905154719977958128997105161884990068538535704871713198602255466803863949141046723375517075352037473849369120703512219164704399249221108719836881474584553140293830553799871785688919356337127513583653998338770344710352642431210121321630325521260127173447566264194390599106929132861710667081123457728810441575737711528095455622063254857443721156020616943035737594171716663518679831185218842567017649546204498578403636889574326431761317679161627596463124873190032344788965189580342558145579738466344852626611879424695263635727737354977521878515400987951647925060156542274859516321745667653151565735984402081955082216984438792904471209676759493296992952738358313761213849646448572539580028209278255098912907268871324459948733421594431669032959942415670312655844046739727589801492553708887142366837912898151441755169681307805790973550813949640830846034699947703104546359591625062235662563956063690338855776741507953726702081549474446170758997840246228244918107248201741267389497916084565938660700957936021337301028397727548719530725774730524037860621776467625658955870040771049408228249957184537527190348790320184995309651892684351990240623424988592391599888574822356699008700476021395351147133310406478246281661318130606604670400484616243724773831434404	1,6,6,6,-6,-6,-6,-6,-6,-6,-6,-6	6,6,6,-6,-6,-6,-6,-6,-6,-6,-6	ok
-0.454454	-12.672673	-51.370686	0.663279	continued:5	864964396167832167854405241079616018765682435021769838401814865060318629451230968447382618490633185877944219176444925528181935384020486013014569025763458989817443376156777366163934133506391088818557873047638805282360580042023613880917086960375381896308027615334569697569573987116582261442964139795751265639034323798316290752124079504272872792738805329360530581783966229787959928135406077827846893016991657642891949558667286552213927096749976219581851380601427072888407947836248670012030282812120168095949661731276822666555685398668052895288109405531841186226632135995231011805076638915940516890777031522523832110344273317245743007270232265835386133418365490389139061379705693778278345675029328068200352499807265215015711918733533375619662288847238263803953235393588909221474450356683013716761419818062521722648458527332697037663828153788724878286308869442220139108667402103500797845137119323509453028581650050029035675392145871904189344491816013903755215665147628874013449279608491738933064366571289050641457952928140443740669390495928889938357430671577549969242137032189802397304747541554919702772432465772813399113802058109280915905160285756207946630409541552983488803873696935122689856210536161207575292450568815675303556918145407777607227005170699419170503545711477619019996858396855809479506430121864055951873152285129744938360551894560628119015064363411960059873953273070391500977759992026979831196780996392963206405347216664806242255403529836146773465108834748121598874541580561343826198902342449151587904036183236250912226412105870175925681646735200974232560787281769522103154621691037684900907768571038813893075847092858833013239621330753480915145472025333086129015953018356172374712470007774839231085121059694190573584849193060348817499020859173563291016830179398944807085611906666568929812050570419499612298623237550566751692632583645986650971216009267122924430344543148339209535895897235569070673739889570191499083047138891075746061689199716538417411495712952497077265510293522416509449751282785564743153982636662968685936776665067321405374849813564902842811864153743204679272582904889014197561737556014000677114187085705270380426804823962205053301919591261419231320518552836081571459629372729902822860366169450308442489760199124546535210503867029742212875352489133912965878027931795183468575337171623284947249884746617624357938764527510515861942080669592497331636255746960111733904535187843511384739724633103941267215457756247972912877926178537623710379397990332040895095330503459168756011465116976020458671402072089163143942293379623681109150984651273813935114242393264439457044110322702276973568381326549924803753251477791784932333376165536129403478598296231102188894891871834837158853123239698552719441898471113732645937328041328787112924722801317020718945136232523049699284536684310682064521564057951978833758044403496738317136790089480818906422921603125957327976197620892782226235115358140219889399401034079913595536138296184581481388133644150824088049318432773894748846770167895541699791765454612966887650811395547943024594590906528506914914556705009537552518800775034184465150735947317693144051803074348923012933855914135640340892271400736760374838380182322323955727684433858753640544490890112182552051503985915010341629875452765106416947077968584487438026	1315267574425700017876206677067912476764586848272271465577306230832954455395493656295970459755562833074568885669602536444582711252931208110147806797711705323871849443090941976059574259759347264437933631476688966220423802243361242253429426754782684242702089346106696708498293201993581235152346638693206725279572162776765850410436466415710899151064020476332417968294236423414421398629345744949905154719977958128997105161884990068538535704871713198602255466803863949141046723375517075352037473849369120703512219164704399249221108719836881474584553140293830553799871785688919356337127513583653998338770344710352642431210121321630325521260127173447566264194390599106929132861710667081123457728810441575737711528095455622063254857443721156020616943035737594171716663518679831185218842567017649546204498578403636889574326431761317679161627596463124873190032344788965189580342558145579738466344852626611879424695263635727737354977521878515400987951647925060156542274859516321745667653151565735984402081955082216984438792904471209676759493296992952738358313761213849646448572539580028209278255098912907268871324459948733421594431669032959942415670312655844046739727589801492553708887142366837912898151441755169681307805790973550813949640830846034699947703104546359591625062235662563956063690338855776741507953726702081549474446170758997840246228244918107248201741267389497916084565938660700957936021337301028397727548719530725774730524037860621776467625658955870040771049408228249957184537527190348790320184995309651892684351990240623424988592391599888574822356699008700476021395351147133310406478246281661318130606604670400484616243724773831434404	1,6,6,6,-6,-6,-6,-6,-6,-6,-6,-6	6,6,6,-6,-6,-6,-6,-6,-6,-6,-6	ok
-0.450450	-12.672673	-51.677868	0.660486	continued:5	864964396167832167854405241079616018765682435021769838401814865060318629451230968447382618490633185877944219176444925528181935384020486013014569025763458989817443376156777366163934133506391088818557873047638805282360580042023613880917086960375381896308027615334569697569573987116582261442964139795751265639034323798316290752124079504272872792738805329360530581783966229787959928135406077827846893016991657642891949558667286552213927096749976219581851380601427072888407947836248670012030282812120168095949661731276822666555685398668052895288109405531841186226632135995231011805076638915940516890777031522523832110344273317245743007270232265835386133418365490389139061379705693778278345675029328068200352499807265215015711918733533375619662288847238263803953235393588909221474450356683013716761419818062521722648458527332697037663828153788724878286308869442220139108667402103500797845137119323509453028581650050029035675392145871904189344491816013903755215665147628874013449279608491738933064366571289050641457952928140443740669390495928889938357430671577549969242137032189802397304747541554919702772432465772813399113802058109280915905160285756207946630409541552983488803873696935122689856210536161207575292450568815675303556918145407777607227005170699419170503545711477619019996858396855809479506430121864055951873152285129744938360551894560628119015064363411960059873953273070391500977759992026979831196780996392963206405347216664806242255403529836146773465108834748121598874541580561343826198902342449151587904036183236250912226412105870175925681646735200974232560787281769522103154621691037684900907768571038813893075847092858833013239621330753480915145472025333086129015953018356172374712470007774839231085121059694190573584849193060348817499020859173563291016830179398944807085611906666568929812050570419499612298623237550566751692632583645986650971216009267122924430344543148339209535895897235569070673739889570191499083047138891075746061689199716538417411495712952497077265510293522416509449751282785564743153982636662968685936776665067321405374849813564902842811864153743204679272582904889014197561737556014000677114187085705270380426804823962205053301919591261419231320518552836081571459629372729902822860366169450308442489760199124546535210503867029742212875352489133912965878027931795183468575337171623284947249884746617624357938764527510515861942080669592497331636255746960111733904535187843511384739724633103941267215457756247972912877926178537623710379397990332040895095330503459168756011465116976020458671402072089163143942293379623681109150984651273813935114242393264439457044110322702276973568381326549924803753251477791784932333376165536129403478598296231102188894891871834837158853123239698552719441898471113732645937328041328787112924722801317020718945136232523049699284536684310682064521564057951978833758044403496738317136790089480818906422921603125957327976197620892782226235115358140219889399401034079913595536138296184581481388133644150824088049318432773894748846770167895541699791765454612966887650811395547943024594590906528506914914556705009537552518800775034184465150735947317693144051803074348923012933855914135640340892271400736760374838380182322323955727684433858753640544490890112182552051503985915010341629875452765106416947077968584487438026	1315267574425700017876206677067912476764586848272271465577306230832954455395493656295970459755562833074568885669602536444582711252931208110147806797711705323871849443090941976059574259759347264437933631476688966220423802243361242253429426754782684242702089346106696708498293201993581235152346638693206725279572162776765850410436466415710899151064020476332417968294236423414421398629345744949905154719977958128997105161884990068538535704871713198602255466803863949141046723375517075352037473849369120703512219164704399249221108719836881474584553140293830553799871785688919356337127513583653998338770344710352642431210121321630325521260127173447566264194390599106929132861710667081123457728810441575737711528095455622063254857443721156020616943035737594171716663518679831185218842567017649546204498578403636889574326431761317679161627596463124873190032344788965189580342558145579738466344852626611879424695263635727737354977521878515400987951647925060156542274859516321745667653151565735984402081955082216984438792904471209676759493296992952738358313761213849646448572539580028209278255098912907268871324459948733421594431669032959942415670312655844046739727589801492553708887142366837912898151441755169681307805790973550813949640830846034699947703104546359591625062235662563956063690338855776741507953726702081549474446170758997840246228244918107248201741267389497916084565938660700957936021337301028397727548719530725774730524037860621776467625658955870040771049408228249957184537527190348790320184995309651892684351990240623424988592391599888574822356699008700476021395351147133310406478246281661318130606604670400484616243724773831434404	1,6,6,6,-6,-6,-6,-6,-6,-6,-6,-6	6,6,6,-6,-6,-6,-6,-6,-6,-6,-6	ok
-0.446446	-12.672673	-51.927728	0.663279	continued:5	864964396167832167854405241079616018765682435021769838401814865060318629451230968447382618490633185877944219176444925528181935384020486013014569025763458989817443376156777366163934133506391088818557873047638805282360580042023613880917086960375381896308027615334569697569573987116582261442964139795751265639034323798316290752124079504272872792738805329360530581783966229787959928135406077827846893016991657642891949558667286552213927096749976219581851380601427072888407947836248670012030282812120168095949661731276822666555685398668052895288109405531841186226632135995231011805076638915940516890777031522523832110344273317245743007270232265835386133418365490389139061379705693778278345675029328068200352499807265215015711918733533375619662288847238263803953235393588909221474450356683013716761419818062521722648458527332697037663828153788724878286308869442220139108667402103500797845137119323509453028581650050029035675392145871904189344491816013903755215665147628874013449279608491738933064366571289050641457952928140443740669390495928889938357430671577549969242137032189802397304747541554919702772432465772813399113802058109280915905160285756207946630409541552983488803873696935122689856210536161207575292450568815675303556918145407777607227005170699419170503545711477619019996858396855809479506430121864055951873152285129744938360551894560628119015064363411960059873953273070391500977759992026979831196780996392963206405347216664806242255403529836146773465108834748121598874541580561343826198902342449151587904036183236250912226412105870175925681646735200974232560787281769522103154621691037684900907768571038813893075847092858833013238306063179055215127595818656018216539188431507900103246892701544006276629725566037894603125093630227274248613351256637118708305577248190834659278814194961245057962607479477523552724363478203302313759001106957020430547413765905880671000917788365654966833806551128872362175446687576610263930700500197869020782117036939772567001059246536786178114446273046084091481457046362150321755353290918018780782056687109192408269687928574834304276159282030006077017116101025065056515014180496925325076713236336149676914585659257805804080810871424537756735965412542251017659757587040983466523238655866654444150989854414193892779293745708111887354092361960465399613833541196076539442475460956203823792155936176048620227236432054893798687223225871341311019312711222517562187871669163680199520882066086291721010959177844336023303599746776306031217770393868916021905298158670203566431122558830440720205057219462551264517598115987953371796007129395298534126290745339379300501835463185955227900728174984188819351169522709567947894583261064919726719104999238149450536578110620987512404550700118524510163643372200825377066003581380053691330291132284060776529465919867205652544809094509189510812676915585140920859892961741568635828984298507268092473280772279922628028494516346422634610053122477655933335710695224136854028184569482499931913687473391826247803090187855787500645028900506043783707199515952265929714790058246914626867042186997781140184032667148915776051175116078314424379686539089443186867265547158574222613670918825988448207919410496136949849787790722435380905327734850053164523095538965049241645025739633349023499268848094705932330834243810656003620	1315267574425700017876206677067912476764586848272271465577306230832954455395493656295970459755562833074568885669602536444582711252931208110147806797711705323871849443090941976059574259759347264437933631476688966220423802243361242253429426754782684242702089346106696708498293201993581235152346638693206725279572162776765850410436466415710899151064020476332417968294236423414421398629345744949905154719977958128997105161884990068538535704871713198602255466803863949141046723375517075352037473849369120703512219164704399249221108719836881474584553140293830553799871785688919356337127513583653998338770344710352642431210121321630325521260127173447566264194390599106929132861710667081123457728810441575737711528095455622063254857443721156020616943035737594171716663518679831185218842567017649546204498578403636889574326431761317679161627596463124873190032344788965189580342558145579738466344852626611879424695263635727737354977521878515400987951647925060156542274859516321745667653151565735984402081955082216984438792904471209676759493296992952738358313761213849646448572539580028209278255098912907268871324459948733421594431669032959942415670312655844046739727589801492553708887142366837912898151441755169681307805790973550813949640830846034699947703104546359591625062235662563956063690338855776741507953726702081549474446170758997840246228244918107248201741267389497916084565938660700957936021337301028397727548719530725774730524037860621776467625658955870040771049408228249957184537527190348790320184995309651892684351990240623424988592391599888574822356699008700476021395351147133310406478246281661318130606604670400484616243724773831434404	-1,6,6,6,-6,-6,-6,-6,-6,-6,-6,-6	6,6,6,-6,-6,-6,-6,-6,-6,-6,-6	ok
-0.442442	-12.672673	-52.084393	0.666073	full	864964396167832167854405241079616018765682435021769838401814865060318629451230968447382618490633185877944219176444925528181935384020486013014569025763458989817443376156777366163934133506391088818557873047638805282360580042023613880917086960375381896308027615334569697569573987116582261442964139795751265639034323798316290752124079504272872792738805329360530581783966229787959928135406077827846893016991657642891949558667286552213927096749976219581851380601427072888407947836248670012030282812120168095949661731276822666555685398668052895288109405531841186226632135995231011805076638915940516890777031522523832110344273317245743007270232265835386133418365490389139061379705693778278345675029328068200352499807265215015711918733533375619662288847238263803953235393588909221474450356683013716761419818062521722648458527332697037663828153788724878286308869442220139108667402103500797845137119323509453028581650050029035675392145871904189344491816013903755215665147628874013449279608491738933064366571289050641457952928140443740669390495928889938357430671577549969242137032189802397304747541554919702772432465772813399113802058109280915905160285756207946630409541552983488803873696935122689856210536161207575292450568815675303556918145407777607227005170699419170503545711477619019996858396855809479506430121864055951873152285129744938360551894560628119015064363411960059873953273070391500977759992026979831196780996392963206405347216664806242255403529836146773465108834748121598874541580561343826198902342449151587904036183236250912226412105870175925681646735200974232560787281769522103154621691037684900907768571038813893075847092858833013238306063179055215127595818656018216539188431507900103246892701544006276629725566037894603125093630227274248613351256637118708305577248190834659278814194961245057962607479477523552724363478203302313759001106957020430547413765905880671000917788365654966833806551128872362175446687576610263930700500197869020782117036939772567001059246536786178114446273046084091481457046362150321755353290918018780782056687109192408269687928574834304276159282030006077017116101025065056515014180496925325076713236336149676914585659257805804080810871424537756735965412542251017659757587040983466523238655866654444150989854414193892779293745708111887354092361960465399613833541196076539442475460956203823792155936176048620227236432054893798687223225871341311019312711222517562187871669163680199520882066086291721010959177844336023303599746776306031217770393868916021905298158670203566431122558830440720205057219462551264517598115987953371796007129395298534126290745339379300501835463185955227900728174984188819351169522709567947894583261064919726719104999238149450536578110620987512404550700118524510163643372200825377066003581380053691330291132284060776529465919867205652544809094509189510812676915585140920859892961741568635828984298507268092473280772279922628028494516346422634610053122477655933335710695224136854028184569482499931913687473391826247803090187855787500645028900506043783707199515952265929714790058246914626867042186997781140184032667148915776051175116078314424379686539089443186867265547158574222613670918825988448207919410496136949849787790722435380905327734850053164523095538965049241645025739633349023499268848094705932330834243810656003620	1315267574425700017876206677067912476764586848272271465577306230832954455395493656295970459755562833074568885669602536444582711252931208110147806797711705323871849443090941976059574259759347264437933631476688966220423802243361242253429426754782684242702089346106696708498293201993581235152346638693206725279572162776765850410436466415710899151064020476332417968294236423414421398629345744949905154719977958128997105161884990068538535704871713198602255466803863949141046723375517075352037473849369120703512219164704399249221108719836881474584553140293830553799871785688919356337127513583653998338770344710352642431210121321630325521260127173447566264194390599106929132861710667081123457728810441575737711528095455622063254857443721156020616943035737594171716663518679831185218842567017649546204498578403636889574326431761317679161627596463124873190032344788965189580342558145579738466344852626611879424695263635727737354977521878515400987951647925060156542274859516321745667653151565735984402081955082216984438792904471209676759493296992952738358313761213849646448572539580028209278255098912907268871324459948733421594431669032959942415670312655844046739727589801492553708887142366837912898151441755169681307805790973550813949640830846034699947703104546359591625062235662563956063690338855776741507953726702081549474446170758997840246228244918107248201741267389497916084565938660700957936021337301028397727548719530725774730524037860621776467625658955870040771049408228249957184537527190348790320184995309651892684351990240623424988592391599888574822356699008700476021395351147133310406478246281661318130606604670400484616243724773831434404	-1,6,6,6,-6,-6,-6,-6,-6,-6,-6,-6	6,6,6,-6,-6,-6,-6,-6,-6,-6,-6	ok
-0.438438	-12.672673	-43.373709	0.665956	continued:5	864964396167832167854405241079616018765682435021769838401814865060318629451230968447382618490633185883935148644394092191368666446789206683380687440739156451893150465996750748614594342722296544062396287531238688258176257538350625178006062389938772909899330494041778848193357622609823671746171817052906971368809763792190283485004975902216138186025900353782432665960145280021703434746885261149904881351276439373019908228476973278721507135471510255586975513914003559195524734129739041122810290015273582851708489615186551603409279922814821264727787464721669138135441872518365363064071218766706217625937537078813159625664638414496387560921049381555958433851828649061553700401229111752444264768319856734892551302011049518724979798845473336806327545701039298838220136276274010276414215461402019818601915172993063615230255577152409196429657087514448029627930271625764465202659797344767595324013357067912862618264185041347206025572568605692957862231822801294677709472017578861771929662992275273312065197145342245380232165866014257256335017114751926504991551325509519444743363167300470477759393354302745544646034267178872006127605318662679652404181614863624190151178017157434661772209052247070575305765507103159142338723094340367487508942484711403625981859958262366648284279523333594256641250082239222367073584767116954246573293268286849103155752114849654952563568922391728475724213327039488145971607598381285862024929167160058388910533867912443837232912194428633768990261124688565716061119934463534925898385279779354735278791222633251213089728616137695211861843061384275470970556438716012384688393020591461216344905108184709899737058726224836022191134607626182834416835555409857545781842068553769439162835133198382195576879569269601620137671547497008603425460883819154778144385561721613596576480654543285214528429460168166777168621998090000172469958411148207509828753918955717669734211482630541292707133637623921616772525849489613319974347303607115868635280826785785062466694705315869487335188101981932906589337794693279113934364210600671983235754063547910797851525899723164594789738758426796048092768571362294099294478639391496416619101091816223955830704748666028273644699799555709527885612036188206660911656764412368440253699864777567659034326129350705506267040767739146605319425156057916255056033165654832905743113411676869496410821901589876579279892585760897376184679453232646015082900163434245453342278483770922649466546881975048740109889597623185255009082234510225083654388368694804331250470158521574961873707131671986400506606665028269189249477705047056867861705411954919992468288973685586804977107082450935323692947148652524819966727775671212163849827254257936876646735795839445784897563885226234084057625978815321472070875957857813268604074083390240621091208772706961098537595424084376596924345553836063688352836299167039076882769311199976453379694780163206882863586918906204488157640911396338907461044171746499608025359918105101566883885115603723155848092526560841973066472205618719747545379812388464012603239085666644803723577279386837069050361883512790891971743466451263909310274536795860437541249247672311024421079670728386661356393448375253710075638775322395165344565636729464638129269114193089079762516820822315211130413778310001543767492116974707839633563962647916267231	1315267574425700017876206677067912476764586848272271465577306230832954455395493656295970459755562833074568885669602536444582711252931208110147806797711705323871849443090941976059574259759347264437933631476688966220423802243361242253429426754782684242702089346106696708498293201993581235152346638693206725279572162776765850410436466415710899151064020476332417968294236423414421398629345744949905154719977958128997105161884990068538535704871713198602255466803863949141046723375517075352037473849369120703512219164704399249221108719836881474584553140293830553799871785688919356337127513583653998338770344710352642431210121321630325521260127173447566264194390599106929132861710667081123457728810441575737711528095455622063254857443721156020616943035737594171716663518679831185218842567017649546204498578403636889574326431761317679161627596463124873190032344788965189580342558145579738466344852626611879424695263635727737354977521878515400987951647925060156542274859516321745667653151565735984402081955082216984438792904471209676759493296992952738358313761213849646448572539580028209278255098912907268871324459948733421594431669032959942415670312655844046739727589801492553708887142366837912898151441755169681307805790973550813949640830846034699947703104546359591625062235662563956063690338855776741507953726702081549474446170758997840246228244918107248201741267389497916084565938660700957936021337301028397727548719530725774730524037860621776467625658955870040771049408228249957184537527190348790320184995309651892684351990240623424988592391599888574822356699008700476021395351147133310406478246281661318130606604670400484616243724773831434404	0,-7,6,6,6,-6,-6,-6,-6,-6,-6,-6	6,6,6,-6,-6,-6,-6,-6,-6,-6,-6	ok
-0.434434	-12.672673	-45.557826	0.663162	continued:5	864964396167832167854405241079616018765682435021769838401814865060318629451230968447382618490633185883935148644394092191368666446789206683380687440739156451893150465996750748614594342722296544062396287531238688258176257538350625178006062389938772909899330494041778848193357622609823671746171817052906971368809763792190283485004975902216138186025900353782432665960145280021703434746885261149904881351276439373019908228476973278721507135471510255586975513914003559195524734129739041122810290015273582851708489615186551603409279922814821264727787464721669138135441872518365363064071218766706217625937537078813159625664638414496387560921049381555958433851828649061553700401229111752444264768319856734892551302011049518724979798845473336806327545701039298838220136276274010276414215461402019818601915172993063615230255577152409196429657087514448029627930271625764465202659797344767595324013357067912862618264185041347206025572568605692957862231822801294677709472017578861771929662992275273312065197145342245380232165866014257256335017114751926504991551325509519444743363167300470477759393354302745544646034267178872006127605318662679652404181614863624190151178017157434661772209052247070575305765507103159142338723094340367487508942484711403625981859958262366648284279523333594256641250082239222367073584767116954246573293268286849103155752114849654952563568922391728475724213327039488145971607598381285862024929167160058388910533867912443837232912194428633768990261124688565716061119934463534925898385279779354735278791222633251213089728616137695211861843061384275470970556438716012384688393020591461216344905108184709899737058726224836022193765142775034234452587968763993370735371242250313982093989745660048104487670556582193561057182673163166851022944119019387454509382404787645574782046539886453213101916977716983155042388665640415137733090052670104908275997888531605611914881128766019338041164632393483418088152549694743352582832657874980313139850774798917740954553872674906173909909811839345040458232410572639215233108064961793833406468676864364257249406913823123874857049789438485959354983779585283006208415802724189977203653415926833547740249881209474451093290709271796626946723897603955581868665606118398733807528379857565856508140034070856818543596572064189437621398627585036318835371355513523346724407983744444414336976713443481124517152486171760658521414647487047918976587772636110016889360297179450820262169077686340699239130444889854539384271997454528267778092399182361725355575999564354742769174314035640647023736071280003635308567984643691305089327344407795266458101608455861584502685738819233680788377298096941795110766255072765350662763797501528419929190497368043708976376483564868439696117356614686001011898150764440957215762416795463648684807689838973846332116342727592565833637463216675433003851456352263410883646743508634571534558197346406722446928566939902285681850720707619671356516017707641197746614070188070106338852185417598799971995250360042066179583483736512240531359504152968968959648443707092756036665161008099837120097807171040701279696012862120814977169967500162608942111038751254099266531459043684726061299018818314685338816160900533604957175230423504337119494969719508889740887414032096374471903556891311938926137105221760949841854776628679591188	1315267574425700017876206677067912476764586848272271465577306230832954455395493656295970459755562833074568885669602536444582711252931208110147806797711705323871849443090941976059574259759347264437933631476688966220423802243361242253429426754782684242702089346106696708498293201993581235152346638693206725279572162776765850410436466415710899151064020476332417968294236423414421398629345744949905154719977958128997105161884990068538535704871713198602255466803863949141046723375517075352037473849369120703512219164704399249221108719836881474584553140293830553799871785688919356337127513583653998338770344710352642431210121321630325521260127173447566264194390599106929132861710667081123457728810441575737711528095455622063254857443721156020616943035737594171716663518679831185218842567017649546204498578403636889574326431761317679161627596463124873190032344788965189580342558145579738466344852626611879424695263635727737354977521878515400987951647925060156542274859516321745667653151565735984402081955082216984438792904471209676759493296992952738358313761213849646448572539580028209278255098912907268871324459948733421594431669032959942415670312655844046739727589801492553708887142366837912898151441755169681307805790973550813949640830846034699947703104546359591625062235662563956063690338855776741507953726702081549474446170758997840246228244918107248201741267389497916084565938660700957936021337301028397727548719530725774730524037860621776467625658955870040771049408228249957184537527190348790320184995309651892684351990240623424988592391599888574822356699008700476021395351147133310406478246281661318130606604670400484616243724773831434404	1,-7,6,6,6,-6,-6,-6,-6,-6,-6,-6	6,6,6,-6,-6,-6,-6,-6,-6,-6,-6	ok
-0.430430	-12.672673	-47.121697	0.660369	continued:5	864964396167832167854405241079616018765682435021769838401814865060318629451230968447382618490633185877944219176444925528181935384020486013014569025763458989817443376156777366163934133506391088818557873047638805282360580042023613880917086960375381896308027615334569697569573987116582261442964139795751265639034323798316290752124079504272872792738805329360530581783966229787959928135406077827846893016991657642891949558667286552213927096749976219581851380601427072888407947836248670012030282812120168095949661731276822666555685398668052895288109405531841186226632135995231011805076638915940516890777031522523832110344273317245743007270232265835386133418365490389139061379705693778278345675029328068200352499807265215015711918733533375619662288847238263803953235393588909221474450356683013716761419818062521722648458527334830260224474140273191485652561668596032588083691669499942995551766908663090816847753864566812636479042385153002286056977848531280388222069917523854758251393369073475020407083650649828362524302737818078195674838157611877728383190092705213830875418047557515685376557542968516812912452491478639532743371595490431936416754764167150569140128184451727955135376224269678084249125551904697647774433748052542147225333103262240017166741129183226501928626956848081463793267034420532302978749467407081783489251701491289602618576580739396320596001336022156210196405816464677482330595334364639663427670245009224835459178603272690734058204065072576210744216360751479840461238964769606836419618688599455394973586383407009041091375078114010175297114803236134344656378678437243060992825501372834106759506528270996692151317567555269403580282075521056314824687858909412725101965495480606626969292312405291034007112113309863221313700604642929579418645869194324056982245862798519773744509329156167118557248375004191281002232120030873159063971205988346961344358935092036208840509875375559065484454785118284008291972395526178645587641972811840218157734243005724277047664642134813026441041207657982495314372716249567132822496545703967647505880328967354194700380418372094543069777381378633002840382549880252917525393076516635894874693702716089147047555875434429191715331804543306003404785148730900291025927792400942442040817530700098668165221006674344958862938768694544606909032338194253640815920935459111421465911042218399139373402545597964804674379523857675521389974629760665539631310580713489173759111645983258796800208037568334923700089826978837919863765464136494438830717827421862258695419607054087155762840149289549288935645336516315264301845397441223680064621959559324776889075496420969333360784915117354955929203888835436014730900817925854309683421168895379771682854981487563405627986873770742720782921906708651392441262052608709529463295037738043876719115683534545515280223972619887949022999806242132761159345331516826603105933442528438521113992317445156653448405771993953049486524228350375404351692646223452866086419351095517985897133005057106093054006937357421559350587207152852462367921083135022894572512471496921133250713794880773430144867162531193496665016564293238308142590418736770098174989688067357180999788764399665347923128605232127019709011008144780925866732551294650761421703777747358628810214775335641556242179563327233017354172998678370537552441616404762661652	1315267574425700017876206677067912476764586848272271465577306230832954455395493656295970459755562833074568885669602536444582711252931208110147806797711705323871849443090941976059574259759347264437933631476688966220423802243361242253429426754782684242702089346106696708498293201993581235152346638693206725279572162776765850410436466415710899151064020476332417968294236423414421398629345744949905154719977958128997105161884990068538535704871713198602255466803863949141046723375517075352037473849369120703512219164704399249221108719836881474584553140293830553799871785688919356337127513583653998338770344710352642431210121321630325521260127173447566264194390599106929132861710667081123457728810441575737711528095455622063254857443721156020616943035737594171716663518679831185218842567017649546204498578403636889574326431761317679161627596463124873190032344788965189580342558145579738466344852626611879424695263635727737354977521878515400987951647925060156542274859516321745667653151565735984402081955082216984438792904471209676759493296992952738358313761213849646448572539580028209278255098912907268871324459948733421594431669032959942415670312655844046739727589801492553708887142366837912898151441755169681307805790973550813949640830846034699947703104546359591625062235662563956063690338855776741507953726702081549474446170758997840246228244918107248201741267389497916084565938660700957936021337301028397727548719530725774730524037860621776467625658955870040771049408228249957184537527190348790320184995309651892684351990240623424988592391599888574822356699008700476021395351147133310406478246281661318130606604670400484616243724773831434404	-1,-7,6,6,-6,-6,-6,-6,-6,-6,-6,-6	6,6,6,-6,-6,-6,-6,-6,-6,-6,-6	ok
-0.426426	-12.672673	-48.360307	0.661825	continued:5	864964396167832167854405241079616018765682435021769838401814865060318629451230968447382618490633185877944219176444925528181935384020486013014569025763458989817443376156777366163934133506391088818557873047638805282360580042023613880917086960375381896308027615334569697569573987116582261442964139795751265639034323798316290752124079504272872792738805329360530581783966229787959928135406077827846893016991657642891949558667286552213927096749976219581851380601427072888407947836248670012030282812120168095949661731276822666555685398668052895288109405531841186226632135995231011805076638915940516890777031522523832110344273317245743007270232265835386133418365490389139061379705693778278345675029328068200352499807265215015711918733533375619662288847238263803953235393588909221474450356683013716761419818062521722648458527334830260224474140273191485652561668596032588083691669499942995551766908663090816847753864566812636479042385153002286056977848531280388222069917523854758251393369073475020407083650649828362524302737818078195674838157611877728383190092705213830875418047557515685376557542968516812912452491478639532743371595490431936416754764167150569140128184451727955135376224269678084249125551904697647774433748052542147225333103262240017166741129183226501928626956848081463793267034420532302978749467407081783489251701491289602618576580739396320596001336022156210196405816464677482330595334364639663427670245009224835459178603272690734058204065072576210744216360751479840461238964769606836419618688599455394973586383407009041091375078114010175297114803236134344656378678437243060992825501372834106759506528270996692151317567555269403580282075521056314824687858909412725101965495480606626969292312405291034007112113309863221313700604642929579418645869194324056982245862798519773744509329156167118557248375004191281002232120030873159063971205988346961344358935092036208840509875375559065484454785118284008291972395526178645587641972811840218157734243005724277047664642134813026441041207657982495314372716249567132822496545703967647505880328967354194700380418372094543069777381378633002840382549880252917525393076516635894874693702716089147047555875434429191715331804543306003404785148730900291025927792400942442040817530700098668165221006674344958862938768694544606909032338194253640815920935459111421465911042218399139373402545597964804674379523857675521389974629760665539631310580713489173759111645983258796800208037568334923700089826978837919863765464136494438830717827421862258695419607054087155762840149289549288935645336516315264301845397441223680064621959559324776889075496420969333360784915117354955929203888835436014730900817925854309683421168895379771682854981487563405627986873770742720782921906708651392441262052608709529463295037738043876719115683534545515280223972619887949022999806242132761159345331516826603105933442528438521113992317445156653448405771993953049486524228350375404351692646223452866086419351095517985897133005057106093054006937357421559350587207152852462367921083135022894572512471496921133250713794880773430144867162531193496665016564293238308142590418736770098174989688067357180999788764399665347923128605232127019709011008144780925866732551294650761421703777747358628810214775335641556242179563327233017354172998678370537552441616404762661652	1315267574425700017876206677067912476764586848272271465577306230832954455395493656295970459755562833074568885669602536444582711252931208110147806797711705323871849443090941976059574259759347264437933631476688966220423802243361242253429426754782684242702089346106696708498293201993581235152346638693206725279572162776765850410436466415710899151064020476332417968294236423414421398629345744949905154719977958128997105161884990068538535704871713198602255466803863949141046723375517075352037473849369120703512219164704399249221108719836881474584553140293830553799871785688919356337127513583653998338770344710352642431210121321630325521260127173447566264194390599106929132861710667081123457728810441575737711528095455622063254857443721156020616943035737594171716663518679831185218842567017649546204498578403636889574326431761317679161627596463124873190032344788965189580342558145579738466344852626611879424695263635727737354977521878515400987951647925060156542274859516321745667653151565735984402081955082216984438792904471209676759493296992952738358313761213849646448572539580028209278255098912907268871324459948733421594431669032959942415670312655844046739727589801492553708887142366837912898151441755169681307805790973550813949640830846034699947703104546359591625062235662563956063690338855776741507953726702081549474446170758997840246228244918107248201741267389497916084565938660700957936021337301028397727548719530725774730524037860621776467625658955870040771049408228249957184537527190348790320184995309651892684351990240623424988592391599888574822356699008700476021395351147133310406478246281661318130606604670400484616243724773831434404	-1,-7,6,6,-6,-6,-6,-6,-6,-6,-6,-6	6,6,6,-6,-6,-6,-6,-6,-6,-6,-6	ok
-0.422422	-12.672673	-49.318229	0.664618	continued:5	864964396167832167854405241079616018765682435021769838401814865060318629451230968447382618490633185877944219176444925528181935384020486013014569025763458989817443376156777366163934133506391088818557873047638805282360580042023613880917086960375381896308027615334569697569573987116582261442964139795751265639034323798316290752124079504272872792738805329360530581783966229787959928135406077827846893016991657642891949558667286552213927096749976219581851380601427072888407947836248670012030282812120168095949661731276822666555685398668052895288109405531841186226632135995231011805076638915940516890777031522523832110344273317245743007270232265835386133418365490389139061379705693778278345675029328068200352499807265215015711918733533375619662288847238263803953235393588909221474450356683013716761419818062521722648458527334830260224474140273191485652561668596032588083691669499942995551766908663090816847753864566812636479042385153002286056977848531280388222069917523854758251393369073475020407083650649828362524302737818078195674838157611877728383190092705213830875418047557515685376557542968516812912452491478639532743371595490431936416754764167150569140128184451727955135376224269678084249125551904697647774433748052542147225333103262240017166741129183226501928626956848081463793267034420532302978749467407081783489251701491289602618576580739396320596001336022156210196405816464677482330595334364639663427670245009224835459178603272690734058204065072576210744216360751479840461238964769606836419618688599455394973586383407009041091375078114010175297114803236134344656378678437243060992825501372834106759506528270996692151317567555269403578966807946630614806811652232344812625200908632334355503715006174458079551716619653567250853945041809855010532976266657879474270992931590409625937711617450843246707805284062215221427972360683608721130339729299380740920556691730793955411083120592874822782365439011587299793679193532597410435295334118633492878162080228958426637228175719102127289977187181650077346078479826152711423867199959017742351160351009225197595218533382026004534072509665434400584915746016303776478669700999560542837219853346968443535336710730029942494223084706424528820232008437069737226056006712023085703690017116444669826450661963992316431728647372914281387772211020806074551726544860004492333049331551318015915673735156389066962851428402053458135117186039509519014367544975895002042448127303427611581365470550685377495591248575201030289439032373554867210000726456409465655863238939057991623022434997443477698680746234342870226544875758234265644604431732428910445332930423234292273383913371213442371060794818996912028782945695968899951260108239300498523214651959625026952888858994198043938072611132712938405356496306301859543922022410707306158943470280258559156000748501325988064749194622106149754396239412923992559163131380135044042401416528056668114359466470602904422206481861159314620493994822242175680481317567265962079644838798171026891596212465461595273212652697579480181164349622464756426348179864323607108319744030101948650011255788487047737816812482543025726002998899810317515965091543063734166687185858158233029256965251240219755821732536492129981977053483482011674178999195638137642473285398801498183874384473052233755659294268180510607456223741949629711	1315267574425700017876206677067912476764586848272271465577306230832954455395493656295970459755562833074568885669602536444582711252931208110147806797711705323871849443090941976059574259759347264437933631476688966220423802243361242253429426754782684242702089346106696708498293201993581235152346638693206725279572162776765850410436466415710899151064020476332417968294236423414421398629345744949905154719977958128997105161884990068538535704871713198602255466803863949141046723375517075352037473849369120703512219164704399249221108719836881474584553140293830553799871785688919356337127513583653998338770344710352642431210121321630325521260127173447566264194390599106929132861710667081123457728810441575737711528095455622063254857443721156020616943035737594171716663518679831185218842567017649546204498578403636889574326431761317679161627596463124873190032344788965189580342558145579738466344852626611879424695263635727737354977521878515400987951647925060156542274859516321745667653151565735984402081955082216984438792904471209676759493296992952738358313761213849646448572539580028209278255098912907268871324459948733421594431669032959942415670312655844046739727589801492553708887142366837912898151441755169681307805790973550813949640830846034699947703104546359591625062235662563956063690338855776741507953726702081549474446170758997840246228244918107248201741267389497916084565938660700957936021337301028397727548719530725774730524037860621776467625658955870040771049408228249957184537527190348790320184995309651892684351990240623424988592391599888574822356699008700476021395351147133310406478246281661318130606604670400484616243724773831434404	0,-7,6,6,-6,-6,-6,-6,-6,-6,-6,-6	6,6,6,-6,-6,-6,-6,-6,-6,-6,-6	ok
-0.418418	-12.672673	-50.043533	0.661825	continued:5	864964396167832167854405241079616018765682435021769838401814865060318629451230968447382618490633185877944219176444925528181935384020486013014569025763458989817443376156777366163934133506391088818557873047638805282360580042023613880917086960375381896308027615334569697569573987116582261442964139795751265639034323798316290752124079504272872792738805329360530581783966229787959928135406077827846893016991657642891949558667286552213927096749976219581851380601427072888407947836248670012030282812120168095949661731276822666555685398668052895288109405531841186226632135995231011805076638915940516890777031522523832110344273317245743007270232265835386133418365490389139061379705693778278345675029328068200352499807265215015711918733533375619662288847238263803953235393588909221474450356683013716761419818062521722648458527332697037663828153788724878286308869442220139108667402103500797845137119323509453028581650050029035675392145871904189344491816013903755215665147628874013449279608491738933064366571289050641457952928140443740669390495928889938357430671577549969242137032189802397304747541554919702772432465772813399113802058109280915905160285756207946630409541552983488803873696935122689856210536161207575292450568815675303556918145407777607227005170699419170503545711477619019996858396855809479506430121864055951873152285129744938360551894560628119015064363411960059873953273070391500977759992026979831196780996392963206405347216664806242255403529836146773465108834748121598874541580561343826198902342449151587904036183236250912226412105870175925681646735200974232560787281769522103154621691037684900907768571038813893075847092858833013239621330753480915145472025333086129015953018356172374712470007774839231085121059694190573584849193060348817499020859173563291016830179398944807085611906666568929812050570419499612298623237550566751692632583645986650971216009267122924430344543148339209535895897235569070673739889570191499083047138891075746061689199716538417411495712952497077265510293522416509449751282785564743153982636662968685936776665067321405374849813564902842811864153743204679272582904889014197561737556014000677114187085705270380426804823962205053301919591261419231320518552836081571459629372729902822860366169450308442489760199124546535210503867029742212875352489133912965878027931795183468575337171623284947249884746617624357938764527510515861942080669592497331636255746960111733904535187843511384739724633103941267215457756247972912877926178537623710379397990332040895095330503459168756011465116976020458671402072089163143942293379623681109150984651273813935114242393264439457044110322702276973568381326549924803753251477791784932333376165536129403478598296231102188894891871834837158853123239698552719441898471113732645937328041328787112924722801317020718945136232523049699284536684310682064521564057951978833758044403496738317136790089480818906422921603125957327976197620892782226235115358140219889399401034079913595536138296184581481388133644150824088049318432773894748846770167895541699791765454612966887650811395547943024594590906528506914914556705009537552518800775034184465150735947317693144051803074348923012933855914135640340892271400736760374838380182322323955727684433858753640544490890112182552051503985915010341629875452765106416947077968584487438026	1315267574425700017876206677067912476764586848272271465577306230832954455395493656295970459755562833074568885669602536444582711252931208110147806797711705323871849443090941976059574259759347264437933631476688966220423802243361242253429426754782684242702089346106696708498293201993581235152346638693206725279572162776765850410436466415710899151064020476332417968294236423414421398629345744949905154719977958128997105161884990068538535704871713198602255466803863949141046723375517075352037473849369120703512219164704399249221108719836881474584553140293830553799871785688919356337127513583653998338770344710352642431210121321630325521260127173447566264194390599106929132861710667081123457728810441575737711528095455622063254857443721156020616943035737594171716663518679831185218842567017649546204498578403636889574326431761317679161627596463124873190032344788965189580342558145579738466344852626611879424695263635727737354977521878515400987951647925060156542274859516321745667653151565735984402081955082216984438792904471209676759493296992952738358313761213849646448572539580028209278255098912907268871324459948733421594431669032959942415670312655844046739727589801492553708887142366837912898151441755169681307805790973550813949640830846034699947703104546359591625062235662563956063690338855776741507953726702081549474446170758997840246228244918107248201741267389497916084565938660700957936021337301028397727548719530725774730524037860621776467625658955870040771049408228249957184537527190348790320184995309651892684351990240623424988592391599888574822356699008700476021395351147133310406478246281661318130606604670400484616243724773831434404	1,6,6,6,-6,-6,-6,-6,-6,-6,-6,-6	6,6,6,-6,-6,-6,-6,-6,-6,-6,-6	ok
-0.414414	-12.672673	-50.634718	0.659032	continued:5	864964396167832167854405241079616018765682435021769838401814865060318629451230968447382618490633185877944219176444925528181935384020486013014569025763458989817443376156777366163934133506391088818557873047638805282360580042023613880917086960375381896308027615334569697569573987116582261442964139795751265639034323798316290752124079504272872792738805329360530581783966229787959928135406077827846893016991657642891949558667286552213927096749976219581851380601427072888407947836248670012030282812120168095949661731276822666555685398668052895288109405531841186226632135995231011805076638915940516890777031522523832110344273317245743007270232265835386133418365490389139061379705693778278345675029328068200352499807265215015711918733533375619662288847238263803953235393588909221474450356683013716761419818062521722648458527332697037663828153788724878286308869442220139108667402103500797845137119323509453028581650050029035675392145871904189344491816013903755215665147628874013449279608491738933064366571289050641457952928140443740669390495928889938357430671577549969242137032189802397304747541554919702772432465772813399113802058109280915905160285756207946630409541552983488803873696935122689856210536161207575292450568815675303556918145407777607227005170699419170503545711477619019996858396855809479506430121864055951873152285129744938360551894560628119015064363411960059873953273070391500977759992026979831196780996392963206405347216664806242255403529836146773465108834748121598874541580561343826198902342449151587904036183236250912226412105870175925681646735200974232560787281769522103154621691037684900907768571038813893075847092858833013239621330753480915145472025333086129015953018356172374712470007774839231085121059694190573584849193060348817499020859173563291016830179398944807085611906666568929812050570419499612298623237550566751692632583645986650971216009267122924430344543148339209535895897235569070673739889570191499083047138891075746061689199716538417411495712952497077265510293522416509449751282785564743153982636662968685936776665067321405374849813564902842811864153743204679272582904889014197561737556014000677114187085705270380426804823962205053301919591261419231320518552836081571459629372729902822860366169450308442489760199124546535210503867029742212875352489133912965878027931795183468575337171623284947249884746617624357938764527510515861942080669592497331636255746960111733904535187843511384739724633103941267215457756247972912877926178537623710379397990332040895095330503459168756011465116976020458671402072089163143942293379623681109150984651273813935114242393264439457044110322702276973568381326549924803753251477791784932333376165536129403478598296231102188894891871834837158853123239698552719441898471113732645937328041328787112924722801317020718945136232523049699284536684310682064521564057951978833758044403496738317136790089480818906422921603125957327976197620892782226235115358140219889399401034079913595536138296184581481388133644150824088049318432773894748846770167895541699791765454612966887650811395547943024594590906528506914914556705009537552518800775034184465150735947317693144051803074348923012933855914135640340892271400736760374838380182322323955727684433858753640544490890112182552051503985915010341629875452765106416947077968584487438026	1315267574425700017876206677067912476764586848272271465577306230832954455395493656295970459755562833074568885669602536444582711252931208110147806797711705323871849443090941976059574259759347264437933631476688966220423802243361242253429426754782684242702089346106696708498293201993581235152346638693206725279572162776765850410436466415710899151064020476332417968294236423414421398629345744949905154719977958128997105161884990068538535704871713198602255466803863949141046723375517075352037473849369120703512219164704399249221108719836881474584553140293830553799871785688919356337127513583653998338770344710352642431210121321630325521260127173447566264194390599106929132861710667081123457728810441575737711528095455622063254857443721156020616943035737594171716663518679831185218842567017649546204498578403636889574326431761317679161627596463124873190032344788965189580342558145579738466344852626611879424695263635727737354977521878515400987951647925060156542274859516321745667653151565735984402081955082216984438792904471209676759493296992952738358313761213849646448572539580028209278255098912907268871324459948733421594431669032959942415670312655844046739727589801492553708887142366837912898151441755169681307805790973550813949640830846034699947703104546359591625062235662563956063690338855776741507953726702081549474446170758997840246228244918107248201741267389497916084565938660700957936021337301028397727548719530725774730524037860621776467625658955870040771049408228249957184537527190348790320184995309651892684351990240623424988592391599888574822356699008700476021395351147133310406478246281661318130606604670400484616243724773831434404	1,6,6,6,-6,-6,-6,-6,-6,-6,-6,-6	6,6,6,-6,-6,-6,-6,-6,-6,-6,-6	ok
-0.410410	-12.672673	-51.114390	0.656238	continued:5	864964396167832167854405241079616018765682435021769838401814865060318629451230968447382618490633185877944219176444925528181935384020486013014569025763458989817443376156777366163934133506391088818557873047638805282360580042023613880917086960375381896308027615334569697569573987116582261442964139795751265639034323798316290752124079504272872792738805329360530581783966229787959928135406077827846893016991657642891949558667286552213927096749976219581851380601427072888407947836248670012030282812120168095949661731276822666555685398668052895288109405531841186226632135995231011805076638915940516890777031522523832110344273317245743007270232265835386133418365490389139061379705693778278345675029328068200352499807265215015711918733533375619662288847238263803953235393588909221474450356683013716761419818062521722648458527332697037663828153788724878286308869442220139108667402103500797845137119323509453028581650050029035675392145871904189344491816013903755215665147628874013449279608491738933064366571289050641457952928140443740669390495928889938357430671577549969242137032189802397304747541554919702772432465772813399113802058109280915905160285756207946630409541552983488803873696935122689856210536161207575292450568815675303556918145407777607227005170699419170503545711477619019996858396855809479506430121864055951873152285129744938360551894560628119015064363411960059873953273070391500977759992026979831196780996392963206405347216664806242255403529836146773465108834748121598874541580561343826198902342449151587904036183236250912226412105870175925681646735200974232560787281769522103154621691037684900907768571038813893075847092858833013239621330753480915145472025333086129015953018356172374712470007774839231085121059694190573584849193060348817499020859173563291016830179398944807085611906666568929812050570419499612298623237550566751692632583645986650971216009267122924430344543148339209535895897235569070673739889570191499083047138891075746061689199716538417411495712952497077265510293522416509449751282785564743153982636662968685936776665067321405374849813564902842811864153743204679272582904889014197561737556014000677114187085705270380426804823962205053301919591261419231320518552836081571459629372729902822860366169450308442489760199124546535210503867029742212875352489133912965878027931795183468575337171623284947249884746617624357938764527510515861942080669592497331636255746960111733904535187843511384739724633103941267215457756247972912877926178537623710379397990332040895095330503459168756011465116976020458671402072089163143942293379623681109150984651273813935114242393264439457044110322702276973568381326549924803753251477791784932333376165536129403478598296231102188894891871834837158853123239698552719441898471113732645937328041328787112924722801317020718945136232523049699284536684310682064521564057951978833758044403496738317136790089480818906422921603125957327976197620892782226235115358140219889399401034079913595536138296184581481388133644150824088049318432773894748846770167895541699791765454612966887650811395547943024594590906528506914914556705009537552518800775034184465150735947317693144051803074348923012933855914135640340892271400736760374838380182322323955727684433858753640544490890112182552051503985915010341629875452765106416947077968584487438026	1315267574425700017876206677067912476764586848272271465577306230832954455395493656295970459755562833074568885669602536444582711252931208110147806797711705323871849443090941976059574259759347264437933631476688966220423802243361242253429426754782684242702089346106696708498293201993581235152346638693206725279572162776765850410436466415710899151064020476332417968294236423414421398629345744949905154719977958128997105161884990068538535704871713198602255466803863949141046723375517075352037473849369120703512219164704399249221108719836881474584553140293830553799871785688919356337127513583653998338770344710352642431210121321630325521260127173447566264194390599106929132861710667081123457728810441575737711528095455622063254857443721156020616943035737594171716663518679831185218842567017649546204498578403636889574326431761317679161627596463124873190032344788965189580342558145579738466344852626611879424695263635727737354977521878515400987951647925060156542274859516321745667653151565735984402081955082216984438792904471209676759493296992952738358313761213849646448572539580028209278255098912907268871324459948733421594431669032959942415670312655844046739727589801492553708887142366837912898151441755169681307805790973550813949640830846034699947703104546359591625062235662563956063690338855776741507953726702081549474446170758997840246228244918107248201741267389497916084565938660700957936021337301028397727548719530725774730524037860621776467625658955870040771049408228249957184537527190348790320184995309651892684351990240623424988592391599888574822356699008700476021395351147133310406478246281661318130606604670400484616243724773831434404	1,6,6,6,-6,-6,-6,-6,-6,-6,-6,-6	6,6,6,-6,-6,-6,-6,-6,-6,-6,-6	ok
-0.406406	-12.672673	-51.501820	0.653445	continued:5	864964396167832167854405241079616018765682435021769838401814865060318629451230968447382618490633185877944219176444925528181935384020486013014569025763458989817443376156777366163934133506391088818557873047638805282360580042023613880917086960375381896308027615334569697569573987116582261442964139795751265639034323798316290752124079504272872792738805329360530581783966229787959928135406077827846893016991657642891949558667286552213927096749976219581851380601427072888407947836248670012030282812120168095949661731276822666555685398668052895288109405531841186226632135995231011805076638915940516890777031522523832110344273317245743007270232265835386133418365490389139061379705693778278345675029328068200352499807265215015711918733533375619662288847238263803953235393588909221474450356683013716761419818062521722648458527332697037663828153788724878286308869442220139108667402103500797845137119323509453028581650050029035675392145871904189344491816013903755215665147628874013449279608491738933064366571289050641457952928140443740669390495928889938357430671577549969242137032189802397304747541554919702772432465772813399113802058109280915905160285756207946630409541552983488803873696935122689856210536161207575292450568815675303556918145407777607227005170699419170503545711477619019996858396855809479506430121864055951873152285129744938360551894560628119015064363411960059873953273070391500977759992026979831196780996392963206405347216664806242255403529836146773465108834748121598874541580561343826198902342449151587904036183236250912226412105870175925681646735200974232560787281769522103154621691037684900907768571038813893075847092858833013239621330753480915145472025333086129015953018356172374712470007774839231085121059694190573584849193060348817499020859173563291016830179398944807085611906666568929812050570419499612298623237550566751692632583645986650971216009267122924430344543148339209535895897235569070673739889570191499083047138891075746061689199716538417411495712952497077265510293522416509449751282785564743153982636662968685936776665067321405374849813564902842811864153743204679272582904889014197561737556014000677114187085705270380426804823962205053301919591261419231320518552836081571459629372729902822860366169450308442489760199124546535210503867029742212875352489133912965878027931795183468575337171623284947249884746617624357938764527510515861942080669592497331636255746960111733904535187843511384739724633103941267215457756247972912877926178537623710379397990332040895095330503459168756011465116976020458671402072089163143942293379623681109150984651273813935114242393264439457044110322702276973568381326549924803753251477791784932333376165536129403478598296231102188894891871834837158853123239698552719441898471113732645937328041328787112924722801317020718945136232523049699284536684310682064521564057951978833758044403496738317136790089480818906422921603125957327976197620892782226235115358140219889399401034079913595536138296184581481388133644150824088049318432773894748846770167895541699791765454612966887650811395547943024594590906528506914914556705009537552518800775034184465150735947317693144051803074348923012933855914135640340892271400736760374838380182322323955727684433858753640544490890112182552051503985915010341629875452765106416947077968584487438026	1315267574425700017876206677067912476764586848272271465577306230832954455395493656295970459755562833074568885669602536444582711252931208110147806797711705323871849443090941976059574259759347264437933631476688966220423802243361242253429426754782684242702089346106696708498293201993581235152346638693206725279572162776765850410436466415710899151064020476332417968294236423414421398629345744949905154719977958128997105161884990068538535704871713198602255466803863949141046723375517075352037473849369120703512219164704399249221108719836881474584553140293830553799871785688919356337127513583653998338770344710352642431210121321630325521260127173447566264194390599106929132861710667081123457728810441575737711528095455622063254857443721156020616943035737594171716663518679831185218842567017649546204498578403636889574326431761317679161627596463124873190032344788965189580342558145579738466344852626611879424695263635727737354977521878515400987951647925060156542274859516321745667653151565735984402081955082216984438792904471209676759493296992952738358313761213849646448572539580028209278255098912907268871324459948733421594431669032959942415670312655844046739727589801492553708887142366837912898151441755169681307805790973550813949640830846034699947703104546359591625062235662563956063690338855776741507953726702081549474446170758997840246228244918107248201741267389497916084565938660700957936021337301028397727548719530725774730524037860621776467625658955870040771049408228249957184537527190348790320184995309651892684351990240623424988592391599888574822356699008700476021395351147133310406478246281661318130606604670400484616243724773831434404	1,6,6,6,-6,-6,-6,-6,-6,-6,-6,-6	6,6,6,-6,-6,-6,-6,-6,-6,-6,-6	ok
-0.402402	-12.672673	-51.813774	0.650652	continued:5	864964396167832167854405241079616018765682435021769838401814865060318629451230968447382618490633185877944219176444925528181935384020486013014569025763458989817443376156777366163934133506391088818557873047638805282360580042023613880917086960375381896308027615334569697569573987116582261442964139795751265639034323798316290752124079504272872792738805329360530581783966229787959928135406077827846893016991657642891949558667286552213927096749976219581851380601427072888407947836248670012030282812120168095949661731276822666555685398668052895288109405531841186226632135995231011805076638915940516890777031522523832110344273317245743007270232265835386133418365490389139061379705693778278345675029328068200352499807265215015711918733533375619662288847238263803953235393588909221474450356683013716761419818062521722648458527332697037663828153788724878286308869442220139108667402103500797845137119323509453028581650050029035675392145871904189344491816013903755215665147628874013449279608491738933064366571289050641457952928140443740669390495928889938357430671577549969242137032189802397304747541554919702772432465772813399113802058109280915905160285756207946630409541552983488803873696935122689856210536161207575292450568815675303556918145407777607227005170699419170503545711477619019996858396855809479506430121864055951873152285129744938360551894560628119015064363411960059873953273070391500977759992026979831196780996392963206405347216664806242255403529836146773465108834748121598874541580561343826198902342449151587904036183236250912226412105870175925681646735200974232560787281769522103154621691037684900907768571038813893075847092858833013239621330753480915145472025333086129015953018356172374712470007774839231085121059694190573584849193060348817499020859173563291016830179398944807085611906666568929812050570419499612298623237550566751692632583645986650971216009267122924430344543148339209535895897235569070673739889570191499083047138891075746061689199716538417411495712952497077265510293522416509449751282785564743153982636662968685936776665067321405374849813564902842811864153743204679272582904889014197561737556014000677114187085705270380426804823962205053301919591261419231320518552836081571459629372729902822860366169450308442489760199124546535210503867029742212875352489133912965878027931795183468575337171623284947249884746617624357938764527510515861942080669592497331636255746960111733904535187843511384739724633103941267215457756247972912877926178537623710379397990332040895095330503459168756011465116976020458671402072089163143942293379623681109150984651273813935114242393264439457044110322702276973568381326549924803753251477791784932333376165536129403478598296231102188894891871834837158853123239698552719441898471113732645937328041328787112924722801317020718945136232523049699284536684310682064521564057951978833758044403496738317136790089480818906422921603125957327976197620892782226235115358140219889399401034079913595536138296184581481388133644150824088049318432773894748846770167895541699791765454612966887650811395547943024594590906528506914914556705009537552518800775034184465150735947317693144051803074348923012933855914135640340892271400736760374838380182322323955727684433858753640544490890112182552051503985915010341629875452765106416947077968584487438026	1315267574425700017876206677067912476764586848272271465577306230832954455395493656295970459755562833074568885669602536444582711252931208110147806797711705323871849443090941976059574259759347264437933631476688966220423802243361242253429426754782684242702089346106696708498293201993581235152346638693206725279572162776765850410436466415710899151064020476332417968294236423414421398629345744949905154719977958128997105161884990068538535704871713198602255466803863949141046723375517075352037473849369120703512219164704399249221108719836881474584553140293830553799871785688919356337127513583653998338770344710352642431210121321630325521260127173447566264194390599106929132861710667081123457728810441575737711528095455622063254857443721156020616943035737594171716663518679831185218842567017649546204498578403636889574326431761317679161627596463124873190032344788965189580342558145579738466344852626611879424695263635727737354977521878515400987951647925060156542274859516321745667653151565735984402081955082216984438792904471209676759493296992952738358313761213849646448572539580028209278255098912907268871324459948733421594431669032959942415670312655844046739727589801492553708887142366837912898151441755169681307805790973550813949640830846034699947703104546359591625062235662563956063690338855776741507953726702081549474446170758997840246228244918107248201741267389497916084565938660700957936021337301028397727548719530725774730524037860621776467625658955870040771049408228249957184537527190348790320184995309651892684351990240623424988592391599888574822356699008700476021395351147133310406478246281661318130606604670400484616243724773831434404	1,6,6,6,-6,-6,-6,-6,-6,-6,-6,-6	6,6,6,-6,-6,-6,-6,-6,-6,-6,-6	ok
-0.398398	-12.672673	-52.064964	0.653445	continued:5	864964396167832167854405241079616018765682435021769838401814865060318629451230968447382618490633185877944219176444925528181935384020486013014569025763458989817443376156777366163934133506391088818557873047638805282360580042023613880917086960375381896308027615334569697569573987116582261442964139795751265639034323798316290752124079504272872792738805329360530581783966229787959928135406077827846893016991657642891949558667286552213927096749976219581851380601427072888407947836248670012030282812120168095949661731276822666555685398668052895288109405531841186226632135995231011805076638915940516890777031522523832110344273317245743007270232265835386133418365490389139061379705693778278345675029328068200352499807265215015711918733533375619662288847238263803953235393588909221474450356683013716761419818062521722648458527332697037663828153788724878286308869442220139108667402103500797845137119323509453028581650050029035675392145871904189344491816013903755215665147628874013449279608491738933064366571289050641457952928140443740669390495928889938357430671577549969242137032189802397304747541554919702772432465772813399113802058109280915905160285756207946630409541552983488803873696935122689856210536161207575292450568815675303556918145407777607227005170699419170503545711477619019996858396855809479506430121864055951873152285129744938360551894560628119015064363411960059873953273070391500977759992026979831196780996392963206405347216664806242255403529836146773465108834748121598874541580561343826198902342449151587904036183236250912226412105870175925681646735200974232560787281769522103154621691037684900907768571038813893075847092858833013238306063179055215127595818656018216539188431507900103246892701544006276629725566037894603125093630227274248613351256637118708305577248190834659278814194961245057962607479477523552724363478203302313759001106957020430547413765905880671000917788365654966833806551128872362175446687576610263930700500197869020782117036939772567001059246536786178114446273046084091481457046362150321755353290918018780782056687109192408269687928574834304276159282030006077017116101025065056515014180496925325076713236336149676914585659257805804080810871424537756735965412542251017659757587040983466523238655866654444150989854414193892779293745708111887354092361960465399613833541196076539442475460956203823792155936176048620227236432054893798687223225871341311019312711222517562187871669163680199520882066086291721010959177844336023303599746776306031217770393868916021905298158670203566431122558830440720205057219462551264517598115987953371796007129395298534126290745339379300501835463185955227900728174984188819351169522709567947894583261064919726719104999238149450536578110620987512404550700118524510163643372200825377066003581380053691330291132284060776529465919867205652544809094509189510812676915585140920859892961741568635828984298507268092473280772279922628028494516346422634610053122477655933335710695224136854028184569482499931913687473391826247803090187855787500645028900506043783707199515952265929714790058246914626867042186997781140184032667148915776051175116078314424379686539089443186867265547158574222613670918825988448207919410496136949849787790722435380905327734850053164523095538965049241645025739633349023499268848094705932330834243810656003620	1315267574425700017876206677067912476764586848272271465577306230832954455395493656295970459755562833074568885669602536444582711252931208110147806797711705323871849443090941976059574259759347264437933631476688966220423802243361242253429426754782684242702089346106696708498293201993581235152346638693206725279572162776765850410436466415710899151064020476332417968294236423414421398629345744949905154719977958128997105161884990068538535704871713198602255466803863949141046723375517075352037473849369120703512219164704399249221108719836881474584553140293830553799871785688919356337127513583653998338770344710352642431210121321630325521260127173447566264194390599106929132861710667081123457728810441575737711528095455622063254857443721156020616943035737594171716663518679831185218842567017649546204498578403636889574326431761317679161627596463124873190032344788965189580342558145579738466344852626611879424695263635727737354977521878515400987951647925060156542274859516321745667653151565735984402081955082216984438792904471209676759493296992952738358313761213849646448572539580028209278255098912907268871324459948733421594431669032959942415670312655844046739727589801492553708887142366837912898151441755169681307805790973550813949640830846034699947703104546359591625062235662563956063690338855776741507953726702081549474446170758997840246228244918107248201741267389497916084565938660700957936021337301028397727548719530725774730524037860621776467625658955870040771049408228249957184537527190348790320184995309651892684351990240623424988592391599888574822356699008700476021395351147133310406478246281661318130606604670400484616243724773831434404	-1,6,6,6,-6,-6,-6,-6,-6,-6,-6,-6	6,6,6,-6,-6,-6,-6,-6,-6,-6,-6	ok
-0.394394	-12.672673	-52.220099	0.656238	full	864964396167832167854405241079616018765682435021769838401814865060318629451230968447382618490633185877944219176444925528181935384020486013014569025763458989817443376156777366163934133506391088818557873047638805282360580042023613880917086960375381896308027615334569697569573987116582261442964139795751265639034323798316290752124079504272872792738805329360530581783966229787959928135406077827846893016991657642891949558667286552213927096749976219581851380601427072888407947836248670012030282812120168095949661731276822666555685398668052895288109405531841186226632135995231011805076638915940516890777031522523832110344273317245743007270232265835386133418365490389139061379705693778278345675029328068200352499807265215015711918733533375619662288847238263803953235393588909221474450356683013716761419818062521722648458527332697037663828153788724878286308869442220139108667402103500797845137119323509453028581650050029035675392145871904189344491816013903755215665147628874013449279608491738933064366571289050641457952928140443740669390495928889938357430671577549969242137032189802397304747541554919702772432465772813399113802058109280915905160285756207946630409541552983488803873696935122689856210536161207575292450568815675303556918145407777607227005170699419170503545711477619019996858396855809479506430121864055951873152285129744938360551894560628119015064363411960059873953273070391500977759992026979831196780996392963206405347216664806242255403529836146773465108834748121598874541580561343826198902342449151587904036183236250912226412105870175925681646735200974232560787281769522103154621691037684900907768571038813893075847092858833013238306063179055215127595818656018216539188431507900103246892701544006276629725566037894603125093630227274248613351256637118708305577248190834659278814194961245057962607479477523552724363478203302313759001106957020430547413765905880671000917788365654966833806551128872362175446687576610263930700500197869020782117036939772567001059246536786178114446273046084091481457046362150321755353290918018780782056687109192408269687928574834304276159282030006077017116101025065056515014180496925325076713236336149676914585659257805804080810871424537756735965412542251017659757587040983466523238655866654444150989854414193892779293745708111887354092361960465399613833541196076539442475460956203823792155936176048620227236432054893798687223225871341311019312711222517562187871669163680199520882066086291721010959177844336023303599746776306031217770393868916021905298158670203566431122558830440720205057219462551264517598115987953371796007129395298534126290745339379300501835463185955227900728174984188819351169522709567947894583261064919726719104999238149450536578110620987512404550700118524510163643372200825377066003581380053691330291132284060776529465919867205652544809094509189510812676915585140920859892961741568635828984298507268092473280772279922628028494516346422634610053122477655933335710695224136854028184569482499931913687473391826247803090187855787500645028900506043783707199515952265929714790058246914626867042186997781140184032667148915776051175116078314424379686539089443186867265547158574222613670918825988448207919410496136949849787790722435380905327734850053164523095538965049241645025739633349023499268848094705932330834243810656003620	1315267574425700017876206677067912476764586848272271465577306230832954455395493656295970459755562833074568885669602536444582711252931208110147806797711705323871849443090941976059574259759347264437933631476688966220423802243361242253429426754782684242702089346106696708498293201993581235152346638693206725279572162776765850410436466415710899151064020476332417968294236423414421398629345744949905154719977958128997105161884990068538535704871713198602255466803863949141046723375517075352037473849369120703512219164704399249221108719836881474584553140293830553799871785688919356337127513583653998338770344710352642431210121321630325521260127173447566264194390599106929132861710667081123457728810441575737711528095455622063254857443721156020616943035737594171716663518679831185218842567017649546204498578403636889574326431761317679161627596463124873190032344788965189580342558145579738466344852626611879424695263635727737354977521878515400987951647925060156542274859516321745667653151565735984402081955082216984438792904471209676759493296992952738358313761213849646448572539580028209278255098912907268871324459948733421594431669032959942415670312655844046739727589801492553708887142366837912898151441755169681307805790973550813949640830846034699947703104546359591625062235662563956063690338855776741507953726702081549474446170758997840246228244918107248201741267389497916084565938660700957936021337301028397727548719530725774730524037860621776467625658955870040771049408228249957184537527190348790320184995309651892684351990240623424988592391599888574822356699008700476021395351147133310406478246281661318130606604670400484616243724773831434404	-1,6,6,6,-6,-6,-6,-6,-6,-6,-6,-6	6,6,6,-6,-6,-6,-6,-6,-6,-6,-6	ok
-0.390390	-12.672673								error: Could not locate the first local maximum of the reduced return map.
-0.386386	-12.672673								error: Could not locate the first local maximum of the reduced return map.
-0.382382	-12.672673								error: Could not locate the first local maximum of the reduced return map.
-0.378378	-12.672673								error: Could not locate the first local maximum of the reduced return map.
-0.374374	-12.672673								error: Could not locate the first local maximum of the reduced return map.
-0.370370	-12.672673								error: Could not locate the first local maximum of the reduced return map.
-0.366366	-12.672673								error: Could not locate the first local maximum of the reduced return map.
-0.362362	-12.672673								error: Could not locate the first local maximum of the reduced return map.
-0.358358	-12.672673								error: Could not locate the first local maximum of the reduced return map.
-0.354354	-12.672673								error: Could not locate the first local maximum of the reduced return map.
-0.350350	-12.672673								error: Could not locate the first local maximum of the reduced return map.
-0.346346	-12.672673								error: Could not locate the first local maximum of the reduced return map.
-0.342342	-12.672673								error: Could not locate the first local maximum of the reduced return map.
-0.338338	-12.672673								error: Could not locate the first local maximum of the reduced return map.
-0.334334	-12.672673								error: Could not locate the first local maximum of the reduced return map.
-0.330330	-12.672673								error: Could not locate the first local maximum of the reduced return map.
-0.326326	-12.672673								error: Could not locate the first local maximum of the reduced return map.
-0.322322	-12.672673								error: Could not locate the first local maximum of the reduced return map.
-0.318318	-12.672673								error: Could not locate the first local maximum of the reduced return map.
-0.314314	-12.672673								error: Could not locate the first local maximum of the reduced return map.
-0.310310	-12.672673	-44.518271	0.640145	continued:5	864964396167832167854405241079616018765682435021769838401814865060318629451230968447382618490633185877944219176444925528181935384020486013014569025763458989817443376156777366163934133506391088818557873047638805282360580042023613880917086960375381896308027615334569697569573987116582261442964139795751265639034323798316290752124079504272872792738805329360530581783966229787959928135406077827846893016991657642891949558667286552213927096749976219581851380601427072888407947836248670012030282812120168095949661731276822666555685398668052895288109405531841186226632135995231011805076638915940516890777031522523832110344273317245743007270232265835386133418365490389139061379705693778278345675029328068200352499807265215015711918733533375619662288847238263803953235393588909221474450356683013716761419818062521722648458527332697037663828153788724878286308869442220139108667402103500797845137119323509453028581650050029035675392145871904189344491816013903755215665147628874013449279608491738933064366571289050641457952928140443740669390495928889938357430671577549969242137032189802397304747541554919702772432465772813399113802058109280915905160285756207946630409541552983488803873696935122689856210536161207575292450568815675303556918145407777607227005170699419170503545711477619019996858396855809479506430121864055951873152285129744938360551894560628119015064363411960059873953273070391500977759992026979831196780996392963206405347216664806242255403529836146773465108834748121598874541580561343826198902342449151587904036183236250912226412105870175925681646735200974232560787281769522103154621691037684900907768571038813893075847092858833013236990795604629515109719611978950304062423844659627831781315395313173322174330072381598632665338067394199679727681654100674125594324316982724511472016483255921186113164388535547493150103718856037875825369630268054210123611522544638417571491033582970724131717205022175653677153485583029028778353861504662295502544874163006716590622780121075278963382252569751673513162809938735900356723945173068875627336709151063411164526043584765765740454410316807474761649297161115915468290804979849973039239386967028973402366494553406554859702151587656282151412272248420463859885801352064110186111142283000445812219509703841250348083624386481561832832234787017833349639150596969610309613750289122700334427125734472882515708336599271735432365782150185290402369675484923390471208150483849014302039499068642174806460599440699133729273315014988352056142797405791148715265813881238376850780000684860981738712366835939385092902852352225634441029607516783133138339097414319143959560603669633482233075023418452834949087567627350963455790356593710049959611702245196712178264349407137865955978160538496300885388273287918108194679121431320269735859463251100834113795607211361605805081504707696957103789773218303007961741519986398954521178507533717278523639941433887928080791411800063042984990886815091977272020356368360112520230842780418382439241302632828407556861942937680252443287633116545867622633577291564971778768720945886229139493467467055365453508629288293999583549457122444383608637130861193229682728019968225432293485923516336555523567420255513524861195399122546806082971035841352688501700187817915931238547493351687705368662243424305447714590519036824569215	1315267574425700017876206677067912476764586848272271465577306230832954455395493656295970459755562833074568885669602536444582711252931208110147806797711705323871849443090941976059574259759347264437933631476688966220423802243361242253429426754782684242702089346106696708498293201993581235152346638693206725279572162776765850410436466415710899151064020476332417968294236423414421398629345744949905154719977958128997105161884990068538535704871713198602255466803863949141046723375517075352037473849369120703512219164704399249221108719836881474584553140293830553799871785688919356337127513583653998338770344710352642431210121321630325521260127173447566264194390599106929132861710667081123457728810441575737711528095455622063254857443721156020616943035737594171716663518679831185218842567017649546204498578403636889574326431761317679161627596463124873190032344788965189580342558145579738466344852626611879424695263635727737354977521878515400987951647925060156542274859516321745667653151565735984402081955082216984438792904471209676759493296992952738358313761213849646448572539580028209278255098912907268871324459948733421594431669032959942415670312655844046739727589801492553708887142366837912898151441755169681307805790973550813949640830846034699947703104546359591625062235662563956063690338855776741507953726702081549474446170758997840246228244918107248201741267389497916084565938660700957936021337301028397727548719530725774730524037860621776467625658955870040771049408228249957184537527190348790320184995309651892684351990240623424988592391599888574822356699008700476021395351147133310406478246281661318130606604670400484616243724773831434404	0,6,6,6,-6,-6,-6,-6,-6,-6,-6,-6	6,6,6,-6,-6,-6,-6,-6,-6,-6,-6	ok
-0.306306	-12.672673	-46.542738	0.637352	continued:5	864964396167832167854405241079616018765682435021769838401814865060318629451230968447382618490633185877944219176444925528181935384020486013014569025763458989817443376156777366163934133506391088818557873047638805282360580042023613880917086960375381896308027615334569697569573987116582261442964139795751265639034323798316290752124079504272872792738805329360530581783966229787959928135406077827846893016991657642891949558667286552213927096749976219581851380601427072888407947836248670012030282812120168095949661731276822666555685398668052895288109405531841186226632135995231011805076638915940516890777031522523832110344273317245743007270232265835386133418365490389139061379705693778278345675029328068200352499807265215015711918733533375619662288847238263803953235393588909221474450356683013716761419818062521722648458527332697037663828153788724878286308869442220139108667402103500797845137119323509453028581650050029035675392145871904189344491816013903755215665147628874013449279608491738933064366571289050641457952928140443740669390495928889938357430671577549969242137032189802397304747541554919702772432465772813399113802058109280915905160285756207946630409541552983488803873696935122689856210536161207575292450568815675303556918145407777607227005170699419170503545711477619019996858396855809479506430121864055951873152285129744938360551894560628119015064363411960059873953273070391500977759992026979831196780996392963206405347216664806242255403529836146773465108834748121598874541580561343826198902342449151587904036183236250912226412105870175925681646735200974232560787281769522103154621691037684900907768571038813893075847092858833013239621330753480915145472025333086129015953018356172374712470007774839231085121059694190573584849193060348817499020859173563291016830179398944807085611906666568929812050570419499612298623237550566751692632583645986650971216009267122924430344543148339209535895897235569070673739889570191499083047138891075746061689199716538417411495712952497077265510293522416509449751282785564743153982636662968685936776665067321405374849813564902842811864153743204679272582904889014197561737556014000677114187085705270380426804823962205053301919591261419231320518552836081571459629372729902822860366169450308442489760199124546535210503867029742212875352489133912965878027931795183468575337171623284947249884746617624357938764527510515861942080669592497331636255746960111733904535187843511384739724633103941267215457756247972912877926178537623710379397990332040895095330503459168756011465116976020458671402072089163143942293379623681109150984651273813935114242393264439457044110322702276973568381326549924803753251477791784932333376165536129403478598296231102188894891871834837158853123239698552719441898471113732645937328041328787112924722801317020718945136232523049699284536684310682064521564057951978833758044403496738317136790089480818906422921603125957327976197620892782226235115358140219889399401034079913595536138296184581481388133644150824088049318432773894748846770167895541699791765454612966887650811395547943024594590906528506914914556705009537552518800775034184465150735947317693144051803074348923012933855914135640340892271400736760374838380182322323955727684433858753640544490890112182552051503985915010341629875452765106416947077968584487438026	864964396167832167854405241079616018765682435021769838401814865060318629451230968447382618490633185877944219176444925528181935384020486013014569025763458989817443376156777366163934133506391088818557873046342103214009723503599685553328664428597746505058565390575669999013693738546258732027822573316313968122664932562126081761328060845274045543486974144977703306698574656839129954246308906615516859690057825911330238248008713388538995596709364913029206691810312952404652783237044785505240091445126061628617173151954259187920815403489537740588233354180598156047568537137924463981927573022523465129699598066387107870699644688897265119014709024300128251250208654032811466676987672921103159459090088931363990754763537600958183458853032727252488204826313405174306069393377967986765721561160768411688742786186720818631066568340067927146172798091974355189883970342702102332483291612734966657521272812620815939676920616225780829192111509928603978161757979621584073001680785422744380149491654166223101123603676625105588748843469328853714640490878533273096948936606252295669613845644779572192372219910604574632383745472503238421282731212207271625171122252365548858252519197376465747790565105264329099785205119455211261038700358864335958102116173569652455718177068052223841610852981629706917479283865313994876017165027417998745970630040033952217297955020066364062387361315434918769683613866929021512240608862124842105341731090110943681185278947081016716627659119399814910396463474309559209660023262514873537037406351998237260226888579232122480214856042459570237398614837629428714150097235938383318070954657487800923177937476412218276892651789459834283520645548537789907757080871053523693499624194775825098738693540788245360681177227265065783233887530614622572307703664915080030955172317499265435047481372117953538732077181815429241080758116716076882873869741006096620720498782306699489923722399466322108079433326671728547994491427708361257101098864718043532260171425573861245952461925330080324325549375317088361620963858962398657787858567851423136953424308779727626936111709122891473832786766827856598808239051441593831829288611840254940775453264465256102714021214377458742179395419355858103236315960663187845342957904907648017964127718771064579527515236098772926469191386960693559241764149825211794611620240271266046064126488697338441970607258226622430040646754920476794149344973163924232086239462888055300572575845773114433050881528948971620268984557153533724212965146654487703929996545262788165845691468403545969963774646812875122033837551898037534046450157194417547979643979333992335224084341335047859903396814979100068004362962570341518286277323712664641013138992633419438626232686772540346156062451449779352988605454995331970094277864950289746334642619022033360275553643480531077087572106483231000440650226886975108745108929946414584471735024427028223421923884214043569222315455635463422250726339100787128672563838490825844695913672313082193643078695000467882404905547205704224538642090922076497428371942992102470144230963758169486580000031395394483010100956207820444591116355828241691634065569071663801867857897671516686762649709738762937052171346787147418515727418438313582250249648933370832934970362517670475400371869633110653086420152283303351284409028224426453968684996012565373	1,6,6,6,-6,-6,-6,-6,-6,-6,-6,-6	6,6,6,-6,-6,-6,-6,-6,-6,-6,-6,-6	ok
-0.302302	-12.672673	-48.051318	0.634559	continued:5	864964396167832167854405241079616018765682435021769838401814865060318629451230968447382618490633185877944219176444925528181935384020486013014569025763458989817443376156777366163934133506391088818557873047638805282360580042023613880917086960375381896308027615334569697569573987116582261442964139795751265639034323798316290752124079504272872792738805329360530581783966229787959928135406077827846893016991657642891949558667286552213927096749976219581851380601427072888407947836248670012030282812120168095949661731276822666555685398668052895288109405531841186226632135995231011805076638915940516890777031522523832110344273317245743007270232265835386133418365490389139061379705693778278345675029328068200352499807265215015711918733533375619662288847238263803953235393588909221474450356683013716761419818062521722648458527332697037663828153788724878286308869442220139108667402103500797845137119323509453028581650050029035675392145871904189344491816013903755215665147628874013449279608491738933064366571289050641457952928140443740669390495928889938357430671577549969242137032189802397304747541554919702772432465772813399113802058109280915905160285756207946630409541552983488803873696935122689856210536161207575292450568815675303556918145407777607227005170699419170503545711477619019996858396855809479506430121864055951873152285129744938360551894560628119015064363411960059873953273070391500977759992026979831196780996392963206405347216664806242255403529836146773465108834748121598874541580561343826198902342449151587904036183236250912226412105870175925681646735200974232560787281769522103154621691037684900907768571038813893075847092858833013239621330753480915145472025333086129015953018356172374712470007774839231085121059694190573584849193060348817499020859173563291016830179398944807085611906666568929812050570419499612298623237550566751692632583645986650971216009267122924430344543148339209535895897235569070673739889570191499083047138891075746061689199716538417411495712952497077265510293522416509449751282785564743153982636662968685936776665067321405374849813564902842811864153743204679272582904889014197561737556014000677114187085705270380426804823962205053301919591261419231320518552836081571459629372729902822860366169450308442489760199124546535210503867029742212875352489133912965878027931795183468575337171623284947249884746617624357938764527510515861942080669592497331636255746960111733904535187843511384739724633103941267215457756247972912877926178537623710379397990332040895095330503459168756011465116976020458671402072089163143942293379623681109150984651273813935114242393264439457044110322702276973568381326549924803753251477791784932333376165536129403478598296231102188894891871834837158853123239698552719441898471113732645937328041328787112924722801317020718945136232523049699284536684310682064521564057951978833758044403496738317136790089480818906422921603125957327976197620892782226235115358140219889399401034079913595536138296184581481388133644150824088049318432773894748846770167895541699791765454612966887650811395547943024594590906528506914914556705009537552518800775034184465150735947317693144051803074348923012933855914135640340892271400736760374838380182322323955727684433858753640544490890112182552051503985915010341629875452765106416947077968584487438026	864964396167832167854405241079616018765682435021769838401814865060318629451230968447382618490633185877944219176444925528181935384020486013014569025763458989817443376156777366163934133506391088818557873046342103214009723503599685553328664428597746505058565390575669999013693738546258732027822573316313968122664932562126081761328060845274045543486974144977703306698574656839129954246308906615516859690057825911330238248008713388538995596709364913029206691810312952404652783237044785505240091445126061628617173151954259187920815403489537740588233354180598156047568537137924463981927573022523465129699598066387107870699644688897265119014709024300128251250208654032811466676987672921103159459090088931363990754763537600958183458853032727252488204826313405174306069393377967986765721561160768411688742786186720818631066568340067927146172798091974355189883970342702102332483291612734966657521272812620815939676920616225780829192111509928603978161757979621584073001680785422744380149491654166223101123603676625105588748843469328853714640490878533273096948936606252295669613845644779572192372219910604574632383745472503238421282731212207271625171122252365548858252519197376465747790565105264329099785205119455211261038700358864335958102116173569652455718177068052223841610852981629706917479283865313994876017165027417998745970630040033952217297955020066364062387361315434918769683613866929021512240608862124842105341731090110943681185278947081016716627659119399814910396463474309559209660023262514873537037406351998237260226888579232122480214856042459570237398614837629428714150097235938383318070954657487800923177937476412218276892651789459834283520645548537789907757080871053523693499624194775825098738693540788245360681177227265065783233887530614622572307703664915080030955172317499265435047481372117953538732077181815429241080758116716076882873869741006096620720498782306699489923722399466322108079433326671728547994491427708361257101098864718043532260171425573861245952461925330080324325549375317088361620963858962398657787858567851423136953424308779727626936111709122891473832786766827856598808239051441593831829288611840254940775453264465256102714021214377458742179395419355858103236315960663187845342957904907648017964127718771064579527515236098772926469191386960693559241764149825211794611620240271266046064126488697338441970607258226622430040646754920476794149344973163924232086239462888055300572575845773114433050881528948971620268984557153533724212965146654487703929996545262788165845691468403545969963774646812875122033837551898037534046450157194417547979643979333992335224084341335047859903396814979100068004362962570341518286277323712664641013138992633419438626232686772540346156062451449779352988605454995331970094277864950289746334642619022033360275553643480531077087572106483231000440650226886975108745108929946414584471735024427028223421923884214043569222315455635463422250726339100787128672563838490825844695913672313082193643078695000467882404905547205704224538642090922076497428371942992102470144230963758169486580000031395394483010100956207820444591116355828241691634065569071663801867857897671516686762649709738762937052171346787147418515727418438313582250249648933370832934970362517670475400371869633110653086420152283303351284409028224426453968684996012565373	1,6,6,6,-6,-6,-6,-6,-6,-6,-6,-6	6,6,6,-6,-6,-6,-6,-6,-6,-6,-6,-6	ok
-0.298298	-12.672673	-49.237800	0.631765	continued:5	864964396167832167854405241079616018765682435021769838401814865060318629451230968447382618490633185877944219176444925528181935384020486013014569025763458989817443376156777366163934133506391088818557873047638805282360580042023613880917086960375381896308027615334569697569573987116582261442964139795751265639034323798316290752124079504272872792738805329360530581783966229787959928135406077827846893016991657642891949558667286552213927096749976219581851380601427072888407947836248670012030282812120168095949661731276822666555685398668052895288109405531841186226632135995231011805076638915940516890777031522523832110344273317245743007270232265835386133418365490389139061379705693778278345675029328068200352499807265215015711918733533375619662288847238263803953235393588909221474450356683013716761419818062521722648458527332697037663828153788724878286308869442220139108667402103500797845137119323509453028581650050029035675392145871904189344491816013903755215665147628874013449279608491738933064366571289050641457952928140443740669390495928889938357430671577549969242137032189802397304747541554919702772432465772813399113802058109280915905160285756207946630409541552983488803873696935122689856210536161207575292450568815675303556918145407777607227005170699419170503545711477619019996858396855809479506430121864055951873152285129744938360551894560628119015064363411960059873953273070391500977759992026979831196780996392963206405347216664806242255403529836146773465108834748121598874541580561343826198902342449151587904036183236250912226412105870175925681646735200974232560787281769522103154621691037684900907768571038813893075847092858833013238306063179055215127595818656018216539188431507900103246892701544006276629725566037894603125093630227274248613351256637118708305577248190834659278814194961245057962607479477523552724363478203302313759001106957020430547413765905880671000917788365654966833806551128872362175446687576610263930700500197869020782117036939772567001059246536786178114446273046084091481457046362150321755353290918018780782056687109192408269687928574834304276159282030006077017116101025065056515014180496925325076713236336149676914585659257805804080810871424537756735965412542251017659757587040983466523238655866654444150989854414193892779293745708111887354092361960465399613833541196076539442475460956203823792155936176048620227236432054893798687223225871341311019312711222517562187871669163680199520882066086291721010959177844336023303599746776306031217770393868916021905298158670203566431122558830440720205057219462551264517598115987953371796007129395298534126290745339379300501835463185955227900728174984188819351169522709567947894583261064919726719104999238149450536578110620987512404550700118524510163643372200825377066003581380053691330291132284060776529465919867205652544809094509189510812676915585140920859892961741568635828984298507268092473280772279922628028494516346422634610053122477655933335710695224136854028184569482499931913687473391826247803090187855787500645028900506043783707199515952265929714790058246914626867042186997781140184032667148915776051175116078314424379686539089443186867265547158574222613670918825988448207919410496136949849787790722435380905327734850053164523095538965049241645025739633349023499268848094705932330834243810656003620	864964396167832167854405241079616018765682435021769838401814865060318629451230968447382618490633185877944219176444925528181935384020486013014569025763458989817443376156777366163934133506391088818557873046342103214009723503599685553328664428597746505058565390575669999013693738546258732027822573316313968122664932562126081761328060845274045543486974144977703306698574656839129954246308906615516859690057825911330238248008713388538995596709364913029206691810312952404652783237044785505240091445126061628617173151954259187920815403489537740588233354180598156047568537137924463981927573022523465129699598066387107870699644688897265119014709024300128251250208654032811466676987672921103159459090088931363990754763537600958183458853032727252488204826313405174306069393377967986765721561160768411688742786186720818631066568340067927146172798091974355189883970342702102332483291612734966657521272812620815939676920616225780829192111509928603978161757979621584073001680785422744380149491654166223101123603676625105588748843469328853714640490878533273096948936606252295669613845644779572192372219910604574632383745472503238421282731212207271625171122252365548858252519197376465747790565105264329099785205119455211261038700358864335958102116173569652455718177068052223841610852981629706917479283865313994876017165027417998745970630040033952217297955020066364062387361315434918769683613866929021512240608862124842105341731090110943681185278947081016716627659119399814910396463474309559209660023262514873537037406351998237260226888579232122480214856042459570237398614837629428714150097235938383318070954657487800923177937476412218276892651789459834283520645548537789907757080871053523693499624194775825098738693540788245360681177227265065783233887530614622572307703664915080030955172317499265435047481372117953538732077181815429241080758116716076882873869741006096620720498782306699489923722399466322108079433326671728547994491427708361257101098864718043532260171425573861245952461925330080324325549375317088361620963858962398657787858567851423136953424308779727626936111709122891473832786766827856598808239051441593831829288611840254940775453264465256102714021214377458742179395419355858103236315960663187845342957904907648017964127718771064579527515236098772926469191386960693559241764149825211794611620240271266046064126488697338441970607258226622430040646754920476794149344973163924232086239462888055300572575845773114433050881528948971620268984557153533724212965146654487703929996545262788165845691468403545969963774646812875122033837551898037534046450157194417547979643979333992335224084341335047859903396814979100068004362962570341518286277323712664641013138992633419438626232686772540346156062451449779352988605454995331970094277864950289746334642619022033360275553643480531077087572106483231000440650226886975108745108929946414584471735024427028223421923884214043569222315455635463422250726339100787128672563838490825844695913672313082193643078695000467882404905547205704224538642090922076497428371942992102470144230963758169486580000031395394483010100956207820444591116355828241691634065569071663801867857897671516686762649709738762937052171346787147418515727418438313582250249648933370832934970362517670475400371869633110653086420152283303351284409028224426453968684996012565373	-1,6,6,6,-6,-6,-6,-6,-6,-6,-6,-6	6,6,6,-6,-6,-6,-6,-6,-6,-6,-6,-6	ok
-0.294294	-12.672673	-50.180291	0.628972	continued:5	864964396167832167854405241079616018765682435021769838401814865060318629451230968447382618490633185877944219176444925528181935384020486013014569025763458989817443376156777366163934133506391088818557873047638805282360580042023613880917086960375381896308027615334569697569573987116582261442964139795751265639034323798316290752124079504272872792738805329360530581783966229787959928135406077827846893016991657642891949558667286552213927096749976219581851380601427072888407947836248670012030282812120168095949661731276822666555685398668052895288109405531841186226632135995231011805076638915940516890777031522523832110344273317245743007270232265835386133418365490389139061379705693778278345675029328068200352499807265215015711918733533375619662288847238263803953235393588909221474450356683013716761419818062521722648458527332697037663828153788724878286308869442220139108667402103500797845137119323509453028581650050029035675392145871904189344491816013903755215665147628874013449279608491738933064366571289050641457952928140443740669390495928889938357430671577549969242137032189802397304747541554919702772432465772813399113802058109280915905160285756207946630409541552983488803873696935122689856210536161207575292450568815675303556918145407777607227005170699419170503545711477619019996858396855809479506430121864055951873152285129744938360551894560628119015064363411960059873953273070391500977759992026979831196780996392963206405347216664806242255403529836146773465108834748121598874541580561343826198902342449151587904036183236250912226412105870175925681646735200974232560787281769522103154621691037684900907768571038813893075847092858833013238306063179055215127595818656018216539188431507900103246892701544006276629725566037894603125093630227274248613351256637118708305577248190834659278814194961245057962607479477523552724363478203302313759001106957020430547413765905880671000917788365654966833806551128872362175446687576610263930700500197869020782117036939772567001059246536786178114446273046084091481457046362150321755353290918018780782056687109192408269687928574834304276159282030006077017116101025065056515014180496925325076713236336149676914585659257805804080810871424537756735965412542251017659757587040983466523238655866654444150989854414193892779293745708111887354092361960465399613833541196076539442475460956203823792155936176048620227236432054893798687223225871341311019312711222517562187871669163680199520882066086291721010959177844336023303599746776306031217770393868916021905298158670203566431122558830440720205057219462551264517598115987953371796007129395298534126290745339379300501835463185955227900728174984188819351169522709567947894583261064919726719104999238149450536578110620987512404550700118524510163643372200825377066003581380053691330291132284060776529465919867205652544809094509189510812676915585140920859892961741568635828984298507268092473280772279922628028494516346422634610053122477655933335710695224136854028184569482499931913687473391826247803090187855787500645028900506043783707199515952265929714790058246914626867042186997781140184032667148915776051175116078314424379686539089443186867265547158574222613670918825988448207919410496136949849787790722435380905327734850053164523095538965049241645025739633349023499268848094705932330834243810656003620	864964396167832167854405241079616018765682435021769838401814865060318629451230968447382618490633185877944219176444925528181935384020486013014569025763458989817443376156777366163934133506391088818557873046342103214009723503599685553328664428597746505058565390575669999013693738546258732027822573316313968122664932562126081761328060845274045543486974144977703306698574656839129954246308906615516859690057825911330238248008713388538995596709364913029206691810312952404652783237044785505240091445126061628617173151954259187920815403489537740588233354180598156047568537137924463981927573022523465129699598066387107870699644688897265119014709024300128251250208654032811466676987672921103159459090088931363990754763537600958183458853032727252488204826313405174306069393377967986765721561160768411688742786186720818631066568340067927146172798091974355189883970342702102332483291612734966657521272812620815939676920616225780829192111509928603978161757979621584073001680785422744380149491654166223101123603676625105588748843469328853714640490878533273096948936606252295669613845644779572192372219910604574632383745472503238421282731212207271625171122252365548858252519197376465747790565105264329099785205119455211261038700358864335958102116173569652455718177068052223841610852981629706917479283865313994876017165027417998745970630040033952217297955020066364062387361315434918769683613866929021512240608862124842105341731090110943681185278947081016716627659119399814910396463474309559209660023262514873537037406351998237260226888579232122480214856042459570237398614837629428714150097235938383318070954657487800923177937476412218276892651789459834283520645548537789907757080871053523693499624194775825098738693540788245360681177227265065783233887530614622572307703664915080030955172317499265435047481372117953538732077181815429241080758116716076882873869741006096620720498782306699489923722399466322108079433326671728547994491427708361257101098864718043532260171425573861245952461925330080324325549375317088361620963858962398657787858567851423136953424308779727626936111709122891473832786766827856598808239051441593831829288611840254940775453264465256102714021214377458742179395419355858103236315960663187845342957904907648017964127718771064579527515236098772926469191386960693559241764149825211794611620240271266046064126488697338441970607258226622430040646754920476794149344973163924232086239462888055300572575845773114433050881528948971620268984557153533724212965146654487703929996545262788165845691468403545969963774646812875122033837551898037534046450157194417547979643979333992335224084341335047859903396814979100068004362962570341518286277323712664641013138992633419438626232686772540346156062451449779352988605454995331970094277864950289746334642619022033360275553643480531077087572106483231000440650226886975108745108929946414584471735024427028223421923884214043569222315455635463422250726339100787128672563838490825844695913672313082193643078695000467882404905547205704224538642090922076497428371942992102470144230963758169486580000031395394483010100956207820444591116355828241691634065569071663801867857897671516686762649709738762937052171346787147418515727418438313582250249648933370832934970362517670475400371869633110653086420152283303351284409028224426453968684996012565373	-1,6,6,6,-6,-6,-6,-6,-6,-6,-6,-6	6,6,6,-6,-6,-6,-6,-6,-6,-6,-6,-6	ok
-0.290290	-12.672673	-50.927670	0.631765	continued:5	864964396167832167854405241079616018765682435021769838401814865060318629451230968447382618490633185877944219176444925528181935384020486013014569025763458989817443376156777366163934133506391088818557873047638805282360580042023613880917086960375381896308027615334569697569573987116582261442964139795751265639034323798316290752124079504272872792738805329360530581783966229787959928135406077827846893016991657642891949558667286552213927096749976219581851380601427072888407947836248670012030282812120168095949661731276822666555685398668052895288109405531841186226632135995231011805076638915940516890777031522523832110344273317245743007270232265835386133418365490389139061379705693778278345675029328068200352499807265215015711918733533375619662288847238263803953235393588909221474450356683013716761419818062521722648458527332697037663828153788724878286308869442220139108667402103500797845137119323509453028581650050029035675392145871904189344491816013903755215665147628874013449279608491738933064366571289050641457952928140443740669390495928889938357430671577549969242137032189802397304747541554919702772432465772813399113802058109280915905160285756207946630409541552983488803873696935122689856210536161207575292450568815675303556918145407777607227005170699419170503545711477619019996858396855809479506430121864055951873152285129744938360551894560628119015064363411960059873953273070391500977759992026979831196780996392963206405347216664806242255403529836146773465108834748121598874541580561343826198902342449151587904036183236250912226412105870175925681646735200974232560787281769522103154621691037684900907768571038813893075847092858833013240936598327906615163348232010154041492717605204444646178047314005672185540516553350486544044604755893423386384690461710007873728083110607054954892409618371892801661493661361475671872882996897831189626264060334952871395018252628365177859771297931023452237985243342265779172033091563772734235393777584282471341261362493304267821932179368207976416574313998748927418045519208979164552611982407918591091496643025450402480011698554971381347569025456403281528049708752963338608460931531076029151660935074391083939023988666604302523028311098300705905071693129912125259501158418822179197493683033962440828530543834899177641713988351372538396612616307360532142222322394290397708198882290366070707613557059200095650292622966137925196938113313653352253198782697705905621198706523342569958567200121590813419956334651609802452252610298941389541025586795165768285362848248133945591807675121600197137746924715775023366988643259408846505962173152329336102194041189499613586385182218598719236034478115660788155333432874001916772169070007339080238091593224054927253205633048686805301695779278580928720153570026639914808652501277520534519154470349980661360806545178893746024264274112174618230451200318816746656195845251907998444595880454369720372562433971992027923900725439141817860177593802783845463091372935690337044092022886663030862579814909821928295546677692001997048511435285039615876331393273667845586832732848971422322139626059232689645080742870159328986426433990054505921785355545943101236340601539271803254040909445292233576623390977383799826972573922212530550041132867454116565886241259315862457982232196671659760482057435506901563321693358318872433	864964396167832167854405241079616018765682435021769838401814865060318629451230968447382618490633185877944219176444925528181935384020486013014569025763458989817443376156777366163934133506391088818557873046342103214009723503599685553328664428597746505058565390575669999013693738546258732027822573316313968122664932562126081761328060845274045543486974144977703306698574656839129954246308906615516859690057825911330238248008713388538995596709364913029206691810312952404652783237044785505240091445126061628617173151954259187920815403489537740588233354180598156047568537137924463981927573022523465129699598066387107870699644688897265119014709024300128251250208654032811466676987672921103159459090088931363990754763537600958183458853032727252488204826313405174306069393377967986765721561160768411688742786186720818631066568340067927146172798091974355189883970342702102332483291612734966657521272812620815939676920616225780829192111509928603978161757979621584073001680785422744380149491654166223101123603676625105588748843469328853714640490878533273096948936606252295669613845644779572192372219910604574632383745472503238421282731212207271625171122252365548858252519197376465747790565105264329099785205119455211261038700358864335958102116173569652455718177068052223841610852981629706917479283865313994876017165027417998745970630040033952217297955020066364062387361315434918769683613866929021512240608862124842105341731090110943681185278947081016716627659119399814910396463474309559209660023262514873537037406351998237260226888579232122480214856042459570237398614837629428714150097235938383318070954657487800923177937476412218276892651789459834283520645548537789907757080871053523693499624194775825098738693540788245360681177227265065783233887530614622572307703664915080030955172317499265435047481372117953538732077181815429241080758116716076882873869741006096620720498782306699489923722399466322108079433326671728547994491427708361257101098864718043532260171425573861245952461925330080324325549375317088361620963858962398657787858567851423136953424308779727626936111709122891473832786766827856598808239051441593831829288611840254940775453264465256102714021214377458742179395419355858103236315960663187845342957904907648017964127718771064579527515236098772926469191386960693559241764149825211794611620240271266046064126488697338441970607258226622430040646754920476794149344973163924232086239462888055300572575845773114433050881528948971620268984557153533724212965146654487703929996545262788165845691468403545969963774646812875122033837551898037534046450157194417547979643979333992335224084341335047859903396814979100068004362962570341518286277323712664641013138992633419438626232686772540346156062451449779352988605454995331970094277864950289746334642619022033360275553643480531077087572106483231000440650226886975108745108929946414584471735024427028223421923884214043569222315455635463422250726339100787128672563838490825844695913672313082193643078695000467882404905547205704224538642090922076497428371942992102470144230963758169486580000031395394483010100956207820444591116355828241691634065569071663801867857897671516686762649709738762937052171346787147418515727418438313582250249648933370832934970362517670475400371869633110653086420152283303351284409028224426453968684996012565373	-2,6,6,6,-6,-6,-6,-6,-6,-6,-6,-6	6,6,6,-6,-6,-6,-6,-6,-6,-6,-6,-6	ok
-0.286286	-12.672673	-51.463704	0.634559	continued:5	864964396167832167854405241079616018765682435021769838401814865060318629451230968447382618490633185877944219176444925528181935384020486013014569025763458989817443376156777366163934133506391088818557873047638805282360580042023613880917086960375381896308027615334569697569573987116582261442964139795751265639034323798316290752124079504272872792738805329360530581783966229787959928135406077827846893016991657642891949558667286552213927096749976219581851380601427072888407947836248670012030282812120168095949661731276822666555685398668052895288109405531841186226632135995231011805076638915940516890777031522523832110344273317245743007270232265835386133418365490389139061379705693778278345675029328068200352499807265215015711918733533375619662288847238263803953235393588909221474450356683013716761419818062521722648458527332697037663828153788724878286308869442220139108667402103500797845137119323509453028581650050029035675392145871904189344491816013903755215665147628874013449279608491738933064366571289050641457952928140443740669390495928889938357430671577549969242137032189802397304747541554919702772432465772813399113802058109280915905160285756207946630409541552983488803873696935122689856210536161207575292450568815675303556918145407777607227005170699419170503545711477619019996858396855809479506430121864055951873152285129744938360551894560628119015064363411960059873953273070391500977759992026979831196780996392963206405347216664806242255403529836146773465108834748121598874541580561343826198902342449151587904036183236250912226412105870175925681646735200974232560787281769522103154621691037684900907768571038813893075847092858833013239621330753480915145472025333086129015953018356172374712470007774839231085121059694190573584849193060348817499020859173563291016830179398944807085611906666568929812050570419499612298623237550566751692632583645986650971216009267122924430344543148339209535895897235569070673739889570191499083047138891075746061689199716538417411495712952497077265510293522416509449751282785564743153982636662968685936776665067321405374849813564902842811864153743204679272582904889014197561737556014000677114187085705270380426804823962205053301919591261419231320518552836081571459629372729902822860366169450308442489760199124546535210503867029742212875352489133912965878027931795183468575337171623284947249884746617624357938764527510515861942080669592497331636255746960111733904535187843511384739724633103941267215457756247972912877926178537623710379397990332040895095330503459168756011465116976020458671402072089163143942293379623681109150984651273813935114242393264439457044110322702276973568381326549924803753251477791784932333376165536129403478598296231102188894891871834837158853123239698552719441898471113732645937328041328787112924722801317020718945136232523049699284536684310682064521564057951978833758044403496738317136790089480818906422921603125957327976197620892782226235115358140219889399401034079913595536138296184581481388133644150824088049318432773894748846770167895541699791765454612966887650811395547943024594590906528506914914556705009537552518800775034184465150735947317693144051803074348923012933855914135640340892271400736760374838380182322323955727684433858753640544490890112182552051503985915010341629875452765106416947077968584487438026	864964396167832167854405241079616018765682435021769838401814865060318629451230968447382618490633185877944219176444925528181935384020486013014569025763458989817443376156777366163934133506391088818557873046342103214009723503599685553328664428597746505058565390575669999013693738546258732027822573316313968122664932562126081761328060845274045543486974144977703306698574656839129954246308906615516859690057825911330238248008713388538995596709364913029206691810312952404652783237044785505240091445126061628617173151954259187920815403489537740588233354180598156047568537137924463981927573022523465129699598066387107870699644688897265119014709024300128251250208654032811466676987672921103159459090088931363990754763537600958183458853032727252488204826313405174306069393377967986765721561160768411688742786186720818631066568340067927146172798091974355189883970342702102332483291612734966657521272812620815939676920616225780829192111509928603978161757979621584073001680785422744380149491654166223101123603676625105588748843469328853714640490878533273096948936606252295669613845644779572192372219910604574632383745472503238421282731212207271625171122252365548858252519197376465747790565105264329099785205119455211261038700358864335958102116173569652455718177068052223841610852981629706917479283865313994876017165027417998745970630040033952217297955020066364062387361315434918769683613866929021512240608862124842105341731090110943681185278947081016716627659119399814910396463474309559209660023262514873537037406351998237260226888579232122480214856042459570237398614837629428714150097235938383318070954657487800923177937476412218276892651789459834283520645548537789907757080871053523693499624194775825098738693540788245360681177227265065783233887530614622572307703664915080030955172317499265435047481372117953538732077181815429241080758116716076882873869741006096620720498782306699489923722399466322108079433326671728547994491427708361257101098864718043532260171425573861245952461925330080324325549375317088361620963858962398657787858567851423136953424308779727626936111709122891473832786766827856598808239051441593831829288611840254940775453264465256102714021214377458742179395419355858103236315960663187845342957904907648017964127718771064579527515236098772926469191386960693559241764149825211794611620240271266046064126488697338441970607258226622430040646754920476794149344973163924232086239462888055300572575845773114433050881528948971620268984557153533724212965146654487703929996545262788165845691468403545969963774646812875122033837551898037534046450157194417547979643979333992335224084341335047859903396814979100068004362962570341518286277323712664641013138992633419438626232686772540346156062451449779352988605454995331970094277864950289746334642619022033360275553643480531077087572106483231000440650226886975108745108929946414584471735024427028223421923884214043569222315455635463422250726339100787128672563838490825844695913672313082193643078695000467882404905547205704224538642090922076497428371942992102470144230963758169486580000031395394483010100956207820444591116355828241691634065569071663801867857897671516686762649709738762937052171346787147418515727418438313582250249648933370832934970362517670475400371869633110653086420152283303351284409028224426453968684996012565373	1,6,6,6,-6,-6,-6,-6,-6,-6,-6,-6	6,6,6,-6,-6,-6,-6,-6,-6,-6,-6,-6	ok
-0.282282	-12.672673	-51.834013	0.631765	continued:5	864964396167832167854405241079616018765682435021769838401814865060318629451230968447382618490633185877944219176444925528181935384020486013014569025763458989817443376156777366163934133506391088818557873046342103214009723503599685553328664428597746505058565390575669999013693738546258732027822573316313968122664932562126081761328060845274045543486974144977703306698574656839129954246308906615516859690057825911330238248008713388538995596709364913029206691810312952404652783237044785505240091445126061628617173151954259187920815403489537740588233354180598156047568537137924463981927573022523465129699598066387107870699644688897265119014709024300128251250208654032811466676987672921103159459090088931363990754763537600958183458853032727252488204826313405174306069393377967986765721561160768411688742786186720818631066568340067927146172798091974355189883970342702102332483291612734966657521272812620815939676920616225780829192111509928603978161757979621584073001680785422744380149491654166223101123603676625105588748843469328853714640490878533273096948936606252295669613845644779572192372219910604574632383745472503238421282731212207271625171122252365548858252519197376465747790565105264329099785205119455211261038700358864335958102116173569652455718177068052223841610852981629706917479283865313994876017165027417998745970630040033952217297955020066364062387361315434918769683613866929021512240608862124842105341731090110943681185278947081016716627659119399814910396463474309559209660023262514873537037406351998237260226888579232122480214856042459570237398614837629428714150097235938383318070954657487800923177937476412218276892651789459834270367969804280789728995014100374398925853755712053110442965631232458700806726240664305361185678259199868933715611678300469252918425860236397787367070364318879235044301167762054833498483164644071697546559112710190058472134704087767528344321075142488955845637158529588535100232537183301125747742165790616804525175773141603100049691070310074073547249164555074931865313623065380860061028955573163420078022170117078572050306286638213854817025747848104629281630336844704479607129640421111304083736012466855520822320569410070181261506497221767963674683503288869614626619016629017015708049676770419847211310556276565667558563006243104433206730390036427865888706763623959308682084298654853861958450292303958835781911423559695347075433078797333222311825199913709286651841479633518585614677054378640563708393836643293835254538804857556268388575787434239246842159684863285714848415652820552503923897766004787073560408228528231997132077966210230787202068812930840973002768814338483064384171798439997078797711425388548199623390957810859558926640575078179131499319787130902271595824361707053116180125959640973302645041014162535224568192372734522078857968900045054244916583616420911051868414548984851024043488442968865703194792968630782666008947046128069154345234685429693575510973229064339556652182175868824407190284960527267384444707939510689736163784991077800248784282981958137660780710639415347727306154444156259269234166547946516055258710263300510860994255578533276775002528258232177634684948533923202158390424346353044127042019212098428025547437889571070562915045932546232459622968646283585249301268264330327837990838103525450222955884508286665822888	864964396167832167854405241079616018765682435021769838401814865060318629451230968447382618490633185877944219176444925528181935384020486013014569025763458989817443376156777366163934133506391088818557873046342103214009723503599685553328664428597746505058565390575669999013693738546258732027822573316313968122664932562126081761328060845274045543486974144977703306698574656839129954246308906615516859690057825911330238248008713388538995596709364913029206691810312952404652783237044785505240091445126061628617173151954259187920815403489537740588233354180598156047568537137924463981927573022523465129699598066387107870699644688897265119014709024300128251250208654032811466676987672921103159459090088931363990754763537600958183458853032727252488204826313405174306069393377967986765721561160768411688742786186720818631066568340067927146172798091974355189883970342702102332483291612734966657521272812620815939676920616225780829192111509928603978161757979621584073001680785422744380149491654166223101123603676625105588748843469328853714640490878533273096948936606252295669613845644779572192372219910604574632383745472503238421282731212207271625171122252365548858252519197376465747790565105264329099785205119455211261038700358864335958102116173569652455718177068052223841610852981629706917479283865313994876017165027417998745970630040033952217297955020066364062387361315434918769683613866929021512240608862124842105341731090110943681185278947081016716627659119399814910396463474309559209660023262514873537037406351998237260226888579232122480214856042459570237398614837629428714150097235938383318070954657487800923177937476412218276892651789459834283520645548537789907757080871053523693499624194775825098738693540788245360681177227265065783233887530614622572307703664915080030955172317499265435047481372117953538732077181815429241080758116716076882873869741006096620720498782306699489923722399466322108079433326671728547994491427708361257101098864718043532260171425573861245952461925330080324325549375317088361620963858962398657787858567851423136953424308779727626936111709122891473832786766827856598808239051441593831829288611840254940775453264465256102714021214377458742179395419355858103236315960663187845342957904907648017964127718771064579527515236098772926469191386960693559241764149825211794611620240271266046064126488697338441970607258226622430040646754920476794149344973163924232086239462888055300572575845773114433050881528948971620268984557153533724212965146654487703929996545262788165845691468403545969963774646812875122033837551898037534046450157194417547979643979333992335224084341335047859903396814979100068004362962570341518286277323712664641013138992633419438626232686772540346156062451449779352988605454995331970094277864950289746334642619022033360275553643480531077087572106483231000440650226886975108745108929946414584471735024427028223421923884214043569222315455635463422250726339100787128672563838490825844695913672313082193643078695000467882404905547205704224538642090922076497428371942992102470144230963758169486580000031395394483010100956207820444591116355828241691634065569071663801867857897671516686762649709738762937052171346787147418515727418438313582250249648933370832934970362517670475400371869633110653086420152283303351284409028224426453968684996012565373	1,6,6,-6,-6,-6,-6,-6,-6,-6,-6,-6	6,6,6,-6,-6,-6,-6,-6,-6,-6,-6,-6	ok
-0.278278	-12.672673	-52.126790	0.630723	continued:5	864964396167832167854405241079616018765682435021769838401814865060318629451230968447382618490633185877944219176444925528181935384020486013014569025763458989817443376156777366163934133506391088818557873046342103214009723503599685553328664428597746505058565390575669999013693738546258732027822573316313968122664932562126081761328060845274045543486974144977703306698574656839129954246308906615516859690057825911330238248008713388538995596709364913029206691810312952404652783237044785505240091445126061628617173151954259187920815403489537740588233354180598156047568537137924463981927573022523465129699598066387107870699644688897265119014709024300128251250208654032811466676987672921103159459090088931363990754763537600958183458853032727252488204826313405174306069393377967986765721561160768411688742786186720818631066568340067927146172798091974355189883970342702102332483291612734966657521272812620815939676920616225780829192111509928603978161757979621584073001680785422744380149491654166223101123603676625105588748843469328853714640490878533273096948936606252295669613845644779572192372219910604574632383745472503238421282731212207271625171122252365548858252519197376465747790565105264329099785205119455211261038700358864335958102116173569652455718177068052223841610852981629706917479283865313994876017165027417998745970630040033952217297955020066364062387361315434918769683613866929021512240608862124842105341731090110943681185278947081016716627659119399814910396463474309559209660023262514873537037406351998237260226888579232122480214856042459570237398614837629428714150097235938383318070954657487800923177937476412218276892651789459834270367969804280789728995014100374398925853755712053110442965631232458700806726240664305361185678259199868933715611678300469252918425860236397787367070364318879235044301167762054833498483164644071697546559112710190058472134704087767528344321075142488955845637158529588535100232537183301125747742165790616804525175773141603100049691070310074073547249164555074931865313623065380860061028955573163420078022170117078572050306286638213854817025747848104629281630336844704479607129640421111304083736012466855520822320569410070181261506497221767963674683503288869614626619016629017015708049676770419847211310556276565667558563006243104433206730390036427865888706763623959308682084298654853861958450292303958835781911423559695347075433078797333222311825199913709286651841479633518585614677054378640563708393836643293835254538804857556268388575787434239246842159684863285714848415652820552503923897766004787073560408228528231997132077966210230787202068812930840973002768814338483064384171798439997078797711425388548199623390957810859558926640575078179131499319787130902271595824361707053116180125959640973302645041014162535224568192372734522078857968900045054244916583616420911051868414548984851024043488442968865703194792968630782666008947046128069154345234685429693575510973229064339556652182175868824407190284960527267384444707939510689736163784991077800248784282981958137660780710639415347727306154444156259269234166547946516055258710263300510860994255578533276775002528258232177634684948533923202158390424346353044127042019212098428025547437889571070562915045932546232459622968646283585249301268264330327837990838103525450222955884508286665822888	864964396167832167854405241079616018765682435021769838401814865060318629451230968447382618490633185877944219176444925528181935384020486013014569025763458989817443376156777366163934133506391088818557873046342103214009723503599685553328664428597746505058565390575669999013693738546258732027822573316313968122664932562126081761328060845274045543486974144977703306698574656839129954246308906615516859690057825911330238248008713388538995596709364913029206691810312952404652783237044785505240091445126061628617173151954259187920815403489537740588233354180598156047568537137924463981927573022523465129699598066387107870699644688897265119014709024300128251250208654032811466676987672921103159459090088931363990754763537600958183458853032727252488204826313405174306069393377967986765721561160768411688742786186720818631066568340067927146172798091974355189883970342702102332483291612734966657521272812620815939676920616225780829192111509928603978161757979621584073001680785422744380149491654166223101123603676625105588748843469328853714640490878533273096948936606252295669613845644779572192372219910604574632383745472503238421282731212207271625171122252365548858252519197376465747790565105264329099785205119455211261038700358864335958102116173569652455718177068052223841610852981629706917479283865313994876017165027417998745970630040033952217297955020066364062387361315434918769683613866929021512240608862124842105341731090110943681185278947081016716627659119399814910396463474309559209660023262514873537037406351998237260226888579232122480214856042459570237398614837629428714150097235938383318070954657487800923177937476412218276892651789459834283520645548537789907757080871053523693499624194775825098738693540788245360681177227265065783233887530614622572307703664915080030955172317499265435047481372117953538732077181815429241080758116716076882873869741006096620720498782306699489923722399466322108079433326671728547994491427708361257101098864718043532260171425573861245952461925330080324325549375317088361620963858962398657787858567851423136953424308779727626936111709122891473832786766827856598808239051441593831829288611840254940775453264465256102714021214377458742179395419355858103236315960663187845342957904907648017964127718771064579527515236098772926469191386960693559241764149825211794611620240271266046064126488697338441970607258226622430040646754920476794149344973163924232086239462888055300572575845773114433050881528948971620268984557153533724212965146654487703929996545262788165845691468403545969963774646812875122033837551898037534046450157194417547979643979333992335224084341335047859903396814979100068004362962570341518286277323712664641013138992633419438626232686772540346156062451449779352988605454995331970094277864950289746334642619022033360275553643480531077087572106483231000440650226886975108745108929946414584471735024427028223421923884214043569222315455635463422250726339100787128672563838490825844695913672313082193643078695000467882404905547205704224538642090922076497428371942992102470144230963758169486580000031395394483010100956207820444591116355828241691634065569071663801867857897671516686762649709738762937052171346787147418515727418438313582250249648933370832934970362517670475400371869633110653086420152283303351284409028224426453968684996012565373	1,6,6,-6,-6,-6,-6,-6,-6,-6,-6,-6	6,6,6,-6,-6,-6,-6,-6,-6,-6,-6,-6	ok
-0.274274	-12.672673	-52.343064	0.633516	continued:5	864964396167832167854405241079616018765682435021769838401814865060318629451230968447382618490633185877944219176444925528181935384020486013014569025763458989817443376156777366163934133506391088818557873046342103214009723503599685553328664428597746505058565390575669999013693738546258732027822573316313968122664932562126081761328060845274045543486974144977703306698574656839129954246308906615516859690057825911330238248008713388538995596709364913029206691810312952404652783237044785505240091445126061628617173151954259187920815403489537740588233354180598156047568537137924463981927573022523465129699598066387107870699644688897265119014709024300128251250208654032811466676987672921103159459090088931363990754763537600958183458853032727252488204826313405174306069393377967986765721561160768411688742786186720818631066568340067927146172798091974355189883970342702102332483291612734966657521272812620815939676920616225780829192111509928603978161757979621584073001680785422744380149491654166223101123603676625105588748843469328853714640490878533273096948936606252295669613845644779572192372219910604574632383745472503238421282731212207271625171122252365548858252519197376465747790565105264329099785205119455211261038700358864335958102116173569652455718177068052223841610852981629706917479283865313994876017165027417998745970630040033952217297955020066364062387361315434918769683613866929021512240608862124842105341731090110943681185278947081016716627659119399814910396463474309559209660023262514873537037406351998237260226888579232122480214856042459570237398614837629428714150097235938383318070954657487800923177937476412218276892651789459834269052702229855089711118807423306486449089168863780838977388325001625746351330747008009390725922696366794364829942075764024670207172929028287639560272652613555363194858076820078773924223405296807259612927637007108454657276124618313611229760810416791219219392931049880215755456341758860402196806272483206680624467333313206023930064931148548472869541526073050716215682888986022706201353065273694619772129044697908456492643304131122951151345043956232306549912546624030768184659675602038408998032068387094547294281224229639453513439207402009174231828222021690257304746622501427952477058231675584725474488860380612357021772387728718807171479252625088131298116277962328112945686315871469514310098260808532057117098501240172834103561452179750152119799095958791409786968370012293132732839671663609722917206321851907865407571388828646446457040366523136892709791084202773931736260840637926466804084158850075977163044406365335755090487798433320466688753285789791565517055356090833460815788541987739752525653940195031753121628739692682172875442009317319790614636159598847520820107937332258894601129127818575603934911651316886543688984054643626233636057032838911346308197913040313459544381492990341484989390113763309570691930073105439528252919519195312523437533081338752854349203295586924429732930802088475539689949148710494076100938242907038139357709625976488066012968442959652216611767280260506683088111888568745656709282192645546878740122177994979122924517729829697286122594298265628246484767122344548497935761563853669825004369560566426996743956653563284282123257028764603938537725473724980463166086448748132291454793472975172802606076090615731148645	864964396167832167854405241079616018765682435021769838401814865060318629451230968447382618490633185877944219176444925528181935384020486013014569025763458989817443376156777366163934133506391088818557873046342103214009723503599685553328664428597746505058565390575669999013693738546258732027822573316313968122664932562126081761328060845274045543486974144977703306698574656839129954246308906615516859690057825911330238248008713388538995596709364913029206691810312952404652783237044785505240091445126061628617173151954259187920815403489537740588233354180598156047568537137924463981927573022523465129699598066387107870699644688897265119014709024300128251250208654032811466676987672921103159459090088931363990754763537600958183458853032727252488204826313405174306069393377967986765721561160768411688742786186720818631066568340067927146172798091974355189883970342702102332483291612734966657521272812620815939676920616225780829192111509928603978161757979621584073001680785422744380149491654166223101123603676625105588748843469328853714640490878533273096948936606252295669613845644779572192372219910604574632383745472503238421282731212207271625171122252365548858252519197376465747790565105264329099785205119455211261038700358864335958102116173569652455718177068052223841610852981629706917479283865313994876017165027417998745970630040033952217297955020066364062387361315434918769683613866929021512240608862124842105341731090110943681185278947081016716627659119399814910396463474309559209660023262514873537037406351998237260226888579232122480214856042459570237398614837629428714150097235938383318070954657487800923177937476412218276892651789459834283520645548537789907757080871053523693499624194775825098738693540788245360681177227265065783233887530614622572307703664915080030955172317499265435047481372117953538732077181815429241080758116716076882873869741006096620720498782306699489923722399466322108079433326671728547994491427708361257101098864718043532260171425573861245952461925330080324325549375317088361620963858962398657787858567851423136953424308779727626936111709122891473832786766827856598808239051441593831829288611840254940775453264465256102714021214377458742179395419355858103236315960663187845342957904907648017964127718771064579527515236098772926469191386960693559241764149825211794611620240271266046064126488697338441970607258226622430040646754920476794149344973163924232086239462888055300572575845773114433050881528948971620268984557153533724212965146654487703929996545262788165845691468403545969963774646812875122033837551898037534046450157194417547979643979333992335224084341335047859903396814979100068004362962570341518286277323712664641013138992633419438626232686772540346156062451449779352988605454995331970094277864950289746334642619022033360275553643480531077087572106483231000440650226886975108745108929946414584471735024427028223421923884214043569222315455635463422250726339100787128672563838490825844695913672313082193643078695000467882404905547205704224538642090922076497428371942992102470144230963758169486580000031395394483010100956207820444591116355828241691634065569071663801867857897671516686762649709738762937052171346787147418515727418438313582250249648933370832934970362517670475400371869633110653086420152283303351284409028224426453968684996012565373	-1,6,6,-6,-6,-6,-6,-6,-6,-6,-6,-6	6,6,6,-6,-6,-6,-6,-6,-6,-6,-6,-6	ok
-0.270270	-12.672673	-52.467957	0.636309	full	864964396167832167854405241079616018765682435021769838401814865060318629451230968447382618490633185877944219176444925528181935384020486013014569025763458989817443376156777366163934133506391088818557873046342103214009723503599685553328664428597746505058565390575669999013693738546258732027822573316313968122664932562126081761328060845274045543486974144977703306698574656839129954246308906615516859690057825911330238248008713388538995596709364913029206691810312952404652783237044785505240091445126061628617173151954259187920815403489537740588233354180598156047568537137924463981927573022523465129699598066387107870699644688897265119014709024300128251250208654032811466676987672921103159459090088931363990754763537600958183458853032727252488204826313405174306069393377967986765721561160768411688742786186720818631066568340067927146172798091974355189883970342702102332483291612734966657521272812620815939676920616225780829192111509928603978161757979621584073001680785422744380149491654166223101123603676625105588748843469328853714640490878533273096948936606252295669613845644779572192372219910604574632383745472503238421282731212207271625171122252365548858252519197376465747790565105264329099785205119455211261038700358864335958102116173569652455718177068052223841610852981629706917479283865313994876017165027417998745970630040033952217297955020066364062387361315434918769683613866929021512240608862124842105341731090110943681185278947081016716627659119399814910396463474309559209660023262514873537037406351998237260226888579232122480214856042459570237398614837629428714150097235938383318070954657487800923177937476412218276892651789459834269052702229855089711118807423306486449089168863780838977388325001625746351330747008009390725922696366794364829942075764024670207172929028287639560272652613555363194858076820078773924223405296807259612927637007108454657276124618313611229760810416791219219392931049880215755456341758860402196806272483206680624467333313206023930064931148548472869541526073050716215682888986022706201353065273694619772129044697908456492643304131122951151345043956232306549912546624030768184659675602038408998032068387094547294281224229639453513439207402009174231828222021690257304746622501427952477058231675584725474488860380612357021772387728718807171479252625088131298116277962328112945686315871469514310098260808532057117098501240172834103561452179750152119799095958791409786968370012293132732839671663609722917206321851907865407571388828646446457040366523136892709791084202773931736260840637926466804084158850075977163044406365335755090487798433320466688753285789791565517055356090833460815788541987739752525653940195031753121628739692682172875442009317319790614636159598847520820107937332258894601129127818575603934911651316886543688984054643626233636057032838911346308197913040313459544381492990341484989390113763309570691930073105439528252919519195312523437533081338752854349203295586924429732930802088475539689949148710494076100938242907038139357709625976488066012968442959652216611767280260506683088111888568745656709282192645546878740122177994979122924517729829697286122594298265628246484767122344548497935761563853669825004369560566426996743956653563284282123257028764603938537725473724980463166086448748132291454793472975172802606076090615731148645	864964396167832167854405241079616018765682435021769838401814865060318629451230968447382618490633185877944219176444925528181935384020486013014569025763458989817443376156777366163934133506391088818557873046342103214009723503599685553328664428597746505058565390575669999013693738546258732027822573316313968122664932562126081761328060845274045543486974144977703306698574656839129954246308906615516859690057825911330238248008713388538995596709364913029206691810312952404652783237044785505240091445126061628617173151954259187920815403489537740588233354180598156047568537137924463981927573022523465129699598066387107870699644688897265119014709024300128251250208654032811466676987672921103159459090088931363990754763537600958183458853032727252488204826313405174306069393377967986765721561160768411688742786186720818631066568340067927146172798091974355189883970342702102332483291612734966657521272812620815939676920616225780829192111509928603978161757979621584073001680785422744380149491654166223101123603676625105588748843469328853714640490878533273096948936606252295669613845644779572192372219910604574632383745472503238421282731212207271625171122252365548858252519197376465747790565105264329099785205119455211261038700358864335958102116173569652455718177068052223841610852981629706917479283865313994876017165027417998745970630040033952217297955020066364062387361315434918769683613866929021512240608862124842105341731090110943681185278947081016716627659119399814910396463474309559209660023262514873537037406351998237260226888579232122480214856042459570237398614837629428714150097235938383318070954657487800923177937476412218276892651789459834283520645548537789907757080871053523693499624194775825098738693540788245360681177227265065783233887530614622572307703664915080030955172317499265435047481372117953538732077181815429241080758116716076882873869741006096620720498782306699489923722399466322108079433326671728547994491427708361257101098864718043532260171425573861245952461925330080324325549375317088361620963858962398657787858567851423136953424308779727626936111709122891473832786766827856598808239051441593831829288611840254940775453264465256102714021214377458742179395419355858103236315960663187845342957904907648017964127718771064579527515236098772926469191386960693559241764149825211794611620240271266046064126488697338441970607258226622430040646754920476794149344973163924232086239462888055300572575845773114433050881528948971620268984557153533724212965146654487703929996545262788165845691468403545969963774646812875122033837551898037534046450157194417547979643979333992335224084341335047859903396814979100068004362962570341518286277323712664641013138992633419438626232686772540346156062451449779352988605454995331970094277864950289746334642619022033360275553643480531077087572106483231000440650226886975108745108929946414584471735024427028223421923884214043569222315455635463422250726339100787128672563838490825844695913672313082193643078695000467882404905547205704224538642090922076497428371942992102470144230963758169486580000031395394483010100956207820444591116355828241691634065569071663801867857897671516686762649709738762937052171346787147418515727418438313582250249648933370832934970362517670475400371869633110653086420152283303351284409028224426453968684996012565373	-1,6,6,-6,-6,-6,-6,-6,-6,-6,-6,-6	6,6,6,-6,-6,-6,-6,-6,-6,-6,-6,-6	ok
-0.266266	-12.672673								error: Could not locate the first local maximum of the reduced return map.
-0.262262	-12.672673								error: Could not locate the first local maximum of the reduced return map.
-0.258258	-12.672673								error: Could not locate the first local maximum of the reduced return map.
-0.254254	-12.672673								error: Could not locate the first local maximum of the reduced return map.
-0.250250	-12.672673								error: Could not locate the first local maximum of the reduced return map.
-0.246246	-12.672673								error: Could not locate the first local maximum of the reduced return map.
-0.242242	-12.672673								error: Could not locate the first local maximum of the reduced return map.
-0.238238	-12.672673								error: Could not locate the first local maximum of the reduced return map.
-0.234234	-12.672673								error: Could not locate the first local maximum of the reduced return map.
-0.230230	-12.672673								error: Could not locate the first local maximum of the reduced return map.
-0.226226	-12.672673								error: Could not locate the first local maximum of the reduced return map.
-0.222222	-12.672673								error: Could not locate the first local maximum of the reduced return map.
-0.218218	-12.672673								error: Could not locate the first local maximum of the reduced return map.
-0.214214	-12.672673								error: Could not locate the first local maximum of the reduced return map.
-0.210210	-12.672673								error: Could not locate the first local maximum of the reduced return map.
-0.206206	-12.672673								error: Could not locate the first local maximum of the reduced return map.
-0.202202	-12.672673								error: Could not locate the first local maximum of the reduced return map.
-0.198198	-12.672673								error: Could not locate the first local maximum of the reduced return map.
-0.194194	-12.672673								error: Could not locate the first local maximum of the reduced return map.
-0.190190	-12.672673								error: Could not locate the first local maximum of the reduced return map.
-0.186186	-12.672673								error: Could not locate the first local maximum of the reduced return map.
-0.182182	-12.672673								error: Could not locate the first local maximum of the reduced return map.
-0.178178	-12.672673								error: Could not locate the first local maximum of the reduced return map.
-0.174174	-12.672673								error: Could not locate the first local maximum of the reduced return map.
-0.170170	-12.672673								error: Could not locate the first local maximum of the reduced return map.
-0.166166	-12.672673								error: Could not locate the first local maximum of the reduced return map.
-0.162162	-12.672673								error: Could not locate the first local maximum of the reduced return map.
-0.158158	-12.672673								error: Could not locate the first local maximum of the reduced return map.
-0.154154	-12.672673								error: Could not locate the first local maximum of the reduced return map.
-0.150150	-12.672673								error: Could not locate the first local maximum of the reduced return map.
-0.146146	-12.672673								error: Could not locate the first local maximum of the reduced return map.
-0.142142	-12.672673								error: Could not locate the first local maximum of the reduced return map.
-0.138138	-12.672673								error: Could not locate the first local maximum of the reduced return map.
-0.134134	-12.672673								error: Could not locate the first local maximum of the reduced return map.
-0.130130	-12.672673								error: Could not locate the first local maximum of the reduced return map.
-0.126126	-12.672673								error: Could not locate the first local maximum of the reduced return map.
-0.122122	-12.672673								error: Could not locate the first local maximum of the reduced return map.
-0.118118	-12.672673								error: Could not locate the first local maximum of the reduced return map.
-0.114114	-12.672673								error: Could not locate the first local maximum of the reduced return map.
-0.110110	-12.672673								error: Could not locate the first local maximum of the reduced return map.
-0.106106	-12.672673								error: Could not locate the first local maximum of the reduced return map.
-0.102102	-12.672673								error: Could not locate the first local maximum of the reduced return map.
-0.098098	-12.672673								error: Could not locate the first local maximum of the reduced return map.
-0.094094	-12.672673								error: Could not locate the first local maximum of the reduced return map.
-0.090090	-12.672673								error: Could not locate the first local maximum of the reduced return map.
-0.086086	-12.672673								error: Could not locate the first local maximum of the reduced return map.
-0.082082	-12.672673								error: Could not locate the first local maximum of the reduced return map.
-0.078078	-12.672673								error: Could not locate the first local maximum of the reduced return map.
-0.074074	-12.672673								error: Could not locate the first local maximum of the reduced return map.
-0.070070	-12.672673								error: Could not locate the first local maximum of the reduced return map.
-0.066066	-12.672673								error: Could not locate the first local maximum of the reduced return map.
-0.062062	-12.672673								error: Could not locate the first local maximum of the reduced return map.
-0.058058	-12.672673								error: Could not locate the first local maximum of the reduced return map.
-0.054054	-12.672673								error: Could not locate the first local maximum of the reduced return map.
-0.050050	-12.672673								error: Could not locate the first local maximum of the reduced return map.
-0.046046	-12.672673								error: Could not locate the first local maximum of the reduced return map.
-0.042042	-12.672673								error: Could not locate the first local maximum of the reduced return map.
-0.038038	-12.672673								error: Could not locate the first local maximum of the reduced return map.
-0.034034	-12.672673								error: Could not locate the first local maximum of the reduced return map.
-0.030030	-12.672673								error: Could not locate the first local maximum of the reduced return map.
-0.026026	-12.672673								error: Could not locate the first local maximum of the reduced return map.
-0.022022	-12.672673								error: Could not locate the first local maximum of the reduced return map.
-0.018018	-12.672673								error: Could not locate the first local maximum of the reduced return map.
-0.014014	-12.672673								error: Could not locate the first local maximum of the reduced return map.
-0.010010	-12.672673								error: Could not locate the first local maximum of the reduced return map.
-0.006006	-12.672673								error: Could not locate the first local maximum of the reduced return map.
-0.002002	-12.672673								error: Could not locate the first local maximum of the reduced return map.
0.002002	-12.672673								error: Could not locate the first local maximum of the reduced return map.
0.006006	-12.672673								error: Could not locate the first local maximum of the reduced return map.
0.010010	-12.672673								error: Could not locate the first local maximum of the reduced return map.
0.014014	-12.672673								error: Could not locate the first local maximum of the reduced return map.
0.018018	-12.672673								error: Could not locate the first local maximum of the reduced return map.
0.022022	-12.672673	-47.666852	0.430086	continued:5	864964396167832167854405241079616018765682435021769838401814865060318629451230968447382618490633185877944219176444925528181935384020486013014569025763458989817443376156777366163934133506391088818557873046342103214009723503599685553328664428597746505058565390575669999013693738546258732027822573316313968122664932562126081761328060845274045543486974144977703306698574656839129954246308906615516859690057825911330238248008713388538995596709364913029206691810312952404652783237044785505240091445126061628617173151954259187920815403489537740588233354180598156047568537137924463981927573022523465129699598066387107870699644688897265119014709024300128251250208654032811466676987672921103159459090088931363990754763537600958183458853032727252488204826313405174306069393377967986765721561160768411688742786186720818631066568340067927146172798091974355189883970342702102332483291612734966657521272812620815939676920616225780829192111509928603978161757979621584073001680785422744380149491654166223101123603676625105588748843469328853714640490878533273096948936606252295669613845644779572192372219910604574632383745472503238421282731212207271625171122252365548858252519197376465747790565105264329099785205119455211261038700358864335958102116173569652455718177068052223841610852981629706917479283865313994876017165027417998745970630040033952217297955020066364062387361315434918769683613866929021512240608862124842105341731090110943681185278947081016716627659119399814910396463474309559209660023262514873537037406351998237260226888579232122480214856042459570237398614837629428714150097235938383318070954657487800923177937476412218276892651789459834276944307676409289818376047485713961309676689953414467770852162386623473083703708945785213484456073365241778143959690982692166474690516276948526401058922845498594291516622471935131369781961380393887214716491225598077546427601435037113917122398770977638976858295928130131824113514305504743502421632327667424028717972283588480647821766117702076935787356965196010113467293462171629359408407070507421607487797212929149838621199173668373145429267307466242940219287948073036719479464516475779512255732865660388462517295312223820001842946320561910888959909624766401235980987266962331863006902244595455895419035756332220242516098815032563382986077093126538841659191932115287364074212571775600200210449781092729105976035157307911934791211885248573271955719688298670976207027739645850023863967953794767664331410600223684489375885002105378046252891989751017504002688165844630409189713733682689522965801778342555547227339342713207340028805094782389768646448636088010431336105576731082226088080701283710157998851356130432132202048401746489182633403882475835922737924791176025474406483581024224075110118752961796195687828390778628964233963189001304967528236075768737958512133323899013488579828957398719313980088996646365709107446257498354789084680791852308883742705884397181319822896451415191248439044770568744691964019611133926163556422528947720194161816584361162640855676950564881625427435189552948396367222093827331858588324451361937851650689828169551342944822051174219402198058064924575685855591816470460663738258849915637230267469758433169564844069610001966873990451454375065049184509076609179977177342241305570671061256276837324704926596641339194118	864964396167832167854405241079616018765682435021769838401814865060318629451230968447382618490633185877944219176444925528181935384020486013014569025763458989817443376156777366163934133506391088818557873046342103214009723503599685553328664428597746505058565390575669999013693738546258732027822573316313968122664932562126081761328060845274045543486974144977703306698574656839129954246308906615516859690057825911208742188350442908932246846109855251610458216844153106233630090151370655829822085564920345833790274931345593165613621541433074903005993730936012381921974056033317304008578691198824463403370805423383299552073835605604286611075302011717724896150566639196317558450490714362936759094689052463648551799630675404793381001784074234245437679535805471489149432597247068543444225632971279447030553632956229879854169646042287384676004437529879529680882423584724236815644446783626229077599156710208460160871183617641117441124304607899171518010782700356481387301182487464012079059435473795219933293481182790933685522729556251957021050084276443646792719459966498097202214255841528454546315678818070351649191401173442673402397681194802118321444394922091396339737539803096693717845614624691407196469938917652228828085172204614495447590618364171458272266267475156660404847508523847363787081467091897146492669484918094663847448033602746286427473868922787897628197961522781503335764479307245979699206222171782017595658482916237537249363506886294550741267196091699334726249099447605779422261964484555430237935617027443983550524588184837242232182644379963934126587092149499603590721556393560983862742843439464611189227004592476917299870657029432397059324822725422647103557507759540745116696687911002544635539212473196467958881218393547108509743599073741446601893222931282264678139682785078926575235740565581292659798855499273246159023963323668892062009092767816856578126944642557948770431745391622235616029761875294121413337169224496437031672430626875642212335999549882426530033082860697244145992835968586686295317982713850423469984275062385195727081147059048057609066492468811077788006636215637931365541465973021934965960260674245170006050982826928392871614422561517214384325502988624763428892257111763160869164344945241659515521431777952218908752887009085987707520735109083063982571658570521998546022968199392793561924059497376261696668583977325671435755373267466155158636270340046673562344993745671589974752906220495662246616122897911655998058061035416430071109220266440130359642833010765065294386041278299323679504198431269471497113480047622068301698039995690985502459650246409102632649467734385576751940544133667132797780500810594962695498221175233568375803995800156669450797302222669385816009206022016969761719608482374967933219891894127104730653903939075452630609790304502913788913311138083460298355147725720071300676109461210138878395500266982177589071909660747513582372566456350489544040556757815594222985580836805728074722691102674232712203320465171945234136607848312041910792269801744067733664029911003086374614044605923437641226315227375804897564578966491969078807995441635498052045209464922589291328225642774760343806412029038395130564754536389825779327258589254582474739323669890759936141249754403252334722486762493632096465267192658030213159292051145216495178332067788652174	-4,6,6,-6,-6,-6,-6,-6,-6,-6,-6,-6	6,6,-6,-6,-6,-6,-6,-6,-6,-6,-6,-6	ok
0.026026	-12.672673	-51.353798	0.432880	continued:5	864964396167832167854405241079616018765682435021769838401814865060318629451230968447382618490633185877944219176444925528181935384020486013014569025763458989817443376156777366163934133506391088818557873046342103214009723503599685553328664428597746505058565390575669999013693738546258732027822573316313968122664932562126081761328060845274045543486974144977703306698574656839129954246308906615516859690057825911330238248008713388538995596709364913029206691810312952404652783237044785505240091445126061628617173151954259187920815403489537740588233354180598156047568537137924463981927573022523465129699598066387107870699644688897265119014709024300128251250208654032811466676987672921103159459090088931363990754763537600958183458853032727252488204826313405174306069393377967986765721561160768411688742786186720818631066568340067927146172798091974355189883970342702102332483291612734966657521272812620815939676920616225780829192111509928603978161757979621584073001680785422744380149491654166223101123603676625105588748843469328853714640490878533273096948936606252295669613845644779572192372219910604574632383745472503238421282731212207271625171122252365548858252519197376465747790565105264329099785205119455211261038700358864335958102116173569652455718177068052223841610852981629706917479283865313994876017165027417998745970630040033952217297955020066364062387361315434918769683613866929021512240608862124842105341731090110943681185278947081016716627659119399814910396463474309559209660023262514873537037406351998237260226888579232122480214856042459570237398614837629428714150097235938383318070954657487800923177937476412218276892651789459834275629040101983589800499840808646048832912103105142196305274856155790518628308215289489243024700510532167209258290088446247583763437585068838378594261211140174722442073531529959071795522202033129449281085015522516473731569021965583196802562134045279902350614068448421812479337318881064019951485739020257300128009532455191404528195626956176476258079718483171794463836559382813475499732516771038621301594671793759034280958216666577469479748563415593920208501497727399325297009499697402884426551788785899414934477950131793092253775656500803121446104628357587043914108593139373268632015457149760334158597339860378909705725480300646937347734939681786804251068706270484091627676229788391252551858418285665950441163112837785398962919585267665503079929615733380794111333918118420397142026585238763926873143895808837714642408468973195556114717471078648663371634087505332847297034901551056652403152194623631459149863517179816965298438637317872069255330921495038602945622647329081478657704824249026383885941366162613985630439830283569103131434838121616495038054297259121274698690059206230002496113286930564097485558465545129948085025645098105459745616368869625839350126429943301421164546772962889180259881759791090233206244550732155217033057153859095677976041101793456460158052962974000064329187670990219877191628207794360617819786725925296123388086451483048979869541137952079437456484076034711904178324666506313719333703969150392761333062604522637813273206973347594730522264098098375187485674180237816800209075476350541335192617818226432140761362833602215686082201547672746543963941336518004393841995526659110024135016625726559904355118178970404519870	864964396167832167854405241079616018765682435021769838401814865060318629451230968447382618490633185877944219176444925528181935384020486013014569025763458989817443376156777366163934133506391088818557873046342103214009723503599685553328664428597746505058565390575669999013693738546258732027822573316313968122664932562126081761328060845274045543486974144977703306698574656839129954246308906615516859690057825911208742188350442908932246846109855251610458216844153106233630090151370655829822085564920345833790274931345593165613621541433074903005993730936012381921974056033317304008578691198824463403370805423383299552073835605604286611075302011717724896150566639196317558450490714362936759094689052463648551799630675404793381001784074234245437679535805471489149432597247068543444225632971279447030553632956229879854169646042287384676004437529879529680882423584724236815644446783626229077599156710208460160871183617641117441124304607899171518010782700356481387301182487464012079059435473795219933293481182790933685522729556251957021050084276443646792719459966498097202214255841528454546315678818070351649191401173442673402397681194802118321444394922091396339737539803096693717845614624691407196469938917652228828085172204614495447590618364171458272266267475156660404847508523847363787081467091897146492669484918094663847448033602746286427473868922787897628197961522781503335764479307245979699206222171782017595658482916237537249363506886294550741267196091699334726249099447605779422261964484555430237935617027443983550524588184837242232182644379963934126587092149499603590721556393560983862742843439464611189227004592476917299870657029432397059324822725422647103557507759540745116696687911002544635539212473196467958881218393547108509743599073741446601893222931282264678139682785078926575235740565581292659798855499273246159023963323668892062009092767816856578126944642557948770431745391622235616029761875294121413337169224496437031672430626875642212335999549882426530033082860697244145992835968586686295317982713850423469984275062385195727081147059048057609066492468811077788006636215637931365541465973021934965960260674245170006050982826928392871614422561517214384325502988624763428892257111763160869164344945241659515521431777952218908752887009085987707520735109083063982571658570521998546022968199392793561924059497376261696668583977325671435755373267466155158636270340046673562344993745671589974752906220495662246616122897911655998058061035416430071109220266440130359642833010765065294386041278299323679504198431269471497113480047622068301698039995690985502459650246409102632649467734385576751940544133667132797780500810594962695498221175233568375803995800156669450797302222669385816009206022016969761719608482374967933219891894127104730653903939075452630609790304502913788913311138083460298355147725720071300676109461210138878395500266982177589071909660747513582372566456350489544040556757815594222985580836805728074722691102674232712203320465171945234136607848312041910792269801744067733664029911003086374614044605923437641226315227375804897564578966491969078807995441635498052045209464922589291328225642774760343806412029038395130564754536389825779327258589254582474739323669890759936141249754403252334722486762493632096465267192658030213159292051145216495178332067788652174	3,6,6,-6,-6,-6,-6,-6,-6,-6,-6,-6	6,6,-6,-6,-6,-6,-6,-6,-6,-6,-6,-6	ok
0.030030	-12.672673	-53.747353	0.435673	continued:5	864964396167832167854405241079616018765682435021769838401814865060318629451230968447382618490633185877944219176444925528181935384020486013014569025763458989817443376156777366163934133506391088818557873046342103214009723503599685553328664428597746505058565390575669999013693738546258732027822573316313968122664932562126081761328060845274045543486974144977703306698574656839129954246308906615516859690057825911208742188350442908932246846109855251610458216844153106233630090151370655829822085564920345833790274931345593165613621541433074903005993730936012381921974056033317304008578691198824463403370805423383299552073835605604286611075302011717724896150566639196317558450490714362936759094689052463648551799630675404793381001784074234245437679535805471489149432597247068543444225632971279447030553632956229879854169646040154162115358451045412922314629624430911787840620179387184031370969367370627096341698969100857516637474065326801074805524750182979848380896412592483267276945674892059132590576401822013212619172919878617504414100660409045345343346530642407147024117069347764748163070217045567923528224880799057434293080879741322888225249935140097473369427229623548152841325438351296010536825872624006072977426614080099022341415238135516857082250661229223420874876429349883272331806369606469798195059195702470846590603057191522829373718101481174858510253818232927238089642499330679735270368972147153641872779924079446347921491097301848962990980544506805457143086155024724086781701320230916091449440761649839019371662601250083633973802624178172067584561907180314655461461662565909334689525734045576539757679822017269609931561214774507674812277423791621178249150811041314521785332289704290008022248316446455382504572118603801241259062914808428611054411419876458056925028653734875452641285557742439077414476537709181842155503942407550568399199250887462795091633260163364181511537542401975820609575024869238388819476685742548579142521148984748491132805325446569389904123635427395924812396208504500340935727881759173875181605645417844776782802926120819086426055203392336299646369130244496499245045031624066549598463873289051198531631239714382757535113473914870690381169661612976195691983721801287640612778573052041260296785733999425364755528544336271029343042748242846498162106723007516314399370629450349842825097803290664332193565172323843904254964555329591047175710730659591816141678843747419622442609821626866433831609159155882387575154773465353818098424870769304771803785564710490915237263201661161670542434579098523710836019124504131164596544741616679575210318138487853787176801609804614577512128080725326585809786607731280387485270840151234875266352251057992599723259969972242751573920123502024468521982690937419120454403878883150189987670755825151310545009464582375753120283171254710892273273328218419086017664732538763034786278563433962087428476176389774131278008107615075410179560460769057614047924112353522006724873332471959463908864436093882604614709360593424346327292066029721903332920062410575913272118285145286406598710844800368950586669127735262853118433219813543762623592327081632728108098411276903166488434455868302827641680973843358264782435545357048328852633297286707018721309387498663418197985598033621285986736472395201638996597162182307494296591605900818630340	864964396167832167854405241079616018765682435021769838401814865060318629451230968447382618490633185877944219176444925528181935384020486013014569025763458989817443376156777366163934133506391088818557873046342103214009723503599685553328664428597746505058565390575669999013693738546258732027822573316313968122664932562126081761328060845274045543486974144977703306698574656839129954246308906615516859690057825911208742188350442908932246846109855251610458216844153106233630090151370655829822085564920345833790274931345593165613621541433074903005993730936012381921974056033317304008578691198824463403370805423383299552073835605604286611075302011717724896150566639196317558450490714362936759094689052463648551799630675404793381001784074234245437679535805471489149432597247068543444225632971279447030553632956229879854169646042287384676004437529879529680882423584724236815644446783626229077599156710208460160871183617641117441124304607899171518010782700356481387301182487464012079059435473795219933293481182790933685522729556251957021050084276443646792719459966498097202214255841528454546315678818070351649191401173442673402397681194802118321444394922091396339737539803096693717845614624691407196469938917652228828085172204614495447590618364171458272266267475156660404847508523847363787081467091897146492669484918094663847448033602746286427473868922787897628197961522781503335764479307245979699206222171782017595658482916237537249363506886294550741267196091699334726249099447605779422261964484555430237935617027443983550524588184837242232182644379963934126587092149499603590721556393560983862742843439464611189227004592476917299870657029432397059324822725422647103557507759540745116696687911002544635539212473196467958881218393547108509743599073741446601893222931282264678139682785078926575235740565581292659798855499273246159023963323668892062009092767816856578126944642557948770431745391622235616029761875294121413337169224496437031672430626875642212335999549882426530033082860697244145992835968586686295317982713850423469984275062385195727081147059048057609066492468811077788006636215637931365541465973021934965960260674245170006050982826928392871614422561517214384325502988624763428892257111763160869164344945241659515521431777952218908752887009085987707520735109083063982571658570521998546022968199392793561924059497376261696668583977325671435755373267466155158636270340046673562344993745671589974752906220495662246616122897911655998058061035416430071109220266440130359642833010765065294386041278299323679504198431269471497113480047622068301698039995690985502459650246409102632649467734385576751940544133667132797780500810594962695498221175233568375803995800156669450797302222669385816009206022016969761719608482374967933219891894127104730653903939075452630609790304502913788913311138083460298355147725720071300676109461210138878395500266982177589071909660747513582372566456350489544040556757815594222985580836805728074722691102674232712203320465171945234136607848312041910792269801744067733664029911003086374614044605923437641226315227375804897564578966491969078807995441635498052045209464922589291328225642774760343806412029038395130564754536389825779327258589254582474739323669890759936141249754403252334722486762493632096465267192658030213159292051145216495178332067788652174	3,-6,-6,-6,-6,-6,-6,-6,-6,-6,-6,-6	6,6,-6,-6,-6,-6,-6,-6,-6,-6,-6,-6	ok
0.034034	-12.672673	-55.209224	0.438467	continued:5	864964396167832167854405241079616018765682435021769838401814865060318629451230968447382618490633185877944219176444925528181935384020486013014569025763458989817443376156777366163934133506391088818557873045045401145658866965175757225740241896820111113809103165816770300457813489975935202612681006836876670606295541325935872770532042186275218294235142960594876031613183083890299980357211735403186826363123994181347975712907656459751797854462379204920292177579276832144192628751604586778883976520806260494034361440544353999279465615045039474457472405008970189501233192640510995812313970837193435810896468969299891773190534143357507833971476946336113985377398010550904678918730113320091177980364323874828335426447018537043086940868992487976970949581991684451695181742868719515236439832101879647172524746307302118713334599335913109576235386348119968854383132556581010901538870704703597873531349310067814029718570587121194228636727334730959780526167031500563196707036039375959341446937156901358169111593326818463110723771938108517158784084362248329506961510776761461968630583699025127557232329956867891926994121651168573986693134482758275584324702051752897193857288842576227289601484559600769366881980851680190644243394755652315835576302243476404311559179417157419403292640343569820208519933574505747094400359763781026089084004674245387698712991575125097331727225461909408861871995142615925496871338942440239178377359908282871438754535964100539167034511826210058630424887261807574313348755568622830908342535228959899974163777064809770461664615930579229613778229468937393242771803719017813407137810565621571721701590193851728657682066444647941846617735118349660217798981896489343296302321586893218723055453967706551236374735615072620885611171824600559013699026772395285478542292718873395433663160290982623452823502329224363535836545590164977665094612437851027911675945577128457075497230469793091998410646464244839748777820135589822855510407705553295541704744325934277042480946166731829732262769861748342414657696583659763944019918653206188875207496972497173976977689675797481999843851779912465273378411896425404368361422796907878890428760602858795546068791104345869042806030805437275343805744999720756232366990361176789840559982864874048152329117576575297185202435217538673935872531342813135558549573949365650122818162641869040521884523533610650124185438044821135136420916931453535153422158338274324208399834465025097089661118948386843344036952848163590225934516253977679433326759202568798855085054604827524034977662239963390260775661254603379085352432321380353151433323129801790488678631691003385340532942459653624093880058727441921904222604279620966382123171846030736970652280717899151201209621750743061559393591557476584284246579662772037661356427769578975410935060258843980400179556274452128380502736945701340663687166386224473493142215893491962253576453163178823913633946388623761158724753599900813285688220398926232293053957132918453591148021722209194323955761333396341186957319316737688197454019971071116091937748446519573468750904379274649905874713258491568829516762908195777469647110600781398844389224219085967972854018077715213254993597760363851355170842940890038123579792912328385530826279939188510911960426384498534514012439442118573089744926661881675830956589782612948995	864964396167832167854405241079616018765682435021769838401814865060318629451230968447382618490633185877944219176444925528181935384020486013014569025763458989817443376156777366163934133506391088818557873046342103214009723503599685553328664428597746505058565390575669999013693738546258732027822573316313968122664932562126081761328060845274045543486974144977703306698574656839129954246308906615516859690057825911208742188350442908932246846109855251610458216844153106233630090151370655829822085564920345833790274931345593165613621541433074903005993730936012381921974056033317304008578691198824463403370805423383299552073835605604286611075302011717724896150566639196317558450490714362936759094689052463648551799630675404793381001784074234245437679535805471489149432597247068543444225632971279447030553632956229879854169646042287384676004437529879529680882423584724236815644446783626229077599156710208460160871183617641117441124304607899171518010782700356481387301182487464012079059435473795219933293481182790933685522729556251957021050084276443646792719459966498097202214255841528454546315678818070351649191401173442673402397681194802118321444394922091396339737539803096693717845614624691407196469938917652228828085172204614495447590618364171458272266267475156660404847508523847363787081467091897146492669484918094663847448033602746286427473868922787897628197961522781503335764479307245979699206222171782017595658482916237537249363506886294550741267196091699334726249099447605779422261964484555430237935617027443983550524588184837242232182644379963934126587092149499603590721556393560983862742843439464611189227004592476917299870657029432397059324822725422647103557507759540745116696687911002544635539212473196467958881218393547108509743599073741446601893222931282264678139682785078926575235740565581292659798855499273246159023963323668892062009092767816856578126944642557948770431745391622235616029761875294121413337169224496437031672430626875642212335999549882426530033082860697244145992835968586686295317982713850423469984275062385195727081147059048057609066492468811077788006636215637931365541465973021934965960260674245170006050982826928392871614422561517214384325502988624763428892257111763160869164344945241659515521431777952218908752887009085987707520735109083063982571658570521998546022968199392793561924059497376261696668583977325671435755373267466155158636270340046673562344993745671589974752906220495662246616122897911655998058061035416430071109220266440130359642833010765065294386041278299323679504198431269471497113480047622068301698039995690985502459650246409102632649467734385576751940544133667132797780500810594962695498221175233568375803995800156669450797302222669385816009206022016969761719608482374967933219891894127104730653903939075452630609790304502913788913311138083460298355147725720071300676109461210138878395500266982177589071909660747513582372566456350489544040556757815594222985580836805728074722691102674232712203320465171945234136607848312041910792269801744067733664029911003086374614044605923437641226315227375804897564578966491969078807995441635498052045209464922589291328225642774760343806412029038395130564754536389825779327258589254582474739323669890759936141249754403252334722486762493632096465267192658030213159292051145216495178332067788652174	-3,5,5,5,-6,-6,-6,-6,-6,-6,-6,-6	6,6,-6,-6,-6,-6,-6,-6,-6,-6,-6,-6	ok
0.038038	-12.672673	-56.095645	0.441260	full	864964396167832167854405241079616018765682435021769838401814865060318629451230968447382618490633185871953289708495758864995204321251765342648450610787761527741736286316803983713273924290485633574719458601643282288719742159990524083892364952363417228951129254635451805066317560162723204178861890442277187883971229653958358752327724217295597627754814652040619475084142795070285664307744859663359871163787996234848655337575973146611512336175162460683332717485664864939138157227230934290592993952620024545676538562738868218136725482329058246933465667518956565908215657283680163991072093005691834669870829394547019732986563018159063832961151235972758501171633410575034093424249837840383413591039303206386951700454881764270380446192943135619083005343215981136272205155673765297021700928157424570284377839284932700692247206414468472200740483582268301468531565760243971409120494848892147570868344728958168864115808217800322847190677205255719838859030392319703658522433388634749816202149042484262705939275319490318822783825390355232700794254501201160500859827188829540294291840992383595200472404629616343430679611245180201867785576046854061550314278216715414633158187250324978828937746422786383528005128845172945324638563166399895777176592962750195237624708470694583630558420284761903422547475625986658245754903784612690986294809715086920859370593753675753406924613049741336009296233588848352615378760617245475270461366915626186671443602682989010285743273546795688825697720170923840358644303472758638061405987305749337482301546288002533967828599172931120662764761460898816203002809394348116821245598038791159345303808782985730635737558572266203601697919493164558542773694133717820394566770481121863201941287513146858996429789157130269817757410629487611240094439690757030975905093733504897018881636094546298738484790416470712237127091938185662162475027678814194665129664514386879300053611844032053129583253807553138252906331456394400827373701798634316090447917943840306166728295995702408311455664734920782972287935905238226572723715095589263062594285175198418296253271808412885698153865990067938685052491045684335080317392042028249104368548770789926071243700195314798333342213529512637707159934545800269619246112067680740114873706312234976964912690178578697231668185286576621270813545723882469530120017980000576502501736466118770455634178405158319280090150780694932957391304930667701154211603688883413360618795797867381203910217324230934063208909989893392157618941241187471678454909444209622394994717523746834710427431551570255244271006835841086401676222144848585060473764349269452530489677243258360269124528822915522828354513446739711516416548562958466608675665272699831091349457298866175116504877803685643663050162096992015121528147782847656550986336905420797134926822426771611829978619354823794391109734105444356758249475065228561639898239383389258827596749045243847358602592331573483566216214180920839571165686754088655300790477256860877037040148366277153389920502546132290829633139799892622853116591372706093034233109694636986145726292594804571067190445251977667382496321403097499218945777544520284035796636747377208423105416419914078322431367344051354248627675738418005442348142643717500198261744489840840837839595112253332225795133018152998245689210627271355621056169358175021948	864964396167832167854405241079616018765682435021769838401814865060318629451230968447382618490633185877944219176444925528181935384020486013014569025763458989817443376156777366163934133506391088818557873046342103214009723503599685553328664428597746505058565390575669999013693738546258732027822573316313968122664932562126081761328060845274045543486974144977703306698574656839129954246308906615516859690057825911208742188350442908932246846109855251610458216844153106233630090151370655829822085564920345833790274931345593165613621541433074903005993730936012381921974056033317304008578691198824463403370805423383299552073835605604286611075302011717724896150566639196317558450490714362936759094689052463648551799630675404793381001784074234245437679535805471489149432597247068543444225632971279447030553632956229879854169646042287384676004437529879529680882423584724236815644446783626229077599156710208460160871183617641117441124304607899171518010782700356481387301182487464012079059435473795219933293481182790933685522729556251957021050084276443646792719459966498097202214255841528454546315678818070351649191401173442673402397681194802118321444394922091396339737539803096693717845614624691407196469938917652228828085172204614495447590618364171458272266267475156660404847508523847363787081467091897146492669484918094663847448033602746286427473868922787897628197961522781503335764479307245979699206222171782017595658482916237537249363506886294550741267196091699334726249099447605779422261964484555430237935617027443983550524588184837242232182644379963934126587092149499603590721556393560983862742843439464611189227004592476917299870657029432397059324822725422647103557507759540745116696687911002544635539212473196467958881218393547108509743599073741446601893222931282264678139682785078926575235740565581292659798855499273246159023963323668892062009092767816856578126944642557948770431745391622235616029761875294121413337169224496437031672430626875642212335999549882426530033082860697244145992835968586686295317982713850423469984275062385195727081147059048057609066492468811077788006636215637931365541465973021934965960260674245170006050982826928392871614422561517214384325502988624763428892257111763160869164344945241659515521431777952218908752887009085987707520735109083063982571658570521998546022968199392793561924059497376261696668583977325671435755373267466155158636270340046673562344993745671589974752906220495662246616122897911655998058061035416430071109220266440130359642833010765065294386041278299323679504198431269471497113480047622068301698039995690985502459650246409102632649467734385576751940544133667132797780500810594962695498221175233568375803995800156669450797302222669385816009206022016969761719608482374967933219891894127104730653903939075452630609790304502913788913311138083460298355147725720071300676109461210138878395500266982177589071909660747513582372566456350489544040556757815594222985580836805728074722691102674232712203320465171945234136607848312041910792269801744067733664029911003086374614044605923437641226315227375804897564578966491969078807995441635498052045209464922589291328225642774760343806412029038395130564754536389825779327258589254582474739323669890759936141249754403252334722486762493632096465267192658030213159292051145216495178332067788652174	-3,5,5,5,5,-6,-6,-6,-6,-6,-6,-6	6,6,-6,-6,-6,-6,-6,-6,-6,-6,-6,-6	ok
0.042042	-12.672673								error: Could not locate the first local maximum of the reduced return map.
0.046046	-12.672673								error: Could not locate the first local maximum of the reduced return map.
0.050050	-12.672673								error: Could not locate the first local maximum of the reduced return map.
0.054054	-12.672673								error: Could not locate the first local maximum of the reduced return map.
0.058058	-12.672673								error: Could not locate the first local maximum of the reduced return map.
0.062062	-12.672673								error: Could not locate the first local maximum of the reduced return map.
0.066066	-12.672673								error: Could not locate the first local maximum of the reduced return map.
0.070070	-12.672673								error: Could not locate the first local maximum of the reduced return map.
0.074074	-12.672673								error: Could not locate the first local maximum of the reduced return map.
0.078078	-12.672673								error: Could not locate the first local maximum of the reduced return map.
0.082082	-12.672673								error: Could not locate the first local maximum of the reduced return map.
0.086086	-12.672673								error: Could not locate the first local maximum of the reduced return map.
0.090090	-12.672673								error: Could not locate the first local maximum of the reduced return map.
0.094094	-12.672673								error: Could not locate the first local maximum of the reduced return map.
0.098098	-12.672673								error: Could not locate the first local maximum of the reduced return map.
0.102102	-12.672673								error: Could not locate the first local maximum of the reduced return map.
0.106106	-12.672673								error: Could not locate the first local maximum of the reduced return map.
0.110110	-12.672673								error: Could not locate the first local maximum of the reduced return map.
0.114114	-12.672673								error: Could not locate the first local maximum of the reduced return map.
0.118118	-12.672673								error: Could not locate the first local maximum of the reduced return map.
0.122122	-12.672673								error: Could not locate the first local maximum of the reduced return map.
0.126126	-12.672673								error: Could not locate the first local maximum of the reduced return map.
0.130130	-12.672673								error: Could not locate the first local maximum of the reduced return map.
0.134134	-12.672673								error: Could not locate the first local maximum of the reduced return map.
0.138138	-12.672673								error: Could not locate the first local maximum of the reduced return map.
0.142142	-12.672673								error: Could not locate the first local maximum of the reduced return map.
0.146146	-12.672673								error: Could not locate the first local maximum of the reduced return map.
0.150150	-12.672673								error: Could not locate the first local maximum of the reduced return map.
0.154154	-12.672673								error: Could not locate the first local maximum of the reduced return map.
0.158158	-12.672673								error: Could not locate the first local maximum of the reduced return map.
0.162162	-12.672673								error: Could not locate the first local maximum of the reduced return map.
0.166166	-12.672673								error: Could not locate the first local maximum of the reduced return map.
0.170170	-12.672673								error: Could not locate the first local maximum of the reduced return map.
0.174174	-12.672673								error: Could not locate the first local maximum of the reduced return map.
0.178178	-12.672673								error: Could not locate the first local maximum of the reduced return map.
0.182182	-12.672673								error: Could not locate the first local maximum of the reduced return map.
0.186186	-12.672673								error: Could not locate the first local maximum of the reduced return map.
0.190190	-12.672673								error: Could not locate the first local maximum of the reduced return map.
0.194194	-12.672673								error: Could not locate the first local maximum of the reduced return map.
0.198198	-12.672673								error: Could not locate the first local maximum of the reduced return map.
0.202202	-12.672673								error: Could not locate the first local maximum of the reduced return map.
0.206206	-12.672673								error: Could not locate the first local maximum of the reduced return map.
0.210210	-12.672673	-48.191051	0.415674	continued:5	864964396167832167854405241079616018765682435021769838401814865060318629451230968447382618490633185877944219176444925528181935384020486013014569025763458989817443376156777366163934133506391088818557873046342103214009723503599685553328664428597746505058565390575669999013693738546258732027822573316313968122664932562126081761328060845274045543486974144977703306698574656839129954246308906615516859690057825911330238248008713388538995596709364913029206691810312952404652783237044785505240091445126061628617173151954259187920815403489537740588233354180598156047568537137924463981927573022523465129699598066387107870699644688897265119014709024300128251250208654032811466676987672921103159459090088931363990754763537600958183458853032727252488204826313405174306069393377967986765721561160768411688742786186720818631066568340067927146172798091974355189883970342702102332483291612734966657521272812620815939676920616225780829192111509928603978161757979621584073001680785422744380149491654166223101123603676625105588748843469328853714640490878533273096948936606252295669613845644779572192372219910604574632383745472503238421282731212207271625171122252365548858252519197376465747790565105264329099785205119455211261038700358864335958102116173569652455718177068052223841610852981629706917479283865313994876017165027417998745970630040033952217297955020066364062387361315434918769683613866929021512240608862124842105341731090110943681185278947081016716627659119399814910396463474309559209660023262514873537037406351998237260226888579232122480214856042459570237398614837629428714150097235938383318070954657487800923177937476412218276892651789459834276944307676409289818376047485713961309676689953414467770852162386623473083703708945785213484456073365241778143959690982692166474690516276948526401058922845498594291516622471935131369781961380393887214716491225598077546427601435037113917122398770977638976858295928130131824113514305504743502421632327667424028717972283588480647821766117702076935787356965196010113467293462171629359408407070507421607487797212929149838621199173668373145429267307466242940219287948073036719479464516475779512255732865660388462517295312223820001842946320561910888959909624766401235980987266962331863006902244595455895419035756332220242516098815032563382986077093126538841659191932115287364074212571775600200210449781092729105976035157307911934791211885248573271955719688298670976207027739645850023863967953794767664331410600223684489375885002105378046252891989751017504002688165844630409189713733682689522965801778342555547227339342713207340028805094782389768646448636088010431336105576731082226088080701283710157998851356130432132202048401746489182633403882475835922737924791176025474406483581024224075110118752961796195687828390778628964233963189001304967528236075768737958512133323899013488579828957398719313980088996646365709107446257498354789084680791852308883742705884397181319822896451415191248439044770568744691964019611133926163556422528947720194161816584361162640855676950564881625427435189552948396367222093827331858588324451361937851650689828169551342944822051174219402198058064924575685855591816470460663738258849915637230267469758433169564844069610001966873990451454375065049184509076609179977177342241305570671061256276837324704926596641339194118	864964396167832167854405241079616018765682435021769838401814865060318629451230968447382618490633185877944219176444925528181935384020486013014569025763458989817443376156777366163934133506391088818557873046342103214009723503599685553328664428597746505058565390575669999013693738546258732027822573316313968122664932562126081761328060845274045543486974144977703306698574656839129954246308906615516859690057825911208742188350442908932246846109855251610458216844153106233630090151370655829822085564920345833790274931345593165613621541433074903005993730936012381921974056033317304008578691198824463403370805423383299552073835605604286611075302011717724896150566639196317558450490714362936759094689052463648551799630675404793381001784074234245437679535805471489149432597247068543444225632971279447030553632956229879854169646040154162115358451045412922314629624430911787840620179387184031370969367370627096341698969100857516637474065326801074805524750182979848380896412592483267276945674892059132590576401822013212619172919878617504414100660409045345343346530642407147024117069347764748163070217045567923528224880799057434293080879741322888225249935140097473369427229623548152841325438351296010536825872624006072977426614080099022341415238135516857082250661229223420874876429349883272331806369606469798195059195702470846590603057191522829373718101481174858510253818232927238089642499330679735270368972147153641872779924079446347921491097301848962990980544506805457143086155024724086781701320230916091449440761649839019371662601250083633973802624178172067584561907180314655461461662565909334689525734045576539757679822017269609931561214774507674820169029238175378356408051103721996645919810793923636815712153831453109236945080541577064017596291806876024368429035095125553192546240983536339482071827974382308511135083361038199601062498491137196000988105105952417980784736980087684198899130756162240367040389747488304888133858289192920448136508829209234537055964416951846621880470396549528878642039396645634833512286235322798339660987214657578618161678635839225530164657388600489897023829743012744587558702524077461904288581157327402941859206683978637374003554826975361083214801013550878029945166071244434125664306504592000839231402891433972388696107323257137213037950784422428882784745078715120431936942209296098335175159558961414096035307739113547921327308737153044200942737709059916375796281001466116687775280353934639169998308691135246963777862700825550030589699957114788759150723485308658527236588277958761629724891710145556655245294121717566598281616243409275077290982953775871519332009675396883446838619119376543215752737599261906504938492924216554144354019070315822569420725092086451075628402574169748618567093055312591724726694146506153159535855773016874306359192617874693621010120679854868034754374499936533185084705732581725422856582384087052749828443173491412195096560668712676274306901827481067774754938331144596947670366875602455291175694742942980830968257864660047198822495467641280860126634011334245743656151241590620004080992664663150360276414700580008377475153680747201332197165928024531567659632901428375950861586836016523284929089894806592476646060023846412170054073718974410200447868548026643895997299557046876033524291921259994366830760024767898205854810345652501941	-4,6,6,-6,-6,-6,-6,-6,-6,-6,-6,-6	6,-6,-6,-6,-6,-6,-6,-6,-6,-6,-6,-6	ok
0.214214	-12.672673	-51.738312	0.418468	continued:5	864964396167832167854405241079616018765682435021769838401814865060318629451230968447382618490633185877944219176444925528181935384020486013014569025763458989817443376156777366163934133506391088818557873046342103214009723503599685553328664428597746505058565390575669999013693738546258732027822573316313968122664932562126081761328060845274045543486974144977703306698574656839129954246308906615516859690057825911208742188350442908932246846109855251610458216844153106233630090151370655829822085564920345833790274931345593165613621541433074903005993730936012381921974056033317304008578691198824463403370805423383299552073835605604286611075302011717724896150566639196317558450490714362936759094689052463648551799630675404793381001784074234245437679535805471489149432597247068543444225632971279447030553632956229879854169646042287384676004437529879529680882423584724236815644446783626229077599156710208460160871183617641117441124304607899171518010782700356481387301182487464012079059435473795219933293481182790933685522729556251957021050084276443646792719459966498097202214255841528454546315678818070351649191401173442673402397681194802118321444394922091396339737539803096693717845614624691407196469938917652228828085172204614495447590618364171458272266267475156660404847508523847363787081467091897146492669484918094663847448033602746286427473868922787897628197961522781503335764479307245979699206222171782017595658482916237537249363506886294550741267196091699334726249099447605779422261964484555430237935617027443983550524588184837242232182644379963934126587092149499603590721556393560983862742843439464611189227004592476917299870657029432397051433217278868446996300267697133270256109166821368915842075375088198741226508256455771285751210222075294033287875607712614768410622095536418039734449470333638061563140309847416888713465407240082264460220238549327233688975467825834446083070157037435815858564396997044205344679996677852095726057070782414898808085360579499969812276247891543640079747005076441392397533578237701500311928933265572393891722394544027918504957038472546887537351936717121686023027795073011022660135552805968965595823015857332513032724341649412543682280363588050081090930812841806367356278611492690918973075762885943611275585324022099879837525532567507133261893636499323192513456655440446538051846703229079179794198448562056027769392619859904158133404263290578573328227556491625095729587447493427456908226973362658796609434971799944698138944391068898758649740647221979802907268514705118385235362948940491189054168884497872578396329617085391223245246770090204225555373559427553963546473152360698568048874716238394733875615065516241337737593290678615871850918297013162501879910933096742986337274037372659157915978014092798729814100255167456821281685107009682717579892448682900786034364687415230586287802987386759372805681771730238745716972755481067267680453520595920603738551918259840033730579852942539040351511971263225647590198532554927677931235736397491771725452819322255550076564751134633495059914131040240413897524168548733084666931075232981911119036271596155651658392817858254318779970261828329338783717444131905893050088287483691725452894504461239017577199781350731741543616271965825524806708479599378353414496127430682989806471010165691581638466181633538379649	864964396167832167854405241079616018765682435021769838401814865060318629451230968447382618490633185877944219176444925528181935384020486013014569025763458989817443376156777366163934133506391088818557873046342103214009723503599685553328664428597746505058565390575669999013693738546258732027822573316313968122664932562126081761328060845274045543486974144977703306698574656839129954246308906615516859690057825911208742188350442908932246846109855251610458216844153106233630090151370655829822085564920345833790274931345593165613621541433074903005993730936012381921974056033317304008578691198824463403370805423383299552073835605604286611075302011717724896150566639196317558450490714362936759094689052463648551799630675404793381001784074234245437679535805471489149432597247068543444225632971279447030553632956229879854169646040154162115358451045412922314629624430911787840620179387184031370969367370627096341698969100857516637474065326801074805524750182979848380896412592483267276945674892059132590576401822013212619172919878617504414100660409045345343346530642407147024117069347764748163070217045567923528224880799057434293080879741322888225249935140097473369427229623548152841325438351296010536825872624006072977426614080099022341415238135516857082250661229223420874876429349883272331806369606469798195059195702470846590603057191522829373718101481174858510253818232927238089642499330679735270368972147153641872779924079446347921491097301848962990980544506805457143086155024724086781701320230916091449440761649839019371662601250083633973802624178172067584561907180314655461461662565909334689525734045576539757679822017269609931561214774507674820169029238175378356408051103721996645919810793923636815712153831453109236945080541577064017596291806876024368429035095125553192546240983536339482071827974382308511135083361038199601062498491137196000988105105952417980784736980087684198899130756162240367040389747488304888133858289192920448136508829209234537055964416951846621880470396549528878642039396645634833512286235322798339660987214657578618161678635839225530164657388600489897023829743012744587558702524077461904288581157327402941859206683978637374003554826975361083214801013550878029945166071244434125664306504592000839231402891433972388696107323257137213037950784422428882784745078715120431936942209296098335175159558961414096035307739113547921327308737153044200942737709059916375796281001466116687775280353934639169998308691135246963777862700825550030589699957114788759150723485308658527236588277958761629724891710145556655245294121717566598281616243409275077290982953775871519332009675396883446838619119376543215752737599261906504938492924216554144354019070315822569420725092086451075628402574169748618567093055312591724726694146506153159535855773016874306359192617874693621010120679854868034754374499936533185084705732581725422856582384087052749828443173491412195096560668712676274306901827481067774754938331144596947670366875602455291175694742942980830968257864660047198822495467641280860126634011334245743656151241590620004080992664663150360276414700580008377475153680747201332197165928024531567659632901428375950861586836016523284929089894806592476646060023846412170054073718974410200447868548026643895997299557046876033524291921259994366830760024767898205854810345652501941	3,6,-6,-6,-6,-6,-6,-6,-6,-6,-6,-6	6,-6,-6,-6,-6,-6,-6,-6,-6,-6,-6,-6	ok
0.218218	-12.672673	-54.023169	0.421261	continued:5	864964396167832167854405241079616018765682435021769838401814865060318629451230968447382618490633185877944219176444925528181935384020486013014569025763458989817443376156777366163934133506391088818557873046342103214009723503599685553328664428597746505058565390575669999013693738546258732027822573316313968122664932562126081761328060845274045543486974144977703306698574656839129954246308906615516859690057825911208742188350442908932246846109855251610458216844153106233630090151370655829822085564920345833790274931345593165613621541433074903005993730936012381921974056033317304008578691198824463403370805423383299552073835605604286611075302011717724896150566639196317558450490714362936759094689052463648551799630675404793381001784074234245437679535805471489149432597247068543444225632971279447030553632956229879854169646040154162115358451045412922314629624430911787840620179387184031370969367370627096341698969100857516637474065326801074805524750182979848380896412592483267276945674892059132590576401822013212619172919878617504414100660409045345343346530642407147024117069347764748163070217045567923528224880799057434293080879741322888225249935140097473369427229623548152841325438351296010536825872624006072977426614080099022341415238135516857082250661229223420874876429349883272331806369606469798195059195702470846590603057191522829373718101481174858510253818232927238089642499330679735270368972147153641872779924079446347921491097301848962990980544506805457143086155024724086781701320230916091449440761649839019371662601250083633973802624178172067584561907180314655461461662565909334689525734045576539757679822017269609931561214774507674810962156217195478231274604364246609308567702856017736556671010215622428049176624947505270799307351975354042168741817340013474213775722526765304834487846037115205565033446767205782581244183060286130465567775184381191276774680693910264396977277676278083983330797389530069474700490318107855591585255677338367232096885618172313784497496265870324134688570022476125286097147679815721321929755118375976476909800701649063242036961059625601271260013661410458354626086474064730880826421977671831129926578552783444228631793762853245264162138379547081968990147756294841693964284143282803539711455850757263483333950505106678031376881152583843041993719328983180060609577323858800240084910579281485209820149754632296977237429761664047671505396151347132769325937538411873401748911839021732941877634233340244343717591926108529443064065904669768977891371581354624688934303891695488694552860329920069866148096234533430929588595845557958565822664410200106453046543159484193189676324326318259575458919419950134315326231355737928786685289722605395915566510785602134990302076990000255172551957251103541909350076339257529459026572500507049918117843243125929703495346350520229646359820504832844823094737006459919680182226942274593208250798592487917791826698772802532497102720592653705093452308023918241687740493404685632011812559652372541911999544381551729515370327790068673745052300477116191193528640795902371031149153489653250624401246574376660575259564169009856172158187273900760864838207672815631578029934040350545034472954501450210166733792912581981633063167881329120141452973990436213914983647779717020978938502474191913101558229208564093645047738493346318410	864964396167832167854405241079616018765682435021769838401814865060318629451230968447382618490633185877944219176444925528181935384020486013014569025763458989817443376156777366163934133506391088818557873046342103214009723503599685553328664428597746505058565390575669999013693738546258732027822573316313968122664932562126081761328060845274045543486974144977703306698574656839129954246308906615516859690057825911208742188350442908932246846109855251610458216844153106233630090151370655829822085564920345833790274931345593165613621541433074903005993730936012381921974056033317304008578691198824463403370805423383299552073835605604286611075302011717724896150566639196317558450490714362936759094689052463648551799630675404793381001784074234245437679535805471489149432597247068543444225632971279447030553632956229879854169646040154162115358451045412922314629624430911787840620179387184031370969367370627096341698969100857516637474065326801074805524750182979848380896412592483267276945674892059132590576401822013212619172919878617504414100660409045345343346530642407147024117069347764748163070217045567923528224880799057434293080879741322888225249935140097473369427229623548152841325438351296010536825872624006072977426614080099022341415238135516857082250661229223420874876429349883272331806369606469798195059195702470846590603057191522829373718101481174858510253818232927238089642499330679735270368972147153641872779924079446347921491097301848962990980544506805457143086155024724086781701320230916091449440761649839019371662601250083633973802624178172067584561907180314655461461662565909334689525734045576539757679822017269609931561214774507674820169029238175378356408051103721996645919810793923636815712153831453109236945080541577064017596291806876024368429035095125553192546240983536339482071827974382308511135083361038199601062498491137196000988105105952417980784736980087684198899130756162240367040389747488304888133858289192920448136508829209234537055964416951846621880470396549528878642039396645634833512286235322798339660987214657578618161678635839225530164657388600489897023829743012744587558702524077461904288581157327402941859206683978637374003554826975361083214801013550878029945166071244434125664306504592000839231402891433972388696107323257137213037950784422428882784745078715120431936942209296098335175159558961414096035307739113547921327308737153044200942737709059916375796281001466116687775280353934639169998308691135246963777862700825550030589699957114788759150723485308658527236588277958761629724891710145556655245294121717566598281616243409275077290982953775871519332009675396883446838619119376543215752737599261906504938492924216554144354019070315822569420725092086451075628402574169748618567093055312591724726694146506153159535855773016874306359192617874693621010120679854868034754374499936533185084705732581725422856582384087052749828443173491412195096560668712676274306901827481067774754938331144596947670366875602455291175694742942980830968257864660047198822495467641280860126634011334245743656151241590620004080992664663150360276414700580008377475153680747201332197165928024531567659632901428375950861586836016523284929089894806592476646060023846412170054073718974410200447868548026643895997299557046876033524291921259994366830760024767898205854810345652501941	-3,-6,-6,-6,-6,-6,-6,-6,-6,-6,-6,-6	6,-6,-6,-6,-6,-6,-6,-6,-6,-6,-6,-6	ok
0.222222	-12.672673	-55.384712	0.424054	continued:5	864964396167832167854405241079616018765682435021751627300691027483022057441861064112157973296597055403728379148854961117672626844935879235412207652163287690741124431323744672028713089368021629569995225828765634090605696065814280380248556317463315033238115337853121445350941407768335613225558667734983848367244394186387983673095388765113795607293269385508040784810029490200021324100034121376798242730647302398033978110353960459298431113900120378390751060260836642154256732057244985152076829263920312468965319228442847623488045279808021591926820777477521262906973844579315781539715615906997025544396669819076953458608352178977768329543434748472052349987765044168023836839946547703392252832433644261220001962595736433458039147311102540004804941843145832874929292216903810282954975046264110660684948204667622050758143377693882296635000567272262547998478230824826758131223876655780677456119527237007568677224511170572047216707238717925560421750335270802125843982206674912988793261123151105328098803461641427577623554000832060105739544985818220783349246175728832515922241468995703042980808889304333620858892679986970945975388479858042813076005521620063067697755359586865208334971953541229767104534603225499976021375156799013026688389326086969969996953487443665952639689749681678106594437228657431397702081574648595093398032601703214872374174091236471506790717533247747884735048420765132730344327907003859236930695848129918757625519773939216686901120198713911737103540632275377017512697246440221627455322524455581803433343706059841569874439550999900730500484245121641748831484645517059209890656175946114548220885997821204332060929452810123742155764006084980239502021121069806674359258773016413484516943787642466464516913844161710858076900790953058087330020202872781397958065395507307023580139096779615739506065245385286309066211655016605627951631793346517900353612920189106450273940298597619896461847346935457562513657549274542382463915615358799105728560846404272871544758670621097406781844970451325611892016734574151512141045686809705126777490488741616936973026695934564278777365851885833696117423681034831400937386439517955842058283057172320292758821997419943290640642180836035732515951529916977955611259362896139296115396960768427846415684942139031697854553634484966494314211317974754014653933839191422791584204541561155278095570873287458892509486541045074423014737600214665619400767106927717497361452818773868553991099145813705963899068437805089922556062322844159897071133965489901334482769902253021505996305787466747675567313183178176252952435572060631034746020261606603765390219335675018123330602153925353870665528778879289582855772487185613301355364190355677859077821896159685994080649705900349937743127501693807917378010236171935628474370301489694708377356163091933616445446111425886160521780525813726329625714945386050688441306508798638443099516956980265869287123806101955364562700314136145849596614413358151638809779957052991775797942636291465472777755424320074166591210924713692963693158064414681061017244436694340081694573070932097567023461010069790149674456399601700764653525419706948458194357507541379455530988876194506119534313818458946605957793318025207439713716080969552540445360143659276492691663153081660495822278031775867988607623546289749534350017395050762160795	864964396167832167854405241079616018765682435021769838401814865060318629451230968447382618490633185877944219176444925528181935384020486013014569025763458989817443376156777366163934133506391088818557873046342103214009723503599685553328664428597746505058565390575669999013693738546258732027822573316313968122664932562126081761328060845274045543486974144977703306698574656839129954246308906615516859690057825911208742188350442908932246846109855251610458216844153106233630090151370655829822085564920345833790274931345593165613621541433074903005993730936012381921974056033317304008578691198824463403370805423383299552073835605604286611075302011717724896150566639196317558450490714362936759094689052463648551799630675404793381001784074234245437679535805471489149432597247068543444225632971279447030553632956229879854169646040154162115358451045412922314629624430911787840620179387184031370969367370627096341698969100857516637474065326801074805524750182979848380896412592483267276945674892059132590576401822013212619172919878617504414100660409045345343346530642407147024117069347764748163070217045567923528224880799057434293080879741322888225249935140097473369427229623548152841325438351296010536825872624006072977426614080099022341415238135516857082250661229223420874876429349883272331806369606469798195059195702470846590603057191522829373718101481174858510253818232927238089642499330679735270368972147153641872779924079446347921491097301848962990980544506805457143086155024724086781701320230916091449440761649839019371662601250083633973802624178172067584561907180314655461461662565909334689525734045576539757679822017269609931561214774507674820169029238175378356408051103721996645919810793923636815712153831453109236945080541577064017596291806876024368429035095125553192546240983536339482071827974382308511135083361038199601062498491137196000988105105952417980784736980087684198899130756162240367040389747488304888133858289192920448136508829209234537055964416951846621880470396549528878642039396645634833512286235322798339660987214657578618161678635839225530164657388600489897023829743012744587558702524077461904288581157327402941859206683978637374003554826975361083214801013550878029945166071244434125664306504592000839231402891433972388696107323257137213037950784422428882784745078715120431936942209296098335175159558961414096035307739113547921327308737153044200942737709059916375796281001466116687775280353934639169998308691135246963777862700825550030589699957114788759150723485308658527236588277958761629724891710145556655245294121717566598281616243409275077290982953775871519332009675396883446838619119376543215752737599261906504938492924216554144354019070315822569420725092086451075628402574169748618567093055312591724726694146506153159535855773016874306359192617874693621010120679854868034754374499936533185084705732581725422856582384087052749828443173491412195096560668712676274306901827481067774754938331144596947670366875602455291175694742942980830968257864660047198822495467641280860126634011334245743656151241590620004080992664663150360276414700580008377475153680747201332197165928024531567659632901428375950861586836016523284929089894806592476646060023846412170054073718974410200447868548026643895997299557046876033524291921259994366830760024767898205854810345652501941	-3,5,5,5,5,5,-6,-6,-6,-6,-6,-6	6,-6,-6,-6,-6,-6,-6,-6,-6,-6,-6,-6	ok
0.226226	-12.672673	-56.219139	0.426848	full	864964396167832167854403821132390537187448818614724616772957482431541940868651654998133755415572680871503937928991686749418632502912249930232178759503071744105669113164332595702925930936478543698344770628648295469884524505622255044511912594621700483505611409002059379060246306302327616174794210043657700208726986470211630510802634039308140018332262446977833004317072884719491560734052523173736779578472653871339405972716175611301281570406789089409729408408614592550485011494310617753065561860864396609427380879477397338068684606024779963719466727485876007415854531432029393445914394946663477399544289934489061993323479396125091000707470500610716902674384504690597004597226313636121965135794639833059178579517930069206097524146015112765652583077535814200044397630060647041086320780165690692761582780561897817627875093223460523243978488987026109565357453880815908396540439506093467534584664391580487233669111022099395628698250263849910488428119066690043873997405004358209180151859725403538251178569070416885827825570161167369117255382095564430174574720159706212555875117792223151072028064036211721774443305779686698748293661257679355025075095723489949550549899095000892912238145712504381590689078554885329210081444541873745828329822756797695578288357427509623824776111928282642853034736888323196597094775835239902558993972050548261582259969700969646889084768994200375145559046168017317413845270668140376026715007001921279190456595949755432047369008520800158893032412453405395876205248910686487954431290550796449321300139095722462167451105549895604241029418987577351662627699621149358165309699440579072196114869478242677135988299376920607627279832615825819871656953732731635556363750215238269353559068683808157980072986145946669132692534522601876893019427019637379012272663360451680661730423162107684106916756736971946772648454701190691342846778054736440246417817799395810983915384934903773735810384595984251346354947912316731605048303499324550652448305286264075060101151964256116072205142678220129760815609256118919536743519485117481492693938981369942961806494203347132825383603405923803829219007076994927290372485787643484312464147550137269576623057584478353318048901053362281795675520638803288433976793844631034240369316546427558859393270353670604282779813161241571473044491150307751140497960193281888784488522583156499655496695506496570633918055249027647582664760786164559358095509671235007864074611429868950725877642947440625848639866131713463477800563424928150105808728858060802062496040170207065092898633658787854283278069917222218377656012691256514510699664617965589909684577235017410280291095584725769661955946764778328507033787387668117735389147983982924725680309320406413041572000936036888747038617026994723476002283405375049092089643883825328354414629251846836210935070027045077161224882739481063782507333987175467573142512249575322206712568314499926218106039223752361230292031562086538661800290020170948603869427622342674190448914163711779806815337478045727304762622613173383368642094840223814861028067148385714450797677207066537660146250859152990522576140378302798711962244509059301047977298896466799770022218852978964679195186965495911302454774023868888381945270871699833392282935256684316500023412741613571252135780257695071035066956559616464866794467246657245594	864964396167832167854405241079616018765682435021769838401814865060318629451230968447382618490633185877944219176444925528181935384020486013014569025763458989817443376156777366163934133506391088818557873046342103214009723503599685553328664428597746505058565390575669999013693738546258732027822573316313968122664932562126081761328060845274045543486974144977703306698574656839129954246308906615516859690057825911208742188350442908932246846109855251610458216844153106233630090151370655829822085564920345833790274931345593165613621541433074903005993730936012381921974056033317304008578691198824463403370805423383299552073835605604286611075302011717724896150566639196317558450490714362936759094689052463648551799630675404793381001784074234245437679535805471489149432597247068543444225632971279447030553632956229879854169646040154162115358451045412922314629624430911787840620179387184031370969367370627096341698969100857516637474065326801074805524750182979848380896412592483267276945674892059132590576401822013212619172919878617504414100660409045345343346530642407147024117069347764748163070217045567923528224880799057434293080879741322888225249935140097473369427229623548152841325438351296010536825872624006072977426614080099022341415238135516857082250661229223420874876429349883272331806369606469798195059195702470846590603057191522829373718101481174858510253818232927238089642499330679735270368972147153641872779924079446347921491097301848962990980544506805457143086155024724086781701320230916091449440761649839019371662601250083633973802624178172067584561907180314655461461662565909334689525734045576539757679822017269609931561214774507674820169029238175378356408051103721996645919810793923636815712153831453109236945080541577064017596291806876024368429035095125553192546240983536339482071827974382308511135083361038199601062498491137196000988105105952417980784736980087684198899130756162240367040389747488304888133858289192920448136508829209234537055964416951846621880470396549528878642039396645634833512286235322798339660987214657578618161678635839225530164657388600489897023829743012744587558702524077461904288581157327402941859206683978637374003554826975361083214801013550878029945166071244434125664306504592000839231402891433972388696107323257137213037950784422428882784745078715120431936942209296098335175159558961414096035307739113547921327308737153044200942737709059916375796281001466116687775280353934639169998308691135246963777862700825550030589699957114788759150723485308658527236588277958761629724891710145556655245294121717566598281616243409275077290982953775871519332009675396883446838619119376543215752737599261906504938492924216554144354019070315822569420725092086451075628402574169748618567093055312591724726694146506153159535855773016874306359192617874693621010120679854868034754374499936533185084705732581725422856582384087052749828443173491412195096560668712676274306901827481067774754938331144596947670366875602455291175694742942980830968257864660047198822495467641280860126634011334245743656151241590620004080992664663150360276414700580008377475153680747201332197165928024531567659632901428375950861586836016523284929089894806592476646060023846412170054073718974410200447868548026643895997299557046876033524291921259994366830760024767898205854810345652501941	-4,5,5,5,5,5,5,-6,-6,-6,-6,-6	6,-6,-6,-6,-6,-6,-6,-6,-6,-6,-6,-6	ok
0.230230	-12.672673								error: Could not locate the first local maximum of the reduced return map.
0.234234	-12.672673								error: Could not locate the first local maximum of the reduced return map.
0.238238	-12.672673								error: Could not locate the first local maximum of the reduced return map.
0.242242	-12.672673								error: Could not locate the first local maximum of the reduced return map.
0.246246	-12.672673								error: Could not locate the first local maximum of the reduced return map.
0.250250	-12.672673								error: Could not locate the first local maximum of the reduced return map.
0.254254	-12.672673								error: Could not locate the first local maximum of the reduced return map.
0.258258	-12.672673								error: Could not locate the first local maximum of the reduced return map.
0.262262	-12.672673								error: Could not locate the first local maximum of the reduced return map.
0.266266	-12.672673								error: Could not locate the first local maximum of the reduced return map.
0.270270	-12.672673								error: Could not locate the first local maximum of the reduced return map.
0.274274	-12.672673								error: Could not locate the first local maximum of the reduced return map.
0.278278	-12.672673								error: Could not locate the first local maximum of the reduced return map.
0.282282	-12.672673								error: Could not locate the first local maximum of the reduced return map.
0.286286	-12.672673								error: Could not locate the first local maximum of the reduced return map.
0.290290	-12.672673								error: Could not locate the first local maximum of the reduced return map.
0.294294	-12.672673								error: Could not locate the first local maximum of the reduced return map.
0.298298	-12.672673								error: Could not locate the first local maximum of the reduced return map.
0.302302	-12.672673								error: Could not locate the first local maximum of the reduced return map.
0.306306	-12.672673								error: Could not locate the first local maximum of the reduced return map.
0.310310	-12.672673								error: Could not locate the first local maximum of the reduced return map.
0.314314	-12.672673								error: Could not locate the first local maximum of the reduced return map.
0.318318	-12.672673								error: Could not locate the first local maximum of the reduced return map.
0.322322	-12.672673								error: Could not locate the first local maximum of the reduced return map.
0.326326	-12.672673								error: Could not locate the first local maximum of the reduced return map.
0.330330	-12.672673								error: Could not locate the first local maximum of the reduced return map.
0.334334	-12.672673								error: Could not locate the first local maximum of the reduced return map.
0.338338	-12.672673								error: Could not locate the first local maximum of the reduced return map.
0.342342	-12.672673								error: Could not locate the first local maximum of the reduced return map.
0.346346	-12.672673								error: Could not locate the first local maximum of the reduced return map.
0.350350	-12.672673								error: Could not locate the first local maximum of the reduced return map.
0.354354	-12.672673								error: Could not locate the first local maximum of the reduced return map.
0.358358	-12.672673								error: Could not locate the first local maximum of the reduced return map.
0.362362	-12.672673	-19.064273	0.401780	continued:5	864964396167832167854405241079616018765682435021769838401814865060318629451230968447382618490633185877944219176444925528181935384020486013014569025763458989817443376156777366163934133506391088818557873046342103214009723503599685553328664428597746505058565390575669999013693738546258732027822573316313968122664932562126081761328060845274045543486974144977703306698574656839129954246308906615516859690057825911208742188350442908932246846109855251610458216844153106233630090151370655829822085564920345833790274931345593165613621541433074903005993730936012381921974056033317304008578691198824463403370805423383299552073835605604286611075302011717724896150566639196317558450490714362936759094689052463648551799630675404793381001784074234245437679535805471489149432597247068543444225632971279447030553632956229879854169646042287384676004437529879529680882423584724236815644446783626229077599156710208460160871183617641117441124304607899171518010782700356481387301182487464012079059435473795219933293481182790933685522729556251957021050084276443646792719459966498097202214255841528454546315678818070351649191401173442673402397681194802118321444394922091396339737539803096693717845614624691407196469938917652228828085172204614495447590618364171458272266267475156660404847508523847363787081467091897146492669484918094663847448033602746286427473868922787897628197961522781503335764479307245979699206222171782017595658482916237537249363506886294550741267196091699334726249099447605779422261964484555430237935617027443983550524588184837242232182644379963934126587092149499603590721556393560983862742843439464611189227004592476917299870657029432397050117949704442746978424061020065357779344579973096644376498068857365786771112762799475315291454659242219464402206005176170185699369164328307891927651758628314189713697218905440829139205647892817826526588762846245629874116888356380528968509892311738079232320169517335885999903801253411372175121177475004774907376920751102893692650108730018039402039366594417176747902844158343346452253042966103593585829269124857895320938796139836189162242820134035645132608849923009203942498101494589598194118354695733199726242661497395098565272840354620967367937238796813568437464322583932462216001484737275510003390730190935528525859665477244478141780632820790058174695603313955495466833810517696332810453425992844420491665494291977158629198928782333889955874650282617346688726537705582756018495448440116653377997790260699409483583586202641863364756949590515592509415593609588228828006074025361475313678118572914330078768213267007929535711290064170079375827574709748694678895253731870473924057085476361362405634539573075965964558173158359072250938462811578021223894554275863989099866442187706522913104367792577333994674647038853716056864326460546018211722304940370340323699610696815672118990800374350911793562816974114840404956229784453893363467012952515622770970478510177440315178898293494592397643517956650883403197734569886966714085591155688393361229577575674130467048204671905229840797478779293243273573810768959297961825491277396901459074317621909010592784085923809607028077267859255101857035949482383809370008876308242042065155712106569756760943190964205238478195442334395903552039478405525806967501270803687149738689629851449309162347489894496667565	864964396167832167854405241079616018765682435021769838401814865060318629451230968447382618490633185877944219176444925528181935384020486013014569025763458989817443376156777366163934133506391088818557873046342103214009723503599685553328664428597746505058565390575669999013693738546258732027822573316313968122664932562126081761328060845274045543486974144977703306698574656839129954246308906615516859690057825911208742188350442908932246846109855251610458216844153106233630090151370655829822085564920345833790274931345593165613621541433074903005993730936012381921974056033317304008578691198824463403370805423383299552073835605604286611075302011717724896150566639196317558450490714362936759094689052463648551799630675404793381001784074234245437679535805471489149432597247068543444225632971279447030553632956229879854169646040154162115358451045412922314629624430911787840620179387184031370969367370627096341698969100857516637474065326801074805524750182979848380896412592483267276945674892059132590576401822013212619172919878617504414100660409045345343346530642407147024117069347764748163070217045567923528224880799057434293080879741322888225249935140097473369427229623548152841325438351296010536825872624006072977426614080099022341415238135516857082250661229223420874876429349883272331806369606469798195059195702470846590603057191522829373718101481174858510253818232927238089642499330679735270368972147153641872779924079446347921491097301848962990980544506805457143086155024724086781701320230916091449440761649839019371662601250083633973802624178172067584561907180314655461461662565909334689525734045576539757679822017269609931561214774507674820169029238175378356408051103721996645919810793923636815712153831453109236945080541577064017596291806876024368429035095125553192546240983536339482071827974382308511135083361038199601062498491137196000988105105952417980784736980087684198899130756162240367040389747488304888133858289192920448136508829209234537055964416951846621880470396549528878642039396645634833512286235322798339660987214657578618161678635839225530164657388600489897023829743012744587558702524077461904288581157327402941859206683978637374003554826975361083214801013550878029945166071244434125664306504592000839231402891433972388696107323257137213037950784422428882784745078715120431936942209296098335175159558961414096035307739113547921327308737153044200942737709059916375796281001466116687775280353934639169998308691135246963777862700825550030589699957114788759150723485308658527236588277958761629724891710145556655245294121717566598281616243409275077290982953775871519332009675396883446838619119376543215752737599261906504938492924216554144354019070315822569420725092086451075628402574169748618567093055312591724726694146506153159535855773016874306359192617874693621010120679854868034754374499936533185084705732581725422856582384087052749828443173491412195096560668712676274306901827481067774754938331144596947670366875602455291175694742942980830968257864660047198822495467641280860126634011334245743656151241590620004080992664663150360276414700580008377475153680747201332197165928024531567659632901428375950861586836016523284929089894806592476646060023846412170054073718974410200447868548026643895997299557046876033524291921259994366830760024767898205854810345652501941	-3,6,-6,-6,-6,-6,-6,-6,-6,-6,-6,-6	6,-6,-6,-6,-6,-6,-6,-6,-6,-6,-6,-6	ok
0.366366	-12.672673	-48.637352	0.404573	continued:5	864964396167832167854405241079616018765682435021769838401814865060318629451230968447382618490633185877944219176444925528181935384020486013014569025763458989817443376156777366163934133506391088818557873046342103214009723503599685553328664428597746505058565390575669999013693738546258732027822573316313968122664932562126081761328060845274045543486974144977703306698574656839129954246308906615516859690057825911208742188350442908932246846109855251610458216844153106233630090151370655829822085564920345833790274931345593165613621541433074903005993730936012381921974056033317304008578691198824463403370805423383299552073835605604286611075302011717724896150566639196317558450490714362936759094689052463648551799630675404793381001784074234245437679535805471489149432597247068543444225632971279447030553632956229879854169646042287384676004437529879529680882423584724236815644446783626229077599156710208460160871183617641117441124304607899171518010782700356481387301182487464012079059435473795219933293481182790933685522729556251957021050084276443646792719459966498097202214255841528454546315678818070351649191401173442673402397681194802118321444394922091396339737539803096693717845614624691407196469938917652228828085172204614495447590618364171458272266267475156660404847508523847363787081467091897146492669484918094663847448033602746286427473868922787897628197961522781503335764479307245979699206222171782017595658482916237537249363506886294550741267196091699334726249099447605779422261964484555430237935617027443983550524588184837242232182644379963934126587092149499603590721556393560983862742843439464611189227004592476917299870657029432397052748484853294147014176474374201182732873753669641187307652681319031695681903750112067256210965784908368602173545210249059351121875026744528187541247182038961933412583400789392948287725166587346702393851714252408837503834047295288363197630421763133552484808624476752524689456192102292819276992964089825022708793800407897045931902387053069240757454643558465608047164312317059654171604823565041194197615519963197941688975280805257585912461053300207726913446740223012841377773004117348332997527677018931826339206021801429988799287886821479194813924386886799166275092900401449375730150041034611712547779917853264231149191399657769788382006640177856326852217707566937580636859595940462026777943471131267635047119745427831157637609597798823256700580462700632844770448357281272157797958498285200939840872153339189986794305195935155653934724344853444013305121435800648541642719823855620902794659650422830826713891020903774516954782250116238371734919544145359232414051050989526662173692347000428105345595591459406709510628408198872671450898131214746982535927311917621983574681632557611792918851660393020125633525863296059926506505887558819416948062592425431231745029764133645500456615174399167833817800726486362651028989281177680641997440028239325584706133358009502627145980807591583488305380424569800411777199330539968389148385881639295150089676061068836969686081297597361760279030783301187584521474526328506871372036659188566920778998225570402292724001549792699030531863255797403575710398938781427976730167698659141408840633296815908278393456371737258244609037101597255146061377480793230899861490984057678829874252390479933854114584873372580091734	864964396167832167854405241079616018765682435021769838401814865060318629451230968447382618490633185877944219176444925528181935384020486013014569025763458989817443376156777366163934133506391088818557873046342103214009723503599685553328664428597746505058565390575669999013693738546258732027822573316313968122664932562126081761328060845274045543486974144977703306698574656839129954246308906615516859690057825911208742188350442908932246846109855251610458216844153106233630090151370655829822085564920345833790274931345593165613621541433074903005993730936012381921974056033317304008578691198824463403370805423383299552073835605604286611075302011717724896150566639196317558450490714362936759094689052463648551799630675404793381001784074234245437679535805471489149432597247068543444225632971279447030553632956229879854169646040154162115358451045412922314629624430911787840620179387184031370969367370627096341698969100857516637474065326801074805524750182979848380896412592483267276945674892059132590576401822013212619172919878617504414100660409045345343346530642407147024117069347764748163070217045567923528224880799057434293080879741322888225249935140097473369427229623548152841325438351296010536825872624006072977426614080099022341415238135516857082250661229223420874876429349883272331806369606469798195059195702470846590603057191522829373718101481174858510253818232927238089642499330679735270368972147153641872779924079446347921491097301848962990980544506805457143086155024724086781701320230916091449440761649839019371662601250083633973802624178172067584561907180314655461461662565909334689525734045576539757679822017269609931561214774507674820169029238175378356408051103721996645919810793923636815712153831453109236945080541577064017596291806876024368429035095125553192546240983536339482071827974382308511135083361038199601062498491137196000988105105952417980784736980087684198899130756162240367040389747488304888133858289192920448136508829209234537055964416951846621880470396549528878642039396645634833512286235322798339660987214657578618161678635839225530164657388600489897023829743012744587558702524077461904288581157327402941859206683978637374003554826975361083214801013550878029945166071244434125664306504592000839231402891433972388696107323257137213037950784422428882784745078715120431936942209296098335175159558961414096035307739113547921327308737153044200942737709059916375796281001466116687775280353934639169998308691135246963777862700825550030589699957114788759150723485308658527236588277958761629724891710145556655245294121717566598281616243409275077290982953775871519332009675396883446838619119376543215752737599261906504938492924216554144354019070315822569420725092086451075628402574169748618567093055312591724726694146506153159535855773016874306359192617874693621010120679854868034754374499936533185084705732581725422856582384087052749828443173491412195096560668712676274306901827481067774754938331144596947670366875602455291175694742942980830968257864660047198822495467641280860126634011334245743656151241590620004080992664663150360276414700580008377475153680747201332197165928024531567659632901428375950861586836016523284929089894806592476646060023846412170054073718974410200447868548026643895997299557046876033524291921259994366830760024767898205854810345652501941	-4,6,-6,-6,-6,-6,-6,-6,-6,-6,-6,-6	6,-6,-6,-6,-6,-6,-6,-6,-6,-6,-6,-6	ok
0.370370	-12.672673	-52.054435	0.407366	continued:5	864964396167832167854405241079616018765682435021769838401814865060318629451230968447382618490633185877944219176444925528181935384020486013014569025763458989817443376156777366163934133506391088818557873046342103214009723503599685553328664428597746505058565390575669999013693738546258732027822573316313968122664932562126081761328060845274045543486974144977703306698574656839129954246308906615516859690057825911208742188350442908932246846109855251610458216844153106233630090151370655829822085564920345833790274931345593165613621541433074903005993730936012381921974056033317304008578691198824463403370805423383299552073835605604286611075302011717724896150566639196317558450490714362936759094689052463648551799630675404793381001784074234245437679535805471489149432597247068543444225632971279447030553632956229879854169646042287384676004437529879529680882423584724236815644446783626229077599156710208460160871183617641117441124304607899171518010782700356481387301182487464012079059435473795219933293481182790933685522729556251957021050084276443646792719459966498097202214255841528454546315678818070351649191401173442673402397681194802118321444394922091396339737539803096693717845614624691407196469938917652228828085172204614495447590618364171458272266267475156660404847508523847363787081467091897146492669484918094663847448033602746286427473868922787897628197961522781503335764479307245979699206222171782017595658482916237537249363506886294550741267196091699334726249099447605779422261964484555430237935617027443983550524588184837242232182644379963934126587092149499603590721556393560983862742843439464611189227004592476917299870657029432397051433217278868446996300267697133270256109166821368915842075375088198741226508256455771285751210222075294033287875607712614768410622095536418039734449470333638061563140309847416888713465407240082264460220238549327233688975467825834446083070157037435815858564396997044205344679996677852095726057070782414898808085360579499969812276247891543640079747005076441392397533578237701500311928933265572393891722394544027918504957038472546887537351936717121686023027795073011022660135552805968965595823015857332513032724341649412543682280363588050081090930812841806367356278611492690918973075762885943611275585324022099879837525532567507133261893636499323192513456655440446538051846703229079179794198448562056027769392619859904158133404263290578573328227556491625095729587447493427456908226973362658796609434971799944698138944391068898758649740647221979802907268514705118385235362948940491189054168884497872578396329617085391223245246770090204225555373559427553963546473152360698568048874716238394733875615065516241337737593290678615871850918297013162501879910933096742986337274037372659157915978014092798729814100255167456821281685107009682717579892448682900786034364687415230586287802987386759372805681771730238745716972755481067267680453520595920603738551918259840033730579852942539040351511971263225647590198532554927677931235736397491771725452819322255550076564751134633495059914131040240413897524168548733084666931075232981911119036271596155651658392817858254318779970261828329338783717444131905893050088287483691725452894504461239017577199781350731741543616271965825524806708479599378353414496127430682989806471010165691581638466181633538379649	864964396167832167854405241079616018765682435021769838401814865060318629451230968447382618490633185877944219176444925528181935384020486013014569025763458989817443376156777366163934133506391088818557873046342103214009723503599685553328664428597746505058565390575669999013693738546258732027822573316313968122664932562126081761328060845274045543486974144977703306698574656839129954246308906615516859690057825911208742188350442908932246846109855251610458216844153106233630090151370655829822085564920345833790274931345593165613621541433074903005993730936012381921974056033317304008578691198824463403370805423383299552073835605604286611075302011717724896150566639196317558450490714362936759094689052463648551799630675404793381001784074234245437679535805471489149432597247068543444225632971279447030553632956229879854169646040154162115358451045412922314629624430911787840620179387184031370969367370627096341698969100857516637474065326801074805524750182979848380896412592483267276945674892059132590576401822013212619172919878617504414100660409045345343346530642407147024117069347764748163070217045567923528224880799057434293080879741322888225249935140097473369427229623548152841325438351296010536825872624006072977426614080099022341415238135516857082250661229223420874876429349883272331806369606469798195059195702470846590603057191522829373718101481174858510253818232927238089642499330679735270368972147153641872779924079446347921491097301848962990980544506805457143086155024724086781701320230916091449440761649839019371662601250083633973802624178172067584561907180314655461461662565909334689525734045576539757679822017269609931561214774507674820169029238175378356408051103721996645919810793923636815712153831453109236945080541577064017596291806876024368429035095125553192546240983536339482071827974382308511135083361038199601062498491137196000988105105952417980784736980087684198899130756162240367040389747488304888133858289192920448136508829209234537055964416951846621880470396549528878642039396645634833512286235322798339660987214657578618161678635839225530164657388600489897023829743012744587558702524077461904288581157327402941859206683978637374003554826975361083214801013550878029945166071244434125664306504592000839231402891433972388696107323257137213037950784422428882784745078715120431936942209296098335175159558961414096035307739113547921327308737153044200942737709059916375796281001466116687775280353934639169998308691135246963777862700825550030589699957114788759150723485308658527236588277958761629724891710145556655245294121717566598281616243409275077290982953775871519332009675396883446838619119376543215752737599261906504938492924216554144354019070315822569420725092086451075628402574169748618567093055312591724726694146506153159535855773016874306359192617874693621010120679854868034754374499936533185084705732581725422856582384087052749828443173491412195096560668712676274306901827481067774754938331144596947670366875602455291175694742942980830968257864660047198822495467641280860126634011334245743656151241590620004080992664663150360276414700580008377475153680747201332197165928024531567659632901428375950861586836016523284929089894806592476646060023846412170054073718974410200447868548026643895997299557046876033524291921259994366830760024767898205854810345652501941	3,6,-6,-6,-6,-6,-6,-6,-6,-6,-6,-6	6,-6,-6,-6,-6,-6,-6,-6,-6,-6,-6,-6	ok
0.374374	-12.672673	-54.237655	0.410160	continued:5	864964396167832167854405241079616018765682435021769838401814865060318629451230968447382618490633185877944219176444925528181935384020486013014569025763458989817443376156777366163934133506391088818557873046342103214009723503599685553328664428597746505058565390575669999013693738546258732027822573316313968122664932562126081761328060845274045543486974144977703306698574656839129954246308906615516859690057825911208742188350442908932246846109855251610458216844153106233630090151370655829822085564920345833790274931345593165613621541433074903005993730936012381921974056033317304008578691198824463403370805423383299552073835605604286611075302011717724896150566639196317558450490714362936759094689052463648551799630675404793381001784074234245437679535805471489149432597247068543444225632971279447030553632956229879854169646040154162115358451045412922314629624430911787840620179387184031370969367370627096341698969100857516637474065326801074805524750182979848380896412592483267276945674892059132590576401822013212619172919878617504414100660409045345343346530642407147024117069347764748163070217045567923528224880799057434293080879741322888225249935140097473369427229623548152841325438351296010536825872624006072977426614080099022341415238135516857082250661229223420874876429349883272331806369606469798195059195702470846590603057191522829373718101481174858510253818232927238089642499330679735270368972147153641872779924079446347921491097301848962990980544506805457143086155024724086781701320230916091449440761649839019371662601250083633973802624178172067584561907180314655461461662565909334689525734045576539757679822017269609931561214774507674810962156217195478231274604364246609308567702856017736556671010215622428049176624947505270799307351975354042168741817340013474213775722526765304834487846037115205565033446767205782581244183060286130465567775184381191276774680693910264396977277676278083983330797389530069474700490318107855591585255677338367232096885618172313784497496265870324134688570022476125286097147679815721321929755118375976476909800701649063242036961059625601271260013661410458354626086474064730880826421977671831129926578552783444228631793762853245264162138379547081968990147756294841693964284143282803539711455850757263483333950505106678031376881152583843041993719328983180060609577323858800240084910579281485209820149754632296977237429761664047671505396151347132769325937538411873401748911839021732941877634233340244343717591926108529443064065904669768977891371581354624688934303891695488694552860329920069866148096234533430929588595845557958565822664410200106453046543159484193189676324326318259575458919419950134315326231355737928786685289722605395915566510785602134990302076990000255172551957251103541909350076339257529459026572500507049918117843243125929703495346350520229646359820504832844823094737006459919680182226942274593208250798592487917791826698772802532497102720592653705093452308023918241687740493404685632011812559652372541911999544381551729515370327790068673745052300477116191193528640795902371031149153489653250624401246574376660575259564169009856172158187273900760864838207672815631578029934040350545034472954501450210166733792912581981633063167881329120141452973990436213914983647779717020978938502474191913101558229208564093645047738493346318410	864964396167832167854405241079616018765682435021769838401814865060318629451230968447382618490633185877944219176444925528181935384020486013014569025763458989817443376156777366163934133506391088818557873046342103214009723503599685553328664428597746505058565390575669999013693738546258732027822573316313968122664932562126081761328060845274045543486974144977703306698574656839129954246308906615516859690057825911208742188350442908932246846109855251610458216844153106233630090151370655829822085564920345833790274931345593165613621541433074903005993730936012381921974056033317304008578691198824463403370805423383299552073835605604286611075302011717724896150566639196317558450490714362936759094689052463648551799630675404793381001784074234245437679535805471489149432597247068543444225632971279447030553632956229879854169646040154162115358451045412922314629624430911787840620179387184031370969367370627096341698969100857516637474065326801074805524750182979848380896412592483267276945674892059132590576401822013212619172919878617504414100660409045345343346530642407147024117069347764748163070217045567923528224880799057434293080879741322888225249935140097473369427229623548152841325438351296010536825872624006072977426614080099022341415238135516857082250661229223420874876429349883272331806369606469798195059195702470846590603057191522829373718101481174858510253818232927238089642499330679735270368972147153641872779924079446347921491097301848962990980544506805457143086155024724086781701320230916091449440761649839019371662601250083633973802624178172067584561907180314655461461662565909334689525734045576539757679822017269609931561214774507674820169029238175378356408051103721996645919810793923636815712153831453109236945080541577064017596291806876024368429035095125553192546240983536339482071827974382308511135083361038199601062498491137196000988105105952417980784736980087684198899130756162240367040389747488304888133858289192920448136508829209234537055964416951846621880470396549528878642039396645634833512286235322798339660987214657578618161678635839225530164657388600489897023829743012744587558702524077461904288581157327402941859206683978637374003554826975361083214801013550878029945166071244434125664306504592000839231402891433972388696107323257137213037950784422428882784745078715120431936942209296098335175159558961414096035307739113547921327308737153044200942737709059916375796281001466116687775280353934639169998308691135246963777862700825550030589699957114788759150723485308658527236588277958761629724891710145556655245294121717566598281616243409275077290982953775871519332009675396883446838619119376543215752737599261906504938492924216554144354019070315822569420725092086451075628402574169748618567093055312591724726694146506153159535855773016874306359192617874693621010120679854868034754374499936533185084705732581725422856582384087052749828443173491412195096560668712676274306901827481067774754938331144596947670366875602455291175694742942980830968257864660047198822495467641280860126634011334245743656151241590620004080992664663150360276414700580008377475153680747201332197165928024531567659632901428375950861586836016523284929089894806592476646060023846412170054073718974410200447868548026643895997299557046876033524291921259994366830760024767898205854810345652501941	-3,-6,-6,-6,-6,-6,-6,-6,-6,-6,-6,-6	6,-6,-6,-6,-6,-6,-6,-6,-6,-6,-6,-6	ok
0.378378	-12.672673	-55.515601	0.412953	continued:5	864875784789290949631695060345026441159445354567920071162702488747167211088165717365360830224044708769098511780153663608590493171115274418054001414945407674667450079774104098412346728783445208216898976025453511463509591688420694936118363133657300248093800216800447236133217869200781788991103419338803636617076130324669096389498537935712240603515819915064428965610610971146246977305070250909675186533506009281988626766532614246763157626088055776151014408309155336661337450624932703763592871976000377302833237349796956731679267959130584447231872229107883390334266702918820279230966753933155989514519412604383286206577297271952048855787516130226317413651472278035444793252718995462035165021949161862663772971122408668465644162850910742494711588705480631897492248814708662562505828615880433312409629102603298502395886379520288429272578752577710523341996340371827116450970463618635638054512546346875026763834407930645726163807506005158880100590078482385683225461225842287339125060720986610240095602784712906165938205765673344609003495448766829023811245507932976573046406779797514845320940532583707449328042155539200997391590552028476238094150958919422728508272979261252980756208260848599125647037786710099485118567892969613235512928388742816837457447068676814012487259115457539278298764383059712230087892623825499909904454712710062159764191508166131490175123269693216395396279161544551509841924718646817678112851810841139015759282940214395888008208310900579644879819177646547518053908516820789003397203262664652827439658081710771040904630387258990410423978619621809511745070793791856990287591238815205175869811897637711461209348714559483064088237167363020597046165882322157227157579085405574385227765101271585808327984981186182830766094911818560101846368852598528416745832934697467655005261556193997381423514459567887575760056495456481991749866348161221709919295081676422214597837068653314166975563462172152469065551397069199979682430332976338087478974994408682681933319755972012256096458008862145612644861810645459774459522358773820097313318323059899390351195202727268008909871144805061435183224803195438035246452795476377998980266554655287163634797811977824271968038201237597714255894371889826547998779451745852939977032232458808232144115992119737655585843747577179254086760523898567308136428147772720042185865813786519600149916912590381296849633131428427851062534349040850938895108998267465728470448535404624675599613974381208032154124801545772282551499681396521269804349309608142748607236652936053110878714376028975756374069455033417812022430481766387626181067567431472761886790795320052227411906560749282907094510872025016535161505312469549282577700795936376938242705804406745341022565693682614481943375394259931177135925521423026067688292921528267514792244899093124111691817509265560027318193187707611727304762275595560483359154237516537841691736442542335681102190638352114287043660706969914675506746614528874155478297661291564318346689963657112378037289089870970316801979231207078978832630629016467475416804469720615887009980264363429865326214680694561120761630926626897312531215418009876606480590716148468179679855766899875998198750142673929165667375270299209998055041892258043460588212762421880263195298345770724267335743025430001608478646862821422324544585041812094889920	864964396167832167854405241079616018765682435021769838401814865060318629451230968447382618490633185877944219176444925528181935384020486013014569025763458989817443376156777366163934133506391088818557873046342103214009723503599685553328664428597746505058565390575669999013693738546258732027822573316313968122664932562126081761328060845274045543486974144977703306698574656839129954246308906615516859690057825911208742188350442908932246846109855251610458216844153106233630090151370655829822085564920345833790274931345593165613621541433074903005993730936012381921974056033317304008578691198824463403370805423383299552073835605604286611075302011717724896150566639196317558450490714362936759094689052463648551799630675404793381001784074234245437679535805471489149432597247068543444225632971279447030553632956229879854169646040154162115358451045412922314629624430911787840620179387184031370969367370627096341698969100857516637474065326801074805524750182979848380896412592483267276945674892059132590576401822013212619172919878617504414100660409045345343346530642407147024117069347764748163070217045567923528224880799057434293080879741322888225249935140097473369427229623548152841325438351296010536825872624006072977426614080099022341415238135516857082250661229223420874876429349883272331806369606469798195059195702470846590603057191522829373718101481174858510253818232927238089642499330679735270368972147153641872779924079446347921491097301848962990980544506805457143086155024724086781701320230916091449440761649839019371662601250083633973802624178172067584561907180314655461461662565909334689525734045576539757679822017269609931561214774507674820169029238175378356408051103721996645919810793923636815712153831453109236945080541577064017596291806876024368429035095125553192546240983536339482071827974382308511135083361038199601062498491137196000988105105952417980784736980087684198899130756162240367040389747488304888133858289192920448136508829209234537055964416951846621880470396549528878642039396645634833512286235322798339660987214657578618161678635839225530164657388600489897023829743012744587558702524077461904288581157327402941859206683978637374003554826975361083214801013550878029945166071244434125664306504592000839231402891433972388696107323257137213037950784422428882784745078715120431936942209296098335175159558961414096035307739113547921327308737153044200942737709059916375796281001466116687775280353934639169998308691135246963777862700825550030589699957114788759150723485308658527236588277958761629724891710145556655245294121717566598281616243409275077290982953775871519332009675396883446838619119376543215752737599261906504938492924216554144354019070315822569420725092086451075628402574169748618567093055312591724726694146506153159535855773016874306359192617874693621010120679854868034754374499936533185084705732581725422856582384087052749828443173491412195096560668712676274306901827481067774754938331144596947670366875602455291175694742942980830968257864660047198822495467641280860126634011334245743656151241590620004080992664663150360276414700580008377475153680747201332197165928024531567659632901428375950861586836016523284929089894806592476646060023846412170054073718974410200447868548026643895997299557046876033524291921259994366830760024767898205854810345652501941	-3,5,5,5,5,5,5,5,5,-6,-6,-6	6,-6,-6,-6,-6,-6,-6,-6,-6,-6,-6,-6	ok
0.382382	-12.672673	-56.306935	0.415746	full	625618220944040565842870786368024983516368827333331764407786785012489258930338022334935369296398291778155880061707246533081838014812920256670062542625979231272827876803583516603976447912084741134053461552145669370865534225165639466254441486982719624819774451148523060618195182587446705773878282937330291860139251041327964567105639152543679285954195627041008235218620269963477392771419381472066989199965375520349085491732527603154087195566194953057829386375553171121861115298064081615240940587133682700992436918672510494562519535064675170868205178010429684307395648339934041305136419637482634356780771555692657699779706941055117292456935736053765541684118135851228646002842603825688456021740954866026289596953305114972968941866070527390917991508871246495789524133033239931623212176771828765524747728797498545510355495748525435161872403331608522719143036809195477270459688600231378662628734694484400584917395825438001608740083422234025393567749395834283889320643758354813966003902035424540313562479819330353065686693356834650146593483728475540679831073192913302198668375713221482121766010042212864230136732003799992775209686638265354752443429957551487907352314581174822947377356734299432780637717104083325396002242394553729558127733814544049361245520360914361711696882743677718013110610354724840542935614628566480773545784528670398766923689315185939423565518949437610563219838070147670098363741989736630258825693043804815395559525753641321386013999854783686463256050367795908017649516688111023665132463638901002114468163589485156288252100127481028054716389580120309863450877446785387401859608947946917190173065158888884336545510076187253317056930460796791227437154376597925184381685502244709430335807558745127135118011274298453939734157466963140464291170706693641427223484619157106022977109428168044284872748505494071162815742153685483984561120104666066408462672164106834958110610355456280366346515226850308671563020339454164024626256605326846788345427653778704585779343799604787309399438600246282103664675224442871840255373130371775890194686097679135690440262190535313515112401129798618603647190151350848573940758807821481076098136263898418959751081379107549566011613966506077963492817165891928225174826126622278421996829109610010263267067242914117505177896132246863980267026097933075778512502803558185154961713617285093228542258692840351266548765127299466760921084784378037852692133597015236426974560875957138778909242829504235733053452822272821409613279411439899568432466919946234731815477967541095575526293476804193890089039176249301812016435313843715165321507894037117764804295809495294560077240279990193298537132173237269243391236905080927928624074618826086089828695348456049543217457336136750734596778209571528551386264211675747117440966095850090770014830265752116092383695001720795769300134241130017517819025316820547056831065248730592551551302534064649231084050069478434021742071331566205647363929602167302703513309998477428520898393886596983042634143382179882840210493937703373011971298313515480658257002602945762766527845344076711446304201881617221657848142116225150668992894412950688901772103377080877849485995506219285461587265132758165951577286663236745502432488924292034368070170507631442841537019324457798883451751620536704756703330647797379452904994979498547548	864964396167832167854405241079616018765682435021769838401814865060318629451230968447382618490633185877944219176444925528181935384020486013014569025763458989817443376156777366163934133506391088818557873046342103214009723503599685553328664428597746505058565390575669999013693738546258732027822573316313968122664932562126081761328060845274045543486974144977703306698574656839129954246308906615516859690057825911208742188350442908932246846109855251610458216844153106233630090151370655829822085564920345833790274931345593165613621541433074903005993730936012381921974056033317304008578691198824463403370805423383299552073835605604286611075302011717724896150566639196317558450490714362936759094689052463648551799630675404793381001784074234245437679535805471489149432597247068543444225632971279447030553632956229879854169646040154162115358451045412922314629624430911787840620179387184031370969367370627096341698969100857516637474065326801074805524750182979848380896412592483267276945674892059132590576401822013212619172919878617504414100660409045345343346530642407147024117069347764748163070217045567923528224880799057434293080879741322888225249935140097473369427229623548152841325438351296010536825872624006072977426614080099022341415238135516857082250661229223420874876429349883272331806369606469798195059195702470846590603057191522829373718101481174858510253818232927238089642499330679735270368972147153641872779924079446347921491097301848962990980544506805457143086155024724086781701320230916091449440761649839019371662601250083633973802624178172067584561907180314655461461662565909334689525734045576539757679822017269609931561214774507674820169029238175378356408051103721996645919810793923636815712153831453109236945080541577064017596291806876024368429035095125553192546240983536339482071827974382308511135083361038199601062498491137196000988105105952417980784736980087684198899130756162240367040389747488304888133858289192920448136508829209234537055964416951846621880470396549528878642039396645634833512286235322798339660987214657578618161678635839225530164657388600489897023829743012744587558702524077461904288581157327402941859206683978637374003554826975361083214801013550878029945166071244434125664306504592000839231402891433972388696107323257137213037950784422428882784745078715120431936942209296098335175159558961414096035307739113547921327308737153044200942737709059916375796281001466116687775280353934639169998308691135246963777862700825550030589699957114788759150723485308658527236588277958761629724891710145556655245294121717566598281616243409275077290982953775871519332009675396883446838619119376543215752737599261906504938492924216554144354019070315822569420725092086451075628402574169748618567093055312591724726694146506153159535855773016874306359192617874693621010120679854868034754374499936533185084705732581725422856582384087052749828443173491412195096560668712676274306901827481067774754938331144596947670366875602455291175694742942980830968257864660047198822495467641280860126634011334245743656151241590620004080992664663150360276414700580008377475153680747201332197165928024531567659632901428375950861586836016523284929089894806592476646060023846412170054073718974410200447868548026643895997299557046876033524291921259994366830760024767898205854810345652501941	-4,-5,5,5,5,5,5,5,5,5,-6,-6	6,-6,-6,-6,-6,-6,-6,-6,-6,-6,-6,-6	ok
0.386386	-12.672673	-19.058700	0.399679	continued:5	864964396167832167854405241079616018765682435021769838401814865060318629451230968447382618490633185877944219176444925528181935384020486013014569025763458989817443376156777366163934133506391088818557873046342103214009723503599685553328664428597746505058565390575669999013693738546258732027822573316313968122664932562126081761328060845274045543486974144977703306698574656839129954246308906615516859690057825911208742188350442908932246846109855251610458216844153106233630090151370655829822085564920345833790274931345593165613621541433074903005993730936012381921974056033317304008578691198824463403370805423383299552073835605604286611075302011717724896150566639196317558450490714362936759094689052463648551799630675404793381001784074234245437679535805471489149432597247068543444225632971279447030553632956229879854169646042287384676004437529879529680882423584724236815644446783626229077599156710208460160871183617641117441124304607899171518010782700356481387301182487464012079059435473795219933293481182790933685522729556251957021050084276443646792719459966498097202214255841528454546315678818070351649191401173442673402397681194802118321444394922091396339737539803096693717845614624691407196469938917652228828085172204614495447590618364171458272266267475156660404847508523847363787081467091897146492669484918094663847448033602746286427473868922787897628197961522781503335764479307245979699206222171782017595658482916237537249363506886294550741267196091699334726249099447605779422261964484555430237935617027443983550524588184837242232182644379963934126587092149499603590721556393560983862742843439464611189227004592476917299870657029432397050117949704442746978424061020065357779344579973096644376498068857365786771112762799475315291454659242219464402206005176170185699369164328307891927651758628314189713697218905440829139205647892817826526588762846245629874116888356380528968509892311738079232320169517335885999903801253411372175121177475004774907376920751102893692650108730018039402039366594417176747902844158343346452253042966103593585829269124857895320938796139836189162242820134035645132608849923009203942498101494589598194118354695733199726242661497395098565272840354620967367937238796813568437464322583932462216001484737275510003390730190935528525859665477244478141780632820790058174695603313955495466833810517696332810453425992844420491665494291977158629198928782333889955874650282617346688726537705582756018495448440116653377997790260699409483583586202641863364756949590515592509415593609588228828006074025361475313678118572914330078768213267007929535711290064170079375827574709748694678895253731870473924057085476361362405634539573075965964558173158359072250938462811578021223894554275863989099866442187706522913104367792577333994674647038853716056864326460546018211722304940370340323699610696815672118990800374350911793562816974114840404956229784453893363467012952515622770970478510177440315178898293494592397643517956650883403197734569886966714085591155688393361229577575674130467048204671905229840797478779293243273573810768959297961825491277396901459074317621909010592784085923809607028077267859255101857035949482383809370008876308242042065155712106569756760943190964205238478195442334395903552039478405525806967501270803687149738689629851449309162347489894496667565	864964396167832167854405241079616018765682435021769838401814865060318629451230968447382618490633185877944219176444925528181935384020486013014569025763458989817443376156777366163934133506391088818557873046342103214009723503599685553328664428597746505058565390575669999013693738546258732027822573316313968122664932562126081761328060845274045543486974144977703306698574656839129954246308906615516859690057825911208742188350442908932246846109855251610458216844153106233630090151370655829822085564920345833790274931345593165613621541433074903005993730936012381921974056033317304008578691198824463403370805423383299552073835605604286611075302011717724896150566639196317558450490714362936759094689052463648551799630675404793381001784074234245437679535805471489149432597247068543444225632971279447030553632956229879854169646040154162115358451045412922314629624430911787840620179387184031370969367370627096341698969100857516637474065326801074805524750182979848380896412592483267276945674892059132590576401822013212619172919878617504414100660409045345343346530642407147024117069347764748163070217045567923528224880799057434293080879741322888225249935140097473369427229623548152841325438351296010536825872624006072977426614080099022341415238135516857082250661229223420874876429349883272331806369606469798195059195702470846590603057191522829373718101481174858510253818232927238089642499330679735270368972147153641872779924079446347921491097301848962990980544506805457143086155024724086781701320230916091449440761649839019371662601250083633973802624178172067584561907180314655461461662565909334689525734045576539757679822017269609931561214774507674820169029238175378356408051103721996645919810793923636815712153831453109236945080541577064017596291806876024368429035095125553192546240983536339482071827974382308511135083361038199601062498491137196000988105105952417980784736980087684198899130756162240367040389747488304888133858289192920448136508829209234537055964416951846621880470396549528878642039396645634833512286235322798339660987214657578618161678635839225530164657388600489897023829743012744587558702524077461904288581157327402941859206683978637374003554826975361083214801013550878029945166071244434125664306504592000839231402891433972388696107323257137213037950784422428882784745078715120431936942209296098335175159558961414096035307739113547921327308737153044200942737709059916375796281001466116687775280353934639169998308691135246963777862700825550030589699957114788759150723485308658527236588277958761629724891710145556655245294121717566598281616243409275077290982953775871519332009675396883446838619119376543215752737599261906504938492924216554144354019070315822569420725092086451075628402574169748618567093055312591724726694146506153159535855773016874306359192617874693621010120679854868034754374499936533185084705732581725422856582384087052749828443173491412195096560668712676274306901827481067774754938331144596947670366875602455291175694742942980830968257864660047198822495467641280860126634011334245743656151241590620004080992664663150360276414700580008377475153680747201332197165928024531567659632901428375950861586836016523284929089894806592476646060023846412170054073718974410200447868548026643895997299557046876033524291921259994366830760024767898205854810345652501941	-3,6,-6,-6,-6,-6,-6,-6,-6,-6,-6,-6	6,-6,-6,-6,-6,-6,-6,-6,-6,-6,-6,-6	ok
0.390390	-12.672673	-48.674202	0.402472	continued:5	864964396167832167854405241079616018765682435021769838401814865060318629451230968447382618490633185877944219176444925528181935384020486013014569025763458989817443376156777366163934133506391088818557873046342103214009723503599685553328664428597746505058565390575669999013693738546258732027822573316313968122664932562126081761328060845274045543486974144977703306698574656839129954246308906615516859690057825911208742188350442908932246846109855251610458216844153106233630090151370655829822085564920345833790274931345593165613621541433074903005993730936012381921974056033317304008578691198824463403370805423383299552073835605604286611075302011717724896150566639196317558450490714362936759094689052463648551799630675404793381001784074234245437679535805471489149432597247068543444225632971279447030553632956229879854169646042287384676004437529879529680882423584724236815644446783626229077599156710208460160871183617641117441124304607899171518010782700356481387301182487464012079059435473795219933293481182790933685522729556251957021050084276443646792719459966498097202214255841528454546315678818070351649191401173442673402397681194802118321444394922091396339737539803096693717845614624691407196469938917652228828085172204614495447590618364171458272266267475156660404847508523847363787081467091897146492669484918094663847448033602746286427473868922787897628197961522781503335764479307245979699206222171782017595658482916237537249363506886294550741267196091699334726249099447605779422261964484555430237935617027443983550524588184837242232182644379963934126587092149499603590721556393560983862742843439464611189227004592476917299870657029432397052748484853294147014176474374201182732873753669641187307652681319031695681903750112067256210965784908368602173545210249059351121875026744528187541247182038961933412583400789392948287725166587346702393851714252408837503834047295288363197630421763133552484808624476752524689456192102292819276992964089825022708793800407897045931902387053069240757454643558465608047164312317059654171604823565041194197615519963197941688975280805257585912461053300207726913446740223012841377773004117348332997527677018931826339206021801429988799287886821479194813924386886799166275092900401449375730150041034611712547779917853264231149191399657769788382006640177856326852217707566937580636859595940462026777943471131267635047119745427831157637609597798823256700580462700632844770448357281272157797958498285200939840872153339189986794305195935155653934724344853444013305121435800648541642719823855620902794659650422830826713891020903774516954782250116238371734919544145359232414051050989526662173692347000428105345595591459406709510628408198872671450898131214746982535927311917621983574681632557611792918851660393020125633525863296059926506505887558819416948062592425431231745029764133645500456615174399167833817800726486362651028989281177680641997440028239325584706133358009502627145980807591583488305380424569800411777199330539968389148385881639295150089676061068836969686081297597361760279030783301187584521474526328506871372036659188566920778998225570402292724001549792699030531863255797403575710398938781427976730167698659141408840633296815908278393456371737258244609037101597255146061377480793230899861490984057678829874252390479933854114584873372580091734	864964396167832167854405241079616018765682435021769838401814865060318629451230968447382618490633185877944219176444925528181935384020486013014569025763458989817443376156777366163934133506391088818557873046342103214009723503599685553328664428597746505058565390575669999013693738546258732027822573316313968122664932562126081761328060845274045543486974144977703306698574656839129954246308906615516859690057825911208742188350442908932246846109855251610458216844153106233630090151370655829822085564920345833790274931345593165613621541433074903005993730936012381921974056033317304008578691198824463403370805423383299552073835605604286611075302011717724896150566639196317558450490714362936759094689052463648551799630675404793381001784074234245437679535805471489149432597247068543444225632971279447030553632956229879854169646040154162115358451045412922314629624430911787840620179387184031370969367370627096341698969100857516637474065326801074805524750182979848380896412592483267276945674892059132590576401822013212619172919878617504414100660409045345343346530642407147024117069347764748163070217045567923528224880799057434293080879741322888225249935140097473369427229623548152841325438351296010536825872624006072977426614080099022341415238135516857082250661229223420874876429349883272331806369606469798195059195702470846590603057191522829373718101481174858510253818232927238089642499330679735270368972147153641872779924079446347921491097301848962990980544506805457143086155024724086781701320230916091449440761649839019371662601250083633973802624178172067584561907180314655461461662565909334689525734045576539757679822017269609931561214774507674820169029238175378356408051103721996645919810793923636815712153831453109236945080541577064017596291806876024368429035095125553192546240983536339482071827974382308511135083361038199601062498491137196000988105105952417980784736980087684198899130756162240367040389747488304888133858289192920448136508829209234537055964416951846621880470396549528878642039396645634833512286235322798339660987214657578618161678635839225530164657388600489897023829743012744587558702524077461904288581157327402941859206683978637374003554826975361083214801013550878029945166071244434125664306504592000839231402891433972388696107323257137213037950784422428882784745078715120431936942209296098335175159558961414096035307739113547921327308737153044200942737709059916375796281001466116687775280353934639169998308691135246963777862700825550030589699957114788759150723485308658527236588277958761629724891710145556655245294121717566598281616243409275077290982953775871519332009675396883446838619119376543215752737599261906504938492924216554144354019070315822569420725092086451075628402574169748618567093055312591724726694146506153159535855773016874306359192617874693621010120679854868034754374499936533185084705732581725422856582384087052749828443173491412195096560668712676274306901827481067774754938331144596947670366875602455291175694742942980830968257864660047198822495467641280860126634011334245743656151241590620004080992664663150360276414700580008377475153680747201332197165928024531567659632901428375950861586836016523284929089894806592476646060023846412170054073718974410200447868548026643895997299557046876033524291921259994366830760024767898205854810345652501941	-4,6,-6,-6,-6,-6,-6,-6,-6,-6,-6,-6	6,-6,-6,-6,-6,-6,-6,-6,-6,-6,-6,-6	ok
0.394394	-12.672673	-52.089685	0.405265	continued:5	864964396167832167854405241079616018765682435021769838401814865060318629451230968447382618490633185877944219176444925528181935384020486013014569025763458989817443376156777366163934133506391088818557873046342103214009723503599685553328664428597746505058565390575669999013693738546258732027822573316313968122664932562126081761328060845274045543486974144977703306698574656839129954246308906615516859690057825911208742188350442908932246846109855251610458216844153106233630090151370655829822085564920345833790274931345593165613621541433074903005993730936012381921974056033317304008578691198824463403370805423383299552073835605604286611075302011717724896150566639196317558450490714362936759094689052463648551799630675404793381001784074234245437679535805471489149432597247068543444225632971279447030553632956229879854169646040154162115358451045412922314629624430911787840620179387184031370969367370627096341698969100857516637474065326801074805524750182979848380896412592483267276945674892059132590576401822013212619172919878617504414100660409045345343346530642407147024117069347764748163070217045567923528224880799057434293080879741322888225249935140097473369427229623548152841325438351296010536825872624006072977426614080099022341415238135516857082250661229223420874876429349883272331806369606469798195059195702470846590603057191522829373718101481174858510253818232927238089642499330679735270368972147153641872779924079446347921491097301848962990980544506805457143086155024724086781701320230916091449440761649839019371662601250083633973802624178172067584561907180314655461461662565909334689525734045576539757679822017269609931561214774507674812277423791621178249150811041314521785332289704290008022248316446455382504572118603801241259062914808428611054411419876458056925028653734875452641285557742439077414476537709181842155503942407550568399199250887462795091633260163364181511537542401975820609575024869238388819476685742548579142521148984748491132805325446569389904123635427395924812396208504500340935727881759173875181605645417844776782802926120819086426055203392336299646369130244496499245045031624066549598463873289051198531631239714382757535113473914870690381169661612976195691983721801287640612778573052041260296785733999425364755528544336271029343042748242846498162106723007516314399370629450349842825097803290664332193565172323843904254964555329591047175710730659591816141678843747419622442609821626866433831609159155882387575154773465353818098424870769304771803785564710490915237263201661161670542434579098523710836019124504131164596544741616679575210318138487853787176801609804614577512128080725326585809786607731280387485270840151234875266352251057992599723259969972242751573920123502024468521982690937419120454403878883150189987670755825151310545009464582375753120283171254710892273273328218419086017664732538763034786278563433962087428476176389774131278008107615075410179560460769057614047924112353522006724873332471959463908864436093882604614709360593424346327292066029721903332920062410575913272118285145286406598710844800368950586669127735262853118433219813543762623592327081632728108098411276903166488434455868302827641680973843358264782435545357048328852633297286707018721309387498663418197985598033621285986736472395201638996597162182307494296591605900818630340	864964396167832167854405241079616018765682435021769838401814865060318629451230968447382618490633185877944219176444925528181935384020486013014569025763458989817443376156777366163934133506391088818557873046342103214009723503599685553328664428597746505058565390575669999013693738546258732027822573316313968122664932562126081761328060845274045543486974144977703306698574656839129954246308906615516859690057825911208742188350442908932246846109855251610458216844153106233630090151370655829822085564920345833790274931345593165613621541433074903005993730936012381921974056033317304008578691198824463403370805423383299552073835605604286611075302011717724896150566639196317558450490714362936759094689052463648551799630675404793381001784074234245437679535805471489149432597247068543444225632971279447030553632956229879854169646040154162115358451045412922314629624430911787840620179387184031370969367370627096341698969100857516637474065326801074805524750182979848380896412592483267276945674892059132590576401822013212619172919878617504414100660409045345343346530642407147024117069347764748163070217045567923528224880799057434293080879741322888225249935140097473369427229623548152841325438351296010536825872624006072977426614080099022341415238135516857082250661229223420874876429349883272331806369606469798195059195702470846590603057191522829373718101481174858510253818232927238089642499330679735270368972147153641872779924079446347921491097301848962990980544506805457143086155024724086781701320230916091449440761649839019371662601250083633973802624178172067584561907180314655461461662565909334689525734045576539757679822017269609931561214774507674820169029238175378356408051103721996645919810793923636815712153831453109236945080541577064017596291806876024368429035095125553192546240983536339482071827974382308511135083361038199601062498491137196000988105105952417980784736980087684198899130756162240367040389747488304888133858289192920448136508829209234537055964416951846621880470396549528878642039396645634833512286235322798339660987214657578618161678635839225530164657388600489897023829743012744587558702524077461904288581157327402941859206683978637374003554826975361083214801013550878029945166071244434125664306504592000839231402891433972388696107323257137213037950784422428882784745078715120431936942209296098335175159558961414096035307739113547921327308737153044200942737709059916375796281001466116687775280353934639169998308691135246963777862700825550030589699957114788759150723485308658527236588277958761629724891710145556655245294121717566598281616243409275077290982953775871519332009675396883446838619119376543215752737599261906504938492924216554144354019070315822569420725092086451075628402574169748618567093055312591724726694146506153159535855773016874306359192617874693621010120679854868034754374499936533185084705732581725422856582384087052749828443173491412195096560668712676274306901827481067774754938331144596947670366875602455291175694742942980830968257864660047198822495467641280860126634011334245743656151241590620004080992664663150360276414700580008377475153680747201332197165928024531567659632901428375950861586836016523284929089894806592476646060023846412170054073718974410200447868548026643895997299557046876033524291921259994366830760024767898205854810345652501941	3,-6,-6,-6,-6,-6,-6,-6,-6,-6,-6,-6	6,-6,-6,-6,-6,-6,-6,-6,-6,-6,-6,-6	ok
0.398398	-12.672673	-54.268187	0.408059	continued:5	6720264667184808803113446539052406340669400796714605264464423520128509256221743305791505926485618886737703748398891089998975035148806966385834380613088267569025054329443893811832331628846579160703988449643528516427461008437029787690388346977424304165088338611362038160567634597955840487596290130924630798153098635510188089820112570565351684577945685997983854262026846976238944431910397207207172398427353473792659905864873006839312319858879900524083923324492088713528793318738675677752876132511451068357024307465491054265068326058472848959181074839601750090336731885504140443676000469424494059016173081390914542718106477411080906630089707544355329867272335461207168434599958517206109089188879785215115956632472922520034536732487708858162197183787107707033356396267332535723026839025155460324373453459194464378539527198091049477688008013426359274196876985813182192072441363115211477216054797081238438590346081428852834693890428417445989345343081217121505218688757854445891122597777976996230564170411939457462027772385236569164492376788982305398665373427491237164252489983552514718033842196493077831652335893098906236163312202476608233486642466896056211495218665145991684356182650102583970482910156051466850101320961458286507122463929325537343903971383877130725557628894391186701528724792293662289613008391489412007244908125411091755953004723467455217873445985427779109313017599778046350271294229955959149997987242928084349965652450134220684726774014971945086288246172012378795830628595578339953669439919913674983498654138831761059922134711237962294626090672791473420388332397057646709509236439864799941327057950176021163349264346892300441821155847492784266456555256828608364092410721700939088029097009595551567921945902498909596650350127821791686721563033896163185257294508893622713388943526860322191570546835332616816903225672793078838002254478850822711538814831093001183081993124890941679867152475264074319405913394355888591949691256006798446962724834253002701855265464248733383852829770282745601312079846561492192322150670035873210041895655716236415743288094534703093552834615502806837074466317295882835521940762162075128901490936025226187249819850163863918795724984336853450181921404323443530147077084831673380162898567367103604459917673884754232819599223151795761505242887836205115216343278942928850071865055281671754131067117973226793172638347669203537322944488171362814298362426350078632147732676093443050714099347404764011889398445627836422478773273480054325153403508564892824680199038702340825522578808698142667337256238198606306431687919406544406906528858177948142076808574358296836283475827622780522659324570063536382825687510884129975278788408168068634589741665939500499277453486545910897864289841526960483216631221202501813404228700352304358728326855646589032369176553164141987993349204790024646089481066021081729831881004367229689512858550591456804836692660494768828347248172247825595178763670872853293976064147957511953701463761410523629522224666441878963563093011655318087249555557700959931396004987207544883291401560435528444883712544666510994284385769961387106812758285142846190821531606512310310766288891857315760503801238627178813914239939513820736240302742013205637319677934182715928424913544976501542957131035671468835548443457533571338801902770	6720264667337052831692972520255686736951534363252516174816473399288249960419602376716159872414155638999490822383329772397659417676863831268906419307779486989714684695356094232591706171803320104261430684454416719111769596640411388020758351742439405129520501333422503899840350418596452801095864964606194593467260649032737509321545064872550127464938202300172070365906285700776040534729537282914872804280879627158904495042026730302887683816734598910705881575483456498962949588620995462888395354063316978716789684654849016218056597206647479557931557096611223290859494636173084915607780772512839208574261450006991747525544071517204340032232512792553501249528331871804646962309632054558398353181245427131499403285292897877992661011693420419051622728773902002354755474862202278440045187847783700966965328348864021209342932544590867351994103441600555427401242009213500372247344959028398795369667662677164968968058786903541583459612920403873500033945933684295096596736984299770294201154018632230477515215740200009315496634000204264708014359789711138659656302728632429031312342464264650336410564109125555264521146521421999141517466575063194331433412599405013413316722824373038797773396986785902249315383409959483288773555072317287488846147212741113941408965108092488966432133315715881294231745308442319362570898745732166077958252633525195568254745645986209851866811128289220216871931952767350811350969759587623161227893245404297733572272884988594909650666489975908310115793972966111055749052985492365567935463754699832617606161072125773459657325701368806082807911178518739541946667265571878452012659484482210228019549199399699255624289547870278884272799268215832233292466856426032273382827746102765560994067080880972701048515314422168328184788221369288992198598204308086025107916596043507243926353500993461842213576303665922445425276268025759968045455305116811740566797195156587259192090995892524807117072412760371053725314110588749667732352646416210270519070490464357214584991997113337085869118124698291364021357769751605479710117307860701371743090743353319467506766612821082381237296109093326934163685812287766201333060651848074107432434788758766766895152013119983547362710979805668504478542653992759455037955324756657119795484882966826446324798550452909478915997900403372556460841388875219736471780868802508066242380748402972389019378679256546796342091114017687288615500038057542681877990505521551313664671547751218137507964114334644904306068838611977091053167650540044729941800603625569431088997889049317000308476513722876844747565220520094779883069425399624070912294183469979567296795975318925869831395178798326219749985323455002278650851170970303984518677108646049768853161815911963421810396605576696085558705995938480520693784367692112880070694280371371303562743647244789197877606849237360833477710191282282074357209689262671834816420673114044937305752823677419674588584309428932741086950354834630751259755391579926237465473517808654139667548728040777790628324054033831270807849447179281818080615492076494709450391679233947155596602508033944466025019656436248393612469155846709347241215992590363067956109690391673354485554060783917992839770450969297050687503717428461656261583930639791407980755341864673203278593479071300033407567472663791278588495675096803409253517566	-3,5,5,-6,-6,-6,-6,5,-6,-6,5,-6	6,-6,-6,-6,-6,-6,-6,-6,-6,-6,5,-6	ok
0.402402	-12.672673	-55.540441	0.410852	continued:5	227550317815894883605920159918689363096356961178100154390400768652683463882014376884344448787163235474744201526781561280932988782991816545122014527913984931236443775991028669122076092493346728648751137969254992217914636262069467996558609871601248314055919369789792877035660554707383618066655748090017056701534406472946213540860283451787725787781090896158052159651454662566822875806735544612247008444133949243330900972831890753532247645044307675234825691810107675681887077253594932893803102282830302923418847787487081581027348043618949076425806388094728247866201332145248587296590093918632017163839531881751861845146754424209059880752709086380627023996257265058430388936710558758246979729011017225956571988560660763728213696454686981622541733602452641957161424966422828086846717448560316625877750671773727809196874515326846158906982092685767634544812104392065422668870731509181452960382469482078855063031960333169496611681323668926569786313890246507514273022657018650963170754311136879031224884755883205642190619550421109528946189378263262475938543640796574639033032443535975202147974354606296363976400576635212981040294927827970089158903275680485867745849160481157911291871922658777249948821436828440047845434774587822661825349534743813125529806618682044405291814362673298359045932791752617987757909686119807718509207781133561128726872397372915658145387650003792585652457246151495835911025981868261665585433927404852294531887931133223890505278926168038575110624757776971197232993484023431202391091220729043546389696262638820357511862450459253735191332025398076200131374736027817901186383567892562294275159061967825620051030045210466532076210156235886323743800054005859990160640337458019035974856594907401572487236254065237036644918568101727858550867260796081110551287131189199933633312085066193711237961104134845738984730863205112131735178489802412221236455895888175003569209331618651003566880506787225874004326659708723116005340486346312517974157014942645738179197211343315633836201038059040045282514240433362542426225365834684600077634022905464932444268759051668619849733372361074709139674540454617966844508352076837760937296407516024761391552583726239469314068917099041596648673448016359279892228410073415206225296555388455789811927686964060617104157420973343168485168705936759400379634317068006542290332565454132821657141052413574948153102621844051308134518640888408821028453205232027117937426948629898928391626272839044681498242806876733670223779289037246188745423841354283125686543998570493882027511016466146053555046348738266709539053528863563301306801182315218739320969905705489365672770503923815453744894932800856466439281099008908923295043426741425497455197636656298044205652865287804575230731677227173546840257582941702688846167126045934840159488930679636878535868002746335399847598269860541008763962409576846025756619258377593182257519566235746536314961645703681288252875214752075334864229779532894162801269738902363824614422483975422704937273963447596034941721706914894720322978015450491708143829402424899615666639718569040699003272073962350215866687134090571963322579402724000578013341514344834472930016146795317373337007925549091	6720264667337052831692972520255686736951534363252516174816473399288249960419602376716159872414155638999490822383329772397659417676863831268906419307779486989714684695356094232591706171803320104261430684454416719111769596640411388020758351742439405129520501333422503899840350418596452801095864964606194593467260649032737509321545064872550127464938202300172070365906285700776040534729537282914872804280879627158904495042026730302887683816734598910705881575483456498962949588620995462888395354063316978716789684654849016218056597206647479557931557096611223290859494636173084915607780772512839208574261450006991747525544071517204340032232512792553501249528331871804646962309632054558398353181245427131499403285292897877992661011693420419051622728773902002354755474862202278440045187847783700966965328348864021209342932544590867351994103441600555427401242009213500372247344959028398795369667662677164968968058786903541583459612920403873500033945933684295096596736984299770294201154018632230477515215740200009315496634000204264708014359789711138659656302728632429031312342464264650336410564109125555264521146521421999141517466575063194331433412599405013413316722824373038797773396986785902249315383409959483288773555072317287488846147212741113941408965108092488966432133315715881294231745308442319362570898745732166077958252633525195568254745645986209851866811128289220216871931952767350811350969759587623161227893245404297733572272884988594909650666489975908310115793972966111055749052985492365567935463754699832617606161072125773459657325701368806082807911178518739541946667265571878452012659484482210228019549199399699255624289547870278884272799268215832233292466856426032273382827746102765560994067080880972701048515314422168328184788221369288992198598204308086025107916596043507243926353500993461842213576303665922445425276268025759968045455305116811740566797195156587259192090995892524807117072412760371053725314110588749667732352646416210270519070490464357214584991997113337085869118124698291364021357769751605479710117307860701371743090743353319467506766612821082381237296109093326934163685812287766201333060651848074107432434788758766766895152013119983547362710979805668504478542653992759455037955324756657119795484882966826446324798550452909478915997900403372556460841388875219736471780868802508066242380748402972389019378679256546796342091114017687288615500038057542681877990505521551313664671547751218137507964114334644904306068838611977091053167650540044729941800603625569431088997889049317000308476513722876844747565220520094779883069425399624070912294183469979567296795975318925869831395178798326219749985323455002278650851170970303984518677108646049768853161815911963421810396605576696085558705995938480520693784367692112880070694280371371303562743647244789197877606849237360833477710191282282074357209689262671834816420673114044937305752823677419674588584309428932741086950354834630751259755391579926237465473517808654139667548728040777790628324054033831270807849447179281818080615492076494709450391679233947155596602508033944466025019656436248393612469155846709347241215992590363067956109690391673354485554060783917992839770450969297050687503717428461656261583930639791407980755341864673203278593479071300033407567472663791278588495675096803409253517566	-3,5,5,5,5,5,5,5,5,5,-6,5	6,-6,-6,-6,-6,-6,-6,-6,-6,-6,5,-6	ok
0.406406	-12.672673	-56.329831	0.413645	full	4821010803741090958547697746317293911585775186237751741126471926421243049468916492141635683228651770151816517037288924474379820997371463513925580060846503945276744932998860017227615815576053135569545940154734571087226675229497164719192247202541585782529926143209683476313511713195227676934211385696448094272303781553121959600240602138596217793913293318450003133706326630177398353411617025904694590198307876412326401072275675904830591802434923380826646429168956336815653184402206519610466398012355813145905410852928964490395884446526729797260060909871696152070248152284450418941308157208104680950932038417793278876720221877601251217904756701290455614121599423281018718564090526470581836238024093880495164288234728406460864845058413582399154495553889063864742768806908687958134957832816671757060592094400899536521866686731982688116206158923645788867357763683889147006684359775599148424215034462782120912074575904419961283949624719858077357427697255651255602317304811609333046417962479703374844488506222658536461389216814004255702346984862097871420057628438440449539708995791219622347547672265997785277493316466226287928100517839900070408305059170745045042260030340640190288001167927084453886102943376379119480696460113475646329250761648382335917598474212737255877023170042196599283028376805231250632862215988005857466397937512840564417114353394468225408808445661928472327324392232673914412257961486666763172434657242089234055317108579130309546908724270958819427985656363513650451084162199032225992384626553061949298166849480508773062794838808599447962150658269405413985827218964008861931073760375609951289755296503304403469234933900178554302560573313811206104136599491809162943451679849183229138938058511465303253414257612673358416685435790140985003128871316699779803177526287614455134235470518387293101503593236711013084178277613624536861195054927017213317355154710422552239650061510242817257385956572413067363578856225821362122150337085331476366164772464350728920063263459982014553381831558673401319259380454926210184496502956145765289691841786400131339007812861612828516305655205857103904798164598091637447860807146315688079716331105407834545125020202953521212340917174761321633525314931123313016474941920709599804722779036090173767571954880082807032928877621737537499433385784123999151100203941562734692258772481213384359046620078415989151077015672982292749246389188581148400457264733439327582371893127521091091736466159015477279663397374919453953000601858814328380106713235304308983786826894840665997411200543835759065856754676441878767513047599258676879173917885476924214356232823013478667427758634432560364348720409257103954751913806490598204798634255152553080239306288733291796926315455057157949590907229207101201412257160652471035104757023660820147976766898994507536411946667554232330424320541076108166488376783136293773245819442586800731968196552089186993373935698050329892696894011356992682787548242145150782922899239925026529363688940707531220319386904708563844279711596594837620387247231235586802180543339830434131784890724247399894926530736745982870465169284977045798116165286980092333390961254667132932386742371594345331509065650897800590419032234833112784054815083574266957838206801920680369465944000808480354082918609507139952481591194722142911038528	625682359599902026535782466727387906106230633468360165220685816302416679399957235159996050905089439996870980070418344952393600941359728128071889978332224001025832753105449390736798485363670053483176621943888446632766167782210569104196094081938569539995863145070846237820873516535200314754991407127745383484158389862872099573131862144332099837838230523926357338591556641114965395849621711674798851367099065805318157378510420414878669233935456823081465821373853855881661695250433942698080158727534012335058441252059721809057304622962174182805932688539964001061223671686231411981654174458682446993244832903337130643368460728615382143797133286918331501938658711797187880550541018522733155102302085918980838167626517558348095396965396807480188803098271075761162720275824224050040988551023666010976393599288941942528487404586869417940059246703497614378615288956264039845582190505347944619307053581317927209169294429632351529466349673788868462875618133975586896573294319634678628597898397082673277621736683761576089645222080390751674190380802162970125382876846791873716188244419699140304423641468910508774730196647933808134593894160426285388628044147344732883127399668513402984925834899051555922563255859357515328194979497157283674220275538849565222940165244461823553042270140138714438830592897155803239859247298566805248106880908617922741540819174421639654268296097547021550236397678986091177637143759132157303650166150488117898076420894605417042274553648068971698091032436862385841765482078261375028892779136045283557866621368351251275296790496018261858807283972977593057137523166040836819765892979430304269470821534027238762574067563630660994592560135180468654965294977054573727646711401831380280886146649322561459498972588513368075857209243639860943100039183936536961769883602405633390916770288194598935520743005258503738924511843397424408573153563502508203385920211208698345228008808266302760224824443188151078552401990750897925269769871265329114247918065752916265840765922888515099918231594248088082002046982073718894035276155113559203291275099960663937460339287101320097816595651156479513686832995928360333886958900908734037797534898940825689597743808702634632692544857597737947557364803428625788285461738849590456942738259394862440343264395586546996584783509174112933851992533552618826207522495609959212198565897646850564678630214514165603258035240261220627849816703198673108505452853461862812442584431977734401810705595124993422403219629841208204739092098915433564433446185691163625341415110005466180941991159860609051491559299942610483052410606947448138958239116233158636070896881974233960999778338916753429442955189124475917699520152786791061549572761886922535316989455350784105167543246585819745224706952023051520666330486766251578957809325801254354454644312194089028210183490840721180602408738804651234715315820570655587048088564985932978126832894445806017394043494317758021008204641996350190441006219626736556618079478637598321805773684565065211179964553690092757292755482779432289567186555863525918670636838250143840895961418692565787264792311010227643674863680151231838510692830207878944029286751177734722398106646640243081142733549172353657736440429224449500588138707465042948588723232293627449142040015700602284803662662318680409234575125892435934303843439053673816	-4,-5,5,5,5,5,5,5,5,5,5,-6	6,-6,-6,-6,-6,-6,-6,-6,-6,5,-6,-6	ok
0.410410	-12.672673	-19.053314	0.397610	continued:5	352014666747407946340479840416852441105998610445028597063112814364776014701725172023270483346843509817678146390809527164937578224173045006016795833298543032540155878921054315539859318102728624421554395134521193227609275274086330791397880618032150036586074594093875166086417406508024803849870659811457498271385300950783851533249391662452880597558349470937681855103211097997981334752797677247337249773099157610920749669569819228209762344811832136504200820979558374272330196841914979275935726511818284736856305196055096639183594185349972671822258194714876406760196918813900924594103730671000183657621300489434351180034608200332580932024784176135838921882685477124657500887854397146894326826792062543927296234368043898036973092737580044175126954967206244404177279530181288720784942666729426714229639206009687089046244342300554812551225333354705013533719197655609552123846525591405751483179837495470298542031368319733259682017707113981420807725231220461097699955796867342033579023046100888193277478319942874796728276806425243617488279691071656429435606428318831682862189499984057521653348513298794740531018063904707038245777040896427726805229097788174516274251002499950742056903524511770949414670018295052671271944014037313927108228588829986323341338188816740266838780753046964426069112904629104122529875524979355369807203912127197544417510042060243035419564596213263281310425187092698954079040726536802986214614432812054804275692747242372432062696070102779213179184368236691330057828195319077093319380597125333727426969364794933965411217854773661198947936905306452091348055260905248032984855181490285786057402346567109181542322092948946963461299486422865672533677080648234037521176545112368777877308674908628018088323665596656932309847693050208079991266376442287560115701720545656441035379375196788741116476725623174443541280530234898739334112942162526384923041170870320439731110526502987445070298395891543323044665934301336607656524832473003651064662845296045674739010698952254558369775500610894425250592625147980398195415206186170656447425951656362081065437436385078485848969292966391415205643277935905089882443200113595187891042694028133161221587848951129323847688097147897273338788989852314586032750887946492960974270322910309008098289143438840109301544776449648673922792039764352125383016076398418183885627179894425061382347883984221185252340857438736428740457457347072339870188730130995520484972977364356511181943575358777963745995864102271535558128295414095613202532137233529914647288055696657721989018306380422818892065884992985905701868770685829615544871998425407302346049795980816268289650145500247607578866645915326108212421644274890377275684835496450473542066164951442678991998701441543686275719636993374948501947621725032259936260737003355639349036337979984132392001592631679467364304534277316354903115223091951593843733927019983040788249909478939023238088058534618447798611123922800964235597736019099826688878165314446568502410449961474660122131749776020942970374806172706820599011827317805942832984890298230640401723195404448128637485367870353859469293296597287323359208509689735331514389651079817315148787598246771268681352326505748	227592640809143470026317833200072739233153882769145676634223819175962350831074832855967357856999768258402121126245647838998834872214835795685009703704038561212512344586608081274699868429208405780528113716653126881423203591654434147462025715460595783844614370695275031827707602085224602650079196509222552226675453622539133010684271569505753929868218452812309054221473417097668194932732897881426884562046726778603372182391945838329796358044957573662522623065680992117257933371191573591662978506115274740094431629294151547173149080726121604466965195222042112929609077889847675497527714057696843168191216981993951623285819792502880679542838382943408721583158060072503918922093219667725254959215500932317939151781974455831752131302201833227462361804742781310848939269151721568447232485444094436750972686874294628536042692260989078207543932777727705622322594699819710516787347917583620964881047242280417712036545723184854620237279584525138514869188514344487202858323145226875975513070282119320509552197701245195381990841578466703439868080425457725165086621108615643076250216487183495748008226254144187342671785889408193656252425621935417103650532876218593694629270002276621466601930455617256799112223253365839859694182045706245412811730767510120771096101949062434419404506239708483754153367805680441354141316444118271332610856463457685455041907742862479014957588842112815515045356431525201772091991188224698770594743698238744026208864869188319675000102217585817544526037750561755033788341899606187521213399124112640896185134642048712408799019048207434344061566684340652195210258689755934358141915402270823806249720530881287410403274657642568637684231833467552080963380210596109014023131707264030679904758437187047724065941466213390423149255955467362158826501049034846437331057564428403519923702596033866062281941046667731347471714680990109570994615872447115578668219788089878450566586117165973752433795575974438734591506637495157697758732977947677958139337524346646709571733329200527789100815642575525174067111750265941378626804688836904727937750703519466568487686555760386629813404933861618845061034258643095462911993214812935920261502916403672760870364803611897658492256832782829245061605134001848603539343941099155783659274214589066984733637709710287691264630824830762197610603359304254926010854671729801583843549333203384845236741447474626548006134301788275374294267358520839690591344221819644984437629312319716348786911479165587555869223151974598682894701817910972372192075954185744239080635938092551196071438977444897629804462299052881251912371118051087430413317229820410179169189979731646287565864811527909596536344677514217563721941228009884417720936961765364304034720158498641544377515123851460305553517608076708063022331995475977573904078838885663982281640681409059733325098757392510985296179353962339230161404570053544451957164754082807381940364705506209484608213572530015635423806338000366065958189091886613713177534530971830795655809455467727770160699174692803060693565374812945646441470447184447763329188617132250105475797840333109267863664527693929822742446614655094086070009120624999675569331505853366373114318151922552319270867861453	-3,6,-6,-6,-6,-6,-6,-6,-6,-6,-6,5	6,-6,-6,-6,-6,-6,-6,-6,-6,5,-6,5	ok
0.414414	-12.672673	-48.711641	0.400403	continued:5	6720264667337052831692972520255686736951534363252516174816473399288249960419602376716159872414155638999490822383329772397659417676863831268906419307779486989714684695356094232591706171803320104261430684454416719111769596640411388020758351742439405129520501333422503899840350418596452801095864964606194593467260649032737509321545064872550127464938202300172070365906285700776040534729537282914872804280879627158904495042026730302887683816734598910705881575483456498962949588620995462888395354063316978716789684654849016218056597206647479557931557096611223290859494636173084915607780772512839208574261450006991747525544071517204340032232512792553501249528331871804646962309632054558398353181245427131499403285292897877992661011693420419051622728773902002354755474862202278440045187847783700966965328348864021209342932554518078920232239177356902620921860167420003165747691843560829506218165025107363202179899195529811312476097933246471484716377358743454821689945194992024957177540431499423822856423426973013727386914018029213643530851081022193692225778738533794519089820407931195561068055031475995209631873457845676642600286376144791675022922334220250439776153785655456231413129307146369420402260930367354949527428856278707814299675749346748700580671539885322303695959396089311584254088153821189823314074803431417633730215994142703379149742634329921048915624503222275701287492037921125640983093218599796158376456720948884915934404320394617044775825437910005137204938676150614113542872977028827669286450749353656834188943913817004252472781666428582829290517575918372612883959826133040096819782279708313031369593468422468471041545966343809546915770943948057286000135084712438567494035553349333431204039212141566191103769070166539932538556023185824015393667635054513177934641758106279548091504808734657356500011564665647177084526661474283767348931310627197548724081390215985330831143836100601756892595283380428036910708957583379550445053850984849046395291557030503442094021864704432945212269749574866706552513983736489248827102917606303958045883047801194782021524517769030674537626945826465316383366293544037481466805970919752272950487253513004985966349498183427908552364961717726142561139433356915354949457407851613291906436977744302233271221186041015251673825213915304435056157354077156713016938616047174701615127071695771712582594481198941042300433469645766536764420576062791175163436912384632304598880784563494213822118527489944889028579335429446083531560834529079565034275437593414860646251847879709325088732484494958261090355018881700101080130545662659823962700359526581940584213311374793142241698091957615033419799644762511581977861043507254844823110686510170731558174094805891085500994574092073277163052877406701351740094737305984962543644676133354588122346159342322230354638401441306341946802197045331510947688604913485987548059158246628234978995450818253772152712904366464426651771400689806454061161694062738338090573021011832830165382104990612502884490402802950337777683036585552192175087128012538380480636494523941846614139355678422115341479163087521017135892527805320799972578664367134058061158758694871120062053462414778876673568240691437461794816630283614711121377127865519331860194459214264797599063909285760068177352899500658041320987378548532225682379859	227592640809143470026317833200072739233153882769145676634223819175962350831074832855967357856999768258402121126245647838998834872214835795685009703704038561212512344586608081274699868429208405780528113716653126881423203591654434147462025715460595783844614370695275031827707602085224602650079196509222552226675453622539133010684271569505753929868218452812309054221473417097668194932732897881426884562046726778603372182391945838329796358044957573662522623065680992117257933371191573591662978506115274740094431629294151547173149080726121604466965195222042112929609077889847675497527714057696843168191216981993951623285819792502880679542838382943408721583158060072503918922093219667725254959215500932317939151781974455831752131302201833227462361804742781310848939269151721568447232485444094436750972686874294628536042692260989078207543932777727705622322594699819710516787347917583620964881047242280417712036545723184854620237279584525138514869188514344487202858323145226875975513070282119320509552197701245195381990841578466703439868080425457725165086621108615643076250216487183495748008226254144187342671785889408193656252425621935417103650532876218593694629270002276621466601930455617256799112223253365839859694182045706245412811730767510120771096101949062434419404506239708483754153367805680441354141316444118271332610856463457685455041907742862479014957588842112815515045356431525201772091991188224698770594743698238744026208864869188319675000102217585817544526037750561755033788341899606187521213399124112640896185134642048712408799019048207434344061566684340652195210258689755934358141915402270823806249720530881287410403274657642568637684231833467552080963380210596109014023131707264030679904758437187047724065941466213390423149255955467362158826501049034846437331057564428403519923702596033866062281941046667731347471714680990109570994615872447115578668219788089878450566586117165973752433795575974438734591506637495157697758732977947677958139337524346646709571733329200527789100815642575525174067111750265941378626804688836904727937750703519466568487686555760386629813404933861618845061034258643095462911993214812935920261502916403672760870364803611897658492256832782829245061605134001848603539343941099155783659274214589066984733637709710287691264630824830762197610603359304254926010854671729801583843549333203384845236741447474626548006134301788275374294267358520839690591344221819644984437629312319716348786911479165587555869223151974598682894701817910972372192075954185744239080635938092551196071438977444897629804462299052881251912371118051087430413317229820410179169189979731646287565864811527909596536344677514217563721941228009884417720936961765364304034720158498641544377515123851460305553517608076708063022331995475977573904078838885663982281640681409059733325098757392510985296179353962339230161404570053544451957164754082807381940364705506209484608213572530015635423806338000366065958189091886613713177534530971830795655809455467727770160699174692803060693565374812945646441470447184447763329188617132250105475797840333109267863664527693929822742446614655094086070009120624999675569331505853366373114318151922552319270867861453	-4,6,-6,-6,-6,-6,-6,-6,-6,-6,5,-6	6,-6,-6,-6,-6,-6,-6,-6,-6,5,-6,5	ok
0.418418	-12.672673	-52.124900	0.403197	continued:5	6720264667337052831692972520255686736951534363252516174816473399288249960419602376716159872414155638999490822383329772397659417676863831268906419307779486989714684695356094232591706171803320104261430684454416719111769596640411388020758351742439405129520501333422503899840350418596452801095864964606194593467260649032737509321545064872550127464938202300172070365906285700776040534729537282914872804280879627158904495042026730302887683816734598910705881575483456498962949588620995462888395354063316978716789684654849016218056597206647479557931557096611223290859494636173084915607780772512839208574261450006991747525544071517204340032232512792553501249528331871804646962309632054558398353181245427131499403285292897877992661011693420419051622728773902002354755474862202278440045187847783700966965328348864021209342932544590867351994103441600555427401242009213500372247344959028398795369667662677164968968058786903541583459612920403873500033945933684295096596736984299770294201154018632230477515215740200009315496634000204264708014359789711138659656302728632429031312342464264650336410564109125555264521146521421999141517466575063194331433412599405013413316722824373038797773396986785902249315383409959483288773555072317287488846147212741113941408965108092488966432133315715881294231745308442319362570898745732166077958252633525195568254745645986209851866811128289220216871931952767350811350969759587623161227893245404297733572272884988594909650666489975908310115793972966111055749052985492365567935463754699832617606161072125773459657325701368806082807911178518739541946667265571878452012659484482210228019549199399699255624289547870256887476304135843855745711221034425797908511988577275226479479789756041889799617337464894413635770056875416198375026202738597312964601818238009663218878863420782595425110038530932177592834775931918357672269145546088635396789721256053502734257609561693112446917723898496849649097003782531525247789709196229532392627292047704796725455298293636428539851815333154854973323323926366097965098355205633245464304186378931061799040987819025599116004075976321509165968932816930501083350762081570401018393749951264526986778986456301758639953712042915739993044941724714063007698043610972883251375705681912962770773554377642333334993267835905006181738728722383933000641204486119919410288945546647250374789756094716200014956900932725662406925148595004838981198052995516192032454871435396586102562689008828740141859727568541013738138201827041643046421848458169475693609788276897496235389057598967632433309530031871376443275725457725073223591670270085921890863948014701555007911679641280133594357285162385613836851947769150621288753252287032130654201004681108396363640666092144713001170582946005913222273608094693227136580148469705186666236859695158968672735843752938321816948923393238833830625131047080513646476521753964410209130686106221732041087824352115790057664735283838172656540022335815237401964808134724284197640658463048770492627837585801354547470861052596588095445655398527946155990297134521578229437197125542600678090610424062990184147147661208186273145293987428567012019412632388371562967905455645350752349537739012028872879751504047714367355147206487460675197983923596576633470604635348230345228121285274807993245283415575459614813148465	227592640809143470026317833200072739233153882769145676634223819175962350831074832855967357856999768258402121126245647838998834872214835795685009703704038561212512344586608081274699868429208405780528113716653126881423203591654434147462025715460595783844614370695275031827707602085224602650079196509222552226675453622539133010684271569505753929868218452812309054221473417097668194932732897881426884562046726778603372182391945838329796358044957573662522623065680992117257933371191573591662978506115274740094431629294151547173149080726121604466965195222042112929609077889847675497527714057696843168191216981993951623285819792502880679542838382943408721583158060072503918922093219667725254959215500932317939151781974455831752131302201833227462361804742781310848939269151721568447232485444094436750972686874294628536042692260989078207543932777727705622322594699819710516787347917583620964881047242280417712036545723184854620237279584525138514869188514344487202858323145226875975513070282119320509552197701245195381990841578466703439868080425457725165086621108615643076250216487183495748008226254144187342671785889408193656252425621935417103650532876218593694629270002276621466601930455617256799112223253365839859694182045706245412811730767510120771096101949062434419404506239708483754153367805680441354141316444118271332610856463457685455041907742862479014957588842112815515045356431525201772091991188224698770594743698238744026208864869188319675000102217585817544526037750561755033788341899606187521213399124112640896185134642048712408799019048207434344061566684340652195210258689755934358141915402270823806249720530881287410403274657642568637684231833467552080963380210596109014023131707264030679904758437187047724065941466213390423149255955467362158826501049034846437331057564428403519923702596033866062281941046667731347471714680990109570994615872447115578668219788089878450566586117165973752433795575974438734591506637495157697758732977947677958139337524346646709571733329200527789100815642575525174067111750265941378626804688836904727937750703519466568487686555760386629813404933861618845061034258643095462911993214812935920261502916403672760870364803611897658492256832782829245061605134001848603539343941099155783659274214589066984733637709710287691264630824830762197610603359304254926010854671729801583843549333203384845236741447474626548006134301788275374294267358520839690591344221819644984437629312319716348786911479165587555869223151974598682894701817910972372192075954185744239080635938092551196071438977444897629804462299052881251912371118051087430413317229820410179169189979731646287565864811527909596536344677514217563721941228009884417720936961765364304034720158498641544377515123851460305553517608076708063022331995475977573904078838885663982281640681409059733325098757392510985296179353962339230161404570053544451957164754082807381940364705506209484608213572530015635423806338000366065958189091886613713177534530971830795655809455467727770160699174692803060693565374812945646441470447184447763329188617132250105475797840333109267863664527693929822742446614655094086070009120624999675569331505853366373114318151922552319270867861453	3,-6,-6,-6,-6,-6,-6,-6,-6,-6,5,-6	6,-6,-6,-6,-6,-6,-6,-6,-6,5,-6,5	ok
0.422422	-12.672673	-54.298301	0.405990	continued:5	6719540940177413945079001256048429786680104271807941962979600848422264219064222396689876462522057395447748827355191680499827040889277151625836325650810900838894859122288826505907916396232325970278837666357441471309953046484152994652777194845236903849833989981101234824279304161376485931911065397763819852672481088610401690353685994170336206870927269683640731048788373913414806053651970687843737513431109303331466056722618816995239848190055585961433131310039721310729385709132814271321309068903614240075323882736560588689824879155900313288262086285346264609469910094921749365248623803949988524265032830760023173650246799099273890029373675017696934569354137192290240396973938861136002204819247482561492303389562463848465600466361469429707593151874893727535121663860872750695939645296931821982586278543873439934695020888443181412177578335179385890542142842531504564684672730933272499579117476049741902182100976758732421225659881409497905558678731317417349680074264202733200158779569943790727577644717428910547665351883363103264872964314109842476904986597970115875379741657962834608599405462013774540819777828684377554703583476137007048542251172503653333308108771151837163094308538298978542069669341848616572543518179974876212368883921825257075668856997290056411537865016741880031722871644643833974654427408423385577676449673014846362817861370707716021436232625140455063787326155379498792347263212225760572490536382422298248968846320312948270887025677134954560397137552861886022961571264389752203921968085412865843881295367513595516597333620060268167315658697983308026390784163176006120383972627159501401161688822346768823510381195683868865711305375151077412442493758303833215703045894861944319102807031525666763332444582314050198552176484667882923427700303556413746040592523248998557596321149045066395537435989157815165264333892885325656303639789203221616798747105092811137945757777278651865230879309432741774351791965702928219502138775629595670812846209385078213628929662410359369173643817442393176134168658037470221488826760092082888560706305988709758008885326768454881697505861887086198219932358239095898460063895064663426971873706620460405780938034046820026701991212491456471546879250447420884109483518915896229035237973144976064239195023292107052444351375346825444126050618360743632623247086795330673959365171741546134046100291296551819367298979599572837808236392832955339254118274429370298565402280278977816829174777461800461744545383812328865349626693160406924088069954455466012725933362486352964000908735148227954011301382762642431790861821204594743941754002351405303531688666476705071763591867513095576476116793370353616985555097109760838859595012758688588320902434408137616543942745216828891921381015281345313851358389184196891549570960461665539603770990174270134585416865128496531907403288527622510235275368587223610155566580119586858193674589327613652972423183918883968529041227842078871224133095340242887598356056048358910927835436340359821764480110788343990290989277002708859279849992825888322444733782855974663171818107539528599761766111048082635017168117291978973632936976357748203898835395246278491564473066523491745738700642483665479144991456869888660741757652451177923086724774669462597278618277410059231638223430187815502019357267522322280235715698	227592640809143470026317833200072739233153882769145676634223819175962350831074832855967357856999768258402121126245647838998834872214835795685009703704038561212512344586608081274699868429208405780528113716653126881423203591654434147462025715460595783844614370695275031827707602085224602650079196509222552226675453622539133010684271569505753929868218452812309054221473417097668194932732897881426884562046726778603372182391945838329796358044957573662522623065680992117257933371191573591662978506115274740094431629294151547173149080726121604466965195222042112929609077889847675497527714057696843168191216981993951623285819792502880679542838382943408721583158060072503918922093219667725254959215500932317939151781974455831752131302201833227462361804742781310848939269151721568447232485444094436750972686874294628536042692260989078207543932777727705622322594699819710516787347917583620964881047242280417712036545723184854620237279584525138514869188514344487202858323145226875975513070282119320509552197701245195381990841578466703439868080425457725165086621108615643076250216487183495748008226254144187342671785889408193656252425621935417103650532876218593694629270002276621466601930455617256799112223253365839859694182045706245412811730767510120771096101949062434419404506239708483754153367805680441354141316444118271332610856463457685455041907742862479014957588842112815515045356431525201772091991188224698770594743698238744026208864869188319675000102217585817544526037750561755033788341899606187521213399124112640896185134642048712408799019048207434344061566684340652195210258689755934358141915402270823806249720530881287410403274657642568637684231833467552080963380210596109014023131707264030679904758437187047724065941466213390423149255955467362158826501049034846437331057564428403519923702596033866062281941046667731347471714680990109570994615872447115578668219788089878450566586117165973752433795575974438734591506637495157697758732977947677958139337524346646709571733329200527789100815642575525174067111750265941378626804688836904727937750703519466568487686555760386629813404933861618845061034258643095462911993214812935920261502916403672760870364803611897658492256832782829245061605134001848603539343941099155783659274214589066984733637709710287691264630824830762197610603359304254926010854671729801583843549333203384845236741447474626548006134301788275374294267358520839690591344221819644984437629312319716348786911479165587555869223151974598682894701817910972372192075954185744239080635938092551196071438977444897629804462299052881251912371118051087430413317229820410179169189979731646287565864811527909596536344677514217563721941228009884417720936961765364304034720158498641544377515123851460305553517608076708063022331995475977573904078838885663982281640681409059733325098757392510985296179353962339230161404570053544451957164754082807381940364705506209484608213572530015635423806338000366065958189091886613713177534530971830795655809455467727770160699174692803060693565374812945646441470447184447763329188617132250105475797840333109267863664527693929822742446614655094086070009120624999675569331505853366373114318151922552319270867861453	-3,5,5,5,5,-6,5,-6,5,-6,5,-6	6,-6,-6,-6,-6,-6,-6,-6,-6,5,-6,5	ok
0.426426	-12.672673	-55.564761	0.408783	continued:5	29797441240847192311964028853190280189674041619720799605070824129924103630349014387363218437041262128836255660367033565228906969921436065807110492954244538641922732381526988524213230765695165516684856964886402475218726787375215748391120225301433133801809602551954799399621703470614032595261603547732880205461166225506383472517669360488304292936684047002677551828409989745109425630864985134416570483495028535097538525962819715706453278578056276781997658621821330623661439735037198469982874980353282521543069959364804122626389538391283710117759012920542190446628568269535485120906902702054290158140837938102629797883544586003735080140767802541056613215533165923427360817084903885101038661329655704061613434516352085161782006860284716509839924228309376088170740553115806220734141302649848057010058913693667459286835607211129246633087358315863204490737630361736531172516441701350353989780844469604679326961211342427047892996344090028808147916171706518889485060629487737417917569767213496185589810977631686161593663266872708183305924891421716519836703659212884206754774705296603977160595587057551946392243523306131003376817168847344668193734612715320449809071341032253817577093207483930220945124667599152474307313066288132598337858614967222060190098955400369833539728841815639323595546756206693047251103075382837527829820663088922381252193091723767612410835446041002371833244855823858875455973221693803924258499763326053205682414512096667270504543905693204277613951276144204402168422635613346089666241936344317839882762737246424381784741408159245368710128847124504748050503990781578764654952474606245487855709595539854347610025507672219867684075552108204020693002392797889951477922785294312425920409366840810613018774876035748947379126660344457923252911827963127050021684207491337122395166780647517198338054767054442830301426205055903496259126862605237461976535076098361397823326293402766043365501433603630557342200025311413646849469234032797183111462861504199013456412011237770868264340994109716529640416837224889583615851124891019011469211713408349279357454776504261682254599836296540677490414109971322704682648733858505710837948572489470743258918957985499447890480082719124734380717079913908027937921038192208772571802079613448093696186733643290284870878794124360980883995900352900169251996630745408968647196739083264462897694864636367981485763873831510074976212279157827568788748587208370309400277301513089418026501765935875688452475036335026926035984960464181697274556613221792458622338022538497456852545560958161633631393846791355693736324319823254493130493254534323699909944897503934906464549927864564116780764548724526005167288450207785182052845344488503149127553784912040092721239672966494161951435228870510203666458503407381527800202537379296899084196749484248017397623225360741557400356939447786030212738157097386153120302032851798323144081850357605420034876762332505768871767157279014091641205177376396947992882728922995266027851166827789653411295075675561410671580097156184523046122900782989756625456112627833322130591146902407883006284348590074036026446197103992744951409686477908471095192610419082790255192110341133645545	227592640809143470026317833200072739233153882769145676634223819175962350831074832855967357856999768258402121126245647838998834872214835795685009703704038561212512344586608081274699868429208405780528113716653126881423203591654434147462025715460595783844614370695275031827707602085224602650079196509222552226675453622539133010684271569505753929868218452812309054221473417097668194932732897881426884562046726778603372182391945838329796358044957573662522623065680992117257933371191573591662978506115274740094431629294151547173149080726121604466965195222042112929609077889847675497527714057696843168191216981993951623285819792502880679542838382943408721583158060072503918922093219667725254959215500932317939151781974455831752131302201833227462361804742781310848939269151721568447232485444094436750972686874294628536042692260989078207543932777727705622322594699819710516787347917583620964881047242280417712036545723184854620237279584525138514869188514344487202858323145226875975513070282119320509552197701245195381990841578466703439868080425457725165086621108615643076250216487183495748008226254144187342671785889408193656252425621935417103650532876218593694629270002276621466601930455617256799112223253365839859694182045706245412811730767510120771096101949062434419404506239708483754153367805680441354141316444118271332610856463457685455041907742862479014957588842112815515045356431525201772091991188224698770594743698238744026208864869188319675000102217585817544526037750561755033788341899606187521213399124112640896185134642048712408799019048207434344061566684340652195210258689755934358141915402270823806249720530881287410403274657642568637684231833467552080963380210596109014023131707264030679904758437187047724065941466213390423149255955467362158826501049034846437331057564428403519923702596033866062281941046667731347471714680990109570994615872447115578668219788089878450566586117165973752433795575974438734591506637495157697758732977947677958139337524346646709571733329200527789100815642575525174067111750265941378626804688836904727937750703519466568487686555760386629813404933861618845061034258643095462911993214812935920261502916403672760870364803611897658492256832782829245061605134001848603539343941099155783659274214589066984733637709710287691264630824830762197610603359304254926010854671729801583843549333203384845236741447474626548006134301788275374294267358520839690591344221819644984437629312319716348786911479165587555869223151974598682894701817910972372192075954185744239080635938092551196071438977444897629804462299052881251912371118051087430413317229820410179169189979731646287565864811527909596536344677514217563721941228009884417720936961765364304034720158498641544377515123851460305553517608076708063022331995475977573904078838885663982281640681409059733325098757392510985296179353962339230161404570053544451957164754082807381940364705506209484608213572530015635423806338000366065958189091886613713177534530971830795655809455467727770160699174692803060693565374812945646441470447184447763329188617132250105475797840333109267863664527693929822742446614655094086070009120624999675569331505853366373114318151922552319270867861453	-3,5,5,5,5,5,5,5,5,5,5,5	6,-6,-6,-6,-6,-6,-6,-6,-6,5,-6,5	ok
0.430430	-12.672673	-56.352131	0.411577	full	29797441240847192311964028853190280189674041619720799605070824129924103630349014387363218437041262128836255660367033565228906969921436065807110492954244538641922732381526988524213230765695165516684856964886402475218726787375215748391120225301433133801809602551954799399621703470614032595261603547732880205461166225506383472517669360488304292936684047002677551828409989745109425630864985134416570483495028535097538525962819715706453278578056276781997658621821330623661439735037198469982874980353282521543069959364804122626389538391283710117759012920542190446628568269535485120906902702054290158140837938102629797883544586003735080140767802541056613215533165923427360817084903885101038661329655704061613434516352085161782006860284716509839924228309376088170740553115806220734141302649677479518483802000300168580713163044194065887323354719302210650111132711346298709211434864618027584900489492606253513787276911684522970091828423127049646218187582003049038748847718653443334980530114472055275735855279209770676986277839544680221399291578177895818923520118959136259612273568065832391421401557650483557112710133624327231572850837292836264665366775640359169906189441461622801137205046057480139998789727301188354834859408678444252318864359603629790357149869408733925794073059173594199193764540223273904873376084823036011548299500458930026642471196433941697444714519521783436521257033199569240538356017136986648278619083208578340432572460744377916106798578888652909672720671642967618220307737860229752048439860902462357086319177145113230508886698115136650507969516166526294602245664238186837191597884458847629616626110703701986264675865315242149533506153890573855102393451631820133397962962123540777699655124073183934750132325983463153924879152402566275210960708108379217943794464071635127247610266934882813634532415360144071298771933764924645464154224188565444684793304349109187102643727425971059646107745411267097079956441394728417878699943634406787333603120650375908424974052039424091636508790979460677575837758910503629326833894506602250509755803381963571762557961983119662120168701240835058181811673086800008048944499838940707707782053567037523228075537162284212941859434622832259519124477333253043336322349554034339164903999751792299364531714080643906157062234775989623886575037502014502924772665043792437277247360399729950049537971350229534595640380694013548440548078728424939954087363794545364808698856348306820219899130372819041066391524798444526114516662489660029153595431099570494006984273448840273304477092046634955698066070467783415723810850029030680265524058765380545783338179345320266094764288769264440649654857135829368703169554390148825212748301332632653673789582353481438550336228626213265414959563729122449320821153276277296947776210248729917801639131490256478100647758138853827153568813130249603574430457430655822198550788668531676409735712420502500948333551264995209219091031574300065059137826257062067136841090807084781602509482573772211582573877734371819125741111405640076217653456104332450793033546168345711258782832449004150882056916944271283106149380934873210266061121699807781022580391197927635280046034150626673	46681512337704649829960468186395471921697862066573140415501760934120476574978010813165707608349745427154502834839724822946753962712533372322910029150151200894162560345949487025871484503391436472713507844839862681315351987355227412423561791835465579592810696602333765168958995188397227826463952007082589072511006691758893433012211020377663982052580256599440634692961950530583597594679212699085326101315310982320229358029633924222965422561709522231337762888589645235362804307415840137636455524666798565387437100892827650515546201706844636525118789270750590537489008352979682808663735705830035643525268131125660525900324276202266690219999319690692376260193541004364572187048160685571227730979741272388488406617988828428798661510940126277725498286004942240960858281190755725396105238583769230991573158490059837678738633212854880226352082226864638817911059900785845510367331280896449048846650314665759613013164717300123555046243437864172822443877731795382462183195854480033449041677343085439076774239765637084982669082100179349815408247553750926632592606674523994295974696788738443142361426335080232984486949723378457063781916386942725497462945986845541831081651989143761628280624913099997861186790094159511718882793697765990212536696126018319841161210131613840221401000069320031095803303085225692627628624360954269434237472688478991454429991241224917613627521757698202045944300381100330987378046685510065299188340295553096625292813542840628265701989171696543500688127440628783840874140903797802993825964356158348321222845975869844435837601175129361404518237512773994226381993613762749653020091111416776422936751956437311302034804798118678862463682065756532715077029633533183379999842301800326153442183705562156398279230441012953246675866035550101682218309507005776460710068118896501943382802672160130530237284726016383656556184860491942914622802453842269209767518409551750949848194781686092578253634189622465339795651004782953178246909876736784810265560502581741539399752688106649017094353329048054138265023206589541018892904392581786158240589873373477858677921928994413339720111868307697487155721459469827486243948938150240529857568567598769714573863490244705226847720863953993064780539958453787743933971554267348760690297276822411306647768341808510381730153480330161113741520758005560902314959514963181903337358245479341991745360100736462160446769192194687599099804237359791331635824112482443939519811027891989629759758196767302078733518404524997239028390705504157480885107487856177785382782928983585692036113181348486367417124298631664591500842202698338564412091893604122094504775459333218654255604532845780370131646725850437213230697813398990330122790349602901545349152272112024227279905276888834379009447914637340887544050341211017683136113861931530532158342379826173203302510202157593708859042683415225672281129712372063872581437485808020103845952967870031728721416158841169561586386128992823546117199968673370385205053742825223791856686284985360183670685696076203370033137369449992381144221147712557179850183802469701311985889726387960724268979798686220606512634747553576112580340502404267936021511954279010488566934946877267078	-4,-5,5,5,5,5,5,5,5,5,5,5	6,-6,-6,-6,-6,-6,-6,-6,5,-6,5,5	ok
0.434434	-12.672673								error: Could not locate the first local maximum of the reduced return map.
0.438438	-12.672673								error: Could not locate the first local maximum of the reduced return map.
0.442442	-12.672673								error: Could not locate the first local maximum of the reduced return map.
0.446446	-12.672673								error: Could not locate the first local maximum of the reduced return map.
0.450450	-12.672673								error: Could not locate the first local maximum of the reduced return map.
0.454454	-12.672673								error: Could not locate the first local maximum of the reduced return map.
0.458458	-12.672673								error: Could not locate the first local maximum of the reduced return map.
0.462462	-12.672673								error: Could not locate the first local maximum of the reduced return map.
0.466466	-12.672673								error: Could not locate the first local maximum of the reduced return map.
0.470470	-12.672673								error: Could not locate the first local maximum of the reduced return map.
0.474474	-12.672673								error: Could not locate the first local maximum of the reduced return map.
0.478478	-12.672673								error: Could not locate the first local maximum of the reduced return map.
0.482482	-12.672673								error: Could not locate the first local maximum of the reduced return map.
0.486486	-12.672673								error: Could not locate the first local maximum of the reduced return map.
0.490490	-12.672673								error: Could not locate the first local maximum of the reduced return map.
0.494494	-12.672673								error: Could not locate the first local maximum of the reduced return map.
0.498498	-12.672673								error: Could not locate the first local maximum of the reduced return map.
0.502503	-12.672673								error: Could not locate the first local maximum of the reduced return map.
0.506507	-12.672673								error: Could not locate the first local maximum of the reduced return map.
0.510511	-12.672673								error: Could not locate the first local maximum of the reduced return map.
0.514515	-12.672673								error: Could not locate the first local maximum of the reduced return map.
0.518519	-12.672673								error: Could not locate the first local maximum of the reduced return map.
0.522523	-12.672673								error: Could not locate the first local maximum of the reduced return map.
0.526527	-12.672673								error: Could not locate the first local maximum of the reduced return map.
0.530531	-12.672673								error: Could not locate the first local maximum of the reduced return map.
0.534535	-12.672673								error: Could not locate the first local maximum of the reduced return map.
0.538539	-12.672673								error: Could not locate the first local maximum of the reduced return map.
0.542543	-12.672673								error: Could not locate the first local maximum of the reduced return map.
0.546547	-12.672673	-43.619509	0.396046	continued:5	29797441243107409007054498544463602463143309019585842410437272331072829796844405612975663575945207502960205020747271245467285924866782765412497894170391079943175870843380920591970946877594598268940175077142686130741346881909928567483674402146961982049754265981732291364113931975287872264976682356716460233296881198178416811960058594034956660091840916658205495574987720900995311214725394561018706574563883529505989855072778691508305685086582398297589633454957163457222656548878894744112859865551912798424649318459583008456521493106597592168518139591371499908445628884788136779294513872737624436067457650328921870471270027302842068503047597809235810717649695603813289495096782983542279693512934988532706801938859619107202060747886812670601085294558215140191838445076619643668873832919768998775856975225965214954985062686909733961337883048228942770658477125341855117278135430703199996397496959364184463129531524653855241095722776802433343533109656231974258417821277436436979966068082217315302989370513620045748152421634774361433497193941836816896307734392321977497317105258808139076516070676067162052700916167526041153081309898491832745613217096398430890167704610737190991949050628483120467704095075205364266856391975399744743414873386814807278883511383492886905430592036675978400928644975869385030831331547673399398693339816955706536368197975421658230150316935491758404190297209698890903572827392641820804936649366357853571273174034657618221115960548017041170183689842391047073712765674214907393239992184913150426309164202287418198878989915549287006449934058702221255194951063465560423092645993888240125808881581719298954131287165463631498475400894905883782280234235813349962724131923529841298684687895197036075684365768798546733737593005026020844233124178286177563284617499467401557529599796479308812015609726163418552873024025161703110920713932142980512437568465118578935994257998173782534216079518040167938069252860662803802004399259585632654943273552608942086628096886334389218753573125624474685058342742579111368193463047547565442059004350899247178533771404682839134986941097599736094899915241418175858554786751153818533987452701662486665510010149107556144006924372002221403576074033042390746741556630333221337272027478629936122742160619052042030166976582387116217333577593472460853525500983478616774908983231283838249133815854928616299624026515072216768653105884858733304800240599767695116183871762819791336134850159611822844924647501542313375057425937808277565049643958138689664998132522912332542237759424028059528162781610261403095279261968929062563198213118456524830330055223917902130671888958966637114770931491647465923846655426347322900029197044217889654226557597731924916327877315216525369608560171319219837735031398102676299009735577157897651263743151819087200303473870598514492366606618471681366536821701328989071430858109461461704331529057833807932063165199005573411356647043224300457840480545023155091267968991568389138455974871048496800121645258856152230936247810719492504842380569646911825023613274508695875509972054660419682859603260647372877720760788558757997886093994600778801603715327069948653531972547503458873	29797441240847192311964028853190280189674041619838390446392276751194031604458269653903418290263548217449573880332326641944350935173097308900207179393067094544131401902891546319240090459387826901089110022248778690699121607213038328774193670973188238636618975752621222125926330566842392850871256993172052990814923455272158422713978226730271536067320734115644330175741913972774961665758507016962350160797947996818638020341697636898190346069733674659201957482161095922745256449791778981638316387065760464878588799160570705617744573753188025193072339730266460460851296638770406594841724283948742312558545767434110949625269486215697850202040083182408160477784410327631698564345075667516426292163521174888377570257799507602452083191434296678799522303678926870962965810485584104309857721654132208935862840149503153270096321171601530608377347006204586329162461202372349741279824131689595957244116420648783802931051738921079533173705724175123306398230275732511115929263534508854241895175137924922515164136405614414704510455492303725698717776026569540828846801528877656235945663651379536550094040839767421488603748902094110755409763633737605134212630303413169188279493445033579214564177632297586000354946228521647944405741484860434293952903032723748416168191726618406528699260952335643612439924752485168562943008261346330140961582261704425926188224314418487314337217296992818706656692697384744416069567204857489826530163375589484234107987116517173657037047872221374790043864650761273649712299638008506794426976311819693759440666519538644974466855863182012994523540589541733325949043555020682341444601117030390459827020328083590484491525359779683783993062676152068867395183591976214240800537146886593414441930082287618248669853328113421325021396563844247019664452620618630135064616317564444859055244607414452242845627014352340797462215946293094312647185189851528589522137411393123170841974542058910100663859815593928637936666697051269527692362277271948531215883627224600092638025081083221936395938319720235760469155337493496352041432685133286971946277708590157906368504207960150089021577410917524242410721330462599364324611239666260821293107829862616121412048514448287567192928563530785113704632084364936839480238430649045191843708831268168268220768752885221984536487449105912292430831949643617771446758812829019561861381357603015930587781784671455053351937446475247599114093415965512319549356430469142619051049662034413737781149266073126594718321801166662102492812660615845216059806230372812771641695118754065275690336080649016079421945589876600882399314299979899970064113615960235308352736014526109001841200978134759094512018627957004021002867209264329772309084099228023540246878202625190419390978739737025386313440611207580489384619058085850682018004121820389759986231695387181247188137823004760832083764039941840729913215368720461377142548555868124353639165884476503705745144481878216331201304771122853824282295532642839972303277867456902785731159213276334443177274375754150316969788403001666233372172224165115748038231565038207966850479676463698941199721035238170091921206557209905407014152638630894397655031882143556116022881047629124130	-3,6,-6,-6,-6,-6,-6,-6,5,5,5,5	-6,-6,-6,-6,-6,-6,5,5,5,5,5,5	ok
0.550551	-12.672673	-49.321421	0.393253	continued:5	29797441240847192311964698554610053535102163500235037280372057853846617871555506047101692218806266951477739169970122116914910967056362637697255186928710595773947623068140411381047832283463362483696573512619273921428305209876754245209226353994673780787720119608714323072981401661203937701039133936763251338914973371000941251736222110247165491835969300144547689452735263016228583778151840933197231987853854837525706028375943329633407984962010055456272333862850126154858771724776603826071316669004504405288832426557789310129205617479980630170469581275147848838110989987464810122570173834186517036775424743645000694404249817100407235479491844467708600167276631210663369030332302723878822523248819590527819447843851633619609558890557351364092097869715651453868122525057929011559370622511999488202219896301126668623139310548529530603982398907143579875847061231122521269962862159458789813637855256226735329941023635334072569100189409157484782515121181191563095022936700208615809980085008704788952604456974151131667006395599314772920833070849788383517368925819338263625577283041663318498126177328593556625133679215256641490709629908227273980339900186804224561249090871773335395907648681796889793487271500735482075422945828398607688602116008089012122753988979589682800162549858892902832689618431878933389538971845984421216287056399905782377483709583566752246768825965783571719847547437873172488688423219451781022347977860727760519500615933329247277512678424734334315991261271943894865195238909324479023819135232546749659075439411906778065326587175237351431416548293282745131760603225229068914707475801749073783700317910399740612951625921606514022184817426950202569050706665635484940862421089838213617806173883023664891815431581770120654110939750265518596035878212120887465867891225041477134711123323398582859176456458662885694499767742698832354842637192971945047944149661830411454260486296601310822178011452604088029885185142903929748871379845025889068695318397472409651344980028706741087257978308317378120136519011177651455267263382833383953723631850518351510098158559544650120430016049441970027879927837546151156647180049589301349375007434366322582455412199680657867112767302924728219908209563147870771529099277982734206614731456502271567697380988986117242851065350840062665047060037357658275319189239348923776696924976178137397788926332272313016903318743829339472533390674925192441402938982243937604883976392407934861903098283588786657468294251086501940598094779307638701927686512194986546313872612725572521253554279469360108971287200162605162095404806242578475645121467228115597436263051598613327777207365753350325990291848691950316269132546791971109084906436000479354951033231039654506270007107676587476692212146223487968640402275623806374967774281487546888777522450709822067382834397769538722970096436813027842688687328186641833879121231567649397824437050381645188846897126646082315116822167804654789614662053958776421232592787960425371947851550691984049464075657608755712160257592542037504188338813578174346748752844642794987507445296236895344309159063424625388877633634527567570538269917505967308094320922478913330039314286666053521	29797441240847192311964028853190280189674041619838390446392276751194031604458269653903418290263548217449573880332326641944350935173097308900207179393067094544131401902891546319240090459387826901089110022248778690699121607213038328774193670973188238636618975752621222125926330566842392850871256993172052990814923455272158422713978226730271536067320734115644330175741913972774961665758507016962350160797947996818638020341697636898190346069733674659201957482161095922745256449791778981638316387065760464878588799160570705617744573753188025193072339730266460460851296638770406594841724283948742312558545767434110949625269486215697850202040083182408160477784410327631698564345075667516426292163521174888377570257799507602452083191434296678799522303678926870962965810485584104309857721654132208935862840149503153270096321171601530608377347006204586329162461202372349741279824131689595957244116420648783802931051738921079533173705724175123306398230275732511115929263534508854241895175137924922515164136405614414704510455492303725698717776026569540828846801528877656235945663651379536550094040839767421488603748902094110755409763633737605134212630303413169188279493445033579214564177632297586000354946228521647944405741484860434293952903032723748416168191726618406528699260952335643612439924752485168562943008261346330140961582261704425926188224314418487314337217296992818706656692697384744416069567204857489826530163375589484234107987116517173657037047872221374790043864650761273649712299638008506794426976311819693759440666519538644974466855863182012994523540589541733325949043555020682341444601117030390459827020328083590484491525359779683783993062676152068867395183591976214240800537146886593414441930082287618248669853328113421325021396563844247019664452620618630135064616317564444859055244607414452242845627014352340797462215946293094312647185189851528589522137411393123170841974542058910100663859815593928637936666697051269527692362277271948531215883627224600092638025081083221936395938319720235760469155337493496352041432685133286971946277708590157906368504207960150089021577410917524242410721330462599364324611239666260821293107829862616121412048514448287567192928563530785113704632084364936839480238430649045191843708831268168268220768752885221984536487449105912292430831949643617771446758812829019561861381357603015930587781784671455053351937446475247599114093415965512319549356430469142619051049662034413737781149266073126594718321801166662102492812660615845216059806230372812771641695118754065275690336080649016079421945589876600882399314299979899970064113615960235308352736014526109001841200978134759094512018627957004021002867209264329772309084099228023540246878202625190419390978739737025386313440611207580489384619058085850682018004121820389759986231695387181247188137823004760832083764039941840729913215368720461377142548555868124353639165884476503705745144481878216331201304771122853824282295532642839972303277867456902785731159213276334443177274375754150316969788403001666233372172224165115748038231565038207966850479676463698941199721035238170091921206557209905407014152638630894397655031882143556116022881047629124130	-4,6,-6,-6,-6,-6,-6,5,5,5,5,5	-6,-6,-6,-6,-6,-6,5,5,5,5,5,5	ok
0.554555	-12.672673	-52.503303	0.396046	continued:5	29797441240847192311964028853190280189674041619838390446392276751194031604458269653903418290263548217449573880332326641944350935173097308900207179393067094544131401902891546319240090459387826901089110022248778690699121607213038328774193670973188238636618975752621222125926330566842392850871256993172052990814923455272158422713978226730271536067320734115644330175741913972774961665758507016962350160797947996818638020341697636898190346069733674659201957482161095922745256449791778981638316387065760464878588799160570705617744573753188025193072339730266460460851296638770406594841724283948742312558545767434110949625269486215697850202040083182408160477784410327631698564345075667516426292163521174888377570257799507602452083191434296678799522303678926870962965810485584104309857721654132208935862840149503153270096321171601530608377347006204586329162461202372349741279824131689595957244116420648783802931051738921079533173705724175123306398230275732511115929263534508854241895175137924922515164136405614414704510455492303725698717776026569540828846801528877656235945663651379536550094040839767421488603748902094110755409763633737605134212630303413169188279493445033579214564177632297586000354946228521647944405741484860434293952903032723748416168191726618406528699260952335643612439924752485168562943008261346330140961582261704425926188224314418487314337217296992818706656692697384744416069567204857489826530163375589484234107987116517173657037047872221374790043864650761273649712299638008506794426976311819693759440666519538644974466855863182012994523540589541733324484319768997871197425639398217200393744656224775970347567602442674443297266993471981741026676826940360617680128044520963664972917783206480837254074371028460107815872400806519153567667959697133342070232219681833629624437570921363523459645732651562787760654134203787725777482871860254784089581316858701632305970240152677514545752567636471657557296543990009577017807157916251658550163063140523653106845220943914318924010276004735411392350006118520985468833770614340011576738777896581347499503533688943929192679205210457979240382675362597186939785148066207640923713114990395838650605940430535382349997138229168213265211580515222868289019029918596958104069221824311726645261326065363642048075484173934625468251481640590908560701230827280695323290402656415691298288604628259194630166313060998645272759457289262398442447092405717200308439364419094747118707015748231933285198916029254043113096125013032148384323200797388431555698659272401884459701332338709609574220585814584346471645419882046888685742618467660212059885111757401618088390089189566203074623881844303027341182625820435365345854828951258758521011532448133042844659251933641229492874558970877342676179813822047317810877817311446762216626925358682078821175733729379814836496319171172179804577454454762311306604511253579128159933891201461585948532674822110007599005687368594258179593769049184372798579999270665676967652070368516029305396829228681935487411559214115161795236595308495447573252272610179229865068818251467507289724538682284197672246196619810853773226909197319701766801584231345859037880829647559826035	29797441240847192311964028853190280189674041619838390446392276751194031604458269653903418290263548217449573880332326641944350935173097308900207179393067094544131401902891546319240090459387826901089110022248778690699121607213038328774193670973188238636618975752621222125926330566842392850871256993172052990814923455272158422713978226730271536067320734115644330175741913972774961665758507016962350160797947996818638020341697636898190346069733674659201957482161095922745256449791778981638316387065760464878588799160570705617744573753188025193072339730266460460851296638770406594841724283948742312558545767434110949625269486215697850202040083182408160477784410327631698564345075667516426292163521174888377570257799507602452083191434296678799522303678926870962965810485584104309857721654132208935862840149503153270096321171601530608377347006204586329162461202372349741279824131689595957244116420648783802931051738921079533173705724175123306398230275732511115929263534508854241895175137924922515164136405614414704510455492303725698717776026569540828846801528877656235945663651379536550094040839767421488603748902094110755409763633737605134212630303413169188279493445033579214564177632297586000354946228521647944405741484860434293952903032723748416168191726618406528699260952335643612439924752485168562943008261346330140961582261704425926188224314418487314337217296992818706656692697384744416069567204857489826530163375589484234107987116517173657037047872221374790043864650761273649712299638008506794426976311819693759440666519538644974466855863182012994523540589541733325949043555020682341444601117030390459827020328083590484491525359779683783993062676152068867395183591976214240800537146886593414441930082287618248669853328113421325021396563844247019664452620618630135064616317564444859055244607414452242845627014352340797462215946293094312647185189851528589522137411393123170841974542058910100663859815593928637936666697051269527692362277271948531215883627224600092638025081083221936395938319720235760469155337493496352041432685133286971946277708590157906368504207960150089021577410917524242410721330462599364324611239666260821293107829862616121412048514448287567192928563530785113704632084364936839480238430649045191843708831268168268220768752885221984536487449105912292430831949643617771446758812829019561861381357603015930587781784671455053351937446475247599114093415965512319549356430469142619051049662034413737781149266073126594718321801166662102492812660615845216059806230372812771641695118754065275690336080649016079421945589876600882399314299979899970064113615960235308352736014526109001841200978134759094512018627957004021002867209264329772309084099228023540246878202625190419390978739737025386313440611207580489384619058085850682018004121820389759986231695387181247188137823004760832083764039941840729913215368720461377142548555868124353639165884476503705745144481878216331201304771122853824282295532642839972303277867456902785731159213276334443177274375754150316969788403001666233372172224165115748038231565038207966850479676463698941199721035238170091921206557209905407014152638630894397655031882143556116022881047629124130	-3,-6,-6,-6,-6,-6,5,5,5,5,5,5	-6,-6,-6,-6,-6,-6,5,5,5,5,5,5	ok
0.558559	-12.672673	-54.509336	0.398840	continued:5	29797441240847192311964028853190280189674041619720799605070824129924103630349014387363218437041262128836255660367033565228906969921436065807110492954244538641922732381526988524213230765695165516684856964886402475218726787375215748391120225301433133801809602551954799399621703470614032595261603547732880205461166225506383472517669360488304292936684047002677551828409989745109425630864985134416570483495028535097538525962819715706453278578056276781997658621821330623661439735037198469982874980353282521543069959364804122626389538391283710117759012920542190446628568269535485120906902702054290158140837938102629797883544586003735080140767802541056613215533165923427360817084903885101038661329655704061613434516352085161782006860284716509839924228309376088170740553115806220734141302649848057010058913693667459286835607211129246633087358315863204490737630361736531172516441701350353989780844469604679326961211342427047892996344090028808147916171706518889485060629487737417917569767213496185589810977631686161593663266872708183305924891421716519836703659212884206754774705296603977160595587057551946392243523306131003376817168847344668193734612715320449809071341032253817577093207483930220945124667599152474307313066288132598337858614967222060190098955400369833539728841815639323595546756206693047251103075382837527829820663088922381252193091723767612410835446041002371833244855823858875455973221693803924258499763326053205682414512096667270504543905693204277613951276144204402168422635613346089666241936344317839882762737246424381784741408159245368710128847124504748050259870150574962797615980986443289511362534855970225945405898133274047741214151927370372385350028161700864604552428190425115668855177239827327446219221395519584646044461026910421699370714725007998587520655981775926748844747312414459728293551252471769465067609921652899236925865027914100691384663688608827578434987977568039761486712852779707381025090780350784199360689709693466626332005638433733770487664068421221588417566544244157785316203941142152295356422810724902092285567806998219676272836482696519729276213300707109026304387193144485008943338308442751079658426469963616446183059392071019024743919603256593367777297530080858186416018690393660240972502692785255630332802661813551824808879903087060733331258896534918799823989796246704537436452699594338687665770872295924739045603807472355312278655316165657543119713809760351640563155348276137788529820712016721739024517049207027675328705141116755586788348890160984207569853915797582641892784175719136778692928898648781037902120270034667305636388779006589707864825975317924565829883397687923474749300873295425587819812173293934368184354896503527781795574714647236840308236721725763594184696025258823486912907523113585027065046394892704891287292712325931329587044785320929173508336637580864873311048610927580401805504494318382533413321592562792506447747053048554781795627702083011797984848552319581189945604262305486396415236440224365452162628421616849479719989165025204663027087302047734783829986454285179005107758042868233646714509406887870139221741873065749646249222102387444167465789079457327954724174337251461022	29797441240847192311964028853190280189674041619838390446392276751194031604458269653903418290263548217449573880332326641944350935173097308900207179393067094544131401902891546319240090459387826901089110022248778690699121607213038328774193670973188238636618975752621222125926330566842392850871256993172052990814923455272158422713978226730271536067320734115644330175741913972774961665758507016962350160797947996818638020341697636898190346069733674659201957482161095922745256449791778981638316387065760464878588799160570705617744573753188025193072339730266460460851296638770406594841724283948742312558545767434110949625269486215697850202040083182408160477784410327631698564345075667516426292163521174888377570257799507602452083191434296678799522303678926870962965810485584104309857721654132208935862840149503153270096321171601530608377347006204586329162461202372349741279824131689595957244116420648783802931051738921079533173705724175123306398230275732511115929263534508854241895175137924922515164136405614414704510455492303725698717776026569540828846801528877656235945663651379536550094040839767421488603748902094110755409763633737605134212630303413169188279493445033579214564177632297586000354946228521647944405741484860434293952903032723748416168191726618406528699260952335643612439924752485168562943008261346330140961582261704425926188224314418487314337217296992818706656692697384744416069567204857489826530163375589484234107987116517173657037047872221374790043864650761273649712299638008506794426976311819693759440666519538644974466855863182012994523540589541733325949043555020682341444601117030390459827020328083590484491525359779683783993062676152068867395183591976214240800537146886593414441930082287618248669853328113421325021396563844247019664452620618630135064616317564444859055244607414452242845627014352340797462215946293094312647185189851528589522137411393123170841974542058910100663859815593928637936666697051269527692362277271948531215883627224600092638025081083221936395938319720235760469155337493496352041432685133286971946277708590157906368504207960150089021577410917524242410721330462599364324611239666260821293107829862616121412048514448287567192928563530785113704632084364936839480238430649045191843708831268168268220768752885221984536487449105912292430831949643617771446758812829019561861381357603015930587781784671455053351937446475247599114093415965512319549356430469142619051049662034413737781149266073126594718321801166662102492812660615845216059806230372812771641695118754065275690336080649016079421945589876600882399314299979899970064113615960235308352736014526109001841200978134759094512018627957004021002867209264329772309084099228023540246878202625190419390978739737025386313440611207580489384619058085850682018004121820389759986231695387181247188137823004760832083764039941840729913215368720461377142548555868124353639165884476503705745144481878216331201304771122853824282295532642839972303277867456902785731159213276334443177274375754150316969788403001666233372172224165115748038231565038207966850479676463698941199721035238170091921206557209905407014152638630894397655031882143556116022881047629124130	2,5,5,5,5,5,5,5,5,5,5,5	-6,-6,-6,-6,-6,-6,5,5,5,5,5,5	ok
0.562563	-12.672673	-55.663256	0.400089	continued:5	29797441240847192311964028853190280189674041619720799605070824129924103630349014387363218437041262128836255660367033565228906969921436065807110492954244538641922732381526988524213230765695165516684856964886402475218726787375215748391120225301433133801809602551954799399621703470614032595261603547732880205461166225506383472517669360488304292936684047002677551828409989745109425630864985134416570483495028535097538525962819715706453278578056276781997658621821330623661439735037198469982874980353282521543069959364804122626389538391283710117759012920542190446628568269535485120906902702054290158140837938102629797883544586003735080140767802541056613215533165923427360817084903885101038661329655704061613434516352085161782006860284716509839924228309376088170740553115806220734141302649848057010058913693667459286835607211129246633087358315863204490737630361736531172516441701350353989780844469604679326961211342427047892996344090028808147916171706518889485060629487737417917569767213496185589810977631686161593663266872708183305924891421716519836703659212884206754774705296603977160595587057551946392243523306131003376817168847344668193734612715320449809071341032253817577093207483930220945124667599152474307313066288132598337858614967222060190098955400369833539728841815639323595546756206693047251103075382837527829820663088922381252193091723767612410835446041002371833244855823858875455973221693803924258499763326053205682414512096667270504543905693204277613951276144204402168422635613346089666241936344317839882762737246424381784741408159245368710128847124504748050503990781578764654952474606245487855709595539854347610025507672219867684075552108204020693002392797889951477922785294312425920409366840810613018774876035748947379126660344457923252911827963127050021684207491337122395166780647517198338054767054442830301426205055903496259126862605237461976535076098361397823326293402766043365501433603630557342200025311413646849469234032797183111462861504199013456412011237770868264340994109716529640416837224889583615851124891019011469211713408349279357454776504261682254599836296540677490414109971322704682648733858505710837948572489470743258918957985499447890480082719124734380717079913908027937921038192208772571802079613448093696186733643290284870878794124360980883995900352900169251996630745408968647196739083264462897694864636367981485763873831510074976212279157827568788748587208370309400277301513089418026501765935875688452475036335026926035984960464181697274556613221792458622338022538497456852545560958161633631393846791355693736324319823254493130493254534323699909944897503934906464549927864564116780764548724526005167288450207785182052845344488503149127553784912040092721239672966494161951435228870510203666458503407381527800202537379296899084196749484248017397623225360741557400356939447786030212738157097386153120302032851798323144081850357605420034876762332505768871767157279014091641205177376396947992882728922995266027851166827789653411295075675561410671580097156184523046122900782989756625456112627833322130591146902407883006284348590074036026446197103992744951409686477908471095192610419082790255192110341133645545	29797441240847192311964028853190280189674041619838390446392276751194031604458269653903418290263548217449573880332326641944350935173097308900207179393067094544131401902891546319240090459387826901089110022248778690699121607213038328774193670973188238636618975752621222125926330566842392850871256993172052990814923455272158422713978226730271536067320734115644330175741913972774961665758507016962350160797947996818638020341697636898190346069733674659201957482161095922745256449791778981638316387065760464878588799160570705617744573753188025193072339730266460460851296638770406594841724283948742312558545767434110949625269486215697850202040083182408160477784410327631698564345075667516426292163521174888377570257799507602452083191434296678799522303678926870962965810485584104309857721654132208935862840149503153270096321171601530608377347006204586329162461202372349741279824131689595957244116420648783802931051738921079533173705724175123306398230275732511115929263534508854241895175137924922515164136405614414704510455492303725698717776026569540828846801528877656235945663651379536550094040839767421488603748902094110755409763633737605134212630303413169188279493445033579214564177632297586000354946228521647944405741484860434293952903032723748416168191726618406528699260952335643612439924752485168562943008261346330140961582261704425926188224314418487314337217296992818706656692697384744416069567204857489826530163375589484234107987116517173657037047872221374790043864650761273649712299638008506794426976311819693759440666519538644974466855863182012994523540589541733325949043555020682341444601117030390459827020328083590484491525359779683783993062676152068867395183591976214240800537146886593414441930082287618248669853328113421325021396563844247019664452620618630135064616317564444859055244607414452242845627014352340797462215946293094312647185189851528589522137411393123170841974542058910100663859815593928637936666697051269527692362277271948531215883627224600092638025081083221936395938319720235760469155337493496352041432685133286971946277708590157906368504207960150089021577410917524242410721330462599364324611239666260821293107829862616121412048514448287567192928563530785113704632084364936839480238430649045191843708831268168268220768752885221984536487449105912292430831949643617771446758812829019561861381357603015930587781784671455053351937446475247599114093415965512319549356430469142619051049662034413737781149266073126594718321801166662102492812660615845216059806230372812771641695118754065275690336080649016079421945589876600882399314299979899970064113615960235308352736014526109001841200978134759094512018627957004021002867209264329772309084099228023540246878202625190419390978739737025386313440611207580489384619058085850682018004121820389759986231695387181247188137823004760832083764039941840729913215368720461377142548555868124353639165884476503705745144481878216331201304771122853824282295532642839972303277867456902785731159213276334443177274375754150316969788403001666233372172224165115748038231565038207966850479676463698941199721035238170091921206557209905407014152638630894397655031882143556116022881047629124130	-3,5,5,5,5,5,5,5,5,5,5,5	-6,-6,-6,-6,-6,-6,5,5,5,5,5,5	ok
0.566567	-12.672673	-56.410516	0.402882	full	29797441240847192311964028853190280189674041619720799605070824129924103630349014387363218437041262128836255660367033565228906969921436065807110492954244538641922732381526988524213230765695165516684856964886402475218726787375215748391120225301433133801809602551954799399621703470614032595261603547732880205461166225506383472517669360488304292936684047002677551828409989745109425630864985134416570483495028535097538525962819715706453278578056276781997658621821330623661439735037198469982874980353282521543069959364804122626389538391283710117759012920542190446628568269535485120906902702054290158140837938102629797883544586003735080140767802541056613215533165923427360817084903885101038661329655704061613434516352085161782006860284716509839924228309376088170740553115806220734141302649677479518483802000300168580713163044194065887323354719302210650111132711346298709211434864618027584900489492606253513787276911684522970091828423127049646218187582003049038748847718653443334980530114472055275735855279209770676986277839544680221399291578177895818923520118959136259612273568065832391421401557650483557112710133624327231572850837292836264665366775640359169906189441461622801137205046057480139998789727301188354834859408678444252318864359603629790357149869408733925794073059173594199193764540223273904873376084823036011548299500458930026642471196433941697444714519521783436521257033199569240538356017136986648278619083208578340432572460744377916106798578888652909672720671642967618220307737860229752048439860902462357086319177145113230508886698115136650507969516166526294602245664238186837191597884458847629616626110703701986264675865315242149533506153890573855102393451631820133397962962123540777699655124073183934750132325983463153924879152402566275210960708108379217943794464071635127247610266934882813634532415360144071298771933764924645464154224188565444684793304349109187102643727425971059646107745411267097079956441394728417878699943634406787333603120650375908424974052039424091636508790979460677575837758910503629326833894506602250509755803381963571762557961983119662120168701240835058181811673086800008048944499838940707707782053567037523228075537162284212941859434622832259519124477333253043336322349554034339164903999751792299364531714080643906157062234775989623886575037502014502924772665043792437277247360399729950049537971350229534595640380694013548440548078728424939954087363794545364808698856348306820219899130372819041066391524798444526114516662489660029153595431099570494006984273448840273304477092046634955698066070467783415723810850029030680265524058765380545783338179345320266094764288769264440649654857135829368703169554390148825212748301332632653673789582353481438550336228626213265414959563729122449320821153276277296947776210248729917801639131490256478100647758138853827153568813130249603574430457430655822198550788668531676409735712420502500948333551264995209219091031574300065059137826257062067136841090807084781602509482573772211582573877734371819125741111405640076217653456104332450793033546168345711258782832449004150882056916944271283106149380934873210266061121699807781022580391197927635280046034150626673	29797441240847192311964028853190280189674041619838390446392276751194031604458269653903418290263548217449573880332326641944350935173097308900207179393067094544131401902891546319240090459387826901089110022248778690699121607213038328774193670973188238636618975752621222125926330566842392850871256993172052990814923455272158422713978226730271536067320734115644330175741913972774961665758507016962350160797947996818638020341697636898190346069733674659201957482161095922745256449791778981638316387065760464878588799160570705617744573753188025193072339730266460460851296638770406594841724283948742312558545767434110949625269486215697850202040083182408160477784410327631698564345075667516426292163521174888377570257799507602452083191434296678799522303678926870962965810485584104309857721654132208935862840149503153270096321171601530608377347006204586329162461202372349741279824131689595957244116420648783802931051738921079533173705724175123306398230275732511115929263534508854241895175137924922515164136405614414704510455492303725698717776026569540828846801528877656235945663651379536550094040839767421488603748902094110755409763633737605134212630303413169188279493445033579214564177632297586000354946228521647944405741484860434293952903032723748416168191726618406528699260952335643612439924752485168562943008261346330140961582261704425926188224314418487314337217296992818706656692697384744416069567204857489826530163375589484234107987116517173657037047872221374790043864650761273649712299638008506794426976311819693759440666519538644974466855863182012994523540589541733325949043555020682341444601117030390459827020328083590484491525359779683783993062676152068867395183591976214240800537146886593414441930082287618248669853328113421325021396563844247019664452620618630135064616317564444859055244607414452242845627014352340797462215946293094312647185189851528589522137411393123170841974542058910100663859815593928637936666697051269527692362277271948531215883627224600092638025081083221936395938319720235760469155337493496352041432685133286971946277708590157906368504207960150089021577410917524242410721330462599364324611239666260821293107829862616121412048514448287567192928563530785113704632084364936839480238430649045191843708831268168268220768752885221984536487449105912292430831949643617771446758812829019561861381357603015930587781784671455053351937446475247599114093415965512319549356430469142619051049662034413737781149266073126594718321801166662102492812660615845216059806230372812771641695118754065275690336080649016079421945589876600882399314299979899970064113615960235308352736014526109001841200978134759094512018627957004021002867209264329772309084099228023540246878202625190419390978739737025386313440611207580489384619058085850682018004121820389759986231695387181247188137823004760832083764039941840729913215368720461377142548555868124353639165884476503705745144481878216331201304771122853824282295532642839972303277867456902785731159213276334443177274375754150316969788403001666233372172224165115748038231565038207966850479676463698941199721035238170091921206557209905407014152638630894397655031882143556116022881047629124130	-4,-5,5,5,5,5,5,5,5,5,5,5	-6,-6,-6,-6,-6,-6,5,5,5,5,5,5	ok
0.570571	-12.672673	-43.632701	0.393987	continued:5	29797441240847192311964698554610053535102163500235037280372057853846617871555506047101692218806266951477739169970122116914910967056362637697255186928710595773947623068140411381047832283463362483696573512619273921428305209876754245209226353994673780787720119608714323072981401661203937701039133936763251338914973371000941251736222110247165491835969300144547689452735263016228583778151840933197231987853854837525706028375943329633407984962010055456272333862850126154858771724776603826071316669004504405288832426557789310129205617479980630170469581275147848838110989987464810122570173834186517036775424743645000694404249817100407235479491844467708600167276631210663369030332302723878822523248819590527819447843851633619609558890557351364092097869715651453868122525057929011559370622511999488202219896301126668623139310548529530603982398907143579875847061231122521269962862159458789813637855256226735329941023635334072569100189409157484782515121181191563095022936700208615809980085008704788952604456974151131667006395599314772920833070849788383517368925819338263625577283041663318498126177328593556625133679215256641490709629908227273980339900186804224561249090871773335395907648681796889793487271500735482075422945828398607688602116008089012122753988979589682800162549858892902832689618431878933389538971845984421216287056399905782377483709583566752246768825965783571719847547437873172488688423219451781022347977860727760519500615933329247277512678424734334315991261271943894865195238909324479023819135232546749659075439411906778065326587175237351431416548293282745131272361963221465200034483075501315412758943435958043574713414996830395493058709628953701484602676869034439442902148702882882940076972599652960042434163446769621557990661054812236585941052259630005868417095648436080681651815295931272734137314074352240254522916015603827118897727916434111712561755039969437253614405507139385391795539379277768551847111849575369978016237789596015519904963575611773337234526636404270564221366550845820651306575214791352777663781224821720269949835978282264179840968474257420929118317051072666906825862251729613757775580060921331756420920103787151270367730112651127018169985843931347760714787657499187549513564259957363874556990535785384666690083747543773832179201174010020022166026394393434616266439552629846245042726813524588656567489648102035410932151734730166408161252394090978196488471681837278960878691276045907213407803557371373209488088838979798238038999230927093533775550993930842156532902755952461186846709239430263936012605244537691287718629567266394772120462439852462738071191992837501197052772570601908710157302502035210411297779112719503763404203325338120088128217227736855490550512514341032849306866545381748514354559616894744937916590016992592969427678178641417825650551029262253868926139493414524166226489908950115721929939476390438466482688411295867240209646038857486237572775622040720178776203788710826596635790117254597499834010763735878268248534564952694802161243540861258972288074661488002713112704417845910448218485773943931594919521874456060177275520262539774164176789913571379053564686589145786253031861444188089140	29797441240847192311964028853190280189674041619838390446392276751194031604458269653903418290263548217449573880332326641944350935173097308900207179393067094544131401902891546319240090459387826901089110022248778690699121607213038328774193670973188238636618975752621222125926330566842392850871256993172052990814923455272158422713978226730271536067320734115644330175741913972774961665758507016962350160797947996818638020341697636898190346069733674659201957482161095922745256449791778981638316387065760464878588799160570705617744573753188025193072339730266460460851296638770406594841724283948742312558545767434110949625269486215697850202040083182408160477784410327631698564345075667516426292163521174888377570257799507602452083191434296678799522303678926870962965810485584104309857721654132208935862840149503153270096321171601530608377347006204586329162461202372349741279824131689595957244116420648783802931051738921079533173705724175123306398230275732511115929263534508854241895175137924922515164136405614414704510455492303725698717776026569540828846801528877656235945663651379536550094040839767421488603748902094110755409763633737605134212630303413169188279493445033579214564177632297586000354946228521647944405741484860434293952903032723748416168191726618406528699260952335643612439924752485168562943008261346330140961582261704425926188224314418487314337217296992818706656692697384744416069567204857489826530163375589484234107987116517173657037047872221374790043864650761273649712299638008506794426976311819693759440666519538644974466855863182012994523540589541733325949043555020682341444601117030390459827020328083590484491525359779683783993062676152068867395183591976214240800537146886593414441930082287618248669853328113421325021396563844247019664452620618630135064616317564444859055244607414452242845627014352340797462215946293094312647185189851528589522137411393123170841974542058910100663859815593928637936666697051269527692362277271948531215883627224600092638025081083221936395938319720235760469155337493496352041432685133286971946277708590157906368504207960150089021577410917524242410721330462599364324611239666260821293107829862616121412048514448287567192928563530785113704632084364936839480238430649045191843708831268168268220768752885221984536487449105912292430831949643617771446758812829019561861381357603015930587781784671455053351937446475247599114093415965512319549356430469142619051049662034413737781149266073126594718321801166662102492812660615845216059806230372812771641695118754065275690336080649016079421945589876600882399314299979899970064113615960235308352736014526109001841200978134759094512018627957004021002867209264329772309084099228023540246878202625190419390978739737025386313440611207580489384619058085850682018004121820389759986231695387181247188137823004760832083764039941840729913215368720461377142548555868124353639165884476503705745144481878216331201304771122853824282295532642839972303277867456902785731159213276334443177274375754150316969788403001666233372172224165115748038231565038207966850479676463698941199721035238170091921206557209905407014152638630894397655031882143556116022881047629124130	-3,6,-6,-6,-6,-6,-6,5,5,5,5,5	-6,-6,-6,-6,-6,-6,5,5,5,5,5,5	ok
0.574575	-12.672673	-49.346074	0.391194	continued:5	29797441240847192311964698554610053535102163500235037280372057853846617871555506047101692218806266951477739169970122116914910967056362637697255186928710595773947623068140411381047832283463362483696573512619273921428305209876754245209226353994673780787720119608714323072981401661203937701039133936763251338914973371000941251736222110247165491835969300144547689452735263016228583778151840933197231987853854837525706028375943329633407984962010055456272333862850126154858771724776603826071316669004504405288832426557789310129205617479980630170469581275147848838110989987464810122570173834186517036775424743645000694404249817100407235479491844467708600167276631210663369030332302723878822523248819590527819447843851633619609558890557351364092097869715651453868122525057929011559370622511999488202219896301126668623139310548529530603982398907143579875847061231122521269962862159458789813637855256226735329941023635334072569100189409157484782515121181191563095022936700208615809980085008704788952604456974151131667006395599314772920833070849788383517368925819338263625577283041663318498126177328593556625133679215256641490709629908227273980339900186804224561249090871773335395907648681796889793487271500735482075422945828398607688602116008089012122753988979589682800162549858892902832689618431878933389538971845984421216287056399905782377483709583566752246768825965783571719847547437873172488688423219451781022347977860727760519500615933329247277512678424734334315991261271943894865195238909324479023819135232546749659075439411906778065326587175237351431416548293282745131760603225229068914707475801749073783700317910399740612951625921606514022184817426950202569050706665635484940862421089838213617806173883023664891815431581770120654110939750265518596035878212120887465867891225041477134711123323398582859176456458662885694499767742698832354842637192971945047944149661830411454260486296601310822178011452604088029885185142903929748871379845025889068695318397472409651344980028706741087257978308317378120136519011177651455267263382833383953723631850518351510098158559544650120430016049441970027879927837546151156647180049589301349375007434366322582455412199680657867112767302924728219908209563147870771529099277982734206614731456502271567697380988986117242851065350840062665047060037357658275319189239348923776696924976178137397788926332272313016903318743829339472533390674925192441402938982243937604883976392407934861903098283588786657468294251086501940598094779307638701927686512194986546313872612725572521253554279469360108971287200162605162095404806242578475645121467228115597436263051598613327777207365753350325990291848691950316269132546791971109084906436000479354951033231039654506270007107676587476692212146223487968640402275623806374967774281487546888777522450709822067382834397769538722970096436813027842688687328186641833879121231567649397824437050381645188846897126646082315116822167804654789614662053958776421232592787960425371947851550691984049464075657608755712160257592542037504188338813578174346748752844642794987507445296236895344309159063424625388877633634527567570538269917505967308094320922478913330039314286666053521	29797441240847192311964028853190280189674041619838390446392276751194031604458269653903418290263548217449573880332326641944350935173097308900207179393067094544131401902891546319240090459387826901089110022248778690699121607213038328774193670973188238636618975752621222125926330566842392850871256993172052990814923455272158422713978226730271536067320734115644330175741913972774961665758507016962350160797947996818638020341697636898190346069733674659201957482161095922745256449791778981638316387065760464878588799160570705617744573753188025193072339730266460460851296638770406594841724283948742312558545767434110949625269486215697850202040083182408160477784410327631698564345075667516426292163521174888377570257799507602452083191434296678799522303678926870962965810485584104309857721654132208935862840149503153270096321171601530608377347006204586329162461202372349741279824131689595957244116420648783802931051738921079533173705724175123306398230275732511115929263534508854241895175137924922515164136405614414704510455492303725698717776026569540828846801528877656235945663651379536550094040839767421488603748902094110755409763633737605134212630303413169188279493445033579214564177632297586000354946228521647944405741484860434293952903032723748416168191726618406528699260952335643612439924752485168562943008261346330140961582261704425926188224314418487314337217296992818706656692697384744416069567204857489826530163375589484234107987116517173657037047872221374790043864650761273649712299638008506794426976311819693759440666519538644974466855863182012994523540589541733325949043555020682341444601117030390459827020328083590484491525359779683783993062676152068867395183591976214240800537146886593414441930082287618248669853328113421325021396563844247019664452620618630135064616317564444859055244607414452242845627014352340797462215946293094312647185189851528589522137411393123170841974542058910100663859815593928637936666697051269527692362277271948531215883627224600092638025081083221936395938319720235760469155337493496352041432685133286971946277708590157906368504207960150089021577410917524242410721330462599364324611239666260821293107829862616121412048514448287567192928563530785113704632084364936839480238430649045191843708831268168268220768752885221984536487449105912292430831949643617771446758812829019561861381357603015930587781784671455053351937446475247599114093415965512319549356430469142619051049662034413737781149266073126594718321801166662102492812660615845216059806230372812771641695118754065275690336080649016079421945589876600882399314299979899970064113615960235308352736014526109001841200978134759094512018627957004021002867209264329772309084099228023540246878202625190419390978739737025386313440611207580489384619058085850682018004121820389759986231695387181247188137823004760832083764039941840729913215368720461377142548555868124353639165884476503705745144481878216331201304771122853824282295532642839972303277867456902785731159213276334443177274375754150316969788403001666233372172224165115748038231565038207966850479676463698941199721035238170091921206557209905407014152638630894397655031882143556116022881047629124130	-4,6,-6,-6,-6,-6,-6,5,5,5,5,5	-6,-6,-6,-6,-6,-6,5,5,5,5,5,5	ok
0.578579	-12.672673	-52.530491	0.393987	continued:5	29797441240847192311964028853190280189674041619838390446392276751194031604458269653903418290263548217449573880332326641944350935173097308900207179393067094544131401902891546319240090459387826901089110022248778690699121607213038328774193670973188238636618975752621222125926330566842392850871256993172052990814923455272158422713978226730271536067320734115644330175741913972774961665758507016962350160797947996818638020341697636898190346069733674659201957482161095922745256449791778981638316387065760464878588799160570705617744573753188025193072339730266460460851296638770406594841724283948742312558545767434110949625269486215697850202040083182408160477784410327631698564345075667516426292163521174888377570257799507602452083191434296678799522303678926870962965810485584104309857721654132208935862840149503153270096321171601530608377347006204586329162461202372349741279824131689595957244116420648783802931051738921079533173705724175123306398230275732511115929263534508854241895175137924922515164136405614414704510455492303725698717776026569540828846801528877656235945663651379536550094040839767421488603748902094110755409763633737605134212630303413169188279493445033579214564177632297586000354946228521647944405741484860434293952903032723748416168191726618406528699260952335643612439924752485168562943008261346330140961582261704425926188224314418487314337217296992818706656692697384744416069567204857489826530163375589484234107987116517173657037047872221374790043864650761273649712299638008506794426976311819693759440666519538644974466855863182012994523540589541733324484319768997871197425639398217200393744656224775970347567602442674443297266993471981741026676826940360617680128044520963664972917783206480837254074371028460107815872400806519153567667959697133342070232219681833629624437570921363523459645732651562787760654134203787725777482871860254784089581316858701632305970240152677514545752567636471657557296543990009577017807157916251658550163063140523653106845220943914318924010276004735411392350006118520985468833770614340011576738777896581347499503533688943929192679205210457979240382675362597186939785148066207640923713114990395838650605940430535382349997138229168213265211580515222868289019029918596958104069221824311726645261326065363642048075484173934625468251481640590908560701230827280695323290402656415691298288604628259194630166313060998645272759457289262398442447092405717200308439364419094747118707015748231933285198916029254043113096125013032148384323200797388431555698659272401884459701332338709609574220585814584346471645419882046888685742618467660212059885111757401618088390089189566203074623881844303027341182625820435365345854828951258758521011532448133042844659251933641229492874558970877342676179813822047317810877817311446762216626925358682078821175733729379814836496319171172179804577454454762311306604511253579128159933891201461585948532674822110007599005687368594258179593769049184372798579999270665676967652070368516029305396829228681935487411559214115161795236595308495447573252272610179229865068818251467507289724538682284197672246196619810853773226909197319701766801584231345859037880829647559826035	29797441240847192311964028853190280189674041619838390446392276751194031604458269653903418290263548217449573880332326641944350935173097308900207179393067094544131401902891546319240090459387826901089110022248778690699121607213038328774193670973188238636618975752621222125926330566842392850871256993172052990814923455272158422713978226730271536067320734115644330175741913972774961665758507016962350160797947996818638020341697636898190346069733674659201957482161095922745256449791778981638316387065760464878588799160570705617744573753188025193072339730266460460851296638770406594841724283948742312558545767434110949625269486215697850202040083182408160477784410327631698564345075667516426292163521174888377570257799507602452083191434296678799522303678926870962965810485584104309857721654132208935862840149503153270096321171601530608377347006204586329162461202372349741279824131689595957244116420648783802931051738921079533173705724175123306398230275732511115929263534508854241895175137924922515164136405614414704510455492303725698717776026569540828846801528877656235945663651379536550094040839767421488603748902094110755409763633737605134212630303413169188279493445033579214564177632297586000354946228521647944405741484860434293952903032723748416168191726618406528699260952335643612439924752485168562943008261346330140961582261704425926188224314418487314337217296992818706656692697384744416069567204857489826530163375589484234107987116517173657037047872221374790043864650761273649712299638008506794426976311819693759440666519538644974466855863182012994523540589541733325949043555020682341444601117030390459827020328083590484491525359779683783993062676152068867395183591976214240800537146886593414441930082287618248669853328113421325021396563844247019664452620618630135064616317564444859055244607414452242845627014352340797462215946293094312647185189851528589522137411393123170841974542058910100663859815593928637936666697051269527692362277271948531215883627224600092638025081083221936395938319720235760469155337493496352041432685133286971946277708590157906368504207960150089021577410917524242410721330462599364324611239666260821293107829862616121412048514448287567192928563530785113704632084364936839480238430649045191843708831268168268220768752885221984536487449105912292430831949643617771446758812829019561861381357603015930587781784671455053351937446475247599114093415965512319549356430469142619051049662034413737781149266073126594718321801166662102492812660615845216059806230372812771641695118754065275690336080649016079421945589876600882399314299979899970064113615960235308352736014526109001841200978134759094512018627957004021002867209264329772309084099228023540246878202625190419390978739737025386313440611207580489384619058085850682018004121820389759986231695387181247188137823004760832083764039941840729913215368720461377142548555868124353639165884476503705745144481878216331201304771122853824282295532642839972303277867456902785731159213276334443177274375754150316969788403001666233372172224165115748038231565038207966850479676463698941199721035238170091921206557209905407014152638630894397655031882143556116022881047629124130	-3,-6,-6,-6,-6,-6,5,5,5,5,5,5	-6,-6,-6,-6,-6,-6,5,5,5,5,5,5	ok
0.582583	-12.672673	-54.534317	0.396781	continued:5	29797441240847192311964028853190280189674041619720799605070824129924103630349014387363218437041262128836255660367033565228906969921436065807110492954244538641922732381526988524213230765695165516684856964886402475218726787375215748391120225301433133801809602551954799399621703470614032595261603547732880205461166225506383472517669360488304292936684047002677551828409989745109425630864985134416570483495028535097538525962819715706453278578056276781997658621821330623661439735037198469982874980353282521543069959364804122626389538391283710117759012920542190446628568269535485120906902702054290158140837938102629797883544586003735080140767802541056613215533165923427360817084903885101038661329655704061613434516352085161782006860284716509839924228309376088170740553115806220734141302649848057010058913693667459286835607211129246633087358315863204490737630361736531172516441701350353989780844469604679326961211342427047892996344090028808147916171706518889485060629487737417917569767213496185589810977631686161593663266872708183305924891421716519836703659212884206754774705296603977160595587057551946392243523306131003376817168847344668193734612715320449809071341032253817577093207483930220945124667599152474307313066288132598337858614967222060190098955400369833539728841815639323595546756206693047251103075382837527829820663088922381252193091723767612410835446041002371833244855823858875455973221693803924258499763326053205682414512096667270504543905693204277613951276144204402168422635613346089666241936344317839882762737246424381784741408159245368710128847124504748050259870150574962797615980986443289511362534855970225945405898133274047741214151927370372385350028161700864604552428190425115668855177239827327446219221395519584646044461026910421699370714725007998587520655981775926748844747312414459728293551252471769465067609921652899236925865027914100691384663688608827578434987977568039761486712852779707381025090780350784199360689709693466626332005638433733770487664068421221588417566544244157785316203941142152295356422810724902092285567806998219676272836482696519729276213300707109026304387193144485008943338308442751079658426469963616446183059392071019024743919603256593367777297530080858186416018690393660240972502692785255630332802661813551824808879903087060733331258896534918799823989796246704537436452699594338687665770872295924739045603807472355312278655316165657543119713809760351640563155348276137788529820712016721739024517049207027675328705141116755586788348890160984207569853915797582641892784175719136778692928898648781037902120270034667305636388779006589707864825975317924565829883397687923474749300873295425587819812173293934368184354896503527781795574714647236840308236721725763594184696025258823486912907523113585027065046394892704891287292712325931329587044785320929173508336637580864873311048610927580401805504494318382533413321592562792506447747053048554781795627702083011797984848552319581189945604262305486396415236440224365452162628421616849479719989165025204663027087302047734783829986454285179005107758042868233646714509406887870139221741873065749646249222102387444167465789079457327954724174337251461022	29797441240847192311964028853190280189674041619838390446392276751194031604458269653903418290263548217449573880332326641944350935173097308900207179393067094544131401902891546319240090459387826901089110022248778690699121607213038328774193670973188238636618975752621222125926330566842392850871256993172052990814923455272158422713978226730271536067320734115644330175741913972774961665758507016962350160797947996818638020341697636898190346069733674659201957482161095922745256449791778981638316387065760464878588799160570705617744573753188025193072339730266460460851296638770406594841724283948742312558545767434110949625269486215697850202040083182408160477784410327631698564345075667516426292163521174888377570257799507602452083191434296678799522303678926870962965810485584104309857721654132208935862840149503153270096321171601530608377347006204586329162461202372349741279824131689595957244116420648783802931051738921079533173705724175123306398230275732511115929263534508854241895175137924922515164136405614414704510455492303725698717776026569540828846801528877656235945663651379536550094040839767421488603748902094110755409763633737605134212630303413169188279493445033579214564177632297586000354946228521647944405741484860434293952903032723748416168191726618406528699260952335643612439924752485168562943008261346330140961582261704425926188224314418487314337217296992818706656692697384744416069567204857489826530163375589484234107987116517173657037047872221374790043864650761273649712299638008506794426976311819693759440666519538644974466855863182012994523540589541733325949043555020682341444601117030390459827020328083590484491525359779683783993062676152068867395183591976214240800537146886593414441930082287618248669853328113421325021396563844247019664452620618630135064616317564444859055244607414452242845627014352340797462215946293094312647185189851528589522137411393123170841974542058910100663859815593928637936666697051269527692362277271948531215883627224600092638025081083221936395938319720235760469155337493496352041432685133286971946277708590157906368504207960150089021577410917524242410721330462599364324611239666260821293107829862616121412048514448287567192928563530785113704632084364936839480238430649045191843708831268168268220768752885221984536487449105912292430831949643617771446758812829019561861381357603015930587781784671455053351937446475247599114093415965512319549356430469142619051049662034413737781149266073126594718321801166662102492812660615845216059806230372812771641695118754065275690336080649016079421945589876600882399314299979899970064113615960235308352736014526109001841200978134759094512018627957004021002867209264329772309084099228023540246878202625190419390978739737025386313440611207580489384619058085850682018004121820389759986231695387181247188137823004760832083764039941840729913215368720461377142548555868124353639165884476503705745144481878216331201304771122853824282295532642839972303277867456902785731159213276334443177274375754150316969788403001666233372172224165115748038231565038207966850479676463698941199721035238170091921206557209905407014152638630894397655031882143556116022881047629124130	2,5,5,5,5,5,5,5,5,5,5,5	-6,-6,-6,-6,-6,-6,5,5,5,5,5,5	ok
0.586587	-12.672673	-55.685326	0.398158	continued:5	29797441240847192311964028853190280189674041619720799605070824129924103630349014387363218437041262128836255660367033565228906969921436065807110492954244538641922732381526988524213230765695165516684856964886402475218726787375215748391120225301433133801809602551954799399621703470614032595261603547732880205461166225506383472517669360488304292936684047002677551828409989745109425630864985134416570483495028535097538525962819715706453278578056276781997658621821330623661439735037198469982874980353282521543069959364804122626389538391283710117759012920542190446628568269535485120906902702054290158140837938102629797883544586003735080140767802541056613215533165923427360817084903885101038661329655704061613434516352085161782006860284716509839924228309376088170740553115806220734141302649677479518483802000300168580713163044194065887323354719302210650111132711346298709211434864618027584900489492606253513787276911684522970091828423127049646218187582003049038748847718653443334980530114472055275735855279209770676986277839544680221399291578177895818923520118959136259612273568065832391421401557650483557112710133624327231572850837292836264665366775640359169906189441461622801137205046057480139998789727301188354834859408678444252318864359603629790357149869408733925794073059173594199193764540223273904873376084823036011548299500458930026642471196433941697444714519521783436521257033199569240538356017136986648278619083208578340432572460744377916106798578888652909672720671642967618220307737860229752048439860902462357086319177145113230508886698115136650507969516166526294114004402230583122518610644854450940922504742935458657025456787423602263810705792223277239797664179253646386657248754348920274591275922106612789638823045524737687760480517307563168128734231870276349616691444949243834603543596729405594112100811418022398581581665263730601062159069541842874383968484843968697320032877029963851616666243709567174730087379269003117661611297426973817071891389119816536576279713340130739789653660034716967374571191415640988337429733918383496657464600679844209398677918852794611472922709573698129962366116730360660638153399713021191127490014552783897756278350305426481469533202886550233639559709678913540326283345923809677505750158426116167656669751127177814017233792228149322557292124771513598579490766719264217756674593059481529991350443206116041159100334016059479182640738914921361909632331503756276812071605442935519520332538921681219307786462373347010117415826429653510990058493294078173368236888510932712610899493567755381742104770435907974844518165777048822764675355460877255406818643096988868370006148151963658469234401544959937153546733723571643476182523715691110268419368299822266833571566669366915283179066901667636265929715312806456201033529823967248355491004025338670555108420167120259536696003673762454162990731166453991392132721289816434319268112105130494704894656992729779482624722477085443934794613053273704968957779305144146564238789342257387605159841341125899231904752557809867211452287546554338960283446959401778234756736667405653322097218920100025051309125020362462129173340868518526614682821594995721467749528611275156	29797441240847192311964028853190280189674041619838390446392276751194031604458269653903418290263548217449573880332326641944350935173097308900207179393067094544131401902891546319240090459387826901089110022248778690699121607213038328774193670973188238636618975752621222125926330566842392850871256993172052990814923455272158422713978226730271536067320734115644330175741913972774961665758507016962350160797947996818638020341697636898190346069733674659201957482161095922745256449791778981638316387065760464878588799160570705617744573753188025193072339730266460460851296638770406594841724283948742312558545767434110949625269486215697850202040083182408160477784410327631698564345075667516426292163521174888377570257799507602452083191434296678799522303678926870962965810485584104309857721654132208935862840149503153270096321171601530608377347006204586329162461202372349741279824131689595957244116420648783802931051738921079533173705724175123306398230275732511115929263534508854241895175137924922515164136405614414704510455492303725698717776026569540828846801528877656235945663651379536550094040839767421488603748902094110755409763633737605134212630303413169188279493445033579214564177632297586000354946228521647944405741484860434293952903032723748416168191726618406528699260952335643612439924752485168562943008261346330140961582261704425926188224314418487314337217296992818706656692697384744416069567204857489826530163375589484234107987116517173657037047872221374790043864650761273649712299638008506794426976311819693759440666519538644974466855863182012994523540589541733325949043555020682341444601117030390459827020328083590484491525359779683783993062676152068867395183591976214240800537146886593414441930082287618248669853328113421325021396563844247019664452620618630135064616317564444859055244607414452242845627014352340797462215946293094312647185189851528589522137411393123170841974542058910100663859815593928637936666697051269527692362277271948531215883627224600092638025081083221936395938319720235760469155337493496352041432685133286971946277708590157906368504207960150089021577410917524242410721330462599364324611239666260821293107829862616121412048514448287567192928563530785113704632084364936839480238430649045191843708831268168268220768752885221984536487449105912292430831949643617771446758812829019561861381357603015930587781784671455053351937446475247599114093415965512319549356430469142619051049662034413737781149266073126594718321801166662102492812660615845216059806230372812771641695118754065275690336080649016079421945589876600882399314299979899970064113615960235308352736014526109001841200978134759094512018627957004021002867209264329772309084099228023540246878202625190419390978739737025386313440611207580489384619058085850682018004121820389759986231695387181247188137823004760832083764039941840729913215368720461377142548555868124353639165884476503705745144481878216331201304771122853824282295532642839972303277867456902785731159213276334443177274375754150316969788403001666233372172224165115748038231565038207966850479676463698941199721035238170091921206557209905407014152638630894397655031882143556116022881047629124130	-3,-5,5,5,5,5,5,5,5,5,5,5	-6,-6,-6,-6,-6,-6,5,5,5,5,5,5	ok
0.590591	-12.672673	-56.430388	0.400951	full	29797441240847192311964028853190280189674041619720799605070824129924103630349014387363218437041262128836255660367033565228906969921436065807110492954244538641922732381526988524213230765695165516684856964886402475218726787375215748391120225301433133801809602551954799399621703470614032595261603547732880205461166225506383472517669360488304292936684047002677551828409989745109425630864985134416570483495028535097538525962819715706453278578056276781997658621821330623661439735037198469982874980353282521543069959364804122626389538391283710117759012920542190446628568269535485120906902702054290158140837938102629797883544586003735080140767802541056613215533165923427360817084903885101038661329655704061613434516352085161782006860284716509839924228309376088170740553115806220734141302649677479518483802000300168580713163044194065887323354719302210650111132711346298709211434864618027584900489492606253513787276911684522970091828423127049646218187582003049038748847718653443334980530114472055275735855279209770676986277839544680221399291578177895818923520118959136259612273568065832391421401557650483557112710133624327231572850837292836264665366775640359169906189441461622801137205046057480139998789727301188354834859408678444252318864359603629790357149869408733925794073059173594199193764540223273904873376084823036011548299500458930026642471196433941697444714519521783436521257033199569240538356017136986648278619083208578340432572460744377916106798578888652909672720671642967618220307737860229752048439860902462357086319177145113230508886698115136650507969516166526294602245664238186837191597884458847629616626110703701986264675865315242149533506153890573855102393451631820133397962962123540777699655124073183934750132325983463153924879152402566275210960708108379217943794464071635127247610266934882813634532415360144071298771933764924645464154224188565444684793304349109187102643727425971059646107745411267097079956441394728417878699943634406787333603120650375908424974052039424091636508790979460677575837758910503629326833894506602250509755803381963571762557961983119662120168701240835058181811673086800008048944499838940707707782053567037523228075537162284212941859434622832259519124477333253043336322349554034339164903999751792299364531714080643906157062234775989623886575037502014502924772665043792437277247360399729950049537971350229534595640380694013548440548078728424939954087363794545364808698856348306820219899130372819041066391524798444526114516662489660029153595431099570494006984273448840273304477092046634955698066070467783415723810850029030680265524058765380545783338179345320266094764288769264440649654857135829368703169554390148825212748301332632653673789582353481438550336228626213265414959563729122449320821153276277296947776210248729917801639131490256478100647758138853827153568813130249603574430457430655822198550788668531676409735712420502500948333551264995209219091031574300065059137826257062067136841090807084781602509482573772211582573877734371819125741111405640076217653456104332450793033546168345711258782832449004150882056916944271283106149380934873210266061121699807781022580391197927635280046034150626673	29797441240847192311964028853190280189674041619838390446392276751194031604458269653903418290263548217449573880332326641944350935173097308900207179393067094544131401902891546319240090459387826901089110022248778690699121607213038328774193670973188238636618975752621222125926330566842392850871256993172052990814923455272158422713978226730271536067320734115644330175741913972774961665758507016962350160797947996818638020341697636898190346069733674659201957482161095922745256449791778981638316387065760464878588799160570705617744573753188025193072339730266460460851296638770406594841724283948742312558545767434110949625269486215697850202040083182408160477784410327631698564345075667516426292163521174888377570257799507602452083191434296678799522303678926870962965810485584104309857721654132208935862840149503153270096321171601530608377347006204586329162461202372349741279824131689595957244116420648783802931051738921079533173705724175123306398230275732511115929263534508854241895175137924922515164136405614414704510455492303725698717776026569540828846801528877656235945663651379536550094040839767421488603748902094110755409763633737605134212630303413169188279493445033579214564177632297586000354946228521647944405741484860434293952903032723748416168191726618406528699260952335643612439924752485168562943008261346330140961582261704425926188224314418487314337217296992818706656692697384744416069567204857489826530163375589484234107987116517173657037047872221374790043864650761273649712299638008506794426976311819693759440666519538644974466855863182012994523540589541733325949043555020682341444601117030390459827020328083590484491525359779683783993062676152068867395183591976214240800537146886593414441930082287618248669853328113421325021396563844247019664452620618630135064616317564444859055244607414452242845627014352340797462215946293094312647185189851528589522137411393123170841974542058910100663859815593928637936666697051269527692362277271948531215883627224600092638025081083221936395938319720235760469155337493496352041432685133286971946277708590157906368504207960150089021577410917524242410721330462599364324611239666260821293107829862616121412048514448287567192928563530785113704632084364936839480238430649045191843708831268168268220768752885221984536487449105912292430831949643617771446758812829019561861381357603015930587781784671455053351937446475247599114093415965512319549356430469142619051049662034413737781149266073126594718321801166662102492812660615845216059806230372812771641695118754065275690336080649016079421945589876600882399314299979899970064113615960235308352736014526109001841200978134759094512018627957004021002867209264329772309084099228023540246878202625190419390978739737025386313440611207580489384619058085850682018004121820389759986231695387181247188137823004760832083764039941840729913215368720461377142548555868124353639165884476503705745144481878216331201304771122853824282295532642839972303277867456902785731159213276334443177274375754150316969788403001666233372172224165115748038231565038207966850479676463698941199721035238170091921206557209905407014152638630894397655031882143556116022881047629124130	-4,-5,5,5,5,5,5,5,5,5,5,5	-6,-6,-6,-6,-6,-6,5,5,5,5,5,5	ok
0.594595	-12.672673	-43.615102	0.391875	continued:5	29797441240847192311964698554610053535102163500235037280372057853846617871555506047101692218806266951477739169970122116914910967056362637697255186928710595773947623068140411381047832283463362483696573512619273921428305209876754245209226353994673780787720119608714323072981401661203937701039133936763251338914973371000941251736222110247165491835969300144547689452735263016228583778151840933197231987853854837525706028375943329633407984962010055456272333862850126154858771724776603826071316669004504405288832426557789310129205617479980630170469581275147848838110989987464810122570173834186517036775424743645000694404249817100407235479491844467708600167276631210663369030332302723878822523248819590527819447843851633619609558890557351364092097869715651453868122525057929011559370622511999488202219896301126668623139310548529530603982398907143579875847061231122521269962862159458789813637855256226735329941023635334072569100189409157484782515121181191563095022936700208615809980085008704788952604456974151131667006395599314772920833070849788383517368925819338263625577283041663318498126177328593556625133679215256641490709629908227273980339900186804224561249090871773335395907648681796889793487271500735482075422945828398607688602116008089012122753988979589682800162549858892902832689618431878933389538971845984421216287056399905782377483709583566752246768825965783571719847547437873172488688423219451781022347977860727760519500615933329247277512678424734334315991261271943894865195238909324479023819135232546749659075439411906778065326587175237351431416548293282745131272361963221465200034483075501315412758943435958043574713414996830395493058709628953701484602676869034439442902148702882882940076972599652960042434163446769621557990661054812236585941052259630005868417095648436080681651815295931272734137314074352240254522916015603827118897727916434111712561755039969437253614405507139385391795539379277768551847111849575369978016237789596015519904963575611773337234526636404270564221366550845820651306575214791352777663781224821720269949835978282264179840968474257420929118317051072666906825862251729613757775580060921331756420920103787151270367730112651127018169985843931347760714787657499187549513564259957363874556990535785384666690083747543773832179201174010020022166026394393434616266439552629846245042726813524588656567489648102035410932151734730166408161252394090978196488471681837278960878691276045907213407803557371373209488088838979798238038999230927093533775550993930842156532902755952461186846709239430263936012605244537691287718629567266394772120462439852462738071191992837501197052772570601908710157302502035210411297779112719503763404203325338120088128217227736855490550512514341032849306866545381748514354559616894744937916590016992592969427678178641417825650551029262253868926139493414524166226489908950115721929939476390438466482688411295867240209646038857486237572775622040720178776203788710826596635790117254597499834010763735878268248534564952694802161243540861258972288074661488002713112704417845910448218485773943931594919521874456060177275520262539774164176789913571379053564686589145786253031861444188089140	29797441240847192311964028853190280189674041619720799605070824129924103630349014387363218437041269379671702255991987079804799208406459594566569431867073202856046034605145785804039600969463916687067747226380923922491222894104993820922680916963522101285847689175302460496849986346102331021429321628513066058476966515597825216826491333292587291982542222577650377274214589137990302734087449011575245290848909222554254695812547715610856551849088835050194079719046057626362150098208139175376597342767181508719554474278778659080532774115025837077781440395069085566275270593757816945481686485193015874439188322179831981093036895623277079340863901340841530659385999147856565374809215690856107223889095514999077328145392637026919656402861829173510689476833346886203495903722973673938428907342665985450153766974630221683572796787810716276779509428668189395549706460924549201311213682554311884566287526513070221086970102079502518306375668819648104970735106915337010019709466847876528053194557633443693143469018575215590734560071929202513032293161520947781205518646187551763858454262249085426873090518872337808205076611467664005144113650120563379257218770267486854454585126147436133801137991014129585620735980500953292237789609787242677680689694288070265806540141549427425248272673270851742511442169211186806239397763650659713785016570063740146045684814403372018803768586828299504204092612670676494271732825660823422665667015755407871992093170287952447679322498508505274487350537095266210019724168338260398722942678821221266384605130307612355799199609047992269308186644354000969042225592579893762269901486985411697517653636359199534236868365578519096746890795459954150138446238099639797833539371728013496927466441423582664131188350233763731312435101914277375980159757795529728895809548804764692549877271404894932288106673576792091660798398511971913656372758133560837003191809009472223601689775503024582430578161720021508933229289947951511595259836277733952431601137827692197529126561182973150781568467344797475919445092806947612816422387956907653279794332207278481014705867072609201187729551919455299525630673540651154259969262771655412336850878668756118790106762242238026442406715540824484001866402419943213778352561151119218238608420796274132052204785384539578685623309582671940697776050132500352352444073961246619903942998887862871344951524656356502532542454122549958074091887266544706382066998413471296624459557112445152912720154859819780683120778068106282934206669342709294376244231124455373786246433052012473005421451195940712117597005735717260337900288881418127513986265720365088933920320710571787502739206214816871165644759485483413954625500452833379247160519660448104175854908765643982163685708189662582629592131422826092342703197734099395183060086232100114545084942140512321921957467531315039833750032468609187388906001048377610617115885224956900725738467817358952547509357886185287137940887818158120652130435639044365476392756196093020216123449589734330752241895803968783591313349146220406453851500205078678210641271596772505765323679997162690039761705797111441678238448045440921469456359961374730859555571903900102900291920210550392	-3,6,-6,-6,-6,-6,-6,5,5,5,5,5	-6,-6,-6,-6,-6,5,5,5,5,5,5,5	ok
0.598599	-12.672673	-49.360758	0.389082	continued:5	29797441240847192311964698554610053535102163500235037280372057853846617871555506047101692218806266951477739169970122116914910967056362637697255186928710595773947623068140411381047832283463362483696573512619273921428305209876754245209226353994673780787720119608714323072981401661203937701039133936763251338914973371000941251736222110247165491835969300144547689452735263016228583778151840933197231987853854837525706028375943329633407984962010055456272333862850126154858771724776603826071316669004504405288832426557789310129205617479980630170469581275147848838110989987464810122570173834186517036775424743645000694404249817100407235479491844467708600167276631210663369030332302723878822523248819590527819447843851633619609558890557351364092097869715651453868122525057929011559370622511999488202219896301126668623139310548529530603982398907143579875847061231122521269962862159458789813637855256226735329941023635334072569100189409157484782515121181191563095022936700208615809980085008704788952604456974151131667006395599314772920833070849788383517368925819338263625577283041663318498126177328593556625133679215256641490709629908227273980339900186804224561249090871773335395907648681796889793487271500735482075422945828398607688602116008089012122753988979589682800162549858892902832689618431878933389538971845984421216287056399905782377483709583566752246768825965783571719847547437873172488688423219451781022347977860727760519500615933329247277512678424734334315991261271943894865195238909324479023819135232546749659075439411906778065326587175237351431416548293282745131760603225229068914707475801749073783700317910399740612951625921606514022184817426950202569050706665635484940862421089838213617806173883023664891815431581770120654110939750265518596035878212120887465867891225041477134711123323398582859176456458662885694499767742698832354842637192971945047944149661830411454260486296601310822178011452604088029885185142903929748871379845025889068695318397472409651344980028706741087257978308317378120136519011177651455267263382833383953723631850518351510098158559544650120430016049441970027879927837546151156647180049589301349375007434366322582455412199680657867112767302924728219908209563147870771529099277982734206614731456502271567697380988986117242851065350840062665047060037357658275319189239348923776696924976178137397788926332272313016903318743829339472533390674925192441402938982243937604883976392407934861903098283588786657468294251086501940598094779307638701927686512194986546313872612725572521253554279469360108971287200162605162095404806242578475645121467228115597436263051598613327777207365753350325990291848691950316269132546791971109084906436000479354951033231039654506270007107676587476692212146223487968640402275623806374967774281487546888777522450709822067382834397769538722970096436813027842688687328186641833879121231567649397824437050381645188846897126646082315116822167804654789614662053958776421232592787960425371947851550691984049464075657608755712160257592542037504188338813578174346748752844642794987507445296236895344309159063424625388877633634527567570538269917505967308094320922478913330039314286666053521	29797441240847192311964028853190280189674041619720799605070824129924103630349014387363218437041269379671702255991987079804799208406459594566569431867073202856046034605145785804039600969463916687067747226380923922491222894104993820922680916963522101285847689175302460496849986346102331021429321628513066058476966515597825216826491333292587291982542222577650377274214589137990302734087449011575245290848909222554254695812547715610856551849088835050194079719046057626362150098208139175376597342767181508719554474278778659080532774115025837077781440395069085566275270593757816945481686485193015874439188322179831981093036895623277079340863901340841530659385999147856565374809215690856107223889095514999077328145392637026919656402861829173510689476833346886203495903722973673938428907342665985450153766974630221683572796787810716276779509428668189395549706460924549201311213682554311884566287526513070221086970102079502518306375668819648104970735106915337010019709466847876528053194557633443693143469018575215590734560071929202513032293161520947781205518646187551763858454262249085426873090518872337808205076611467664005144113650120563379257218770267486854454585126147436133801137991014129585620735980500953292237789609787242677680689694288070265806540141549427425248272673270851742511442169211186806239397763650659713785016570063740146045684814403372018803768586828299504204092612670676494271732825660823422665667015755407871992093170287952447679322498508505274487350537095266210019724168338260398722942678821221266384605130307612355799199609047992269308186644354000969042225592579893762269901486985411697517653636359199534236868365578519096746890795459954150138446238099639797833539371728013496927466441423582664131188350233763731312435101914277375980159757795529728895809548804764692549877271404894932288106673576792091660798398511971913656372758133560837003191809009472223601689775503024582430578161720021508933229289947951511595259836277733952431601137827692197529126561182973150781568467344797475919445092806947612816422387956907653279794332207278481014705867072609201187729551919455299525630673540651154259969262771655412336850878668756118790106762242238026442406715540824484001866402419943213778352561151119218238608420796274132052204785384539578685623309582671940697776050132500352352444073961246619903942998887862871344951524656356502532542454122549958074091887266544706382066998413471296624459557112445152912720154859819780683120778068106282934206669342709294376244231124455373786246433052012473005421451195940712117597005735717260337900288881418127513986265720365088933920320710571787502739206214816871165644759485483413954625500452833379247160519660448104175854908765643982163685708189662582629592131422826092342703197734099395183060086232100114545084942140512321921957467531315039833750032468609187388906001048377610617115885224956900725738467817358952547509357886185287137940887818158120652130435639044365476392756196093020216123449589734330752241895803968783591313349146220406453851500205078678210641271596772505765323679997162690039761705797111441678238448045440921469456359961374730859555571903900102900291920210550392	-4,6,-6,-6,-6,-6,-6,5,5,5,5,5	-6,-6,-6,-6,-6,5,5,5,5,5,5,5	ok
0.602603	-12.672673	-52.552334	0.391875	continued:5	29797441240847192311964028853190280189674041619838390446392276751194031604458269653903418290263548217449573880332326641944350935173097308900207179393067094544131401902891546319240090459387826901089110022248778690699121607213038328774193670973188238636618975752621222125926330566842392850871256993172052990814923455272158422713978226730271536067320734115644330175741913972774961665758507016962350160797947996818638020341697636898190346069733674659201957482161095922745256449791778981638316387065760464878588799160570705617744573753188025193072339730266460460851296638770406594841724283948742312558545767434110949625269486215697850202040083182408160477784410327631698564345075667516426292163521174888377570257799507602452083191434296678799522303678926870962965810485584104309857721654132208935862840149503153270096321171601530608377347006204586329162461202372349741279824131689595957244116420648783802931051738921079533173705724175123306398230275732511115929263534508854241895175137924922515164136405614414704510455492303725698717776026569540828846801528877656235945663651379536550094040839767421488603748902094110755409763633737605134212630303413169188279493445033579214564177632297586000354946228521647944405741484860434293952903032723748416168191726618406528699260952335643612439924752485168562943008261346330140961582261704425926188224314418487314337217296992818706656692697384744416069567204857489826530163375589484234107987116517173657037047872221374790043864650761273649712299638008506794426976311819693759440666519538644974466855863182012994523540589541733324484319768997871197425639398217200393744656224775970347567602442674443297266993471981741026676826940360617680128044520963664972917783206480837254074371028460107815872400806519153567667959697133342070232219681833629624437570921363523459645732651562787760654134203787725777482871860254784089581316858701632305970240152677514545752567636471657557296543990009577017807157916251658550163063140523653106845220943914318924010276004735411392350006118520985468833770614340011576738777896581347499503533688943929192679205210457979240382675362597186939785148066207640923713114990395838650605940430535382349997138229168213265211580515222868289019029918596958104069221824311726645261326065363642048075484173934625468251481640590908560701230827280695323290402656415691298288604628259194630166313060998645272759457289262398442447092405717200308439364419094747118707015748231933285198916029254043113096125013032148384323200797388431555698659272401884459701332338709609574220585814584346471645419882046888685742618467660212059885111757401618088390089189566203074623881844303027341182625820435365345854828951258758521011532448133042844659251933641229492874558970877342676179813822047317810877817311446762216626925358682078821175733729379814836496319171172179804577454454762311306604511253579128159933891201461585948532674822110007599005687368594258179593769049184372798579999270665676967652070368516029305396829228681935487411559214115161795236595308495447573252272610179229865068818251467507289724538682284197672246196619810853773226909197319701766801584231345859037880829647559826035	29797441240847192311964028853190280189674041619720799605070824129924103630349014387363218437041269379671702255991987079804799208406459594566569431867073202856046034605145785804039600969463916687067747226380923922491222894104993820922680916963522101285847689175302460496849986346102331021429321628513066058476966515597825216826491333292587291982542222577650377274214589137990302734087449011575245290848909222554254695812547715610856551849088835050194079719046057626362150098208139175376597342767181508719554474278778659080532774115025837077781440395069085566275270593757816945481686485193015874439188322179831981093036895623277079340863901340841530659385999147856565374809215690856107223889095514999077328145392637026919656402861829173510689476833346886203495903722973673938428907342665985450153766974630221683572796787810716276779509428668189395549706460924549201311213682554311884566287526513070221086970102079502518306375668819648104970735106915337010019709466847876528053194557633443693143469018575215590734560071929202513032293161520947781205518646187551763858454262249085426873090518872337808205076611467664005144113650120563379257218770267486854454585126147436133801137991014129585620735980500953292237789609787242677680689694288070265806540141549427425248272673270851742511442169211186806239397763650659713785016570063740146045684814403372018803768586828299504204092612670676494271732825660823422665667015755407871992093170287952447679322498508505274487350537095266210019724168338260398722942678821221266384605130307612355799199609047992269308186644354000969042225592579893762269901486985411697517653636359199534236868365578519096746890795459954150138446238099639797833539371728013496927466441423582664131188350233763731312435101914277375980159757795529728895809548804764692549877271404894932288106673576792091660798398511971913656372758133560837003191809009472223601689775503024582430578161720021508933229289947951511595259836277733952431601137827692197529126561182973150781568467344797475919445092806947612816422387956907653279794332207278481014705867072609201187729551919455299525630673540651154259969262771655412336850878668756118790106762242238026442406715540824484001866402419943213778352561151119218238608420796274132052204785384539578685623309582671940697776050132500352352444073961246619903942998887862871344951524656356502532542454122549958074091887266544706382066998413471296624459557112445152912720154859819780683120778068106282934206669342709294376244231124455373786246433052012473005421451195940712117597005735717260337900288881418127513986265720365088933920320710571787502739206214816871165644759485483413954625500452833379247160519660448104175854908765643982163685708189662582629592131422826092342703197734099395183060086232100114545084942140512321921957467531315039833750032468609187388906001048377610617115885224956900725738467817358952547509357886185287137940887818158120652130435639044365476392756196093020216123449589734330752241895803968783591313349146220406453851500205078678210641271596772505765323679997162690039761705797111441678238448045440921469456359961374730859555571903900102900291920210550392	-3,-6,-6,-6,-6,-6,5,5,5,5,5,5	-6,-6,-6,-6,-6,5,5,5,5,5,5,5	ok
0.606607	-12.672673	-54.557008	0.394669	continued:5	29797441240847192311964028853190280189674041619720799605070824129924103630349014387363218437041262128836255660367033565228906969921436065807110492954244538641922732381526988524213230765695165516684856964886402475218726787375215748391120225301433133801809602551954799399621703470614032595261603547732880205461166225506383472517669360488304292936684047002677551828409989745109425630864985134416570483495028535097538525962819715706453278578056276781997658621821330623661439735037198469982874980353282521543069959364804122626389538391283710117759012920542190446628568269535485120906902702054290158140837938102629797883544586003735080140767802541056613215533165923427360817084903885101038661329655704061613434516352085161782006860284716509839924228309376088170740553115806220734141302649848057010058913693667459286835607211129246633087358315863204490737630361736531172516441701350353989780844469604679326961211342427047892996344090028808147916171706518889485060629487737417917569767213496185589810977631686161593663266872708183305924891421716519836703659212884206754774705296603977160595587057551946392243523306131003376817168847344668193734612715320449809071341032253817577093207483930220945124667599152474307313066288132598337858614967222060190098955400369833539728841815639323595546756206693047251103075382837527829820663088922381252193091723767612410835446041002371833244855823858875455973221693803924258499763326053205682414512096667270504543905693204277613951276144204402168422635613346089666241936344317839882762737246424381784741408159245368710128847124504748050259870150574962797615980986443289511362534855970225945405898133274047741214151927370372385350028161700864604552428190425115668855177239827327446219221395519584646044461026910421699370714725007998587520655981775926748844747312414459728293551252471769465067609921652899236925865027914100691384663688608827578434987977568039761486712852779707381025090780350784199360689709693466626332005638433733770487664068421221588417566544244157785316203941142152295356422810724902092285567806998219676272836482696519729276213300707109026304387193144485008943338308442751079658426469963616446183059392071019024743919603256593367777297530080858186416018690393660240972502692785255630332802661813551824808879903087060733331258896534918799823989796246704537436452699594338687665770872295924739045603807472355312278655316165657543119713809760351640563155348276137788529820712016721739024517049207027675328705141116755586788348890160984207569853915797582641892784175719136778692928898648781037902120270034667305636388779006589707864825975317924565829883397687923474749300873295425587819812173293934368184354896503527781795574714647236840308236721725763594184696025258823486912907523113585027065046394892704891287292712325931329587044785320929173508336637580864873311048610927580401805504494318382533413321592562792506447747053048554781795627702083011797984848552319581189945604262305486396415236440224365452162628421616849479719989165025204663027087302047734783829986454285179005107758042868233646714509406887870139221741873065749646249222102387444167465789079457327954724174337251461022	29797441240847192311964028853190280189674041619720799605070824129924103630349014387363218437041269379671702255991987079804799208406459594566569431867073202856046034605145785804039600969463916687067747226380923922491222894104993820922680916963522101285847689175302460496849986346102331021429321628513066058476966515597825216826491333292587291982542222577650377274214589137990302734087449011575245290848909222554254695812547715610856551849088835050194079719046057626362150098208139175376597342767181508719554474278778659080532774115025837077781440395069085566275270593757816945481686485193015874439188322179831981093036895623277079340863901340841530659385999147856565374809215690856107223889095514999077328145392637026919656402861829173510689476833346886203495903722973673938428907342665985450153766974630221683572796787810716276779509428668189395549706460924549201311213682554311884566287526513070221086970102079502518306375668819648104970735106915337010019709466847876528053194557633443693143469018575215590734560071929202513032293161520947781205518646187551763858454262249085426873090518872337808205076611467664005144113650120563379257218770267486854454585126147436133801137991014129585620735980500953292237789609787242677680689694288070265806540141549427425248272673270851742511442169211186806239397763650659713785016570063740146045684814403372018803768586828299504204092612670676494271732825660823422665667015755407871992093170287952447679322498508505274487350537095266210019724168338260398722942678821221266384605130307612355799199609047992269308186644354000969042225592579893762269901486985411697517653636359199534236868365578519096746890795459954150138446238099639797833539371728013496927466441423582664131188350233763731312435101914277375980159757795529728895809548804764692549877271404894932288106673576792091660798398511971913656372758133560837003191809009472223601689775503024582430578161720021508933229289947951511595259836277733952431601137827692197529126561182973150781568467344797475919445092806947612816422387956907653279794332207278481014705867072609201187729551919455299525630673540651154259969262771655412336850878668756118790106762242238026442406715540824484001866402419943213778352561151119218238608420796274132052204785384539578685623309582671940697776050132500352352444073961246619903942998887862871344951524656356502532542454122549958074091887266544706382066998413471296624459557112445152912720154859819780683120778068106282934206669342709294376244231124455373786246433052012473005421451195940712117597005735717260337900288881418127513986265720365088933920320710571787502739206214816871165644759485483413954625500452833379247160519660448104175854908765643982163685708189662582629592131422826092342703197734099395183060086232100114545084942140512321921957467531315039833750032468609187388906001048377610617115885224956900725738467817358952547509357886185287137940887818158120652130435639044365476392756196093020216123449589734330752241895803968783591313349146220406453851500205078678210641271596772505765323679997162690039761705797111441678238448045440921469456359961374730859555571903900102900291920210550392	2,5,5,5,5,5,5,5,5,5,5,5	-6,-6,-6,-6,-6,5,5,5,5,5,5,5	ok
0.610611	-12.672673	-55.706987	0.396252	continued:5	29797441240847192311964028853190280189674041619720799605070824129924103630349014387363218437041262128836255660367033565228906969921436065807110492954244538641922732381526988524213230765695165516684856964886402475218726787375215748391120225301433133801809602551954799399621703470614032595261603547732880205461166225506383472517669360488304292936684047002677551828409989745109425630864985134416570483495028535097538525962819715706453278578056276781997658621821330623661439735037198469982874980353282521543069959364804122626389538391283710117759012920542190446628568269535485120906902702054290158140837938102629797883544586003735080140767802541056613215533165923427360817084903885101038661329655704061613434516352085161782006860284716509839924228309376088170740553115806220734141302649677479518483802000300168580713163044194065887323354719302210650111132711346298709211434864618027584900489492606253513787276911684522970091828423127049646218187582003049038748847718653443334980530114472055275735855279209770676986277839544680221399291578177895818923520118959136259612273568065832391421401557650483557112710133624327231572850837292836264665366775640359169906189441461622801137205046057480139998789727301188354834859408678444252318864359603629790357149869408733925794073059173594199193764540223273904873376084823036011548299500458930026642471196433941697444714519521783436521257033199569240538356017136986648278619083208578340432572460744377916106798578888652909672720671642967618220307737860229752048439860902462357086319177145113230508886698115136650507969516166526294114004402230583122518610644854450940922504742935458657025456787423602263810705792223277239797664179253646386657248754348920274591275922106612789638823045524737687760480517307563168128734231870276349616691444949243834603543596729405594112100811418022398581581665263730601062159069541842874383968484843968697320032877029963851616666243709567174730087379269003117661611297426973817071891389119816536576279713340130739789653660034716967374571191415640988337429733918383496657464600679844209398677918852794611472922709573698129962366116730360660638153399713021191127490014552783897756278350305426481469533202886550233639559709678913540326283345923809677505750158426116167656669751127177814017233792228149322557292124771513598579490766719264217756674593059481529991350443206116041159100334016059479182640738914921361909632331503756276812071605442935519520332538921681219307786462373347010117415826429653510990058493294078173368236888510932712610899493567755381742104770435907974844518165777048822764675355460877255406818643096988868370006148151963658469234401544959937153546733723571643476182523715691110268419368299822266833571566669366915283179066901667636265929715312806456201033529823967248355491004025338670555108420167120259536696003673762454162990731166453991392132721289816434319268112105130494704894656992729779482624722477085443934794613053273704968957779305144146564238789342257387605159841341125899231904752557809867211452287546554338960283446959401778234756736667405653322097218920100025051309125020362462129173340868518526614682821594995721467749528611275156	29797441240847192311964028853190280189674041619720799605070824129924103630349014387363218437041269379671702255991987079804799208406459594566569431867073202856046034605145785804039600969463916687067747226380923922491222894104993820922680916963522101285847689175302460496849986346102331021429321628513066058476966515597825216826491333292587291982542222577650377274214589137990302734087449011575245290848909222554254695812547715610856551849088835050194079719046057626362150098208139175376597342767181508719554474278778659080532774115025837077781440395069085566275270593757816945481686485193015874439188322179831981093036895623277079340863901340841530659385999147856565374809215690856107223889095514999077328145392637026919656402861829173510689476833346886203495903722973673938428907342665985450153766974630221683572796787810716276779509428668189395549706460924549201311213682554311884566287526513070221086970102079502518306375668819648104970735106915337010019709466847876528053194557633443693143469018575215590734560071929202513032293161520947781205518646187551763858454262249085426873090518872337808205076611467664005144113650120563379257218770267486854454585126147436133801137991014129585620735980500953292237789609787242677680689694288070265806540141549427425248272673270851742511442169211186806239397763650659713785016570063740146045684814403372018803768586828299504204092612670676494271732825660823422665667015755407871992093170287952447679322498508505274487350537095266210019724168338260398722942678821221266384605130307612355799199609047992269308186644354000969042225592579893762269901486985411697517653636359199534236868365578519096746890795459954150138446238099639797833539371728013496927466441423582664131188350233763731312435101914277375980159757795529728895809548804764692549877271404894932288106673576792091660798398511971913656372758133560837003191809009472223601689775503024582430578161720021508933229289947951511595259836277733952431601137827692197529126561182973150781568467344797475919445092806947612816422387956907653279794332207278481014705867072609201187729551919455299525630673540651154259969262771655412336850878668756118790106762242238026442406715540824484001866402419943213778352561151119218238608420796274132052204785384539578685623309582671940697776050132500352352444073961246619903942998887862871344951524656356502532542454122549958074091887266544706382066998413471296624459557112445152912720154859819780683120778068106282934206669342709294376244231124455373786246433052012473005421451195940712117597005735717260337900288881418127513986265720365088933920320710571787502739206214816871165644759485483413954625500452833379247160519660448104175854908765643982163685708189662582629592131422826092342703197734099395183060086232100114545084942140512321921957467531315039833750032468609187388906001048377610617115885224956900725738467817358952547509357886185287137940887818158120652130435639044365476392756196093020216123449589734330752241895803968783591313349146220406453851500205078678210641271596772505765323679997162690039761705797111441678238448045440921469456359961374730859555571903900102900291920210550392	-3,-5,5,5,5,5,5,5,5,5,5,5	-6,-6,-6,-6,-6,5,5,5,5,5,5,5	ok
0.614615	-12.672673	-56.449796	0.399046	full	29797441240847192311964028853190280189674041619720799605070824129924103630349014387363218437041262128836255660367033565228906969921436065807110492954244538641922732381526988524213230765695165516684856964886402475218726787375215748391120225301433133801809602551954799399621703470614032595261603547732880205461166225506383472517669360488304292936684047002677551828409989745109425630864985134416570483495028535097538525962819715706453278578056276781997658621821330623661439735037198469982874980353282521543069959364804122626389538391283710117759012920542190446628568269535485120906902702054290158140837938102629797883544586003735080140767802541056613215533165923427360817084903885101038661329655704061613434516352085161782006860284716509839924228309376088170740553115806220734141302649677479518483802000300168580713163044194065887323354719302210650111132711346298709211434864618027584900489492606253513787276911684522970091828423127049646218187582003049038748847718653443334980530114472055275735855279209770676986277839544680221399291578177895818923520118959136259612273568065832391421401557650483557112710133624327231572850837292836264665366775640359169906189441461622801137205046057480139998789727301188354834859408678444252318864359603629790357149869408733925794073059173594199193764540223273904873376084823036011548299500458930026642471196433941697444714519521783436521257033199569240538356017136986648278619083208578340432572460744377916106798578888652909672720671642967618220307737860229752048439860902462357086319177145113230508886698115136650507969516166526294602245664238186837191597884458847629616626110703701986264675865315242149533506153890573855102393451631820133397962962123540777699655124073183934750132325983463153924879152402566275210960708108379217943794464071635127247610266934882813634532415360144071298771933764924645464154224188565444684793304349109187102643727425971059646107745411267097079956441394728417878699943634406787333603120650375908424974052039424091636508790979460677575837758910503629326833894506602250509755803381963571762557961983119662120168701240835058181811673086800008048944499838940707707782053567037523228075537162284212941859434622832259519124477333253043336322349554034339164903999751792299364531714080643906157062234775989623886575037502014502924772665043792437277247360399729950049537971350229534595640380694013548440548078728424939954087363794545364808698856348306820219899130372819041066391524798444526114516662489660029153595431099570494006984273448840273304477092046634955698066070467783415723810850029030680265524058765380545783338179345320266094764288769264440649654857135829368703169554390148825212748301332632653673789582353481438550336228626213265414959563729122449320821153276277296947776210248729917801639131490256478100647758138853827153568813130249603574430457430655822198550788668531676409735712420502500948333551264995209219091031574300065059137826257062067136841090807084781602509482573772211582573877734371819125741111405640076217653456104332450793033546168345711258782832449004150882056916944271283106149380934873210266061121699807781022580391197927635280046034150626673	29797441240847192311964028853190280189674041619720799605070824129924103630349014387363218437041269379671702255991987079804799208406459594566569431867073202856046034605145785804039600969463916687067747226380923922491222894104993820922680916963522101285847689175302460496849986346102331021429321628513066058476966515597825216826491333292587291982542222577650377274214589137990302734087449011575245290848909222554254695812547715610856551849088835050194079719046057626362150098208139175376597342767181508719554474278778659080532774115025837077781440395069085566275270593757816945481686485193015874439188322179831981093036895623277079340863901340841530659385999147856565374809215690856107223889095514999077328145392637026919656402861829173510689476833346886203495903722973673938428907342665985450153766974630221683572796787810716276779509428668189395549706460924549201311213682554311884566287526513070221086970102079502518306375668819648104970735106915337010019709466847876528053194557633443693143469018575215590734560071929202513032293161520947781205518646187551763858454262249085426873090518872337808205076611467664005144113650120563379257218770267486854454585126147436133801137991014129585620735980500953292237789609787242677680689694288070265806540141549427425248272673270851742511442169211186806239397763650659713785016570063740146045684814403372018803768586828299504204092612670676494271732825660823422665667015755407871992093170287952447679322498508505274487350537095266210019724168338260398722942678821221266384605130307612355799199609047992269308186644354000969042225592579893762269901486985411697517653636359199534236868365578519096746890795459954150138446238099639797833539371728013496927466441423582664131188350233763731312435101914277375980159757795529728895809548804764692549877271404894932288106673576792091660798398511971913656372758133560837003191809009472223601689775503024582430578161720021508933229289947951511595259836277733952431601137827692197529126561182973150781568467344797475919445092806947612816422387956907653279794332207278481014705867072609201187729551919455299525630673540651154259969262771655412336850878668756118790106762242238026442406715540824484001866402419943213778352561151119218238608420796274132052204785384539578685623309582671940697776050132500352352444073961246619903942998887862871344951524656356502532542454122549958074091887266544706382066998413471296624459557112445152912720154859819780683120778068106282934206669342709294376244231124455373786246433052012473005421451195940712117597005735717260337900288881418127513986265720365088933920320710571787502739206214816871165644759485483413954625500452833379247160519660448104175854908765643982163685708189662582629592131422826092342703197734099395183060086232100114545084942140512321921957467531315039833750032468609187388906001048377610617115885224956900725738467817358952547509357886185287137940887818158120652130435639044365476392756196093020216123449589734330752241895803968783591313349146220406453851500205078678210641271596772505765323679997162690039761705797111441678238448045440921469456359961374730859555571903900102900291920210550392	-4,-5,5,5,5,5,5,5,5,5,5,5	-6,-6,-6,-6,-6,5,5,5,5,5,5,5	ok
0.618619	-12.672673	-43.597890	0.389788	continued:5	29797441240847192311964698554610053535102163500235037280372057853846617871555506047101692218806266951477739169970122116914910967056362637697255186928710595773947623068140411381047832283463362483696573512619273921428305209876754245209226353994673780787720119608714323072981401661203937701039133936763251338914973371000941251736222110247165491835969300144547689452735263016228583778151840933197231987853854837525706028375943329633407984962010055456272333862850126154858771724776603826071316669004504405288832426557789310129205617479980630170469581275147848838110989987464810122570173834186517036775424743645000694404249817100407235479491844467708600167276631210663369030332302723878822523248819590527819447843851633619609558890557351364092097869715651453868122525057929011559370622511999488202219896301126668623139310548529530603982398907143579875847061231122521269962862159458789813637855256226735329941023635334072569100189409157484782515121181191563095022936700208615809980085008704788952604456974151131667006395599314772920833070849788383517368925819338263625577283041663318498126177328593556625133679215256641490709629908227273980339900186804224561249090871773335395907648681796889793487271500735482075422945828398607688602116008089012122753988979589682800162549858892902832689618431878933389538971845984421216287056399905782377483709583566752246768825965783571719847547437873172488688423219451781022347977860727760519500615933329247277512678424734334315991261271943894865195238909324479023819135232546749659075439411906778065326587175237351431416548293282745131272361963221465200034483075501315412758943435958043574713414996830395493058709628953701484602676869034439442902148702882882940076972599652960042434163446769621557990661054812236585941052259630005868417095648436080681651815295931272734137314074352240254522916015603827118897727916434111712561755039969437253614405507139385391795539379277768551847111849575369978016237789596015519904963575611773337234526636404270564221366550845820651306575214791352777663781224821720269949835978282264179840968474257420929118317051072666906825862251729613757775580060921331756420920103787151270367730112651127018169985843931347760714787657499187549513564259957363874556990535785384666690083747543773832179201174010020022166026394393434616266439552629846245042726813524588656567489648102035410932151734730166408161252394090978196488471681837278960878691276045907213407803557371373209488088838979798238038999230927093533775550993930842156532902755952461186846709239430263936012605244537691287718629567266394772120462439852462738071191992837501197052772570601908710157302502035210411297779112719503763404203325338120088128217227736855490550512514341032849306866545381748514354559616894744937916590016992592969427678178641417825650551029262253868926139493414524166226489908950115721929939476390438466482688411295867240209646038857486237572775622040720178776203788710826596635790117254597499834010763735878268248534564952694802161243540861258972288074661488002713112704417845910448218485773943931594919521874456060177275520262539774164176789913571379053564686589145786253031861444188089140	29797441240847192311964028853190280189674041619720799605070824129924103630349014387363218437041269379671702255991987079804799208406459594566569431867073202856046034605145785804039600969463916687067747226380923922491222894104993820922680916963522101285847689175302460496849986346102331021429321628513066058476966515597825216826491333292587291982542222577650377274214589137990302734087449011575245290848909222554254695812547715610856551849088835050194079719046057626362150098208139175376597342767181508719554474278778659080532774115025837077781440395069085566275270593757816945481686485193015874439188322179831981093036895623277079340863901340841530659385999147856565374809215690856107223889095514999077328145392637026919656402861829173510689476833346886203495903722973673938428907342665985450153766974630221683572796787810716276779509428668189395549706460924549201311213682554311884566287526513070221086970102079502518306375668819648104970735106915337010019709466847876528053194557633443693143469018575215590734560071929202513032293161520947781205518646187551763858454262249085426873090518872337808205076611467664005144113650120563379257218770267486854454585126147436133801137991014129585620735980500953292237789609787242677680689694288070265806540141549427425248272673270851742511442169211186806239397763650659713785016570063740146045684814403372018803768586828299504204092612670676494271732825660823422665667015755407871992093170287952447679322498508505274487350537095266210019724168338260398722942678821221266384605130307612355799199609047992269308186644354000969042225592579893762269901486985411697517653636359199534236868365578519096746890795459954150138446238099639797833539371728013496927466441423582664131188350233763731312435101914277375980159757795529728895809548804764692549877271404894932288106673576792091660798398511971913656372758133560837003191809009472223601689775503024582430578161720021508933229289947951511595259836277733952431601137827692197529126561182973150781568467344797475919445092806947612816422387956907653279794332207278481014705867072609201187729551919455299525630673540651154259969262771655412336850878668756118790106762242238026442406715540824484001866402419943213778352561151119218238608420796274132052204785384539578685623309582671940697776050132500352352444073961246619903942998887862871344951524656356502532542454122549958074091887266544706382066998413471296624459557112445152912720154859819780683120778068106282934206669342709294376244231124455373786246433052012473005421451195940712117597005735717260337900288881418127513986265720365088933920320710571787502739206214816871165644759485483413954625500452833379247160519660448104175854908765643982163685708189662582629592131422826092342703197734099395183060086232100114545084942140512321921957467531315039833750032468609187388906001048377610617115885224956900725738467817358952547509357886185287137940887818158120652130435639044365476392756196093020216123449589734330752241895803968783591313349146220406453851500205078678210641271596772505765323679997162690039761705797111441678238448045440921469456359961374730859555571903900102900291920210550392	-3,6,-6,-6,-6,-6,-6,5,5,5,5,5	-6,-6,-6,-6,-6,5,5,5,5,5,5,5	ok
0.622623	-12.672673	-49.375370	0.386994	continued:5	29797441240847192311964698554610053535102163500235037280372057853846617871555506047101692218806266951477739169970122116914910967056362637697255186928710595773947623068140411381047832283463362483696573512619273921428305209876754245209226353994673780787720119608714323072981401661203937701039133936763251338914973371000941251736222110247165491835969300144547689452735263016228583778151840933197231987853854837525706028375943329633407984962010055456272333862850126154858771724776603826071316669004504405288832426557789310129205617479980630170469581275147848838110989987464810122570173834186517036775424743645000694404249817100407235479491844467708600167276631210663369030332302723878822523248819590527819447843851633619609558890557351364092097869715651453868122525057929011559370622511999488202219896301126668623139310548529530603982398907143579875847061231122521269962862159458789813637855256226735329941023635334072569100189409157484782515121181191563095022936700208615809980085008704788952604456974151131667006395599314772920833070849788383517368925819338263625577283041663318498126177328593556625133679215256641490709629908227273980339900186804224561249090871773335395907648681796889793487271500735482075422945828398607688602116008089012122753988979589682800162549858892902832689618431878933389538971845984421216287056399905782377483709583566752246768825965783571719847547437873172488688423219451781022347977860727760519500615933329247277512678424734334315991261271943894865195238909324479023819135232546749659075439411906778065326587175237351431416548293282745131760603225229068914707475801749073783700317910399740612951625921606514022184817426950202569050706665635484940862421089838213617806173883023664891815431581770120654110939750265518596035878212120887465867891225041477134711123323398582859176456458662885694499767742698832354842637192971945047944149661830411454260486296601310822178011452604088029885185142903929748871379845025889068695318397472409651344980028706741087257978308317378120136519011177651455267263382833383953723631850518351510098158559544650120430016049441970027879927837546151156647180049589301349375007434366322582455412199680657867112767302924728219908209563147870771529099277982734206614731456502271567697380988986117242851065350840062665047060037357658275319189239348923776696924976178137397788926332272313016903318743829339472533390674925192441402938982243937604883976392407934861903098283588786657468294251086501940598094779307638701927686512194986546313872612725572521253554279469360108971287200162605162095404806242578475645121467228115597436263051598613327777207365753350325990291848691950316269132546791971109084906436000479354951033231039654506270007107676587476692212146223487968640402275623806374967774281487546888777522450709822067382834397769538722970096436813027842688687328186641833879121231567649397824437050381645188846897126646082315116822167804654789614662053958776421232592787960425371947851550691984049464075657608755712160257592542037504188338813578174346748752844642794987507445296236895344309159063424625388877633634527567570538269917505967308094320922478913330039314286666053521	29797441240847192311964028853190280189674041619720799605070824129924103630349014387363218437041269379671702255991987079804799208406459594566569431867073202856046034605145785804039600969463916687067747226380923922491222894104993820922680916963522101285847689175302460496849986346102331021429321628513066058476966515597825216826491333292587291982542222577650377274214589137990302734087449011575245290848909222554254695812547715610856551849088835050194079719046057626362150098208139175376597342767181508719554474278778659080532774115025837077781440395069085566275270593757816945481686485193015874439188322179831981093036895623277079340863901340841530659385999147856565374809215690856107223889095514999077328145392637026919656402861829173510689476833346886203495903722973673938428907342665985450153766974630221683572796787810716276779509428668189395549706460924549201311213682554311884566287526513070221086970102079502518306375668819648104970735106915337010019709466847876528053194557633443693143469018575215590734560071929202513032293161520947781205518646187551763858454262249085426873090518872337808205076611467664005144113650120563379257218770267486854454585126147436133801137991014129585620735980500953292237789609787242677680689694288070265806540141549427425248272673270851742511442169211186806239397763650659713785016570063740146045684814403372018803768586828299504204092612670676494271732825660823422665667015755407871992093170287952447679322498508505274487350537095266210019724168338260398722942678821221266384605130307612355799199609047992269308186644354000969042225592579893762269901486985411697517653636359199534236868365578519096746890795459954150138446238099639797833539371728013496927466441423582664131188350233763731312435101914277375980159757795529728895809548804764692549877271404894932288106673576792091660798398511971913656372758133560837003191809009472223601689775503024582430578161720021508933229289947951511595259836277733952431601137827692197529126561182973150781568467344797475919445092806947612816422387956907653279794332207278481014705867072609201187729551919455299525630673540651154259969262771655412336850878668756118790106762242238026442406715540824484001866402419943213778352561151119218238608420796274132052204785384539578685623309582671940697776050132500352352444073961246619903942998887862871344951524656356502532542454122549958074091887266544706382066998413471296624459557112445152912720154859819780683120778068106282934206669342709294376244231124455373786246433052012473005421451195940712117597005735717260337900288881418127513986265720365088933920320710571787502739206214816871165644759485483413954625500452833379247160519660448104175854908765643982163685708189662582629592131422826092342703197734099395183060086232100114545084942140512321921957467531315039833750032468609187388906001048377610617115885224956900725738467817358952547509357886185287137940887818158120652130435639044365476392756196093020216123449589734330752241895803968783591313349146220406453851500205078678210641271596772505765323679997162690039761705797111441678238448045440921469456359961374730859555571903900102900291920210550392	-4,6,-6,-6,-6,-6,-6,5,5,5,5,5	-6,-6,-6,-6,-6,5,5,5,5,5,5,5	ok
0.626627	-12.672673	-52.573895	0.389788	continued:5	29797441240847192311964028853190280189674041619838390446392276751194031604458269653903418290263548217449573880332326641944350935173097308900207179393067094544131401902891546319240090459387826901089110022248778690699121607213038328774193670973188238636618975752621222125926330566842392850871256993172052990814923455272158422713978226730271536067320734115644330175741913972774961665758507016962350160797947996818638020341697636898190346069733674659201957482161095922745256449791778981638316387065760464878588799160570705617744573753188025193072339730266460460851296638770406594841724283948742312558545767434110949625269486215697850202040083182408160477784410327631698564345075667516426292163521174888377570257799507602452083191434296678799522303678926870962965810485584104309857721654132208935862840149503153270096321171601530608377347006204586329162461202372349741279824131689595957244116420648783802931051738921079533173705724175123306398230275732511115929263534508854241895175137924922515164136405614414704510455492303725698717776026569540828846801528877656235945663651379536550094040839767421488603748902094110755409763633737605134212630303413169188279493445033579214564177632297586000354946228521647944405741484860434293952903032723748416168191726618406528699260952335643612439924752485168562943008261346330140961582261704425926188224314418487314337217296992818706656692697384744416069567204857489826530163375589484234107987116517173657037047872221374790043864650761273649712299638008506794426976311819693759440666519538644974466855863182012994523540589541733324484319768997871197425639398217200393744656224775970347567602442674443297266993471981741026676826940360617680128044520963664972917783206480837254074371028460107815872400806519153567667959697133342070232219681833629624437570921363523459645732651562787760654134203787725777482871860254784089581316858701632305970240152677514545752567636471657557296543990009577017807157916251658550163063140523653106845220943914318924010276004735411392350006118520985468833770614340011576738777896581347499503533688943929192679205210457979240382675362597186939785148066207640923713114990395838650605940430535382349997138229168213265211580515222868289019029918596958104069221824311726645261326065363642048075484173934625468251481640590908560701230827280695323290402656415691298288604628259194630166313060998645272759457289262398442447092405717200308439364419094747118707015748231933285198916029254043113096125013032148384323200797388431555698659272401884459701332338709609574220585814584346471645419882046888685742618467660212059885111757401618088390089189566203074623881844303027341182625820435365345854828951258758521011532448133042844659251933641229492874558970877342676179813822047317810877817311446762216626925358682078821175733729379814836496319171172179804577454454762311306604511253579128159933891201461585948532674822110007599005687368594258179593769049184372798579999270665676967652070368516029305396829228681935487411559214115161795236595308495447573252272610179229865068818251467507289724538682284197672246196619810853773226909197319701766801584231345859037880829647559826035	29797441240847192311964028853190280189674041619720799605070824129924103630349014387363218437041269379671702255991987079804799208406459594566569431867073202856046034605145785804039600969463916687067747226380923922491222894104993820922680916963522101285847689175302460496849986346102331021429321628513066058476966515597825216826491333292587291982542222577650377274214589137990302734087449011575245290848909222554254695812547715610856551849088835050194079719046057626362150098208139175376597342767181508719554474278778659080532774115025837077781440395069085566275270593757816945481686485193015874439188322179831981093036895623277079340863901340841530659385999147856565374809215690856107223889095514999077328145392637026919656402861829173510689476833346886203495903722973673938428907342665985450153766974630221683572796787810716276779509428668189395549706460924549201311213682554311884566287526513070221086970102079502518306375668819648104970735106915337010019709466847876528053194557633443693143469018575215590734560071929202513032293161520947781205518646187551763858454262249085426873090518872337808205076611467664005144113650120563379257218770267486854454585126147436133801137991014129585620735980500953292237789609787242677680689694288070265806540141549427425248272673270851742511442169211186806239397763650659713785016570063740146045684814403372018803768586828299504204092612670676494271732825660823422665667015755407871992093170287952447679322498508505274487350537095266210019724168338260398722942678821221266384605130307612355799199609047992269308186644354000969042225592579893762269901486985411697517653636359199534236868365578519096746890795459954150138446238099639797833539371728013496927466441423582664131188350233763731312435101914277375980159757795529728895809548804764692549877271404894932288106673576792091660798398511971913656372758133560837003191809009472223601689775503024582430578161720021508933229289947951511595259836277733952431601137827692197529126561182973150781568467344797475919445092806947612816422387956907653279794332207278481014705867072609201187729551919455299525630673540651154259969262771655412336850878668756118790106762242238026442406715540824484001866402419943213778352561151119218238608420796274132052204785384539578685623309582671940697776050132500352352444073961246619903942998887862871344951524656356502532542454122549958074091887266544706382066998413471296624459557112445152912720154859819780683120778068106282934206669342709294376244231124455373786246433052012473005421451195940712117597005735717260337900288881418127513986265720365088933920320710571787502739206214816871165644759485483413954625500452833379247160519660448104175854908765643982163685708189662582629592131422826092342703197734099395183060086232100114545084942140512321921957467531315039833750032468609187388906001048377610617115885224956900725738467817358952547509357886185287137940887818158120652130435639044365476392756196093020216123449589734330752241895803968783591313349146220406453851500205078678210641271596772505765323679997162690039761705797111441678238448045440921469456359961374730859555571903900102900291920210550392	-3,-6,-6,-6,-6,-6,5,5,5,5,5,5	-6,-6,-6,-6,-6,5,5,5,5,5,5,5	ok
0.630631	-12.672673	-54.579305	0.392581	continued:5	29797441240847192311964028853190280189674041619720799605070824129924103630349014387363218437041262128836255660367033565228906969921436065807110492954244538641922732381526988524213230765695165516684856964886402475218726787375215748391120225301433133801809602551954799399621703470614032595261603547732880205461166225506383472517669360488304292936684047002677551828409989745109425630864985134416570483495028535097538525962819715706453278578056276781997658621821330623661439735037198469982874980353282521543069959364804122626389538391283710117759012920542190446628568269535485120906902702054290158140837938102629797883544586003735080140767802541056613215533165923427360817084903885101038661329655704061613434516352085161782006860284716509839924228309376088170740553115806220734141302649848057010058913693667459286835607211129246633087358315863204490737630361736531172516441701350353989780844469604679326961211342427047892996344090028808147916171706518889485060629487737417917569767213496185589810977631686161593663266872708183305924891421716519836703659212884206754774705296603977160595587057551946392243523306131003376817168847344668193734612715320449809071341032253817577093207483930220945124667599152474307313066288132598337858614967222060190098955400369833539728841815639323595546756206693047251103075382837527829820663088922381252193091723767612410835446041002371833244855823858875455973221693803924258499763326053205682414512096667270504543905693204277613951276144204402168422635613346089666241936344317839882762737246424381784741408159245368710128847124504748050259870150574962797615980986443289511362534855970225945405898133274047741214151927370372385350028161700864604552428190425115668855177239827327446219221395519584646044461026910421699370714725007998587520655981775926748844747312414459728293551252471769465067609921652899236925865027914100691384663688608827578434987977568039761486712852779707381025090780350784199360689709693466626332005638433733770487664068421221588417566544244157785316203941142152295356422810724902092285567806998219676272836482696519729276213300707109026304387193144485008943338308442751079658426469963616446183059392071019024743919603256593367777297530080858186416018690393660240972502692785255630332802661813551824808879903087060733331258896534918799823989796246704537436452699594338687665770872295924739045603807472355312278655316165657543119713809760351640563155348276137788529820712016721739024517049207027675328705141116755586788348890160984207569853915797582641892784175719136778692928898648781037902120270034667305636388779006589707864825975317924565829883397687923474749300873295425587819812173293934368184354896503527781795574714647236840308236721725763594184696025258823486912907523113585027065046394892704891287292712325931329587044785320929173508336637580864873311048610927580401805504494318382533413321592562792506447747053048554781795627702083011797984848552319581189945604262305486396415236440224365452162628421616849479719989165025204663027087302047734783829986454285179005107758042868233646714509406887870139221741873065749646249222102387444167465789079457327954724174337251461022	29797441240847192311964028853190280189674041619720799605070824129924103630349014387363218437041269379671702255991987079804799208406459594566569431867073202856046034605145785804039600969463916687067747226380923922491222894104993820922680916963522101285847689175302460496849986346102331021429321628513066058476966515597825216826491333292587291982542222577650377274214589137990302734087449011575245290848909222554254695812547715610856551849088835050194079719046057626362150098208139175376597342767181508719554474278778659080532774115025837077781440395069085566275270593757816945481686485193015874439188322179831981093036895623277079340863901340841530659385999147856565374809215690856107223889095514999077328145392637026919656402861829173510689476833346886203495903722973673938428907342665985450153766974630221683572796787810716276779509428668189395549706460924549201311213682554311884566287526513070221086970102079502518306375668819648104970735106915337010019709466847876528053194557633443693143469018575215590734560071929202513032293161520947781205518646187551763858454262249085426873090518872337808205076611467664005144113650120563379257218770267486854454585126147436133801137991014129585620735980500953292237789609787242677680689694288070265806540141549427425248272673270851742511442169211186806239397763650659713785016570063740146045684814403372018803768586828299504204092612670676494271732825660823422665667015755407871992093170287952447679322498508505274487350537095266210019724168338260398722942678821221266384605130307612355799199609047992269308186644354000969042225592579893762269901486985411697517653636359199534236868365578519096746890795459954150138446238099639797833539371728013496927466441423582664131188350233763731312435101914277375980159757795529728895809548804764692549877271404894932288106673576792091660798398511971913656372758133560837003191809009472223601689775503024582430578161720021508933229289947951511595259836277733952431601137827692197529126561182973150781568467344797475919445092806947612816422387956907653279794332207278481014705867072609201187729551919455299525630673540651154259969262771655412336850878668756118790106762242238026442406715540824484001866402419943213778352561151119218238608420796274132052204785384539578685623309582671940697776050132500352352444073961246619903942998887862871344951524656356502532542454122549958074091887266544706382066998413471296624459557112445152912720154859819780683120778068106282934206669342709294376244231124455373786246433052012473005421451195940712117597005735717260337900288881418127513986265720365088933920320710571787502739206214816871165644759485483413954625500452833379247160519660448104175854908765643982163685708189662582629592131422826092342703197734099395183060086232100114545084942140512321921957467531315039833750032468609187388906001048377610617115885224956900725738467817358952547509357886185287137940887818158120652130435639044365476392756196093020216123449589734330752241895803968783591313349146220406453851500205078678210641271596772505765323679997162690039761705797111441678238448045440921469456359961374730859555571903900102900291920210550392	2,5,5,5,5,5,5,5,5,5,5,5	-6,-6,-6,-6,-6,5,5,5,5,5,5,5	ok
0.634635	-12.672673	-55.728255	0.394371	continued:5	29797441240847192311964028853190280189674041619720799605070824129924103630349014387363218437041262128836255660367033565228906969921436065807110492954244538641922732381526988524213230765695165516684856964886402475218726787375215748391120225301433133801809602551954799399621703470614032595261603547732880205461166225506383472517669360488304292936684047002677551828409989745109425630864985134416570483495028535097538525962819715706453278578056276781997658621821330623661439735037198469982874980353282521543069959364804122626389538391283710117759012920542190446628568269535485120906902702054290158140837938102629797883544586003735080140767802541056613215533165923427360817084903885101038661329655704061613434516352085161782006860284716509839924228309376088170740553115806220734141302649677479518483802000300168580713163044194065887323354719302210650111132711346298709211434864618027584900489492606253513787276911684522970091828423127049646218187582003049038748847718653443334980530114472055275735855279209770676986277839544680221399291578177895818923520118959136259612273568065832391421401557650483557112710133624327231572850837292836264665366775640359169906189441461622801137205046057480139998789727301188354834859408678444252318864359603629790357149869408733925794073059173594199193764540223273904873376084823036011548299500458930026642471196433941697444714519521783436521257033199569240538356017136986648278619083208578340432572460744377916106798578888652909672720671642967618220307737860229752048439860902462357086319177145113230508886698115136650507969516166526294114004402230583122518610644854450940922504742935458657025456787423602263810705792223277239797664179253646386657248754348920274591275922106612789638823045524737687760480517307563168128734231870276349616691444949243834603543596729405594112100811418022398581581665263730601062159069541842874383968484843968697320032877029963851616666243709567174730087379269003117661611297426973817071891389119816536576279713340130739789653660034716967374571191415640988337429733918383496657464600679844209398677918852794611472922709573698129962366116730360660638153399713021191127490014552783897756278350305426481469533202886550233639559709678913540326283345923809677505750158426116167656669751127177814017233792228149322557292124771513598579490766719264217756674593059481529991350443206116041159100334016059479182640738914921361909632331503756276812071605442935519520332538921681219307786462373347010117415826429653510990058493294078173368236888510932712610899493567755381742104770435907974844518165777048822764675355460877255406818643096988868370006148151963658469234401544959937153546733723571643476182523715691110268419368299822266833571566669366915283179066901667636265929715312806456201033529823967248355491004025338670555108420167120259536696003673762454162990731166453991392132721289816434319268112105130494704894656992729779482624722477085443934794613053273704968957779305144146564238789342257387605159841341125899231904752557809867211452287546554338960283446959401778234756736667405653322097218920100025051309125020362462129173340868518526614682821594995721467749528611275156	29797441240847192311964028853190280189674041619720799605070824129924103630349014387363218437041269379671702255991987079804799208406459594566569431867073202856046034605145785804039600969463916687067747226380923922491222894104993820922680916963522101285847689175302460496849986346102331021429321628513066058476966515597825216826491333292587291982542222577650377274214589137990302734087449011575245290848909222554254695812547715610856551849088835050194079719046057626362150098208139175376597342767181508719554474278778659080532774115025837077781440395069085566275270593757816945481686485193015874439188322179831981093036895623277079340863901340841530659385999147856565374809215690856107223889095514999077328145392637026919656402861829173510689476833346886203495903722973673938428907342665985450153766974630221683572796787810716276779509428668189395549706460924549201311213682554311884566287526513070221086970102079502518306375668819648104970735106915337010019709466847876528053194557633443693143469018575215590734560071929202513032293161520947781205518646187551763858454262249085426873090518872337808205076611467664005144113650120563379257218770267486854454585126147436133801137991014129585620735980500953292237789609787242677680689694288070265806540141549427425248272673270851742511442169211186806239397763650659713785016570063740146045684814403372018803768586828299504204092612670676494271732825660823422665667015755407871992093170287952447679322498508505274487350537095266210019724168338260398722942678821221266384605130307612355799199609047992269308186644354000969042225592579893762269901486985411697517653636359199534236868365578519096746890795459954150138446238099639797833539371728013496927466441423582664131188350233763731312435101914277375980159757795529728895809548804764692549877271404894932288106673576792091660798398511971913656372758133560837003191809009472223601689775503024582430578161720021508933229289947951511595259836277733952431601137827692197529126561182973150781568467344797475919445092806947612816422387956907653279794332207278481014705867072609201187729551919455299525630673540651154259969262771655412336850878668756118790106762242238026442406715540824484001866402419943213778352561151119218238608420796274132052204785384539578685623309582671940697776050132500352352444073961246619903942998887862871344951524656356502532542454122549958074091887266544706382066998413471296624459557112445152912720154859819780683120778068106282934206669342709294376244231124455373786246433052012473005421451195940712117597005735717260337900288881418127513986265720365088933920320710571787502739206214816871165644759485483413954625500452833379247160519660448104175854908765643982163685708189662582629592131422826092342703197734099395183060086232100114545084942140512321921957467531315039833750032468609187388906001048377610617115885224956900725738467817358952547509357886185287137940887818158120652130435639044365476392756196093020216123449589734330752241895803968783591313349146220406453851500205078678210641271596772505765323679997162690039761705797111441678238448045440921469456359961374730859555571903900102900291920210550392	-3,-5,5,5,5,5,5,5,5,5,5,5	-6,-6,-6,-6,-6,5,5,5,5,5,5,5	ok
0.638639	-12.672673	-56.468760	0.397165	full	29797441240847192311964028853190280189674041619720799605070824129924103630349014387363218437041262128836255660367033565228906969921436065807110492954244538641922732381526988524213230765695165516684856964886402475218726787375215748391120225301433133801809602551954799399621703470614032595261603547732880205461166225506383472517669360488304292936684047002677551828409989745109425630864985134416570483495028535097538525962819715706453278578056276781997658621821330623661439735037198469982874980353282521543069959364804122626389538391283710117759012920542190446628568269535485120906902702054290158140837938102629797883544586003735080140767802541056613215533165923427360817084903885101038661329655704061613434516352085161782006860284716509839924228309376088170740553115806220734141302649677479518483802000300168580713163044194065887323354719302210650111132711346298709211434864618027584900489492606253513787276911684522970091828423127049646218187582003049038748847718653443334980530114472055275735855279209770676986277839544680221399291578177895818923520118959136259612273568065832391421401557650483557112710133624327231572850837292836264665366775640359169906189441461622801137205046057480139998789727301188354834859408678444252318864359603629790357149869408733925794073059173594199193764540223273904873376084823036011548299500458930026642471196433941697444714519521783436521257033199569240538356017136986648278619083208578340432572460744377916106798578888652909672720671642967618220307737860229752048439860902462357086319177145113230508886698115136650507969516166526294602245664238186837191597884458847629616626110703701986264675865315242149533506153890573855102393451631820133397962962123540777699655124073183934750132325983463153924879152402566275210960708108379217943794464071635127247610266934882813634532415360144071298771933764924645464154224188565444684793304349109187102643727425971059646107745411267097079956441394728417878699943634406787333603120650375908424974052039424091636508790979460677575837758910503629326833894506602250509755803381963571762557961983119662120168701240835058181811673086800008048944499838940707707782053567037523228075537162284212941859434622832259519124477333253043336322349554034339164903999751792299364531714080643906157062234775989623886575037502014502924772665043792437277247360399729950049537971350229534595640380694013548440548078728424939954087363794545364808698856348306820219899130372819041066391524798444526114516662489660029153595431099570494006984273448840273304477092046634955698066070467783415723810850029030680265524058765380545783338179345320266094764288769264440649654857135829368703169554390148825212748301332632653673789582353481438550336228626213265414959563729122449320821153276277296947776210248729917801639131490256478100647758138853827153568813130249603574430457430655822198550788668531676409735712420502500948333551264995209219091031574300065059137826257062067136841090807084781602509482573772211582573877734371819125741111405640076217653456104332450793033546168345711258782832449004150882056916944271283106149380934873210266061121699807781022580391197927635280046034150626673	29797441240847192311964028853190280189674041619720799605070824129924103630349014387363218437041269379671702255991987079804799208406459594566569431867073202856046034605145785804039600969463916687067747226380923922491222894104993820922680916963522101285847689175302460496849986346102331021429321628513066058476966515597825216826491333292587291982542222577650377274214589137990302734087449011575245290848909222554254695812547715610856551849088835050194079719046057626362150098208139175376597342767181508719554474278778659080532774115025837077781440395069085566275270593757816945481686485193015874439188322179831981093036895623277079340863901340841530659385999147856565374809215690856107223889095514999077328145392637026919656402861829173510689476833346886203495903722973673938428907342665985450153766974630221683572796787810716276779509428668189395549706460924549201311213682554311884566287526513070221086970102079502518306375668819648104970735106915337010019709466847876528053194557633443693143469018575215590734560071929202513032293161520947781205518646187551763858454262249085426873090518872337808205076611467664005144113650120563379257218770267486854454585126147436133801137991014129585620735980500953292237789609787242677680689694288070265806540141549427425248272673270851742511442169211186806239397763650659713785016570063740146045684814403372018803768586828299504204092612670676494271732825660823422665667015755407871992093170287952447679322498508505274487350537095266210019724168338260398722942678821221266384605130307612355799199609047992269308186644354000969042225592579893762269901486985411697517653636359199534236868365578519096746890795459954150138446238099639797833539371728013496927466441423582664131188350233763731312435101914277375980159757795529728895809548804764692549877271404894932288106673576792091660798398511971913656372758133560837003191809009472223601689775503024582430578161720021508933229289947951511595259836277733952431601137827692197529126561182973150781568467344797475919445092806947612816422387956907653279794332207278481014705867072609201187729551919455299525630673540651154259969262771655412336850878668756118790106762242238026442406715540824484001866402419943213778352561151119218238608420796274132052204785384539578685623309582671940697776050132500352352444073961246619903942998887862871344951524656356502532542454122549958074091887266544706382066998413471296624459557112445152912720154859819780683120778068106282934206669342709294376244231124455373786246433052012473005421451195940712117597005735717260337900288881418127513986265720365088933920320710571787502739206214816871165644759485483413954625500452833379247160519660448104175854908765643982163685708189662582629592131422826092342703197734099395183060086232100114545084942140512321921957467531315039833750032468609187388906001048377610617115885224956900725738467817358952547509357886185287137940887818158120652130435639044365476392756196093020216123449589734330752241895803968783591313349146220406453851500205078678210641271596772505765323679997162690039761705797111441678238448045440921469456359961374730859555571903900102900291920210550392	-4,-5,5,5,5,5,5,5,5,5,5,5	-6,-6,-6,-6,-6,5,5,5,5,5,5,5	ok
0.642643	-12.672673	-43.614358	0.387803	continued:5	29797441240847192311964028853190280189674041619838390446392276751194031604458269653903418290263548217449573880332326641944350935173097308900207179393067094544131401902891546319240090459387826901089110022248778690699121607213038328774193670973188238636618975752621222125926330566842392850871256993172052990814923455272158422713978226730271536067320734115644330175741913972774961665758507016962350160797947996818638020341697636898190346069733674659201957482161095922745256449791778981638316387065760464878588799160570705617744573753188025193072339730266460460851296638770406594841724283948742312558545767434110949625269486215697850202040083182408160477784410327631698564345075667516426292163521174888377570257799507602452083191434296678799522303678926870962965810485584104309857721654302786427437951842870443976218765338536711354141855470379447392080872632338794545792289681560814646876602240515140740287489258200998923360339442931031115433395703706544063202311712984340569138687367725046158442362425056886438985854220617187079508157099632232591198897452085118013908346407895419131778965856595487906295435902775440148893098600723758173392467272085283433243037686413649822365879241437060989702830551976431797184873789798928111329977479809636347338011979219746623023281886943796312854077165580724715647318567955753839965417846113290993722317481461967503040975122295586943519096138504903095453286322747657545142910363834178598439896620564322102398957570721840548902102963447013043508620400235089489044217637645292834145857446360885268776095605694569107890142533555255641849109156903449676538246673454375595393980491811667329781119129046688442837759631144049480905965936507582512717689874755961717884836823351121758056053509380673691899631886686250163597345391601187956521805211469813143710052461337376237886901715662872313658256707150022471268473026771645362902970471094141841433231481679135567634545159656132440569279930687526479333170715394523151313147863119549780822070668200828298824694900368068814236524190354262754725403274270286973407648582562055035162166209877493634377604934930986735837877229300037102661250790655136864726302421825452692045425548094684958481392309687179729419438486879468831178605148691885773705315749504173782255842977427805950436539240391788714183422193388179184894489692195482882551397565487796612218482075332081985866717788708362395332709999148451499779455399297272846492428321611143650400461334300861385282165297741364587942745143198022071613305658654190258010814033204979885252624680610651073047213276197251653741052942752142706412859958420823645570712660867702123114074781729456105122730589753132058833963690673147288933692087665547499933740223743740197286942099163870900179469457567790980761275639245068274352187258283253162413532547159950386836050362348696898007381889020682287571158550292358820972514583001966535962283457450112857323501573581883653837319982884530369972415141603456746786867221843473297417888697716982548052849583019392271526875026700774695031701509882998974018270345361192947497591354507585966915207079104414839767073038518253929709569193438426845751270196737683497423578620786036440	29797441240847192311964028853190280189674041619720799605070824129924103630349014387363218437041269379671702255991987079804799208406459594566569431867073202856046034605145785804039600969463916687067747226380923922491222894104993820922680916963522101285847689175302460496849986346102331021429321628513066058476966515597825216826491333292587291982542222577650377274214589137990302734087449011575245290848909222554254695812547715610856551849088835050194079719046057626362150098208139175376597342767181508719554474278778659080532774115025837077781440395069085566275270593757816945481686485193015874439188322179831981093036895623277079340863901340841530659385999147856565374809215690856107223889095514999077328145392637026919656402861829173510689476833346886203495903722973673938428907342665985450153766974630221683572796787810716276779509428668189395549706460924549201311213682554311884566287526513070221086970102079502518306375668819648104970735106915337010019709466847876528053194557633443693143469018575215590734560071929202513032293161520947781205518646187551763858454262249085426873090518872337808205076611467664005144113650120563379257218770267486854454585126147436133801137991014129585620735980500953292237789609787242677680689694288070265806540141549427425248272673270851742511442169211186806239397763650659713785016570063740146045684814403372018803768586828299504204092612670676494271732825660823422665667015755407871992093170287952447679322498508505274487350537095266210019724168338260398722942678821221266384605130307612355799199609047992269308186644354000969042225592579893762269901486985411697517653636359199534236868365578519096746890795459954150138446238099639797833539371728013496927466441423582664131188350233763731312435101914277375980159757795529728895809548804764692549877271404894932288106673576792091660798398511971913656372758133560837003191809009472223601689775503024582430578161720021508933229289947951511595259836277733952431601137827692197529126561182973150781568467344797475919445092806947612816422387956907653279794332207278481014705867072609201187729551919455299525630673540651154259969262771655412336850878668756118790106762242238026442406715540824484001866402419943213778352561151119218238608420796274132052204785384539578685623309582671940697776050132500352352444073961246619903942998887862871344951524656356502532542454122549958074091887266544706382066998413471296624459557112445152912720154859819780683120778068106282934206669342709294376244231124455373786246433052012473005421451195940712117597005735717260337900288881418127513986265720365088933920320710571787502739206214816871165644759485483413954625500452833379247160519660448104175854908765643982163685708189662582629592131422826092342703197734099395183060086232100114545084942140512321921957467531315039833750032468609187388906001048377610617115885224956900725738467817358952547509357886185287137940887818158120652130435639044365476392756196093020216123449589734330752241895803968783591313349146220406453851500205078678210641271596772505765323679997162690039761705797111441678238448045440921469456359961374730859555571903900102900291920210550392	-3,6,-6,-6,-6,-6,5,5,5,5,5,5	-6,-6,-6,-6,-6,5,5,5,5,5,5,5	ok
0.646647	-12.672673	-49.400156	0.385009	continued:5	29797441240847192311964028853190280189674041619838390446392276751194031604458269653903418290263548217449573880332326641944350935173097308900207179393067094544131401902891546319240090459387826901089110022248778690699121607213038328774193670973188238636618975752621222125926330566842392850871256993172052990814923455272158422713978226730271536067320734115644330175741913972774961665758507016962350160797947996818638020341697636898190346069733674659201957482161095922745256449791778981638316387065760464878588799160570705617744573753188025193072339730266460460851296638770406594841724283948742312558545767434110949625269486215697850202040083182408160477784410327631698564345075667516426292163521174888377570257799507602452083191434296678799522303678926870962965810485584104309857721654302786427437951842870443976218765338536711354141855470379447392080872632338794545792289681560814646876602240515140740287489258200998923360339442931031115433395703706544063202311712984340569138687367725046158442362425056886438985854220617187079508157099632232591198897452085118013908346407895419131778965856595487906295435902775440148893098600723758173392467272085283433243037686413649822365879241437060989702830551976431797184873789798928111329977479809636347338011979219746623023281886943796312854077165580724715647318567955753839965417846113290993722317481461967503040975122295586943519096138504903095453286322747657545142910363834178598439896620564322102398957570721840548902102963447013043508620400235089489044217637645292834145857446360885268776095605694569107890142533555255642337350418911053391211233913058772284088101859580874042089093434748435271746449365867492094478751487046114699608520750063604531726219115286715422921214275931778194949297139127947980929509699429617311465937423380084888582610356687685832286866503259389992594283954651811982989910803303893529549910655324638796390476278139600752604975886030222800782654166368090649294905502401286478330754692019865442753005380590462636286582338696343603609573930011766382461290631201378771810148519898325170783823049549567266491729001750835069847225885255174577507738515141343497252966701647711848980794909398986697546655754474703678917122343260158347999007986042581469630144751822987656575657206601665929256873665448884322243205629739082255142999020711590962075057132550238156318207794136168793595259251931381762726929051559808372026835172477046714796033886055473023581636295750009499198919463772232250104759887819576513770560883097303590125730079226647751511443032195081348439715058817746222281712205705968918399281972975097308944980213737846203866033036131570378356745709473214150497585780668711198077811285694324972349288693260147120359028747794526751550967396489859781480229007330649245986609466863056765672993361577038401869472759215227325647262443076350918918370796430257290322866112813586501851532317861247659211561025189605236818548497395745378808951415605720968265173083450558799178462058292890774210610038792323772982281595004541725179567181670804639137299535702949986813133012714667275005627785015314381508340695155429800622715899183466137102744366238539256163624100724418859	29797441240847192311964028853190280189674041619720799605070824129924103630349014387363218437041269379671702255991987079804799208406459594566569431867073202856046034605145785804039600969463916687067747226380923922491222894104993820922680916963522101285847689175302460496849986346102331021429321628513066058476966515597825216826491333292587291982542222577650377274214589137990302734087449011575245290848909222554254695812547715610856551849088835050194079719046057626362150098208139175376597342767181508719554474278778659080532774115025837077781440395069085566275270593757816945481686485193015874439188322179831981093036895623277079340863901340841530659385999147856565374809215690856107223889095514999077328145392637026919656402861829173510689476833346886203495903722973673938428907342665985450153766974630221683572796787810716276779509428668189395549706460924549201311213682554311884566287526513070221086970102079502518306375668819648104970735106915337010019709466847876528053194557633443693143469018575215590734560071929202513032293161520947781205518646187551763858454262249085426873090518872337808205076611467664005144113650120563379257218770267486854454585126147436133801137991014129585620735980500953292237789609787242677680689694288070265806540141549427425248272673270851742511442169211186806239397763650659713785016570063740146045684814403372018803768586828299504204092612670676494271732825660823422665667015755407871992093170287952447679322498508505274487350537095266210019724168338260398722942678821221266384605130307612355799199609047992269308186644354000969042225592579893762269901486985411697517653636359199534236868365578519096746890795459954150138446238099639797833539371728013496927466441423582664131188350233763731312435101914277375980159757795529728895809548804764692549877271404894932288106673576792091660798398511971913656372758133560837003191809009472223601689775503024582430578161720021508933229289947951511595259836277733952431601137827692197529126561182973150781568467344797475919445092806947612816422387956907653279794332207278481014705867072609201187729551919455299525630673540651154259969262771655412336850878668756118790106762242238026442406715540824484001866402419943213778352561151119218238608420796274132052204785384539578685623309582671940697776050132500352352444073961246619903942998887862871344951524656356502532542454122549958074091887266544706382066998413471296624459557112445152912720154859819780683120778068106282934206669342709294376244231124455373786246433052012473005421451195940712117597005735717260337900288881418127513986265720365088933920320710571787502739206214816871165644759485483413954625500452833379247160519660448104175854908765643982163685708189662582629592131422826092342703197734099395183060086232100114545084942140512321921957467531315039833750032468609187388906001048377610617115885224956900725738467817358952547509357886185287137940887818158120652130435639044365476392756196093020216123449589734330752241895803968783591313349146220406453851500205078678210641271596772505765323679997162690039761705797111441678238448045440921469456359961374730859555571903900102900291920210550392	-4,6,-6,-6,-6,-6,5,5,5,5,5,5	-6,-6,-6,-6,-6,5,5,5,5,5,5,5	ok
0.650651	-12.672673	-52.600398	0.387803	continued:5	29797441240847192311964028853190280189674041619720799605070824129924103630349014387363218437041269379671702255991987079804799208406459594566569431867073202856046034605145785804039600969463916687067747226380923922491222894104993820922680916963522101285847689175302460496849986346102331021429321628513066058476966515597825216826491333292587291982542222577650377274214589137990302734087449011575245290848909222554254695812547715610856551849088835050194079719046057626362150098208139175376597342767181508719554474278778659080532774115025837077781440395069085566275270593757816945481686485193015874439188322179831981093036895623277079340863901340841530659385999147856565374809215690856107223889095514999077328145392637026919656402861829173510689476833346886203495903722973673938428907342665985450153766974630221683572796787810716276779509428668189395549706460924549201311213682554311884566287526513070221086970102079502518306375668819648104970735106915337010019709466847876528053194557633443693143469018575215590734560071929202513032293161520947781205518646187551763858454262249085426873090518872337808205076611467664005144113650120563379257218770267486854454585126147436133801137991014129585620735980500953292237789609787242677680689694288070265806540141549427425248272673270851742511442169211186806239397763650659713785016570063740146045684814403372018803768586828299504204092612670676494271732825660823422665667015755407871992093170287952447679322498508505274487350537095266210019724168338260398722942678821221266384605130307612355799199609047992269308186644354000967577501806557082618250939768172221631435289533054469546519211131903599439578489710458064304224258242753991949077370626105594906836037224054290926572608678922256633712993602996984006523452864385914534256302237911309852295024385228288604440813133818523810898119925050703355963900218951617376650619488146988722126240320579110187302145019161967513651877444585927344385852371591587239479373025236897455593637451259909552184387174282119561203519632898550705037840759703914348593348037908819867883547895371818202043640393039621020414797283530450466713315250569932983955276693719882048390485465533485510588385800687164523518749117193521756140543696837736214803627013723775681198061143445893247905650949500473629326963766107163600668394240903123651228438463367201158148596206161949377092181370296185686953116169180681409176863011561460773364643495997498158348442437275882190669358992018110491685779447950403551737289524400188144456712436403249187563796755054042049539301937259411075522538733691707058564810010534654090759160134597025679885017648083247039488263739988336876140274341217599534325235297286210657654731573750783323097372755158570573080483488140629668257895084652056736727996122993728043210256287889504365916978816342762787474618174908670557430739386534503325046464982165958137308962713991872691611660726293175985295198880150537665532320515716601853326513620014155618044775269164610412057730011889397022653749383237792359033344825171133135794449221133882528280294589598664230128884859792907483347242875645344023258298724106021662059937863156992956219585501182948511	29797441240847192311964028853190280189674041619720799605070824129924103630349014387363218437041269379671702255991987079804799208406459594566569431867073202856046034605145785804039600969463916687067747226380923922491222894104993820922680916963522101285847689175302460496849986346102331021429321628513066058476966515597825216826491333292587291982542222577650377274214589137990302734087449011575245290848909222554254695812547715610856551849088835050194079719046057626362150098208139175376597342767181508719554474278778659080532774115025837077781440395069085566275270593757816945481686485193015874439188322179831981093036895623277079340863901340841530659385999147856565374809215690856107223889095514999077328145392637026919656402861829173510689476833346886203495903722973673938428907342665985450153766974630221683572796787810716276779509428668189395549706460924549201311213682554311884566287526513070221086970102079502518306375668819648104970735106915337010019709466847876528053194557633443693143469018575215590734560071929202513032293161520947781205518646187551763858454262249085426873090518872337808205076611467664005144113650120563379257218770267486854454585126147436133801137991014129585620735980500953292237789609787242677680689694288070265806540141549427425248272673270851742511442169211186806239397763650659713785016570063740146045684814403372018803768586828299504204092612670676494271732825660823422665667015755407871992093170287952447679322498508505274487350537095266210019724168338260398722942678821221266384605130307612355799199609047992269308186644354000969042225592579893762269901486985411697517653636359199534236868365578519096746890795459954150138446238099639797833539371728013496927466441423582664131188350233763731312435101914277375980159757795529728895809548804764692549877271404894932288106673576792091660798398511971913656372758133560837003191809009472223601689775503024582430578161720021508933229289947951511595259836277733952431601137827692197529126561182973150781568467344797475919445092806947612816422387956907653279794332207278481014705867072609201187729551919455299525630673540651154259969262771655412336850878668756118790106762242238026442406715540824484001866402419943213778352561151119218238608420796274132052204785384539578685623309582671940697776050132500352352444073961246619903942998887862871344951524656356502532542454122549958074091887266544706382066998413471296624459557112445152912720154859819780683120778068106282934206669342709294376244231124455373786246433052012473005421451195940712117597005735717260337900288881418127513986265720365088933920320710571787502739206214816871165644759485483413954625500452833379247160519660448104175854908765643982163685708189662582629592131422826092342703197734099395183060086232100114545084942140512321921957467531315039833750032468609187388906001048377610617115885224956900725738467817358952547509357886185287137940887818158120652130435639044365476392756196093020216123449589734330752241895803968783591313349146220406453851500205078678210641271596772505765323679997162690039761705797111441678238448045440921469456359961374730859555571903900102900291920210550392	-3,-6,-6,-6,-6,5,5,5,5,5,5,5	-6,-6,-6,-6,-6,5,5,5,5,5,5,5	ok
0.654655	-12.672673	-54.603137	0.390596	continued:5	29797441240847192311964028853190280189674041619720799605070824129924103630349014387363218437041262128836255660367033565228906969921436065807110492954244538641922732381526988524213230765695165516684856964886402475218726787375215748391120225301433133801809602551954799399621703470614032595261603547732880205461166225506383472517669360488304292936684047002677551828409989745109425630864985134416570483495028535097538525962819715706453278578056276781997658621821330623661439735037198469982874980353282521543069959364804122626389538391283710117759012920542190446628568269535485120906902702054290158140837938102629797883544586003735080140767802541056613215533165923427360817084903885101038661329655704061613434516352085161782006860284716509839924228309376088170740553115806220734141302649848057010058913693667459286835607211129246633087358315863204490737630361736531172516441701350353989780844469604679326961211342427047892996344090028808147916171706518889485060629487737417917569767213496185589810977631686161593663266872708183305924891421716519836703659212884206754774705296603977160595587057551946392243523306131003376817168847344668193734612715320449809071341032253817577093207483930220945124667599152474307313066288132598337858614967222060190098955400369833539728841815639323595546756206693047251103075382837527829820663088922381252193091723767612410835446041002371833244855823858875455973221693803924258499763326053205682414512096667270504543905693204277613951276144204402168422635613346089666241936344317839882762737246424381784741408159245368710128847124504748050259870150574962797615980986443289511362534855970225945405898133274047741214151927370372385350028161700864604552428190425115668855177239827327446219221395519584646044461026910421699370714725007998587520655981775926748844747312414459728293551252471769465067609921652899236925865027914100691384663688608827578434987977568039761486712852779707381025090780350784199360689709693466626332005638433733770487664068421221588417566544244157785316203941142152295356422810724902092285567806998219676272836482696519729276213300707109026304387193144485008943338308442751079658426469963616446183059392071019024743919603256593367777297530080858186416018690393660240972502692785255630332802661813551824808879903087060733331258896534918799823989796246704537436452699594338687665770872295924739045603807472355312278655316165657543119713809760351640563155348276137788529820712016721739024517049207027675328705141116755586788348890160984207569853915797582641892784175719136778692928898648781037902120270034667305636388779006589707864825975317924565829883397687923474749300873295425587819812173293934368184354896503527781795574714647236840308236721725763594184696025258823486912907523113585027065046394892704891287292712325931329587044785320929173508336637580864873311048610927580401805504494318382533413321592562792506447747053048554781795627702083011797984848552319581189945604262305486396415236440224365452162628421616849479719989165025204663027087302047734783829986454285179005107758042868233646714509406887870139221741873065749646249222102387444167465789079457327954724174337251461022	29797441240847192311964028853190280189674041619720799605070824129924103630349014387363218437041269379671702255991987079804799208406459594566569431867073202856046034605145785804039600969463916687067747226380923922491222894104993820922680916963522101285847689175302460496849986346102331021429321628513066058476966515597825216826491333292587291982542222577650377274214589137990302734087449011575245290848909222554254695812547715610856551849088835050194079719046057626362150098208139175376597342767181508719554474278778659080532774115025837077781440395069085566275270593757816945481686485193015874439188322179831981093036895623277079340863901340841530659385999147856565374809215690856107223889095514999077328145392637026919656402861829173510689476833346886203495903722973673938428907342665985450153766974630221683572796787810716276779509428668189395549706460924549201311213682554311884566287526513070221086970102079502518306375668819648104970735106915337010019709466847876528053194557633443693143469018575215590734560071929202513032293161520947781205518646187551763858454262249085426873090518872337808205076611467664005144113650120563379257218770267486854454585126147436133801137991014129585620735980500953292237789609787242677680689694288070265806540141549427425248272673270851742511442169211186806239397763650659713785016570063740146045684814403372018803768586828299504204092612670676494271732825660823422665667015755407871992093170287952447679322498508505274487350537095266210019724168338260398722942678821221266384605130307612355799199609047992269308186644354000969042225592579893762269901486985411697517653636359199534236868365578519096746890795459954150138446238099639797833539371728013496927466441423582664131188350233763731312435101914277375980159757795529728895809548804764692549877271404894932288106673576792091660798398511971913656372758133560837003191809009472223601689775503024582430578161720021508933229289947951511595259836277733952431601137827692197529126561182973150781568467344797475919445092806947612816422387956907653279794332207278481014705867072609201187729551919455299525630673540651154259969262771655412336850878668756118790106762242238026442406715540824484001866402419943213778352561151119218238608420796274132052204785384539578685623309582671940697776050132500352352444073961246619903942998887862871344951524656356502532542454122549958074091887266544706382066998413471296624459557112445152912720154859819780683120778068106282934206669342709294376244231124455373786246433052012473005421451195940712117597005735717260337900288881418127513986265720365088933920320710571787502739206214816871165644759485483413954625500452833379247160519660448104175854908765643982163685708189662582629592131422826092342703197734099395183060086232100114545084942140512321921957467531315039833750032468609187388906001048377610617115885224956900725738467817358952547509357886185287137940887818158120652130435639044365476392756196093020216123449589734330752241895803968783591313349146220406453851500205078678210641271596772505765323679997162690039761705797111441678238448045440921469456359961374730859555571903900102900291920210550392	2,5,5,5,5,5,5,5,5,5,5,5	-6,-6,-6,-6,-6,5,5,5,5,5,5,5	ok
0.658659	-12.672673	-55.749145	0.392514	continued:5	29797441240847192311964028853190280189674041619720799605070824129924103630349014387363218437041262128836255660367033565228906969921436065807110492954244538641922732381526988524213230765695165516684856964886402475218726787375215748391120225301433133801809602551954799399621703470614032595261603547732880205461166225506383472517669360488304292936684047002677551828409989745109425630864985134416570483495028535097538525962819715706453278578056276781997658621821330623661439735037198469982874980353282521543069959364804122626389538391283710117759012920542190446628568269535485120906902702054290158140837938102629797883544586003735080140767802541056613215533165923427360817084903885101038661329655704061613434516352085161782006860284716509839924228309376088170740553115806220734141302649677479518483802000300168580713163044194065887323354719302210650111132711346298709211434864618027584900489492606253513787276911684522970091828423127049646218187582003049038748847718653443334980530114472055275735855279209770676986277839544680221399291578177895818923520118959136259612273568065832391421401557650483557112710133624327231572850837292836264665366775640359169906189441461622801137205046057480139998789727301188354834859408678444252318864359603629790357149869408733925794073059173594199193764540223273904873376084823036011548299500458930026642471196433941697444714519521783436521257033199569240538356017136986648278619083208578340432572460744377916106798578888652909672720671642967618220307737860229752048439860902462357086319177145113230508886698115136650507969516166526294114004402230583122518610644854450940922504742935458657025456787423602263810705792223277239797664179253646386657248754348920274591275922106612789638823045524737687760480517307563168128734231870276349616691444949243834603543596729405594112100811418022398581581665263730601062159069541842874383968484843968697320032877029963851616666243709567174730087379269003117661611297426973817071891389119816536576279713340130739789653660034716967374571191415640988337429733918383496657464600679844209398677918852794611472922709573698129962366116730360660638153399713021191127490014552783897756278350305426481469533202886550233639559709678913540326283345923809677505750158426116167656669751127177814017233792228149322557292124771513598579490766719264217756674593059481529991350443206116041159100334016059479182640738914921361909632331503756276812071605442935519520332538921681219307786462373347010117415826429653510990058493294078173368236888510932712610899493567755381742104770435907974844518165777048822764675355460877255406818643096988868370006148151963658469234401544959937153546733723571643476182523715691110268419368299822266833571566669366915283179066901667636265929715312806456201033529823967248355491004025338670555108420167120259536696003673762454162990731166453991392132721289816434319268112105130494704894656992729779482624722477085443934794613053273704968957779305144146564238789342257387605159841341125899231904752557809867211452287546554338960283446959401778234756736667405653322097218920100025051309125020362462129173340868518526614682821594995721467749528611275156	29797441240847192311964028853190280189674041619720799605070824129924103630349014387363218437041269379671702255991987079804799208406459594566569431867073202856046034605145785804039600969463916687067747226380923922491222894104993820922680916963522101285847689175302460496849986346102331021429321628513066058476966515597825216826491333292587291982542222577650377274214589137990302734087449011575245290848909222554254695812547715610856551849088835050194079719046057626362150098208139175376597342767181508719554474278778659080532774115025837077781440395069085566275270593757816945481686485193015874439188322179831981093036895623277079340863901340841530659385999147856565374809215690856107223889095514999077328145392637026919656402861829173510689476833346886203495903722973673938428907342665985450153766974630221683572796787810716276779509428668189395549706460924549201311213682554311884566287526513070221086970102079502518306375668819648104970735106915337010019709466847876528053194557633443693143469018575215590734560071929202513032293161520947781205518646187551763858454262249085426873090518872337808205076611467664005144113650120563379257218770267486854454585126147436133801137991014129585620735980500953292237789609787242677680689694288070265806540141549427425248272673270851742511442169211186806239397763650659713785016570063740146045684814403372018803768586828299504204092612670676494271732825660823422665667015755407871992093170287952447679322498508505274487350537095266210019724168338260398722942678821221266384605130307612355799199609047992269308186644354000969042225592579893762269901486985411697517653636359199534236868365578519096746890795459954150138446238099639797833539371728013496927466441423582664131188350233763731312435101914277375980159757795529728895809548804764692549877271404894932288106673576792091660798398511971913656372758133560837003191809009472223601689775503024582430578161720021508933229289947951511595259836277733952431601137827692197529126561182973150781568467344797475919445092806947612816422387956907653279794332207278481014705867072609201187729551919455299525630673540651154259969262771655412336850878668756118790106762242238026442406715540824484001866402419943213778352561151119218238608420796274132052204785384539578685623309582671940697776050132500352352444073961246619903942998887862871344951524656356502532542454122549958074091887266544706382066998413471296624459557112445152912720154859819780683120778068106282934206669342709294376244231124455373786246433052012473005421451195940712117597005735717260337900288881418127513986265720365088933920320710571787502739206214816871165644759485483413954625500452833379247160519660448104175854908765643982163685708189662582629592131422826092342703197734099395183060086232100114545084942140512321921957467531315039833750032468609187388906001048377610617115885224956900725738467817358952547509357886185287137940887818158120652130435639044365476392756196093020216123449589734330752241895803968783591313349146220406453851500205078678210641271596772505765323679997162690039761705797111441678238448045440921469456359961374730859555571903900102900291920210550392	-3,-5,5,5,5,5,5,5,5,5,5,5	-6,-6,-6,-6,-6,5,5,5,5,5,5,5	ok
0.662663	-12.672673	-56.487300	0.395307	full	29797441240847192311964028853190280189674041619720799605070824129924103630349014387363218437041262128836255660367033565228906969921436065807110492954244538641922732381526988524213230765695165516684856964886402475218726787375215748391120225301433133801809602551954799399621703470614032595261603547732880205461166225506383472517669360488304292936684047002677551828409989745109425630864985134410193792953865040518523831529536300530641045251591967863934567240392252956558066164333919517605967140666825295678885425885703571255653804736275143929100692220038798706158319647429715853695189408137905886849532235618040048915843699717253768347612786229825919381254819950003230731411699587487497416574604357461782731627985417825863827186922456007553462225308282547856313633328955167419706775789469480611559738007413659668099782369121054590863861144238738959096672747737279409735626906209769372241309584913238418046885958531887025083628995414392263108247031801394472881212143143290264995601672765057255835010141684178851946852334816222471921330954532441368628013762954560274614035782030976878003106108119474895930869390230978001142747859294010451401389041610021396389202458667172133077048283131957393284404046055072840862552476804960590773588035550160518779771015300113988794745430447108388763936036391554818686310698826823745046645932777118000501528571302258842157120161592246825458076945448272280842797248906300044479518696641734693324181489212265813457170004955770760887235939038192760808987404067123321869173971757838442893034607825588593403361554127149250118875505486731855634001943305823171923295372245300906767905982477167484835026022822187204627269204844987211011940941667134654296913687936274112754373468550886875802876188709472754063342347317249479616916610689171767749357040759587517474313148110073762823465285073897351781163537756412982006858748539995767023971429657627260773237391568519076775711612611299091719410115731500777092087881282208874409079023631829030648695642304439931680736629547289296303373559905500016903765382060180806971287201779052374667416668947045336378917748940262993374486608657725013022648380047409566614791596227446710853547812746384953067558936813088339921488111480081760029909108838353394104334980727704481736608735745425822925403058639407586724353478088946036383516800123971725161041493401994328121687156689432273465688499936035225864029998613479440391852446157717911585439014687317481149933982712421555005200538504478442228714114485017224712235470987904693813018614398590525205334240275798617668115715538973278658713310799611581522817942044936466064154271578213743396856420480573507618424727688072070034945453755123364335449819963368874793841169514916334183977460595803715433407985258576268651214250508529678450979605909232382695155944815359032525018640214592385549484456912827848266805935229700876410737421968897885417267990047888479232425565821870678693123081852100375118952194477136347411483399977749265689414588780625733643695247066151133956535312973601818548318974417290995963734535847039610589551060724610440225198437575880349471712735464396384855643523748764143223271408676528453975545766914228228	29797441240847192311964028853190280189674041619720799605070824129924103630349014387363218437041269379671702255991987079804799208406459594566569431867073202856046034605145785804039600969463916687067747226380923922491222894104993820922680916963522101285847689175302460496849986346102331021429321628513066058476966515597825216826491333292587291982542222577650377274214589137990302734087449011575245290848909222554254695812547715610856551849088835050194079719046057626362150098208139175376597342767181508719554474278778659080532774115025837077781440395069085566275270593757816945481686485193015874439188322179831981093036895623277079340863901340841530659385999147856565374809215690856107223889095514999077328145392637026919656402861829173510689476833346886203495903722973673938428907342665985450153766974630221683572796787810716276779509428668189395549706460924549201311213682554311884566287526513070221086970102079502518306375668819648104970735106915337010019709466847876528053194557633443693143469018575215590734560071929202513032293161520947781205518646187551763858454262249085426873090518872337808205076611467664005144113650120563379257218770267486854454585126147436133801137991014129585620735980500953292237789609787242677680689694288070265806540141549427425248272673270851742511442169211186806239397763650659713785016570063740146045684814403372018803768586828299504204092612670676494271732825660823422665667015755407871992093170287952447679322498508505274487350537095266210019724168338260398722942678821221266384605130307612355799199609047992269308186644354000969042225592579893762269901486985411697517653636359199534236868365578519096746890795459954150138446238099639797833539371728013496927466441423582664131188350233763731312435101914277375980159757795529728895809548804764692549877271404894932288106673576792091660798398511971913656372758133560837003191809009472223601689775503024582430578161720021508933229289947951511595259836277733952431601137827692197529126561182973150781568467344797475919445092806947612816422387956907653279794332207278481014705867072609201187729551919455299525630673540651154259969262771655412336850878668756118790106762242238026442406715540824484001866402419943213778352561151119218238608420796274132052204785384539578685623309582671940697776050132500352352444073961246619903942998887862871344951524656356502532542454122549958074091887266544706382066998413471296624459557112445152912720154859819780683120778068106282934206669342709294376244231124455373786246433052012473005421451195940712117597005735717260337900288881418127513986265720365088933920320710571787502739206214816871165644759485483413954625500452833379247160519660448104175854908765643982163685708189662582629592131422826092342703197734099395183060086232100114545084942140512321921957467531315039833750032468609187388906001048377610617115885224956900725738467817358952547509357886185287137940887818158120652130435639044365476392756196093020216123449589734330752241895803968783591313349146220406453851500205078678210641271596772505765323679997162690039761705797111441678238448045440921469456359961374730859555571903900102900291920210550392	-4,-5,-5,5,5,5,5,5,5,5,5,5	-6,-6,-6,-6,-6,5,5,5,5,5,5,5	ok
0.666667	-12.672673	-43.543129	0.385634	continued:5	29797441240847192311964028853190280189674041619838390446392276751194031604458269653903418290263548217449573880332326641944350935173097308900207179393067094544131401902891546319240090459387826901089110022248778690699121607213038328774193670973188238636618975752621222125926330566842392850871256993172052990814923455272158422713978226730271536067320734115644330175741913972774961665758507016962350160797947996818638020341697636898190346069733674659201957482161095922745256449791778981638316387065760464878588799160570705617744573753188025193072339730266460460851296638770406594841724283948742312558545767434110949625269486215697850202040083182408160477784410327631698564345075667516426292163521174888377570257799507602452083191434296678799522303678926870962965810485584104309857721654302786427437951842870443976218765338536711354141855470379447392080872632338794545792289681560814646876602240515140740287489258200998923360339442931031115433395703706544063202311712984340569138687367725046158442362425056886438985854220617187079508157099632232591198897452085118013908346407895419131778965856595487906295435902775440148893098600723758173392467272085283433243037686413649822365879241437060989702830551976431797184873789798928111329977479809636347338011979219746623023281886943796312854077165580724715647318567955753839965417846113290993722317481461967503040975122295586943519096138504903095453286322747657545142910363834178598439896620564322102398957570721840548902102963447013043508620400235089489044217637645292834145857446360885268776095605694569107890142533555255641849109156903449676538246673454375595393980491811667329781119129046688442837759631144049480905965936507582512717689874755961717884836823351121758056053509380673691899631886686250163597345391601187956521805211469813143710052461337376237886901715662872313658256707150022471268473026771645362902970471094141841433231481679135567634545159656132440569279930687526479333170715394523151313147863119549780822070668200828298824694900368068814236524190354262754725403274270286973407648582562055035162166209877493634377604934930986735837877229300037102661250790655136864726302421825452692045425548094684958481392309687179729419438486879468831178605148691885773705315749504173782255842977427805950436539240391788714183422193388179184894489692195482882551397565487796612218482075332081985866717788708362395332709999148451499779455399297272846492428321611143650400461334300861385282165297741364587942745143198022071613305658654190258010814033204979885252624680610651073047213276197251653741052942752142706412859958420823645570712660867702123114074781729456105122730589753132058833963690673147288933692087665547499933740223743740197286942099163870900179469457567790980761275639245068274352187258283253162413532547159950386836050362348696898007381889020682287571158550292358820972514583001966535962283457450112857323501573581883653837319982884530369972415141603456746786867221843473297417888697716982548052849583019392271526875026700774695031701509882998974018270345361192947497591354507585966915207079104414839767073038518253929709569193438426845751270196737683497423578620786036440	29797441240847192311964028853190280189674041619720799605070824129924103630349014387363218437041269379671702255991987079804799208406459594566569431867073202856046034605145785804039600969463916687067747226380923922491222894104993820922680916963522101285847689175302460496849986346102331021429321628513066058476966515597825216826491333292587291982542222577650377274214589137990302734087449011575245290848909222554254695812547715610856551849088835050194079719046057626362150098208139175376597342767181508719554474278778659080532774115025837077781440395069085566275270593757816945481686485193015874439188322179831981093036895623277079340863901340841530659385999147856565374809215690856107223889095514999077328145392637026919656402861829173510689476833346886203495903722973673938428907342665985450153766974630221683572796787810716276779509428668189395549706460924549201311213682554311884566287526513070221086970102079502518306375668819648104970735106915337010019709466847876528053194557633443693143469018575215590734560071929202513032293161520947781205518646187551763858454262249085426873090518872337808205076611467664005144113650120563379257218770267486854454585126147436133801137991014129585620735980500953292237789609787242677680689694288070265806540141549427425248272673270851742511442169211186806239397763650659713785016570063740146045684814403372018803768586828299504204092612670676494271732825660823422665667015755407871992093170287952447679322498508505274487350537095266210019724168338260398722942678821221266384605130307612355799199609047992269308186644354000969042225592579893762269901486985411697517653636359199534236868365578519096746890795459954150138446238099639797833539371728013496927466441423582664131188350233763731312435101914277375980159757795529728895809548804764692549877271404894932288106673576792091660798398511971913656372758133560837003191809009472223601689775503024582430578161720021508933229289947951511595259836277733952431601137827692197529126561182973150781568467344797475919445092806947612816422387956907653279794332207278481014705867072609201187729551919455299525630673540651154259969262771655412336850878668756118790106762242238026442406715540824484001866402419943213778352561151119218238608420796274132052204785384539578685623309582671940697776050132500352352444073961246619903942998887862871344951524656356502532542454122549958074091887266544706382066998413471296624459557112445152912720154859819780683120778068106282934206669342709294376244231124455373786246433052012473005421451195940712117597005735717260337900288881418127513986265720365088933920320710571787502739206214816871165644759485483413954625500452833379247160519660448104175854908765643982163685708189662582629592131422826092342703197734099395183060086232100114545084942140512321921957467531315039833750032468609187388906001048377610617115885224956900725738467817358952547509357886185287137940887818158120652130435639044365476392756196093020216123449589734330752241895803968783591313349146220406453851500205078678210641271596772505765323679997162690039761705797111441678238448045440921469456359961374730859555571903900102900291920210550392	-3,6,-6,-6,-6,-6,5,5,5,5,5,5	-6,-6,-6,-6,-6,5,5,5,5,5,5,5	ok
0.670671	-12.672673	-49.397915	0.382841	continued:5	29797441240847192311964028853190280189674041619838390446392276751194031604458269653903418290263548217449573880332326641944350935173097308900207179393067094544131401902891546319240090459387826901089110022248778690699121607213038328774193670973188238636618975752621222125926330566842392850871256993172052990814923455272158422713978226730271536067320734115644330175741913972774961665758507016962350160797947996818638020341697636898190346069733674659201957482161095922745256449791778981638316387065760464878588799160570705617744573753188025193072339730266460460851296638770406594841724283948742312558545767434110949625269486215697850202040083182408160477784410327631698564345075667516426292163521174888377570257799507602452083191434296678799522303678926870962965810485584104309857721654302786427437951842870443976218765338536711354141855470379447392080872632338794545792289681560814646876602240515140740287489258200998923360339442931031115433395703706544063202311712984340569138687367725046158442362425056886438985854220617187079508157099632232591198897452085118013908346407895419131778965856595487906295435902775440148893098600723758173392467272085283433243037686413649822365879241437060989702830551976431797184873789798928111329977479809636347338011979219746623023281886943796312854077165580724715647318567955753839965417846113290993722317481461967503040975122295586943519096138504903095453286322747657545142910363834178598439896620564322102398957570721840548902102963447013043508620400235089489044217637645292834145857446360885268776095605694569107890142533555255642337350418911053391211233913058772284088101859580874042089093434748435271746449365867492094478751487046114699608520750063604531726219115286715422921214275931778194949297139127947980929509699429617311465937423380084888582610356687685832286866503259389992594283954651811982989910803303893529549910655324638796390476278139600752604975886030222800782654166368090649294905502401286478330754692019865442753005380590462636286582338696343603609573930011766382461290631201378771810148519898325170783823049549567266491729001750835069847225885255174577507738515141343497252966701647711848980794909398986697546655754474703678917122343260158347999007986042581469630144751822987656575657206601665929256873665448884322243205629739082255142999020711590962075057132550238156318207794136168793595259251931381762726929051559808372026835172477046714796033886055473023581636295750009499198919463772232250104759887819576513770560883097303590125730079226647751511443032195081348439715058817746222281712205705968918399281972975097308944980213737846203866033036131570378356745709473214150497585780668711198077811285694324972349288693260147120359028747794526751550967396489859781480229007330649245986609466863056765672993361577038401869472759215227325647262443076350918918370796430257290322866112813586501851532317861247659211561025189605236818548497395745378808951415605720968265173083450558799178462058292890774210610038792323772982281595004541725179567181670804639137299535702949986813133012714667275005627785015314381508340695155429800622715899183466137102744366238539256163624100724418859	29797441240847192311964028853190280189674041619720799605070824129924103630349014387363218437041269379671702255991987079804799208406459594566569431867073202856046034605145785804039600969463916687067747226380923922491222894104993820922680916963522101285847689175302460496849986346102331021429321628513066058476966515597825216826491333292587291982542222577650377274214589137990302734087449011575245290848909222554254695812547715610856551849088835050194079719046057626362150098208139175376597342767181508719554474278778659080532774115025837077781440395069085566275270593757816945481686485193015874439188322179831981093036895623277079340863901340841530659385999147856565374809215690856107223889095514999077328145392637026919656402861829173510689476833346886203495903722973673938428907342665985450153766974630221683572796787810716276779509428668189395549706460924549201311213682554311884566287526513070221086970102079502518306375668819648104970735106915337010019709466847876528053194557633443693143469018575215590734560071929202513032293161520947781205518646187551763858454262249085426873090518872337808205076611467664005144113650120563379257218770267486854454585126147436133801137991014129585620735980500953292237789609787242677680689694288070265806540141549427425248272673270851742511442169211186806239397763650659713785016570063740146045684814403372018803768586828299504204092612670676494271732825660823422665667015755407871992093170287952447679322498508505274487350537095266210019724168338260398722942678821221266384605130307612355799199609047992269308186644354000969042225592579893762269901486985411697517653636359199534236868365578519096746890795459954150138446238099639797833539371728013496927466441423582664131188350233763731312435101914277375980159757795529728895809548804764692549877271404894932288106673576792091660798398511971913656372758133560837003191809009472223601689775503024582430578161720021508933229289947951511595259836277733952431601137827692197529126561182973150781568467344797475919445092806947612816422387956907653279794332207278481014705867072609201187729551919455299525630673540651154259969262771655412336850878668756118790106762242238026442406715540824484001866402419943213778352561151119218238608420796274132052204785384539578685623309582671940697776050132500352352444073961246619903942998887862871344951524656356502532542454122549958074091887266544706382066998413471296624459557112445152912720154859819780683120778068106282934206669342709294376244231124455373786246433052012473005421451195940712117597005735717260337900288881418127513986265720365088933920320710571787502739206214816871165644759485483413954625500452833379247160519660448104175854908765643982163685708189662582629592131422826092342703197734099395183060086232100114545084942140512321921957467531315039833750032468609187388906001048377610617115885224956900725738467817358952547509357886185287137940887818158120652130435639044365476392756196093020216123449589734330752241895803968783591313349146220406453851500205078678210641271596772505765323679997162690039761705797111441678238448045440921469456359961374730859555571903900102900291920210550392	-4,6,-6,-6,-6,-6,5,5,5,5,5,5	-6,-6,-6,-6,-6,5,5,5,5,5,5,5	ok
0.674675	-12.672673	-52.612924	0.385634	continued:5	29797441240847192311964028853190280189674041619720799605070824129924103630349014387363218437041269379671702255991987079804799208406459594566569431867073202856046034605145785804039600969463916687067747226380923922491222894104993820922680916963522101285847689175302460496849986346102331021429321628513066058476966515597825216826491333292587291982542222577650377274214589137990302734087449011575245290848909222554254695812547715610856551849088835050194079719046057626362150098208139175376597342767181508719554474278778659080532774115025837077781440395069085566275270593757816945481686485193015874439188322179831981093036895623277079340863901340841530659385999147856565374809215690856107223889095514999077328145392637026919656402861829173510689476833346886203495903722973673938428907342665985450153766974630221683572796787810716276779509428668189395549706460924549201311213682554311884566287526513070221086970102079502518306375668819648104970735106915337010019709466847876528053194557633443693143469018575215590734560071929202513032293161520947781205518646187551763858454262249085426873090518872337808205076611467664005144113650120563379257218770267486854454585126147436133801137991014129585620735980500953292237789609787242677680689694288070265806540141549427425248272673270851742511442169211186806239397763650659713785016570063740146045684814403372018803768586828299504204092612670676494271732825660823422665667015755407871992093170287952447679322498508505274487350537095266210019724168338260398722942678821221266384605130307612355799199609047992269308186644354000967577501806557082618250939768172221631435289533054469546519211131903599439578489710458064304224258242753991949077370626105594906836037224054290926572608678922256633712993602996984006523452864385914534256302237911309852295024385228288604440813133818523810898119925050703355963900218951617376650619488146988722126240320579110187302145019161967513651877444585927344385852371591587239479373025236897455593637451259909552184387174282119561203519632898550705037840759703914348593348037908819867883547895371818202043640393039621020414797283530450466713315250569932983955276693719882048390485465533485510588385800687164523518749117193521756140543696837736214803627013723775681198061143445893247905650949500473629326963766107163600668394240903123651228438463367201158148596206161949377092181370296185686953116169180681409176863011561460773364643495997498158348442437275882190669358992018110491685779447950403551737289524400188144456712436403249187563796755054042049539301937259411075522538733691707058564810010534654090759160134597025679885017648083247039488263739988336876140274341217599534325235297286210657654731573750783323097372755158570573080483488140629668257895084652056736727996122993728043210256287889504365916978816342762787474618174908670557430739386534503325046464982165958137308962713991872691611660726293175985295198880150537665532320515716601853326513620014155618044775269164610412057730011889397022653749383237792359033344825171133135794449221133882528280294589598664230128884859792907483347242875645344023258298724106021662059937863156992956219585501182948511	29797441240847192311964028853190280189674041619720799605070824129924103630349014387363218437041269379671702255991987079804799208406459594566569431867073202856046034605145785804039600969463916687067747226380923922491222894104993820922680916963522101285847689175302460496849986346102331021429321628513066058476966515597825216826491333292587291982542222577650377274214589137990302734087449011575245290848909222554254695812547715610856551849088835050194079719046057626362150098208139175376597342767181508719554474278778659080532774115025837077781440395069085566275270593757816945481686485193015874439188322179831981093036895623277079340863901340841530659385999147856565374809215690856107223889095514999077328145392637026919656402861829173510689476833346886203495903722973673938428907342665985450153766974630221683572796787810716276779509428668189395549706460924549201311213682554311884566287526513070221086970102079502518306375668819648104970735106915337010019709466847876528053194557633443693143469018575215590734560071929202513032293161520947781205518646187551763858454262249085426873090518872337808205076611467664005144113650120563379257218770267486854454585126147436133801137991014129585620735980500953292237789609787242677680689694288070265806540141549427425248272673270851742511442169211186806239397763650659713785016570063740146045684814403372018803768586828299504204092612670676494271732825660823422665667015755407871992093170287952447679322498508505274487350537095266210019724168338260398722942678821221266384605130307612355799199609047992269308186644354000969042225592579893762269901486985411697517653636359199534236868365578519096746890795459954150138446238099639797833539371728013496927466441423582664131188350233763731312435101914277375980159757795529728895809548804764692549877271404894932288106673576792091660798398511971913656372758133560837003191809009472223601689775503024582430578161720021508933229289947951511595259836277733952431601137827692197529126561182973150781568467344797475919445092806947612816422387956907653279794332207278481014705867072609201187729551919455299525630673540651154259969262771655412336850878668756118790106762242238026442406715540824484001866402419943213778352561151119218238608420796274132052204785384539578685623309582671940697776050132500352352444073961246619903942998887862871344951524656356502532542454122549958074091887266544706382066998413471296624459557112445152912720154859819780683120778068106282934206669342709294376244231124455373786246433052012473005421451195940712117597005735717260337900288881418127513986265720365088933920320710571787502739206214816871165644759485483413954625500452833379247160519660448104175854908765643982163685708189662582629592131422826092342703197734099395183060086232100114545084942140512321921957467531315039833750032468609187388906001048377610617115885224956900725738467817358952547509357886185287137940887818158120652130435639044365476392756196093020216123449589734330752241895803968783591313349146220406453851500205078678210641271596772505765323679997162690039761705797111441678238448045440921469456359961374730859555571903900102900291920210550392	-3,-6,-6,-6,-6,5,5,5,5,5,5,5	-6,-6,-6,-6,-6,5,5,5,5,5,5,5	ok
0.678679	-12.672673	-54.621571	0.388427	continued:5	29797441240847192311964028853190280189674041619720799605070824129924103630349014387363218437041262128836255660367033565228906969921436065807110492954244538641922732381526988524213230765695165516684856964886402475218726787375215748391120225301433133801809602551954799399621703470614032595261603547732880205461166225506383472517669360488304292936684047002677551828409989745109425630864985134416570483495028535097538525962819715706453278578056276781997658621821330623661439735037198469982874980353282521543069959364804122626389538391283710117759012920542190446628568269535485120906902702054290158140837938102629797883544586003735080140767802541056613215533165923427360817084903885101038661329655704061613434516352085161782006860284716509839924228309376088170740553115806220734141302649848057010058913693667459286835607211129246633087358315863204490737630361736531172516441701350353989780844469604679326961211342427047892996344090028808147916171706518889485060629487737417917569767213496185589810977631686161593663266872708183305924891421716519836703659212884206754774705296603977160595587057551946392243523306131003376817168847344668193734612715320449809071341032253817577093207483930220945124667599152474307313066288132598337858614967222060190098955400369833539728841815639323595546756206693047251103075382837527829820663088922381252193091723767612410835446041002371833244855823858875455973221693803924258499763326053205682414512096667270504543905693204277613951276144204402168422635613346089666241936344317839882762737246424381784741408159245368710128847124504748050259870150574962797615980986443289511362534855970225945405898133274047741214151927370372385350028161700864604552428190425115668855177239827327446219221395519584646044461026910421699370714725007998587520655981775926748844747312414459728293551252471769465067609921652899236925865027914100691384663688608827578434987977568039761486712852779707381025090780350784199360689709693466626332005638433733770487664068421221588417566544244157785316203941142152295356422810724902092285567806998219676272836482696519729276213300707109026304387193144485008943338308442751079658426469963616446183059392071019024743919603256593367777297530080858186416018690393660240972502692785255630332802661813551824808879903087060733331258896534918799823989796246704537436452699594338687665770872295924739045603807472355312278655316165657543119713809760351640563155348276137788529820712016721739024517049207027675328705141116755586788348890160984207569853915797582641892784175719136778692928898648781037902120270034667305636388779006589707864825975317924565829883397687923474749300873295425587819812173293934368184354896503527781795574714647236840308236721725763594184696025258823486912907523113585027065046394892704891287292712325931329587044785320929173508336637580864873311048610927580401805504494318382533413321592562792506447747053048554781795627702083011797984848552319581189945604262305486396415236440224365452162628421616849479719989165025204663027087302047734783829986454285179005107758042868233646714509406887870139221741873065749646249222102387444167465789079457327954724174337251461022	29797441240847192311964028853190280189674041619720799605070824129924103630349014387363218437041269379671702255991987079804799208406459594566569431867073202856046034605145785804039600969463916687067747226380923922491222894104993820922680916963522101285847689175302460496849986346102331021429321628513066058476966515597825216826491333292587291982542222577650377274214589137990302734087449011575245290848909222554254695812547715610856551849088835050194079719046057626362150098208139175376597342767181508719554474278778659080532774115025837077781440395069085566275270593757816945481686485193015874439188322179831981093036895623277079340863901340841530659385999147856565374809215690856107223889095514999077328145392637026919656402861829173510689476833346886203495903722973673938428907342665985450153766974630221683572796787810716276779509428668189395549706460924549201311213682554311884566287526513070221086970102079502518306375668819648104970735106915337010019709466847876528053194557633443693143469018575215590734560071929202513032293161520947781205518646187551763858454262249085426873090518872337808205076611467664005144113650120563379257218770267486854454585126147436133801137991014129585620735980500953292237789609787242677680689694288070265806540141549427425248272673270851742511442169211186806239397763650659713785016570063740146045684814403372018803768586828299504204092612670676494271732825660823422665667015755407871992093170287952447679322498508505274487350537095266210019724168338260398722942678821221266384605130307612355799199609047992269308186644354000969042225592579893762269901486985411697517653636359199534236868365578519096746890795459954150138446238099639797833539371728013496927466441423582664131188350233763731312435101914277375980159757795529728895809548804764692549877271404894932288106673576792091660798398511971913656372758133560837003191809009472223601689775503024582430578161720021508933229289947951511595259836277733952431601137827692197529126561182973150781568467344797475919445092806947612816422387956907653279794332207278481014705867072609201187729551919455299525630673540651154259969262771655412336850878668756118790106762242238026442406715540824484001866402419943213778352561151119218238608420796274132052204785384539578685623309582671940697776050132500352352444073961246619903942998887862871344951524656356502532542454122549958074091887266544706382066998413471296624459557112445152912720154859819780683120778068106282934206669342709294376244231124455373786246433052012473005421451195940712117597005735717260337900288881418127513986265720365088933920320710571787502739206214816871165644759485483413954625500452833379247160519660448104175854908765643982163685708189662582629592131422826092342703197734099395183060086232100114545084942140512321921957467531315039833750032468609187388906001048377610617115885224956900725738467817358952547509357886185287137940887818158120652130435639044365476392756196093020216123449589734330752241895803968783591313349146220406453851500205078678210641271596772505765323679997162690039761705797111441678238448045440921469456359961374730859555571903900102900291920210550392	2,5,5,5,5,5,5,5,5,5,5,5	-6,-6,-6,-6,-6,5,5,5,5,5,5,5	ok
0.682683	-12.672673	-55.769678	0.390680	continued:5	29797441240847192311964028853190280189674041619720799605070824129924103630349014387363218437041262128836255660367033565228906969921436065807110492954244538641922732381526988524213230765695165516684856964886402475218726787375215748391120225301433133801809602551954799399621703470614032595261603547732880205461166225506383472517669360488304292936684047002677551828409989745109425630864985134416570483495028535097538525962819715706453278578056276781997658621821330623661439735037198469982874980353282521543069959364804122626389538391283710117759012920542190446628568269535485120906902702054290158140837938102629797883544586003735080140767802541056613215533165923427360817084903885101038661329655704061613434516352085161782006860284716509839924228309376088170740553115806220734141302649677479518483802000300168580713163044194065887323354719302210650111132711346298709211434864618027584900489492606253513787276911684522970091828423127049646218187582003049038748847718653443334980530114472055275735855279209770676986277839544680221399291578177895818923520118959136259612273568065832391421401557650483557112710133624327231572850837292836264665366775640359169906189441461622801137205046057480139998789727301188354834859408678444252318864359603629790357149869408733925794073059173594199193764540223273904873376084823036011548299500458930026642471196433941697444714519521783436521257033199569240538356017136986648278619083208578340432572460744377916106798578888652909672720671642967618220307737860229752048439860902462357086319177145113230508886698115136650507969516166526294114004402230583122518610644854450940922504742935458657025456787423602263810705792223277239797664179253646386657248754348920274591275922106612789638823045524737687760480517307563168128734231870276349616691444949243834603543596729405594112100811418022398581581665263730601062159069541842874383968484843968697320032877029963851616666243709567174730087379269003117661611297426973817071891389119816536576279713340130739789653660034716967374571191415640988337429733918383496657464600679844209398677918852794611472922709573698129962366116730360660638153399713021191127490014552783897756278350305426481469533202886550233639559709678913540326283345923809677505750158426116167656669751127177814017233792228149322557292124771513598579490766719264217756674593059481529991350443206116041159100334016059479182640738914921361909632331503756276812071605442935519520332538921681219307786462373347010117415826429653510990058493294078173368236888510932712610899493567755381742104770435907974844518165777048822764675355460877255406818643096988868370006148151963658469234401544959937153546733723571643476182523715691110268419368299822266833571566669366915283179066901667636265929715312806456201033529823967248355491004025338670555108420167120259536696003673762454162990731166453991392132721289816434319268112105130494704894656992729779482624722477085443934794613053273704968957779305144146564238789342257387605159841341125899231904752557809867211452287546554338960283446959401778234756736667405653322097218920100025051309125020362462129173340868518526614682821594995721467749528611275156	29797441240847192311964028853190280189674041619720799605070824129924103630349014387363218437041269379671702255991987079804799208406459594566569431867073202856046034605145785804039600969463916687067747226380923922491222894104993820922680916963522101285847689175302460496849986346102331021429321628513066058476966515597825216826491333292587291982542222577650377274214589137990302734087449011575245290848909222554254695812547715610856551849088835050194079719046057626362150098208139175376597342767181508719554474278778659080532774115025837077781440395069085566275270593757816945481686485193015874439188322179831981093036895623277079340863901340841530659385999147856565374809215690856107223889095514999077328145392637026919656402861829173510689476833346886203495903722973673938428907342665985450153766974630221683572796787810716276779509428668189395549706460924549201311213682554311884566287526513070221086970102079502518306375668819648104970735106915337010019709466847876528053194557633443693143469018575215590734560071929202513032293161520947781205518646187551763858454262249085426873090518872337808205076611467664005144113650120563379257218770267486854454585126147436133801137991014129585620735980500953292237789609787242677680689694288070265806540141549427425248272673270851742511442169211186806239397763650659713785016570063740146045684814403372018803768586828299504204092612670676494271732825660823422665667015755407871992093170287952447679322498508505274487350537095266210019724168338260398722942678821221266384605130307612355799199609047992269308186644354000969042225592579893762269901486985411697517653636359199534236868365578519096746890795459954150138446238099639797833539371728013496927466441423582664131188350233763731312435101914277375980159757795529728895809548804764692549877271404894932288106673576792091660798398511971913656372758133560837003191809009472223601689775503024582430578161720021508933229289947951511595259836277733952431601137827692197529126561182973150781568467344797475919445092806947612816422387956907653279794332207278481014705867072609201187729551919455299525630673540651154259969262771655412336850878668756118790106762242238026442406715540824484001866402419943213778352561151119218238608420796274132052204785384539578685623309582671940697776050132500352352444073961246619903942998887862871344951524656356502532542454122549958074091887266544706382066998413471296624459557112445152912720154859819780683120778068106282934206669342709294376244231124455373786246433052012473005421451195940712117597005735717260337900288881418127513986265720365088933920320710571787502739206214816871165644759485483413954625500452833379247160519660448104175854908765643982163685708189662582629592131422826092342703197734099395183060086232100114545084942140512321921957467531315039833750032468609187388906001048377610617115885224956900725738467817358952547509357886185287137940887818158120652130435639044365476392756196093020216123449589734330752241895803968783591313349146220406453851500205078678210641271596772505765323679997162690039761705797111441678238448045440921469456359961374730859555571903900102900291920210550392	-3,-5,5,5,5,5,5,5,5,5,5,5	-6,-6,-6,-6,-6,5,5,5,5,5,5,5	ok
0.686687	-12.672673	-56.505434	0.393473	full	29797441240847192311964028853190280189674041619720799605070824129924103630349014387363218437041262128836255660367033565228906969921436065807110492954244538641922732381526988524213230765695165516684856964886402475218726787375215748391120225301433133801809602551954799399621703470614032595261603547732880205461166225506383472517669360488304292936684047002677551828409989745109425630864985134410193792953865040518523831529536300530641045251591967863934567240392252956558066164333919517605967140666825295678885425885703571255653804736275143929100692220038798706158319647429715853695189408137905886849532235618040048915843699717253768347612786229825919381254819950003230731411699587487497416574604357461782731627985417825863827186922456007553462225308282547856313633328955167419706775789469480611559738007413659668099782369121054590863861144238738959096672747737279409735626906209769372241309584913238418046885958531887025083628995414392263108247031801394472881212143143290264995601672765057255835010141684178851946852334816222471921330954532441368628013762954560274614035782030976878003106108119474895930869390230978001142747859294010451401389041610021396389202458667172133077048283131957393284404046055072840862552476804960590773588035550160518779771015300113988794745430447108388763936036391554818686310698826823745046645932777118000501528571302258842157120161592246825458076945448272280842797248906300044479518696641734693324181489212265813457170004955770760887235939038192760808987404067123321869173971757838442893034607825588593403361554127149250118875505486731855634001943305823171923295372245300906767905982477167484835026022822187204627269204844987211011940941667134654296913687936274112754373468550886875802876188709472754063342347317249479616916610689171767749357040759587517474313148110073762823465285073897351781163537756412982006858748539995767023971429657627260773237391568519076775711612611299091719410115731500777092087881282208874409079023631829030648695642304439931680736629547289296303373559905500016903765382060180806971287201779052374667416668947045336378917748940262993374486608657725013022648380047409566614791596227446710853547812746384953067558936813088339921488111480081760029909108838353394104334980727704481736608735745425822925403058639407586724353478088946036383516800123971725161041493401994328121687156689432273465688499936035225864029998613479440391852446157717911585439014687317481149933982712421555005200538504478442228714114485017224712235470987904693813018614398590525205334240275798617668115715538973278658713310799611581522817942044936466064154271578213743396856420480573507618424727688072070034945453755123364335449819963368874793841169514916334183977460595803715433407985258576268651214250508529678450979605909232382695155944815359032525018640214592385549484456912827848266805935229700876410737421968897885417267990047888479232425565821870678693123081852100375118952194477136347411483399977749265689414588780625733643695247066151133956535312973601818548318974417290995963734535847039610589551060724610440225198437575880349471712735464396384855643523748764143223271408676528453975545766914228228	29797441240847192311964028853190280189674041619720799605070824129924103630349014387363218437041269379671702255991987079804799208406459594566569431867073202856046034605145785804039600969463916687067747226380923922491222894104993820922680916963522101285847689175302460496849986346102331021429321628513066058476966515597825216826491333292587291982542222577650377274214589137990302734087449011575245290848909222554254695812547715610856551849088835050194079719046057626362150098208139175376597342767181508719554474278778659080532774115025837077781440395069085566275270593757816945481686485193015874439188322179831981093036895623277079340863901340841530659385999147856565374809215690856107223889095514999077328145392637026919656402861829173510689476833346886203495903722973673938428907342665985450153766974630221683572796787810716276779509428668189395549706460924549201311213682554311884566287526513070221086970102079502518306375668819648104970735106915337010019709466847876528053194557633443693143469018575215590734560071929202513032293161520947781205518646187551763858454262249085426873090518872337808205076611467664005144113650120563379257218770267486854454585126147436133801137991014129585620735980500953292237789609787242677680689694288070265806540141549427425248272673270851742511442169211186806239397763650659713785016570063740146045684814403372018803768586828299504204092612670676494271732825660823422665667015755407871992093170287952447679322498508505274487350537095266210019724168338260398722942678821221266384605130307612355799199609047992269308186644354000969042225592579893762269901486985411697517653636359199534236868365578519096746890795459954150138446238099639797833539371728013496927466441423582664131188350233763731312435101914277375980159757795529728895809548804764692549877271404894932288106673576792091660798398511971913656372758133560837003191809009472223601689775503024582430578161720021508933229289947951511595259836277733952431601137827692197529126561182973150781568467344797475919445092806947612816422387956907653279794332207278481014705867072609201187729551919455299525630673540651154259969262771655412336850878668756118790106762242238026442406715540824484001866402419943213778352561151119218238608420796274132052204785384539578685623309582671940697776050132500352352444073961246619903942998887862871344951524656356502532542454122549958074091887266544706382066998413471296624459557112445152912720154859819780683120778068106282934206669342709294376244231124455373786246433052012473005421451195940712117597005735717260337900288881418127513986265720365088933920320710571787502739206214816871165644759485483413954625500452833379247160519660448104175854908765643982163685708189662582629592131422826092342703197734099395183060086232100114545084942140512321921957467531315039833750032468609187388906001048377610617115885224956900725738467817358952547509357886185287137940887818158120652130435639044365476392756196093020216123449589734330752241895803968783591313349146220406453851500205078678210641271596772505765323679997162690039761705797111441678238448045440921469456359961374730859555571903900102900291920210550392	-4,-5,-5,5,5,5,5,5,5,5,5,5	-6,-6,-6,-6,-6,5,5,5,5,5,5,5	ok
0.690691	-12.672673	-18.802153	0.413060	continued:5	29797441240847192311964028853190280189674041619838390446392276751194031604458269653903418290263548217449573880332326641944350935173097308900207179393067094544131401902891546319240090459387826901089110022248778690699121607213038328774193670973188238636618975752621222125926330566842392850871256993172052990814923455272158422713978226730271536067320734115644330175741913972774961665758507016962350160797947996818638020341697636898190346069733674659201957482161095922745256449791778981638316387065760464878588799160570705617744573753188025193072339730266460460851296638770406594841724283948742312558545767434110949625269486215697850202040083182408160477784410327631698564345075667516426292163521174888377570257799507602452083191434296678799522303678926870962965810485584104309857721654302786427437951842870443976218765338536711354141855470379447392080872632338794545792289681560814646876602240515140740287489258200998923360339442931031115433395703706544063202311712984340569138687367725046158442362425056886438985854220617187079508157099632232591198897452085118013908346407895419131778965856595487906295435902775440148893098600723758173392467272085283433243037686413649822365879241437060989702830551976431797184873789798928111329977479809636347338011979219746623023281886943796312854077165580724715647318567955753839965417846113290993722317481461967503040975122295586943519096138504903095453286322747657545142910363834178598439896620564322102398957570721840548902102963447013043508620400235089489044217637645292834145857446360885268776095605694569107890142533555255641360867894895845961865259433849978906699859124042460617473144823344941613929069896420606867333180385969050325826858999448318904043454531415528093190892742829569188849966634244552346265181083772758601577672999559541398837494565987066643486936928066354634722229459648232959547035250239397196256030286863644886475986685218670382664114433282042080355905695006962309371435928387759824295541034219234118891135955811193961362807462039794024863474450696759126989515917339195175005148645225784899540509370205420002263480868111138401828528573344899627814763066168930232199638142003193535110056186790383219416128864899655779921754630498779314358202311341190077780486747185359907936028748253945971616204815334693106123638757037276114645980363679374803027737998425355068118756356527995178138176325485343027938490946737094627532075626117498978188822757166814277219286372851713271365411131710496925780730398576467629456050434211076925895897987183312018993806329026220797654711493576757085200393679798316494426437943866549982196445107997558042362116527327341831888715470033049967170341600677583379789572889636770027518191754227333274214855450533215048807971518645722180042322271159487302717765049703449559154071732742862371802627965482166470367501334965013656223946304154460351622163053190346570073034597038978055435442121974162070856091468373315361135878867601192525308561360236387795657315337141074321895089127246460770071468458397007664883835838095193308899241155019435908182049696300504658824786373193515298025805381881078058796422487693387554399796027236827738683533140847654025	29797441240847192311964028853190280189674041619720799605070824129924103630349014387363218437041269379671702255991987079804799208406459594566569431867073202856046034605145785804039600969463916687067747226380923922491222894104993820922680916963522101285847689175302460496849986346102331021429321628513066058476966515597825216826491333292587291982542222577650377274214589137990302734087449011575245290848909222554254695812547715610856551849088835050194079719046057626362150098208139175376597342767181508719554474278778659080532774115025837077781440395069085566275270593757816945481686485193015874439188322179831981093036895623277079340863901340841530659385999147856565374809215690856107223889095514999077328145392637026919656402861829173510689476833346886203495903722973673938428907342665985450153766974630221683572796787810716276779509428668189395549706460924549201311213682554311884566287526513070221086970102079502518306375668819648104970735106915337010019709466847876528053194557633443693143469018575215590734560071929202513032293161520947781205518646187551763858454262249085426873090518872337808205076611467664005144113650120563379257218770267486854454585126147436133801137991014129585620735980500953292237789609787242677680689694288070265806540141549427425248272673270851742511442169211186806239397763650659713785016570063740146045684814403372018803768586828299504204092612670676494271732825660823422665667015755407871992093170287952447679322498508505274487350537095266210019724168338260398722942678821221266384605130307612355799199609047992269308186644354000969042225592579893762269901486985411697517653636359199534236868365578519096746890795459954150138446238099639797833539371728013496927466441423582664131188350233763731312435101914277375980159757795529728895809548804764692549877271404894932288106673576792091660798398511971913656372758133560837003191809009472223601689775503024582430578161720021508933229289947951511595259836277733952431601137827692197529126561182973150781568467344797475919445092806947612816422387956907653279794332207278481014705867072609201187729551919455299525630673540651154259969262771655412336850878668756118790106762242238026442406715540824484001866402419943213778352561151119218238608420796274132052204785384539578685623309582671940697776050132500352352444073961246619903942998887862871344951524656356502532542454122549958074091887266544706382066998413471296624459557112445152912720154859819780683120778068106282934206669342709294376244231124455373786246433052012473005421451195940712117597005735717260337900288881418127513986265720365088933920320710571787502739206214816871165644759485483413954625500452833379247160519660448104175854908765643982163685708189662582629592131422826092342703197734099395183060086232100114545084942140512321921957467531315039833750032468609187388906001048377610617115885224956900725738467817358952547509357886185287137940887818158120652130435639044365476392756196093020216123449589734330752241895803968783591313349146220406453851500205078678210641271596772505765323679997162690039761705797111441678238448045440921469456359961374730859555571903900102900291920210550392	-2,6,-6,-6,-6,-6,5,5,5,5,5,5	-6,-6,-6,-6,-6,5,5,5,5,5,5,5	ok
0.694695	-12.672673	-44.725374	0.415853	continued:5	29797441240847192311964028853190280189674041619838390446392276751194031604458269653903418290263548217449573880332326641944350935173097308900207179393067094544131401902891546319240090459387826901089110022248778690699121607213038328774193670973188238636618975752621222125926330566842392850871256993172052990814923455272158422713978226730271536067320734115644330175741913972774961665758507016962350160797947996818638020341697636898190346069733674659201957482161095922745256449791778981638316387065760464878588799160570705617744573753188025193072339730266460460851296638770406594841724283948742312558545767434110949625269486215697850202040083182408160477784410327631698564345075667516426292163521174888377570257799507602452083191434296678799522303678926870962965810485584104309857721654302786427437951842870443976218765338536711354141855470379447392080872632338794545792289681560814646876602240515140740287489258200998923360339442931031115433395703706544063202311712984340569138687367725046158442362425056886438985854220617187079508157099632232591198897452085118013908346407895419131778965856595487906295435902775440148893098600723758173392467272085283433243037686413649822365879241437060989702830551976431797184873789798928111329977479809636347338011979219746623023281886943796312854077165580724715647318567955753839965417846113290993722317481461967503040975122295586943519096138504903095453286322747657545142910363834178598439896620564322102398957570721840548902102963447013043508620400235089489044217637645292834145857446360885268776095605694569107890142533555255641360867894895845961865259433849978906699859124042460617473144823344941613929069896420606867333180385969050325826858999448318904043454531415528093190892742829569188849966634244552346265181083772758601577672999559541398837494565987066643486936928066354634722229459648232959547035250239397196256030286863644886475986685218670382664114433282042080355905695006962309371435928387759824295541034219234118891135955811193961362807462039794024863474450696759126989515917339195175005148645225784899540509370205420002263480868111138401828528573344899627814763066168930232199638142003193535110056186790383219416128864899655779921754630498779314358202311341190077780486747185359907936028748253945971616204815334693106123638757037276114645980363679374803027737998425355068118756356527995178138176325485343027938490946737094627532075626117498978188822757166814277219286372851713271365411131710496925780730398576467629456050434211076925895897987183312018993806329026220797654711493576757085200393679798316494426437943866549982196445107997558042362116527327341831888715470033049967170341600677583379789572889636770027518191754227333274214855450533215048807971518645722180042322271159487302717765049703449559154071732742862371802627965482166470367501334965013656223946304154460351622163053190346570073034597038978055435442121974162070856091468373315361135878867601192525308561360236387795657315337141074321895089127246460770071468458397007664883835838095193308899241155019435908182049696300504658824786373193515298025805381881078058796422487693387554399796027236827738683533140847654025	29797441240847192311964028853190280189674041619720799605070824129924103630349014387363218437041269379671702255991987079804799208406459594566569431867073202856046034605145785804039600969463916687067747226380923922491222894104993820922680916963522101285847689175302460496849986346102331021429321628513066058476966515597825216826491333292587291982542222577650377274214589137990302734087449011575245290848909222554254695812547715610856551849088835050194079719046057626362150098208139175376597342767181508719554474278778659080532774115025837077781440395069085566275270593757816945481686485193015874439188322179831981093036895623277079340863901340841530659385999147856565374809215690856107223889095514999077328145392637026919656402861829173510689476833346886203495903722973673938428907342665985450153766974630221683572796787810716276779509428668189395549706460924549201311213682554311884566287526513070221086970102079502518306375668819648104970735106915337010019709466847876528053194557633443693143469018575215590734560071929202513032293161520947781205518646187551763858454262249085426873090518872337808205076611467664005144113650120563379257218770267486854454585126147436133801137991014129585620735980500953292237789609787242677680689694288070265806540141549427425248272673270851742511442169211186806239397763650659713785016570063740146045684814403372018803768586828299504204092612670676494271732825660823422665667015755407871992093170287952447679322498508505274487350537095266210019724168338260398722942678821221266384605130307612355799199609047992269308186644354000969042225592579893762269901486985411697517653636359199534236868365578519096746890795459954150138446238099639797833539371728013496927466441423582664131188350233763731312435101914277375980159757795529728895809548804764692549877271404894932288106673576792091660798398511971913656372758133560837003191809009472223601689775503024582430578161720021508933229289947951511595259836277733952431601137827692197529126561182973150781568467344797475919445092806947612816422387956907653279794332207278481014705867072609201187729551919455299525630673540651154259969262771655412336850878668756118790106762242238026442406715540824484001866402419943213778352561151119218238608420796274132052204785384539578685623309582671940697776050132500352352444073961246619903942998887862871344951524656356502532542454122549958074091887266544706382066998413471296624459557112445152912720154859819780683120778068106282934206669342709294376244231124455373786246433052012473005421451195940712117597005735717260337900288881418127513986265720365088933920320710571787502739206214816871165644759485483413954625500452833379247160519660448104175854908765643982163685708189662582629592131422826092342703197734099395183060086232100114545084942140512321921957467531315039833750032468609187388906001048377610617115885224956900725738467817358952547509357886185287137940887818158120652130435639044365476392756196093020216123449589734330752241895803968783591313349146220406453851500205078678210641271596772505765323679997162690039761705797111441678238448045440921469456359961374730859555571903900102900291920210550392	-2,6,-6,-6,-6,-6,5,5,5,5,5,5	-6,-6,-6,-6,-6,5,5,5,5,5,5,5	ok
0.698699	-12.672673	-49.248631	0.413060	continued:5	29797441240847192311964028853190280189674041619838390446392276751194031604458269653903418290263548217449573880332326641944350935173097308900207179393067094544131401902891546319240090459387826901089110022248778690699121607213038328774193670973188238636618975752621222125926330566842392850871256993172052990814923455272158422713978226730271536067320734115644330175741913972774961665758507016962350160797947996818638020341697636898190346069733674659201957482161095922745256449791778981638316387065760464878588799160570705617744573753188025193072339730266460460851296638770406594841724283948742312558545767434110949625269486215697850202040083182408160477784410327631698564345075667516426292163521174888377570257799507602452083191434296678799522303678926870962965810485584104309857721654132208935862840149503153270096321171601530608377347006204586329162461202372349741279824131689595957244116420648783802931051738921079533173705724175123306398230275732511115929263534508854241895175137924922515164136405614414704510455492303725698717776026569540828846801528877656235945663651379536550094040839767421488603748902094110755409763633737605134212630303413169188279493445033579214564177632297586000354946228521647944405741484860434293952903032723748416168191726618406528699260952335643612439924752485168562943008261346330140961582261704425926188224314418487314337217296992818706656692697384744416069567204857489826530163375589484234107987116517173657037047872221374790043864650761273649712299638008506794426976311819693759440666519538644974466855863182012994523540589541733324484319768997871197425639398217200393744656224775970347567602442674443297266993471981741026676826940360617680128044520963664972917783206480837254074371028460107815872400806519153567667959697133342070232219681833629624437570921363523459645732651562787760654134203787725777482871860254784089581316858701632305970240152677514545752567636471657557296543990009577017807157916251658550163063140523653106845220943914318924010276004735411392350006118520985468833770614340011576738777896581347499503533688943929192679205210457979240382675362597186939785148066207640923713114990395838650605940430535382349997138229168213265211580515222868289019029918596958104069221824311726645261326065363642048075484173934625468251481640590908560701230827280695323290402656415691298288604628259194630166313060998645272759457289262398442447092405717200308439364419094747118707015748231933285198916029254043113096125013032148384323200797388431555698659272401884459701332338709609574220585814584346471645419882046888685742618467660212059885111757401618088390089189566203074623881844303027341182625820435365345854828951258758521011532448133042844659251933641229492874558970877342676179813822047317810877817311446762216626925358682078821175733729379814836496319171172179804577454454762311306604511253579128159933891201461585948532674822110007599005687368594258179593769049184372798579999270665676967652070368516029305396829228681935487411559214115161795236595308495447573252272610179229865068818251467507289724538682284197672246196619810853773226909197319701766801584231345859037880829647559826035	29797441240847192311964028853190280189674041619720799605070824129924103630349014387363218437041269379671702255991987079804799208406459594566569431867073202856046034605145785804039600969463916687067747226380923922491222894104993820922680916963522101285847689175302460496849986346102331021429321628513066058476966515597825216826491333292587291982542222577650377274214589137990302734087449011575245290848909222554254695812547715610856551849088835050194079719046057626362150098208139175376597342767181508719554474278778659080532774115025837077781440395069085566275270593757816945481686485193015874439188322179831981093036895623277079340863901340841530659385999147856565374809215690856107223889095514999077328145392637026919656402861829173510689476833346886203495903722973673938428907342665985450153766974630221683572796787810716276779509428668189395549706460924549201311213682554311884566287526513070221086970102079502518306375668819648104970735106915337010019709466847876528053194557633443693143469018575215590734560071929202513032293161520947781205518646187551763858454262249085426873090518872337808205076611467664005144113650120563379257218770267486854454585126147436133801137991014129585620735980500953292237789609787242677680689694288070265806540141549427425248272673270851742511442169211186806239397763650659713785016570063740146045684814403372018803768586828299504204092612670676494271732825660823422665667015755407871992093170287952447679322498508505274487350537095266210019724168338260398722942678821221266384605130307612355799199609047992269308186644354000969042225592579893762269901486985411697517653636359199534236868365578519096746890795459954150138446238099639797833539371728013496927466441423582664131188350233763731312435101914277375980159757795529728895809548804764692549877271404894932288106673576792091660798398511971913656372758133560837003191809009472223601689775503024582430578161720021508933229289947951511595259836277733952431601137827692197529126561182973150781568467344797475919445092806947612816422387956907653279794332207278481014705867072609201187729551919455299525630673540651154259969262771655412336850878668756118790106762242238026442406715540824484001866402419943213778352561151119218238608420796274132052204785384539578685623309582671940697776050132500352352444073961246619903942998887862871344951524656356502532542454122549958074091887266544706382066998413471296624459557112445152912720154859819780683120778068106282934206669342709294376244231124455373786246433052012473005421451195940712117597005735717260337900288881418127513986265720365088933920320710571787502739206214816871165644759485483413954625500452833379247160519660448104175854908765643982163685708189662582629592131422826092342703197734099395183060086232100114545084942140512321921957467531315039833750032468609187388906001048377610617115885224956900725738467817358952547509357886185287137940887818158120652130435639044365476392756196093020216123449589734330752241895803968783591313349146220406453851500205078678210641271596772505765323679997162690039761705797111441678238448045440921469456359961374730859555571903900102900291920210550392	-3,-6,-6,-6,-6,-6,5,5,5,5,5,5	-6,-6,-6,-6,-6,5,5,5,5,5,5,5	ok
0.702703	-12.672673	-51.977922	0.415853	continued:5	29797441240847192311964028853190280189674041619720799605070824129924103630349014387363218437041269379671702255991987079804799208406459594566569431867073202856046034605145785804039600969463916687067747226380923922491222894104993820922680916963522101285847689175302460496849986346102331021429321628513066058476966515597825216826491333292587291982542222577650377274214589137990302734087449011575245290848909222554254695812547715610856551849088835050194079719046057626362150098208139175376597342767181508719554474278778659080532774115025837077781440395069085566275270593757816945481686485193015874439188322179831981093036895623277079340863901340841530659385999147856565374809215690856107223889095514999077328145392637026919656402861829173510689476833346886203495903722973673938428907342665985450153766974630221683572796787810716276779509428668189395549706460924549201311213682554311884566287526513070221086970102079502518306375668819648104970735106915337010019709466847876528053194557633443693143469018575215590734560071929202513032293161520947781205518646187551763858454262249085426873090518872337808205076611467664005144113650120563379257218770267486854454585126147436133801137991014129585620735980500953292237789609787242677680689694288070265806540141549427425248272673270851742511442169211186806239397763650659713785016570063740146045684814403372018803768586828299504204092612670676494271732825660823422665667015755407871992093170287952447679322498508505274487350537095266210019724168338260398722942678821221266384605130307612355799199609047992269308186644354000967821622437560884475587433387974419975782350216938591211138820670849419382439889891291712611876622908644933257203398750375998005184608760282506216165705290807507816646233852816532901432904013287517066696220123060218992337499866257722992415362057111568524358566337294248115579312308815274620042714874957402639038815229733095919823550542921643179532102752146264705587420282372611691638077710668696579249552302913753485283917389792565880322840542883283523000937697746079899374422420291896303405407557321950035234321919519593400266602848532150581304424252603553388685539057878027726790422348318277596564055953162774516932601998064591999080178507556633382042790581569192089673751750435667636368979676180840014555432480111386392615735879746144146007689219287311443681322092577683897998908217600579732139945455528325292044397009370129193907946172849989324109155390206538455671652623026443123560517318182454508843781975520899349344968102511376401804067537744358493302351115338795439658432326223325570056339386398939257121620165615950031154637907771842011434493909904527965775999534423471841812222834348583565408252129586593432941758247330419241338668262020995738938696436832397179803840116866790055099394396931339025251141924874188162867806817835326995757100488953482372641573466009124597878425339629453735100968831558677535602322548095141074718955502370342272018160142711145185073333299235464398506815325875158982810010044222530366936762604343457392863814562877697524527799437998413973447364334126941476402408804378693506293491663415247173526540814614810813999703237687548822	29797441240847192311964028853190280189674041619720799605070824129924103630349014387363218437041269379671702255991987079804799208406459594566569431867073202856046034605145785804039600969463916687067747226380923922491222894104993820922680916963522101285847689175302460496849986346102331021429321628513066058476966515597825216826491333292587291982542222577650377274214589137990302734087449011575245290848909222554254695812547715610856551849088835050194079719046057626362150098208139175376597342767181508719554474278778659080532774115025837077781440395069085566275270593757816945481686485193015874439188322179831981093036895623277079340863901340841530659385999147856565374809215690856107223889095514999077328145392637026919656402861829173510689476833346886203495903722973673938428907342665985450153766974630221683572796787810716276779509428668189395549706460924549201311213682554311884566287526513070221086970102079502518306375668819648104970735106915337010019709466847876528053194557633443693143469018575215590734560071929202513032293161520947781205518646187551763858454262249085426873090518872337808205076611467664005144113650120563379257218770267486854454585126147436133801137991014129585620735980500953292237789609787242677680689694288070265806540141549427425248272673270851742511442169211186806239397763650659713785016570063740146045684814403372018803768586828299504204092612670676494271732825660823422665667015755407871992093170287952447679322498508505274487350537095266210019724168338260398722942678821221266384605130307612355799199609047992269308186644354000969042225592579893762269901486985411697517653636359199534236868365578519096746890795459954150138446238099639797833539371728013496927466441423582664131188350233763731312435101914277375980159757795529728895809548804764692549877271404894932288106673576792091660798398511971913656372758133560837003191809009472223601689775503024582430578161720021508933229289947951511595259836277733952431601137827692197529126561182973150781568467344797475919445092806947612816422387956907653279794332207278481014705867072609201187729551919455299525630673540651154259969262771655412336850878668756118790106762242238026442406715540824484001866402419943213778352561151119218238608420796274132052204785384539578685623309582671940697776050132500352352444073961246619903942998887862871344951524656356502532542454122549958074091887266544706382066998413471296624459557112445152912720154859819780683120778068106282934206669342709294376244231124455373786246433052012473005421451195940712117597005735717260337900288881418127513986265720365088933920320710571787502739206214816871165644759485483413954625500452833379247160519660448104175854908765643982163685708189662582629592131422826092342703197734099395183060086232100114545084942140512321921957467531315039833750032468609187388906001048377610617115885224956900725738467817358952547509357886185287137940887818158120652130435639044365476392756196093020216123449589734330752241895803968783591313349146220406453851500205078678210641271596772505765323679997162690039761705797111441678238448045440921469456359961374730859555571903900102900291920210550392	3,-6,-6,-6,-6,5,5,5,5,5,5,5	-6,-6,-6,-6,-6,5,5,5,5,5,5,5	ok
0.706707	-12.672673	-53.728323	0.418647	continued:5	29797441240847192311964028853190280189674041619720799605070824129924103630349014387363218437041262128836255660367033565228906969921436065807110492954244538641922732381526988524213230765695165516684856964886402475218726787375215748391120225301433133801809602551954799399621703470614032595261603547732880205461166225506383472517669360488304292936684047002677551828409989745109425630864985134416570483495028535097538525962819715706453278578056276781997658621821330623661439735037198469982874980353282521543069959364804122626389538391283710117759012920542190446628568269535485120906902702054290158140837938102629797883544586003735080140767802541056613215533165923427360817084903885101038661329655704061613434516352085161782006860284716509839924228309376088170740553115806220734141302650018634501634025387034749992958051378064427378851361912424198331364128012126763635821448538082680394661199446603105140135145773169572815900859756930566649614155831034729931372411256821392500159004312520315903886099984162552510340255905871686390450491265255143854483798306809277249937137025142121929769772557453409227374336478637679522061486857396500122803858655000540448236492623046012353049209921802961750250545471003760259791273167586752423398365574840490589840760931330933153663610572105052991899747873162820597332774680852019648093026677385832477743712251101283124226177562482960229968454614518181671408087370470861868720907568897833024396451732590163092981012807519902318229831616765836718624963488831949580435432827733217408439155315703650338973929620375600769749724732842969807870459684942153616732313046845318147884929072309723221503996712799412875785999147519357376816579961282604062669750249825172572444216163447755538133547586890608002821637441798289551859374646860029430405929575969783541018151038715945521042296505351881549705208983545650005995556450226526219287833350889107928897775629294137295445083966954947354369701367809741181711034060582258346377255082339329119945131439600192492586044821287829733861636393353251525343628369296076949470544621422953230238635175931219999021241866841930707304744938627927399480896517550239517930239042417209871025231994407184762435284698835482579553729653445821341535871045754184789416716751121423488132521461360324112020011341589493048093074406489826714104334520747729515677949108149941105514753885818073917241727424456226499671742771632701741496389797212130346883283540628426897748818300132164736873146596352748901819821489158569360509729414088008475931687749052557404785341569322442226126323140412155313510366482517405841542855330790104815911450718747935455752362051913500212195816828994223851604079195653824107065758118097941953816466154985760404298465431602575234404767458286607641815310471235812883989885522194794833489452343969413232572653696563746005531427727242037564300368786113671320104727088436009306895252698391278163457395293526582948834511720892944678698718218574616870691815704505697120965021375548670724371040289812001979455531712713106478824890305537913492746695378956143825909716694658107686736097359798555318541870903703368730240036631927149074154950820248437647226427418072245272	29797441240847192311964028853190280189674041619720799605070824129924103630349014387363218437041262128836255660367033565228906969921436065807110492954244538641922732381526988524213230765695165516739994474690365920321938836124680349407621389174422575433515432175857440806646186534711664095048200233844655797841473677453405663250260447801631435344135993128643147796482806147876468549439715749856071249659627599475987323671827369771865221845291756903281146615711384803434295024829277842831418694839941823883831566498004267261730671018929104843904442387870484365857888189536296648098670249137264353498164544236896672831076268761190520600080121584857972539648724104485926725981306583995477145957712627015939516317459995807158397098987563805866798273465357843109707315770267392401784231126954403131562900596901554920941929800667469540731596024416446057782475494050688655549937961178871708310774758509474199344274385665327650397601172390515912454512807551418600510707134665906879279435847487037545889115906146070551888130409417242517356945216602359496984048243451821412619142457943691164845601083632128546483691663273094080913772697520179354680054649028668957946549146753511281249223840930715689293831419123065851313060999449270994502051366517732748996349002023493589746389443904928584896086009937902409399920434894710434724828196433334435922244668719645070963172539209158021792443345390080700323594367010028199659713009657377267993424553187083049959871759642950546564115043686986727275079274165803791130947745943729088287446146315142597144867697576962518223254129784798353692320199609326236331562162357837154161327410893653751353928188357060819386291038315699515945578803684128563951919167284446247510477990182837068591600676868297768334898584288723942699190640202442839893579166409880503015760738302302570046116447827086084073441321714942666101414518479176423105648711687879218471236190176600796681511666896308859614134239928797759208577212886818024885468038317562615951945186145592849252834489464356832462013050785232964555014173501082063224663076950521174225921740748958276354581317930343878198679395987090384577457301079341177020976052799869149695026872065018420674452299414162913612208123507104386870095413979334372531224273972203388865835237407081754294943453773718759280670415300520637383873892721005089937953030673599048711653146917404021429094984047816660420694816602178875201695400988398973088798552656729720495680451227538147687793341332499648646293793248918340258355601353266919741385547418526772611358855388134545651875747391201085716439682993707455952533231589053557758453984382041334780180937073734599497827168057358982562680015870339254797742738058438183613878215805594619563021509599997654121573785807799002641011052331754503722508393689584258769633680928151448058103373573899923437496774304773725973871243296922115804966521388598474926202559813344817358862841982422220954792363056078482951798167083931224959751636028441105470538636650842577296120601910301551518800965249146685017285902480231962932622648940245661626816702173368568652810767598390184996110883189782781162565532855282226271594806936906798303986863032785024	3,-6,5,5,5,5,5,5,5,5,5,5	-6,-6,-6,-6,5,5,5,5,5,5,5,5	ok
0.710711	-12.672673	-54.756530	0.421440	continued:5	29797441240847192311964028853190280189674041619720799605070824129924103630349014387363218437041262128836255660367033565228906969921436065807110492954244538641922732381526988524213230765695165516684856964886402475218726787375215748391120225301433133801809602551954799399621703470614032595261603547732880205461166225506383472517669360488304292936684047002677551828409989745109425630864985134416570483495028535097538525962819715706453278578056276781997658621821330623661439735037198469982874980353282521543069959364804122626389538391283710117759012920542190446628568269535485120906902702054290158140837938102629797883544586003735080140767802541056613215533165923427360817084903885101038661329655704061613434516352085161782006860284716509839924228309376088170740553115806220734141302649848057010058913693667459286835607211129246633087358315863204490737630361736531172516441701350353989780844469604679326961211342427047892996344090028808147916171706518889485060629487737417917569767213496185589810977631686161593663266872708183305924891421716519836703659212884206754774705296603977160595587057551946392243523306131003376817168847344668193734612715320449809071341032253817577093207483930220945124667599152474307313066288132598337858614967222060190098955400369833539728841815639323595546756206693047251103075382837527829820663088922381252193091723767612410835446041002371833244855823858875455973221693803924258499763326053205682414512096667270504543905693204277613951276144204402168422635613346089666241936344317839882762737246424381784741408159245368710128847124504748050748111412582566512288968226047686200056656223738469274645117211165687626936952289037669000654757434079038351293142398199736171963556441793898591330530675978310112208859662005424806452941201246101455847759000898318041488813982619936947815982856413891137784800190154093281327860182560823261685488508113968068217598827964046969516154354481407303374959842476509499577778355900899596593717369964293142336358407120514940264421675188901495517470508637014936345826971313120846137859009700339038636716525826844779923459292374245954523832749500924356354129408568670596238718508977870071654856578927876756216245834992875393656862297735197689426057694023884902631656534110931762040664624767017916948708345634901034660541809265419704169271694571232756957025466934587107723958400440038232482143855547794640145902999489480034377460606980267159991447677902698264473711159734655165925555620846824396641215787246638962324877553423933037106191161197331063198337740604130484094764684062606434746519376474318955350120289640810112024969032551888363269972331440310086779796575756584746757088242276429737506334080502770473311995109432948602171109211262560308685761715761583846004099291649470573340028363701093277106206256170103465659405936162185627205542257991195552165265583844725838798561209278263754750379122648047563305777611962982961738686855945171484425506200474314795819853583685045659287097215354941370427522929505971863440205147343841429218714263931778467082238801381465256074535761947532365854187773260201913670652334919740256570150853429498022919431758708252555660046345015830069	29797441240847192311964028853190280189674041619720799605070824129924103630349014387363218437041262128836255660367033565228906969921436065807110492954244538641922732381526988524213230765695165516739994474690365920321938836124680349407621389174422575433515432175857440806646186534711664095048200233844655797841473677453405663250260447801631435344135993128643147796482806147876468549439715749856071249659627599475987323671827369771865221845291756903281146615711384803434295024829277842831418694839941823883831566498004267261730671018929104843904442387870484365857888189536296648098670249137264353498164544236896672831076268761190520600080121584857972539648724104485926725981306583995477145957712627015939516317459995807158397098987563805866798273465357843109707315770267392401784231126954403131562900596901554920941929800667469540731596024416446057782475494050688655549937961178871708310774758509474199344274385665327650397601172390515912454512807551418600510707134665906879279435847487037545889115906146070551888130409417242517356945216602359496984048243451821412619142457943691164845601083632128546483691663273094080913772697520179354680054649028668957946549146753511281249223840930715689293831419123065851313060999449270994502051366517732748996349002023493589746389443904928584896086009937902409399920434894710434724828196433334435922244668719645070963172539209158021792443345390080700323594367010028199659713009657377267993424553187083049959871759642950546564115043686986727275079274165803791130947745943729088287446146315142597144867697576962518223254129784798353692320199609326236331562162357837154161327410893653751353928188357060819386291038315699515945578803684128563951919167284446247510477990182837068591600676868297768334898584288723942699190640202442839893579166409880503015760738302302570046116447827086084073441321714942666101414518479176423105648711687879218471236190176600796681511666896308859614134239928797759208577212886818024885468038317562615951945186145592849252834489464356832462013050785232964555014173501082063224663076950521174225921740748958276354581317930343878198679395987090384577457301079341177020976052799869149695026872065018420674452299414162913612208123507104386870095413979334372531224273972203388865835237407081754294943453773718759280670415300520637383873892721005089937953030673599048711653146917404021429094984047816660420694816602178875201695400988398973088798552656729720495680451227538147687793341332499648646293793248918340258355601353266919741385547418526772611358855388134545651875747391201085716439682993707455952533231589053557758453984382041334780180937073734599497827168057358982562680015870339254797742738058438183613878215805594619563021509599997654121573785807799002641011052331754503722508393689584258769633680928151448058103373573899923437496774304773725973871243296922115804966521388598474926202559813344817358862841982422220954792363056078482951798167083931224959751636028441105470538636650842577296120601910301551518800965249146685017285902480231962932622648940245661626816702173368568652810767598390184996110883189782781162565532855282226271594806936906798303986863032785024	3,5,5,5,5,5,5,5,5,5,5,5	-6,-6,-6,-6,5,5,5,5,5,5,5,5	ok
0.714715	-12.672673	-55.344953	0.424233	continued:5	29797441240847192311964028853190280189674041619720799605070824129924103630349014387363218437041262128836255660367033565228906969921436065807110492954244538641922732381526988524213230765695165516684856964886402475218726787375215748391120225301433133801809602551954799399621703470614032595261603547732880205461166225506383472517669360488304292936684047002677551828409989745109425630864985134416570483495028535097538525962819715706453278578056276781997658621821330623661439735037198469982874980353282521543069959364804122626389538391283710117759012920542190446628568269535485120906902702054290158140837938102629797883544586003735080140767802541056613215533165923427360817084903885101038661329655704061613434516352085161782006860284716509839924228309376088170740553115806220734141302649848057010058913693667459286835607211129246633087358315863204490737630361736531172516441701350353989780844469604679326961211342427047892996344090028808147916171706518889485060629487737417917569767213496185589810977631686161593663266872708183305924891421716519836703659212884206754774705296603977160595587057551946392243523306131003376817168847344668193734612715320449809071341032253817577093207483930220945124667599152474307313066288132598337858614967222060190098955400369833539728841815639323595546756206693047251103075382837527829820663088922381252193091723767612410835446041002371833244855823858875455973221693803924258499763326053205682414512096667270504543905693204277613951276144204402168422635613346089666241936344317839882762737246424381784741408159245368710128847124504748050503990781578764654952474606245487855709595539854347610025507672219867684075552108204020693002392797889951477922785294312425920409366840810613018774876035748947379126660344457923252911827963127050021684207491337122395166780647517198338054767054442830301426205055903496259126862605237461976535076098361397823326293402766043365501433603630557342200025311413646849469234032797183111462861504199013456412011237770868264340994109716529640416837224889583615851124891019011469211713408349279357454776504261682254599836296540677490414109971322704682648733858505710837948572489470743258918957985499447890480082719124734380717079913908027937921038192208772571802079613448093696186733643290284870878794124360980883995900352900169251996630745408968647196739083264462897694864636367981485763873831510074976212279157827568788748587208370309400277301513089418026501765935875688452475036335026926035984960464181697274556613221792458622338022538497456852545560958161633631393846791355693736324319823254493130493254534323699909944897503934906464549927864564116780764548724526005167288450207785182052845344488503149127553784912040092721239672966494161951435228870510203666458503407381527800202537379296899084196749484248017397623225360741557400356939447786030212738157097386153120302032851798323144081850357605420034876762332505768871767157279014091641205177376396947992882728922995266027851166827789653411295075675561410671580097156184523046122900782989756625456112627833322130591146902407883006284348590074036026446197103992744951409686477908471095192610419082790255192110341133645545	29797441240847192311964028853190280189674041619720799605070824129924103630349014387363218437041262128836255660367033565228906969921436065807110492954244538641922732381526988524213230765695165516739994474690365920321938836124680349407621389174422575433515432175857440806646186534711664095048200233844655797841473677453405663250260447801631435344135993128643147796482806147876468549439715749856071249659627599475987323671827369771865221845291756903281146615711384803434295024829277842831418694839941823883831566498004267261730671018929104843904442387870484365857888189536296648098670249137264353498164544236896672831076268761190520600080121584857972539648724104485926725981306583995477145957712627015939516317459995807158397098987563805866798273465357843109707315770267392401784231126954403131562900596901554920941929800667469540731596024416446057782475494050688655549937961178871708310774758509474199344274385665327650397601172390515912454512807551418600510707134665906879279435847487037545889115906146070551888130409417242517356945216602359496984048243451821412619142457943691164845601083632128546483691663273094080913772697520179354680054649028668957946549146753511281249223840930715689293831419123065851313060999449270994502051366517732748996349002023493589746389443904928584896086009937902409399920434894710434724828196433334435922244668719645070963172539209158021792443345390080700323594367010028199659713009657377267993424553187083049959871759642950546564115043686986727275079274165803791130947745943729088287446146315142597144867697576962518223254129784798353692320199609326236331562162357837154161327410893653751353928188357060819386291038315699515945578803684128563951919167284446247510477990182837068591600676868297768334898584288723942699190640202442839893579166409880503015760738302302570046116447827086084073441321714942666101414518479176423105648711687879218471236190176600796681511666896308859614134239928797759208577212886818024885468038317562615951945186145592849252834489464356832462013050785232964555014173501082063224663076950521174225921740748958276354581317930343878198679395987090384577457301079341177020976052799869149695026872065018420674452299414162913612208123507104386870095413979334372531224273972203388865835237407081754294943453773718759280670415300520637383873892721005089937953030673599048711653146917404021429094984047816660420694816602178875201695400988398973088798552656729720495680451227538147687793341332499648646293793248918340258355601353266919741385547418526772611358855388134545651875747391201085716439682993707455952533231589053557758453984382041334780180937073734599497827168057358982562680015870339254797742738058438183613878215805594619563021509599997654121573785807799002641011052331754503722508393689584258769633680928151448058103373573899923437496774304773725973871243296922115804966521388598474926202559813344817358862841982422220954792363056078482951798167083931224959751636028441105470538636650842577296120601910301551518800965249146685017285902480231962932622648940245661626816702173368568652810767598390184996110883189782781162565532855282226271594806936906798303986863032785024	-3,5,5,5,5,5,5,5,5,5,5,5	-6,-6,-6,-6,5,5,5,5,5,5,5,5	ok
0.718719	-12.672673	-55.696565	0.427027	full	29797441240847192311964028853190280189674041619720799605070824129924103630349014387363218437041262128836255660367033565228906969921436065807110492954244538641922732381526988524213230765695165516684856964886402475218726787375215748391120225301433133801809602551954799399621703470614032595261603547732880205461166225506383472517669360488304292936684047002677551828409989745109425630864985134416570483495028535097538525962819715706453278578056276781997658621821330623661439735037198469982874980353282521543069959364804122626389538391283710117759012920542190446628568269535485120906902702054290158140837938102629797883544586003735080140767802541056613215533165923427360817084903885101038661329655704061613434516352085161782006860284716509839924228309376088170740553115806220734141302649677479518483802000300168580713163044194065887323354719302210650111132711346298709211434864618027584900489492606253513787276911684522970091828423127049646218187582003049038748847718653443334980530114472055275735855279209770676986277839544680221399291578177895818923520118959136259612273568065832391421401557650483557112710133624327231572850837292836264665366775640359169906189441461622801137205046057480139998789727301188354834859408678444252318864359603629790357149869408733925794073059173594199193764540223273904873376084823036011548299500458930026642471196433941697444714519521783436521257033199569240538356017136986648278619083208578340432572460744377916106798578888652909672720671642967618220307737860229752048439860902462357086319177145113230508886698115136650507969516166526294114004402230583122518610644854450940922504742935458657025456787423602263810705792223277239797664179253646386657248754348920274591275922106612789638823045524737687760480517307563168128734231870276349616691444949243834603543596729405594112100811418022398581581665263730601062159069541842874383968484843968697320032877029963851616666243709567174730087379269003117661611297426973817071891389119816536576279713340130739789653660034716967374571191415640988337429733918383496657464600679844209398677918852794611472922709573698129962366116730360660638153399713021191127490014552783897756278350305426481469533202886550233639559709678913540326283345923809677505750158426116167656669751127177814017233792228149322557292124771513598579490766719264217756674593059481529991350443206116041159100334016059479182640738914921361909632331503756276812071605442935519520332538921681219307786462373347010117415826429653510990058493294078173368236888510932712610899493567755381742104770435907974844518165777048822764675355460877255406818643096988868370006148151963658469234401544959937153546733723571643476182523715691110268419368299822266833571566669366915283179066901667636265929715312806456201033529823967248355491004025338670555108420167120259536696003673762454162990731166453991392132721289816434319268112105130494704894656992729779482624722477085443934794613053273704968957779305144146564238789342257387605159841341125899231904752557809867211452287546554338960283446959401778234756736667405653322097218920100025051309125020362462129173340868518526614682821594995721467749528611275156	29797441240847192311964028853190280189674041619720799605070824129924103630349014387363218437041262128836255660367033565228906969921436065807110492954244538641922732381526988524213230765695165516739994474690365920321938836124680349407621389174422575433515432175857440806646186534711664095048200233844655797841473677453405663250260447801631435344135993128643147796482806147876468549439715749856071249659627599475987323671827369771865221845291756903281146615711384803434295024829277842831418694839941823883831566498004267261730671018929104843904442387870484365857888189536296648098670249137264353498164544236896672831076268761190520600080121584857972539648724104485926725981306583995477145957712627015939516317459995807158397098987563805866798273465357843109707315770267392401784231126954403131562900596901554920941929800667469540731596024416446057782475494050688655549937961178871708310774758509474199344274385665327650397601172390515912454512807551418600510707134665906879279435847487037545889115906146070551888130409417242517356945216602359496984048243451821412619142457943691164845601083632128546483691663273094080913772697520179354680054649028668957946549146753511281249223840930715689293831419123065851313060999449270994502051366517732748996349002023493589746389443904928584896086009937902409399920434894710434724828196433334435922244668719645070963172539209158021792443345390080700323594367010028199659713009657377267993424553187083049959871759642950546564115043686986727275079274165803791130947745943729088287446146315142597144867697576962518223254129784798353692320199609326236331562162357837154161327410893653751353928188357060819386291038315699515945578803684128563951919167284446247510477990182837068591600676868297768334898584288723942699190640202442839893579166409880503015760738302302570046116447827086084073441321714942666101414518479176423105648711687879218471236190176600796681511666896308859614134239928797759208577212886818024885468038317562615951945186145592849252834489464356832462013050785232964555014173501082063224663076950521174225921740748958276354581317930343878198679395987090384577457301079341177020976052799869149695026872065018420674452299414162913612208123507104386870095413979334372531224273972203388865835237407081754294943453773718759280670415300520637383873892721005089937953030673599048711653146917404021429094984047816660420694816602178875201695400988398973088798552656729720495680451227538147687793341332499648646293793248918340258355601353266919741385547418526772611358855388134545651875747391201085716439682993707455952533231589053557758453984382041334780180937073734599497827168057358982562680015870339254797742738058438183613878215805594619563021509599997654121573785807799002641011052331754503722508393689584258769633680928151448058103373573899923437496774304773725973871243296922115804966521388598474926202559813344817358862841982422220954792363056078482951798167083931224959751636028441105470538636650842577296120601910301551518800965249146685017285902480231962932622648940245661626816702173368568652810767598390184996110883189782781162565532855282226271594806936906798303986863032785024	-3,-5,5,5,5,5,5,5,5,5,5,5	-6,-6,-6,-6,5,5,5,5,5,5,5,5	ok
0.722723	-12.672673	-43.534069	0.381023	continued:5	29797441240847192311964028853190280189674041619838390446392276751194031604458269653903418290263548217449573880332326641944350935173097308900207179393067094544131401902891546319240090459387826901089110022248778690699121607213038328774193670973188238636618975752621222125926330566842392850871256993172052990814923455272158422713978226730271536067320734115644330175741913972774961665758507016962350160797947996818638020341697636898190346069733674659201957482161095922745256449791778981638316387065760464878588799160570705617744573753188025193072339730266460460851296638770406594841724283948742312558545767434110949625269486215697850202040083182408160477784410327631698564345075667516426292163521174888377570257799507602452083191434296678799522303678926870962965810485584104309857721654132208935862840149503153270096321171601530608377347006204586329162461202372349741279824131689595957244116420648783802931051738921079533173705724175123306398230275732511115929263534508854241895175137924922515164136405614414704510455492303725698717776026569540828846801528877656235945663651379536550094040839767421488603748902094110755409763633737605134212630303413169188279493445033579214564177632297586000354946228521647944405741484860434293952903032723748416168191726618406528699260952335643612439924752485168562943008261346330140961582261704425926188224314418487314337217296992818706656692697384744416069567204857489826530163375589484234107987116517173657037047872221374790043864650761273649712299638008506794426976311819693759440666519538644974466855863182012994523540589541733324484319768997871197425639398217200393744656224775970347567602442674443297266993471981741026676826940360617680128044520963664972917783206480837254074371028460107815872400806519153567667959697133342070232219681833629624437570921363523459645732651562787760654134203787725777482871860254784089581316858701632305970240152677514545752567636471657557296543990009577017807157916251658550163063140523653106845220943914318924010276004735411392350006118520985468833770614340011576738777896581347499503533688943929192679205210457979240382675362597186939785148066207640923713114990395838650605940430535382349997138229168213265211580515222868289019029918596958104069221824311726645261326065363642048075484173934625468251481640590908560701230827280695323290402656415691298288604628259194630166313060998645272759457289262398442447092405717200308439364419094747118707015748231933285198916029254043113096125013032148384323200797388431555698659272401884459701332338709609574220585814584346471645419882046888685742618467660212059885111757401618088390089189566203074623881844303027341182625820435365345854828951258758521011532448133042844659251933641229492874558970877342676179813822047317810877817311446762216626925358682078821175733729379814836496319171172179804577454454762311306604511253579128159933891201461585948532674822110007599005687368594258179593769049184372798579999270665676967652070368516029305396829228681935487411559214115161795236595308495447573252272610179229865068818251467507289724538682284197672246196619810853773226909197319701766801584231345859037880829647559826035	29797441240847192311964028853190280189674041619720799605070824129924103630349014387363218437041262128836255660367033565228906969921436065807110492954244538641922732381526988524213230765695165516739994474690365920321938836124680349407621389174422575433515432175857440806646186534711664095048200233844655797841473677453405663250260447801631435344135993128643147796482806147876468549439715749856071249659627599475987323671827369771865221845291756903281146615711384803434295024829277842831418694839941823883831566498004267261730671018929104843904442387870484365857888189536296648098670249137264353498164544236896672831076268761190520600080121584857972539648724104485926725981306583995477145957712627015939516317459995807158397098987563805866798273465357843109707315770267392401784231126954403131562900596901554920941929800667469540731596024416446057782475494050688655549937961178871708310774758509474199344274385665327650397601172390515912454512807551418600510707134665906879279435847487037545889115906146070551888130409417242517356945216602359496984048243451821412619142457943691164845601083632128546483691663273094080913772697520179354680054649028668957946549146753511281249223840930715689293831419123065851313060999449270994502051366517732748996349002023493589746389443904928584896086009937902409399920434894710434724828196433334435922244668719645070963172539209158021792443345390080700323594367010028199659713009657377267993424553187083049959871759642950546564115043686986727275079274165803791130947745943729088287446146315142597144867697576962518223254129784798353692320199609326236331562162357837154161327410893653751353928188357060819386291038315699515945578803684128563951919167284446247510477990182837068591600676868297768334898584288723942699190640202442839893579166409880503015760738302302570046116447827086084073441321714942666101414518479176423105648711687879218471236190176600796681511666896308859614134239928797759208577212886818024885468038317562615951945186145592849252834489464356832462013050785232964555014173501082063224663076950521174225921740748958276354581317930343878198679395987090384577457301079341177020976052799869149695026872065018420674452299414162913612208123507104386870095413979334372531224273972203388865835237407081754294943453773718759280670415300520637383873892721005089937953030673599048711653146917404021429094984047816660420694816602178875201695400988398973088798552656729720495680451227538147687793341332499648646293793248918340258355601353266919741385547418526772611358855388134545651875747391201085716439682993707455952533231589053557758453984382041334780180937073734599497827168057358982562680015870339254797742738058438183613878215805594619563021509599997654121573785807799002641011052331754503722508393689584258769633680928151448058103373573899923437496774304773725973871243296922115804966521388598474926202559813344817358862841982422220954792363056078482951798167083931224959751636028441105470538636650842577296120601910301551518800965249146685017285902480231962932622648940245661626816702173368568652810767598390184996110883189782781162565532855282226271594806936906798303986863032785024	-3,-6,-6,-6,-6,-6,5,5,5,5,5,5	-6,-6,-6,-6,5,5,5,5,5,5,5,5	ok
0.726727	-12.672673	-49.439842	0.378230	continued:5	29797441240847192311964028853190280189674041619838390446392276751194031604458269653903418290263548217449573880332326641944350935173097308900207179393067094544131401902891546319240090459387826901089110022248778690699121607213038328774193670973188238636618975752621222125926330566842392850871256993172052990814923455272158422713978226730271536067320734115644330175741913972774961665758507016962350160797947996818638020341697636898190346069733674659201957482161095922745256449791778981638316387065760464878588799160570705617744573753188025193072339730266460460851296638770406594841724283948742312558545767434110949625269486215697850202040083182408160477784410327631698564345075667516426292163521174888377570257799507602452083191434296678799522303678926870962965810485584104309857721654132208935862840149503153270096321171601530608377347006204586329162461202372349741279824131689595957244116420648783802931051738921079533173705724175123306398230275732511115929263534508854241895175137924922515164136405614414704510455492303725698717776026569540828846801528877656235945663651379536550094040839767421488603748902094110755409763633737605134212630303413169188279493445033579214564177632297586000354946228521647944405741484860434293952903032723748416168191726618406528699260952335643612439924752485168562943008261346330140961582261704425926188224314418487314337217296992818706656692697384744416069567204857489826530163375589484234107987116517173657037047872221374790043864650761273649712299638008506794426976311819693759440666519538644974466855863182012994523540589541733324972561031005474912098626637821597082438777592545177059875576748376190126175683206705183640249612490899149867018875396271307786759165498416430918939531795011212318922066058960851385000124004961771425176351893743901369310128816713833054045697439159305439590161451289515289204309636787032256228257042932129260927484949137979730722998362845747917509918225690141187768892703258421877180669969423968768776155656303953261472163443063686181723055858178489096569657971271103375141277833917617635125190528616002824793329277277827574392024018552324414631635790693847556239779270218097807541309791839684089062401673955737214709264371603557805839432755947653799994050826630540519581140294537502026895818598991721076311265076941811630949740155796803402814062223478132842388330347063281437894854522824179381544335998163436401481180413967847745309926166741302658398393587512331055038717953224916109561687562226713994902069275049891961013004554519278065031000252689411742621039073015097941896718021357892447183116850426886476040986509776448392873793119089055081253260772187686234456039616711686821339580667248513527423314366297092036236494202339828124020852850987421947248082234060162101257879581571304731080027470917112963179868427254796835025467460762066779689374759415027996783857021008793557835649429133225200936831375366077176404226502770456727823277877003861856487758802929418907011766650102797684656977611039340430597635610410663274615120947052003631514258928465555898996038726466237840216266133268855145471199932277204317822657011090099310419400114945091397261513447582925396	29797441240847192311964028853190280189674041619720799605070824129924103630349014387363218437041262128836255660367033565228906969921436065807110492954244538641922732381526988524213230765695165516739994474690365920321938836124680349407621389174422575433515432175857440806646186534711664095048200233844655797841473677453405663250260447801631435344135993128643147796482806147876468549439715749856071249659627599475987323671827369771865221845291756903281146615711384803434295024829277842831418694839941823883831566498004267261730671018929104843904442387870484365857888189536296648098670249137264353498164544236896672831076268761190520600080121584857972539648724104485926725981306583995477145957712627015939516317459995807158397098987563805866798273465357843109707315770267392401784231126954403131562900596901554920941929800667469540731596024416446057782475494050688655549937961178871708310774758509474199344274385665327650397601172390515912454512807551418600510707134665906879279435847487037545889115906146070551888130409417242517356945216602359496984048243451821412619142457943691164845601083632128546483691663273094080913772697520179354680054649028668957946549146753511281249223840930715689293831419123065851313060999449270994502051366517732748996349002023493589746389443904928584896086009937902409399920434894710434724828196433334435922244668719645070963172539209158021792443345390080700323594367010028199659713009657377267993424553187083049959871759642950546564115043686986727275079274165803791130947745943729088287446146315142597144867697576962518223254129784798353692320199609326236331562162357837154161327410893653751353928188357060819386291038315699515945578803684128563951919167284446247510477990182837068591600676868297768334898584288723942699190640202442839893579166409880503015760738302302570046116447827086084073441321714942666101414518479176423105648711687879218471236190176600796681511666896308859614134239928797759208577212886818024885468038317562615951945186145592849252834489464356832462013050785232964555014173501082063224663076950521174225921740748958276354581317930343878198679395987090384577457301079341177020976052799869149695026872065018420674452299414162913612208123507104386870095413979334372531224273972203388865835237407081754294943453773718759280670415300520637383873892721005089937953030673599048711653146917404021429094984047816660420694816602178875201695400988398973088798552656729720495680451227538147687793341332499648646293793248918340258355601353266919741385547418526772611358855388134545651875747391201085716439682993707455952533231589053557758453984382041334780180937073734599497827168057358982562680015870339254797742738058438183613878215805594619563021509599997654121573785807799002641011052331754503722508393689584258769633680928151448058103373573899923437496774304773725973871243296922115804966521388598474926202559813344817358862841982422220954792363056078482951798167083931224959751636028441105470538636650842577296120601910301551518800965249146685017285902480231962932622648940245661626816702173368568652810767598390184996110883189782781162565532855282226271594806936906798303986863032785024	-4,-6,-6,-6,-6,-6,5,5,5,5,5,5	-6,-6,-6,-6,5,5,5,5,5,5,5,5	ok
0.730731	-12.672673	-52.665279	0.381023	continued:5	29797441240847192311964028853190280189674041619720799605070824129924103630349014387363218437041269379671702255991987079804799208406459594566569431867073202856046034605145785804039600969463916687067747226380923922491222894104993820922680916963522101285847689175302460496849986346102331021429321628513066058476966515597825216826491333292587291982542222577650377274214589137990302734087449011575245290848909222554254695812547715610856551849088835050194079719046057626362150098208139175376597342767181508719554474278778659080532774115025837077781440395069085566275270593757816945481686485193015874439188322179831981093036895623277079340863901340841530659385999147856565374809215690856107223889095514999077328145392637026919656402861829173510689476833346886203495903722973673938428907342665985450153766974630221683572796787810716276779509428668189395549706460924549201311213682554311884566287526513070221086970102079502518306375668819648104970735106915337010019709466847876528053194557633443693143469018575215590734560071929202513032293161520947781205518646187551763858454262249085426873090518872337808205076611467664005144113650120563379257218770267486854454585126147436133801137991014129585620735980500953292237789609787242677680689694288070265806540141549427425248272673270851742511442169211186806239397763650659713785016570063740146045684814403372018803768586828299504204092612670676494271732825660823422665667015755407871992093170287952447679322498508505274487350537095266210019724168338260398722942678821221266384605130307612355799199609047992269308186644354000967577501806557082618250939768172221631435289533054469546519211131903599439578489710458064304224258242753991949077370626105594906836037224054290926572608678922256633712993602996984006523452864385914534256302237911309852295024385228288604440813133818523810898119925050703355963900218951617376650619488146988722126240320579110187302145019161967513651877444585927344385852371591587239479373025236897455593637451259909552184387174282119561203519632898550705037840759703914348593348037908819867883547895371818202043640393039621020414797283530450466713315250569932983955276693719882048390485465533485510588385800687164523518749117193521756140543696837736214803627013723775681198061143445893247905650949500473629326963766107163600668394240903123651228438463367201158148596206161949377092181370296185686953116169180681409176863011561460773364643495997498158348442437275882190669358992018110491685779447950403551737289524400188144456712436403249187563796755054042049539301937259411075522538733691707058564810010534654090759160134597025679885017648083247039488263739988336876140274341217599534325235297286210657654731573750783323097372755158570573080483488140629668257895084652056736727996122993728043210256287889504365916978816342762787474618174908670557430739386534503325046464982165958137308962713991872691611660726293175985295198880150537665532320515716601853326513620014155618044775269164610412057730011889397022653749383237792359033344825171133135794449221133882528280294589598664230128884859792907483347242875645344023258298724106021662059937863156992956219585501182948511	29797441240847192311964028853190280189674041619720799605070824129924103630349014387363218437041262128836255660367033565228906969921436065807110492954244538641922732381526988524213230765695165516739994474690365920321938836124680349407621389174422575433515432175857440806646186534711664095048200233844655797841473677453405663250260447801631435344135993128643147796482806147876468549439715749856071249659627599475987323671827369771865221845291756903281146615711384803434295024829277842831418694839941823883831566498004267261730671018929104843904442387870484365857888189536296648098670249137264353498164544236896672831076268761190520600080121584857972539648724104485926725981306583995477145957712627015939516317459995807158397098987563805866798273465357843109707315770267392401784231126954403131562900596901554920941929800667469540731596024416446057782475494050688655549937961178871708310774758509474199344274385665327650397601172390515912454512807551418600510707134665906879279435847487037545889115906146070551888130409417242517356945216602359496984048243451821412619142457943691164845601083632128546483691663273094080913772697520179354680054649028668957946549146753511281249223840930715689293831419123065851313060999449270994502051366517732748996349002023493589746389443904928584896086009937902409399920434894710434724828196433334435922244668719645070963172539209158021792443345390080700323594367010028199659713009657377267993424553187083049959871759642950546564115043686986727275079274165803791130947745943729088287446146315142597144867697576962518223254129784798353692320199609326236331562162357837154161327410893653751353928188357060819386291038315699515945578803684128563951919167284446247510477990182837068591600676868297768334898584288723942699190640202442839893579166409880503015760738302302570046116447827086084073441321714942666101414518479176423105648711687879218471236190176600796681511666896308859614134239928797759208577212886818024885468038317562615951945186145592849252834489464356832462013050785232964555014173501082063224663076950521174225921740748958276354581317930343878198679395987090384577457301079341177020976052799869149695026872065018420674452299414162913612208123507104386870095413979334372531224273972203388865835237407081754294943453773718759280670415300520637383873892721005089937953030673599048711653146917404021429094984047816660420694816602178875201695400988398973088798552656729720495680451227538147687793341332499648646293793248918340258355601353266919741385547418526772611358855388134545651875747391201085716439682993707455952533231589053557758453984382041334780180937073734599497827168057358982562680015870339254797742738058438183613878215805594619563021509599997654121573785807799002641011052331754503722508393689584258769633680928151448058103373573899923437496774304773725973871243296922115804966521388598474926202559813344817358862841982422220954792363056078482951798167083931224959751636028441105470538636650842577296120601910301551518800965249146685017285902480231962932622648940245661626816702173368568652810767598390184996110883189782781162565532855282226271594806936906798303986863032785024	-3,-6,-6,-6,-6,5,5,5,5,5,5,5	-6,-6,-6,-6,5,5,5,5,5,5,5,5	ok
0.734735	-12.672673	-54.672056	0.383816	continued:5	29797441240847192311964028853190280189674041619720799605070824129924103630349014387363218437041262128836255660367033565228906969921436065807110492954244538641922732381526988524213230765695165516684856964886402475218726787375215748391120225301433133801809602551954799399621703470614032595261603547732880205461166225506383472517669360488304292936684047002677551828409989745109425630864985134416570483495028535097538525962819715706453278578056276781997658621821330623661439735037198469982874980353282521543069959364804122626389538391283710117759012920542190446628568269535485120906902702054290158140837938102629797883544586003735080140767802541056613215533165923427360817084903885101038661329655704061613434516352085161782006860284716509839924228309376088170740553115806220734141302649848057010058913693667459286835607211129246633087358315863204490737630361736531172516441701350353989780844469604679326961211342427047892996344090028808147916171706518889485060629487737417917569767213496185589810977631686161593663266872708183305924891421716519836703659212884206754774705296603977160595587057551946392243523306131003376817168847344668193734612715320449809071341032253817577093207483930220945124667599152474307313066288132598337858614967222060190098955400369833539728841815639323595546756206693047251103075382837527829820663088922381252193091723767612410835446041002371833244855823858875455973221693803924258499763326053205682414512096667270504543905693204277613951276144204402168422635613346089666241936344317839882762737246424381784741408159245368710128847124504748050259870150574962797615980986443289511362534855970225945405898133274047741214151927370372385350028161700864604552428190425115668855177239827327446219221395519584646044461026910421699370714725007998587520655981775926748844747312414459728293551252471769465067609921652899236925865027914100691384663688608827578434987977568039761486712852779707381025090780350784199360689709693466626332005638433733770487664068421221588417566544244157785316203941142152295356422810724902092285567806998219676272836482696519729276213300707109026304387193144485008943338308442751079658426469963616446183059392071019024743919603256593367777297530080858186416018690393660240972502692785255630332802661813551824808879903087060733331258896534918799823989796246704537436452699594338687665770872295924739045603807472355312278655316165657543119713809760351640563155348276137788529820712016721739024517049207027675328705141116755586788348890160984207569853915797582641892784175719136778692928898648781037902120270034667305636388779006589707864825975317924565829883397687923474749300873295425587819812173293934368184354896503527781795574714647236840308236721725763594184696025258823486912907523113585027065046394892704891287292712325931329587044785320929173508336637580864873311048610927580401805504494318382533413321592562792506447747053048554781795627702083011797984848552319581189945604262305486396415236440224365452162628421616849479719989165025204663027087302047734783829986454285179005107758042868233646714509406887870139221741873065749646249222102387444167465789079457327954724174337251461022	29797441240847192311964028853190280189674041619720799605070824129924103630349014387363218437041262128836255660367033565228906969921436065807110492954244538641922732381526988524213230765695165516739994474690365920321938836124680349407621389174422575433515432175857440806646186534711664095048200233844655797841473677453405663250260447801631435344135993128643147796482806147876468549439715749856071249659627599475987323671827369771865221845291756903281146615711384803434295024829277842831418694839941823883831566498004267261730671018929104843904442387870484365857888189536296648098670249137264353498164544236896672831076268761190520600080121584857972539648724104485926725981306583995477145957712627015939516317459995807158397098987563805866798273465357843109707315770267392401784231126954403131562900596901554920941929800667469540731596024416446057782475494050688655549937961178871708310774758509474199344274385665327650397601172390515912454512807551418600510707134665906879279435847487037545889115906146070551888130409417242517356945216602359496984048243451821412619142457943691164845601083632128546483691663273094080913772697520179354680054649028668957946549146753511281249223840930715689293831419123065851313060999449270994502051366517732748996349002023493589746389443904928584896086009937902409399920434894710434724828196433334435922244668719645070963172539209158021792443345390080700323594367010028199659713009657377267993424553187083049959871759642950546564115043686986727275079274165803791130947745943729088287446146315142597144867697576962518223254129784798353692320199609326236331562162357837154161327410893653751353928188357060819386291038315699515945578803684128563951919167284446247510477990182837068591600676868297768334898584288723942699190640202442839893579166409880503015760738302302570046116447827086084073441321714942666101414518479176423105648711687879218471236190176600796681511666896308859614134239928797759208577212886818024885468038317562615951945186145592849252834489464356832462013050785232964555014173501082063224663076950521174225921740748958276354581317930343878198679395987090384577457301079341177020976052799869149695026872065018420674452299414162913612208123507104386870095413979334372531224273972203388865835237407081754294943453773718759280670415300520637383873892721005089937953030673599048711653146917404021429094984047816660420694816602178875201695400988398973088798552656729720495680451227538147687793341332499648646293793248918340258355601353266919741385547418526772611358855388134545651875747391201085716439682993707455952533231589053557758453984382041334780180937073734599497827168057358982562680015870339254797742738058438183613878215805594619563021509599997654121573785807799002641011052331754503722508393689584258769633680928151448058103373573899923437496774304773725973871243296922115804966521388598474926202559813344817358862841982422220954792363056078482951798167083931224959751636028441105470538636650842577296120601910301551518800965249146685017285902480231962932622648940245661626816702173368568652810767598390184996110883189782781162565532855282226271594806936906798303986863032785024	2,5,5,5,5,5,5,5,5,5,5,5	-6,-6,-6,-6,5,5,5,5,5,5,5,5	ok
0.738739	-12.672673	-55.816230	0.386482	continued:5	29797441240847192311964028853190280189674041619720799605070824129924103630349014387363218437041262128836255660367033565228906969921436065807110492954244538641922732381526988524213230765695165516684856964886402475218726787375215748391120225301433133801809602551954799399621703470614032595261603547732880205461166225506383472517669360488304292936684047002677551828409989745109425630864985134416570483495028535097538525962819715706453278578056276781997658621821330623661439735037198469982874980353282521543069959364804122626389538391283710117759012920542190446628568269535485120906902702054290158140837938102629797883544586003735080140767802541056613215533165923427360817084903885101038661329655704061613434516352085161782006860284716509839924228309376088170740553115806220734141302649677479518483802000300168580713163044194065887323354719302210650111132711346298709211434864618027584900489492606253513787276911684522970091828423127049646218187582003049038748847718653443334980530114472055275735855279209770676986277839544680221399291578177895818923520118959136259612273568065832391421401557650483557112710133624327231572850837292836264665366775640359169906189441461622801137205046057480139998789727301188354834859408678444252318864359603629790357149869408733925794073059173594199193764540223273904873376084823036011548299500458930026642471196433941697444714519521783436521257033199569240538356017136986648278619083208578340432572460744377916106798578888652909672720671642967618220307737860229752048439860902462357086319177145113230508886698115136650507969516166526294114004402230583122518610644854450940922504742935458657025456787423602263810705792223277239797664179253646386657248754348920274591275922106612789638823045524737687760480517307563168128734231870276349616691444949243834603543596729405594112100811418022398581581665263730601062159069541842874383968484843968697320032877029963851616666243709567174730087379269003117661611297426973817071891389119816536576279713340130739789653660034716967374571191415640988337429733918383496657464600679844209398677918852794611472922709573698129962366116730360660638153399713021191127490014552783897756278350305426481469533202886550233639559709678913540326283345923809677505750158426116167656669751127177814017233792228149322557292124771513598579490766719264217756674593059481529991350443206116041159100334016059479182640738914921361909632331503756276812071605442935519520332538921681219307786462373347010117415826429653510990058493294078173368236888510932712610899493567755381742104770435907974844518165777048822764675355460877255406818643096988868370006148151963658469234401544959937153546733723571643476182523715691110268419368299822266833571566669366915283179066901667636265929715312806456201033529823967248355491004025338670555108420167120259536696003673762454162990731166453991392132721289816434319268112105130494704894656992729779482624722477085443934794613053273704968957779305144146564238789342257387605159841341125899231904752557809867211452287546554338960283446959401778234756736667405653322097218920100025051309125020362462129173340868518526614682821594995721467749528611275156	29797441240847192311964028853190280189674041619720799605070824129924103630349014387363218437041262128836255660367033565228906969921436065807110492954244538641922732381526988524213230765695165516739994474690365920321938836124680349407621389174422575433515432175857440806646186534711664095048200233844655797841473677453405663250260447801631435344135993128643147796482806147876468549439715749856071249659627599475987323671827369771865221845291756903281146615711384803434295024829277842831418694839941823883831566498004267261730671018929104843904442387870484365857888189536296648098670249137264353498164544236896672831076268761190520600080121584857972539648724104485926725981306583995477145957712627015939516317459995807158397098987563805866798273465357843109707315770267392401784231126954403131562900596901554920941929800667469540731596024416446057782475494050688655549937961178871708310774758509474199344274385665327650397601172390515912454512807551418600510707134665906879279435847487037545889115906146070551888130409417242517356945216602359496984048243451821412619142457943691164845601083632128546483691663273094080913772697520179354680054649028668957946549146753511281249223840930715689293831419123065851313060999449270994502051366517732748996349002023493589746389443904928584896086009937902409399920434894710434724828196433334435922244668719645070963172539209158021792443345390080700323594367010028199659713009657377267993424553187083049959871759642950546564115043686986727275079274165803791130947745943729088287446146315142597144867697576962518223254129784798353692320199609326236331562162357837154161327410893653751353928188357060819386291038315699515945578803684128563951919167284446247510477990182837068591600676868297768334898584288723942699190640202442839893579166409880503015760738302302570046116447827086084073441321714942666101414518479176423105648711687879218471236190176600796681511666896308859614134239928797759208577212886818024885468038317562615951945186145592849252834489464356832462013050785232964555014173501082063224663076950521174225921740748958276354581317930343878198679395987090384577457301079341177020976052799869149695026872065018420674452299414162913612208123507104386870095413979334372531224273972203388865835237407081754294943453773718759280670415300520637383873892721005089937953030673599048711653146917404021429094984047816660420694816602178875201695400988398973088798552656729720495680451227538147687793341332499648646293793248918340258355601353266919741385547418526772611358855388134545651875747391201085716439682993707455952533231589053557758453984382041334780180937073734599497827168057358982562680015870339254797742738058438183613878215805594619563021509599997654121573785807799002641011052331754503722508393689584258769633680928151448058103373573899923437496774304773725973871243296922115804966521388598474926202559813344817358862841982422220954792363056078482951798167083931224959751636028441105470538636650842577296120601910301551518800965249146685017285902480231962932622648940245661626816702173368568652810767598390184996110883189782781162565532855282226271594806936906798303986863032785024	-3,-5,5,5,5,5,5,5,5,5,5,5	-6,-6,-6,-6,5,5,5,5,5,5,5,5	ok
0.742743	-12.672673	-56.546261	0.389275	full	29797441240847192311964028853190280189674041619720799605070824129924103630349014387363218437041262128836255660367033565228906969921436065807110492954244538641922732381526988524213230765695165516684856964886402475218726787375215748391120225301433133801809602551954799399621703470614032595261603547732880205461166225506383472517669360488304292936684047002677551828409989745109425630864985134410193792953865040518523831529536300530641045251591967863934567240392252956558066164333919517605967140666825295678885425885703571255653804736275143929100692220038798706158319647429715853695189408137905886849532235618040048915843699717253768347612786229825919381254819950003230731411699587487497416574604357461782731627985417825863827186922456007553462225308282547856313633328955167419706775789469480611559738007413659668099782369121054590863861144238738959096672747737279409735626906209769372241309584913238418046885958531887025083628995414392263108247031801394472881212143143290264995601672765057255835010141684178851946852334816222471921330954532441368628013762954560274614035782030976878003106108119474895930869390230978001142747859294010451401389041610021396389202458667172133077048283131957393284404046055072840862552476804960590773588035550160518779771015300113988794745430447108388763936036391554818686310698826823745046645932777118000501528571302258842157120161592246825458076945448272280842797248906300044479518696641734693324181489212265813457170004955770760887235939038192760808987404067123321869173971757838442893034607825588593403361554127149250118875505486731855634001943305823171923295372245300906767905982477167484835026022822187204627269204844987211011940941667134654296913687936274112754373468550886875802876188709472754063342347317249479616916610689171767749357040759587517474313148110073762823465285073897351781163537756412982006858748539995767023971429657627260773237391568519076775711612611299091719410115731500777092087881282208874409079023631829030648695642304439931680736629547289296303373559905500016903765382060180806971287201779052374667416668947045336378917748940262993374486608657725013022648380047409566614791596227446710853547812746384953067558936813088339921488111480081760029909108838353394104334980727704481736608735745425822925403058639407586724353478088946036383516800123971725161041493401994328121687156689432273465688499936035225864029998613479440391852446157717911585439014687317481149933982712421555005200538504478442228714114485017224712235470987904693813018614398590525205334240275798617668115715538973278658713310799611581522817942044936466064154271578213743396856420480573507618424727688072070034945453755123364335449819963368874793841169514916334183977460595803715433407985258576268651214250508529678450979605909232382695155944815359032525018640214592385549484456912827848266805935229700876410737421968897885417267990047888479232425565821870678693123081852100375118952194477136347411483399977749265689414588780625733643695247066151133956535312973601818548318974417290995963734535847039610589551060724610440225198437575880349471712735464396384855643523748764143223271408676528453975545766914228228	29797441240847192311964028853190280189674041619720799605070824129924103630349014387363218437041262128836255660367033565228906969921436065807110492954244538641922732381526988524213230765695165516739994474690365920321938836124680349407621389174422575433515432175857440806646186534711664095048200233844655797841473677453405663250260447801631435344135993128643147796482806147876468549439715749856071249659627599475987323671827369771865221845291756903281146615711384803434295024829277842831418694839941823883831566498004267261730671018929104843904442387870484365857888189536296648098670249137264353498164544236896672831076268761190520600080121584857972539648724104485926725981306583995477145957712627015939516317459995807158397098987563805866798273465357843109707315770267392401784231126954403131562900596901554920941929800667469540731596024416446057782475494050688655549937961178871708310774758509474199344274385665327650397601172390515912454512807551418600510707134665906879279435847487037545889115906146070551888130409417242517356945216602359496984048243451821412619142457943691164845601083632128546483691663273094080913772697520179354680054649028668957946549146753511281249223840930715689293831419123065851313060999449270994502051366517732748996349002023493589746389443904928584896086009937902409399920434894710434724828196433334435922244668719645070963172539209158021792443345390080700323594367010028199659713009657377267993424553187083049959871759642950546564115043686986727275079274165803791130947745943729088287446146315142597144867697576962518223254129784798353692320199609326236331562162357837154161327410893653751353928188357060819386291038315699515945578803684128563951919167284446247510477990182837068591600676868297768334898584288723942699190640202442839893579166409880503015760738302302570046116447827086084073441321714942666101414518479176423105648711687879218471236190176600796681511666896308859614134239928797759208577212886818024885468038317562615951945186145592849252834489464356832462013050785232964555014173501082063224663076950521174225921740748958276354581317930343878198679395987090384577457301079341177020976052799869149695026872065018420674452299414162913612208123507104386870095413979334372531224273972203388865835237407081754294943453773718759280670415300520637383873892721005089937953030673599048711653146917404021429094984047816660420694816602178875201695400988398973088798552656729720495680451227538147687793341332499648646293793248918340258355601353266919741385547418526772611358855388134545651875747391201085716439682993707455952533231589053557758453984382041334780180937073734599497827168057358982562680015870339254797742738058438183613878215805594619563021509599997654121573785807799002641011052331754503722508393689584258769633680928151448058103373573899923437496774304773725973871243296922115804966521388598474926202559813344817358862841982422220954792363056078482951798167083931224959751636028441105470538636650842577296120601910301551518800965249146685017285902480231962932622648940245661626816702173368568652810767598390184996110883189782781162565532855282226271594806936906798303986863032785024	-4,-5,-5,5,5,5,5,5,5,5,5,5	-6,-6,-6,-6,5,5,5,5,5,5,5,5	ok
0.746747	-12.672673	-43.553281	0.379130	continued:5	29797441240847192311964028853190280189674041619838390446392276751194031604458269653903418290263548217449573880332326641944350935173097308900207179393067094544131401902891546319240090459387826901089110022248778690699121607213038328774193670973188238636618975752621222125926330566842392850871256993172052990814923455272158422713978226730271536067320734115644330175741913972774961665758507016962350160797947996818638020341697636898190346069733674659201957482161095922745256449791778981638316387065760464878588799160570705617744573753188025193072339730266460460851296638770406594841724283948742312558545767434110949625269486215697850202040083182408160477784410327631698564345075667516426292163521174888377570257799507602452083191434296678799522303678926870962965810485584104309857721654132208935862840149503153270096321171601530608377347006204586329162461202372349741279824131689595957244116420648783802931051738921079533173705724175123306398230275732511115929263534508854241895175137924922515164136405614414704510455492303725698717776026569540828846801528877656235945663651379536550094040839767421488603748902094110755409763633737605134212630303413169188279493445033579214564177632297586000354946228521647944405741484860434293952903032723748416168191726618406528699260952335643612439924752485168562943008261346330140961582261704425926188224314418487314337217296992818706656692697384744416069567204857489826530163375589484234107987116517173657037047872221374790043864650761273649712299638008506794426976311819693759440666519538644974466855863182012994523540589541733324484319768997871197425639398217200393744656224775970347567602442674443297266993471981741026676826940360617680128044520963664972917783206480837254074371028460107815872400806519153567667959697133342070232219681833629624437570921363523459645732651562787760654134203787725777482871860254784089581316858701632305970240152677514545752567636471657557296543990009577017807157916251658550163063140523653106845220943914318924010276004735411392350006118520985468833770614340011576738777896581347499503533688943929192679205210457979240382675362597186939785148066207640923713114990395838650605940430535382349997138229168213265211580515222868289019029918596958104069221824311726645261326065363642048075484173934625468251481640590908560701230827280695323290402656415691298288604628259194630166313060998645272759457289262398442447092405717200308439364419094747118707015748231933285198916029254043113096125013032148384323200797388431555698659272401884459701332338709609574220585814584346471645419882046888685742618467660212059885111757401618088390089189566203074623881844303027341182625820435365345854828951258758521011532448133042844659251933641229492874558970877342676179813822047317810877817311446762216626925358682078821175733729379814836496319171172179804577454454762311306604511253579128159933891201461585948532674822110007599005687368594258179593769049184372798579999270665676967652070368516029305396829228681935487411559214115161795236595308495447573252272610179229865068818251467507289724538682284197672246196619810853773226909197319701766801584231345859037880829647559826035	29797441240847192311964028853190280189674041619720799605070824129924103630349014387363218437041262128836255660367033565228906969921436065807110492954244538641922732381526988524213230765695165516739994474690365920321938836124680349407621389174422575433515432175857440806646186534711664095048200233844655797841473677453405663250260447801631435344135993128643147796482806147876468549439715749856071249659627599475987323671827369771865221845291756903281146615711384803434295024829277842831418694839941823883831566498004267261730671018929104843904442387870484365857888189536296648098670249137264353498164544236896672831076268761190520600080121584857972539648724104485926725981306583995477145957712627015939516317459995807158397098987563805866798273465357843109707315770267392401784231126954403131562900596901554920941929800667469540731596024416446057782475494050688655549937961178871708310774758509474199344274385665327650397601172390515912454512807551418600510707134665906879279435847487037545889115906146070551888130409417242517356945216602359496984048243451821412619142457943691164845601083632128546483691663273094080913772697520179354680054649028668957946549146753511281249223840930715689293831419123065851313060999449270994502051366517732748996349002023493589746389443904928584896086009937902409399920434894710434724828196433334435922244668719645070963172539209158021792443345390080700323594367010028199659713009657377267993424553187083049959871759642950546564115043686986727275079274165803791130947745943729088287446146315142597144867697576962518223254129784798353692320199609326236331562162357837154161327410893653751353928188357060819386291038315699515945578803684128563951919167284446247510477990182837068591600676868297768334898584288723942699190640202442839893579166409880503015760738302302570046116447827086084073441321714942666101414518479176423105648711687879218471236190176600796681511666896308859614134239928797759208577212886818024885468038317562615951945186145592849252834489464356832462013050785232964555014173501082063224663076950521174225921740748958276354581317930343878198679395987090384577457301079341177020976052799869149695026872065018420674452299414162913612208123507104386870095413979334372531224273972203388865835237407081754294943453773718759280670415300520637383873892721005089937953030673599048711653146917404021429094984047816660420694816602178875201695400988398973088798552656729720495680451227538147687793341332499648646293793248918340258355601353266919741385547418526772611358855388134545651875747391201085716439682993707455952533231589053557758453984382041334780180937073734599497827168057358982562680015870339254797742738058438183613878215805594619563021509599997654121573785807799002641011052331754503722508393689584258769633680928151448058103373573899923437496774304773725973871243296922115804966521388598474926202559813344817358862841982422220954792363056078482951798167083931224959751636028441105470538636650842577296120601910301551518800965249146685017285902480231962932622648940245661626816702173368568652810767598390184996110883189782781162565532855282226271594806936906798303986863032785024	-3,-6,-6,-6,-6,-6,5,5,5,5,5,5	-6,-6,-6,-6,5,5,5,5,5,5,5,5	ok
0.750751	-12.672673	-49.464268	0.376337	continued:5	29797441240847192311964028853190280189674041619838390446392276751194031604458269653903418290263548217449573880332326641944350935173097308900207179393067094544131401902891546319240090459387826901089110022248778690699121607213038328774193670973188238636618975752621222125926330566842392850871256993172052990814923455272158422713978226730271536067320734115644330175741913972774961665758507016962350160797947996818638020341697636898190346069733674659201957482161095922745256449791778981638316387065760464878588799160570705617744573753188025193072339730266460460851296638770406594841724283948742312558545767434110949625269486215697850202040083182408160477784410327631698564345075667516426292163521174888377570257799507602452083191434296678799522303678926870962965810485584104309857721654132208935862840149503153270096321171601530608377347006204586329162461202372349741279824131689595957244116420648783802931051738921079533173705724175123306398230275732511115929263534508854241895175137924922515164136405614414704510455492303725698717776026569540828846801528877656235945663651379536550094040839767421488603748902094110755409763633737605134212630303413169188279493445033579214564177632297586000354946228521647944405741484860434293952903032723748416168191726618406528699260952335643612439924752485168562943008261346330140961582261704425926188224314418487314337217296992818706656692697384744416069567204857489826530163375589484234107987116517173657037047872221374790043864650761273649712299638008506794426976311819693759440666519538644974466855863182012994523540589541733324972561031005474912098626637821597082438777592545177059875576748376190126175683206705183640249612490899149867018875396271307786759165498416430918939531795011212318922066058960851385000124004961771425176351893743901369310128816713833054045697439159305439590161451289515289204309636787032256228257042932129260927484949137979730722998362845747917509918225690141187768892703258421877180669969423968768776155656303953261472163443063686181723055858178489096569657971271103375141277833917617635125190528616002824793329277277827574392024018552324414631635790693847556239779270218097807541309791839684089062401673955737214709264371603557805839432755947653799994050826630540519581140294537502026895818598991721076311265076941811630949740155796803402814062223478132842388330347063281437894854522824179381544335998163436401481180413967847745309926166741302658398393587512331055038717953224916109561687562226713994902069275049891961013004554519278065031000252689411742621039073015097941896718021357892447183116850426886476040986509776448392873793119089055081253260772187686234456039616711686821339580667248513527423314366297092036236494202339828124020852850987421947248082234060162101257879581571304731080027470917112963179868427254796835025467460762066779689374759415027996783857021008793557835649429133225200936831375366077176404226502770456727823277877003861856487758802929418907011766650102797684656977611039340430597635610410663274615120947052003631514258928465555898996038726466237840216266133268855145471199932277204317822657011090099310419400114945091397261513447582925396	29797441240847192311964028853190280189674041619720799605070824129924103630349014387363218437041262128836255660367033565228906969921436065807110492954244538641922732381526988524213230765695165516739994474690365920321938836124680349407621389174422575433515432175857440806646186534711664095048200233844655797841473677453405663250260447801631435344135993128643147796482806147876468549439715749856071249659627599475987323671827369771865221845291756903281146615711384803434295024829277842831418694839941823883831566498004267261730671018929104843904442387870484365857888189536296648098670249137264353498164544236896672831076268761190520600080121584857972539648724104485926725981306583995477145957712627015939516317459995807158397098987563805866798273465357843109707315770267392401784231126954403131562900596901554920941929800667469540731596024416446057782475494050688655549937961178871708310774758509474199344274385665327650397601172390515912454512807551418600510707134665906879279435847487037545889115906146070551888130409417242517356945216602359496984048243451821412619142457943691164845601083632128546483691663273094080913772697520179354680054649028668957946549146753511281249223840930715689293831419123065851313060999449270994502051366517732748996349002023493589746389443904928584896086009937902409399920434894710434724828196433334435922244668719645070963172539209158021792443345390080700323594367010028199659713009657377267993424553187083049959871759642950546564115043686986727275079274165803791130947745943729088287446146315142597144867697576962518223254129784798353692320199609326236331562162357837154161327410893653751353928188357060819386291038315699515945578803684128563951919167284446247510477990182837068591600676868297768334898584288723942699190640202442839893579166409880503015760738302302570046116447827086084073441321714942666101414518479176423105648711687879218471236190176600796681511666896308859614134239928797759208577212886818024885468038317562615951945186145592849252834489464356832462013050785232964555014173501082063224663076950521174225921740748958276354581317930343878198679395987090384577457301079341177020976052799869149695026872065018420674452299414162913612208123507104386870095413979334372531224273972203388865835237407081754294943453773718759280670415300520637383873892721005089937953030673599048711653146917404021429094984047816660420694816602178875201695400988398973088798552656729720495680451227538147687793341332499648646293793248918340258355601353266919741385547418526772611358855388134545651875747391201085716439682993707455952533231589053557758453984382041334780180937073734599497827168057358982562680015870339254797742738058438183613878215805594619563021509599997654121573785807799002641011052331754503722508393689584258769633680928151448058103373573899923437496774304773725973871243296922115804966521388598474926202559813344817358862841982422220954792363056078482951798167083931224959751636028441105470538636650842577296120601910301551518800965249146685017285902480231962932622648940245661626816702173368568652810767598390184996110883189782781162565532855282226271594806936906798303986863032785024	-4,-6,-6,-6,-6,-6,5,5,5,5,5,5	-6,-6,-6,-6,5,5,5,5,5,5,5,5	ok
0.754755	-12.672673	-52.690644	0.379130	continued:5	29797441240847192311964028853190280189674041619720799605070824129924103630349014387363218437041262128836255660367033565228906969921436065807110492954244538641922732381526988524213230765695165516739994474690365920321938836124680349407621389174422575433515432175857440806646186534711664095048200233844655797841473677453405663250260447801631435344135993128643147796482806147876468549439715749856071249659627599475987323671827369771865221845291756903281146615711384803434295024829277842831418694839941823883831566498004267261730671018929104843904442387870484365857888189536296648098670249137264353498164544236896672831076268761190520600080121584857972539648724104485926725981306583995477145957712627015939516317459995807158397098987563805866798273465357843109707315770267392401784231126954403131562900596901554920941929800667469540731596024416446057782475494050688655549937961178871708310774758509474199344274385665327650397601172390515912454512807551418600510707134665906879279435847487037545889115906146070551888130409417242517356945216602359496984048243451821412619142457943691164845601083632128546483691663273094080913772697520179354680054649028668957946549146753511281249223840930715689293831419123065851313060999449270994502051366517732748996349002023493589746389443904928584896086009937902409399920434894710434724828196433334435922244668719645070963172539209158021792443345390080700323594367010028199659713009657377267993424553187083049959871759642950546564115043686986727275079274165803791130947745943729088287446146315142597144867697576962518223254129784798352227596413586515092312600443544647088078963307588923763636270954682141162217889953313809670031390986549607323729776543960584738185340384283123633257672835492121369841702679003714621452511211488132879741846931541965183383174837080362231598519353499614715385644344696173540416779531065434514717344159270458185322190319002918880258798254585345793021680011380250162900736886694238160674778981671586382208590845498820890423879819056887601109365751288169363031295963144711437811826340557432543810457055113118374314559725013652447420706746641436778696524352787229829152569711848155287193266851071686745685042687177962542028756361060869980631274911665606915825007767093996814283157425089768909349591853180534020417877983831190934567547174451197027036328545009959409946568673189931891319140937683057466613144960188029307056843699539503135152185374427537954913055660224161914893302003539102496278970623526635768611491194218105289433947847410751650163321463340207577290361653284295849315999533959606886633457085563974953571689595287416222208201363712344572181242588061645200339451253286932525102910907083689274126797791574829676094911935693125515417479693245700545586849632114793883489894020589182643866659862269879522861085274501240188470144503049261976403001533674881602511292873745561199354906195581127298495235690714135319826928323334069849570106748106926807217065592924536332009850126335061121352445624550266729775884694105739726308839115329994490671173218127425760715447686495957442938227080980437674949283143843006920551744113229740734747747362441070220744173404608273321	29797441240847192311964028853190280189674041619720799605070824129924103630349014387363218437041262128836255660367033565228906969921436065807110492954244538641922732381526988524213230765695165516739994474690365920321938836124680349407621389174422575433515432175857440806646186534711664095048200233844655797841473677453405663250260447801631435344135993128643147796482806147876468549439715749856071249659627599475987323671827369771865221845291756903281146615711384803434295024829277842831418694839941823883831566498004267261730671018929104843904442387870484365857888189536296648098670249137264353498164544236896672831076268761190520600080121584857972539648724104485926725981306583995477145957712627015939516317459995807158397098987563805866798273465357843109707315770267392401784231126954403131562900596901554920941929800667469540731596024416446057782475494050688655549937961178871708310774758509474199344274385665327650397601172390515912454512807551418600510707134665906879279435847487037545889115906146070551888130409417242517356945216602359496984048243451821412619142457943691164845601083632128546483691663273094080913772697520179354680054649028668957946549146753511281249223840930715689293831419123065851313060999449270994502051366517732748996349002023493589746389443904928584896086009937902409399920434894710434724828196433334435922244668719645070963172539209158021792443345390080700323594367010028199659713009657377267993424553187083049959871759642950546564115043686986727275079274165803791130947745943729088287446146315142597144867697576962518223254129784798353692320199609326236331562162357837154161327410893653751353928188357060819386291038315699515945578803684128563951919167284446247510477990182837068591600676868297768334898584288723942699190640202442839893579166409880503015760738302302570046116447827086084073441321714942666101414518479176423105648711687879218471236190176600796681511666896308859614134239928797759208577212886818024885468038317562615951945186145592849252834489464356832462013050785232964555014173501082063224663076950521174225921740748958276354581317930343878198679395987090384577457301079341177020976052799869149695026872065018420674452299414162913612208123507104386870095413979334372531224273972203388865835237407081754294943453773718759280670415300520637383873892721005089937953030673599048711653146917404021429094984047816660420694816602178875201695400988398973088798552656729720495680451227538147687793341332499648646293793248918340258355601353266919741385547418526772611358855388134545651875747391201085716439682993707455952533231589053557758453984382041334780180937073734599497827168057358982562680015870339254797742738058438183613878215805594619563021509599997654121573785807799002641011052331754503722508393689584258769633680928151448058103373573899923437496774304773725973871243296922115804966521388598474926202559813344817358862841982422220954792363056078482951798167083931224959751636028441105470538636650842577296120601910301551518800965249146685017285902480231962932622648940245661626816702173368568652810767598390184996110883189782781162565532855282226271594806936906798303986863032785024	-3,-6,-6,-6,5,5,5,5,5,5,5,5	-6,-6,-6,-6,5,5,5,5,5,5,5,5	ok
0.758759	-12.672673	-54.694340	0.381924	continued:5	29797441240847192311964028853190280189674041619720799605070824129924103630349014387363218437041262128836255660367033565228906969921436065807110492954244538641922732381526988524213230765695165516684856964886402475218726787375215748391120225301433133801809602551954799399621703470614032595261603547732880205461166225506383472517669360488304292936684047002677551828409989745109425630864985134416570483495028535097538525962819715706453278578056276781997658621821330623661439735037198469982874980353282521543069959364804122626389538391283710117759012920542190446628568269535485120906902702054290158140837938102629797883544586003735080140767802541056613215533165923427360817084903885101038661329655704061613434516352085161782006860284716509839924228309376088170740553115806220734141302649848057010058913693667459286835607211129246633087358315863204490737630361736531172516441701350353989780844469604679326961211342427047892996344090028808147916171706518889485060629487737417917569767213496185589810977631686161593663266872708183305924891421716519836703659212884206754774705296603977160595587057551946392243523306131003376817168847344668193734612715320449809071341032253817577093207483930220945124667599152474307313066288132598337858614967222060190098955400369833539728841815639323595546756206693047251103075382837527829820663088922381252193091723767612410835446041002371833244855823858875455973221693803924258499763326053205682414512096667270504543905693204277613951276144204402168422635613346089666241936344317839882762737246424381784741408159245368710128847124504748050259870150574962797615980986443289511362534855970225945405898133274047741214151927370372385350028161700864604552428190425115668855177239827327446219221395519584646044461026910421699370714725007998587520655981775926748844747312414459728293551252471769465067609921652899236925865027914100691384663688608827578434987977568039761486712852779707381025090780350784199360689709693466626332005638433733770487664068421221588417566544244157785316203941142152295356422810724902092285567806998219676272836482696519729276213300707109026304387193144485008943338308442751079658426469963616446183059392071019024743919603256593367777297530080858186416018690393660240972502692785255630332802661813551824808879903087060733331258896534918799823989796246704537436452699594338687665770872295924739045603807472355312278655316165657543119713809760351640563155348276137788529820712016721739024517049207027675328705141116755586788348890160984207569853915797582641892784175719136778692928898648781037902120270034667305636388779006589707864825975317924565829883397687923474749300873295425587819812173293934368184354896503527781795574714647236840308236721725763594184696025258823486912907523113585027065046394892704891287292712325931329587044785320929173508336637580864873311048610927580401805504494318382533413321592562792506447747053048554781795627702083011797984848552319581189945604262305486396415236440224365452162628421616849479719989165025204663027087302047734783829986454285179005107758042868233646714509406887870139221741873065749646249222102387444167465789079457327954724174337251461022	29797441240847192311964028853190280189674041619720799605070824129924103630349014387363218437041262128836255660367033565228906969921436065807110492954244538641922732381526988524213230765695165516739994474690365920321938836124680349407621389174422575433515432175857440806646186534711664095048200233844655797841473677453405663250260447801631435344135993128643147796482806147876468549439715749856071249659627599475987323671827369771865221845291756903281146615711384803434295024829277842831418694839941823883831566498004267261730671018929104843904442387870484365857888189536296648098670249137264353498164544236896672831076268761190520600080121584857972539648724104485926725981306583995477145957712627015939516317459995807158397098987563805866798273465357843109707315770267392401784231126954403131562900596901554920941929800667469540731596024416446057782475494050688655549937961178871708310774758509474199344274385665327650397601172390515912454512807551418600510707134665906879279435847487037545889115906146070551888130409417242517356945216602359496984048243451821412619142457943691164845601083632128546483691663273094080913772697520179354680054649028668957946549146753511281249223840930715689293831419123065851313060999449270994502051366517732748996349002023493589746389443904928584896086009937902409399920434894710434724828196433334435922244668719645070963172539209158021792443345390080700323594367010028199659713009657377267993424553187083049959871759642950546564115043686986727275079274165803791130947745943729088287446146315142597144867697576962518223254129784798353692320199609326236331562162357837154161327410893653751353928188357060819386291038315699515945578803684128563951919167284446247510477990182837068591600676868297768334898584288723942699190640202442839893579166409880503015760738302302570046116447827086084073441321714942666101414518479176423105648711687879218471236190176600796681511666896308859614134239928797759208577212886818024885468038317562615951945186145592849252834489464356832462013050785232964555014173501082063224663076950521174225921740748958276354581317930343878198679395987090384577457301079341177020976052799869149695026872065018420674452299414162913612208123507104386870095413979334372531224273972203388865835237407081754294943453773718759280670415300520637383873892721005089937953030673599048711653146917404021429094984047816660420694816602178875201695400988398973088798552656729720495680451227538147687793341332499648646293793248918340258355601353266919741385547418526772611358855388134545651875747391201085716439682993707455952533231589053557758453984382041334780180937073734599497827168057358982562680015870339254797742738058438183613878215805594619563021509599997654121573785807799002641011052331754503722508393689584258769633680928151448058103373573899923437496774304773725973871243296922115804966521388598474926202559813344817358862841982422220954792363056078482951798167083931224959751636028441105470538636650842577296120601910301551518800965249146685017285902480231962932622648940245661626816702173368568652810767598390184996110883189782781162565532855282226271594806936906798303986863032785024	2,5,5,5,5,5,5,5,5,5,5,5	-6,-6,-6,-6,5,5,5,5,5,5,5,5	ok
0.762763	-12.672673	-55.835639	0.384717	continued:5	29797441240847192311964028853190280189674041619720799605070824129924103630349014387363218437041262128836255660367033565228906969921436065807110492954244538641922732381526988524213230765695165516684856964886402475218726787375215748391120225301433133801809602551954799399621703470614032595261603547732880205461166225506383472517669360488304292936684047002677551828409989745109425630864985134416570483495028535097538525962819715706453278578056276781997658621821330623661439735037198469982874980353282521543069959364804122626389538391283710117759012920542190446628568269535485120906902702054290158140837938102629797883544586003735080140767802541056613215533165923427360817084903885101038661329655704061613434516352085161782006860284716509839924228309376088170740553115806220734141302649677479518483802000300168580713163044194065887323354719302210650111132711346298709211434864618027584900489492606253513787276911684522970091828423127049646218187582003049038748847718653443334980530114472055275735855279209770676986277839544680221399291578177895818923520118959136259612273568065832391421401557650483557112710133624327231572850837292836264665366775640359169906189441461622801137205046057480139998789727301188354834859408678444252318864359603629790357149869408733925794073059173594199193764540223273904873376084823036011548299500458930026642471196433941697444714519521783436521257033199569240538356017136986648278619083208578340432572460744377916106798578888652909672720671642967618220307737860229752048439860902462357086319177145113230508886698115136650507969516166526294114004402230583122518610644854450940922504742935458657025456787423602263810705792223277239797664179253646386657248754348920274591275922106612789638823045524737687760480517307563168128734231870276349616691444949243834603543596729405594112100811418022398581581665263730601062159069541842874383968484843968697320032877029963851616666243709567174730087379269003117661611297426973817071891389119816536576279713340130739789653660034716967374571191415640988337429733918383496657464600679844209398677918852794611472922709573698129962366116730360660638153399713021191127490014552783897756278350305426481469533202886550233639559709678913540326283345923809677505750158426116167656669751127177814017233792228149322557292124771513598579490766719264217756674593059481529991350443206116041159100334016059479182640738914921361909632331503756276812071605442935519520332538921681219307786462373347010117415826429653510990058493294078173368236888510932712610899493567755381742104770435907974844518165777048822764675355460877255406818643096988868370006148151963658469234401544959937153546733723571643476182523715691110268419368299822266833571566669366915283179066901667636265929715312806456201033529823967248355491004025338670555108420167120259536696003673762454162990731166453991392132721289816434319268112105130494704894656992729779482624722477085443934794613053273704968957779305144146564238789342257387605159841341125899231904752557809867211452287546554338960283446959401778234756736667405653322097218920100025051309125020362462129173340868518526614682821594995721467749528611275156	29797441240847192311964028853190280189674041619720799605070824129924103630349014387363218437041262128836255660367033565228906969921436065807110492954244538641922732381526988524213230765695165516739994474690365920321938836124680349407621389174422575433515432175857440806646186534711664095048200233844655797841473677453405663250260447801631435344135993128643147796482806147876468549439715749856071249659627599475987323671827369771865221845291756903281146615711384803434295024829277842831418694839941823883831566498004267261730671018929104843904442387870484365857888189536296648098670249137264353498164544236896672831076268761190520600080121584857972539648724104485926725981306583995477145957712627015939516317459995807158397098987563805866798273465357843109707315770267392401784231126954403131562900596901554920941929800667469540731596024416446057782475494050688655549937961178871708310774758509474199344274385665327650397601172390515912454512807551418600510707134665906879279435847487037545889115906146070551888130409417242517356945216602359496984048243451821412619142457943691164845601083632128546483691663273094080913772697520179354680054649028668957946549146753511281249223840930715689293831419123065851313060999449270994502051366517732748996349002023493589746389443904928584896086009937902409399920434894710434724828196433334435922244668719645070963172539209158021792443345390080700323594367010028199659713009657377267993424553187083049959871759642950546564115043686986727275079274165803791130947745943729088287446146315142597144867697576962518223254129784798353692320199609326236331562162357837154161327410893653751353928188357060819386291038315699515945578803684128563951919167284446247510477990182837068591600676868297768334898584288723942699190640202442839893579166409880503015760738302302570046116447827086084073441321714942666101414518479176423105648711687879218471236190176600796681511666896308859614134239928797759208577212886818024885468038317562615951945186145592849252834489464356832462013050785232964555014173501082063224663076950521174225921740748958276354581317930343878198679395987090384577457301079341177020976052799869149695026872065018420674452299414162913612208123507104386870095413979334372531224273972203388865835237407081754294943453773718759280670415300520637383873892721005089937953030673599048711653146917404021429094984047816660420694816602178875201695400988398973088798552656729720495680451227538147687793341332499648646293793248918340258355601353266919741385547418526772611358855388134545651875747391201085716439682993707455952533231589053557758453984382041334780180937073734599497827168057358982562680015870339254797742738058438183613878215805594619563021509599997654121573785807799002641011052331754503722508393689584258769633680928151448058103373573899923437496774304773725973871243296922115804966521388598474926202559813344817358862841982422220954792363056078482951798167083931224959751636028441105470538636650842577296120601910301551518800965249146685017285902480231962932622648940245661626816702173368568652810767598390184996110883189782781162565532855282226271594806936906798303986863032785024	-3,-5,5,5,5,5,5,5,5,5,5,5	-6,-6,-6,-6,5,5,5,5,5,5,5,5	ok
0.766767	-12.672673	-56.563160	0.387510	full	29797441240847192311964028853190280189674041619720799605070824129924103630349014387363218437041262128836255660367033565228906969921436065807110492954244538641922732381526988524213230765695165516684856964886402475218726787375215748391120225301433133801809602551954799399621703470614032595261603547732880205461166225506383472517669360488304292936684047002677551828409989745109425630864985134410193792953865040518523831529536300530641045251591967863934567240392252956558066164333919517605967140666825295678885425885703571255653804736275143929100692220038798706158319647429715853695189408137905886849532235618040048915843699717253768347612786229825919381254819950003230731411699587487497416574604357461782731627985417825863827186922456007553462225308282547856313633328955167419706775789469480611559738007413659668099782369121054590863861144238738959096672747737279409735626906209769372241309584913238418046885958531887025083628995414392263108247031801394472881212143143290264995601672765057255835010141684178851946852334816222471921330954532441368628013762954560274614035782030976878003106108119474895930869390230978001142747859294010451401389041610021396389202458667172133077048283131957393284404046055072840862552476804960590773588035550160518779771015300113988794745430447108388763936036391554818686310698826823745046645932777118000501528571302258842157120161592246825458076945448272280842797248906300044479518696641734693324181489212265813457170004955770760887235939038192760808987404067123321869173971757838442893034607825588593403361554127149250118875505486731855634001943305823171923295372245300906767905982477167484835026022822187204627269204844987211011940941667134654296913687936274112754373468550886875802876188709472754063342347317249479616916610689171767749357040759587517474313148110073762823465285073897351781163537756412982006858748539995767023971429657627260773237391568519076775711612611299091719410115731500777092087881282208874409079023631829030648695642304439931680736629547289296303373559905500016903765382060180806971287201779052374667416668947045336378917748940262993374486608657725013022648380047409566614791596227446710853547812746384953067558936813088339921488111480081760029909108838353394104334980727704481736608735745425822925403058639407586724353478088946036383516800123971725161041493401994328121687156689432273465688499936035225864029998613479440391852446157717911585439014687317481149933982712421555005200538504478442228714114485017224712235470987904693813018614398590525205334240275798617668115715538973278658713310799611581522817942044936466064154271578213743396856420480573507618424727688072070034945453755123364335449819963368874793841169514916334183977460595803715433407985258576268651214250508529678450979605909232382695155944815359032525018640214592385549484456912827848266805935229700876410737421968897885417267990047888479232425565821870678693123081852100375118952194477136347411483399977749265689414588780625733643695247066151133956535312973601818548318974417290995963734535847039610589551060724610440225198437575880349471712735464396384855643523748764143223271408676528453975545766914228228	29797441240847192311964028853190280189674041619720799605070824129924103630349014387363218437041262128836255660367033565228906969921436065807110492954244538641922732381526988524213230765695165516739994474690365920321938836124680349407621389174422575433515432175857440806646186534711664095048200233844655797841473677453405663250260447801631435344135993128643147796482806147876468549439715749856071249659627599475987323671827369771865221845291756903281146615711384803434295024829277842831418694839941823883831566498004267261730671018929104843904442387870484365857888189536296648098670249137264353498164544236896672831076268761190520600080121584857972539648724104485926725981306583995477145957712627015939516317459995807158397098987563805866798273465357843109707315770267392401784231126954403131562900596901554920941929800667469540731596024416446057782475494050688655549937961178871708310774758509474199344274385665327650397601172390515912454512807551418600510707134665906879279435847487037545889115906146070551888130409417242517356945216602359496984048243451821412619142457943691164845601083632128546483691663273094080913772697520179354680054649028668957946549146753511281249223840930715689293831419123065851313060999449270994502051366517732748996349002023493589746389443904928584896086009937902409399920434894710434724828196433334435922244668719645070963172539209158021792443345390080700323594367010028199659713009657377267993424553187083049959871759642950546564115043686986727275079274165803791130947745943729088287446146315142597144867697576962518223254129784798353692320199609326236331562162357837154161327410893653751353928188357060819386291038315699515945578803684128563951919167284446247510477990182837068591600676868297768334898584288723942699190640202442839893579166409880503015760738302302570046116447827086084073441321714942666101414518479176423105648711687879218471236190176600796681511666896308859614134239928797759208577212886818024885468038317562615951945186145592849252834489464356832462013050785232964555014173501082063224663076950521174225921740748958276354581317930343878198679395987090384577457301079341177020976052799869149695026872065018420674452299414162913612208123507104386870095413979334372531224273972203388865835237407081754294943453773718759280670415300520637383873892721005089937953030673599048711653146917404021429094984047816660420694816602178875201695400988398973088798552656729720495680451227538147687793341332499648646293793248918340258355601353266919741385547418526772611358855388134545651875747391201085716439682993707455952533231589053557758453984382041334780180937073734599497827168057358982562680015870339254797742738058438183613878215805594619563021509599997654121573785807799002641011052331754503722508393689584258769633680928151448058103373573899923437496774304773725973871243296922115804966521388598474926202559813344817358862841982422220954792363056078482951798167083931224959751636028441105470538636650842577296120601910301551518800965249146685017285902480231962932622648940245661626816702173368568652810767598390184996110883189782781162565532855282226271594806936906798303986863032785024	-4,-5,-5,5,5,5,5,5,5,5,5,5	-6,-6,-6,-6,5,5,5,5,5,5,5,5	ok
0.770771	-12.672673	-44.144692	0.378122	continued:5	29797441240847192311964028853190280189674041619838390446392276751194031604458269653903418290263548217449573880332326641944350935173097308900207179393067094544131401902891546319240090459387826901089110022248778690699121607213038328774193670973188238636618975752621222125926330566842392850871256993172052990814923455272158422713978226730271536067320734115644330175741913972774961665758507016962350160797947996818638020341697636898190346069733674659201957482161095922745256449791778981638316387065760464878588799160570705617744573753188025193072339730266460460851296638770406594841724283948742312558545767434110949625269486215697850202040083182408160477784410327631698564345075667516426292163521174888377570257799507602452083191434296678799522303678926870962965810485584104309857721654132208935862840149503153270096321171601530608377347006204586329162461202372349741279824131689595957244116420648783802931051738921079533173705724175123306398230275732511115929263534508854241895175137924922515164136405614414704510455492303725698717776026569540828846801528877656235945663651379536550094040839767421488603748902094110755409763633737605134212630303413169188279493445033579214564177632297586000354946228521647944405741484860434293952903032723748416168191726618406528699260952335643612439924752485168562943008261346330140961582261704425926188224314418487314337217296992818706656692697384744416069567204857489826530163375589484234107987116517173657037047872221374790043864650761273649712299638008506794426976311819693759440666519538644974466855863182012994523540589541733324484319768997871197425639398217200393744656224775970347567602442674443297266993471981741026676826940360617680128044520963664972917783206480837254074371028460107815872400806519153567667959697133342070232219681833629624437570921363523459645732651562787760654134203787725777482871860254784089581316858701632305970240152677514545752567636471657557296543990009577017807157916251658550163063140523653106845220943914318924010276004735411392350006118520985468833770614340011576738777896581347499503533688943929192679205210457979240382675362597186939785148066207640923713114990395838650605940430535382349997138229168213265211580515222868289019029918596958104069221824311726645261326065363642048075484173934625468251481640590908560701230827280695323290402656415691298288604628259194630166313060998645272759457289262398442447092405717200308439364419094747118707015748231933285198916029254043113096125013032148384323200797388431555698659272401884459701332338709609574220585814584346471645419882046888685742618467660212059885111757401618088390089189566203074623881844303027341182625820435365345854828951258758521011532448133042844659251933641229492874558970877342676179813822047317810877817311446762216626925358682078821175733729379814836496319171172179804577454454762311306604511253579128159933891201461585948532674822110007599005687368594258179593769049184372798579999270665676967652070368516029305396829228681935487411559214115161795236595308495447573252272610179229865068818251467507289724538682284197672246196619810853773226909197319701766801584231345859037880829647559826035	29797441240847192311964028853190280189674041619720799605070824129924103630349014387363218437041262128836255660367033565228906969921436065807110492954244538641922732381526988524213230765695165516739994474690365920321938836124680349407621389174422575433515432175857440806646186534711664095048200233844655797841473677453405663250260447801631435344135993128643147796482806147876468549439715749856071249659627599475987323671827369771865221845291756903281146615711384803434295024829277842831418694839941823883831566498004267261730671018929104843904442387870484365857888189536296648098670249137264353498164544236896672831076268761190520600080121584857972539648724104485926725981306583995477145957712627015939516317459995807158397098987563805866798273465357843109707315770267392401784231126954403131562900596901554920941929800667469540731596024416446057782475494050688655549937961178871708310774758509474199344274385665327650397601172390515912454512807551418600510707134665906879279435847487037545889115906146070551888130409417242517356945216602359496984048243451821412619142457943691164845601083632128546483691663273094080913772697520179354680054649028668957946549146753511281249223840930715689293831419123065851313060999449270994502051366517732748996349002023493589746389443904928584896086009937902409399920434894710434724828196433334435922244668719645070963172539209158021792443345390080700323594367010028199659713009657377267993424553187083049959871759642950546564115043686986727275079274165803791130947745943729088287446146315142597144867697576962518223254129784798353692320199609326236331562162357837154161327410893653751353928188357060819386291038315699515945578803684128563951919167284446247510477990182837068591600676868297768334898584288723942699190640202442839893579166409880503015760738302302570046116447827086084073441321714942666101414518479176423105648711687879218471236190176600796681511666896308859614134239928797759208577212886818024885468038317562615951945186145592849252834489464356832462013050785232964555014173501082063224663076950521174225921740748958276354581317930343878198679395987090384577457301079341177020976052799869149695026872065018420674452299414162913612208123507104386870095413979334372531224273972203388865835237407081754294943453773718759280670415300520637383873892721005089937953030673599048711653146917404021429094984047816660420694816602178875201695400988398973088798552656729720495680451227538147687793341332499648646293793248918340258355601353266919741385547418526772611358855388134545651875747391201085716439682993707455952533231589053557758453984382041334780180937073734599497827168057358982562680015870339254797742738058438183613878215805594619563021509599997654121573785807799002641011052331754503722508393689584258769633680928151448058103373573899923437496774304773725973871243296922115804966521388598474926202559813344817358862841982422220954792363056078482951798167083931224959751636028441105470538636650842577296120601910301551518800965249146685017285902480231962932622648940245661626816702173368568652810767598390184996110883189782781162565532855282226271594806936906798303986863032785024	-3,-6,-6,-6,-6,-6,5,5,5,5,5,5	-6,-6,-6,-6,5,5,5,5,5,5,5,5	ok
0.774775	-12.672673	-49.684348	0.376666	continued:5	29797441240847192311964028853190280189674041619720799605070824129924103630349014387363218437041269379671702255991987079804799208406459594566569431867073202856046034605145785804039600969463916687067747226380923922491222894104993820922680916963522101285847689175302460496849986346102331021429321628513066058476966515597825216826491333292587291982542222577650377274214589137990302734087449011575245290848909222554254695812547715610856551849088835050194079719046057626362150098208139175376597342767181508719554474278778659080532774115025837077781440395069085566275270593757816945481686485193015874439188322179831981093036895623277079340863901340841530659385999147856565374809215690856107223889095514999077328145392637026919656402861829173510689476833346886203495903722973673938428907342665985450153766974630221683572796787810716276779509428668189395549706460924549201311213682554311884566287526513070221086970102079502518306375668819648104970735106915337010019709466847876528053194557633443693143469018575215590734560071929202513032293161520947781205518646187551763858454262249085426873090518872337808205076611467664005144113650120563379257218770267486854454585126147436133801137991014129585620735980500953292237789609787242677680689694288070265806540141549427425248272673270851742511442169211186806239397763650659713785016570063740146045684814403372018803768586828299504204092612670676494271732825660823422665667015755407871992093170287952447679322498508505274487350537095266210019724168338260398722942678821221266384605130307612355799199609047992269308186644354000968065743068564686332923927007776618320129410900822712875758430209795239325301290072125360919528987574535874565329426874646401103533180296510721505758801902692758999579474102636081796342355162189119599136138008209128132379975347287157380389910980404613237819012749537792875194724398678931863434810261767816555951390138887081652344956066681318845412328059706602066788988193153636143796782396100495702905467154567597418383447605303012199442161452868016340964034635788245450155496802674972738927267219272081868425003445999565780118408413533850695895533254637173793415801422036173405190359231103069682539726105638384510346454878935662242019813318275530549281954149414608498149442357425442024832308402861206399783901194115609184563077518589164640786939975207421729214047978993418418905635064904973777326774741875969174911931007178797614451248849702480489869868343137194720673946254034775755435255188414505465950274426641610554233223768619503616044338320434674937065400293418179803794325918754944081547868762263224423484080196634874382424258167460436983380724079820719055411724727629344149299210371410956473161772685422403542786143739502267909596853035901361809619497789012737622879684110739852066988532505973173684585305033405613538260995460761983434083461591372461420236681949852291058447887965267034778590276936824179085909446216039744483905590489024082690709806665408134752101891329306318384955900639860920942966270705207268374840180383515781649933179904621512520775304286398163716765843808460975469457574733112042989328684602724472684993143766072628671779820974192149134	29797441240847192311964028853190280189674041619720799605070824129924103630349014387363218437041262128836255660367033565228906969921436065807110492954244538641922732381526988524213230765695165516739994474690365920321938836124680349407621389174422575433515432175857440806646186534711664095048200233844655797841473677453405663250260447801631435344135993128643147796482806147876468549439715749856071249659627599475987323671827369771865221845291756903281146615711384803434295024829277842831418694839941823883831566498004267261730671018929104843904442387870484365857888189536296648098670249137264353498164544236896672831076268761190520600080121584857972539648724104485926725981306583995477145957712627015939516317459995807158397098987563805866798273465357843109707315770267392401784231126954403131562900596901554920941929800667469540731596024416446057782475494050688655549937961178871708310774758509474199344274385665327650397601172390515912454512807551418600510707134665906879279435847487037545889115906146070551888130409417242517356945216602359496984048243451821412619142457943691164845601083632128546483691663273094080913772697520179354680054649028668957946549146753511281249223840930715689293831419123065851313060999449270994502051366517732748996349002023493589746389443904928584896086009937902409399920434894710434724828196433334435922244668719645070963172539209158021792443345390080700323594367010028199659713009657377267993424553187083049959871759642950546564115043686986727275079274165803791130947745943729088287446146315142597144867697576962518223254129784798353692320199609326236331562162357837154161327410893653751353928188357060819386291038315699515945578803684128563951919167284446247510477990182837068591600676868297768334898584288723942699190640202442839893579166409880503015760738302302570046116447827086084073441321714942666101414518479176423105648711687879218471236190176600796681511666896308859614134239928797759208577212886818024885468038317562615951945186145592849252834489464356832462013050785232964555014173501082063224663076950521174225921740748958276354581317930343878198679395987090384577457301079341177020976052799869149695026872065018420674452299414162913612208123507104386870095413979334372531224273972203388865835237407081754294943453773718759280670415300520637383873892721005089937953030673599048711653146917404021429094984047816660420694816602178875201695400988398973088798552656729720495680451227538147687793341332499648646293793248918340258355601353266919741385547418526772611358855388134545651875747391201085716439682993707455952533231589053557758453984382041334780180937073734599497827168057358982562680015870339254797742738058438183613878215805594619563021509599997654121573785807799002641011052331754503722508393689584258769633680928151448058103373573899923437496774304773725973871243296922115804966521388598474926202559813344817358862841982422220954792363056078482951798167083931224959751636028441105470538636650842577296120601910301551518800965249146685017285902480231962932622648940245661626816702173368568652810767598390184996110883189782781162565532855282226271594806936906798303986863032785024	-4,-6,-6,-6,-6,5,5,5,5,5,5,5	-6,-6,-6,-6,5,5,5,5,5,5,5,5	ok
0.778779	-12.672673	-52.801900	0.379460	continued:5	29797441240847192311964028853190280189674041619720799605070824129924103630349014387363218437041262128836255660367033565228906969921436065807110492954244538641922732381526988524213230765695165516739994474690365920321938836124680349407621389174422575433515432175857440806646186534711664095048200233844655797841473677453405663250260447801631435344135993128643147796482806147876468549439715749856071249659627599475987323671827369771865221845291756903281146615711384803434295024829277842831418694839941823883831566498004267261730671018929104843904442387870484365857888189536296648098670249137264353498164544236896672831076268761190520600080121584857972539648724104485926725981306583995477145957712627015939516317459995807158397098987563805866798273465357843109707315770267392401784231126954403131562900596901554920941929800667469540731596024416446057782475494050688655549937961178871708310774758509474199344274385665327650397601172390515912454512807551418600510707134665906879279435847487037545889115906146070551888130409417242517356945216602359496984048243451821412619142457943691164845601083632128546483691663273094080913772697520179354680054649028668957946549146753511281249223840930715689293831419123065851313060999449270994502051366517732748996349002023493589746389443904928584896086009937902409399920434894710434724828196433334435922244668719645070963172539209158021792443345390080700323594367010028199659713009657377267993424553187083049959871759642950546564115043686986727275079274165803791130947745943729088287446146315142597144867697576962518223254129784798352227596413586515092312600443544647088078963307588923763636270954682141162217889953313809670031390986549607323729776543960584738185340384283123633257672835492121369841702679003714621452511211488132879741846931541965183383174837080362231598519353499614715385644344696173540416779531065434514717344159270458185322190319002918880258798254585345793021680011380250162900736886694238160674778981671586382208590845498820890423879819056887601109365751288169363031295963144711437811826340557432543810457055113118374314559725013652447420706746641436778696524352787229829152569711848155287193266851071686745685042687177962542028756361060869980631274911665606915825007767093996814283157425089768909349591853180534020417877983831190934567547174451197027036328545009959409946568673189931891319140937683057466613144960188029307056843699539503135152185374427537954913055660224161914893302003539102496278970623526635768611491194218105289433947847410751650163321463340207577290361653284295849315999533959606886633457085563974953571689595287416222208201363712344572181242588061645200339451253286932525102910907083689274126797791574829676094911935693125515417479693245700545586849632114793883489894020589182643866659862269879522861085274501240188470144503049261976403001533674881602511292873745561199354906195581127298495235690714135319826928323334069849570106748106926807217065592924536332009850126335061121352445624550266729775884694105739726308839115329994490671173218127425760715447686495957442938227080980437674949283143843006920551744113229740734747747362441070220744173404608273321	29797441240847192311964028853190280189674041619720799605070824129924103630349014387363218437041262128836255660367033565228906969921436065807110492954244538641922732381526988524213230765695165516739994474690365920321938836124680349407621389174422575433515432175857440806646186534711664095048200233844655797841473677453405663250260447801631435344135993128643147796482806147876468549439715749856071249659627599475987323671827369771865221845291756903281146615711384803434295024829277842831418694839941823883831566498004267261730671018929104843904442387870484365857888189536296648098670249137264353498164544236896672831076268761190520600080121584857972539648724104485926725981306583995477145957712627015939516317459995807158397098987563805866798273465357843109707315770267392401784231126954403131562900596901554920941929800667469540731596024416446057782475494050688655549937961178871708310774758509474199344274385665327650397601172390515912454512807551418600510707134665906879279435847487037545889115906146070551888130409417242517356945216602359496984048243451821412619142457943691164845601083632128546483691663273094080913772697520179354680054649028668957946549146753511281249223840930715689293831419123065851313060999449270994502051366517732748996349002023493589746389443904928584896086009937902409399920434894710434724828196433334435922244668719645070963172539209158021792443345390080700323594367010028199659713009657377267993424553187083049959871759642950546564115043686986727275079274165803791130947745943729088287446146315142597144867697576962518223254129784798353692320199609326236331562162357837154161327410893653751353928188357060819386291038315699515945578803684128563951919167284446247510477990182837068591600676868297768334898584288723942699190640202442839893579166409880503015760738302302570046116447827086084073441321714942666101414518479176423105648711687879218471236190176600796681511666896308859614134239928797759208577212886818024885468038317562615951945186145592849252834489464356832462013050785232964555014173501082063224663076950521174225921740748958276354581317930343878198679395987090384577457301079341177020976052799869149695026872065018420674452299414162913612208123507104386870095413979334372531224273972203388865835237407081754294943453773718759280670415300520637383873892721005089937953030673599048711653146917404021429094984047816660420694816602178875201695400988398973088798552656729720495680451227538147687793341332499648646293793248918340258355601353266919741385547418526772611358855388134545651875747391201085716439682993707455952533231589053557758453984382041334780180937073734599497827168057358982562680015870339254797742738058438183613878215805594619563021509599997654121573785807799002641011052331754503722508393689584258769633680928151448058103373573899923437496774304773725973871243296922115804966521388598474926202559813344817358862841982422220954792363056078482951798167083931224959751636028441105470538636650842577296120601910301551518800965249146685017285902480231962932622648940245661626816702173368568652810767598390184996110883189782781162565532855282226271594806936906798303986863032785024	-3,-6,-6,-6,5,5,5,5,5,5,5,5	-6,-6,-6,-6,5,5,5,5,5,5,5,5	ok
0.782783	-12.672673	-54.731721	0.382253	continued:5	29797441240847192311964028853190280189674041619720799605070824129924103630349014387363218437041262128836255660367033565228906969921436065807110492954244538641922732381526988524213230765695165516684856964886402475218726787375215748391120225301433133801809602551954799399621703470614032595261603547732880205461166225506383472517669360488304292936684047002677551828409989745109425630864985134416570483495028535097538525962819715706453278578056276781997658621821330623661439735037198469982874980353282521543069959364804122626389538391283710117759012920542190446628568269535485120906902702054290158140837938102629797883544586003735080140767802541056613215533165923427360817084903885101038661329655704061613434516352085161782006860284716509839924228309376088170740553115806220734141302649848057010058913693667459286835607211129246633087358315863204490737630361736531172516441701350353989780844469604679326961211342427047892996344090028808147916171706518889485060629487737417917569767213496185589810977631686161593663266872708183305924891421716519836703659212884206754774705296603977160595587057551946392243523306131003376817168847344668193734612715320449809071341032253817577093207483930220945124667599152474307313066288132598337858614967222060190098955400369833539728841815639323595546756206693047251103075382837527829820663088922381252193091723767612410835446041002371833244855823858875455973221693803924258499763326053205682414512096667270504543905693204277613951276144204402168422635613346089666241936344317839882762737246424381784741408159245368710128847124504748050259870150574962797615980986443289511362534855970225945405898133274047741214151927370372385350028161700864604552428190425115668855177239827327446219221395519584646044461026910421699370714725007998587520655981775926748844747312414459728293551252471769465067609921652899236925865027914100691384663688608827578434987977568039761486712852779707381025090780350784199360689709693466626332005638433733770487664068421221588417566544244157785316203941142152295356422810724902092285567806998219676272836482696519729276213300707109026304387193144485008943338308442751079658426469963616446183059392071019024743919603256593367777297530080858186416018690393660240972502692785255630332802661813551824808879903087060733331258896534918799823989796246704537436452699594338687665770872295924739045603807472355312278655316165657543119713809760351640563155348276137788529820712016721739024517049207027675328705141116755586788348890160984207569853915797582641892784175719136778692928898648781037902120270034667305636388779006589707864825975317924565829883397687923474749300873295425587819812173293934368184354896503527781795574714647236840308236721725763594184696025258823486912907523113585027065046394892704891287292712325931329587044785320929173508336637580864873311048610927580401805504494318382533413321592562792506447747053048554781795627702083011797984848552319581189945604262305486396415236440224365452162628421616849479719989165025204663027087302047734783829986454285179005107758042868233646714509406887870139221741873065749646249222102387444167465789079457327954724174337251461022	29797441240847192311964028853190280189674041619720799605070824129924103630349014387363218437041262128836255660367033565228906969921436065807110492954244538641922732381526988524213230765695165516739994474690365920321938836124680349407621389174422575433515432175857440806646186534711664095048200233844655797841473677453405663250260447801631435344135993128643147796482806147876468549439715749856071249659627599475987323671827369771865221845291756903281146615711384803434295024829277842831418694839941823883831566498004267261730671018929104843904442387870484365857888189536296648098670249137264353498164544236896672831076268761190520600080121584857972539648724104485926725981306583995477145957712627015939516317459995807158397098987563805866798273465357843109707315770267392401784231126954403131562900596901554920941929800667469540731596024416446057782475494050688655549937961178871708310774758509474199344274385665327650397601172390515912454512807551418600510707134665906879279435847487037545889115906146070551888130409417242517356945216602359496984048243451821412619142457943691164845601083632128546483691663273094080913772697520179354680054649028668957946549146753511281249223840930715689293831419123065851313060999449270994502051366517732748996349002023493589746389443904928584896086009937902409399920434894710434724828196433334435922244668719645070963172539209158021792443345390080700323594367010028199659713009657377267993424553187083049959871759642950546564115043686986727275079274165803791130947745943729088287446146315142597144867697576962518223254129784798353692320199609326236331562162357837154161327410893653751353928188357060819386291038315699515945578803684128563951919167284446247510477990182837068591600676868297768334898584288723942699190640202442839893579166409880503015760738302302570046116447827086084073441321714942666101414518479176423105648711687879218471236190176600796681511666896308859614134239928797759208577212886818024885468038317562615951945186145592849252834489464356832462013050785232964555014173501082063224663076950521174225921740748958276354581317930343878198679395987090384577457301079341177020976052799869149695026872065018420674452299414162913612208123507104386870095413979334372531224273972203388865835237407081754294943453773718759280670415300520637383873892721005089937953030673599048711653146917404021429094984047816660420694816602178875201695400988398973088798552656729720495680451227538147687793341332499648646293793248918340258355601353266919741385547418526772611358855388134545651875747391201085716439682993707455952533231589053557758453984382041334780180937073734599497827168057358982562680015870339254797742738058438183613878215805594619563021509599997654121573785807799002641011052331754503722508393689584258769633680928151448058103373573899923437496774304773725973871243296922115804966521388598474926202559813344817358862841982422220954792363056078482951798167083931224959751636028441105470538636650842577296120601910301551518800965249146685017285902480231962932622648940245661626816702173368568652810767598390184996110883189782781162565532855282226271594806936906798303986863032785024	2,5,5,5,5,5,5,5,5,5,5,5	-6,-6,-6,-6,5,5,5,5,5,5,5,5	ok
0.786787	-12.672673	-55.830040	0.385046	continued:5	29797441240847192311964028853190280189674041619720799605070824129924103630349014387363218437041262128836255660367033565228906969921436065807110492954244538641922732381526988524213230765695165516684856964886402475218726787375215748391120225301433133801809602551954799399621703470614032595261603547732880205461166225506383472517669360488304292936684047002677551828409989745109425630864985134410193792953865040518523831529536300530641045251591967863934567240392252956558066164333919517605967140666825295678885425885703571255653804736275143929100692220038798706158319647429715853695189408137905886849532235618040048915843699717253768347612786229825919381254819950003230731411699587487497416574604357461782731627985417825863827186922456007553462225308282547856313633328955167419706775789469480611559738007413659668099782369121054590863861144238738959096672747737279409735626906209769372241309584913238418046885958531887025083628995414392263108247031801394472881212143143290264995601672765057255835010141684178851946852334816222471921330954532441368628013762954560274614035782030976878003106108119474895930869390230978001142747859294010451401389041610021396389202458667172133077048283131957393284404046055072840862552476804960590773588035550160518779771015300113988794745430447108388763936036391554818686310698826823745046645932777118000501528571302258842157120161592246825458076945448272280842797248906300044479518696641734693324181489212265813457170004955770760887235939038192760808987404067123321869173971757838442893034607825588593403361554127149250118875505486731855145760681298219457250308132640904218073784614708924155595806944930547318904468843177690595707211669288960907556199480161653609645994266584315730691566908250747287898943712222246372534690134451068899422254021637196224830246477904596543301033681131775679063973269255218937604863593893273196723146610152486770990626541172511868746270110909599169369541053605775476874999235074775904147367292101321900927304867604385408199963221479651225280226710530156037338580036896715902646195872747894866823124714498847232817625169224198895069403885938867721767979748477372794880668051681982723096261587652774357261807694173901285251921784395890499730896012886216845373652078461359897759128200005689040032547396203847928147929858865221813870999505513864361534995807411780677030588952216466757759085088584581596826694462814680966749214327565497225850780274963611705934378191475457501963514027549254038795535992415462678288421790787882937517475343769917219187668554146278773808854527227601362856942923396302571702143395763413564704081263404342636312438009415911543578017383079195890741852167841869346444614454059588128279103020551326863564852042239529515077129842426645221370395333297149104527722546713710178064316789042599555620497703374903782852043551242995991627137230197930540694208237584517648321994502943832022569543753235232343562670993669468757171131246740892994619127399322467573401513409669629036153462482381071725043653775133977230985275679380525041200990177805250063428517772599950361701139460008406601542048771707941337075675629326034398211423714127555186290107646245351341	29797441240847192311964028853190280189674041619720799605070824129924103630349014387363218437041262128836255660367033565228906969921436065807110492954244538641922732381526988524213230765695165516739994474690365920321938836124680349407621389174422575433515432175857440806646186534711664095048200233844655797841473677453405663250260447801631435344135993128643147796482806147876468549439715749856071249659627599475987323671827369771865221845291756903281146615711384803434295024829277842831418694839941823883831566498004267261730671018929104843904442387870484365857888189536296648098670249137264353498164544236896672831076268761190520600080121584857972539648724104485926725981306583995477145957712627015939516317459995807158397098987563805866798273465357843109707315770267392401784231126954403131562900596901554920941929800667469540731596024416446057782475494050688655549937961178871708310774758509474199344274385665327650397601172390515912454512807551418600510707134665906879279435847487037545889115906146070551888130409417242517356945216602359496984048243451821412619142457943691164845601083632128546483691663273094080913772697520179354680054649028668957946549146753511281249223840930715689293831419123065851313060999449270994502051366517732748996349002023493589746389443904928584896086009937902409399920434894710434724828196433334435922244668719645070963172539209158021792443345390080700323594367010028199659713009657377267993424553187083049959871759642950546564115043686986727275079274165803791130947745943729088287446146315142597144867697576962518223254129784798353692320199609326236331562162357837154161327410893653751353928188357060819386291038315699515945578803684128563951919167284446247510477990182837068591600676868297768334898584288723942699190640202442839893579166409880503015760738302302570046116447827086084073441321714942666101414518479176423105648711687879218471236190176600796681511666896308859614134239928797759208577212886818024885468038317562615951945186145592849252834489464356832462013050785232964555014173501082063224663076950521174225921740748958276354581317930343878198679395987090384577457301079341177020976052799869149695026872065018420674452299414162913612208123507104386870095413979334372531224273972203388865835237407081754294943453773718759280670415300520637383873892721005089937953030673599048711653146917404021429094984047816660420694816602178875201695400988398973088798552656729720495680451227538147687793341332499648646293793248918340258355601353266919741385547418526772611358855388134545651875747391201085716439682993707455952533231589053557758453984382041334780180937073734599497827168057358982562680015870339254797742738058438183613878215805594619563021509599997654121573785807799002641011052331754503722508393689584258769633680928151448058103373573899923437496774304773725973871243296922115804966521388598474926202559813344817358862841982422220954792363056078482951798167083931224959751636028441105470538636650842577296120601910301551518800965249146685017285902480231962932622648940245661626816702173368568652810767598390184996110883189782781162565532855282226271594806936906798303986863032785024	-3,-5,-5,5,5,5,5,5,5,5,5,5	-6,-6,-6,-6,5,5,5,5,5,5,5,5	ok
0.790791	-12.672673	-56.530046	0.387840	full	29797441240847192311964028853190280189674041619720799605070824129924103630349014387363218437041262128836255660367033565228906969921436065807110492954244538641922732381526988524213230765695165516684856964886402475218726787375215748391120225301433133801809602551954799399621703470614032595261603547732880205461166225506383472517669360488304292936684047002677551828409989745109425630864985134410193792953865040518523831529536300530641045251591967863934567240392252956558066164333919517605967140666825295678885425885703571255653804736275143929100692220038798706158319647429715853695189408137905886849532235618040048915843699717253768347612786229825919381254819950003230731411699587487497416574604357461782731627985417825863827186922456007553462225308282547856313633328955167419706775789469480611559738007413659668099782369121054590863861144238738959096672747737279409735626906209769372241309584913238418046885958531887025083628995414392263108247031801394472881212143143290264995601672765057255835010141684178851946852334816222471921330954532441368628013762954560274614035782030976878003106108119474895930869390230978001142747859294010451401389041610021396389202458667172133077048283131957393284404046055072840862552476804960590773588035550160518779771015300113988794745430447108388763936036391554818686310698826823745046645932777118000501528571302258842157120161592246825458076945448272280842797248906300044479518696641734693324181489212265813457170004955770760887235939038192760808987404067123321869173971757838442893034607825588593403361554127149250118875505486731855634001943305823171923295372245300906767905982477167484835026022822187204627269204844987211011940941667134654296913687936274112754373468550886875802876188709472754063342347317249479616916610689171767749357040759587517474313148110073762823465285073897351781163537756412982006858748539995767023971429657627260773237391568519076775711612611299091719410115731500777092087881282208874409079023631829030648695642304439931680736629547289296303373559905500016903765382060180806971287201779052374667416668947045336378917748940262993374486608657725013022648380047409566614791596227446710853547812746384953067558936813088339921488111480081760029909108838353394104334980727704481736608735745425822925403058639407586724353478088946036383516800123971725161041493401994328121687156689432273465688499936035225864029998613479440391852446157717911585439014687317481149933982712421555005200538504478442228714114485017224712235470987904693813018614398590525205334240275798617668115715538973278658713310799611581522817942044936466064154271578213743396856420480573507618424727688072070034945453755123364335449819963368874793841169514916334183977460595803715433407985258576268651214250508529678450979605909232382695155944815359032525018640214592385549484456912827848266805935229700876410737421968897885417267990047888479232425565821870678693123081852100375118952194477136347411483399977749265689414588780625733643695247066151133956535312973601818548318974417290995963734535847039610589551060724610440225198437575880349471712735464396384855643523748764143223271408676528453975545766914228228	29797441240847192311964028853190280189674041619720799605070824129924103630349014387363218437041262128836255660367033565228906969921436065807110492954244538641922732381526988524213230765695165516739994474690365920321938836124680349407621389174422575433515432175857440806646186534711664095048200233844655797841473677453405663250260447801631435344135993128643147796482806147876468549439715749856071249659627599475987323671827369771865221845291756903281146615711384803434295024829277842831418694839941823883831566498004267261730671018929104843904442387870484365857888189536296648098670249137264353498164544236896672831076268761190520600080121584857972539648724104485926725981306583995477145957712627015939516317459995807158397098987563805866798273465357843109707315770267392401784231126954403131562900596901554920941929800667469540731596024416446057782475494050688655549937961178871708310774758509474199344274385665327650397601172390515912454512807551418600510707134665906879279435847487037545889115906146070551888130409417242517356945216602359496984048243451821412619142457943691164845601083632128546483691663273094080913772697520179354680054649028668957946549146753511281249223840930715689293831419123065851313060999449270994502051366517732748996349002023493589746389443904928584896086009937902409399920434894710434724828196433334435922244668719645070963172539209158021792443345390080700323594367010028199659713009657377267993424553187083049959871759642950546564115043686986727275079274165803791130947745943729088287446146315142597144867697576962518223254129784798353692320199609326236331562162357837154161327410893653751353928188357060819386291038315699515945578803684128563951919167284446247510477990182837068591600676868297768334898584288723942699190640202442839893579166409880503015760738302302570046116447827086084073441321714942666101414518479176423105648711687879218471236190176600796681511666896308859614134239928797759208577212886818024885468038317562615951945186145592849252834489464356832462013050785232964555014173501082063224663076950521174225921740748958276354581317930343878198679395987090384577457301079341177020976052799869149695026872065018420674452299414162913612208123507104386870095413979334372531224273972203388865835237407081754294943453773718759280670415300520637383873892721005089937953030673599048711653146917404021429094984047816660420694816602178875201695400988398973088798552656729720495680451227538147687793341332499648646293793248918340258355601353266919741385547418526772611358855388134545651875747391201085716439682993707455952533231589053557758453984382041334780180937073734599497827168057358982562680015870339254797742738058438183613878215805594619563021509599997654121573785807799002641011052331754503722508393689584258769633680928151448058103373573899923437496774304773725973871243296922115804966521388598474926202559813344817358862841982422220954792363056078482951798167083931224959751636028441105470538636650842577296120601910301551518800965249146685017285902480231962932622648940245661626816702173368568652810767598390184996110883189782781162565532855282226271594806936906798303986863032785024	-4,-5,-5,5,5,5,5,5,5,5,5,5	-6,-6,-6,-6,5,5,5,5,5,5,5,5	ok
0.794795	-12.672673	-44.206390	0.376279	continued:5	29797441240847192311964028853190280189674041619720799605070824129924103630349014387363218437041269379671702255991987079804799208406459594566569431867073202856046034605145785804039600969463916687067747226380923922491222894104993820922680916963522101285847689175302460496849986346102331021429321628513066058476966515597825216826491333292587291982542222577650377274214589137990302734087449011575245290848909222554254695812547715610856551849088835050194079719046057626362150098208139175376597342767181508719554474278778659080532774115025837077781440395069085566275270593757816945481686485193015874439188322179831981093036895623277079340863901340841530659385999147856565374809215690856107223889095514999077328145392637026919656402861829173510689476833346886203495903722973673938428907342665985450153766974630221683572796787810716276779509428668189395549706460924549201311213682554311884566287526513070221086970102079502518306375668819648104970735106915337010019709466847876528053194557633443693143469018575215590734560071929202513032293161520947781205518646187551763858454262249085426873090518872337808205076611467664005144113650120563379257218770267486854454585126147436133801137991014129585620735980500953292237789609787242677680689694288070265806540141549427425248272673270851742511442169211186806239397763650659713785016570063740146045684814403372018803768586828299504204092612670676494271732825660823422665667015755407871992093170287952447679322498508505274487350537095266210019724168338260398722942678821221266384605130307612355799199609047992269308186644354000967577501806557082618250939768172221631435289533054469546519211131903599439578489710458064304224258242753991949077370626105594906836037224054290926572608678922256633712993602996984006523452864385914534256302237911309852295024385228288604440813133818523810898119925050703355963900218951617376650619488146988722126240320579110187302145019161967513651877444585927344385852371591587239479373025236897455593637451259909552184387174282119561203519632898550705037840759703914348593348037908819867883547895371818202043640393039621020414797283530450466713315250569932983955276693719882048390485465533485510588385800687164523518749117193521756140543696837736214803627013723775681198061143445893247905650949500473629326963766107163600668394240903123651228438463367201158148596206161949377092181370296185686953116169180681409176863011561460773364643495997498158348442437275882190669358992018110491685779447950403551737289524400188144456712436403249187563796755054042049539301937259411075522538733691707058564810010534654090759160134597025679885017648083247039488263739988336876140274341217599534325235297286210657654731573750783323097372755158570573080483488140629668257895084652056736727996122993728043210256287889504365916978816342762787474618174908670557430739386534503325046464982165958137308962713991872691611660726293175985295198880150537665532320515716601853326513620014155618044775269164610412057730011889397022653749383237792359033344825171133135794449221133882528280294589598664230128884859792907483347242875645344023258298724106021662059937863156992956219585501182948511	29797441240847192311964028853190280189674041619720799605070824129924103630349014387363218437041262128836255660367033565228906969921436065807110492954244538641922732381526988524213230765695165516739994474690365920321938836124680349407621389174422575433515432175857440806646186534711664095048200233844655797841473677453405663250260447801631435344135993128643147796482806147876468549439715749856071249659627599475987323671827369771865221845291756903281146615711384803434295024829277842831418694839941823883831566498004267261730671018929104843904442387870484365857888189536296648098670249137264353498164544236896672831076268761190520600080121584857972539648724104485926725981306583995477145957712627015939516317459995807158397098987563805866798273465357843109707315770267392401784231126954403131562900596901554920941929800667469540731596024416446057782475494050688655549937961178871708310774758509474199344274385665327650397601172390515912454512807551418600510707134665906879279435847487037545889115906146070551888130409417242517356945216602359496984048243451821412619142457943691164845601083632128546483691663273094080913772697520179354680054649028668957946549146753511281249223840930715689293831419123065851313060999449270994502051366517732748996349002023493589746389443904928584896086009937902409399920434894710434724828196433334435922244668719645070963172539209158021792443345390080700323594367010028199659713009657377267993424553187083049959871759642950546564115043686986727275079274165803791130947745943729088287446146315142597144867697576962518223254129784798353692320199609326236331562162357837154161327410893653751353928188357060819386291038315699515945578803684128563951919167284446247510477990182837068591600676868297768334898584288723942699190640202442839893579166409880503015760738302302570046116447827086084073441321714942666101414518479176423105648711687879218471236190176600796681511666896308859614134239928797759208577212886818024885468038317562615951945186145592849252834489464356832462013050785232964555014173501082063224663076950521174225921740748958276354581317930343878198679395987090384577457301079341177020976052799869149695026872065018420674452299414162913612208123507104386870095413979334372531224273972203388865835237407081754294943453773718759280670415300520637383873892721005089937953030673599048711653146917404021429094984047816660420694816602178875201695400988398973088798552656729720495680451227538147687793341332499648646293793248918340258355601353266919741385547418526772611358855388134545651875747391201085716439682993707455952533231589053557758453984382041334780180937073734599497827168057358982562680015870339254797742738058438183613878215805594619563021509599997654121573785807799002641011052331754503722508393689584258769633680928151448058103373573899923437496774304773725973871243296922115804966521388598474926202559813344817358862841982422220954792363056078482951798167083931224959751636028441105470538636650842577296120601910301551518800965249146685017285902480231962932622648940245661626816702173368568652810767598390184996110883189782781162565532855282226271594806936906798303986863032785024	-3,-6,-6,-6,-6,5,5,5,5,5,5,5	-6,-6,-6,-6,5,5,5,5,5,5,5,5	ok
0.798799	-12.672673	-49.725220	0.374902	continued:5	29797441240847192311964028853190280189674041619720799605070824129924103630349014387363218437041269379671702255991987079804799208406459594566569431867073202856046034605145785804039600969463916687067747226380923922491222894104993820922680916963522101285847689175302460496849986346102331021429321628513066058476966515597825216826491333292587291982542222577650377274214589137990302734087449011575245290848909222554254695812547715610856551849088835050194079719046057626362150098208139175376597342767181508719554474278778659080532774115025837077781440395069085566275270593757816945481686485193015874439188322179831981093036895623277079340863901340841530659385999147856565374809215690856107223889095514999077328145392637026919656402861829173510689476833346886203495903722973673938428907342665985450153766974630221683572796787810716276779509428668189395549706460924549201311213682554311884566287526513070221086970102079502518306375668819648104970735106915337010019709466847876528053194557633443693143469018575215590734560071929202513032293161520947781205518646187551763858454262249085426873090518872337808205076611467664005144113650120563379257218770267486854454585126147436133801137991014129585620735980500953292237789609787242677680689694288070265806540141549427425248272673270851742511442169211186806239397763650659713785016570063740146045684814403372018803768586828299504204092612670676494271732825660823422665667015755407871992093170287952447679322498508505274487350537095266210019724168338260398722942678821221266384605130307612355799199609047992269308186644354000968065743068564686332923927007776618320129410900822712875758430209795239325301290072125360919528987574535874565329426874646401103533180296510721505758801902692758999579474102636081796342355162189119599136138008209128132379975347287157380389910980404613237819012749537792875194724398678931863434810261767816555951390138887081652344956066681318845412328059706602066788988193153636143796782396100495702905467154567597418383447605303012199442161452868016340964034635788245450155496802674972738927267219272081868425003445999565780118408413533850695895533254637173793415801422036173405190359231103069682539726105638384510346454878935662242019813318275530549281954149414608498149442357425442024832308402861206399783901194115609184563077518589164640786939975207421729214047978993418418905635064904973777326774741875969174911931007178797614451248849702480489869868343137194720673946254034775755435255188414505465950274426641610554233223768619503616044338320434674937065400293418179803794325918754944081547868762263224423484080196634874382424258167460436983380724079820719055411724727629344149299210371410956473161772685422403542786143739502267909596853035901361809619497789012737622879684110739852066988532505973173684585305033405613538260995460761983434083461591372461420236681949852291058447887965267034778590276936824179085909446216039744483905590489024082690709806665408134752101891329306318384955900639860920942966270705207268374840180383515781649933179904621512520775304286398163716765843808460975469457574733112042989328684602724472684993143766072628671779820974192149134	29797441240847192311964028853190280189674041619720799605070824129924103630349014387363218437041262128836255660367033565228906969921436065807110492954244538641922732381526988524213230765695165516739994474690365920321938836124680349407621389174422575433515432175857440806646186534711664095048200233844655797841473677453405663250260447801631435344135993128643147796482806147876468549439715749856071249659627599475987323671827369771865221845291756903281146615711384803434295024829277842831418694839941823883831566498004267261730671018929104843904442387870484365857888189536296648098670249137264353498164544236896672831076268761190520600080121584857972539648724104485926725981306583995477145957712627015939516317459995807158397098987563805866798273465357843109707315770267392401784231126954403131562900596901554920941929800667469540731596024416446057782475494050688655549937961178871708310774758509474199344274385665327650397601172390515912454512807551418600510707134665906879279435847487037545889115906146070551888130409417242517356945216602359496984048243451821412619142457943691164845601083632128546483691663273094080913772697520179354680054649028668957946549146753511281249223840930715689293831419123065851313060999449270994502051366517732748996349002023493589746389443904928584896086009937902409399920434894710434724828196433334435922244668719645070963172539209158021792443345390080700323594367010028199659713009657377267993424553187083049959871759642950546564115043686986727275079274165803791130947745943729088287446146315142597144867697576962518223254129784798353692320199609326236331562162357837154161327410893653751353928188357060819386291038315699515945578803684128563951919167284446247510477990182837068591600676868297768334898584288723942699190640202442839893579166409880503015760738302302570046116447827086084073441321714942666101414518479176423105648711687879218471236190176600796681511666896308859614134239928797759208577212886818024885468038317562615951945186145592849252834489464356832462013050785232964555014173501082063224663076950521174225921740748958276354581317930343878198679395987090384577457301079341177020976052799869149695026872065018420674452299414162913612208123507104386870095413979334372531224273972203388865835237407081754294943453773718759280670415300520637383873892721005089937953030673599048711653146917404021429094984047816660420694816602178875201695400988398973088798552656729720495680451227538147687793341332499648646293793248918340258355601353266919741385547418526772611358855388134545651875747391201085716439682993707455952533231589053557758453984382041334780180937073734599497827168057358982562680015870339254797742738058438183613878215805594619563021509599997654121573785807799002641011052331754503722508393689584258769633680928151448058103373573899923437496774304773725973871243296922115804966521388598474926202559813344817358862841982422220954792363056078482951798167083931224959751636028441105470538636650842577296120601910301551518800965249146685017285902480231962932622648940245661626816702173368568652810767598390184996110883189782781162565532855282226271594806936906798303986863032785024	-4,-6,-6,-6,-6,5,5,5,5,5,5,5	-6,-6,-6,-6,5,5,5,5,5,5,5,5	ok
0.802803	-12.672673	-52.835520	0.377696	continued:5	29797441240847192311964028853190280189674041619720799605070824129924103630349014387363218437041262128836255660367033565228906969921436065807110492954244538641922732381526988524213230765695165516739994474690365920321938836124680349407621389174422575433515432175857440806646186534711664095048200233844655797841473677453405663250260447801631435344135993128643147796482806147876468549439715749856071249659627599475987323671827369771865221845291756903281146615711384803434295024829277842831418694839941823883831566498004267261730671018929104843904442387870484365857888189536296648098670249137264353498164544236896672831076268761190520600080121584857972539648724104485926725981306583995477145957712627015939516317459995807158397098987563805866798273465357843109707315770267392401784231126954403131562900596901554920941929800667469540731596024416446057782475494050688655549937961178871708310774758509474199344274385665327650397601172390515912454512807551418600510707134665906879279435847487037545889115906146070551888130409417242517356945216602359496984048243451821412619142457943691164845601083632128546483691663273094080913772697520179354680054649028668957946549146753511281249223840930715689293831419123065851313060999449270994502051366517732748996349002023493589746389443904928584896086009937902409399920434894710434724828196433334435922244668719645070963172539209158021792443345390080700323594367010028199659713009657377267993424553187083049959871759642950546564115043686986727275079274165803791130947745943729088287446146315142597144867697576962518223254129784798352227596413586515092312600443544647088078963307588923763636270954682141162217889953313809670031390986549607323729776543960584738185340384283123633257672835492121369841702679003714621452511211488132879741846931541965183383174837080362231598519353499614715385644344696173540416779531065434514717344159270458185322190319002918880258798254585345793021680011380250162900736886694238160674778981671586382208590845498820890423879819056887601109365751288169363031295963144711437811826340557432543810457055113118374314559725013652447420706746641436778696524352787229829152569711848155287193266851071686745685042687177962542028756361060869980631274911665606915825007767093996814283157425089768909349591853180534020417877983831190934567547174451197027036328545009959409946568673189931891319140937683057466613144960188029307056843699539503135152185374427537954913055660224161914893302003539102496278970623526635768611491194218105289433947847410751650163321463340207577290361653284295849315999533959606886633457085563974953571689595287416222208201363712344572181242588061645200339451253286932525102910907083689274126797791574829676094911935693125515417479693245700545586849632114793883489894020589182643866659862269879522861085274501240188470144503049261976403001533674881602511292873745561199354906195581127298495235690714135319826928323334069849570106748106926807217065592924536332009850126335061121352445624550266729775884694105739726308839115329994490671173218127425760715447686495957442938227080980437674949283143843006920551744113229740734747747362441070220744173404608273321	29797441240847192311964028853190280189674041619720799605070824129924103630349014387363218437041262128836255660367033565228906969921436065807110492954244538641922732381526988524213230765695165516739994474690365920321938836124680349407621389174422575433515432175857440806646186534711664095048200233844655797841473677453405663250260447801631435344135993128643147796482806147876468549439715749856071249659627599475987323671827369771865221845291756903281146615711384803434295024829277842831418694839941823883831566498004267261730671018929104843904442387870484365857888189536296648098670249137264353498164544236896672831076268761190520600080121584857972539648724104485926725981306583995477145957712627015939516317459995807158397098987563805866798273465357843109707315770267392401784231126954403131562900596901554920941929800667469540731596024416446057782475494050688655549937961178871708310774758509474199344274385665327650397601172390515912454512807551418600510707134665906879279435847487037545889115906146070551888130409417242517356945216602359496984048243451821412619142457943691164845601083632128546483691663273094080913772697520179354680054649028668957946549146753511281249223840930715689293831419123065851313060999449270994502051366517732748996349002023493589746389443904928584896086009937902409399920434894710434724828196433334435922244668719645070963172539209158021792443345390080700323594367010028199659713009657377267993424553187083049959871759642950546564115043686986727275079274165803791130947745943729088287446146315142597144867697576962518223254129784798353692320199609326236331562162357837154161327410893653751353928188357060819386291038315699515945578803684128563951919167284446247510477990182837068591600676868297768334898584288723942699190640202442839893579166409880503015760738302302570046116447827086084073441321714942666101414518479176423105648711687879218471236190176600796681511666896308859614134239928797759208577212886818024885468038317562615951945186145592849252834489464356832462013050785232964555014173501082063224663076950521174225921740748958276354581317930343878198679395987090384577457301079341177020976052799869149695026872065018420674452299414162913612208123507104386870095413979334372531224273972203388865835237407081754294943453773718759280670415300520637383873892721005089937953030673599048711653146917404021429094984047816660420694816602178875201695400988398973088798552656729720495680451227538147687793341332499648646293793248918340258355601353266919741385547418526772611358855388134545651875747391201085716439682993707455952533231589053557758453984382041334780180937073734599497827168057358982562680015870339254797742738058438183613878215805594619563021509599997654121573785807799002641011052331754503722508393689584258769633680928151448058103373573899923437496774304773725973871243296922115804966521388598474926202559813344817358862841982422220954792363056078482951798167083931224959751636028441105470538636650842577296120601910301551518800965249146685017285902480231962932622648940245661626816702173368568652810767598390184996110883189782781162565532855282226271594806936906798303986863032785024	-3,-6,-6,-6,5,5,5,5,5,5,5,5	-6,-6,-6,-6,5,5,5,5,5,5,5,5	ok
0.806807	-12.672673	-54.756733	0.380489	continued:5	29797441240847192311964028853190280189674041619720799605070824129924103630349014387363218437041262128836255660367033565228906969921436065807110492954244538641922732381526988524213230765695165516684856964886402475218726787375215748391120225301433133801809602551954799399621703470614032595261603547732880205461166225506383472517669360488304292936684047002677551828409989745109425630864985134416570483495028535097538525962819715706453278578056276781997658621821330623661439735037198469982874980353282521543069959364804122626389538391283710117759012920542190446628568269535485120906902702054290158140837938102629797883544586003735080140767802541056613215533165923427360817084903885101038661329655704061613434516352085161782006860284716509839924228309376088170740553115806220734141302649848057010058913693667459286835607211129246633087358315863204490737630361736531172516441701350353989780844469604679326961211342427047892996344090028808147916171706518889485060629487737417917569767213496185589810977631686161593663266872708183305924891421716519836703659212884206754774705296603977160595587057551946392243523306131003376817168847344668193734612715320449809071341032253817577093207483930220945124667599152474307313066288132598337858614967222060190098955400369833539728841815639323595546756206693047251103075382837527829820663088922381252193091723767612410835446041002371833244855823858875455973221693803924258499763326053205682414512096667270504543905693204277613951276144204402168422635613346089666241936344317839882762737246424381784741408159245368710128847124504748050259870150574962797615980986443289511362534855970225945405898133274047741214151927370372385350028161700864604552428190425115668855177239827327446219221395519584646044461026910421699370714725007998587520655981775926748844747312414459728293551252471769465067609921652899236925865027914100691384663688608827578434987977568039761486712852779707381025090780350784199360689709693466626332005638433733770487664068421221588417566544244157785316203941142152295356422810724902092285567806998219676272836482696519729276213300707109026304387193144485008943338308442751079658426469963616446183059392071019024743919603256593367777297530080858186416018690393660240972502692785255630332802661813551824808879903087060733331258896534918799823989796246704537436452699594338687665770872295924739045603807472355312278655316165657543119713809760351640563155348276137788529820712016721739024517049207027675328705141116755586788348890160984207569853915797582641892784175719136778692928898648781037902120270034667305636388779006589707864825975317924565829883397687923474749300873295425587819812173293934368184354896503527781795574714647236840308236721725763594184696025258823486912907523113585027065046394892704891287292712325931329587044785320929173508336637580864873311048610927580401805504494318382533413321592562792506447747053048554781795627702083011797984848552319581189945604262305486396415236440224365452162628421616849479719989165025204663027087302047734783829986454285179005107758042868233646714509406887870139221741873065749646249222102387444167465789079457327954724174337251461022	29797441240847192311964028853190280189674041619720799605070824129924103630349014387363218437041262128836255660367033565228906969921436065807110492954244538641922732381526988524213230765695165516739994474690365920321938836124680349407621389174422575433515432175857440806646186534711664095048200233844655797841473677453405663250260447801631435344135993128643147796482806147876468549439715749856071249659627599475987323671827369771865221845291756903281146615711384803434295024829277842831418694839941823883831566498004267261730671018929104843904442387870484365857888189536296648098670249137264353498164544236896672831076268761190520600080121584857972539648724104485926725981306583995477145957712627015939516317459995807158397098987563805866798273465357843109707315770267392401784231126954403131562900596901554920941929800667469540731596024416446057782475494050688655549937961178871708310774758509474199344274385665327650397601172390515912454512807551418600510707134665906879279435847487037545889115906146070551888130409417242517356945216602359496984048243451821412619142457943691164845601083632128546483691663273094080913772697520179354680054649028668957946549146753511281249223840930715689293831419123065851313060999449270994502051366517732748996349002023493589746389443904928584896086009937902409399920434894710434724828196433334435922244668719645070963172539209158021792443345390080700323594367010028199659713009657377267993424553187083049959871759642950546564115043686986727275079274165803791130947745943729088287446146315142597144867697576962518223254129784798353692320199609326236331562162357837154161327410893653751353928188357060819386291038315699515945578803684128563951919167284446247510477990182837068591600676868297768334898584288723942699190640202442839893579166409880503015760738302302570046116447827086084073441321714942666101414518479176423105648711687879218471236190176600796681511666896308859614134239928797759208577212886818024885468038317562615951945186145592849252834489464356832462013050785232964555014173501082063224663076950521174225921740748958276354581317930343878198679395987090384577457301079341177020976052799869149695026872065018420674452299414162913612208123507104386870095413979334372531224273972203388865835237407081754294943453773718759280670415300520637383873892721005089937953030673599048711653146917404021429094984047816660420694816602178875201695400988398973088798552656729720495680451227538147687793341332499648646293793248918340258355601353266919741385547418526772611358855388134545651875747391201085716439682993707455952533231589053557758453984382041334780180937073734599497827168057358982562680015870339254797742738058438183613878215805594619563021509599997654121573785807799002641011052331754503722508393689584258769633680928151448058103373573899923437496774304773725973871243296922115804966521388598474926202559813344817358862841982422220954792363056078482951798167083931224959751636028441105470538636650842577296120601910301551518800965249146685017285902480231962932622648940245661626816702173368568652810767598390184996110883189782781162565532855282226271594806936906798303986863032785024	2,5,5,5,5,5,5,5,5,5,5,5	-6,-6,-6,-6,5,5,5,5,5,5,5,5	ok
0.810811	-12.672673	-55.849377	0.383282	continued:5	29797441240847192311964028853190280189674041619720799605070824129924103630349014387363218437041262128836255660367033565228906969921436065807110492954244538641922732381526988524213230765695165516684856964886402475218726787375215748391120225301433133801809602551954799399621703470614032595261603547732880205461166225506383472517669360488304292936684047002677551828409989745109425630864985134410193792953865040518523831529536300530641045251591967863934567240392252956558066164333919517605967140666825295678885425885703571255653804736275143929100692220038798706158319647429715853695189408137905886849532235618040048915843699717253768347612786229825919381254819950003230731411699587487497416574604357461782731627985417825863827186922456007553462225308282547856313633328955167419706775789469480611559738007413659668099782369121054590863861144238738959096672747737279409735626906209769372241309584913238418046885958531887025083628995414392263108247031801394472881212143143290264995601672765057255835010141684178851946852334816222471921330954532441368628013762954560274614035782030976878003106108119474895930869390230978001142747859294010451401389041610021396389202458667172133077048283131957393284404046055072840862552476804960590773588035550160518779771015300113988794745430447108388763936036391554818686310698826823745046645932777118000501528571302258842157120161592246825458076945448272280842797248906300044479518696641734693324181489212265813457170004955770760887235939038192760808987404067123321869173971757838442893034607825588593403361554127149250118875505486731855145760681298219457250308132640904218073784614708924155595806944930547318904468843177690595707211669288960907556199480161653609645994266584315730691566908250747287898943712222246372534690134451068899422254021637196224830246477904596543301033681131775679063973269255218937604863593893273196723146610152486770990626541172511868746270110909599169369541053605775476874999235074775904147367292101321900927304867604385408199963221479651225280226710530156037338580036896715902646195872747894866823124714498847232817625169224198895069403885938867721767979748477372794880668051681982723096261587652774357261807694173901285251921784395890499730896012886216845373652078461359897759128200005689040032547396203847928147929858865221813870999505513864361534995807411780677030588952216466757759085088584581596826694462814680966749214327565497225850780274963611705934378191475457501963514027549254038795535992415462678288421790787882937517475343769917219187668554146278773808854527227601362856942923396302571702143395763413564704081263404342636312438009415911543578017383079195890741852167841869346444614454059588128279103020551326863564852042239529515077129842426645221370395333297149104527722546713710178064316789042599555620497703374903782852043551242995991627137230197930540694208237584517648321994502943832022569543753235232343562670993669468757171131246740892994619127399322467573401513409669629036153462482381071725043653775133977230985275679380525041200990177805250063428517772599950361701139460008406601542048771707941337075675629326034398211423714127555186290107646245351341	29797441240847192311964028853190280189674041619720799605070824129924103630349014387363218437041262128836255660367033565228906969921436065807110492954244538641922732381526988524213230765695165516739994474690365920321938836124680349407621389174422575433515432175857440806646186534711664095048200233844655797841473677453405663250260447801631435344135993128643147796482806147876468549439715749856071249659627599475987323671827369771865221845291756903281146615711384803434295024829277842831418694839941823883831566498004267261730671018929104843904442387870484365857888189536296648098670249137264353498164544236896672831076268761190520600080121584857972539648724104485926725981306583995477145957712627015939516317459995807158397098987563805866798273465357843109707315770267392401784231126954403131562900596901554920941929800667469540731596024416446057782475494050688655549937961178871708310774758509474199344274385665327650397601172390515912454512807551418600510707134665906879279435847487037545889115906146070551888130409417242517356945216602359496984048243451821412619142457943691164845601083632128546483691663273094080913772697520179354680054649028668957946549146753511281249223840930715689293831419123065851313060999449270994502051366517732748996349002023493589746389443904928584896086009937902409399920434894710434724828196433334435922244668719645070963172539209158021792443345390080700323594367010028199659713009657377267993424553187083049959871759642950546564115043686986727275079274165803791130947745943729088287446146315142597144867697576962518223254129784798353692320199609326236331562162357837154161327410893653751353928188357060819386291038315699515945578803684128563951919167284446247510477990182837068591600676868297768334898584288723942699190640202442839893579166409880503015760738302302570046116447827086084073441321714942666101414518479176423105648711687879218471236190176600796681511666896308859614134239928797759208577212886818024885468038317562615951945186145592849252834489464356832462013050785232964555014173501082063224663076950521174225921740748958276354581317930343878198679395987090384577457301079341177020976052799869149695026872065018420674452299414162913612208123507104386870095413979334372531224273972203388865835237407081754294943453773718759280670415300520637383873892721005089937953030673599048711653146917404021429094984047816660420694816602178875201695400988398973088798552656729720495680451227538147687793341332499648646293793248918340258355601353266919741385547418526772611358855388134545651875747391201085716439682993707455952533231589053557758453984382041334780180937073734599497827168057358982562680015870339254797742738058438183613878215805594619563021509599997654121573785807799002641011052331754503722508393689584258769633680928151448058103373573899923437496774304773725973871243296922115804966521388598474926202559813344817358862841982422220954792363056078482951798167083931224959751636028441105470538636650842577296120601910301551518800965249146685017285902480231962932622648940245661626816702173368568652810767598390184996110883189782781162565532855282226271594806936906798303986863032785024	-3,-5,-5,5,5,5,5,5,5,5,5,5	-6,-6,-6,-6,5,5,5,5,5,5,5,5	ok
0.814815	-12.672673	-56.547022	0.386076	full	29797441240847192311964028853190280189674041619720799605070824129924103630349014387363218437041262128836255660367033565228906969921436065807110492954244538641922732381526988524213230765695165516684856964886402475218726787375215748391120225301433133801809602551954799399621703470614032595261603547732880205461166225506383472517669360488304292936684047002677551828409989745109425630864985134410193792953865040518523831529536300530641045251591967863934567240392252956558066164333919517605967140666825295678885425885703571255653804736275143929100692220038798706158319647429715853695189408137905886849532235618040048915843699717253768347612786229825919381254819950003230731411699587487497416574604357461782731627985417825863827186922456007553462225308282547856313633328955167419706775789469480611559738007413659668099782369121054590863861144238738959096672747737279409735626906209769372241309584913238418046885958531887025083628995414392263108247031801394472881212143143290264995601672765057255835010141684178851946852334816222471921330954532441368628013762954560274614035782030976878003106108119474895930869390230978001142747859294010451401389041610021396389202458667172133077048283131957393284404046055072840862552476804960590773588035550160518779771015300113988794745430447108388763936036391554818686310698826823745046645932777118000501528571302258842157120161592246825458076945448272280842797248906300044479518696641734693324181489212265813457170004955770760887235939038192760808987404067123321869173971757838442893034607825588593403361554127149250118875505486731855634001943305823171923295372245300906767905982477167484835026022822187204627269204844987211011940941667134654296913687936274112754373468550886875802876188709472754063342347317249479616916610689171767749357040759587517474313148110073762823465285073897351781163537756412982006858748539995767023971429657627260773237391568519076775711612611299091719410115731500777092087881282208874409079023631829030648695642304439931680736629547289296303373559905500016903765382060180806971287201779052374667416668947045336378917748940262993374486608657725013022648380047409566614791596227446710853547812746384953067558936813088339921488111480081760029909108838353394104334980727704481736608735745425822925403058639407586724353478088946036383516800123971725161041493401994328121687156689432273465688499936035225864029998613479440391852446157717911585439014687317481149933982712421555005200538504478442228714114485017224712235470987904693813018614398590525205334240275798617668115715538973278658713310799611581522817942044936466064154271578213743396856420480573507618424727688072070034945453755123364335449819963368874793841169514916334183977460595803715433407985258576268651214250508529678450979605909232382695155944815359032525018640214592385549484456912827848266805935229700876410737421968897885417267990047888479232425565821870678693123081852100375118952194477136347411483399977749265689414588780625733643695247066151133956535312973601818548318974417290995963734535847039610589551060724610440225198437575880349471712735464396384855643523748764143223271408676528453975545766914228228	29797441240847192311964028853190280189674041619720799605070824129924103630349014387363218437041262128836255660367033565228906969921436065807110492954244538641922732381526988524213230765695165516739994474690365920321938836124680349407621389174422575433515432175857440806646186534711664095048200233844655797841473677453405663250260447801631435344135993128643147796482806147876468549439715749856071249659627599475987323671827369771865221845291756903281146615711384803434295024829277842831418694839941823883831566498004267261730671018929104843904442387870484365857888189536296648098670249137264353498164544236896672831076268761190520600080121584857972539648724104485926725981306583995477145957712627015939516317459995807158397098987563805866798273465357843109707315770267392401784231126954403131562900596901554920941929800667469540731596024416446057782475494050688655549937961178871708310774758509474199344274385665327650397601172390515912454512807551418600510707134665906879279435847487037545889115906146070551888130409417242517356945216602359496984048243451821412619142457943691164845601083632128546483691663273094080913772697520179354680054649028668957946549146753511281249223840930715689293831419123065851313060999449270994502051366517732748996349002023493589746389443904928584896086009937902409399920434894710434724828196433334435922244668719645070963172539209158021792443345390080700323594367010028199659713009657377267993424553187083049959871759642950546564115043686986727275079274165803791130947745943729088287446146315142597144867697576962518223254129784798353692320199609326236331562162357837154161327410893653751353928188357060819386291038315699515945578803684128563951919167284446247510477990182837068591600676868297768334898584288723942699190640202442839893579166409880503015760738302302570046116447827086084073441321714942666101414518479176423105648711687879218471236190176600796681511666896308859614134239928797759208577212886818024885468038317562615951945186145592849252834489464356832462013050785232964555014173501082063224663076950521174225921740748958276354581317930343878198679395987090384577457301079341177020976052799869149695026872065018420674452299414162913612208123507104386870095413979334372531224273972203388865835237407081754294943453773718759280670415300520637383873892721005089937953030673599048711653146917404021429094984047816660420694816602178875201695400988398973088798552656729720495680451227538147687793341332499648646293793248918340258355601353266919741385547418526772611358855388134545651875747391201085716439682993707455952533231589053557758453984382041334780180937073734599497827168057358982562680015870339254797742738058438183613878215805594619563021509599997654121573785807799002641011052331754503722508393689584258769633680928151448058103373573899923437496774304773725973871243296922115804966521388598474926202559813344817358862841982422220954792363056078482951798167083931224959751636028441105470538636650842577296120601910301551518800965249146685017285902480231962932622648940245661626816702173368568652810767598390184996110883189782781162565532855282226271594806936906798303986863032785024	-4,-5,-5,5,5,5,5,5,5,5,5,5	-6,-6,-6,-6,5,5,5,5,5,5,5,5	ok
0.818819	-12.672673	-18.587151	0.376705	continued:5	29797441240847192311964028853190280189674041619720799605070824129924103630349014387363218437041269379671702255991987079804799208406459594566569431867073202856046034605145785804039600969463916687067747226380923922491222894104993820922680916963522101285847689175302460496849986346102331021429321628513066058476966515597825216826491333292587291982542222577650377274214589137990302734087449011575245290848909222554254695812547715610856551849088835050194079719046057626362150098208139175376597342767181508719554474278778659080532774115025837077781440395069085566275270593757816945481686485193015874439188322179831981093036895623277079340863901340841530659385999147856565374809215690856107223889095514999077328145392637026919656402861829173510689476833346886203495903722973673938428907342665985450153766974630221683572796787810716276779509428668189395549706460924549201311213682554311884566287526513070221086970102079502518306375668819648104970735106915337010019709466847876528053194557633443693143469018575215590734560071929202513032293161520947781205518646187551763858454262249085426873090518872337808205076611467664005144113650120563379257218770267486854454585126147436133801137991014129585620735980500953292237789609787242677680689694288070265806540141549427425248272673270851742511442169211186806239397763650659713785016570063740146045684814403372018803768586828299504204092612670676494271732825660823422665667015755407871992093170287952447679322498508505274487350537095266210019724168338260398722942678821221266384605130307612355799199609047992269308186644354000967333381175553280760914446148370023287088228849170347881899601592957779496717089529624415996571893576863050640951342501835191808487465687826075636979512067037005450779753353177435111614001715484312001816384352762400712252548904198854216466264210525479097437673512807158596348488129087960133258524101336574805213665411425124454780739495402291847771652137025589983184284460810562787320668339805098331937722599606065619084856958771673242084198722913817887074743821661748797812273655525743432361688233421686368852958866559648640562991718528750352122206248536312579225014329561736369990548582748693424612715648211554530104896236322451513200908886118839047564463445878359272722370536456118859442322222820107244098495052102940808721052602060103156449187707447090872615870319746214856185454522991791641766286882833037526309329013752792352821340819145006992587729484345225925667065361009777859811041577718352594630797073279476939568456770295121973323525972363725605776252759180026711386645141160088547073280634670368924396700103578101328615397388394652067542033570072145786504549148011727226838247760223837749901211017914973213252987262986721904822298714260263597577093732471716293652152129120666031321118178847669706582815707811337412081429531982014119104378284115524277451356498322791676739500088354291648122352621027674434988075212205934256345685529062861434634867097317166051016217239093756425608644697903635062497488722253054351129927045998808878725083879390067532032789741198914486810405385458873490292076946911994540223105784796796150593334911699175098439467764678348201	29797441240847192311964028853190280189674041619720799605070824129924103630349014387363218437041262128836255660367033565228906969921436065807110492954244538641922732381526988524213230765695165516739994474690365920321938836124680349407621389174422575433515432175857440806646186534711664095048200233844655797841473677453405663250260447801631435344135993128643147796482806147876468549439715749856071249659627599475987323671827369771865221845291756903281146615711384803434295024829277842831418694839941823883831566498004267261730671018929104843904442387870484365857888189536296648098670249137264353498164544236896672831076268761190520600080121584857972539648724104485926725981306583995477145957712627015939516317459995807158397098987563805866798273465357843109707315770267392401784231126954403131562900596901554920941929800667469540731596024416446057782475494050688655549937961178871708310774758509474199344274385665327650397601172390515912454512807551418600510707134665906879279435847487037545889115906146070551888130409417242517356945216602359496984048243451821412619142457943691164845601083632128546483691663273094080913772697520179354680054649028668957946549146753511281249223840930715689293831419123065851313060999449270994502051366517732748996349002023493589746389443904928584896086009937902409399920434894710434724828196433334435922244668719645070963172539209158021792443345390080700323594367010028199659713009657377267993424553187083049959871759642950546564115043686986727275079274165803791130947745943729088287446146315142597144867697576962518223254129784798353692320199609326236331562162357837154161327410893653751353928188357060819386291038315699515945578803684128563951919167284446247510477990182837068591600676868297768334898584288723942699190640202442839893579166409880503015760738302302570046116447827086084073441321714942666101414518479176423105648711687879218471236190176600796681511666896308859614134239928797759208577212886818024885468038317562615951945186145592849252834489464356832462013050785232964555014173501082063224663076950521174225921740748958276354581317930343878198679395987090384577457301079341177020976052799869149695026872065018420674452299414162913612208123507104386870095413979334372531224273972203388865835237407081754294943453773718759280670415300520637383873892721005089937953030673599048711653146917404021429094984047816660420694816602178875201695400988398973088798552656729720495680451227538147687793341332499648646293793248918340258355601353266919741385547418526772611358855388134545651875747391201085716439682993707455952533231589053557758453984382041334780180937073734599497827168057358982562680015870339254797742738058438183613878215805594619563021509599997654121573785807799002641011052331754503722508393689584258769633680928151448058103373573899923437496774304773725973871243296922115804966521388598474926202559813344817358862841982422220954792363056078482951798167083931224959751636028441105470538636650842577296120601910301551518800965249146685017285902480231962932622648940245661626816702173368568652810767598390184996110883189782781162565532855282226271594806936906798303986863032785024	2,-6,-6,-6,-6,5,5,5,5,5,5,5	-6,-6,-6,-6,5,5,5,5,5,5,5,5	ok
0.822823	-12.672673	-44.266358	0.373911	continued:5	29797441240847192311964028853190280189674041619720799605070824129924103630349014387363218437041269379671702255991987079804799208406459594566569431867073202856046034605145785804039600969463916687067747226380923922491222894104993820922680916963522101285847689175302460496849986346102331021429321628513066058476966515597825216826491333292587291982542222577650377274214589137990302734087449011575245290848909222554254695812547715610856551849088835050194079719046057626362150098208139175376597342767181508719554474278778659080532774115025837077781440395069085566275270593757816945481686485193015874439188322179831981093036895623277079340863901340841530659385999147856565374809215690856107223889095514999077328145392637026919656402861829173510689476833346886203495903722973673938428907342665985450153766974630221683572796787810716276779509428668189395549706460924549201311213682554311884566287526513070221086970102079502518306375668819648104970735106915337010019709466847876528053194557633443693143469018575215590734560071929202513032293161520947781205518646187551763858454262249085426873090518872337808205076611467664005144113650120563379257218770267486854454585126147436133801137991014129585620735980500953292237789609787242677680689694288070265806540141549427425248272673270851742511442169211186806239397763650659713785016570063740146045684814403372018803768586828299504204092612670676494271732825660823422665667015755407871992093170287952447679322498508505274487350537095266210019724168338260398722942678821221266384605130307612355799199609047992269308186644354000967577501806557082618250939768172221631435289533054469546519211131903599439578489710458064304224258242753991949077370626105594906836037224054290926572608678922256633712993602996984006523452864385914534256302237911309852295024385228288604440813133818523810898119925050703355963900218951617376650619488146988722126240320579110187302145019161967513651877444585927344385852371591587239479373025236897455593637451259909552184387174282119561203519632898550705037840759703914348593348037908819867883547895371818202043640393039621020414797283530450466713315250569932983955276693719882048390485465533485510588385800687164523518749117193521756140543696837736214803627013723775681198061143445893247905650949500473629326963766107163600668394240903123651228438463367201158148596206161949377092181370296185686953116169180681409176863011561460773364643495997498158348442437275882190669358992018110491685779447950403551737289524400188144456712436403249187563796755054042049539301937259411075522538733691707058564810010534654090759160134597025679885017648083247039488263739988336876140274341217599534325235297286210657654731573750783323097372755158570573080483488140629668257895084652056736727996122993728043210256287889504365916978816342762787474618174908670557430739386534503325046464982165958137308962713991872691611660726293175985295198880150537665532320515716601853326513620014155618044775269164610412057730011889397022653749383237792359033344825171133135794449221133882528280294589598664230128884859792907483347242875645344023258298724106021662059937863156992956219585501182948511	29797441240847192311964028853190280189674041619720799605070824129924103630349014387363218437041262128836255660367033565228906969921436065807110492954244538641922732381526988524213230765695165516739994474690365920321938836124680349407621389174422575433515432175857440806646186534711664095048200233844655797841473677453405663250260447801631435344135993128643147796482806147876468549439715749856071249659627599475987323671827369771865221845291756903281146615711384803434295024829277842831418694839941823883831566498004267261730671018929104843904442387870484365857888189536296648098670249137264353498164544236896672831076268761190520600080121584857972539648724104485926725981306583995477145957712627015939516317459995807158397098987563805866798273465357843109707315770267392401784231126954403131562900596901554920941929800667469540731596024416446057782475494050688655549937961178871708310774758509474199344274385665327650397601172390515912454512807551418600510707134665906879279435847487037545889115906146070551888130409417242517356945216602359496984048243451821412619142457943691164845601083632128546483691663273094080913772697520179354680054649028668957946549146753511281249223840930715689293831419123065851313060999449270994502051366517732748996349002023493589746389443904928584896086009937902409399920434894710434724828196433334435922244668719645070963172539209158021792443345390080700323594367010028199659713009657377267993424553187083049959871759642950546564115043686986727275079274165803791130947745943729088287446146315142597144867697576962518223254129784798353692320199609326236331562162357837154161327410893653751353928188357060819386291038315699515945578803684128563951919167284446247510477990182837068591600676868297768334898584288723942699190640202442839893579166409880503015760738302302570046116447827086084073441321714942666101414518479176423105648711687879218471236190176600796681511666896308859614134239928797759208577212886818024885468038317562615951945186145592849252834489464356832462013050785232964555014173501082063224663076950521174225921740748958276354581317930343878198679395987090384577457301079341177020976052799869149695026872065018420674452299414162913612208123507104386870095413979334372531224273972203388865835237407081754294943453773718759280670415300520637383873892721005089937953030673599048711653146917404021429094984047816660420694816602178875201695400988398973088798552656729720495680451227538147687793341332499648646293793248918340258355601353266919741385547418526772611358855388134545651875747391201085716439682993707455952533231589053557758453984382041334780180937073734599497827168057358982562680015870339254797742738058438183613878215805594619563021509599997654121573785807799002641011052331754503722508393689584258769633680928151448058103373573899923437496774304773725973871243296922115804966521388598474926202559813344817358862841982422220954792363056078482951798167083931224959751636028441105470538636650842577296120601910301551518800965249146685017285902480231962932622648940245661626816702173368568652810767598390184996110883189782781162565532855282226271594806936906798303986863032785024	-3,-6,-6,-6,-6,5,5,5,5,5,5,5	-6,-6,-6,-6,5,5,5,5,5,5,5,5	ok
0.826827	-12.672673	-49.773085	0.372869	continued:5	29797441240847192311964028853190280189674041619720799605070824129924103630349014387363218437041269379671702255991987079804799208406459594566569431867073202856046034605145785804039600969463916687067747226380923922491222894104993820922680916963522101285847689175302460496849986346102331021429321628513066058476966515597825216826491333292587291982542222577650377274214589137990302734087449011575245290848909222554254695812547715610856551849088835050194079719046057626362150098208139175376597342767181508719554474278778659080532774115025837077781440395069085566275270593757816945481686485193015874439188322179831981093036895623277079340863901340841530659385999147856565374809215690856107223889095514999077328145392637026919656402861829173510689476833346886203495903722973673938428907342665985450153766974630221683572796787810716276779509428668189395549706460924549201311213682554311884566287526513070221086970102079502518306375668819648104970735106915337010019709466847876528053194557633443693143469018575215590734560071929202513032293161520947781205518646187551763858454262249085426873090518872337808205076611467664005144113650120563379257218770267486854454585126147436133801137991014129585620735980500953292237789609787242677680689694288070265806540141549427425248272673270851742511442169211186806239397763650659713785016570063740146045684814403372018803768586828299504204092612670676494271732825660823422665667015755407871992093170287952447679322498508505274487350537095266210019724168338260398722942678821221266384605130307612355799199609047992269308186644354000968065743068564686332923927007776618320129410900822712875758430209795239325301290072125360919528987574535874565329426874646401103533180296510721505758801902692758999579474102636081796342355162189119599136138008209128132379975347287157380389910980404613237819012749537792875194724398678931863434810261767816555951390138887081652344956066681318845412328059706602066788988193153636143796782396100495702905467154567597418383447605303012199442161452868016340964034635788245450155496802674972738927267219272081868425003445999565780118408413533850695895533254637173793415801422036173405190359231103069682539726105638384510346454878935662242019813318275530549281954149414608498149442357425442024832308402861206399783901194115609184563077518589164640786939975207421729214047978993418418905635064904973777326774741875969174911931007178797614451248849702480489869868343137194720673946254034775755435255188414505465950274426641610554233223768619503616044338320434674937065400293418179803794325918754944081547868762263224423484080196634874382424258167460436983380724079820719055411724727629344149299210371410956473161772685422403542786143739502267909596853035901361809619497789012737622879684110739852066988532505973173684585305033405613538260995460761983434083461591372461420236681949852291058447887965267034778590276936824179085909446216039744483905590489024082690709806665408134752101891329306318384955900639860920942966270705207268374840180383515781649933179904621512520775304286398163716765843808460975469457574733112042989328684602724472684993143766072628671779820974192149134	29797441240847192311964028853190280189674041619720799605070824129924103630349014387363218437041262128836255660367033565228906969921436065807110492954244538641922732381526988524213230765695165516739994474690365920321938836124680349407621389174422575433515432175857440806646186534711664095048200233844655797841473677453405663250260447801631435344135993128643147796482806147876468549439715749856071249659627599475987323671827369771865221845291756903281146615711384803434295024829277842831418694839941823883831566498004267261730671018929104843904442387870484365857888189536296648098670249137264353498164544236896672831076268761190520600080121584857972539648724104485926725981306583995477145957712627015939516317459995807158397098987563805866798273465357843109707315770267392401784231126954403131562900596901554920941929800667469540731596024416446057782475494050688655549937961178871708310774758509474199344274385665327650397601172390515912454512807551418600510707134665906879279435847487037545889115906146070551888130409417242517356945216602359496984048243451821412619142457943691164845601083632128546483691663273094080913772697520179354680054649028668957946549146753511281249223840930715689293831419123065851313060999449270994502051366517732748996349002023493589746389443904928584896086009937902409399920434894710434724828196433334435922244668719645070963172539209158021792443345390080700323594367010028199659713009657377267993424553187083049959871759642950546564115043686986727275079274165803791130947745943729088287446146315142597144867697576962518223254129784798353692320199609326236331562162357837154161327410893653751353928188357060819386291038315699515945578803684128563951919167284446247510477990182837068591600676868297768334898584288723942699190640202442839893579166409880503015760738302302570046116447827086084073441321714942666101414518479176423105648711687879218471236190176600796681511666896308859614134239928797759208577212886818024885468038317562615951945186145592849252834489464356832462013050785232964555014173501082063224663076950521174225921740748958276354581317930343878198679395987090384577457301079341177020976052799869149695026872065018420674452299414162913612208123507104386870095413979334372531224273972203388865835237407081754294943453773718759280670415300520637383873892721005089937953030673599048711653146917404021429094984047816660420694816602178875201695400988398973088798552656729720495680451227538147687793341332499648646293793248918340258355601353266919741385547418526772611358855388134545651875747391201085716439682993707455952533231589053557758453984382041334780180937073734599497827168057358982562680015870339254797742738058438183613878215805594619563021509599997654121573785807799002641011052331754503722508393689584258769633680928151448058103373573899923437496774304773725973871243296922115804966521388598474926202559813344817358862841982422220954792363056078482951798167083931224959751636028441105470538636650842577296120601910301551518800965249146685017285902480231962932622648940245661626816702173368568652810767598390184996110883189782781162565532855282226271594806936906798303986863032785024	-4,-6,-6,-6,-6,5,5,5,5,5,5,5	-6,-6,-6,-6,5,5,5,5,5,5,5,5	ok
0.830831	-12.672673	-52.874575	0.375662	continued:5	29797441240847192311964028853190280189674041619720799605070824129924103630349014387363218437041262128836255660367033565228906969921436065807110492954244538641922732381526988524213230765695165516739994474690365920321938836124680349407621389174422575433515432175857440806646186534711664095048200233844655797841473677453405663250260447801631435344135993128643147796482806147876468549439715749856071249659627599475987323671827369771865221845291756903281146615711384803434295024829277842831418694839941823883831566498004267261730671018929104843904442387870484365857888189536296648098670249137264353498164544236896672831076268761190520600080121584857972539648724104485926725981306583995477145957712627015939516317459995807158397098987563805866798273465357843109707315770267392401784231126954403131562900596901554920941929800667469540731596024416446057782475494050688655549937961178871708310774758509474199344274385665327650397601172390515912454512807551418600510707134665906879279435847487037545889115906146070551888130409417242517356945216602359496984048243451821412619142457943691164845601083632128546483691663273094080913772697520179354680054649028668957946549146753511281249223840930715689293831419123065851313060999449270994502051366517732748996349002023493589746389443904928584896086009937902409399920434894710434724828196433334435922244668719645070963172539209158021792443345390080700323594367010028199659713009657377267993424553187083049959871759642950546564115043686986727275079274165803791130947745943729088287446146315142597144867697576962518223254129784798352227596413586515092312600443544647088078963307588923763636270954682141162217889953313809670031390986549607323729776543960584738185340384283123633257672835492121369841702679003714621452511211488132879741846931541965183383174837080362231598519353499614715385644344696173540416779531065434514717344159270458185322190319002918880258798254585345793021680011380250162900736886694238160674778981671586382208590845498820890423879819056887601109365751288169363031295963144711437811826340557432543810457055113118374314559725013652447420706746641436778696524352787229829152569711848155287193266851071686745685042687177962542028756361060869980631274911665606915825007767093996814283157425089768909349591853180534020417877983831190934567547174451197027036328545009959409946568673189931891319140937683057466613144960188029307056843699539503135152185374427537954913055660224161914893302003539102496278970623526635768611491194218105289433947847410751650163321463340207577290361653284295849315999533959606886633457085563974953571689595287416222208201363712344572181242588061645200339451253286932525102910907083689274126797791574829676094911935693125515417479693245700545586849632114793883489894020589182643866659862269879522861085274501240188470144503049261976403001533674881602511292873745561199354906195581127298495235690714135319826928323334069849570106748106926807217065592924536332009850126335061121352445624550266729775884694105739726308839115329994490671173218127425760715447686495957442938227080980437674949283143843006920551744113229740734747747362441070220744173404608273321	29797441240847192311964028853190280189674041619720799605070824129924103630349014387363218437041262128836255660367033565228906969921436065807110492954244538641922732381526988524213230765695165516739994474690365920321938836124680349407621389174422575433515432175857440806646186534711664095048200233844655797841473677453405663250260447801631435344135993128643147796482806147876468549439715749856071249659627599475987323671827369771865221845291756903281146615711384803434295024829277842831418694839941823883831566498004267261730671018929104843904442387870484365857888189536296648098670249137264353498164544236896672831076268761190520600080121584857972539648724104485926725981306583995477145957712627015939516317459995807158397098987563805866798273465357843109707315770267392401784231126954403131562900596901554920941929800667469540731596024416446057782475494050688655549937961178871708310774758509474199344274385665327650397601172390515912454512807551418600510707134665906879279435847487037545889115906146070551888130409417242517356945216602359496984048243451821412619142457943691164845601083632128546483691663273094080913772697520179354680054649028668957946549146753511281249223840930715689293831419123065851313060999449270994502051366517732748996349002023493589746389443904928584896086009937902409399920434894710434724828196433334435922244668719645070963172539209158021792443345390080700323594367010028199659713009657377267993424553187083049959871759642950546564115043686986727275079274165803791130947745943729088287446146315142597144867697576962518223254129784798353692320199609326236331562162357837154161327410893653751353928188357060819386291038315699515945578803684128563951919167284446247510477990182837068591600676868297768334898584288723942699190640202442839893579166409880503015760738302302570046116447827086084073441321714942666101414518479176423105648711687879218471236190176600796681511666896308859614134239928797759208577212886818024885468038317562615951945186145592849252834489464356832462013050785232964555014173501082063224663076950521174225921740748958276354581317930343878198679395987090384577457301079341177020976052799869149695026872065018420674452299414162913612208123507104386870095413979334372531224273972203388865835237407081754294943453773718759280670415300520637383873892721005089937953030673599048711653146917404021429094984047816660420694816602178875201695400988398973088798552656729720495680451227538147687793341332499648646293793248918340258355601353266919741385547418526772611358855388134545651875747391201085716439682993707455952533231589053557758453984382041334780180937073734599497827168057358982562680015870339254797742738058438183613878215805594619563021509599997654121573785807799002641011052331754503722508393689584258769633680928151448058103373573899923437496774304773725973871243296922115804966521388598474926202559813344817358862841982422220954792363056078482951798167083931224959751636028441105470538636650842577296120601910301551518800965249146685017285902480231962932622648940245661626816702173368568652810767598390184996110883189782781162565532855282226271594806936906798303986863032785024	-3,-6,-6,-6,5,5,5,5,5,5,5,5	-6,-6,-6,-6,5,5,5,5,5,5,5,5	ok
0.834835	-12.672673	-54.785522	0.378455	continued:5	29797441240847192311964028853190280189674041619720799605070824129924103630349014387363218437041262128836255660367033565228906969921436065807110492954244538641922732381526988524213230765695165516684856964886402475218726787375215748391120225301433133801809602551954799399621703470614032595261603547732880205461166225506383472517669360488304292936684047002677551828409989745109425630864985134416570483495028535097538525962819715706453278578056276781997658621821330623661439735037198469982874980353282521543069959364804122626389538391283710117759012920542190446628568269535485120906902702054290158140837938102629797883544586003735080140767802541056613215533165923427360817084903885101038661329655704061613434516352085161782006860284716509839924228309376088170740553115806220734141302649848057010058913693667459286835607211129246633087358315863204490737630361736531172516441701350353989780844469604679326961211342427047892996344090028808147916171706518889485060629487737417917569767213496185589810977631686161593663266872708183305924891421716519836703659212884206754774705296603977160595587057551946392243523306131003376817168847344668193734612715320449809071341032253817577093207483930220945124667599152474307313066288132598337858614967222060190098955400369833539728841815639323595546756206693047251103075382837527829820663088922381252193091723767612410835446041002371833244855823858875455973221693803924258499763326053205682414512096667270504543905693204277613951276144204402168422635613346089666241936344317839882762737246424381784741408159245368710128847124504748050748111412582566512288968226047686200056656223738469274645117211165687626936952289037669000654757434079038351293142398199736171963556441793898591330530675978310112208859662005424806452941201246101455847759000898318041488813982619936947815982856413891137784800190154093281327860182560823261685488508113968068217598827964046969516154354481407303374959842476509499577778355900899596593717369964293142336358407120514940264421675188901495517470508637014936345826971313120846137859009700339038636716525826844779923459292374245954523832749500924356354129408568670596238718508977870071654856578927876756216245834992875393656862297735197689426057694023884902631656534110931762040664624767017916948708345634901034660541809265419704169271694571232756957025466934587107723958400440038232482143855547794640145902999489480034377460606980267159991447677902698264473711159734655165925555620846824396641215787246638962324877553423933037106191161197331063198337740604130484094764684062606434746519376474318955350120289640810112024969032551888363269972331440310086779796575756584746757088242276429737506334080502770473311995109432948602171109211262560308685761715761583846004099291649470573340028363701093277106206256170103465659405936162185627205542257991195552165265583844725838798561209278263754750379122648047563305777611962982961738686855945171484425506200474314795819853583685045659287097215354941370427522929505971863440205147343841429218714263931778467082238801381465256074535761947532365854187773260201913670652334919740256570150853429498022919431758708252555660046345015830069	29797441240847192311964028853190280189674041619720799605070824129924103630349014387363218437041262128836255660367033565228906969921436065807110492954244538641922732381526988524213230765695165516739994474690365920321938836124680349407621389174422575433515432175857440806646186534711664095048200233844655797841473677453405663250260447801631435344135993128643147796482806147876468549439715749856071249659627599475987323671827369771865221845291756903281146615711384803434295024829277842831418694839941823883831566498004267261730671018929104843904442387870484365857888189536296648098670249137264353498164544236896672831076268761190520600080121584857972539648724104485926725981306583995477145957712627015939516317459995807158397098987563805866798273465357843109707315770267392401784231126954403131562900596901554920941929800667469540731596024416446057782475494050688655549937961178871708310774758509474199344274385665327650397601172390515912454512807551418600510707134665906879279435847487037545889115906146070551888130409417242517356945216602359496984048243451821412619142457943691164845601083632128546483691663273094080913772697520179354680054649028668957946549146753511281249223840930715689293831419123065851313060999449270994502051366517732748996349002023493589746389443904928584896086009937902409399920434894710434724828196433334435922244668719645070963172539209158021792443345390080700323594367010028199659713009657377267993424553187083049959871759642950546564115043686986727275079274165803791130947745943729088287446146315142597144867697576962518223254129784798353692320199609326236331562162357837154161327410893653751353928188357060819386291038315699515945578803684128563951919167284446247510477990182837068591600676868297768334898584288723942699190640202442839893579166409880503015760738302302570046116447827086084073441321714942666101414518479176423105648711687879218471236190176600796681511666896308859614134239928797759208577212886818024885468038317562615951945186145592849252834489464356832462013050785232964555014173501082063224663076950521174225921740748958276354581317930343878198679395987090384577457301079341177020976052799869149695026872065018420674452299414162913612208123507104386870095413979334372531224273972203388865835237407081754294943453773718759280670415300520637383873892721005089937953030673599048711653146917404021429094984047816660420694816602178875201695400988398973088798552656729720495680451227538147687793341332499648646293793248918340258355601353266919741385547418526772611358855388134545651875747391201085716439682993707455952533231589053557758453984382041334780180937073734599497827168057358982562680015870339254797742738058438183613878215805594619563021509599997654121573785807799002641011052331754503722508393689584258769633680928151448058103373573899923437496774304773725973871243296922115804966521388598474926202559813344817358862841982422220954792363056078482951798167083931224959751636028441105470538636650842577296120601910301551518800965249146685017285902480231962932622648940245661626816702173368568652810767598390184996110883189782781162565532855282226271594806936906798303986863032785024	3,5,5,5,5,5,5,5,5,5,5,5	-6,-6,-6,-6,5,5,5,5,5,5,5,5	ok
0.838839	-12.672673	-55.871549	0.381249	continued:5	29797441240847192311964028853190280189674041619720799605070824129924103630349014387363218437041262128836255660367033565228906969921436065807110492954244538641922732381526988524213230765695165516684856964886402475218726787375215748391120225301433133801809602551954799399621703470614032595261603547732880205461166225506383472517669360488304292936684047002677551828409989745109425630864985134410193792953865040518523831529536300530641045251591967863934567240392252956558066164333919517605967140666825295678885425885703571255653804736275143929100692220038798706158319647429715853695189408137905886849532235618040048915843699717253768347612786229825919381254819950003230731411699587487497416574604357461782731627985417825863827186922456007553462225308282547856313633328955167419706775789469480611559738007413659668099782369121054590863861144238738959096672747737279409735626906209769372241309584913238418046885958531887025083628995414392263108247031801394472881212143143290264995601672765057255835010141684178851946852334816222471921330954532441368628013762954560274614035782030976878003106108119474895930869390230978001142747859294010451401389041610021396389202458667172133077048283131957393284404046055072840862552476804960590773588035550160518779771015300113988794745430447108388763936036391554818686310698826823745046645932777118000501528571302258842157120161592246825458076945448272280842797248906300044479518696641734693324181489212265813457170004955770760887235939038192760808987404067123321869173971757838442893034607825588593403361554127149250118875505486731855145760681298219457250308132640904218073784614708924155595806944930547318904468843177690595707211669288960907556199480161653609645994266584315730691566908250747287898943712222246372534690134451068899422254021637196224830246477904596543301033681131775679063973269255218937604863593893273196723146610152486770990626541172511868746270110909599169369541053605775476874999235074775904147367292101321900927304867604385408199963221479651225280226710530156037338580036896715902646195872747894866823124714498847232817625169224198895069403885938867721767979748477372794880668051681982723096261587652774357261807694173901285251921784395890499730896012886216845373652078461359897759128200005689040032547396203847928147929858865221813870999505513864361534995807411780677030588952216466757759085088584581596826694462814680966749214327565497225850780274963611705934378191475457501963514027549254038795535992415462678288421790787882937517475343769917219187668554146278773808854527227601362856942923396302571702143395763413564704081263404342636312438009415911543578017383079195890741852167841869346444614454059588128279103020551326863564852042239529515077129842426645221370395333297149104527722546713710178064316789042599555620497703374903782852043551242995991627137230197930540694208237584517648321994502943832022569543753235232343562670993669468757171131246740892994619127399322467573401513409669629036153462482381071725043653775133977230985275679380525041200990177805250063428517772599950361701139460008406601542048771707941337075675629326034398211423714127555186290107646245351341	29797441240847192311964028853190280189674041619720799605070824129924103630349014387363218437041262128836255660367033565228906969921436065807110492954244538641922732381526988524213230765695165516739994474690365920321938836124680349407621389174422575433515432175857440806646186534711664095048200233844655797841473677453405663250260447801631435344135993128643147796482806147876468549439715749856071249659627599475987323671827369771865221845291756903281146615711384803434295024829277842831418694839941823883831566498004267261730671018929104843904442387870484365857888189536296648098670249137264353498164544236896672831076268761190520600080121584857972539648724104485926725981306583995477145957712627015939516317459995807158397098987563805866798273465357843109707315770267392401784231126954403131562900596901554920941929800667469540731596024416446057782475494050688655549937961178871708310774758509474199344274385665327650397601172390515912454512807551418600510707134665906879279435847487037545889115906146070551888130409417242517356945216602359496984048243451821412619142457943691164845601083632128546483691663273094080913772697520179354680054649028668957946549146753511281249223840930715689293831419123065851313060999449270994502051366517732748996349002023493589746389443904928584896086009937902409399920434894710434724828196433334435922244668719645070963172539209158021792443345390080700323594367010028199659713009657377267993424553187083049959871759642950546564115043686986727275079274165803791130947745943729088287446146315142597144867697576962518223254129784798353692320199609326236331562162357837154161327410893653751353928188357060819386291038315699515945578803684128563951919167284446247510477990182837068591600676868297768334898584288723942699190640202442839893579166409880503015760738302302570046116447827086084073441321714942666101414518479176423105648711687879218471236190176600796681511666896308859614134239928797759208577212886818024885468038317562615951945186145592849252834489464356832462013050785232964555014173501082063224663076950521174225921740748958276354581317930343878198679395987090384577457301079341177020976052799869149695026872065018420674452299414162913612208123507104386870095413979334372531224273972203388865835237407081754294943453773718759280670415300520637383873892721005089937953030673599048711653146917404021429094984047816660420694816602178875201695400988398973088798552656729720495680451227538147687793341332499648646293793248918340258355601353266919741385547418526772611358855388134545651875747391201085716439682993707455952533231589053557758453984382041334780180937073734599497827168057358982562680015870339254797742738058438183613878215805594619563021509599997654121573785807799002641011052331754503722508393689584258769633680928151448058103373573899923437496774304773725973871243296922115804966521388598474926202559813344817358862841982422220954792363056078482951798167083931224959751636028441105470538636650842577296120601910301551518800965249146685017285902480231962932622648940245661626816702173368568652810767598390184996110883189782781162565532855282226271594806936906798303986863032785024	-3,-5,-5,5,5,5,5,5,5,5,5,5	-6,-6,-6,-6,5,5,5,5,5,5,5,5	ok
0.842843	-12.672673	-56.566406	0.384042	full	29797441240847192311964028853190280189674041619720799605070824129924103630349014387363218437041262128836255660367033565228906969921436065807110492954244538641922732381526988524213230765695165516629719455082439030115514738625751147374619061428443692170103772928052157992597220406516401095475006861621104613080858773559361281785078273174977150529232100876711955860337173342342382712290254519072720075447881889404310144753063289278224835207785430431660541349367441450439188005794303382787948861163481607165076354418112248552084410588766808221488393960764772634452977681121212601890834563717080032153096869237209157451526197543499316578780728165715661405592797343730746193286565650409718848027368980104747896040744184555178311722015776748109980228169797437948177587264110848783016277103495248127583981009232091733765949791185473986104106876143040470402304046775322237031172368282587051756119069840092624861390376767344821249616461441838405100367030077331160133732065065107385090435247019414812415337521285458512702009279413490029809421634769587811238398738246652088217774948966548463838055758473873446922700045970686658751627295548316740966679020241980807705495368006437598711307815622556144329017637044698400522839661702852408872668780923408334758391575280867657988331810020357537753697319531227199689826250059445882789742552634155221024783892724733323440990802884739179065634229922588851122425097927766203348657331846508663184033641025777090847707388133833174885034465625145736007889489354862603311480293936997544073824032775712286340275727027502179924955711284195360144711762806145227372018435527948513070219700582848083432874267647138535086838143389783601897287908583022997085365430862442647687784768961275446089801210991084277528985141569730597431026411321581946773626577484044211488984249633617447101882206687038110801626150753946936902310288606333246695805621432795395503454115687246492195383871353383532807488365501580844889939888626117840957697036778208609500022691254732629401329951530093706556569730437834864279671364843737718884873053610825144812172807565427110756541869671054024065086039070183087824885002397509206056645374444563992059530012936150481750977781097585639944533978503124770098393886232462398867389946721438844541167055055024878545366845367282215476052784101012091670671635858961071100268383960160965428922147879367719492395653179876113800280951005990199380257339698997440673404250933537987392473865419955578233064857417026489492627484387999254404216057912726823908123337943040117155181072790574460669095022341046136198143398745084038834698652697446688275853819771203004614572351993965249568644910967374225792518877413750872870111525648076163907199956505750486411180787067355222381782563467419534011387102397383789768120966506729997510511219071744798280720229299266162371384579179757592222619119330206496290417479964939648482628551611852755228417808595595269842625035824229774525569512867157815908034047965557264839615197107127061888961985981938296020165555570003012761317962237344233852962253846046541619945470379846988468145084336756625507123315180475867976234028474826531493102830118677468268802050653324513	29797441240847192311964028853190280189674041619720799605070824129924103630349014387363218437041262128836255660367033565228906969921436065807110492954244538641922732381526988524213230765695165516739994474690365920321938836124680349407621389174422575433515432175857440806646186534711664095048200233844655797841473677453405663250260447801631435344135993128643147796482806147876468549439715749856071249659627599475987323671827369771865221845291756903281146615711384803434295024829277842831418694839941823883831566498004267261730671018929104843904442387870484365857888189536296648098670249137264353498164544236896672831076268761190520600080121584857972539648724104485926725981306583995477145957712627015939516317459995807158397098987563805866798273465357843109707315770267392401784231126954403131562900596901554920941929800667469540731596024416446057782475494050688655549937961178871708310774758509474199344274385665327650397601172390515912454512807551418600510707134665906879279435847487037545889115906146070551888130409417242517356945216602359496984048243451821412619142457943691164845601083632128546483691663273094080913772697520179354680054649028668957946549146753511281249223840930715689293831419123065851313060999449270994502051366517732748996349002023493589746389443904928584896086009937902409399920434894710434724828196433334435922244668719645070963172539209158021792443345390080700323594367010028199659713009657377267993424553187083049959871759642950546564115043686986727275079274165803791130947745943729088287446146315142597144867697576962518223254129784798353692320199609326236331562162357837154161327410893653751353928188357060819386291038315699515945578803684128563951919167284446247510477990182837068591600676868297768334898584288723942699190640202442839893579166409880503015760738302302570046116447827086084073441321714942666101414518479176423105648711687879218471236190176600796681511666896308859614134239928797759208577212886818024885468038317562615951945186145592849252834489464356832462013050785232964555014173501082063224663076950521174225921740748958276354581317930343878198679395987090384577457301079341177020976052799869149695026872065018420674452299414162913612208123507104386870095413979334372531224273972203388865835237407081754294943453773718759280670415300520637383873892721005089937953030673599048711653146917404021429094984047816660420694816602178875201695400988398973088798552656729720495680451227538147687793341332499648646293793248918340258355601353266919741385547418526772611358855388134545651875747391201085716439682993707455952533231589053557758453984382041334780180937073734599497827168057358982562680015870339254797742738058438183613878215805594619563021509599997654121573785807799002641011052331754503722508393689584258769633680928151448058103373573899923437496774304773725973871243296922115804966521388598474926202559813344817358862841982422220954792363056078482951798167083931224959751636028441105470538636650842577296120601910301551518800965249146685017285902480231962932622648940245661626816702173368568652810767598390184996110883189782781162565532855282226271594806936906798303986863032785024	-4,-5,-5,-5,5,5,5,5,5,5,5,5	-6,-6,-6,-6,5,5,5,5,5,5,5,5	ok
0.846847	-12.672673	-18.808177	0.399831	continued:5	29797441240847192311964028853190280189674041619720799605070824129924103630349014387363218437041269379671702255991987079804799208406459594566569431867073202856046034605145785804039600969463916687067747226380923922491222894104993820922680916963522101285847689175302460496849986346102331021429321628513066058476966515597825216826491333292587291982542222577650377274214589137990302734087449011575245290848909222554254695812547715610856551849088835050194079719046057626362150098208139175376597342767181508719554474278778659080532774115025837077781440395069085566275270593757816945481686485193015874439188322179831981093036895623277079340863901340841530659385999147856565374809215690856107223889095514999077328145392637026919656402861829173510689476833346886203495903722973673938428907342665985450153766974630221683572796787810716276779509428668189395549706460924549201311213682554311884566287526513070221086970102079502518306375668819648104970735106915337010019709466847876528053194557633443693143469018575215590734560071929202513032293161520947781205518646187551763858454262249085426873090518872337808205076611467664005144113650120563379257218770267486854454585126147436133801137991014129585620735980500953292237789609787242677680689694288070265806540141549427425248272673270851742511442169211186806239397763650659713785016570063740146045684814403372018803768586828299504204092612670676494271732825660823422665667015755407871992093170287952447679322498508505274487350537095266210019724168338260398722942678821221266384605130307612355799199609047992269308186644354000967089260544549478903577952528567824942741168165286226217279992054011959553855689348790767688919528910972109332825314377564788710138894151597860347386415455151754267846513103357886216704550566582709469376466467613491572210073423169419828491715287232434383977227100563613836733076039224302889866428714526160888301090502271138722259333971642616181891426829465252621982716550029538335161963654373299208281807747952221685985326743261226922964877812929085069111646883619583247031199273142666996839828571471554535662277340079676260711186153527050237531097246502692174494751965403590691590611699963901338637045495735944536691043355451381270261274075399941880325299878032942864246679929466344470978993496139740858870026338098718016773710963217082661669936951526980587083144433330480335278727675687397596579457596485393643441795015944123932278038142292515826827016531414569660664771730001445227936303707486301637524304622158765734680201104186994759083255189673409162013203581100642347250751548628470035581751258806083758034240072559176977345777128706057095595803400155954696868823954805854919351260223161464842147690462079163103408601770814873236564113940379897526896292380291375850576308135247604019431980069805835047248652599279912036688240889055357680778017181696545229856248014479625216170037462716710604633044515762172884680951544261330847159050542409121015943220574620176483987659209022902439159559383917873102341228061268316343226509266826484621655718537646252535785284892799164743491925911124839497236911018178645057187912845487570639126731960241357240659350028173747892	29797441240847192311964028853190280189674041619720799605070824129924103630349014387363218437041262128836255660367033565228906969921436065807110492954244538641922732381526988524213230765695165516739994474690365920321938836124680349407621389174422575433515432175857440806646186534711664095048200233844655797841473677453405663250260447801631435344135993128643147796482806147876468549439715749856071249659627599475987323671827369771865221845291756903281146615711384803434295024829277842831418694839941823883831566498004267261730671018929104843904442387870484365857888189536296648098670249137264353498164544236896672831076268761190520600080121584857972539648724104485926725981306583995477145957712627015939516317459995807158397098987563805866798273465357843109707315770267392401784231126954403131562900596901554920941929800667469540731596024416446057782475494050688655549937961178871708310774758509474199344274385665327650397601172390515912454512807551418600510707134665906879279435847487037545889115906146070551888130409417242517356945216602359496984048243451821412619142457943691164845601083632128546483691663273094080913772697520179354680054649028668957946549146753511281249223840930715689293831419123065851313060999449270994502051366517732748996349002023493589746389443904928584896086009937902409399920434894710434724828196433334435922244668719645070963172539209158021792443345390080700323594367010028199659713009657377267993424553187083049959871759642950546564115043686986727275079274165803791130947745943729088287446146315142597144867697576962518223254129784798353692320199609326236331562162357837154161327410893653751353928188357060819386291038315699515945578803684128563951919167284446247510477990182837068591600676868297768334898584288723942699190640202442839893579166409880503015760738302302570046116447827086084073441321714942666101414518479176423105648711687879218471236190176600796681511666896308859614134239928797759208577212886818024885468038317562615951945186145592849252834489464356832462013050785232964555014173501082063224663076950521174225921740748958276354581317930343878198679395987090384577457301079341177020976052799869149695026872065018420674452299414162913612208123507104386870095413979334372531224273972203388865835237407081754294943453773718759280670415300520637383873892721005089937953030673599048711653146917404021429094984047816660420694816602178875201695400988398973088798552656729720495680451227538147687793341332499648646293793248918340258355601353266919741385547418526772611358855388134545651875747391201085716439682993707455952533231589053557758453984382041334780180937073734599497827168057358982562680015870339254797742738058438183613878215805594619563021509599997654121573785807799002641011052331754503722508393689584258769633680928151448058103373573899923437496774304773725973871243296922115804966521388598474926202559813344817358862841982422220954792363056078482951798167083931224959751636028441105470538636650842577296120601910301551518800965249146685017285902480231962932622648940245661626816702173368568652810767598390184996110883189782781162565532855282226271594806936906798303986863032785024	-2,-6,-6,-6,-6,5,5,5,5,5,5,5	-6,-6,-6,-6,5,5,5,5,5,5,5,5	ok
0.850851	-12.672673	-45.457079	0.402625	continued:5	29797441240847192311964028853190280189674041619720799605070824129924103630349014387363218437041269379671702255991987079804799208406459594566569431867073202856046034605145785804039600969463916687067747226380923922491222894104993820922680916963522101285847689175302460496849986346102331021429321628513066058476966515597825216826491333292587291982542222577650377274214589137990302734087449011575245290848909222554254695812547715610856551849088835050194079719046057626362150098208139175376597342767181508719554474278778659080532774115025837077781440395069085566275270593757816945481686485193015874439188322179831981093036895623277079340863901340841530659385999147856565374809215690856107223889095514999077328145392637026919656402861829173510689476833346886203495903722973673938428907342665985450153766974630221683572796787810716276779509428668189395549706460924549201311213682554311884566287526513070221086970102079502518306375668819648104970735106915337010019709466847876528053194557633443693143469018575215590734560071929202513032293161520947781205518646187551763858454262249085426873090518872337808205076611467664005144113650120563379257218770267486854454585126147436133801137991014129585620735980500953292237789609787242677680689694288070265806540141549427425248272673270851742511442169211186806239397763650659713785016570063740146045684814403372018803768586828299504204092612670676494271732825660823422665667015755407871992093170287952447679322498508505274487350537095266210019724168338260398722942678821221266384605130307612355799199609047992269308186644354000967089260544549478903577952528567824942741168165286226217279992054011959553855689348790767688919528910972109332825314377564788710138894151597860347386415455151754267846513103357886216704550566582709469376466467613491572210073423169419828491715287232434383977227100563613836733076039224302889866428714526160888301090502271138722259333971642616181891426829465252621982716550029538335161963654373299208281807747952221685985326743261226922964877812929085069111646883619583247031199273142666996839828571471554535662277340079676260711186153527050237531097246502692174494751965403590691590611699963901338637045495735944536691043355451381270261274075399941880325299878032942864246679929466344470978993496139740858870026338098718016773710963217082661669936951526980587083144433330480335278727675687397596579457596485393643441795015944123932278038142292515826827016531414569660664771730001445227936303707486301637524304622158765734680201104186994759083255189673409162013203581100642347250751548628470035581751258806083758034240072559176977345777128706057095595803400155954696868823954805854919351260223161464842147690462079163103408601770814873236564113940379897526896292380291375850576308135247604019431980069805835047248652599279912036688240889055357680778017181696545229856248014479625216170037462716710604633044515762172884680951544261330847159050542409121015943220574620176483987659209022902439159559383917873102341228061268316343226509266826484621655718537646252535785284892799164743491925911124839497236911018178645057187912845487570639126731960241357240659350028173747892	29797441240847192311964028853190280189674041619720799605070824129924103630349014387363218437041262128836255660367033565228906969921436065807110492954244538641922732381526988524213230765695165516739994474690365920321938836124680349407621389174422575433515432175857440806646186534711664095048200233844655797841473677453405663250260447801631435344135993128643147796482806147876468549439715749856071249659627599475987323671827369771865221845291756903281146615711384803434295024829277842831418694839941823883831566498004267261730671018929104843904442387870484365857888189536296648098670249137264353498164544236896672831076268761190520600080121584857972539648724104485926725981306583995477145957712627015939516317459995807158397098987563805866798273465357843109707315770267392401784231126954403131562900596901554920941929800667469540731596024416446057782475494050688655549937961178871708310774758509474199344274385665327650397601172390515912454512807551418600510707134665906879279435847487037545889115906146070551888130409417242517356945216602359496984048243451821412619142457943691164845601083632128546483691663273094080913772697520179354680054649028668957946549146753511281249223840930715689293831419123065851313060999449270994502051366517732748996349002023493589746389443904928584896086009937902409399920434894710434724828196433334435922244668719645070963172539209158021792443345390080700323594367010028199659713009657377267993424553187083049959871759642950546564115043686986727275079274165803791130947745943729088287446146315142597144867697576962518223254129784798353692320199609326236331562162357837154161327410893653751353928188357060819386291038315699515945578803684128563951919167284446247510477990182837068591600676868297768334898584288723942699190640202442839893579166409880503015760738302302570046116447827086084073441321714942666101414518479176423105648711687879218471236190176600796681511666896308859614134239928797759208577212886818024885468038317562615951945186145592849252834489464356832462013050785232964555014173501082063224663076950521174225921740748958276354581317930343878198679395987090384577457301079341177020976052799869149695026872065018420674452299414162913612208123507104386870095413979334372531224273972203388865835237407081754294943453773718759280670415300520637383873892721005089937953030673599048711653146917404021429094984047816660420694816602178875201695400988398973088798552656729720495680451227538147687793341332499648646293793248918340258355601353266919741385547418526772611358855388134545651875747391201085716439682993707455952533231589053557758453984382041334780180937073734599497827168057358982562680015870339254797742738058438183613878215805594619563021509599997654121573785807799002641011052331754503722508393689584258769633680928151448058103373573899923437496774304773725973871243296922115804966521388598474926202559813344817358862841982422220954792363056078482951798167083931224959751636028441105470538636650842577296120601910301551518800965249146685017285902480231962932622648940245661626816702173368568652810767598390184996110883189782781162565532855282226271594806936906798303986863032785024	-2,-6,-6,-6,-6,5,5,5,5,5,5,5	-6,-6,-6,-6,5,5,5,5,5,5,5,5	ok
0.854855	-12.672673	-49.718146	0.399831	continued:5	29797441240847192311964028853190280189674041619720799605070824129924103630349014387363218437041269379671702255991987079804799208406459594566569431867073202856046034605145785804039600969463916687067747226380923922491222894104993820922680916963522101285847689175302460496849986346102331021429321628513066058476966515597825216826491333292587291982542222577650377274214589137990302734087449011575245290848909222554254695812547715610856551849088835050194079719046057626362150098208139175376597342767181508719554474278778659080532774115025837077781440395069085566275270593757816945481686485193015874439188322179831981093036895623277079340863901340841530659385999147856565374809215690856107223889095514999077328145392637026919656402861829173510689476833346886203495903722973673938428907342665985450153766974630221683572796787810716276779509428668189395549706460924549201311213682554311884566287526513070221086970102079502518306375668819648104970735106915337010019709466847876528053194557633443693143469018575215590734560071929202513032293161520947781205518646187551763858454262249085426873090518872337808205076611467664005144113650120563379257218770267486854454585126147436133801137991014129585620735980500953292237789609787242677680689694288070265806540141549427425248272673270851742511442169211186806239397763650659713785016570063740146045684814403372018803768586828299504204092612670676494271732825660823422665667015755407871992093170287952447679322498508505274487350537095266210019724168338260398722942678821221266384605130307612355799199609047992269308186644354000967577501806557082618250939768172221631435289533054469546519211131903599439578489710458064304224258242753991949077370626105594906836037224054290926572608678922256633712993602996984006523452864385914534256302237911309852295024385228288604440813133818523810898119925050703355963900218951617376650619488146988722126240320579110187302145019161967513651877444585927344385852371591587239479373025236897455593637451259909552184387174282119561203519632898550705037840759703914348593348037908819867883547895371818202043640393039621020414797283530450466713315250569932983955276693719882048390485465533485510588385800687164523518749117193521756140543696837736214803627013723775681198061143445893247905650949500473629326963766107163600668394240903123651228438463367201158148596206161949377092181370296185686953116169180681409176863011561460773364643495997498158348442437275882190669358992018110491685779447950403551737289524400188144456712436403249187563796755054042049539301937259411075522538733691707058564810010534654090759160134597025679885017648083247039488263739988336876140274341217599534325235297286210657654731573750783323097372755158570573080483488140629668257895084652056736727996122993728043210256287889504365916978816342762787474618174908670557430739386534503325046464982165958137308962713991872691611660726293175985295198880150537665532320515716601853326513620014155618044775269164610412057730011889397022653749383237792359033344825171133135794449221133882528280294589598664230128884859792907483347242875645344023258298724106021662059937863156992956219585501182948511	29797441240847192311964028853190280189674041619720799605070824129924103630349014387363218437041262128836255660367033565228906969921436065807110492954244538641922732381526988524213230765695165516739994474690365920321938836124680349407621389174422575433515432175857440806646186534711664095048200233844655797841473677453405663250260447801631435344135993128643147796482806147876468549439715749856071249659627599475987323671827369771865221845291756903281146615711384803434295024829277842831418694839941823883831566498004267261730671018929104843904442387870484365857888189536296648098670249137264353498164544236896672831076268761190520600080121584857972539648724104485926725981306583995477145957712627015939516317459995807158397098987563805866798273465357843109707315770267392401784231126954403131562900596901554920941929800667469540731596024416446057782475494050688655549937961178871708310774758509474199344274385665327650397601172390515912454512807551418600510707134665906879279435847487037545889115906146070551888130409417242517356945216602359496984048243451821412619142457943691164845601083632128546483691663273094080913772697520179354680054649028668957946549146753511281249223840930715689293831419123065851313060999449270994502051366517732748996349002023493589746389443904928584896086009937902409399920434894710434724828196433334435922244668719645070963172539209158021792443345390080700323594367010028199659713009657377267993424553187083049959871759642950546564115043686986727275079274165803791130947745943729088287446146315142597144867697576962518223254129784798353692320199609326236331562162357837154161327410893653751353928188357060819386291038315699515945578803684128563951919167284446247510477990182837068591600676868297768334898584288723942699190640202442839893579166409880503015760738302302570046116447827086084073441321714942666101414518479176423105648711687879218471236190176600796681511666896308859614134239928797759208577212886818024885468038317562615951945186145592849252834489464356832462013050785232964555014173501082063224663076950521174225921740748958276354581317930343878198679395987090384577457301079341177020976052799869149695026872065018420674452299414162913612208123507104386870095413979334372531224273972203388865835237407081754294943453773718759280670415300520637383873892721005089937953030673599048711653146917404021429094984047816660420694816602178875201695400988398973088798552656729720495680451227538147687793341332499648646293793248918340258355601353266919741385547418526772611358855388134545651875747391201085716439682993707455952533231589053557758453984382041334780180937073734599497827168057358982562680015870339254797742738058438183613878215805594619563021509599997654121573785807799002641011052331754503722508393689584258769633680928151448058103373573899923437496774304773725973871243296922115804966521388598474926202559813344817358862841982422220954792363056078482951798167083931224959751636028441105470538636650842577296120601910301551518800965249146685017285902480231962932622648940245661626816702173368568652810767598390184996110883189782781162565532855282226271594806936906798303986863032785024	-3,-6,-6,-6,-6,5,5,5,5,5,5,5	-6,-6,-6,-6,5,5,5,5,5,5,5,5	ok
0.858859	-12.672673	-52.346254	0.402625	continued:5	29797441240847192311964028853190280189674041619720799605070824129924103630349014387363218437041262128836255660367033565228906969921436065807110492954244538641922732381526988524213230765695165516739994474690365920321938836124680349407621389174422575433515432175857440806646186534711664095048200233844655797841473677453405663250260447801631435344135993128643147796482806147876468549439715749856071249659627599475987323671827369771865221845291756903281146615711384803434295024829277842831418694839941823883831566498004267261730671018929104843904442387870484365857888189536296648098670249137264353498164544236896672831076268761190520600080121584857972539648724104485926725981306583995477145957712627015939516317459995807158397098987563805866798273465357843109707315770267392401784231126954403131562900596901554920941929800667469540731596024416446057782475494050688655549937961178871708310774758509474199344274385665327650397601172390515912454512807551418600510707134665906879279435847487037545889115906146070551888130409417242517356945216602359496984048243451821412619142457943691164845601083632128546483691663273094080913772697520179354680054649028668957946549146753511281249223840930715689293831419123065851313060999449270994502051366517732748996349002023493589746389443904928584896086009937902409399920434894710434724828196433334435922244668719645070963172539209158021792443345390080700323594367010028199659713009657377267993424553187083049959871759642950546564115043686986727275079274165803791130947745943729088287446146315142597144867697576962518223254129784798352227596413586515092312600443544647088078963307588923763636270954682141162217889953313809670031390986549607323729776543960584738185340384283123633257672835492121369841702679003714621452511211488132879741846931541965183383174837080362231598519353499614715385644344696173540416779531065434514717344159270458185322190319002918880258798254585345793021680011380250162900736886694238160674778981671586382208590845498820890423879819056887601109365751288169363031295963144711437811826340557432543810457055113118374314559725013652447420706746641436778696524352787229829152569711848155287193266851071686745685042687177962542028756361060869980631274911665606915825007767093996814283157425089768909349591853180534020417877983831190934567547174451197027036328545009959409946568673189931891319140937683057466613144960188029307056843699539503135152185374427537954913055660224161914893302003539102496278970623526635768611491194218105289433947847410751650163321463340207577290361653284295849315999533959606886633457085563974953571689595287416222208201363712344572181242588061645200339451253286932525102910907083689274126797791574829676094911935693125515417479693245700545586849632114793883489894020589182643866659862269879522861085274501240188470144503049261976403001533674881602511292873745561199354906195581127298495235690714135319826928323334069849570106748106926807217065592924536332009850126335061121352445624550266729775884694105739726308839115329994490671173218127425760715447686495957442938227080980437674949283143843006920551744113229740734747747362441070220744173404608273321	29797441240847192311964028853190280189674041619720799605070824129924103630349014387363218437041262128836255660367033565228906969921436065807110492954244538641922732381526988524213230765695165516739994474690365920321938836124680349407621389174422575433515432175857440806646186534711664095048200233844655797841473677453405663250260447801631435344135993128643147796482806147876468549439715749856071249659627599475987323671827369771865221845291756903281146615711384803434295024829277842831418694839941823883831566498004267261730671018929104843904442387870484365857888189536296648098670249137264353498164544236896672831076268761190520600080121584857972539648724104485926725981306583995477145957712627015939516317459995807158397098987563805866798273465357843109707315770267392401784231126954403131562900596901554920941929800667469540731596024416446057782475494050688655549937961178871708310774758509474199344274385665327650397601172390515912454512807551418600510707134665906879279435847487037545889115906146070551888130409417242517356945216602359496984048243451821412619142457943691164845601083632128546483691663273094080913772697520179354680054649028668957946549146753511281249223840930715689293831419123065851313060999449270994502051366517732748996349002023493589746389443904928584896086009937902409399920434894710434724828196433334435922244668719645070963172539209158021792443345390080700323594367010028199659713009657377267993424553187083049959871759642950546564115043686986727275079274165803791130947745943729088287446146315142597144867697576962518223254129784798353692320199609326236331562162357837154161327410893653751353928188357060819386291038315699515945578803684128563951919167284446247510477990182837068591600676868297768334898584288723942699190640202442839893579166409880503015760738302302570046116447827086084073441321714942666101414518479176423105648711687879218471236190176600796681511666896308859614134239928797759208577212886818024885468038317562615951945186145592849252834489464356832462013050785232964555014173501082063224663076950521174225921740748958276354581317930343878198679395987090384577457301079341177020976052799869149695026872065018420674452299414162913612208123507104386870095413979334372531224273972203388865835237407081754294943453773718759280670415300520637383873892721005089937953030673599048711653146917404021429094984047816660420694816602178875201695400988398973088798552656729720495680451227538147687793341332499648646293793248918340258355601353266919741385547418526772611358855388134545651875747391201085716439682993707455952533231589053557758453984382041334780180937073734599497827168057358982562680015870339254797742738058438183613878215805594619563021509599997654121573785807799002641011052331754503722508393689584258769633680928151448058103373573899923437496774304773725973871243296922115804966521388598474926202559813344817358862841982422220954792363056078482951798167083931224959751636028441105470538636650842577296120601910301551518800965249146685017285902480231962932622648940245661626816702173368568652810767598390184996110883189782781162565532855282226271594806936906798303986863032785024	-3,-6,-6,-6,5,5,5,5,5,5,5,5	-6,-6,-6,-6,5,5,5,5,5,5,5,5	ok
0.862863	-12.672673	-54.005664	0.405418	continued:5	29797441240847192311964028853190280189674041619720799605070824129924103630349014387363218437041262128836255660367033565228906969921436065807110492954244538641922732381526988524213230765695165516684856964886402475218726787375215748391120225301433133801809602551954799399621703470614032595261603547732880205461166225506383472517669360488304292936684047002677551828409989745109425630864985134416570483495028535097538525962819715706453278578056276781997658621821330623661439735037198469982874980353282521543069959364804122626389538391283710117759012920542190446628568269535485120906902702054290158140837938102629797883544586003735080140767802541056613215533165923427360817084903885101038661329655704061613434516352085161782006860284716509839924228309376088170740553115806220734141302649848057010058913693667459286835607211129246633087358315863204490737630361736531172516441701350353989780844469604679326961211342427047892996344090028808147916171706518889485060629487737417917569767213496185589810977631686161593663266872708183305924891421716519836703659212884206754774705296603977160595587057551946392243523306131003376817168847344668193734612715320449809071341032253817577093207483930220945124667599152474307313066288132598337858614967222060190098955400369833539728841815639323595546756206693047251103075382837527829820663088922381252193091723767612410835446041002371833244855823858875455973221693803924258499763326053205682414512096667270504543905693204277613951276144204402168422635613346089666241936344317839882762737246424381784741408159245368710128847124504748050503990781578764654952474606245487855709595539854347610025507672219867684075552108204020693002392797889951477922785294312425920409366840810613018774876035748947379126660344457923252911827963127050021684207491337122395166780647517198338054767054442830301426205055903496259126862605237461976535076098361397823326293402766043365501433603630557342200025311413646849469234032797183111462861504199013456412011237770868264340994109716529640416837224889583615851124891019011469211713408349279357454776504261682254599836296540677490414109971322704682648733858505710837948572489470743258918957985499447890480082719124734380717079913908027937921038192208772571802079613448093696186733643290284870878794124360980883995900352900169251996630745408968647196739083264462897694864636367981485763873831510074976212279157827568788748587208370309400277301513089418026501765935875688452475036335026926035984960464181697274556613221792458622338022538497456852545560958161633631393846791355693736324319823254493130493254534323699909944897503934906464549927864564116780764548724526005167288450207785182052845344488503149127553784912040092721239672966494161951435228870510203666458503407381527800202537379296899084196749484248017397623225360741557400356939447786030212738157097386153120302032851798323144081850357605420034876762332505768871767157279014091641205177376396947992882728922995266027851166827789653411295075675561410671580097156184523046122900782989756625456112627833322130591146902407883006284348590074036026446197103992744951409686477908471095192610419082790255192110341133645545	29797441240847192311964028853190280189674041619720799605070824129924103630349014387363218437041262128836255660367033565228906969921436065807110492954244538641922732381526988524213230765695165516684856964886402475218726787375215748391120225301433133801809602551954799399621703470614032595261603547732880205461166225506383472517669360488304292936684047002677551828409989745109425630864985134422947174036192029676553220396103130882265511904520585700060750003250408290764813305740477422359782820039739747407254492843904673997125272046292276306417333621045582187098816891641254388118615995970674429432143640587219546851245472290216391933922818852287307049811511896851490902758108182714579906084707050661444137404718752497700186533646977012126386231310469628485167472902657274048575829511420675849583871233492293848428541221683703895658880663414626906764071528467410178432304353617223441482864193285100928093077741519883221240668852955533544609985252847267621422519215919367648268592447396226122312801589022880752118604642744665731607650793670966429240278320289346701072396910943990827407366506294657734471869429577761769201815905758149439552557966791512695909540741385826452801383749837670132846076255208877441111028255639314683721896152222972659610778502167250388206319496091644576800518042282953107127735152949674642501225364311803082738998567568660973248892570776615618096826236884622139147705875370111744068017655377068065378420155582523314690391181662157396965204657300653427452578951026075409969174100785484002367366369978054855707104992275212587484962001890316546451020681387825155767535684840090161184498456650913686326193527782724619774163925103114346387425525483162648036697381503183789199926269563765652146267460321320903890419387886158011757339625457681268344009515220894001174774215110075974676343376233000316307083799044461719925728222211655315014656715253998635097114149264217955803266636218845755518503839742727947321891732600251022655687300217900397185777471342511671235833162817232567620748219743998601680823402753835588938866777404065941884855086814885280209301256533800407383095382405386078845289318705676097419895708793842103970999995513058335773269116772430758699653566016336680816984154444940724071601307615446870279892741585681823927850048246579671371241983615270479851153823455184284974861161335065270916168657724212202700430916330574347832841512981979464830219623174691143793030251752766647810647210265281339114292542021901340306153967345695953378907893040404858699038270471762345666345932104750278846395976075772878141546785023152569119050228882945932067675441665255014188928140379540408389894576735490149334797074141662978861433262125709898748261013541879320548868585594642611560393664117783304845626399747287989824667977610570989844078049750230415731127623879382909491699598719887475933093842132898488962045229518831097810874921258732540068564660170354771248148928794873204961511855333650867288886014706705027857900540991416525862780354084494593682615591963969286902623887625210085414848098510990150089214234695070472778867836557958164101436166133803543836622317883840165343935639579537404199211355504559405	-3,5,5,5,5,5,5,5,5,5,5,5	-6,-6,-6,5,5,5,5,5,5,5,5,5	ok
0.866867	-12.672673	-54.956343	0.408211	continued:5	29797441240847192311964028853190280189674041619720799605070824129924103630349014387363218437041262128836255660367033565228906969921436065807110492954244538641922732381526988524213230765695165516684856964886402475218726787375215748391120225301433133801809602551954799399621703470614032595261603547732880205461166225506383472517669360488304292936684047002677551828409989745109425630864985134416570483495028535097538525962819715706453278578056276781997658621821330623661439735037198469982874980353282521543069959364804122626389538391283710117759012920542190446628568269535485120906902702054290158140837938102629797883544586003735080140767802541056613215533165923427360817084903885101038661329655704061613434516352085161782006860284716509839924228309376088170740553115806220734141302649848057010058913693667459286835607211129246633087358315863204490737630361736531172516441701350353989780844469604679326961211342427047892996344090028808147916171706518889485060629487737417917569767213496185589810977631686161593663266872708183305924891421716519836703659212884206754774705296603977160595587057551946392243523306131003376817168847344668193734612715320449809071341032253817577093207483930220945124667599152474307313066288132598337858614967222060190098955400369833539728841815639323595546756206693047251103075382837527829820663088922381252193091723767612410835446041002371833244855823858875455973221693803924258499763326053205682414512096667270504543905693204277613951276144204402168422635613346089666241936344317839882762737246424381784741408159245368710128847124504748050748111412582566512288968226047686200056656223738469274645117211165687626936952289037669000654757434079038351293142398199736171963556441793898591330530675978310112208859662005424806452941201246101455847759000898318041488813982619936947815982856413891137784800190154093281327860182560823261685488508113968068217598827964046969516154354481407303374959842476509499577778355900899596593717369964293142336358407120514940264421675188901495517470508637014936345826971313120846137859009700339038636716525826844779923459292374245954523832749500924356354129408568670596238718508977870071654856578927876756216245834992875393656862297735197689426057694023884902631656534110931762040664624767017916948708345634901034660541809265419704169271694571232756957025466934587107723958400440038232482143855547794640145902999489480034377460606980267159991447677902698264473711159734655165925555620846824396641215787246638962324877553423933037106191161197331063198337740604130484094764684062606434746519376474318955350120289640810112024969032551888363269972331440310086779796575756584746757088242276429737506334080502770473311995109432948602171109211262560308685761715761583846004099291649470573340028363701093277106206256170103465659405936162185627205542257991195552165265583844725838798561209278263754750379122648047563305777611962982961738686855945171484425506200474314795819853583685045659287097215354941370427522929505971863440205147343841429218714263931778467082238801381465256074535761947532365854187773260201913670652334919740256570150853429498022919431758708252555660046345015830069	29797441240847192311964028853190280189674041619720799605070824129924103630349014387363218437041262128836255660367033565228906969921436065807110492954244538641922732381526988524213230765695165516684856964886402475218726787375215748391120225301433133801809602551954799399621703470614032595261603547732880205461166225506383472517669360488304292936684047002677551828409989745109425630864985134422947174036192029676553220396103130882265511904520585700060750003250408290764813305740477422359782820039739747407254492843904673997125272046292276306417333621045582187098816891641254388118615995970674429432143640587219546851245472290216391933922818852287307049811511896851490902758108182714579906084707050661444137404718752497700186533646977012126386231310469628485167472902657274048575829511420675849583871233492293848428541221683703895658880663414626906764071528467410178432304353617223441482864193285100928093077741519883221240668852955533544609985252847267621422519215919367648268592447396226122312801589022880752118604642744665731607650793670966429240278320289346701072396910943990827407366506294657734471869429577761769201815905758149439552557966791512695909540741385826452801383749837670132846076255208877441111028255639314683721896152222972659610778502167250388206319496091644576800518042282953107127735152949674642501225364311803082738998567568660973248892570776615618096826236884622139147705875370111744068017655377068065378420155582523314690391181662157396965204657300653427452578951026075409969174100785484002367366369978054855707104992275212587484962001890316546451020681387825155767535684840090161184498456650913686326193527782724619774163925103114346387425525483162648036697381503183789199926269563765652146267460321320903890419387886158011757339625457681268344009515220894001174774215110075974676343376233000316307083799044461719925728222211655315014656715253998635097114149264217955803266636218845755518503839742727947321891732600251022655687300217900397185777471342511671235833162817232567620748219743998601680823402753835588938866777404065941884855086814885280209301256533800407383095382405386078845289318705676097419895708793842103970999995513058335773269116772430758699653566016336680816984154444940724071601307615446870279892741585681823927850048246579671371241983615270479851153823455184284974861161335065270916168657724212202700430916330574347832841512981979464830219623174691143793030251752766647810647210265281339114292542021901340306153967345695953378907893040404858699038270471762345666345932104750278846395976075772878141546785023152569119050228882945932067675441665255014188928140379540408389894576735490149334797074141662978861433262125709898748261013541879320548868585594642611560393664117783304845626399747287989824667977610570989844078049750230415731127623879382909491699598719887475933093842132898488962045229518831097810874921258732540068564660170354771248148928794873204961511855333650867288886014706705027857900540991416525862780354084494593682615591963969286902623887625210085414848098510990150089214234695070472778867836557958164101436166133803543836622317883840165343935639579537404199211355504559405	3,5,5,5,5,5,5,5,5,5,5,5	-6,-6,-6,5,5,5,5,5,5,5,5,5	ok
0.870871	-12.672673	-55.503912	0.411005	continued:5	29797441240847192311964028853190280189674041619720799605070824129924103630349014387363218437041262128836255660367033565228906969921436065807110492954244538641922732381526988524213230765695165516684856964886402475218726787375215748391120225301433133801809602551954799399621703470614032595261603547732880205461166225506383472517669360488304292936684047002677551828409989745109425630864985134410193792953865040518523831529536300530641045251591967863934567240392252956558066164333919517605967140666825295678885425885703571255653804736275143929100692220038798706158319647429715853695189408137905886849532235618040048915843699717253768347612786229825919381254819950003230731411699587487497416574604357461782731627985417825863827186922456007553462225308282547856313633328955167419706775789469480611559738007413659668099782369121054590863861144238738959096672747737279409735626906209769372241309584913238418046885958531887025083628995414392263108247031801394472881212143143290264995601672765057255835010141684178851946852334816222471921330954532441368628013762954560274614035782030976878003106108119474895930869390230978001142747859294010451401389041610021396389202458667172133077048283131957393284404046055072840862552476804960590773588035550160518779771015300113988794745430447108388763936036391554818686310698826823745046645932777118000501528571302258842157120161592246825458076945448272280842797248906300044479518696641734693324181489212265813457170004955770760887235939038192760808987404067123321869173971757838442893034607825588593403361554127149250118875505486731855145760681298219457250308132640904218073784614708924155595806944930547318904468843177690595707211669288960907556199480161653609645994266584315730691566908250747287898943712222246372534690134451068899422254021637196224830246477904596543301033681131775679063973269255218937604863593893273196723146610152486770990626541172511868746270110909599169369541053605775476874999235074775904147367292101321900927304867604385408199963221479651225280226710530156037338580036896715902646195872747894866823124714498847232817625169224198895069403885938867721767979748477372794880668051681982723096261587652774357261807694173901285251921784395890499730896012886216845373652078461359897759128200005689040032547396203847928147929858865221813870999505513864361534995807411780677030588952216466757759085088584581596826694462814680966749214327565497225850780274963611705934378191475457501963514027549254038795535992415462678288421790787882937517475343769917219187668554146278773808854527227601362856942923396302571702143395763413564704081263404342636312438009415911543578017383079195890741852167841869346444614454059588128279103020551326863564852042239529515077129842426645221370395333297149104527722546713710178064316789042599555620497703374903782852043551242995991627137230197930540694208237584517648321994502943832022569543753235232343562670993669468757171131246740892994619127399322467573401513409669629036153462482381071725043653775133977230985275679380525041200990177805250063428517772599950361701139460008406601542048771707941337075675629326034398211423714127555186290107646245351341	29797441240847192311964028853190280189674041619720799605070824129924103630349014387363218437041262128836255660367033565228906969921436065807110492954244538641922732381526988524213230765695165516684856964886402475218726787375215748391120225301433133801809602551954799399621703470614032595261603547732880205461166225506383472517669360488304292936684047002677551828409989745109425630864985134422947174036192029676553220396103130882265511904520585700060750003250408290764813305740477422359782820039739747407254492843904673997125272046292276306417333621045582187098816891641254388118615995970674429432143640587219546851245472290216391933922818852287307049811511896851490902758108182714579906084707050661444137404718752497700186533646977012126386231310469628485167472902657274048575829511420675849583871233492293848428541221683703895658880663414626906764071528467410178432304353617223441482864193285100928093077741519883221240668852955533544609985252847267621422519215919367648268592447396226122312801589022880752118604642744665731607650793670966429240278320289346701072396910943990827407366506294657734471869429577761769201815905758149439552557966791512695909540741385826452801383749837670132846076255208877441111028255639314683721896152222972659610778502167250388206319496091644576800518042282953107127735152949674642501225364311803082738998567568660973248892570776615618096826236884622139147705875370111744068017655377068065378420155582523314690391181662157396965204657300653427452578951026075409969174100785484002367366369978054855707104992275212587484962001890316546451020681387825155767535684840090161184498456650913686326193527782724619774163925103114346387425525483162648036697381503183789199926269563765652146267460321320903890419387886158011757339625457681268344009515220894001174774215110075974676343376233000316307083799044461719925728222211655315014656715253998635097114149264217955803266636218845755518503839742727947321891732600251022655687300217900397185777471342511671235833162817232567620748219743998601680823402753835588938866777404065941884855086814885280209301256533800407383095382405386078845289318705676097419895708793842103970999995513058335773269116772430758699653566016336680816984154444940724071601307615446870279892741585681823927850048246579671371241983615270479851153823455184284974861161335065270916168657724212202700430916330574347832841512981979464830219623174691143793030251752766647810647210265281339114292542021901340306153967345695953378907893040404858699038270471762345666345932104750278846395976075772878141546785023152569119050228882945932067675441665255014188928140379540408389894576735490149334797074141662978861433262125709898748261013541879320548868585594642611560393664117783304845626399747287989824667977610570989844078049750230415731127623879382909491699598719887475933093842132898488962045229518831097810874921258732540068564660170354771248148928794873204961511855333650867288886014706705027857900540991416525862780354084494593682615591963969286902623887625210085414848098510990150089214234695070472778867836557958164101436166133803543836622317883840165343935639579537404199211355504559405	-3,-5,-5,5,5,5,5,5,5,5,5,5	-6,-6,-6,5,5,5,5,5,5,5,5,5	ok
0.874875	-12.672673	-55.833399	0.413798	full	29797441240847192311964028853190280189674041619720799605070824129924103630349014387363218437041262128836255660367033565228906969921436065807110492954244538641922732381526988524213230765695165516684856964886402475218726787375215748391120225301433133801809602551954799399621703470614032595261603547732880205461166225506383472517669360488304292936684047002677551828409989745109425630864985134410193792953865040518523831529536300530641045251591967863934567240392252956558066164333919517605967140666825295678885425885703571255653804736275143929100692220038798706158319647429715853695189408137905886849532235618040048915843699717253768347612786229825919381254819950003230731411699587487497416574604357461782731627985417825863827186922456007553462225308282547856313633328955167419706775789469480611559738007413659668099782369121054590863861144238738959096672747737279409735626906209769372241309584913238418046885958531887025083628995414392263108247031801394472881212143143290264995601672765057255835010141684178851946852334816222471921330954532441368628013762954560274614035782030976878003106108119474895930869390230978001142747859294010451401389041610021396389202458667172133077048283131957393284404046055072840862552476804960590773588035550160518779771015300113988794745430447108388763936036391554818686310698826823745046645932777118000501528571302258842157120161592246825458076945448272280842797248906300044479518696641734693324181489212265813457170004955770760887235939038192760808987404067123321869173971757838442893034607825588593403361554127149250118875505486731855145760681298219457250308132640904218073784614708924155595806944930547318904468843177690595707211669288960907556199480161653609645994266584315730691566908250747287898943712222246372534690134451068899422254021637196224830246477904596543301033681131775679063973269255218937604863593893273196723146610152486770990626541172511868746270110909599169369541053605775476874999235074775904147367292101321900927304867604385408199963221479651225280226710530156037338580036896715902646195872747894866823124714498847232817625169224198895069403885938867721767979748477372794880668051681982723096261587652774357261807694173901285251921784395890499730896012886216845373652078461359897759128200005689040032547396203847928147929858865221813870999505513864361534995807411780677030588952216466757759085088584581596826694462814680966749214327565497225850780274963611705934378191475457501963514027549254038795535992415462678288421790787882937517475343769917219187668554146278773808854527227601362856942923396302571702143395763413564704081263404342636312438009415911543578017383079195890741852167841869346444614454059588128279103020551326863564852042239529515077129842426645221370395333297149104527722546713710178064316789042599555620497703374903782852043551242995991627137230197930540694208237584517648321994502943832022569543753235232343562670993669468757171131246740892994619127399322467573401513409669629036153462482381071725043653775133977230985275679380525041200990177805250063428517772599950361701139460008406601542048771707941337075675629326034398211423714127555186290107646245351341	29797441240847192311964028853190280189674041619720799605070824129924103630349014387363218437041262128836255660367033565228906969921436065807110492954244538641922732381526988524213230765695165516684856964886402475218726787375215748391120225301433133801809602551954799399621703470614032595261603547732880205461166225506383472517669360488304292936684047002677551828409989745109425630864985134422947174036192029676553220396103130882265511904520585700060750003250408290764813305740477422359782820039739747407254492843904673997125272046292276306417333621045582187098816891641254388118615995970674429432143640587219546851245472290216391933922818852287307049811511896851490902758108182714579906084707050661444137404718752497700186533646977012126386231310469628485167472902657274048575829511420675849583871233492293848428541221683703895658880663414626906764071528467410178432304353617223441482864193285100928093077741519883221240668852955533544609985252847267621422519215919367648268592447396226122312801589022880752118604642744665731607650793670966429240278320289346701072396910943990827407366506294657734471869429577761769201815905758149439552557966791512695909540741385826452801383749837670132846076255208877441111028255639314683721896152222972659610778502167250388206319496091644576800518042282953107127735152949674642501225364311803082738998567568660973248892570776615618096826236884622139147705875370111744068017655377068065378420155582523314690391181662157396965204657300653427452578951026075409969174100785484002367366369978054855707104992275212587484962001890316546451020681387825155767535684840090161184498456650913686326193527782724619774163925103114346387425525483162648036697381503183789199926269563765652146267460321320903890419387886158011757339625457681268344009515220894001174774215110075974676343376233000316307083799044461719925728222211655315014656715253998635097114149264217955803266636218845755518503839742727947321891732600251022655687300217900397185777471342511671235833162817232567620748219743998601680823402753835588938866777404065941884855086814885280209301256533800407383095382405386078845289318705676097419895708793842103970999995513058335773269116772430758699653566016336680816984154444940724071601307615446870279892741585681823927850048246579671371241983615270479851153823455184284974861161335065270916168657724212202700430916330574347832841512981979464830219623174691143793030251752766647810647210265281339114292542021901340306153967345695953378907893040404858699038270471762345666345932104750278846395976075772878141546785023152569119050228882945932067675441665255014188928140379540408389894576735490149334797074141662978861433262125709898748261013541879320548868585594642611560393664117783304845626399747287989824667977610570989844078049750230415731127623879382909491699598719887475933093842132898488962045229518831097810874921258732540068564660170354771248148928794873204961511855333650867288886014706705027857900540991416525862780354084494593682615591963969286902623887625210085414848098510990150089214234695070472778867836557958164101436166133803543836622317883840165343935639579537404199211355504559405	-3,-5,-5,5,5,5,5,5,5,5,5,5	-6,-6,-6,5,5,5,5,5,5,5,5,5	ok
0.878879	-12.672673	-18.904488	0.376632	continued:5	29797441240847192311964028853190280189674041619720799605070824129924103630349014387363218437041269379671702255991987079804799208406459594566569431867073202856046034605145785804039600969463916687067747226380923922491222894104993820922680916963522101285847689175302460496849986346102331021429321628513066058476966515597825216826491333292587291982542222577650377274214589137990302734087449011575245290848909222554254695812547715610856551849088835050194079719046057626362150098208139175376597342767181508719554474278778659080532774115025837077781440395069085566275270593757816945481686485193015874439188322179831981093036895623277079340863901340841530659385999147856565374809215690856107223889095514999077328145392637026919656402861829173510689476833346886203495903722973673938428907342665985450153766974630221683572796787810716276779509428668189395549706460924549201311213682554311884566287526513070221086970102079502518306375668819648104970735106915337010019709466847876528053194557633443693143469018575215590734560071929202513032293161520947781205518646187551763858454262249085426873090518872337808205076611467664005144113650120563379257218770267486854454585126147436133801137991014129585620735980500953292237789609787242677680689694288070265806540141549427425248272673270851742511442169211186806239397763650659713785016570063740146045684814403372018803768586828299504204092612670676494271732825660823422665667015755407871992093170287952447679322498508505274487350537095266210019724168338260398722942678821221266384605130307612355799199609047992269308186644354000967333381175553280760914446148370023287088228849170347881899601592957779496717089529624415996571893576863050640951342501835191808487465687826075636979512067037005450779753353177435111614001715484312001816384352762400712252548904198854216466264210525479097437673512807158596348488129087960133258524101336574805213665411425124454780739495402291847771652137025589983184284460810562787320668339805098331937722599606065619084856958771673242084198722913817887074743821661748797812273655525743432361688233421686368852958866559648640562991718528750352122206248536312579225014329561736369990548582748693424612715648211554530104896236322451513200908886118839047564463445878359272722370536456118859442322222820107244098495052102940808721052602060103156449187707447090872615870319746214856185454522991791641766286882833037526309329013752792352821340819145006992587729484345225925667065361009777859811041577718352594630797073279476939568456770295121973323525972363725605776252759180026711386645141160088547073280634670368924396700103578101328615397388394652067542033570072145786504549148011727226838247760223837749901211017914973213252987262986721904822298714260263597577093732471716293652152129120666031321118178847669706582815707811337412081429531982014119104378284115524277451356498322791676739500088354291648122352621027674434988075212205934256345685529062861434634867097317166051016217239093756425608644697903635062497488722253054351129927045998808878725083879390067532032789741198914486810405385458873490292076946911994540223105784796796150593334911699175098439467764678348201	29797441240847192311964028853190280189674041619720799605070824129924103630349014387363218437041262128836255660367033565228906969921436065807110492954244538641922732381526988524213230765695165516684856964886402475218726787375215748391120225301433133801809602551954799399621703470614032595261603547732880205461166225506383472517669360488304292936684047002677551828409989745109425630864985134422947174036192029676553220396103130882265511904520585700060750003250408290764813305740477422359782820039739747407254492843904673997125272046292276306417333621045582187098816891641254388118615995970674429432143640587219546851245472290216391933922818852287307049811511896851490902758108182714579906084707050661444137404718752497700186533646977012126386231310469628485167472902657274048575829511420675849583871233492293848428541221683703895658880663414626906764071528467410178432304353617223441482864193285100928093077741519883221240668852955533544609985252847267621422519215919367648268592447396226122312801589022880752118604642744665731607650793670966429240278320289346701072396910943990827407366506294657734471869429577761769201815905758149439552557966791512695909540741385826452801383749837670132846076255208877441111028255639314683721896152222972659610778502167250388206319496091644576800518042282953107127735152949674642501225364311803082738998567568660973248892570776615618096826236884622139147705875370111744068017655377068065378420155582523314690391181662157396965204657300653427452578951026075409969174100785484002367366369978054855707104992275212587484962001890316546451020681387825155767535684840090161184498456650913686326193527782724619774163925103114346387425525483162648036697381503183789199926269563765652146267460321320903890419387886158011757339625457681268344009515220894001174774215110075974676343376233000316307083799044461719925728222211655315014656715253998635097114149264217955803266636218845755518503839742727947321891732600251022655687300217900397185777471342511671235833162817232567620748219743998601680823402753835588938866777404065941884855086814885280209301256533800407383095382405386078845289318705676097419895708793842103970999995513058335773269116772430758699653566016336680816984154444940724071601307615446870279892741585681823927850048246579671371241983615270479851153823455184284974861161335065270916168657724212202700430916330574347832841512981979464830219623174691143793030251752766647810647210265281339114292542021901340306153967345695953378907893040404858699038270471762345666345932104750278846395976075772878141546785023152569119050228882945932067675441665255014188928140379540408389894576735490149334797074141662978861433262125709898748261013541879320548868585594642611560393664117783304845626399747287989824667977610570989844078049750230415731127623879382909491699598719887475933093842132898488962045229518831097810874921258732540068564660170354771248148928794873204961511855333650867288886014706705027857900540991416525862780354084494593682615591963969286902623887625210085414848098510990150089214234695070472778867836557958164101436166133803543836622317883840165343935639579537404199211355504559405	2,-6,-6,-6,-6,5,5,5,5,5,5,5	-6,-6,-6,5,5,5,5,5,5,5,5,5	ok
0.882883	-12.672673	-47.901073	0.373839	continued:5	29797441240847192311964028853190280189674041619720799605070824129924103630349014387363218437041269379671702255991987079804799208406459594566569431867073202856046034605145785804039600969463916687067747226380923922491222894104993820922680916963522101285847689175302460496849986346102331021429321628513066058476966515597825216826491333292587291982542222577650377274214589137990302734087449011575245290848909222554254695812547715610856551849088835050194079719046057626362150098208139175376597342767181508719554474278778659080532774115025837077781440395069085566275270593757816945481686485193015874439188322179831981093036895623277079340863901340841530659385999147856565374809215690856107223889095514999077328145392637026919656402861829173510689476833346886203495903722973673938428907342665985450153766974630221683572796787810716276779509428668189395549706460924549201311213682554311884566287526513070221086970102079502518306375668819648104970735106915337010019709466847876528053194557633443693143469018575215590734560071929202513032293161520947781205518646187551763858454262249085426873090518872337808205076611467664005144113650120563379257218770267486854454585126147436133801137991014129585620735980500953292237789609787242677680689694288070265806540141549427425248272673270851742511442169211186806239397763650659713785016570063740146045684814403372018803768586828299504204092612670676494271732825660823422665667015755407871992093170287952447679322498508505274487350537095266210019724168338260398722942678821221266384605130307612355799199609047992269308186644354000967577501806557082618250939768172221631435289533054469546519211131903599439578489710458064304224258242753991949077370626105594906836037224054290926572608678922256633712993602996984006523452864385914534256302237911309852295024385228288604440813133818523810898119925050703355963900218951617376650619488146988722126240320579110187302145019161967513651877444585927344385852371591587239479373025236897455593637451259909552184387174282119561203519632898550705037840759703914348593348037908819867883547895371818202043640393039621020414797283530450466713315250569932983955276693719882048390485465533485510588385800687164523518749117193521756140543696837736214803627013723775681198061143445893247905650949500473629326963766107163600668394240903123651228438463367201158148596206161949377092181370296185686953116169180681409176863011561460773364643495997498158348442437275882190669358992018110491685779447950403551737289524400188144456712436403249187563796755054042049539301937259411075522538733691707058564810010534654090759160134597025679885017648083247039488263739988336876140274341217599534325235297286210657654731573750783323097372755158570573080483488140629668257895084652056736727996122993728043210256287889504365916978816342762787474618174908670557430739386534503325046464982165958137308962713991872691611660726293175985295198880150537665532320515716601853326513620014155618044775269164610412057730011889397022653749383237792359033344825171133135794449221133882528280294589598664230128884859792907483347242875645344023258298724106021662059937863156992956219585501182948511	29797441240847192311964028853190280189674041619720799605070824129924103630349014387363218437041262128836255660367033565228906969921436065807110492954244538641922732381526988524213230765695165516684856964886402475218726787375215748391120225301433133801809602551954799399621703470614032595261603547732880205461166225506383472517669360488304292936684047002677551828409989745109425630864985134422947174036192029676553220396103130882265511904520585700060750003250408290764813305740477422359782820039739747407254492843904673997125272046292276306417333621045582187098816891641254388118615995970674429432143640587219546851245472290216391933922818852287307049811511896851490902758108182714579906084707050661444137404718752497700186533646977012126386231310469628485167472902657274048575829511420675849583871233492293848428541221683703895658880663414626906764071528467410178432304353617223441482864193285100928093077741519883221240668852955533544609985252847267621422519215919367648268592447396226122312801589022880752118604642744665731607650793670966429240278320289346701072396910943990827407366506294657734471869429577761769201815905758149439552557966791512695909540741385826452801383749837670132846076255208877441111028255639314683721896152222972659610778502167250388206319496091644576800518042282953107127735152949674642501225364311803082738998567568660973248892570776615618096826236884622139147705875370111744068017655377068065378420155582523314690391181662157396965204657300653427452578951026075409969174100785484002367366369978054855707104992275212587484962001890316546451020681387825155767535684840090161184498456650913686326193527782724619774163925103114346387425525483162648036697381503183789199926269563765652146267460321320903890419387886158011757339625457681268344009515220894001174774215110075974676343376233000316307083799044461719925728222211655315014656715253998635097114149264217955803266636218845755518503839742727947321891732600251022655687300217900397185777471342511671235833162817232567620748219743998601680823402753835588938866777404065941884855086814885280209301256533800407383095382405386078845289318705676097419895708793842103970999995513058335773269116772430758699653566016336680816984154444940724071601307615446870279892741585681823927850048246579671371241983615270479851153823455184284974861161335065270916168657724212202700430916330574347832841512981979464830219623174691143793030251752766647810647210265281339114292542021901340306153967345695953378907893040404858699038270471762345666345932104750278846395976075772878141546785023152569119050228882945932067675441665255014188928140379540408389894576735490149334797074141662978861433262125709898748261013541879320548868585594642611560393664117783304845626399747287989824667977610570989844078049750230415731127623879382909491699598719887475933093842132898488962045229518831097810874921258732540068564660170354771248148928794873204961511855333650867288886014706705027857900540991416525862780354084494593682615591963969286902623887625210085414848098510990150089214234695070472778867836557958164101436166133803543836622317883840165343935639579537404199211355504559405	-3,-6,-6,-6,-6,5,5,5,5,5,5,5	-6,-6,-6,5,5,5,5,5,5,5,5,5	ok
0.886887	-12.672673	-51.627998	0.376632	continued:5	29797441240847192311964028853190280189674041619720799605070824129924103630349014387363218437041262128836255660367033565228906969921436065807110492954244538641922732381526988524213230765695165516739994474690365920321938836124680349407621389174422575433515432175857440806646186534711664095048200233844655797841473677453405663250260447801631435344135993128643147796482806147876468549439715749856071249659627599475987323671827369771865221845291756903281146615711384803434295024829277842831418694839941823883831566498004267261730671018929104843904442387870484365857888189536296648098670249137264353498164544236896672831076268761190520600080121584857972539648724104485926725981306583995477145957712627015939516317459995807158397098987563805866798273465357843109707315770267392401784231126954403131562900596901554920941929800667469540731596024416446057782475494050688655549937961178871708310774758509474199344274385665327650397601172390515912454512807551418600510707134665906879279435847487037545889115906146070551888130409417242517356945216602359496984048243451821412619142457943691164845601083632128546483691663273094080913772697520179354680054649028668957946549146753511281249223840930715689293831419123065851313060999449270994502051366517732748996349002023493589746389443904928584896086009937902409399920434894710434724828196433334435922244668719645070963172539209158021792443345390080700323594367010028199659713009657377267993424553187083049959871759642950546564115043686986727275079274165803791130947745943729088287446146315142597144867697576962518223254129784798352227596413586515092312600443544647088078963307588923763636270954682141162217889953313809670031390986549607323729776543960584738185340384283123633257672835492121369841702679003714621452511211488132879741846931541965183383174837080362231598519353499614715385644344696173540416779531065434514717344159270458185322190319002918880258798254585345793021680011380250162900736886694238160674778981671586382208590845498820890423879819056887601109365751288169363031295963144711437811826340557432543810457055113118374314559725013652447420706746641436778696524352787229829152569711848155287193266851071686745685042687177962542028756361060869980631274911665606915825007767093996814283157425089768909349591853180534020417877983831190934567547174451197027036328545009959409946568673189931891319140937683057466613144960188029307056843699539503135152185374427537954913055660224161914893302003539102496278970623526635768611491194218105289433947847410751650163321463340207577290361653284295849315999533959606886633457085563974953571689595287416222208201363712344572181242588061645200339451253286932525102910907083689274126797791574829676094911935693125515417479693245700545586849632114793883489894020589182643866659862269879522861085274501240188470144503049261976403001533674881602511292873745561199354906195581127298495235690714135319826928323334069849570106748106926807217065592924536332009850126335061121352445624550266729775884694105739726308839115329994490671173218127425760715447686495957442938227080980437674949283143843006920551744113229740734747747362441070220744173404608273321	29797441240847192311964028853190280189674041619720799605070824129924103630349014387363218437041262128836255660367033565228906969921436065807110492954244538641922732381526988524213230765695165516684856964886402475218726787375215748391120225301433133801809602551954799399621703470614032595261603547732880205461166225506383472517669360488304292936684047002677551828409989745109425630864985134422947174036192029676553220396103130882265511904520585700060750003250408290764813305740477422359782820039739747407254492843904673997125272046292276306417333621045582187098816891641254388118615995970674429432143640587219546851245472290216391933922818852287307049811511896851490902758108182714579906084707050661444137404718752497700186533646977012126386231310469628485167472902657274048575829511420675849583871233492293848428541221683703895658880663414626906764071528467410178432304353617223441482864193285100928093077741519883221240668852955533544609985252847267621422519215919367648268592447396226122312801589022880752118604642744665731607650793670966429240278320289346701072396910943990827407366506294657734471869429577761769201815905758149439552557966791512695909540741385826452801383749837670132846076255208877441111028255639314683721896152222972659610778502167250388206319496091644576800518042282953107127735152949674642501225364311803082738998567568660973248892570776615618096826236884622139147705875370111744068017655377068065378420155582523314690391181662157396965204657300653427452578951026075409969174100785484002367366369978054855707104992275212587484962001890316546451020681387825155767535684840090161184498456650913686326193527782724619774163925103114346387425525483162648036697381503183789199926269563765652146267460321320903890419387886158011757339625457681268344009515220894001174774215110075974676343376233000316307083799044461719925728222211655315014656715253998635097114149264217955803266636218845755518503839742727947321891732600251022655687300217900397185777471342511671235833162817232567620748219743998601680823402753835588938866777404065941884855086814885280209301256533800407383095382405386078845289318705676097419895708793842103970999995513058335773269116772430758699653566016336680816984154444940724071601307615446870279892741585681823927850048246579671371241983615270479851153823455184284974861161335065270916168657724212202700430916330574347832841512981979464830219623174691143793030251752766647810647210265281339114292542021901340306153967345695953378907893040404858699038270471762345666345932104750278846395976075772878141546785023152569119050228882945932067675441665255014188928140379540408389894576735490149334797074141662978861433262125709898748261013541879320548868585594642611560393664117783304845626399747287989824667977610570989844078049750230415731127623879382909491699598719887475933093842132898488962045229518831097810874921258732540068564660170354771248148928794873204961511855333650867288886014706705027857900540991416525862780354084494593682615591963969286902623887625210085414848098510990150089214234695070472778867836557958164101436166133803543836622317883840165343935639579537404199211355504559405	-3,-6,-6,-6,5,5,5,5,5,5,5,5	-6,-6,-6,5,5,5,5,5,5,5,5,5	ok
0.890891	-12.672673	-53.944236	0.379426	continued:5	29797441240847192311964028853190280189674041619720799605070824129924103630349014387363218437041262128836255660367033565228906969921436065807110492954244538641922732381526988524213230765695165516684856964886402475218726787375215748391120225301433133801809602551954799399621703470614032595261603547732880205461166225506383472517669360488304292936684047002677551828409989745109425630864985134416570483495028535097538525962819715706453278578056276781997658621821330623661439735037198469982874980353282521543069959364804122626389538391283710117759012920542190446628568269535485120906902702054290158140837938102629797883544586003735080140767802541056613215533165923427360817084903885101038661329655704061613434516352085161782006860284716509839924228309376088170740553115806220734141302649848057010058913693667459286835607211129246633087358315863204490737630361736531172516441701350353989780844469604679326961211342427047892996344090028808147916171706518889485060629487737417917569767213496185589810977631686161593663266872708183305924891421716519836703659212884206754774705296603977160595587057551946392243523306131003376817168847344668193734612715320449809071341032253817577093207483930220945124667599152474307313066288132598337858614967222060190098955400369833539728841815639323595546756206693047251103075382837527829820663088922381252193091723767612410835446041002371833244855823858875455973221693803924258499763326053205682414512096667270504543905693204277613951276144204402168422635613346089666241936344317839882762737246424381784741408159245368710128847124504748050503990781578764654952474606245487855709595539854347610025507672219867684075552108204020693002392797889951477922785294312425920409366840810613018774876035748947379126660344457923252911827963127050021684207491337122395166780647517198338054767054442830301426205055903496259126862605237461976535076098361397823326293402766043365501433603630557342200025311413646849469234032797183111462861504199013456412011237770868264340994109716529640416837224889583615851124891019011469211713408349279357454776504261682254599836296540677490414109971322704682648733858505710837948572489470743258918957985499447890480082719124734380717079913908027937921038192208772571802079613448093696186733643290284870878794124360980883995900352900169251996630745408968647196739083264462897694864636367981485763873831510074976212279157827568788748587208370309400277301513089418026501765935875688452475036335026926035984960464181697274556613221792458622338022538497456852545560958161633631393846791355693736324319823254493130493254534323699909944897503934906464549927864564116780764548724526005167288450207785182052845344488503149127553784912040092721239672966494161951435228870510203666458503407381527800202537379296899084196749484248017397623225360741557400356939447786030212738157097386153120302032851798323144081850357605420034876762332505768871767157279014091641205177376396947992882728922995266027851166827789653411295075675561410671580097156184523046122900782989756625456112627833322130591146902407883006284348590074036026446197103992744951409686477908471095192610419082790255192110341133645545	29797441240847192311964028853190280189674041619720799605070824129924103630349014387363218437041262128836255660367033565228906969921436065807110492954244538641922732381526988524213230765695165516684856964886402475218726787375215748391120225301433133801809602551954799399621703470614032595261603547732880205461166225506383472517669360488304292936684047002677551828409989745109425630864985134422947174036192029676553220396103130882265511904520585700060750003250408290764813305740477422359782820039739747407254492843904673997125272046292276306417333621045582187098816891641254388118615995970674429432143640587219546851245472290216391933922818852287307049811511896851490902758108182714579906084707050661444137404718752497700186533646977012126386231310469628485167472902657274048575829511420675849583871233492293848428541221683703895658880663414626906764071528467410178432304353617223441482864193285100928093077741519883221240668852955533544609985252847267621422519215919367648268592447396226122312801589022880752118604642744665731607650793670966429240278320289346701072396910943990827407366506294657734471869429577761769201815905758149439552557966791512695909540741385826452801383749837670132846076255208877441111028255639314683721896152222972659610778502167250388206319496091644576800518042282953107127735152949674642501225364311803082738998567568660973248892570776615618096826236884622139147705875370111744068017655377068065378420155582523314690391181662157396965204657300653427452578951026075409969174100785484002367366369978054855707104992275212587484962001890316546451020681387825155767535684840090161184498456650913686326193527782724619774163925103114346387425525483162648036697381503183789199926269563765652146267460321320903890419387886158011757339625457681268344009515220894001174774215110075974676343376233000316307083799044461719925728222211655315014656715253998635097114149264217955803266636218845755518503839742727947321891732600251022655687300217900397185777471342511671235833162817232567620748219743998601680823402753835588938866777404065941884855086814885280209301256533800407383095382405386078845289318705676097419895708793842103970999995513058335773269116772430758699653566016336680816984154444940724071601307615446870279892741585681823927850048246579671371241983615270479851153823455184284974861161335065270916168657724212202700430916330574347832841512981979464830219623174691143793030251752766647810647210265281339114292542021901340306153967345695953378907893040404858699038270471762345666345932104750278846395976075772878141546785023152569119050228882945932067675441665255014188928140379540408389894576735490149334797074141662978861433262125709898748261013541879320548868585594642611560393664117783304845626399747287989824667977610570989844078049750230415731127623879382909491699598719887475933093842132898488962045229518831097810874921258732540068564660170354771248148928794873204961511855333650867288886014706705027857900540991416525862780354084494593682615591963969286902623887625210085414848098510990150089214234695070472778867836557958164101436166133803543836622317883840165343935639579537404199211355504559405	-3,5,5,5,5,5,5,5,5,5,5,5	-6,-6,-6,5,5,5,5,5,5,5,5,5	ok
0.894895	-12.672673	-55.289704	0.382219	continued:5	29797441240847192311964028853190280189674041619720799605070824129924103630349014387363218437041262128836255660367033565228906969921436065807110492954244538641922732381526988524213230765695165516684856964886402475218726787375215748391120225301433133801809602551954799399621703470614032595261603547732880205461166225506383472517669360488304292936684047002677551828409989745109425630864985134416570483495028535097538525962819715706453278578056276781997658621821330623661439735037198469982874980353282521543069959364804122626389538391283710117759012920542190446628568269535485120906902702054290158140837938102629797883544586003735080140767802541056613215533165923427360817084903885101038661329655704061613434516352085161782006860284716509839924228309376088170740553115806220734141302649677479518483802000300168580713163044194065887323354719302210650111132711346298709211434864618027584900489492606253513787276911684522970091828423127049646218187582003049038748847718653443334980530114472055275735855279209770676986277839544680221399291578177895818923520118959136259612273568065832391421401557650483557112710133624327231572850837292836264665366775640359169906189441461622801137205046057480139998789727301188354834859408678444252318864359603629790357149869408733925794073059173594199193764540223273904873376084823036011548299500458930026642471196433941697444714519521783436521257033199569240538356017136986648278619083208578340432572460744377916106798578888652909672720671642967618220307737860229752048439860902462357086319177145113230508886698115136650507969516166526294114004402230583122518610644854450940922504742935458657025456787423602263810705792223277239797664179253646386657248754348920274591275922106612789638823045524737687760480517307563168128734231870276349616691444949243834603543596729405594112100811418022398581581665263730601062159069541842874383968484843968697320032877029963851616666243709567174730087379269003117661611297426973817071891389119816536576279713340130739789653660034716967374571191415640988337429733918383496657464600679844209398677918852794611472922709573698129962366116730360660638153399713021191127490014552783897756278350305426481469533202886550233639559709678913540326283345923809677505750158426116167656669751127177814017233792228149322557292124771513598579490766719264217756674593059481529991350443206116041159100334016059479182640738914921361909632331503756276812071605442935519520332538921681219307786462373347010117415826429653510990058493294078173368236888510932712610899493567755381742104770435907974844518165777048822764675355460877255406818643096988868370006148151963658469234401544959937153546733723571643476182523715691110268419368299822266833571566669366915283179066901667636265929715312806456201033529823967248355491004025338670555108420167120259536696003673762454162990731166453991392132721289816434319268112105130494704894656992729779482624722477085443934794613053273704968957779305144146564238789342257387605159841341125899231904752557809867211452287546554338960283446959401778234756736667405653322097218920100025051309125020362462129173340868518526614682821594995721467749528611275156	29797441240847192311964028853190280189674041619720799605070824129924103630349014387363218437041262128836255660367033565228906969921436065807110492954244538641922732381526988524213230765695165516684856964886402475218726787375215748391120225301433133801809602551954799399621703470614032595261603547732880205461166225506383472517669360488304292936684047002677551828409989745109425630864985134422947174036192029676553220396103130882265511904520585700060750003250408290764813305740477422359782820039739747407254492843904673997125272046292276306417333621045582187098816891641254388118615995970674429432143640587219546851245472290216391933922818852287307049811511896851490902758108182714579906084707050661444137404718752497700186533646977012126386231310469628485167472902657274048575829511420675849583871233492293848428541221683703895658880663414626906764071528467410178432304353617223441482864193285100928093077741519883221240668852955533544609985252847267621422519215919367648268592447396226122312801589022880752118604642744665731607650793670966429240278320289346701072396910943990827407366506294657734471869429577761769201815905758149439552557966791512695909540741385826452801383749837670132846076255208877441111028255639314683721896152222972659610778502167250388206319496091644576800518042282953107127735152949674642501225364311803082738998567568660973248892570776615618096826236884622139147705875370111744068017655377068065378420155582523314690391181662157396965204657300653427452578951026075409969174100785484002367366369978054855707104992275212587484962001890316546451020681387825155767535684840090161184498456650913686326193527782724619774163925103114346387425525483162648036697381503183789199926269563765652146267460321320903890419387886158011757339625457681268344009515220894001174774215110075974676343376233000316307083799044461719925728222211655315014656715253998635097114149264217955803266636218845755518503839742727947321891732600251022655687300217900397185777471342511671235833162817232567620748219743998601680823402753835588938866777404065941884855086814885280209301256533800407383095382405386078845289318705676097419895708793842103970999995513058335773269116772430758699653566016336680816984154444940724071601307615446870279892741585681823927850048246579671371241983615270479851153823455184284974861161335065270916168657724212202700430916330574347832841512981979464830219623174691143793030251752766647810647210265281339114292542021901340306153967345695953378907893040404858699038270471762345666345932104750278846395976075772878141546785023152569119050228882945932067675441665255014188928140379540408389894576735490149334797074141662978861433262125709898748261013541879320548868585594642611560393664117783304845626399747287989824667977610570989844078049750230415731127623879382909491699598719887475933093842132898488962045229518831097810874921258732540068564660170354771248148928794873204961511855333650867288886014706705027857900540991416525862780354084494593682615591963969286902623887625210085414848098510990150089214234695070472778867836557958164101436166133803543836622317883840165343935639579537404199211355504559405	-3,-5,5,5,5,5,5,5,5,5,5,5	-6,-6,-6,5,5,5,5,5,5,5,5,5	ok
0.898899	-12.672673	-56.084242	0.385013	continued:5	29797441240847192311964028853190280189674041619720799605070824129924103630349014387363218437041262128836255660367033565228906969921436065807110492954244538641922732381526988524213230765695165516684856964886402475218726787375215748391120225301433133801809602551954799399621703470614032595261603547732880205461166225506383472517669360488304292936684047002677551828409989745109425630864985134410193792953865040518523831529536300530641045251591967863934567240392252956558066164333919517605967140666825295678885425885703571255653804736275143929100692220038798706158319647429715853695189408137905886849532235618040048915843699717253768347612786229825919381254819950003230731411699587487497416574604357461782731627985417825863827186922456007553462225308282547856313633328955167419706775789469480611559738007413659668099782369121054590863861144238738959096672747737279409735626906209769372241309584913238418046885958531887025083628995414392263108247031801394472881212143143290264995601672765057255835010141684178851946852334816222471921330954532441368628013762954560274614035782030976878003106108119474895930869390230978001142747859294010451401389041610021396389202458667172133077048283131957393284404046055072840862552476804960590773588035550160518779771015300113988794745430447108388763936036391554818686310698826823745046645932777118000501528571302258842157120161592246825458076945448272280842797248906300044479518696641734693324181489212265813457170004955770760887235939038192760808987404067123321869173971757838442893034607825588593403361554127149250118875505486731855389881312302021314586801752443102562420845298593045820215416483876367261765869024011338903359576305478047780926556584048963861200183867567601303247221548480110020981143029769747926075803372570120333585805531198391871152279813007335153062249483102836515422568403505815959805861171216634481873559019905057015881931966370515472760990861760449130544475584668638126983543558178492389278223157866575465788000254954412669940349925513470260791800135217828027121172709478448354808741537263473620745270691722946284598271459082230944221945247298296367395314064262391180747729823954714716974904700199579655164683315493494812586704947937986129880402560862285119738993529594532189747868467875557431478975227421627757436141668477083925127258152818918043348018650406887502576138054452949515612386794260308411345362230714080203570533386861607568718109644825464593542156087093939528484357283026866240512125053450239951500328630887893815665246979084253872196501397211038695738485121383287320757828117097957076612480668904175015384117767491278189854647214948242525598221055383633980388398810798496355390032137011478501536472095033121598874414751417666615255268913842610745010804791902839391489351076311471280379736366928979294072758171794748084200764004077911919946971582713815708552472829776707766869631246495860250900984659528551511127897037760784566145041720609014671015305399650108419545463999225127384898578864723611429500094544053789524766797326898908018582362356826144837009034416662280400963168948792143475506880753586168860965659576537399270717347561402041820132826706579789784	29797441240847192311964028853190280189674041619720799605070824129924103630349014387363218437041262128836255660367033565228906969921436065807110492954244538641922732381526988524213230765695165516684856964886402475218726787375215748391120225301433133801809602551954799399621703470614032595261603547732880205461166225506383472517669360488304292936684047002677551828409989745109425630864985134422947174036192029676553220396103130882265511904520585700060750003250408290764813305740477422359782820039739747407254492843904673997125272046292276306417333621045582187098816891641254388118615995970674429432143640587219546851245472290216391933922818852287307049811511896851490902758108182714579906084707050661444137404718752497700186533646977012126386231310469628485167472902657274048575829511420675849583871233492293848428541221683703895658880663414626906764071528467410178432304353617223441482864193285100928093077741519883221240668852955533544609985252847267621422519215919367648268592447396226122312801589022880752118604642744665731607650793670966429240278320289346701072396910943990827407366506294657734471869429577761769201815905758149439552557966791512695909540741385826452801383749837670132846076255208877441111028255639314683721896152222972659610778502167250388206319496091644576800518042282953107127735152949674642501225364311803082738998567568660973248892570776615618096826236884622139147705875370111744068017655377068065378420155582523314690391181662157396965204657300653427452578951026075409969174100785484002367366369978054855707104992275212587484962001890316546451020681387825155767535684840090161184498456650913686326193527782724619774163925103114346387425525483162648036697381503183789199926269563765652146267460321320903890419387886158011757339625457681268344009515220894001174774215110075974676343376233000316307083799044461719925728222211655315014656715253998635097114149264217955803266636218845755518503839742727947321891732600251022655687300217900397185777471342511671235833162817232567620748219743998601680823402753835588938866777404065941884855086814885280209301256533800407383095382405386078845289318705676097419895708793842103970999995513058335773269116772430758699653566016336680816984154444940724071601307615446870279892741585681823927850048246579671371241983615270479851153823455184284974861161335065270916168657724212202700430916330574347832841512981979464830219623174691143793030251752766647810647210265281339114292542021901340306153967345695953378907893040404858699038270471762345666345932104750278846395976075772878141546785023152569119050228882945932067675441665255014188928140379540408389894576735490149334797074141662978861433262125709898748261013541879320548868585594642611560393664117783304845626399747287989824667977610570989844078049750230415731127623879382909491699598719887475933093842132898488962045229518831097810874921258732540068564660170354771248148928794873204961511855333650867288886014706705027857900540991416525862780354084494593682615591963969286902623887625210085414848098510990150089214234695070472778867836557958164101436166133803543836622317883840165343935639579537404199211355504559405	3,-5,-5,5,5,5,5,5,5,5,5,5	-6,-6,-6,5,5,5,5,5,5,5,5,5	ok
0.902903	-12.672673	-56.606504	0.384639	full	29797441240847192311964028853190280189674041619720799605070824129924103630349014387363218437041262128836255660367033565228906969921436065807110492954244538641922732381526988524213230765695165516629719455082439030115514738625751147374619061428443692170103772928052157992597220406516401095475006861621104613080858773559361281785078273174977150529232100876711955860337173342342382712290254519072720075447881889404310144753063289278224835207785430431660541349367441450439188005794303382787948861163481607165076354418112248552084410588766808221488393960764772634452977681121212601890834563717080032153096869237209157451526197543499316578780728165715661405592797343730746193286565650409718848027368980104747896040744184555178311722015776748109980228169797437948177587264110848783016277103495248127583981009232091733765949791185473986104106876143040470402304046775322237031172368282587051756119069840092624861390376767344821249616461441838405100367030077331160133732065065107385090435247019414812415337521285458512702009279413490029809421634769587811238398738246652088217774948966548463838055758473873446922700045970686658751627295548316740966679020241980807705495368006437598711307815622556144329017637044698400522839661702852408872668780923408334758391575280867657988331810020357537753697319531227199689826250059445882789742552634155221024783892724733323440990802884739179065634229922588851122425097927766203348657331846508663184033641025777090847707388133833174885034465625145736007889489354862603311480293936997544073824032775712286340275727027502179924955711284195359900591131802343370035524815725750168723159016698726418813264728701318592225437962556135294244923272393936123715008326975132396133595167977989873534146570761721544446785824022229043889913173202530738471812264172972138783681896298463617320716785132828332865735378422547746781087631861900994459698227330558411245684243820186270236394605036844121556361674800613477390824630117448181397766814688462429162991601999232038078014568916725131123992032774167508559454385328275595922855082459187396698978568320297728981795868327944096275032673206482144847820753708018640492831328281498945003904463406816387943874022894171276760549962594305485306234289447883918076290569834470058207416398906391678198692272525323787655561082675014418046768077578927866432454912838730793780102732507481659019403043278444449978227171440187885154000743746770603432671953385310889319401709051816220006658328999280551762252910283022690029541198436049377476835898305699912717491682369115678309524159819059670629865145151732720544258350852853999203330290255040777923980488818468643283523528235916767839048329048595196768493881707851835188629111354782283302952092360148060793574239662925823226598772780276729896115534438542989125231591998048419384651671547179540235266080578428209906054888099678714026178050152655005232915715286360089640694424138526875159433871086383051308142087580328978290306875036127092570840275132850245579385025349796585843343051490347494617653699635014241550492145151273201549623492788689303594563912375003456592231685834933680566198549359895028646493133954350207368127013046379955	29797441240847192311964028853190280189674041619720799605070824129924103630349014387363218437041262128836255660367033565228906969921436065807110492954244538641922732381526988524213230765695165516684856964886402475218726787375215748391120225301433133801809602551954799399621703470614032595261603547732880205461166225506383472517669360488304292936684047002677551828409989745109425630864985134422947174036192029676553220396103130882265511904520585700060750003250408290764813305740477422359782820039739747407254492843904673997125272046292276306417333621045582187098816891641254388118615995970674429432143640587219546851245472290216391933922818852287307049811511896851490902758108182714579906084707050661444137404718752497700186533646977012126386231310469628485167472902657274048575829511420675849583871233492293848428541221683703895658880663414626906764071528467410178432304353617223441482864193285100928093077741519883221240668852955533544609985252847267621422519215919367648268592447396226122312801589022880752118604642744665731607650793670966429240278320289346701072396910943990827407366506294657734471869429577761769201815905758149439552557966791512695909540741385826452801383749837670132846076255208877441111028255639314683721896152222972659610778502167250388206319496091644576800518042282953107127735152949674642501225364311803082738998567568660973248892570776615618096826236884622139147705875370111744068017655377068065378420155582523314690391181662157396965204657300653427452578951026075409969174100785484002367366369978054855707104992275212587484962001890316546451020681387825155767535684840090161184498456650913686326193527782724619774163925103114346387425525483162648036697381503183789199926269563765652146267460321320903890419387886158011757339625457681268344009515220894001174774215110075974676343376233000316307083799044461719925728222211655315014656715253998635097114149264217955803266636218845755518503839742727947321891732600251022655687300217900397185777471342511671235833162817232567620748219743998601680823402753835588938866777404065941884855086814885280209301256533800407383095382405386078845289318705676097419895708793842103970999995513058335773269116772430758699653566016336680816984154444940724071601307615446870279892741585681823927850048246579671371241983615270479851153823455184284974861161335065270916168657724212202700430916330574347832841512981979464830219623174691143793030251752766647810647210265281339114292542021901340306153967345695953378907893040404858699038270471762345666345932104750278846395976075772878141546785023152569119050228882945932067675441665255014188928140379540408389894576735490149334797074141662978861433262125709898748261013541879320548868585594642611560393664117783304845626399747287989824667977610570989844078049750230415731127623879382909491699598719887475933093842132898488962045229518831097810874921258732540068564660170354771248148928794873204961511855333650867288886014706705027857900540991416525862780354084494593682615591963969286902623887625210085414848098510990150089214234695070472778867836557958164101436166133803543836622317883840165343935639579537404199211355504559405	3,-5,-5,-5,5,5,5,5,5,5,5,5	-6,-6,-6,5,5,5,5,5,5,5,5,5	ok
0.906907	-12.672673	-18.902080	0.374632	continued:5	29797441240847192311964028853190280189674041619720799605070824129924103630349014387363218437041269379671702255991987079804799208406459594566569431867073202856046034605145785804039600969463916687067747226380923922491222894104993820922680916963522101285847689175302460496849986346102331021429321628513066058476966515597825216826491333292587291982542222577650377274214589137990302734087449011575245290848909222554254695812547715610856551849088835050194079719046057626362150098208139175376597342767181508719554474278778659080532774115025837077781440395069085566275270593757816945481686485193015874439188322179831981093036895623277079340863901340841530659385999147856565374809215690856107223889095514999077328145392637026919656402861829173510689476833346886203495903722973673938428907342665985450153766974630221683572796787810716276779509428668189395549706460924549201311213682554311884566287526513070221086970102079502518306375668819648104970735106915337010019709466847876528053194557633443693143469018575215590734560071929202513032293161520947781205518646187551763858454262249085426873090518872337808205076611467664005144113650120563379257218770267486854454585126147436133801137991014129585620735980500953292237789609787242677680689694288070265806540141549427425248272673270851742511442169211186806239397763650659713785016570063740146045684814403372018803768586828299504204092612670676494271732825660823422665667015755407871992093170287952447679322498508505274487350537095266210019724168338260398722942678821221266384605130307612355799199609047992269308186644354000967333381175553280760914446148370023287088228849170347881899601592957779496717089529624415996571893576863050640951342501835191808487465687826075636979512067037005450779753353177435111614001715484312001816384352762400712252548904198854216466264210525479097437673512807158596348488129087960133258524101336574805213665411425124454780739495402291847771652137025589983184284460810562787320668339805098331937722599606065619084856958771673242084198722913817887074743821661748797812273655525743432361688233421686368852958866559648640562991718528750352122206248536312579225014329561736369990548582748693424612715648211554530104896236322451513200908886118839047564463445878359272722370536456118859442322222820107244098495052102940808721052602060103156449187707447090872615870319746214856185454522991791641766286882833037526309329013752792352821340819145006992587729484345225925667065361009777859811041577718352594630797073279476939568456770295121973323525972363725605776252759180026711386645141160088547073280634670368924396700103578101328615397388394652067542033570072145786504549148011727226838247760223837749901211017914973213252987262986721904822298714260263597577093732471716293652152129120666031321118178847669706582815707811337412081429531982014119104378284115524277451356498322791676739500088354291648122352621027674434988075212205934256345685529062861434634867097317166051016217239093756425608644697903635062497488722253054351129927045998808878725083879390067532032789741198914486810405385458873490292076946911994540223105784796796150593334911699175098439467764678348201	29797441240847192311964028853190280189674041619720799605070824129924103630349014387363218437041262128836255660367033565228906969921436065807110492954244538641922732381526988524213230765695165516684856964886402475218726787375215748391120225301433133801809602551954799399621703470614032595261603547732880205461166225506383472517669360488304292936684047002677551828409989745109425630864985134422947174036192029676553220396103130882265511904520585700060750003250408290764813305740477422359782820039739747407254492843904673997125272046292276306417333621045582187098816891641254388118615995970674429432143640587219546851245472290216391933922818852287307049811511896851490902758108182714579906084707050661444137404718752497700186533646977012126386231310469628485167472902657274048575829511420675849583871233492293848428541221683703895658880663414626906764071528467410178432304353617223441482864193285100928093077741519883221240668852955533544609985252847267621422519215919367648268592447396226122312801589022880752118604642744665731607650793670966429240278320289346701072396910943990827407366506294657734471869429577761769201815905758149439552557966791512695909540741385826452801383749837670132846076255208877441111028255639314683721896152222972659610778502167250388206319496091644576800518042282953107127735152949674642501225364311803082738998567568660973248892570776615618096826236884622139147705875370111744068017655377068065378420155582523314690391181662157396965204657300653427452578951026075409969174100785484002367366369978054855707104992275212587484962001890316546451020681387825155767535684840090161184498456650913686326193527782724619774163925103114346387425525483162648036697381503183789199926269563765652146267460321320903890419387886158011757339625457681268344009515220894001174774215110075974676343376233000316307083799044461719925728222211655315014656715253998635097114149264217955803266636218845755518503839742727947321891732600251022655687300217900397185777471342511671235833162817232567620748219743998601680823402753835588938866777404065941884855086814885280209301256533800407383095382405386078845289318705676097419895708793842103970999995513058335773269116772430758699653566016336680816984154444940724071601307615446870279892741585681823927850048246579671371241983615270479851153823455184284974861161335065270916168657724212202700430916330574347832841512981979464830219623174691143793030251752766647810647210265281339114292542021901340306153967345695953378907893040404858699038270471762345666345932104750278846395976075772878141546785023152569119050228882945932067675441665255014188928140379540408389894576735490149334797074141662978861433262125709898748261013541879320548868585594642611560393664117783304845626399747287989824667977610570989844078049750230415731127623879382909491699598719887475933093842132898488962045229518831097810874921258732540068564660170354771248148928794873204961511855333650867288886014706705027857900540991416525862780354084494593682615591963969286902623887625210085414848098510990150089214234695070472778867836557958164101436166133803543836622317883840165343935639579537404199211355504559405	2,-6,-6,-6,-6,5,5,5,5,5,5,5	-6,-6,-6,5,5,5,5,5,5,5,5,5	ok
0.910911	-12.672673	-47.967919	0.371838	continued:5	29797441240847192311964028853190280189674041619720799605070824129924103630349014387363218437041269379671702255991987079804799208406459594566569431867073202856046034605145785804039600969463916687067747226380923922491222894104993820922680916963522101285847689175302460496849986346102331021429321628513066058476966515597825216826491333292587291982542222577650377274214589137990302734087449011575245290848909222554254695812547715610856551849088835050194079719046057626362150098208139175376597342767181508719554474278778659080532774115025837077781440395069085566275270593757816945481686485193015874439188322179831981093036895623277079340863901340841530659385999147856565374809215690856107223889095514999077328145392637026919656402861829173510689476833346886203495903722973673938428907342665985450153766974630221683572796787810716276779509428668189395549706460924549201311213682554311884566287526513070221086970102079502518306375668819648104970735106915337010019709466847876528053194557633443693143469018575215590734560071929202513032293161520947781205518646187551763858454262249085426873090518872337808205076611467664005144113650120563379257218770267486854454585126147436133801137991014129585620735980500953292237789609787242677680689694288070265806540141549427425248272673270851742511442169211186806239397763650659713785016570063740146045684814403372018803768586828299504204092612670676494271732825660823422665667015755407871992093170287952447679322498508505274487350537095266210019724168338260398722942678821221266384605130307612355799199609047992269308186644354000967577501806557082618250939768172221631435289533054469546519211131903599439578489710458064304224258242753991949077370626105594906836037224054290926572608678922256633712993602996984006523452864385914534256302237911309852295024385228288604440813133818523810898119925050703355963900218951617376650619488146988722126240320579110187302145019161967513651877444585927344385852371591587239479373025236897455593637451259909552184387174282119561203519632898550705037840759703914348593348037908819867883547895371818202043640393039621020414797283530450466713315250569932983955276693719882048390485465533485510588385800687164523518749117193521756140543696837736214803627013723775681198061143445893247905650949500473629326963766107163600668394240903123651228438463367201158148596206161949377092181370296185686953116169180681409176863011561460773364643495997498158348442437275882190669358992018110491685779447950403551737289524400188144456712436403249187563796755054042049539301937259411075522538733691707058564810010534654090759160134597025679885017648083247039488263739988336876140274341217599534325235297286210657654731573750783323097372755158570573080483488140629668257895084652056736727996122993728043210256287889504365916978816342762787474618174908670557430739386534503325046464982165958137308962713991872691611660726293175985295198880150537665532320515716601853326513620014155618044775269164610412057730011889397022653749383237792359033344825171133135794449221133882528280294589598664230128884859792907483347242875645344023258298724106021662059937863156992956219585501182948511	29797441240847192311964028853190280189674041619720799605070824129924103630349014387363218437041262128836255660367033565228906969921436065807110492954244538641922732381526988524213230765695165516684856964886402475218726787375215748391120225301433133801809602551954799399621703470614032595261603547732880205461166225506383472517669360488304292936684047002677551828409989745109425630864985134422947174036192029676553220396103130882265511904520585700060750003250408290764813305740477422359782820039739747407254492843904673997125272046292276306417333621045582187098816891641254388118615995970674429432143640587219546851245472290216391933922818852287307049811511896851490902758108182714579906084707050661444137404718752497700186533646977012126386231310469628485167472902657274048575829511420675849583871233492293848428541221683703895658880663414626906764071528467410178432304353617223441482864193285100928093077741519883221240668852955533544609985252847267621422519215919367648268592447396226122312801589022880752118604642744665731607650793670966429240278320289346701072396910943990827407366506294657734471869429577761769201815905758149439552557966791512695909540741385826452801383749837670132846076255208877441111028255639314683721896152222972659610778502167250388206319496091644576800518042282953107127735152949674642501225364311803082738998567568660973248892570776615618096826236884622139147705875370111744068017655377068065378420155582523314690391181662157396965204657300653427452578951026075409969174100785484002367366369978054855707104992275212587484962001890316546451020681387825155767535684840090161184498456650913686326193527782724619774163925103114346387425525483162648036697381503183789199926269563765652146267460321320903890419387886158011757339625457681268344009515220894001174774215110075974676343376233000316307083799044461719925728222211655315014656715253998635097114149264217955803266636218845755518503839742727947321891732600251022655687300217900397185777471342511671235833162817232567620748219743998601680823402753835588938866777404065941884855086814885280209301256533800407383095382405386078845289318705676097419895708793842103970999995513058335773269116772430758699653566016336680816984154444940724071601307615446870279892741585681823927850048246579671371241983615270479851153823455184284974861161335065270916168657724212202700430916330574347832841512981979464830219623174691143793030251752766647810647210265281339114292542021901340306153967345695953378907893040404858699038270471762345666345932104750278846395976075772878141546785023152569119050228882945932067675441665255014188928140379540408389894576735490149334797074141662978861433262125709898748261013541879320548868585594642611560393664117783304845626399747287989824667977610570989844078049750230415731127623879382909491699598719887475933093842132898488962045229518831097810874921258732540068564660170354771248148928794873204961511855333650867288886014706705027857900540991416525862780354084494593682615591963969286902623887625210085414848098510990150089214234695070472778867836557958164101436166133803543836622317883840165343935639579537404199211355504559405	-3,-6,-6,-6,-6,5,5,5,5,5,5,5	-6,-6,-6,5,5,5,5,5,5,5,5,5	ok
0.914915	-12.672673	-51.678304	0.374632	continued:5	29797441240847192311964028853190280189674041619720799605070824129924103630349014387363218437041262128836255660367033565228906969921436065807110492954244538641922732381526988524213230765695165516739994474690365920321938836124680349407621389174422575433515432175857440806646186534711664095048200233844655797841473677453405663250260447801631435344135993128643147796482806147876468549439715749856071249659627599475987323671827369771865221845291756903281146615711384803434295024829277842831418694839941823883831566498004267261730671018929104843904442387870484365857888189536296648098670249137264353498164544236896672831076268761190520600080121584857972539648724104485926725981306583995477145957712627015939516317459995807158397098987563805866798273465357843109707315770267392401784231126954403131562900596901554920941929800667469540731596024416446057782475494050688655549937961178871708310774758509474199344274385665327650397601172390515912454512807551418600510707134665906879279435847487037545889115906146070551888130409417242517356945216602359496984048243451821412619142457943691164845601083632128546483691663273094080913772697520179354680054649028668957946549146753511281249223840930715689293831419123065851313060999449270994502051366517732748996349002023493589746389443904928584896086009937902409399920434894710434724828196433334435922244668719645070963172539209158021792443345390080700323594367010028199659713009657377267993424553187083049959871759642950546564115043686986727275079274165803791130947745943729088287446146315142597144867697576962518223254129784798352227596413586515092312600443544647088078963307588923763636270954682141162217889953313809670031390986549607323729776543960584738185340384283123633257672835492121369841702679003714621452511211488132879741846931541965183383174837080362231598519353499614715385644344696173540416779531065434514717344159270458185322190319002918880258798254585345793021680011380250162900736886694238160674778981671586382208590845498820890423879819056887601109365751288169363031295963144711437811826340557432543810457055113118374314559725013652447420706746641436778696524352787229829152569711848155287193266851071686745685042687177962542028756361060869980631274911665606915825007767093996814283157425089768909349591853180534020417877983831190934567547174451197027036328545009959409946568673189931891319140937683057466613144960188029307056843699539503135152185374427537954913055660224161914893302003539102496278970623526635768611491194218105289433947847410751650163321463340207577290361653284295849315999533959606886633457085563974953571689595287416222208201363712344572181242588061645200339451253286932525102910907083689274126797791574829676094911935693125515417479693245700545586849632114793883489894020589182643866659862269879522861085274501240188470144503049261976403001533674881602511292873745561199354906195581127298495235690714135319826928323334069849570106748106926807217065592924536332009850126335061121352445624550266729775884694105739726308839115329994490671173218127425760715447686495957442938227080980437674949283143843006920551744113229740734747747362441070220744173404608273321	29797441240847192311964028853190280189674041619720799605070824129924103630349014387363218437041262128836255660367033565228906969921436065807110492954244538641922732381526988524213230765695165516684856964886402475218726787375215748391120225301433133801809602551954799399621703470614032595261603547732880205461166225506383472517669360488304292936684047002677551828409989745109425630864985134422947174036192029676553220396103130882265511904520585700060750003250408290764813305740477422359782820039739747407254492843904673997125272046292276306417333621045582187098816891641254388118615995970674429432143640587219546851245472290216391933922818852287307049811511896851490902758108182714579906084707050661444137404718752497700186533646977012126386231310469628485167472902657274048575829511420675849583871233492293848428541221683703895658880663414626906764071528467410178432304353617223441482864193285100928093077741519883221240668852955533544609985252847267621422519215919367648268592447396226122312801589022880752118604642744665731607650793670966429240278320289346701072396910943990827407366506294657734471869429577761769201815905758149439552557966791512695909540741385826452801383749837670132846076255208877441111028255639314683721896152222972659610778502167250388206319496091644576800518042282953107127735152949674642501225364311803082738998567568660973248892570776615618096826236884622139147705875370111744068017655377068065378420155582523314690391181662157396965204657300653427452578951026075409969174100785484002367366369978054855707104992275212587484962001890316546451020681387825155767535684840090161184498456650913686326193527782724619774163925103114346387425525483162648036697381503183789199926269563765652146267460321320903890419387886158011757339625457681268344009515220894001174774215110075974676343376233000316307083799044461719925728222211655315014656715253998635097114149264217955803266636218845755518503839742727947321891732600251022655687300217900397185777471342511671235833162817232567620748219743998601680823402753835588938866777404065941884855086814885280209301256533800407383095382405386078845289318705676097419895708793842103970999995513058335773269116772430758699653566016336680816984154444940724071601307615446870279892741585681823927850048246579671371241983615270479851153823455184284974861161335065270916168657724212202700430916330574347832841512981979464830219623174691143793030251752766647810647210265281339114292542021901340306153967345695953378907893040404858699038270471762345666345932104750278846395976075772878141546785023152569119050228882945932067675441665255014188928140379540408389894576735490149334797074141662978861433262125709898748261013541879320548868585594642611560393664117783304845626399747287989824667977610570989844078049750230415731127623879382909491699598719887475933093842132898488962045229518831097810874921258732540068564660170354771248148928794873204961511855333650867288886014706705027857900540991416525862780354084494593682615591963969286902623887625210085414848098510990150089214234695070472778867836557958164101436166133803543836622317883840165343935639579537404199211355504559405	-3,-6,-6,-6,5,5,5,5,5,5,5,5	-6,-6,-6,5,5,5,5,5,5,5,5,5	ok
0.918919	-12.672673	-53.982166	0.377425	continued:5	29797441240847192311964028853190280189674041619720799605070824129924103630349014387363218437041262128836255660367033565228906969921436065807110492954244538641922732381526988524213230765695165516684856964886402475218726787375215748391120225301433133801809602551954799399621703470614032595261603547732880205461166225506383472517669360488304292936684047002677551828409989745109425630864985134416570483495028535097538525962819715706453278578056276781997658621821330623661439735037198469982874980353282521543069959364804122626389538391283710117759012920542190446628568269535485120906902702054290158140837938102629797883544586003735080140767802541056613215533165923427360817084903885101038661329655704061613434516352085161782006860284716509839924228309376088170740553115806220734141302649848057010058913693667459286835607211129246633087358315863204490737630361736531172516441701350353989780844469604679326961211342427047892996344090028808147916171706518889485060629487737417917569767213496185589810977631686161593663266872708183305924891421716519836703659212884206754774705296603977160595587057551946392243523306131003376817168847344668193734612715320449809071341032253817577093207483930220945124667599152474307313066288132598337858614967222060190098955400369833539728841815639323595546756206693047251103075382837527829820663088922381252193091723767612410835446041002371833244855823858875455973221693803924258499763326053205682414512096667270504543905693204277613951276144204402168422635613346089666241936344317839882762737246424381784741408159245368710128847124504748050503990781578764654952474606245487855709595539854347610025507672219867684075552108204020693002392797889951477922785294312425920409366840810613018774876035748947379126660344457923252911827963127050021684207491337122395166780647517198338054767054442830301426205055903496259126862605237461976535076098361397823326293402766043365501433603630557342200025311413646849469234032797183111462861504199013456412011237770868264340994109716529640416837224889583615851124891019011469211713408349279357454776504261682254599836296540677490414109971322704682648733858505710837948572489470743258918957985499447890480082719124734380717079913908027937921038192208772571802079613448093696186733643290284870878794124360980883995900352900169251996630745408968647196739083264462897694864636367981485763873831510074976212279157827568788748587208370309400277301513089418026501765935875688452475036335026926035984960464181697274556613221792458622338022538497456852545560958161633631393846791355693736324319823254493130493254534323699909944897503934906464549927864564116780764548724526005167288450207785182052845344488503149127553784912040092721239672966494161951435228870510203666458503407381527800202537379296899084196749484248017397623225360741557400356939447786030212738157097386153120302032851798323144081850357605420034876762332505768871767157279014091641205177376396947992882728922995266027851166827789653411295075675561410671580097156184523046122900782989756625456112627833322130591146902407883006284348590074036026446197103992744951409686477908471095192610419082790255192110341133645545	29797441240847192311964028853190280189674041619720799605070824129924103630349014387363218437041262128836255660367033565228906969921436065807110492954244538641922732381526988524213230765695165516684856964886402475218726787375215748391120225301433133801809602551954799399621703470614032595261603547732880205461166225506383472517669360488304292936684047002677551828409989745109425630864985134422947174036192029676553220396103130882265511904520585700060750003250408290764813305740477422359782820039739747407254492843904673997125272046292276306417333621045582187098816891641254388118615995970674429432143640587219546851245472290216391933922818852287307049811511896851490902758108182714579906084707050661444137404718752497700186533646977012126386231310469628485167472902657274048575829511420675849583871233492293848428541221683703895658880663414626906764071528467410178432304353617223441482864193285100928093077741519883221240668852955533544609985252847267621422519215919367648268592447396226122312801589022880752118604642744665731607650793670966429240278320289346701072396910943990827407366506294657734471869429577761769201815905758149439552557966791512695909540741385826452801383749837670132846076255208877441111028255639314683721896152222972659610778502167250388206319496091644576800518042282953107127735152949674642501225364311803082738998567568660973248892570776615618096826236884622139147705875370111744068017655377068065378420155582523314690391181662157396965204657300653427452578951026075409969174100785484002367366369978054855707104992275212587484962001890316546451020681387825155767535684840090161184498456650913686326193527782724619774163925103114346387425525483162648036697381503183789199926269563765652146267460321320903890419387886158011757339625457681268344009515220894001174774215110075974676343376233000316307083799044461719925728222211655315014656715253998635097114149264217955803266636218845755518503839742727947321891732600251022655687300217900397185777471342511671235833162817232567620748219743998601680823402753835588938866777404065941884855086814885280209301256533800407383095382405386078845289318705676097419895708793842103970999995513058335773269116772430758699653566016336680816984154444940724071601307615446870279892741585681823927850048246579671371241983615270479851153823455184284974861161335065270916168657724212202700430916330574347832841512981979464830219623174691143793030251752766647810647210265281339114292542021901340306153967345695953378907893040404858699038270471762345666345932104750278846395976075772878141546785023152569119050228882945932067675441665255014188928140379540408389894576735490149334797074141662978861433262125709898748261013541879320548868585594642611560393664117783304845626399747287989824667977610570989844078049750230415731127623879382909491699598719887475933093842132898488962045229518831097810874921258732540068564660170354771248148928794873204961511855333650867288886014706705027857900540991416525862780354084494593682615591963969286902623887625210085414848098510990150089214234695070472778867836557958164101436166133803543836622317883840165343935639579537404199211355504559405	-3,5,5,5,5,5,5,5,5,5,5,5	-6,-6,-6,5,5,5,5,5,5,5,5,5	ok
0.922923	-12.672673	-55.315953	0.380219	continued:5	29797441240847192311964028853190280189674041619720799605070824129924103630349014387363218437041262128836255660367033565228906969921436065807110492954244538641922732381526988524213230765695165516684856964886402475218726787375215748391120225301433133801809602551954799399621703470614032595261603547732880205461166225506383472517669360488304292936684047002677551828409989745109425630864985134410193792953865040518523831529536300530641045251591967863934567240392252956558066164333919517605967140666825295678885425885703571255653804736275143929100692220038798706158319647429715853695189408137905886849532235618040048915843699717253768347612786229825919381254819950003230731411699587487497416574604357461782731627985417825863827186922456007553462225308282547856313633328955167419706775789469480611559738007413659668099782369121054590863861144238738959096672747737279409735626906209769372241309584913238418046885958531887025083628995414392263108247031801394472881212143143290264995601672765057255835010141684178851946852334816222471921330954532441368628013762954560274614035782030976878003106108119474895930869390230978001142747859294010451401389041610021396389202458667172133077048283131957393284404046055072840862552476804960590773588035550160518779771015300113988794745430447108388763936036391554818686310698826823745046645932777118000501528571302258842157120161592246825458076945448272280842797248906300044479518696641734693324181489212265813457170004955770760887235939038192760808987404067123321869173971757838442893034607825588593403361554127149250118875505486731855145760681298219457250308132640904218073784614708924155595806944930547318904468843177690595707211669288960907556199480161653609645994266584315730691566908250747287898943712222246372534690134451068899422254021637196224830246477904596543301033681131775679063973269255218937604863593893273196723146610152486770990626541172511868746270110909599169369541053605775476874999235074775904147367292101321900927304867604385408199963221479651225280226710530156037338580036896715902646195872747894866823124714498847232817625169224198895069403885938867721767979748477372794880668051681982723096261587652774357261807694173901285251921784395890499730896012886216845373652078461359897759128200005689040032547396203847928147929858865221813870999505513864361534995807411780677030588952216466757759085088584581596826694462814680966749214327565497225850780274963611705934378191475457501963514027549254038795535992415462678288421790787882937517475343769917219187668554146278773808854527227601362856942923396302571702143395763413564704081263404342636312438009415911543578017383079195890741852167841869346444614454059588128279103020551326863564852042239529515077129842426645221370395333297149104527722546713710178064316789042599555620497703374903782852043551242995991627137230197930540694208237584517648321994502943832022569543753235232343562670993669468757171131246740892994619127399322467573401513409669629036153462482381071725043653775133977230985275679380525041200990177805250063428517772599950361701139460008406601542048771707941337075675629326034398211423714127555186290107646245351341	29797441240847192311964028853190280189674041619720799605070824129924103630349014387363218437041262128836255660367033565228906969921436065807110492954244538641922732381526988524213230765695165516684856964886402475218726787375215748391120225301433133801809602551954799399621703470614032595261603547732880205461166225506383472517669360488304292936684047002677551828409989745109425630864985134422947174036192029676553220396103130882265511904520585700060750003250408290764813305740477422359782820039739747407254492843904673997125272046292276306417333621045582187098816891641254388118615995970674429432143640587219546851245472290216391933922818852287307049811511896851490902758108182714579906084707050661444137404718752497700186533646977012126386231310469628485167472902657274048575829511420675849583871233492293848428541221683703895658880663414626906764071528467410178432304353617223441482864193285100928093077741519883221240668852955533544609985252847267621422519215919367648268592447396226122312801589022880752118604642744665731607650793670966429240278320289346701072396910943990827407366506294657734471869429577761769201815905758149439552557966791512695909540741385826452801383749837670132846076255208877441111028255639314683721896152222972659610778502167250388206319496091644576800518042282953107127735152949674642501225364311803082738998567568660973248892570776615618096826236884622139147705875370111744068017655377068065378420155582523314690391181662157396965204657300653427452578951026075409969174100785484002367366369978054855707104992275212587484962001890316546451020681387825155767535684840090161184498456650913686326193527782724619774163925103114346387425525483162648036697381503183789199926269563765652146267460321320903890419387886158011757339625457681268344009515220894001174774215110075974676343376233000316307083799044461719925728222211655315014656715253998635097114149264217955803266636218845755518503839742727947321891732600251022655687300217900397185777471342511671235833162817232567620748219743998601680823402753835588938866777404065941884855086814885280209301256533800407383095382405386078845289318705676097419895708793842103970999995513058335773269116772430758699653566016336680816984154444940724071601307615446870279892741585681823927850048246579671371241983615270479851153823455184284974861161335065270916168657724212202700430916330574347832841512981979464830219623174691143793030251752766647810647210265281339114292542021901340306153967345695953378907893040404858699038270471762345666345932104750278846395976075772878141546785023152569119050228882945932067675441665255014188928140379540408389894576735490149334797074141662978861433262125709898748261013541879320548868585594642611560393664117783304845626399747287989824667977610570989844078049750230415731127623879382909491699598719887475933093842132898488962045229518831097810874921258732540068564660170354771248148928794873204961511855333650867288886014706705027857900540991416525862780354084494593682615591963969286902623887625210085414848098510990150089214234695070472778867836557958164101436166133803543836622317883840165343935639579537404199211355504559405	-3,-5,-5,5,5,5,5,5,5,5,5,5	-6,-6,-6,5,5,5,5,5,5,5,5,5	ok
0.926927	-12.672673	-56.105089	0.383012	continued:5	29797441240847192311964028853190280189674041619720799605070824129924103630349014387363218437041262128836255660367033565228906969921436065807110492954244538641922732381526988524213230765695165516629719455082439030115514738625751147374619061428443692170103772928052157992597220406516401095475006861621104613080858773559361281785078273174977150529232100876711955860337173342342382712290254519072720075447881889404310144753063289278224835207785430431660541349367441450439188005794303382787948861163481607165076354418112248552084410588766808221488393960764772634452977681121212601890834563717080032153096869237209157451526197543499316578780728165715661405592797343730746193286565650409718848027368980104747896040744184555178311722015776748109980228169797437948177587264110848783016277103495248127583981009232091733765949791185473986104106876143040470402304046775322237031172368282587051756119069840092624861390376767344821249616461441838405100367030077331160133732065065107385090435247019414812415337521285458512702009279413490029809421634769587811238398738246652088217774948966548463838055758473873446922700045970686658751627295548316740966679020241980807705495368006437598711307815622556144329017637044698400522839661702852408872668780923408334758391575280867657988331810020357537753697319531227199689826250059445882789742552634155221024783892724733323440990802884739179065634229922588851122425097927766203348657331846508663184033641025777090847707388133833174885034465625145736007889489354862603311480293936997544073824032775712286340275727027502179924955711284195359900591131802343370035524815725750168723159016698726418813264728701318592225437962556135294244923272393936123715008326975132396133595167977989873534146570761721544446785824022229043889913173202530738471812264172972138783681896298463617320716785132828332865735378422547746781087631861900994459698227330558411245684243820186270236394605036844121556361674800613477390824630117448181397766814688462429162991601999232038078014568916725131123992032774167508559454385328275595922855082459187396698978568320297728981795868327944096275032673206482144847820753708018640492831328281498945003904463406816387943874022894171276760549962594305485306234289447883918076290569834470058207416398906391678198692272525323787655561082675014418046768077578927866432454912838730793780102732507481659019403043278444449978227171440187885154000743746770603432671953385310889319401709051816220006658328999280551762252910283022690029541198436049377476835898305699912717491682369115678309524159819059670629865145151732720544258350852853999203330290255040777923980488818468643283523528235916767839048329048595196768493881707851835188629111354782283302952092360148060793574239662925823226598772780276729896115534438542989125231591998048419384651671547179540235266080578428209906054888099678714026178050152655005232915715286360089640694424138526875159433871086383051308142087580328978290306875036127092570840275132850245579385025349796585843343051490347494617653699635014241550492145151273201549623492788689303594563912375003456592231685834933680566198549359895028646493133954350207368127013046379955	29797441240847192311964028853190280189674041619720799605070824129924103630349014387363218437041262128836255660367033565228906969921436065807110492954244538641922732381526988524213230765695165516684856964886402475218726787375215748391120225301433133801809602551954799399621703470614032595261603547732880205461166225506383472517669360488304292936684047002677551828409989745109425630864985134422947174036192029676553220396103130882265511904520585700060750003250408290764813305740477422359782820039739747407254492843904673997125272046292276306417333621045582187098816891641254388118615995970674429432143640587219546851245472290216391933922818852287307049811511896851490902758108182714579906084707050661444137404718752497700186533646977012126386231310469628485167472902657274048575829511420675849583871233492293848428541221683703895658880663414626906764071528467410178432304353617223441482864193285100928093077741519883221240668852955533544609985252847267621422519215919367648268592447396226122312801589022880752118604642744665731607650793670966429240278320289346701072396910943990827407366506294657734471869429577761769201815905758149439552557966791512695909540741385826452801383749837670132846076255208877441111028255639314683721896152222972659610778502167250388206319496091644576800518042282953107127735152949674642501225364311803082738998567568660973248892570776615618096826236884622139147705875370111744068017655377068065378420155582523314690391181662157396965204657300653427452578951026075409969174100785484002367366369978054855707104992275212587484962001890316546451020681387825155767535684840090161184498456650913686326193527782724619774163925103114346387425525483162648036697381503183789199926269563765652146267460321320903890419387886158011757339625457681268344009515220894001174774215110075974676343376233000316307083799044461719925728222211655315014656715253998635097114149264217955803266636218845755518503839742727947321891732600251022655687300217900397185777471342511671235833162817232567620748219743998601680823402753835588938866777404065941884855086814885280209301256533800407383095382405386078845289318705676097419895708793842103970999995513058335773269116772430758699653566016336680816984154444940724071601307615446870279892741585681823927850048246579671371241983615270479851153823455184284974861161335065270916168657724212202700430916330574347832841512981979464830219623174691143793030251752766647810647210265281339114292542021901340306153967345695953378907893040404858699038270471762345666345932104750278846395976075772878141546785023152569119050228882945932067675441665255014188928140379540408389894576735490149334797074141662978861433262125709898748261013541879320548868585594642611560393664117783304845626399747287989824667977610570989844078049750230415731127623879382909491699598719887475933093842132898488962045229518831097810874921258732540068564660170354771248148928794873204961511855333650867288886014706705027857900540991416525862780354084494593682615591963969286902623887625210085414848098510990150089214234695070472778867836557958164101436166133803543836622317883840165343935639579537404199211355504559405	3,-5,-5,-5,5,5,5,5,5,5,5,5	-6,-6,-6,5,5,5,5,5,5,5,5,5	ok
0.930931	-12.672673	-56.624582	0.382638	full	29797441240847192311964028853190280189674041619720799605070824129924103630349014387363218437041262128836255660367033565228906969921436065807110492954244538641922732381526988524213230765695165516629719455082439030115514738625751147374619061428443692170103772928052157992597220406516401095475006861621104613080858773559361281785078273174977150529232100876711955860337173342342382712290254519072720075447881889404310144753063289278224835207785430431660541349367441450439188005794303382787948861163481607165076354418112248552084410588766808221488393960764772634452977681121212601890834563717080032153096869237209157451526197543499316578780728165715661405592797343730746193286565650409718848027368980104747896040744184555178311722015776748109980228169797437948177587264110848783016277103495248127583981009232091733765949791185473986104106876143040470402304046775322237031172368282587051756119069840092624861390376767344821249616461441838405100367030077331160133732065065107385090435247019414812415337521285458512702009279413490029809421634769587811238398738246652088217774948966548463838055758473873446922700045970686658751627295548316740966679020241980807705495368006437598711307815622556144329017637044698400522839661702852408872668780923408334758391575280867657988331810020357537753697319531227199689826250059445882789742552634155221024783892724733323440990802884739179065634229922588851122425097927766203348657331846508663184033641025777090847707388133833174885034465625145736007889489354862603311480293936997544073824032775712286340275727027502179924955711284195359900591131802343370035524815725750168723159016698726418813264728701318592225437962556135294244923272393936123715008326975132396133595167977989873534146570761721544446785824022229043889913173202530738471812264172972138783681896298463617320716785132828332865735378422547746781087631861900994459698227330558411245684243820186270236394605036844121556361674800613477390824630117448181397766814688462429162991601999232038078014568916725131123992032774167508559454385328275595922855082459187396698978568320297728981795868327944096275032673206482144847820753708018640492831328281498945003904463406816387943874022894171276760549962594305485306234289447883918076290569834470058207416398906391678198692272525323787655561082675014418046768077578927866432454912838730793780102732507481659019403043278444449978227171440187885154000743746770603432671953385310889319401709051816220006658328999280551762252910283022690029541198436049377476835898305699912717491682369115678309524159819059670629865145151732720544258350852853999203330290255040777923980488818468643283523528235916767839048329048595196768493881707851835188629111354782283302952092360148060793574239662925823226598772780276729896115534438542989125231591998048419384651671547179540235266080578428209906054888099678714026178050152655005232915715286360089640694424138526875159433871086383051308142087580328978290306875036127092570840275132850245579385025349796585843343051490347494617653699635014241550492145151273201549623492788689303594563912375003456592231685834933680566198549359895028646493133954350207368127013046379955	29797441240847192311964028853190280189674041619720799605070824129924103630349014387363218437041262128836255660367033565228906969921436065807110492954244538641922732381526988524213230765695165516684856964886402475218726787375215748391120225301433133801809602551954799399621703470614032595261603547732880205461166225506383472517669360488304292936684047002677551828409989745109425630864985134422947174036192029676553220396103130882265511904520585700060750003250408290764813305740477422359782820039739747407254492843904673997125272046292276306417333621045582187098816891641254388118615995970674429432143640587219546851245472290216391933922818852287307049811511896851490902758108182714579906084707050661444137404718752497700186533646977012126386231310469628485167472902657274048575829511420675849583871233492293848428541221683703895658880663414626906764071528467410178432304353617223441482864193285100928093077741519883221240668852955533544609985252847267621422519215919367648268592447396226122312801589022880752118604642744665731607650793670966429240278320289346701072396910943990827407366506294657734471869429577761769201815905758149439552557966791512695909540741385826452801383749837670132846076255208877441111028255639314683721896152222972659610778502167250388206319496091644576800518042282953107127735152949674642501225364311803082738998567568660973248892570776615618096826236884622139147705875370111744068017655377068065378420155582523314690391181662157396965204657300653427452578951026075409969174100785484002367366369978054855707104992275212587484962001890316546451020681387825155767535684840090161184498456650913686326193527782724619774163925103114346387425525483162648036697381503183789199926269563765652146267460321320903890419387886158011757339625457681268344009515220894001174774215110075974676343376233000316307083799044461719925728222211655315014656715253998635097114149264217955803266636218845755518503839742727947321891732600251022655687300217900397185777471342511671235833162817232567620748219743998601680823402753835588938866777404065941884855086814885280209301256533800407383095382405386078845289318705676097419895708793842103970999995513058335773269116772430758699653566016336680816984154444940724071601307615446870279892741585681823927850048246579671371241983615270479851153823455184284974861161335065270916168657724212202700430916330574347832841512981979464830219623174691143793030251752766647810647210265281339114292542021901340306153967345695953378907893040404858699038270471762345666345932104750278846395976075772878141546785023152569119050228882945932067675441665255014188928140379540408389894576735490149334797074141662978861433262125709898748261013541879320548868585594642611560393664117783304845626399747287989824667977610570989844078049750230415731127623879382909491699598719887475933093842132898488962045229518831097810874921258732540068564660170354771248148928794873204961511855333650867288886014706705027857900540991416525862780354084494593682615591963969286902623887625210085414848098510990150089214234695070472778867836557958164101436166133803543836622317883840165343935639579537404199211355504559405	3,-5,-5,-5,5,5,5,5,5,5,5,5	-6,-6,-6,5,5,5,5,5,5,5,5,5	ok
0.934935	-12.672673	-18.899446	0.372646	continued:5	29797441240847192311964028853190280189674041619720799605070824129924103630349014387363218437041269379671702255991987079804799208406459594566569431867073202856046034605145785804039600969463916687067747226380923922491222894104993820922680916963522101285847689175302460496849986346102331021429321628513066058476966515597825216826491333292587291982542222577650377274214589137990302734087449011575245290848909222554254695812547715610856551849088835050194079719046057626362150098208139175376597342767181508719554474278778659080532774115025837077781440395069085566275270593757816945481686485193015874439188322179831981093036895623277079340863901340841530659385999147856565374809215690856107223889095514999077328145392637026919656402861829173510689476833346886203495903722973673938428907342665985450153766974630221683572796787810716276779509428668189395549706460924549201311213682554311884566287526513070221086970102079502518306375668819648104970735106915337010019709466847876528053194557633443693143469018575215590734560071929202513032293161520947781205518646187551763858454262249085426873090518872337808205076611467664005144113650120563379257218770267486854454585126147436133801137991014129585620735980500953292237789609787242677680689694288070265806540141549427425248272673270851742511442169211186806239397763650659713785016570063740146045684814403372018803768586828299504204092612670676494271732825660823422665667015755407871992093170287952447679322498508505274487350537095266210019724168338260398722942678821221266384605130307612355799199609047992269308186644354000967333381175553280760914446148370023287088228849170347881899601592957779496717089529624415996571893576863050640951342501835191808487465687826075636979512067037005450779753353177435111614001715484312001816384352762400712252548904198854216466264210525479097437673512807158596348488129087960133258524101336574805213665411425124454780739495402291847771652137025589983184284460810562787320668339805098331937722599606065619084856958771673242084198722913817887074743821661748797812273655525743432361688233421686368852958866559648640562991718528750352122206248536312579225014329561736369990548582748693424612715648211554530104896236322451513200908886118839047564463445878359272722370536456118859442322222820107244098495052102940808721052602060103156449187707447090872615870319746214856185454522991791641766286882833037526309329013752792352821340819145006992587729484345225925667065361009777859811041577718352594630797073279476939568456770295121973323525972363725605776252759180026711386645141160088547073280634670368924396700103578101328615397388394652067542033570072145786504549148011727226838247760223837749901211017914973213252987262986721904822298714260263597577093732471716293652152129120666031321118178847669706582815707811337412081429531982014119104378284115524277451356498322791676739500088354291648122352621027674434988075212205934256345685529062861434634867097317166051016217239093756425608644697903635062497488722253054351129927045998808878725083879390067532032789741198914486810405385458873490292076946911994540223105784796796150593334911699175098439467764678348201	29797441240847192311964028853190280189674041619720799605070824129924103630349014387363218437041262128836255660367033565228906969921436065807110492954244538641922732381526988524213230765695165516684856964886402475218726787375215748391120225301433133801809602551954799399621703470614032595261603547732880205461166225506383472517669360488304292936684047002677551828409989745109425630864985134422947174036192029676553220396103130882265511904520585700060750003250408290764813305740477422359782820039739747407254492843904673997125272046292276306417333621045582187098816891641254388118615995970674429432143640587219546851245472290216391933922818852287307049811511896851490902758108182714579906084707050661444137404718752497700186533646977012126386231310469628485167472902657274048575829511420675849583871233492293848428541221683703895658880663414626906764071528467410178432304353617223441482864193285100928093077741519883221240668852955533544609985252847267621422519215919367648268592447396226122312801589022880752118604642744665731607650793670966429240278320289346701072396910943990827407366506294657734471869429577761769201815905758149439552557966791512695909540741385826452801383749837670132846076255208877441111028255639314683721896152222972659610778502167250388206319496091644576800518042282953107127735152949674642501225364311803082738998567568660973248892570776615618096826236884622139147705875370111744068017655377068065378420155582523314690391181662157396965204657300653427452578951026075409969174100785484002367366369978054855707104992275212587484962001890316546451020681387825155767535684840090161184498456650913686326193527782724619774163925103114346387425525483162648036697381503183789199926269563765652146267460321320903890419387886158011757339625457681268344009515220894001174774215110075974676343376233000316307083799044461719925728222211655315014656715253998635097114149264217955803266636218845755518503839742727947321891732600251022655687300217900397185777471342511671235833162817232567620748219743998601680823402753835588938866777404065941884855086814885280209301256533800407383095382405386078845289318705676097419895708793842103970999995513058335773269116772430758699653566016336680816984154444940724071601307615446870279892741585681823927850048246579671371241983615270479851153823455184284974861161335065270916168657724212202700430916330574347832841512981979464830219623174691143793030251752766647810647210265281339114292542021901340306153967345695953378907893040404858699038270471762345666345932104750278846395976075772878141546785023152569119050228882945932067675441665255014188928140379540408389894576735490149334797074141662978861433262125709898748261013541879320548868585594642611560393664117783304845626399747287989824667977610570989844078049750230415731127623879382909491699598719887475933093842132898488962045229518831097810874921258732540068564660170354771248148928794873204961511855333650867288886014706705027857900540991416525862780354084494593682615591963969286902623887625210085414848098510990150089214234695070472778867836557958164101436166133803543836622317883840165343935639579537404199211355504559405	2,-6,-6,-6,-6,5,5,5,5,5,5,5	-6,-6,-6,5,5,5,5,5,5,5,5,5	ok
0.938939	-12.672673	-48.031924	0.369852	continued:5	29797441240847192311964028853190280189674041619720799605070824129924103630349014387363218437041269379671702255991987079804799208406459594566569431867073202856046034605145785804039600969463916687067747226380923922491222894104993820922680916963522101285847689175302460496849986346102331021429321628513066058476966515597825216826491333292587291982542222577650377274214589137990302734087449011575245290848909222554254695812547715610856551849088835050194079719046057626362150098208139175376597342767181508719554474278778659080532774115025837077781440395069085566275270593757816945481686485193015874439188322179831981093036895623277079340863901340841530659385999147856565374809215690856107223889095514999077328145392637026919656402861829173510689476833346886203495903722973673938428907342665985450153766974630221683572796787810716276779509428668189395549706460924549201311213682554311884566287526513070221086970102079502518306375668819648104970735106915337010019709466847876528053194557633443693143469018575215590734560071929202513032293161520947781205518646187551763858454262249085426873090518872337808205076611467664005144113650120563379257218770267486854454585126147436133801137991014129585620735980500953292237789609787242677680689694288070265806540141549427425248272673270851742511442169211186806239397763650659713785016570063740146045684814403372018803768586828299504204092612670676494271732825660823422665667015755407871992093170287952447679322498508505274487350537095266210019724168338260398722942678821221266384605130307612355799199609047992269308186644354000967577501806557082618250939768172221631435289533054469546519211131903599439578489710458064304224258242753991949077370626105594906836037224054290926572608678922256633712993602996984006523452864385914534256302237911309852295024385228288604440813133818523810898119925050703355963900218951617376650619488146988722126240320579110187302145019161967513651877444585927344385852371591587239479373025236897455593637451259909552184387174282119561203519632898550705037840759703914348593348037908819867883547895371818202043640393039621020414797283530450466713315250569932983955276693719882048390485465533485510588385800687164523518749117193521756140543696837736214803627013723775681198061143445893247905650949500473629326963766107163600668394240903123651228438463367201158148596206161949377092181370296185686953116169180681409176863011561460773364643495997498158348442437275882190669358992018110491685779447950403551737289524400188144456712436403249187563796755054042049539301937259411075522538733691707058564810010534654090759160134597025679885017648083247039488263739988336876140274341217599534325235297286210657654731573750783323097372755158570573080483488140629668257895084652056736727996122993728043210256287889504365916978816342762787474618174908670557430739386534503325046464982165958137308962713991872691611660726293175985295198880150537665532320515716601853326513620014155618044775269164610412057730011889397022653749383237792359033344825171133135794449221133882528280294589598664230128884859792907483347242875645344023258298724106021662059937863156992956219585501182948511	29797441240847192311964028853190280189674041619720799605070824129924103630349014387363218437041262128836255660367033565228906969921436065807110492954244538641922732381526988524213230765695165516684856964886402475218726787375215748391120225301433133801809602551954799399621703470614032595261603547732880205461166225506383472517669360488304292936684047002677551828409989745109425630864985134422947174036192029676553220396103130882265511904520585700060750003250408290764813305740477422359782820039739747407254492843904673997125272046292276306417333621045582187098816891641254388118615995970674429432143640587219546851245472290216391933922818852287307049811511896851490902758108182714579906084707050661444137404718752497700186533646977012126386231310469628485167472902657274048575829511420675849583871233492293848428541221683703895658880663414626906764071528467410178432304353617223441482864193285100928093077741519883221240668852955533544609985252847267621422519215919367648268592447396226122312801589022880752118604642744665731607650793670966429240278320289346701072396910943990827407366506294657734471869429577761769201815905758149439552557966791512695909540741385826452801383749837670132846076255208877441111028255639314683721896152222972659610778502167250388206319496091644576800518042282953107127735152949674642501225364311803082738998567568660973248892570776615618096826236884622139147705875370111744068017655377068065378420155582523314690391181662157396965204657300653427452578951026075409969174100785484002367366369978054855707104992275212587484962001890316546451020681387825155767535684840090161184498456650913686326193527782724619774163925103114346387425525483162648036697381503183789199926269563765652146267460321320903890419387886158011757339625457681268344009515220894001174774215110075974676343376233000316307083799044461719925728222211655315014656715253998635097114149264217955803266636218845755518503839742727947321891732600251022655687300217900397185777471342511671235833162817232567620748219743998601680823402753835588938866777404065941884855086814885280209301256533800407383095382405386078845289318705676097419895708793842103970999995513058335773269116772430758699653566016336680816984154444940724071601307615446870279892741585681823927850048246579671371241983615270479851153823455184284974861161335065270916168657724212202700430916330574347832841512981979464830219623174691143793030251752766647810647210265281339114292542021901340306153967345695953378907893040404858699038270471762345666345932104750278846395976075772878141546785023152569119050228882945932067675441665255014188928140379540408389894576735490149334797074141662978861433262125709898748261013541879320548868585594642611560393664117783304845626399747287989824667977610570989844078049750230415731127623879382909491699598719887475933093842132898488962045229518831097810874921258732540068564660170354771248148928794873204961511855333650867288886014706705027857900540991416525862780354084494593682615591963969286902623887625210085414848098510990150089214234695070472778867836557958164101436166133803543836622317883840165343935639579537404199211355504559405	-3,-6,-6,-6,-6,5,5,5,5,5,5,5	-6,-6,-6,5,5,5,5,5,5,5,5,5	ok
0.942943	-12.672673	-51.726785	0.372646	continued:5	29797441240847192311964028853190280189674041619720799605070824129924103630349014387363218437041262128836255660367033565228906969921436065807110492954244538641922732381526988524213230765695165516739994474690365920321938836124680349407621389174422575433515432175857440806646186534711664095048200233844655797841473677453405663250260447801631435344135993128643147796482806147876468549439715749856071249659627599475987323671827369771865221845291756903281146615711384803434295024829277842831418694839941823883831566498004267261730671018929104843904442387870484365857888189536296648098670249137264353498164544236896672831076268761190520600080121584857972539648724104485926725981306583995477145957712627015939516317459995807158397098987563805866798273465357843109707315770267392401784231126954403131562900596901554920941929800667469540731596024416446057782475494050688655549937961178871708310774758509474199344274385665327650397601172390515912454512807551418600510707134665906879279435847487037545889115906146070551888130409417242517356945216602359496984048243451821412619142457943691164845601083632128546483691663273094080913772697520179354680054649028668957946549146753511281249223840930715689293831419123065851313060999449270994502051366517732748996349002023493589746389443904928584896086009937902409399920434894710434724828196433334435922244668719645070963172539209158021792443345390080700323594367010028199659713009657377267993424553187083049959871759642950546564115043686986727275079274165803791130947745943729088287446146315142597144867697576962518223254129784798352227596413586515092312600443544647088078963307588923763636270954682141162217889953313809670031390986549607323729776543960584738185340384283123633257672835492121369841702679003714621452511211488132879741846931541965183383174837080362231598519353499614715385644344696173540416779531065434514717344159270458185322190319002918880258798254585345793021680011380250162900736886694238160674778981671586382208590845498820890423879819056887601109365751288169363031295963144711437811826340557432543810457055113118374314559725013652447420706746641436778696524352787229829152569711848155287193266851071686745685042687177962542028756361060869980631274911665606915825007767093996814283157425089768909349591853180534020417877983831190934567547174451197027036328545009959409946568673189931891319140937683057466613144960188029307056843699539503135152185374427537954913055660224161914893302003539102496278970623526635768611491194218105289433947847410751650163321463340207577290361653284295849315999533959606886633457085563974953571689595287416222208201363712344572181242588061645200339451253286932525102910907083689274126797791574829676094911935693125515417479693245700545586849632114793883489894020589182643866659862269879522861085274501240188470144503049261976403001533674881602511292873745561199354906195581127298495235690714135319826928323334069849570106748106926807217065592924536332009850126335061121352445624550266729775884694105739726308839115329994490671173218127425760715447686495957442938227080980437674949283143843006920551744113229740734747747362441070220744173404608273321	29797441240847192311964028853190280189674041619720799605070824129924103630349014387363218437041262128836255660367033565228906969921436065807110492954244538641922732381526988524213230765695165516684856964886402475218726787375215748391120225301433133801809602551954799399621703470614032595261603547732880205461166225506383472517669360488304292936684047002677551828409989745109425630864985134422947174036192029676553220396103130882265511904520585700060750003250408290764813305740477422359782820039739747407254492843904673997125272046292276306417333621045582187098816891641254388118615995970674429432143640587219546851245472290216391933922818852287307049811511896851490902758108182714579906084707050661444137404718752497700186533646977012126386231310469628485167472902657274048575829511420675849583871233492293848428541221683703895658880663414626906764071528467410178432304353617223441482864193285100928093077741519883221240668852955533544609985252847267621422519215919367648268592447396226122312801589022880752118604642744665731607650793670966429240278320289346701072396910943990827407366506294657734471869429577761769201815905758149439552557966791512695909540741385826452801383749837670132846076255208877441111028255639314683721896152222972659610778502167250388206319496091644576800518042282953107127735152949674642501225364311803082738998567568660973248892570776615618096826236884622139147705875370111744068017655377068065378420155582523314690391181662157396965204657300653427452578951026075409969174100785484002367366369978054855707104992275212587484962001890316546451020681387825155767535684840090161184498456650913686326193527782724619774163925103114346387425525483162648036697381503183789199926269563765652146267460321320903890419387886158011757339625457681268344009515220894001174774215110075974676343376233000316307083799044461719925728222211655315014656715253998635097114149264217955803266636218845755518503839742727947321891732600251022655687300217900397185777471342511671235833162817232567620748219743998601680823402753835588938866777404065941884855086814885280209301256533800407383095382405386078845289318705676097419895708793842103970999995513058335773269116772430758699653566016336680816984154444940724071601307615446870279892741585681823927850048246579671371241983615270479851153823455184284974861161335065270916168657724212202700430916330574347832841512981979464830219623174691143793030251752766647810647210265281339114292542021901340306153967345695953378907893040404858699038270471762345666345932104750278846395976075772878141546785023152569119050228882945932067675441665255014188928140379540408389894576735490149334797074141662978861433262125709898748261013541879320548868585594642611560393664117783304845626399747287989824667977610570989844078049750230415731127623879382909491699598719887475933093842132898488962045229518831097810874921258732540068564660170354771248148928794873204961511855333650867288886014706705027857900540991416525862780354084494593682615591963969286902623887625210085414848098510990150089214234695070472778867836557958164101436166133803543836622317883840165343935639579537404199211355504559405	-3,-6,-6,-6,5,5,5,5,5,5,5,5	-6,-6,-6,5,5,5,5,5,5,5,5,5	ok
0.946947	-12.672673	-54.018774	0.375439	continued:5	29797441240847192311964028853190280189674041619720799605070824129924103630349014387363218437041262128836255660367033565228906969921436065807110492954244538641922732381526988524213230765695165516684856964886402475218726787375215748391120225301433133801809602551954799399621703470614032595261603547732880205461166225506383472517669360488304292936684047002677551828409989745109425630864985134416570483495028535097538525962819715706453278578056276781997658621821330623661439735037198469982874980353282521543069959364804122626389538391283710117759012920542190446628568269535485120906902702054290158140837938102629797883544586003735080140767802541056613215533165923427360817084903885101038661329655704061613434516352085161782006860284716509839924228309376088170740553115806220734141302649848057010058913693667459286835607211129246633087358315863204490737630361736531172516441701350353989780844469604679326961211342427047892996344090028808147916171706518889485060629487737417917569767213496185589810977631686161593663266872708183305924891421716519836703659212884206754774705296603977160595587057551946392243523306131003376817168847344668193734612715320449809071341032253817577093207483930220945124667599152474307313066288132598337858614967222060190098955400369833539728841815639323595546756206693047251103075382837527829820663088922381252193091723767612410835446041002371833244855823858875455973221693803924258499763326053205682414512096667270504543905693204277613951276144204402168422635613346089666241936344317839882762737246424381784741408159245368710128847124504748050503990781578764654952474606245487855709595539854347610025507672219867684075552108204020693002392797889951477922785294312425920409366840810613018774876035748947379126660344457923252911827963127050021684207491337122395166780647517198338054767054442830301426205055903496259126862605237461976535076098361397823326293402766043365501433603630557342200025311413646849469234032797183111462861504199013456412011237770868264340994109716529640416837224889583615851124891019011469211713408349279357454776504261682254599836296540677490414109971322704682648733858505710837948572489470743258918957985499447890480082719124734380717079913908027937921038192208772571802079613448093696186733643290284870878794124360980883995900352900169251996630745408968647196739083264462897694864636367981485763873831510074976212279157827568788748587208370309400277301513089418026501765935875688452475036335026926035984960464181697274556613221792458622338022538497456852545560958161633631393846791355693736324319823254493130493254534323699909944897503934906464549927864564116780764548724526005167288450207785182052845344488503149127553784912040092721239672966494161951435228870510203666458503407381527800202537379296899084196749484248017397623225360741557400356939447786030212738157097386153120302032851798323144081850357605420034876762332505768871767157279014091641205177376396947992882728922995266027851166827789653411295075675561410671580097156184523046122900782989756625456112627833322130591146902407883006284348590074036026446197103992744951409686477908471095192610419082790255192110341133645545	29797441240847192311964028853190280189674041619720799605070824129924103630349014387363218437041262128836255660367033565228906969921436065807110492954244538641922732381526988524213230765695165516684856964886402475218726787375215748391120225301433133801809602551954799399621703470614032595261603547732880205461166225506383472517669360488304292936684047002677551828409989745109425630864985134422947174036192029676553220396103130882265511904520585700060750003250408290764813305740477422359782820039739747407254492843904673997125272046292276306417333621045582187098816891641254388118615995970674429432143640587219546851245472290216391933922818852287307049811511896851490902758108182714579906084707050661444137404718752497700186533646977012126386231310469628485167472902657274048575829511420675849583871233492293848428541221683703895658880663414626906764071528467410178432304353617223441482864193285100928093077741519883221240668852955533544609985252847267621422519215919367648268592447396226122312801589022880752118604642744665731607650793670966429240278320289346701072396910943990827407366506294657734471869429577761769201815905758149439552557966791512695909540741385826452801383749837670132846076255208877441111028255639314683721896152222972659610778502167250388206319496091644576800518042282953107127735152949674642501225364311803082738998567568660973248892570776615618096826236884622139147705875370111744068017655377068065378420155582523314690391181662157396965204657300653427452578951026075409969174100785484002367366369978054855707104992275212587484962001890316546451020681387825155767535684840090161184498456650913686326193527782724619774163925103114346387425525483162648036697381503183789199926269563765652146267460321320903890419387886158011757339625457681268344009515220894001174774215110075974676343376233000316307083799044461719925728222211655315014656715253998635097114149264217955803266636218845755518503839742727947321891732600251022655687300217900397185777471342511671235833162817232567620748219743998601680823402753835588938866777404065941884855086814885280209301256533800407383095382405386078845289318705676097419895708793842103970999995513058335773269116772430758699653566016336680816984154444940724071601307615446870279892741585681823927850048246579671371241983615270479851153823455184284974861161335065270916168657724212202700430916330574347832841512981979464830219623174691143793030251752766647810647210265281339114292542021901340306153967345695953378907893040404858699038270471762345666345932104750278846395976075772878141546785023152569119050228882945932067675441665255014188928140379540408389894576735490149334797074141662978861433262125709898748261013541879320548868585594642611560393664117783304845626399747287989824667977610570989844078049750230415731127623879382909491699598719887475933093842132898488962045229518831097810874921258732540068564660170354771248148928794873204961511855333650867288886014706705027857900540991416525862780354084494593682615591963969286902623887625210085414848098510990150089214234695070472778867836557958164101436166133803543836622317883840165343935639579537404199211355504559405	-3,5,5,5,5,5,5,5,5,5,5,5	-6,-6,-6,5,5,5,5,5,5,5,5,5	ok
0.950951	-12.672673	-55.341399	0.378232	continued:5	29797441240847192311964028853190280189674041619720799605070824129924103630349014387363218437041262128836255660367033565228906969921436065807110492954244538641922732381526988524213230765695165516684856964886402475218726787375215748391120225301433133801809602551954799399621703470614032595261603547732880205461166225506383472517669360488304292936684047002677551828409989745109425630864985134410193792953865040518523831529536300530641045251591967863934567240392252956558066164333919517605967140666825295678885425885703571255653804736275143929100692220038798706158319647429715853695189408137905886849532235618040048915843699717253768347612786229825919381254819950003230731411699587487497416574604357461782731627985417825863827186922456007553462225308282547856313633328955167419706775789469480611559738007413659668099782369121054590863861144238738959096672747737279409735626906209769372241309584913238418046885958531887025083628995414392263108247031801394472881212143143290264995601672765057255835010141684178851946852334816222471921330954532441368628013762954560274614035782030976878003106108119474895930869390230978001142747859294010451401389041610021396389202458667172133077048283131957393284404046055072840862552476804960590773588035550160518779771015300113988794745430447108388763936036391554818686310698826823745046645932777118000501528571302258842157120161592246825458076945448272280842797248906300044479518696641734693324181489212265813457170004955770760887235939038192760808987404067123321869173971757838442893034607825588593403361554127149250118875505486731855145760681298219457250308132640904218073784614708924155595806944930547318904468843177690595707211669288960907556199480161653609645994266584315730691566908250747287898943712222246372534690134451068899422254021637196224830246477904596543301033681131775679063973269255218937604863593893273196723146610152486770990626541172511868746270110909599169369541053605775476874999235074775904147367292101321900927304867604385408199963221479651225280226710530156037338580036896715902646195872747894866823124714498847232817625169224198895069403885938867721767979748477372794880668051681982723096261587652774357261807694173901285251921784395890499730896012886216845373652078461359897759128200005689040032547396203847928147929858865221813870999505513864361534995807411780677030588952216466757759085088584581596826694462814680966749214327565497225850780274963611705934378191475457501963514027549254038795535992415462678288421790787882937517475343769917219187668554146278773808854527227601362856942923396302571702143395763413564704081263404342636312438009415911543578017383079195890741852167841869346444614454059588128279103020551326863564852042239529515077129842426645221370395333297149104527722546713710178064316789042599555620497703374903782852043551242995991627137230197930540694208237584517648321994502943832022569543753235232343562670993669468757171131246740892994619127399322467573401513409669629036153462482381071725043653775133977230985275679380525041200990177805250063428517772599950361701139460008406601542048771707941337075675629326034398211423714127555186290107646245351341	29797441240847192311964028853190280189674041619720799605070824129924103630349014387363218437041262128836255660367033565228906969921436065807110492954244538641922732381526988524213230765695165516684856964886402475218726787375215748391120225301433133801809602551954799399621703470614032595261603547732880205461166225506383472517669360488304292936684047002677551828409989745109425630864985134422947174036192029676553220396103130882265511904520585700060750003250408290764813305740477422359782820039739747407254492843904673997125272046292276306417333621045582187098816891641254388118615995970674429432143640587219546851245472290216391933922818852287307049811511896851490902758108182714579906084707050661444137404718752497700186533646977012126386231310469628485167472902657274048575829511420675849583871233492293848428541221683703895658880663414626906764071528467410178432304353617223441482864193285100928093077741519883221240668852955533544609985252847267621422519215919367648268592447396226122312801589022880752118604642744665731607650793670966429240278320289346701072396910943990827407366506294657734471869429577761769201815905758149439552557966791512695909540741385826452801383749837670132846076255208877441111028255639314683721896152222972659610778502167250388206319496091644576800518042282953107127735152949674642501225364311803082738998567568660973248892570776615618096826236884622139147705875370111744068017655377068065378420155582523314690391181662157396965204657300653427452578951026075409969174100785484002367366369978054855707104992275212587484962001890316546451020681387825155767535684840090161184498456650913686326193527782724619774163925103114346387425525483162648036697381503183789199926269563765652146267460321320903890419387886158011757339625457681268344009515220894001174774215110075974676343376233000316307083799044461719925728222211655315014656715253998635097114149264217955803266636218845755518503839742727947321891732600251022655687300217900397185777471342511671235833162817232567620748219743998601680823402753835588938866777404065941884855086814885280209301256533800407383095382405386078845289318705676097419895708793842103970999995513058335773269116772430758699653566016336680816984154444940724071601307615446870279892741585681823927850048246579671371241983615270479851153823455184284974861161335065270916168657724212202700430916330574347832841512981979464830219623174691143793030251752766647810647210265281339114292542021901340306153967345695953378907893040404858699038270471762345666345932104750278846395976075772878141546785023152569119050228882945932067675441665255014188928140379540408389894576735490149334797074141662978861433262125709898748261013541879320548868585594642611560393664117783304845626399747287989824667977610570989844078049750230415731127623879382909491699598719887475933093842132898488962045229518831097810874921258732540068564660170354771248148928794873204961511855333650867288886014706705027857900540991416525862780354084494593682615591963969286902623887625210085414848098510990150089214234695070472778867836557958164101436166133803543836622317883840165343935639579537404199211355504559405	-3,-5,-5,5,5,5,5,5,5,5,5,5	-6,-6,-6,5,5,5,5,5,5,5,5,5	ok
0.954955	-12.672673	-56.125413	0.381026	continued:5	29797441240847192311964028853190280189674041619720799605070824129924103630349014387363218437041262128836255660367033565228906969921436065807110492954244538641922732381526988524213230765695165516629719455082439030115514738625751147374619061428443692170103772928052157992597220406516401095475006861621104613080858773559361281785078273174977150529232100876711955860337173342342382712290254519072720075447881889404310144753063289278224835207785430431660541349367441450439188005794303382787948861163481607165076354418112248552084410588766808221488393960764772634452977681121212601890834563717080032153096869237209157451526197543499316578780728165715661405592797343730746193286565650409718848027368980104747896040744184555178311722015776748109980228169797437948177587264110848783016277103495248127583981009232091733765949791185473986104106876143040470402304046775322237031172368282587051756119069840092624861390376767344821249616461441838405100367030077331160133732065065107385090435247019414812415337521285458512702009279413490029809421634769587811238398738246652088217774948966548463838055758473873446922700045970686658751627295548316740966679020241980807705495368006437598711307815622556144329017637044698400522839661702852408872668780923408334758391575280867657988331810020357537753697319531227199689826250059445882789742552634155221024783892724733323440990802884739179065634229922588851122425097927766203348657331846508663184033641025777090847707388133833174885034465625145736007889489354862603311480293936997544073824032775712286340275727027502179924955711284195359900591131802343370035524815725750168723159016698726418813264728701318592225437962556135294244923272393936123715008326975132396133595167977989873534146570761721544446785824022229043889913173202530738471812264172972138783681896298463617320716785132828332865735378422547746781087631861900994459698227330558411245684243820186270236394605036844121556361674800613477390824630117448181397766814688462429162991601999232038078014568916725131123992032774167508559454385328275595922855082459187396698978568320297728981795868327944096275032673206482144847820753708018640492831328281498945003904463406816387943874022894171276760549962594305485306234289447883918076290569834470058207416398906391678198692272525323787655561082675014418046768077578927866432454912838730793780102732507481659019403043278444449978227171440187885154000743746770603432671953385310889319401709051816220006658328999280551762252910283022690029541198436049377476835898305699912717491682369115678309524159819059670629865145151732720544258350852853999203330290255040777923980488818468643283523528235916767839048329048595196768493881707851835188629111354782283302952092360148060793574239662925823226598772780276729896115534438542989125231591998048419384651671547179540235266080578428209906054888099678714026178050152655005232915715286360089640694424138526875159433871086383051308142087580328978290306875036127092570840275132850245579385025349796585843343051490347494617653699635014241550492145151273201549623492788689303594563912375003456592231685834933680566198549359895028646493133954350207368127013046379955	29797441240847192311964028853190280189674041619720799605070824129924103630349014387363218437041262128836255660367033565228906969921436065807110492954244538641922732381526988524213230765695165516684856964886402475218726787375215748391120225301433133801809602551954799399621703470614032595261603547732880205461166225506383472517669360488304292936684047002677551828409989745109425630864985134422947174036192029676553220396103130882265511904520585700060750003250408290764813305740477422359782820039739747407254492843904673997125272046292276306417333621045582187098816891641254388118615995970674429432143640587219546851245472290216391933922818852287307049811511896851490902758108182714579906084707050661444137404718752497700186533646977012126386231310469628485167472902657274048575829511420675849583871233492293848428541221683703895658880663414626906764071528467410178432304353617223441482864193285100928093077741519883221240668852955533544609985252847267621422519215919367648268592447396226122312801589022880752118604642744665731607650793670966429240278320289346701072396910943990827407366506294657734471869429577761769201815905758149439552557966791512695909540741385826452801383749837670132846076255208877441111028255639314683721896152222972659610778502167250388206319496091644576800518042282953107127735152949674642501225364311803082738998567568660973248892570776615618096826236884622139147705875370111744068017655377068065378420155582523314690391181662157396965204657300653427452578951026075409969174100785484002367366369978054855707104992275212587484962001890316546451020681387825155767535684840090161184498456650913686326193527782724619774163925103114346387425525483162648036697381503183789199926269563765652146267460321320903890419387886158011757339625457681268344009515220894001174774215110075974676343376233000316307083799044461719925728222211655315014656715253998635097114149264217955803266636218845755518503839742727947321891732600251022655687300217900397185777471342511671235833162817232567620748219743998601680823402753835588938866777404065941884855086814885280209301256533800407383095382405386078845289318705676097419895708793842103970999995513058335773269116772430758699653566016336680816984154444940724071601307615446870279892741585681823927850048246579671371241983615270479851153823455184284974861161335065270916168657724212202700430916330574347832841512981979464830219623174691143793030251752766647810647210265281339114292542021901340306153967345695953378907893040404858699038270471762345666345932104750278846395976075772878141546785023152569119050228882945932067675441665255014188928140379540408389894576735490149334797074141662978861433262125709898748261013541879320548868585594642611560393664117783304845626399747287989824667977610570989844078049750230415731127623879382909491699598719887475933093842132898488962045229518831097810874921258732540068564660170354771248148928794873204961511855333650867288886014706705027857900540991416525862780354084494593682615591963969286902623887625210085414848098510990150089214234695070472778867836557958164101436166133803543836622317883840165343935639579537404199211355504559405	3,-5,-5,-5,5,5,5,5,5,5,5,5	-6,-6,-6,5,5,5,5,5,5,5,5,5	ok
0.958959	-12.672673	-56.642279	0.380652	full	29797441240847192311964028853190280189674041619720799605070824129924103630349014387363218437041262128836255660367033565228906969921436065807110492954244538641922732381526988524213230765695165516629719455082439030115514738625751147374619061428443692170103772928052157992597220406516401095475006861621104613080858773559361281785078273174977150529232100876711955860337173342342382712290254519072720075447881889404310144753063289278224835207785430431660541349367441450439188005794303382787948861163481607165076354418112248552084410588766808221488393960764772634452977681121212601890834563717080032153096869237209157451526197543499316578780728165715661405592797343730746193286565650409718848027368980104747896040744184555178311722015776748109980228169797437948177587264110848783016277103495248127583981009232091733765949791185473986104106876143040470402304046775322237031172368282587051756119069840092624861390376767344821249616461441838405100367030077331160133732065065107385090435247019414812415337521285458512702009279413490029809421634769587811238398738246652088217774948966548463838055758473873446922700045970686658751627295548316740966679020241980807705495368006437598711307815622556144329017637044698400522839661702852408872668780923408334758391575280867657988331810020357537753697319531227199689826250059445882789742552634155221024783892724733323440990802884739179065634229922588851122425097927766203348657331846508663184033641025777090847707388133833174885034465625145736007889489354862603311480293936997544073824032775712286340275727027502179924955711284195359900591131802343370035524815725750168723159016698726418813264728701318592225437962556135294244923272393936123715008326975132396133595167977989873534146570761721544446785824022229043889913173202530738471812264172972138783681896298463617320716785132828332865735378422547746781087631861900994459698227330558411245684243820186270236394605036844121556361674800613477390824630117448181397766814688462429162991601999232038078014568916725131123992032774167508559454385328275595922855082459187396698978568320297728981795868327944096275032673206482144847820753708018640492831328281498945003904463406816387943874022894171276760549962594305485306234289447883918076290569834470058207416398906391678198692272525323787655561082675014418046768077578927866432454912838730793780102732507481659019403043278444449978227171440187885154000743746770603432671953385310889319401709051816220006658328999280551762252910283022690029541198436049377476835898305699912717491682369115678309524159819059670629865145151732720544258350852853999203330290255040777923980488818468643283523528235916767839048329048595196768493881707851835188629111354782283302952092360148060793574239662925823226598772780276729896115534438542989125231591998048419384651671547179540235266080578428209906054888099678714026178050152655005232915715286360089640694424138526875159433871086383051308142087580328978290306875036127092570840275132850245579385025349796585843343051490347494617653699635014241550492145151273201549623492788689303594563912375003456592231685834933680566198549359895028646493133954350207368127013046379955	29797441240847192311964028853190280189674041619720799605070824129924103630349014387363218437041262128836255660367033565228906969921436065807110492954244538641922732381526988524213230765695165516684856964886402475218726787375215748391120225301433133801809602551954799399621703470614032595261603547732880205461166225506383472517669360488304292936684047002677551828409989745109425630864985134422947174036192029676553220396103130882265511904520585700060750003250408290764813305740477422359782820039739747407254492843904673997125272046292276306417333621045582187098816891641254388118615995970674429432143640587219546851245472290216391933922818852287307049811511896851490902758108182714579906084707050661444137404718752497700186533646977012126386231310469628485167472902657274048575829511420675849583871233492293848428541221683703895658880663414626906764071528467410178432304353617223441482864193285100928093077741519883221240668852955533544609985252847267621422519215919367648268592447396226122312801589022880752118604642744665731607650793670966429240278320289346701072396910943990827407366506294657734471869429577761769201815905758149439552557966791512695909540741385826452801383749837670132846076255208877441111028255639314683721896152222972659610778502167250388206319496091644576800518042282953107127735152949674642501225364311803082738998567568660973248892570776615618096826236884622139147705875370111744068017655377068065378420155582523314690391181662157396965204657300653427452578951026075409969174100785484002367366369978054855707104992275212587484962001890316546451020681387825155767535684840090161184498456650913686326193527782724619774163925103114346387425525483162648036697381503183789199926269563765652146267460321320903890419387886158011757339625457681268344009515220894001174774215110075974676343376233000316307083799044461719925728222211655315014656715253998635097114149264217955803266636218845755518503839742727947321891732600251022655687300217900397185777471342511671235833162817232567620748219743998601680823402753835588938866777404065941884855086814885280209301256533800407383095382405386078845289318705676097419895708793842103970999995513058335773269116772430758699653566016336680816984154444940724071601307615446870279892741585681823927850048246579671371241983615270479851153823455184284974861161335065270916168657724212202700430916330574347832841512981979464830219623174691143793030251752766647810647210265281339114292542021901340306153967345695953378907893040404858699038270471762345666345932104750278846395976075772878141546785023152569119050228882945932067675441665255014188928140379540408389894576735490149334797074141662978861433262125709898748261013541879320548868585594642611560393664117783304845626399747287989824667977610570989844078049750230415731127623879382909491699598719887475933093842132898488962045229518831097810874921258732540068564660170354771248148928794873204961511855333650867288886014706705027857900540991416525862780354084494593682615591963969286902623887625210085414848098510990150089214234695070472778867836557958164101436166133803543836622317883840165343935639579537404199211355504559405	3,-5,-5,-5,5,5,5,5,5,5,5,5	-6,-6,-6,5,5,5,5,5,5,5,5,5	ok
0.962963	-12.672673	-18.896586	0.370674	continued:5	29797441240847192311964028853190280189674041619720799605070824129924103630349014387363218437041262128836255660367033565228906969921436065807110492954244538641922732381526988524213230765695165516739994474690365920321938836124680349407621389174422575433515432175857440806646186534711664095048200233844655797841473677453405663250260447801631435344135993128643147796482806147876468549439715749856071249659627599475987323671827369771865221845291756903281146615711384803434295024829277842831418694839941823883831566498004267261730671018929104843904442387870484365857888189536296648098670249137264353498164544236896672831076268761190520600080121584857972539648724104485926725981306583995477145957712627015939516317459995807158397098987563805866798273465357843109707315770267392401784231126954403131562900596901554920941929800667469540731596024416446057782475494050688655549937961178871708310774758509474199344274385665327650397601172390515912454512807551418600510707134665906879279435847487037545889115906146070551888130409417242517356945216602359496984048243451821412619142457943691164845601083632128546483691663273094080913772697520179354680054649028668957946549146753511281249223840930715689293831419123065851313060999449270994502051366517732748996349002023493589746389443904928584896086009937902409399920434894710434724828196433334435922244668719645070963172539209158021792443345390080700323594367010028199659713009657377267993424553187083049959871759642950546564115043686986727275079274165803791130947745943729088287446146315142597144867697576962518223254129784798351983475782582713234976106823742448743731902623704802099016661415736321219356489772480161362379026350360520450359419440073274486631150783299838060702018195262758636759503361456213067911397973369081219716558225730645963444410520210038841857253171111702820604344848526378686136007033163144196652626733867554679797349340473971894188346019200185281922937639955492230182763498995474849972997472230590343251365122057692230619054040655642729217257868038658762777342928085316333576353551158584438741212940840478390641222792860870542291044638417161177716368861405211271174501988356202976776306847572798133186807751805262480098181067319830912924804827946652339707305015947629051852711123036883435192033253081669897274079245252969317431492721406229016552724464066019470152387927568686536300815263288930934311886650785671045699368415964687162162749844722672660649284861723599209427553447240202970884416761906255340003680459695578351049374897409455796421981897998886415896775970933144976582592842453923458413611061226461852873895530438312036779538101485446234295145158062359569968913126189698070153772268587897789212284387536368852183560340041980158966797344485350802744489395411967113451124958405782374716164225826834201994915591322463565975585791173343351474523248737874850295680599138388320093023468209091045351297832169420836305617650047068410673158178277426070926617919073885536433068707949097545361833128323594259485398648915171899857431317471621578627598312991955777230219517216388921985796466544112256608145187285210943783273876625483819493772788358430791150871161537521374	29797441240847192311964028853190280189674041619720799605070824129924103630349014387363218437041262128836255660367033565228906969921436065807110492954244538641922732381526988524213230765695165516684856964886402475218726787375215748391120225301433133801809602551954799399621703470614032595261603547732880205461166225506383472517669360488304292936684047002677551828409989745109425630864985134422947174036192029676553220396103130882265511904520585700060750003250408290764813305740477422359782820039739747407254492843904673997125272046292276306417333621045582187098816891641254388118615995970674429432143640587219546851245472290216391933922818852287307049811511896851490902758108182714579906084707050661444137404718752497700186533646977012126386231310469628485167472902657274048575829511420675849583871233492293848428541221683703895658880663414626906764071528467410178432304353617223441482864193285100928093077741519883221240668852955533544609985252847267621422519215919367648268592447396226122312801589022880752118604642744665731607650793670966429240278320289346701072396910943990827407366506294657734471869429577761769201815905758149439552557966791512695909540741385826452801383749837670132846076255208877441111028255639314683721896152222972659610778502167250388206319496091644576800518042282953107127735152949674642501225364311803082738998567568660973248892570776615618096826236884622139147705875370111744068017655377068065378420155582523314690391181662157396965204657300653427452578951026075409969174100785484002367366369978054855707104992275212587484962001890316546451020681387825155767535684840090161184498456650913686326193527782724619774163925103114346387425525483162648036697381503183789199926269563765652146267460321320903890419387886158011757339625457681268344009515220894001174774215110075974676343376233000316307083799044461719925728222211655315014656715253998635097114149264217955803266636218845755518503839742727947321891732600251022655687300217900397185777471342511671235833162817232567620748219743998601680823402753835588938866777404065941884855086814885280209301256533800407383095382405386078845289318705676097419895708793842103970999995513058335773269116772430758699653566016336680816984154444940724071601307615446870279892741585681823927850048246579671371241983615270479851153823455184284974861161335065270916168657724212202700430916330574347832841512981979464830219623174691143793030251752766647810647210265281339114292542021901340306153967345695953378907893040404858699038270471762345666345932104750278846395976075772878141546785023152569119050228882945932067675441665255014188928140379540408389894576735490149334797074141662978861433262125709898748261013541879320548868585594642611560393664117783304845626399747287989824667977610570989844078049750230415731127623879382909491699598719887475933093842132898488962045229518831097810874921258732540068564660170354771248148928794873204961511855333650867288886014706705027857900540991416525862780354084494593682615591963969286902623887625210085414848098510990150089214234695070472778867836557958164101436166133803543836622317883840165343935639579537404199211355504559405	2,-6,-6,-6,5,5,5,5,5,5,5,5	-6,-6,-6,5,5,5,5,5,5,5,5,5	ok
0.966967	-12.672673	-48.093117	0.367880	continued:5	29797441240847192311964028853190280189674041619720799605070824129924103630349014387363218437041262128836255660367033565228906969921436065807110492954244538641922732381526988524213230765695165516739994474690365920321938836124680349407621389174422575433515432175857440806646186534711664095048200233844655797841473677453405663250260447801631435344135993128643147796482806147876468549439715749856071249659627599475987323671827369771865221845291756903281146615711384803434295024829277842831418694839941823883831566498004267261730671018929104843904442387870484365857888189536296648098670249137264353498164544236896672831076268761190520600080121584857972539648724104485926725981306583995477145957712627015939516317459995807158397098987563805866798273465357843109707315770267392401784231126954403131562900596901554920941929800667469540731596024416446057782475494050688655549937961178871708310774758509474199344274385665327650397601172390515912454512807551418600510707134665906879279435847487037545889115906146070551888130409417242517356945216602359496984048243451821412619142457943691164845601083632128546483691663273094080913772697520179354680054649028668957946549146753511281249223840930715689293831419123065851313060999449270994502051366517732748996349002023493589746389443904928584896086009937902409399920434894710434724828196433334435922244668719645070963172539209158021792443345390080700323594367010028199659713009657377267993424553187083049959871759642950546564115043686986727275079274165803791130947745943729088287446146315142597144867697576962518223254129784798352227596413586515092312600443544647088078963307588923763636270954682141162217889953313809670031390986549607323729776543960584738185340384283123633257672835492121369841702679003714621452511211488132879741846931541965183383174837080362231598519353499614715385644344696173540416779531065434514717344159270458185322190319002918880258798254585345793021680011380250162900736886694238160674778981671586382208590845498820890423879819056887601109365751288169363031295963144711437811826340557432543810457055113118374314559725013652447420706746641436778696524352787229829152569711848155287193266851071686745685042687177962542028756361060869980631274911665606915825007767093996814283157425089768909349591853180534020417877983831190934567547174451197027036328545009959409946568673189931891319140937683057466613144960188029307056843699539503135152185374427537954913055660224161914893302003539102496278970623526635768611491194218105289433947847410751650163321463340207577290361653284295849315999533959606886633457085563974953571689595287416222208201363712344572181242588061645200339451253286932525102910907083689274126797791574829676094911935693125515417479693245700545586849632114793883489894020589182643866659862269879522861085274501240188470144503049261976403001533674881602511292873745561199354906195581127298495235690714135319826928323334069849570106748106926807217065592924536332009850126335061121352445624550266729775884694105739726308839115329994490671173218127425760715447686495957442938227080980437674949283143843006920551744113229740734747747362441070220744173404608273321	29797441240847192311964028853190280189674041619720799605070824129924103630349014387363218437041262128836255660367033565228906969921436065807110492954244538641922732381526988524213230765695165516684856964886402475218726787375215748391120225301433133801809602551954799399621703470614032595261603547732880205461166225506383472517669360488304292936684047002677551828409989745109425630864985134422947174036192029676553220396103130882265511904520585700060750003250408290764813305740477422359782820039739747407254492843904673997125272046292276306417333621045582187098816891641254388118615995970674429432143640587219546851245472290216391933922818852287307049811511896851490902758108182714579906084707050661444137404718752497700186533646977012126386231310469628485167472902657274048575829511420675849583871233492293848428541221683703895658880663414626906764071528467410178432304353617223441482864193285100928093077741519883221240668852955533544609985252847267621422519215919367648268592447396226122312801589022880752118604642744665731607650793670966429240278320289346701072396910943990827407366506294657734471869429577761769201815905758149439552557966791512695909540741385826452801383749837670132846076255208877441111028255639314683721896152222972659610778502167250388206319496091644576800518042282953107127735152949674642501225364311803082738998567568660973248892570776615618096826236884622139147705875370111744068017655377068065378420155582523314690391181662157396965204657300653427452578951026075409969174100785484002367366369978054855707104992275212587484962001890316546451020681387825155767535684840090161184498456650913686326193527782724619774163925103114346387425525483162648036697381503183789199926269563765652146267460321320903890419387886158011757339625457681268344009515220894001174774215110075974676343376233000316307083799044461719925728222211655315014656715253998635097114149264217955803266636218845755518503839742727947321891732600251022655687300217900397185777471342511671235833162817232567620748219743998601680823402753835588938866777404065941884855086814885280209301256533800407383095382405386078845289318705676097419895708793842103970999995513058335773269116772430758699653566016336680816984154444940724071601307615446870279892741585681823927850048246579671371241983615270479851153823455184284974861161335065270916168657724212202700430916330574347832841512981979464830219623174691143793030251752766647810647210265281339114292542021901340306153967345695953378907893040404858699038270471762345666345932104750278846395976075772878141546785023152569119050228882945932067675441665255014188928140379540408389894576735490149334797074141662978861433262125709898748261013541879320548868585594642611560393664117783304845626399747287989824667977610570989844078049750230415731127623879382909491699598719887475933093842132898488962045229518831097810874921258732540068564660170354771248148928794873204961511855333650867288886014706705027857900540991416525862780354084494593682615591963969286902623887625210085414848098510990150089214234695070472778867836557958164101436166133803543836622317883840165343935639579537404199211355504559405	-3,-6,-6,-6,5,5,5,5,5,5,5,5	-6,-6,-6,5,5,5,5,5,5,5,5,5	ok
0.970971	-12.672673	-51.773460	0.370674	continued:5	29797441240847192311964028853190280189674041619720799605070824129924103630349014387363218437041262128836255660367033565228906969921436065807110492954244538641922732381526988524213230765695165516739994474690365920321938836124680349407621389174422575433515432175857440806646186534711664095048200233844655797841473677453405663250260447801631435344135993128643147796482806147876468549439715749856071249659627599475987323671827369771865221845291756903281146615711384803434295024829277842831418694839941823883831566498004267261730671018929104843904442387870484365857888189536296648098670249137264353498164544236896672831076268761190520600080121584857972539648724104485926725981306583995477145957712627015939516317459995807158397098987563805866798273465357843109707315770267392401784231126954403131562900596901554920941929800667469540731596024416446057782475494050688655549937961178871708310774758509474199344274385665327650397601172390515912454512807551418600510707134665906879279435847487037545889115906146070551888130409417242517356945216602359496984048243451821412619142457943691164845601083632128546483691663273094080913772697520179354680054649028668957946549146753511281249223840930715689293831419123065851313060999449270994502051366517732748996349002023493589746389443904928584896086009937902409399920434894710434724828196433334435922244668719645070963172539209158021792443345390080700323594367010028199659713009657377267993424553187083049959871759642950546564115043686986727275079274165803791130947745943729088287446146315142597144867697576962518223254129784798352227596413586515092312600443544647088078963307588923763636270954682141162217889953313809670031390986549607323729776543960584738185340384283123633257672835492121369841702679003714621452511211488132879741846931541965183383174837080362231598519353499614715385644344696173540416779531065434514717344159270458185322190319002918880258798254585345793021680011380250162900736886694238160674778981671586382208590845498820890423879819056887601109365751288169363031295963144711437811826340557432543810457055113118374314559725013652447420706746641436778696524352787229829152569711848155287193266851071686745685042687177962542028756361060869980631274911665606915825007767093996814283157425089768909349591853180534020417877983831190934567547174451197027036328545009959409946568673189931891319140937683057466613144960188029307056843699539503135152185374427537954913055660224161914893302003539102496278970623526635768611491194218105289433947847410751650163321463340207577290361653284295849315999533959606886633457085563974953571689595287416222208201363712344572181242588061645200339451253286932525102910907083689274126797791574829676094911935693125515417479693245700545586849632114793883489894020589182643866659862269879522861085274501240188470144503049261976403001533674881602511292873745561199354906195581127298495235690714135319826928323334069849570106748106926807217065592924536332009850126335061121352445624550266729775884694105739726308839115329994490671173218127425760715447686495957442938227080980437674949283143843006920551744113229740734747747362441070220744173404608273321	29797441240847192311964028853190280189674041619720799605070824129924103630349014387363218437041262128836255660367033565228906969921436065807110492954244538641922732381526988524213230765695165516684856964886402475218726787375215748391120225301433133801809602551954799399621703470614032595261603547732880205461166225506383472517669360488304292936684047002677551828409989745109425630864985134422947174036192029676553220396103130882265511904520585700060750003250408290764813305740477422359782820039739747407254492843904673997125272046292276306417333621045582187098816891641254388118615995970674429432143640587219546851245472290216391933922818852287307049811511896851490902758108182714579906084707050661444137404718752497700186533646977012126386231310469628485167472902657274048575829511420675849583871233492293848428541221683703895658880663414626906764071528467410178432304353617223441482864193285100928093077741519883221240668852955533544609985252847267621422519215919367648268592447396226122312801589022880752118604642744665731607650793670966429240278320289346701072396910943990827407366506294657734471869429577761769201815905758149439552557966791512695909540741385826452801383749837670132846076255208877441111028255639314683721896152222972659610778502167250388206319496091644576800518042282953107127735152949674642501225364311803082738998567568660973248892570776615618096826236884622139147705875370111744068017655377068065378420155582523314690391181662157396965204657300653427452578951026075409969174100785484002367366369978054855707104992275212587484962001890316546451020681387825155767535684840090161184498456650913686326193527782724619774163925103114346387425525483162648036697381503183789199926269563765652146267460321320903890419387886158011757339625457681268344009515220894001174774215110075974676343376233000316307083799044461719925728222211655315014656715253998635097114149264217955803266636218845755518503839742727947321891732600251022655687300217900397185777471342511671235833162817232567620748219743998601680823402753835588938866777404065941884855086814885280209301256533800407383095382405386078845289318705676097419895708793842103970999995513058335773269116772430758699653566016336680816984154444940724071601307615446870279892741585681823927850048246579671371241983615270479851153823455184284974861161335065270916168657724212202700430916330574347832841512981979464830219623174691143793030251752766647810647210265281339114292542021901340306153967345695953378907893040404858699038270471762345666345932104750278846395976075772878141546785023152569119050228882945932067675441665255014188928140379540408389894576735490149334797074141662978861433262125709898748261013541879320548868585594642611560393664117783304845626399747287989824667977610570989844078049750230415731127623879382909491699598719887475933093842132898488962045229518831097810874921258732540068564660170354771248148928794873204961511855333650867288886014706705027857900540991416525862780354084494593682615591963969286902623887625210085414848098510990150089214234695070472778867836557958164101436166133803543836622317883840165343935639579537404199211355504559405	-3,-6,-6,-6,5,5,5,5,5,5,5,5	-6,-6,-6,5,5,5,5,5,5,5,5,5	ok
0.974975	-12.672673	-54.054088	0.373467	continued:5	29797441240847192311964028853190280189674041619720799605070824129924103630349014387363218437041262128836255660367033565228906969921436065807110492954244538641922732381526988524213230765695165516684856964886402475218726787375215748391120225301433133801809602551954799399621703470614032595261603547732880205461166225506383472517669360488304292936684047002677551828409989745109425630864985134416570483495028535097538525962819715706453278578056276781997658621821330623661439735037198469982874980353282521543069959364804122626389538391283710117759012920542190446628568269535485120906902702054290158140837938102629797883544586003735080140767802541056613215533165923427360817084903885101038661329655704061613434516352085161782006860284716509839924228309376088170740553115806220734141302649848057010058913693667459286835607211129246633087358315863204490737630361736531172516441701350353989780844469604679326961211342427047892996344090028808147916171706518889485060629487737417917569767213496185589810977631686161593663266872708183305924891421716519836703659212884206754774705296603977160595587057551946392243523306131003376817168847344668193734612715320449809071341032253817577093207483930220945124667599152474307313066288132598337858614967222060190098955400369833539728841815639323595546756206693047251103075382837527829820663088922381252193091723767612410835446041002371833244855823858875455973221693803924258499763326053205682414512096667270504543905693204277613951276144204402168422635613346089666241936344317839882762737246424381784741408159245368710128847124504748050503990781578764654952474606245487855709595539854347610025507672219867684075552108204020693002392797889951477922785294312425920409366840810613018774876035748947379126660344457923252911827963127050021684207491337122395166780647517198338054767054442830301426205055903496259126862605237461976535076098361397823326293402766043365501433603630557342200025311413646849469234032797183111462861504199013456412011237770868264340994109716529640416837224889583615851124891019011469211713408349279357454776504261682254599836296540677490414109971322704682648733858505710837948572489470743258918957985499447890480082719124734380717079913908027937921038192208772571802079613448093696186733643290284870878794124360980883995900352900169251996630745408968647196739083264462897694864636367981485763873831510074976212279157827568788748587208370309400277301513089418026501765935875688452475036335026926035984960464181697274556613221792458622338022538497456852545560958161633631393846791355693736324319823254493130493254534323699909944897503934906464549927864564116780764548724526005167288450207785182052845344488503149127553784912040092721239672966494161951435228870510203666458503407381527800202537379296899084196749484248017397623225360741557400356939447786030212738157097386153120302032851798323144081850357605420034876762332505768871767157279014091641205177376396947992882728922995266027851166827789653411295075675561410671580097156184523046122900782989756625456112627833322130591146902407883006284348590074036026446197103992744951409686477908471095192610419082790255192110341133645545	29797441240847192311964028853190280189674041619720799605070824129924103630349014387363218437041262128836255660367033565228906969921436065807110492954244538641922732381526988524213230765695165516684856964886402475218726787375215748391120225301433133801809602551954799399621703470614032595261603547732880205461166225506383472517669360488304292936684047002677551828409989745109425630864985134422947174036192029676553220396103130882265511904520585700060750003250408290764813305740477422359782820039739747407254492843904673997125272046292276306417333621045582187098816891641254388118615995970674429432143640587219546851245472290216391933922818852287307049811511896851490902758108182714579906084707050661444137404718752497700186533646977012126386231310469628485167472902657274048575829511420675849583871233492293848428541221683703895658880663414626906764071528467410178432304353617223441482864193285100928093077741519883221240668852955533544609985252847267621422519215919367648268592447396226122312801589022880752118604642744665731607650793670966429240278320289346701072396910943990827407366506294657734471869429577761769201815905758149439552557966791512695909540741385826452801383749837670132846076255208877441111028255639314683721896152222972659610778502167250388206319496091644576800518042282953107127735152949674642501225364311803082738998567568660973248892570776615618096826236884622139147705875370111744068017655377068065378420155582523314690391181662157396965204657300653427452578951026075409969174100785484002367366369978054855707104992275212587484962001890316546451020681387825155767535684840090161184498456650913686326193527782724619774163925103114346387425525483162648036697381503183789199926269563765652146267460321320903890419387886158011757339625457681268344009515220894001174774215110075974676343376233000316307083799044461719925728222211655315014656715253998635097114149264217955803266636218845755518503839742727947321891732600251022655687300217900397185777471342511671235833162817232567620748219743998601680823402753835588938866777404065941884855086814885280209301256533800407383095382405386078845289318705676097419895708793842103970999995513058335773269116772430758699653566016336680816984154444940724071601307615446870279892741585681823927850048246579671371241983615270479851153823455184284974861161335065270916168657724212202700430916330574347832841512981979464830219623174691143793030251752766647810647210265281339114292542021901340306153967345695953378907893040404858699038270471762345666345932104750278846395976075772878141546785023152569119050228882945932067675441665255014188928140379540408389894576735490149334797074141662978861433262125709898748261013541879320548868585594642611560393664117783304845626399747287989824667977610570989844078049750230415731127623879382909491699598719887475933093842132898488962045229518831097810874921258732540068564660170354771248148928794873204961511855333650867288886014706705027857900540991416525862780354084494593682615591963969286902623887625210085414848098510990150089214234695070472778867836557958164101436166133803543836622317883840165343935639579537404199211355504559405	-3,5,5,5,5,5,5,5,5,5,5,5	-6,-6,-6,5,5,5,5,5,5,5,5,5	ok
0.978979	-12.672673	-55.366065	0.376260	continued:5	29797441240847192311964028853190280189674041619720799605070824129924103630349014387363218437041262128836255660367033565228906969921436065807110492954244538641922732381526988524213230765695165516684856964886402475218726787375215748391120225301433133801809602551954799399621703470614032595261603547732880205461166225506383472517669360488304292936684047002677551828409989745109425630864985134410193792953865040518523831529536300530641045251591967863934567240392252956558066164333919517605967140666825295678885425885703571255653804736275143929100692220038798706158319647429715853695189408137905886849532235618040048915843699717253768347612786229825919381254819950003230731411699587487497416574604357461782731627985417825863827186922456007553462225308282547856313633328955167419706775789469480611559738007413659668099782369121054590863861144238738959096672747737279409735626906209769372241309584913238418046885958531887025083628995414392263108247031801394472881212143143290264995601672765057255835010141684178851946852334816222471921330954532441368628013762954560274614035782030976878003106108119474895930869390230978001142747859294010451401389041610021396389202458667172133077048283131957393284404046055072840862552476804960590773588035550160518779771015300113988794745430447108388763936036391554818686310698826823745046645932777118000501528571302258842157120161592246825458076945448272280842797248906300044479518696641734693324181489212265813457170004955770760887235939038192760808987404067123321869173971757838442893034607825588593403361554127149250118875505486731855145760681298219457250308132640904218073784614708924155595806944930547318904468843177690595707211669288960907556199480161653609645994266584315730691566908250747287898943712222246372534690134451068899422254021637196224830246477904596543301033681131775679063973269255218937604863593893273196723146610152486770990626541172511868746270110909599169369541053605775476874999235074775904147367292101321900927304867604385408199963221479651225280226710530156037338580036896715902646195872747894866823124714498847232817625169224198895069403885938867721767979748477372794880668051681982723096261587652774357261807694173901285251921784395890499730896012886216845373652078461359897759128200005689040032547396203847928147929858865221813870999505513864361534995807411780677030588952216466757759085088584581596826694462814680966749214327565497225850780274963611705934378191475457501963514027549254038795535992415462678288421790787882937517475343769917219187668554146278773808854527227601362856942923396302571702143395763413564704081263404342636312438009415911543578017383079195890741852167841869346444614454059588128279103020551326863564852042239529515077129842426645221370395333297149104527722546713710178064316789042599555620497703374903782852043551242995991627137230197930540694208237584517648321994502943832022569543753235232343562670993669468757171131246740892994619127399322467573401513409669629036153462482381071725043653775133977230985275679380525041200990177805250063428517772599950361701139460008406601542048771707941337075675629326034398211423714127555186290107646245351341	29797441240847192311964028853190280189674041619720799605070824129924103630349014387363218437041262128836255660367033565228906969921436065807110492954244538641922732381526988524213230765695165516684856964886402475218726787375215748391120225301433133801809602551954799399621703470614032595261603547732880205461166225506383472517669360488304292936684047002677551828409989745109425630864985134422947174036192029676553220396103130882265511904520585700060750003250408290764813305740477422359782820039739747407254492843904673997125272046292276306417333621045582187098816891641254388118615995970674429432143640587219546851245472290216391933922818852287307049811511896851490902758108182714579906084707050661444137404718752497700186533646977012126386231310469628485167472902657274048575829511420675849583871233492293848428541221683703895658880663414626906764071528467410178432304353617223441482864193285100928093077741519883221240668852955533544609985252847267621422519215919367648268592447396226122312801589022880752118604642744665731607650793670966429240278320289346701072396910943990827407366506294657734471869429577761769201815905758149439552557966791512695909540741385826452801383749837670132846076255208877441111028255639314683721896152222972659610778502167250388206319496091644576800518042282953107127735152949674642501225364311803082738998567568660973248892570776615618096826236884622139147705875370111744068017655377068065378420155582523314690391181662157396965204657300653427452578951026075409969174100785484002367366369978054855707104992275212587484962001890316546451020681387825155767535684840090161184498456650913686326193527782724619774163925103114346387425525483162648036697381503183789199926269563765652146267460321320903890419387886158011757339625457681268344009515220894001174774215110075974676343376233000316307083799044461719925728222211655315014656715253998635097114149264217955803266636218845755518503839742727947321891732600251022655687300217900397185777471342511671235833162817232567620748219743998601680823402753835588938866777404065941884855086814885280209301256533800407383095382405386078845289318705676097419895708793842103970999995513058335773269116772430758699653566016336680816984154444940724071601307615446870279892741585681823927850048246579671371241983615270479851153823455184284974861161335065270916168657724212202700430916330574347832841512981979464830219623174691143793030251752766647810647210265281339114292542021901340306153967345695953378907893040404858699038270471762345666345932104750278846395976075772878141546785023152569119050228882945932067675441665255014188928140379540408389894576735490149334797074141662978861433262125709898748261013541879320548868585594642611560393664117783304845626399747287989824667977610570989844078049750230415731127623879382909491699598719887475933093842132898488962045229518831097810874921258732540068564660170354771248148928794873204961511855333650867288886014706705027857900540991416525862780354084494593682615591963969286902623887625210085414848098510990150089214234695070472778867836557958164101436166133803543836622317883840165343935639579537404199211355504559405	-3,-5,-5,5,5,5,5,5,5,5,5,5	-6,-6,-6,5,5,5,5,5,5,5,5,5	ok
0.982983	-12.672673	-56.145229	0.379054	continued:5	29797441240847192311964028853190280189674041619720799605070824129924103630349014387363218437041262128836255660367033565228906969921436065807110492954244538641922732381526988524213230765695165516629719455082439030115514738625751147374619061428443692170103772928052157992597220406516401095475006861621104613080858773559361281785078273174977150529232100876711955860337173342342382712290254519072720075447881889404310144753063289278224835207785430431660541349367441450439188005794303382787948861163481607165076354418112248552084410588766808221488393960764772634452977681121212601890834563717080032153096869237209157451526197543499316578780728165715661405592797343730746193286565650409718848027368980104747896040744184555178311722015776748109980228169797437948177587264110848783016277103495248127583981009232091733765949791185473986104106876143040470402304046775322237031172368282587051756119069840092624861390376767344821249616461441838405100367030077331160133732065065107385090435247019414812415337521285458512702009279413490029809421634769587811238398738246652088217774948966548463838055758473873446922700045970686658751627295548316740966679020241980807705495368006437598711307815622556144329017637044698400522839661702852408872668780923408334758391575280867657988331810020357537753697319531227199689826250059445882789742552634155221024783892724733323440990802884739179065634229922588851122425097927766203348657331846508663184033641025777090847707388133833174885034465625145736007889489354862603311480293936997544073824032775712286340275727027502179924955711284195359900591131802343370035524815725750168723159016698726418813264728701318592225437962556135294244923272393936123715008326975132396133595167977989873534146570761721544446785824022229043889913173202530738471812264172972138783681896298463617320716785132828332865735378422547746781087631861900994459698227330558411245684243820186270236394605036844121556361674800613477390824630117448181397766814688462429162991601999232038078014568916725131123992032774167508559454385328275595922855082459187396698978568320297728981795868327944096275032673206482144847820753708018640492831328281498945003904463406816387943874022894171276760549962594305485306234289447883918076290569834470058207416398906391678198692272525323787655561082675014418046768077578927866432454912838730793780102732507481659019403043278444449978227171440187885154000743746770603432671953385310889319401709051816220006658328999280551762252910283022690029541198436049377476835898305699912717491682369115678309524159819059670629865145151732720544258350852853999203330290255040777923980488818468643283523528235916767839048329048595196768493881707851835188629111354782283302952092360148060793574239662925823226598772780276729896115534438542989125231591998048419384651671547179540235266080578428209906054888099678714026178050152655005232915715286360089640694424138526875159433871086383051308142087580328978290306875036127092570840275132850245579385025349796585843343051490347494617653699635014241550492145151273201549623492788689303594563912375003456592231685834933680566198549359895028646493133954350207368127013046379955	29797441240847192311964028853190280189674041619720799605070824129924103630349014387363218437041262128836255660367033565228906969921436065807110492954244538641922732381526988524213230765695165516684856964886402475218726787375215748391120225301433133801809602551954799399621703470614032595261603547732880205461166225506383472517669360488304292936684047002677551828409989745109425630864985134422947174036192029676553220396103130882265511904520585700060750003250408290764813305740477422359782820039739747407254492843904673997125272046292276306417333621045582187098816891641254388118615995970674429432143640587219546851245472290216391933922818852287307049811511896851490902758108182714579906084707050661444137404718752497700186533646977012126386231310469628485167472902657274048575829511420675849583871233492293848428541221683703895658880663414626906764071528467410178432304353617223441482864193285100928093077741519883221240668852955533544609985252847267621422519215919367648268592447396226122312801589022880752118604642744665731607650793670966429240278320289346701072396910943990827407366506294657734471869429577761769201815905758149439552557966791512695909540741385826452801383749837670132846076255208877441111028255639314683721896152222972659610778502167250388206319496091644576800518042282953107127735152949674642501225364311803082738998567568660973248892570776615618096826236884622139147705875370111744068017655377068065378420155582523314690391181662157396965204657300653427452578951026075409969174100785484002367366369978054855707104992275212587484962001890316546451020681387825155767535684840090161184498456650913686326193527782724619774163925103114346387425525483162648036697381503183789199926269563765652146267460321320903890419387886158011757339625457681268344009515220894001174774215110075974676343376233000316307083799044461719925728222211655315014656715253998635097114149264217955803266636218845755518503839742727947321891732600251022655687300217900397185777471342511671235833162817232567620748219743998601680823402753835588938866777404065941884855086814885280209301256533800407383095382405386078845289318705676097419895708793842103970999995513058335773269116772430758699653566016336680816984154444940724071601307615446870279892741585681823927850048246579671371241983615270479851153823455184284974861161335065270916168657724212202700430916330574347832841512981979464830219623174691143793030251752766647810647210265281339114292542021901340306153967345695953378907893040404858699038270471762345666345932104750278846395976075772878141546785023152569119050228882945932067675441665255014188928140379540408389894576735490149334797074141662978861433262125709898748261013541879320548868585594642611560393664117783304845626399747287989824667977610570989844078049750230415731127623879382909491699598719887475933093842132898488962045229518831097810874921258732540068564660170354771248148928794873204961511855333650867288886014706705027857900540991416525862780354084494593682615591963969286902623887625210085414848098510990150089214234695070472778867836557958164101436166133803543836622317883840165343935639579537404199211355504559405	3,-5,-5,-5,5,5,5,5,5,5,5,5	-6,-6,-6,5,5,5,5,5,5,5,5,5	ok
0.986987	-12.672673	-56.659608	0.378680	full	29797441240847192311964028853190280189674041619720799605070824129924103630349014387363218437041254878000809064742080050653014731436412537047651554041415874427799430157908191244386860561926414348011229507314747826145804191878840307371095613702016856900652234269589021920152395582152310662478382736417737716234896945772629640919171094397162708521836201332638201392862698838006879003459170341302606387232689235535225353383231891270218574085986182627217039549904300231786778453207827843265671500514463891487048722815502734993195020881830080027817494361075386222802112255242187769233212714940999644741580561611879275932983708253783854824310797606953097092268579955597563431367861147262763752208057462558799853144933976292987769990619944309805689979693387420062035479925990362067393879236261161892816178051350575912617148892756689521667666654720344810799324801139312018790414241242545622975333212702167928032574051213670442006142638920270877842040270616991607736651851882882143555853275968047691961745338648208261781268110773540854863723574842080162361325745064250020214216212738544712684667593190172693373642702404326538974275043190930439499208901942839964035064160433419064760051898905138152904801882597517373064221946360765765932160419510848113139771605353518497353954710013618968738404183810934100077718304628185913020410378513510017076788244500627867956667200702454599250672806198438333436897586141484546261458669353577478765291435841105892360453930916327795732299430567011986935082448281814481183902964399961712552757602742336768133385334911803266735543067013266281898652824080284694954083052183649737926994465708308880360629233990006422294236296433794092610739619342722769258057724967027732004487960352897097774196390558566251038288386248802058710636759669638885529712563656916919225271852132317780157808205227198591383730209354068389978636931761729521344866987147239749735877071075477306984864668273385649485928802525322951957882555501313513070427032870813975129859865662688620874321446062911527587152668790456728464396191194654550819546333550525181632477907759481632198569393381650671215734206782342585801820096918940129286811258682129297784284478763262559542387942189094902376654351923015697520156796836254463582213128979871375497725193399232468590618965778676051116981505007546542264189675233486837909606920481601186028458454217164990912095947208152414181661322408565250327651132032521954417386651576036398547778213062203805602578044887500814470166463118885877614233857729946794428256101717312708285195660929675791994975203620718280472518596745668151590816237612227820481191328256092302027247451543644202044097842047353245045845044011180267891530861816572253289719390148049704437883837102494186004548606512851906585417723125690142850155670977482880901607640759470757777214144225201001991961446597776209519853916188847943196602203695409487623527234950579520943292779095607109167484093987913370035047279202214826542931151889283039987608198105432316743220405367973732825398374662015420923915185899477559484000923206029984899887194970767337593657517539221649805398459987630677547807330213403181896178094047862989371704882187692649	29797441240847192311964028853190280189674041619720799605070824129924103630349014387363218437041262128836255660367033565228906969921436065807110492954244538641922732381526988524213230765695165516684856964886402475218726787375215748391120225301433133801809602551954799399621703470614032595261603547732880205461166225506383472517669360488304292936684047002677551828409989745109425630864985134422947174036192029676553220396103130882265511904520585700060750003250408290764813305740477422359782820039739747407254492843904673997125272046292276306417333621045582187098816891641254388118615995970674429432143640587219546851245472290216391933922818852287307049811511896851490902758108182714579906084707050661444137404718752497700186533646977012126386231310469628485167472902657274048575829511420675849583871233492293848428541221683703895658880663414626906764071528467410178432304353617223441482864193285100928093077741519883221240668852955533544609985252847267621422519215919367648268592447396226122312801589022880752118604642744665731607650793670966429240278320289346701072396910943990827407366506294657734471869429577761769201815905758149439552557966791512695909540741385826452801383749837670132846076255208877441111028255639314683721896152222972659610778502167250388206319496091644576800518042282953107127735152949674642501225364311803082738998567568660973248892570776615618096826236884622139147705875370111744068017655377068065378420155582523314690391181662157396965204657300653427452578951026075409969174100785484002367366369978054855707104992275212587484962001890316546451020681387825155767535684840090161184498456650913686326193527782724619774163925103114346387425525483162648036697381503183789199926269563765652146267460321320903890419387886158011757339625457681268344009515220894001174774215110075974676343376233000316307083799044461719925728222211655315014656715253998635097114149264217955803266636218845755518503839742727947321891732600251022655687300217900397185777471342511671235833162817232567620748219743998601680823402753835588938866777404065941884855086814885280209301256533800407383095382405386078845289318705676097419895708793842103970999995513058335773269116772430758699653566016336680816984154444940724071601307615446870279892741585681823927850048246579671371241983615270479851153823455184284974861161335065270916168657724212202700430916330574347832841512981979464830219623174691143793030251752766647810647210265281339114292542021901340306153967345695953378907893040404858699038270471762345666345932104750278846395976075772878141546785023152569119050228882945932067675441665255014188928140379540408389894576735490149334797074141662978861433262125709898748261013541879320548868585594642611560393664117783304845626399747287989824667977610570989844078049750230415731127623879382909491699598719887475933093842132898488962045229518831097810874921258732540068564660170354771248148928794873204961511855333650867288886014706705027857900540991416525862780354084494593682615591963969286902623887625210085414848098510990150089214234695070472778867836557958164101436166133803543836622317883840165343935639579537404199211355504559405	3,-5,-5,-5,-5,5,5,5,5,5,5,5	-6,-6,-6,5,5,5,5,5,5,5,5,5	ok
0.990991	-12.672673	-18.827314	0.389654	continued:5	29797441240847192311964028853190280189674041619720799605070824129924103630349014387363218437041262128836255660367033565228906969921436065807110492954244538641922732381526988524213230765695165516739994474690365920321938836124680349407621389174422575433515432175857440806646186534711664095048200233844655797841473677453405663250260447801631435344135993128643147796482806147876468549439715749856071249659627599475987323671827369771865221845291756903281146615711384803434295024829277842831418694839941823883831566498004267261730671018929104843904442387870484365857888189536296648098670249137264353498164544236896672831076268761190520600080121584857972539648724104485926725981306583995477145957712627015939516317459995807158397098987563805866798273465357843109707315770267392401784231126954403131562900596901554920941929800667469540731596024416446057782475494050688655549937961178871708310774758509474199344274385665327650397601172390515912454512807551418600510707134665906879279435847487037545889115906146070551888130409417242517356945216602359496984048243451821412619142457943691164845601083632128546483691663273094080913772697520179354680054649028668957946549146753511281249223840930715689293831419123065851313060999449270994502051366517732748996349002023493589746389443904928584896086009937902409399920434894710434724828196433334435922244668719645070963172539209158021792443345390080700323594367010028199659713009657377267993424553187083049959871759642950546564115043686986727275079274165803791130947745943729088287446146315142597144867697576962518223254129784798351739355151578911377639613203940250399384841939820680434397051876790501276495089591646513054726661714171433576989062336185964235076961182316552488146363555033395903677304043908711514370284735250029559691269519919326743505646203339715452115986988723790925823045352356583831855234535260853878587909308464651174272508361945024908117893783815024770824195268530734297464790111296711539271215962789594304294139398616563570814228262254397857325149984789148162523389893025921229340880761759736333671968826567838406967885860708088637161382530192885576736213370023192713196434264864250666359346844073909520688572816432562418167605773578791845218334744227697763589602264801261289422264820983997961034474652982805774130280506674747700295438268361261006069120383122079530358207181947441181282489588894804402010628341383312784341893132389871189173314315017807366385514063223036503961804890941303445489862900285874911395869725173051412664801947408159942680642332657565254503190288581994103849186150948240030193765036888948752176101465589207851350874839258547896409047728063073939598374999092463615204633630092106304297770983497908028272208744390834802516114995725001059902129158709140343412355896222382105565668589383788881128745908143686943481027079297424726546044963800868098080068324531215440831140740837054792207359973624706352784306976760066971776209608447925334636170245223234740856287289563133969371220632096921789194912603724604073406023519613248666584023407856485793744991347936820401033365852107786838267007230727414967014803640021226904239798214275791361557568918466769428	29797441240847192311964028853190280189674041619720799605070824129924103630349014387363218437041262128836255660367033565228906969921436065807110492954244538641922732381526988524213230765695165516684856964886402475218726787375215748391120225301433133801809602551954799399621703470614032595261603547732880205461166225506383472517669360488304292936684047002677551828409989745109425630864985134422947174036192029676553220396103130882265511904520585700060750003250408290764813305740477422359782820039739747407254492843904673997125272046292276306417333621045582187098816891641254388118615995970674429432143640587219546851245472290216391933922818852287307049811511896851490902758108182714579906084707050661444137404718752497700186533646977012126386231310469628485167472902657274048575829511420675849583871233492293848428541221683703895658880663414626906764071528467410178432304353617223441482864193285100928093077741519883221240668852955533544609985252847267621422519215919367648268592447396226122312801589022880752118604642744665731607650793670966429240278320289346701072396910943990827407366506294657734471869429577761769201815905758149439552557966791512695909540741385826452801383749837670132846076255208877441111028255639314683721896152222972659610778502167250388206319496091644576800518042282953107127735152949674642501225364311803082738998567568660973248892570776615618096826236884622139147705875370111744068017655377068065378420155582523314690391181662157396965204657300653427452578951026075409969174100785484002367366369978054855707104992275212587484962001890316546451020681387825155767535684840090161184498456650913686326193527782724619774163925103114346387425525483162648036697381503183789199926269563765652146267460321320903890419387886158011757339625457681268344009515220894001174774215110075974676343376233000316307083799044461719925728222211655315014656715253998635097114149264217955803266636218845755518503839742727947321891732600251022655687300217900397185777471342511671235833162817232567620748219743998601680823402753835588938866777404065941884855086814885280209301256533800407383095382405386078845289318705676097419895708793842103970999995513058335773269116772430758699653566016336680816984154444940724071601307615446870279892741585681823927850048246579671371241983615270479851153823455184284974861161335065270916168657724212202700430916330574347832841512981979464830219623174691143793030251752766647810647210265281339114292542021901340306153967345695953378907893040404858699038270471762345666345932104750278846395976075772878141546785023152569119050228882945932067675441665255014188928140379540408389894576735490149334797074141662978861433262125709898748261013541879320548868585594642611560393664117783304845626399747287989824667977610570989844078049750230415731127623879382909491699598719887475933093842132898488962045229518831097810874921258732540068564660170354771248148928794873204961511855333650867288886014706705027857900540991416525862780354084494593682615591963969286902623887625210085414848098510990150089214234695070472778867836557958164101436166133803543836622317883840165343935639579537404199211355504559405	-2,-6,-6,-6,5,5,5,5,5,5,5,5	-6,-6,-6,5,5,5,5,5,5,5,5,5	ok
0.994995	-12.672673	-46.154964	0.392447	continued:5	29797441240847192311964028853190280189674041619720799605070824129924103630349014387363218437041262128836255660367033565228906969921436065807110492954244538641922732381526988524213230765695165516739994474690365920321938836124680349407621389174422575433515432175857440806646186534711664095048200233844655797841473677453405663250260447801631435344135993128643147796482806147876468549439715749856071249659627599475987323671827369771865221845291756903281146615711384803434295024829277842831418694839941823883831566498004267261730671018929104843904442387870484365857888189536296648098670249137264353498164544236896672831076268761190520600080121584857972539648724104485926725981306583995477145957712627015939516317459995807158397098987563805866798273465357843109707315770267392401784231126954403131562900596901554920941929800667469540731596024416446057782475494050688655549937961178871708310774758509474199344274385665327650397601172390515912454512807551418600510707134665906879279435847487037545889115906146070551888130409417242517356945216602359496984048243451821412619142457943691164845601083632128546483691663273094080913772697520179354680054649028668957946549146753511281249223840930715689293831419123065851313060999449270994502051366517732748996349002023493589746389443904928584896086009937902409399920434894710434724828196433334435922244668719645070963172539209158021792443345390080700323594367010028199659713009657377267993424553187083049959871759642950546564115043686986727275079274165803791130947745943729088287446146315142597144867697576962518223254129784798351739355151578911377639613203940250399384841939820680434397051876790501276495089591646513054726661714171433576989062336185964235076961182316552488146363555033395903677304043908711514370284735250029559691269519919326743505646203339715452115986988723790925823045352356583831855234535260853878587909308464651174272508361945024908117893783815024770824195268530734297464790111296711539271215962789594304294139398616563570814228262254397857325149984789148162523389893025921229340880761759736333671968826567838406967885860708088637161382530192885576736213370023192713196434264864250666359346844073909520688572816432562418167605773578791845218334744227697763589602264801261289422264820983997961034474652982805774130280506674747700295438268361261006069120383122079530358207181947441181282489588894804402010628341383312784341893132389871189173314315017807366385514063223036503961804890941303445489862900285874911395869725173051412664801947408159942680642332657565254503190288581994103849186150948240030193765036888948752176101465589207851350874839258547896409047728063073939598374999092463615204633630092106304297770983497908028272208744390834802516114995725001059902129158709140343412355896222382105565668589383788881128745908143686943481027079297424726546044963800868098080068324531215440831140740837054792207359973624706352784306976760066971776209608447925334636170245223234740856287289563133969371220632096921789194912603724604073406023519613248666584023407856485793744991347936820401033365852107786838267007230727414967014803640021226904239798214275791361557568918466769428	29797441240847192311964028853190280189674041619720799605070824129924103630349014387363218437041262128836255660367033565228906969921436065807110492954244538641922732381526988524213230765695165516684856964886402475218726787375215748391120225301433133801809602551954799399621703470614032595261603547732880205461166225506383472517669360488304292936684047002677551828409989745109425630864985134422947174036192029676553220396103130882265511904520585700060750003250408290764813305740477422359782820039739747407254492843904673997125272046292276306417333621045582187098816891641254388118615995970674429432143640587219546851245472290216391933922818852287307049811511896851490902758108182714579906084707050661444137404718752497700186533646977012126386231310469628485167472902657274048575829511420675849583871233492293848428541221683703895658880663414626906764071528467410178432304353617223441482864193285100928093077741519883221240668852955533544609985252847267621422519215919367648268592447396226122312801589022880752118604642744665731607650793670966429240278320289346701072396910943990827407366506294657734471869429577761769201815905758149439552557966791512695909540741385826452801383749837670132846076255208877441111028255639314683721896152222972659610778502167250388206319496091644576800518042282953107127735152949674642501225364311803082738998567568660973248892570776615618096826236884622139147705875370111744068017655377068065378420155582523314690391181662157396965204657300653427452578951026075409969174100785484002367366369978054855707104992275212587484962001890316546451020681387825155767535684840090161184498456650913686326193527782724619774163925103114346387425525483162648036697381503183789199926269563765652146267460321320903890419387886158011757339625457681268344009515220894001174774215110075974676343376233000316307083799044461719925728222211655315014656715253998635097114149264217955803266636218845755518503839742727947321891732600251022655687300217900397185777471342511671235833162817232567620748219743998601680823402753835588938866777404065941884855086814885280209301256533800407383095382405386078845289318705676097419895708793842103970999995513058335773269116772430758699653566016336680816984154444940724071601307615446870279892741585681823927850048246579671371241983615270479851153823455184284974861161335065270916168657724212202700430916330574347832841512981979464830219623174691143793030251752766647810647210265281339114292542021901340306153967345695953378907893040404858699038270471762345666345932104750278846395976075772878141546785023152569119050228882945932067675441665255014188928140379540408389894576735490149334797074141662978861433262125709898748261013541879320548868585594642611560393664117783304845626399747287989824667977610570989844078049750230415731127623879382909491699598719887475933093842132898488962045229518831097810874921258732540068564660170354771248148928794873204961511855333650867288886014706705027857900540991416525862780354084494593682615591963969286902623887625210085414848098510990150089214234695070472778867836557958164101436166133803543836622317883840165343935639579537404199211355504559405	-2,-6,-6,-6,5,5,5,5,5,5,5,5	-6,-6,-6,5,5,5,5,5,5,5,5,5	ok
0.998999	-12.672673	-50.145986	0.392614	continued:5	29797441240847192311964028853190280189674041619720799605070824129924103630349014387363218437041262128836255660367033565228906969921436065807110492954244538641922732381526988524213230765695165516739994474690365920321938836124680349407621389174422575433515432175857440806646186534711664095048200233844655797841473677453405663250260447801631435344135993128643147796482806147876468549439715749856071249659627599475987323671827369771865221845291756903281146615711384803434295024829277842831418694839941823883831566498004267261730671018929104843904442387870484365857888189536296648098670249137264353498164544236896672831076268761190520600080121584857972539648724104485926725981306583995477145957712627015939516317459995807158397098987563805866798273465357843109707315770267392401784231126954403131562900596901554920941929800667469540731596024416446057782475494050688655549937961178871708310774758509474199344274385665327650397601172390515912454512807551418600510707134665906879279435847487037545889115906146070551888130409417242517356945216602359496984048243451821412619142457943691164845601083632128546483691663273094080913772697520179354680054649028668957946549146753511281249223840930715689293831419123065851313060999449270994502051366517732748996349002023493589746389443904928584896086009937902409399920434894710434724828196433334435922244668719645070963172539209158021792443345390080700323594367010028199659713009657377267993424553187083049959871759642950546564115043686986727275079274165803791130947745943729088287446146315142597144867697576962518223254129784798352227596413586515092312600443544647088078963307588923763636270954682141162217889953313809670031390986549607323729776543960584738185340384283123633257672835492121369841702679003714621452511211488132879741846931541965183383174837080362231598519353499614715385644344696173540416779531065434514717344159270458185322190319002918880258798254585345793021680011380250162900736886694238160674778981671586382208590845498820890423879819056887601109365751288169363031295963144711437811826340557432543810457055113118374314559725013652447420706746641436778696524352787229829152569711848155287193266851071686745685042687177962542028756361060869980631274911665606915825007767093996814283157425089768909349591853180534020417877983831190934567547174451197027036328545009959409946568673189931891319140937683057466613144960188029307056843699539503135152185374427537954913055660224161914893302003539102496278970623526635768611491194218105289433947847410751650163321463340207577290361653284295849315999533959606886633457085563974953571689595287416222208201363712344572181242588061645200339451253286932525102910907083689274126797791574829676094911935693125515417479693245700545586849632114793883489894020589182643866659862269879522861085274501240188470144503049261976403001533674881602511292873745561199354906195581127298495235690714135319826928323334069849570106748106926807217065592924536332009850126335061121352445624550266729775884694105739726308839115329994490671173218127425760715447686495957442938227080980437674949283143843006920551744113229740734747747362441070220744173404608273321	29797441240847192311964028853190280189674041619720799605070824129924103630349014387363218437041262128836255660367033565228906969921436065807110492954244538641922732381526988524213230765695165516684856964886402475218726787375215748391120225301433133801809602551954799399621703470614032595261603547732880205461166225506383472517669360488304292936684047002677551828409989745109425630864985134422947174036192029676553220396103130882265511904520585700060750003250408290764813305740477422359782820039739747407254492843904673997125272046292276306417333621045582187098816891641254388118615995970674429432143640587219546851245472290216391933922818852287307049811511896851490902758108182714579906084707050661444137404718752497700186533646977012126386231310469628485167472902657274048575829511420675849583871233492293848428541221683703895658880663414626906764071528467410178432304353617223441482864193285100928093077741519883221240668852955533544609985252847267621422519215919367648268592447396226122312801589022880752118604642744665731607650793670966429240278320289346701072396910943990827407366506294657734471869429577761769201815905758149439552557966791512695909540741385826452801383749837670132846076255208877441111028255639314683721896152222972659610778502167250388206319496091644576800518042282953107127735152949674642501225364311803082738998567568660973248892570776615618096826236884622139147705875370111744068017655377068065378420155582523314690391181662157396965204657300653427452578951026075409969174100785484002367366369978054855707104992275212587484962001890316546451020681387825155767535684840090161184498456650913686326193527782724619774163925103114346387425525483162648036697381503183789199926269563765652146267460321320903890419387886158011757339625457681268344009515220894001174774215110075974676343376233000316307083799044461719925728222211655315014656715253998635097114149264217955803266636218845755518503839742727947321891732600251022655687300217900397185777471342511671235833162817232567620748219743998601680823402753835588938866777404065941884855086814885280209301256533800407383095382405386078845289318705676097419895708793842103970999995513058335773269116772430758699653566016336680816984154444940724071601307615446870279892741585681823927850048246579671371241983615270479851153823455184284974861161335065270916168657724212202700430916330574347832841512981979464830219623174691143793030251752766647810647210265281339114292542021901340306153967345695953378907893040404858699038270471762345666345932104750278846395976075772878141546785023152569119050228882945932067675441665255014188928140379540408389894576735490149334797074141662978861433262125709898748261013541879320548868585594642611560393664117783304845626399747287989824667977610570989844078049750230415731127623879382909491699598719887475933093842132898488962045229518831097810874921258732540068564660170354771248148928794873204961511855333650867288886014706705027857900540991416525862780354084494593682615591963969286902623887625210085414848098510990150089214234695070472778867836557958164101436166133803543836622317883840165343935639579537404199211355504559405	-3,-6,-6,-6,5,5,5,5,5,5,5,5	-6,-6,-6,5,5,5,5,5,5,5,5,5	ok
1.003003	-12.672673	-52.602224	0.395408	continued:5	29797441240847192311964028853190280189674041619720799605070824129924103630349014387363218437041262128836255660367033565228906969921436065807110492954244538641922732381526988524213230765695165516684856964886402475218726787375215748391120225301433133801809602551954799399621703470614032595261603547732880205461166225506383472517669360488304292936684047002677551828409989745109425630864985134422947174036192029676553220396103130882265511904520585700060750003250408290764813305740477422359782820039739747407254492843904673997125272046292276306417333621045582187098816891641254388118615995970674429432143640587219546851245472290216391933922818852287307049811511896851490902758108182714579906084707050661444137404718752497700186533646977012126386231310469628485167472902657274048575829511420675849583871233492293848428541221683703895658880663414626906764071528467410178432304353617223441482864193285100928093077741519883221240668852955533544609985252847267621422519215919367648268592447396226122312801589022880752118604642744665731607650793670966429240278320289346701072396910943990827407366506294657734471869429577761769201815905758149439552557966791512695909540741385826452801383749837670132846076255208877441111028255639314683721896152222972659610778502167250388206319496091644576800518042282953107127735152949674642501225364311803082738998567568660973248892570776615618096826236884622139147705875370111744068017655377068065378420155582523314690391181662157396965204657300653427452578951026075409969174100785484002367366369978054855707104992275212587484962001890316544986296895365014011748573966026900095102134353346183698608536294107804962605762840101224500473237708348641407814554758179322279874788663664052216812339618945144505397223482601148690510660196743372663362700457853720123242574204493644316109048564406635298155512993540879586719742758271487604112182256738577165749281598076196331714942131113745988468896653365552046670625793977952111870552105626065555257783763246915130597022601351684519482589362900854694439954474714917778800393548284822291234450691377529287009703045679171132981670212423321868144548612660269313140514108344712314412075549652743734356565454272299767430963941342873443653789420520002400308726966460423831965162571084095619767446380266216839124815364903437721317014317338337058729561615264215703840338102278427789201000849354931940257298928842569719292027311269722201542266784673818540595057191267412490551219062116501374891936166146167623074251424945668570289335865802723990378237903528320395000294460089386640794505508906141570382739537954738187134424433912393953363672632843434159677465173962556187101541283143189128333343598400885656194501465129903849914039455223131646299267206519264377814229565014384084190393746894175841468225506590187073269127213525204020677793294682807207741802899848844418473544664682190667855040834130424113377701762664235945121814667285304352314198895055472097063163999496626876988128690449401260156787357342110343662547700333763437773159861494855707414046859072560424286883174913956399295506555892944113650333432823906265594584763002824858245916660888975417528114150899817960	29797441240847192311964028853190280189674041619720799605070824129924103630349014387363218437041262128836255660367033565228906969921436065807110492954244538641922732381526988524213230765695165516684856964886402475218726787375215748391120225301433133801809602551954799399621703470614032595261603547732880205461166225506383472517669360488304292936684047002677551828409989745109425630864985134422947174036192029676553220396103130882265511904520585700060750003250408290764813305740477422359782820039739747407254492843904673997125272046292276306417333621045582187098816891641254388118615995970674429432143640587219546851245472290216391933922818852287307049811511896851490902758108182714579906084707050661444137404718752497700186533646977012126386231310469628485167472902657274048575829511420675849583871233492293848428541221683703895658880663414626906764071528467410178432304353617223441482864193285100928093077741519883221240668852955533544609985252847267621422519215919367648268592447396226122312801589022880752118604642744665731607650793670966429240278320289346701072396910943990827407366506294657734471869429577761769201815905758149439552557966791512695909540741385826452801383749837670132846076255208877441111028255639314683721896152222972659610778502167250388206319496091644576800518042282953107127735152949674642501225364311803082738998567568660973248892570776615618096826236884622139147705875370111744068017655377068065378420155582523314690391181662157396965204657300653427452578951026075409969174100785484002367366369978054855707104992275212587484962001890316546451020681387825155767535684840090161184498456650913686326193527782724619774163925103114346387425525483162648036697381503183789199926269563765652146267460321320903890419387886158011757339625457681268344009515220894001174774215110075974676343376233000316307083799044461719925728222211655315014656715253998635097114149264217955803266636218845755518503839742727947321891732600251022655687300217900397185777471342511671235833162817232567620748219743998601680823402753835588938866777404065941884855086814885280209301256533800407383095382405386078845289318705676097419895708793842103970999995513058335773269116772430758699653566016336680816984154444940724071601307615446870279892741585681823927850048246579671371241983615270479851153823455184284974861161335065270916168657724212202700430916330574347832841512981979464830219623174691143793030251752766647810647210265281339114292542021901340306153967345695953378907893040404858699038270471762345666345932104750278846395976075772878141546785023152569119050228882945932067675441665255014188928140379540408389894576735490149334797074141662978861433262125709898748261013541879320548868585594642611560393664117783304845626399747287989824667977610570989844078049750230415731127623879382909491699598719887475933093842132898488962045229518831097810874921258732540068564660170354771248148928794873204961511855333650867288886014706705027857900540991416525862780354084494593682615591963969286902623887625210085414848098510990150089214234695070472778867836557958164101436166133803543836622317883840165343935639579537404199211355504559405	-3,-6,-6,5,5,5,5,5,5,5,5,5	-6,-6,-6,5,5,5,5,5,5,5,5,5	ok
1.007007	-12.672673	-54.131572	0.398201	continued:5	29797441240847192311964028853190280189674041619720799605070824129924103630349014387363218437041262128836255660367033565228906969921436065807110492954244538641922732381526988524213230765695165516684856964886402475218726787375215748391120225301433133801809602551954799399621703470614032595261603547732880205461166225506383472517669360488304292936684047002677551828409989745109425630864985134416570483495028535097538525962819715706453278578056276781997658621821330623661439735037198469982874980353282521543069959364804122626389538391283710117759012920542190446628568269535485120906902702054290158140837938102629797883544586003735080140767802541056613215533165923427360817084903885101038661329655704061613434516352085161782006860284716509839924228309376088170740553115806220734141302649848057010058913693667459286835607211129246633087358315863204490737630361736531172516441701350353989780844469604679326961211342427047892996344090028808147916171706518889485060629487737417917569767213496185589810977631686161593663266872708183305924891421716519836703659212884206754774705296603977160595587057551946392243523306131003376817168847344668193734612715320449809071341032253817577093207483930220945124667599152474307313066288132598337858614967222060190098955400369833539728841815639323595546756206693047251103075382837527829820663088922381252193091723767612410835446041002371833244855823858875455973221693803924258499763326053205682414512096667270504543905693204277613951276144204402168422635613346089666241936344317839882762737246424381784741408159245368710128847124504748050503990781578764654952474606245487855709595539854347610025507672219867684075552108204020693002392797889951477922785294312425920409366840810613018774876035748947379126660344457923252911827963127050021684207491337122395166780647517198338054767054442830301426205055903496259126862605237461976535076098361397823326293402766043365501433603630557342200025311413646849469234032797183111462861504199013456412011237770868264340994109716529640416837224889583615851124891019011469211713408349279357454776504261682254599836296540677490414109971322704682648733858505710837948572489470743258918957985499447890480082719124734380717079913908027937921038192208772571802079613448093696186733643290284870878794124360980883995900352900169251996630745408968647196739083264462897694864636367981485763873831510074976212279157827568788748587208370309400277301513089418026501765935875688452475036335026926035984960464181697274556613221792458622338022538497456852545560958161633631393846791355693736324319823254493130493254534323699909944897503934906464549927864564116780764548724526005167288450207785182052845344488503149127553784912040092721239672966494161951435228870510203666458503407381527800202537379296899084196749484248017397623225360741557400356939447786030212738157097386153120302032851798323144081850357605420034876762332505768871767157279014091641205177376396947992882728922995266027851166827789653411295075675561410671580097156184523046122900782989756625456112627833322130591146902407883006284348590074036026446197103992744951409686477908471095192610419082790255192110341133645545	29797441240847192311964028853190280189674041619720799605070824129924103630349014387363218437041262128836255660367033565228906969921436065807110492954244538641922732381526988524213230765695165516684856964886402475218726787375215748391120225301433133801809602551954799399621703470614032595261603547732880205461166225506383472517669360488304292936684047002677551828409989745109425630864985134422947174036192029676553220396103130882265511904520585700060750003250408290764813305740477422359782820039739747407254492843904673997125272046292276306417333621045582187098816891641254388118615995970674429432143640587219546851245472290216391933922818852287307049811511896851490902758108182714579906084707050661444137404718752497700186533646977012126386231310469628485167472902657274048575829511420675849583871233492293848428541221683703895658880663414626906764071528467410178432304353617223441482864193285100928093077741519883221240668852955533544609985252847267621422519215919367648268592447396226122312801589022880752118604642744665731607650793670966429240278320289346701072396910943990827407366506294657734471869429577761769201815905758149439552557966791512695909540741385826452801383749837670132846076255208877441111028255639314683721896152222972659610778502167250388206319496091644576800518042282953107127735152949674642501225364311803082738998567568660973248892570776615618096826236884622139147705875370111744068017655377068065378420155582523314690391181662157396965204657300653427452578951026075409969174100785484002367366369978054855707104992275212587484962001890316546451020681387825155767535684840090161184498456650913686326193527782724619774163925103114346387425525483162648036697381503183789199926269563765652146267460321320903890419387886158011757339625457681268344009515220894001174774215110075974676343376233000316307083799044461719925728222211655315014656715253998635097114149264217955803266636218845755518503839742727947321891732600251022655687300217900397185777471342511671235833162817232567620748219743998601680823402753835588938866777404065941884855086814885280209301256533800407383095382405386078845289318705676097419895708793842103970999995513058335773269116772430758699653566016336680816984154444940724071601307615446870279892741585681823927850048246579671371241983615270479851153823455184284974861161335065270916168657724212202700430916330574347832841512981979464830219623174691143793030251752766647810647210265281339114292542021901340306153967345695953378907893040404858699038270471762345666345932104750278846395976075772878141546785023152569119050228882945932067675441665255014188928140379540408389894576735490149334797074141662978861433262125709898748261013541879320548868585594642611560393664117783304845626399747287989824667977610570989844078049750230415731127623879382909491699598719887475933093842132898488962045229518831097810874921258732540068564660170354771248148928794873204961511855333650867288886014706705027857900540991416525862780354084494593682615591963969286902623887625210085414848098510990150089214234695070472778867836557958164101436166133803543836622317883840165343935639579537404199211355504559405	-3,5,5,5,5,5,5,5,5,5,5,5	-6,-6,-6,5,5,5,5,5,5,5,5,5	ok
1.011011	-12.672673	-54.994380	0.400994	continued:5	29797441240847192311964028853190280189674041619720799605070824129924103630349014387363218437041262128836255660367033565228906969921436065807110492954244538641922732381526988524213230765695165516684856964886402475218726787375215748391120225301433133801809602551954799399621703470614032595261603547732880205461166225506383472517669360488304292936684047002677551828409989745109425630864985134416570483495028535097538525962819715706453278578056276781997658621821330623661439735037198469982874980353282521543069959364804122626389538391283710117759012920542190446628568269535485120906902702054290158140837938102629797883544586003735080140767802541056613215533165923427360817084903885101038661329655704061613434516352085161782006860284716509839924228309376088170740553115806220734141302649677479518483802000300168580713163044194065887323354719302210650111132711346298709211434864618027584900489492606253513787276911684522970091828423127049646218187582003049038748847718653443334980530114472055275735855279209770676986277839544680221399291578177895818923520118959136259612273568065832391421401557650483557112710133624327231572850837292836264665366775640359169906189441461622801137205046057480139998789727301188354834859408678444252318864359603629790357149869408733925794073059173594199193764540223273904873376084823036011548299500458930026642471196433941697444714519521783436521257033199569240538356017136986648278619083208578340432572460744377916106798578888652909672720671642967618220307737860229752048439860902462357086319177145113230508886698115136650507969516166526294358125033234384979855104264656649285269565426819580321645066326369422206672105973056925547450028815442733260027605858236230526145465523089898362194477685754100420842679834855064721669847469989327783780242954510439480925576931832144203873316613389083234940176799514327623263156646865204159534380894596538942211338302227967455631386994560417135905021910331865767770155620530690302202747254885096222500626882689777415713081225507088822475204475163072308832131814212492873583610202030903890580617940417957136796545705407266594072088894908580334343548949775980949417636034059910710492176943733855347205696318754691246579342093506083291831302847738922008335327079088954233510600732603910860087148013502069473221933581136764050752131715881528327516960976729605740020444207278172787877370357355036513811594408821673150931859847649150820810385230895621169870115834647250130187088993585895768115966244459656770071826962196824333687610580979886492957688292807195168720085420451845695284164507903039751515099707113128900595078411221154567232385218460614049559444629340394652928358144056860234344465412524161881971104475326651852691953897647790090349069315315395042793375434294541876574404870036348583078565067757797574327878089152987043345132408402006028868710594298554906795341754979174055364501912262816497826614104128862494350857877025692754496966219655167886052899435056114464083374135958014799593866859537748859178822931981724971714552871825443394876658496563873744746769784558204902102077067932185654078729252977617836197617231284163153818631606396461678373897781380950914	29797441240847192311964028853190280189674041619720799605070824129924103630349014387363218437041262128836255660367033565228906969921436065807110492954244538641922732381526988524213230765695165516684856964886402475218726787375215748391120225301433133801809602551954799399621703470614032595261603547732880205461166225506383472517669360488304292936684047002677551828409989745109425630864985134422947174036192029676553220396103130882265511904520585700060750003250408290764813305740477422359782820039739747407254492843904673997125272046292276306417333621045582187098816891641254388118615995970674429432143640587219546851245472290216391933922818852287307049811511896851490902758108182714579906084707050661444137404718752497700186533646977012126386231310469628485167472902657274048575829511420675849583871233492293848428541221683703895658880663414626906764071528467410178432304353617223441482864193285100928093077741519883221240668852955533544609985252847267621422519215919367648268592447396226122312801589022880752118604642744665731607650793670966429240278320289346701072396910943990827407366506294657734471869429577761769201815905758149439552557966791512695909540741385826452801383749837670132846076255208877441111028255639314683721896152222972659610778502167250388206319496091644576800518042282953107127735152949674642501225364311803082738998567568660973248892570776615618096826236884622139147705875370111744068017655377068065378420155582523314690391181662157396965204657300653427452578951026075409969174100785484002367366369978054855707104992275212587484962001890316546451020681387825155767535684840090161184498456650913686326193527782724619774163925103114346387425525483162648036697381503183789199926269563765652146267460321320903890419387886158011757339625457681268344009515220894001174774215110075974676343376233000316307083799044461719925728222211655315014656715253998635097114149264217955803266636218845755518503839742727947321891732600251022655687300217900397185777471342511671235833162817232567620748219743998601680823402753835588938866777404065941884855086814885280209301256533800407383095382405386078845289318705676097419895708793842103970999995513058335773269116772430758699653566016336680816984154444940724071601307615446870279892741585681823927850048246579671371241983615270479851153823455184284974861161335065270916168657724212202700430916330574347832841512981979464830219623174691143793030251752766647810647210265281339114292542021901340306153967345695953378907893040404858699038270471762345666345932104750278846395976075772878141546785023152569119050228882945932067675441665255014188928140379540408389894576735490149334797074141662978861433262125709898748261013541879320548868585594642611560393664117783304845626399747287989824667977610570989844078049750230415731127623879382909491699598719887475933093842132898488962045229518831097810874921258732540068564660170354771248148928794873204961511855333650867288886014706705027857900540991416525862780354084494593682615591963969286902623887625210085414848098510990150089214234695070472778867836557958164101436166133803543836622317883840165343935639579537404199211355504559405	3,-5,5,5,5,5,5,5,5,5,5,5	-6,-6,-6,5,5,5,5,5,5,5,5,5	ok
1.015015	-12.672673	-55.488843	0.403788	continued:5	29797441240847192311964028853190280189674041619720799605070824129924103630349014387363218437041262128836255660367033565228906969921436065807110492954244538641922732381526988524213230765695165516629719455082439030115514738625751147374619061428443692170103772928052157992597220406516401095475006861621104613080858773559361281785078273174977150529232100876711955860337173342342382712290254519072720075447881889404310144753063289278224835207785430431660541349367441450439188005794303382787948861163481607165076354418112248552084410588766808221488393960764772634452977681121212601890834563717080032153096869237209157451526197543499316578780728165715661405592797343730746193286565650409718848027368980104747896040744184555178311722015776748109980228169797437948177587264110848783016277103495248127583981009232091733765949791185473986104106876143040470402304046775322237031172368282587051756119069840092624861390376767344821249616461441838405100367030077331160133732065065107385090435247019414812415337521285458512702009279413490029809421634769587811238398738246652088217774948966548463838055758473873446922700045970686658751627295548316740966679020241980807705495368006437598711307815622556144329017637044698400522839661702852408872668780923408334758391575280867657988331810020357537753697319531227199689826250059445882789742552634155221024783892724733323440990802884739179065634229922588851122425097927766203348657331846508663184033641025777090847707388133833174885034465625145736007889489354862603311480293936997544073824032775712286340275727027502179924955711284195359656470500798541512699031195923551824376098332814604754193655189755498649364037781722486986592558636204849250344651223087822144579405566994704300978491930532358811364586506474727490348799935083479530169997950861900066078379542963309787539551363578618554929844606091148556659864975117468742223590833228321426987914371953126048277405338720304710305234984099646109891709371608778521837836592598716248825960512743731446754699186303356555691414335110500152839237405812813472960837111307549648585784329075168347207049866984834168484979307342781201870756505018528074929017282118433897948278913877482294136770264690756913576565946685486200514074692663305437285191192947501271873665742757758477852017699683365359835069381249016744422864519298894661764641441717300622131283317135595598546410433377012786156173391874385570927744147794543766191939655837083791246329552683676861780251800581534614031878336178046125654866338959371931045548458668359708279802291947656895949953297297073205061586891558381402253818049008261310130806760738878551233388625642972036998402145504459309885577780683439520666876237767627506470058266203814080194723397652940899205365915858432112441810443163169670024110102370355980739951964924352040488583113795092918099147581977098827589490656869150931761938620340370361983202878960867424052971039681458480476242706348536328090714662293500140672579702106696920302065353158573429269808064717654875666520547410691976473989437032684249248022036456499861479301515197531618720982740413250287677340056489391493156163070244963525799883437790022946467451975439435398	29797441240847192311964028853190280189674041619720799605070824129924103630349014387363218437041262128836255660367033565228906969921436065807110492954244538641922732381526988524213230765695165516684856964886402475218726787375215748391120225301433133801809602551954799399621703470614032595261603547732880205461166225506383472517669360488304292936684047002677551828409989745109425630864985134422947174036192029676553220396103130882265511904520585700060750003250408290764813305740477422359782820039739747407254492843904673997125272046292276306417333621045582187098816891641254388118615995970674429432143640587219546851245472290216391933922818852287307049811511896851490902758108182714579906084707050661444137404718752497700186533646977012126386231310469628485167472902657274048575829511420675849583871233492293848428541221683703895658880663414626906764071528467410178432304353617223441482864193285100928093077741519883221240668852955533544609985252847267621422519215919367648268592447396226122312801589022880752118604642744665731607650793670966429240278320289346701072396910943990827407366506294657734471869429577761769201815905758149439552557966791512695909540741385826452801383749837670132846076255208877441111028255639314683721896152222972659610778502167250388206319496091644576800518042282953107127735152949674642501225364311803082738998567568660973248892570776615618096826236884622139147705875370111744068017655377068065378420155582523314690391181662157396965204657300653427452578951026075409969174100785484002367366369978054855707104992275212587484962001890316546451020681387825155767535684840090161184498456650913686326193527782724619774163925103114346387425525483162648036697381503183789199926269563765652146267460321320903890419387886158011757339625457681268344009515220894001174774215110075974676343376233000316307083799044461719925728222211655315014656715253998635097114149264217955803266636218845755518503839742727947321891732600251022655687300217900397185777471342511671235833162817232567620748219743998601680823402753835588938866777404065941884855086814885280209301256533800407383095382405386078845289318705676097419895708793842103970999995513058335773269116772430758699653566016336680816984154444940724071601307615446870279892741585681823927850048246579671371241983615270479851153823455184284974861161335065270916168657724212202700430916330574347832841512981979464830219623174691143793030251752766647810647210265281339114292542021901340306153967345695953378907893040404858699038270471762345666345932104750278846395976075772878141546785023152569119050228882945932067675441665255014188928140379540408389894576735490149334797074141662978861433262125709898748261013541879320548868585594642611560393664117783304845626399747287989824667977610570989844078049750230415731127623879382909491699598719887475933093842132898488962045229518831097810874921258732540068564660170354771248148928794873204961511855333650867288886014706705027857900540991416525862780354084494593682615591963969286902623887625210085414848098510990150089214234695070472778867836557958164101436166133803543836622317883840165343935639579537404199211355504559405	-3,-5,-5,-5,5,5,5,5,5,5,5,5	-6,-6,-6,5,5,5,5,5,5,5,5,5	ok
1.019019	-12.672673	-55.780943	0.406581	continued:5	29797441240847192311964028853190280189674041619720799605070824129924103630349014387363218437041262128836255660367033565228906969921436065807110492954244538641922732381526988524213230765695165516629719455082439030115514738625751147374619061428443692170103772928052157992597220406516401095475006861621104613080858773559361281785078273174977150529232100876711955860337173342342382712290254519072720075447881889404310144753063289278224835207785430431660541349367441450439188005794303382787948861163481607165076354418112248552084410588766808221488393960764772634452977681121212601890834563717080032153096869237209157451526197543499316578780728165715661405592797343730746193286565650409718848027368980104747896040744184555178311722015776748109980228169797437948177587264110848783016277103495248127583981009232091733765949791185473986104106876143040470402304046775322237031172368282587051756119069840092624861390376767344821249616461441838405100367030077331160133732065065107385090435247019414812415337521285458512702009279413490029809421634769587811238398738246652088217774948966548463838055758473873446922700045970686658751627295548316740966679020241980807705495368006437598711307815622556144329017637044698400522839661702852408872668780923408334758391575280867657988331810020357537753697319531227199689826250059445882789742552634155221024783892724733323440990802884739179065634229922588851122425097927766203348657331846508663184033641025777090847707388133833174885034465625145736007889489354862603311480293936997544073824032775712286340275727027502179924955711284195359412349869794739655362537576121353480029037648930483089574045650809678706502637600888838678940194000015762376974294119200511893025215966011418728422837290302996078282387188927225936807686696964428321868183637550827993373077189628155957758385942024408776993953833759749366538642318373036489987483439126084442730144500086065826318416072403765299054108293398678742392594113100108862277906370508970068488929423488230855431383803689987980258836637446832797119020426297351349998819140155911900472590089830038965432303865641724240694925941479080258893692256329037509365203235955368850892653364348148200329666506487342550392581930776666915721915095878726956494091816060532485539915086609125277505343126841406932014577679823019070798960961018861457096827970595870450482463901763709538073417823475581122334119612308583256701487551842316928951207358288856693173257396315537503553845272163788676301503762073069561280191479482694484614261019031019503842112901526198113590382434775086739493308637965030083963377747163668621058283231222716324542796762467475430713280762773001851932107232318283844565258593827403177751487421052845877086494702945733737617157592053938401657022113546062610152104670302168972354672337850655661592514556043006295963029083375769445272926425638623149497699190528085718733490042635374758465247655224390085793051541610689604873287237006671303054852529177266748033290431184296612960231104085513165489698043331036458330325174430354256945551927761726521408979537606373933847401568451497118762448427143849305746127591130032022953273741625695685566776937832490842	29797441240847192311964028853190280189674041619720799605070824129924103630349014387363218437041262128836255660367033565228906969921436065807110492954244538641922732381526988524213230765695165516684856964886402475218726787375215748391120225301433133801809602551954799399621703470614032595261603547732880205461166225506383472517669360488304292936684047002677551828409989745109425630864985134422947174036192029676553220396103130882265511904520585700060750003250408290764813305740477422359782820039739747407254492843904673997125272046292276306417333621045582187098816891641254388118615995970674429432143640587219546851245472290216391933922818852287307049811511896851490902758108182714579906084707050661444137404718752497700186533646977012126386231310469628485167472902657274048575829511420675849583871233492293848428541221683703895658880663414626906764071528467410178432304353617223441482864193285100928093077741519883221240668852955533544609985252847267621422519215919367648268592447396226122312801589022880752118604642744665731607650793670966429240278320289346701072396910943990827407366506294657734471869429577761769201815905758149439552557966791512695909540741385826452801383749837670132846076255208877441111028255639314683721896152222972659610778502167250388206319496091644576800518042282953107127735152949674642501225364311803082738998567568660973248892570776615618096826236884622139147705875370111744068017655377068065378420155582523314690391181662157396965204657300653427452578951026075409969174100785484002367366369978054855707104992275212587484962001890316546451020681387825155767535684840090161184498456650913686326193527782724619774163925103114346387425525483162648036697381503183789199926269563765652146267460321320903890419387886158011757339625457681268344009515220894001174774215110075974676343376233000316307083799044461719925728222211655315014656715253998635097114149264217955803266636218845755518503839742727947321891732600251022655687300217900397185777471342511671235833162817232567620748219743998601680823402753835588938866777404065941884855086814885280209301256533800407383095382405386078845289318705676097419895708793842103970999995513058335773269116772430758699653566016336680816984154444940724071601307615446870279892741585681823927850048246579671371241983615270479851153823455184284974861161335065270916168657724212202700430916330574347832841512981979464830219623174691143793030251752766647810647210265281339114292542021901340306153967345695953378907893040404858699038270471762345666345932104750278846395976075772878141546785023152569119050228882945932067675441665255014188928140379540408389894576735490149334797074141662978861433262125709898748261013541879320548868585594642611560393664117783304845626399747287989824667977610570989844078049750230415731127623879382909491699598719887475933093842132898488962045229518831097810874921258732540068564660170354771248148928794873204961511855333650867288886014706705027857900540991416525862780354084494593682615591963969286902623887625210085414848098510990150089214234695070472778867836557958164101436166133803543836622317883840165343935639579537404199211355504559405	2,-5,-5,-5,5,5,5,5,5,5,5,5	-6,-6,-6,5,5,5,5,5,5,5,5,5	ok
1.023023	-12.672673	-55.946150	0.406207	full	29797441240847192311964028853190280189674041619720799605070824129924103630349014387363218437041254878000809064742080050653014731436412537047651554041415874427799430157908191244386860561926414348011229507314747826145804191878840307371095613702016856900652234269589021920152395582152310662478382736417737716234896945772629640919171094397162708521836201332638201392862698838006879003459170341302606387232689235535225353383231891270218574085986182627217039549904300231786778453207827843265671500514463891487048722815502734993195020881830080027817494361075386222802112255242187769233212714940999644741580561611879275932983708253783854824310797606953097092268579955597563431367861147262763752208057462558799853144933976292987769990619944309805689979693387420062035479925990362067393879236261161892816178051350575912617148892756689521667666654720344810799324801139312018790414241242545622975333212702167928032574051213670442006142638920270877842040270616991607736651851882882143555853275968047691961745338648208261781268110773540854863723574842080162361325745064250020214216212738544712684667593190172693373642702404326538974275043190930439499208901942839964035064160433419064760051898905138152904801882597517373064221946360765765932160419510848113139771605353518497353954710013618968738404183810934100077718304628185913020410378513510017076788244500627867956667200702454599250672806198438333436897586141484546261458669353577478765291435841105892360453930916327795732299430567011986935082448281814481183902964399961712552757602742336768133385334911803266735543067013266281410411562072680980281095812579253049232873097940065551121410156098366536571435934766497477306010406368257892028685557958592922484872628876185386737771053411617684575971615697893634365086104996631437903226408206245405520160020752688717660531431423512920189111639262834858012223184827727880098257652247788784989738588663132894296848176360020638832406082537688595643969146797091709736643630399608718411194580859299475562292866489689396197995207688034909817062855304314645254902357298388721506614639525439669183979071485859487479035309912739943362513981815502631410024021735983689199261175282732754295638420910160254599592835066906165306632584022019132657182532286278768346696195853336906571149474974030031643138351160704032988524190925449652310969082794414421621320634022376503404852897456691015936384766145619137546631082467460203695246703320155879632924222841280086832568204315650931602738520278344377889101754321478400761999597324957828691967950104007175191406049450860225679281185871284155409662832476039085448287088010516474063513959099575510636772525750638374774953587794370744842644234748715959699333449900083276086225802457047113842909363747122520648909332071023114336865651119604329420147230812290609827788558159506180041557768400437092976686917721946022968948063523589785638398342218094630976664528027905954130665277537565901353014327859722678885097500061729888454733632375532955117631688269847681005247099682166347496389588420023155368283096577593499940283411353712979245338603186280456866606365578866906610467493003695660735990178838741191858663902202328824	29797441240847192311964028853190280189674041619720799605070824129924103630349014387363218437041262128836255660367033565228906969921436065807110492954244538641922732381526988524213230765695165516684856964886402475218726787375215748391120225301433133801809602551954799399621703470614032595261603547732880205461166225506383472517669360488304292936684047002677551828409989745109425630864985134422947174036192029676553220396103130882265511904520585700060750003250408290764813305740477422359782820039739747407254492843904673997125272046292276306417333621045582187098816891641254388118615995970674429432143640587219546851245472290216391933922818852287307049811511896851490902758108182714579906084707050661444137404718752497700186533646977012126386231310469628485167472902657274048575829511420675849583871233492293848428541221683703895658880663414626906764071528467410178432304353617223441482864193285100928093077741519883221240668852955533544609985252847267621422519215919367648268592447396226122312801589022880752118604642744665731607650793670966429240278320289346701072396910943990827407366506294657734471869429577761769201815905758149439552557966791512695909540741385826452801383749837670132846076255208877441111028255639314683721896152222972659610778502167250388206319496091644576800518042282953107127735152949674642501225364311803082738998567568660973248892570776615618096826236884622139147705875370111744068017655377068065378420155582523314690391181662157396965204657300653427452578951026075409969174100785484002367366369978054855707104992275212587484962001890316546451020681387825155767535684840090161184498456650913686326193527782724619774163925103114346387425525483162648036697381503183789199926269563765652146267460321320903890419387886158011757339625457681268344009515220894001174774215110075974676343376233000316307083799044461719925728222211655315014656715253998635097114149264217955803266636218845755518503839742727947321891732600251022655687300217900397185777471342511671235833162817232567620748219743998601680823402753835588938866777404065941884855086814885280209301256533800407383095382405386078845289318705676097419895708793842103970999995513058335773269116772430758699653566016336680816984154444940724071601307615446870279892741585681823927850048246579671371241983615270479851153823455184284974861161335065270916168657724212202700430916330574347832841512981979464830219623174691143793030251752766647810647210265281339114292542021901340306153967345695953378907893040404858699038270471762345666345932104750278846395976075772878141546785023152569119050228882945932067675441665255014188928140379540408389894576735490149334797074141662978861433262125709898748261013541879320548868585594642611560393664117783304845626399747287989824667977610570989844078049750230415731127623879382909491699598719887475933093842132898488962045229518831097810874921258732540068564660170354771248148928794873204961511855333650867288886014706705027857900540991416525862780354084494593682615591963969286902623887625210085414848098510990150089214234695070472778867836557958164101436166133803543836622317883840165343935639579537404199211355504559405	2,-5,-5,-5,-5,5,5,5,5,5,5,5	-6,-6,-6,5,5,5,5,5,5,5,5,5	ok
1.027027	-12.672673	-18.832428	0.386423	continued:5	29797441240847192311964028853190280189674041619720799605070824129924103630349014387363218437041262128836255660367033565228906969921436065807110492954244538641922732381526988524213230765695165516739994474690365920321938836124680349407621389174422575433515432175857440806646186534711664095048200233844655797841473677453405663250260447801631435344135993128643147796482806147876468549439715749856071249659627599475987323671827369771865221845291756903281146615711384803434295024829277842831418694839941823883831566498004267261730671018929104843904442387870484365857888189536296648098670249137264353498164544236896672831076268761190520600080121584857972539648724104485926725981306583995477145957712627015939516317459995807158397098987563805866798273465357843109707315770267392401784231126954403131562900596901554920941929800667469540731596024416446057782475494050688655549937961178871708310774758509474199344274385665327650397601172390515912454512807551418600510707134665906879279435847487037545889115906146070551888130409417242517356945216602359496984048243451821412619142457943691164845601083632128546483691663273094080913772697520179354680054649028668957946549146753511281249223840930715689293831419123065851313060999449270994502051366517732748996349002023493589746389443904928584896086009937902409399920434894710434724828196433334435922244668719645070963172539209158021792443345390080700323594367010028199659713009657377267993424553187083049959871759642950546564115043686986727275079274165803791130947745943729088287446146315142597144867697576962518223254129784798351739355151578911377639613203940250399384841939820680434397051876790501276495089591646513054726661714171433576989062336185964235076961182316552488146363555033395903677304043908711514370284735250029559691269519919326743505646203339715452115986988723790925823045352356583831855234535260853878587909308464651174272508361945024908117893783815024770824195268530734297464790111296711539271215962789594304294139398616563570814228262254397857325149984789148162523389893025921229340880761759736333671968826567838406967885860708088637161382530192885576736213370023192713196434264864250666359346844073909520688572816432562418167605773578791845218334744227697763589602264801261289422264820983997961034474652982805774130280506674747700295438268361261006069120383122079530358207181947441181282489588894804402010628341383312784341893132389871189173314315017807366385514063223036503961804890941303445489862900285874911395869725173051412664801947408159942680642332657565254503190288581994103849186150948240030193765036888948752176101465589207851350874839258547896409047728063073939598374999092463615204633630092106304297770983497908028272208744390834802516114995725001059902129158709140343412355896222382105565668589383788881128745908143686943481027079297424726546044963800868098080068324531215440831140740837054792207359973624706352784306976760066971776209608447925334636170245223234740856287289563133969371220632096921789194912603724604073406023519613248666584023407856485793744991347936820401033365852107786838267007230727414967014803640021226904239798214275791361557568918466769428	29797441240847192311964028853190280189674041619720799605070824129924103630349014387363218437041262128836255660367033565228906969921436065807110492954244538641922732381526988524213230765695165516684856964886402475218726787375215748391120225301433133801809602551954799399621703470614032595261603547732880205461166225506383472517669360488304292936684047002677551828409989745109425630864985134422947174036192029676553220396103130882265511904520585700060750003250408290764813305740477422359782820039739747407254492843904673997125272046292276306417333621045582187098816891641254388118615995970674429432143640587219546851245472290216391933922818852287307049811511896851490902758108182714579906084707050661444137404718752497700186533646977012126386231310469628485167472902657274048575829511420675849583871233492293848428541221683703895658880663414626906764071528467410178432304353617223441482864193285100928093077741519883221240668852955533544609985252847267621422519215919367648268592447396226122312801589022880752118604642744665731607650793670966429240278320289346701072396910943990827407366506294657734471869429577761769201815905758149439552557966791512695909540741385826452801383749837670132846076255208877441111028255639314683721896152222972659610778502167250388206319496091644576800518042282953107127735152949674642501225364311803082738998567568660973248892570776615618096826236884622139147705875370111744068017655377068065378420155582523314690391181662157396965204657300653427452578951026075409969174100785484002367366369978054855707104992275212587484962001890316546451020681387825155767535684840090161184498456650913686326193527782724619774163925103114346387425525483162648036697381503183789199926269563765652146267460321320903890419387886158011757339625457681268344009515220894001174774215110075974676343376233000316307083799044461719925728222211655315014656715253998635097114149264217955803266636218845755518503839742727947321891732600251022655687300217900397185777471342511671235833162817232567620748219743998601680823402753835588938866777404065941884855086814885280209301256533800407383095382405386078845289318705676097419895708793842103970999995513058335773269116772430758699653566016336680816984154444940724071601307615446870279892741585681823927850048246579671371241983615270479851153823455184284974861161335065270916168657724212202700430916330574347832841512981979464830219623174691143793030251752766647810647210265281339114292542021901340306153967345695953378907893040404858699038270471762345666345932104750278846395976075772878141546785023152569119050228882945932067675441665255014188928140379540408389894576735490149334797074141662978861433262125709898748261013541879320548868585594642611560393664117783304845626399747287989824667977610570989844078049750230415731127623879382909491699598719887475933093842132898488962045229518831097810874921258732540068564660170354771248148928794873204961511855333650867288886014706705027857900540991416525862780354084494593682615591963969286902623887625210085414848098510990150089214234695070472778867836557958164101436166133803543836622317883840165343935639579537404199211355504559405	-2,-6,-6,-6,5,5,5,5,5,5,5,5	-6,-6,-6,5,5,5,5,5,5,5,5,5	ok
1.031031	-12.672673	-46.373062	0.389217	continued:5	29797441240847192311964028853190280189674041619720799605070824129924103630349014387363218437041262128836255660367033565228906969921436065807110492954244538641922732381526988524213230765695165516739994474690365920321938836124680349407621389174422575433515432175857440806646186534711664095048200233844655797841473677453405663250260447801631435344135993128643147796482806147876468549439715749856071249659627599475987323671827369771865221845291756903281146615711384803434295024829277842831418694839941823883831566498004267261730671018929104843904442387870484365857888189536296648098670249137264353498164544236896672831076268761190520600080121584857972539648724104485926725981306583995477145957712627015939516317459995807158397098987563805866798273465357843109707315770267392401784231126954403131562900596901554920941929800667469540731596024416446057782475494050688655549937961178871708310774758509474199344274385665327650397601172390515912454512807551418600510707134665906879279435847487037545889115906146070551888130409417242517356945216602359496984048243451821412619142457943691164845601083632128546483691663273094080913772697520179354680054649028668957946549146753511281249223840930715689293831419123065851313060999449270994502051366517732748996349002023493589746389443904928584896086009937902409399920434894710434724828196433334435922244668719645070963172539209158021792443345390080700323594367010028199659713009657377267993424553187083049959871759642950546564115043686986727275079274165803791130947745943729088287446146315142597144867697576962518223254129784798351739355151578911377639613203940250399384841939820680434397051876790501276495089591646513054726661714171433576989062336185964235076961182316552488146363555033395903677304043908711514370284735250029559691269519919326743505646203339715452115986988723790925823045352356583831855234535260853878587909308464651174272508361945024908117893783815024770824195268530734297464790111296711539271215962789594304294139398616563570814228262254397857325149984789148162523389893025921229340880761759736333671968826567838406967885860708088637161382530192885576736213370023192713196434264864250666359346844073909520688572816432562418167605773578791845218334744227697763589602264801261289422264820983997961034474652982805774130280506674747700295438268361261006069120383122079530358207181947441181282489588894804402010628341383312784341893132389871189173314315017807366385514063223036503961804890941303445489862900285874911395869725173051412664801947408159942680642332657565254503190288581994103849186150948240030193765036888948752176101465589207851350874839258547896409047728063073939598374999092463615204633630092106304297770983497908028272208744390834802516114995725001059902129158709140343412355896222382105565668589383788881128745908143686943481027079297424726546044963800868098080068324531215440831140740837054792207359973624706352784306976760066971776209608447925334636170245223234740856287289563133969371220632096921789194912603724604073406023519613248666584023407856485793744991347936820401033365852107786838267007230727414967014803640021226904239798214275791361557568918466769428	29797441240847192311964028853190280189674041619720799605070824129924103630349014387363218437041262128836255660367033565228906969921436065807110492954244538641922732381526988524213230765695165516684856964886402475218726787375215748391120225301433133801809602551954799399621703470614032595261603547732880205461166225506383472517669360488304292936684047002677551828409989745109425630864985134422947174036192029676553220396103130882265511904520585700060750003250408290764813305740477422359782820039739747407254492843904673997125272046292276306417333621045582187098816891641254388118615995970674429432143640587219546851245472290216391933922818852287307049811511896851490902758108182714579906084707050661444137404718752497700186533646977012126386231310469628485167472902657274048575829511420675849583871233492293848428541221683703895658880663414626906764071528467410178432304353617223441482864193285100928093077741519883221240668852955533544609985252847267621422519215919367648268592447396226122312801589022880752118604642744665731607650793670966429240278320289346701072396910943990827407366506294657734471869429577761769201815905758149439552557966791512695909540741385826452801383749837670132846076255208877441111028255639314683721896152222972659610778502167250388206319496091644576800518042282953107127735152949674642501225364311803082738998567568660973248892570776615618096826236884622139147705875370111744068017655377068065378420155582523314690391181662157396965204657300653427452578951026075409969174100785484002367366369978054855707104992275212587484962001890316546451020681387825155767535684840090161184498456650913686326193527782724619774163925103114346387425525483162648036697381503183789199926269563765652146267460321320903890419387886158011757339625457681268344009515220894001174774215110075974676343376233000316307083799044461719925728222211655315014656715253998635097114149264217955803266636218845755518503839742727947321891732600251022655687300217900397185777471342511671235833162817232567620748219743998601680823402753835588938866777404065941884855086814885280209301256533800407383095382405386078845289318705676097419895708793842103970999995513058335773269116772430758699653566016336680816984154444940724071601307615446870279892741585681823927850048246579671371241983615270479851153823455184284974861161335065270916168657724212202700430916330574347832841512981979464830219623174691143793030251752766647810647210265281339114292542021901340306153967345695953378907893040404858699038270471762345666345932104750278846395976075772878141546785023152569119050228882945932067675441665255014188928140379540408389894576735490149334797074141662978861433262125709898748261013541879320548868585594642611560393664117783304845626399747287989824667977610570989844078049750230415731127623879382909491699598719887475933093842132898488962045229518831097810874921258732540068564660170354771248148928794873204961511855333650867288886014706705027857900540991416525862780354084494593682615591963969286902623887625210085414848098510990150089214234695070472778867836557958164101436166133803543836622317883840165343935639579537404199211355504559405	-2,-6,-6,-6,5,5,5,5,5,5,5,5	-6,-6,-6,5,5,5,5,5,5,5,5,5	ok
1.035035	-12.672673	-50.293402	0.389590	continued:5	29797441240847192311964028853190280189674041619720799605070824129924103630349014387363218437041262128836255660367033565228906969921436065807110492954244538641922732381526988524213230765695165516739994474690365920321938836124680349407621389174422575433515432175857440806646186534711664095048200233844655797841473677453405663250260447801631435344135993128643147796482806147876468549439715749856071249659627599475987323671827369771865221845291756903281146615711384803434295024829277842831418694839941823883831566498004267261730671018929104843904442387870484365857888189536296648098670249137264353498164544236896672831076268761190520600080121584857972539648724104485926725981306583995477145957712627015939516317459995807158397098987563805866798273465357843109707315770267392401784231126954403131562900596901554920941929800667469540731596024416446057782475494050688655549937961178871708310774758509474199344274385665327650397601172390515912454512807551418600510707134665906879279435847487037545889115906146070551888130409417242517356945216602359496984048243451821412619142457943691164845601083632128546483691663273094080913772697520179354680054649028668957946549146753511281249223840930715689293831419123065851313060999449270994502051366517732748996349002023493589746389443904928584896086009937902409399920434894710434724828196433334435922244668719645070963172539209158021792443345390080700323594367010028199659713009657377267993424553187083049959871759642950546564115043686986727275079274165803791130947745943729088287446146315142597144867697576962518223254129784798352227596413586515092312600443544647088078963307588923763636270954682141162217889953313809670031390986549607323729776543960584738185340384283123633257672835492121369841702679003714621452511211488132879741846931541965183383174837080362231598519353499614715385644344696173540416779531065434514717344159270458185322190319002918880258798254585345793021680011380250162900736886694238160674778981671586382208590845498820890423879819056887601109365751288169363031295963144711437811826340557432543810457055113118374314559725013652447420706746641436778696524352787229829152569711848155287193266851071686745685042687177962542028756361060869980631274911665606915825007767093996814283157425089768909349591853180534020417877983831190934567547174451197027036328545009959409946568673189931891319140937683057466613144960188029307056843699539503135152185374427537954913055660224161914893302003539102496278970623526635768611491194218105289433947847410751650163321463340207577290361653284295849315999533959606886633457085563974953571689595287416222208201363712344572181242588061645200339451253286932525102910907083689274126797791574829676094911935693125515417479693245700545586849632114793883489894020589182643866659862269879522861085274501240188470144503049261976403001533674881602511292873745561199354906195581127298495235690714135319826928323334069849570106748106926807217065592924536332009850126335061121352445624550266729775884694105739726308839115329994490671173218127425760715447686495957442938227080980437674949283143843006920551744113229740734747747362441070220744173404608273321	29797441240847192311964028853190280189674041619720799605070824129924103630349014387363218437041262128836255660367033565228906969921436065807110492954244538641922732381526988524213230765695165516684856964886402475218726787375215748391120225301433133801809602551954799399621703470614032595261603547732880205461166225506383472517669360488304292936684047002677551828409989745109425630864985134422947174036192029676553220396103130882265511904520585700060750003250408290764813305740477422359782820039739747407254492843904673997125272046292276306417333621045582187098816891641254388118615995970674429432143640587219546851245472290216391933922818852287307049811511896851490902758108182714579906084707050661444137404718752497700186533646977012126386231310469628485167472902657274048575829511420675849583871233492293848428541221683703895658880663414626906764071528467410178432304353617223441482864193285100928093077741519883221240668852955533544609985252847267621422519215919367648268592447396226122312801589022880752118604642744665731607650793670966429240278320289346701072396910943990827407366506294657734471869429577761769201815905758149439552557966791512695909540741385826452801383749837670132846076255208877441111028255639314683721896152222972659610778502167250388206319496091644576800518042282953107127735152949674642501225364311803082738998567568660973248892570776615618096826236884622139147705875370111744068017655377068065378420155582523314690391181662157396965204657300653427452578951026075409969174100785484002367366369978054855707104992275212587484962001890316546451020681387825155767535684840090161184498456650913686326193527782724619774163925103114346387425525483162648036697381503183789199926269563765652146267460321320903890419387886158011757339625457681268344009515220894001174774215110075974676343376233000316307083799044461719925728222211655315014656715253998635097114149264217955803266636218845755518503839742727947321891732600251022655687300217900397185777471342511671235833162817232567620748219743998601680823402753835588938866777404065941884855086814885280209301256533800407383095382405386078845289318705676097419895708793842103970999995513058335773269116772430758699653566016336680816984154444940724071601307615446870279892741585681823927850048246579671371241983615270479851153823455184284974861161335065270916168657724212202700430916330574347832841512981979464830219623174691143793030251752766647810647210265281339114292542021901340306153967345695953378907893040404858699038270471762345666345932104750278846395976075772878141546785023152569119050228882945932067675441665255014188928140379540408389894576735490149334797074141662978861433262125709898748261013541879320548868585594642611560393664117783304845626399747287989824667977610570989844078049750230415731127623879382909491699598719887475933093842132898488962045229518831097810874921258732540068564660170354771248148928794873204961511855333650867288886014706705027857900540991416525862780354084494593682615591963969286902623887625210085414848098510990150089214234695070472778867836557958164101436166133803543836622317883840165343935639579537404199211355504559405	-3,-6,-6,-6,5,5,5,5,5,5,5,5	-6,-6,-6,5,5,5,5,5,5,5,5,5	ok
1.039039	-12.672673	-52.713254	0.392384	continued:5	29797441240847192311964028853190280189674041619720799605070824129924103630349014387363218437041262128836255660367033565228906969921436065807110492954244538641922732381526988524213230765695165516684856964886402475218726787375215748391120225301433133801809602551954799399621703470614032595261603547732880205461166225506383472517669360488304292936684047002677551828409989745109425630864985134422947174036192029676553220396103130882265511904520585700060750003250408290764813305740477422359782820039739747407254492843904673997125272046292276306417333621045582187098816891641254388118615995970674429432143640587219546851245472290216391933922818852287307049811511896851490902758108182714579906084707050661444137404718752497700186533646977012126386231310469628485167472902657274048575829511420675849583871233492293848428541221683703895658880663414626906764071528467410178432304353617223441482864193285100928093077741519883221240668852955533544609985252847267621422519215919367648268592447396226122312801589022880752118604642744665731607650793670966429240278320289346701072396910943990827407366506294657734471869429577761769201815905758149439552557966791512695909540741385826452801383749837670132846076255208877441111028255639314683721896152222972659610778502167250388206319496091644576800518042282953107127735152949674642501225364311803082738998567568660973248892570776615618096826236884622139147705875370111744068017655377068065378420155582523314690391181662157396965204657300653427452578951026075409969174100785484002367366369978054855707104992275212587484962001890316544986296895365014011748573966026900095102134353346183698608536294107804962605762840101224500473237708348641407814554758179322279874788663664052216812339618945144505397223482601148690510660196743372663362700457853720123242574204493644316109048564406635298155512993540879586719742758271487604112182256738577165749281598076196331714942131113745988468896653365552046670625793977952111870552105626065555257783763246915130597022601351684519482589362900854694439954474714917778800393548284822291234450691377529287009703045679171132981670212423321868144548612660269313140514108344712314412075549652743734356565454272299767430963941342873443653789420520002400308726966460423831965162571084095619767446380266216839124815364903437721317014317338337058729561615264215703840338102278427789201000849354931940257298928842569719292027311269722201542266784673818540595057191267412490551219062116501374891936166146167623074251424945668570289335865802723990378237903528320395000294460089386640794505508906141570382739537954738187134424433912393953363672632843434159677465173962556187101541283143189128333343598400885656194501465129903849914039455223131646299267206519264377814229565014384084190393746894175841468225506590187073269127213525204020677793294682807207741802899848844418473544664682190667855040834130424113377701762664235945121814667285304352314198895055472097063163999496626876988128690449401260156787357342110343662547700333763437773159861494855707414046859072560424286883174913956399295506555892944113650333432823906265594584763002824858245916660888975417528114150899817960	29797441240847192311964028853190280189674041619720799605070824129924103630349014387363218437041262128836255660367033565228906969921436065807110492954244538641922732381526988524213230765695165516684856964886402475218726787375215748391120225301433133801809602551954799399621703470614032595261603547732880205461166225506383472517669360488304292936684047002677551828409989745109425630864985134422947174036192029676553220396103130882265511904520585700060750003250408290764813305740477422359782820039739747407254492843904673997125272046292276306417333621045582187098816891641254388118615995970674429432143640587219546851245472290216391933922818852287307049811511896851490902758108182714579906084707050661444137404718752497700186533646977012126386231310469628485167472902657274048575829511420675849583871233492293848428541221683703895658880663414626906764071528467410178432304353617223441482864193285100928093077741519883221240668852955533544609985252847267621422519215919367648268592447396226122312801589022880752118604642744665731607650793670966429240278320289346701072396910943990827407366506294657734471869429577761769201815905758149439552557966791512695909540741385826452801383749837670132846076255208877441111028255639314683721896152222972659610778502167250388206319496091644576800518042282953107127735152949674642501225364311803082738998567568660973248892570776615618096826236884622139147705875370111744068017655377068065378420155582523314690391181662157396965204657300653427452578951026075409969174100785484002367366369978054855707104992275212587484962001890316546451020681387825155767535684840090161184498456650913686326193527782724619774163925103114346387425525483162648036697381503183789199926269563765652146267460321320903890419387886158011757339625457681268344009515220894001174774215110075974676343376233000316307083799044461719925728222211655315014656715253998635097114149264217955803266636218845755518503839742727947321891732600251022655687300217900397185777471342511671235833162817232567620748219743998601680823402753835588938866777404065941884855086814885280209301256533800407383095382405386078845289318705676097419895708793842103970999995513058335773269116772430758699653566016336680816984154444940724071601307615446870279892741585681823927850048246579671371241983615270479851153823455184284974861161335065270916168657724212202700430916330574347832841512981979464830219623174691143793030251752766647810647210265281339114292542021901340306153967345695953378907893040404858699038270471762345666345932104750278846395976075772878141546785023152569119050228882945932067675441665255014188928140379540408389894576735490149334797074141662978861433262125709898748261013541879320548868585594642611560393664117783304845626399747287989824667977610570989844078049750230415731127623879382909491699598719887475933093842132898488962045229518831097810874921258732540068564660170354771248148928794873204961511855333650867288886014706705027857900540991416525862780354084494593682615591963969286902623887625210085414848098510990150089214234695070472778867836557958164101436166133803543836622317883840165343935639579537404199211355504559405	-3,-6,-6,5,5,5,5,5,5,5,5,5	-6,-6,-6,5,5,5,5,5,5,5,5,5	ok
1.043043	-12.672673	-54.210591	0.395177	continued:5	29797441240847192311964028853190280189674041619720799605070824129924103630349014387363218437041262128836255660367033565228906969921436065807110492954244538641922732381526988524213230765695165516684856964886402475218726787375215748391120225301433133801809602551954799399621703470614032595261603547732880205461166225506383472517669360488304292936684047002677551828409989745109425630864985134416570483495028535097538525962819715706453278578056276781997658621821330623661439735037198469982874980353282521543069959364804122626389538391283710117759012920542190446628568269535485120906902702054290158140837938102629797883544586003735080140767802541056613215533165923427360817084903885101038661329655704061613434516352085161782006860284716509839924228309376088170740553115806220734141302649848057010058913693667459286835607211129246633087358315863204490737630361736531172516441701350353989780844469604679326961211342427047892996344090028808147916171706518889485060629487737417917569767213496185589810977631686161593663266872708183305924891421716519836703659212884206754774705296603977160595587057551946392243523306131003376817168847344668193734612715320449809071341032253817577093207483930220945124667599152474307313066288132598337858614967222060190098955400369833539728841815639323595546756206693047251103075382837527829820663088922381252193091723767612410835446041002371833244855823858875455973221693803924258499763326053205682414512096667270504543905693204277613951276144204402168422635613346089666241936344317839882762737246424381784741408159245368710128847124504748050503990781578764654952474606245487855709595539854347610025507672219867684075552108204020693002392797889951477922785294312425920409366840810613018774876035748947379126660344457923252911827963127050021684207491337122395166780647517198338054767054442830301426205055903496259126862605237461976535076098361397823326293402766043365501433603630557342200025311413646849469234032797183111462861504199013456412011237770868264340994109716529640416837224889583615851124891019011469211713408349279357454776504261682254599836296540677490414109971322704682648733858505710837948572489470743258918957985499447890480082719124734380717079913908027937921038192208772571802079613448093696186733643290284870878794124360980883995900352900169251996630745408968647196739083264462897694864636367981485763873831510074976212279157827568788748587208370309400277301513089418026501765935875688452475036335026926035984960464181697274556613221792458622338022538497456852545560958161633631393846791355693736324319823254493130493254534323699909944897503934906464549927864564116780764548724526005167288450207785182052845344488503149127553784912040092721239672966494161951435228870510203666458503407381527800202537379296899084196749484248017397623225360741557400356939447786030212738157097386153120302032851798323144081850357605420034876762332505768871767157279014091641205177376396947992882728922995266027851166827789653411295075675561410671580097156184523046122900782989756625456112627833322130591146902407883006284348590074036026446197103992744951409686477908471095192610419082790255192110341133645545	29797441240847192311964028853190280189674041619720799605070824129924103630349014387363218437041262128836255660367033565228906969921436065807110492954244538641922732381526988524213230765695165516684856964886402475218726787375215748391120225301433133801809602551954799399621703470614032595261603547732880205461166225506383472517669360488304292936684047002677551828409989745109425630864985134422947174036192029676553220396103130882265511904520585700060750003250408290764813305740477422359782820039739747407254492843904673997125272046292276306417333621045582187098816891641254388118615995970674429432143640587219546851245472290216391933922818852287307049811511896851490902758108182714579906084707050661444137404718752497700186533646977012126386231310469628485167472902657274048575829511420675849583871233492293848428541221683703895658880663414626906764071528467410178432304353617223441482864193285100928093077741519883221240668852955533544609985252847267621422519215919367648268592447396226122312801589022880752118604642744665731607650793670966429240278320289346701072396910943990827407366506294657734471869429577761769201815905758149439552557966791512695909540741385826452801383749837670132846076255208877441111028255639314683721896152222972659610778502167250388206319496091644576800518042282953107127735152949674642501225364311803082738998567568660973248892570776615618096826236884622139147705875370111744068017655377068065378420155582523314690391181662157396965204657300653427452578951026075409969174100785484002367366369978054855707104992275212587484962001890316546451020681387825155767535684840090161184498456650913686326193527782724619774163925103114346387425525483162648036697381503183789199926269563765652146267460321320903890419387886158011757339625457681268344009515220894001174774215110075974676343376233000316307083799044461719925728222211655315014656715253998635097114149264217955803266636218845755518503839742727947321891732600251022655687300217900397185777471342511671235833162817232567620748219743998601680823402753835588938866777404065941884855086814885280209301256533800407383095382405386078845289318705676097419895708793842103970999995513058335773269116772430758699653566016336680816984154444940724071601307615446870279892741585681823927850048246579671371241983615270479851153823455184284974861161335065270916168657724212202700430916330574347832841512981979464830219623174691143793030251752766647810647210265281339114292542021901340306153967345695953378907893040404858699038270471762345666345932104750278846395976075772878141546785023152569119050228882945932067675441665255014188928140379540408389894576735490149334797074141662978861433262125709898748261013541879320548868585594642611560393664117783304845626399747287989824667977610570989844078049750230415731127623879382909491699598719887475933093842132898488962045229518831097810874921258732540068564660170354771248148928794873204961511855333650867288886014706705027857900540991416525862780354084494593682615591963969286902623887625210085414848098510990150089214234695070472778867836557958164101436166133803543836622317883840165343935639579537404199211355504559405	-3,5,5,5,5,5,5,5,5,5,5,5	-6,-6,-6,5,5,5,5,5,5,5,5,5	ok
1.047047	-12.672673	-55.051198	0.397970	continued:5	29797441240847192311964028853190280189674041619720799605070824129924103630349014387363218437041262128836255660367033565228906969921436065807110492954244538641922732381526988524213230765695165516684856964886402475218726787375215748391120225301433133801809602551954799399621703470614032595261603547732880205461166225506383472517669360488304292936684047002677551828409989745109425630864985134410193792953865040518523831529536300530641045251591967863934567240392252956558066164333919517605967140666825295678885425885703571255653804736275143929100692220038798706158319647429715853695189408137905886849532235618040048915843699717253768347612786229825919381254819950003230731411699587487497416574604357461782731627985417825863827186922456007553462225308282547856313633328955167419706775789469480611559738007413659668099782369121054590863861144238738959096672747737279409735626906209769372241309584913238418046885958531887025083628995414392263108247031801394472881212143143290264995601672765057255835010141684178851946852334816222471921330954532441368628013762954560274614035782030976878003106108119474895930869390230978001142747859294010451401389041610021396389202458667172133077048283131957393284404046055072840862552476804960590773588035550160518779771015300113988794745430447108388763936036391554818686310698826823745046645932777118000501528571302258842157120161592246825458076945448272280842797248906300044479518696641734693324181489212265813457170004955770760887235939038192760808987404067123321869173971757838442893034607825588593403361554127149250118875505486731855389881312302021314586801752443102562420845298593045820215416483876367261765869024011338903359576305478047780926556584048963861200183867567601303247221548480110020981143029769747926075803372570120333585805531198391871152279813007335153062249483102836515422568403505815959805861171216634481873559019905057015881931966370515472760990861760449130544475584668638126983543558178492389278223157866575465788000254954412669940349925513470260791800135217828027121172709478448354808741537263473620745270691722946284598271459082230944221945247298296367395314064262391180747729823954714716974904700199579655164683315493494812586704947937986129880402560862285119738993529594532189747868467875557431478975227421627757436141668477083925127258152818918043348018650406887502576138054452949515612386794260308411345362230714080203570533386861607568718109644825464593542156087093939528484357283026866240512125053450239951500328630887893815665246979084253872196501397211038695738485121383287320757828117097957076612480668904175015384117767491278189854647214948242525598221055383633980388398810798496355390032137011478501536472095033121598874414751417666615255268913842610745010804791902839391489351076311471280379736366928979294072758171794748084200764004077911919946971582713815708552472829776707766869631246495860250900984659528551511127897037760784566145041720609014671015305399650108419545463999225127384898578864723611429500094544053789524766797326898908018582362356826144837009034416662280400963168948792143475506880753586168860965659576537399270717347561402041820132826706579789784	29797441240847192311964028853190280189674041619720799605070824129924103630349014387363218437041262128836255660367033565228906969921436065807110492954244538641922732381526988524213230765695165516684856964886402475218726787375215748391120225301433133801809602551954799399621703470614032595261603547732880205461166225506383472517669360488304292936684047002677551828409989745109425630864985134422947174036192029676553220396103130882265511904520585700060750003250408290764813305740477422359782820039739747407254492843904673997125272046292276306417333621045582187098816891641254388118615995970674429432143640587219546851245472290216391933922818852287307049811511896851490902758108182714579906084707050661444137404718752497700186533646977012126386231310469628485167472902657274048575829511420675849583871233492293848428541221683703895658880663414626906764071528467410178432304353617223441482864193285100928093077741519883221240668852955533544609985252847267621422519215919367648268592447396226122312801589022880752118604642744665731607650793670966429240278320289346701072396910943990827407366506294657734471869429577761769201815905758149439552557966791512695909540741385826452801383749837670132846076255208877441111028255639314683721896152222972659610778502167250388206319496091644576800518042282953107127735152949674642501225364311803082738998567568660973248892570776615618096826236884622139147705875370111744068017655377068065378420155582523314690391181662157396965204657300653427452578951026075409969174100785484002367366369978054855707104992275212587484962001890316546451020681387825155767535684840090161184498456650913686326193527782724619774163925103114346387425525483162648036697381503183789199926269563765652146267460321320903890419387886158011757339625457681268344009515220894001174774215110075974676343376233000316307083799044461719925728222211655315014656715253998635097114149264217955803266636218845755518503839742727947321891732600251022655687300217900397185777471342511671235833162817232567620748219743998601680823402753835588938866777404065941884855086814885280209301256533800407383095382405386078845289318705676097419895708793842103970999995513058335773269116772430758699653566016336680816984154444940724071601307615446870279892741585681823927850048246579671371241983615270479851153823455184284974861161335065270916168657724212202700430916330574347832841512981979464830219623174691143793030251752766647810647210265281339114292542021901340306153967345695953378907893040404858699038270471762345666345932104750278846395976075772878141546785023152569119050228882945932067675441665255014188928140379540408389894576735490149334797074141662978861433262125709898748261013541879320548868585594642611560393664117783304845626399747287989824667977610570989844078049750230415731127623879382909491699598719887475933093842132898488962045229518831097810874921258732540068564660170354771248148928794873204961511855333650867288886014706705027857900540991416525862780354084494593682615591963969286902623887625210085414848098510990150089214234695070472778867836557958164101436166133803543836622317883840165343935639579537404199211355504559405	3,-5,-5,5,5,5,5,5,5,5,5,5	-6,-6,-6,5,5,5,5,5,5,5,5,5	ok
1.051051	-12.672673	-55.534620	0.400764	continued:5	29797441240847192311964028853190280189674041619720799605070824129924103630349014387363218437041254878000809064742080050653014731436412537047651554041415874427799430157908191244386860561926414348011229507314747826145804191878840307371095613702016856900652234269589021920152395582152310662478382736417737716234896945772629640919171094397162708521836201332638201392862698838006879003459170341302606387232689235535225353383231891270218574085986182627217039549904300231786778453207827843265671500514463891487048722815502734993195020881830080027817494361075386222802112255242187769233212714940999644741580561611879275932983708253783854824310797606953097092268579955597563431367861147262763752208057462558799853144933976292987769990619944309805689979693387420062035479925990362067393879236261161892816178051350575912617148892756689521667666654720344810799324801139312018790414241242545622975333212702167928032574051213670442006142638920270877842040270616991607736651851882882143555853275968047691961745338648208261781268110773540854863723574842080162361325745064250020214216212738544712684667593190172693373642702404326538974275043190930439499208901942839964035064160433419064760051898905138152904801882597517373064221946360765765932160419510848113139771605353518497353954710013618968738404183810934100077718304628185913020410378513510017076788244500627867956667200702454599250672806198438333436897586141484546261458669353577478765291435841105892360453930916327795732299430567011986935082448281814481183902964399961712552757602742336768133385334911803266735543067013266281654532193076482837617589432381451393579933781824187215741019695044186479432836115600145784958375012855490330643371641462810327244680294614541242255983721985091967807130000973347846537861432333135161716469485931581162372715936442503248909169818325355755786420924308451623995430058294728700721562319697514267362807829869305100640856422316703144159167442531505773800925851149202611403535331635211346770527223260994048218307156276300461892573938239245819140729523249484598037224345424456951569546273642460650691274232433755079347384758347541264582167039367221380348417640209056493491772827022997656919013181549627578488123593494960931413394690429136798119697830633075071922210694626284687580884220376353041380059928084125287626356933079468245110288001638007803824889544119770747158474422332421715059023044277092193937141107249991079056316677448096139090351217951741946217573124601575873036452491698615127751667806025712597595127849521135268488581805516841483593190626535789253075899891308476153500239535044133452964739208133304388045380705321609856340435183898995809910399315902775506367087548282644106494526420024066490262054819779770649923728985129987213617163527598356628593510661048543605160877435785880683802501351192353591016759607499106651248270416955396983082775133609499636630962788584337075959978653561756531649074685762739635694030803530968752714014325975506464221170915240482635930426046818910706915322737172090884210152387159750357426142009891811742420085303162240158419498060362751053336002412783248792079137411608549421316084136443302090615184392195010736	29797441240847192311964028853190280189674041619720799605070824129924103630349014387363218437041262128836255660367033565228906969921436065807110492954244538641922732381526988524213230765695165516684856964886402475218726787375215748391120225301433133801809602551954799399621703470614032595261603547732880205461166225506383472517669360488304292936684047002677551828409989745109425630864985134422947174036192029676553220396103130882265511904520585700060750003250408290764813305740477422359782820039739747407254492843904673997125272046292276306417333621045582187098816891641254388118615995970674429432143640587219546851245472290216391933922818852287307049811511896851490902758108182714579906084707050661444137404718752497700186533646977012126386231310469628485167472902657274048575829511420675849583871233492293848428541221683703895658880663414626906764071528467410178432304353617223441482864193285100928093077741519883221240668852955533544609985252847267621422519215919367648268592447396226122312801589022880752118604642744665731607650793670966429240278320289346701072396910943990827407366506294657734471869429577761769201815905758149439552557966791512695909540741385826452801383749837670132846076255208877441111028255639314683721896152222972659610778502167250388206319496091644576800518042282953107127735152949674642501225364311803082738998567568660973248892570776615618096826236884622139147705875370111744068017655377068065378420155582523314690391181662157396965204657300653427452578951026075409969174100785484002367366369978054855707104992275212587484962001890316546451020681387825155767535684840090161184498456650913686326193527782724619774163925103114346387425525483162648036697381503183789199926269563765652146267460321320903890419387886158011757339625457681268344009515220894001174774215110075974676343376233000316307083799044461719925728222211655315014656715253998635097114149264217955803266636218845755518503839742727947321891732600251022655687300217900397185777471342511671235833162817232567620748219743998601680823402753835588938866777404065941884855086814885280209301256533800407383095382405386078845289318705676097419895708793842103970999995513058335773269116772430758699653566016336680816984154444940724071601307615446870279892741585681823927850048246579671371241983615270479851153823455184284974861161335065270916168657724212202700430916330574347832841512981979464830219623174691143793030251752766647810647210265281339114292542021901340306153967345695953378907893040404858699038270471762345666345932104750278846395976075772878141546785023152569119050228882945932067675441665255014188928140379540408389894576735490149334797074141662978861433262125709898748261013541879320548868585594642611560393664117783304845626399747287989824667977610570989844078049750230415731127623879382909491699598719887475933093842132898488962045229518831097810874921258732540068564660170354771248148928794873204961511855333650867288886014706705027857900540991416525862780354084494593682615591963969286902623887625210085414848098510990150089214234695070472778867836557958164101436166133803543836622317883840165343935639579537404199211355504559405	-3,-5,-5,-5,-5,5,5,5,5,5,5,5	-6,-6,-6,5,5,5,5,5,5,5,5,5	ok
1.055055	-12.672673	-55.820714	0.403557	continued:5	29797441240847192311964028853190280189674041619720799605070824129924103630349014387363218437041254878000809064742080050653014731436412537047651554041415874427799430157908191244386860561926414348011229507314747826145804191878840307371095613702016856900652234269589021920152395582152310662478382736417737716234896945772629640919171094397162708521836201332638201392862698838006879003459170341302606387232689235535225353383231891270218574085986182627217039549904300231786778453207827843265671500514463891487048722815502734993195020881830080027817494361075386222802112255242187769233212714940999644741580561611879275932983708253783854824310797606953097092268579955597563431367861147262763752208057462558799853144933976292987769990619944309805689979693387420062035479925990362067393879236261161892816178051350575912617148892756689521667666654720344810799324801139312018790414241242545622975333212702167928032574051213670442006142638920270877842040270616991607736651851882882143555853275968047691961745338648208261781268110773540854863723574842080162361325745064250020214216212738544712684667593190172693373642702404326538974275043190930439499208901942839964035064160433419064760051898905138152904801882597517373064221946360765765932160419510848113139771605353518497353954710013618968738404183810934100077718304628185913020410378513510017076788244500627867956667200702454599250672806198438333436897586141484546261458669353577478765291435841105892360453930916327795732299430567011986935082448281814481183902964399961712552757602742336768133385334911803266735543067013266281410411562072680980281095812579253049232873097940065551121410156098366536571435934766497477306010406368257892028685557958592922484872628876185386737771053411617684575971615697893634365086104996631437903226408206245405520160020752688717660531431423512920189111639262834858012223184827727880098257652247788784989738588663132894296848176360020638832406082537688595643969146797091709736643630399608718411194580859299475562292866489689396197995207688034909817062855304314645254902357298388721506614639525439669183979071485859487479035309912739943362513981815502631410024021735983689199261175282732754295638420910160254599592835066906165306632584022019132657182532286278768346696195853336906571149474974030031643138351160704032988524190925449652310969082794414421621320634022376503404852897456691015936384766145619137546631082467460203695246703320155879632924222841280086832568204315650931602738520278344377889101754321478400761999597324957828691967950104007175191406049450860225679281185871284155409662832476039085448287088010516474063513959099575510636772525750638374774953587794370744842644234748715959699333449900083276086225802457047113842909363747122520648909332071023114336865651119604329420147230812290609827788558159506180041557768400437092976686917721946022968948063523589785638398342218094630976664528027905954130665277537565901353014327859722678885097500061729888454733632375532955117631688269847681005247099682166347496389588420023155368283096577593499940283411353712979245338603186280456866606365578866906610467493003695660735990178838741191858663902202328824	29797441240847192311964028853190280189674041619720799605070824129924103630349014387363218437041262128836255660367033565228906969921436065807110492954244538641922732381526988524213230765695165516684856964886402475218726787375215748391120225301433133801809602551954799399621703470614032595261603547732880205461166225506383472517669360488304292936684047002677551828409989745109425630864985134422947174036192029676553220396103130882265511904520585700060750003250408290764813305740477422359782820039739747407254492843904673997125272046292276306417333621045582187098816891641254388118615995970674429432143640587219546851245472290216391933922818852287307049811511896851490902758108182714579906084707050661444137404718752497700186533646977012126386231310469628485167472902657274048575829511420675849583871233492293848428541221683703895658880663414626906764071528467410178432304353617223441482864193285100928093077741519883221240668852955533544609985252847267621422519215919367648268592447396226122312801589022880752118604642744665731607650793670966429240278320289346701072396910943990827407366506294657734471869429577761769201815905758149439552557966791512695909540741385826452801383749837670132846076255208877441111028255639314683721896152222972659610778502167250388206319496091644576800518042282953107127735152949674642501225364311803082738998567568660973248892570776615618096826236884622139147705875370111744068017655377068065378420155582523314690391181662157396965204657300653427452578951026075409969174100785484002367366369978054855707104992275212587484962001890316546451020681387825155767535684840090161184498456650913686326193527782724619774163925103114346387425525483162648036697381503183789199926269563765652146267460321320903890419387886158011757339625457681268344009515220894001174774215110075974676343376233000316307083799044461719925728222211655315014656715253998635097114149264217955803266636218845755518503839742727947321891732600251022655687300217900397185777471342511671235833162817232567620748219743998601680823402753835588938866777404065941884855086814885280209301256533800407383095382405386078845289318705676097419895708793842103970999995513058335773269116772430758699653566016336680816984154444940724071601307615446870279892741585681823927850048246579671371241983615270479851153823455184284974861161335065270916168657724212202700430916330574347832841512981979464830219623174691143793030251752766647810647210265281339114292542021901340306153967345695953378907893040404858699038270471762345666345932104750278846395976075772878141546785023152569119050228882945932067675441665255014188928140379540408389894576735490149334797074141662978861433262125709898748261013541879320548868585594642611560393664117783304845626399747287989824667977610570989844078049750230415731127623879382909491699598719887475933093842132898488962045229518831097810874921258732540068564660170354771248148928794873204961511855333650867288886014706705027857900540991416525862780354084494593682615591963969286902623887625210085414848098510990150089214234695070472778867836557958164101436166133803543836622317883840165343935639579537404199211355504559405	2,-5,-5,-5,-5,5,5,5,5,5,5,5	-6,-6,-6,5,5,5,5,5,5,5,5,5	ok
1.059059	-12.672673	-55.982153	0.403183	full	29797441240847192311964028853190280189674041619720799605070824129924103630349014387363218437041254878000809064742080050653014731436412537047651554041415874427799430157908191244386860561926414348011229507314747826145804191878840307371095613702016856900652234269589021920152395582152310662478382736417737716234896945772629640919171094397162708521836201332638201392862698838006879003459170341302606387232689235535225353383231891270218574085986182627217039549904300231786778453207827843265671500514463891487048722815502734993195020881830080027817494361075386222802112255242187769233212714940999644741580561611879275932983708253783854824310797606953097092268579955597563431367861147262763752208057462558799853144933976292987769990619944309805689979693387420062035479925990362067393879236261161892816178051350575912617148892756689521667666654720344810799324801139312018790414241242545622975333212702167928032574051213670442006142638920270877842040270616991607736651851882882143555853275968047691961745338648208261781268110773540854863723574842080162361325745064250020214216212738544712684667593190172693373642702404326538974275043190930439499208901942839964035064160433419064760051898905138152904801882597517373064221946360765765932160419510848113139771605353518497353954710013618968738404183810934100077718304628185913020410378513510017076788244500627867956667200702454599250672806198438333436897586141484546261458669353577478765291435841105892360453930916327795732299430567011986935082448281814481183902964399961712552757602742336768133385334911803266735543067013266281410411562072680980281095812579253049232873097940065551121410156098366536571435934766497477306010406368257892028685557958592922484872628876185386737771053411617684575971615697893634365086104996631437903226408206245405520160020752688717660531431423512920189111639262834858012223184827727880098257652247788784989738588663132894296848176360020638832406082537688595643969146797091709736643630399608718411194580859299475562292866489689396197995207688034909817062855304314645254902357298388721506614639525439669183979071485859487479035309912739943362513981815502631410024021735983689199261175282732754295638420910160254599592835066906165306632584022019132657182532286278768346696195853336906571149474974030031643138351160704032988524190925449652310969082794414421621320634022376503404852897456691015936384766145619137546631082467460203695246703320155879632924222841280086832568204315650931602738520278344377889101754321478400761999597324957828691967950104007175191406049450860225679281185871284155409662832476039085448287088010516474063513959099575510636772525750638374774953587794370744842644234748715959699333449900083276086225802457047113842909363747122520648909332071023114336865651119604329420147230812290609827788558159506180041557768400437092976686917721946022968948063523589785638398342218094630976664528027905954130665277537565901353014327859722678885097500061729888454733632375532955117631688269847681005247099682166347496389588420023155368283096577593499940283411353712979245338603186280456866606365578866906610467493003695660735990178838741191858663902202328824	29797441240847192311964028853190280189674041619720799605070824129924103630349014387363218437041262128836255660367033565228906969921436065807110492954244538641922732381526988524213230765695165516684856964886402475218726787375215748391120225301433133801809602551954799399621703470614032595261603547732880205461166225506383472517669360488304292936684047002677551828409989745109425630864985134422947174036192029676553220396103130882265511904520585700060750003250408290764813305740477422359782820039739747407254492843904673997125272046292276306417333621045582187098816891641254388118615995970674429432143640587219546851245472290216391933922818852287307049811511896851490902758108182714579906084707050661444137404718752497700186533646977012126386231310469628485167472902657274048575829511420675849583871233492293848428541221683703895658880663414626906764071528467410178432304353617223441482864193285100928093077741519883221240668852955533544609985252847267621422519215919367648268592447396226122312801589022880752118604642744665731607650793670966429240278320289346701072396910943990827407366506294657734471869429577761769201815905758149439552557966791512695909540741385826452801383749837670132846076255208877441111028255639314683721896152222972659610778502167250388206319496091644576800518042282953107127735152949674642501225364311803082738998567568660973248892570776615618096826236884622139147705875370111744068017655377068065378420155582523314690391181662157396965204657300653427452578951026075409969174100785484002367366369978054855707104992275212587484962001890316546451020681387825155767535684840090161184498456650913686326193527782724619774163925103114346387425525483162648036697381503183789199926269563765652146267460321320903890419387886158011757339625457681268344009515220894001174774215110075974676343376233000316307083799044461719925728222211655315014656715253998635097114149264217955803266636218845755518503839742727947321891732600251022655687300217900397185777471342511671235833162817232567620748219743998601680823402753835588938866777404065941884855086814885280209301256533800407383095382405386078845289318705676097419895708793842103970999995513058335773269116772430758699653566016336680816984154444940724071601307615446870279892741585681823927850048246579671371241983615270479851153823455184284974861161335065270916168657724212202700430916330574347832841512981979464830219623174691143793030251752766647810647210265281339114292542021901340306153967345695953378907893040404858699038270471762345666345932104750278846395976075772878141546785023152569119050228882945932067675441665255014188928140379540408389894576735490149334797074141662978861433262125709898748261013541879320548868585594642611560393664117783304845626399747287989824667977610570989844078049750230415731127623879382909491699598719887475933093842132898488962045229518831097810874921258732540068564660170354771248148928794873204961511855333650867288886014706705027857900540991416525862780354084494593682615591963969286902623887625210085414848098510990150089214234695070472778867836557958164101436166133803543836622317883840165343935639579537404199211355504559405	2,-5,-5,-5,-5,5,5,5,5,5,5,5	-6,-6,-6,5,5,5,5,5,5,5,5,5	ok
1.063063	-12.672673	-18.836917	0.383311	continued:5	29797441240847192311964028853190280189674041619720799605070824129924103630349014387363218437041262128836255660367033565228906969921436065807110492954244538641922732381526988524213230765695165516739994474690365920321938836124680349407621389174422575433515432175857440806646186534711664095048200233844655797841473677453405663250260447801631435344135993128643147796482806147876468549439715749856071249659627599475987323671827369771865221845291756903281146615711384803434295024829277842831418694839941823883831566498004267261730671018929104843904442387870484365857888189536296648098670249137264353498164544236896672831076268761190520600080121584857972539648724104485926725981306583995477145957712627015939516317459995807158397098987563805866798273465357843109707315770267392401784231126954403131562900596901554920941929800667469540731596024416446057782475494050688655549937961178871708310774758509474199344274385665327650397601172390515912454512807551418600510707134665906879279435847487037545889115906146070551888130409417242517356945216602359496984048243451821412619142457943691164845601083632128546483691663273094080913772697520179354680054649028668957946549146753511281249223840930715689293831419123065851313060999449270994502051366517732748996349002023493589746389443904928584896086009937902409399920434894710434724828196433334435922244668719645070963172539209158021792443345390080700323594367010028199659713009657377267993424553187083049959871759642950546564115043686986727275079274165803791130947745943729088287446146315142597144867697576962518223254129784798351739355151578911377639613203940250399384841939820680434397051876790501276495089591646513054726661714171433576989062336185964235076961182316552488146363555033395903677304043908711514370284735250029559691269519919326743505646203339715452115986988723790925823045352356583831855234535260853878587909308464651174272508361945024908117893783815024770824195268530734297464790111296711539271215962789594304294139398616563570814228262254397857325149984789148162523389893025921229340880761759736333671968826567838406967885860708088637161382530192885576736213370023192713196434264864250666359346844073909520688572816432562418167605773578791845218334744227697763589602264801261289422264820983997961034474652982805774130280506674747700295438268361261006069120383122079530358207181947441181282489588894804402010628341383312784341893132389871189173314315017807366385514063223036503961804890941303445489862900285874911395869725173051412664801947408159942680642332657565254503190288581994103849186150948240030193765036888948752176101465589207851350874839258547896409047728063073939598374999092463615204633630092106304297770983497908028272208744390834802516114995725001059902129158709140343412355896222382105565668589383788881128745908143686943481027079297424726546044963800868098080068324531215440831140740837054792207359973624706352784306976760066971776209608447925334636170245223234740856287289563133969371220632096921789194912603724604073406023519613248666584023407856485793744991347936820401033365852107786838267007230727414967014803640021226904239798214275791361557568918466769428	29797441240847192311964028853190280189674041619720799605070824129924103630349014387363218437041262128836255660367033565228906969921436065807110492954244538641922732381526988524213230765695165516684856964886402475218726787375215748391120225301433133801809602551954799399621703470614032595261603547732880205461166225506383472517669360488304292936684047002677551828409989745109425630864985134422947174036192029676553220396103130882265511904520585700060750003250408290764813305740477422359782820039739747407254492843904673997125272046292276306417333621045582187098816891641254388118615995970674429432143640587219546851245472290216391933922818852287307049811511896851490902758108182714579906084707050661444137404718752497700186533646977012126386231310469628485167472902657274048575829511420675849583871233492293848428541221683703895658880663414626906764071528467410178432304353617223441482864193285100928093077741519883221240668852955533544609985252847267621422519215919367648268592447396226122312801589022880752118604642744665731607650793670966429240278320289346701072396910943990827407366506294657734471869429577761769201815905758149439552557966791512695909540741385826452801383749837670132846076255208877441111028255639314683721896152222972659610778502167250388206319496091644576800518042282953107127735152949674642501225364311803082738998567568660973248892570776615618096826236884622139147705875370111744068017655377068065378420155582523314690391181662157396965204657300653427452578951026075409969174100785484002367366369978054855707104992275212587484962001890316546451020681387825155767535684840090161184498456650913686326193527782724619774163925103114346387425525483162648036697381503183789199926269563765652146267460321320903890419387886158011757339625457681268344009515220894001174774215110075974676343376233000316307083799044461719925728222211655315014656715253998635097114149264217955803266636218845755518503839742727947321891732600251022655687300217900397185777471342511671235833162817232567620748219743998601680823402753835588938866777404065941884855086814885280209301256533800407383095382405386078845289318705676097419895708793842103970999995513058335773269116772430758699653566016336680816984154444940724071601307615446870279892741585681823927850048246579671371241983615270479851153823455184284974861161335065270916168657724212202700430916330574347832841512981979464830219623174691143793030251752766647810647210265281339114292542021901340306153967345695953378907893040404858699038270471762345666345932104750278846395976075772878141546785023152569119050228882945932067675441665255014188928140379540408389894576735490149334797074141662978861433262125709898748261013541879320548868585594642611560393664117783304845626399747287989824667977610570989844078049750230415731127623879382909491699598719887475933093842132898488962045229518831097810874921258732540068564660170354771248148928794873204961511855333650867288886014706705027857900540991416525862780354084494593682615591963969286902623887625210085414848098510990150089214234695070472778867836557958164101436166133803543836622317883840165343935639579537404199211355504559405	-2,-6,-6,-6,5,5,5,5,5,5,5,5	-6,-6,-6,5,5,5,5,5,5,5,5,5	ok
1.067067	-12.672673	-46.576470	0.386104	continued:5	29797441240847192311964028853190280189674041619720799605070824129924103630349014387363218437041262128836255660367033565228906969921436065807110492954244538641922732381526988524213230765695165516739994474690365920321938836124680349407621389174422575433515432175857440806646186534711664095048200233844655797841473677453405663250260447801631435344135993128643147796482806147876468549439715749856071249659627599475987323671827369771865221845291756903281146615711384803434295024829277842831418694839941823883831566498004267261730671018929104843904442387870484365857888189536296648098670249137264353498164544236896672831076268761190520600080121584857972539648724104485926725981306583995477145957712627015939516317459995807158397098987563805866798273465357843109707315770267392401784231126954403131562900596901554920941929800667469540731596024416446057782475494050688655549937961178871708310774758509474199344274385665327650397601172390515912454512807551418600510707134665906879279435847487037545889115906146070551888130409417242517356945216602359496984048243451821412619142457943691164845601083632128546483691663273094080913772697520179354680054649028668957946549146753511281249223840930715689293831419123065851313060999449270994502051366517732748996349002023493589746389443904928584896086009937902409399920434894710434724828196433334435922244668719645070963172539209158021792443345390080700323594367010028199659713009657377267993424553187083049959871759642950546564115043686986727275079274165803791130947745943729088287446146315142597144867697576962518223254129784798351739355151578911377639613203940250399384841939820680434397051876790501276495089591646513054726661714171433576989062336185964235076961182316552488146363555033395903677304043908711514370284735250029559691269519919326743505646203339715452115986988723790925823045352356583831855234535260853878587909308464651174272508361945024908117893783815024770824195268530734297464790111296711539271215962789594304294139398616563570814228262254397857325149984789148162523389893025921229340880761759736333671968826567838406967885860708088637161382530192885576736213370023192713196434264864250666359346844073909520688572816432562418167605773578791845218334744227697763589602264801261289422264820983997961034474652982805774130280506674747700295438268361261006069120383122079530358207181947441181282489588894804402010628341383312784341893132389871189173314315017807366385514063223036503961804890941303445489862900285874911395869725173051412664801947408159942680642332657565254503190288581994103849186150948240030193765036888948752176101465589207851350874839258547896409047728063073939598374999092463615204633630092106304297770983497908028272208744390834802516114995725001059902129158709140343412355896222382105565668589383788881128745908143686943481027079297424726546044963800868098080068324531215440831140740837054792207359973624706352784306976760066971776209608447925334636170245223234740856287289563133969371220632096921789194912603724604073406023519613248666584023407856485793744991347936820401033365852107786838267007230727414967014803640021226904239798214275791361557568918466769428	29797441240847192311964028853190280189674041619720799605070824129924103630349014387363218437041262128836255660367033565228906969921436065807110492954244538641922732381526988524213230765695165516684856964886402475218726787375215748391120225301433133801809602551954799399621703470614032595261603547732880205461166225506383472517669360488304292936684047002677551828409989745109425630864985134422947174036192029676553220396103130882265511904520585700060750003250408290764813305740477422359782820039739747407254492843904673997125272046292276306417333621045582187098816891641254388118615995970674429432143640587219546851245472290216391933922818852287307049811511896851490902758108182714579906084707050661444137404718752497700186533646977012126386231310469628485167472902657274048575829511420675849583871233492293848428541221683703895658880663414626906764071528467410178432304353617223441482864193285100928093077741519883221240668852955533544609985252847267621422519215919367648268592447396226122312801589022880752118604642744665731607650793670966429240278320289346701072396910943990827407366506294657734471869429577761769201815905758149439552557966791512695909540741385826452801383749837670132846076255208877441111028255639314683721896152222972659610778502167250388206319496091644576800518042282953107127735152949674642501225364311803082738998567568660973248892570776615618096826236884622139147705875370111744068017655377068065378420155582523314690391181662157396965204657300653427452578951026075409969174100785484002367366369978054855707104992275212587484962001890316546451020681387825155767535684840090161184498456650913686326193527782724619774163925103114346387425525483162648036697381503183789199926269563765652146267460321320903890419387886158011757339625457681268344009515220894001174774215110075974676343376233000316307083799044461719925728222211655315014656715253998635097114149264217955803266636218845755518503839742727947321891732600251022655687300217900397185777471342511671235833162817232567620748219743998601680823402753835588938866777404065941884855086814885280209301256533800407383095382405386078845289318705676097419895708793842103970999995513058335773269116772430758699653566016336680816984154444940724071601307615446870279892741585681823927850048246579671371241983615270479851153823455184284974861161335065270916168657724212202700430916330574347832841512981979464830219623174691143793030251752766647810647210265281339114292542021901340306153967345695953378907893040404858699038270471762345666345932104750278846395976075772878141546785023152569119050228882945932067675441665255014188928140379540408389894576735490149334797074141662978861433262125709898748261013541879320548868585594642611560393664117783304845626399747287989824667977610570989844078049750230415731127623879382909491699598719887475933093842132898488962045229518831097810874921258732540068564660170354771248148928794873204961511855333650867288886014706705027857900540991416525862780354084494593682615591963969286902623887625210085414848098510990150089214234695070472778867836557958164101436166133803543836622317883840165343935639579537404199211355504559405	-2,-6,-6,-6,5,5,5,5,5,5,5,5	-6,-6,-6,5,5,5,5,5,5,5,5,5	ok
1.071071	-12.672673	-50.431800	0.386605	continued:5	29797441240847192311964028853190280189674041619720799605070824129924103630349014387363218437041262128836255660367033565228906969921436065807110492954244538641922732381526988524213230765695165516739994474690365920321938836124680349407621389174422575433515432175857440806646186534711664095048200233844655797841473677453405663250260447801631435344135993128643147796482806147876468549439715749856071249659627599475987323671827369771865221845291756903281146615711384803434295024829277842831418694839941823883831566498004267261730671018929104843904442387870484365857888189536296648098670249137264353498164544236896672831076268761190520600080121584857972539648724104485926725981306583995477145957712627015939516317459995807158397098987563805866798273465357843109707315770267392401784231126954403131562900596901554920941929800667469540731596024416446057782475494050688655549937961178871708310774758509474199344274385665327650397601172390515912454512807551418600510707134665906879279435847487037545889115906146070551888130409417242517356945216602359496984048243451821412619142457943691164845601083632128546483691663273094080913772697520179354680054649028668957946549146753511281249223840930715689293831419123065851313060999449270994502051366517732748996349002023493589746389443904928584896086009937902409399920434894710434724828196433334435922244668719645070963172539209158021792443345390080700323594367010028199659713009657377267993424553187083049959871759642950546564115043686986727275079274165803791130947745943729088287446146315142597144867697576962518223254129784798352227596413586515092312600443544647088078963307588923763636270954682141162217889953313809670031390986549607323729776543960584738185340384283123633257672835492121369841702679003714621452511211488132879741846931541965183383174837080362231598519353499614715385644344696173540416779531065434514717344159270458185322190319002918880258798254585345793021680011380250162900736886694238160674778981671586382208590845498820890423879819056887601109365751288169363031295963144711437811826340557432543810457055113118374314559725013652447420706746641436778696524352787229829152569711848155287193266851071686745685042687177962542028756361060869980631274911665606915825007767093996814283157425089768909349591853180534020417877983831190934567547174451197027036328545009959409946568673189931891319140937683057466613144960188029307056843699539503135152185374427537954913055660224161914893302003539102496278970623526635768611491194218105289433947847410751650163321463340207577290361653284295849315999533959606886633457085563974953571689595287416222208201363712344572181242588061645200339451253286932525102910907083689274126797791574829676094911935693125515417479693245700545586849632114793883489894020589182643866659862269879522861085274501240188470144503049261976403001533674881602511292873745561199354906195581127298495235690714135319826928323334069849570106748106926807217065592924536332009850126335061121352445624550266729775884694105739726308839115329994490671173218127425760715447686495957442938227080980437674949283143843006920551744113229740734747747362441070220744173404608273321	29797441240847192311964028853190280189674041619720799605070824129924103630349014387363218437041262128836255660367033565228906969921436065807110492954244538641922732381526988524213230765695165516684856964886402475218726787375215748391120225301433133801809602551954799399621703470614032595261603547732880205461166225506383472517669360488304292936684047002677551828409989745109425630864985134422947174036192029676553220396103130882265511904520585700060750003250408290764813305740477422359782820039739747407254492843904673997125272046292276306417333621045582187098816891641254388118615995970674429432143640587219546851245472290216391933922818852287307049811511896851490902758108182714579906084707050661444137404718752497700186533646977012126386231310469628485167472902657274048575829511420675849583871233492293848428541221683703895658880663414626906764071528467410178432304353617223441482864193285100928093077741519883221240668852955533544609985252847267621422519215919367648268592447396226122312801589022880752118604642744665731607650793670966429240278320289346701072396910943990827407366506294657734471869429577761769201815905758149439552557966791512695909540741385826452801383749837670132846076255208877441111028255639314683721896152222972659610778502167250388206319496091644576800518042282953107127735152949674642501225364311803082738998567568660973248892570776615618096826236884622139147705875370111744068017655377068065378420155582523314690391181662157396965204657300653427452578951026075409969174100785484002367366369978054855707104992275212587484962001890316546451020681387825155767535684840090161184498456650913686326193527782724619774163925103114346387425525483162648036697381503183789199926269563765652146267460321320903890419387886158011757339625457681268344009515220894001174774215110075974676343376233000316307083799044461719925728222211655315014656715253998635097114149264217955803266636218845755518503839742727947321891732600251022655687300217900397185777471342511671235833162817232567620748219743998601680823402753835588938866777404065941884855086814885280209301256533800407383095382405386078845289318705676097419895708793842103970999995513058335773269116772430758699653566016336680816984154444940724071601307615446870279892741585681823927850048246579671371241983615270479851153823455184284974861161335065270916168657724212202700430916330574347832841512981979464830219623174691143793030251752766647810647210265281339114292542021901340306153967345695953378907893040404858699038270471762345666345932104750278846395976075772878141546785023152569119050228882945932067675441665255014188928140379540408389894576735490149334797074141662978861433262125709898748261013541879320548868585594642611560393664117783304845626399747287989824667977610570989844078049750230415731127623879382909491699598719887475933093842132898488962045229518831097810874921258732540068564660170354771248148928794873204961511855333650867288886014706705027857900540991416525862780354084494593682615591963969286902623887625210085414848098510990150089214234695070472778867836557958164101436166133803543836622317883840165343935639579537404199211355504559405	-3,-6,-6,-6,5,5,5,5,5,5,5,5	-6,-6,-6,5,5,5,5,5,5,5,5,5	ok
1.075075	-12.672673	-52.817869	0.389399	continued:5	29797441240847192311964028853190280189674041619720799605070824129924103630349014387363218437041262128836255660367033565228906969921436065807110492954244538641922732381526988524213230765695165516684856964886402475218726787375215748391120225301433133801809602551954799399621703470614032595261603547732880205461166225506383472517669360488304292936684047002677551828409989745109425630864985134422947174036192029676553220396103130882265511904520585700060750003250408290764813305740477422359782820039739747407254492843904673997125272046292276306417333621045582187098816891641254388118615995970674429432143640587219546851245472290216391933922818852287307049811511896851490902758108182714579906084707050661444137404718752497700186533646977012126386231310469628485167472902657274048575829511420675849583871233492293848428541221683703895658880663414626906764071528467410178432304353617223441482864193285100928093077741519883221240668852955533544609985252847267621422519215919367648268592447396226122312801589022880752118604642744665731607650793670966429240278320289346701072396910943990827407366506294657734471869429577761769201815905758149439552557966791512695909540741385826452801383749837670132846076255208877441111028255639314683721896152222972659610778502167250388206319496091644576800518042282953107127735152949674642501225364311803082738998567568660973248892570776615618096826236884622139147705875370111744068017655377068065378420155582523314690391181662157396965204657300653427452578951026075409969174100785484002367366369978054855707104992275212587484962001890316544986296895365014011748573966026900095102134353346183698608536294107804962605762840101224500473237708348641407814554758179322279874788663664052216812339618945144505397223482601148690510660196743372663362700457853720123242574204493644316109048564406635298155512993540879586719742758271487604112182256738577165749281598076196331714942131113745988468896653365552046670625793977952111870552105626065555257783763246915130597022601351684519482589362900854694439954474714917778800393548284822291234450691377529287009703045679171132981670212423321868144548612660269313140514108344712314412075549652743734356565454272299767430963941342873443653789420520002400308726966460423831965162571084095619767446380266216839124815364903437721317014317338337058729561615264215703840338102278427789201000849354931940257298928842569719292027311269722201542266784673818540595057191267412490551219062116501374891936166146167623074251424945668570289335865802723990378237903528320395000294460089386640794505508906141570382739537954738187134424433912393953363672632843434159677465173962556187101541283143189128333343598400885656194501465129903849914039455223131646299267206519264377814229565014384084190393746894175841468225506590187073269127213525204020677793294682807207741802899848844418473544664682190667855040834130424113377701762664235945121814667285304352314198895055472097063163999496626876988128690449401260156787357342110343662547700333763437773159861494855707414046859072560424286883174913956399295506555892944113650333432823906265594584763002824858245916660888975417528114150899817960	29797441240847192311964028853190280189674041619720799605070824129924103630349014387363218437041262128836255660367033565228906969921436065807110492954244538641922732381526988524213230765695165516684856964886402475218726787375215748391120225301433133801809602551954799399621703470614032595261603547732880205461166225506383472517669360488304292936684047002677551828409989745109425630864985134422947174036192029676553220396103130882265511904520585700060750003250408290764813305740477422359782820039739747407254492843904673997125272046292276306417333621045582187098816891641254388118615995970674429432143640587219546851245472290216391933922818852287307049811511896851490902758108182714579906084707050661444137404718752497700186533646977012126386231310469628485167472902657274048575829511420675849583871233492293848428541221683703895658880663414626906764071528467410178432304353617223441482864193285100928093077741519883221240668852955533544609985252847267621422519215919367648268592447396226122312801589022880752118604642744665731607650793670966429240278320289346701072396910943990827407366506294657734471869429577761769201815905758149439552557966791512695909540741385826452801383749837670132846076255208877441111028255639314683721896152222972659610778502167250388206319496091644576800518042282953107127735152949674642501225364311803082738998567568660973248892570776615618096826236884622139147705875370111744068017655377068065378420155582523314690391181662157396965204657300653427452578951026075409969174100785484002367366369978054855707104992275212587484962001890316546451020681387825155767535684840090161184498456650913686326193527782724619774163925103114346387425525483162648036697381503183789199926269563765652146267460321320903890419387886158011757339625457681268344009515220894001174774215110075974676343376233000316307083799044461719925728222211655315014656715253998635097114149264217955803266636218845755518503839742727947321891732600251022655687300217900397185777471342511671235833162817232567620748219743998601680823402753835588938866777404065941884855086814885280209301256533800407383095382405386078845289318705676097419895708793842103970999995513058335773269116772430758699653566016336680816984154444940724071601307615446870279892741585681823927850048246579671371241983615270479851153823455184284974861161335065270916168657724212202700430916330574347832841512981979464830219623174691143793030251752766647810647210265281339114292542021901340306153967345695953378907893040404858699038270471762345666345932104750278846395976075772878141546785023152569119050228882945932067675441665255014188928140379540408389894576735490149334797074141662978861433262125709898748261013541879320548868585594642611560393664117783304845626399747287989824667977610570989844078049750230415731127623879382909491699598719887475933093842132898488962045229518831097810874921258732540068564660170354771248148928794873204961511855333650867288886014706705027857900540991416525862780354084494593682615591963969286902623887625210085414848098510990150089214234695070472778867836557958164101436166133803543836622317883840165343935639579537404199211355504559405	-3,-6,-6,5,5,5,5,5,5,5,5,5	-6,-6,-6,5,5,5,5,5,5,5,5,5	ok
1.079079	-12.672673	-54.284889	0.392192	continued:5	29797441240847192311964028853190280189674041619720799605070824129924103630349014387363218437041262128836255660367033565228906969921436065807110492954244538641922732381526988524213230765695165516684856964886402475218726787375215748391120225301433133801809602551954799399621703470614032595261603547732880205461166225506383472517669360488304292936684047002677551828409989745109425630864985134416570483495028535097538525962819715706453278578056276781997658621821330623661439735037198469982874980353282521543069959364804122626389538391283710117759012920542190446628568269535485120906902702054290158140837938102629797883544586003735080140767802541056613215533165923427360817084903885101038661329655704061613434516352085161782006860284716509839924228309376088170740553115806220734141302649848057010058913693667459286835607211129246633087358315863204490737630361736531172516441701350353989780844469604679326961211342427047892996344090028808147916171706518889485060629487737417917569767213496185589810977631686161593663266872708183305924891421716519836703659212884206754774705296603977160595587057551946392243523306131003376817168847344668193734612715320449809071341032253817577093207483930220945124667599152474307313066288132598337858614967222060190098955400369833539728841815639323595546756206693047251103075382837527829820663088922381252193091723767612410835446041002371833244855823858875455973221693803924258499763326053205682414512096667270504543905693204277613951276144204402168422635613346089666241936344317839882762737246424381784741408159245368710128847124504748050503990781578764654952474606245487855709595539854347610025507672219867684075552108204020693002392797889951477922785294312425920409366840810613018774876035748947379126660344457923252911827963127050021684207491337122395166780647517198338054767054442830301426205055903496259126862605237461976535076098361397823326293402766043365501433603630557342200025311413646849469234032797183111462861504199013456412011237770868264340994109716529640416837224889583615851124891019011469211713408349279357454776504261682254599836296540677490414109971322704682648733858505710837948572489470743258918957985499447890480082719124734380717079913908027937921038192208772571802079613448093696186733643290284870878794124360980883995900352900169251996630745408968647196739083264462897694864636367981485763873831510074976212279157827568788748587208370309400277301513089418026501765935875688452475036335026926035984960464181697274556613221792458622338022538497456852545560958161633631393846791355693736324319823254493130493254534323699909944897503934906464549927864564116780764548724526005167288450207785182052845344488503149127553784912040092721239672966494161951435228870510203666458503407381527800202537379296899084196749484248017397623225360741557400356939447786030212738157097386153120302032851798323144081850357605420034876762332505768871767157279014091641205177376396947992882728922995266027851166827789653411295075675561410671580097156184523046122900782989756625456112627833322130591146902407883006284348590074036026446197103992744951409686477908471095192610419082790255192110341133645545	29797441240847192311964028853190280189674041619720799605070824129924103630349014387363218437041262128836255660367033565228906969921436065807110492954244538641922732381526988524213230765695165516684856964886402475218726787375215748391120225301433133801809602551954799399621703470614032595261603547732880205461166225506383472517669360488304292936684047002677551828409989745109425630864985134416570483495028535097538525962819715706453278578056276781997658621821330623661439735037198469982874980353282521543069959364804122626389538391283710117759012920542190446628568269535485120906902702054290158140837938102629797883544586003735080140767802541056613215533165923427360817084903885101038661329655704061613434516352085161782006860284716509839924228309376088170740553115806220734141302650018634501634025387034749992958051378064427378851361912424198331364128012126763635821448538082680394661199446603105140135145773169572815900859756930566649614155831034729931372411256821392500159004312520315903886099984162552510340255905871686390450491265255143854483798306809277249937137025142121929769772557453409227374336478637679522061486857396500122803858655000540448236492623046012353049209921802961750250545471003760259791273167586752423398365574840490589840760931330933153663610572105052991899747873162820597332774680852019648093026677385832477743712251101283124226177562482960229968454614518181671408087370470861868720907568897833024396451732590163092981012807519902318229831616765836718624963488831949580435432827733217408439155315703650338973929620375600769749724732842969809091062839961162903414781145856309869620232491730331544602044407528512590093000051687598915078403142228038429521535769261723830215164168364183400911820788037421668232634029535797319564940837455286601223687123775761772628317714229638569848375515207185731498184654798635117000544336843332645039895399651959153354302755284155315518687721209197160244374023124054432253755676100840772031534411165727549566867286348425872203182648649689009364802812090408127817138770766623834101272628178251636148335283757032625639356846009773027853358829519025768007874267865038309380969139952843934704724961549329091116100278176187644252641572581670099060968554829746443564601354435613817402176368743989342369582447959093801416281688316078974967539266559050064479381026500562155660222706178357650833077548138537965863212838718055252673986202584735224033177061497801025719354060093987316981826798488988718389622629657969942783530385889021822016505513706530609579165397550211818245598817401593695534130304085709446359391125699948610770867164296925948640911369132181316897244202322846067416402488899857999334239594051801552885142593780171284320916224394442931580644668731772404634040719006563513497938665174830088968649744527979394070611105840694354975273805652473085042854335038893928053965494788627308354371348029123432138950852418060274208641717460706558091148426338813994643354032648641847728648518122763255751977738274499098322020727186714787267522193563686629426081866415215248183540050600605038534589946599786045649322573187044911502460935059195215403420292495730867375046193045711742	-3,5,5,5,5,5,5,5,5,5,5,5	-6,-6,5,5,5,5,5,5,5,5,5,5	ok
1.083083	-12.672673	-55.105155	0.394985	continued:5	29797441240847192311964028853190280189674041619720799605070824129924103630349014387363218437041262128836255660367033565228906969921436065807110492954244538641922732381526988524213230765695165516629719455082439030115514738625751147374619061428443692170103772928052157992597220406516401095475006861621104613080858773559361281785078273174977150529232100876711955860337173342342382712290254519072720075447881889404310144753063289278224835207785430431660541349367441450439188005794303382787948861163481607165076354418112248552084410588766808221488393960764772634452977681121212601890834563717080032153096869237209157451526197543499316578780728165715661405592797343730746193286565650409718848027368980104747896040744184555178311722015776748109980228169797437948177587264110848783016277103495248127583981009232091733765949791185473986104106876143040470402304046775322237031172368282587051756119069840092624861390376767344821249616461441838405100367030077331160133732065065107385090435247019414812415337521285458512702009279413490029809421634769587811238398738246652088217774948966548463838055758473873446922700045970686658751627295548316740966679020241980807705495368006437598711307815622556144329017637044698400522839661702852408872668780923408334758391575280867657988331810020357537753697319531227199689826250059445882789742552634155221024783892724733323440990802884739179065634229922588851122425097927766203348657331846508663184033641025777090847707388133833174885034465625145736007889489354862603311480293936997544073824032775712286340275727027502179924955711284195359656470500798541512699031195923551824376098332814604754193655189755498649364037781722486986592558636204849250344651223087822144579405566994704300978491930532358811364586506474727490348799935083479530169997950861900066078379542963309787539551363578618554929844606091148556659864975117468742223590833228321426987914371953126048277405338720304710305234984099646109891709371608778521837836592598716248825960512743731446754699186303356555691414335110500152839237405812813472960837111307549648585784329075168347207049866984834168484979307342781201870756505018528074929017282118433897948278913877482294136770264690756913576565946685486200514074692663305437285191192947501271873665742757758477852017699683365359835069381249016744422864519298894661764641441717300622131283317135595598546410433377012786156173391874385570927744147794543766191939655837083791246329552683676861780251800581534614031878336178046125654866338959371931045548458668359708279802291947656895949953297297073205061586891558381402253818049008261310130806760738878551233388625642972036998402145504459309885577780683439520666876237767627506470058266203814080194723397652940899205365915858432112441810443163169670024110102370355980739951964924352040488583113795092918099147581977098827589490656869150931761938620340370361983202878960867424052971039681458480476242706348536328090714662293500140672579702106696920302065353158573429269808064717654875666520547410691976473989437032684249248022036456499861479301515197531618720982740413250287677340056489391493156163070244963525799883437790022946467451975439435398	29797441240847192311964028853190280189674041619720799605070824129924103630349014387363218437041262128836255660367033565228906969921436065807110492954244538641922732381526988524213230765695165516684856964886402475218726787375215748391120225301433133801809602551954799399621703470614032595261603547732880205461166225506383472517669360488304292936684047002677551828409989745109425630864985134416570483495028535097538525962819715706453278578056276781997658621821330623661439735037198469982874980353282521543069959364804122626389538391283710117759012920542190446628568269535485120906902702054290158140837938102629797883544586003735080140767802541056613215533165923427360817084903885101038661329655704061613434516352085161782006860284716509839924228309376088170740553115806220734141302650018634501634025387034749992958051378064427378851361912424198331364128012126763635821448538082680394661199446603105140135145773169572815900859756930566649614155831034729931372411256821392500159004312520315903886099984162552510340255905871686390450491265255143854483798306809277249937137025142121929769772557453409227374336478637679522061486857396500122803858655000540448236492623046012353049209921802961750250545471003760259791273167586752423398365574840490589840760931330933153663610572105052991899747873162820597332774680852019648093026677385832477743712251101283124226177562482960229968454614518181671408087370470861868720907568897833024396451732590163092981012807519902318229831616765836718624963488831949580435432827733217408439155315703650338973929620375600769749724732842969809091062839961162903414781145856309869620232491730331544602044407528512590093000051687598915078403142228038429521535769261723830215164168364183400911820788037421668232634029535797319564940837455286601223687123775761772628317714229638569848375515207185731498184654798635117000544336843332645039895399651959153354302755284155315518687721209197160244374023124054432253755676100840772031534411165727549566867286348425872203182648649689009364802812090408127817138770766623834101272628178251636148335283757032625639356846009773027853358829519025768007874267865038309380969139952843934704724961549329091116100278176187644252641572581670099060968554829746443564601354435613817402176368743989342369582447959093801416281688316078974967539266559050064479381026500562155660222706178357650833077548138537965863212838718055252673986202584735224033177061497801025719354060093987316981826798488988718389622629657969942783530385889021822016505513706530609579165397550211818245598817401593695534130304085709446359391125699948610770867164296925948640911369132181316897244202322846067416402488899857999334239594051801552885142593780171284320916224394442931580644668731772404634040719006563513497938665174830088968649744527979394070611105840694354975273805652473085042854335038893928053965494788627308354371348029123432138950852418060274208641717460706558091148426338813994643354032648641847728648518122763255751977738274499098322020727186714787267522193563686629426081866415215248183540050600605038534589946599786045649322573187044911502460935059195215403420292495730867375046193045711742	-3,-5,-5,-5,5,5,5,5,5,5,5,5	-6,-6,5,5,5,5,5,5,5,5,5,5	ok
1.087087	-12.672673	-55.578544	0.397779	continued:5	29797441240847192311964028853190280189674041619720799605070824129924103630349014387363218437041254878000809064742080050653014731436412537047651554041415874427799430157908191244386860561926414348011229507314747826145804191878840307371095613702016856900652234269589021920152395582152310662478382736417737716234896945772629640919171094397162708521836201332638201392862698838006879003459170341302606387232689235535225353383231891270218574085986182627217039549904300231786778453207827843265671500514463891487048722815502734993195020881830080027817494361075386222802112255242187769233212714940999644741580561611879275932983708253783854824310797606953097092268579955597563431367861147262763752208057462558799853144933976292987769990619944309805689979693387420062035479925990362067393879236261161892816178051350575912617148892756689521667666654720344810799324801139312018790414241242545622975333212702167928032574051213670442006142638920270877842040270616991607736651851882882143555853275968047691961745338648208261781268110773540854863723574842080162361325745064250020214216212738544712684667593190172693373642702404326538974275043190930439499208901942839964035064160433419064760051898905138152904801882597517373064221946360765765932160419510848113139771605353518497353954710013618968738404183810934100077718304628185913020410378513510017076788244500627867956667200702454599250672806198438333436897586141484546261458669353577478765291435841105892360453930916327795732299430567011986935082448281814481183902964399961712552757602742336768133385334911803266735543067013266281654532193076482837617589432381451393579933781824187215741019695044186479432836115600145784958375012855490330643371641462810327244680294614541242255983721985091967807130000973347846537861432333135161716469485931581162372715936442503248909169818325355755786420924308451623995430058294728700721562319697514267362807829869305100640856422316703144159167442531505773800925851149202611403535331635211346770527223260994048218307156276300461892573938239245819140729523249484598037224345424456951569546273642460650691274232433755079347384758347541264582167039367221380348417640209056493491772827022997656919013181549627578488123593494960931413394690429136798119697830633075071922210694626284687580884220376353041380059928084125287626356933079468245110288001638007803824889544119770747158474422332421715059023044277092193937141107249991079056316677448096139090351217951741946217573124601575873036452491698615127751667806025712597595127849521135268488581805516841483593190626535789253075899891308476153500239535044133452964739208133304388045380705321609856340435183898995809910399315902775506367087548282644106494526420024066490262054819779770649923728985129987213617163527598356628593510661048543605160877435785880683802501351192353591016759607499106651248270416955396983082775133609499636630962788584337075959978653561756531649074685762739635694030803530968752714014325975506464221170915240482635930426046818910706915322737172090884210152387159750357426142009891811742420085303162240158419498060362751053336002412783248792079137411608549421316084136443302090615184392195010736	29797441240847192311964028853190280189674041619720799605070824129924103630349014387363218437041262128836255660367033565228906969921436065807110492954244538641922732381526988524213230765695165516684856964886402475218726787375215748391120225301433133801809602551954799399621703470614032595261603547732880205461166225506383472517669360488304292936684047002677551828409989745109425630864985134416570483495028535097538525962819715706453278578056276781997658621821330623661439735037198469982874980353282521543069959364804122626389538391283710117759012920542190446628568269535485120906902702054290158140837938102629797883544586003735080140767802541056613215533165923427360817084903885101038661329655704061613434516352085161782006860284716509839924228309376088170740553115806220734141302650018634501634025387034749992958051378064427378851361912424198331364128012126763635821448538082680394661199446603105140135145773169572815900859756930566649614155831034729931372411256821392500159004312520315903886099984162552510340255905871686390450491265255143854483798306809277249937137025142121929769772557453409227374336478637679522061486857396500122803858655000540448236492623046012353049209921802961750250545471003760259791273167586752423398365574840490589840760931330933153663610572105052991899747873162820597332774680852019648093026677385832477743712251101283124226177562482960229968454614518181671408087370470861868720907568897833024396451732590163092981012807519902318229831616765836718624963488831949580435432827733217408439155315703650338973929620375600769749724732842969809091062839961162903414781145856309869620232491730331544602044407528512590093000051687598915078403142228038429521535769261723830215164168364183400911820788037421668232634029535797319564940837455286601223687123775761772628317714229638569848375515207185731498184654798635117000544336843332645039895399651959153354302755284155315518687721209197160244374023124054432253755676100840772031534411165727549566867286348425872203182648649689009364802812090408127817138770766623834101272628178251636148335283757032625639356846009773027853358829519025768007874267865038309380969139952843934704724961549329091116100278176187644252641572581670099060968554829746443564601354435613817402176368743989342369582447959093801416281688316078974967539266559050064479381026500562155660222706178357650833077548138537965863212838718055252673986202584735224033177061497801025719354060093987316981826798488988718389622629657969942783530385889021822016505513706530609579165397550211818245598817401593695534130304085709446359391125699948610770867164296925948640911369132181316897244202322846067416402488899857999334239594051801552885142593780171284320916224394442931580644668731772404634040719006563513497938665174830088968649744527979394070611105840694354975273805652473085042854335038893928053965494788627308354371348029123432138950852418060274208641717460706558091148426338813994643354032648641847728648518122763255751977738274499098322020727186714787267522193563686629426081866415215248183540050600605038534589946599786045649322573187044911502460935059195215403420292495730867375046193045711742	-3,-5,-5,-5,-5,5,5,5,5,5,5,5	-6,-6,5,5,5,5,5,5,5,5,5,5	ok
1.091091	-12.672673	-55.859163	0.400572	continued:5	29797441240847192311964028853190280189674041619720799605070824129924103630349014387363218437041254878000809064742080050653014731436412537047651554041415874427799430157908191244386860561926414348011229507314747826145804191878840307371095613702016856900652234269589021920152395582152310662478382736417737716234896945772629640919171094397162708521836201332638201392862698838006879003459170341302606387232689235535225353383231891270218574085986182627217039549904300231786778453207827843265671500514463891487048722815502734993195020881830080027817494361075386222802112255242187769233212714940999644741580561611879275932983708253783854824310797606953097092268579955597563431367861147262763752208057462558799853144933976292987769990619944309805689979693387420062035479925990362067393879236261161892816178051350575912617148892756689521667666654720344810799324801139312018790414241242545622975333212702167928032574051213670442006142638920270877842040270616991607736651851882882143555853275968047691961745338648208261781268110773540854863723574842080162361325745064250020214216212738544712684667593190172693373642702404326538974275043190930439499208901942839964035064160433419064760051898905138152904801882597517373064221946360765765932160419510848113139771605353518497353954710013618968738404183810934100077718304628185913020410378513510017076788244500627867956667200702454599250672806198438333436897586141484546261458669353577478765291435841105892360453930916327795732299430567011986935082448281814481183902964399961712552757602742336768133385334911803266735543067013266281410411562072680980281095812579253049232873097940065551121410156098366536571435934766497477306010406368257892028685557958592922484872628876185386737771053411617684575971615697893634365086104996631437903226408206245405520160020752688717660531431423512920189111639262834858012223184827727880098257652247788784989738588663132894296848176360020638832406082537688595643969146797091709736643630399608718411194580859299475562292866489689396197995207688034909817062855304314645254902357298388721506614639525439669183979071485859487479035309912739943362513981815502631410024021735983689199261175282732754295638420910160254599592835066906165306632584022019132657182532286278768346696195853336906571149474974030031643138351160704032988524190925449652310969082794414421621320634022376503404852897456691015936384766145619137546631082467460203695246703320155879632924222841280086832568204315650931602738520278344377889101754321478400761999597324957828691967950104007175191406049450860225679281185871284155409662832476039085448287088010516474063513959099575510636772525750638374774953587794370744842644234748715959699333449900083276086225802457047113842909363747122520648909332071023114336865651119604329420147230812290609827788558159506180041557768400437092976686917721946022968948063523589785638398342218094630976664528027905954130665277537565901353014327859722678885097500061729888454733632375532955117631688269847681005247099682166347496389588420023155368283096577593499940283411353712979245338603186280456866606365578866906610467493003695660735990178838741191858663902202328824	29797441240847192311964028853190280189674041619720799605070824129924103630349014387363218437041262128836255660367033565228906969921436065807110492954244538641922732381526988524213230765695165516684856964886402475218726787375215748391120225301433133801809602551954799399621703470614032595261603547732880205461166225506383472517669360488304292936684047002677551828409989745109425630864985134416570483495028535097538525962819715706453278578056276781997658621821330623661439735037198469982874980353282521543069959364804122626389538391283710117759012920542190446628568269535485120906902702054290158140837938102629797883544586003735080140767802541056613215533165923427360817084903885101038661329655704061613434516352085161782006860284716509839924228309376088170740553115806220734141302650018634501634025387034749992958051378064427378851361912424198331364128012126763635821448538082680394661199446603105140135145773169572815900859756930566649614155831034729931372411256821392500159004312520315903886099984162552510340255905871686390450491265255143854483798306809277249937137025142121929769772557453409227374336478637679522061486857396500122803858655000540448236492623046012353049209921802961750250545471003760259791273167586752423398365574840490589840760931330933153663610572105052991899747873162820597332774680852019648093026677385832477743712251101283124226177562482960229968454614518181671408087370470861868720907568897833024396451732590163092981012807519902318229831616765836718624963488831949580435432827733217408439155315703650338973929620375600769749724732842969809091062839961162903414781145856309869620232491730331544602044407528512590093000051687598915078403142228038429521535769261723830215164168364183400911820788037421668232634029535797319564940837455286601223687123775761772628317714229638569848375515207185731498184654798635117000544336843332645039895399651959153354302755284155315518687721209197160244374023124054432253755676100840772031534411165727549566867286348425872203182648649689009364802812090408127817138770766623834101272628178251636148335283757032625639356846009773027853358829519025768007874267865038309380969139952843934704724961549329091116100278176187644252641572581670099060968554829746443564601354435613817402176368743989342369582447959093801416281688316078974967539266559050064479381026500562155660222706178357650833077548138537965863212838718055252673986202584735224033177061497801025719354060093987316981826798488988718389622629657969942783530385889021822016505513706530609579165397550211818245598817401593695534130304085709446359391125699948610770867164296925948640911369132181316897244202322846067416402488899857999334239594051801552885142593780171284320916224394442931580644668731772404634040719006563513497938665174830088968649744527979394070611105840694354975273805652473085042854335038893928053965494788627308354371348029123432138950852418060274208641717460706558091148426338813994643354032648641847728648518122763255751977738274499098322020727186714787267522193563686629426081866415215248183540050600605038534589946599786045649322573187044911502460935059195215403420292495730867375046193045711742	2,-5,-5,-5,-5,5,5,5,5,5,5,5	-6,-6,5,5,5,5,5,5,5,5,5,5	ok
1.095095	-12.672673	-56.017144	0.400198	full	29797441240847192311964028853190280189674041619603208763749371508654175656239759120823018583819432842856072964773811906794674029226257134559926958023627828229482102948146659358247693909433828355251852303618781722983610904266564349795689252265672487165285132143009740477765743819749350296414932032879553240708168605270837504145567118242646612525121596621991880871911956242348460586057486327157844178203677821423846690153605322754833936079380890401496663555654736612821219775637784369562160938013801691861882494867156579306823998622232827846080292471313535410868209411673947378565575536115579243277027142779574736423324600243426810375893740503969368747404853979076083158875180441209983118988249682058667482706209191947443020790042246338706337792167304598864556745506120587206567250515724432880539773081128704208631823416697616312922060986644406544642811900344164615587995387059554396316547888435881274919919148250839840859142067449961675767356348825220706744807770669145331613173118947637914058392088019273573305293123161222781900316049564506362371319649708987031611857524473974849450606392703567524343382933186572009583678890189202552208286039769251895099935887559734574649064285396965220029237022323125695241049985715908880624114037388515359296025693713545639468618390292468066897772347859700687859415626328926818811509251433684071329068986890899236934357536167157771199123283886773276462137137489785835268518874830591464224499510515594133163472079797904473529757364336488582429157779363246757323371116070798067891494527965899973045062022630110949426056581453937478431798038700586236675368952262397701529408918223897400308262513642490345833444822461055313315458854786914923116358763185952221381625011338254865864129474632709732659734354429824071654563923407649116744794159457513759872608130198797511411235002412707848485802345311287574101815503381352428178726976507186991063510337298680494799642587846580659592217528314377092770277029299006502890764121378845406637600060988521232395162413767044533454865209534076862794485451713748713282478508920991149483157067698916886493693643227966710315397757154413200017212190826922354961342598684145207785310757088157364069511862816184166095848005050940688144720620102821687422490757992614425538439795429072555898465790955941961328049737358227224625065635336509656514157459214988346297723720495985653574561181525559002107652977869663676831720160808537662698324808718868777983268014103725877124893671948622023455279866101371720684786110733951698909224544782729192472360836996079431412706861405611795629587322981684424751736250150537699035187956472690775543569182223815539132090474424505969805149469078732075468080291578802850732900441051928653141658503388041401805500679366746723635782831678179938046604828189069945983309126151761147479504592726744721023924873733974647509183641164688582143813592099688707685783040071184992145337136676283449804922488612230390721956607610260493900286482551805418882615411698457919554431851673676389718836822029937893882197644464575682477840309276139504677870715499240585533481645553819800458118968992693618948931546665416111113920318552149422502517441549314449	29797441240847192311964028853190280189674041619720799605070824129924103630349014387363218437041262128836255660367033565228906969921436065807110492954244538641922732381526988524213230765695165516684856964886402475218726787375215748391120225301433133801809602551954799399621703470614032595261603547732880205461166225506383472517669360488304292936684047002677551828409989745109425630864985134416570483495028535097538525962819715706453278578056276781997658621821330623661439735037198469982874980353282521543069959364804122626389538391283710117759012920542190446628568269535485120906902702054290158140837938102629797883544586003735080140767802541056613215533165923427360817084903885101038661329655704061613434516352085161782006860284716509839924228309376088170740553115806220734141302650018634501634025387034749992958051378064427378851361912424198331364128012126763635821448538082680394661199446603105140135145773169572815900859756930566649614155831034729931372411256821392500159004312520315903886099984162552510340255905871686390450491265255143854483798306809277249937137025142121929769772557453409227374336478637679522061486857396500122803858655000540448236492623046012353049209921802961750250545471003760259791273167586752423398365574840490589840760931330933153663610572105052991899747873162820597332774680852019648093026677385832477743712251101283124226177562482960229968454614518181671408087370470861868720907568897833024396451732590163092981012807519902318229831616765836718624963488831949580435432827733217408439155315703650338973929620375600769749724732842969809091062839961162903414781145856309869620232491730331544602044407528512590093000051687598915078403142228038429521535769261723830215164168364183400911820788037421668232634029535797319564940837455286601223687123775761772628317714229638569848375515207185731498184654798635117000544336843332645039895399651959153354302755284155315518687721209197160244374023124054432253755676100840772031534411165727549566867286348425872203182648649689009364802812090408127817138770766623834101272628178251636148335283757032625639356846009773027853358829519025768007874267865038309380969139952843934704724961549329091116100278176187644252641572581670099060968554829746443564601354435613817402176368743989342369582447959093801416281688316078974967539266559050064479381026500562155660222706178357650833077548138537965863212838718055252673986202584735224033177061497801025719354060093987316981826798488988718389622629657969942783530385889021822016505513706530609579165397550211818245598817401593695534130304085709446359391125699948610770867164296925948640911369132181316897244202322846067416402488899857999334239594051801552885142593780171284320916224394442931580644668731772404634040719006563513497938665174830088968649744527979394070611105840694354975273805652473085042854335038893928053965494788627308354371348029123432138950852418060274208641717460706558091148426338813994643354032648641847728648518122763255751977738274499098322020727186714787267522193563686629426081866415215248183540050600605038534589946599786045649322573187044911502460935059195215403420292495730867375046193045711742	2,-5,-5,-5,-5,-5,5,5,5,5,5,5	-6,-6,5,5,5,5,5,5,5,5,5,5	ok
1.099099	-12.672673	-18.879498	0.361286	continued:5	29797441240847192311964028853190280189674041619720799605070824129924103630349014387363218437041262128836255660367033565228906969921436065807110492954244538641922732381526988524213230765695165516739994474690365920321938836124680349407621389174422575433515432175857440806646186534711664095048200233844655797841473677453405663250260447801631435344135993128643147796482806147876468549439715749856071249659627599475987323671827369771865221845291756903281146615711384803434295024829277842831418694839941823883831566498004267261730671018929104843904442387870484365857888189536296648098670249137264353498164544236896672831076268761190520600080121584857972539648724104485926725981306583995477145957712627015939516317459995807158397098987563805866798273465357843109707315770267392401784231126954403131562900596901554920941929800667469540731596024416446057782475494050688655549937961178871708310774758509474199344274385665327650397601172390515912454512807551418600510707134665906879279435847487037545889115906146070551888130409417242517356945216602359496984048243451821412619142457943691164845601083632128546483691663273094080913772697520179354680054649028668957946549146753511281249223840930715689293831419123065851313060999449270994502051366517732748996349002023493589746389443904928584896086009937902409399920434894710434724828196433334435922244668719645070963172539209158021792443345390080700323594367010028199659713009657377267993424553187083049959871759642950546564115043686986727275079274165803791130947745943729088287446146315142597144867697576962518223254129784798351983475782582713234976106823742448743731902623704802099016661415736321219356489772480161362379026350360520450359419440073274486631150783299838060702018195262758636759503361456213067911397973369081219716558225730645963444410520210038841857253171111702820604344848526378686136007033163144196652626733867554679797349340473971894188346019200185281922937639955492230182763498995474849972997472230590343251365122057692230619054040655642729217257868038658762777342928085316333576353551158584438741212940840478390641222792860870542291044638417161177716368861405211271174501988356202976776306847572798133186807751805262480098181067319830912924804827946652339707305015947629051852711123036883435192033253081669897274079245252969317431492721406229016552724464066019470152387927568686536300815263288930934311886650785671045699368415964687162162749844722672660649284861723599209427553447240202970884416761906255340003680459695578351049374897409455796421981897998886415896775970933144976582592842453923458413611061226461852873895530438312036779538101485446234295145158062359569968913126189698070153772268587897789212284387536368852183560340041980158966797344485350802744489395411967113451124958405782374716164225826834201994915591322463565975585791173343351474523248737874850295680599138388320093023468209091045351297832169420836305617650047068410673158178277426070926617919073885536433068707949097545361833128323594259485398648915171899857431317471621578627598312991955777230219517216388921985796466544112256608145187285210943783273876625483819493772788358430791150871161537521374	29797441240847192311964028853190280189674041619720799605070824129924103630349014387363218437041262128836255660367033565228906969921436065807110492954244538641922732381526988524213230765695165516684856964886402475218726787375215748391120225301433133801809602551954799399621703470614032595261603547732880205461166225506383472517669360488304292936684047002677551828409989745109425630864985134416570483495028535097538525962819715706453278578056276781997658621821330623661439735037198469982874980353282521543069959364804122626389538391283710117759012920542190446628568269535485120906902702054290158140837938102629797883544586003735080140767802541056613215533165923427360817084903885101038661329655704061613434516352085161782006860284716509839924228309376088170740553115806220734141302650018634501634025387034749992958051378064427378851361912424198331364128012126763635821448538082680394661199446603105140135145773169572815900859756930566649614155831034729931372411256821392500159004312520315903886099984162552510340255905871686390450491265255143854483798306809277249937137025142121929769772557453409227374336478637679522061486857396500122803858655000540448236492623046012353049209921802961750250545471003760259791273167586752423398365574840490589840760931330933153663610572105052991899747873162820597332774680852019648093026677385832477743712251101283124226177562482960229968454614518181671408087370470861868720907568897833024396451732590163092981012807519902318229831616765836718624963488831949580435432827733217408439155315703650338973929620375600769749724732842969809091062839961162903414781145856309869620232491730331544602044407528512590093000051687598915078403142228038429521535769261723830215164168364183400911820788037421668232634029535797319564940837455286601223687123775761772628317714229638569848375515207185731498184654798635117000544336843332645039895399651959153354302755284155315518687721209197160244374023124054432253755676100840772031534411165727549566867286348425872203182648649689009364802812090408127817138770766623834101272628178251636148335283757032625639356846009773027853358829519025768007874267865038309380969139952843934704724961549329091116100278176187644252641572581670099060968554829746443564601354435613817402176368743989342369582447959093801416281688316078974967539266559050064479381026500562155660222706178357650833077548138537965863212838718055252673986202584735224033177061497801025719354060093987316981826798488988718389622629657969942783530385889021822016505513706530609579165397550211818245598817401593695534130304085709446359391125699948610770867164296925948640911369132181316897244202322846067416402488899857999334239594051801552885142593780171284320916224394442931580644668731772404634040719006563513497938665174830088968649744527979394070611105840694354975273805652473085042854335038893928053965494788627308354371348029123432138950852418060274208641717460706558091148426338813994643354032648641847728648518122763255751977738274499098322020727186714787267522193563686629426081866415215248183540050600605038534589946599786045649322573187044911502460935059195215403420292495730867375046193045711742	2,-6,-6,-6,5,5,5,5,5,5,5,5	-6,-6,5,5,5,5,5,5,5,5,5,5	ok
1.103103	-12.672673	-48.351303	0.358492	continued:5	29797441240847192311964028853190280189674041619720799605070824129924103630349014387363218437041262128836255660367033565228906969921436065807110492954244538641922732381526988524213230765695165516739994474690365920321938836124680349407621389174422575433515432175857440806646186534711664095048200233844655797841473677453405663250260447801631435344135993128643147796482806147876468549439715749856071249659627599475987323671827369771865221845291756903281146615711384803434295024829277842831418694839941823883831566498004267261730671018929104843904442387870484365857888189536296648098670249137264353498164544236896672831076268761190520600080121584857972539648724104485926725981306583995477145957712627015939516317459995807158397098987563805866798273465357843109707315770267392401784231126954403131562900596901554920941929800667469540731596024416446057782475494050688655549937961178871708310774758509474199344274385665327650397601172390515912454512807551418600510707134665906879279435847487037545889115906146070551888130409417242517356945216602359496984048243451821412619142457943691164845601083632128546483691663273094080913772697520179354680054649028668957946549146753511281249223840930715689293831419123065851313060999449270994502051366517732748996349002023493589746389443904928584896086009937902409399920434894710434724828196433334435922244668719645070963172539209158021792443345390080700323594367010028199659713009657377267993424553187083049959871759642950546564115043686986727275079274165803791130947745943729088287446146315142597144867697576962518223254129784798352227596413586515092312600443544647088078963307588923763636270954682141162217889953313809670031390986549607323729776543960584738185340384283123633257672835492121369841702679003714621452511211488132879741846931541965183383174837080362231598519353499614715385644344696173540416779531065434514717344159270458185322190319002918880258798254585345793021680011380250162900736886694238160674778981671586382208590845498820890423879819056887601109365751288169363031295963144711437811826340557432543810457055113118374314559725013652447420706746641436778696524352787229829152569711848155287193266851071686745685042687177962542028756361060869980631274911665606915825007767093996814283157425089768909349591853180534020417877983831190934567547174451197027036328545009959409946568673189931891319140937683057466613144960188029307056843699539503135152185374427537954913055660224161914893302003539102496278970623526635768611491194218105289433947847410751650163321463340207577290361653284295849315999533959606886633457085563974953571689595287416222208201363712344572181242588061645200339451253286932525102910907083689274126797791574829676094911935693125515417479693245700545586849632114793883489894020589182643866659862269879522861085274501240188470144503049261976403001533674881602511292873745561199354906195581127298495235690714135319826928323334069849570106748106926807217065592924536332009850126335061121352445624550266729775884694105739726308839115329994490671173218127425760715447686495957442938227080980437674949283143843006920551744113229740734747747362441070220744173404608273321	29797441240847192311964028853190280189674041619720799605070824129924103630349014387363218437041262128836255660367033565228906969921436065807110492954244538641922732381526988524213230765695165516684856964886402475218726787375215748391120225301433133801809602551954799399621703470614032595261603547732880205461166225506383472517669360488304292936684047002677551828409989745109425630864985134416570483495028535097538525962819715706453278578056276781997658621821330623661439735037198469982874980353282521543069959364804122626389538391283710117759012920542190446628568269535485120906902702054290158140837938102629797883544586003735080140767802541056613215533165923427360817084903885101038661329655704061613434516352085161782006860284716509839924228309376088170740553115806220734141302650018634501634025387034749992958051378064427378851361912424198331364128012126763635821448538082680394661199446603105140135145773169572815900859756930566649614155831034729931372411256821392500159004312520315903886099984162552510340255905871686390450491265255143854483798306809277249937137025142121929769772557453409227374336478637679522061486857396500122803858655000540448236492623046012353049209921802961750250545471003760259791273167586752423398365574840490589840760931330933153663610572105052991899747873162820597332774680852019648093026677385832477743712251101283124226177562482960229968454614518181671408087370470861868720907568897833024396451732590163092981012807519902318229831616765836718624963488831949580435432827733217408439155315703650338973929620375600769749724732842969809091062839961162903414781145856309869620232491730331544602044407528512590093000051687598915078403142228038429521535769261723830215164168364183400911820788037421668232634029535797319564940837455286601223687123775761772628317714229638569848375515207185731498184654798635117000544336843332645039895399651959153354302755284155315518687721209197160244374023124054432253755676100840772031534411165727549566867286348425872203182648649689009364802812090408127817138770766623834101272628178251636148335283757032625639356846009773027853358829519025768007874267865038309380969139952843934704724961549329091116100278176187644252641572581670099060968554829746443564601354435613817402176368743989342369582447959093801416281688316078974967539266559050064479381026500562155660222706178357650833077548138537965863212838718055252673986202584735224033177061497801025719354060093987316981826798488988718389622629657969942783530385889021822016505513706530609579165397550211818245598817401593695534130304085709446359391125699948610770867164296925948640911369132181316897244202322846067416402488899857999334239594051801552885142593780171284320916224394442931580644668731772404634040719006563513497938665174830088968649744527979394070611105840694354975273805652473085042854335038893928053965494788627308354371348029123432138950852418060274208641717460706558091148426338813994643354032648641847728648518122763255751977738274499098322020727186714787267522193563686629426081866415215248183540050600605038534589946599786045649322573187044911502460935059195215403420292495730867375046193045711742	-3,-6,-6,-6,5,5,5,5,5,5,5,5	-6,-6,5,5,5,5,5,5,5,5,5,5	ok
1.107107	-12.672673	-51.975163	0.361286	continued:5	29797441240847192311964028853190280189674041619720799605070824129924103630349014387363218437041262128836255660367033565228906969921436065807110492954244538641922732381526988524213230765695165516684856964886402475218726787375215748391120225301433133801809602551954799399621703470614032595261603547732880205461166225506383472517669360488304292936684047002677551828409989745109425630864985134422947174036192029676553220396103130882265511904520585700060750003250408290764813305740477422359782820039739747407254492843904673997125272046292276306417333621045582187098816891641254388118615995970674429432143640587219546851245472290216391933922818852287307049811511896851490902758108182714579906084707050661444137404718752497700186533646977012126386231310469628485167472902657274048575829511420675849583871233492293848428541221683703895658880663414626906764071528467410178432304353617223441482864193285100928093077741519883221240668852955533544609985252847267621422519215919367648268592447396226122312801589022880752118604642744665731607650793670966429240278320289346701072396910943990827407366506294657734471869429577761769201815905758149439552557966791512695909540741385826452801383749837670132846076255208877441111028255639314683721896152222972659610778502167250388206319496091644576800518042282953107127735152949674642501225364311803082738998567568660973248892570776615618096826236884622139147705875370111744068017655377068065378420155582523314690391181662157396965204657300653427452578951026075409969174100785484002367366369978054855707104992275212587484962001890316544986296895365014011748573966026900095102134353346183698608536294107804962605762840101224500473237708348641407814554758179322279874788663664052216812339618945144505397223482601148690510660196743372663362700457853720123242574204493644316109048564406635298155512993540879586719742758271487604112182256738577165749281598076196331714942131113745988468896653365552046670625793977952111870552105626065555257783763246915130597022601351684519482589362900854694439954474714917778800393548284822291234450691377529287009703045679171132981670212423321868144548612660269313140514108344712314412075549652743734356565454272299767430963941342873443653789420520002400308726966460423831965162571084095619767446380266216839124815364903437721317014317338337058729561615264215703840338102278427789201000849354931940257298928842569719292027311269722201542266784673818540595057191267412490551219062116501374891936166146167623074251424945668570289335865802723990378237903528320395000294460089386640794505508906141570382739537954738187134424433912393953363672632843434159677465173962556187101541283143189128333343598400885656194501465129903849914039455223131646299267206519264377814229565014384084190393746894175841468225506590187073269127213525204020677793294682807207741802899848844418473544664682190667855040834130424113377701762664235945121814667285304352314198895055472097063163999496626876988128690449401260156787357342110343662547700333763437773159861494855707414046859072560424286883174913956399295506555892944113650333432823906265594584763002824858245916660888975417528114150899817960	29797441240847192311964028853190280189674041619720799605070824129924103630349014387363218437041262128836255660367033565228906969921436065807110492954244538641922732381526988524213230765695165516684856964886402475218726787375215748391120225301433133801809602551954799399621703470614032595261603547732880205461166225506383472517669360488304292936684047002677551828409989745109425630864985134416570483495028535097538525962819715706453278578056276781997658621821330623661439735037198469982874980353282521543069959364804122626389538391283710117759012920542190446628568269535485120906902702054290158140837938102629797883544586003735080140767802541056613215533165923427360817084903885101038661329655704061613434516352085161782006860284716509839924228309376088170740553115806220734141302650018634501634025387034749992958051378064427378851361912424198331364128012126763635821448538082680394661199446603105140135145773169572815900859756930566649614155831034729931372411256821392500159004312520315903886099984162552510340255905871686390450491265255143854483798306809277249937137025142121929769772557453409227374336478637679522061486857396500122803858655000540448236492623046012353049209921802961750250545471003760259791273167586752423398365574840490589840760931330933153663610572105052991899747873162820597332774680852019648093026677385832477743712251101283124226177562482960229968454614518181671408087370470861868720907568897833024396451732590163092981012807519902318229831616765836718624963488831949580435432827733217408439155315703650338973929620375600769749724732842969809091062839961162903414781145856309869620232491730331544602044407528512590093000051687598915078403142228038429521535769261723830215164168364183400911820788037421668232634029535797319564940837455286601223687123775761772628317714229638569848375515207185731498184654798635117000544336843332645039895399651959153354302755284155315518687721209197160244374023124054432253755676100840772031534411165727549566867286348425872203182648649689009364802812090408127817138770766623834101272628178251636148335283757032625639356846009773027853358829519025768007874267865038309380969139952843934704724961549329091116100278176187644252641572581670099060968554829746443564601354435613817402176368743989342369582447959093801416281688316078974967539266559050064479381026500562155660222706178357650833077548138537965863212838718055252673986202584735224033177061497801025719354060093987316981826798488988718389622629657969942783530385889021822016505513706530609579165397550211818245598817401593695534130304085709446359391125699948610770867164296925948640911369132181316897244202322846067416402488899857999334239594051801552885142593780171284320916224394442931580644668731772404634040719006563513497938665174830088968649744527979394070611105840694354975273805652473085042854335038893928053965494788627308354371348029123432138950852418060274208641717460706558091148426338813994643354032648641847728648518122763255751977738274499098322020727186714787267522193563686629426081866415215248183540050600605038534589946599786045649322573187044911502460935059195215403420292495730867375046193045711742	-3,-6,-6,5,5,5,5,5,5,5,5,5	-6,-6,5,5,5,5,5,5,5,5,5,5	ok
1.111111	-12.672673	-54.208039	0.364079	continued:5	29797441240847192311964028853190280189674041619720799605070824129924103630349014387363218437041262128836255660367033565228906969921436065807110492954244538641922732381526988524213230765695165516684856964886402475218726787375215748391120225301433133801809602551954799399621703470614032595261603547732880205461166225506383472517669360488304292936684047002677551828409989745109425630864985134416570483495028535097538525962819715706453278578056276781997658621821330623661439735037198469982874980353282521543069959364804122626389538391283710117759012920542190446628568269535485120906902702054290158140837938102629797883544586003735080140767802541056613215533165923427360817084903885101038661329655704061613434516352085161782006860284716509839924228309376088170740553115806220734141302649848057010058913693667459286835607211129246633087358315863204490737630361736531172516441701350353989780844469604679326961211342427047892996344090028808147916171706518889485060629487737417917569767213496185589810977631686161593663266872708183305924891421716519836703659212884206754774705296603977160595587057551946392243523306131003376817168847344668193734612715320449809071341032253817577093207483930220945124667599152474307313066288132598337858614967222060190098955400369833539728841815639323595546756206693047251103075382837527829820663088922381252193091723767612410835446041002371833244855823858875455973221693803924258499763326053205682414512096667270504543905693204277613951276144204402168422635613346089666241936344317839882762737246424381784741408159245368710128847124504748050503990781578764654952474606245487855709595539854347610025507672219867684075552108204020693002392797889951477922785294312425920409366840810613018774876035748947379126660344457923252911827963127050021684207491337122395166780647517198338054767054442830301426205055903496259126862605237461976535076098361397823326293402766043365501433603630557342200025311413646849469234032797183111462861504199013456412011237770868264340994109716529640416837224889583615851124891019011469211713408349279357454776504261682254599836296540677490414109971322704682648733858505710837948572489470743258918957985499447890480082719124734380717079913908027937921038192208772571802079613448093696186733643290284870878794124360980883995900352900169251996630745408968647196739083264462897694864636367981485763873831510074976212279157827568788748587208370309400277301513089418026501765935875688452475036335026926035984960464181697274556613221792458622338022538497456852545560958161633631393846791355693736324319823254493130493254534323699909944897503934906464549927864564116780764548724526005167288450207785182052845344488503149127553784912040092721239672966494161951435228870510203666458503407381527800202537379296899084196749484248017397623225360741557400356939447786030212738157097386153120302032851798323144081850357605420034876762332505768871767157279014091641205177376396947992882728922995266027851166827789653411295075675561410671580097156184523046122900782989756625456112627833322130591146902407883006284348590074036026446197103992744951409686477908471095192610419082790255192110341133645545	29797441240847192311964028853190280189674041619720799605070824129924103630349014387363218437041262128836255660367033565228906969921436065807110492954244538641922732381526988524213230765695165516684856964886402475218726787375215748391120225301433133801809602551954799399621703470614032595261603547732880205461166225506383472517669360488304292936684047002677551828409989745109425630864985134416570483495028535097538525962819715706453278578056276781997658621821330623661439735037198469982874980353282521543069959364804122626389538391283710117759012920542190446628568269535485120906902702054290158140837938102629797883544586003735080140767802541056613215533165923427360817084903885101038661329655704061613434516352085161782006860284716509839924228309376088170740553115806220734141302650018634501634025387034749992958051378064427378851361912424198331364128012126763635821448538082680394661199446603105140135145773169572815900859756930566649614155831034729931372411256821392500159004312520315903886099984162552510340255905871686390450491265255143854483798306809277249937137025142121929769772557453409227374336478637679522061486857396500122803858655000540448236492623046012353049209921802961750250545471003760259791273167586752423398365574840490589840760931330933153663610572105052991899747873162820597332774680852019648093026677385832477743712251101283124226177562482960229968454614518181671408087370470861868720907568897833024396451732590163092981012807519902318229831616765836718624963488831949580435432827733217408439155315703650338973929620375600769749724732842969809091062839961162903414781145856309869620232491730331544602044407528512590093000051687598915078403142228038429521535769261723830215164168364183400911820788037421668232634029535797319564940837455286601223687123775761772628317714229638569848375515207185731498184654798635117000544336843332645039895399651959153354302755284155315518687721209197160244374023124054432253755676100840772031534411165727549566867286348425872203182648649689009364802812090408127817138770766623834101272628178251636148335283757032625639356846009773027853358829519025768007874267865038309380969139952843934704724961549329091116100278176187644252641572581670099060968554829746443564601354435613817402176368743989342369582447959093801416281688316078974967539266559050064479381026500562155660222706178357650833077548138537965863212838718055252673986202584735224033177061497801025719354060093987316981826798488988718389622629657969942783530385889021822016505513706530609579165397550211818245598817401593695534130304085709446359391125699948610770867164296925948640911369132181316897244202322846067416402488899857999334239594051801552885142593780171284320916224394442931580644668731772404634040719006563513497938665174830088968649744527979394070611105840694354975273805652473085042854335038893928053965494788627308354371348029123432138950852418060274208641717460706558091148426338813994643354032648641847728648518122763255751977738274499098322020727186714787267522193563686629426081866415215248183540050600605038534589946599786045649322573187044911502460935059195215403420292495730867375046193045711742	-3,5,5,5,5,5,5,5,5,5,5,5	-6,-6,5,5,5,5,5,5,5,5,5,5	ok
1.115115	-12.672673	-55.475432	0.366872	continued:5	29797441240847192311964028853190280189674041619603208763749371508654175656239759120823018583819432842856072964773811906794674029226257134559926958023627828229482102948146659358247693909433828355251852303618781722983610904266564349795689252265672487165285132143009740477765743819749350296414932032879553240708168605270837504145567118242646612525121596621991880871911956242348460586057486327157844178203677821423846690153605322754833936079380890401496663555654736612821219775637784369562160938013801691861882494867156579306823998622232827846080292471313535410868209411673947378565575536115579243277027142779574736423324600243426810375893740503969368747404853979076083158875180441209983118988249682058667482706209191947443020790042246338706337792167304598864556745506120587206567250515724432880539773081128704208631823416697616312922060986644406544642811900344164615587995387059554396316547888435881274919919148250839840859142067449961675767356348825220706744807770669145331613173118947637914058392088019273573305293123161222781900316049564506362371319649708987031611857524473974849450606392703567524343382933186572009583678890189202552208286039769251895099935887559734574649064285396965220029237022323125695241049985715908880624114037388515359296025693713545639468618390292468066897772347859700687859415626328926818811509251433684071329068986890899236934357536167157771199123283886773276462137137489785835268518874830591464224499510515594133163472079797904473529757364336488582429157779363246757323371116070798067891494527965899973045062022630110949426056581453937478675918669704388094011862572064596045876469602107537373393494438683256817101900316766630621833796272653310053837459165182629568195153059929850406703559493148424892681569263737445852489183479990813336643805528448925059635436878903752041389834327861470531191076239161123990298624150600803597825046302978695181312916878089991196537585511100062821825572442864661515150462418682296731931839791915071284656073678554688975832874283839570675758081494137425899222972327934987117332999978532286054334793942731609581724960229966754121644588163971435981692365759697373264965351429011587428974647318234734848112509766742222511890691488224459762036650973087411314687448442370395108073197750611853385313252139844614501473359551818389205682107720981661438845446804766257862571778634262828834168725261289593740971537422607344737093371372587621075411323164766436541795698752182664148369020883487974309651902777957146071738682365451520857646454221723676159660826603453946317999674857522857572131458129940506662093287652360811023741163464195380106801835364474701354186588951952853363996932229906504212294818222364836629389364618683741404673459643487216876114977739874631344572617502226738991958976689295873658918036518885911750017559009968473055372011956133220787609177486048693481323381570539221108154025674889430712911380547805412365907354230567853444899681054184754128187192198841640589512001143864470646396885759308683955452999196999454492854243476361890282731256132867672908297153250954991190921725332657967328526290001380550152085125909711063278278869033297705156180668693690255511	29797441240847192311964028853190280189674041619720799605070824129924103630349014387363218437041262128836255660367033565228906969921436065807110492954244538641922732381526988524213230765695165516684856964886402475218726787375215748391120225301433133801809602551954799399621703470614032595261603547732880205461166225506383472517669360488304292936684047002677551828409989745109425630864985134416570483495028535097538525962819715706453278578056276781997658621821330623661439735037198469982874980353282521543069959364804122626389538391283710117759012920542190446628568269535485120906902702054290158140837938102629797883544586003735080140767802541056613215533165923427360817084903885101038661329655704061613434516352085161782006860284716509839924228309376088170740553115806220734141302650018634501634025387034749992958051378064427378851361912424198331364128012126763635821448538082680394661199446603105140135145773169572815900859756930566649614155831034729931372411256821392500159004312520315903886099984162552510340255905871686390450491265255143854483798306809277249937137025142121929769772557453409227374336478637679522061486857396500122803858655000540448236492623046012353049209921802961750250545471003760259791273167586752423398365574840490589840760931330933153663610572105052991899747873162820597332774680852019648093026677385832477743712251101283124226177562482960229968454614518181671408087370470861868720907568897833024396451732590163092981012807519902318229831616765836718624963488831949580435432827733217408439155315703650338973929620375600769749724732842969809091062839961162903414781145856309869620232491730331544602044407528512590093000051687598915078403142228038429521535769261723830215164168364183400911820788037421668232634029535797319564940837455286601223687123775761772628317714229638569848375515207185731498184654798635117000544336843332645039895399651959153354302755284155315518687721209197160244374023124054432253755676100840772031534411165727549566867286348425872203182648649689009364802812090408127817138770766623834101272628178251636148335283757032625639356846009773027853358829519025768007874267865038309380969139952843934704724961549329091116100278176187644252641572581670099060968554829746443564601354435613817402176368743989342369582447959093801416281688316078974967539266559050064479381026500562155660222706178357650833077548138537965863212838718055252673986202584735224033177061497801025719354060093987316981826798488988718389622629657969942783530385889021822016505513706530609579165397550211818245598817401593695534130304085709446359391125699948610770867164296925948640911369132181316897244202322846067416402488899857999334239594051801552885142593780171284320916224394442931580644668731772404634040719006563513497938665174830088968649744527979394070611105840694354975273805652473085042854335038893928053965494788627308354371348029123432138950852418060274208641717460706558091148426338813994643354032648641847728648518122763255751977738274499098322020727186714787267522193563686629426081866415215248183540050600605038534589946599786045649322573187044911502460935059195215403420292495730867375046193045711742	-3,-5,-5,-5,-5,-5,5,5,5,5,5,5	-6,-6,5,5,5,5,5,5,5,5,5,5	ok
1.119119	-12.672673	-56.234711	0.369666	continued:5	29797441240847192311963359151770506844245919754140598777594073307282442101017941578230126015080639202393161713925914729792807419060259253113773743152872383682193520306142223508881446652055425312692975502140702252336790510628798537629288866314570992929013719306872276785735293716767954215584894745900945223896348538319229943254099531690682313384694560285158836887002046346552524495326039021482817236600254937066402268134727507001684353439690121951833725828655129430538226380977902306708662915597288487588381703179603621032721594437109474452871404987578924621113278163258198227541518343864116563633830072804414147792167637816980882951953198654849192134901776920356105655707048443030531819730017166101238131152848317065625182331036199432071955898891649452871695727207620308381960941402641930894991063927933061374378515063899579852433257334724012107324098682001014140668478912486189935979904447508116386027731483134792107701799400814775882438506263662721562087753648804786769934076344500545407381666685052964366260702061277171849688728795657661397493736527426687056412493854371576567049792632918769758349763493763449003953715126572029393989982901723144538858431394079990924153370533384406417332532557032387374858080677859991889465163791643041527515181112160476894644887841087274792352402375387608360946322393026023747332103105567780998612539907924606087796479504780331491206131611187097545317754804499566116002008570039964894814837584562596329101610150330549743134890171234030812015919466565151080485850041413590384598915999585004881694122368469634743972658408624304468231644591143916480605514000542039860672178172837894422595482776001910224463371936245396801684921866677915289118445525017895130996604601292422763867699856015691023896592916264084665793243393738081129958533828740057912911077402665427116410114272614925810202674735376685956849601267657542707497245918691724938971928120338274910616227677507309161796961169439550220674355811715843406198960110054145226956083066442666366224031347610903701218598653097557948779995711268385947831961866516255517688830109359019188626904726985416481456144300419434772967455828414111863236701215374506885351547897395656508071980593649888869150773981832870691805024556402400000826818806188914222767660349358890803169074764717829534193602197290243481377608289545185206588524918399883411020383494425500299634846568152139323797953284882540783445116895041309263437983454270200132460419473581440669928700991841036264008862401474211166607804388440489300654533714894377346925402281104463269613265628241019660696133128189831065207577375635591933655574701676850802435071992385008889916338462503101307903287612548804667574395719308595722568603287764939278287046470742085830035162042324072060490701235526564632356558914705899546454957434575064912317341294639268433830534184373407845258404776641741871868698110912256519454960925112523311932125680918765838342103620870501265605705724155676292326569545967189315906732338985057505979251364057213816802278048809068313440490441096911114516043362299904198691540275397905426165578867117224724206643352620954658974912964625394682804252120830790163413165379371709205	29797441240847192311964028853190280189674041619720799605070824129924103630349014387363218437041262128836255660367033565228906969921436065807110492954244538641922732381526988524213230765695165516684856964886402475218726787375215748391120225301433133801809602551954799399621703470614032595261603547732880205461166225506383472517669360488304292936684047002677551828409989745109425630864985134416570483495028535097538525962819715706453278578056276781997658621821330623661439735037198469982874980353282521543069959364804122626389538391283710117759012920542190446628568269535485120906902702054290158140837938102629797883544586003735080140767802541056613215533165923427360817084903885101038661329655704061613434516352085161782006860284716509839924228309376088170740553115806220734141302650018634501634025387034749992958051378064427378851361912424198331364128012126763635821448538082680394661199446603105140135145773169572815900859756930566649614155831034729931372411256821392500159004312520315903886099984162552510340255905871686390450491265255143854483798306809277249937137025142121929769772557453409227374336478637679522061486857396500122803858655000540448236492623046012353049209921802961750250545471003760259791273167586752423398365574840490589840760931330933153663610572105052991899747873162820597332774680852019648093026677385832477743712251101283124226177562482960229968454614518181671408087370470861868720907568897833024396451732590163092981012807519902318229831616765836718624963488831949580435432827733217408439155315703650338973929620375600769749724732842969809091062839961162903414781145856309869620232491730331544602044407528512590093000051687598915078403142228038429521535769261723830215164168364183400911820788037421668232634029535797319564940837455286601223687123775761772628317714229638569848375515207185731498184654798635117000544336843332645039895399651959153354302755284155315518687721209197160244374023124054432253755676100840772031534411165727549566867286348425872203182648649689009364802812090408127817138770766623834101272628178251636148335283757032625639356846009773027853358829519025768007874267865038309380969139952843934704724961549329091116100278176187644252641572581670099060968554829746443564601354435613817402176368743989342369582447959093801416281688316078974967539266559050064479381026500562155660222706178357650833077548138537965863212838718055252673986202584735224033177061497801025719354060093987316981826798488988718389622629657969942783530385889021822016505513706530609579165397550211818245598817401593695534130304085709446359391125699948610770867164296925948640911369132181316897244202322846067416402488899857999334239594051801552885142593780171284320916224394442931580644668731772404634040719006563513497938665174830088968649744527979394070611105840694354975273805652473085042854335038893928053965494788627308354371348029123432138950852418060274208641717460706558091148426338813994643354032648641847728648518122763255751977738274499098322020727186714787267522193563686629426081866415215248183540050600605038534589946599786045649322573187044911502460935059195215403420292495730867375046193045711742	3,-5,-5,-5,-5,-5,-5,5,5,5,5,5	-6,-6,5,5,5,5,5,5,5,5,5,5	ok
1.123123	-12.672673	-56.738963	0.369292	full	29797441240847192311963359151770506844245919754140598777594073307282442101017941578230126015080639202393161713925914729792807419060259253113773743152872383682193520306142223508881446652055425312692975502140702252336790510628798537629288866314570992929013719306872276785735293716767954215584894745900945223896348538319229943254099531690682313384694560285158836887002046346552524495326039021482817236600254937066402268134727507001684353439690121951833725828655129430538226380977902306708662915597288487588381703179603621032721594437109474452871404987578924621113278163258198227541518343864116563633830072804414147792167637816980882951953198654849192134901776920356105655707048443030531819730017166101238131152848317065625182331036199432071955898891649452871695727207620308381960941402641930894991063927933061374378515063899579852433257334724012107324098682001014140668478912486189935979904447508116386027731483134792107701799400814775882438506263662721562087753648804786769934076344500545407381666685052964366260702061277171849688728795657661397493736527426687056412493854371576567049792632918769758349763493763449003953715126572029393989982901723144538858431394079990924153370533384406417332532557032387374858080677859991889465163791643041527515181112160476894644887841087274792352402375387608360946322393026023747332103105567780998612539907924606087796479504780331491206131611187097545317754804499566116002008570039964894814837584562596329101610150330549743134890171234030812015919466565151080485850041413590384598915999585004881694122368469634743972658408624304468231644591143916480605514000542039860672178172837894422595482776001910224463371936245396801684921866677915289118445525017895130996604601292422763867699856015691023896592916264084665793243393738081129958533828740057912911077402665427116410114272614925810202674735376685956849601267657542707497245918691724938971928120338274910616227677507309161796961169439550220674355811715843406198960110054145226956083066442666366224031347610903701218598653097557948779995711268385947831961866516255517688830109359019188626904726985416481456144300419434772967455828414111863236701215374506885351547897395656508071980593649888869150773981832870691805024556402400000826818806188914222767660349358890803169074764717829534193602197290243481377608289545185206588524918399883411020383494425500299634846568152139323797953284882540783445116895041309263437983454270200132460419473581440669928700991841036264008862401474211166607804388440489300654533714894377346925402281104463269613265628241019660696133128189831065207577375635591933655574701676850802435071992385008889916338462503101307903287612548804667574395719308595722568603287764939278287046470742085830035162042324072060490701235526564632356558914705899546454957434575064912317341294639268433830534184373407845258404776641741871868698110912256519454960925112523311932125680918765838342103620870501265605705724155676292326569545967189315906732338985057505979251364057213816802278048809068313440490441096911114516043362299904198691540275397905426165578867117224724206643352620954658974912964625394682804252120830790163413165379371709205	29797441240847192311964028853190280189674041619720799605070824129924103630349014387363218437041262128836255660367033565228906969921436065807110492954244538641922732381526988524213230765695165516684856964886402475218726787375215748391120225301433133801809602551954799399621703470614032595261603547732880205461166225506383472517669360488304292936684047002677551828409989745109425630864985134416570483495028535097538525962819715706453278578056276781997658621821330623661439735037198469982874980353282521543069959364804122626389538391283710117759012920542190446628568269535485120906902702054290158140837938102629797883544586003735080140767802541056613215533165923427360817084903885101038661329655704061613434516352085161782006860284716509839924228309376088170740553115806220734141302650018634501634025387034749992958051378064427378851361912424198331364128012126763635821448538082680394661199446603105140135145773169572815900859756930566649614155831034729931372411256821392500159004312520315903886099984162552510340255905871686390450491265255143854483798306809277249937137025142121929769772557453409227374336478637679522061486857396500122803858655000540448236492623046012353049209921802961750250545471003760259791273167586752423398365574840490589840760931330933153663610572105052991899747873162820597332774680852019648093026677385832477743712251101283124226177562482960229968454614518181671408087370470861868720907568897833024396451732590163092981012807519902318229831616765836718624963488831949580435432827733217408439155315703650338973929620375600769749724732842969809091062839961162903414781145856309869620232491730331544602044407528512590093000051687598915078403142228038429521535769261723830215164168364183400911820788037421668232634029535797319564940837455286601223687123775761772628317714229638569848375515207185731498184654798635117000544336843332645039895399651959153354302755284155315518687721209197160244374023124054432253755676100840772031534411165727549566867286348425872203182648649689009364802812090408127817138770766623834101272628178251636148335283757032625639356846009773027853358829519025768007874267865038309380969139952843934704724961549329091116100278176187644252641572581670099060968554829746443564601354435613817402176368743989342369582447959093801416281688316078974967539266559050064479381026500562155660222706178357650833077548138537965863212838718055252673986202584735224033177061497801025719354060093987316981826798488988718389622629657969942783530385889021822016505513706530609579165397550211818245598817401593695534130304085709446359391125699948610770867164296925948640911369132181316897244202322846067416402488899857999334239594051801552885142593780171284320916224394442931580644668731772404634040719006563513497938665174830088968649744527979394070611105840694354975273805652473085042854335038893928053965494788627308354371348029123432138950852418060274208641717460706558091148426338813994643354032648641847728648518122763255751977738274499098322020727186714787267522193563686629426081866415215248183540050600605038534589946599786045649322573187044911502460935059195215403420292495730867375046193045711742	3,-5,-5,-5,-5,-5,-5,5,5,5,5,5	-6,-6,5,5,5,5,5,5,5,5,5,5	ok
1.127127	-12.672673	-18.484931	0.348070	continued:5	29797441240847192311964028853190280189674041619720799605070824129924103630349014387363218437041262128836255660367033565228906969921436065807110492954244538641922732381526988524213230765695165516739994474690365920321938836124680349407621389174422575433515432175857440806646186534711664095048200233844655797841473677453405663250260447801631435344135993128643147796482806147876468549439715749856071249659627599475987323671827369771865221845291756903281146615711384803434295024829277842831418694839941823883831566498004267261730671018929104843904442387870484365857888189536296648098670249137264353498164544236896672831076268761190520600080121584857972539648724104485926725981306583995477145957712627015939516317459995807158397098987563805866798273465357843109707315770267392401784231126954403131562900596901554920941929800667469540731596024416446057782475494050688655549937961178871708310774758509474199344274385665327650397601172390515912454512807551418600510707134665906879279435847487037545889115906146070551888130409417242517356945216602359496984048243451821412619142457943691164845601083632128546483691663273094080913772697520179354680054649028668957946549146753511281249223840930715689293831419123065851313060999449270994502051366517732748996349002023493589746389443904928584896086009937902409399920434894710434724828196433334435922244668719645070963172539209158021792443345390080700323594367010028199659713009657377267993424553187083049959871759642950546564115043686986727275079274165803791130947745943729088287446146315142597144867697576962518223254129784798352227596413586515092312600443544647088078963307588923763636270954682141162217889953313809670031390986549607323729776543960584738185340384283123633257672835492121369841702679003714621452511211488132879741846931541965183383174837080362231598519353499614715385644344696173540416779531065434514717344159270458185322190319002918880258798254585345793021680011380250162900736886694238160674778981671586382208590845498820890423879819056887601109365751288169363031295963144711437811826340557432543810457055113118374314559725013652447420706746641436778696524352787229829152569711848155287193266851071686745685042687177962542028756361060869980631274911665606915825007767093996814283157425089768909349591853180534020417877983831190934567547174451197027036328545009959409946568673189931891319140937683057466613144960188029307056843699539503135152185374427537954913055660224161914893302003539102496278970623526635768611491194218105289433947847410751650163321463340207577290361653284295849315999533959606886633457085563974953571689595287416222208201363712344572181242588061645200339451253286932525102910907083689274126797791574829676094911935693125515417479693245700545586849632114793883489894020589182643866659862269879522861085274501240188470144503049261976403001533674881602511292873745561199354906195581127298495235690714135319826928323334069849570106748106926807217065592924536332009850126335061121352445624550266729775884694105739726308839115329994490671173218127425760715447686495957442938227080980437674949283143843006920551744113229740734747747362441070220744173404608273321	29797441240847192311964028853190280189674041619720799605070824129924103630349014387363218437041262128836255660367033565228906969921436065807110492954244538641922732381526988524213230765695165516684856964886402475218726787375215748391120225301433133801809602551954799399621703470614032595261603547732880205461166225506383472517669360488304292936684047002677551828409989745109425630864985134416570483495028535097538525962819715706453278578056276781997658621821330623661439735037198469982874980353282521543069959364804122626389538391283710117759012920542190446628568269535485120906902702054290158140837938102629797883544586003735080140767802541056613215533165923427360817084903885101038661329655704061613434516352085161782006860284716509839924228309376088170740553115806220734141302650018634501634025387034749992958051378064427378851361912424198331364128012126763635821448538082680394661199446603105140135145773169572815900859756930566649614155831034729931372411256821392500159004312520315903886099984162552510340255905871686390450491265255143854483798306809277249937137025142121929769772557453409227374336478637679522061486857396500122803858655000540448236492623046012353049209921802961750250545471003760259791273167586752423398365574840490589840760931330933153663610572105052991899747873162820597332774680852019648093026677385832477743712251101283124226177562482960229968454614518181671408087370470861868720907568897833024396451732590163092981012807519902318229831616765836718624963488831949580435432827733217408439155315703650338973929620375600769749724732842969809091062839961162903414781145856309869620232491730331544602044407528512590093000051687598915078403142228038429521535769261723830215164168364183400911820788037421668232634029535797319564940837455286601223687123775761772628317714229638569848375515207185731498184654798635117000544336843332645039895399651959153354302755284155315518687721209197160244374023124054432253755676100840772031534411165727549566867286348425872203182648649689009364802812090408127817138770766623834101272628178251636148335283757032625639356846009773027853358829519025768007874267865038309380969139952843934704724961549329091116100278176187644252641572581670099060968554829746443564601354435613817402176368743989342369582447959093801416281688316078974967539266559050064479381026500562155660222706178357650833077548138537965863212838718055252673986202584735224033177061497801025719354060093987316981826798488988718389622629657969942783530385889021822016505513706530609579165397550211818245598817401593695534130304085709446359391125699948610770867164296925948640911369132181316897244202322846067416402488899857999334239594051801552885142593780171284320916224394442931580644668731772404634040719006563513497938665174830088968649744527979394070611105840694354975273805652473085042854335038893928053965494788627308354371348029123432138950852418060274208641717460706558091148426338813994643354032648641847728648518122763255751977738274499098322020727186714787267522193563686629426081866415215248183540050600605038534589946599786045649322573187044911502460935059195215403420292495730867375046193045711742	-3,-6,-6,-6,5,5,5,5,5,5,5,5	-6,-6,5,5,5,5,5,5,5,5,5,5	ok
1.131131	-12.672673	-44.660047	0.350863	continued:5	29797441240847192311964028853190280189674041619720799605070824129924103630349014387363218437041262128836255660367033565228906969921436065807110492954244538641922732381526988524213230765695165516739994474690365920321938836124680349407621389174422575433515432175857440806646186534711664095048200233844655797841473677453405663250260447801631435344135993128643147796482806147876468549439715749856071249659627599475987323671827369771865221845291756903281146615711384803434295024829277842831418694839941823883831566498004267261730671018929104843904442387870484365857888189536296648098670249137264353498164544236896672831076268761190520600080121584857972539648724104485926725981306583995477145957712627015939516317459995807158397098987563805866798273465357843109707315770267392401784231126954403131562900596901554920941929800667469540731596024416446057782475494050688655549937961178871708310774758509474199344274385665327650397601172390515912454512807551418600510707134665906879279435847487037545889115906146070551888130409417242517356945216602359496984048243451821412619142457943691164845601083632128546483691663273094080913772697520179354680054649028668957946549146753511281249223840930715689293831419123065851313060999449270994502051366517732748996349002023493589746389443904928584896086009937902409399920434894710434724828196433334435922244668719645070963172539209158021792443345390080700323594367010028199659713009657377267993424553187083049959871759642950546564115043686986727275079274165803791130947745943729088287446146315142597144867697576962518223254129784798352227596413586515092312600443544647088078963307588923763636270954682141162217889953313809670031390986549607323729776543960584738185340384283123633257672835492121369841702679003714621452511211488132879741846931541965183383174837080362231598519353499614715385644344696173540416779531065434514717344159270458185322190319002918880258798254585345793021680011380250162900736886694238160674778981671586382208590845498820890423879819056887601109365751288169363031295963144711437811826340557432543810457055113118374314559725013652447420706746641436778696524352787229829152569711848155287193266851071686745685042687177962542028756361060869980631274911665606915825007767093996814283157425089768909349591853180534020417877983831190934567547174451197027036328545009959409946568673189931891319140937683057466613144960188029307056843699539503135152185374427537954913055660224161914893302003539102496278970623526635768611491194218105289433947847410751650163321463340207577290361653284295849315999533959606886633457085563974953571689595287416222208201363712344572181242588061645200339451253286932525102910907083689274126797791574829676094911935693125515417479693245700545586849632114793883489894020589182643866659862269879522861085274501240188470144503049261976403001533674881602511292873745561199354906195581127298495235690714135319826928323334069849570106748106926807217065592924536332009850126335061121352445624550266729775884694105739726308839115329994490671173218127425760715447686495957442938227080980437674949283143843006920551744113229740734747747362441070220744173404608273321	29797441240847192311964028853190280189674041619720799605070824129924103630349014387363218437041262128836255660367033565228906969921436065807110492954244538641922732381526988524213230765695165516684856964886402475218726787375215748391120225301433133801809602551954799399621703470614032595261603547732880205461166225506383472517669360488304292936684047002677551828409989745109425630864985134416570483495028535097538525962819715706453278578056276781997658621821330623661439735037198469982874980353282521543069959364804122626389538391283710117759012920542190446628568269535485120906902702054290158140837938102629797883544586003735080140767802541056613215533165923427360817084903885101038661329655704061613434516352085161782006860284716509839924228309376088170740553115806220734141302650018634501634025387034749992958051378064427378851361912424198331364128012126763635821448538082680394661199446603105140135145773169572815900859756930566649614155831034729931372411256821392500159004312520315903886099984162552510340255905871686390450491265255143854483798306809277249937137025142121929769772557453409227374336478637679522061486857396500122803858655000540448236492623046012353049209921802961750250545471003760259791273167586752423398365574840490589840760931330933153663610572105052991899747873162820597332774680852019648093026677385832477743712251101283124226177562482960229968454614518181671408087370470861868720907568897833024396451732590163092981012807519902318229831616765836718624963488831949580435432827733217408439155315703650338973929620375600769749724732842969809091062839961162903414781145856309869620232491730331544602044407528512590093000051687598915078403142228038429521535769261723830215164168364183400911820788037421668232634029535797319564940837455286601223687123775761772628317714229638569848375515207185731498184654798635117000544336843332645039895399651959153354302755284155315518687721209197160244374023124054432253755676100840772031534411165727549566867286348425872203182648649689009364802812090408127817138770766623834101272628178251636148335283757032625639356846009773027853358829519025768007874267865038309380969139952843934704724961549329091116100278176187644252641572581670099060968554829746443564601354435613817402176368743989342369582447959093801416281688316078974967539266559050064479381026500562155660222706178357650833077548138537965863212838718055252673986202584735224033177061497801025719354060093987316981826798488988718389622629657969942783530385889021822016505513706530609579165397550211818245598817401593695534130304085709446359391125699948610770867164296925948640911369132181316897244202322846067416402488899857999334239594051801552885142593780171284320916224394442931580644668731772404634040719006563513497938665174830088968649744527979394070611105840694354975273805652473085042854335038893928053965494788627308354371348029123432138950852418060274208641717460706558091148426338813994643354032648641847728648518122763255751977738274499098322020727186714787267522193563686629426081866415215248183540050600605038534589946599786045649322573187044911502460935059195215403420292495730867375046193045711742	-3,-6,-6,-6,5,5,5,5,5,5,5,5	-6,-6,5,5,5,5,5,5,5,5,5,5	ok
1.135135	-12.672673	-50.140024	0.350362	continued:5	29797441240847192311964028853190280189674041619720799605070824129924103630349014387363218437041262128836255660367033565228906969921436065807110492954244538641922732381526988524213230765695165516739994474690365920321938836124680349407621389174422575433515432175857440806646186534711664095048200233844655797841473677453405663250260447801631435344135993128643147796482806147876468549439715749856071249659627599475987323671827369771865221845291756903281146615711384803434295024829277842831418694839941823883831566498004267261730671018929104843904442387870484365857888189536296648098670249137264353498164544236896672831076268761190520600080121584857972539648724104485926725981306583995477145957712627015939516317459995807158397098987563805866798273465357843109707315770267392401784231126954403131562900596901554920941929800667469540731596024416446057782475494050688655549937961178871708310774758509474199344274385665327650397601172390515912454512807551418600510707134665906879279435847487037545889115906146070551888130409417242517356945216602359496984048243451821412619142457943691164845601083632128546483691663273094080913772697520179354680054649028668957946549146753511281249223840930715689293831419123065851313060999449270994502051366517732748996349002023493589746389443904928584896086009937902409399920434894710434724828196433334435922244668719645070963172539209158021792443345390080700323594367010028199659713009657377267993424553187083049959871759642950546564115043686986727275079274165803791130947745943729088287446146315142597144867697576962518223254129784798352715837675594118806985587683149043776773084675357167092875490032573781047940690314981106285336120258927781070470490751735205241293719586249694778368982115950846836006101314098717728534737687726236199792424343164603623260703470821009011081051718275438504948243337035763248978324526870015150846779010076265196371872276060812852399702725355666815219164754229766028336683662091764782078342000553578460123042292381078210033531375859377344893581517787190563539202033263501646282771919355128753948945283658398341661233589319216257680030963089987980656835335551266945108705158832059908027186858069463970681512557923362665889906948542948116044215079103516068060413269386732339144050029195539857664709053378262266705475460987634168839656080541133048003536706897839289534930164432422601355792286471310531215661578992745829771794266689135081131056433837268543440597257225287325824799116136901547068078346767396625827112663263159166203093747413343357646000594022849900077533017986597594782812916970973743073149134239001154967277724985624593065527888166141247953437448060216461080527507481401435001188184075272243955824599651751323917615126995416228318844390766400031271570105520447423567432144955983182167651135155970164593424640858793433459261926801099226259958103548895106942517422959906957878671650325199804783111407803564286869549669908072727364003887765928279797960940625837923163412963106988273333670617003611670356856784486875379211654711046740314758323028398365727685904025055094484843088309853088511631559056958598874088684586438254565255696510606349079930777890749777218	29797441240847192311964028853190280189674041619720799605070824129924103630349014387363218437041262128836255660367033565228906969921436065807110492954244538641922732381526988524213230765695165516684856964886402475218726787375215748391120225301433133801809602551954799399621703470614032595261603547732880205461166225506383472517669360488304292936684047002677551828409989745109425630864985134416570483495028535097538525962819715706453278578056276781997658621821330623661439735037198469982874980353282521543069959364804122626389538391283710117759012920542190446628568269535485120906902702054290158140837938102629797883544586003735080140767802541056613215533165923427360817084903885101038661329655704061613434516352085161782006860284716509839924228309376088170740553115806220734141302650018634501634025387034749992958051378064427378851361912424198331364128012126763635821448538082680394661199446603105140135145773169572815900859756930566649614155831034729931372411256821392500159004312520315903886099984162552510340255905871686390450491265255143854483798306809277249937137025142121929769772557453409227374336478637679522061486857396500122803858655000540448236492623046012353049209921802961750250545471003760259791273167586752423398365574840490589840760931330933153663610572105052991899747873162820597332774680852019648093026677385832477743712251101283124226177562482960229968454614518181671408087370470861868720907568897833024396451732590163092981012807519902318229831616765836718624963488831949580435432827733217408439155315703650338973929620375600769749724732842969809091062839961162903414781145856309869620232491730331544602044407528512590093000051687598915078403142228038429521535769261723830215164168364183400911820788037421668232634029535797319564940837455286601223687123775761772628317714229638569848375515207185731498184654798635117000544336843332645039895399651959153354302755284155315518687721209197160244374023124054432253755676100840772031534411165727549566867286348425872203182648649689009364802812090408127817138770766623834101272628178251636148335283757032625639356846009773027853358829519025768007874267865038309380969139952843934704724961549329091116100278176187644252641572581670099060968554829746443564601354435613817402176368743989342369582447959093801416281688316078974967539266559050064479381026500562155660222706178357650833077548138537965863212838718055252673986202584735224033177061497801025719354060093987316981826798488988718389622629657969942783530385889021822016505513706530609579165397550211818245598817401593695534130304085709446359391125699948610770867164296925948640911369132181316897244202322846067416402488899857999334239594051801552885142593780171284320916224394442931580644668731772404634040719006563513497938665174830088968649744527979394070611105840694354975273805652473085042854335038893928053965494788627308354371348029123432138950852418060274208641717460706558091148426338813994643354032648641847728648518122763255751977738274499098322020727186714787267522193563686629426081866415215248183540050600605038534589946599786045649322573187044911502460935059195215403420292495730867375046193045711742	-4,-6,-6,-6,5,5,5,5,5,5,5,5	-6,-6,5,5,5,5,5,5,5,5,5,5	ok
1.139139	-12.672673	-53.216257	0.353155	continued:5	29797441240847192311964028853190280189674041619720799605070824129924103630349014387363218437041262128836255660367033565228906969921436065807110492954244538641922732381526988524213230765695165516684856964886402475218726787375215748391120225301433133801809602551954799399621703470614032595261603547732880205461166225506383472517669360488304292936684047002677551828409989745109425630864985134416570483495028535097538525962819715706453278578056276781997658621821330623661439735037198469982874980353282521543069959364804122626389538391283710117759012920542190446628568269535485120906902702054290158140837938102629797883544586003735080140767802541056613215533165923427360817084903885101038661329655704061613434516352085161782006860284716509839924228309376088170740553115806220734141302650018634501634025387034749992958051378064427378851361912424198331364128012126763635821448538082680394661199446603105140135145773169572815900859756930566649614155831034729931372411256821392500159004312520315903886099984162552510340255905871686390450491265255143854483798306809277249937137025142121929769772557453409227374336478637679522061486857396500122803858655000540448236492623046012353049209921802961750250545471003760259791273167586752423398365574840490589840760931330933153663610572105052991899747873162820597332774680852019648093026677385832477743712251101283124226177562482960229968454614518181671408087370470861868720907568897833024396451732590163092981012807519902318229831616765836718624963488831949580435432827733217408439155315703650338973929620375600769749724732842969807626339053938351759395819427043119803537868388425601556884387173853592932924598966685709069164215325093517189299393145937862320890026562464469965577892946661245269739438124250787998318261408740977996242378066408587894696117703613206911281080703380820713346613849295052983794558872903164934137420941136537684006470204096133691430363216104097393194766836746878531602489737478541861246399216574049434020784270250545816662617255815457878761003109605820204848926289001967572544399020071893549056695154366057473697618871008362243195022160449707725775500967487279759640093022910083058289333400978755896699121582967341566613947269618651590030851543939072458587139830458585422278590479883591065950097120315572897428432950124576261931693571585465405917662724479816895485660121746017170523457399719764206433448758215631039260870516137609371453304836454552072154711148139800220851410555925500938505861261058689244054969219727805806714724196121762763826576803676888307702468005014267637105613718203745120579548171808136056939567429638137357174652188469763991255531354328499408441614537004617328612061822907170034002730867226878228293975273044201694969592016197574689251564421681662758088274893598787782393612863857700000273062214708356335642658511559950460151871676328626798514879407165485706603428968463709109721084181748287483759685721579392302820232177021777445901508038877108175612295947033852218094852800119502555682233909818384817136363927932758865410818081464329541454952023469608216376398842438309173120380569806633493987551771300739845905256925798979003196703663077551981	29797441240847192311964028853190280189674041619720799605070824129924103630349014387363218437041262128836255660367033565228906969921436065807110492954244538641922732381526988524213230765695165516684856964886402475218726787375215748391120225301433133801809602551954799399621703470614032595261603547732880205461166225506383472517669360488304292936684047002677551828409989745109425630864985134416570483495028535097538525962819715706453278578056276781997658621821330623661439735037198469982874980353282521543069959364804122626389538391283710117759012920542190446628568269535485120906902702054290158140837938102629797883544586003735080140767802541056613215533165923427360817084903885101038661329655704061613434516352085161782006860284716509839924228309376088170740553115806220734141302650018634501634025387034749992958051378064427378851361912424198331364128012126763635821448538082680394661199446603105140135145773169572815900859756930566649614155831034729931372411256821392500159004312520315903886099984162552510340255905871686390450491265255143854483798306809277249937137025142121929769772557453409227374336478637679522061486857396500122803858655000540448236492623046012353049209921802961750250545471003760259791273167586752423398365574840490589840760931330933153663610572105052991899747873162820597332774680852019648093026677385832477743712251101283124226177562482960229968454614518181671408087370470861868720907568897833024396451732590163092981012807519902318229831616765836718624963488831949580435432827733217408439155315703650338973929620375600769749724732842969809091062839961162903414781145856309869620232491730331544602044407528512590093000051687598915078403142228038429521535769261723830215164168364183400911820788037421668232634029535797319564940837455286601223687123775761772628317714229638569848375515207185731498184654798635117000544336843332645039895399651959153354302755284155315518687721209197160244374023124054432253755676100840772031534411165727549566867286348425872203182648649689009364802812090408127817138770766623834101272628178251636148335283757032625639356846009773027853358829519025768007874267865038309380969139952843934704724961549329091116100278176187644252641572581670099060968554829746443564601354435613817402176368743989342369582447959093801416281688316078974967539266559050064479381026500562155660222706178357650833077548138537965863212838718055252673986202584735224033177061497801025719354060093987316981826798488988718389622629657969942783530385889021822016505513706530609579165397550211818245598817401593695534130304085709446359391125699948610770867164296925948640911369132181316897244202322846067416402488899857999334239594051801552885142593780171284320916224394442931580644668731772404634040719006563513497938665174830088968649744527979394070611105840694354975273805652473085042854335038893928053965494788627308354371348029123432138950852418060274208641717460706558091148426338813994643354032648641847728648518122763255751977738274499098322020727186714787267522193563686629426081866415215248183540050600605038534589946599786045649322573187044911502460935059195215403420292495730867375046193045711742	-3,-6,5,5,5,5,5,5,5,5,5,5	-6,-6,5,5,5,5,5,5,5,5,5,5	ok
1.143143	-12.672673	-55.062544	0.355949	continued:5	29797441240847192311964028853190280189674041619720799605070824129924103630349014387363218437041254878000809064742080050653014731436412537047651554041415874427799430157908191244386860561926414348011229507314747826145804191878840307371095613702016856900652234269589021920152395582152310662478382736417737716234896945772629640919171094397162708521836201332638201392862698838006879003459170341302606387232689235535225353383231891270218574085986182627217039549904300231786778453207827843265671500514463891487048722815502734993195020881830080027817494361075386222802112255242187769233212714940999644741580561611879275932983708253783854824310797606953097092268579955597563431367861147262763752208057462558799853144933976292987769990619944309805689979693387420062035479925990362067393879236261161892816178051350575912617148892756689521667666654720344810799324801139312018790414241242545622975333212702167928032574051213670442006142638920270877842040270616991607736651851882882143555853275968047691961745338648208261781268110773540854863723574842080162361325745064250020214216212738544712684667593190172693373642702404326538974275043190930439499208901942839964035064160433419064760051898905138152904801882597517373064221946360765765932160419510848113139771605353518497353954710013618968738404183810934100077718304628185913020410378513510017076788244500627867956667200702454599250672806198438333436897586141484546261458669353577478765291435841105892360453930916327795732299430567011986935082448281814481183902964399961712552757602742336768133385334911803266735543067013266281898652824080284694954083052183649737926994465708308880360629233990006422294236296433794092610739619342722769258057724967027732004487960352897097774196390558566251038288386248802058710636759669638885529712563656916919225271852132317780157808205227198591383730209354068389978636931761729521344866987147239749735877071075477306984864668273385649485928802525322951957882555501313513070427032870813975129859865662688620874321446062911527587152668790456728464396191194654550819546333550525181632477907759481632198569393381650671215734206782342585801820096918940129286811258682129297784284478763262559542387942189094902376654351923015697520156796836254463582213128979871375497725193399232468590618965778676051116981505007546542264189675233486837909606920481601186028458454217164990912095947208152414181661322408565250327651132032521954417386651576036398547778213062203805602578044887500814470166463118885877614233857729946794428256101717312708285195660929675791994975203620718280472518596745668151590816237612227820481191328256092302027247451543644202044097842047353245045845044011180267891530861816572253289719390148049704437883837102494186004548606512851906585417723125690142850155670977482880901607640759470757777214144225201001991961446597776209519853916188847943196602203695409487623527234950579520943292779095607109167484093987913370035047279202214826542931151889283039987608198105432316743220405367973732825398374662015420923915185899477559484000923206029984899887194970767337593657517539221649805398459987630677547807330213403181896178094047862989371704882187692649	29797441240847192311964028853190280189674041619720799605070824129924103630349014387363218437041262128836255660367033565228906969921436065807110492954244538641922732381526988524213230765695165516684856964886402475218726787375215748391120225301433133801809602551954799399621703470614032595261603547732880205461166225506383472517669360488304292936684047002677551828409989745109425630864985134416570483495028535097538525962819715706453278578056276781997658621821330623661439735037198469982874980353282521543069959364804122626389538391283710117759012920542190446628568269535485120906902702054290158140837938102629797883544586003735080140767802541056613215533165923427360817084903885101038661329655704061613434516352085161782006860284716509839924228309376088170740553115806220734141302650018634501634025387034749992958051378064427378851361912424198331364128012126763635821448538082680394661199446603105140135145773169572815900859756930566649614155831034729931372411256821392500159004312520315903886099984162552510340255905871686390450491265255143854483798306809277249937137025142121929769772557453409227374336478637679522061486857396500122803858655000540448236492623046012353049209921802961750250545471003760259791273167586752423398365574840490589840760931330933153663610572105052991899747873162820597332774680852019648093026677385832477743712251101283124226177562482960229968454614518181671408087370470861868720907568897833024396451732590163092981012807519902318229831616765836718624963488831949580435432827733217408439155315703650338973929620375600769749724732842969809091062839961162903414781145856309869620232491730331544602044407528512590093000051687598915078403142228038429521535769261723830215164168364183400911820788037421668232634029535797319564940837455286601223687123775761772628317714229638569848375515207185731498184654798635117000544336843332645039895399651959153354302755284155315518687721209197160244374023124054432253755676100840772031534411165727549566867286348425872203182648649689009364802812090408127817138770766623834101272628178251636148335283757032625639356846009773027853358829519025768007874267865038309380969139952843934704724961549329091116100278176187644252641572581670099060968554829746443564601354435613817402176368743989342369582447959093801416281688316078974967539266559050064479381026500562155660222706178357650833077548138537965863212838718055252673986202584735224033177061497801025719354060093987316981826798488988718389622629657969942783530385889021822016505513706530609579165397550211818245598817401593695534130304085709446359391125699948610770867164296925948640911369132181316897244202322846067416402488899857999334239594051801552885142593780171284320916224394442931580644668731772404634040719006563513497938665174830088968649744527979394070611105840694354975273805652473085042854335038893928053965494788627308354371348029123432138950852418060274208641717460706558091148426338813994643354032648641847728648518122763255751977738274499098322020727186714787267522193563686629426081866415215248183540050600605038534589946599786045649322573187044911502460935059195215403420292495730867375046193045711742	3,-5,-5,-5,-5,5,5,5,5,5,5,5	-6,-6,5,5,5,5,5,5,5,5,5,5	ok
1.147147	-12.672673	-56.109631	0.358742	continued:5	29797441238586975617044333023959161000375932094943667688756275663179285396481859349317391930121737651733192163623568218703095982239921161619094808720484760262620722441505475320179502557842933179443687547949760941432937987402109078872346754776991324617468187716511599028918156320095553303464356925713887589209714495798077562176894315786930513692044762913203103427590064930230588377386991494487498379565892736390510319976004222989648868073577241680261589949920934887480226218269319755259194596861962668188392369067782689709558211818097242656670497818622246523201388941839202903671659355339461881193719040904216790246971584416412986775276345948959659022743293543348931017870690880491523008391845189672756016823212146367084327770421303384625290532520853939622145527697701246738386622373652278026970778039780563866358586877498119417534568516407380905688681870958601431018874909235424802939890819948378651038107811002999750828602879679701271517112805393426252371609509688861555584606876514839684995433120577500135516356828698130208706485712900042577108664132033474230753259088093252705222331109466752797384324279927260417568263334482075460414295990403878429639339043102061317281192610685052298137149716714507371607070309240943294157869619203701551269542961806832701269808707959395138398150942840685761115449993867984430307331922468669899819738342543549400816055040720010748908450032951048939063078040724515399082803948818080380433985814118280646996579104159415181704734980237390468130958343275522320306151127950888041426328388680326115138376292112676214129680317873521725455227577069061037187525041074287088017403137994027763382027907023110571251374723880645727693325516836464397144163314307861524939662766476873223126434803468878476617064543320664093891232410920061685907192502570846624651644135608726996258696522307902484653700304430522136089964366277003259133540052448255950992410795819816331796346747199103909605382855709551753880696026718130491561414987036757239638299504775262846460328766402618786126940443677265462628339693611657922168041845690401114825316347178666851213300139264542636428339347862381388465465427165130657819447985638908217277129766892846187450512672663782342812432625619781657841331799098774175605919333598689563411997794892169127157240943085747650936246160492593038510231335045038202051867386487782341606832016619151361968000942369470804870692013653076664428001495100825396387670343666109896120352905722300134080396771911459489210335107133853400654037910755830864374257338809709618830939355137537549906278345524219892577660709727714859426645887383881519508902839742630187912235208611343658622623559611142199994828543440771271581696489275847140088790396645333780387042667999564909905136187007461301495453242876425366290716860215470375110056591702732079383187694813109402297976865183074179328701580161274349316401867285558253110676064620434704441262880030268658903344539235251634482288110478247239779274537635052053418631948049046380358359690390465281864433751433854118205475490967702309924459942974049539146804569929387372035461214187759453358657282978855167787645267945602212738818028046968715883317121505802336	29797441240847192311964028853190280189674041619720799605070824129924103630349014387363218437041262128836255660367033565228906969921436065807110492954244538641922732381526988524213230765695165516684856964886402475218726787375215748391120225301433133801809602551954799399621703470614032595261603547732880205461166225506383472517669360488304292936684047002677551828409989745109425630864985134416570483495028535097538525962819715706453278578056276781997658621821330623661439735037198469982874980353282521543069959364804122626389538391283710117759012920542190446628568269535485120906902702054290158140837938102629797883544586003735080140767802541056613215533165923427360817084903885101038661329655704061613434516352085161782006860284716509839924228309376088170740553115806220734141302650018634501634025387034749992958051378064427378851361912424198331364128012126763635821448538082680394661199446603105140135145773169572815900859756930566649614155831034729931372411256821392500159004312520315903886099984162552510340255905871686390450491265255143854483798306809277249937137025142121929769772557453409227374336478637679522061486857396500122803858655000540448236492623046012353049209921802961750250545471003760259791273167586752423398365574840490589840760931330933153663610572105052991899747873162820597332774680852019648093026677385832477743712251101283124226177562482960229968454614518181671408087370470861868720907568897833024396451732590163092981012807519902318229831616765836718624963488831949580435432827733217408439155315703650338973929620375600769749724732842969809091062839961162903414781145856309869620232491730331544602044407528512590093000051687598915078403142228038429521535769261723830215164168364183400911820788037421668232634029535797319564940837455286601223687123775761772628317714229638569848375515207185731498184654798635117000544336843332645039895399651959153354302755284155315518687721209197160244374023124054432253755676100840772031534411165727549566867286348425872203182648649689009364802812090408127817138770766623834101272628178251636148335283757032625639356846009773027853358829519025768007874267865038309380969139952843934704724961549329091116100278176187644252641572581670099060968554829746443564601354435613817402176368743989342369582447959093801416281688316078974967539266559050064479381026500562155660222706178357650833077548138537965863212838718055252673986202584735224033177061497801025719354060093987316981826798488988718389622629657969942783530385889021822016505513706530609579165397550211818245598817401593695534130304085709446359391125699948610770867164296925948640911369132181316897244202322846067416402488899857999334239594051801552885142593780171284320916224394442931580644668731772404634040719006563513497938665174830088968649744527979394070611105840694354975273805652473085042854335038893928053965494788627308354371348029123432138950852418060274208641717460706558091148426338813994643354032648641847728648518122763255751977738274499098322020727186714787267522193563686629426081866415215248183540050600605038534589946599786045649322573187044911502460935059195215403420292495730867375046193045711742	-3,-5,-5,-5,-5,-5,-5,-5,5,5,5,5	-6,-6,5,5,5,5,5,5,5,5,5,5	ok
1.151151	-12.672673	-56.794659	0.361535	full	29797441238586975617044333023959161000375932094943667688756275663179285396481859349317391930121737651733192163623568218703095982239921161619094808720484760262620722441505475320179502557842933179443687547949760941432937987402109078872346754776991324617468187716511599028918156320095553303464356925713887589209714495798077562176894315786930513692044762913203103427590064930230588377386991494487498379565892736390510319976004222989648868073577241680261589949920934887480226218269319755259194596861962668188392369067782689709558211818097242656670497818622246523201388941839202903671659355339461881193719040904216790246971584416412986775276345948959659022743293543348931017870690880491523008391845189672756016823212146367084327770421303384625290532520853939622145527697701246738386622373652278026970778039780563866358586877498119417534568516407380905688681870958601431018874909235424802939890819948378651038107811002999750828602879679701271517112805393426252371609509688861555584606876514839684995433120577500135516356828698130208706485712900042577108664132033474230753259088093252705222331109466752797384324279927260417568263334482075460414295990403878429639339043102061317281192610685052298137149716714507371607070309240943294157869619203701551269542961806832701269808707959395138398150942840685761115449993867984430307331922468669899819738342543549400816055040720010748908450032951048939063078040724515399082803948818080380433985814118280646996579104159415181704734980237390468130958343275522320306151127950888041426328388680326115138376292112676214129680317873521725943468839058147540220768839071464445777595791333351413879040366881822517568738745153209619716826294503461872162152779985882047796331472147675511506011463364019108032038886762742081452403643802901093033504787984673365125938865984315247970417823763360460224686973177993452452254698593719508989841337937796218177298108933302241625119456383713312621169721611369787046919935826804435602560847231055045757550148321226053266013735995747450703982482811570442517210605568824430164418119727542144523151747003852723982845593769503764388534704013916869864347506429274413479318037077878239496302092275434262228137448827901043108434612412784724989783272138737808677766089823238598382049983402604250984477926168673704189558152936472893531794036562680622117732857627756323039776094297750041814106897838794686526470780065496137636070473513292781743317649827251034901278776876949522653212816661568435929328180898978219834557298990915585278844451139272627722754008849768184247648955930093391605009489026519829112009473092536950421879475257413510009771454740722498509160590641227565771583144609477486145145064504583235430722388733151113622504192796533876136962615301426812236101183669262173376429935425994458189638246354769625326716234112166337161189217235587890879326283217255915844897348030960382792202646078521105965264344884921849107183400008953855206125021676816036699839035864211200051229600293515145410711977122757999674541131113238200017510644918482729830990710216046637921984570226145181801088454388176985003332780446049411113145342360559041693679761728232387539128542760569363	29797441240847192311964028853190280189674041619720799605070824129924103630349014387363218437041262128836255660367033565228906969921436065807110492954244538641922732381526988524213230765695165516684856964886402475218726787375215748391120225301433133801809602551954799399621703470614032595261603547732880205461166225506383472517669360488304292936684047002677551828409989745109425630864985134416570483495028535097538525962819715706453278578056276781997658621821330623661439735037198469982874980353282521543069959364804122626389538391283710117759012920542190446628568269535485120906902702054290158140837938102629797883544586003735080140767802541056613215533165923427360817084903885101038661329655704061613434516352085161782006860284716509839924228309376088170740553115806220734141302650018634501634025387034749992958051378064427378851361912424198331364128012126763635821448538082680394661199446603105140135145773169572815900859756930566649614155831034729931372411256821392500159004312520315903886099984162552510340255905871686390450491265255143854483798306809277249937137025142121929769772557453409227374336478637679522061486857396500122803858655000540448236492623046012353049209921802961750250545471003760259791273167586752423398365574840490589840760931330933153663610572105052991899747873162820597332774680852019648093026677385832477743712251101283124226177562482960229968454614518181671408087370470861868720907568897833024396451732590163092981012807519902318229831616765836718624963488831949580435432827733217408439155315703650338973929620375600769749724732842969809091062839961162903414781145856309869620232491730331544602044407528512590093000051687598915078403142228038429521535769261723830215164168364183400911820788037421668232634029535797319564940837455286601223687123775761772628317714229638569848375515207185731498184654798635117000544336843332645039895399651959153354302755284155315518687721209197160244374023124054432253755676100840772031534411165727549566867286348425872203182648649689009364802812090408127817138770766623834101272628178251636148335283757032625639356846009773027853358829519025768007874267865038309380969139952843934704724961549329091116100278176187644252641572581670099060968554829746443564601354435613817402176368743989342369582447959093801416281688316078974967539266559050064479381026500562155660222706178357650833077548138537965863212838718055252673986202584735224033177061497801025719354060093987316981826798488988718389622629657969942783530385889021822016505513706530609579165397550211818245598817401593695534130304085709446359391125699948610770867164296925948640911369132181316897244202322846067416402488899857999334239594051801552885142593780171284320916224394442931580644668731772404634040719006563513497938665174830088968649744527979394070611105840694354975273805652473085042854335038893928053965494788627308354371348029123432138950852418060274208641717460706558091148426338813994643354032648641847728648518122763255751977738274499098322020727186714787267522193563686629426081866415215248183540050600605038534589946599786045649322573187044911502460935059195215403420292495730867375046193045711742	-4,-5,-5,-5,-5,-5,-5,-5,5,5,5,5	-6,-6,5,5,5,5,5,5,5,5,5,5	ok
1.155155	-12.672673	-18.482934	0.346189	continued:5	29797441240847192311964028853190280189674041619720799605070824129924103630349014387363218437041262128836255660367033565228906969921436065807110492954244538641922732381526988524213230765695165516739994474690365920321938836124680349407621389174422575433515432175857440806646186534711664095048200233844655797841473677453405663250260447801631435344135993128643147796482806147876468549439715749856071249659627599475987323671827369771865221845291756903281146615711384803434295024829277842831418694839941823883831566498004267261730671018929104843904442387870484365857888189536296648098670249137264353498164544236896672831076268761190520600080121584857972539648724104485926725981306583995477145957712627015939516317459995807158397098987563805866798273465357843109707315770267392401784231126954403131562900596901554920941929800667469540731596024416446057782475494050688655549937961178871708310774758509474199344274385665327650397601172390515912454512807551418600510707134665906879279435847487037545889115906146070551888130409417242517356945216602359496984048243451821412619142457943691164845601083632128546483691663273094080913772697520179354680054649028668957946549146753511281249223840930715689293831419123065851313060999449270994502051366517732748996349002023493589746389443904928584896086009937902409399920434894710434724828196433334435922244668719645070963172539209158021792443345390080700323594367010028199659713009657377267993424553187083049959871759642950546564115043686986727275079274165803791130947745943729088287446146315142597144867697576962518223254129784798352227596413586515092312600443544647088078963307588923763636270954682141162217889953313809670031390986549607323729776543960584738185340384283123633257672835492121369841702679003714621452511211488132879741846931541965183383174837080362231598519353499614715385644344696173540416779531065434514717344159270458185322190319002918880258798254585345793021680011380250162900736886694238160674778981671586382208590845498820890423879819056887601109365751288169363031295963144711437811826340557432543810457055113118374314559725013652447420706746641436778696524352787229829152569711848155287193266851071686745685042687177962542028756361060869980631274911665606915825007767093996814283157425089768909349591853180534020417877983831190934567547174451197027036328545009959409946568673189931891319140937683057466613144960188029307056843699539503135152185374427537954913055660224161914893302003539102496278970623526635768611491194218105289433947847410751650163321463340207577290361653284295849315999533959606886633457085563974953571689595287416222208201363712344572181242588061645200339451253286932525102910907083689274126797791574829676094911935693125515417479693245700545586849632114793883489894020589182643866659862269879522861085274501240188470144503049261976403001533674881602511292873745561199354906195581127298495235690714135319826928323334069849570106748106926807217065592924536332009850126335061121352445624550266729775884694105739726308839115329994490671173218127425760715447686495957442938227080980437674949283143843006920551744113229740734747747362441070220744173404608273321	29797441240847192311964028853190280189674041619720799605070824129924103630349014387363218437041262128836255660367033565228906969921436065807110492954244538641922732381526988524213230765695165516684856964886402475218726787375215748391120225301433133801809602551954799399621703470614032595261603547732880205461166225506383472517669360488304292936684047002677551828409989745109425630864985134416570483495028535097538525962819715706453278578056276781997658621821330623661439735037198469982874980353282521543069959364804122626389538391283710117759012920542190446628568269535485120906902702054290158140837938102629797883544586003735080140767802541056613215533165923427360817084903885101038661329655704061613434516352085161782006860284716509839924228309376088170740553115806220734141302650018634501634025387034749992958051378064427378851361912424198331364128012126763635821448538082680394661199446603105140135145773169572815900859756930566649614155831034729931372411256821392500159004312520315903886099984162552510340255905871686390450491265255143854483798306809277249937137025142121929769772557453409227374336478637679522061486857396500122803858655000540448236492623046012353049209921802961750250545471003760259791273167586752423398365574840490589840760931330933153663610572105052991899747873162820597332774680852019648093026677385832477743712251101283124226177562482960229968454614518181671408087370470861868720907568897833024396451732590163092981012807519902318229831616765836718624963488831949580435432827733217408439155315703650338973929620375600769749724732842969809091062839961162903414781145856309869620232491730331544602044407528512590093000051687598915078403142228038429521535769261723830215164168364183400911820788037421668232634029535797319564940837455286601223687123775761772628317714229638569848375515207185731498184654798635117000544336843332645039895399651959153354302755284155315518687721209197160244374023124054432253755676100840772031534411165727549566867286348425872203182648649689009364802812090408127817138770766623834101272628178251636148335283757032625639356846009773027853358829519025768007874267865038309380969139952843934704724961549329091116100278176187644252641572581670099060968554829746443564601354435613817402176368743989342369582447959093801416281688316078974967539266559050064479381026500562155660222706178357650833077548138537965863212838718055252673986202584735224033177061497801025719354060093987316981826798488988718389622629657969942783530385889021822016505513706530609579165397550211818245598817401593695534130304085709446359391125699948610770867164296925948640911369132181316897244202322846067416402488899857999334239594051801552885142593780171284320916224394442931580644668731772404634040719006563513497938665174830088968649744527979394070611105840694354975273805652473085042854335038893928053965494788627308354371348029123432138950852418060274208641717460706558091148426338813994643354032648641847728648518122763255751977738274499098322020727186714787267522193563686629426081866415215248183540050600605038534589946599786045649322573187044911502460935059195215403420292495730867375046193045711742	-3,-6,-6,-6,5,5,5,5,5,5,5,5	-6,-6,5,5,5,5,5,5,5,5,5,5	ok
1.159159	-12.672673	-44.741248	0.348983	continued:5	29797441240847192311964028853190280189674041619720799605070824129924103630349014387363218437041262128836255660367033565228906969921436065807110492954244538641922732381526988524213230765695165516739994474690365920321938836124680349407621389174422575433515432175857440806646186534711664095048200233844655797841473677453405663250260447801631435344135993128643147796482806147876468549439715749856071249659627599475987323671827369771865221845291756903281146615711384803434295024829277842831418694839941823883831566498004267261730671018929104843904442387870484365857888189536296648098670249137264353498164544236896672831076268761190520600080121584857972539648724104485926725981306583995477145957712627015939516317459995807158397098987563805866798273465357843109707315770267392401784231126954403131562900596901554920941929800667469540731596024416446057782475494050688655549937961178871708310774758509474199344274385665327650397601172390515912454512807551418600510707134665906879279435847487037545889115906146070551888130409417242517356945216602359496984048243451821412619142457943691164845601083632128546483691663273094080913772697520179354680054649028668957946549146753511281249223840930715689293831419123065851313060999449270994502051366517732748996349002023493589746389443904928584896086009937902409399920434894710434724828196433334435922244668719645070963172539209158021792443345390080700323594367010028199659713009657377267993424553187083049959871759642950546564115043686986727275079274165803791130947745943729088287446146315142597144867697576962518223254129784798352227596413586515092312600443544647088078963307588923763636270954682141162217889953313809670031390986549607323729776543960584738185340384283123633257672835492121369841702679003714621452511211488132879741846931541965183383174837080362231598519353499614715385644344696173540416779531065434514717344159270458185322190319002918880258798254585345793021680011380250162900736886694238160674778981671586382208590845498820890423879819056887601109365751288169363031295963144711437811826340557432543810457055113118374314559725013652447420706746641436778696524352787229829152569711848155287193266851071686745685042687177962542028756361060869980631274911665606915825007767093996814283157425089768909349591853180534020417877983831190934567547174451197027036328545009959409946568673189931891319140937683057466613144960188029307056843699539503135152185374427537954913055660224161914893302003539102496278970623526635768611491194218105289433947847410751650163321463340207577290361653284295849315999533959606886633457085563974953571689595287416222208201363712344572181242588061645200339451253286932525102910907083689274126797791574829676094911935693125515417479693245700545586849632114793883489894020589182643866659862269879522861085274501240188470144503049261976403001533674881602511292873745561199354906195581127298495235690714135319826928323334069849570106748106926807217065592924536332009850126335061121352445624550266729775884694105739726308839115329994490671173218127425760715447686495957442938227080980437674949283143843006920551744113229740734747747362441070220744173404608273321	29797441240847192311964028853190280189674041619720799605070824129924103630349014387363218437041262128836255660367033565228906969921436065807110492954244538641922732381526988524213230765695165516684856964886402475218726787375215748391120225301433133801809602551954799399621703470614032595261603547732880205461166225506383472517669360488304292936684047002677551828409989745109425630864985134416570483495028535097538525962819715706453278578056276781997658621821330623661439735037198469982874980353282521543069959364804122626389538391283710117759012920542190446628568269535485120906902702054290158140837938102629797883544586003735080140767802541056613215533165923427360817084903885101038661329655704061613434516352085161782006860284716509839924228309376088170740553115806220734141302650018634501634025387034749992958051378064427378851361912424198331364128012126763635821448538082680394661199446603105140135145773169572815900859756930566649614155831034729931372411256821392500159004312520315903886099984162552510340255905871686390450491265255143854483798306809277249937137025142121929769772557453409227374336478637679522061486857396500122803858655000540448236492623046012353049209921802961750250545471003760259791273167586752423398365574840490589840760931330933153663610572105052991899747873162820597332774680852019648093026677385832477743712251101283124226177562482960229968454614518181671408087370470861868720907568897833024396451732590163092981012807519902318229831616765836718624963488831949580435432827733217408439155315703650338973929620375600769749724732842969809091062839961162903414781145856309869620232491730331544602044407528512590093000051687598915078403142228038429521535769261723830215164168364183400911820788037421668232634029535797319564940837455286601223687123775761772628317714229638569848375515207185731498184654798635117000544336843332645039895399651959153354302755284155315518687721209197160244374023124054432253755676100840772031534411165727549566867286348425872203182648649689009364802812090408127817138770766623834101272628178251636148335283757032625639356846009773027853358829519025768007874267865038309380969139952843934704724961549329091116100278176187644252641572581670099060968554829746443564601354435613817402176368743989342369582447959093801416281688316078974967539266559050064479381026500562155660222706178357650833077548138537965863212838718055252673986202584735224033177061497801025719354060093987316981826798488988718389622629657969942783530385889021822016505513706530609579165397550211818245598817401593695534130304085709446359391125699948610770867164296925948640911369132181316897244202322846067416402488899857999334239594051801552885142593780171284320916224394442931580644668731772404634040719006563513497938665174830088968649744527979394070611105840694354975273805652473085042854335038893928053965494788627308354371348029123432138950852418060274208641717460706558091148426338813994643354032648641847728648518122763255751977738274499098322020727186714787267522193563686629426081866415215248183540050600605038534589946599786045649322573187044911502460935059195215403420292495730867375046193045711742	-3,-6,-6,-6,5,5,5,5,5,5,5,5	-6,-6,5,5,5,5,5,5,5,5,5,5	ok
1.163163	-12.672673	-50.189195	0.348609	continued:5	29797441240847192311964028853190280189674041619720799605070824129924103630349014387363218437041262128836255660367033565228906969921436065807110492954244538641922732381526988524213230765695165516739994474690365920321938836124680349407621389174422575433515432175857440806646186534711664095048200233844655797841473677453405663250260447801631435344135993128643147796482806147876468549439715749856071249659627599475987323671827369771865221845291756903281146615711384803434295024829277842831418694839941823883831566498004267261730671018929104843904442387870484365857888189536296648098670249137264353498164544236896672831076268761190520600080121584857972539648724104485926725981306583995477145957712627015939516317459995807158397098987563805866798273465357843109707315770267392401784231126954403131562900596901554920941929800667469540731596024416446057782475494050688655549937961178871708310774758509474199344274385665327650397601172390515912454512807551418600510707134665906879279435847487037545889115906146070551888130409417242517356945216602359496984048243451821412619142457943691164845601083632128546483691663273094080913772697520179354680054649028668957946549146753511281249223840930715689293831419123065851313060999449270994502051366517732748996349002023493589746389443904928584896086009937902409399920434894710434724828196433334435922244668719645070963172539209158021792443345390080700323594367010028199659713009657377267993424553187083049959871759642950546564115043686986727275079274165803791130947745943729088287446146315142597144867697576962518223254129784798352715837675594118806985587683149043776773084675357167092875490032573781047940690314981106285336120258927781070470490751735205241293719586249694778368982115950846836006101314098717728534737687726236199792424343164603623260703470821009011081051718275438504948243337035763248978324526870015150846779010076265196371872276060812852399702725355666815219164754229766028336683662091764782078342000553578460123042292381078210033531375859377344893581517787190563539202033263501646282771919355128753948945283658398341661233589319216257680030963089987980656835335551266945108705158832059908027186858069463970681512557923362665889906948542948116044215079103516068060413269386732339144050029195539857664709053378262266705475460987634168839656080541133048003536706897839289534930164432422601355792286471310531215661578992745829771794266689135081131056433837268543440597257225287325824799116136901547068078346767396625827112663263159166203093747413343357646000594022849900077533017986597594782812916970973743073149134239001154967277724985624593065527888166141247953437448060216461080527507481401435001188184075272243955824599651751323917615126995416228318844390766400031271570105520447423567432144955983182167651135155970164593424640858793433459261926801099226259958103548895106942517422959906957878671650325199804783111407803564286869549669908072727364003887765928279797960940625837923163412963106988273333670617003611670356856784486875379211654711046740314758323028398365727685904025055094484843088309853088511631559056958598874088684586438254565255696510606349079930777890749777218	29797441240847192311964028853190280189674041619720799605070824129924103630349014387363218437041262128836255660367033565228906969921436065807110492954244538641922732381526988524213230765695165516684856964886402475218726787375215748391120225301433133801809602551954799399621703470614032595261603547732880205461166225506383472517669360488304292936684047002677551828409989745109425630864985134416570483495028535097538525962819715706453278578056276781997658621821330623661439735037198469982874980353282521543069959364804122626389538391283710117759012920542190446628568269535485120906902702054290158140837938102629797883544586003735080140767802541056613215533165923427360817084903885101038661329655704061613434516352085161782006860284716509839924228309376088170740553115806220734141302650018634501634025387034749992958051378064427378851361912424198331364128012126763635821448538082680394661199446603105140135145773169572815900859756930566649614155831034729931372411256821392500159004312520315903886099984162552510340255905871686390450491265255143854483798306809277249937137025142121929769772557453409227374336478637679522061486857396500122803858655000540448236492623046012353049209921802961750250545471003760259791273167586752423398365574840490589840760931330933153663610572105052991899747873162820597332774680852019648093026677385832477743712251101283124226177562482960229968454614518181671408087370470861868720907568897833024396451732590163092981012807519902318229831616765836718624963488831949580435432827733217408439155315703650338973929620375600769749724732842969809091062839961162903414781145856309869620232491730331544602044407528512590093000051687598915078403142228038429521535769261723830215164168364183400911820788037421668232634029535797319564940837455286601223687123775761772628317714229638569848375515207185731498184654798635117000544336843332645039895399651959153354302755284155315518687721209197160244374023124054432253755676100840772031534411165727549566867286348425872203182648649689009364802812090408127817138770766623834101272628178251636148335283757032625639356846009773027853358829519025768007874267865038309380969139952843934704724961549329091116100278176187644252641572581670099060968554829746443564601354435613817402176368743989342369582447959093801416281688316078974967539266559050064479381026500562155660222706178357650833077548138537965863212838718055252673986202584735224033177061497801025719354060093987316981826798488988718389622629657969942783530385889021822016505513706530609579165397550211818245598817401593695534130304085709446359391125699948610770867164296925948640911369132181316897244202322846067416402488899857999334239594051801552885142593780171284320916224394442931580644668731772404634040719006563513497938665174830088968649744527979394070611105840694354975273805652473085042854335038893928053965494788627308354371348029123432138950852418060274208641717460706558091148426338813994643354032648641847728648518122763255751977738274499098322020727186714787267522193563686629426081866415215248183540050600605038534589946599786045649322573187044911502460935059195215403420292495730867375046193045711742	-4,-6,-6,-6,5,5,5,5,5,5,5,5	-6,-6,5,5,5,5,5,5,5,5,5,5	ok
1.167167	-12.672673	-53.252932	0.351402	continued:5	29797441240847192311964028853190280189674041619720799605070824129924103630349014387363218437041262128836255660367033565228906969921436065807110492954244538641922732381526988524213230765695165516684856964886402475218726787375215748391120225301433133801809602551954799399621703470614032595261603547732880205461166225506383472517669360488304292936684047002677551828409989745109425630864985134416570483495028535097538525962819715706453278578056276781997658621821330623661439735037198469982874980353282521543069959364804122626389538391283710117759012920542190446628568269535485120906902702054290158140837938102629797883544586003735080140767802541056613215533165923427360817084903885101038661329655704061613434516352085161782006860284716509839924228309376088170740553115806220734141302650018634501634025387034749992958051378064427378851361912424198331364128012126763635821448538082680394661199446603105140135145773169572815900859756930566649614155831034729931372411256821392500159004312520315903886099984162552510340255905871686390450491265255143854483798306809277249937137025142121929769772557453409227374336478637679522061486857396500122803858655000540448236492623046012353049209921802961750250545471003760259791273167586752423398365574840490589840760931330933153663610572105052991899747873162820597332774680852019648093026677385832477743712251101283124226177562482960229968454614518181671408087370470861868720907568897833024396451732590163092981012807519902318229831616765836718624963488831949580435432827733217408439155315703650338973929620375600769749724732842969807626339053938351759395819427043119803537868388425601556884387173853592932924598966685709069164215325093517189299393145937862320890026562464469965577892946661245269739438124250787998318261408740977996242378066408587894696117703613206911281080703380820713346613849295052983794558872903164934137420941136537684006470204096133691430363216104097393194766836746878531602489737478541861246399216574049434020784270250545816662617255815457878761003109605820204848926289001967572544399020071893549056695154366057473697618871008362243195022160449707725775500967487279759640093022910083058289333400978755896699121582967341566613947269618651590030851543939072458587139830458585422278590479883591065950097120315572897428432950124576261931693571585465405917662724479816895485660121746017170523457399719764206433448758215631039260870516137609371453304836454552072154711148139800220851410555925500938505861261058689244054969219727805806714724196121762763826576803676888307702468005014267637105613718203745120579548171808136056939567429638137357174652188469763991255531354328499408441614537004617328612061822907170034002730867226878228293975273044201694969592016197574689251564421681662758088274893598787782393612863857700000273062214708356335642658511559950460151871676328626798514879407165485706603428968463709109721084181748287483759685721579392302820232177021777445901508038877108175612295947033852218094852800119502555682233909818384817136363927932758865410818081464329541454952023469608216376398842438309173120380569806633493987551771300739845905256925798979003196703663077551981	29797441240847192311964028853190280189674041619720799605070824129924103630349014387363218437041262128836255660367033565228906969921436065807110492954244538641922732381526988524213230765695165516684856964886402475218726787375215748391120225301433133801809602551954799399621703470614032595261603547732880205461166225506383472517669360488304292936684047002677551828409989745109425630864985134416570483495028535097538525962819715706453278578056276781997658621821330623661439735037198469982874980353282521543069959364804122626389538391283710117759012920542190446628568269535485120906902702054290158140837938102629797883544586003735080140767802541056613215533165923427360817084903885101038661329655704061613434516352085161782006860284716509839924228309376088170740553115806220734141302650018634501634025387034749992958051378064427378851361912424198331364128012126763635821448538082680394661199446603105140135145773169572815900859756930566649614155831034729931372411256821392500159004312520315903886099984162552510340255905871686390450491265255143854483798306809277249937137025142121929769772557453409227374336478637679522061486857396500122803858655000540448236492623046012353049209921802961750250545471003760259791273167586752423398365574840490589840760931330933153663610572105052991899747873162820597332774680852019648093026677385832477743712251101283124226177562482960229968454614518181671408087370470861868720907568897833024396451732590163092981012807519902318229831616765836718624963488831949580435432827733217408439155315703650338973929620375600769749724732842969809091062839961162903414781145856309869620232491730331544602044407528512590093000051687598915078403142228038429521535769261723830215164168364183400911820788037421668232634029535797319564940837455286601223687123775761772628317714229638569848375515207185731498184654798635117000544336843332645039895399651959153354302755284155315518687721209197160244374023124054432253755676100840772031534411165727549566867286348425872203182648649689009364802812090408127817138770766623834101272628178251636148335283757032625639356846009773027853358829519025768007874267865038309380969139952843934704724961549329091116100278176187644252641572581670099060968554829746443564601354435613817402176368743989342369582447959093801416281688316078974967539266559050064479381026500562155660222706178357650833077548138537965863212838718055252673986202584735224033177061497801025719354060093987316981826798488988718389622629657969942783530385889021822016505513706530609579165397550211818245598817401593695534130304085709446359391125699948610770867164296925948640911369132181316897244202322846067416402488899857999334239594051801552885142593780171284320916224394442931580644668731772404634040719006563513497938665174830088968649744527979394070611105840694354975273805652473085042854335038893928053965494788627308354371348029123432138950852418060274208641717460706558091148426338813994643354032648641847728648518122763255751977738274499098322020727186714787267522193563686629426081866415215248183540050600605038534589946599786045649322573187044911502460935059195215403420292495730867375046193045711742	-3,-6,5,5,5,5,5,5,5,5,5,5	-6,-6,5,5,5,5,5,5,5,5,5,5	ok
1.171171	-12.672673	-55.086793	0.354195	continued:5	29797441240847192311964028853190280189674041619603208763749371508654175656239759120823018583819432842856072964773811906794674029226257134559926958023627828229482102948146659358247693909433828355251852303618781722983610904266564349795689252265672487165285132143009740477765743819749350296414932032879553240708168605270837504145567118242646612525121596621991880871911956242348460586057486327157844178203677821423846690153605322754833936079380890401496663555654736612821219775637784369562160938013801691861882494867156579306823998622232827846080292471313535410868209411673947378565575536115579243277027142779574736423324600243426810375893740503969368747404853979076083158875180441209983118988249682058667482706209191947443020790042246338706337792167304598864556745506120587206567250515724432880539773081128704208631823416697616312922060986644406544642811900344164615587995387059554396316547888435881274919919148250839840859142067449961675767356348825220706744807770669145331613173118947637914058392088019273573305293123161222781900316049564506362371319649708987031611857524473974849450606392703567524343382933186572009583678890189202552208286039769251895099935887559734574649064285396965220029237022323125695241049985715908880624114037388515359296025693713545639468618390292468066897772347859700687859415626328926818811509251433684071329068986890899236934357536167157771199123283886773276462137137489785835268518874830591464224499510515594133163472079797904473529757364336488582429157779363246757323371116070798067891494527965899973045062022630110949426056581453937478920039300708189951348356191866794390223530285991177346478726363724023288370355811072205930352133690519705184558559567179306915008681108521445947542989511664140052703404173045067633323803036573977556542816897440336359398265627608706571368433653310233213896350133010960406495432797820254767471365629450203371562323418881301898275528434353544984058927357414945937530647808065586960972915462451297162674547296120856719270586153912096818061297778740774935651459204156225521383521448143580959186430817764302276956226816705541532973778570788458763367519328567824174969360259339029650163983879381312332155507670668260857685534971397978835928581326072000941952406126748175790607955705794634214728038488733287041618669366278551186739149806626813221176736150317527378845833548029672014762889341053628479835421867345025797355022584366704488124321520814004305608129490261602419613148095027326595848525689812920422792578620169090016383683898664623126849292369911813204586642853640103348633328936899328899434839054571084348447138971918069438060101546725587169241087429481200758188714990734276349121556153150870408045828796315554156205260783586392350424454800382515965509452172775298045871348550402677371852763911620062352555613427210201389720099038532466927709171330932698380502949548978753508622268309707676433677423958934541282009785972523476499077405500759247762474097915131475760141386876030483373239339666943691521187161571968971091826289308259204882984671956459206311916435786410741796309969019762114856594461033768406685221320272756710445443817748043260889858819945831196574	29797441240847192311964028853190280189674041619720799605070824129924103630349014387363218437041262128836255660367033565228906969921436065807110492954244538641922732381526988524213230765695165516684856964886402475218726787375215748391120225301433133801809602551954799399621703470614032595261603547732880205461166225506383472517669360488304292936684047002677551828409989745109425630864985134416570483495028535097538525962819715706453278578056276781997658621821330623661439735037198469982874980353282521543069959364804122626389538391283710117759012920542190446628568269535485120906902702054290158140837938102629797883544586003735080140767802541056613215533165923427360817084903885101038661329655704061613434516352085161782006860284716509839924228309376088170740553115806220734141302650018634501634025387034749992958051378064427378851361912424198331364128012126763635821448538082680394661199446603105140135145773169572815900859756930566649614155831034729931372411256821392500159004312520315903886099984162552510340255905871686390450491265255143854483798306809277249937137025142121929769772557453409227374336478637679522061486857396500122803858655000540448236492623046012353049209921802961750250545471003760259791273167586752423398365574840490589840760931330933153663610572105052991899747873162820597332774680852019648093026677385832477743712251101283124226177562482960229968454614518181671408087370470861868720907568897833024396451732590163092981012807519902318229831616765836718624963488831949580435432827733217408439155315703650338973929620375600769749724732842969809091062839961162903414781145856309869620232491730331544602044407528512590093000051687598915078403142228038429521535769261723830215164168364183400911820788037421668232634029535797319564940837455286601223687123775761772628317714229638569848375515207185731498184654798635117000544336843332645039895399651959153354302755284155315518687721209197160244374023124054432253755676100840772031534411165727549566867286348425872203182648649689009364802812090408127817138770766623834101272628178251636148335283757032625639356846009773027853358829519025768007874267865038309380969139952843934704724961549329091116100278176187644252641572581670099060968554829746443564601354435613817402176368743989342369582447959093801416281688316078974967539266559050064479381026500562155660222706178357650833077548138537965863212838718055252673986202584735224033177061497801025719354060093987316981826798488988718389622629657969942783530385889021822016505513706530609579165397550211818245598817401593695534130304085709446359391125699948610770867164296925948640911369132181316897244202322846067416402488899857999334239594051801552885142593780171284320916224394442931580644668731772404634040719006563513497938665174830088968649744527979394070611105840694354975273805652473085042854335038893928053965494788627308354371348029123432138950852418060274208641717460706558091148426338813994643354032648641847728648518122763255751977738274499098322020727186714787267522193563686629426081866415215248183540050600605038534589946599786045649322573187044911502460935059195215403420292495730867375046193045711742	3,-5,-5,-5,-5,-5,5,5,5,5,5,5	-6,-6,5,5,5,5,5,5,5,5,5,5	ok
1.175175	-12.672673	-56.127321	0.356989	continued:5	29791569636317822956878556888720614405159548519751590612711832489144989896947746181791082059505844265668551235941282572259772554415070560758052442489855024024989578086303796142265918077114028972559963505915335936743933267113850669597419145796201513514925654524115979030066366833298851903119250192182312086995033208659640618252391881857516412166627072693562985979032410560276004259582259233037008278177996006511748198741143766036721550798577483516107805718353251188002111816896982997080526030610170523619024933382695133968562778729861308664718243515492143289024805094187675371493259243936478103772634285233876438703732231685703027784996831751953654095295878613745275596649844455479719918738643910451671060955792786739406288426595921810385269387425601950359768299646688275920056511562387055071236294284296151321328315155824730408724216823654164426910665120136493829463757776433004911713323303314483218565697445083872703032766086841626256773585824832280565933849697202931272719475370428926260071863239158748410620663341200025719390446954377916296721920275976541041191745802924577461487785923088190131967901253467343141650950928666189053193277982769372705828711739585094234905284808040012020018431497061197113994361546322510716058764234617439998254257477103078122505474940617780827303568862520842030207083913657466206057231742948813219933787708606320698690979327127137724367429309717885148893261683935971724602869544897124605184288313053351073821025843075200508456891200475851309287862705869936485012514020576157927260073454346759444233906784039279020737605854949569193620053594877926278273292365008600277003534073520964703694150704192285140645942080021404081191553651504692463401286244790057233108237232269363140232446146688387957124731626421651873900617483408864267853128102360663279059630355386891464004909237600617304819641268462290171113855284374766537453945656564889178683247872333871151175163215092724304606899887093677005032859307581298292350365899186704919521569503382200265828399466535812725261309837029487522395720285385261071791385788144604457394363301496098272416148845824550068321398274567806677006607281978073129735026028922211792440198985120320042308029358475208439178787371536345169433173022374061076749725625295871851536501140699762126462438875577509208863820602081549298764328264690195661286884697192785381751012647790847970631995799824562540675075651983576513695493490902587718333934817302285585256371023695689503038918877028372256459631066341485249931747516962034189036602263868008976963141861218659834204492825753440317614698458269353324327486902141637189523707151240780764535094064207676848074823080704040404968202694765777148374025039214674121394873269465575080709181225137488173060758373333902933935276675843655188214433202510519995620721070273973113767854942624476945567100584914080554042151501679300894117195833218207742478228508978357085182806600288446651307574555525712483235972323525660207842146080677406853872877269912882023810040626184575944875947567836626636823453729176818864517643109244732753010153617032967332322912845123657024536709267545499137617042114130203876971440382623140729167437175204112711	29797441240847192311964028853190280189674041619720799605070824129924103630349014387363218437041262128836255660367033565228906969921436065807110492954244538641922732381526988524213230765695165516684856964886402475218726787375215748391120225301433133801809602551954799399621703470614032595261603547732880205461166225506383472517669360488304292936684047002677551828409989745109425630864985134416570483495028535097538525962819715706453278578056276781997658621821330623661439735037198469982874980353282521543069959364804122626389538391283710117759012920542190446628568269535485120906902702054290158140837938102629797883544586003735080140767802541056613215533165923427360817084903885101038661329655704061613434516352085161782006860284716509839924228309376088170740553115806220734141302650018634501634025387034749992958051378064427378851361912424198331364128012126763635821448538082680394661199446603105140135145773169572815900859756930566649614155831034729931372411256821392500159004312520315903886099984162552510340255905871686390450491265255143854483798306809277249937137025142121929769772557453409227374336478637679522061486857396500122803858655000540448236492623046012353049209921802961750250545471003760259791273167586752423398365574840490589840760931330933153663610572105052991899747873162820597332774680852019648093026677385832477743712251101283124226177562482960229968454614518181671408087370470861868720907568897833024396451732590163092981012807519902318229831616765836718624963488831949580435432827733217408439155315703650338973929620375600769749724732842969809091062839961162903414781145856309869620232491730331544602044407528512590093000051687598915078403142228038429521535769261723830215164168364183400911820788037421668232634029535797319564940837455286601223687123775761772628317714229638569848375515207185731498184654798635117000544336843332645039895399651959153354302755284155315518687721209197160244374023124054432253755676100840772031534411165727549566867286348425872203182648649689009364802812090408127817138770766623834101272628178251636148335283757032625639356846009773027853358829519025768007874267865038309380969139952843934704724961549329091116100278176187644252641572581670099060968554829746443564601354435613817402176368743989342369582447959093801416281688316078974967539266559050064479381026500562155660222706178357650833077548138537965863212838718055252673986202584735224033177061497801025719354060093987316981826798488988718389622629657969942783530385889021822016505513706530609579165397550211818245598817401593695534130304085709446359391125699948610770867164296925948640911369132181316897244202322846067416402488899857999334239594051801552885142593780171284320916224394442931580644668731772404634040719006563513497938665174830088968649744527979394070611105840694354975273805652473085042854335038893928053965494788627308354371348029123432138950852418060274208641717460706558091148426338813994643354032648641847728648518122763255751977738274499098322020727186714787267522193563686629426081866415215248183540050600605038534589946599786045649322573187044911502460935059195215403420292495730867375046193045711742	-3,-5,-5,-5,-5,-5,-5,-5,-5,5,5,5	-6,-6,5,5,5,5,5,5,5,5,5,5	ok
1.179179	-12.672673	-56.809181	0.359782	full	19012618284601608129260036533218416974356044056778757402653740347093001700283080756763164361590989353590274337749533257033218141885927465447111881674012465011101991486852045789411360762454761046283909837766834639832139209519174836312582979010809980088066724718022121018231018395249264733409624822505343906850115737519494901458017747405404028400069099977087551017418712920412332492358135341252975380465348410574063524520845828531281863797212819647808267831190375800333733944094480942063647672616664899191802563489668803006994497670463891718385896247927632139078843139952547987352499299669213733226015661372286014518303017302224931581295087378811214374113501403347201625302067056105169666947620811231510238265415228112747949964372713113773543083844898786759208980148769137051376250870851791453573334757234209712299680501267287330905841353797704352321169175969975395460801076809806707668294461575626954709535077090912466767728452474511297144014972703054988214821272595711187695546207863115902747882182447814861673038079879407540695356319306433531156065549348648972255510841882255283550265757875402679136718771081116374576415886657102323181593289270277424833079373219077862757915554786349566340155930512793183718564883473685948730793172128971092106822647981281825877180761853087133802679451166723503214161662336817340181124042381932639775131726587618785642305288535903939935136190230740295844223590184409601069751203553880099109975999679907304498468482193512114915944438414837695123938838561423278458893019099236518977972404229515809414131585224577524777785923274391848972632315023685167785196249936756145561733470078479358854840933416020394249809904936400402074884697583403660191441420746813509194942704894472956216775476561037340359631871564817696943013817712100924745161992141920971680910458239191755280116635319160377912665100300683875620531767739064665251173364036887207784972790140677091280846040328287586519415748751293097275692560947936931976101611281708048678937640360156935113381465187813680529496812596746970977915541939135814965402677463376145101802618418322332343633892892595911505830830622805379818552008219021850332556908848638239891513002320475321019033129363117649060209426075772847959825045888524692277510890661844982065261199438708330098913127610618538466040610036628426567482670827745595988795923494423231297072470811823364682656066259451849400229754510139870335557376495039193329883479467637067046692331063189927314376388947239948503984818933765583325181526279922245750641974874029884398164357275492533009620223324194690863627649511723527059292428771516910387696566424120085485769887657077324638195481835537251076930405109992970342149043214861324367210639543044510474717890377363637245753644704957841264669618239829958889704958488630215819794228334961063917737475295662291606528142220821679259830330643574747163716634698963168714747394360495769433810253642574714201372692044949877956519637673260995548930836531605805173704073225640731061405565200023951875486512526468367196252454131506464295454403168463075063732783252691792240347938104821503703055088147747669775105266871781780822004814794381506657228542871728638	29797441240847192311964028853190280189674041619720799605070824129924103630349014387363218437041262128836255660367033565228906969921436065807110492954244538641922732381526988524213230765695165516684856964886402475218726787375215748391120225301433133801809602551954799399621703470614032595261603547732880205461166225506383472517669360488304292936684047002677551828409989745109425630864985134416570483495028535097538525962819715706453278578056276781997658621821330623661439735037198469982874980353282521543069959364804122626389538391283710117759012920542190446628568269535485120906902702054290158140837938102629797883544586003735080140767802541056613215533165923427360817084903885101038661329655704061613434516352085161782006860284716509839924228309376088170740553115806220734141302650018634501634025387034749992958051378064427378851361912424198331364128012126763635821448538082680394661199446603105140135145773169572815900859756930566649614155831034729931372411256821392500159004312520315903886099984162552510340255905871686390450491265255143854483798306809277249937137025142121929769772557453409227374336478637679522061486857396500122803858655000540448236492623046012353049209921802961750250545471003760259791273167586752423398365574840490589840760931330933153663610572105052991899747873162820597332774680852019648093026677385832477743712251101283124226177562482960229968454614518181671408087370470861868720907568897833024396451732590163092981012807519902318229831616765836718624963488831949580435432827733217408439155315703650338973929620375600769749724732842969809091062839961162903414781145856309869620232491730331544602044407528512590093000051687598915078403142228038429521535769261723830215164168364183400911820788037421668232634029535797319564940837455286601223687123775761772628317714229638569848375515207185731498184654798635117000544336843332645039895399651959153354302755284155315518687721209197160244374023124054432253755676100840772031534411165727549566867286348425872203182648649689009364802812090408127817138770766623834101272628178251636148335283757032625639356846009773027853358829519025768007874267865038309380969139952843934704724961549329091116100278176187644252641572581670099060968554829746443564601354435613817402176368743989342369582447959093801416281688316078974967539266559050064479381026500562155660222706178357650833077548138537965863212838718055252673986202584735224033177061497801025719354060093987316981826798488988718389622629657969942783530385889021822016505513706530609579165397550211818245598817401593695534130304085709446359391125699948610770867164296925948640911369132181316897244202322846067416402488899857999334239594051801552885142593780171284320916224394442931580644668731772404634040719006563513497938665174830088968649744527979394070611105840694354975273805652473085042854335038893928053965494788627308354371348029123432138950852418060274208641717460706558091148426338813994643354032648641847728648518122763255751977738274499098322020727186714787267522193563686629426081866415215248183540050600605038534589946599786045649322573187044911502460935059195215403420292495730867375046193045711742	-4,-5,-5,-5,-5,-5,-5,-5,-5,-5,5,5	-6,-6,5,5,5,5,5,5,5,5,5,5	ok
1.183183	-12.672673	-18.810181	0.374431	continued:5	29797441240847192311964028853190280189674041619720799605070824129924103630349014387363218437041262128836255660367033565228906969921436065807110492954244538641922732381526988524213230765695165516739994474690365920321938836124680349407621389174422575433515432175857440806646186534711664095048200233844655797841473677453405663250260447801631435344135993128643147796482806147876468549439715749856071249659627599475987323671827369771865221845291756903281146615711384803434295024829277842831418694839941823883831566498004267261730671018929104843904442387870484365857888189536296648098670249137264353498164544236896672831076268761190520600080121584857972539648724104485926725981306583995477145957712627015939516317459995807158397098987563805866798273465357843109707315770267392401784231126954403131562900596901554920941929800667469540731596024416446057782475494050688655549937961178871708310774758509474199344274385665327650397601172390515912454512807551418600510707134665906879279435847487037545889115906146070551888130409417242517356945216602359496984048243451821412619142457943691164845601083632128546483691663273094080913772697520179354680054649028668957946549146753511281249223840930715689293831419123065851313060999449270994502051366517732748996349002023493589746389443904928584896086009937902409399920434894710434724828196433334435922244668719645070963172539209158021792443345390080700323594367010028199659713009657377267993424553187083049959871759642950546564115043686986727275079274165803791130947745943729088287446146315142597144867697576962518223254129784798351739355151578911377639613203940250399384841939820680434397051876790501276495089591646513054726661714171433576989062336185964235076961182316552488146363555033395903677304043908711514370284735250029559691269519919326743505646203339715452115986988723790925823045352356583831855234535260853878587909308464651174272508361945024908117893783815024770824195268530734297464790111296711539271215962789594304294139398616563570814228262254397857325149984789148162523389893025921229340880761759736333671968826567838406967885860708088637161382530192885576736213370023192713196434264864250666359346844073909520688572816432562418167605773578791845218334744227697763589602264801261289422264820983997961034474652982805774130280506674747700295438268361261006069120383122079530358207181947441181282489588894804402010628341383312784341893132389871189173314315017807366385514063223036503961804890941303445489862900285874911395869725173051412664801947408159942680642332657565254503190288581994103849186150948240030193765036888948752176101465589207851350874839258547896409047728063073939598374999092463615204633630092106304297770983497908028272208744390834802516114995725001059902129158709140343412355896222382105565668589383788881128745908143686943481027079297424726546044963800868098080068324531215440831140740837054792207359973624706352784306976760066971776209608447925334636170245223234740856287289563133969371220632096921789194912603724604073406023519613248666584023407856485793744991347936820401033365852107786838267007230727414967014803640021226904239798214275791361557568918466769428	29797441240847192311964028853190280189674041619720799605070824129924103630349014387363218437041262128836255660367033565228906969921436065807110492954244538641922732381526988524213230765695165516684856964886402475218726787375215748391120225301433133801809602551954799399621703470614032595261603547732880205461166225506383472517669360488304292936684047002677551828409989745109425630864985134416570483495028535097538525962819715706453278578056276781997658621821330623661439735037198469982874980353282521543069959364804122626389538391283710117759012920542190446628568269535485120906902702054290158140837938102629797883544586003735080140767802541056613215533165923427360817084903885101038661329655704061613434516352085161782006860284716509839924228309376088170740553115806220734141302650018634501634025387034749992958051378064427378851361912424198331364128012126763635821448538082680394661199446603105140135145773169572815900859756930566649614155831034729931372411256821392500159004312520315903886099984162552510340255905871686390450491265255143854483798306809277249937137025142121929769772557453409227374336478637679522061486857396500122803858655000540448236492623046012353049209921802961750250545471003760259791273167586752423398365574840490589840760931330933153663610572105052991899747873162820597332774680852019648093026677385832477743712251101283124226177562482960229968454614518181671408087370470861868720907568897833024396451732590163092981012807519902318229831616765836718624963488831949580435432827733217408439155315703650338973929620375600769749724732842969809091062839961162903414781145856309869620232491730331544602044407528512590093000051687598915078403142228038429521535769261723830215164168364183400911820788037421668232634029535797319564940837455286601223687123775761772628317714229638569848375515207185731498184654798635117000544336843332645039895399651959153354302755284155315518687721209197160244374023124054432253755676100840772031534411165727549566867286348425872203182648649689009364802812090408127817138770766623834101272628178251636148335283757032625639356846009773027853358829519025768007874267865038309380969139952843934704724961549329091116100278176187644252641572581670099060968554829746443564601354435613817402176368743989342369582447959093801416281688316078974967539266559050064479381026500562155660222706178357650833077548138537965863212838718055252673986202584735224033177061497801025719354060093987316981826798488988718389622629657969942783530385889021822016505513706530609579165397550211818245598817401593695534130304085709446359391125699948610770867164296925948640911369132181316897244202322846067416402488899857999334239594051801552885142593780171284320916224394442931580644668731772404634040719006563513497938665174830088968649744527979394070611105840694354975273805652473085042854335038893928053965494788627308354371348029123432138950852418060274208641717460706558091148426338813994643354032648641847728648518122763255751977738274499098322020727186714787267522193563686629426081866415215248183540050600605038534589946599786045649322573187044911502460935059195215403420292495730867375046193045711742	-2,-6,-6,-6,5,5,5,5,5,5,5,5	-6,-6,5,5,5,5,5,5,5,5,5,5	ok
1.187187	-12.672673	-46.703361	0.377224	continued:5	29797441240847192311964028853190280189674041619720799605070824129924103630349014387363218437041262128836255660367033565228906969921436065807110492954244538641922732381526988524213230765695165516739994474690365920321938836124680349407621389174422575433515432175857440806646186534711664095048200233844655797841473677453405663250260447801631435344135993128643147796482806147876468549439715749856071249659627599475987323671827369771865221845291756903281146615711384803434295024829277842831418694839941823883831566498004267261730671018929104843904442387870484365857888189536296648098670249137264353498164544236896672831076268761190520600080121584857972539648724104485926725981306583995477145957712627015939516317459995807158397098987563805866798273465357843109707315770267392401784231126954403131562900596901554920941929800667469540731596024416446057782475494050688655549937961178871708310774758509474199344274385665327650397601172390515912454512807551418600510707134665906879279435847487037545889115906146070551888130409417242517356945216602359496984048243451821412619142457943691164845601083632128546483691663273094080913772697520179354680054649028668957946549146753511281249223840930715689293831419123065851313060999449270994502051366517732748996349002023493589746389443904928584896086009937902409399920434894710434724828196433334435922244668719645070963172539209158021792443345390080700323594367010028199659713009657377267993424553187083049959871759642950546564115043686986727275079274165803791130947745943729088287446146315142597144867697576962518223254129784798351739355151578911377639613203940250399384841939820680434397051876790501276495089591646513054726661714171433576989062336185964235076961182316552488146363555033395903677304043908711514370284735250029559691269519919326743505646203339715452115986988723790925823045352356583831855234535260853878587909308464651174272508361945024908117893783815024770824195268530734297464790111296711539271215962789594304294139398616563570814228262254397857325149984789148162523389893025921229340880761759736333671968826567838406967885860708088637161382530192885576736213370023192713196434264864250666359346844073909520688572816432562418167605773578791845218334744227697763589602264801261289422264820983997961034474652982805774130280506674747700295438268361261006069120383122079530358207181947441181282489588894804402010628341383312784341893132389871189173314315017807366385514063223036503961804890941303445489862900285874911395869725173051412664801947408159942680642332657565254503190288581994103849186150948240030193765036888948752176101465589207851350874839258547896409047728063073939598374999092463615204633630092106304297770983497908028272208744390834802516114995725001059902129158709140343412355896222382105565668589383788881128745908143686943481027079297424726546044963800868098080068324531215440831140740837054792207359973624706352784306976760066971776209608447925334636170245223234740856287289563133969371220632096921789194912603724604073406023519613248666584023407856485793744991347936820401033365852107786838267007230727414967014803640021226904239798214275791361557568918466769428	29797441240847192311964028853190280189674041619720799605070824129924103630349014387363218437041262128836255660367033565228906969921436065807110492954244538641922732381526988524213230765695165516684856964886402475218726787375215748391120225301433133801809602551954799399621703470614032595261603547732880205461166225506383472517669360488304292936684047002677551828409989745109425630864985134416570483495028535097538525962819715706453278578056276781997658621821330623661439735037198469982874980353282521543069959364804122626389538391283710117759012920542190446628568269535485120906902702054290158140837938102629797883544586003735080140767802541056613215533165923427360817084903885101038661329655704061613434516352085161782006860284716509839924228309376088170740553115806220734141302650018634501634025387034749992958051378064427378851361912424198331364128012126763635821448538082680394661199446603105140135145773169572815900859756930566649614155831034729931372411256821392500159004312520315903886099984162552510340255905871686390450491265255143854483798306809277249937137025142121929769772557453409227374336478637679522061486857396500122803858655000540448236492623046012353049209921802961750250545471003760259791273167586752423398365574840490589840760931330933153663610572105052991899747873162820597332774680852019648093026677385832477743712251101283124226177562482960229968454614518181671408087370470861868720907568897833024396451732590163092981012807519902318229831616765836718624963488831949580435432827733217408439155315703650338973929620375600769749724732842969809091062839961162903414781145856309869620232491730331544602044407528512590093000051687598915078403142228038429521535769261723830215164168364183400911820788037421668232634029535797319564940837455286601223687123775761772628317714229638569848375515207185731498184654798635117000544336843332645039895399651959153354302755284155315518687721209197160244374023124054432253755676100840772031534411165727549566867286348425872203182648649689009364802812090408127817138770766623834101272628178251636148335283757032625639356846009773027853358829519025768007874267865038309380969139952843934704724961549329091116100278176187644252641572581670099060968554829746443564601354435613817402176368743989342369582447959093801416281688316078974967539266559050064479381026500562155660222706178357650833077548138537965863212838718055252673986202584735224033177061497801025719354060093987316981826798488988718389622629657969942783530385889021822016505513706530609579165397550211818245598817401593695534130304085709446359391125699948610770867164296925948640911369132181316897244202322846067416402488899857999334239594051801552885142593780171284320916224394442931580644668731772404634040719006563513497938665174830088968649744527979394070611105840694354975273805652473085042854335038893928053965494788627308354371348029123432138950852418060274208641717460706558091148426338813994643354032648641847728648518122763255751977738274499098322020727186714787267522193563686629426081866415215248183540050600605038534589946599786045649322573187044911502460935059195215403420292495730867375046193045711742	-2,-6,-6,-6,5,5,5,5,5,5,5,5	-6,-6,5,5,5,5,5,5,5,5,5,5	ok
1.191191	-12.672673	-50.555247	0.377264	continued:5	29797441240847192311964028853190280189674041619720799605070824129924103630349014387363218437041262128836255660367033565228906969921436065807110492954244538641922732381526988524213230765695165516684856964886402475218726787375215748391120225301433133801809602551954799399621703470614032595261603547732880205461166225506383472517669360488304292936684047002677551828409989745109425630864985134422947174036192029676553220396103130882265511904520585700060750003250408290764813305740477422359782820039739747407254492843904673997125272046292276306417333621045582187098816891641254388118615995970674429432143640587219546851245472290216391933922818852287307049811511896851490902758108182714579906084707050661444137404718752497700186533646977012126386231310469628485167472902657274048575829511420675849583871233492293848428541221683703895658880663414626906764071528467410178432304353617223441482864193285100928093077741519883221240668852955533544609985252847267621422519215919367648268592447396226122312801589022880752118604642744665731607650793670966429240278320289346701072396910943990827407366506294657734471869429577761769201815905758149439552557966791512695909540741385826452801383749837670132846076255208877441111028255639314683721896152222972659610778502167250388206319496091644576800518042282953107127735152949674642501225364311803082738998567568660973248892570776615618096826236884622139147705875370111744068017655377068065378420155582523314690391181662157396965204657300653427452578951026075409969174100785484002367366369978054855707104992275212587484962001890316544986296895365014011748573966026900095102134353346183698608536294107804962605762840101224500473237708348641407814554758179322279874788663664052216812339618945144505397223482601148690510660196743372663362700457853720123242574204493644316109048564406635298155512993540879586719742758271487604112182256738577165749281598076196331714942131113745988468896653365552046670625793977952111870552105626065555257783763246915130597022601351684519482589362900854694439954474714917778800393548284822291234450691377529287009703045679171132981670212423321868144548612660269313140514108344712314412075549652743734356565454272299767430963941342873443653789420520002400308726966460423831965162571084095619767446380266216839124815364903437721317014317338337058729561615264215703840338102278427789201000849354931940257298928842569719292027311269722201542266784673818540595057191267412490551219062116501374891936166146167623074251424945668570289335865802723990378237903528320395000294460089386640794505508906141570382739537954738187134424433912393953363672632843434159677465173962556187101541283143189128333343598400885656194501465129903849914039455223131646299267206519264377814229565014384084190393746894175841468225506590187073269127213525204020677793294682807207741802899848844418473544664682190667855040834130424113377701762664235945121814667285304352314198895055472097063163999496626876988128690449401260156787357342110343662547700333763437773159861494855707414046859072560424286883174913956399295506555892944113650333432823906265594584763002824858245916660888975417528114150899817960	29797441240847192311964028853190280189674041619720799605070824129924103630349014387363218437041262128836255660367033565228906969921436065807110492954244538641922732381526988524213230765695165516684856964886402475218726787375215748391120225301433133801809602551954799399621703470614032595261603547732880205461166225506383472517669360488304292936684047002677551828409989745109425630864985134416570483495028535097538525962819715706453278578056276781997658621821330623661439735037198469982874980353282521543069959364804122626389538391283710117759012920542190446628568269535485120906902702054290158140837938102629797883544586003735080140767802541056613215533165923427360817084903885101038661329655704061613434516352085161782006860284716509839924228309376088170740553115806220734141302650018634501634025387034749992958051378064427378851361912424198331364128012126763635821448538082680394661199446603105140135145773169572815900859756930566649614155831034729931372411256821392500159004312520315903886099984162552510340255905871686390450491265255143854483798306809277249937137025142121929769772557453409227374336478637679522061486857396500122803858655000540448236492623046012353049209921802961750250545471003760259791273167586752423398365574840490589840760931330933153663610572105052991899747873162820597332774680852019648093026677385832477743712251101283124226177562482960229968454614518181671408087370470861868720907568897833024396451732590163092981012807519902318229831616765836718624963488831949580435432827733217408439155315703650338973929620375600769749724732842969809091062839961162903414781145856309869620232491730331544602044407528512590093000051687598915078403142228038429521535769261723830215164168364183400911820788037421668232634029535797319564940837455286601223687123775761772628317714229638569848375515207185731498184654798635117000544336843332645039895399651959153354302755284155315518687721209197160244374023124054432253755676100840772031534411165727549566867286348425872203182648649689009364802812090408127817138770766623834101272628178251636148335283757032625639356846009773027853358829519025768007874267865038309380969139952843934704724961549329091116100278176187644252641572581670099060968554829746443564601354435613817402176368743989342369582447959093801416281688316078974967539266559050064479381026500562155660222706178357650833077548138537965863212838718055252673986202584735224033177061497801025719354060093987316981826798488988718389622629657969942783530385889021822016505513706530609579165397550211818245598817401593695534130304085709446359391125699948610770867164296925948640911369132181316897244202322846067416402488899857999334239594051801552885142593780171284320916224394442931580644668731772404634040719006563513497938665174830088968649744527979394070611105840694354975273805652473085042854335038893928053965494788627308354371348029123432138950852418060274208641717460706558091148426338813994643354032648641847728648518122763255751977738274499098322020727186714787267522193563686629426081866415215248183540050600605038534589946599786045649322573187044911502460935059195215403420292495730867375046193045711742	-3,-6,-6,5,5,5,5,5,5,5,5,5	-6,-6,5,5,5,5,5,5,5,5,5,5	ok
1.195195	-12.672673	-52.937909	0.380057	continued:5	29797441240847192311964028853190280189674041619720799605070824129924103630349014387363218437041262128836255660367033565228906969921436065807110492954244538641922732381526988524213230765695165516684856964886402475218726787375215748391120225301433133801809602551954799399621703470614032595261603547732880205461166225506383472517669360488304292936684047002677551828409989745109425630864985134416570483495028535097538525962819715706453278578056276781997658621821330623661439735037198469982874980353282521543069959364804122626389538391283710117759012920542190446628568269535485120906902702054290158140837938102629797883544586003735080140767802541056613215533165923427360817084903885101038661329655704061613434516352085161782006860284716509839924228309376088170740553115806220734141302650018634501634025387034749992958051378064427378851361912424198331364128012126763635821448538082680394661199446603105140135145773169572815900859756930566649614155831034729931372411256821392500159004312520315903886099984162552510340255905871686390450491265255143854483798306809277249937137025142121929769772557453409227374336478637679522061486857396500122803858655000540448236492623046012353049209921802961750250545471003760259791273167586752423398365574840490589840760931330933153663610572105052991899747873162820597332774680852019648093026677385832477743712251101283124226177562482960229968454614518181671408087370470861868720907568897833024396451732590163092981012807519902318229831616765836718624963488831949580435432827733217408439155315703650338973929620375600769749724732842969807626339053938351759395819427043119803537868388425601556884387173853592932924598966685709069164215325093517189299393145937862320890026562464469965577892946661245269739438124250787998318261408740977996242378066408587894696117703613206911281080703380820713346613849295052983794558872903164934137420941136537684006470204096133691430363216104097393194766836746878531602489737478541861246399216574049434020784270250545816662617255815457878761003109605820204848926289001967572544399020071893549056695154366057473697618871008362243195022160449707725775500967487279759640093022910083058289333400978755896699121582967341566613947269618651590030851543939072458587139830458585422278590479883591065950097120315572897428432950124576261931693571585465405917662724479816895485660121746017170523457399719764206433448758215631039260870516137609371453304836454552072154711148139800220851410555925500938505861261058689244054969219727805806714724196121762763826576803676888307702468005014267637105613718203745120579548171808136056939567429638137357174652188469763991255531354328499408441614537004617328612061822907170034002730867226878228293975273044201694969592016197574689251564421681662758088274893598787782393612863857700000273062214708356335642658511559950460151871676328626798514879407165485706603428968463709109721084181748287483759685721579392302820232177021777445901508038877108175612295947033852218094852800119502555682233909818384817136363927932758865410818081464329541454952023469608216376398842438309173120380569806633493987551771300739845905256925798979003196703663077551981	29797441240847192311964028853190280189674041619720799605070824129924103630349014387363218437041262128836255660367033565228906969921436065807110492954244538641922732381526988524213230765695165516684856964886402475218726787375215748391120225301433133801809602551954799399621703470614032595261603547732880205461166225506383472517669360488304292936684047002677551828409989745109425630864985134416570483495028535097538525962819715706453278578056276781997658621821330623661439735037198469982874980353282521543069959364804122626389538391283710117759012920542190446628568269535485120906902702054290158140837938102629797883544586003735080140767802541056613215533165923427360817084903885101038661329655704061613434516352085161782006860284716509839924228309376088170740553115806220734141302650018634501634025387034749992958051378064427378851361912424198331364128012126763635821448538082680394661199446603105140135145773169572815900859756930566649614155831034729931372411256821392500159004312520315903886099984162552510340255905871686390450491265255143854483798306809277249937137025142121929769772557453409227374336478637679522061486857396500122803858655000540448236492623046012353049209921802961750250545471003760259791273167586752423398365574840490589840760931330933153663610572105052991899747873162820597332774680852019648093026677385832477743712251101283124226177562482960229968454614518181671408087370470861868720907568897833024396451732590163092981012807519902318229831616765836718624963488831949580435432827733217408439155315703650338973929620375600769749724732842969809091062839961162903414781145856309869620232491730331544602044407528512590093000051687598915078403142228038429521535769261723830215164168364183400911820788037421668232634029535797319564940837455286601223687123775761772628317714229638569848375515207185731498184654798635117000544336843332645039895399651959153354302755284155315518687721209197160244374023124054432253755676100840772031534411165727549566867286348425872203182648649689009364802812090408127817138770766623834101272628178251636148335283757032625639356846009773027853358829519025768007874267865038309380969139952843934704724961549329091116100278176187644252641572581670099060968554829746443564601354435613817402176368743989342369582447959093801416281688316078974967539266559050064479381026500562155660222706178357650833077548138537965863212838718055252673986202584735224033177061497801025719354060093987316981826798488988718389622629657969942783530385889021822016505513706530609579165397550211818245598817401593695534130304085709446359391125699948610770867164296925948640911369132181316897244202322846067416402488899857999334239594051801552885142593780171284320916224394442931580644668731772404634040719006563513497938665174830088968649744527979394070611105840694354975273805652473085042854335038893928053965494788627308354371348029123432138950852418060274208641717460706558091148426338813994643354032648641847728648518122763255751977738274499098322020727186714787267522193563686629426081866415215248183540050600605038534589946599786045649322573187044911502460935059195215403420292495730867375046193045711742	-3,-6,5,5,5,5,5,5,5,5,5,5	-6,-6,5,5,5,5,5,5,5,5,5,5	ok
1.199199	-12.672673	-54.386632	0.382851	continued:5	29797441240847192311964028853190280189674041619720799605070824129924103630349014387363218437041262128836255660367033565228906969921436065807110492954244538641922732381526988524213230765695165516684856964886402475218726787375215748391120225301433133801809602551954799399621703470614032595261603547732880205461166225506383472517669360488304292936684047002677551828409989745109425630864985134416570483495028535097538525962819715706453278578056276781997658621821330623661439735037198469982874980353282521543069959364804122626389538391283710117759012920542190446628568269535485120906902702054290158140837938102629797883544586003735080140767802541056613215533165923427360817084903885101038661329655704061613434516352085161782006860284716509839924228309376088170740553115806220734141302649848057010058913693667459286835607211129246633087358315863204490737630361736531172516441701350353989780844469604679326961211342427047892996344090028808147916171706518889485060629487737417917569767213496185589810977631686161593663266872708183305924891421716519836703659212884206754774705296603977160595587057551946392243523306131003376817168847344668193734612715320449809071341032253817577093207483930220945124667599152474307313066288132598337858614967222060190098955400369833539728841815639323595546756206693047251103075382837527829820663088922381252193091723767612410835446041002371833244855823858875455973221693803924258499763326053205682414512096667270504543905693204277613951276144204402168422635613346089666241936344317839882762737246424381784741408159245368710128847124504748050503990781578764654952474606245487855709595539854347610025507672219867684075552108204020693002392797889951477922785294312425920409366840810613018774876035748947379126660344457923252911827963127050021684207491337122395166780647517198338054767054442830301426205055903496259126862605237461976535076098361397823326293402766043365501433603630557342200025311413646849469234032797183111462861504199013456412011237770868264340994109716529640416837224889583615851124891019011469211713408349279357454776504261682254599836296540677490414109971322704682648733858505710837948572489470743258918957985499447890480082719124734380717079913908027937921038192208772571802079613448093696186733643290284870878794124360980883995900352900169251996630745408968647196739083264462897694864636367981485763873831510074976212279157827568788748587208370309400277301513089418026501765935875688452475036335026926035984960464181697274556613221792458622338022538497456852545560958161633631393846791355693736324319823254493130493254534323699909944897503934906464549927864564116780764548724526005167288450207785182052845344488503149127553784912040092721239672966494161951435228870510203666458503407381527800202537379296899084196749484248017397623225360741557400356939447786030212738157097386153120302032851798323144081850357605420034876762332505768871767157279014091641205177376396947992882728922995266027851166827789653411295075675561410671580097156184523046122900782989756625456112627833322130591146902407883006284348590074036026446197103992744951409686477908471095192610419082790255192110341133645545	29797441240847192311964028853190280189674041619720799605070824129924103630349014387363218437041262128836255660367033565228906969921436065807110492954244538641922732381526988524213230765695165516684856964886402475218726787375215748391120225301433133801809602551954799399621703470614032595261603547732880205461166225506383472517669360488304292936684047002677551828409989745109425630864985134416570483495028535097538525962819715706453278578056276781997658621821330623661439735037198469982874980353282521543069959364804122626389538391283710117759012920542190446628568269535485120906902702054290158140837938102629797883544586003735080140767802541056613215533165923427360817084903885101038661329655704061613434516352085161782006860284716509839924228309376088170740553115806220734141302650018634501634025387034749992958051378064427378851361912424198331364128012126763635821448538082680394661199446603105140135145773169572815900859756930566649614155831034729931372411256821392500159004312520315903886099984162552510340255905871686390450491265255143854483798306809277249937137025142121929769772557453409227374336478637679522061486857396500122803858655000540448236492623046012353049209921802961750250545471003760259791273167586752423398365574840490589840760931330933153663610572105052991899747873162820597332774680852019648093026677385832477743712251101283124226177562482960229968454614518181671408087370470861868720907568897833024396451732590163092981012807519902318229831616765836718624963488831949580435432827733217408439155315703650338973929620375600769749724732842969809091062839961162903414781145856309869620232491730331544602044407528512590093000051687598915078403142228038429521535769261723830215164168364183400911820788037421668232634029535797319564940837455286601223687123775761772628317714229638569848375515207185731498184654798635117000544336843332645039895399651959153354302755284155315518687721209197160244374023124054432253755676100840772031534411165727549566867286348425872203182648649689009364802812090408127817138770766623834101272628178251636148335283757032625639356846009773027853358829519025768007874267865038309380969139952843934704724961549329091116100278176187644252641572581670099060968554829746443564601354435613817402176368743989342369582447959093801416281688316078974967539266559050064479381026500562155660222706178357650833077548138537965863212838718055252673986202584735224033177061497801025719354060093987316981826798488988718389622629657969942783530385889021822016505513706530609579165397550211818245598817401593695534130304085709446359391125699948610770867164296925948640911369132181316897244202322846067416402488899857999334239594051801552885142593780171284320916224394442931580644668731772404634040719006563513497938665174830088968649744527979394070611105840694354975273805652473085042854335038893928053965494788627308354371348029123432138950852418060274208641717460706558091148426338813994643354032648641847728648518122763255751977738274499098322020727186714787267522193563686629426081866415215248183540050600605038534589946599786045649322573187044911502460935059195215403420292495730867375046193045711742	-3,5,5,5,5,5,5,5,5,5,5,5	-6,-6,5,5,5,5,5,5,5,5,5,5	ok
1.203203	-12.672673	-55.190715	0.385644	continued:5	29791569636317822956878556888720614405159548519751590612711832489144989896947746181791082059505844265668551235941282572259772554415070560758052442489855024024989578086303796142265918077114028972559963505915335936743933267113850669597419145796201513514925654524115979030066366833298851903119250192182312086995033208659640618252391881857516412166627072693562985979032410560276004259582259233037008278177996006511748198741143766036721550798577483516107805718353251188002111816896982997080526030610170523619024933382695133968562778729861308664718243515492143289024805094187675371493259243936478103772634285233876438703732231685703027784996831751953654095295878613745275596649844455479719918738643910451671060955792786739406288426595921810385269387425601950359768299646688275920056511562387055071236294284296151321328315155824730408724216823654164426910665120136493829463757776433004911713323303314483218565697445083872703032766086841626256773585824832280565933849697202931272719475370428926260071863239158748410620663341200025719390446954377916296721920275976541041191745802924577461487785923088190131967901253467343141650950928666189053193277982769372705828711739585094234905284808040012020018431497061197113994361546322510716058764234617439998254257477103078122505474940617780827303568862520842030207083913657466206057231742948813219933787708606320698690979327127137724367429309717885148893261683935971724602869544897124605184288313053351073821025843075200508456891200475851309287862705869936485012514020576157927260073454346759444233906784039279020737605854949569193620053594877926278273292365008600277003534073520964703694150704192285140645942080021404081191553651504692463401286244790057233108237232269363140232446146688387957124731626421651873900617483408864267853128102360663279059630355386891464004909237600617304819641268462290171113855284374766537453945656564889178683247872333871151175163215092724304606899887093677005032859307581298292350365899186704919521569503382200265828399466535812725261309837029487522395720285385261071791385788144604457394363301496098272416148845824550068321398274567806677006607281978073129735026028922211792440198985120320042308029358475208439178787371536345169433173022374061076749725625295871851536501140699762126462438875577509208863820602081549298764328264690195661286884697192785381751012647790847970631995799824562540675075651983576513695493490902587718333934817302285585256371023695689503038918877028372256459631066341485249931747516962034189036602263868008976963141861218659834204492825753440317614698458269353324327486902141637189523707151240780764535094064207676848074823080704040404968202694765777148374025039214674121394873269465575080709181225137488173060758373333902933935276675843655188214433202510519995620721070273973113767854942624476945567100584914080554042151501679300894117195833218207742478228508978357085182806600288446651307574555525712483235972323525660207842146080677406853872877269912882023810040626184575944875947567836626636823453729176818864517643109244732753010153617032967332322912845123657024536709267545499137617042114130203876971440382623140729167437175204112711	29797441240847192311964028853190280189674041619720799605070824129924103630349014387363218437041262128836255660367033565228906969921436065807110492954244538641922732381526988524213230765695165516684856964886402475218726787375215748391120225301433133801809602551954799399621703470614032595261603547732880205461166225506383472517669360488304292936684047002677551828409989745109425630864985134416570483495028535097538525962819715706453278578056276781997658621821330623661439735037198469982874980353282521543069959364804122626389538391283710117759012920542190446628568269535485120906902702054290158140837938102629797883544586003735080140767802541056613215533165923427360817084903885101038661329655704061613434516352085161782006860284716509839924228309376088170740553115806220734141302650018634501634025387034749992958051378064427378851361912424198331364128012126763635821448538082680394661199446603105140135145773169572815900859756930566649614155831034729931372411256821392500159004312520315903886099984162552510340255905871686390450491265255143854483798306809277249937137025142121929769772557453409227374336478637679522061486857396500122803858655000540448236492623046012353049209921802961750250545471003760259791273167586752423398365574840490589840760931330933153663610572105052991899747873162820597332774680852019648093026677385832477743712251101283124226177562482960229968454614518181671408087370470861868720907568897833024396451732590163092981012807519902318229831616765836718624963488831949580435432827733217408439155315703650338973929620375600769749724732842969809091062839961162903414781145856309869620232491730331544602044407528512590093000051687598915078403142228038429521535769261723830215164168364183400911820788037421668232634029535797319564940837455286601223687123775761772628317714229638569848375515207185731498184654798635117000544336843332645039895399651959153354302755284155315518687721209197160244374023124054432253755676100840772031534411165727549566867286348425872203182648649689009364802812090408127817138770766623834101272628178251636148335283757032625639356846009773027853358829519025768007874267865038309380969139952843934704724961549329091116100278176187644252641572581670099060968554829746443564601354435613817402176368743989342369582447959093801416281688316078974967539266559050064479381026500562155660222706178357650833077548138537965863212838718055252673986202584735224033177061497801025719354060093987316981826798488988718389622629657969942783530385889021822016505513706530609579165397550211818245598817401593695534130304085709446359391125699948610770867164296925948640911369132181316897244202322846067416402488899857999334239594051801552885142593780171284320916224394442931580644668731772404634040719006563513497938665174830088968649744527979394070611105840694354975273805652473085042854335038893928053965494788627308354371348029123432138950852418060274208641717460706558091148426338813994643354032648641847728648518122763255751977738274499098322020727186714787267522193563686629426081866415215248183540050600605038534589946599786045649322573187044911502460935059195215403420292495730867375046193045711742	-3,-5,-5,-5,-5,-5,-5,-5,-5,5,5,5	-6,-6,5,5,5,5,5,5,5,5,5,5	ok
1.207207	-12.672673	-55.656375	0.388437	continued:5	1610339430696325827192721314852483065194097385962062858207541651129788157210855395033968388368396565536660299892999396174938911741065275798551415786888078187900963198540168684974621485907454571572369375667401215180424860328202632686387888058528216392867395335429483609685987745564782130121347364628054724516261883167473989750697029902417005227227344483351281333366179379195979161184384503195940318483822709283120063854588799064837794153646856714580781221380539000824717758315480987326258420600323381749133480762893691019947583583487253755905984009840469375029890766637298409371048545999479956905221675044317898914391688161929870132243797821703789114818715491157958408973166864582569432331666025784339132064801991955826256559839501544628720969572896993750508474634864155908297380015109300378120293650898291623458215087120815140354096164848091845386348165610261760299838057278888864912700954660570373639031890668238135104834269309746333164128657046177362042359842759519947824948495868955154762506702311059111318276450963665850675915547603341496383630913439443212643205712064891800635141390406208176678756412383950083048291364955704361365444305195969517367714432398957617355686324027709920784478165942829946552977477828673688119564541337214643289496853810695132437177814142385557987543204758992457388321024539648071657032069799955981217768109138176266447540654441368497429588088788384185552478496196080085874104197731845286105992701644200672869289755452065626862484468821143187267177824125389194187812987657590383867560032310505548022312528911131523877232287352430293974896399062953277766593999116758579348176805989050153192630482121886498719459663866027534192111917485567101412868790519866087100010796940749862353834846057663302569724011345982183199015331652493490931334053192559798110644056212803770344387823534132545109356119568148211958769081298906990419284528273635578282761087204583689781971477726721269024089042462517715720261112493367496367970852497216163314906615302017106713000930986367922063032859529683930777171474820569996717921787504071020861864581031551897904810943809835051530844114087990516097053393712628874748601839858798601651587962617700687506907853433087503741266941190031626849350329840420712589363341977427945801639144590473219712143085747740840428958201004137730556156100848948944508337595532911881299988375874788759330203336886979011890211641679778392993433943790538447361799872446029895089841902391946412946036662063643222596003674683207432046426227495917930826090086658199298954774898692296326911018807659476530603833897640464081879645596319220294649663480793067557610758449188497221544352738346944982945568502722946548465679416252196859844118698943015464020814231604825447074184702364418081149272888883593211127808198912474459822578936573403411451407612013311198525259129682888171750953776429681168781343362636180288308157085342363774770152137707377157808572679760894829786210730877290771545564280490784956662869925666830607992897711709954666022159266943179570353920481933738882066689228344365946022032185678018706984306879020033790095427192717529994045002560516742416791445683190949113836336	29797441240847192311964028853190280189674041619720799605070824129924103630349014387363218437041262128836255660367033565228906969921436065807110492954244538641922732381526988524213230765695165516684856964886402475218726787375215748391120225301433133801809602551954799399621703470614032595261603547732880205461166225506383472517669360488304292936684047002677551828409989745109425630864985134416570483495028535097538525962819715706453278578056276781997658621821330623661439735037198469982874980353282521543069959364804122626389538391283710117759012920542190446628568269535485120906902702054290158140837938102629797883544586003735080140767802541056613215533165923427360817084903885101038661329655704061613434516352085161782006860284716509839924228309376088170740553115806220734141302650018634501634025387034749992958051378064427378851361912424198331364128012126763635821448538082680394661199446603105140135145773169572815900859756930566649614155831034729931372411256821392500159004312520315903886099984162552510340255905871686390450491265255143854483798306809277249937137025142121929769772557453409227374336478637679522061486857396500122803858655000540448236492623046012353049209921802961750250545471003760259791273167586752423398365574840490589840760931330933153663610572105052991899747873162820597332774680852019648093026677385832477743712251101283124226177562482960229968454614518181671408087370470861868720907568897833024396451732590163092981012807519902318229831616765836718624963488831949580435432827733217408439155315703650338973929620375600769749724732842969809091062839961162903414781145856309869620232491730331544602044407528512590093000051687598915078403142228038429521535769261723830215164168364183400911820788037421668232634029535797319564940837455286601223687123775761772628317714229638569848375515207185731498184654798635117000544336843332645039895399651959153354302755284155315518687721209197160244374023124054432253755676100840772031534411165727549566867286348425872203182648649689009364802812090408127817138770766623834101272628178251636148335283757032625639356846009773027853358829519025768007874267865038309380969139952843934704724961549329091116100278176187644252641572581670099060968554829746443564601354435613817402176368743989342369582447959093801416281688316078974967539266559050064479381026500562155660222706178357650833077548138537965863212838718055252673986202584735224033177061497801025719354060093987316981826798488988718389622629657969942783530385889021822016505513706530609579165397550211818245598817401593695534130304085709446359391125699948610770867164296925948640911369132181316897244202322846067416402488899857999334239594051801552885142593780171284320916224394442931580644668731772404634040719006563513497938665174830088968649744527979394070611105840694354975273805652473085042854335038893928053965494788627308354371348029123432138950852418060274208641717460706558091148426338813994643354032648641847728648518122763255751977738274499098322020727186714787267522193563686629426081866415215248183540050600605038534589946599786045649322573187044911502460935059195215403420292495730867375046193045711742	-3,-5,-5,-5,-5,-5,-5,-5,-5,-5,-5,5	-6,-6,5,5,5,5,5,5,5,5,5,5	ok
1.211211	-12.672673	-55.932964	0.391231	continued:5	234423788543221666869589841058293256947146341237195864601416477436698628991306797316927419517835903704062369926128505986131086308323707723104885844013406139912331275047936097075338153131234016116711701491432265625940816441588332097703628627751311952085943954455548645382492798608667916644772012901191847944804467694528824409829485788038982840360738023483404363341952458955110067928170243787308388305605436414789096840112693010893262889540310426019550538079684469572217546824504887123648821245465060581782701461746475844158890108995084951999189569351873765631831087132286614147199138796246027104134022716653324636643193124936044343872737424495970972672939929822891773419584617566233184657473218750237280566993017472268989828037973409731080687504083774639864609359756000995789976753455189409038740525369348403395565538340479377215719129849985385476156636829510068047202297197650227818235188222330807524039994490141439699758945737487103390694888651777725566147510958640636083373113873861176091768665508826075794418649695742852058233961429885796718236866414043103237328998929751656283606598766604942849801714439240270620286459773307095511430623433206642350295627727066314318499335076625027698957349606749440688967848601104161925559771098508861122775824042729459273915054769714552374681031466911539350672832355141356102319091158986028959177658623839833832786130570958421415564930935649675423259101583896456477970658267510776810128234576593523458557551696545582014426690034705530323957605173848232794027574376792287619999643266007513187707431577528680228039653740776052522662147641787196250633570259046435991488492815047171939324576588602508812337631017544643007452086602155115287988243145353968683794461030002469265671518574616583627268749668799793002482623957904450841036614023234766209886204012363212205055139019406089798597687526774983243661569131215607851521212812027404615300830285144148834777310024235487015967367998456651083219593553793154371231314995553913883757250215055485400877090808979092055497191743454266752440404971401098978057881724724740693904522022740453113922095020133203114854485050282365745701972476902527855068167312878177458619588471722390532881517173301804166152097233960944014205059991011615716276074057786843656065318008119024509972009756940309305341537493250839656305521872883288027126208375215316627932167732910034729850895093085880359956278702687954511710761131947699333640092211243058626220185346489805100362811931490881783305799409350085655134913254844735236947066951313130987508025300922068387560015164536760977930456896508476393512741058130680701134783956424463980664542756437196246810339118622574091047780467627578818431876787012030136855580203604153370727068867887036067578324673120481046108122077049805356812024781438798672514628603642620835663050343741818606617815056461941536227421361624820162111260853488969594096343896923633921917999705688961777240078247785522693593289608299391816099496610724763391928776220511546543015929818944130718824	29797441240847192311964028853190280189674041619720799605070824129924103630349014387363218437041262128836255660367033565228906969921436065807110492954244538641922732381526988524213230765695165516684856964886402475218726787375215748391120225301433133801809602551954799399621703470614032595261603547732880205461166225506383472517669360488304292936684047002677551828409989745109425630864985134416570483495028535097538525962819715706453278578056276781997658621821330623661439735037198469982874980353282521543069959364804122626389538391283710117759012920542190446628568269535485120906902702054290158140837938102629797883544586003735080140767802541056613215533165923427360817084903885101038661329655704061613434516352085161782006860284716509839924228309376088170740553115806220734141302650018634501634025387034749992958051378064427378851361912424198331364128012126763635821448538082680394661199446603105140135145773169572815900859756930566649614155831034729931372411256821392500159004312520315903886099984162552510340255905871686390450491265255143854483798306809277249937137025142121929769772557453409227374336478637679522061486857396500122803858655000540448236492623046012353049209921802961750250545471003760259791273167586752423398365574840490589840760931330933153663610572105052991899747873162820597332774680852019648093026677385832477743712251101283124226177562482960229968454614518181671408087370470861868720907568897833024396451732590163092981012807519902318229831616765836718624963488831949580435432827733217408439155315703650338973929620375600769749724732842969809091062839961162903414781145856309869620232491730331544602044407528512590093000051687598915078403142228038429521535769261723830215164168364183400911820788037421668232634029535797319564940837455286601223687123775761772628317714229638569848375515207185731498184654798635117000544336843332645039895399651959153354302755284155315518687721209197160244374023124054432253755676100840772031534411165727549566867286348425872203182648649689009364802812090408127817138770766623834101272628178251636148335283757032625639356846009773027853358829519025768007874267865038309380969139952843934704724961549329091116100278176187644252641572581670099060968554829746443564601354435613817402176368743989342369582447959093801416281688316078974967539266559050064479381026500562155660222706178357650833077548138537965863212838718055252673986202584735224033177061497801025719354060093987316981826798488988718389622629657969942783530385889021822016505513706530609579165397550211818245598817401593695534130304085709446359391125699948610770867164296925948640911369132181316897244202322846067416402488899857999334239594051801552885142593780171284320916224394442931580644668731772404634040719006563513497938665174830088968649744527979394070611105840694354975273805652473085042854335038893928053965494788627308354371348029123432138950852418060274208641717460706558091148426338813994643354032648641847728648518122763255751977738274499098322020727186714787267522193563686629426081866415215248183540050600605038534589946599786045649322573187044911502460935059195215403420292495730867375046193045711742	2,-5,-5,-5,-5,-5,-5,-5,-5,-5,-5,-5	-6,-6,5,5,5,5,5,5,5,5,5,5	ok
1.215215	-12.672673	-56.088184	0.390857	full	234423788543221666869589841058293256947146341237195864601416477436698628991306797316927419517835903704062369926128505986131086308323707723104885844013406139912331275047936097075338153131234016116711701491432265625940816441588332097703628627751311952085943954455548645382492798608667916644772012901191847944804467694528824409829485788038982840360738023483404363341952458955110067928170243787308388305605436414789096840112693010893262889540310426019550538079684469572217546824504887123648821245465060581782701461746475844158890108995084951999189569351873765631831087132286614147199138796246027104134022716653324636643193124936044343872737424495970972672939929822891773419584617566233184657473218750237280566993017472268989828037973409731080687504083774639864609359756000995789976753455189409038740525369348403395565538340479377215719129849985385476156636829510068047202297197650227818235188222330807524039994490141439699758945737487103390694888651777725566147510958640636083373113873861176091768665508826075794418649695742852058233961429885796718236866414043103237328998929751656283606598766604942849801714439240270620286459773307095511430623433206642350295627727066314318499335076625027698957349606749440688967848601104161925559771098508861122775824042729459273915054769714552374681031466911539350672832355141356102319091158986028959177658623839833832786130570958421415564930935649675423259101583896456477970658267510776810128234576593523458557551696545582014426690034705530323957605173848232794027574376792287619999643266007513187707431577528680228039653740776052522662147641787196250633570259046435991488492815047171939324576588602508812337631017544643007452086602155115287988243145353968683794461030002469265671518574616583627268749668799793002482623957904450841036614023234766209886204012363212205055139019406089798597687526774983243661569131215607851521212812027404615300830285144148834777310024235487015967367998456651083219593553793154371231314995553913883757250215055485400877090808979092055497191743454266752440404971401098978057881724724740693904522022740453113922095020133203114854485050282365745701972476902527855068167312878177458619588471722390532881517173301804166152097233960944014205059991011615716276074057786843656065318008119024509972009756940309305341537493250839656305521872883288027126208375215316627932167732910034729850895093085880359956278702687954511710761131947699333640092211243058626220185346489805100362811931490881783305799409350085655134913254844735236947066951313130987508025300922068387560015164536760977930456896508476393512741058130680701134783956424463980664542756437196246810339118622574091047780467627578818431876787012030136855580203604153370727068867887036067578324673120481046108122077049805356812024781438798672514628603642620835663050343741818606617815056461941536227421361624820162111260853488969594096343896923633921917999705688961777240078247785522693593289608299391816099496610724763391928776220511546543015929818944130718824	29797441240847192311964028853190280189674041619720799605070824129924103630349014387363218437041262128836255660367033565228906969921436065807110492954244538641922732381526988524213230765695165516684856964886402475218726787375215748391120225301433133801809602551954799399621703470614032595261603547732880205461166225506383472517669360488304292936684047002677551828409989745109425630864985134416570483495028535097538525962819715706453278578056276781997658621821330623661439735037198469982874980353282521543069959364804122626389538391283710117759012920542190446628568269535485120906902702054290158140837938102629797883544586003735080140767802541056613215533165923427360817084903885101038661329655704061613434516352085161782006860284716509839924228309376088170740553115806220734141302650018634501634025387034749992958051378064427378851361912424198331364128012126763635821448538082680394661199446603105140135145773169572815900859756930566649614155831034729931372411256821392500159004312520315903886099984162552510340255905871686390450491265255143854483798306809277249937137025142121929769772557453409227374336478637679522061486857396500122803858655000540448236492623046012353049209921802961750250545471003760259791273167586752423398365574840490589840760931330933153663610572105052991899747873162820597332774680852019648093026677385832477743712251101283124226177562482960229968454614518181671408087370470861868720907568897833024396451732590163092981012807519902318229831616765836718624963488831949580435432827733217408439155315703650338973929620375600769749724732842969809091062839961162903414781145856309869620232491730331544602044407528512590093000051687598915078403142228038429521535769261723830215164168364183400911820788037421668232634029535797319564940837455286601223687123775761772628317714229638569848375515207185731498184654798635117000544336843332645039895399651959153354302755284155315518687721209197160244374023124054432253755676100840772031534411165727549566867286348425872203182648649689009364802812090408127817138770766623834101272628178251636148335283757032625639356846009773027853358829519025768007874267865038309380969139952843934704724961549329091116100278176187644252641572581670099060968554829746443564601354435613817402176368743989342369582447959093801416281688316078974967539266559050064479381026500562155660222706178357650833077548138537965863212838718055252673986202584735224033177061497801025719354060093987316981826798488988718389622629657969942783530385889021822016505513706530609579165397550211818245598817401593695534130304085709446359391125699948610770867164296925948640911369132181316897244202322846067416402488899857999334239594051801552885142593780171284320916224394442931580644668731772404634040719006563513497938665174830088968649744527979394070611105840694354975273805652473085042854335038893928053965494788627308354371348029123432138950852418060274208641717460706558091148426338813994643354032648641847728648518122763255751977738274499098322020727186714787267522193563686629426081866415215248183540050600605038534589946599786045649322573187044911502460935059195215403420292495730867375046193045711742	2,-5,-5,-5,-5,-5,-5,-5,-5,-5,-5,-5	-6,-6,5,5,5,5,5,5,5,5,5,5	ok
1.219219	-12.672673	-18.679382	0.375885	continued:5	29797441240847192311964028853190280189674041619720799605070824129924103630349014387363218437041262128836255660367033565228906969921436065807110492954244538641922732381526988524213230765695165516684856964886402475218726787375215748391120225301433133801809602551954799399621703470614032595261603547732880205461166225506383472517669360488304292936684047002677551828409989745109425630864985134422947174036192029676553220396103130882265511904520585700060750003250408290764813305740477422359782820039739747407254492843904673997125272046292276306417333621045582187098816891641254388118615995970674429432143640587219546851245472290216391933922818852287307049811511896851490902758108182714579906084707050661444137404718752497700186533646977012126386231310469628485167472902657274048575829511420675849583871233492293848428541221683703895658880663414626906764071528467410178432304353617223441482864193285100928093077741519883221240668852955533544609985252847267621422519215919367648268592447396226122312801589022880752118604642744665731607650793670966429240278320289346701072396910943990827407366506294657734471869429577761769201815905758149439552557966791512695909540741385826452801383749837670132846076255208877441111028255639314683721896152222972659610778502167250388206319496091644576800518042282953107127735152949674642501225364311803082738998567568660973248892570776615618096826236884622139147705875370111744068017655377068065378420155582523314690391181662157396965204657300653427452578951026075409969174100785484002367366369978054855707104992275212587484962001890316544498055633357410297075586726422503406408012985577940369369317216216165076882962478433927885168508435970467661073840550404701776766409461697481071701030338486419039232824847506145583428433720505269795035597438731328830598507534288167096586616960464513625438322725039685542317747603624765033811357437233436675966670747680189123685500629412046066119027591239826746453537147770519141608840374095453941281785860548382950384085747529835170103203077286473392026331498701945175420902471911741074350982559565077289276503642060961374847861822429300464577635043978467051714053574861669051225767401032638867217664233438922770341400733118385697932724509211689625721102186075416152526919180916900218380645157606095895042673158666160135138967815299387983314461766573932514815061250463166318034524160363051137732118067462766470779296540634732554125345628980835838189860518268122874363527902148034719753863565746324846306032602247423140819435064246377871948868560669510433718260621427257895012158416867137904137302640978668938823340764661440266421920796998065410106655373038244866357122686143697844823980377159277575343248282325912026369096411765961324545558387319758068803763953436749448978969003322044125342941325536839292448460410073811057739824526670447118344705919087493061644044476403310524536429471754321304480747463495529669746369913448781401431761241629412506987923327759934160031538073602062838254789691761315593655858403123694821396671852784737581413779779259750515686106154986918374801052795671272763499965855053940506180572244709153089213243667992121421971081749364904153	29797441240847192311964028853190280189674041619720799605070824129924103630349014387363218437041262128836255660367033565228906969921436065807110492954244538641922732381526988524213230765695165516684856964886402475218726787375215748391120225301433133801809602551954799399621703470614032595261603547732880205461166225506383472517669360488304292936684047002677551828409989745109425630864985134416570483495028535097538525962819715706453278578056276781997658621821330623661439735037198469982874980353282521543069959364804122626389538391283710117759012920542190446628568269535485120906902702054290158140837938102629797883544586003735080140767802541056613215533165923427360817084903885101038661329655704061613434516352085161782006860284716509839924228309376088170740553115806220734141302650018634501634025387034749992958051378064427378851361912424198331364128012126763635821448538082680394661199446603105140135145773169572815900859756930566649614155831034729931372411256821392500159004312520315903886099984162552510340255905871686390450491265255143854483798306809277249937137025142121929769772557453409227374336478637679522061486857396500122803858655000540448236492623046012353049209921802961750250545471003760259791273167586752423398365574840490589840760931330933153663610572105052991899747873162820597332774680852019648093026677385832477743712251101283124226177562482960229968454614518181671408087370470861868720907568897833024396451732590163092981012807519902318229831616765836718624963488831949580435432827733217408439155315703650338973929620375600769749724732842969809091062839961162903414781145856309869620232491730331544602044407528512590093000051687598915078403142228038429521535769261723830215164168364183400911820788037421668232634029535797319564940837455286601223687123775761772628317714229638569848375515207185731498184654798635117000544336843332645039895399651959153354302755284155315518687721209197160244374023124054432253755676100840772031534411165727549566867286348425872203182648649689009364802812090408127817138770766623834101272628178251636148335283757032625639356846009773027853358829519025768007874267865038309380969139952843934704724961549329091116100278176187644252641572581670099060968554829746443564601354435613817402176368743989342369582447959093801416281688316078974967539266559050064479381026500562155660222706178357650833077548138537965863212838718055252673986202584735224033177061497801025719354060093987316981826798488988718389622629657969942783530385889021822016505513706530609579165397550211818245598817401593695534130304085709446359391125699948610770867164296925948640911369132181316897244202322846067416402488899857999334239594051801552885142593780171284320916224394442931580644668731772404634040719006563513497938665174830088968649744527979394070611105840694354975273805652473085042854335038893928053965494788627308354371348029123432138950852418060274208641717460706558091148426338813994643354032648641847728648518122763255751977738274499098322020727186714787267522193563686629426081866415215248183540050600605038534589946599786045649322573187044911502460935059195215403420292495730867375046193045711742	-2,-6,-6,5,5,5,5,5,5,5,5,5	-6,-6,5,5,5,5,5,5,5,5,5,5	ok
1.223223	-12.672673	-45.068939	0.378678	continued:5	29797441240847192311964028853190280189674041619720799605070824129924103630349014387363218437041262128836255660367033565228906969921436065807110492954244538641922732381526988524213230765695165516684856964886402475218726787375215748391120225301433133801809602551954799399621703470614032595261603547732880205461166225506383472517669360488304292936684047002677551828409989745109425630864985134422947174036192029676553220396103130882265511904520585700060750003250408290764813305740477422359782820039739747407254492843904673997125272046292276306417333621045582187098816891641254388118615995970674429432143640587219546851245472290216391933922818852287307049811511896851490902758108182714579906084707050661444137404718752497700186533646977012126386231310469628485167472902657274048575829511420675849583871233492293848428541221683703895658880663414626906764071528467410178432304353617223441482864193285100928093077741519883221240668852955533544609985252847267621422519215919367648268592447396226122312801589022880752118604642744665731607650793670966429240278320289346701072396910943990827407366506294657734471869429577761769201815905758149439552557966791512695909540741385826452801383749837670132846076255208877441111028255639314683721896152222972659610778502167250388206319496091644576800518042282953107127735152949674642501225364311803082738998567568660973248892570776615618096826236884622139147705875370111744068017655377068065378420155582523314690391181662157396965204657300653427452578951026075409969174100785484002367366369978054855707104992275212587484962001890316544498055633357410297075586726422503406408012985577940369369317216216165076882962478433927885168508435970467661073840550404701776766409461697481071701030338486419039232824847506145583428433720505269795035597438731328830598507534288167096586616960464513625438322725039685542317747603624765033811357437233436675966670747680189123685500629412046066119027591239826746453537147770519141608840374095453941281785860548382950384085747529835170103203077286473392026331498701945175420902471911741074350982559565077289276503642060961374847861822429300464577635043978467051714053574861669051225767401032638867217664233438922770341400733118385697932724509211689625721102186075416152526919180916900218380645157606095895042673158666160135138967815299387983314461766573932514815061250463166318034524160363051137732118067462766470779296540634732554125345628980835838189860518268122874363527902148034719753863565746324846306032602247423140819435064246377871948868560669510433718260621427257895012158416867137904137302640978668938823340764661440266421920796998065410106655373038244866357122686143697844823980377159277575343248282325912026369096411765961324545558387319758068803763953436749448978969003322044125342941325536839292448460410073811057739824526670447118344705919087493061644044476403310524536429471754321304480747463495529669746369913448781401431761241629412506987923327759934160031538073602062838254789691761315593655858403123694821396671852784737581413779779259750515686106154986918374801052795671272763499965855053940506180572244709153089213243667992121421971081749364904153	29797441240847192311964028853190280189674041619720799605070824129924103630349014387363218437041262128836255660367033565228906969921436065807110492954244538641922732381526988524213230765695165516684856964886402475218726787375215748391120225301433133801809602551954799399621703470614032595261603547732880205461166225506383472517669360488304292936684047002677551828409989745109425630864985134416570483495028535097538525962819715706453278578056276781997658621821330623661439735037198469982874980353282521543069959364804122626389538391283710117759012920542190446628568269535485120906902702054290158140837938102629797883544586003735080140767802541056613215533165923427360817084903885101038661329655704061613434516352085161782006860284716509839924228309376088170740553115806220734141302650018634501634025387034749992958051378064427378851361912424198331364128012126763635821448538082680394661199446603105140135145773169572815900859756930566649614155831034729931372411256821392500159004312520315903886099984162552510340255905871686390450491265255143854483798306809277249937137025142121929769772557453409227374336478637679522061486857396500122803858655000540448236492623046012353049209921802961750250545471003760259791273167586752423398365574840490589840760931330933153663610572105052991899747873162820597332774680852019648093026677385832477743712251101283124226177562482960229968454614518181671408087370470861868720907568897833024396451732590163092981012807519902318229831616765836718624963488831949580435432827733217408439155315703650338973929620375600769749724732842969809091062839961162903414781145856309869620232491730331544602044407528512590093000051687598915078403142228038429521535769261723830215164168364183400911820788037421668232634029535797319564940837455286601223687123775761772628317714229638569848375515207185731498184654798635117000544336843332645039895399651959153354302755284155315518687721209197160244374023124054432253755676100840772031534411165727549566867286348425872203182648649689009364802812090408127817138770766623834101272628178251636148335283757032625639356846009773027853358829519025768007874267865038309380969139952843934704724961549329091116100278176187644252641572581670099060968554829746443564601354435613817402176368743989342369582447959093801416281688316078974967539266559050064479381026500562155660222706178357650833077548138537965863212838718055252673986202584735224033177061497801025719354060093987316981826798488988718389622629657969942783530385889021822016505513706530609579165397550211818245598817401593695534130304085709446359391125699948610770867164296925948640911369132181316897244202322846067416402488899857999334239594051801552885142593780171284320916224394442931580644668731772404634040719006563513497938665174830088968649744527979394070611105840694354975273805652473085042854335038893928053965494788627308354371348029123432138950852418060274208641717460706558091148426338813994643354032648641847728648518122763255751977738274499098322020727186714787267522193563686629426081866415215248183540050600605038534589946599786045649322573187044911502460935059195215403420292495730867375046193045711742	-2,-6,-6,5,5,5,5,5,5,5,5,5	-6,-6,5,5,5,5,5,5,5,5,5,5	ok
1.227227	-12.672673	-49.629559	0.375885	continued:5	29797441240847192311964028853190280189674041619720799605070824129924103630349014387363218437041262128836255660367033565228906969921436065807110492954244538641922732381526988524213230765695165516684856964886402475218726787375215748391120225301433133801809602551954799399621703470614032595261603547732880205461166225506383472517669360488304292936684047002677551828409989745109425630864985134422947174036192029676553220396103130882265511904520585700060750003250408290764813305740477422359782820039739747407254492843904673997125272046292276306417333621045582187098816891641254388118615995970674429432143640587219546851245472290216391933922818852287307049811511896851490902758108182714579906084707050661444137404718752497700186533646977012126386231310469628485167472902657274048575829511420675849583871233492293848428541221683703895658880663414626906764071528467410178432304353617223441482864193285100928093077741519883221240668852955533544609985252847267621422519215919367648268592447396226122312801589022880752118604642744665731607650793670966429240278320289346701072396910943990827407366506294657734471869429577761769201815905758149439552557966791512695909540741385826452801383749837670132846076255208877441111028255639314683721896152222972659610778502167250388206319496091644576800518042282953107127735152949674642501225364311803082738998567568660973248892570776615618096826236884622139147705875370111744068017655377068065378420155582523314690391181662157396965204657300653427452578951026075409969174100785484002367366369978054855707104992275212587484962001890316544986296895365014011748573966026900095102134353346183698608536294107804962605762840101224500473237708348641407814554758179322279874788663664052216812339618945144505397223482601148690510660196743372663362700457853720123242574204493644316109048564406635298155512993540879586719742758271487604112182256738577165749281598076196331714942131113745988468896653365552046670625793977952111870552105626065555257783763246915130597022601351684519482589362900854694439954474714917778800393548284822291234450691377529287009703045679171132981670212423321868144548612660269313140514108344712314412075549652743734356565454272299767430963941342873443653789420520002400308726966460423831965162571084095619767446380266216839124815364903437721317014317338337058729561615264215703840338102278427789201000849354931940257298928842569719292027311269722201542266784673818540595057191267412490551219062116501374891936166146167623074251424945668570289335865802723990378237903528320395000294460089386640794505508906141570382739537954738187134424433912393953363672632843434159677465173962556187101541283143189128333343598400885656194501465129903849914039455223131646299267206519264377814229565014384084190393746894175841468225506590187073269127213525204020677793294682807207741802899848844418473544664682190667855040834130424113377701762664235945121814667285304352314198895055472097063163999496626876988128690449401260156787357342110343662547700333763437773159861494855707414046859072560424286883174913956399295506555892944113650333432823906265594584763002824858245916660888975417528114150899817960	29797441240847192311964028853190280189674041619720799605070824129924103630349014387363218437041262128836255660367033565228906969921436065807110492954244538641922732381526988524213230765695165516684856964886402475218726787375215748391120225301433133801809602551954799399621703470614032595261603547732880205461166225506383472517669360488304292936684047002677551828409989745109425630864985134416570483495028535097538525962819715706453278578056276781997658621821330623661439735037198469982874980353282521543069959364804122626389538391283710117759012920542190446628568269535485120906902702054290158140837938102629797883544586003735080140767802541056613215533165923427360817084903885101038661329655704061613434516352085161782006860284716509839924228309376088170740553115806220734141302650018634501634025387034749992958051378064427378851361912424198331364128012126763635821448538082680394661199446603105140135145773169572815900859756930566649614155831034729931372411256821392500159004312520315903886099984162552510340255905871686390450491265255143854483798306809277249937137025142121929769772557453409227374336478637679522061486857396500122803858655000540448236492623046012353049209921802961750250545471003760259791273167586752423398365574840490589840760931330933153663610572105052991899747873162820597332774680852019648093026677385832477743712251101283124226177562482960229968454614518181671408087370470861868720907568897833024396451732590163092981012807519902318229831616765836718624963488831949580435432827733217408439155315703650338973929620375600769749724732842969809091062839961162903414781145856309869620232491730331544602044407528512590093000051687598915078403142228038429521535769261723830215164168364183400911820788037421668232634029535797319564940837455286601223687123775761772628317714229638569848375515207185731498184654798635117000544336843332645039895399651959153354302755284155315518687721209197160244374023124054432253755676100840772031534411165727549566867286348425872203182648649689009364802812090408127817138770766623834101272628178251636148335283757032625639356846009773027853358829519025768007874267865038309380969139952843934704724961549329091116100278176187644252641572581670099060968554829746443564601354435613817402176368743989342369582447959093801416281688316078974967539266559050064479381026500562155660222706178357650833077548138537965863212838718055252673986202584735224033177061497801025719354060093987316981826798488988718389622629657969942783530385889021822016505513706530609579165397550211818245598817401593695534130304085709446359391125699948610770867164296925948640911369132181316897244202322846067416402488899857999334239594051801552885142593780171284320916224394442931580644668731772404634040719006563513497938665174830088968649744527979394070611105840694354975273805652473085042854335038893928053965494788627308354371348029123432138950852418060274208641717460706558091148426338813994643354032648641847728648518122763255751977738274499098322020727186714787267522193563686629426081866415215248183540050600605038534589946599786045649322573187044911502460935059195215403420292495730867375046193045711742	-3,-6,-6,5,5,5,5,5,5,5,5,5	-6,-6,5,5,5,5,5,5,5,5,5,5	ok
1.231231	-12.672673	-52.328159	0.378678	continued:5	29797441240847192311964028853190280189674041619720799605070824129924103630349014387363218437041262128836255660367033565228906969921436065807110492954244538641922732381526988524213230765695165516684856964886402475218726787375215748391120225301433133801809602551954799399621703470614032595261603547732880205461166225506383472517669360488304292936684047002677551828409989745109425630864985134422947174036192029676553220396103130882265511904520585700060750003250408290764813305740477422359782820039739747407254492843904673997125272046292276306417333621045582187098816891641254388118615995970674429432143640587219546851245472290216391933922818852287307049811511896851490902758108182714579906084707050661444137404718752497700186533646977012126386231310469628485167472902657274048575829511420675849583871233492293848428541221683703895658880663414626906764071528467410178432304353617223441482864193285100928093077741519883221240668852955533544609985252847267621422519215919367648268592447396226122312801589022880752118604642744665731607650793670966429240278320289346701072396910943990827407366506294657734471869429577761769201815905758149439552557966791512695909540741385826452801383749837670132846076255208877441111028255639314683721896152222972659610778502167250388206319496091644576800518042282953107127735152949674642501225364311803082738998567568660973248892570776615618096826236884622139147705875370111744068017655377068065378420155582523314690391181662157396965204657300653427452578951026075409969174100785484002367366369978054855707104992275212587484962001890316544986296895365014011748573966026900095102134353346183698608536294107804962605762840101224500473237708348641407814554758179322279874788663664052216812339618945144505397223482601148690510660196743372663362700457853720123242574204493644316109048564406635298155512993540879586719742758271487604112182256738577165749281598076196331714942131113745988468896653365552046670625793977952111870552105626065555257783763246915130597022601351684519482589362900854694439954474714917778800393548284822291234450691377529287009703045679171132981670212423321868144548612660269313140514108344712314412075549652743734356565454272299767430963941342873443653789420520002400308726966460423831965162571084095619767446380266216839124815364903437721317014317338337058729561615264215703840338102278427789201000849354931940257298928842569719292027311269722201542266784673818540595057191267412490551219062116501374891936166146167623074251424945668570289335865802723990378237903528320395000294460089386640794505508906141570382739537954738187134424433912393953363672632843434159677465173962556187101541283143189128333343598400885656194501465129903849914039455223131646299267206519264377814229565014384084190393746894175841468225506590187073269127213525204020677793294682807207741802899848844418473544664682190667855040834130424113377701762664235945121814667285304352314198895055472097063163999496626876988128690449401260156787357342110343662547700333763437773159861494855707414046859072560424286883174913956399295506555892944113650333432823906265594584763002824858245916660888975417528114150899817960	29797441240847192311964028853190280189674041619720799605070824129924103630349014387363218437041262128836255660367033565228906969921436065807110492954244538641922732381526988524213230765695165516684856964886402475218726787375215748391120225301433133801809602551954799399621703470614032595261603547732880205461166225506383472517669360488304292936684047002677551828409989745109425630864985134416570483495028535097538525962819715706453278578056276781997658621821330623661439735037198469982874980353282521543069959364804122626389538391283710117759012920542190446628568269535485120906902702054290158140837938102629797883544586003735080140767802541056613215533165923427360817084903885101038661329655704061613434516352085161782006860284716509839924228309376088170740553115806220734141302650018634501634025387034749992958051378064427378851361912424198331364128012126763635821448538082680394661199446603105140135145773169572815900859756930566649614155831034729931372411256821392500159004312520315903886099984162552510340255905871686390450491265255143854483798306809277249937137025142121929769772557453409227374336478637679522061486857396500122803858655000540448236492623046012353049209921802961750250545471003760259791273167586752423398365574840490589840760931330933153663610572105052991899747873162820597332774680852019648093026677385832477743712251101283124226177562482960229968454614518181671408087370470861868720907568897833024396451732590163092981012807519902318229831616765836718624963488831949580435432827733217408439155315703650338973929620375600769749724732842969809091062839961162903414781145856309869620232491730331544602044407528512590093000051687598915078403142228038429521535769261723830215164168364183400911820788037421668232634029535797319564940837455286601223687123775761772628317714229638569848375515207185731498184654798635117000544336843332645039895399651959153354302755284155315518687721209197160244374023124054432253755676100840772031534411165727549566867286348425872203182648649689009364802812090408127817138770766623834101272628178251636148335283757032625639356846009773027853358829519025768007874267865038309380969139952843934704724961549329091116100278176187644252641572581670099060968554829746443564601354435613817402176368743989342369582447959093801416281688316078974967539266559050064479381026500562155660222706178357650833077548138537965863212838718055252673986202584735224033177061497801025719354060093987316981826798488988718389622629657969942783530385889021822016505513706530609579165397550211818245598817401593695534130304085709446359391125699948610770867164296925948640911369132181316897244202322846067416402488899857999334239594051801552885142593780171284320916224394442931580644668731772404634040719006563513497938665174830088968649744527979394070611105840694354975273805652473085042854335038893928053965494788627308354371348029123432138950852418060274208641717460706558091148426338813994643354032648641847728648518122763255751977738274499098322020727186714787267522193563686629426081866415215248183540050600605038534589946599786045649322573187044911502460935059195215403420292495730867375046193045711742	-3,-6,-6,5,5,5,5,5,5,5,5,5	-6,-6,5,5,5,5,5,5,5,5,5,5	ok
1.235235	-12.672673	-54.004523	0.381471	continued:5	914769829061739276280491475092551522170114776782166007953358630093217105103538353027571350809279149559844417893219340978849029323270907746132828609707711830934894262174209212302705598954032012306298145703145862692740982953505202751766793213167915599526432068318298900801674991042384145027457619330909182761996936104143068245040606063547097683529446099476069503031332021190072644203256735957498116289042955091021983558230484536136300575929704725873889745808756117147571923889048908489608648559173314158133476537317907214315814820018414969568886168501374391204562335454147617896617811909964834921910171704778287407693522213511181282644966413948801058434952798283355888897679250780146834190669279590328153954356395871815654183573849567797755814310805418877188886855411055105476297471809788579067096733318681389051849996542345486290887056630752539451014019227753258252624932128438135885154372234430015474023533297578607334732078196843582998015640878554195844608144031232677423881079996284829269596084506250457842617521972587251097480833648827702335650692086167915095507002673436926438763650689065879624303189828382792512513944145008965985338681134146238924855761600980994139795538337752826301795198969793808930157849344205460115651832020852896942200125946173703888171936099427151536721253435620019904298312561752693185509205872222555801210572354999708678229193536001489130182992582859056665572616926125235021039398008649480341256145863334552733760178325657853868438593911342886502704902322061394638351271049581830846619459054563090983474579820719199975043617033514513521152533428247515929349338131145510791827360974014121534305323795929137007601276426688434820836414045935575180826856504178208201614439268162580942829586245070516926121784287428234811996383093796784906737845058063837168956490424257050141812888070836209407831934913188923870503636092850604870703819486104879033047446811823552945164155660308317445856092175949186242926455264700215224760633984531211211021566497681844842713831508473424010724342641265249021726703704123580000273266530278177023194896663734632766363168189118176558095629772079362021496849071223619515341375846375747579439602307866243716254003897417014147898880144308736472874595707384078942158292476572821009376683831120305768655718626323152336295982036351954880032962080210689555326019031355074143831192065415826534630885978480879681701389013483259976078001515475440568770282050488867387173199894450658190962235583647658338451865696546903688056456236712598184473175405772598563419594924468148795349403640074067184439861918972347318872185556947904332869829779667443419457962643572528212977268717799688232384911489103048108105355060048287902947078089186962451086338715918328106831748503384649034880454213348582904762692685213658074402280553863959408711244532133958536628061334749018473147750258020024343458623895296705010142103241564682499088786736488885110542042089825370629814435655403433061203667729952258020834012322122154797373474459462398573751055986131770545	29797441240847192311964028853190280189674041619720799605070824129924103630349014387363218437041262128836255660367033565228906969921436065807110492954244538641922732381526988524213230765695165516684856964886402475218726787375215748391120225301433133801809602551954799399621703470614032595261603547732880205461166225506383472517669360488304292936684047002677551828409989745109425630864985134416570483495028535097538525962819715706453278578056276781997658621821330623661439735037198469982874980353282521543069959364804122626389538391283710117759012920542190446628568269535485120906902702054290158140837938102629797883544586003735080140767802541056613215533165923427360817084903885101038661329655704061613434516352085161782006860284716509839924228309376088170740553115806220734141302650018634501634025387034749992958051378064427378851361912424198331364128012126763635821448538082680394661199446603105140135145773169572815900859756930566649614155831034729931372411256821392500159004312520315903886099984162552510340255905871686390450491265255143854483798306809277249937137025142121929769772557453409227374336478637679522061486857396500122803858655000540448236492623046012353049209921802961750250545471003760259791273167586752423398365574840490589840760931330933153663610572105052991899747873162820597332774680852019648093026677385832477743712251101283124226177562482960229968454614518181671408087370470861868720907568897833024396451732590163092981012807519902318229831616765836718624963488831949580435432827733217408439155315703650338973929620375600769749724732842969809091062839961162903414781145856309869620232491730331544602044407528512590093000051687598915078403142228038429521535769261723830215164168364183400911820788037421668232634029535797319564940837455286601223687123775761772628317714229638569848375515207185731498184654798635117000544336843332645039895399651959153354302755284155315518687721209197160244374023124054432253755676100840772031534411165727549566867286348425872203182648649689009364802812090408127817138770766623834101272628178251636148335283757032625639356846009773027853358829519025768007874267865038309380969139952843934704724961549329091116100278176187644252641572581670099060968554829746443564601354435613817402176368743989342369582447959093801416281688316078974967539266559050064479381026500562155660222706178357650833077548138537965863212838718055252673986202584735224033177061497801025719354060093987316981826798488988718389622629657969942783530385889021822016505513706530609579165397550211818245598817401593695534130304085709446359391125699948610770867164296925948640911369132181316897244202322846067416402488899857999334239594051801552885142593780171284320916224394442931580644668731772404634040719006563513497938665174830088968649744527979394070611105840694354975273805652473085042854335038893928053965494788627308354371348029123432138950852418060274208641717460706558091148426338813994643354032648641847728648518122763255751977738274499098322020727186714787267522193563686629426081866415215248183540050600605038534589946599786045649322573187044911502460935059195215403420292495730867375046193045711742	-3,5,5,5,5,5,5,5,5,5,5,-5	-6,-6,5,5,5,5,5,5,5,5,5,5	ok
1.239239	-12.672673	-54.948244	0.384265	continued:5	234423788543221666869589841058293256947146341237195864601416477436698628991306797316927419517835903704062369926128505986131086308323707723104885844013406139912331275047936097075338153131234016116711701491432265625940816441588332097703628627751311952085943954455548645382492798608667916644772012901191847944804467694528824409829485788038982840360738023483404363341952458955110067928170243787308388305605436414789096840112693010893262889540310426019550538079684469572217546824504887123648821245465060581782701461746475844158890108995084951999189569351873765631831087132286614147199138796246027104134022716653324636643193124936044343872737424495970972672939929822891773419584617566233184657473218750237280566993017472268989828037973409731080687504083774639864609359756000995789976753455189409038740525369348403395565538340479377215719129849985385476156636829510068047202297197650227818235188222330807524039994490141439699758945737487103390694888651777725566147510958640636083373113873861176091768665508826075794418649695742852058233961429885796718236866414043103237328998929751656283606598766604942849801714439240270620286459773307095511430623433206642350295627727066314318499335076625027698957349606749440688967848601104161925559771098508861122775824042729459273915054769714552374681031466911539350672832355141356102319091158986028959177658623839833832786130570958421415564930935649675423259101583896456477970658267510776810128234576593523458557551696545582014426690034705530323957605173891538570874846997159208484147625998406713878552180051280095244250550048116030879505263218545155763212384543229151659277481428337386861204748956277007925473611469989906242650132981872275600952505135937187495337660706312287400652780414809010384405250861236379670926922353469959964302738129188335895989981030701621536544295035394589574194895343156538085908055484087035401255172926379669620481936400421290174671506552018270300402944136182004405558356711478821743117021584867361251544733032525961532710215264412647041567933112208973647649905359242261137927215642336896058884888036848489136197711535060590997006437697876883183026892169254014310425410158082444725055623302506193292025678129679987371582026631456515533468212948275636557109622219131441161147539518640109014944740440749732557899384326276715533476926717959948137952780331475557089798292838155933418417486536854930498244064405746036330910538174175309043808517960066119858167475547513314225349446130659989230407160809962529835229252499644780899178618127503328320723829496526064510254966048299888832439111802421147303559627830757167186005728460773109974757969690590168317245036473783815514403059564250641558038114410440078715488196602798749104882243091720764993289914568435435911965720091887465401405395452318708790483923023352885829765340088763189061192444408588165862657014623305683037224198230799007789283835354580494870767726773727639430271292230377794158480514428735444752210756051938309257475078957356708728977423329776283852599	29797441240847192311964028853190280189674041619720799605070824129924103630349014387363218437041262128836255660367033565228906969921436065807110492954244538641922732381526988524213230765695165516684856964886402475218726787375215748391120225301433133801809602551954799399621703470614032595261603547732880205461166225506383472517669360488304292936684047002677551828409989745109425630864985134416570483495028535097538525962819715706453278578056276781997658621821330623661439735037198469982874980353282521543069959364804122626389538391283710117759012920542190446628568269535485120906902702054290158140837938102629797883544586003735080140767802541056613215533165923427360817084903885101038661329655704061613434516352085161782006860284716509839924228309376088170740553115806220734141302650018634501634025387034749992958051378064427378851361912424198331364128012126763635821448538082680394661199446603105140135145773169572815900859756930566649614155831034729931372411256821392500159004312520315903886099984162552510340255905871686390450491265255143854483798306809277249937137025142121929769772557453409227374336478637679522061486857396500122803858655000540448236492623046012353049209921802961750250545471003760259791273167586752423398365574840490589840760931330933153663610572105052991899747873162820597332774680852019648093026677385832477743712251101283124226177562482960229968454614518181671408087370470861868720907568897833024396451732590163092981012807519902318229831616765836718624963488831949580435432827733217408439155315703650338973929620375600769749724732842969809091062839961162903414781145856309869620232491730331544602044407528512590093000051687598915078403142228038429521535769261723830215164168364183400911820788037421668232634029535797319564940837455286601223687123775761772628317714229638569848375515207185731498184654798635117000544336843332645039895399651959153354302755284155315518687721209197160244374023124054432253755676100840772031534411165727549566867286348425872203182648649689009364802812090408127817138770766623834101272628178251636148335283757032625639356846009773027853358829519025768007874267865038309380969139952843934704724961549329091116100278176187644252641572581670099060968554829746443564601354435613817402176368743989342369582447959093801416281688316078974967539266559050064479381026500562155660222706178357650833077548138537965863212838718055252673986202584735224033177061497801025719354060093987316981826798488988718389622629657969942783530385889021822016505513706530609579165397550211818245598817401593695534130304085709446359391125699948610770867164296925948640911369132181316897244202322846067416402488899857999334239594051801552885142593780171284320916224394442931580644668731772404634040719006563513497938665174830088968649744527979394070611105840694354975273805652473085042854335038893928053965494788627308354371348029123432138950852418060274208641717460706558091148426338813994643354032648641847728648518122763255751977738274499098322020727186714787267522193563686629426081866415215248183540050600605038534589946599786045649322573187044911502460935059195215403420292495730867375046193045711742	3,-5,-5,-5,-5,-5,-5,-5,-5,-5,-5,-5	-6,-6,5,5,5,5,5,5,5,5,5,5	ok
1.243243	-12.672673	-55.481181	0.387058	continued:5	234423788543221666869589841058293256947146341237195864601416477436698628991306797316927419517835903704062369926128505986131086308323707723104885844013406139912331275047936097075338153131234016116711701491432265625940816441588332097703628627751311952085943954455548645382492798608667916644772012901191847944804467694528824409829485788038982840360738023483404363341952458955110067928170243787308388305605436414789096840112693010893262889540310426019550538079684469572217546824504887123648821245465060581782701461746475844158890108995084951999189569351873765631831087132286614147199138796246027104134022716653324636643193124936044343872737424495970972672939929822891773419584617566233184657473218750237280566993017472268989828037973409731080687504083774639864609359756000995789976753455189409038740525369348403395565538340479377215719129849985385476156636829510068047202297197650227818235188222330807524039994490141439699758945737487103390694888651777725566147510958640636083373113873861176091768665508826075794418649695742852058233961429885796718236866414043103237328998929751656283606598766604942849801714439240270620286459773307095511430623433206642350295627727066314318499335076625027698957349606749440688967848601104161925559771098508861122775824042729459273915054769714552374681031466911539350672832355141356102319091158986028959177658623839833832786130570958421415564930935649675423259101583896456477970658267510776810128234576593523458557551696545582014426690034705530323957605173869885682451210686975748052073634632207113533129805814404387736145101894446041701083705430166176006922977401137793825382987121692279400264662772439758368905621243767274625051109792013695444470374140645578089566060868157378333162149494712797005837000265018086336704773155687205402669676076211551052938092521532416870799717027400339686396291434965760664784812307651321626388192869203537117891383342782719504724408288126878658185156067319327744388975132635988057174168290210637567650991623790723466793653036695869548532562427831620200045155165321680057992548683530818376394705029794471125059903277596897055930461374079624464364432323078271082746788735480311091837605887114291912453597651490895768867061932708729773836636469643626136692848138459142408606428763379566762458375098845020931620460909763777594891224295421618082539494353345436858865230285532984074134190814970405429100171554216995421310649653061504188724305085654589242193830447001559662856129031075435506856480109656307745182082877244758068062842539408229654115927398724066448907490606418324905184784349464811848536184444443923943570256208598786977711256223513682282027687796203194802725420015939110188234995598726054426171888403201451237804655979803900530434119620777958479036921084468635379108710116878753731499275813497753332714195216252503833905129732525053699442217992465251599667729542143988691690089625752064396342863239708300603755685239081658426036902018517418284155126331331536324701927588934127635996676574360207285711	29797441240847192311964028853190280189674041619720799605070824129924103630349014387363218437041262128836255660367033565228906969921436065807110492954244538641922732381526988524213230765695165516684856964886402475218726787375215748391120225301433133801809602551954799399621703470614032595261603547732880205461166225506383472517669360488304292936684047002677551828409989745109425630864985134416570483495028535097538525962819715706453278578056276781997658621821330623661439735037198469982874980353282521543069959364804122626389538391283710117759012920542190446628568269535485120906902702054290158140837938102629797883544586003735080140767802541056613215533165923427360817084903885101038661329655704061613434516352085161782006860284716509839924228309376088170740553115806220734141302650018634501634025387034749992958051378064427378851361912424198331364128012126763635821448538082680394661199446603105140135145773169572815900859756930566649614155831034729931372411256821392500159004312520315903886099984162552510340255905871686390450491265255143854483798306809277249937137025142121929769772557453409227374336478637679522061486857396500122803858655000540448236492623046012353049209921802961750250545471003760259791273167586752423398365574840490589840760931330933153663610572105052991899747873162820597332774680852019648093026677385832477743712251101283124226177562482960229968454614518181671408087370470861868720907568897833024396451732590163092981012807519902318229831616765836718624963488831949580435432827733217408439155315703650338973929620375600769749724732842969809091062839961162903414781145856309869620232491730331544602044407528512590093000051687598915078403142228038429521535769261723830215164168364183400911820788037421668232634029535797319564940837455286601223687123775761772628317714229638569848375515207185731498184654798635117000544336843332645039895399651959153354302755284155315518687721209197160244374023124054432253755676100840772031534411165727549566867286348425872203182648649689009364802812090408127817138770766623834101272628178251636148335283757032625639356846009773027853358829519025768007874267865038309380969139952843934704724961549329091116100278176187644252641572581670099060968554829746443564601354435613817402176368743989342369582447959093801416281688316078974967539266559050064479381026500562155660222706178357650833077548138537965863212838718055252673986202584735224033177061497801025719354060093987316981826798488988718389622629657969942783530385889021822016505513706530609579165397550211818245598817401593695534130304085709446359391125699948610770867164296925948640911369132181316897244202322846067416402488899857999334239594051801552885142593780171284320916224394442931580644668731772404634040719006563513497938665174830088968649744527979394070611105840694354975273805652473085042854335038893928053965494788627308354371348029123432138950852418060274208641717460706558091148426338813994643354032648641847728648518122763255751977738274499098322020727186714787267522193563686629426081866415215248183540050600605038534589946599786045649322573187044911502460935059195215403420292495730867375046193045711742	-3,-5,-5,-5,-5,-5,-5,-5,-5,-5,-5,-5	-6,-6,5,5,5,5,5,5,5,5,5,5	ok
1.247247	-12.672673	-55.793938	0.389851	continued:5	234423788543221666869589841058293256947146341237195864601416477436698628991306797316927419517835903704062369926128505986131086308323707723104885844013406139912331275047936097075338153131234016116711701491432265625940816441588332097703628627751311952085943954455548645382492798608667916644772012901191847944804467694528824409829485788038982840360738023483404363341952458955110067928170243787308388305605436414789096840112693010893262889540310426019550538079684469572217546824504887123648821245465060581782701461746475844158890108995084951999189569351873765631831087132286614147199138796246027104134022716653324636643193124936044343872737424495970972672939929822891773419584617566233184657473218750237280566993017472268989828037973409731080687504083774639864609359756000995789976753455189409038740525369348403395565538340479377215719129849985385476156636829510068047202297197650227818235188222330807524039994490141439699758945737487103390694888651777725566147510958640636083373113873861176091768665508826075794418649695742852058233961429885796718236866414043103237328998929751656283606598766604942849801714439240270620286459773307095511430623433206642350295627727066314318499335076625027698957349606749440688967848601104161925559771098508861122775824042729459273915054769714552374681031466911539350672832355141356102319091158986028959177658623839833832786130570958421415564930935649675423259101583896456477970658267510776810128234576593523458557551696545582014426690034705530323957605173848232794027574376792287619999643266007513187707431577528680228039653740776052522662147641787196250633570259046435991488492815047171939324576588602508812337631017544643007452086602155115287988243145353968683794461030002469265671518574616583627268749668799793002482623957904450841036614023234766209886204012363212205055139019406089798597687526774983243661569131215607851521212812027404615300830285144148834777310024235487015967367998456651083219593553793154371231314995553913883757250215055485400877090808979092055497191743454266752440404971401098978057881724724740693904522022740453113922095020133203114854485050282365745701972476902527855068167312878177458619588471722390532881517173301804166152097233960944014205059991011615716276074057786843656065318008119024509972009756940309305341537493250839656305521872883288027126208375215316627932167732910034729850895093085880359956278702687954511710761131947699333640092211243058626220185346489805100362811931490881783305799409350085655134913254844735236947066951313130987508025300922068387560015164536760977930456896508476393512741058130680701134783956424463980664542756437196246810339118622574091047780467627578818431876787012030136855580203604153370727068867887036067578324673120481046108122077049805356812024781438798672514628603642620835663050343741818606617815056461941536227421361624820162111260853488969594096343896923633921917999705688961777240078247785522693593289608299391816099496610724763391928776220511546543015929818944130718824	29797441240847192311964028853190280189674041619720799605070824129924103630349014387363218437041262128836255660367033565228906969921436065807110492954244538641922732381526988524213230765695165516684856964886402475218726787375215748391120225301433133801809602551954799399621703470614032595261603547732880205461166225506383472517669360488304292936684047002677551828409989745109425630864985134416570483495028535097538525962819715706453278578056276781997658621821330623661439735037198469982874980353282521543069959364804122626389538391283710117759012920542190446628568269535485120906902702054290158140837938102629797883544586003735080140767802541056613215533165923427360817084903885101038661329655704061613434516352085161782006860284716509839924228309376088170740553115806220734141302650018634501634025387034749992958051378064427378851361912424198331364128012126763635821448538082680394661199446603105140135145773169572815900859756930566649614155831034729931372411256821392500159004312520315903886099984162552510340255905871686390450491265255143854483798306809277249937137025142121929769772557453409227374336478637679522061486857396500122803858655000540448236492623046012353049209921802961750250545471003760259791273167586752423398365574840490589840760931330933153663610572105052991899747873162820597332774680852019648093026677385832477743712251101283124226177562482960229968454614518181671408087370470861868720907568897833024396451732590163092981012807519902318229831616765836718624963488831949580435432827733217408439155315703650338973929620375600769749724732842969809091062839961162903414781145856309869620232491730331544602044407528512590093000051687598915078403142228038429521535769261723830215164168364183400911820788037421668232634029535797319564940837455286601223687123775761772628317714229638569848375515207185731498184654798635117000544336843332645039895399651959153354302755284155315518687721209197160244374023124054432253755676100840772031534411165727549566867286348425872203182648649689009364802812090408127817138770766623834101272628178251636148335283757032625639356846009773027853358829519025768007874267865038309380969139952843934704724961549329091116100278176187644252641572581670099060968554829746443564601354435613817402176368743989342369582447959093801416281688316078974967539266559050064479381026500562155660222706178357650833077548138537965863212838718055252673986202584735224033177061497801025719354060093987316981826798488988718389622629657969942783530385889021822016505513706530609579165397550211818245598817401593695534130304085709446359391125699948610770867164296925948640911369132181316897244202322846067416402488899857999334239594051801552885142593780171284320916224394442931580644668731772404634040719006563513497938665174830088968649744527979394070611105840694354975273805652473085042854335038893928053965494788627308354371348029123432138950852418060274208641717460706558091148426338813994643354032648641847728648518122763255751977738274499098322020727186714787267522193563686629426081866415215248183540050600605038534589946599786045649322573187044911502460935059195215403420292495730867375046193045711742	2,-5,-5,-5,-5,-5,-5,-5,-5,-5,-5,-5	-6,-6,5,5,5,5,5,5,5,5,5,5	ok
1.251251	-12.672673	-55.970849	0.388061	continued:5	234423788543221666869589841058293256947146341237195864601416477436698628991306797316927419517835903704062369926128505986131086308323707723104885844013406139912331275047936097075338153131234016116711701491432265625940816441588332097703628627751311952085943954455548645382492798608667916644772012901191847944804467694528824409829485788038982840360738023483404363341952458955110067928170243787308388305605436414789096840112693010893262889540310426019550538079684469572217546824504887123648821245465060581782701461746475844158890108995084951999189569351873765631831087132286614147199138796246027104134022716653324636643193124936044343872737424495970972672939929822891773419584617566233184657473218750237280566993017472268989828037973409731080687504083774639864609359756000995789976753455189409038740525369348403395565538340479377215719129849985385476156636829510068047202297197650227818235188222330807524039994490141439699758945737487103390694888651777725566147510958640636083373113873861176091768665508826075794418649695742852058233961429885796718236866414043103237328998929751656283606598766604942849801714439240270620286459773307095511430623433206642350295627727066314318499335076625027698957349606749440688967848601104161925559771098508861122775824042729459273915054769714552374681031466911539350672832355141356102319091158986028959177658623839833832786130570958421415564930935649675423259101583896456477970658267510776810128234576593523458557551696545582014426690034705530323957605173848232794027574376792287619999643266007513187707431577528680228039653740776052522662147641787196250633570259046435991488492815047171939324576588602508812337631017544643007452086602155115287988243145353968683794461030002469265671518574616583627268749668799793002482623957904450841036614023234766209886204012363212205055139019406089798597687526774983243661569131215607851521212812027404615300830285144148834777310024235487015967367998456651083219593553793154371231314995553913883757250215055485400877090808979092055497191743454266752440404971401098978057881724724740693904522022740453113922095020133203114854485050282365745701972476902527855068167312878177458619588471722390532881517173301804166152097233960944014205059991011615716276074057786843656065318008119024509972009756940309305341537493250839656305521872883288027126208375215316627932167732910034729850895093085880359956278702687954511710761131947699333640092211243058626220185346489805100362811931490881783305799409350085655134913254844735236947066951313130987508025300922068387560015164536760977930456896508476393512741058130680701134783956424463980664542756437196246810339118622574091047780467627578818431876787012030136855580203604153370727068867887036067578324673120481046108122077049805356812024781438798672514628603642620835663050343741818606617815056461941536227421361624820162111260853488969594096343896923633921917999705688961777240078247785522693593289608299391816099496610724763391928776220511546543015929818944130718824	914769829061739276280491475092551522170114776782166007953358630093217105103538353027571350809279149559844417893219340978849029323270907746132828609707711830934894262174209212302705598954032012306298145703145862692740982953505202751766793213167915599526432068318298900801674991042384145027457619330909182761996936104143068245040606063547097683529446099476069503031332021190072644203256735957498116289042955091021983558230484536136300575929704725873889745808756117147571923889048908489608648559173314158133476537317907214315814820018414969568886168501374391204562335454147617896617811909964834921910171704778287407693522213511181282644966413948801058434952798283355888897679250780146834190669279590328153954356395871815654183573849567797755814310807643576748209348873719708946473571713511655433055823665257459182860452229560348340390054955232965998799822121318149529963747107491584350946036312391629128532267757833426800373829884647121035008888455553108089121277826934851673376431809266484404956456412323527582562956227267766320235369196196056341137594496156062021966966271025350008275546178128346186525547082802755325117757528189315345854732621264473896271604038427229576222784184011330198323607210493557150425609270182932824050086046824205828398888142404534211767201340142288558449261625742219406766185905056466190033935501841879978982676871681337670874043421433778501058094376904408484159620263506488052424106524778221207606178591347444017348570922351610831754258339561244903277375358512627476143465458351800212147295033259675849867335890856579220536214692373959112895316186368436905987924020288368754811136824119272539077406010680978907763899211503055731812330720213322525515994741773799232174966537668165795619944295048135043628852737721281218539486799655253738307618158892810199679363106193764908919602644577934622938954626697862197246717830347589448096991322327741378222139333009734042485441530057000147193318286873762398880134341749139452613027120934385917416279120933624217051307159818177752134509266608512440613921135374421631717887344133920118268804718538203967470833257608235992908891941668880304588941125192450715562058327426237560256495292146594152009392579365098300958557171562444108124000601761116929890495918402979703828847939756876921425964699124809437277839506946523290747840002089108291129879863516189784427748219573772968623206274253123212224582839488720314460128974723799124872677861573313001643334176012168436906548402717636368262608077984356335789589519774108441153963791383689935907615834643395917454499666015138737224822500260155166480228170155249516074899118988782566847227017688748905763981930597337760514078720847510253868313241854275091160342862144759118221706148787025849485233717485404728639596441624868406311947823015491321041532896609107595209635212613655296759023496966150103267766743227457382425310127588537998786797510130869980922996603650486327623045264440792832723574230178839533869639505587497447342356096863561315993374174910156851125454072475086742	2,-5,-5,-5,-5,-5,-5,-5,-5,-5,-5,-5	-6,-6,5,5,5,5,5,5,5,5,5,-5	ok
1.255255	-12.672673	-56.123555	0.387687	full	234423788543221666869589841058293256947146341237195864601416477436698628991306797316927419517835903704062369926128505986131086308323707723104885844013406139912331275047936097075338153131234016116711701491432265625940816441588332097703628627751311952085943954455548645382492798608667916644772012901191847944804467694528824409829485788038982840360738023483404363341952458955110067928170243787308388305605436414789096840112693010893262889540310426019550538079684469572217546824504887123648821245465060581782701461746475844158890108995084951999189569351873765631831087132286614147199138796246027104134022716653324636643193124936044343872737424495970972672939929822891773419584617566233184657473218750237280566993017472268989828037973409731080687504083774639864609359756000995789976753455189409038740525369348403395565538340479377215719129849985385476156636829510068047202297197650227818235188222330807524039994490141439699758945737487103390694888651777725566147510958640636083373113873861176091768665508826075794418649695742852058233961429885796718236866414043103237328998929751656283606598766604942849801714439240270620286459773307095511430623433206642350295627727066314318499335076625027698957349606749440688967848601104161925559771098508861122775824042729459273915054769714552374681031466911539350672832355141356102319091158986028959177658623839833832786130570958421415564930935649675423259101583896456477970658267510776810128234576593523458557551696545582014426690034705530323957605173848232794027574376792287619999643266007513187707431577528680228039653740776052522662147641787196250633570259046435991488492815047171939324576588602508812337631017544643007452086602155115287988243145353968683794461030002469265671518574616583627268749668799793002482623957904450841036614023234766209886204012363212205055139019406089798597687526774983243661569131215607851521212812027404615300830285144148834777310024235487015967367998456651083219593553793154371231314995553913883757250215055485400877090808979092055497191743454266752440404971401098978057881724724740693904522022740453113922095020133203114854485050282365745701972476902527855068167312878177458619588471722390532881517173301804166152097233960944014205059991011615716276074057786843656065318008119024509972009756940309305341537493250839656305521872883288027126208375215316627932167732910034729850895093085880359956278702687954511710761131947699333640092211243058626220185346489805100362811931490881783305799409350085655134913254844735236947066951313130987508025300922068387560015164536760977930456896508476393512741058130680701134783956424463980664542756437196246810339118622574091047780467627578818431876787012030136855580203604153370727068867887036067578324673120481046108122077049805356812024781438798672514628603642620835663050343741818606617815056461941536227421361624820162111260853488969594096343896923633921917999705688961777240078247785522693593289608299391816099496610724763391928776220511546543015929818944130718824	914769829061739276280491475092551522170114776782166007953358630093217105103538353027571350809279149559844417893219340978849029323270907746132828609707711830934894262174209212302705598954032012306298145703145862692740982953505202751766793213167915599526432068318298900801674991042384145027457619330909182761996936104143068245040606063547097683529446099476069503031332021190072644203256735957498116289042955091021983558230484536136300575929704725873889745808756117147571923889048908489608648559173314158133476537317907214315814820018414969568886168501374391204562335454147617896617811909964834921910171704778287407693522213511181282644966413948801058434952798283355888897679250780146834190669279590328153954356395871815654183573849567797755814310807643576748209348873719708946473571713511655433055823665257459182860452229560348340390054955232965998799822121318149529963747107491584350946036312391629128532267757833426800373829884647121035008888455553108089121277826934851673376431809266484404956456412323527582562956227267766320235369196196056341137594496156062021966966271025350008275546178128346186525547082802755325117757528189315345854732621264473896271604038427229576222784184011330198323607210493557150425609270182932824050086046824205828398888142404534211767201340142288558449261625742219406766185905056466190033935501841879978982676871681337670874043421433778501058094376904408484159620263506488052424106524778221207606178591347444017348570922351610831754258339561244903277375358512627476143465458351800212147295033259675849867335890856579220536214692373959112895316186368436905987924020288368754811136824119272539077406010680978907763899211503055731812330720213322525515994741773799232174966537668165795619944295048135043628852737721281218539486799655253738307618158892810199679363106193764908919602644577934622938954626697862197246717830347589448096991322327741378222139333009734042485441530057000147193318286873762398880134341749139452613027120934385917416279120933624217051307159818177752134509266608512440613921135374421631717887344133920118268804718538203967470833257608235992908891941668880304588941125192450715562058327426237560256495292146594152009392579365098300958557171562444108124000601761116929890495918402979703828847939756876921425964699124809437277839506946523290747840002089108291129879863516189784427748219573772968623206274253123212224582839488720314460128974723799124872677861573313001643334176012168436906548402717636368262608077984356335789589519774108441153963791383689935907615834643395917454499666015138737224822500260155166480228170155249516074899118988782566847227017688748905763981930597337760514078720847510253868313241854275091160342862144759118221706148787025849485233717485404728639596441624868406311947823015491321041532896609107595209635212613655296759023496966150103267766743227457382425310127588537998786797510130869980922996603650486327623045264440792832723574230178839533869639505587497447342356096863561315993374174910156851125454072475086742	2,-5,-5,-5,-5,-5,-5,-5,-5,-5,-5,-5	-6,-6,5,5,5,5,5,5,5,5,5,-5	ok
1.259259	-12.672673	-18.687450	0.372627	continued:5	29797441240847192311964028853190280189674041619720799605070824129924103630349014387363218437041262128836255660367033565228906969921436065807110492954244538641922732381526988524213230765695165516684856964886402475218726787375215748391120225301433133801809602551954799399621703470614032595261603547732880205461166225506383472517669360488304292936684047002677551828409989745109425630864985134422947174036192029676553220396103130882265511904520585700060750003250408290764813305740477422359782820039739747407254492843904673997125272046292276306417333621045582187098816891641254388118615995970674429432143640587219546851245472290216391933922818852287307049811511896851490902758108182714579906084707050661444137404718752497700186533646977012126386231310469628485167472902657274048575829511420675849583871233492293848428541221683703895658880663414626906764071528467410178432304353617223441482864193285100928093077741519883221240668852955533544609985252847267621422519215919367648268592447396226122312801589022880752118604642744665731607650793670966429240278320289346701072396910943990827407366506294657734471869429577761769201815905758149439552557966791512695909540741385826452801383749837670132846076255208877441111028255639314683721896152222972659610778502167250388206319496091644576800518042282953107127735152949674642501225364311803082738998567568660973248892570776615618096826236884622139147705875370111744068017655377068065378420155582523314690391181662157396965204657300653427452578951026075409969174100785484002367366369978054855707104992275212587484962001890316544498055633357410297075586726422503406408012985577940369369317216216165076882962478433927885168508435970467661073840550404701776766409461697481071701030338486419039232824847506145583428433720505269795035597438731328830598507534288167096586616960464513625438322725039685542317747603624765033811357437233436675966670747680189123685500629412046066119027591239826746453537147770519141608840374095453941281785860548382950384085747529835170103203077286473392026331498701945175420902471911741074350982559565077289276503642060961374847861822429300464577635043978467051714053574861669051225767401032638867217664233438922770341400733118385697932724509211689625721102186075416152526919180916900218380645157606095895042673158666160135138967815299387983314461766573932514815061250463166318034524160363051137732118067462766470779296540634732554125345628980835838189860518268122874363527902148034719753863565746324846306032602247423140819435064246377871948868560669510433718260621427257895012158416867137904137302640978668938823340764661440266421920796998065410106655373038244866357122686143697844823980377159277575343248282325912026369096411765961324545558387319758068803763953436749448978969003322044125342941325536839292448460410073811057739824526670447118344705919087493061644044476403310524536429471754321304480747463495529669746369913448781401431761241629412506987923327759934160031538073602062838254789691761315593655858403123694821396671852784737581413779779259750515686106154986918374801052795671272763499965855053940506180572244709153089213243667992121421971081749364904153	914769829061739276280491475092551522170114776782166007953358630093217105103538353027571350809279149559844417893219340978849029323270907746132828609707711830934894262174209212302705598954032012306298145703145862692740982953505202751766793213167915599526432068318298900801674991042384145027457619330909182761996936104143068245040606063547097683529446099476069503031332021190072644203256735957498116289042955091021983558230484536136300575929704725873889745808756117147571923889048908489608648559173314158133476537317907214315814820018414969568886168501374391204562335454147617896617811909964834921910171704778287407693522213511181282644966413948801058434952798283355888897679250780146834190669279590328153954356395871815654183573849567797755814310807643576748209348873719708946473571713511655433055823665257459182860452229560348340390054955232965998799822121318149529963747107491584350946036312391629128532267757833426800373829884647121035008888455553108089121277826934851673376431809266484404956456412323527582562956227267766320235369196196056341137594496156062021966966271025350008275546178128346186525547082802755325117757528189315345854732621264473896271604038427229576222784184011330198323607210493557150425609270182932824050086046824205828398888142404534211767201340142288558449261625742219406766185905056466190033935501841879978982676871681337670874043421433778501058094376904408484159620263506488052424106524778221207606178591347444017348570922351610831754258339561244903277375358512627476143465458351800212147295033259675849867335890856579220536214692373959112895316186368436905987924020288368754811136824119272539077406010680978907763899211503055731812330720213322525515994741773799232174966537668165795619944295048135043628852737721281218539486799655253738307618158892810199679363106193764908919602644577934622938954626697862197246717830347589448096991322327741378222139333009734042485441530057000147193318286873762398880134341749139452613027120934385917416279120933624217051307159818177752134509266608512440613921135374421631717887344133920118268804718538203967470833257608235992908891941668880304588941125192450715562058327426237560256495292146594152009392579365098300958557171562444108124000601761116929890495918402979703828847939756876921425964699124809437277839506946523290747840002089108291129879863516189784427748219573772968623206274253123212224582839488720314460128974723799124872677861573313001643334176012168436906548402717636368262608077984356335789589519774108441153963791383689935907615834643395917454499666015138737224822500260155166480228170155249516074899118988782566847227017688748905763981930597337760514078720847510253868313241854275091160342862144759118221706148787025849485233717485404728639596441624868406311947823015491321041532896609107595209635212613655296759023496966150103267766743227457382425310127588537998786797510130869980922996603650486327623045264440792832723574230178839533869639505587497447342356096863561315993374174910156851125454072475086742	-2,-6,-6,5,5,5,5,5,5,5,5,5	-6,-6,5,5,5,5,5,5,5,5,5,-5	ok
1.263263	-12.672673	-45.336642	0.375421	continued:5	29797441240847192311964028853190280189674041619720799605070824129924103630349014387363218437041262128836255660367033565228906969921436065807110492954244538641922732381526988524213230765695165516684856964886402475218726787375215748391120225301433133801809602551954799399621703470614032595261603547732880205461166225506383472517669360488304292936684047002677551828409989745109425630864985134422947174036192029676553220396103130882265511904520585700060750003250408290764813305740477422359782820039739747407254492843904673997125272046292276306417333621045582187098816891641254388118615995970674429432143640587219546851245472290216391933922818852287307049811511896851490902758108182714579906084707050661444137404718752497700186533646977012126386231310469628485167472902657274048575829511420675849583871233492293848428541221683703895658880663414626906764071528467410178432304353617223441482864193285100928093077741519883221240668852955533544609985252847267621422519215919367648268592447396226122312801589022880752118604642744665731607650793670966429240278320289346701072396910943990827407366506294657734471869429577761769201815905758149439552557966791512695909540741385826452801383749837670132846076255208877441111028255639314683721896152222972659610778502167250388206319496091644576800518042282953107127735152949674642501225364311803082738998567568660973248892570776615618096826236884622139147705875370111744068017655377068065378420155582523314690391181662157396965204657300653427452578951026075409969174100785484002367366369978054855707104992275212587484962001890316544498055633357410297075586726422503406408012985577940369369317216216165076882962478433927885168508435970467661073840550404701776766409461697481071701030338486419039232824847506145583428433720505269795035597438731328830598507534288167096586616960464513625438322725039685542317747603624765033811357437233436675966670747680189123685500629412046066119027591239826746453537147770519141608840374095453941281785860548382950384085747529835170103203077286473392026331498701945175420902471911741074350982559565077289276503642060961374847861822429300464577635043978467051714053574861669051225767401032638867217664233438922770341400733118385697932724509211689625721102186075416152526919180916900218380645157606095895042673158666160135138967815299387983314461766573932514815061250463166318034524160363051137732118067462766470779296540634732554125345628980835838189860518268122874363527902148034719753863565746324846306032602247423140819435064246377871948868560669510433718260621427257895012158416867137904137302640978668938823340764661440266421920796998065410106655373038244866357122686143697844823980377159277575343248282325912026369096411765961324545558387319758068803763953436749448978969003322044125342941325536839292448460410073811057739824526670447118344705919087493061644044476403310524536429471754321304480747463495529669746369913448781401431761241629412506987923327759934160031538073602062838254789691761315593655858403123694821396671852784737581413779779259750515686106154986918374801052795671272763499965855053940506180572244709153089213243667992121421971081749364904153	444936186869734787532484602873283920729942824544422739892728586984094912433866872276836787877742353463976598899323339290674475501856374333740108222473655709640167849441878307484516286144236510518226308090342380353048529668835887059823052193835321533413452074645352953698009179547728665403880583236676247357824040847060542026838411475777148680855268824303133170104147119242798131094636319329881227649193280990998754366652786787188056298936541427454466350349989293519591711361496843018116311656834037409658381874717322555139664741777003801410251004515020745537730692318041854634835276841972440920906488966589970076644414390453702335430480353205383345697683061557201026090248103723535896375040557114876107185009039011703888852822712268597172400243904391959898391566432369617772290779765368310237271383869251289705199023072140956981493415716470436839465670064346764495711353341032017745381968117536979481262950279727844940814334737693131823309416867995401033998019438392685423396177562302904118574237487813207366497856123507172449832090273828259436757720720235585827876329445336220211521215390760945667425531141003692903546363039380380928716870533711961752313931907021863147379236993677679029299298707261390903558026728020905603420600124473451046806045738364239600630676202268049368285098301793007688342989962152895913998078999975813207353536674680903787778464237481943535440213906137130270417773407951733755012944711270135170482618388768798432434392526537453202851689508629631155784013177183534261875917116243787693521953447837985618683078192282619258107766399780899904457178585167698940789494947342370136051801719764221373329119873883371622340124763094343799568351204137056120219363119476888205989122109504426449492936042369075165652164314775781321589656359199685594944088730045852508112174690955999848062825936534300155025410279234109192035308648322081265443249202679486949271372064070802977525401245731569177456146220699598723933339156729113151793216154052740293333470263747636843933436089118699197021822561157153292814517429811456152777717327854722688395009128861372852973227426070045196799686586015318343838415342553351367107179513409452391016644851413294449883071622893809374593032307680380111099955494808614975045317621736868928959861605344063252264252685378764548441681653578408677379883660843818903650017864095864183600221183213365842455450388239908104512638891253554452031501519791720637563119376115626377198853347705249570198473582976212732838141475627315200519243886594643558871184495687920399940341872832661411563394525791743469506388759630061833316515294699790921784825542252275600728438781044648689508673731066014227070871054260752906471754100205328944926215027576522375765831965745384919871235795742029395025803291098692582286966936116110218042540279194226180372952044570908150346587301382909329900625096269656480144478751075605883606593843320801919357326607177776998292398105021232216002328400833972684965386307213488106837570400342016439634606494401403175300	-2,-6,-6,5,5,5,5,5,5,5,5,5	-6,-6,5,5,5,5,5,5,5,5,-5,-5	ok
1.267267	-12.672673	-49.787179	0.372755	continued:5	914769829061739276280491475092551522170114776782166007953358630093217105103538353027571350809279149559844417893219340978849029323270907746132828609707711830934894262174209212302705598954032012306298145703145862692740982953505202751766793213167915599526432068318298900801674991042384145027457619330909182761996936104143068245040606063547097683529446099476069503031332021190200240066374477013560303719786463232460653224797384525899804227075447952426564040318904941276950267922827119740703828890233529359646280513818874237452900654456610145837006875395224109388908865355007181808956780222826148004599882923309233896082356582055784614871772263419866442857008486980935482647120129740411448218302433653890946916743978846978880406268378142433148423601021570228016007381277422737849811174747799656838453008751386280244285111343886199073776872534547956040638757301471228488493191608037972431130536592838201868560225972378634623498482629410905879517509278654810558424718074730041985919026710217059788264773820546550950223418055826374389721589239410564222429953827215657955270656842006400449282875709243506549530439223804059698765409079616701850689684695714774558656708227260329175651885410940082079563058302544854524921832491201873422381206432252362767331621639801486869398875767891161093419364423873683968417237431316176486785967421188227549530472963111138911625427349637657677596812394478727968348002034726426105839691624619824011802030539206043420117089752766257448764759004387820093139011108503334924717931905264726532648471139942063341562873822392044438282366749510750839825172885977188847299376837194160761373821634094068457659119893209138411182733652215973278808056587986209582206882170353353364010034616002157117710184279790523653392008641813986691530638312899348169772377231577744799536271810735316242769199928859750952071828298482903545275255093646965661088414370413419873657034410910182145187350081752687443530364957855278975337741813987588379426788113567070452777202185823783247585687808692001379724944588561069527248772183794114726184563082466358273656598544494986733314062539042125116156733408413314473750493523522476957225665643502256427302153467652286075747485170855149369928636552751883301420444230730782911531342447267824743715974855057565187759039273301144559602390022737754598897199144741590043018865985531208998092066399832512793353947747885534853845638863159571061463139011612572193450561578352128048105750260162177416915243143321627503700903024997982195158778879992309508488677046556904210879828931012642959408189295160830787200498121170469735977227166971003721808947763172659348122893724180202307279050192417990434127083143611948757276818824209760976482059474010012260959921390496829825993279309766116917618324645154369077921109662153568835794139648086557010050655206730415174040856265442206287394362320310116425727253090919435866937385547392721034376508729336378208220169740272712983121354473639186517616071641960603846024344655950135199142328777158667580507753693977942960	444936186869734787532484602873283920729942824544422739892728586984094912433866872276836787877742353463976598899323339290674475501856374333740108222473655709640167849441878307484516286144236510518226308090342380353048529668835887059823052193835321533413452074645352953698009179547728665403880583236676247357824040847060542026838411475777148680855268824303133170104147119242798131094636319329881227649193280990998754366652786787188056298936541427454466350349989293519591711361496843018116311656834037409658381874717322555139664741777003801410251004515020745537730692318041854634835276841972440920906488966589970076644414390453702335430480353205383345697683061557201026090248103723535896375040557114876107185009039011703888852822712268597172400243904391959898391566432369617772290779765368310237271383869251289705199023072140956981493415716470436839465670064346764495711353341032017745381968117536979481262950279727844940814334737693131823309416867995401033998019438392685423396177562302904118574237487813207366497856123507172449832090273828259436757720720235585827876329445336220211521215390760945667425531141003692903546363039380380928716870533711961752313931907021863147379236993677679029299298707261390903558026728020905603420600124473451046806045738364239600630676202268049368285098301793007688342989962152895913998078999975813207353536674680903787778464237481943535440213906137130270417773407951733755012944711270135170482618388768798432434392526537453202851689508629631155784013177183534261875917116243787693521953447837985618683078192282619258107766399780899904457178585167698940789494947342370136051801719764221373329119873883371622340124763094343799568351204137056120219363119476888205989122109504426449492936042369075165652164314775781321589656359199685594944088730045852508112174690955999848062825936534300155025410279234109192035308648322081265443249202679486949271372064070802977525401245731569177456146220699598723933339156729113151793216154052740293333470263747636843933436089118699197021822561157153292814517429811456152777717327854722688395009128861372852973227426070045196799686586015318343838415342553351367107179513409452391016644851413294449883071622893809374593032307680380111099955494808614975045317621736868928959861605344063252264252685378764548441681653578408677379883660843818903650017864095864183600221183213365842455450388239908104512638891253554452031501519791720637563119376115626377198853347705249570198473582976212732838141475627315200519243886594643558871184495687920399940341872832661411563394525791743469506388759630061833316515294699790921784825542252275600728438781044648689508673731066014227070871054260752906471754100205328944926215027576522375765831965745384919871235795742029395025803291098692582286966936116110218042540279194226180372952044570908150346587301382909329900625096269656480144478751075605883606593843320801919357326607177776998292398105021232216002328400833972684965386307213488106837570400342016439634606494401403175300	-3,-6,-6,5,5,5,5,5,5,5,5,-5	-6,-6,5,5,5,5,5,5,5,5,-5,-5	ok
1.271271	-12.672673	-52.445216	0.375548	continued:5	444936186869734787532484602873283920729942824544422739892728586984094912433866872276836787877742353463976598899323339290674475501856374333740108222473655709640167849441878307484516286144236510518226308090342380353048529668835887059823052193835321533413452074645352953698009179547728665403880583236676247357824040847060542026838411475777148680855268824303133170104147119242798131094636319329881227649193280990998754366652786787188056298936541427454466350349989293519591711361496843018116311656834037409658381874717322555139664741777003801410251004515020745537730692318041854634835276841972440920906488966589970076644414390453702335430480353205383345697683061557201026090248103723535896375040557114876107185009039011703888852822712268597172400243904391959898391566432369617772290779765368310237271383869251289705199023072140956981493415716470436839465670064346764495711353341032017745381968117536979481262950279727844940814334737693131823309416867995401033998019438392685423396177562302904118574237487813207366497856123507172449832090273828259436757720720235585827876329445336220211521215390760945667425531141003692903546363039380380928716870533711961752313931907021863147379236993677679029299298707261390903558026728020905603420600124473451046806045738364239600630676202268049368285098301793007688342989962152895913998078999975813207353536674680903787778464237481943535440213906137130270417773407951733755012944711270135170482618388768798432434392526537453202851689508629631155784013177004549889779856995717981829724403309578173099999038485383885207304816734974907032689722006360317460988788283650263180843696376105221405525504350731737025439912043606264909300456226390343861466762827117502421227499930662278930171192497931185426181904865946039147580853940645149910031654449715045645538237033618609521082114937808613165333592536809842938120319160357150426462375445801972921253832127305997575161307397320064068624863606236091776669210133147410267142517292705166514807180067046235416673272558795037414986416756272463337622549506967940020559612710152417266760161818126213556089304520026488502548892850087523744769080074799143552018933082831689832812104376283162583767303614373740751340849608590622659715639371988040390274910477610541688146807335102093992789372969995553957043552365768863820960331055164044370137484936768904044390560503548872153214168347159526509937115283460963741357704352079825694488283315195123915887874347809272315640985724796873883285169452137332580027517234877606505309188937529624337085598921135330045280771206533466558469004579598678435334774070658557202528675807940836174482996543677284843179703915577902305289589840936083685579622912324248391538484271233638459612908746899263210227819362473948948776015198224240367696284812011990498842659019007775651119380535620500094677410561465920957313347288636731212234118216817632339292042328026237113330964055151416774213297579503021080273199264519837043558118101348384593417912488565424662500068307669107985275	444936186869734787532484602873283920729942824544422739892728586984094912433866872276836787877742353463976598899323339290674475501856374333740108222473655709640167849441878307484516286144236510518226308090342380353048529668835887059823052193835321533413452074645352953698009179547728665403880583236676247357824040847060542026838411475777148680855268824303133170104147119242798131094636319329881227649193280990998754366652786787188056298936541427454466350349989293519591711361496843018116311656834037409658381874717322555139664741777003801410251004515020745537730692318041854634835276841972440920906488966589970076644414390453702335430480353205383345697683061557201026090248103723535896375040557114876107185009039011703888852822712268597172400243904391959898391566432369617772290779765368310237271383869251289705199023072140956981493415716470436839465670064346764495711353341032017745381968117536979481262950279727844940814334737693131823309416867995401033998019438392685423396177562302904118574237487813207366497856123507172449832090273828259436757720720235585827876329445336220211521215390760945667425531141003692903546363039380380928716870533711961752313931907021863147379236993677679029299298707261390903558026728020905603420600124473451046806045738364239600630676202268049368285098301793007688342989962152895913998078999975813207353536674680903787778464237481943535440213906137130270417773407951733755012944711270135170482618388768798432434392526537453202851689508629631155784013177183534261875917116243787693521953447837985618683078192282619258107766399780899904457178585167698940789494947342370136051801719764221373329119873883371622340124763094343799568351204137056120219363119476888205989122109504426449492936042369075165652164314775781321589656359199685594944088730045852508112174690955999848062825936534300155025410279234109192035308648322081265443249202679486949271372064070802977525401245731569177456146220699598723933339156729113151793216154052740293333470263747636843933436089118699197021822561157153292814517429811456152777717327854722688395009128861372852973227426070045196799686586015318343838415342553351367107179513409452391016644851413294449883071622893809374593032307680380111099955494808614975045317621736868928959861605344063252264252685378764548441681653578408677379883660843818903650017864095864183600221183213365842455450388239908104512638891253554452031501519791720637563119376115626377198853347705249570198473582976212732838141475627315200519243886594643558871184495687920399940341872832661411563394525791743469506388759630061833316515294699790921784825542252275600728438781044648689508673731066014227070871054260752906471754100205328944926215027576522375765831965745384919871235795742029395025803291098692582286966936116110218042540279194226180372952044570908150346587301382909329900625096269656480144478751075605883606593843320801919357326607177776998292398105021232216002328400833972684965386307213488106837570400342016439634606494401403175300	-3,-6,5,5,5,5,5,5,5,5,-5,-5	-6,-6,5,5,5,5,5,5,5,5,-5,-5	ok
1.275275	-12.672673	-54.088343	0.378342	continued:5	234423788543221666869589841058293256947146341510454550878545513928874580472305730017717232269535760074537393510316414473168547648965251868865160105584664216740271988793913202398261832636910488684258762243808996866054293489428932144709019587504930548604458724133823994559252055314655014876699904514514719971866244622544067200616862016493805317044887713148059765302823739782357320109217177086936974754577223031682322678791441549097536978354310308178373067324702883796685581072034118422939803199163648095774081417301875786992497375747680801544290082855360757709891830847362654631002736935015199059337379005769702469072947327036130732931261672797005856517389252290558877280023405397296268734934742953029928434031321333629147799047183177733365553467517856064413863197953022313364938489124304954778012810785086473784970352873663863348370292894071655400480108781292560357303734576063257228181047849174089817887415432353206711453400872317567636377328155062756993828050147295212427829227178026049920639808553630003935234373926758028541873461194497583417589728818039752256898048492658425093573810923269032067796590982656437567092659270948689491241198382985394992099170917655305480359850749244594858449100117484711038775976701366248502097068518592314768155775516835948432130575801570696167073190909856296564025894507463680463842044251939108408449093687225451381099036170259665354799255369269382789745146265301586124770631615876219084453679272257616240712932652119477238454381736851373791966914562321450954703857655351240819764046176064875644879975972381232651022975382213241165436492520789061856010686510488403201009000632863437008272400509162724737820290601839192756742262960740287215373001176670073206274699778499726084220706634667205348715744706389000709556753945166284502359832834339463373389716075263288908780890559583606254648783247625611340288431831686765457099257582933309285604699656211779200589485264632580842432131830814368662237763675529821708107282989371933357554073918744359617191789445576384667025581921981147644301225981681634802233057173537592998202847707327038561573017396265832897956374939610258506943622226909359879034783400518790175707060552354135701576476440855187037506153330167414788508031380396675346683960507534373831481688876221561219031786002412530016575075597651292451103902361128490684587497005533628763822070997162293345524848775189877481488765042607282822705269329950718824411248925828562417617593857066846182059953482379563605513099575562444339947110102706763261674570399237955843207620755095084200612505151156623759485316651306875872929629257212134635028096772955554267288135677171396069338588795602513649184981744303873155507107627052690762498894103561457517278620843652809739227302978694127923238295458954484003917544288511296367252261215181491928042942163690685261246906810993328677986550007715337118446392920175456976302675919216369086021209943884947415277651244075147648158295778680521334573199835592791721151741313075854831694568564811692266323	234517870512420341647563216943935801324134961301175831685843374113521225040107799003299575488314665706124604096765860786343890623451293016523599830353814494620216167897915162090409860946482843050230661513666440869421274129959343406876535620502072600975693720329965600169347108176077409456612774421816617182914918262132444600356942905443867696687678187725027611061943732541757828603959847731125559941564328190242530180380673487656838010503387310658355497655681491205963574203236611946304538789247865249620516809988036246493782425107567833406374523173596487234601052870405758694552927431665164948330274898621965523054366741559938599821046810856629974095064099494217115668855625489739878035494537345677614004348285945621000926143140255683269806475179024975923834067627167834069964637652999470147315960056452156295286635356491682836853964275140881467914786299566712304431093954304276758636573464336426150874543933138286322259760973624898995031086012752372598250541572913951801765597640889294641930195597194437506890482331201173580784153078528509198100265727475639972273052062371968588407690098419090903513249550117800876015720977367956500169604575572079373596098028628285735176473641697483641006728910473653203661137286280329349946458189563274612713742758285317286428142097760427718776319619969111563800120527527947203557935729185697542670934716836573924881968680458988521447792208522898643659968366776751422460990906737492036587491287725951952494896375612447470149853255255420408279093489717274862225690583113443875042124226089538222326177307979848349387023383339976588464499996436989851233339842510804112262866373252164821863888892997779651069320589526985023235352543079426871446245062238463699974818307757615251417154284466488817179330913277705819193289351593891843799464669485302061913773006913148208794681715672825824589581318228615994908693463159303317804434266262344998125917679348525534353734418623506727082520678040800756491882304286196399130146710358647014183808416048309751085766726100089215173901723785641792806222805419240441912135121881001727147123746699376389867233454543887863940767377469249034254505777021797072091862010033432440321300689266622296076336257143109092203609654729226256334238413923654398460468292493114661973043454417259587461231304522703847852399916492447867022754587263806244328201685445983875540321985154261172516294723279153105779880746241885441398657724173239856829334589570442534508833981113673711349905657173820204557983418786729232122267923921194676239180959101317266315898055113246490748282510087339567536335995685625461516884769073672353586563190808534216722976365322005911844920749854889179570137060142338520772934400774764841266089681452777239866864042366161194966895831393508457983959421819304853444368634561342635993541970876194852124170473906829677822360015835486791163229162248492838933443765237290131216734122000056061107488602711374026159777873238402481463690165055424793183404053869510074662349494957305344471088440723754660024	-3,5,5,5,5,5,-5,-5,-5,-5,-5,-5	-6,-6,5,5,5,5,5,5,5,-5,-5,-5	ok
1.279279	-12.672673	-55.007408	0.381135	continued:5	234423788543221666869589841058293256947146341237195864601416477436698628991306797316927419517835903704062369926128505986131086308323707723104885844013406139912331275047936097075338153131234016116711701491432265625940816441588332097703628627751311952085943954455548645382492798608667916644772012901191847944804467694528824409829485788038982840360738023483404363341952458955110067928170243787308388305605436414789096840112693010893262889540310426019550538079684469572217546824504887123648821245465060581782701461746475844158890108995084951999189569351873765631831087132286614147199138796246027104134022716653324636643193124936044343872737424495970972672939929822891773419584617566233184657473218750237280566993017472268989828037973409731080687504083774639864609359756000995789976753455189409038740525369348403395565538340479377215719129849985385476156636829510068047202297197650227818235188222330807524039994490141439699758945737487103390694888651777725566147510958640636083373113873861176091768665508826075794418649695742852058233961429885796718236866414043103237328998929751656283606598766604942849801714439240270620286459773307095511430623433206642350295627727066314318499335076625027698957349606749440688967848601104161925559771098508861122775824042729459273915054769714552374681031466911539350672832355141356102319091158986028959177658623839833832786130570958421415564930935649675423259101583896456477970658267510776810128234576593523458557551696545582014426690034705530323957605173891538570874846997159208484147625998406713878552180051280095244250550048116030879505263218545155763212384543229151659277481428337386861204748956277007925473611469989906242650132981872275600952505135937187495337660706312287400652780414809010384405250861236379670926922353469959964302738129188335895989981030701621536544295035394589574194895343156538085908055484087035401255172926379669620481936400421290174671506552018270300402944136182004405558356711478821743117021584867361251544733032525961532710215264412647041567933112208973647649905359242261137927215642336896058884888036848489136197711535060590997006437697876883183026892169254014310425410158082444725055623302506193292025678129679987371582026631456515533468212948275636557109622219131441161147539518640109014944740440749732557899384326276715533476926717959948137952780331475557089798292838155933418417486536854930498244064405746036330910538174175309043808517960066119858167475547513314225349446130659989230407160809962529835229252499644780899178618127503328320723829496526064510254966048299888832439111802421147303559627830757167186005728460773109974757969690590168317245036473783815514403059564250641558038114410440078715488196602798749104882243091720764993289914568435435911965720091887465401405395452318708790483923023352885829765340088763189061192444408588165862657014623305683037224198230799007789283835354580494870767726773727639430271292230377794158480514428735444752210756051938309257475078957356708728977423329776283852599	234517870512420341647563216943935801324134961301175831685843374113521225040107799003299575488314665706124604096765860786343890623451293016523599830353814494620216167897915162090409860946482843050230661513666440869421274129959343406876535620502072600975693720329965600169347108176077409456612774421816617182914918262132444600356942905443867696687678187725027611061943732541757828603959847731125559941564328190242530180380673487656838010503387310658355497655681491205963574203236611946304538789247865249620516809988036246493782425107567833406374523173596487234601052870405758694552927431665164948330274898621965523054366741559938599821046810856629974095064099494217115668855625489739878035494537345677614004348285945621000926143140255683269806475179024975923834067627167834069964637652999470147315960056452156295286635356491682836853964275140881467914786299566712304431093954304276758636573464336426150874543933138286322259760973624898995031086012752372598250541572913951801765597640889294641930195597194437506890482331201173580784153078528509198100265727475639972273052062371968588407690098419090903513249550117800876015720977367956500169604575572079373596098028628285735176473641697483641006728910473653203661137286280329349946458189563274612713742758285317286428142097760427718776319619969111563800120527527947203557935729185697542670934716836573924881968680458988521447792208522898643659968366776751422460990906737492036587491287725951952494896375612447470149853255255420408279093489717274862225690583113443875042124226089538222326177307979848349387023383339976588464499996436989851233339842510804112262866373252164821863888892997779651069320589526985023235352543079426871446245062238463699974818307757615251417154284466488817179330913277705819193289351593891843799464669485302061913773006913148208794681715672825824589581318228615994908693463159303317804434266262344998125917679348525534353734418623506727082520678040800756491882304286196399130146710358647014183808416048309751085766726100089215173901723785641792806222805419240441912135121881001727147123746699376389867233454543887863940767377469249034254505777021797072091862010033432440321300689266622296076336257143109092203609654729226256334238413923654398460468292493114661973043454417259587461231304522703847852399916492447867022754587263806244328201685445983875540321985154261172516294723279153105779880746241885441398657724173239856829334589570442534508833981113673711349905657173820204557983418786729232122267923921194676239180959101317266315898055113246490748282510087339567536335995685625461516884769073672353586563190808534216722976365322005911844920749854889179570137060142338520772934400774764841266089681452777239866864042366161194966895831393508457983959421819304853444368634561342635993541970876194852124170473906829677822360015835486791163229162248492838933443765237290131216734122000056061107488602711374026159777873238402481463690165055424793183404053869510074662349494957305344471088440723754660024	3,-5,-5,-5,-5,-5,-5,-5,-5,-5,-5,-5	-6,-6,5,5,5,5,5,5,5,-5,-5,-5	ok
1.283283	-12.672673	-55.528210	0.383929	continued:5	234423788543221666869589841058293256947146341237195864601416477436698628991306797316927419517835903704062369926128505986131086308323707723104885844013406139912331275047936097075338153131234016116711701491432265625940816441588332097703628627751311952085943954455548645382492798608667916644772012901191847944804467694528824409829485788038982840360738023483404363341952458955110067928170243787308388305605436414789096840112693010893262889540310426019550538079684469572217546824504887123648821245465060581782701461746475844158890108995084951999189569351873765631831087132286614147199138796246027104134022716653324636643193124936044343872737424495970972672939929822891773419584617566233184657473218750237280566993017472268989828037973409731080687504083774639864609359756000995789976753455189409038740525369348403395565538340479377215719129849985385476156636829510068047202297197650227818235188222330807524039994490141439699758945737487103390694888651777725566147510958640636083373113873861176091768665508826075794418649695742852058233961429885796718236866414043103237328998929751656283606598766604942849801714439240270620286459773307095511430623433206642350295627727066314318499335076625027698957349606749440688967848601104161925559771098508861122775824042729459273915054769714552374681031466911539350672832355141356102319091158986028959177658623839833832786130570958421415564930935649675423259101583896456477970658267510776810128234576593523458557551696545582014426690034705530323957605173869885682451210686975748052073634632207113533129805814404387736145101894446041701083705430166176006922977401137793825382987121692279400264662772439758368905621243767274625051109792013695444470374140645578089566060868157378333162149494712797005837000265018086336704773155687205402669676076211551052938092521532416870799717027400339686396291434965760664784812307651321626388192869203537117891383342782719504724408288126878658185156067319327744388975132635988057174168290210637567650991623790723466793653036695869548532562427831620200045155165321680057992548683530818376394705029794471125059903277596897055930461374079624464364432323078271082746788735480311091837605887114291912453597651490895768867061932708729773836636469643626136692848138459142408606428763379566762458375098845020931620460909763777594891224295421618082539494353345436858865230285532984074134190814970405429100171554216995421310649653061504188724305085654589242193830447001559662856129031075435506856480109656307745182082877244758068062842539408229654115927398724066448907490606418324905184784349464811848536184444443923943570256208598786977711256223513682282027687796203194802725420015939110188234995598726054426171888403201451237804655979803900530434119620777958479036921084468635379108710116878753731499275813497753332714195216252503833905129732525053699442217992465251599667729542143988691690089625752064396342863239708300603755685239081658426036902018517418284155126331331536324701927588934127635996676574360207285711	234517870512420341647563216943935801324134961301175831685843374113521225040107799003299575488314665706124604096765860786343890623451293016523599830353814494620216167897915162090409860946482843050230661513666440869421274129959343406876535620502072600975693720329965600169347108176077409456612774421816617182914918262132444600356942905443867696687678187725027611061943732541757828603959847731125559941564328190242530180380673487656838010503387310658355497655681491205963574203236611946304538789247865249620516809988036246493782425107567833406374523173596487234601052870405758694552927431665164948330274898621965523054366741559938599821046810856629974095064099494217115668855625489739878035494537345677614004348285945621000926143140255683269806475179024975923834067627167834069964637652999470147315960056452156295286635356491682836853964275140881467914786299566712304431093954304276758636573464336426150874543933138286322259760973624898995031086012752372598250541572913951801765597640889294641930195597194437506890482331201173580784153078528509198100265727475639972273052062371968588407690098419090903513249550117800876015720977367956500169604575572079373596098028628285735176473641697483641006728910473653203661137286280329349946458189563274612713742758285317286428142097760427718776319619969111563800120527527947203557935729185697542670934716836573924881968680458988521447792208522898643659968366776751422460990906737492036587491287725951952494896375612447470149853255255420408279093489717274862225690583113443875042124226089538222326177307979848349387023383339976588464499996436989851233339842510804112262866373252164821863888892997779651069320589526985023235352543079426871446245062238463699974818307757615251417154284466488817179330913277705819193289351593891843799464669485302061913773006913148208794681715672825824589581318228615994908693463159303317804434266262344998125917679348525534353734418623506727082520678040800756491882304286196399130146710358647014183808416048309751085766726100089215173901723785641792806222805419240441912135121881001727147123746699376389867233454543887863940767377469249034254505777021797072091862010033432440321300689266622296076336257143109092203609654729226256334238413923654398460468292493114661973043454417259587461231304522703847852399916492447867022754587263806244328201685445983875540321985154261172516294723279153105779880746241885441398657724173239856829334589570442534508833981113673711349905657173820204557983418786729232122267923921194676239180959101317266315898055113246490748282510087339567536335995685625461516884769073672353586563190808534216722976365322005911844920749854889179570137060142338520772934400774764841266089681452777239866864042366161194966895831393508457983959421819304853444368634561342635993541970876194852124170473906829677822360015835486791163229162248492838933443765237290131216734122000056061107488602711374026159777873238402481463690165055424793183404053869510074662349494957305344471088440723754660024	-3,-5,-5,-5,-5,-5,-5,-5,-5,-5,-5,-5	-6,-6,5,5,5,5,5,5,5,-5,-5,-5	ok
1.287287	-12.672673	-55.834506	0.386722	continued:5	234423788543221666869589841058293256947146341237195864601416477436698628991306797316927419517835903704062369926128505986131086308323707723104885844013406139912331275047936097075338153131234016116711701491432265625940816441588332097703628627751311952085943954455548645382492798608667916644772012901191847944804467694528824409829485788038982840360738023483404363341952458955110067928170243787308388305605436414789096840112693010893262889540310426019550538079684469572217546824504887123648821245465060581782701461746475844158890108995084951999189569351873765631831087132286614147199138796246027104134022716653324636643193124936044343872737424495970972672939929822891773419584617566233184657473218750237280566993017472268989828037973409731080687504083774639864609359756000995789976753455189409038740525369348403395565538340479377215719129849985385476156636829510068047202297197650227818235188222330807524039994490141439699758945737487103390694888651777725566147510958640636083373113873861176091768665508826075794418649695742852058233961429885796718236866414043103237328998929751656283606598766604942849801714439240270620286459773307095511430623433206642350295627727066314318499335076625027698957349606749440688967848601104161925559771098508861122775824042729459273915054769714552374681031466911539350672832355141356102319091158986028959177658623839833832786130570958421415564930935649675423259101583896456477970658267510776810128234576593523458557551696545582014426690034705530323957605173848232794027574376792287619999643266007513187707431577528680228039653740776052522662147641787196250633570259046435991488492815047171939324576588602508812337631017544643007452086602155115287988243145353968683794461030002469265671518574616583627268749668799793002482623957904450841036614023234766209886204012363212205055139019406089798597687526774983243661569131215607851521212812027404615300830285144148834777310024235487015967367998456651083219593553793154371231314995553913883757250215055485400877090808979092055497191743454266752440404971401098978057881724724740693904522022740453113922095020133203114854485050282365745701972476902527855068167312878177458619588471722390532881517173301804166152097233960944014205059991011615716276074057786843656065318008119024509972009756940309305341537493250839656305521872883288027126208375215316627932167732910034729850895093085880359956278702687954511710761131947699333640092211243058626220185346489805100362811931490881783305799409350085655134913254844735236947066951313130987508025300922068387560015164536760977930456896508476393512741058130680701134783956424463980664542756437196246810339118622574091047780467627578818431876787012030136855580203604153370727068867887036067578324673120481046108122077049805356812024781438798672514628603642620835663050343741818606617815056461941536227421361624820162111260853488969594096343896923633921917999705688961777240078247785522693593289608299391816099496610724763391928776220511546543015929818944130718824	234517870512420341647563216943935801324134961301175831685843374113521225040107799003299575488314665706124604096765860786343890623451293016523599830353814494620216167897915162090409860946482843050230661513666440869421274129959343406876535620502072600975693720329965600169347108176077409456612774421816617182914918262132444600356942905443867696687678187725027611061943732541757828603959847731125559941564328190242530180380673487656838010503387310658355497655681491205963574203236611946304538789247865249620516809988036246493782425107567833406374523173596487234601052870405758694552927431665164948330274898621965523054366741559938599821046810856629974095064099494217115668855625489739878035494537345677614004348285945621000926143140255683269806475179024975923834067627167834069964637652999470147315960056452156295286635356491682836853964275140881467914786299566712304431093954304276758636573464336426150874543933138286322259760973624898995031086012752372598250541572913951801765597640889294641930195597194437506890482331201173580784153078528509198100265727475639972273052062371968588407690098419090903513249550117800876015720977367956500169604575572079373596098028628285735176473641697483641006728910473653203661137286280329349946458189563274612713742758285317286428142097760427718776319619969111563800120527527947203557935729185697542670934716836573924881968680458988521447792208522898643659968366776751422460990906737492036587491287725951952494896375612447470149853255255420408279093489717274862225690583113443875042124226089538222326177307979848349387023383339976588464499996436989851233339842510804112262866373252164821863888892997779651069320589526985023235352543079426871446245062238463699974818307757615251417154284466488817179330913277705819193289351593891843799464669485302061913773006913148208794681715672825824589581318228615994908693463159303317804434266262344998125917679348525534353734418623506727082520678040800756491882304286196399130146710358647014183808416048309751085766726100089215173901723785641792806222805419240441912135121881001727147123746699376389867233454543887863940767377469249034254505777021797072091862010033432440321300689266622296076336257143109092203609654729226256334238413923654398460468292493114661973043454417259587461231304522703847852399916492447867022754587263806244328201685445983875540321985154261172516294723279153105779880746241885441398657724173239856829334589570442534508833981113673711349905657173820204557983418786729232122267923921194676239180959101317266315898055113246490748282510087339567536335995685625461516884769073672353586563190808534216722976365322005911844920749854889179570137060142338520772934400774764841266089681452777239866864042366161194966895831393508457983959421819304853444368634561342635993541970876194852124170473906829677822360015835486791163229162248492838933443765237290131216734122000056061107488602711374026159777873238402481463690165055424793183404053869510074662349494957305344471088440723754660024	2,-5,-5,-5,-5,-5,-5,-5,-5,-5,-5,-5	-6,-6,5,5,5,5,5,5,5,-5,-5,-5	ok
1.291291	-12.672673	-56.007408	0.384932	continued:5	234423788543221666869589841058293256947146341237195864601416477436698628991306797316927419517835903704062369926128505986131086308323707723104885844013406139912331275047936097075338153131234016116711701491432265625940816441588332097703628627751311952085943954455548645382492798608667916644772012901191847944804467694528824409829485788038982840360738023483404363341952458955110067928170243787308388305605436414789096840112693010893262889540310426019550538079684469572217546824504887123648821245465060581782701461746475844158890108995084951999189569351873765631831087132286614147199138796246027104134022716653324636643193124936044343872737424495970972672939929822891773419584617566233184657473218750237280566993017472268989828037973409731080687504083774639864609359756000995789976753455189409038740525369348403395565538340479377215719129849985385476156636829510068047202297197650227818235188222330807524039994490141439699758945737487103390694888651777725566147510958640636083373113873861176091768665508826075794418649695742852058233961429885796718236866414043103237328998929751656283606598766604942849801714439240270620286459773307095511430623433206642350295627727066314318499335076625027698957349606749440688967848601104161925559771098508861122775824042729459273915054769714552374681031466911539350672832355141356102319091158986028959177658623839833832786130570958421415564930935649675423259101583896456477970658267510776810128234576593523458557551696545582014426690034705530323957605173848232794027574376792287619999643266007513187707431577528680228039653740776052522662147641787196250633570259046435991488492815047171939324576588602508812337631017544643007452086602155115287988243145353968683794461030002469265671518574616583627268749668799793002482623957904450841036614023234766209886204012363212205055139019406089798597687526774983243661569131215607851521212812027404615300830285144148834777310024235487015967367998456651083219593553793154371231314995553913883757250215055485400877090808979092055497191743454266752440404971401098978057881724724740693904522022740453113922095020133203114854485050282365745701972476902527855068167312878177458619588471722390532881517173301804166152097233960944014205059991011615716276074057786843656065318008119024509972009756940309305341537493250839656305521872883288027126208375215316627932167732910034729850895093085880359956278702687954511710761131947699333640092211243058626220185346489805100362811931490881783305799409350085655134913254844735236947066951313130987508025300922068387560015164536760977930456896508476393512741058130680701134783956424463980664542756437196246810339118622574091047780467627578818431876787012030136855580203604153370727068867887036067578324673120481046108122077049805356812024781438798672514628603642620835663050343741818606617815056461941536227421361624820162111260853488969594096343896923633921917999705688961777240078247785522693593289608299391816099496610724763391928776220511546543015929818944130718824	234517870512420341647563216943935801324134961301175831685843374113521225040107799003299575488314665706124604096765860786343890623451293016523599830353814494620216167897915162090409860946482843050230661513666440869421274129959343406876535620502072600975693720329965600169347108176077409456612774421816617182914918262132444600356942905443867696687678187725027611061943732541757828603959847731125559941564328190242530180380673487656838010503387310658355497655681491205963574203236611946304538789247865249620516809988036246493782425107567833406374523173596487234601052870405758694552927431665164948330274898621965523054366741559938599821046810856629974095064099494217115668855625489739878035494537345677614004348285945621000926143140255683269806475179024975923834067627167834069964637652999470147315960056452156295286635356491682836853964275140881467914786299566712304431093954304276758636573464336426150874543933138286322259760973624898995031086012752372598250541572913951801765597640889294641930195597194437506890482331201173580784153078528509198100265727475639972273052062371968588407690098419090903513249550117800876015720977367956500169604575572079373596098028628285735176473641697483641006728910473653203661137286280329349946458189563274612713742758285317286428142097760427718776319619969111563800120527527947203557935729185697542670934716836573924881968680458988521447792208522898643659968366776751422460990906737492036587491287725951952494896375612447470149853255255420408279093489717274862225690583113443875042124226089538222326177307979848349387023383339976588464499996436989851233339842510804112262866373252164821863888892997779651069320589526985023235352543079426871446245062238463699974818307757615251417154284466488817179330913277705819193289351593891843799464669485302061913773006913148208794681715672825824589581318228615994908693463159303317804434266262344998125917679348525534353734418623506727082520678040800756491882304286196399130146710358647014183808416048309751085766726100089215173901723785641792806222805419240441912135121881001727147123746699376389867233454543887863940767377469249034254505777021797072091862010033432440321300689266622296076336257143109092203609654729226256334238413923654398460468292493114661973043454417259587461231304522703847852399916492447867022754587263806244328201685445983875540321985154261172516294723279153105779880746241885441398657724173239856829334589570442534508833981113673711349905657173820204557983418786729232122267923921194676239180959101317266315898055113246490748282510087339567536335995685625461516884769073672353586563190808534216722976365322005911844920749854889179570137060142338520772934400774764841266089681452777239866864042366161194966895831393508457983959421819304853444368634561342635993541970876194852124170473906829677822360015835486791163229162248492838933443765237290131216734122000056061107488602711374026159777873238402481463690165055424793183404053869510074662349494957305344471088440723754660024	2,-5,-5,-5,-5,-5,-5,-5,-5,-5,-5,-5	-6,-6,5,5,5,5,5,5,5,-5,-5,-5	ok
1.295295	-12.672673	-56.157935	0.384558	full	234423788543221666869589841058293256947146341237195864601416477436698628991306797316927419517835903704062369926128505986131086308323707723104885844013406139912331275047936097075338153131234016116711701491432265625940816441588332097703628627751311952085943954455548645382492798608667916644772012901191847944804467694528824409829485788038982840360738023483404363341952458955110067928170243787308388305605436414789096840112693010893262889540310426019550538079684469572217546824504887123648821245465060581782701461746475844158890108995084951999189569351873765631831087132286614147199138796246027104134022716653324636643193124936044343872737424495970972672939929822891773419584617566233184657473218750237280566993017472268989828037973409731080687504083774639864609359756000995789976753455189409038740525369348403395565538340479377215719129849985385476156636829510068047202297197650227818235188222330807524039994490141439699758945737487103390694888651777725566147510958640636083373113873861176091768665508826075794418649695742852058233961429885796718236866414043103237328998929751656283606598766604942849801714439240270620286459773307095511430623433206642350295627727066314318499335076625027698957349606749440688967848601104161925559771098508861122775824042729459273915054769714552374681031466911539350672832355141356102319091158986028959177658623839833832786130570958421415564930935649675423259101583896456477970658267510776810128234576593523458557551696545582014426690034705530323957605173848232794027574376792287619999643266007513187707431577528680228039653740776052522662147641787196250633570259046435991488492815047171939324576588602508812337631017544643007452086602155115287988243145353968683794461030002469265671518574616583627268749668799793002482623957904450841036614023234766209886204012363212205055139019406089798597687526774983243661569131215607851521212812027404615300830285144148834777310024235487015967367998456651083219593553793154371231314995553913883757250215055485400877090808979092055497191743454266752440404971401098978057881724724740693904522022740453113922095020133203114854485050282365745701972476902527855068167312878177458619588471722390532881517173301804166152097233960944014205059991011615716276074057786843656065318008119024509972009756940309305341537493250839656305521872883288027126208375215316627932167732910034729850895093085880359956278702687954511710761131947699333640092211243058626220185346489805100362811931490881783305799409350085655134913254844735236947066951313130987508025300922068387560015164536760977930456896508476393512741058130680701134783956424463980664542756437196246810339118622574091047780467627578818431876787012030136855580203604153370727068867887036067578324673120481046108122077049805356812024781438798672514628603642620835663050343741818606617815056461941536227421361624820162111260853488969594096343896923633921917999705688961777240078247785522693593289608299391816099496610724763391928776220511546543015929818944130718824	234423788616938595006369340318940627283787407035743029020718229816691077775876727658679168856747854175781285980099183879049247561290743909668244971731375945916784467330686087293445246874203093433444747551577306298145852857217444939802440318226581337218873868140719142261730126558737300668441185053257745589734242996575712099537321877412302966706894444525607040275387724436583253960164402308144996061571996210193164019217862898818688373474925165827352649845917760656953452708260835252112359044264184042752622575504813216078905603503137633058319273836829470580967437810371139202881686863431712751970195032945695812377890475347830954402015421319509010493451424624936145405131894206889711027096387620261061558702905158640348846698118088676759229710166343304358219377852109629176996349114046055214212386510113762736534963063445580102839263294568774472943356940532991735600628625199871622595669277955449234780133500581159918295726247522480183441455512727514363365583066099611840213070558297087509724048100030365966771698774490062484145656941002656870938974210839365417404628872066630011479779803628530872804137744427238767705263981784110574303537109078930592025622082528281751977119730693316007819521659821767131660868128313643545779399259686841744098548859849632034911867516361005411767812530170215125446408000391627600375466252228992727116778444666277456751754242357241262487144895350570441731442364403987185557331904049683963399450116871979694630443737271983843842096834248244650112031517727967519234441787855399976785507902272198496123450626451167593285682540734163681476427125332676289823042795434354443304451045660223826836206819977126240818228751986685504294087834707856836796127193317796449101258634688460684604353671216014778210792171662888457653409353652773152999487259865831704166329485757968382771026364417083725701753504530407464171597230770350235524181557101295805347755124946556739100659901667598663519053999538409129233285023275800160621897753976198819982240254815894972879188799060003491978424199892976871227764551102037165042625551915686610391326810892209247654611755946150379115886616680587428683220298268668823065508066662320797598502199191182910054252053029431442065586347286722509648994662533046222515809817885063932987323022016128447960613019003997493506413951051822287147437277271756440953436837971959198838147358997609112215762789520952253113241440624319350703555464974350395210435027986842726311594136587494912798392145730887478399185988713715609108559595464519890518507753295669789405627327701314935628810035808531561634850384081471266707401096654358912573691205902302194537300986254834553054641534037894115300659767494289598424669971080083183448572058024215749491412215510451566434243330716249462253031095397488134685994966911129026959013474999622069235786181979150230629931100635615392172260661102074190240369838476604677296959597819694190372054509248949403786693219798674100627079463019234272671132866964625395522735356290265327672290361900718421742	2,-5,-5,-5,-5,-5,-5,-5,-5,-5,-5,-5	-6,-6,5,5,5,5,5,5,-5,-5,-5,-5	ok
1.299299	-12.672673	-18.672722	0.369457	continued:5	444936186869734787532484602873283920729942824544422739892728586984094912433866872276836787877742353463976598899323339290674475501856374333740108222473655709640167849441878307484516286144236510518226308090342380353048529668835887059823052193835321533413452074645352953698009179547728665403880583236676247357824040847060542026838411475777148680855268824303133170104147119247890844693722706081003364096617491254389329029702378173860162245079864494727318884067489943980844047412303867343623442226344457709262926037758541468929101887811326553435564239478367903025716674174110050489273613607192346167984871097471722809424204961727735251854579535775380228015918848688476581282634786655521333835759748109181409979061204525196039683919438499525470440291494019803403890211678562918631813758764140847634892438622411280243740387281925326327443108490209222695116507864068792886436056590900323107036198165514954840363603246779482165083990559941237537603459875580367835462667838123924706270497558665410206389479495545155307408586438176214384455713050734902811942394467604218392040555180241489186221704274469595834457900711125048428386748376992683658681417682960725458454351279875735252169683274310255902808789192921898097788776957850174200792597020296702712878173995280824242657745909454269530933770306802484695112708046726836276823418137071847171036712539685298949186125676325225034754836480041744948285208833258466306640705163754134687261133772838836886872680756916287535876164633233520601250451748291305742894473806043640687959466233145551336669707679816457066472601565855155501658622467629442457608886941968989761494949047440851957178145157264823382108780042745882729902065782862258528678551459175119971494076673327397589993852325498966844897980714486064175027479030016831702367914149877269973455883875091253673568694566464469658594135502112118553251670555237135772252614346882855838585787616032682149008233531471448617316980699163320399916754391088338532741377730075824587226087314639213724245358586512086565578048269945771330528149960435354251473689847730051542351673057423597026881804080079435706942144177432863248641503815749901330741211205890629995428953033001425463253052170749190892025723982513034307197732348716390188890589590975606283954876756294300879925482077721962748917913800028942735929735026517024682847638545142451224488214579445113876757984645559968251690251626887965499964766325381358860964721541713594646934512355166625650526273869522307121557904096615823173002870067433342894490340244374313381916131587280974311748077342987758389709717731512371999864441595706247560053177858566079125617514298019071485268146056509156915634473078785312686974243178149703345813634239487372447696856818306530224562809045332622536416811772296165625362763696447178128307759168239469385385805688013546084301624389180390066161772810702734338012316081956067470333983656666110453715187832817909398135997517170292944655049524242680026206511465979825917234331022705174078966650376493104142003	234423788616938595006369340318940627283787407035743029020718229816691077775876727658679168856747854175781285980099183879049247561290743909668244971731375945916784467330686087293445246874203093433444747551577306298145852857217444939802440318226581337218873868140719142261730126558737300668441185053257745589734242996575712099537321877412302966706894444525607040275387724436583253960164402308144996061571996210193164019217862898818688373474925165827352649845917760656953452708260835252112359044264184042752622575504813216078905603503137633058319273836829470580967437810371139202881686863431712751970195032945695812377890475347830954402015421319509010493451424624936145405131894206889711027096387620261061558702905158640348846698118088676759229710166343304358219377852109629176996349114046055214212386510113762736534963063445580102839263294568774472943356940532991735600628625199871622595669277955449234780133500581159918295726247522480183441455512727514363365583066099611840213070558297087509724048100030365966771698774490062484145656941002656870938974210839365417404628872066630011479779803628530872804137744427238767705263981784110574303537109078930592025622082528281751977119730693316007819521659821767131660868128313643545779399259686841744098548859849632034911867516361005411767812530170215125446408000391627600375466252228992727116778444666277456751754242357241262487144895350570441731442364403987185557331904049683963399450116871979694630443737271983843842096834248244650112031517727967519234441787855399976785507902272198496123450626451167593285682540734163681476427125332676289823042795434354443304451045660223826836206819977126240818228751986685504294087834707856836796127193317796449101258634688460684604353671216014778210792171662888457653409353652773152999487259865831704166329485757968382771026364417083725701753504530407464171597230770350235524181557101295805347755124946556739100659901667598663519053999538409129233285023275800160621897753976198819982240254815894972879188799060003491978424199892976871227764551102037165042625551915686610391326810892209247654611755946150379115886616680587428683220298268668823065508066662320797598502199191182910054252053029431442065586347286722509648994662533046222515809817885063932987323022016128447960613019003997493506413951051822287147437277271756440953436837971959198838147358997609112215762789520952253113241440624319350703555464974350395210435027986842726311594136587494912798392145730887478399185988713715609108559595464519890518507753295669789405627327701314935628810035808531561634850384081471266707401096654358912573691205902302194537300986254834553054641534037894115300659767494289598424669971080083183448572058024215749491412215510451566434243330716249462253031095397488134685994966911129026959013474999622069235786181979150230629931100635615392172260661102074190240369838476604677296959597819694190372054509248949403786693219798674100627079463019234272671132866964625395522735356290265327672290361900718421742	-2,-6,-6,5,5,5,5,5,5,5,-5,-5	-6,-6,5,5,5,5,5,5,-5,-5,-5,-5	ok
1.303303	-12.672673	-45.328327	0.372251	continued:5	444936186869734787532484602873283920729942824544422739892728586984094912433866872276836787877742353463976598899323339290674475501856374333740108222473655709640167849441878307484516286144236510518226308090342380353048529668835887059823052193835321533413452074645352953698009179547728665403880583236676247357824040847060542026838411475777148680855268824303133170104147119247890844693722706081003364096617491254389329029702378173860162245079864494727318884067489943980844047412303867343623442226344457709262926037758541468929101887811326553435564239478367903025716674174110050489273613607192346167984871097471722809424204961727735251854579535775380228015918848688476581282634786655521333835759748109181409979061204525196039683919438499525470440291494019803403890211678562918631813758764140847634892438622411280243740387281925326327443108490209222695116507864068792886436056590900323107036198165514954840363603246779482165083990559941237537603459875580367835462667838123924706270497558665410206389479495545155307408586438176214384455713050734902811942394467604218392040555180241489186221704274469595834457900711125048428386748376992683658681417682960725458454351279875735252169683274310255902808789192921898097788776957850174200792597020296702712878173995280824242657745909454269530933770306802484695112708046726836276823418137071847171036712539685298949186125676325225034754836480041744948285208833258466306640705163754134687261133772838836886872680756916287535876164633233520601250451748291305742894473806043640687959466233145551336669707679816457066472601565855155501658622467629442457608886941968989761494949047440851957178145157264823382108780042745882729902065782862258528678551459175119971494076673327397589993852325498966844897980714486064175027479030016831702367914149877269973455883875091253673568694566464469658594135502112118553251670555237135772252614346882855838585787616032682149008233531471448617316980699163320399916754391088338532741377730075824587226087314639213724245358586512086565578048269945771330528149960435354251473689847730051542351673057423597026881804080079435706942144177432863248641503815749901330741211205890629995428953033001425463253052170749190892025723982513034307197732348716390188890589590975606283954876756294300879925482077721962748917913800028942735929735026517024682847638545142451224488214579445113876757984645559968251690251626887965499964766325381358860964721541713594646934512355166625650526273869522307121557904096615823173002870067433342894490340244374313381916131587280974311748077342987758389709717731512371999864441595706247560053177858566079125617514298019071485268146056509156915634473078785312686974243178149703345813634239487372447696856818306530224562809045332622536416811772296165625362763696447178128307759168239469385385805688013546084301624389180390066161772810702734338012316081956067470333983656666110453715187832817909398135997517170292944655049524242680026206511465979825917234331022705174078966650376493104142003	234423788616938595006369340318940627283787407035743029020718229816691077775876727658679168856747854175781285980099183879049247561290743909668244971731375945916784467330686087293445246874203093433444747551577306298145852857217444939802440318226581337218873868140719142261730126558737300668441185053257745589734242996575712099537321877412302966706894444525607040275387724436583253960164402308144996061571996210193164019217862898818688373474925165827352649845917760656953452708260835252112359044264184042752622575504813216078905603503137633058319273836829470580967437810371139202881686863431712751970195032945695812377890475347830954402015421319509010493451424624936145405131894206889711027096387620261061558702905158640348846698118088676759229710166343304358219377852109629176996349114046055214212386510113762736534963063445580102839263294568774472943356940532991735600628625199871622595669277955449234780133500581159918295726247522480183441455512727514363365583066099611840213070558297087509724048100030365966771698774490062484145656941002656870938974210839365417404628872066630011479779803628530872804137744427238767705263981784110574303537109078930592025622082528281751977119730693316007819521659821767131660868128313643545779399259686841744098548859849632034911867516361005411767812530170215125446408000391627600375466252228992727116778444666277456751754242357241262487144895350570441731442364403987185557331904049683963399450116871979694630443737271983843842096834248244650112031517727967519234441787855399976785507902272198496123450626451167593285682540734163681476427125332676289823042795434354443304451045660223826836206819977126240818228751986685504294087834707856836796127193317796449101258634688460684604353671216014778210792171662888457653409353652773152999487259865831704166329485757968382771026364417083725701753504530407464171597230770350235524181557101295805347755124946556739100659901667598663519053999538409129233285023275800160621897753976198819982240254815894972879188799060003491978424199892976871227764551102037165042625551915686610391326810892209247654611755946150379115886616680587428683220298268668823065508066662320797598502199191182910054252053029431442065586347286722509648994662533046222515809817885063932987323022016128447960613019003997493506413951051822287147437277271756440953436837971959198838147358997609112215762789520952253113241440624319350703555464974350395210435027986842726311594136587494912798392145730887478399185988713715609108559595464519890518507753295669789405627327701314935628810035808531561634850384081471266707401096654358912573691205902302194537300986254834553054641534037894115300659767494289598424669971080083183448572058024215749491412215510451566434243330716249462253031095397488134685994966911129026959013474999622069235786181979150230629931100635615392172260661102074190240369838476604677296959597819694190372054509248949403786693219798674100627079463019234272671132866964625395522735356290265327672290361900718421742	-2,-6,-6,5,5,5,5,5,5,5,-5,-5	-6,-6,5,5,5,5,5,5,-5,-5,-5,-5	ok
1.307307	-12.672673	-49.808880	0.369457	continued:5	234517870512420341647563216943935801324134961301175831685843374113521225040107799003299575488314665706124604096765860786343890623451293016523599830353814494620216167897915162090409860946482843050230661513666440869421274129959343406876535620502072600975693720329965600169347108176077409456612774421816617182914918262132444600356942905443867696687678187725027611061943732544665817139653065112498035437521088187036807159409019167031438582674555618090561839618682423329799107334568815491319182255222251487628679308544002890732131393426996748239238828477485317845799159375898754759728644787909070650913033825305023893537749237206975258073824553496525882507202837717353000347823678192213577474087236607325114042196674512731878675364331615000591557012238703134027458937361990323528705056361808221916335455823811468970316061358217455689431170490968825262859344509524465727700736823368850405930332137328793632762384540734761477324758362919623373794588491349477666696778470890991970271733064348946269603971922132387071074951532184717282028346738394904752333313056879284050425362981555747770732988929244397280352838169943715577929412279875633778960829952567745626323891530931557930934661632277559506554961597924225092287525866641365439072318795320568088490661280596491032108008233438560655140286493718912865348163917420431878185863550855484345450331644770519333579171196644856821226774911760498386899753780810721183791953570030865478127424138053877674951028031952577380887444540954577606187963755726138719127487515649224672544972028222290502370179077830547861875351591350417154589226041236061711439145288810157204337262673620418765447123561249929015182711130352686616305127715156299324920166329361003584321785301867835865049275919985337267145767735491841090009726527155494650852461801465636651407022638248409024638715709978709834958634247915714373533526878697978089741701941747449441168077459271856496297919054119909384754157773273852235647950636471438769032847957366625411351930727542100367708091034972817484605496143031188791092070665341773957363715732045927633031293032940252457023219779662146120275636994053724334142499985119435712312568801841236881605796679260971810045810740781463671136071634660550878755678917480664997012117094293075340939327862318681840452225993158148593179492873403701091949289278909977032861550170881909841568318613904673627809318582113203885908670329541280197007635104344176700771533322415637408218663396776657200037014898098323366966893058520536095158241511213967280660152202428564142170196126786020317508767895266743446096684728179695867142808678049506742624694346325147548109148623294088134137968234229973921090447157607561845180729412987295867939792927205819001682566725041659479028326477678328668775365430563300396178088280444913101991125299847138290915881449738353917799601123157613901646790325771512347783723767419007739826956332777749233055564666025979139535297974995953244678905918077642052375517210644762087906285488312306324124069687268499230466	234423788616938595006369340318940627283787407035743029020718229816691077775876727658679168856747854175781285980099183879049247561290743909668244971731375945916784467330686087293445246874203093433444747551577306298145852857217444939802440318226581337218873868140719142261730126558737300668441185053257745589734242996575712099537321877412302966706894444525607040275387724436583253960164402308144996061571996210193164019217862898818688373474925165827352649845917760656953452708260835252112359044264184042752622575504813216078905603503137633058319273836829470580967437810371139202881686863431712751970195032945695812377890475347830954402015421319509010493451424624936145405131894206889711027096387620261061558702905158640348846698118088676759229710166343304358219377852109629176996349114046055214212386510113762736534963063445580102839263294568774472943356940532991735600628625199871622595669277955449234780133500581159918295726247522480183441455512727514363365583066099611840213070558297087509724048100030365966771698774490062484145656941002656870938974210839365417404628872066630011479779803628530872804137744427238767705263981784110574303537109078930592025622082528281751977119730693316007819521659821767131660868128313643545779399259686841744098548859849632034911867516361005411767812530170215125446408000391627600375466252228992727116778444666277456751754242357241262487144895350570441731442364403987185557331904049683963399450116871979694630443737271983843842096834248244650112031517727967519234441787855399976785507902272198496123450626451167593285682540734163681476427125332676289823042795434354443304451045660223826836206819977126240818228751986685504294087834707856836796127193317796449101258634688460684604353671216014778210792171662888457653409353652773152999487259865831704166329485757968382771026364417083725701753504530407464171597230770350235524181557101295805347755124946556739100659901667598663519053999538409129233285023275800160621897753976198819982240254815894972879188799060003491978424199892976871227764551102037165042625551915686610391326810892209247654611755946150379115886616680587428683220298268668823065508066662320797598502199191182910054252053029431442065586347286722509648994662533046222515809817885063932987323022016128447960613019003997493506413951051822287147437277271756440953436837971959198838147358997609112215762789520952253113241440624319350703555464974350395210435027986842726311594136587494912798392145730887478399185988713715609108559595464519890518507753295669789405627327701314935628810035808531561634850384081471266707401096654358912573691205902302194537300986254834553054641534037894115300659767494289598424669971080083183448572058024215749491412215510451566434243330716249462253031095397488134685994966911129026959013474999622069235786181979150230629931100635615392172260661102074190240369838476604677296959597819694190372054509248949403786693219798674100627079463019234272671132866964625395522735356290265327672290361900718421742	-3,-6,-6,5,5,5,5,5,5,-5,-5,-5	-6,-6,5,5,5,5,5,5,-5,-5,-5,-5	ok
1.311311	-12.672673	-52.478455	0.372251	continued:5	234423788616938595006369340318940627283787407035743029020718229816691077775876727658679168856747854175781285980099183879049247561290743909668244971731375945916784467330686087293445246874203093433444747551577306298145852857217444939802440318226581337218873868140719142261730126558737300668441185053257745589734242996575712099537321877412302966706894444525607040275387724436583253960164402308144996061571996210193164019217862898818688373474925165827352649845917760656953452708260835252112359044264184042752622575504813216078905603503137633058319273836829470580967437810371139202881686863431712751970195032945695812377890475347830954402015421319509010493451424624936145405131894206889711027096387620261061558702905158640348846698118088676759229710166343304358219377852109629176996349114046055214212386510113762736534963063445580102839263294568774472943356940532991735600628625199871622595669277955449234780133500581159918295726247522480183441455512727514363365583066099611840213070558297087509724048100030365966771698774490062484145656941002656870938974210839365417404628872066630011479779803628530872804137744427238767705263981784110574303537109078930592025622082528281751977119730693316007819521659821767131660868128313643545779399259686841744098548859849632034911867516361005411767812530170215125446408000391627600375466252228992727116778444666277456751754242357241262487144895350570441731442364403987185557331904049683963399450116871979694630443737271983843842096834248244650112031517598050188672197018337971425670512806908900281249925846712248987187365199523609760443549033287836937540327640960885044968807287119560427842023805528702127724856637195490009945400490552336365586261686060461845797139450271407477936965136217936508258966553911576782311611731465777717298351667125858589287325883559749957938195829811205254199095821992285930842412660425925284120915587060657701077406523715099538787916487579560567046902730148848949338427817571993159545354221831987959825629232959881849505360359738154034306507202349981593036174536894281177785716932756544016623428205729951676818056589681173300602141920373448293630726691213898689454032311897598841130370125455303429464936846708062642157122303736868323819753689176708229625912417198765902089645289051649289973517391671250350886787185527106227346542952811011719596203352061092917365926854162728881200177305363040649579998763318167963507303126136683759615471499875517676641563340722112282027605660007889041103977680208588934819266150833033603425369993710594301455906046062093353475735762178387093491650275366818478393698150188348285631794127601387347932086369446153920237590626531700657498338980876833684501817796012442559643153754414197990252837309463770774794141744907656815071656495896859282560829061914409335708569752142630149733567504839033529806482473796765766301724577463049971003408185632691065199568505331391878856321311904237294621171479843532357148767919334255293845843678992204390893388486901480024369261578924316445981	234423788616938595006369340318940627283787407035743029020718229816691077775876727658679168856747854175781285980099183879049247561290743909668244971731375945916784467330686087293445246874203093433444747551577306298145852857217444939802440318226581337218873868140719142261730126558737300668441185053257745589734242996575712099537321877412302966706894444525607040275387724436583253960164402308144996061571996210193164019217862898818688373474925165827352649845917760656953452708260835252112359044264184042752622575504813216078905603503137633058319273836829470580967437810371139202881686863431712751970195032945695812377890475347830954402015421319509010493451424624936145405131894206889711027096387620261061558702905158640348846698118088676759229710166343304358219377852109629176996349114046055214212386510113762736534963063445580102839263294568774472943356940532991735600628625199871622595669277955449234780133500581159918295726247522480183441455512727514363365583066099611840213070558297087509724048100030365966771698774490062484145656941002656870938974210839365417404628872066630011479779803628530872804137744427238767705263981784110574303537109078930592025622082528281751977119730693316007819521659821767131660868128313643545779399259686841744098548859849632034911867516361005411767812530170215125446408000391627600375466252228992727116778444666277456751754242357241262487144895350570441731442364403987185557331904049683963399450116871979694630443737271983843842096834248244650112031517727967519234441787855399976785507902272198496123450626451167593285682540734163681476427125332676289823042795434354443304451045660223826836206819977126240818228751986685504294087834707856836796127193317796449101258634688460684604353671216014778210792171662888457653409353652773152999487259865831704166329485757968382771026364417083725701753504530407464171597230770350235524181557101295805347755124946556739100659901667598663519053999538409129233285023275800160621897753976198819982240254815894972879188799060003491978424199892976871227764551102037165042625551915686610391326810892209247654611755946150379115886616680587428683220298268668823065508066662320797598502199191182910054252053029431442065586347286722509648994662533046222515809817885063932987323022016128447960613019003997493506413951051822287147437277271756440953436837971959198838147358997609112215762789520952253113241440624319350703555464974350395210435027986842726311594136587494912798392145730887478399185988713715609108559595464519890518507753295669789405627327701314935628810035808531561634850384081471266707401096654358912573691205902302194537300986254834553054641534037894115300659767494289598424669971080083183448572058024215749491412215510451566434243330716249462253031095397488134685994966911129026959013474999622069235786181979150230629931100635615392172260661102074190240369838476604677296959597819694190372054509248949403786693219798674100627079463019234272671132866964625395522735356290265327672290361900718421742	-3,-6,5,5,5,5,5,5,-5,-5,-5,-5	-6,-6,5,5,5,5,5,5,-5,-5,-5,-5	ok
1.315315	-12.672673	-54.123930	0.375044	continued:5	234423788543221666869589841058293256947146341237195864601416477436698628991306797316927419517835903704062369926128505986131086308323707723104885844013406139912331275047936097075338153134536045526602735736187042702500876777949896057387139866447897836135824987201314303393414052441331120493663372214784751984612804307726427834224044196053155721294739338989976961997130604033561470037953461789605691329414855138818218678563218948498653041753573961857564835739617376401872230998128083344303799255347425513476610340847390080141947059473444816358966000874332055039940658215720635816392733353739240282901202784242707254067839658762087654622528876743524998665194185488324753013959170811231184200356038575167906207721211308495133175186485165850822628144955673827954027442272451840233038094246953632969009083675261344804209974445041519802018849126477545575903793219869240653751740738569040706133661086495100941873871845832255736638144745046412002703245361816153781062026295876727050713175191825045591467007314080218181232244990623554483335709988677035359887506848023761625037766501761139065733322732660526663765147916883306921376203284765467036367973649562067063195617985535561751962865678857188294397602620897796848060004725409697800698430752039852911872751306959593382830999407998035622794436362781595134791929674910397076458328744870545528511630631398549905095124795105184441600158078938753262995101897265501184021258088252747938131104392192343142906916596461068146512141328996054480042753788526001453939826998218264710537104798522043245147756077888509436150495484621626856788930653198006756449692130019441195273600174320608281832195280604217647770763946388985363949685048015271933592049689447511527142639472314345179987655692203165651366314307898910619861134114589047107910963398404747846761375762409656509332983384108421740031973325288060740142561649325390500500757046955809244304323963234010828041190922095396197733832619146261658915079688233827280889981710895778696864437938682730979818191544420744052527175360258649453851677332364235616550113484518464837191958642337049976545492950782850672203603722999419599081165529392075851483210271044662760020041240457401821157812570821817998361716549592871171297925041562929182763395863556188124521127451019044793229332916466382226081707484484694270641696657281413251490608358954228571333185525755175237367287807621455428630988775155519296973502513479402671268501721035117636142455755818575723544764984371582517313290598152949708365262252610149552980636396272657089761776301908383813010063226582401253591171527060522336841202579102051993164863456537968279565707838577566937741963259043597830400326701638978264128554772924101596933548684568202358925451731970916536600297518811225855582089453255209877287356133308140539255040792238798476067061477491953008249101779423412576633121264929875540601336496760510134595568369166198726673027578418357925233319962800942191468124248779161602079043916295240465703565492457881339727711996007750252141	234423788616938595006369340318940627283787407035743029020718229816691077775876727658679168856747854175781285980099183879049247561290743909668244971731375945916784467330686087293445246874203093433444747551577306298145852857217444939802440318226581337218873868140719142261730126558737300668441185053257745589734242996575712099537321877412302966706894444525607040275387724436583253960164402308144996061571996210193164019217862898818688373474925165827352649845917760656953452708260835252112359044264184042752622575504813216078905603503137633058319273836829470580967437810371139202881686863431712751970195032945695812377890475347830954402015421319509010493451424624936145405131894206889711027096387620261061558702905158640348846698118088676759229710166343304358219377852109629176996349114046055214212386510113762736534963063445580102839263294568774472943356940532991735600628625199871622595669277955449234780133500581159918295726247522480183441455512727514363365583066099611840213070558297087509724048100030365966771698774490062484145656941002656870938974210839365417404628872066630011479779803628530872804137744427238767705263981784110574303537109078930592025622082528281751977119730693316007819521659821767131660868128313643545779399259686841744098548859849632034911867516361005411767812530170215125446408000391627600375466252228992727116778444666277456751754242357241262487144895350570441731442364403987185557331904049683963399450116871979694630443737271983843842096834248244650112031517727967519234441787855399976785507902272198496123450626451167593285682540734163681476427125332676289823042795434354443304451045660223826836206819977126240818228751986685504294087834707856836796127193317796449101258634688460684604353671216014778210792171662888457653409353652773152999487259865831704166329485757968382771026364417083725701753504530407464171597230770350235524181557101295805347755124946556739100659901667598663519053999538409129233285023275800160621897753976198819982240254815894972879188799060003491978424199892976871227764551102037165042625551915686610391326810892209247654611755946150379115886616680587428683220298268668823065508066662320797598502199191182910054252053029431442065586347286722509648994662533046222515809817885063932987323022016128447960613019003997493506413951051822287147437277271756440953436837971959198838147358997609112215762789520952253113241440624319350703555464974350395210435027986842726311594136587494912798392145730887478399185988713715609108559595464519890518507753295669789405627327701314935628810035808531561634850384081471266707401096654358912573691205902302194537300986254834553054641534037894115300659767494289598424669971080083183448572058024215749491412215510451566434243330716249462253031095397488134685994966911129026959013474999622069235786181979150230629931100635615392172260661102074190240369838476604677296959597819694190372054509248949403786693219798674100627079463019234272671132866964625395522735356290265327672290361900718421742	-3,5,5,5,-5,-5,-5,-5,-5,-5,-5,-5	-6,-6,5,5,5,5,5,5,-5,-5,-5,-5	ok
1.319319	-12.672673	-55.041351	0.377837	continued:5	234423788543221666869589841058293256947146341237195864601416477436698628991306797316927419517835903704062369926128505986131086308323707723104885844013406139912331275047936097075338153131234016116711701491432265625940816441588332097703628627751311952085943954455548645382492798608667916644772012901191847944804467694528824409829485788038982840360738023483404363341952458955110067928170243787308388305605436414789096840112693010893262889540310426019550538079684469572217546824504887123648821245465060581782701461746475844158890108995084951999189569351873765631831087132286614147199138796246027104134022716653324636643193124936044343872737424495970972672939929822891773419584617566233184657473218750237280566993017472268989828037973409731080687504083774639864609359756000995789976753455189409038740525369348403395565538340479377215719129849985385476156636829510068047202297197650227818235188222330807524039994490141439699758945737487103390694888651777725566147510958640636083373113873861176091768665508826075794418649695742852058233961429885796718236866414043103237328998929751656283606598766604942849801714439240270620286459773307095511430623433206642350295627727066314318499335076625027698957349606749440688967848601104161925559771098508861122775824042729459273915054769714552374681031466911539350672832355141356102319091158986028959177658623839833832786130570958421415564930935649675423259101583896456477970658267510776810128234576593523458557551696545582014426690034705530323957605173891538570874846997159208484147625998406713878552180051280095244250550048116030879505263218545155763212384543229151659277481428337386861204748956277007925473611469989906242650132981872275600952505135937187495337660706312287400652780414809010384405250861236379670926922353469959964302738129188335895989981030701621536544295035394589574194895343156538085908055484087035401255172926379669620481936400421290174671506552018270300402944136182004405558356711478821743117021584867361251544733032525961532710215264412647041567933112208973647649905359242261137927215642336896058884888036848489136197711535060590997006437697876883183026892169254014310425410158082444725055623302506193292025678129679987371582026631456515533468212948275636557109622219131441161147539518640109014944740440749732557899384326276715533476926717959948137952780331475557089798292838155933418417486536854930498244064405746036330910538174175309043808517960066119858167475547513314225349446130659989230407160809962529835229252499644780899178618127503328320723829496526064510254966048299888832439111802421147303559627830757167186005728460773109974757969690590168317245036473783815514403059564250641558038114410440078715488196602798749104882243091720764993289914568435435911965720091887465401405395452318708790483923023352885829765340088763189061192444408588165862657014623305683037224198230799007789283835354580494870767726773727639430271292230377794158480514428735444752210756051938309257475078957356708728977423329776283852599	234423788616938595006369340318940627283787407035743029020718229816691077775876727658679168856747854175781285980099183879049247561290743909668244971731375945916784467330686087293445246874203093433444747551577306298145852857217444939802440318226581337218873868140719142261730126558737300668441185053257745589734242996575712099537321877412302966706894444525607040275387724436583253960164402308144996061571996210193164019217862898818688373474925165827352649845917760656953452708260835252112359044264184042752622575504813216078905603503137633058319273836829470580967437810371139202881686863431712751970195032945695812377890475347830954402015421319509010493451424624936145405131894206889711027096387620261061558702905158640348846698118088676759229710166343304358219377852109629176996349114046055214212386510113762736534963063445580102839263294568774472943356940532991735600628625199871622595669277955449234780133500581159918295726247522480183441455512727514363365583066099611840213070558297087509724048100030365966771698774490062484145656941002656870938974210839365417404628872066630011479779803628530872804137744427238767705263981784110574303537109078930592025622082528281751977119730693316007819521659821767131660868128313643545779399259686841744098548859849632034911867516361005411767812530170215125446408000391627600375466252228992727116778444666277456751754242357241262487144895350570441731442364403987185557331904049683963399450116871979694630443737271983843842096834248244650112031517727967519234441787855399976785507902272198496123450626451167593285682540734163681476427125332676289823042795434354443304451045660223826836206819977126240818228751986685504294087834707856836796127193317796449101258634688460684604353671216014778210792171662888457653409353652773152999487259865831704166329485757968382771026364417083725701753504530407464171597230770350235524181557101295805347755124946556739100659901667598663519053999538409129233285023275800160621897753976198819982240254815894972879188799060003491978424199892976871227764551102037165042625551915686610391326810892209247654611755946150379115886616680587428683220298268668823065508066662320797598502199191182910054252053029431442065586347286722509648994662533046222515809817885063932987323022016128447960613019003997493506413951051822287147437277271756440953436837971959198838147358997609112215762789520952253113241440624319350703555464974350395210435027986842726311594136587494912798392145730887478399185988713715609108559595464519890518507753295669789405627327701314935628810035808531561634850384081471266707401096654358912573691205902302194537300986254834553054641534037894115300659767494289598424669971080083183448572058024215749491412215510451566434243330716249462253031095397488134685994966911129026959013474999622069235786181979150230629931100635615392172260661102074190240369838476604677296959597819694190372054509248949403786693219798674100627079463019234272671132866964625395522735356290265327672290361900718421742	3,-5,-5,-5,-5,-5,-5,-5,-5,-5,-5,-5	-6,-6,5,5,5,5,5,5,-5,-5,-5,-5	ok
1.323323	-12.672673	-55.562019	0.380631	continued:5	234423788543221666869589841058293256947146341237195864601416477436698628991306797316927419517835903704062369926128505986131086308323707723104885844013406139912331275047936097075338153131234016116711701491432265625940816441588332097703628627751311952085943954455548645382492798608667916644772012901191847944804467694528824409829485788038982840360738023483404363341952458955110067928170243787308388305605436414789096840112693010893262889540310426019550538079684469572217546824504887123648821245465060581782701461746475844158890108995084951999189569351873765631831087132286614147199138796246027104134022716653324636643193124936044343872737424495970972672939929822891773419584617566233184657473218750237280566993017472268989828037973409731080687504083774639864609359756000995789976753455189409038740525369348403395565538340479377215719129849985385476156636829510068047202297197650227818235188222330807524039994490141439699758945737487103390694888651777725566147510958640636083373113873861176091768665508826075794418649695742852058233961429885796718236866414043103237328998929751656283606598766604942849801714439240270620286459773307095511430623433206642350295627727066314318499335076625027698957349606749440688967848601104161925559771098508861122775824042729459273915054769714552374681031466911539350672832355141356102319091158986028959177658623839833832786130570958421415564930935649675423259101583896456477970658267510776810128234576593523458557551696545582014426690034705530323957605173869885682451210686975748052073634632207113533129805814404387736145101894446041701083705430166176006922977401137793825382987121692279400264662772439758368905621243767274625051109792013695444470374140645578089566060868157378333162149494712797005837000265018086336704773155687205402669676076211551052938092521532416870799717027400339686396291434965760664784812307651321626388192869203537117891383342782719504724408288126878658185156067319327744388975132635988057174168290210637567650991623790723466793653036695869548532562427831620200045155165321680057992548683530818376394705029794471125059903277596897055930461374079624464364432323078271082746788735480311091837605887114291912453597651490895768867061932708729773836636469643626136692848138459142408606428763379566762458375098845020931620460909763777594891224295421618082539494353345436858865230285532984074134190814970405429100171554216995421310649653061504188724305085654589242193830447001559662856129031075435506856480109656307745182082877244758068062842539408229654115927398724066448907490606418324905184784349464811848536184444443923943570256208598786977711256223513682282027687796203194802725420015939110188234995598726054426171888403201451237804655979803900530434119620777958479036921084468635379108710116878753731499275813497753332714195216252503833905129732525053699442217992465251599667729542143988691690089625752064396342863239708300603755685239081658426036902018517418284155126331331536324701927588934127635996676574360207285711	234423788543221666869680391967016730371103576339538633978332435279643087295930613206250668108739082363614034075767731599098031299354089020615233163567888683252969568896712971433356660667740564570438007169288302703707904731045812073705366785005780669476188704365505403013863551613339733205769121962437789455406394519527628997583269089814416164992294869230167792093900919341603660236871043719747737218848408813807301058113457869829854339825652089678861920359654846556690769684248851420433055738776245117023289298525795934850176502186482004644476290604752921158324769024396753375594344594545979750288754995088093779899589607621756920719610509256343500377928484961276167817359330917036945287058482094925162126642910383832800512912491855473618418923339748884327580245120589085474847436290245482320495177242497568792685489037051397461649140882939941637276850897278712584643939196602036473554735384256318249575705409090825222671708312509055401034752088121823328020224585539790271389091854887642734407696055720163642180333548703948653494104244604459836203704578314949376409792803684400192817744484536155087639627360239102934505410195030564845994291484105672125221552690584890221441697777326344067344446724632333113027409365051806907925927964543138028711623724204242517931549173757420738036052469469364446845825772643974477837045920558346563432532908382629067224617009527034016345398277587239477039552437544124439983266448975427771064530414569347067247182699446662421389734535341576656119838097323286536869722831930277394869566430285303721533170052901833917134717639537309996962186898718535856637728072745228380101542366116500343958264634737504576172301874211554333717258981443230607413102607806072301126035097469071373975179541639556386594950028109677453132133755064254382647622009986615136449878204617231417800150997409200981321907645630766668359142529171930624722648446629664103032923489350984731921998469233888276360727733446761047518671059728722335392777604887323454416043733592202676523965137088137306002171799281933854861610168867416795690066401121953163600786252854437630303859851018117265474053533956198943686325315861809853663147842770730887598994163178024055699987154059589638909252702941214443830297867733405896198921904293649161304576721168513221777396632570043221182923014952653460289620371520060489506819720493233093567711107467004190699529428767296827137941331339697080003166782689878531441822805360657717335323453932250361974016695048336836172813521064017680841033890417769004469795869061873762255627746957272730736394743851006407733997243571154968853123410575427319956186652628504742341375874295550003216559823749738831822117933761333458960492898687621900364881092044009499134370318243131500281914216864610519867382441249531548389450570699066301459434188376604557397762476111407591573555161651567228801302572128725804487236511829618904999689953058335772395846407217318302897714386869929881635469729712451775187774943251332888579720923061116006841692404649369853925	-3,-5,-5,-5,-5,-5,-5,-5,-5,-5,-5,-5	-6,-6,5,5,5,5,5,-5,-5,-5,-5,-5	ok
1.327327	-12.672673	-55.869005	0.383424	continued:5	234423788543221666869589841058293256947146341237195864601416477436698628991306797316927419517835903704062369926128505986131086308323707723104885844013406139912331275047936097075338153131234016116711701491432265625940816441588332097703628627751311952085943954455548645382492798608667916644772012901191847944804467694528824409829485788038982840360738023483404363341952458955110067928170243787308388305605436414789096840112693010893262889540310426019550538079684469572217546824504887123648821245465060581782701461746475844158890108995084951999189569351873765631831087132286614147199138796246027104134022716653324636643193124936044343872737424495970972672939929822891773419584617566233184657473218750237280566993017472268989828037973409731080687504083774639864609359756000995789976753455189409038740525369348403395565538340479377215719129849985385476156636829510068047202297197650227818235188222330807524039994490141439699758945737487103390694888651777725566147510958640636083373113873861176091768665508826075794418649695742852058233961429885796718236866414043103237328998929751656283606598766604942849801714439240270620286459773307095511430623433206642350295627727066314318499335076625027698957349606749440688967848601104161925559771098508861122775824042729459273915054769714552374681031466911539350672832355141356102319091158986028959177658623839833832786130570958421415564930935649675423259101583896456477970658267510776810128234576593523458557551696545582014426690034705530323957605173848232794027574376792287619999643266007513187707431577528680228039653740776052522662147641787196250633570259046435991488492815047171939324576588602508812337631017544643007452086602155115287988243145353968683794461030002469265671518574616583627268749668799793002482623957904450841036614023234766209886204012363212205055139019406089798597687526774983243661569131215607851521212812027404615300830285144148834777310024235487015967367998456651083219593553793154371231314995553913883757250215055485400877090808979092055497191743454266752440404971401098978057881724724740693904522022740453113922095020133203114854485050282365745701972476902527855068167312878177458619588471722390532881517173301804166152097233960944014205059991011615716276074057786843656065318008119024509972009756940309305341537493250839656305521872883288027126208375215316627932167732910034729850895093085880359956278702687954511710761131947699333640092211243058626220185346489805100362811931490881783305799409350085655134913254844735236947066951313130987508025300922068387560015164536760977930456896508476393512741058130680701134783956424463980664542756437196246810339118622574091047780467627578818431876787012030136855580203604153370727068867887036067578324673120481046108122077049805356812024781438798672514628603642620835663050343741818606617815056461941536227421361624820162111260853488969594096343896923633921917999705688961777240078247785522693593289608299391816099496610724763391928776220511546543015929818944130718824	234423788543221666869680391967016730371103576339538633978332435279643087295930613206250668108739082363614034075767731599098031299354089020615233163567888683252969568896712971433356660667740564570438007169288302703707904731045812073705366785005780669476188704365505403013863551613339733205769121962437789455406394519527628997583269089814416164992294869230167792093900919341603660236871043719747737218848408813807301058113457869829854339825652089678861920359654846556690769684248851420433055738776245117023289298525795934850176502186482004644476290604752921158324769024396753375594344594545979750288754995088093779899589607621756920719610509256343500377928484961276167817359330917036945287058482094925162126642910383832800512912491855473618418923339748884327580245120589085474847436290245482320495177242497568792685489037051397461649140882939941637276850897278712584643939196602036473554735384256318249575705409090825222671708312509055401034752088121823328020224585539790271389091854887642734407696055720163642180333548703948653494104244604459836203704578314949376409792803684400192817744484536155087639627360239102934505410195030564845994291484105672125221552690584890221441697777326344067344446724632333113027409365051806907925927964543138028711623724204242517931549173757420738036052469469364446845825772643974477837045920558346563432532908382629067224617009527034016345398277587239477039552437544124439983266448975427771064530414569347067247182699446662421389734535341576656119838097323286536869722831930277394869566430285303721533170052901833917134717639537309996962186898718535856637728072745228380101542366116500343958264634737504576172301874211554333717258981443230607413102607806072301126035097469071373975179541639556386594950028109677453132133755064254382647622009986615136449878204617231417800150997409200981321907645630766668359142529171930624722648446629664103032923489350984731921998469233888276360727733446761047518671059728722335392777604887323454416043733592202676523965137088137306002171799281933854861610168867416795690066401121953163600786252854437630303859851018117265474053533956198943686325315861809853663147842770730887598994163178024055699987154059589638909252702941214443830297867733405896198921904293649161304576721168513221777396632570043221182923014952653460289620371520060489506819720493233093567711107467004190699529428767296827137941331339697080003166782689878531441822805360657717335323453932250361974016695048336836172813521064017680841033890417769004469795869061873762255627746957272730736394743851006407733997243571154968853123410575427319956186652628504742341375874295550003216559823749738831822117933761333458960492898687621900364881092044009499134370318243131500281914216864610519867382441249531548389450570699066301459434188376604557397762476111407591573555161651567228801302572128725804487236511829618904999689953058335772395846407217318302897714386869929881635469729712451775187774943251332888579720923061116006841692404649369853925	2,-5,-5,-5,-5,-5,-5,-5,-5,-5,-5,-5	-6,-6,5,5,5,5,5,-5,-5,-5,-5,-5	ok
1.331331	-12.672673	-56.042698	0.381840	continued:5	234423788543221666869589841058293256947146341237195864601416477436698628991306797316927419517835903704062369926128505986131086308323707723104885844013406139912331275047936097075338153131234016116711701491432265625940816441588332097703628627751311952085943954455548645382492798608667916644772012901191847944804467694528824409829485788038982840360738023483404363341952458955110067928170243787308388305605436414789096840112693010893262889540310426019550538079684469572217546824504887123648821245465060581782701461746475844158890108995084951999189569351873765631831087132286614147199138796246027104134022716653324636643193124936044343872737424495970972672939929822891773419584617566233184657473218750237280566993017472268989828037973409731080687504083774639864609359756000995789976753455189409038740525369348403395565538340479377215719129849985385476156636829510068047202297197650227818235188222330807524039994490141439699758945737487103390694888651777725566147510958640636083373113873861176091768665508826075794418649695742852058233961429885796718236866414043103237328998929751656283606598766604942849801714439240270620286459773307095511430623433206642350295627727066314318499335076625027698957349606749440688967848601104161925559771098508861122775824042729459273915054769714552374681031466911539350672832355141356102319091158986028959177658623839833832786130570958421415564930935649675423259101583896456477970658267510776810128234576593523458557551696545582014426690034705530323957605173848232794027574376792287619999643266007513187707431577528680228039653740776052522662147641787196250633570259046435991488492815047171939324576588602508812337631017544643007452086602155115287988243145353968683794461030002469265671518574616583627268749668799793002482623957904450841036614023234766209886204012363212205055139019406089798597687526774983243661569131215607851521212812027404615300830285144148834777310024235487015967367998456651083219593553793154371231314995553913883757250215055485400877090808979092055497191743454266752440404971401098978057881724724740693904522022740453113922095020133203114854485050282365745701972476902527855068167312878177458619588471722390532881517173301804166152097233960944014205059991011615716276074057786843656065318008119024509972009756940309305341537493250839656305521872883288027126208375215316627932167732910034729850895093085880359956278702687954511710761131947699333640092211243058626220185346489805100362811931490881783305799409350085655134913254844735236947066951313130987508025300922068387560015164536760977930456896508476393512741058130680701134783956424463980664542756437196246810339118622574091047780467627578818431876787012030136855580203604153370727068867887036067578324673120481046108122077049805356812024781438798672514628603642620835663050343741818606617815056461941536227421361624820162111260853488969594096343896923633921917999705688961777240078247785522693593289608299391816099496610724763391928776220511546543015929818944130718824	234423788543221666869680391967016730371103576339538633978332435279643087295930613206250668108739082363614034075767731599098031299354089020615233163567888683252969568896712971433356660667740564570438007169288302703707904731045812073705366785005780669476188704365505403013863551613339733205769121962437789455406394519527628997583269089814416164992294869230167792093900919341603660236871043719747737218848408813807301058113457869829854339825652089678861920359654846556690769684248851420433055738776245117023289298525795934850176502186482004644476290604752921158324769024396753375594344594545979750288754995088093779899589607621756920719610509256343500377928484961276167817359330917036945287058482094925162126642910383832800512912491855473618418923339748884327580245120589085474847436290245482320495177242497568792685489037051397461649140882939941637276850897278712584643939196602036473554735384256318249575705409090825222671708312509055401034752088121823328020224585539790271389091854887642734407696055720163642180333548703948653494104244604459836203704578314949376409792803684400192817744484536155087639627360239102934505410195030564845994291484105672125221552690584890221441697777326344067344446724632333113027409365051806907925927964543138028711623724204242517931549173757420738036052469469364446845825772643974477837045920558346563432532908382629067224617009527034016345398277587239477039552437544124439983266448975427771064530414569347067247182699446662421389734535341576656119838097323286536869722831930277394869566430285303721533170052901833917134717639537309996962186898718535856637728072745228380101542366116500343958264634737504576172301874211554333717258981443230607413102607806072301126035097469071373975179541639556386594950028109677453132133755064254382647622009986615136449878204617231417800150997409200981321907645630766668359142529171930624722648446629664103032923489350984731921998469233888276360727733446761047518671059728722335392777604887323454416043733592202676523965137088137306002171799281933854861610168867416795690066401121953163600786252854437630303859851018117265474053533956198943686325315861809853663147842770730887598994163178024055699987154059589638909252702941214443830297867733405896198921904293649161304576721168513221777396632570043221182923014952653460289620371520060489506819720493233093567711107467004190699529428767296827137941331339697080003166782689878531441822805360657717335323453932250361974016695048336836172813521064017680841033890417769004469795869061873762255627746957272730736394743851006407733997243571154968853123410575427319956186652628504742341375874295550003216559823749738831822117933761333458960492898687621900364881092044009499134370318243131500281914216864610519867382441249531548389450570699066301459434188376604557397762476111407591573555161651567228801302572128725804487236511829618904999689953058335772395846407217318302897714386869929881635469729712451775187774943251332888579720923061116006841692404649369853925	2,-5,-5,-5,-5,-5,-5,-5,-5,-5,-5,-5	-6,-6,5,5,5,5,5,-5,-5,-5,-5,-5	ok
1.335335	-12.672673	-56.191371	0.381467	full	234423788543221666869589841058293256947146341237195864601416477436698628991306797316927419517835903704062369926128505986131086308323707723104885844013406139912331275047936097075338153131234016116711701491432265625940816441588332097703628627751311952085943954455548645382492798608667916644772012901191847944804467694528824409829485788038982840360738023483404363341952458955110067928170243787308388305605436414789096840112693010893262889540310426019550538079684469572217546824504887123648821245465060581782701461746475844158890108995084951999189569351873765631831087132286614147199138796246027104134022716653324636643193124936044343872737424495970972672939929822891773419584617566233184657473218750237280566993017472268989828037973409731080687504083774639864609359756000995789976753455189409038740525369348403395565538340479377215719129849985385476156636829510068047202297197650227818235188222330807524039994490141439699758945737487103390694888651777725566147510958640636083373113873861176091768665508826075794418649695742852058233961429885796718236866414043103237328998929751656283606598766604942849801714439240270620286459773307095511430623433206642350295627727066314318499335076625027698957349606749440688967848601104161925559771098508861122775824042729459273915054769714552374681031466911539350672832355141356102319091158986028959177658623839833832786130570958421415564930935649675423259101583896456477970658267510776810128234576593523458557551696545582014426690034705530323957605173848232794027574376792287619999643266007513187707431577528680228039653740776052522662147641787196250633570259046435991488492815047171939324576588602508812337631017544643007452086602155115287988243145353968683794461030002469265671518574616583627268749668799793002482623957904450841036614023234766209886204012363212205055139019406089798597687526774983243661569131215607851521212812027404615300830285144148834777310024235487015967367998456651083219593553793154371231314995553913883757250215055485400877090808979092055497191743454266752440404971401098978057881724724740693904522022740453113922095020133203114854485050282365745701972476902527855068167312878177458619588471722390532881517173301804166152097233960944014205059991011615716276074057786843656065318008119024509972009756940309305341537493250839656305521872883288027126208375215316627932167732910034729850895093085880359956278702687954511710761131947699333640092211243058626220185346489805100362811931490881783305799409350085655134913254844735236947066951313130987508025300922068387560015164536760977930456896508476393512741058130680701134783956424463980664542756437196246810339118622574091047780467627578818431876787012030136855580203604153370727068867887036067578324673120481046108122077049805356812024781438798672514628603642620835663050343741818606617815056461941536227421361624820162111260853488969594096343896923633921917999705688961777240078247785522693593289608299391816099496610724763391928776220511546543015929818944130718824	234423788543221666869680391967016730371103576339538633978332435279643087295930613206250668108739082363614034075767731599098031299354089020615233163567888683252969568896712971433356660667740564570438007169288302703707904731045812073705366785005780669476188704365505403013863551613339733205769121962437789455406394519527628997583269089814416164992294869230167792093900919341603660236871043719747737218848408813807301058113457869829854339825652089678861920359654846556690769684248851420433055738776245117023289298525795934850176502186482004644476290604752921158324769024396753375594344594545979750288754995088093779899589607621756920719610509256343500377928484961276167817359330917036945287058482094925162126642910383832800512912491855473618418923339748884327580245120589085474847436290245482320495177242497568792685489037051397461649140882939941637276850897278712584643939196602036473554735384256318249575705409090825222671708312509055401034752088121823328020224585539790271389091854887642734407696055720163642180333548703948653494104244604459836203704578314949376409792803684400192817744484536155087639627360239102934505410195030564845994291484105672125221552690584890221441697777326344067344446724632333113027409365051806907925927964543138028711623724204242517931549173757420738036052469469364446845825772643974477837045920558346563432532908382629067224617009527034016345398277587239477039552437544124439983266448975427771064530414569347067247182699446662421389734535341576656119838097323286536869722831930277394869566430285303721533170052901833917134717639537309996962186898718535856637728072745228380101542366116500343958264634737504576172301874211554333717258981443230607413102607806072301126035097469071373975179541639556386594950028109677453132133755064254382647622009986615136449878204617231417800150997409200981321907645630766668359142529171930624722648446629664103032923489350984731921998469233888276360727733446761047518671059728722335392777604887323454416043733592202676523965137088137306002171799281933854861610168867416795690066401121953163600786252854437630303859851018117265474053533956198943686325315861809853663147842770730887598994163178024055699987154059589638909252702941214443830297867733405896198921904293649161304576721168513221777396632570043221182923014952653460289620371520060489506819720493233093567711107467004190699529428767296827137941331339697080003166782689878531441822805360657717335323453932250361974016695048336836172813521064017680841033890417769004469795869061873762255627746957272730736394743851006407733997243571154968853123410575427319956186652628504742341375874295550003216559823749738831822117933761333458960492898687621900364881092044009499134370318243131500281914216864610519867382441249531548389450570699066301459434188376604557397762476111407591573555161651567228801302572128725804487236511829618904999689953058335772395846407217318302897714386869929881635469729712451775187774943251332888579720923061116006841692404649369853925	2,-5,-5,-5,-5,-5,-5,-5,-5,-5,-5,-5	-6,-6,5,5,5,5,5,-5,-5,-5,-5,-5	ok
1.339339	-12.672673	-18.676985	0.366403	continued:5	234517870512420341647563216943935801324134961301175831685843374113521225040107799003299575488314665706124604096765860786343890623451293016523599830353814494620216167897915162090409860946482843050230661513666440869421274129959343406876535620502072600975693720329965600169347108176077409456612774421816617182914918262132444600356942905443867696687678187725027611061943732544665817139653065112498035437521088187036807159409019167031438582674555618090561839618682423329799107334568815491319182255222251487628679308544002890732131393426996748239238828477485317845799159375898754759728644787909070650913033825305023893537749237206975258073824553496525882507202837717353000347823678192213577474087236607325114042196674512731878675364331615000591557012238703134027458937361990323528705056361808221916335455823811468970316061358217455689431170490968825262859344509524465727700736823368850405930332137328793632762384540734761477324758362919623373794588491349477666696778470890991970271733064348946269603971922132387071074951532184717282028346738394904752333313056879284050425362981555747770732988929244397280352838169943715577929412279875633778960829952567745626323891530931557930934661632277559506554961597924225092287525866641365439072318795320568088490661280596491032108008233438560655140286493718912865348163917420431878185863550855484345450331644770519333579171196644856821226774911760498386899753780810721183791953570030865478127424138053877674951028031952577380887444540954577606187963755682824253136327440709106959210041943188900559411522082288528259124208568029532061606928187248360351940594696794365926776021460632039042087085723488775597312052839520164595891906015469075967622882413430628231277332546290860169780487648854050541525923261506133744109092485312085738623753390635147472359427775569032086211336036625536619456808956975848797034259227109866292398831008497876074707665409771264167529875927166316705336198630812165495729417879619164918987866879293997810168279619234596564709676047304834985103099221635024319467105143123023537960991874620773199787430006649343941549732954972990897804318393475363554757005316774309209890485810782052270993111013988490254169054549043842047806824918185383703204774109745473264081459572910475997962058228038710253233506085572174859350393056548626333419169528734984613421264930452293454447928634845307179094386254605591236331171407191280698099271292586129016753881688647227042614006512252545162327794867131875415031428445394638957611750880117198353545899625145341449415344892456954930104555347547455880291096689962774195295984682307266465493543447644463559504511627766526779195382162120251374477631551886658084267632593147176825733301155143376608438846017872567713332587297572213494433269859816250495822171959310303222410193171903839634129640094293572787051136768376058940746422798973725539984465137993865392192490715685845819738157925563981546843241335832082558191080486349733507723920270469736568521308243156321455220923193005945718107	234423788543221666869680391967016730371103576339538633978332435279643087295930613206250668108739082363614034075767731599098031299354089020615233163567888683252969568896712971433356660667740564570438007169288302703707904731045812073705366785005780669476188704365505403013863551613339733205769121962437789455406394519527628997583269089814416164992294869230167792093900919341603660236871043719747737218848408813807301058113457869829854339825652089678861920359654846556690769684248851420433055738776245117023289298525795934850176502186482004644476290604752921158324769024396753375594344594545979750288754995088093779899589607621756920719610509256343500377928484961276167817359330917036945287058482094925162126642910383832800512912491855473618418923339748884327580245120589085474847436290245482320495177242497568792685489037051397461649140882939941637276850897278712584643939196602036473554735384256318249575705409090825222671708312509055401034752088121823328020224585539790271389091854887642734407696055720163642180333548703948653494104244604459836203704578314949376409792803684400192817744484536155087639627360239102934505410195030564845994291484105672125221552690584890221441697777326344067344446724632333113027409365051806907925927964543138028711623724204242517931549173757420738036052469469364446845825772643974477837045920558346563432532908382629067224617009527034016345398277587239477039552437544124439983266448975427771064530414569347067247182699446662421389734535341576656119838097323286536869722831930277394869566430285303721533170052901833917134717639537309996962186898718535856637728072745228380101542366116500343958264634737504576172301874211554333717258981443230607413102607806072301126035097469071373975179541639556386594950028109677453132133755064254382647622009986615136449878204617231417800150997409200981321907645630766668359142529171930624722648446629664103032923489350984731921998469233888276360727733446761047518671059728722335392777604887323454416043733592202676523965137088137306002171799281933854861610168867416795690066401121953163600786252854437630303859851018117265474053533956198943686325315861809853663147842770730887598994163178024055699987154059589638909252702941214443830297867733405896198921904293649161304576721168513221777396632570043221182923014952653460289620371520060489506819720493233093567711107467004190699529428767296827137941331339697080003166782689878531441822805360657717335323453932250361974016695048336836172813521064017680841033890417769004469795869061873762255627746957272730736394743851006407733997243571154968853123410575427319956186652628504742341375874295550003216559823749738831822117933761333458960492898687621900364881092044009499134370318243131500281914216864610519867382441249531548389450570699066301459434188376604557397762476111407591573555161651567228801302572128725804487236511829618904999689953058335772395846407217318302897714386869929881635469729712451775187774943251332888579720923061116006841692404649369853925	-2,-6,-6,5,5,5,5,5,5,-5,-5,-5	-6,-6,5,5,5,5,5,-5,-5,-5,-5,-5	ok
1.343343	-12.672673	-45.537565	0.369196	continued:5	234423788616938595006369340318940627283787407035743029020718229816691077775876727658679168856747854175781285980099183879049247561290743909668244971731375945916784467330686087293445246874203093433444747551577306298145852857217444939802440318226581337218873868140719142261730126558737300668441185053257745589734242996575712099537321877412302966706894444525607040275387724439490221693298044541791102367481101112119965738844779206900600673974504834093050617777387886309258913763573234973795018384485818179041345415918094103887674714756302454088054691885237700975593898686074403783291375679775331888402677504403415714268912930212908895695478563129559333724793850915644945356606849857984314001385071639915206436079491023150632682396963575183298973088361140152991619848241348081284227726867439390053087468913664443552126699185248561336779295360738567705342349938589615432988132745572864315064311028576334442861434298272754137406089802357550445918202521986943054805302913284143917012905359143153301663620942743672314799837754942221299000643214430405726901201876550914646335992725419170786257550074532452903205175920733728597686831007637051437225684864769253321049185255730942991607036355382046526267303926644911645076647167914251391561793914621992731293578218781122207414209621666624511953013341913424500224684186561876926168819331220754486871405044090928963575972461841099291386896397978256750220892502095431430594496641860684124361692528308976383023991924104885282619896337772138274738444224394780512824378705975633972935744387414089846681963704003764468620797640261299599779255825005318042384522907271789196008296831428644154929926210227800270498639415596569867481040500556265292141634845360288419438577512322384900452401881799200772272886700940308132213658766712359885583043689639420054358676933976637259826975058649449431765721476034097549201575654907958818571679316345279557952245076679619964552194954912019381371082282956811996464149157454448169332334723088818957398919381412243519073908307119948485078378493824345859014058649702467069685894871060947582314546886492379850554059349777838842563553559801061609752994601099086979418901612664815254400154530026335454765005491858180238576432657228305851748477683617375696685116406829680390126283118907384111114639047534733875182057655078029829464347982954926212852756406168308582658567665201537967867966670054372429292847366921250568754509037886409402488300077579835648783514093885289199398424141163634131547111911137239032730416869031854511371687297910748638035661646208148679670313914204515849307059721606425617834064940811145577072273697891459538680095580939579138068308204752172130578419457799821392893207344680302096803931451218440451747777911913402715440557156375678777138041603875719017771415414468035027715284312221175688102153028013347651760600611923052920763007862813562871863586693327746780023541722491664862268170910892426418960919920917277893153339287242874548110513759411830905173454042451333428210694550708762888528	234423788543221666869680391967016730371103576339538633978332435279643087295930613206250668108739082363614034075767731599098031299354089020615233163567888683252969568896712971433356660667740564570438007169288302703707904731045812073705366785005780669476188704365505403013863551613339733205769121962437789455406394519527628997583269089814416164992294869230167792093900919341603660236871043719747737218848408813807301058113457869829854339825652089678861920359654846556690769684248851420433055738776245117023289298525795934850176502186482004644476290604752921158324769024396753375594344594545979750288754995088093779899589607621756920719610509256343500377928484961276167817359330917036945287058482094925162126642910383832800512912491855473618418923339748884327580245120589085474847436290245482320495177242497568792685489037051397461649140882939941637276850897278712584643939196602036473554735384256318249575705409090825222671708312509055401034752088121823328020224585539790271389091854887642734407696055720163642180333548703948653494104244604459836203704578314949376409792803684400192817744484536155087639627360239102934505410195030564845994291484105672125221552690584890221441697777326344067344446724632333113027409365051806907925927964543138028711623724204242517931549173757420738036052469469364446845825772643974477837045920558346563432532908382629067224617009527034016345398277587239477039552437544124439983266448975427771064530414569347067247182699446662421389734535341576656119838097323286536869722831930277394869566430285303721533170052901833917134717639537309996962186898718535856637728072745228380101542366116500343958264634737504576172301874211554333717258981443230607413102607806072301126035097469071373975179541639556386594950028109677453132133755064254382647622009986615136449878204617231417800150997409200981321907645630766668359142529171930624722648446629664103032923489350984731921998469233888276360727733446761047518671059728722335392777604887323454416043733592202676523965137088137306002171799281933854861610168867416795690066401121953163600786252854437630303859851018117265474053533956198943686325315861809853663147842770730887598994163178024055699987154059589638909252702941214443830297867733405896198921904293649161304576721168513221777396632570043221182923014952653460289620371520060489506819720493233093567711107467004190699529428767296827137941331339697080003166782689878531441822805360657717335323453932250361974016695048336836172813521064017680841033890417769004469795869061873762255627746957272730736394743851006407733997243571154968853123410575427319956186652628504742341375874295550003216559823749738831822117933761333458960492898687621900364881092044009499134370318243131500281914216864610519867382441249531548389450570699066301459434188376604557397762476111407591573555161651567228801302572128725804487236511829618904999689953058335772395846407217318302897714386869929881635469729712451775187774943251332888579720923061116006841692404649369853925	-2,-6,-6,5,5,5,5,5,-5,-5,-5,-5	-6,-6,5,5,5,5,5,-5,-5,-5,-5,-5	ok
1.347347	-12.672673	-49.936281	0.366403	continued:5	234423788616938595006369340318940627283787407035743029020718229816691077775876727658679168856747854175781285980099183879049247561290743909668244971731375945916784467330686087293445246874203093433444747551577306298145852857217444939802440318226581337218873868140719142261730126558737300668441185053257745589734242996575712099537321877412302966706894444525607040275387724439490221693298044541791102367481101112119965738844779206900600673974504834093050617777387886309258913763573234973795018384485818179041345415918094103887674714756302454088054691885237700975593898686074403783291375679775331888402677504403415714268912930212908895695478563129559333724793850915644945356606849857984314001385071639915206436079491023150632682396963575183298973088361140152991619848241348081284227726867439390053087468913664443552126699185248561336779295360738567705342349938589615432988132745572864315064311028576334442861434298272754137406089802357550445918202521986943054805302913284143917012905359143153301663620942743672314799837754942221299000643214430405726901201876550914646335992725419170786257550074532452903205175920733728597686831007637051437225684864769253321049185255730942991607036355382046526267303926644911645076647167914251391561793914621992731293578218781122207414209621666624511953013341913424500224684186561876926168819331220754486871405044090928963575972461841099291386896397978256750220892502095431430594496641860684124361692528308976383023991924104885282619896337772138274738444224438086289678460295814776823307409419201855918306471963916737337320236753998150906790215189020264493145427958762945662120178084275531954594653881710608308196430120526968365597269615274772115878256681112733287206617240461402636008198060131893528923495240190745357327591307441358364150088887219411092651678134709376734771251903518075588933274036880138060311303845022767135706369812590031525610553707485482173733670783610731040287099889730052064374479706668115150306437677034240152123116342102143303148299273702776488148143893682877846106449559698017863166731047852562252457240419376442684953998043552571167602494811289579055799000633498871459887848181238049509449708705240133537852426554655879583690929316102936086008730368670732562855580991890972631761410630368736193296795740386734659716140338852915058711778975042035543663080092120764869989506401779121134290144417141129576816080407549536397637823536037769092162225160978867960022327783253654597081594865123123619936489465210115955685561805205758234701198273107632587424255163959956564431091923159977618397283135400020327103321979416818168766666955969632800605752958176230772606728628836643332693684208682157926043727178956075590992091188809506065702775514864300066425849188953015806749376261451952689255198697534060536213610063732960087213003807295594174342995748709276086859268571390357687856213390813625547140695279308820574420073085217960743954082251653131945683847818283370078428967426113795100746505572376071456020465966123322989835	234423788543221666869680391967016730371103576339538633978332435279643087295930613206250668108739082363614034075767731599098031299354089020615233163567888683252969568896712971433356660667740564570438007169288302703707904731045812073705366785005780669476188704365505403013863551613339733205769121962437789455406394519527628997583269089814416164992294869230167792093900919341603660236871043719747737218848408813807301058113457869829854339825652089678861920359654846556690769684248851420433055738776245117023289298525795934850176502186482004644476290604752921158324769024396753375594344594545979750288754995088093779899589607621756920719610509256343500377928484961276167817359330917036945287058482094925162126642910383832800512912491855473618418923339748884327580245120589085474847436290245482320495177242497568792685489037051397461649140882939941637276850897278712584643939196602036473554735384256318249575705409090825222671708312509055401034752088121823328020224585539790271389091854887642734407696055720163642180333548703948653494104244604459836203704578314949376409792803684400192817744484536155087639627360239102934505410195030564845994291484105672125221552690584890221441697777326344067344446724632333113027409365051806907925927964543138028711623724204242517931549173757420738036052469469364446845825772643974477837045920558346563432532908382629067224617009527034016345398277587239477039552437544124439983266448975427771064530414569347067247182699446662421389734535341576656119838097323286536869722831930277394869566430285303721533170052901833917134717639537309996962186898718535856637728072745228380101542366116500343958264634737504576172301874211554333717258981443230607413102607806072301126035097469071373975179541639556386594950028109677453132133755064254382647622009986615136449878204617231417800150997409200981321907645630766668359142529171930624722648446629664103032923489350984731921998469233888276360727733446761047518671059728722335392777604887323454416043733592202676523965137088137306002171799281933854861610168867416795690066401121953163600786252854437630303859851018117265474053533956198943686325315861809853663147842770730887598994163178024055699987154059589638909252702941214443830297867733405896198921904293649161304576721168513221777396632570043221182923014952653460289620371520060489506819720493233093567711107467004190699529428767296827137941331339697080003166782689878531441822805360657717335323453932250361974016695048336836172813521064017680841033890417769004469795869061873762255627746957272730736394743851006407733997243571154968853123410575427319956186652628504742341375874295550003216559823749738831822117933761333458960492898687621900364881092044009499134370318243131500281914216864610519867382441249531548389450570699066301459434188376604557397762476111407591573555161651567228801302572128725804487236511829618904999689953058335772395846407217318302897714386869929881635469729712451775187774943251332888579720923061116006841692404649369853925	-3,-6,-6,5,5,5,5,5,-5,-5,-5,-5	-6,-6,5,5,5,5,5,-5,-5,-5,-5,-5	ok
1.351351	-12.672673	-52.575444	0.369196	continued:5	234423788543221666869680391967016730371103576339538633978332435279643087295930613206250668108739082363614034075767731599098031299354089020615233163567888683252969568896712971433356660667740564570438007169288302703707904731045812073705366785005780669476188704365505403013863551613339733205769121962437789455406394519527628997583269089814416164992294869230167792093900919341603660236871043719747737218848408813807301058113457869829854339825652089678861920359654846556690769684248851420433055738776245117023289298525795934850176502186482004644476290604752921158324769024396753375594344594545979750288754995088093779899589607621756920719610509256343500377928484961276167817359330917036945287058482094925162126642910383832800512912491855473618418923339748884327580245120589085474847436290245482320495177242497568792685489037051397461649140882939941637276850897278712584643939196602036473554735384256318249575705409090825222671708312509055401034752088121823328020224585539790271389091854887642734407696055720163642180333548703948653494104244604459836203704578314949376409792803684400192817744484536155087639627360239102934505410195030564845994291484105672125221552690584890221441697777326344067344446724632333113027409365051806907925927964543138028711623724204242517931549173757420738036052469469364446845825772643974477837045920558346563432532908382629067224617009527034016345398277587239477039552437544124439983266448975427771064530414569347067247182699446662421389734535341576656119838097193369206327904970829489710833138230840939547650569758005330487025011047755305586430084704479692003483031018976454247226573886506017232159779956862250554336529834286164862620687272875975226936889126714586840144707088987193984668267227982198483995404668889437130343264671870751196692439848067855499058715206223392304874075683429509518688783036300263004697022630385375245251744347479744825845892449538032139582990177879807811718156255734334416248008322111795147904762744036852254355141066302227149079473169393714324297432365620552846806301476945865647072385433621720977233933019318848310604854375333689286238861228364662072701832497770547227824489026208840920161214308168734222346699292107182500288806525185319171053582572127127347780238222797671561743659499388395891208531483339016426378683436172496907819946667900406098586446313277939411982864757523359268749742373950656325637279684116373691984018700790224725400938239724079433304738007864395946665900135424121941274153181110570587896000314046963849998276495832927908608434344218403445924000555810827270846270605266624177631918944045576446858343903947291706732536022645449206019465309415550985270407732113644768433954338622971677192187581722066603648001321857762790964041886872885357572591692977156771428315288002443935157213277198794157373234938415596560670510641928419104755313889859793365484424891003773033995173637381165804470980268644030022005609537257434561662167466147053201848093051325131650852576575523993710997737200779369150650	234423788543221666869680391967016730371103576339538633978332435279643087295930613206250668108739082363614034075767731599098031299354089020615233163567888683252969568896712971433356660667740564570438007169288302703707904731045812073705366785005780669476188704365505403013863551613339733205769121962437789455406394519527628997583269089814416164992294869230167792093900919341603660236871043719747737218848408813807301058113457869829854339825652089678861920359654846556690769684248851420433055738776245117023289298525795934850176502186482004644476290604752921158324769024396753375594344594545979750288754995088093779899589607621756920719610509256343500377928484961276167817359330917036945287058482094925162126642910383832800512912491855473618418923339748884327580245120589085474847436290245482320495177242497568792685489037051397461649140882939941637276850897278712584643939196602036473554735384256318249575705409090825222671708312509055401034752088121823328020224585539790271389091854887642734407696055720163642180333548703948653494104244604459836203704578314949376409792803684400192817744484536155087639627360239102934505410195030564845994291484105672125221552690584890221441697777326344067344446724632333113027409365051806907925927964543138028711623724204242517931549173757420738036052469469364446845825772643974477837045920558346563432532908382629067224617009527034016345398277587239477039552437544124439983266448975427771064530414569347067247182699446662421389734535341576656119838097323286536869722831930277394869566430285303721533170052901833917134717639537309996962186898718535856637728072745228380101542366116500343958264634737504576172301874211554333717258981443230607413102607806072301126035097469071373975179541639556386594950028109677453132133755064254382647622009986615136449878204617231417800150997409200981321907645630766668359142529171930624722648446629664103032923489350984731921998469233888276360727733446761047518671059728722335392777604887323454416043733592202676523965137088137306002171799281933854861610168867416795690066401121953163600786252854437630303859851018117265474053533956198943686325315861809853663147842770730887598994163178024055699987154059589638909252702941214443830297867733405896198921904293649161304576721168513221777396632570043221182923014952653460289620371520060489506819720493233093567711107467004190699529428767296827137941331339697080003166782689878531441822805360657717335323453932250361974016695048336836172813521064017680841033890417769004469795869061873762255627746957272730736394743851006407733997243571154968853123410575427319956186652628504742341375874295550003216559823749738831822117933761333458960492898687621900364881092044009499134370318243131500281914216864610519867382441249531548389450570699066301459434188376604557397762476111407591573555161651567228801302572128725804487236511829618904999689953058335772395846407217318302897714386869929881635469729712451775187774943251332888579720923061116006841692404649369853925	-3,-6,5,5,5,5,5,-5,-5,-5,-5,-5	-6,-6,5,5,5,5,5,-5,-5,-5,-5,-5	ok
1.355355	-12.672673	-54.194375	0.371990	continued:5	234423788543221666869589841058293256947146341237195864601416477436698628991306797316927419517835903704062369926128505986131086308323707723104885844013406139912331275047936097075338153131234016116711701491432265625940816441588332097703628627751311952085943954455548645382492798608667916644772012901191847944804467694528824409829485788038982840360738023483404363341952458955110067928170243787308388305605436414789096840112693010893262889540310426019550538079684469572217546824504887123648821245465060581782701461746475844158890108995084951999189569351873765631831087132286614147199138796246027104134022716653324636643193124936044343872737424495970972672939929822891773419584617566233184657473218750237280566993017472268989828037973409731080687508589749401077765870739561966105442604225268751794721442529781362979179346445712115866200959069110030994400423452041899825024920582918924502287731617305972111779145174683694409616668032884969897263781259491734229274450111934385104747017085778790934787828568239397072590628475652519149315477760956963444873175080969116510691399431273649623700153747588931330686005608436573571868770291523528988804669814374530772475665865206993877642619084751782128999188475575815984673508366850699103911845370186420103032743337472752084206918308586593890407312089680548551013668141313836706382210078190305480674941015179553605893678556492917429720825116948621139799537426181472086832540762384162020758951855801995636383789277659499530899631103924249690930111404485204178302873884506284856440238455739475923680356361642933495687177832675662625258965161065109419347527238428116636876785714089008296323863425957439462914387160639550200977246077589308638584126888794196253865133320380629194424512023805833995700921005182379095860794200786155444134568207200877312117603600476764831484002679118754481519288669152438205052502392658760816820854850336955463377983206181737133453815985998991774573534946777103288700089176917571092691810012782657522917867957340188180373665738730640066530653857525316362294930883327374485888709915882727257505472680681063947470573834945027693338063353999171942624303155119963618694010561647356398882261619459076253052263049145366573370554518761098037566260008412493432305607757031919751313164893884252435546935567697003368144993389427959904023991520117341666156955225103620031106966764328856794468706887647651539184506555456374750895919528976530487771591172624018036343697169411219825607696981177149617396870184847353755847239322731178800556351403046560490973506460090881746970160166786570210297970850258512239750926739235891843491506157557664285400962510304427690538174092911562647227304101951411767473920594832476684564547371324080919220965350188046856538410405386039800227438983071410036815957411397825833106516114713673592488020712170876108326223640082155448565755008289378943728405921070117501524395769129945407773411590804253662334406557762273383394790815767901009040950016313224219551735762193268248329274284405232837770	234423788543221666869680391967016730371103576339538633978332435279643087295930613206250668108739082363614034075767731599098031299354089020615233163567888683252969568896712971433356660667740564570438007169288302703707904731045812073705366785005780669476188704365505403013863551613339733205769121962437789455406394519527628997583269089814416164992294869230167792093900919341603660236871043719747737218848408813807301058113457869829854339825652089678861920359654846556690769684248851420433055738776245117023289298525795934850176502186482004644476290604752921158324769024396753375594344594545979750288754995088093779899589607621756920719610509256343500377928484961276167817359330917036945287058482094925162126642910383832800512912491855473618418923339748884327580245120589085474847436290245482320495177242497568792685489037051397461649140882939941637276850897278712584643939196602036473554735384256318249575705409090825222671708312509055401034752088121823328020224585539790271389091854887642734407696055720163642180333548703948653494104244604459836203704578314949376409792803684400192817744484536155087639627360239102934505410195030564845994291484105672125221552690584890221441697777326344067344446724632333113027409365051806907925927964543138028711623724204242517931549173757420738036052469469364446845825772643974477837045920558346563432532908382629067224617009527034016345398277587239477039552437544124439983266448975427771064530414569347067247182699446662421389734535341576656119838097323286536869722831930277394869566430285303721533170052901833917134717639537309996962186898718535856637728072745228380101542366116500343958264634737504576172301874211554333717258981443230607413102607806072301126035097469071373975179541639556386594950028109677453132133755064254382647622009986615136449878204617231417800150997409200981321907645630766668359142529171930624722648446629664103032923489350984731921998469233888276360727733446761047518671059728722335392777604887323454416043733592202676523965137088137306002171799281933854861610168867416795690066401121953163600786252854437630303859851018117265474053533956198943686325315861809853663147842770730887598994163178024055699987154059589638909252702941214443830297867733405896198921904293649161304576721168513221777396632570043221182923014952653460289620371520060489506819720493233093567711107467004190699529428767296827137941331339697080003166782689878531441822805360657717335323453932250361974016695048336836172813521064017680841033890417769004469795869061873762255627746957272730736394743851006407733997243571154968853123410575427319956186652628504742341375874295550003216559823749738831822117933761333458960492898687621900364881092044009499134370318243131500281914216864610519867382441249531548389450570699066301459434188376604557397762476111407591573555161651567228801302572128725804487236511829618904999689953058335772395846407217318302897714386869929881635469729712451775187774943251332888579720923061116006841692404649369853925	-3,5,-5,-5,-5,-5,-5,-5,-5,-5,-5,-5	-6,-6,5,5,5,5,5,-5,-5,-5,-5,-5	ok
1.359359	-12.672673	-55.092539	0.374783	continued:5	234423788543221666869589841058293256947146341237195864601416477436698628991306797316927419517835903704062369926128505986131086308323707723104885844013406139912331275047936097075338153131234016116711701491432265625940816441588332097703628627751311952085943954455548645382492798608667916644772012901191847944804467694528824409829485788038982840360738023483404363341952458955110067928170243787308388305605436414789096840112693010893262889540310426019550538079684469572217546824504887123648821245465060581782701461746475844158890108995084951999189569351873765631831087132286614147199138796246027104134022716653324636643193124936044343872737424495970972672939929822891773419584617566233184657473218750237280566993017472268989828037973409731080687504083774639864609359756000995789976753455189409038740525369348403395565538340479377215719129849985385476156636829510068047202297197650227818235188222330807524039994490141439699758945737487103390694888651777725566147510958640636083373113873861176091768665508826075794418649695742852058233961429885796718236866414043103237328998929751656283606598766604942849801714439240270620286459773307095511430623433206642350295627727066314318499335076625027698957349606749440688967848601104161925559771098508861122775824042729459273915054769714552374681031466911539350672832355141356102319091158986028959177658623839833832786130570958421415564930935649675423259101583896456477970658267510776810128234576593523458557551696545582014426690034705530323957605173891538570874846997159208484147625998406713878552180051280095244250550048116030879505263218545155763212384543229151659277481428337386861204748956277007925473611469989906242650132981872275600952505135937187495337660706312287400652780414809010384405250861236379670926922353469959964302738129188335895989981030701621536544295035394589574194895343156538085908055484087035401255172926379669620481936400421290174671506552018270300402944136182004405558356711478821743117021584867361251544733032525961532710215264412647041567933112208973647649905359242261137927215642336896058884888036848489136197711535060590997006437697876883183026892169254014310425410158082444725055623302506193292025678129679987371582026631456515533468212948275636557109622219131441161147539518640109014944740440749732557899384326276715533476926717959948137952780331475557089798292838155933418417486536854930498244064405746036330910538174175309043808517960066119858167475547513314225349446130659989230407160809962529835229252499644780899178618127503328320723829496526064510254966048299888832439111802421147303559627830757167186005728460773109974757969690590168317245036473783815514403059564250641558038114410440078715488196602798749104882243091720764993289914568435435911965720091887465401405395452318708790483923023352885829765340088763189061192444408588165862657014623305683037224198230799007789283835354580494870767726773727639430271292230377794158480514428735444752210756051938309257475078957356708728977423329776283852599	234423788543221666869680391967016730371103576339538633978332435279643087295930613206250668108739082363614034075767731599098031299354089020615233163567888683252969568896712971433356660667740564570438007169288302703707904731045812073705366785005780669476188704365505403013863551613339733205769121962437789455406394519527628997583269089814416164992294869230167792093900919341603660236871043719747737218848408813807301058113457869829854339825652089678861920359654846556690769684248851420433055738776245117023289298525795934850176502186482004644476290604752921158324769024396753375594344594545979750288754995088093779899589607621756920719610509256343500377928484961276167817359330917036945287058482094925162126642910383832800512912491855473618418923339748884327580245120589085474847436290245482320495177242497568792685489037051397461649140882939941637276850897278712584643939196602036473554735384256318249575705409090825222671708312509055401034752088121823328020224585539790271389091854887642734407696055720163642180333548703948653494104244604459836203704578314949376409792803684400192817744484536155087639627360239102934505410195030564845994291484105672125221552690584890221441697777326344067344446724632333113027409365051806907925927964543138028711623724204242517931549173757420738036052469469364446845825772643974477837045920558346563432532908382629067224617009527034016345398277587239477039552437544124439983266448975427771064530414569347067247182699446662421389734535341576656119838097323286536869722831930277394869566430285303721533170052901833917134717639537309996962186898718535856637728072745228380101542366116500343958264634737504576172301874211554333717258981443230607413102607806072301126035097469071373975179541639556386594950028109677453132133755064254382647622009986615136449878204617231417800150997409200981321907645630766668359142529171930624722648446629664103032923489350984731921998469233888276360727733446761047518671059728722335392777604887323454416043733592202676523965137088137306002171799281933854861610168867416795690066401121953163600786252854437630303859851018117265474053533956198943686325315861809853663147842770730887598994163178024055699987154059589638909252702941214443830297867733405896198921904293649161304576721168513221777396632570043221182923014952653460289620371520060489506819720493233093567711107467004190699529428767296827137941331339697080003166782689878531441822805360657717335323453932250361974016695048336836172813521064017680841033890417769004469795869061873762255627746957272730736394743851006407733997243571154968853123410575427319956186652628504742341375874295550003216559823749738831822117933761333458960492898687621900364881092044009499134370318243131500281914216864610519867382441249531548389450570699066301459434188376604557397762476111407591573555161651567228801302572128725804487236511829618904999689953058335772395846407217318302897714386869929881635469729712451775187774943251332888579720923061116006841692404649369853925	3,-5,-5,-5,-5,-5,-5,-5,-5,-5,-5,-5	-6,-6,5,5,5,5,5,-5,-5,-5,-5,-5	ok
1.363363	-12.672673	-55.603971	0.377576	continued:5	234423788543221666869589841058293256947146341237195864601416477436698628991306797316927419517835903704062369926128505986131086308323707723104885844013406139912331275047936097075338153131234016116711701491432265625940816441588332097703628627751311952085943954455548645382492798608667916644772012901191847944804467694528824409829485788038982840360738023483404363341952458955110067928170243787308388305605436414789096840112693010893262889540310426019550538079684469572217546824504887123648821245465060581782701461746475844158890108995084951999189569351873765631831087132286614147199138796246027104134022716653324636643193124936044343872737424495970972672939929822891773419584617566233184657473218750237280566993017472268989828037973409731080687504083774639864609359756000995789976753455189409038740525369348403395565538340479377215719129849985385476156636829510068047202297197650227818235188222330807524039994490141439699758945737487103390694888651777725566147510958640636083373113873861176091768665508826075794418649695742852058233961429885796718236866414043103237328998929751656283606598766604942849801714439240270620286459773307095511430623433206642350295627727066314318499335076625027698957349606749440688967848601104161925559771098508861122775824042729459273915054769714552374681031466911539350672832355141356102319091158986028959177658623839833832786130570958421415564930935649675423259101583896456477970658267510776810128234576593523458557551696545582014426690034705530323957605173869885682451210686975748052073634632207113533129805814404387736145101894446041701083705430166176006922977401137793825382987121692279400264662772439758368905621243767274625051109792013695444470374140645578089566060868157378333162149494712797005837000265018086336704773155687205402669676076211551052938092521532416870799717027400339686396291434965760664784812307651321626388192869203537117891383342782719504724408288126878658185156067319327744388975132635988057174168290210637567650991623790723466793653036695869548532562427831620200045155165321680057992548683530818376394705029794471125059903277596897055930461374079624464364432323078271082746788735480311091837605887114291912453597651490895768867061932708729773836636469643626136692848138459142408606428763379566762458375098845020931620460909763777594891224295421618082539494353345436858865230285532984074134190814970405429100171554216995421310649653061504188724305085654589242193830447001559662856129031075435506856480109656307745182082877244758068062842539408229654115927398724066448907490606418324905184784349464811848536184444443923943570256208598786977711256223513682282027687796203194802725420015939110188234995598726054426171888403201451237804655979803900530434119620777958479036921084468635379108710116878753731499275813497753332714195216252503833905129732525053699442217992465251599667729542143988691690089625752064396342863239708300603755685239081658426036902018517418284155126331331536324701927588934127635996676574360207285711	234423788543221666869589841058293256947146341510454550878545513928874580472305730017717232269535760074537393510316414473168547648965251868865160105584664216740271988793913202398261832636910488684258762243808996866054293489428932144709019587504930548604458724133823994559252055314655014876699904514514719971866244622544067200616862016493805317044887713148059765302823739782357320109217177086936974754577223031682322678791441549097536978354310308178373067324702883796685581072034118422939803199163648095774081417301875786992497375747680801544290082855360757709891830847362654631002736935015199059337379005769702469072947327036130732931261672797005856517389252290558877280023405397296268734934742953029928434031321333629147799047183177733365553472023830825627019708936583283680404339894384301473323279242277565263136005514241140505579155206118765943763120776822423392976716417451756869583691740819523023831321560508955916509840197708860341824757023542311140745080839839954380073459818629560762938046927104624202202211314474776535589129133808770343846945500636813432743353628622559892837496180146571828488637311121608394682557040647085170930987591446782482021892687543477233495899254361501832280240245374049718200588351882570201412266473473832490840807755405808213329921224591381369581167350157203683213934936013431977132234495010557520998388683836470410170639538536162719988223096320237690128227441547121333605851094174606111970612801439624042177140123727085599219967770432726653508013815145645603932904313220798589545674589305788572340914102133041140084186395189917677503277280076708340523609098837633167941839058020237535378220275888822509800621815645361398869119679588743985463545408676698390734693185278422571945661241236808659860906598904103645085388594930661302234706527767491159654587574210339373364841463717268219923149877194107967633019037297312828608833808437748296869315823968726002035281635952529523110348396407236894937029913741857716387720832477044379823355425316779952570382230099085021362019581423407345856295066257455774272730409782377382262922459029919468299318246904175906877215062696464369133215417919681849660821248927742119774805596665130089650359069100561219941105150248314450350382808248303537117618679892176501300935754508316205223842613223910632783491861435646001211488956069063001504008999686007066484508289625375410333045897198418823767321341417204623029836107349071536481934859019335507176756040935853963752308046792597206592479657142896666559239241453594724501375990432452302426436572168944362162334959791146368119231124938449744715129531513452170796772640151475945914693450752215173885286176022729912339651566833800195826174196903925721139287732406133716012238645176733171164537727456190130201065980026128258289353929674609824629816671239568451156483000726014405414905921843610541541431345381171742168858009554706552100931496584436857456969941072524065104707805226504013896129939921270700941779731872252567419346087392566827736813927046396388774	-3,-5,-5,-5,-5,-5,-5,-5,-5,-5,-5,-5	-6,-6,5,5,5,5,-5,-5,-5,-5,-5,-5	ok
1.367367	-12.672673	-55.906097	0.380370	continued:5	234423788543221666869589841058293256947146341237195864601416477436698628991306797316927419517835903704062369926128505986131086308323707723104885844013406139912331275047936097075338153131234016116711701491432265625940816441588332097703628627751311952085943954455548645382492798608667916644772012901191847944804467694528824409829485788038982840360738023483404363341952458955110067928170243787308388305605436414789096840112693010893262889540310426019550538079684469572217546824504887123648821245465060581782701461746475844158890108995084951999189569351873765631831087132286614147199138796246027104134022716653324636643193124936044343872737424495970972672939929822891773419584617566233184657473218750237280566993017472268989828037973409731080687504083774639864609359756000995789976753455189409038740525369348403395565538340479377215719129849985385476156636829510068047202297197650227818235188222330807524039994490141439699758945737487103390694888651777725566147510958640636083373113873861176091768665508826075794418649695742852058233961429885796718236866414043103237328998929751656283606598766604942849801714439240270620286459773307095511430623433206642350295627727066314318499335076625027698957349606749440688967848601104161925559771098508861122775824042729459273915054769714552374681031466911539350672832355141356102319091158986028959177658623839833832786130570958421415564930935649675423259101583896456477970658267510776810128234576593523458557551696545582014426690034705530323957605173848232794027574376792287619999643266007513187707431577528680228039653740776052522662147641787196250633570259046435991488492815047171939324576588602508812337631017544643007452086602155115287988243145353968683794461030002469265671518574616583627268749668799793002482623957904450841036614023234766209886204012363212205055139019406089798597687526774983243661569131215607851521212812027404615300830285144148834777310024235487015967367998456651083219593553793154371231314995553913883757250215055485400877090808979092055497191743454266752440404971401098978057881724724740693904522022740453113922095020133203114854485050282365745701972476902527855068167312878177458619588471722390532881517173301804166152097233960944014205059991011615716276074057786843656065318008119024509972009756940309305341537493250839656305521872883288027126208375215316627932167732910034729850895093085880359956278702687954511710761131947699333640092211243058626220185346489805100362811931490881783305799409350085655134913254844735236947066951313130987508025300922068387560015164536760977930456896508476393512741058130680701134783956424463980664542756437196246810339118622574091047780467627578818431876787012030136855580203604153370727068867887036067578324673120481046108122077049805356812024781438798672514628603642620835663050343741818606617815056461941536227421361624820162111260853488969594096343896923633921917999705688961777240078247785522693593289608299391816099496610724763391928776220511546543015929818944130718824	234423788543221666869589841058293256947146341510454550878545513928874580472305730017717232269535760074537393510316414473168547648965251868865160105584664216740271988793913202398261832636910488684258762243808996866054293489428932144709019587504930548604458724133823994559252055314655014876699904514514719971866244622544067200616862016493805317044887713148059765302823739782357320109217177086936974754577223031682322678791441549097536978354310308178373067324702883796685581072034118422939803199163648095774081417301875786992497375747680801544290082855360757709891830847362654631002736935015199059337379005769702469072947327036130732931261672797005856517389252290558877280023405397296268734934742953029928434031321333629147799047183177733365553467517856064413863197953022313364938489124304954778012810785086473784970352873663863348370292894071655400480108781292560357303734576063257228181047849174089817887415432353206711453400872317567636377328155062756993828050147295212427829227178026049920639808553630003935234373926758028541873461194497583417589728818039752256898048492658425093573810923269032067796590982656437567092659270948689491241198382985394992099170917655305480359850749244594858449100117484711038775976701366248502097068518592314768155775516835948432130575801570696167073190909856296564025894507463680463842044251939108408449093687225451381099036170259665354799255369269382789745146265301586124770631615876219084453679272257616240712932652119477238454381736851373791966914562451368285245675516452003412207994373262477717489941181480181033850553095572523302215645221454445965952363183160015004868492508778187423041214854361022946780077237059525440440636753693385181614572917321394161482369368581881735454386070787418030141781528144707170361179153705396915981351418264896628138243016171096720850863891849429064737772243032113976728381365028176768089297446253315055394342294469399137191680512391969546115448286146817943279052646826752770782447405784923594736598315021576598724156602522260780474571621432724369918294139101567475078068420473255142238014835299995962846894564056905476198830820243230140387367892631288272783431917683781889191444613908505110782817645786017068321752096678641811279785566853366404197224736627033141903321940821140582656756756538180529824266662335421751469343231812113997903130585456835459263116612724779833921750847714750494533232292183670833525061772513051747131380862073227398766013750512429350173496781331117398051603715536444679222425661826659540083334919579749061066558299673890240228842989437812667085674509583778983179831895867124769027936619738310358292190588350882452259357710887010786817121519511100810900572444544633077468503345149661986614688684962219449712218732995409466192514890002961687002159537900017887267183184002458575083370182151013204151565731068908810052180764784111347310273266185944766713208171355983322709681931302940296396007488480784161766440414379797261272033761447563818896359105953371406698480704629062247810	2,-5,-5,-5,-5,-5,-5,-5,-5,-5,-5,-5	-6,5,5,5,5,5,-5,-5,-5,-5,-5,-5	ok
1.371371	-12.672673	-56.076771	0.378786	continued:5	234423788543221666869589841058293256947146341237195864601416477436698628991306797316927419517835903704062369926128505986131086308323707723104885844013406139912331275047936097075338153131234016116711701491432265625940816441588332097703628627751311952085943954455548645382492798608667916644772012901191847944804467694528824409829485788038982840360738023483404363341952458955110067928170243787308388305605436414789096840112693010893262889540310426019550538079684469572217546824504887123648821245465060581782701461746475844158890108995084951999189569351873765631831087132286614147199138796246027104134022716653324636643193124936044343872737424495970972672939929822891773419584617566233184657473218750237280566993017472268989828037973409731080687504083774639864609359756000995789976753455189409038740525369348403395565538340479377215719129849985385476156636829510068047202297197650227818235188222330807524039994490141439699758945737487103390694888651777725566147510958640636083373113873861176091768665508826075794418649695742852058233961429885796718236866414043103237328998929751656283606598766604942849801714439240270620286459773307095511430623433206642350295627727066314318499335076625027698957349606749440688967848601104161925559771098508861122775824042729459273915054769714552374681031466911539350672832355141356102319091158986028959177658623839833832786130570958421415564930935649675423259101583896456477970658267510776810128234576593523458557551696545582014426690034705530323957605173848232794027574376792287619999643266007513187707431577528680228039653740776052522662147641787196250633570259046435991488492815047171939324576588602508812337631017544643007452086602155115287988243145353968683794461030002469265671518574616583627268749668799793002482623957904450841036614023234766209886204012363212205055139019406089798597687526774983243661569131215607851521212812027404615300830285144148834777310024235487015967367998456651083219593553793154371231314995553913883757250215055485400877090808979092055497191743454266752440404971401098978057881724724740693904522022740453113922095020133203114854485050282365745701972476902527855068167312878177458619588471722390532881517173301804166152097233960944014205059991011615716276074057786843656065318008119024509972009756940309305341537493250839656305521872883288027126208375215316627932167732910034729850895093085880359956278702687954511710761131947699333640092211243058626220185346489805100362811931490881783305799409350085655134913254844735236947066951313130987508025300922068387560015164536760977930456896508476393512741058130680701134783956424463980664542756437196246810339118622574091047780467627578818431876787012030136855580203604153370727068867887036067578324673120481046108122077049805356812024781438798672514628603642620835663050343741818606617815056461941536227421361624820162111260853488969594096343896923633921917999705688961777240078247785522693593289608299391816099496610724763391928776220511546543015929818944130718824	234423788543221666869589841058293256947146341510454550878545513928874580472305730017717232269535760074537393510316414473168547648965251868865160105584664216740271988793913202398261832636910488684258762243808996866054293489428932144709019587504930548604458724133823994559252055314655014876699904514514719971866244622544067200616862016493805317044887713148059765302823739782357320109217177086936974754577223031682322678791441549097536978354310308178373067324702883796685581072034118422939803199163648095774081417301875786992497375747680801544290082855360757709891830847362654631002736935015199059337379005769702469072947327036130732931261672797005856517389252290558877280023405397296268734934742953029928434031321333629147799047183177733365553467517856064413863197953022313364938489124304954778012810785086473784970352873663863348370292894071655400480108781292560357303734576063257228181047849174089817887415432353206711453400872317567636377328155062756993828050147295212427829227178026049920639808553630003935234373926758028541873461194497583417589728818039752256898048492658425093573810923269032067796590982656437567092659270948689491241198382985394992099170917655305480359850749244594858449100117484711038775976701366248502097068518592314768155775516835948432130575801570696167073190909856296564025894507463680463842044251939108408449093687225451381099036170259665354799255369269382789745146265301586124770631615876219084453679272257616240712932652119477238454381736851373791966914562451368285245675516452003412207994373262477717489941181480181033850553095572523302215645221454445965952363183160015004868492508778187423041214854361022946780077237059525440440636753693385181614572917321394161482369368581881735454386070787418030141781528144707170361179153705396915981351418264896628138243016171096720850863891849429064737772243032113976728381365028176768089297446253315055394342294469399137191680512391969546115448286146817943279052646826752770782447405784923594736598315021576598724156602522260780474571621432724369918294139101567475078068420473255142238014835299995962846894564056905476198830820243230140387367892631288272783431917683781889191444613908505110782817645786017068321752096678641811279785566853366404197224736627033141903321940821140582656756756538180529824266662335421751469343231812113997903130585456835459263116612724779833921750847714750494533232292183670833525061772513051747131380862073227398766013750512429350173496781331117398051603715536444679222425661826659540083334919579749061066558299673890240228842989437812667085674509583778983179831895867124769027936619738310358292190588350882452259357710887010786817121519511100810900572444544633077468503345149661986614688684962219449712218732995409466192514890002961687002159537900017887267183184002458575083370182151013204151565731068908810052180764784111347310273266185944766713208171355983322709681931302940296396007488480784161766440414379797261272033761447563818896359105953371406698480704629062247810	2,-5,-5,-5,-5,-5,-5,-5,-5,-5,-5,-5	-6,5,5,5,5,5,-5,-5,-5,-5,-5,-5	ok
1.375375	-12.672673	-56.223903	0.378412	full	234423788543221666869589841058293256947146341237195864601416477436698628991306797316927419517835903704062369926128505986131086308323707723104885844013406139912331275047936097075338153131234016116711701491432265625940816441588332097703628627751311952085943954455548645382492798608667916644772012901191847944804467694528824409829485788038982840360738023483404363341952458955110067928170243787308388305605436414789096840112693010893262889540310426019550538079684469572217546824504887123648821245465060581782701461746475844158890108995084951999189569351873765631831087132286614147199138796246027104134022716653324636643193124936044343872737424495970972672939929822891773419584617566233184657473218750237280566993017472268989828037973409731080687504083774639864609359756000995789976753455189409038740525369348403395565538340479377215719129849985385476156636829510068047202297197650227818235188222330807524039994490141439699758945737487103390694888651777725566147510958640636083373113873861176091768665508826075794418649695742852058233961429885796718236866414043103237328998929751656283606598766604942849801714439240270620286459773307095511430623433206642350295627727066314318499335076625027698957349606749440688967848601104161925559771098508861122775824042729459273915054769714552374681031466911539350672832355141356102319091158986028959177658623839833832786130570958421415564930935649675423259101583896456477970658267510776810128234576593523458557551696545582014426690034705530323957605173848232794027574376792287619999643266007513187707431577528680228039653740776052522662147641787196250633570259046435991488492815047171939324576588602508812337631017544643007452086602155115287988243145353968683794461030002469265671518574616583627268749668799793002482623957904450841036614023234766209886204012363212205055139019406089798597687526774983243661569131215607851521212812027404615300830285144148834777310024235487015967367998456651083219593553793154371231314995553913883757250215055485400877090808979092055497191743454266752440404971401098978057881724724740693904522022740453113922095020133203114854485050282365745701972476902527855068167312878177458619588471722390532881517173301804166152097233960944014205059991011615716276074057786843656065318008119024509972009756940309305341537493250839656305521872883288027126208375215316627932167732910034729850895093085880359956278702687954511710761131947699333640092211243058626220185346489805100362811931490881783305799409350085655134913254844735236947066951313130987508025300922068387560015164536760977930456896508476393512741058130680701134783956424463980664542756437196246810339118622574091047780467627578818431876787012030136855580203604153370727068867887036067578324673120481046108122077049805356812024781438798672514628603642620835663050343741818606617815056461941536227421361624820162111260853488969594096343896923633921917999705688961777240078247785522693593289608299391816099496610724763391928776220511546543015929818944130718824	234423788543221666869589841058293256947146341510454550878545513928874580472305730017717232269535760074537393510316414473168547648965251868865160105584664216740271988793913202398261832636910488684258762243808996866054293489428932144709019587504930548604458724133823994559252055314655014876699904514514719971866244622544067200616862016493805317044887713148059765302823739782357320109217177086936974754577223031682322678791441549097536978354310308178373067324702883796685581072034118422939803199163648095774081417301875786992497375747680801544290082855360757709891830847362654631002736935015199059337379005769702469072947327036130732931261672797005856517389252290558877280023405397296268734934742953029928434031321333629147799047183177733365553467517856064413863197953022313364938489124304954778012810785086473784970352873663863348370292894071655400480108781292560357303734576063257228181047849174089817887415432353206711453400872317567636377328155062756993828050147295212427829227178026049920639808553630003935234373926758028541873461194497583417589728818039752256898048492658425093573810923269032067796590982656437567092659270948689491241198382985394992099170917655305480359850749244594858449100117484711038775976701366248502097068518592314768155775516835948432130575801570696167073190909856296564025894507463680463842044251939108408449093687225451381099036170259665354799255369269382789745146265301586124770631615876219084453679272257616240712932652119477238454381736851373791966914562451368285245675516452003412207994373262477717489941181480181033850553095572523302215645221454445965952363183160015004868492508778187423041214854361022946780077237059525440440636753693385181614572917321394161482369368581881735454386070787418030141781528144707170361179153705396915981351418264896628138243016171096720850863891849429064737772243032113976728381365028176768089297446253315055394342294469399137191680512391969546115448286146817943279052646826752770782447405784923594736598315021576598724156602522260780474571621432724369918294139101567475078068420473255142238014835299995962846894564056905476198830820243230140387367892631288272783431917683781889191444613908505110782817645786017068321752096678641811279785566853366404197224736627033141903321940821140582656756756538180529824266662335421751469343231812113997903130585456835459263116612724779833921750847714750494533232292183670833525061772513051747131380862073227398766013750512429350173496781331117398051603715536444679222425661826659540083334919579749061066558299673890240228842989437812667085674509583778983179831895867124769027936619738310358292190588350882452259357710887010786817121519511100810900572444544633077468503345149661986614688684962219449712218732995409466192514890002961687002159537900017887267183184002458575083370182151013204151565731068908810052180764784111347310273266185944766713208171355983322709681931302940296396007488480784161766440414379797261272033761447563818896359105953371406698480704629062247810	2,-5,-5,-5,-5,-5,-5,-5,-5,-5,-5,-5	-6,5,5,5,5,5,-5,-5,-5,-5,-5,-5	ok
1.379379	-12.672673	-18.664879	0.363257	continued:5	234423788616938595006369340318940627283787407035743029020718229816691077775876727658679168856747854175781285980099183879049247561290743909668244971731375945916784467330686087293445246874203093433444747551577306298145852857217444939802440318226581337218873868140719142261730126558737300668441185053257745589734242996575712099537321877412302966706894444525607040275387724439490221693298044541791102367481101112119965738844779206900600673974504834093050617777387886309258913763573234973795018384485818179041345415918094103887674714756302454088054691885237700975593898686074403783291375679775331888402677504403415714268912930212908895695478563129559333724793850915644945356606849857984314001385071639915206436079491023150632682396963575183298973088361140152991619848241348081284227726867439390053087468913664443552126699185248561336779295360738567705342349938589615432988132745572864315064311028576334442861434298272754137406089802357550445918202521986943054805302913284143917012905359143153301663620942743672314799837754942221299000643214430405726901201876550914646335992725419170786257550074532452903205175920733728597686831007637051437225684864769253321049185255730942991607036355382046526267303926644911645076647167914251391561793914621992731293578218781122207414209621666624511953013341913424500224684186561876926168819331220754486871405044090928963575972461841099291386896397978256750220892502095431430594496641860684124361692528308976383023991924104885282619896337772138274738444224394780512824378705975633972935744387414089846681963704003764468620797640261299599779255825005318042384522907271789196008296831428644154929926210227800270498639415596569867481040500556265292141634845360288419438577512322384900452401881799200772272886700940308132213658766712359885583043689639420054358676933976637259826975058649449431765721476034097549201575654907958818571679316345279557952245076679619964552194954912019381371082282956811996464149157454448169332334723088818957398919381412243519073908307119948485078378493824345859014058649702467069685894871060947582314546886492379850554059349777838842563553559801061609752994601099086979418901612664815254400154530026335454765005491858180238576432657228305851748477683617375696685116406829680390126283118907384111114639047534733875182057655078029829464347982954926212852756406168308582658567665201537967867966670054372429292847366921250568754509037886409402488300077579835648783514093885289199398424141163634131547111911137239032730416869031854511371687297910748638035661646208148679670313914204515849307059721606425617834064940811145577072273697891459538680095580939579138068308204752172130578419457799821392893207344680302096803931451218440451747777911913402715440557156375678777138041603875719017771415414468035027715284312221175688102153028013347651760600611923052920763007862813562871863586693327746780023541722491664862268170910892426418960919920917277893153339287242874548110513759411830905173454042451333428210694550708762888528	234423788543221666869589841058293256947146341510454550878545513928874580472305730017717232269535760074537393510316414473168547648965251868865160105584664216740271988793913202398261832636910488684258762243808996866054293489428932144709019587504930548604458724133823994559252055314655014876699904514514719971866244622544067200616862016493805317044887713148059765302823739782357320109217177086936974754577223031682322678791441549097536978354310308178373067324702883796685581072034118422939803199163648095774081417301875786992497375747680801544290082855360757709891830847362654631002736935015199059337379005769702469072947327036130732931261672797005856517389252290558877280023405397296268734934742953029928434031321333629147799047183177733365553467517856064413863197953022313364938489124304954778012810785086473784970352873663863348370292894071655400480108781292560357303734576063257228181047849174089817887415432353206711453400872317567636377328155062756993828050147295212427829227178026049920639808553630003935234373926758028541873461194497583417589728818039752256898048492658425093573810923269032067796590982656437567092659270948689491241198382985394992099170917655305480359850749244594858449100117484711038775976701366248502097068518592314768155775516835948432130575801570696167073190909856296564025894507463680463842044251939108408449093687225451381099036170259665354799255369269382789745146265301586124770631615876219084453679272257616240712932652119477238454381736851373791966914562451368285245675516452003412207994373262477717489941181480181033850553095572523302215645221454445965952363183160015004868492508778187423041214854361022946780077237059525440440636753693385181614572917321394161482369368581881735454386070787418030141781528144707170361179153705396915981351418264896628138243016171096720850863891849429064737772243032113976728381365028176768089297446253315055394342294469399137191680512391969546115448286146817943279052646826752770782447405784923594736598315021576598724156602522260780474571621432724369918294139101567475078068420473255142238014835299995962846894564056905476198830820243230140387367892631288272783431917683781889191444613908505110782817645786017068321752096678641811279785566853366404197224736627033141903321940821140582656756756538180529824266662335421751469343231812113997903130585456835459263116612724779833921750847714750494533232292183670833525061772513051747131380862073227398766013750512429350173496781331117398051603715536444679222425661826659540083334919579749061066558299673890240228842989437812667085674509583778983179831895867124769027936619738310358292190588350882452259357710887010786817121519511100810900572444544633077468503345149661986614688684962219449712218732995409466192514890002961687002159537900017887267183184002458575083370182151013204151565731068908810052180764784111347310273266185944766713208171355983322709681931302940296396007488480784161766440414379797261272033761447563818896359105953371406698480704629062247810	-2,-6,-6,5,5,5,5,5,-5,-5,-5,-5	-6,5,5,5,5,5,-5,-5,-5,-5,-5,-5	ok
1.383383	-12.672673	-45.561006	0.366050	continued:5	234423788616938595006369340318940627283787407035743029020718229816691077775876727658679168856747854175781285980099183879049247561290743909668244971731375945916784467330686087293445246874203093433444747551577306298145852857217444939802440318226581337218873868140719142261730126558737300668441185053257745589734242996575712099537321877412302966706894444525607040275387724439490221693298044541791102367481101112119965738844779206900600673974504834093050617777387886309258913763573234973795018384485818179041345415918094103887674714756302454088054691885237700975593898686074403783291375679775331888402677504403415714268912930212908895695478563129559333724793850915644945356606849857984314001385071639915206436079491023150632682396963575183298973088361140152991619848241348081284227726867439390053087468913664443552126699185248561336779295360738567705342349938589615432988132745572864315064311028576334442861434298272754137406089802357550445918202521986943054805302913284143917012905359143153301663620942743672314799837754942221299000643214430405726901201876550914646335992725419170786257550074532452903205175920733728597686831007637051437225684864769253321049185255730942991607036355382046526267303926644911645076647167914251391561793914621992731293578218781122207414209621666624511953013341913424500224684186561876926168819331220754486871405044090928963575972461841099291386896397978256750220892502095431430594496641860684124361692528308976383023991924104885282619896337772138274738444224394780512824378705975633972935744387414089846681963704003764468620797640261299599779255825005318042384522907271789196008296831428644154929926210227800270498639415596569867481040500556265292141634845360288419438577512322384900452401881799200772272886700940308132213658766712359885583043689639420054358676933976637259826975058649449431765721476034097549201575654907958818571679316345279557952245076679619964552194954912019381371082282956811996464149157454448169332334723088818957398919381412243519073908307119948485078378493824345859014058649702467069685894871060947582314546886492379850554059349777838842563553559801061609752994601099086979418901612664815254400154530026335454765005491858180238576432657228305851748477683617375696685116406829680390126283118907384111114639047534733875182057655078029829464347982954926212852756406168308582658567665201537967867966670054372429292847366921250568754509037886409402488300077579835648783514093885289199398424141163634131547111911137239032730416869031854511371687297910748638035661646208148679670313914204515849307059721606425617834064940811145577072273697891459538680095580939579138068308204752172130578419457799821392893207344680302096803931451218440451747777911913402715440557156375678777138041603875719017771415414468035027715284312221175688102153028013347651760600611923052920763007862813562871863586693327746780023541722491664862268170910892426418960919920917277893153339287242874548110513759411830905173454042451333428210694550708762888528	234423788543221666869589841058293256947146341510454550878545513928874580472305730017717232269535760074537393510316414473168547648965251868865160105584664216740271988793913202398261832636910488684258762243808996866054293489428932144709019587504930548604458724133823994559252055314655014876699904514514719971866244622544067200616862016493805317044887713148059765302823739782357320109217177086936974754577223031682322678791441549097536978354310308178373067324702883796685581072034118422939803199163648095774081417301875786992497375747680801544290082855360757709891830847362654631002736935015199059337379005769702469072947327036130732931261672797005856517389252290558877280023405397296268734934742953029928434031321333629147799047183177733365553467517856064413863197953022313364938489124304954778012810785086473784970352873663863348370292894071655400480108781292560357303734576063257228181047849174089817887415432353206711453400872317567636377328155062756993828050147295212427829227178026049920639808553630003935234373926758028541873461194497583417589728818039752256898048492658425093573810923269032067796590982656437567092659270948689491241198382985394992099170917655305480359850749244594858449100117484711038775976701366248502097068518592314768155775516835948432130575801570696167073190909856296564025894507463680463842044251939108408449093687225451381099036170259665354799255369269382789745146265301586124770631615876219084453679272257616240712932652119477238454381736851373791966914562451368285245675516452003412207994373262477717489941181480181033850553095572523302215645221454445965952363183160015004868492508778187423041214854361022946780077237059525440440636753693385181614572917321394161482369368581881735454386070787418030141781528144707170361179153705396915981351418264896628138243016171096720850863891849429064737772243032113976728381365028176768089297446253315055394342294469399137191680512391969546115448286146817943279052646826752770782447405784923594736598315021576598724156602522260780474571621432724369918294139101567475078068420473255142238014835299995962846894564056905476198830820243230140387367892631288272783431917683781889191444613908505110782817645786017068321752096678641811279785566853366404197224736627033141903321940821140582656756756538180529824266662335421751469343231812113997903130585456835459263116612724779833921750847714750494533232292183670833525061772513051747131380862073227398766013750512429350173496781331117398051603715536444679222425661826659540083334919579749061066558299673890240228842989437812667085674509583778983179831895867124769027936619738310358292190588350882452259357710887010786817121519511100810900572444544633077468503345149661986614688684962219449712218732995409466192514890002961687002159537900017887267183184002458575083370182151013204151565731068908810052180764784111347310273266185944766713208171355983322709681931302940296396007488480784161766440414379797261272033761447563818896359105953371406698480704629062247810	-2,-6,-6,5,5,5,5,5,-5,-5,-5,-5	-6,5,5,5,5,5,-5,-5,-5,-5,-5,-5	ok
1.387387	-12.672673	-49.973785	0.363257	continued:5	234423788543221666869680391967016730371103576339538633978332435279643087295930613206250668108739082363614034075767731599098031299354089020615233163567888683252969568896712971433356660667740564570438007169288302703707904731045812073705366785005780669476188704365505403013863551613339733205769121962437789455406394519527628997583269089814416164992294869230167792093900919344510627969204826258462109976968924635416782440339018847523837363460436598822292018033325461568014410758399039755491262063069991434947185228480585755903638552980000004370457750925613990209534540263753953518014941876861241418869073961060400779767395327314397047180588592208896058291334079830591993317102803405255642085674015780287556193040143716907681455890571568635979842496338881076184728673466347898088891804489765169125768848016107175130389960736361844035826669579150419479248859986038654902890989383105530706724634193627501775613596173791555618276300596847807063849276679862429740382141105491825195475946340751055036653490070143424992457428116534338598690462847296754841274863717338088758302018610123103789917844902587539520352580529023049031655543666487779644192766426873790261936702813844774199935434465255549079453677540487043285457183902087534288900893993528819267020711737330489480848079496374212691048585946294416929986982516174533742643590253514204995481623585727472173731690227049239573650172044593794333871509803050144529174815072822215133633916560037092030917218071897146920819573380639579269086906678067912342923035530126615986771185775082916646028533801096527826480111247452466585932229747387144786207466740837171120167768928851609993081595025419900745032313395382894942373660550115815987635959940143093559539816073774976984089965336891873644690882529949229462580171677339431789993041173155387749389964372060820970676982497532529686777544471824454244269962573169026951027437480985415462913974973553482952139162061403844245949956535363489700190992240528269888132277754806767153348227714606051928046007819136932365914736777059386189136928583766185789760651058133815516704622300580766376346021432170672676658924928942154883385055785938209328831115725552785641449271242877788778826473064820670533328578206844239086136479095625045444800118183940011583736883216534301083879688911145592142341921564248294941769643473125254413196794335244676798611119229003920898260340238456100955223301587408340859799523116856619729060499363944834731597165262021326470767352079660348188507764803261113562051888820403550157624556443571714715597163515988492497102372808728756634014896051248790774582393329734148613424611264112954833204049175220561805362100510392841204730561040464869499326646704353906745490316617911591578866257658899150700431618785948428611146168299599005200790206036235123617917536357773734164064412699543348820976054291123498379623663601276029946917159030975291411185296512376957690671855084794360295075198444955230731491856051518948165686663027558695222741158107407996431763884395173940042246	234423788543221666869589841058293256947146341510454550878545513928874580472305730017717232269535760074537393510316414473168547648965251868865160105584664216740271988793913202398261832636910488684258762243808996866054293489428932144709019587504930548604458724133823994559252055314655014876699904514514719971866244622544067200616862016493805317044887713148059765302823739782357320109217177086936974754577223031682322678791441549097536978354310308178373067324702883796685581072034118422939803199163648095774081417301875786992497375747680801544290082855360757709891830847362654631002736935015199059337379005769702469072947327036130732931261672797005856517389252290558877280023405397296268734934742953029928434031321333629147799047183177733365553467517856064413863197953022313364938489124304954778012810785086473784970352873663863348370292894071655400480108781292560357303734576063257228181047849174089817887415432353206711453400872317567636377328155062756993828050147295212427829227178026049920639808553630003935234373926758028541873461194497583417589728818039752256898048492658425093573810923269032067796590982656437567092659270948689491241198382985394992099170917655305480359850749244594858449100117484711038775976701366248502097068518592314768155775516835948432130575801570696167073190909856296564025894507463680463842044251939108408449093687225451381099036170259665354799255369269382789745146265301586124770631615876219084453679272257616240712932652119477238454381736851373791966914562451368285245675516452003412207994373262477717489941181480181033850553095572523302215645221454445965952363183160015004868492508778187423041214854361022946780077237059525440440636753693385181614572917321394161482369368581881735454386070787418030141781528144707170361179153705396915981351418264896628138243016171096720850863891849429064737772243032113976728381365028176768089297446253315055394342294469399137191680512391969546115448286146817943279052646826752770782447405784923594736598315021576598724156602522260780474571621432724369918294139101567475078068420473255142238014835299995962846894564056905476198830820243230140387367892631288272783431917683781889191444613908505110782817645786017068321752096678641811279785566853366404197224736627033141903321940821140582656756756538180529824266662335421751469343231812113997903130585456835459263116612724779833921750847714750494533232292183670833525061772513051747131380862073227398766013750512429350173496781331117398051603715536444679222425661826659540083334919579749061066558299673890240228842989437812667085674509583778983179831895867124769027936619738310358292190588350882452259357710887010786817121519511100810900572444544633077468503345149661986614688684962219449712218732995409466192514890002961687002159537900017887267183184002458575083370182151013204151565731068908810052180764784111347310273266185944766713208171355983322709681931302940296396007488480784161766440414379797261272033761447563818896359105953371406698480704629062247810	-3,-6,-6,5,5,5,5,-5,-5,-5,-5,-5	-6,5,5,5,5,5,-5,-5,-5,-5,-5,-5	ok
1.391391	-12.672673	-52.616912	0.366050	continued:5	234423788543221666869589841058293256947146341510454550878545513928874580472305730017717232269535760074537393510316414473168547648965251868865160105584664216740271988793913202398261832636910488684258762243808996866054293489428932144709019587504930548604458724133823994559252055314655014876699904514514719971866244622544067200616862016493805317044887713148059765302823739782357320109217177086936974754577223031682322678791441549097536978354310308178373067324702883796685581072034118422939803199163648095774081417301875786992497375747680801544290082855360757709891830847362654631002736935015199059337379005769702469072947327036130732931261672797005856517389252290558877280023405397296268734934742953029928434031321333629147799047183177733365553472023830825627019708936583283680404339894384301473323279242277565263136005514241140505579155206118765943763120776822423392976716417451756869583691740819523023831321560508955916509840197708860341824757023542311140745080839839954380073459818629560762938046927104624202202211314474776535589129133808770343846945500636813432743353628622559892837496180146571828488637311121608394682557040647085170930987591446782482021892687543477233495899254361501832280240245374049718200588351882570201412266473473832490840807755405808213329921224591381369581167350157203683213934936013431977132234495010557520998388683836470410170639538536162719988223096320237690128227441547121333605851094174606111970612801439624042177140123727085599219967770432726653508013815015728273391086452120035997101726392108186499730948893034092757256608681830635540724124579411324230581932426166021364082347182105487120609405930690524300840835180425028715170745886635646019221973668025377435527023595196266920711981805116595978434869777148397184280963386391548888613187943842057904906060633302531561294868131451445409834160881787605331193069503955901517618793945117742527079673185711106065433086388193140819427031941074787613895740942444926653712556416064054142640831029039562971038015073153208907913029881971830620239226908837523101427719162846715238227755331056962067025441079113103328634759182063492735689469752197753455912172731762750406290421535110760680444017864169731189125506383737087427578628621791612479604354450799515942276897397569756394220576989337162158831931271849000409657964180681409669741316338410661529988954138241680365828883389572309782398579346678576651185785812058619265786570783296597635710173244749048247627009932946790254812950214262700052286942070485524571730871180658198272197105452854077304739052722614200433656522985489135740645064915664609672830436549108578567072548902713655395231522747872385795952427761889659308416185282823659714830954205701962492247657595097856963589365467015654301508070631919770864486436471195569723923413401159456976935559916019256868917103227910801439029289925143761495798659820129284852594789884421183624574079290597224271324811308622734397851434094653280163976307061508145376508808214097284374391667218352140072071	234423788543221666869589841058293256947146341510454550878545513928874580472305730017717232269535760074537393510316414473168547648965251868865160105584664216740271988793913202398261832636910488684258762243808996866054293489428932144709019587504930548604458724133823994559252055314655014876699904514514719971866244622544067200616862016493805317044887713148059765302823739782357320109217177086936974754577223031682322678791441549097536978354310308178373067324702883796685581072034118422939803199163648095774081417301875786992497375747680801544290082855360757709891830847362654631002736935015199059337379005769702469072947327036130732931261672797005856517389252290558877280023405397296268734934742953029928434031321333629147799047183177733365553467517856064413863197953022313364938489124304954778012810785086473784970352873663863348370292894071655400480108781292560357303734576063257228181047849174089817887415432353206711453400872317567636377328155062756993828050147295212427829227178026049920639808553630003935234373926758028541873461194497583417589728818039752256898048492658425093573810923269032067796590982656437567092659270948689491241198382985394992099170917655305480359850749244594858449100117484711038775976701366248502097068518592314768155775516835948432130575801570696167073190909856296564025894507463680463842044251939108408449093687225451381099036170259665354799255369269382789745146265301586124770631615876219084453679272257616240712932652119477238454381736851373791966914562451368285245675516452003412207994373262477717489941181480181033850553095572523302215645221454445965952363183160015004868492508778187423041214854361022946780077237059525440440636753693385181614572917321394161482369368581881735454386070787418030141781528144707170361179153705396915981351418264896628138243016171096720850863891849429064737772243032113976728381365028176768089297446253315055394342294469399137191680512391969546115448286146817943279052646826752770782447405784923594736598315021576598724156602522260780474571621432724369918294139101567475078068420473255142238014835299995962846894564056905476198830820243230140387367892631288272783431917683781889191444613908505110782817645786017068321752096678641811279785566853366404197224736627033141903321940821140582656756756538180529824266662335421751469343231812113997903130585456835459263116612724779833921750847714750494533232292183670833525061772513051747131380862073227398766013750512429350173496781331117398051603715536444679222425661826659540083334919579749061066558299673890240228842989437812667085674509583778983179831895867124769027936619738310358292190588350882452259357710887010786817121519511100810900572444544633077468503345149661986614688684962219449712218732995409466192514890002961687002159537900017887267183184002458575083370182151013204151565731068908810052180764784111347310273266185944766713208171355983322709681931302940296396007488480784161766440414379797261272033761447563818896359105953371406698480704629062247810	-3,-6,5,5,5,5,-5,-5,-5,-5,-5,-5	-6,5,5,5,5,5,-5,-5,-5,-5,-5,-5	ok
1.395395	-12.672673	-54.233071	0.368843	continued:5	234423788543221666869589841058293256947146341237195864601416477436698628991306797316927419517835903704062369926128505986131086308323707723104885844013406139912331275047936097075338153131234016116711701491432265625940816441588332097703628627751311952085943954455548645382492798608667916644772012901191847944804467694528824409829485788038982840360738023483404363341952458955110067928170243787308388305605436414789096840112693010893262889540310426019550538079684469572217546824504887123648821245465060581782701461746475844158890108995084951999189569351873765631831087132286614147199138796246027104134022716653324636643193124936044343872737424495970972672939929822891773419584617566233184657473218750237280566993017472268989828037973409731080687504083774639864609359756000995789976753455189409038740525369348403395565538340479377215719129849985385476156636829510068047202297197650227818235188222330807524039994490141439699758945737487103390694888651777725566147510958640636083373113873861176091768665508826075794418649695742852058233961429885796718236866414043103237328998929751656283606598766604942849801714439240270620286459773307095511430623433206642350295627727066314318499335076625027698957349606749440688967848601104161925559771098508861122775824042729459273915054769714552374681031466911539350672832355141356102319091158986028959177658623839833832786130570958421415564930935649675423259101583896456477970658267510776810128234576593523458557551696545582014426690034705530323957605173869885682451210686975748052073634632207113533129805814404387736145101894446041701083705430166176006922977401137793825382987121692279400264662772439758368905621243767274625051109792013695444470374140645578089566060868157378333162149494712797005837000265018086336704773155687205402669676076211551052938092521532416870799717027400339686396291434965760664784812307651321626388192869203537117891383342782719504724408288126878658185156067319327744388975132635988057174168290210637567650991623790723466793653036695869548532562427831620200045155165321680057992548683530818376394705029794471125059903277596897055930461374079624464364432323078271082746788735480311091837605887114291912453597651490895768867061932708729773836636469643626136692848138459142408606428763379566762458375098845020931620460909763777594891224295421618082539494353345436858865230285532984074134190814970405429100171554216995421310649653061504188724305085654589242193830447001559662856129031075435506856480109656307745182082877244758068062842539408229654115927398724066448907490606418324905184784349464811848536184444443923943570256208598786977711256223513682282027687796203194802725420015939110188234995598726054426171888403201451237804655979803900530434119620777958479036921084468635379108710116878753731499275813497753332714195216252503833905129732525053699442217992465251599667729542143988691690089625752064396342863239708300603755685239081658426036902018517418284155126331331536324701927588934127635996676574360207285711	234423788543221666869589841058293256947146341510454550878545513928874580472305730017717232269535760074537393510316414473168547648965251868865160105584664216740271988793913202398261832636910488684258762243808996866054293489428932144709019587504930548604458724133823994559252055314655014876699904514514719971866244622544067200616862016493805317044887713148059765302823739782357320109217177086936974754577223031682322678791441549097536978354310308178373067324702883796685581072034118422939803199163648095774081417301875786992497375747680801544290082855360757709891830847362654631002736935015199059337379005769702469072947327036130732931261672797005856517389252290558877280023405397296268734934742953029928434031321333629147799047183177733365553467517856064413863197953022313364938489124304954778012810785086473784970352873663863348370292894071655400480108781292560357303734576063257228181047849174089817887415432353206711453400872317567636377328155062756993828050147295212427829227178026049920639808553630003935234373926758028541873461194497583417589728818039752256898048492658425093573810923269032067796590982656437567092659270948689491241198382985394992099170917655305480359850749244594858449100117484711038775976701366248502097068518592314768155775516835948432130575801570696167073190909856296564025894507463680463842044251939108408449093687225451381099036170259665354799255369269382789745146265301586124770631615876219084453679272257616240712932652119477238454381736851373791966914562451368285245675516452003412207994373262477717489941181480181033850553095572523302215645221454445965952363183160015004868492508778187423041214854361022946780077237059525440440636753693385181614572917321394161482369368581881735454386070787418030141781528144707170361179153705396915981351418264896628138243016171096720850863891849429064737772243032113976728381365028176768089297446253315055394342294469399137191680512391969546115448286146817943279052646826752770782447405784923594736598315021576598724156602522260780474571621432724369918294139101567475078068420473255142238014835299995962846894564056905476198830820243230140387367892631288272783431917683781889191444613908505110782817645786017068321752096678641811279785566853366404197224736627033141903321940821140582656756756538180529824266662335421751469343231812113997903130585456835459263116612724779833921750847714750494533232292183670833525061772513051747131380862073227398766013750512429350173496781331117398051603715536444679222425661826659540083334919579749061066558299673890240228842989437812667085674509583778983179831895867124769027936619738310358292190588350882452259357710887010786817121519511100810900572444544633077468503345149661986614688684962219449712218732995409466192514890002961687002159537900017887267183184002458575083370182151013204151565731068908810052180764784111347310273266185944766713208171355983322709681931302940296396007488480784161766440414379797261272033761447563818896359105953371406698480704629062247810	-3,-5,-5,-5,-5,-5,-5,-5,-5,-5,-5,-5	-6,5,5,5,5,5,-5,-5,-5,-5,-5,-5	ok
1.399399	-12.672673	-55.126961	0.371637	continued:5	234423788543221666869589841058293256947146341237195864601416477436698628991306797316927419517835903704062369926128505986131086308323707723104885844013406139912331275047936097075338153131234016116711701491432265625940816441588332097703628627751311952085943954455548645382492798608667916644772012901191847944804467694528824409829485788038982840360738023483404363341952458955110067928170243787308388305605436414789096840112693010893262889540310426019550538079684469572217546824504887123648821245465060581782701461746475844158890108995084951999189569351873765631831087132286614147199138796246027104134022716653324636643193124936044343872737424495970972672939929822891773419584617566233184657473218750237280566993017472268989828037973409731080687504083774639864609359756000995789976753455189409038740525369348403395565538340479377215719129849985385476156636829510068047202297197650227818235188222330807524039994490141439699758945737487103390694888651777725566147510958640636083373113873861176091768665508826075794418649695742852058233961429885796718236866414043103237328998929751656283606598766604942849801714439240270620286459773307095511430623433206642350295627727066314318499335076625027698957349606749440688967848601104161925559771098508861122775824042729459273915054769714552374681031466911539350672832355141356102319091158986028959177658623839833832786130570958421415564930935649675423259101583896456477970658267510776810128234576593523458557551696545582014426690034705530323957605173891538570874846997159208484147625998406713878552180051280095244250550048116030879505263218545155763212384543229151659277481428337386861204748956277007925473611469989906242650132981872275600952505135937187495337660706312287400652780414809010384405250861236379670926922353469959964302738129188335895989981030701621536544295035394589574194895343156538085908055484087035401255172926379669620481936400421290174671506552018270300402944136182004405558356711478821743117021584867361251544733032525961532710215264412647041567933112208973647649905359242261137927215642336896058884888036848489136197711535060590997006437697876883183026892169254014310425410158082444725055623302506193292025678129679987371582026631456515533468212948275636557109622219131441161147539518640109014944740440749732557899384326276715533476926717959948137952780331475557089798292838155933418417486536854930498244064405746036330910538174175309043808517960066119858167475547513314225349446130659989230407160809962529835229252499644780899178618127503328320723829496526064510254966048299888832439111802421147303559627830757167186005728460773109974757969690590168317245036473783815514403059564250641558038114410440078715488196602798749104882243091720764993289914568435435911965720091887465401405395452318708790483923023352885829765340088763189061192444408588165862657014623305683037224198230799007789283835354580494870767726773727639430271292230377794158480514428735444752210756051938309257475078957356708728977423329776283852599	234423788543221666869589841058293256947146341510454550878545513928874580472305730017717232269535760074537393510316414473168547648965251868865160105584664216740271988793913202398261832636910488684258762243808996866054293489428932144709019587504930548604458724133823994559252055314655014876699904514514719971866244622544067200616862016493805317044887713148059765302823739782357320109217177086936974754577223031682322678791441549097536978354310308178373067324702883796685581072034118422939803199163648095774081417301875786992497375747680801544290082855360757709891830847362654631002736935015199059337379005769702469072947327036130732931261672797005856517389252290558877280023405397296268734934742953029928434031321333629147799047183177733365553467517856064413863197953022313364938489124304954778012810785086473784970352873663863348370292894071655400480108781292560357303734576063257228181047849174089817887415432353206711453400872317567636377328155062756993828050147295212427829227178026049920639808553630003935234373926758028541873461194497583417589728818039752256898048492658425093573810923269032067796590982656437567092659270948689491241198382985394992099170917655305480359850749244594858449100117484711038775976701366248502097068518592314768155775516835948432130575801570696167073190909856296564025894507463680463842044251939108408449093687225451381099036170259665354799255369269382789745146265301586124770631615876219084453679272257616240712932652119477238454381736851373791966914562451368285245675516452003412207994373262477717489941181480181033850553095572523302215645221454445965952363183160015004868492508778187423041214854361022946780077237059525440440636753693385181614572917321394161482369368581881735454386070787418030141781528144707170361179153705396915981351418264896628138243016171096720850863891849429064737772243032113976728381365028176768089297446253315055394342294469399137191680512391969546115448286146817943279052646826752770782447405784923594736598315021576598724156602522260780474571621432724369918294139101567475078068420473255142238014835299995962846894564056905476198830820243230140387367892631288272783431917683781889191444613908505110782817645786017068321752096678641811279785566853366404197224736627033141903321940821140582656756756538180529824266662335421751469343231812113997903130585456835459263116612724779833921750847714750494533232292183670833525061772513051747131380862073227398766013750512429350173496781331117398051603715536444679222425661826659540083334919579749061066558299673890240228842989437812667085674509583778983179831895867124769027936619738310358292190588350882452259357710887010786817121519511100810900572444544633077468503345149661986614688684962219449712218732995409466192514890002961687002159537900017887267183184002458575083370182151013204151565731068908810052180764784111347310273266185944766713208171355983322709681931302940296396007488480784161766440414379797261272033761447563818896359105953371406698480704629062247810	3,-5,-5,-5,-5,-5,-5,-5,-5,-5,-5,-5	-6,5,5,5,5,5,-5,-5,-5,-5,-5,-5	ok
1.403403	-12.672673	-55.636938	0.374430	continued:5	234423788543221666869589841058293256947146341237195864601416477436698628991306797316927419517835903704062369926128505986131086308323707723104885844013406139912331275047936097075338153131234016116711701491432265625940816441588332097703628627751311952085943954455548645382492798608667916644772012901191847944804467694528824409829485788038982840360738023483404363341952458955110067928170243787308388305605436414789096840112693010893262889540310426019550538079684469572217546824504887123648821245465060581782701461746475844158890108995084951999189569351873765631831087132286614147199138796246027104134022716653324636643193124936044343872737424495970972672939929822891773419584617566233184657473218750237280566993017472268989828037973409731080687504083774639864609359756000995789976753455189409038740525369348403395565538340479377215719129849985385476156636829510068047202297197650227818235188222330807524039994490141439699758945737487103390694888651777725566147510958640636083373113873861176091768665508826075794418649695742852058233961429885796718236866414043103237328998929751656283606598766604942849801714439240270620286459773307095511430623433206642350295627727066314318499335076625027698957349606749440688967848601104161925559771098508861122775824042729459273915054769714552374681031466911539350672832355141356102319091158986028959177658623839833832786130570958421415564930935649675423259101583896456477970658267510776810128234576593523458557551696545582014426690034705530323957605173869885682451210686975748052073634632207113533129805814404387736145101894446041701083705430166176006922977401137793825382987121692279400264662772439758368905621243767274625051109792013695444470374140645578089566060868157378333162149494712797005837000265018086336704773155687205402669676076211551052938092521532416870799717027400339686396291434965760664784812307651321626388192869203537117891383342782719504724408288126878658185156067319327744388975132635988057174168290210637567650991623790723466793653036695869548532562427831620200045155165321680057992548683530818376394705029794471125059903277596897055930461374079624464364432323078271082746788735480311091837605887114291912453597651490895768867061932708729773836636469643626136692848138459142408606428763379566762458375098845020931620460909763777594891224295421618082539494353345436858865230285532984074134190814970405429100171554216995421310649653061504188724305085654589242193830447001559662856129031075435506856480109656307745182082877244758068062842539408229654115927398724066448907490606418324905184784349464811848536184444443923943570256208598786977711256223513682282027687796203194802725420015939110188234995598726054426171888403201451237804655979803900530434119620777958479036921084468635379108710116878753731499275813497753332714195216252503833905129732525053699442217992465251599667729542143988691690089625752064396342863239708300603755685239081658426036902018517418284155126331331536324701927588934127635996676574360207285711	234423788543221666869589841058293256947146341510454550878545513928874580472305730017717232269535760074537393510316414473168547648965251868865160105584664216740271988793913202398261832636910488684258762243808996866054293489428932144709019587504930548604458724133823994559252055314655014876699904514514719971866244622544067200616862016493805317044887713148059765302823739782357320109217177086936974754577223031682322678791441549097536978354310308178373067324702883796685581072034118422939803199163648095774081417301875786992497375747680801544290082855360757709891830847362654631002736935015199059337379005769702469072947327036130732931261672797005856517389252290558877280023405397296268734934742953029928434031321333629147799047183177733365553467517856064413863197953022313364938489124304954778012810785086473784970352873663863348370292894071655400480108781292560357303734576063257228181047849174089817887415432353206711453400872317567636377328155062756993828050147295212427829227178026049920639808553630003935234373926758028541873461194497583417589728818039752256898048492658425093573810923269032067796590982656437567092659270948689491241198382985394992099170917655305480359850749244594858449100117484711038775976701366248502097068518592314768155775516835948432130575801570696167073190909856296564025894507463680463842044251939108408449093687225451381099036170259665354799255369269382789745146265301586124770631615876219084453679272257616240712932652119477238454381736851373791966914562451368285245675516452003412207994373262477717489941181480181033850553095572523302215645221454445965952363183160015004868492508778187423041214854361022946780077237059525440440636753693385181614572917321394161482369368581881735454386070787418030141781528144707170361179153705396915981351418264896628138243016171096720850863891849429064737772243032113976728381365028176768089297446253315055394342294469399137191680512391969546115448286146817943279052646826752770782447405784923594736598315021576598724156602522260780474571621432724369918294139101567475078068420473255142238014835299995962846894564056905476198830820243230140387367892631288272783431917683781889191444613908505110782817645786017068321752096678641811279785566853366404197224736627033141903321940821140582656756756538180529824266662335421751469343231812113997903130585456835459263116612724779833921750847714750494533232292183670833525061772513051747131380862073227398766013750512429350173496781331117398051603715536444679222425661826659540083334919579749061066558299673890240228842989437812667085674509583778983179831895867124769027936619738310358292190588350882452259357710887010786817121519511100810900572444544633077468503345149661986614688684962219449712218732995409466192514890002961687002159537900017887267183184002458575083370182151013204151565731068908810052180764784111347310273266185944766713208171355983322709681931302940296396007488480784161766440414379797261272033761447563818896359105953371406698480704629062247810	-3,-5,-5,-5,-5,-5,-5,-5,-5,-5,-5,-5	-6,5,5,5,5,5,-5,-5,-5,-5,-5,-5	ok
1.407407	-12.672673	-55.938870	0.377223	continued:5	234423788543221666869589841058293256947146341237195864601416477436698628991306797316927419517835903704062369926128505986131086308323707723104885844013406139912331275047936097075338153131234016116711701491432265625940816441588332097703628627751311952085943954455548645382492798608667916644772012901191847944804467694528824409829485788038982840360738023483404363341952458955110067928170243787308388305605436414789096840112693010893262889540310426019550538079684469572217546824504887123648821245465060581782701461746475844158890108995084951999189569351873765631831087132286614147199138796246027104134022716653324636643193124936044343872737424495970972672939929822891773419584617566233184657473218750237280566993017472268989828037973409731080687504083774639864609359756000995789976753455189409038740525369348403395565538340479377215719129849985385476156636829510068047202297197650227818235188222330807524039994490141439699758945737487103390694888651777725566147510958640636083373113873861176091768665508826075794418649695742852058233961429885796718236866414043103237328998929751656283606598766604942849801714439240270620286459773307095511430623433206642350295627727066314318499335076625027698957349606749440688967848601104161925559771098508861122775824042729459273915054769714552374681031466911539350672832355141356102319091158986028959177658623839833832786130570958421415564930935649675423259101583896456477970658267510776810128234576593523458557551696545582014426690034705530323957605173848232794027574376792287619999643266007513187707431577528680228039653740776052522662147641787196250633570259046435991488492815047171939324576588602508812337631017544643007452086602155115287988243145353968683794461030002469265671518574616583627268749668799793002482623957904450841036614023234766209886204012363212205055139019406089798597687526774983243661569131215607851521212812027404615300830285144148834777310024235487015967367998456651083219593553793154371231314995553913883757250215055485400877090808979092055497191743454266752440404971401098978057881724724740693904522022740453113922095020133203114854485050282365745701972476902527855068167312878177458619588471722390532881517173301804166152097233960944014205059991011615716276074057786843656065318008119024509972009756940309305341537493250839656305521872883288027126208375215316627932167732910034729850895093085880359956278702687954511710761131947699333640092211243058626220185346489805100362811931490881783305799409350085655134913254844735236947066951313130987508025300922068387560015164536760977930456896508476393512741058130680701134783956424463980664542756437196246810339118622574091047780467627578818431876787012030136855580203604153370727068867887036067578324673120481046108122077049805356812024781438798672514628603642620835663050343741818606617815056461941536227421361624820162111260853488969594096343896923633921917999705688961777240078247785522693593289608299391816099496610724763391928776220511546543015929818944130718824	234423788543221666869589841058293256947146341510454550878545513928874580472305730017717232269535760074537393510316414473168547648965251868865160105584664216740271988793913202398261832636910488684258762243808996866054293489428932144709019587504930548604458724133823994559252055314655014876699904514514719971866244622544067200616862016493805317044887713148059765302823739782357320109217177086936974754577223031682322678791441549097536978354310308178373067324702883796685581072034118422939803199163648095774081417301875786992497375747680801544290082855360757709891830847362654631002736935015199059337379005769702469072947327036130732931261672797005856517389252290558877280023405397296268734934742953029928434031321333629147799047183177733365553467517856064413863197953022313364938489124304954778012810785086473784970352873663863348370292894071655400480108781292560357303734576063257228181047849174089817887415432353206711453400872317567636377328155062756993828050147295212427829227178026049920639808553630003935234373926758028541873461194497583417589728818039752256898048492658425093573810923269032067796590982656437567092659270948689491241198382985394992099170917655305480359850749244594858449100117484711038775976701366248502097068518592314768155775516835948432130575801570696167073190909856296564025894507463680463842044251939108408449093687225451381099036170259665354799255369269382789745146265301586124770631615876219084453679272257616240712932652119477238454381736851373791966914562451368285245675516452003412207994373262477717489941181480181033850553095572523302215645221454445965952363183160015004868492508778187423041214854361022946780077237059525440440636753693385181614572917321394161482369368581881735454386070787418030141781528144707170361179153705396915981351418264896628138243016171096720850863891849429064737772243032113976728381365028176768089297446253315055394342294469399137191680512391969546115448286146817943279052646826752770782447405784923594736598315021576598724156602522260780474571621432724369918294139101567475078068420473255142238014835299995962846894564056905476198830820243230140387367892631288272783431917683781889191444613908505110782817645786017068321752096678641811279785566853366404197224736627033141903321940821140582656756756538180529824266662335421751469343231812113997903130585456835459263116612724779833921750847714750494533232292183670833525061772513051747131380862073227398766013750512429350173496781331117398051603715536444679222425661826659540083334919579749061066558299673890240228842989437812667085674509583778983179831895867124769027936619738310358292190588350882452259357710887010786817121519511100810900572444544633077468503345149661986614688684962219449712218732995409466192514890002961687002159537900017887267183184002458575083370182151013204151565731068908810052180764784111347310273266185944766713208171355983322709681931302940296396007488480784161766440414379797261272033761447563818896359105953371406698480704629062247810	2,-5,-5,-5,-5,-5,-5,-5,-5,-5,-5,-5	-6,5,5,5,5,5,-5,-5,-5,-5,-5,-5	ok
1.411411	-12.672673	-56.109674	0.375768	continued:5	234423788543221666869589841058293256947146341237195864601416477436698628991306797316927419517835903704062369926128505986131086308323707723104885844013406139912331275047936097075338153131234016116711701491432265625940816441588332097703628627751311952085943954455548645382492798608667916644772012901191847944804467694528824409829485788038982840360738023483404363341952458955110067928170243787308388305605436414789096840112693010893262889540310426019550538079684469572217546824504887123648821245465060581782701461746475844158890108995084951999189569351873765631831087132286614147199138796246027104134022716653324636643193124936044343872737424495970972672939929822891773419584617566233184657473218750237280566993017472268989828037973409731080687504083774639864609359756000995789976753455189409038740525369348403395565538340479377215719129849985385476156636829510068047202297197650227818235188222330807524039994490141439699758945737487103390694888651777725566147510958640636083373113873861176091768665508826075794418649695742852058233961429885796718236866414043103237328998929751656283606598766604942849801714439240270620286459773307095511430623433206642350295627727066314318499335076625027698957349606749440688967848601104161925559771098508861122775824042729459273915054769714552374681031466911539350672832355141356102319091158986028959177658623839833832786130570958421415564930935649675423259101583896456477970658267510776810128234576593523458557551696545582014426690034705530323957605173848232794027574376792287619999643266007513187707431577528680228039653740776052522662147641787196250633570259046435991488492815047171939324576588602508812337631017544643007452086602155115287988243145353968683794461030002469265671518574616583627268749668799793002482623957904450841036614023234766209886204012363212205055139019406089798597687526774983243661569131215607851521212812027404615300830285144148834777310024235487015967367998456651083219593553793154371231314995553913883757250215055485400877090808979092055497191743454266752440404971401098978057881724724740693904522022740453113922095020133203114854485050282365745701972476902527855068167312878177458619588471722390532881517173301804166152097233960944014205059991011615716276074057786843656065318008119024509972009756940309305341537493250839656305521872883288027126208375215316627932167732910034729850895093085880359956278702687954511710761131947699333640092211243058626220185346489805100362811931490881783305799409350085655134913254844735236947066951313130987508025300922068387560015164536760977930456896508476393512741058130680701134783956424463980664542756437196246810339118622574091047780467627578818431876787012030136855580203604153370727068867887036067578324673120481046108122077049805356812024781438798672514628603642620835663050343741818606617815056461941536227421361624820162111260853488969594096343896923633921917999705688961777240078247785522693593289608299391816099496610724763391928776220511546543015929818944130718824	234423788543221666869589841058293256947146341510454550878545513928874580472305730017717232269535760074537393510316414473168547648965251868865160105584664216740271988793913202398261832636910488684258762243808996866054293489428932144709019587504930548604458724133823994559252055314655014876699904514514719971866244622544067200616862016493805317044887713148059765302823739782357320109217177086936974754577223031682322678791441549097536978354310308178373067324702883796685581072034118422939803199163648095774081417301875786992497375747680801544290082855360757709891830847362654631002736935015199059337379005769702469072947327036130732931261672797005856517389252290558877280023405397296268734934742953029928434031321333629147799047183177733365553467517856064413863197953022313364938489124304954778012810785086473784970352873663863348370292894071655400480108781292560357303734576063257228181047849174089817887415432353206711453400872317567636377328155062756993828050147295212427829227178026049920639808553630003935234373926758028541873461194497583417589728818039752256898048492658425093573810923269032067796590982656437567092659270948689491241198382985394992099170917655305480359850749244594858449100117484711038775976701366248502097068518592314768155775516835948432130575801570696167073190909856296564025894507463680463842044251939108408449093687225451381099036170259665354799255369269382789745146265301586124770631615876219084453679272257616240712932652119477238454381736851373791966914562451368285245675516452003412207994373262477717489941181480181033850553095572523302215645221454445965952363183160015004868492508778187423041214854361022946780077237059525440440636753693385181614572917321394161482369368581881735454386070787418030141781528144707170361179153705396915981351418264896628138243016171096720850863891849429064737772243032113976728381365028176768089297446253315055394342294469399137191680512391969546115448286146817943279052646826752770782447405784923594736598315021576598724156602522260780474571621432724369918294139101567475078068420473255142238014835299995962846894564056905476198830820243230140387367892631288272783431917683781889191444613908505110782817645786017068321752096678641811279785566853366404197224736627033141903321940821140582656756756538180529824266662335421751469343231812113997903130585456835459263116612724779833921750847714750494533232292183670833525061772513051747131380862073227398766013750512429350173496781331117398051603715536444679222425661826659540083334919579749061066558299673890240228842989437812667085674509583778983179831895867124769027936619738310358292190588350882452259357710887010786817121519511100810900572444544633077468503345149661986614688684962219449712218732995409466192514890002961687002159537900017887267183184002458575083370182151013204151565731068908810052180764784111347310273266185944766713208171355983322709681931302940296396007488480784161766440414379797261272033761447563818896359105953371406698480704629062247810	2,-5,-5,-5,-5,-5,-5,-5,-5,-5,-5,-5	-6,5,5,5,5,5,-5,-5,-5,-5,-5,-5	ok
1.415415	-12.672673	-56.255572	0.375394	full	234423788543221666869589841058293256947146341237195864601416477436698628991306797316927419517835903704062369926128505986131086308323707723104885844013406139912331275047936097075338153131234016116711701491432265625940816441588332097703628627751311952085943954455548645382492798608667916644772012901191847944804467694528824409829485788038982840360738023483404363341952458955110067928170243787308388305605436414789096840112693010893262889540310426019550538079684469572217546824504887123648821245465060581782701461746475844158890108995084951999189569351873765631831087132286614147199138796246027104134022716653324636643193124936044343872737424495970972672939929822891773419584617566233184657473218750237280566993017472268989828037973409731080687504083774639864609359756000995789976753455189409038740525369348403395565538340479377215719129849985385476156636829510068047202297197650227818235188222330807524039994490141439699758945737487103390694888651777725566147510958640636083373113873861176091768665508826075794418649695742852058233961429885796718236866414043103237328998929751656283606598766604942849801714439240270620286459773307095511430623433206642350295627727066314318499335076625027698957349606749440688967848601104161925559771098508861122775824042729459273915054769714552374681031466911539350672832355141356102319091158986028959177658623839833832786130570958421415564930935649675423259101583896456477970658267510776810128234576593523458557551696545582014426690034705530323957605173848232794027574376792287619999643266007513187707431577528680228039653740776052522662147641787196250633570259046435991488492815047171939324576588602508812337631017544643007452086602155115287988243145353968683794461030002469265671518574616583627268749668799793002482623957904450841036614023234766209886204012363212205055139019406089798597687526774983243661569131215607851521212812027404615300830285144148834777310024235487015967367998456651083219593553793154371231314995553913883757250215055485400877090808979092055497191743454266752440404971401098978057881724724740693904522022740453113922095020133203114854485050282365745701972476902527855068167312878177458619588471722390532881517173301804166152097233960944014205059991011615716276074057786843656065318008119024509972009756940309305341537493250839656305521872883288027126208375215316627932167732910034729850895093085880359956278702687954511710761131947699333640092211243058626220185346489805100362811931490881783305799409350085655134913254844735236947066951313130987508025300922068387560015164536760977930456896508476393512741058130680701134783956424463980664542756437196246810339118622574091047780467627578818431876787012030136855580203604153370727068867887036067578324673120481046108122077049805356812024781438798672514628603642620835663050343741818606617815056461941536227421361624820162111260853488969594096343896923633921917999705688961777240078247785522693593289608299391816099496610724763391928776220511546543015929818944130718824	234423788543221666869589841058293256947146341510454550878545513928874580472305730017717232269535760074537393510316414473168547648965251868865160105584664216740271988793913202398261832636910488684258762243808996866054293489428932144709019587504930548604458724133823994559252055314655014876699904514514719971866244622544067200616862016493805317044887713148059765302823739782357320109217177086936974754577223031682322678791441549097536978354310308178373067324702883796685581072034118422939803199163648095774081417301875786992497375747680801544290082855360757709891830847362654631002736935015199059337379005769702469072947327036130732931261672797005856517389252290558877280023405397296268734934742953029928434031321333629147799047183177733365553467517856064413863197953022313364938489124304954778012810785086473784970352873663863348370292894071655400480108781292560357303734576063257228181047849174089817887415432353206711453400872317567636377328155062756993828050147295212427829227178026049920639808553630003935234373926758028541873461194497583417589728818039752256898048492658425093573810923269032067796590982656437567092659270948689491241198382985394992099170917655305480359850749244594858449100117484711038775976701366248502097068518592314768155775516835948432130575801570696167073190909856296564025894507463680463842044251939108408449093687225451381099036170259665354799255369269382789745146265301586124770631615876219084453679272257616240712932652119477238454381736851373791966914562451368285245675516452003412207994373262477717489941181480181033850553095572523302215645221454445965952363183160015004868492508778187423041214854361022946780077237059525440440636753693385181614572917321394161482369368581881735454386070787418030141781528144707170361179153705396915981351418264896628138243016171096720850863891849429064737772243032113976728381365028176768089297446253315055394342294469399137191680512391969546115448286146817943279052646826752770782447405784923594736598315021576598724156602522260780474571621432724369918294139101567475078068420473255142238014835299995962846894564056905476198830820243230140387367892631288272783431917683781889191444613908505110782817645786017068321752096678641811279785566853366404197224736627033141903321940821140582656756756538180529824266662335421751469343231812113997903130585456835459263116612724779833921750847714750494533232292183670833525061772513051747131380862073227398766013750512429350173496781331117398051603715536444679222425661826659540083334919579749061066558299673890240228842989437812667085674509583778983179831895867124769027936619738310358292190588350882452259357710887010786817121519511100810900572444544633077468503345149661986614688684962219449712218732995409466192514890002961687002159537900017887267183184002458575083370182151013204151565731068908810052180764784111347310273266185944766713208171355983322709681931302940296396007488480784161766440414379797261272033761447563818896359105953371406698480704629062247810	2,-5,-5,-5,-5,-5,-5,-5,-5,-5,-5,-5	-6,5,5,5,5,5,-5,-5,-5,-5,-5,-5	ok
1.419419	-12.672673	-18.664637	0.360273	continued:5	234423788543221666869680391967016730371103576339538633978332435279643087295930613206250668108739082363614034075767731599098031299354089020615233163567888683252969568896712971433356660667740564570438007169288302703707904731045812073705366785005780669476188704365505403013863551613339733205769121962437789455406394519527628997583269089814416164992294869230167792093900919344510627969204826258462109976968924635416782440339018847523837363460436598822292018033325461568014410758399039755491262063069991434947185228480585755903638552980000004370457750925613990209534540263753953518014941876861241418869073961060400779767395327314397047180588592208896058291334079830591993317102803405255642085674015780287556193040143716907681455890571568635979842496338881076184728673466347898088891804489765169125768848016107175130389960736361844035826669579150419479248859986038654902890989383105530706724634193627501775613596173791555618276300596847807063849276679862429740382141105491825195475946340751055036653490070143424992457428116534338598690462847296754841274863717338088758302018610123103789917844902587539520352580529023049031655543666487779644192766426873790261936702813844774199935434465255549079453677540487043285457183902087534288900893993528819267020711737330489480848079496374212691048585946294416929986982516174533742643590253514204995481623585727472173731690227049239573650172044593794333871509803050144529174815072822215133633916560037092030917218071897146920819573380639579269086906678024606566075762909759686758759043041934795254734333702797693349776875716858465115754862349307530168489234389580913075876112768981448955815433466128149404420389382074431785341469980593397527477222113112598405879373404281017854320994565672754343824367410209149354983881982941597394674647119182467870259576705929541266368290726205965865899836268714286356382589273573508491203534275037601433886281052188876732683395607352145654289165088632297033945002462861202711250307834435987321902848092369799449321687820254131195621262100059498029238017284397008815876451000067675062974965895384779284045521759227339039712451907722031518807526693769401574367967238947581643577843343890982107108907649411966544032556583282118721939052022654337856345868840858647241341782884792998370485494967884722980454312420252422108058876361291889849238683387385635615248669753835132873667001785774509464068513379772744331089808934200015595918450817420028355146155224917017161763571760398137891508044227511682612846545367387410768831453187224952640495425162130912015771239265681393135622034690514951712856911073302668747807236642645046741544383344712768840064041728025246224202277967959226885465948058827085713475432910210029374130567822747878482605940968414889720754930335860140665978690097967014271354187663843551303416776641021826863577491772210499339216946544554067006755429632863433051005284549525319367563275795934060830801512371130700810325528497781711980762855958118633047205928598088511655057917315165905265253	234423788543221666869589841058293256947146341237195864601416477436698628991306797316927419522812888314519733468122702459887673804986571624042831078276885403609953191507650521420276652389371065915706443843172792228954720413096722362401914228063344838832123909504945409721890231199176946458566761575805499300843511908088329097298176580327331268666003195958049160996294488865878107708462559039276375237595323227823413709723609238424442241966480891658422896221363790473703424741045981547415545295950802181870782863982864171688845451025827365670550821716304394039349435080722861487180745926654834606466996750380969743979434292049003259284747808648738592529053816961942933481337090382923466052588534261165612415361596856600024346524799723733493805218300698015606993643928269638767365047823603040085561564139377628730529025589705957534854816187937594993568162218496123337842630565460470015329445697439946107369946710056527792119154218892478186465613674029061063034236062286490015327405156235345190418710622933098051100689428519859440731136001336953539757347840602364800235672371553960652514818178877536367819257783722016706478460942567521248411907530042856957521608067447957549523675577817354366830080183806797909713585374141371119549745725371742172974333928742909619688640234377834796803034313383706539533961138259984579407659674849480510369831233782096499623302724947700785686936850078647755219877214457799638444689794598188833154017428158029950604320221945015957375101182774789923305341398552988876563058147867341811168779809811412619115005854227597116981781575044097288227229585313134101319002990160668274683506823864944502998093150656448676109249488136448711550040072846893158404960383127888200936184158156208231695611784353343952080701229275343152259794436531854689011457824195277932847953232076390225827589836044989003664258513732321080997928361512002039896318681439485756026919438029546482384358902909368018120745039504918183780059600728834589275238408906370677455043969113191233025736080405854103748094799537224435873830970161641212495678182902886497916956534821339454299276124380694863061976319015131393254567492625195595985545861871831656285162372902906548772782258653706219012624265923998090217580206932138568291082692124317404343016636065037095417183025472551678538130911762436850541589685224163737479281680924585205738782558409862034713244886898013519143607988385949296785007799364679338995458710252529801275928102058904254662787933403636971451124817831204527719686458346106076144872504339365998964426602882019146706842298484735101302669553446245155459895224519632002522283939993619523846227505997091367758481224497517046105344263697431738081046400796372822369107358803384536034127012502608599120423765562734211405261777248624786904806093832442232744842796821731446918225663733991159226840193626540981247580279776075094193323162251440780504318307160168638398263445869446941206157816375314544361623858021147289097039989964717238150995195474010540380768255982161769329	-2,-6,-6,5,5,5,5,-5,-5,-5,-5,-5	-6,5,5,5,5,-5,-5,-5,-5,-5,-5,-5	ok
1.423423	-12.672673	-45.713530	0.363066	continued:5	234423788543221666869680391967016730371103576339538633978332435279643087295930613206250668108739082363614034075767731599098031299354089020615233163567888683252969568896712971433356660667740564570438007169288302703707904731045812073705366785005780669476188704365505403013863551613339733205769121962437789455406394519527628997583269089814416164992294869230167792093900919344510627969204826258462109976968924635416782440339018847523837363460436598822292018033325461568014410758399039755491262063069991434947185228480585755903638552980000004370457750925613990209534540263753953518014941876861241418869073961060400779767395327314397047180588592208896058291334079830591993317102803405255642085674015780287556193040143716907681455890571568635979842496338881076184728673466347898088891804489765169125768848016107175130389960736361844035826669579150419479248859986038654902890989383105530706724634193627501775613596173791555618276300596847807063849276679862429740382141105491825195475946340751055036653490070143424992457428116534338598690462847296754841274863717338088758302018610123103789917844902587539520352580529023049031655543666487779644192766426873790261936702813844774199935434465255549079453677540487043285457183902087534288900893993528819267020711737330489480848079496374212691048585946294416929986982516174533742643590253514204995481623585727472173731690227049239573650172044593794333871509803050144529174815072822215133633916560037092030917218071897146920819573380639579269086906678024606566075762909759686758759043041934795254734333702797693349776875716858465115754862349307530168489234389580913075876112768981448955815433466128149404420389382074431785341469980593397527477222113112598405879373404281017854320994565672754343824367410209149354983881982941597394674647119182467870259576705929541266368290726205965865899836268714286356382589273573508491203534275037601433886281052188876732683395607352145654289165088632297033945002462861202711250307834435987321902848092369799449321687820254131195621262100059498029238017284397008815876451000067675062974965895384779284045521759227339039712451907722031518807526693769401574367967238947581643577843343890982107108907649411966544032556583282118721939052022654337856345868840858647241341782884792998370485494967884722980454312420252422108058876361291889849238683387385635615248669753835132873667001785774509464068513379772744331089808934200015595918450817420028355146155224917017161763571760398137891508044227511682612846545367387410768831453187224952640495425162130912015771239265681393135622034690514951712856911073302668747807236642645046741544383344712768840064041728025246224202277967959226885465948058827085713475432910210029374130567822747878482605940968414889720754930335860140665978690097967014271354187663843551303416776641021826863577491772210499339216946544554067006755429632863433051005284549525319367563275795934060830801512371130700810325528497781711980762855958118633047205928598088511655057917315165905265253	234423788543221666869589841058293256947146341237195864601416477436698628991306797316927419522812888314519733468122702459887673804986571624042831078276885403609953191507650521420276652389371065915706443843172792228954720413096722362401914228063344838832123909504945409721890231199176946458566761575805499300843511908088329097298176580327331268666003195958049160996294488865878107708462559039276375237595323227823413709723609238424442241966480891658422896221363790473703424741045981547415545295950802181870782863982864171688845451025827365670550821716304394039349435080722861487180745926654834606466996750380969743979434292049003259284747808648738592529053816961942933481337090382923466052588534261165612415361596856600024346524799723733493805218300698015606993643928269638767365047823603040085561564139377628730529025589705957534854816187937594993568162218496123337842630565460470015329445697439946107369946710056527792119154218892478186465613674029061063034236062286490015327405156235345190418710622933098051100689428519859440731136001336953539757347840602364800235672371553960652514818178877536367819257783722016706478460942567521248411907530042856957521608067447957549523675577817354366830080183806797909713585374141371119549745725371742172974333928742909619688640234377834796803034313383706539533961138259984579407659674849480510369831233782096499623302724947700785686936850078647755219877214457799638444689794598188833154017428158029950604320221945015957375101182774789923305341398552988876563058147867341811168779809811412619115005854227597116981781575044097288227229585313134101319002990160668274683506823864944502998093150656448676109249488136448711550040072846893158404960383127888200936184158156208231695611784353343952080701229275343152259794436531854689011457824195277932847953232076390225827589836044989003664258513732321080997928361512002039896318681439485756026919438029546482384358902909368018120745039504918183780059600728834589275238408906370677455043969113191233025736080405854103748094799537224435873830970161641212495678182902886497916956534821339454299276124380694863061976319015131393254567492625195595985545861871831656285162372902906548772782258653706219012624265923998090217580206932138568291082692124317404343016636065037095417183025472551678538130911762436850541589685224163737479281680924585205738782558409862034713244886898013519143607988385949296785007799364679338995458710252529801275928102058904254662787933403636971451124817831204527719686458346106076144872504339365998964426602882019146706842298484735101302669553446245155459895224519632002522283939993619523846227505997091367758481224497517046105344263697431738081046400796372822369107358803384536034127012502608599120423765562734211405261777248624786904806093832442232744842796821731446918225663733991159226840193626540981247580279776075094193323162251440780504318307160168638398263445869446941206157816375314544361623858021147289097039989964717238150995195474010540380768255982161769329	-2,-6,-6,5,5,5,5,-5,-5,-5,-5,-5	-6,5,5,5,5,-5,-5,-5,-5,-5,-5,-5	ok
1.427427	-12.672673	-50.073211	0.360273	continued:5	234423788543221666869680391967016730371103576339538633978332435279643087295930613206250668108739082363614034075767731599098031299354089020615233163567888683252969568896712971433356660667740564570438007169288302703707904731045812073705366785005780669476188704365505403013863551613339733205769121962437789455406394519527628997583269089814416164992294869230167792093900919344510627969204826258462109976968924635416782440339018847523837363460436598822292018033325461568014410758399039755491262063069991434947185228480585755903638552980000004370457750925613990209534540263753953518014941876861241418869073961060400779767395327314397047180588592208896058291334079830591993317102803405255642085674015780287556193040143716907681455890571568635979842496338881076184728673466347898088891804489765169125768848016107175130389960736361844035826669579150419479248859986038654902890989383105530706724634193627501775613596173791555618276300596847807063849276679862429740382141105491825195475946340751055036653490070143424992457428116534338598690462847296754841274863717338088758302018610123103789917844902587539520352580529023049031655543666487779644192766426873790261936702813844774199935434465255549079453677540487043285457183902087534288900893993528819267020711737330489480848079496374212691048585946294416929986982516174533742643590253514204995481623585727472173731690227049239573650172044593794333871509803050144529174815072822215133633916560037092030917218071897146920819573380639579269086906678067912342923035530126615986771185775082916646028533801096527826480111247452466585932229747387144786207466740837171120167768928851609993081595025419900745032313395382894942373660550115815987635959940143093559539816073774976984089965336891873644690882529949229462580171677339431789993041173155387749389964372060820970676982497532529686777544471824454244269962573169026951027437480985415462913974973553482952139162061403844245949956535363489700190992240528269888132277754806767153348227714606051928046007819136932365914736777059386189136928583766185789760651058133815516704622300580766376346021432170672676658924928942154883385055785938209328831115725552785641449271242877788778826473064820670533328578206844239086136479095625045444800118183940011583736883216534301083879688911145592142341921564248294941769643473125254413196794335244676798611119229003920898260340238456100955223301587408340859799523116856619729060499363944834731597165262021326470767352079660348188507764803261113562051888820403550157624556443571714715597163515988492497102372808728756634014896051248790774582393329734148613424611264112954833204049175220561805362100510392841204730561040464869499326646704353906745490316617911591578866257658899150700431618785948428611146168299599005200790206036235123617917536357773734164064412699543348820976054291123498379623663601276029946917159030975291411185296512376957690671855084794360295075198444955230731491856051518948165686663027558695222741158107407996431763884395173940042246	234423788543221666869589841058293256947146341237195864601416477436698628991306797316927419522812888314519733468122702459887673804986571624042831078276885403609953191507650521420276652389371065915706443843172792228954720413096722362401914228063344838832123909504945409721890231199176946458566761575805499300843511908088329097298176580327331268666003195958049160996294488865878107708462559039276375237595323227823413709723609238424442241966480891658422896221363790473703424741045981547415545295950802181870782863982864171688845451025827365670550821716304394039349435080722861487180745926654834606466996750380969743979434292049003259284747808648738592529053816961942933481337090382923466052588534261165612415361596856600024346524799723733493805218300698015606993643928269638767365047823603040085561564139377628730529025589705957534854816187937594993568162218496123337842630565460470015329445697439946107369946710056527792119154218892478186465613674029061063034236062286490015327405156235345190418710622933098051100689428519859440731136001336953539757347840602364800235672371553960652514818178877536367819257783722016706478460942567521248411907530042856957521608067447957549523675577817354366830080183806797909713585374141371119549745725371742172974333928742909619688640234377834796803034313383706539533961138259984579407659674849480510369831233782096499623302724947700785686936850078647755219877214457799638444689794598188833154017428158029950604320221945015957375101182774789923305341398552988876563058147867341811168779809811412619115005854227597116981781575044097288227229585313134101319002990160668274683506823864944502998093150656448676109249488136448711550040072846893158404960383127888200936184158156208231695611784353343952080701229275343152259794436531854689011457824195277932847953232076390225827589836044989003664258513732321080997928361512002039896318681439485756026919438029546482384358902909368018120745039504918183780059600728834589275238408906370677455043969113191233025736080405854103748094799537224435873830970161641212495678182902886497916956534821339454299276124380694863061976319015131393254567492625195595985545861871831656285162372902906548772782258653706219012624265923998090217580206932138568291082692124317404343016636065037095417183025472551678538130911762436850541589685224163737479281680924585205738782558409862034713244886898013519143607988385949296785007799364679338995458710252529801275928102058904254662787933403636971451124817831204527719686458346106076144872504339365998964426602882019146706842298484735101302669553446245155459895224519632002522283939993619523846227505997091367758481224497517046105344263697431738081046400796372822369107358803384536034127012502608599120423765562734211405261777248624786904806093832442232744842796821731446918225663733991159226840193626540981247580279776075094193323162251440780504318307160168638398263445869446941206157816375314544361623858021147289097039989964717238150995195474010540380768255982161769329	-3,-6,-6,5,5,5,5,-5,-5,-5,-5,-5	-6,5,5,5,5,-5,-5,-5,-5,-5,-5,-5	ok
1.431431	-12.672673	-52.695399	0.363066	continued:5	234423788543221666869589841058293256947146341510454550878545513928874580472305730017717232269535760074537393510316414473168547648965251868865160105584664216740271988793913202398261832636910488684258762243808996866054293489428932144709019587504930548604458724133823994559252055314655014876699904514514719971866244622544067200616862016493805317044887713148059765302823739782357320109217177086936974754577223031682322678791441549097536978354310308178373067324702883796685581072034118422939803199163648095774081417301875786992497375747680801544290082855360757709891830847362654631002736935015199059337379005769702469072947327036130732931261672797005856517389252290558877280023405397296268734934742953029928434031321333629147799047183177733365553472023830825627019708936583283680404339894384301473323279242277565263136005514241140505579155206118765943763120776822423392976716417451756869583691740819523023831321560508955916509840197708860341824757023542311140745080839839954380073459818629560762938046927104624202202211314474776535589129133808770343846945500636813432743353628622559892837496180146571828488637311121608394682557040647085170930987591446782482021892687543477233495899254361501832280240245374049718200588351882570201412266473473832490840807755405808213329921224591381369581167350157203683213934936013431977132234495010557520998388683836470410170639538536162719988223096320237690128227441547121333605851094174606111970612801439624042177140123727085599219967770432726653508013815015728273391086452120035997101726392108186499730948893034092757256608681830635540724124579411324230581932426166021364082347182105487120609405930690524300840835180425028715170745886635646019221973668025377435527023595196266920711981805116595978434869777148397184280963386391548888613187943842057904906060633302531561294868131451445409834160881787605331193069503955901517618793945117742527079673185711106065433086388193140819427031941074787613895740942444926653712556416064054142640831029039562971038015073153208907913029881971830620239226908837523101427719162846715238227755331056962067025441079113103328634759182063492735689469752197753455912172731762750406290421535110760680444017864169731189125506383737087427578628621791612479604354450799515942276897397569756394220576989337162158831931271849000409657964180681409669741316338410661529988954138241680365828883389572309782398579346678576651185785812058619265786570783296597635710173244749048247627009932946790254812950214262700052286942070485524571730871180658198272197105452854077304739052722614200433656522985489135740645064915664609672830436549108578567072548902713655395231522747872385795952427761889659308416185282823659714830954205701962492247657595097856963589365467015654301508070631919770864486436471195569723923413401159456976935559916019256868917103227910801439029289925143761495798659820129284852594789884421183624574079290597224271324811308622734397851434094653280163976307061508145376508808214097284374391667218352140072071	234423788543221666869589841058293256947146341237195864601416477436698628991306797316927419522812888314519733468122702459887673804986571624042831078276885403609953191507650521420276652389371065915706443843172792228954720413096722362401914228063344838832123909504945409721890231199176946458566761575805499300843511908088329097298176580327331268666003195958049160996294488865878107708462559039276375237595323227823413709723609238424442241966480891658422896221363790473703424741045981547415545295950802181870782863982864171688845451025827365670550821716304394039349435080722861487180745926654834606466996750380969743979434292049003259284747808648738592529053816961942933481337090382923466052588534261165612415361596856600024346524799723733493805218300698015606993643928269638767365047823603040085561564139377628730529025589705957534854816187937594993568162218496123337842630565460470015329445697439946107369946710056527792119154218892478186465613674029061063034236062286490015327405156235345190418710622933098051100689428519859440731136001336953539757347840602364800235672371553960652514818178877536367819257783722016706478460942567521248411907530042856957521608067447957549523675577817354366830080183806797909713585374141371119549745725371742172974333928742909619688640234377834796803034313383706539533961138259984579407659674849480510369831233782096499623302724947700785686936850078647755219877214457799638444689794598188833154017428158029950604320221945015957375101182774789923305341398552988876563058147867341811168779809811412619115005854227597116981781575044097288227229585313134101319002990160668274683506823864944502998093150656448676109249488136448711550040072846893158404960383127888200936184158156208231695611784353343952080701229275343152259794436531854689011457824195277932847953232076390225827589836044989003664258513732321080997928361512002039896318681439485756026919438029546482384358902909368018120745039504918183780059600728834589275238408906370677455043969113191233025736080405854103748094799537224435873830970161641212495678182902886497916956534821339454299276124380694863061976319015131393254567492625195595985545861871831656285162372902906548772782258653706219012624265923998090217580206932138568291082692124317404343016636065037095417183025472551678538130911762436850541589685224163737479281680924585205738782558409862034713244886898013519143607988385949296785007799364679338995458710252529801275928102058904254662787933403636971451124817831204527719686458346106076144872504339365998964426602882019146706842298484735101302669553446245155459895224519632002522283939993619523846227505997091367758481224497517046105344263697431738081046400796372822369107358803384536034127012502608599120423765562734211405261777248624786904806093832442232744842796821731446918225663733991159226840193626540981247580279776075094193323162251440780504318307160168638398263445869446941206157816375314544361623858021147289097039989964717238150995195474010540380768255982161769329	-3,-6,5,5,5,5,-5,-5,-5,-5,-5,-5	-6,5,5,5,5,-5,-5,-5,-5,-5,-5,-5	ok
1.435435	-12.672673	-54.291465	0.365860	continued:5	234423788543221666869589841058293256947146341237195864601416477436698628991306797316927419517835903704062369926128505986131086308323707723104885844013406139912331275047936097075338153131234016116711701491432265625940816441588332097703628627751311952085943954455548645382492798608667916644772012901191847944804467694528824409829485788038982840360738023483404363341952458955110067928170243787308388305605436414789096840112693010893262889540310426019550538079684469572217546824504887123648821245465060581782701461746475844158890108995084951999189569351873765631831087132286614147199138796246027104134022716653324636643193124936044343872737424495970972672939929822891773419584617566233184657473218750237280566993017472268989828037973409731080687504083774639864609359756000995789976753455189409038740525369348403395565538340479377215719129849985385476156636829510068047202297197650227818235188222330807524039994490141439699758945737487103390694888651777725566147510958640636083373113873861176091768665508826075794418649695742852058233961429885796718236866414043103237328998929751656283606598766604942849801714439240270620286459773307095511430623433206642350295627727066314318499335076625027698957349606749440688967848601104161925559771098508861122775824042729459273915054769714552374681031466911539350672832355141356102319091158986028959177658623839833832786130570958421415564930935649675423259101583896456477970658267510776810128234576593523458557551696545582014426690034705530323957605173869885682451210686975748052073634632207113533129805814404387736145101894446041701083705430166176006922977401137793825382987121692279400264662772439758368905621243767274625051109792013695444470374140645578089566060868157378333162149494712797005837000265018086336704773155687205402669676076211551052938092521532416870799717027400339686396291434965760664784812307651321626388192869203537117891383342782719504724408288126878658185156067319327744388975132635988057174168290210637567650991623790723466793653036695869548532562427831620200045155165321680057992548683530818376394705029794471125059903277596897055930461374079624464364432323078271082746788735480311091837605887114291912453597651490895768867061932708729773836636469643626136692848138459142408606428763379566762458375098845020931620460909763777594891224295421618082539494353345436858865230285532984074134190814970405429100171554216995421310649653061504188724305085654589242193830447001559662856129031075435506856480109656307745182082877244758068062842539408229654115927398724066448907490606418324905184784349464811848536184444443923943570256208598786977711256223513682282027687796203194802725420015939110188234995598726054426171888403201451237804655979803900530434119620777958479036921084468635379108710116878753731499275813497753332714195216252503833905129732525053699442217992465251599667729542143988691690089625752064396342863239708300603755685239081658426036902018517418284155126331331536324701927588934127635996676574360207285711	234423788543221666869589841058293256947146341237195864601416477436698628991306797316927419522812888314519733468122702459887673804986571624042831078276885403609953191507650521420276652389371065915706443843172792228954720413096722362401914228063344838832123909504945409721890231199176946458566761575805499300843511908088329097298176580327331268666003195958049160996294488865878107708462559039276375237595323227823413709723609238424442241966480891658422896221363790473703424741045981547415545295950802181870782863982864171688845451025827365670550821716304394039349435080722861487180745926654834606466996750380969743979434292049003259284747808648738592529053816961942933481337090382923466052588534261165612415361596856600024346524799723733493805218300698015606993643928269638767365047823603040085561564139377628730529025589705957534854816187937594993568162218496123337842630565460470015329445697439946107369946710056527792119154218892478186465613674029061063034236062286490015327405156235345190418710622933098051100689428519859440731136001336953539757347840602364800235672371553960652514818178877536367819257783722016706478460942567521248411907530042856957521608067447957549523675577817354366830080183806797909713585374141371119549745725371742172974333928742909619688640234377834796803034313383706539533961138259984579407659674849480510369831233782096499623302724947700785686936850078647755219877214457799638444689794598188833154017428158029950604320221945015957375101182774789923305341398552988876563058147867341811168779809811412619115005854227597116981781575044097288227229585313134101319002990160668274683506823864944502998093150656448676109249488136448711550040072846893158404960383127888200936184158156208231695611784353343952080701229275343152259794436531854689011457824195277932847953232076390225827589836044989003664258513732321080997928361512002039896318681439485756026919438029546482384358902909368018120745039504918183780059600728834589275238408906370677455043969113191233025736080405854103748094799537224435873830970161641212495678182902886497916956534821339454299276124380694863061976319015131393254567492625195595985545861871831656285162372902906548772782258653706219012624265923998090217580206932138568291082692124317404343016636065037095417183025472551678538130911762436850541589685224163737479281680924585205738782558409862034713244886898013519143607988385949296785007799364679338995458710252529801275928102058904254662787933403636971451124817831204527719686458346106076144872504339365998964426602882019146706842298484735101302669553446245155459895224519632002522283939993619523846227505997091367758481224497517046105344263697431738081046400796372822369107358803384536034127012502608599120423765562734211405261777248624786904806093832442232744842796821731446918225663733991159226840193626540981247580279776075094193323162251440780504318307160168638398263445869446941206157816375314544361623858021147289097039989964717238150995195474010540380768255982161769329	-3,-5,-5,-5,-5,-5,-5,-5,-5,-5,-5,-5	-6,5,5,5,5,-5,-5,-5,-5,-5,-5,-5	ok
1.439439	-12.672673	-55.170976	0.368653	continued:5	234423788543221666869589841058293256947146341237195864601416477436698628991306797316927419517835903704062369926128505986131086308323707723104885844013406139912331275047936097075338153131234016116711701491432265625940816441588332097703628627751311952085943954455548645382492798608667916644772012901191847944804467694528824409829485788038982840360738023483404363341952458955110067928170243787308388305605436414789096840112693010893262889540310426019550538079684469572217546824504887123648821245465060581782701461746475844158890108995084951999189569351873765631831087132286614147199138796246027104134022716653324636643193124936044343872737424495970972672939929822891773419584617566233184657473218750237280566993017472268989828037973409731080687504083774639864609359756000995789976753455189409038740525369348403395565538340479377215719129849985385476156636829510068047202297197650227818235188222330807524039994490141439699758945737487103390694888651777725566147510958640636083373113873861176091768665508826075794418649695742852058233961429885796718236866414043103237328998929751656283606598766604942849801714439240270620286459773307095511430623433206642350295627727066314318499335076625027698957349606749440688967848601104161925559771098508861122775824042729459273915054769714552374681031466911539350672832355141356102319091158986028959177658623839833832786130570958421415564930935649675423259101583896456477970658267510776810128234576593523458557551696545582014426690034705530323957605173891538570874846997159208484147625998406713878552180051280095244250550048116030879505263218545155763212384543229151659277481428337386861204748956277007925473611469989906242650132981872275600952505135937187495337660706312287400652780414809010384405250861236379670926922353469959964302738129188335895989981030701621536544295035394589574194895343156538085908055484087035401255172926379669620481936400421290174671506552018270300402944136182004405558356711478821743117021584867361251544733032525961532710215264412647041567933112208973647649905359242261137927215642336896058884888036848489136197711535060590997006437697876883183026892169254014310425410158082444725055623302506193292025678129679987371582026631456515533468212948275636557109622219131441161147539518640109014944740440749732557899384326276715533476926717959948137952780331475557089798292838155933418417486536854930498244064405746036330910538174175309043808517960066119858167475547513314225349446130659989230407160809962529835229252499644780899178618127503328320723829496526064510254966048299888832439111802421147303559627830757167186005728460773109974757969690590168317245036473783815514403059564250641558038114410440078715488196602798749104882243091720764993289914568435435911965720091887465401405395452318708790483923023352885829765340088763189061192444408588165862657014623305683037224198230799007789283835354580494870767726773727639430271292230377794158480514428735444752210756051938309257475078957356708728977423329776283852599	234423788543221666869589841058293256947146341237195864601416477436698628991306797316927419522812888314519733468122702459887673804986571624042831078276885403609953191507650521420276652389371065915706443843172792228954720413096722362401914228063344838832123909504945409721890231199176946458566761575805499300843511908088329097298176580327331268666003195958049160996294488865878107708462559039276375237595323227823413709723609238424442241966480891658422896221363790473703424741045981547415545295950802181870782863982864171688845451025827365670550821716304394039349435080722861487180745926654834606466996750380969743979434292049003259284747808648738592529053816961942933481337090382923466052588534261165612415361596856600024346524799723733493805218300698015606993643928269638767365047823603040085561564139377628730529025589705957534854816187937594993568162218496123337842630565460470015329445697439946107369946710056527792119154218892478186465613674029061063034236062286490015327405156235345190418710622933098051100689428519859440731136001336953539757347840602364800235672371553960652514818178877536367819257783722016706478460942567521248411907530042856957521608067447957549523675577817354366830080183806797909713585374141371119549745725371742172974333928742909619688640234377834796803034313383706539533961138259984579407659674849480510369831233782096499623302724947700785686936850078647755219877214457799638444689794598188833154017428158029950604320221945015957375101182774789923305341398552988876563058147867341811168779809811412619115005854227597116981781575044097288227229585313134101319002990160668274683506823864944502998093150656448676109249488136448711550040072846893158404960383127888200936184158156208231695611784353343952080701229275343152259794436531854689011457824195277932847953232076390225827589836044989003664258513732321080997928361512002039896318681439485756026919438029546482384358902909368018120745039504918183780059600728834589275238408906370677455043969113191233025736080405854103748094799537224435873830970161641212495678182902886497916956534821339454299276124380694863061976319015131393254567492625195595985545861871831656285162372902906548772782258653706219012624265923998090217580206932138568291082692124317404343016636065037095417183025472551678538130911762436850541589685224163737479281680924585205738782558409862034713244886898013519143607988385949296785007799364679338995458710252529801275928102058904254662787933403636971451124817831204527719686458346106076144872504339365998964426602882019146706842298484735101302669553446245155459895224519632002522283939993619523846227505997091367758481224497517046105344263697431738081046400796372822369107358803384536034127012502608599120423765562734211405261777248624786904806093832442232744842796821731446918225663733991159226840193626540981247580279776075094193323162251440780504318307160168638398263445869446941206157816375314544361623858021147289097039989964717238150995195474010540380768255982161769329	3,-5,-5,-5,-5,-5,-5,-5,-5,-5,-5,-5	-6,5,5,5,5,-5,-5,-5,-5,-5,-5,-5	ok
1.443443	-12.672673	-55.674271	0.371446	continued:5	234423788543221666869589841058293256947146341237195864601416477436698628991306797316927419517835903704062369926128505986131086308323707723104885844013406139912331275047936097075338153131234016116711701491432265625940816441588332097703628627751311952085943954455548645382492798608667916644772012901191847944804467694528824409829485788038982840360738023483404363341952458955110067928170243787308388305605436414789096840112693010893262889540310426019550538079684469572217546824504887123648821245465060581782701461746475844158890108995084951999189569351873765631831087132286614147199138796246027104134022716653324636643193124936044343872737424495970972672939929822891773419584617566233184657473218750237280566993017472268989828037973409731080687504083774639864609359756000995789976753455189409038740525369348403395565538340479377215719129849985385476156636829510068047202297197650227818235188222330807524039994490141439699758945737487103390694888651777725566147510958640636083373113873861176091768665508826075794418649695742852058233961429885796718236866414043103237328998929751656283606598766604942849801714439240270620286459773307095511430623433206642350295627727066314318499335076625027698957349606749440688967848601104161925559771098508861122775824042729459273915054769714552374681031466911539350672832355141356102319091158986028959177658623839833832786130570958421415564930935649675423259101583896456477970658267510776810128234576593523458557551696545582014426690034705530323957605173869885682451210686975748052073634632207113533129805814404387736145101894446041701083705430166176006922977401137793825382987121692279400264662772439758368905621243767274625051109792013695444470374140645578089566060868157378333162149494712797005837000265018086336704773155687205402669676076211551052938092521532416870799717027400339686396291434965760664784812307651321626388192869203537117891383342782719504724408288126878658185156067319327744388975132635988057174168290210637567650991623790723466793653036695869548532562427831620200045155165321680057992548683530818376394705029794471125059903277596897055930461374079624464364432323078271082746788735480311091837605887114291912453597651490895768867061932708729773836636469643626136692848138459142408606428763379566762458375098845020931620460909763777594891224295421618082539494353345436858865230285532984074134190814970405429100171554216995421310649653061504188724305085654589242193830447001559662856129031075435506856480109656307745182082877244758068062842539408229654115927398724066448907490606418324905184784349464811848536184444443923943570256208598786977711256223513682282027687796203194802725420015939110188234995598726054426171888403201451237804655979803900530434119620777958479036921084468635379108710116878753731499275813497753332714195216252503833905129732525053699442217992465251599667729542143988691690089625752064396342863239708300603755685239081658426036902018517418284155126331331536324701927588934127635996676574360207285711	234423788543221666869589841058293256947146341237195864601416477436698628991306797316927419522812888314519733468122702459887673804986571624042831078276885403609953191507650521420276652389371065915706443843172792228954720413096722362401914228063344838832123909504945409721890231199176946458566761575805499300843511908088329097298176580327331268666003195958049160996294488865878107708462559039276375237595323227823413709723609238424442241966480891658422896221363790473703424741045981547415545295950802181870782863982864171688845451025827365670550821716304394039349435080722861487180745926654834606466996750380969743979434292049003259284747808648738592529053816961942933481337090382923466052588534261165612415361596856600024346524799723733493805218300698015606993643928269638767365047823603040085561564139377628730529025589705957534854816187937594993568162218496123337842630565460470015329445697439946107369946710056527792119154218892478186465613674029061063034236062286490015327405156235345190418710622933098051100689428519859440731136001336953539757347840602364800235672371553960652514818178877536367819257783722016706478460942567521248411907530042856957521608067447957549523675577817354366830080183806797909713585374141371119549745725371742172974333928742909619688640234377834796803034313383706539533961138259984579407659674849480510369831233782096499623302724947700785686936850078647755219877214457799638444689794598188833154017428158029950604320221945015957375101182774789923305341398552988876563058147867341811168779809811412619115005854227597116981781575044097288227229585313134101319002990160668274683506823864944502998093150656448676109249488136448711550040072846893158404960383127888200936184158156208231695611784353343952080701229275343152259794436531854689011457824195277932847953232076390225827589836044989003664258513732321080997928361512002039896318681439485756026919438029546482384358902909368018120745039504918183780059600728834589275238408906370677455043969113191233025736080405854103748094799537224435873830970161641212495678182902886497916956534821339454299276124380694863061976319015131393254567492625195595985545861871831656285162372902906548772782258653706219012624265923998090217580206932138568291082692124317404343016636065037095417183025472551678538130911762436850541589685224163737479281680924585205738782558409862034713244886898013519143607988385949296785007799364679338995458710252529801275928102058904254662787933403636971451124817831204527719686458346106076144872504339365998964426602882019146706842298484735101302669553446245155459895224519632002522283939993619523846227505997091367758481224497517046105344263697431738081046400796372822369107358803384536034127012502608599120423765562734211405261777248624786904806093832442232744842796821731446918225663733991159226840193626540981247580279776075094193323162251440780504318307160168638398263445869446941206157816375314544361623858021147289097039989964717238150995195474010540380768255982161769329	-3,-5,-5,-5,-5,-5,-5,-5,-5,-5,-5,-5	-6,5,5,5,5,-5,-5,-5,-5,-5,-5,-5	ok
1.447447	-12.672673	-55.972772	0.374240	continued:5	234423788543221666869589841058293256947146341237195864601416477436698628991306797316927419517835903704062369926128505986131086308323707723104885844013406139912331275047936097075338153131234016116711701491432265625940816441588332097703628627751311952085943954455548645382492798608667916644772012901191847944804467694528824409829485788038982840360738023483404363341952458955110067928170243787308388305605436414789096840112693010893262889540310426019550538079684469572217546824504887123648821245465060581782701461746475844158890108995084951999189569351873765631831087132286614147199138796246027104134022716653324636643193124936044343872737424495970972672939929822891773419584617566233184657473218750237280566993017472268989828037973409731080687504083774639864609359756000995789976753455189409038740525369348403395565538340479377215719129849985385476156636829510068047202297197650227818235188222330807524039994490141439699758945737487103390694888651777725566147510958640636083373113873861176091768665508826075794418649695742852058233961429885796718236866414043103237328998929751656283606598766604942849801714439240270620286459773307095511430623433206642350295627727066314318499335076625027698957349606749440688967848601104161925559771098508861122775824042729459273915054769714552374681031466911539350672832355141356102319091158986028959177658623839833832786130570958421415564930935649675423259101583896456477970658267510776810128234576593523458557551696545582014426690034705530323957605173848232794027574376792287619999643266007513187707431577528680228039653740776052522662147641787196250633570259046435991488492815047171939324576588602508812337631017544643007452086602155115287988243145353968683794461030002469265671518574616583627268749668799793002482623957904450841036614023234766209886204012363212205055139019406089798597687526774983243661569131215607851521212812027404615300830285144148834777310024235487015967367998456651083219593553793154371231314995553913883757250215055485400877090808979092055497191743454266752440404971401098978057881724724740693904522022740453113922095020133203114854485050282365745701972476902527855068167312878177458619588471722390532881517173301804166152097233960944014205059991011615716276074057786843656065318008119024509972009756940309305341537493250839656305521872883288027126208375215316627932167732910034729850895093085880359956278702687954511710761131947699333640092211243058626220185346489805100362811931490881783305799409350085655134913254844735236947066951313130987508025300922068387560015164536760977930456896508476393512741058130680701134783956424463980664542756437196246810339118622574091047780467627578818431876787012030136855580203604153370727068867887036067578324673120481046108122077049805356812024781438798672514628603642620835663050343741818606617815056461941536227421361624820162111260853488969594096343896923633921917999705688961777240078247785522693593289608299391816099496610724763391928776220511546543015929818944130718824	234423788543221666869589841058293256947146341237195864601416477436698628991306797316927419522812888314519733468122702459887673804986571624042831078276885403609953191507650521420276652389371065915706443843172792228954720413096722362401914228063344838832123909504945409721890231199176946458566761575805499300843511908088329097298176580327331268666003195958049160996294488865878107708462559039276375237595323227823413709723609238424442241966480891658422896221363790473703424741045981547415545295950802181870782863982864171688845451025827365670550821716304394039349435080722861487180745926654834606466996750380969743979434292049003259284747808648738592529053816961942933481337090382923466052588534261165612415361596856600024346524799723733493805218300698015606993643928269638767365047823603040085561564139377628730529025589705957534854816187937594993568162218496123337842630565460470015329445697439946107369946710056527792119154218892478186465613674029061063034236062286490015327405156235345190418710622933098051100689428519859440731136001336953539757347840602364800235672371553960652514818178877536367819257783722016706478460942567521248411907530042856957521608067447957549523675577817354366830080183806797909713585374141371119549745725371742172974333928742909619688640234377834796803034313383706539533961138259984579407659674849480510369831233782096499623302724947700785686936850078647755219877214457799638444689794598188833154017428158029950604320221945015957375101182774789923305341398552988876563058147867341811168779809811412619115005854227597116981781575044097288227229585313134101319002990160668274683506823864944502998093150656448676109249488136448711550040072846893158404960383127888200936184158156208231695611784353343952080701229275343152259794436531854689011457824195277932847953232076390225827589836044989003664258513732321080997928361512002039896318681439485756026919438029546482384358902909368018120745039504918183780059600728834589275238408906370677455043969113191233025736080405854103748094799537224435873830970161641212495678182902886497916956534821339454299276124380694863061976319015131393254567492625195595985545861871831656285162372902906548772782258653706219012624265923998090217580206932138568291082692124317404343016636065037095417183025472551678538130911762436850541589685224163737479281680924585205738782558409862034713244886898013519143607988385949296785007799364679338995458710252529801275928102058904254662787933403636971451124817831204527719686458346106076144872504339365998964426602882019146706842298484735101302669553446245155459895224519632002522283939993619523846227505997091367758481224497517046105344263697431738081046400796372822369107358803384536034127012502608599120423765562734211405261777248624786904806093832442232744842796821731446918225663733991159226840193626540981247580279776075094193323162251440780504318307160168638398263445869446941206157816375314544361623858021147289097039989964717238150995195474010540380768255982161769329	2,-5,-5,-5,-5,-5,-5,-5,-5,-5,-5,-5	-6,5,5,5,5,-5,-5,-5,-5,-5,-5,-5	ok
1.451451	-12.672673	-56.141454	0.372784	continued:5	234423788543221666869589841058293256947146341237195864601416477436698628991306797316927419517835903704062369926128505986131086308323707723104885844013406139912331275047936097075338153131234016116711701491432265625940816441588332097703628627751311952085943954455548645382492798608667916644772012901191847944804467694528824409829485788038982840360738023483404363341952458955110067928170243787308388305605436414789096840112693010893262889540310426019550538079684469572217546824504887123648821245465060581782701461746475844158890108995084951999189569351873765631831087132286614147199138796246027104134022716653324636643193124936044343872737424495970972672939929822891773419584617566233184657473218750237280566993017472268989828037973409731080687504083774639864609359756000995789976753455189409038740525369348403395565538340479377215719129849985385476156636829510068047202297197650227818235188222330807524039994490141439699758945737487103390694888651777725566147510958640636083373113873861176091768665508826075794418649695742852058233961429885796718236866414043103237328998929751656283606598766604942849801714439240270620286459773307095511430623433206642350295627727066314318499335076625027698957349606749440688967848601104161925559771098508861122775824042729459273915054769714552374681031466911539350672832355141356102319091158986028959177658623839833832786130570958421415564930935649675423259101583896456477970658267510776810128234576593523458557551696545582014426690034705530323957605173848232794027574376792287619999643266007513187707431577528680228039653740776052522662147641787196250633570259046435991488492815047171939324576588602508812337631017544643007452086602155115287988243145353968683794461030002469265671518574616583627268749668799793002482623957904450841036614023234766209886204012363212205055139019406089798597687526774983243661569131215607851521212812027404615300830285144148834777310024235487015967367998456651083219593553793154371231314995553913883757250215055485400877090808979092055497191743454266752440404971401098978057881724724740693904522022740453113922095020133203114854485050282365745701972476902527855068167312878177458619588471722390532881517173301804166152097233960944014205059991011615716276074057786843656065318008119024509972009756940309305341537493250839656305521872883288027126208375215316627932167732910034729850895093085880359956278702687954511710761131947699333640092211243058626220185346489805100362811931490881783305799409350085655134913254844735236947066951313130987508025300922068387560015164536760977930456896508476393512741058130680701134783956424463980664542756437196246810339118622574091047780467627578818431876787012030136855580203604153370727068867887036067578324673120481046108122077049805356812024781438798672514628603642620835663050343741818606617815056461941536227421361624820162111260853488969594096343896923633921917999705688961777240078247785522693593289608299391816099496610724763391928776220511546543015929818944130718824	234423788543221666869589841058293256947146341237195864601416477436698628991306797316927419522812888314519733468122702459887673804986571624042831078276885403609953191507650521420276652389371065915706443843172792228954720413096722362401914228063344838832123909504945409721890231199176946458566761575805499300843511908088329097298176580327331268666003195958049160996294488865878107708462559039276375237595323227823413709723609238424442241966480891658422896221363790473703424741045981547415545295950802181870782863982864171688845451025827365670550821716304394039349435080722861487180745926654834606466996750380969743979434292049003259284747808648738592529053816961942933481337090382923466052588534261165612415361596856600024346524799723733493805218300698015606993643928269638767365047823603040085561564139377628730529025589705957534854816187937594993568162218496123337842630565460470015329445697439946107369946710056527792119154218892478186465613674029061063034236062286490015327405156235345190418710622933098051100689428519859440731136001336953539757347840602364800235672371553960652514818178877536367819257783722016706478460942567521248411907530042856957521608067447957549523675577817354366830080183806797909713585374141371119549745725371742172974333928742909619688640234377834796803034313383706539533961138259984579407659674849480510369831233782096499623302724947700785686936850078647755219877214457799638444689794598188833154017428158029950604320221945015957375101182774789923305341398552988876563058147867341811168779809811412619115005854227597116981781575044097288227229585313134101319002990160668274683506823864944502998093150656448676109249488136448711550040072846893158404960383127888200936184158156208231695611784353343952080701229275343152259794436531854689011457824195277932847953232076390225827589836044989003664258513732321080997928361512002039896318681439485756026919438029546482384358902909368018120745039504918183780059600728834589275238408906370677455043969113191233025736080405854103748094799537224435873830970161641212495678182902886497916956534821339454299276124380694863061976319015131393254567492625195595985545861871831656285162372902906548772782258653706219012624265923998090217580206932138568291082692124317404343016636065037095417183025472551678538130911762436850541589685224163737479281680924585205738782558409862034713244886898013519143607988385949296785007799364679338995458710252529801275928102058904254662787933403636971451124817831204527719686458346106076144872504339365998964426602882019146706842298484735101302669553446245155459895224519632002522283939993619523846227505997091367758481224497517046105344263697431738081046400796372822369107358803384536034127012502608599120423765562734211405261777248624786904806093832442232744842796821731446918225663733991159226840193626540981247580279776075094193323162251440780504318307160168638398263445869446941206157816375314544361623858021147289097039989964717238150995195474010540380768255982161769329	2,-5,-5,-5,-5,-5,-5,-5,-5,-5,-5,-5	-6,5,5,5,5,-5,-5,-5,-5,-5,-5,-5	ok
1.455455	-12.672673	-56.286413	0.372410	full	234423788543221666869589841058293256947146341237195864601416477436698628991306797316927419517835903704062369926128505986131086308323707723104885844013406139912331275047936097075338153131234016116711701491432265625940816441588332097703628627751311952085943954455548645382492798608667916644772012901191847944804467694528824409829485788038982840360738023483404363341952458955110067928170243787308388305605436414789096840112693010893262889540310426019550538079684469572217546824504887123648821245465060581782701461746475844158890108995084951999189569351873765631831087132286614147199138796246027104134022716653324636643193124936044343872737424495970972672939929822891773419584617566233184657473218750237280566993017472268989828037973409731080687504083774639864609359756000995789976753455189409038740525369348403395565538340479377215719129849985385476156636829510068047202297197650227818235188222330807524039994490141439699758945737487103390694888651777725566147510958640636083373113873861176091768665508826075794418649695742852058233961429885796718236866414043103237328998929751656283606598766604942849801714439240270620286459773307095511430623433206642350295627727066314318499335076625027698957349606749440688967848601104161925559771098508861122775824042729459273915054769714552374681031466911539350672832355141356102319091158986028959177658623839833832786130570958421415564930935649675423259101583896456477970658267510776810128234576593523458557551696545582014426690034705530323957605173848232794027574376792287619999643266007513187707431577528680228039653740776052522662147641787196250633570259046435991488492815047171939324576588602508812337631017544643007452086602155115287988243145353968683794461030002469265671518574616583627268749668799793002482623957904450841036614023234766209886204012363212205055139019406089798597687526774983243661569131215607851521212812027404615300830285144148834777310024235487015967367998456651083219593553793154371231314995553913883757250215055485400877090808979092055497191743454266752440404971401098978057881724724740693904522022740453113922095020133203114854485050282365745701972476902527855068167312878177458619588471722390532881517173301804166152097233960944014205059991011615716276074057786843656065318008119024509972009756940309305341537493250839656305521872883288027126208375215316627932167732910034729850895093085880359956278702687954511710761131947699333640092211243058626220185346489805100362811931490881783305799409350085655134913254844735236947066951313130987508025300922068387560015164536760977930456896508476393512741058130680701134783956424463980664542756437196246810339118622574091047780467627578818431876787012030136855580203604153370727068867887036067578324673120481046108122077049805356812024781438798672514628603642620835663050343741818606617815056461941536227421361624820162111260853488969594096343896923633921917999705688961777240078247785522693593289608299391816099496610724763391928776220511546543015929818944130718824	234423788543221666869589841058293256947146341237195864601416477436698628991306797316927419522812888314519733468122702459887673804986571624042831078276885403609953191507650521420276652389371065915706443843172792228954720413096722362401914228063344838832123909504945409721890231199176946458566761575805499300843511908088329097298176580327331268666003195958049160996294488865878107708462559039276375237595323227823413709723609238424442241966480891658422896221363790473703424741045981547415545295950802181870782863982864171688845451025827365670550821716304394039349435080722861487180745926654834606466996750380969743979434292049003259284747808648738592529053816961942933481337090382923466052588534261165612415361596856600024346524799723733493805218300698015606993643928269638767365047823603040085561564139377628730529025589705957534854816187937594993568162218496123337842630565460470015329445697439946107369946710056527792119154218892478186465613674029061063034236062286490015327405156235345190418710622933098051100689428519859440731136001336953539757347840602364800235672371553960652514818178877536367819257783722016706478460942567521248411907530042856957521608067447957549523675577817354366830080183806797909713585374141371119549745725371742172974333928742909619688640234377834796803034313383706539533961138259984579407659674849480510369831233782096499623302724947700785686936850078647755219877214457799638444689794598188833154017428158029950604320221945015957375101182774789923305341398552988876563058147867341811168779809811412619115005854227597116981781575044097288227229585313134101319002990160668274683506823864944502998093150656448676109249488136448711550040072846893158404960383127888200936184158156208231695611784353343952080701229275343152259794436531854689011457824195277932847953232076390225827589836044989003664258513732321080997928361512002039896318681439485756026919438029546482384358902909368018120745039504918183780059600728834589275238408906370677455043969113191233025736080405854103748094799537224435873830970161641212495678182902886497916956534821339454299276124380694863061976319015131393254567492625195595985545861871831656285162372902906548772782258653706219012624265923998090217580206932138568291082692124317404343016636065037095417183025472551678538130911762436850541589685224163737479281680924585205738782558409862034713244886898013519143607988385949296785007799364679338995458710252529801275928102058904254662787933403636971451124817831204527719686458346106076144872504339365998964426602882019146706842298484735101302669553446245155459895224519632002522283939993619523846227505997091367758481224497517046105344263697431738081046400796372822369107358803384536034127012502608599120423765562734211405261777248624786904806093832442232744842796821731446918225663733991159226840193626540981247580279776075094193323162251440780504318307160168638398263445869446941206157816375314544361623858021147289097039989964717238150995195474010540380768255982161769329	2,-5,-5,-5,-5,-5,-5,-5,-5,-5,-5,-5	-6,5,5,5,5,-5,-5,-5,-5,-5,-5,-5	ok
1.459459	-12.672673	-18.662315	0.357323	continued:5	234423788543221666869589841058293256947146341510454550878545513928874580472305730017717232269535760074537393510316414473168547648965251868865160105584664216740271988793913202398261832636910488684258762243808996866054293489428932144709019587504930548604458724133823994559252055314655014876699904514514719971866244622544067200616862016493805317044887713148059765302823739785264287841550959625650364997228639636631140112306025174653219304474653223506284495000971753955665357573434490209622842978555196036776788619571095646010124995038981667804852099611688380067537959422764991641981176557934681261652614947120213784324878175251455238201468270373955816694662556640018485185098590297023932670279037799402844096466888810312042054038553653813505921991212913853195790902808397223860652304849085489283621501391654659834071309593124749235932486554986563754022295908571815680532486239988082410731297990671528022084248014557251893418333576192763773025588854468820566041983543800816601415796767100253324125857524807053140977157753360051477630583799963107089803137962751661672714623884927596378131588473051173544370466291042368929042155316637592310220079552894816751348617916626394205010974072334199052537413262315116760781965757751241639625969902423143987442775816719624009787834258968158211717248873028801750492778103471586384368982650442773181739816565672556788115389037407646433028007372716481795150432969900303940643086255106979337455263894724548327385661969752214835503108300080484666282713082109422984920854581321766370303536001162939029973708751132237728815621682043917556667539720408294693593372210667860562110253701924278975664033691640861650622160602946270949114160546392407808367559544698046423009072303856864487564391700595207087790583685815161561677465621542024067544053863056275569343539403570103295408785440773915017428990407600680228640277203148486288743622761316564054261099029941068760007677843675349087837431221527367924742229157547124072925614570660869411006789013794240031460373767440232722649288010434436309045222276114031535393846906316284341076337673928980340820211142992924989828818611765474392553634446682103211053692045050160089689976335050396592537981696202411459051358399290260409970327156410683792295955528114214527373702467705396719689069458512291538013594940193679186435514323735911539395335212151844303632573953591604739357607897359198361624605942249941423034531602810571563573952509987189849267460868316260159383730388751492030694289148956006911414122879462993008981490766824238374686150007015237775944455744983946242829020865876136988799251519702233654548519993185944238866813860295409470784530234247402102181872777314039776721481192797086450102842657668399415012945963118253920783885174777825574183171617176192688667601332786049894365626305121864019382927263907083837804367005811214956549162966092520920797587398051003104525273456563815045779949963229702359767470063031434682329983505116044264659449602318305730205727395088369394780411456718693503932	234423788543221666869589841058293256947146341237195864601416477436698628991306797316927419522812888314519733468122702459887673804986571624042831078276885403609953191507650521420276652389371065915706443843172792228954720413096722362401914228063344838832123909504945409721890231199176946458566761575805499300843511908088329097298176580327331268666003195958049160996294488865878107708462559039276375237595323227823413709723609238424442241966480891658422896221363790473703424741045981547415545295950802181870782863982864171688845451025827365670550821716304394039349435080722861487180745926654834606466996750380969743979434292049003259284747808648738592529053816961942933481337090382923466052588534261165612415361596856600024346524799723733493805218300698015606993643928269638767365047823603040085561564139377628730529025589705957534854816187937594993568162218496123337842630565460470015329445697439946107369946710056527792119154218892478186465613674029061063034236062286490015327405156235345190418710622933098051100689428519859440731136001336953539757347840602364800235672371553960652514818178877536367819257783722016706478460942567521248411907530042856957521608067447957549523675577817354366830080183806797909713585374141371119549745725371742172974333928742909619688640234377834796803034313383706539533961138259984579407659674849480510369831233782096499623302724947700785686936850078647755219877214457799638444689794598188833154017428158029950604320221945015957375101182774789923305341398552988876563058147867341811168779809811412619115005854227597116981781575044097288227229585313134101319002990160668274683506823864944502998093150656448676109249488136448711550040072846893158404960383127888200936184158156208231695611784353343952080701229275343152259794436531854689011457824195277932847953232076390225827589836044989003664258513732321080997928361512002039896318681439485756026919438029546482384358902909368018120745039504918183780059600728834589275238408906370677455043969113191233025736080405854103748094799537224435873830970161641212495678182902886497916956534821339454299276124380694863061976319015131393254567492625195595985545861871831656285162372902906548772782258653706219012624265923998090217580206932138568291082692124317404343016636065037095417183025472551678538130911762436850541589685224163737479281680924585205738782558409862034713244886898013519143607988385949296785007799364679338995458710252529801275928102058904254662787933403636971451124817831204527719686458346106076144872504339365998964426602882019146706842298484735101302669553446245155459895224519632002522283939993619523846227505997091367758481224497517046105344263697431738081046400796372822369107358803384536034127012502608599120423765562734211405261777248624786904806093832442232744842796821731446918225663733991159226840193626540981247580279776075094193323162251440780504318307160168638398263445869446941206157816375314544361623858021147289097039989964717238150995195474010540380768255982161769329	-2,-6,-6,5,5,5,-5,-5,-5,-5,-5,-5	-6,5,5,5,5,-5,-5,-5,-5,-5,-5,-5	ok
1.463463	-12.672673	-45.839939	0.360117	continued:5	234423788543221666869589841058293256947146341510454550878545513928874580472305730017717232269535760074537393510316414473168547648965251868865160105584664216740271988793913202398261832636910488684258762243808996866054293489428932144709019587504930548604458724133823994559252055314655014876699904514514719971866244622544067200616862016493805317044887713148059765302823739785264287841550959625650364997228639636631140112306025174653219304474653223506284495000971753955665357573434490209622842978555196036776788619571095646010124995038981667804852099611688380067537959422764991641981176557934681261652614947120213784324878175251455238201468270373955816694662556640018485185098590297023932670279037799402844096466888810312042054038553653813505921991212913853195790902808397223860652304849085489283621501391654659834071309593124749235932486554986563754022295908571815680532486239988082410731297990671528022084248014557251893418333576192763773025588854468820566041983543800816601415796767100253324125857524807053140977157753360051477630583799963107089803137962751661672714623884927596378131588473051173544370466291042368929042155316637592310220079552894816751348617916626394205010974072334199052537413262315116760781965757751241639625969902423143987442775816719624009787834258968158211717248873028801750492778103471586384368982650442773181739816565672556788115389037407646433028007372716481795150432969900303940643086255106979337455263894724548327385661969752214835503108300080484666282713082109422984920854581321766370303536001162939029973708751132237728815621682043917556667539720408294693593372210667860562110253701924278975664033691640861650622160602946270949114160546392407808367559544698046423009072303856864487564391700595207087790583685815161561677465621542024067544053863056275569343539403570103295408785440773915017428990407600680228640277203148486288743622761316564054261099029941068760007677843675349087837431221527367924742229157547124072925614570660869411006789013794240031460373767440232722649288010434436309045222276114031535393846906316284341076337673928980340820211142992924989828818611765474392553634446682103211053692045050160089689976335050396592537981696202411459051358399290260409970327156410683792295955528114214527373702467705396719689069458512291538013594940193679186435514323735911539395335212151844303632573953591604739357607897359198361624605942249941423034531602810571563573952509987189849267460868316260159383730388751492030694289148956006911414122879462993008981490766824238374686150007015237775944455744983946242829020865876136988799251519702233654548519993185944238866813860295409470784530234247402102181872777314039776721481192797086450102842657668399415012945963118253920783885174777825574183171617176192688667601332786049894365626305121864019382927263907083837804367005811214956549162966092520920797587398051003104525273456563815045779949963229702359767470063031434682329983505116044264659449602318305730205727395088369394780411456718693503932	234423788543221666869589841058293256947146341237195864601416477436698628991306797316927419522812888314519733468122702459887673804986571624042831078276885403609953191507650521420276652389371065915706443843172792228954720413096722362401914228063344838832123909504945409721890231199176946458566761575805499300843511908088329097298176580327331268666003195958049160996294488865878107708462559039276375237595323227823413709723609238424442241966480891658422896221363790473703424741045981547415545295950802181870782863982864171688845451025827365670550821716304394039349435080722861487180745926654834606466996750380969743979434292049003259284747808648738592529053816961942933481337090382923466052588534261165612415361596856600024346524799723733493805218300698015606993643928269638767365047823603040085561564139377628730529025589705957534854816187937594993568162218496123337842630565460470015329445697439946107369946710056527792119154218892478186465613674029061063034236062286490015327405156235345190418710622933098051100689428519859440731136001336953539757347840602364800235672371553960652514818178877536367819257783722016706478460942567521248411907530042856957521608067447957549523675577817354366830080183806797909713585374141371119549745725371742172974333928742909619688640234377834796803034313383706539533961138259984579407659674849480510369831233782096499623302724947700785686936850078647755219877214457799638444689794598188833154017428158029950604320221945015957375101182774789923305341398552988876563058147867341811168779809811412619115005854227597116981781575044097288227229585313134101319002990160668274683506823864944502998093150656448676109249488136448711550040072846893158404960383127888200936184158156208231695611784353343952080701229275343152259794436531854689011457824195277932847953232076390225827589836044989003664258513732321080997928361512002039896318681439485756026919438029546482384358902909368018120745039504918183780059600728834589275238408906370677455043969113191233025736080405854103748094799537224435873830970161641212495678182902886497916956534821339454299276124380694863061976319015131393254567492625195595985545861871831656285162372902906548772782258653706219012624265923998090217580206932138568291082692124317404343016636065037095417183025472551678538130911762436850541589685224163737479281680924585205738782558409862034713244886898013519143607988385949296785007799364679338995458710252529801275928102058904254662787933403636971451124817831204527719686458346106076144872504339365998964426602882019146706842298484735101302669553446245155459895224519632002522283939993619523846227505997091367758481224497517046105344263697431738081046400796372822369107358803384536034127012502608599120423765562734211405261777248624786904806093832442232744842796821731446918225663733991159226840193626540981247580279776075094193323162251440780504318307160168638398263445869446941206157816375314544361623858021147289097039989964717238150995195474010540380768255982161769329	-2,-6,-6,5,5,5,-5,-5,-5,-5,-5,-5	-6,5,5,5,5,-5,-5,-5,-5,-5,-5,-5	ok
1.467467	-12.672673	-50.159660	0.357323	continued:5	234423788543221666869589841058293256947146341510454550878545513928874580472305730017717232269535760074537393510316414473168547648965251868865160105584664216740271988793913202398261832636910488684258762243808996866054293489428932144709019587504930548604458724133823994559252055314655014876699904514514719971866244622544067200616862016493805317044887713148059765302823739785264287841550959625650364997228639636631140112306025174653219304474653223506284495000971753955665357573434490209622842978555196036776788619571095646010124995038981667804852099611688380067537959422764991641981176557934681261652614947120213784324878175251455238201468270373955816694662556640018485185098590297023932670279037799402844096466888810312042054038553653813505921991212913853195790902808397223860652304849085489283621501391654659834071309593124749235932486554986563754022295908571815680532486239988082410731297990671528022084248014557251893418333576192763773025588854468820566041983543800816601415796767100253324125857524807053140977157753360051477630583799963107089803137962751661672714623884927596378131588473051173544370466291042368929042155316637592310220079552894816751348617916626394205010974072334199052537413262315116760781965757751241639625969902423143987442775816719624009787834258968158211717248873028801750492778103471586384368982650442773181739816565672556788115389037407646433028007372716481795150432969900303940643086255106979337455263894724548327385661969752214835503108300080484666282713082152728761768127201688687234451518733562139720843697154165220523091480919830344935593923953963422730240597768225064496730084327229195780586971806706961053608756148019715177013618477376773797114750124915153408078295500550916371308951512635277981599262626400397048612274024388394872084560057698086654259715050539372566098776551529189287458653406069514440786927047595623392407237888654406914156330111893753830967902378033619440708098375721420958961310884456643616198656106376340813659666299226764047969762944350758678606700142754031863073023147300183202681275660473805691717321244824162530316050736437668530639660728963959931517024817021202453545009577170560484023696211568865112704080421708692547541391052467024829046249980267260385712126805287399318376156722106979004429764090093170816594034827966372102444208924501627798346730113401703698990504236995429655698926491031095744855087667975583905823580510693860545823959896069180969247437682161143442695608805010644166919108995514029224252181310004144424528052744335038148254265251000811345173048288269687000997057837980341265562655570369893562525615176296360201462468504166086096986036121484666636841025563999334477535624606648626437506174819584051048519354850356181369855979516197454876323702052149702412573727217130827096073597954278248255866373992579341306922982049364592607489648126236219862453949482312910570340831437320835533519716684602862316792925129866947535529675301821875691543995540409648950019120252825609538236421588378768656241	234423788543221666869589841058293256947146341237195864601416477436698628991306797316927419522812888314519733468122702459887673804986571624042831078276885403609953191507650521420276652389371065915706443843172792228954720413096722362401914228063344838832123909504945409721890231199176946458566761575805499300843511908088329097298176580327331268666003195958049160996294488865878107708462559039276375237595323227823413709723609238424442241966480891658422896221363790473703424741045981547415545295950802181870782863982864171688845451025827365670550821716304394039349435080722861487180745926654834606466996750380969743979434292049003259284747808648738592529053816961942933481337090382923466052588534261165612415361596856600024346524799723733493805218300698015606993643928269638767365047823603040085561564139377628730529025589705957534854816187937594993568162218496123337842630565460470015329445697439946107369946710056527792119154218892478186465613674029061063034236062286490015327405156235345190418710622933098051100689428519859440731136001336953539757347840602364800235672371553960652514818178877536367819257783722016706478460942567521248411907530042856957521608067447957549523675577817354366830080183806797909713585374141371119549745725371742172974333928742909619688640234377834796803034313383706539533961138259984579407659674849480510369831233782096499623302724947700785686936850078647755219877214457799638444689794598188833154017428158029950604320221945015957375101182774789923305341398552988876563058147867341811168779809811412619115005854227597116981781575044097288227229585313134101319002990160668274683506823864944502998093150656448676109249488136448711550040072846893158404960383127888200936184158156208231695611784353343952080701229275343152259794436531854689011457824195277932847953232076390225827589836044989003664258513732321080997928361512002039896318681439485756026919438029546482384358902909368018120745039504918183780059600728834589275238408906370677455043969113191233025736080405854103748094799537224435873830970161641212495678182902886497916956534821339454299276124380694863061976319015131393254567492625195595985545861871831656285162372902906548772782258653706219012624265923998090217580206932138568291082692124317404343016636065037095417183025472551678538130911762436850541589685224163737479281680924585205738782558409862034713244886898013519143607988385949296785007799364679338995458710252529801275928102058904254662787933403636971451124817831204527719686458346106076144872504339365998964426602882019146706842298484735101302669553446245155459895224519632002522283939993619523846227505997091367758481224497517046105344263697431738081046400796372822369107358803384536034127012502608599120423765562734211405261777248624786904806093832442232744842796821731446918225663733991159226840193626540981247580279776075094193323162251440780504318307160168638398263445869446941206157816375314544361623858021147289097039989964717238150995195474010540380768255982161769329	-3,-6,-6,5,5,5,-5,-5,-5,-5,-5,-5	-6,5,5,5,5,-5,-5,-5,-5,-5,-5,-5	ok
1.471471	-12.672673	-52.765306	0.360117	continued:5	234423788543221666869589841058293256947146341237195864601416477436698628991306797316927419522812888314519733468122702459887673804986571624042831078276885403609953191507650521420276652389371065915706443843172792228954720413096722362401914228063344838832123909504945409721890231199176946458566761575805499300843511908088329097298176580327331268666003195958049160996294488865878107708462559039276375237595323227823413709723609238424442241966480891658422896221363790473703424741045981547415545295950802181870782863982864171688845451025827365670550821716304394039349435080722861487180745926654834606466996750380969743979434292049003259284747808648738592529053816961942933481337090382923466052588534261165612415361596856600024346524799723733493805222806672776820150154911830609082830898593682382841542481299810588314142833694938696185336645478811039495790818409676000534063475906729543089430457101207701741042873614996359464475781900065738254352087577261094039377354897352709009894821877000556869308802680316053661032920103612201231544652803909311197619251733378067192797879541142100493125374981657899417084320083463884143938809683420417565746146830083803733892897808987675700925455927314986612021731970625086094245592943465512486722712192724969218301171280912267012947717294892624459076682789194047357864507344239758690503699833296539206269077052579979820988231965163182821375340931847034195738358718365986133525836847319370404087101635989661353964042112154987879108391665709238281759679326274949983716629310014029966308661816569096228486669797203192514692162539904811677660999326703898423841208784605928374187518082986136325435589466518943319803485039253135852470234138210478664336450808743539924026314546256087296067672137355867317394188335500735919639111535396151040083925825947316862265082631950911651353598594621571241942628297577566299114733292033353122591586003221570947442380817232964040005566124051238625076565150124989885303456480209210407641537972090416950067642844418352855766765922745502297783188642645664521646635642932182194906573077817852312426749469903114055184045319897972621765392462948995506991974648125932357739336647695885379250542546517832806688155336689358240209223061749835216527517632899010384219345979504038511497452874316609963100668088546363100920359950954090121904647762015782117113142484746748279156956227141454777299260949058427528894183639310243473777681540809570368293506929634915199459746064343073002234283000670186755711875639599058925438836477248896763998613412601580292106316920470555975993234906677823975140819076043264901373509825992076925619675433832820776706599930067472624653968272077173444223327286848925345485606366658880072178511969255134358634127449152043862646822902121359361241182825971910811582311794821420724390474490931757915383561086150443658704994141912252747692158281437998640468875032726801846999965859010582342755497465107937159127617215097306134613205459688576174449145793045832850850892069562933683722032762503007133831	234423788543221666869589841058293256947146341237195864601416477436698628991306797316927419522812888314519733468122702459887673804986571624042831078276885403609953191507650521420276652389371065915706443843172792228954720413096722362401914228063344838832123909504945409721890231199176946458566761575805499300843511908088329097298176580327331268666003195958049160996294488865878107708462559039276375237595323227823413709723609238424442241966480891658422896221363790473703424741045981547415545295950802181870782863982864171688845451025827365670550821716304394039349435080722861487180745926654834606466996750380969743979434292049003259284747808648738592529053816961942933481337090382923466052588534261165612415361596856600024346524799723733493805218300698015606993643928269638767365047823603040085561564139377628730529025589705957534854816187937594993568162218496123337842630565460470015329445697439946107369946710056527792119154218892478186465613674029061063034236062286490015327405156235345190418710622933098051100689428519859440731136001336953539757347840602364800235672371553960652514818178877536367819257783722016706478460942567521248411907530042856957521608067447957549523675577817354366830080183806797909713585374141371119549745725371742172974333928742909619688640234377834796803034313383706539533961138259984579407659674849480510369831233782096499623302724947700785686936850078647755219877214457799638444689794598188833154017428158029950604320221945015957375101182774789923305341398552988876563058147867341811168779809811412619115005854227597116981781575044097288227229585313134101319002990160668274683506823864944502998093150656448676109249488136448711550040072846893158404960383127888200936184158156208231695611784353343952080701229275343152259794436531854689011457824195277932847953232076390225827589836044989003664258513732321080997928361512002039896318681439485756026919438029546482384358902909368018120745039504918183780059600728834589275238408906370677455043969113191233025736080405854103748094799537224435873830970161641212495678182902886497916956534821339454299276124380694863061976319015131393254567492625195595985545861871831656285162372902906548772782258653706219012624265923998090217580206932138568291082692124317404343016636065037095417183025472551678538130911762436850541589685224163737479281680924585205738782558409862034713244886898013519143607988385949296785007799364679338995458710252529801275928102058904254662787933403636971451124817831204527719686458346106076144872504339365998964426602882019146706842298484735101302669553446245155459895224519632002522283939993619523846227505997091367758481224497517046105344263697431738081046400796372822369107358803384536034127012502608599120423765562734211405261777248624786904806093832442232744842796821731446918225663733991159226840193626540981247580279776075094193323162251440780504318307160168638398263445869446941206157816375314544361623858021147289097039989964717238150995195474010540380768255982161769329	-3,-6,5,5,5,-5,-5,-5,-5,-5,-5,-5	-6,5,5,5,5,-5,-5,-5,-5,-5,-5,-5	ok
1.475475	-12.672673	-54.344305	0.362910	continued:5	234423788543221666869589841058293256947146341237195864601416477436698628991306797316927419517835903704062369926128505986131086308323707723104885844013406139912331275047936097075338153131234016116711701491432265625940816441588332097703628627751311952085943954455548645382492798608667916644772012901191847944804467694528824409829485788038982840360738023483404363341952458955110067928170243787308388305605436414789096840112693010893262889540310426019550538079684469572217546824504887123648821245465060581782701461746475844158890108995084951999189569351873765631831087132286614147199138796246027104134022716653324636643193124936044343872737424495970972672939929822891773419584617566233184657473218750237280566993017472268989828037973409731080687504083774639864609359756000995789976753455189409038740525369348403395565538340479377215719129849985385476156636829510068047202297197650227818235188222330807524039994490141439699758945737487103390694888651777725566147510958640636083373113873861176091768665508826075794418649695742852058233961429885796718236866414043103237328998929751656283606598766604942849801714439240270620286459773307095511430623433206642350295627727066314318499335076625027698957349606749440688967848601104161925559771098508861122775824042729459273915054769714552374681031466911539350672832355141356102319091158986028959177658623839833832786130570958421415564930935649675423259101583896456477970658267510776810128234576593523458557551696545582014426690034705530323957605173869885682451210686975748052073634632207113533129805814404387736145101894446041701083705430166176006922977401137793825382987121692279400264662772439758368905621243767274625051109792013695444470374140645578089566060868157378333162149494712797005837000265018086336704773155687205402669676076211551052938092521532416870799717027400339686396291434965760664784812307651321626388192869203537117891383342782719504724408288126878658185156067319327744388975132635988057174168290210637567650991623790723466793653036695869548532562427831620200045155165321680057992548683530818376394705029794471125059903277596897055930461374079624464364432323078271082746788735480311091837605887114291912453597651490895768867061932708729773836636469643626136692848138459142408606428763379566762458375098845020931620460909763777594891224295421618082539494353345436858865230285532984074134190814970405429100171554216995421310649653061504188724305085654589242193830447001559662856129031075435506856480109656307745182082877244758068062842539408229654115927398724066448907490606418324905184784349464811848536184444443923943570256208598786977711256223513682282027687796203194802725420015939110188234995598726054426171888403201451237804655979803900530434119620777958479036921084468635379108710116878753731499275813497753332714195216252503833905129732525053699442217992465251599667729542143988691690089625752064396342863239708300603755685239081658426036902018517418284155126331331536324701927588934127635996676574360207285711	234423788543221666869589841058293256947146341237195864601416477436698628991306797316927419522812888314519733468122702459887673804986571624042831078276885403609953191507650521420276652389371065915706443843172792228954720413096722362401914228063344838832123909504945409721890231199176946458566761575805499300843511908088329097298176580327331268666003195958049160996294488865878107708462559039276375237595323227823413709723609238424442241966480891658422896221363790473703424741045981547415545295950802181870782863982864171688845451025827365670550821716304394039349435080722861487180745926654834606466996750380969743979434292049003259284747808648738592529053816961942933481337090382923466052588534261165612415361596856600024346524799723733493805218300698015606993643928269638767365047823603040085561564139377628730529025589705957534854816187937594993568162218496123337842630565460470015329445697439946107369946710056527792119154218892478186465613674029061063034236062286490015327405156235345190418710622933098051100689428519859440731136001336953539757347840602364800235672371553960652514818178877536367819257783722016706478460942567521248411907530042856957521608067447957549523675577817354366830080183806797909713585374141371119549745725371742172974333928742909619688640234377834796803034313383706539533961138259984579407659674849480510369831233782096499623302724947700785686936850078647755219877214457799638444689794598188833154017428158029950604320221945015957375101182774789923305341398552988876563058147867341811168779809811412619115005854227597116981781575044097288227229585313134101319002990160668274683506823864944502998093150656448676109249488136448711550040072846893158404960383127888200936184158156208231695611784353343952080701229275343152259794436531854689011457824195277932847953232076390225827589836044989003664258513732321080997928361512002039896318681439485756026919438029546482384358902909368018120745039504918183780059600728834589275238408906370677455043969113191233025736080405854103748094799537224435873830970161641212495678182902886497916956534821339454299276124380694863061976319015131393254567492625195595985545861871831656285162372902906548772782258653706219012624265923998090217580206932138568291082692124317404343016636065037095417183025472551678538130911762436850541589685224163737479281680924585205738782558409862034713244886898013519143607988385949296785007799364679338995458710252529801275928102058904254662787933403636971451124817831204527719686458346106076144872504339365998964426602882019146706842298484735101302669553446245155459895224519632002522283939993619523846227505997091367758481224497517046105344263697431738081046400796372822369107358803384536034127012502608599120423765562734211405261777248624786904806093832442232744842796821731446918225663733991159226840193626540981247580279776075094193323162251440780504318307160168638398263445869446941206157816375314544361623858021147289097039989964717238150995195474010540380768255982161769329	-3,-5,-5,-5,-5,-5,-5,-5,-5,-5,-5,-5	-6,5,5,5,5,-5,-5,-5,-5,-5,-5,-5	ok
1.479479	-12.672673	-55.211688	0.365703	continued:5	234423788543221666869589841058293256947146341237195864601416477436698628991306797316927419517835903704062369926128505986131086308323707723104885844013406139912331275047936097075338153131234016116711701491432265625940816441588332097703628627751311952085943954455548645382492798608667916644772012901191847944804467694528824409829485788038982840360738023483404363341952458955110067928170243787308388305605436414789096840112693010893262889540310426019550538079684469572217546824504887123648821245465060581782701461746475844158890108995084951999189569351873765631831087132286614147199138796246027104134022716653324636643193124936044343872737424495970972672939929822891773419584617566233184657473218750237280566993017472268989828037973409731080687504083774639864609359756000995789976753455189409038740525369348403395565538340479377215719129849985385476156636829510068047202297197650227818235188222330807524039994490141439699758945737487103390694888651777725566147510958640636083373113873861176091768665508826075794418649695742852058233961429885796718236866414043103237328998929751656283606598766604942849801714439240270620286459773307095511430623433206642350295627727066314318499335076625027698957349606749440688967848601104161925559771098508861122775824042729459273915054769714552374681031466911539350672832355141356102319091158986028959177658623839833832786130570958421415564930935649675423259101583896456477970658267510776810128234576593523458557551696545582014426690034705530323957605173891538570874846997159208484147625998406713878552180051280095244250550048116030879505263218545155763212384543229151659277481428337386861204748956277007925473611469989906242650132981872275600952505135937187495337660706312287400652780414809010384405250861236379670926922353469959964302738129188335895989981030701621536544295035394589574194895343156538085908055484087035401255172926379669620481936400421290174671506552018270300402944136182004405558356711478821743117021584867361251544733032525961532710215264412647041567933112208973647649905359242261137927215642336896058884888036848489136197711535060590997006437697876883183026892169254014310425410158082444725055623302506193292025678129679987371582026631456515533468212948275636557109622219131441161147539518640109014944740440749732557899384326276715533476926717959948137952780331475557089798292838155933418417486536854930498244064405746036330910538174175309043808517960066119858167475547513314225349446130659989230407160809962529835229252499644780899178618127503328320723829496526064510254966048299888832439111802421147303559627830757167186005728460773109974757969690590168317245036473783815514403059564250641558038114410440078715488196602798749104882243091720764993289914568435435911965720091887465401405395452318708790483923023352885829765340088763189061192444408588165862657014623305683037224198230799007789283835354580494870767726773727639430271292230377794158480514428735444752210756051938309257475078957356708728977423329776283852599	234423788543221666869589841058293256947146341237195864601416477436698628991306797316927419522812888314519733468122702459887673804986571624042831078276885403609953191507650521420276652389371065915706443843172792228954720413096722362401914228063344838832123909504945409721890231199176946458566761575805499300843511908088329097298176580327331268666003195958049160996294488865878107708462559039276375237595323227823413709723609238424442241966480891658422896221363790473703424741045981547415545295950802181870782863982864171688845451025827365670550821716304394039349435080722861487180745926654834606466996750380969743979434292049003259284747808648738592529053816961942933481337090382923466052588534261165612415361596856600024346524799723733493805218300698015606993643928269638767365047823603040085561564139377628730529025589705957534854816187937594993568162218496123337842630565460470015329445697439946107369946710056527792119154218892478186465613674029061063034236062286490015327405156235345190418710622933098051100689428519859440731136001336953539757347840602364800235672371553960652514818178877536367819257783722016706478460942567521248411907530042856957521608067447957549523675577817354366830080183806797909713585374141371119549745725371742172974333928742909619688640234377834796803034313383706539533961138259984579407659674849480510369831233782096499623302724947700785686936850078647755219877214457799638444689794598188833154017428158029950604320221945015957375101182774789923305341398552988876563058147867341811168779809811412619115005854227597116981781575044097288227229585313134101319002990160668274683506823864944502998093150656448676109249488136448711550040072846893158404960383127888200936184158156208231695611784353343952080701229275343152259794436531854689011457824195277932847953232076390225827589836044989003664258513732321080997928361512002039896318681439485756026919438029546482384358902909368018120745039504918183780059600728834589275238408906370677455043969113191233025736080405854103748094799537224435873830970161641212495678182902886497916956534821339454299276124380694863061976319015131393254567492625195595985545861871831656285162372902906548772782258653706219012624265923998090217580206932138568291082692124317404343016636065037095417183025472551678538130911762436850541589685224163737479281680924585205738782558409862034713244886898013519143607988385949296785007799364679338995458710252529801275928102058904254662787933403636971451124817831204527719686458346106076144872504339365998964426602882019146706842298484735101302669553446245155459895224519632002522283939993619523846227505997091367758481224497517046105344263697431738081046400796372822369107358803384536034127012502608599120423765562734211405261777248624786904806093832442232744842796821731446918225663733991159226840193626540981247580279776075094193323162251440780504318307160168638398263445869446941206157816375314544361623858021147289097039989964717238150995195474010540380768255982161769329	3,-5,-5,-5,-5,-5,-5,-5,-5,-5,-5,-5	-6,5,5,5,5,-5,-5,-5,-5,-5,-5,-5	ok
1.483483	-12.672673	-55.709462	0.368497	continued:5	234423788543221666869589841058293256947146341237195864601416477436698628991306797316927419517835903704062369926128505986131086308323707723104885844013406139912331275047936097075338153131234016116711701491432265625940816441588332097703628627751311952085943954455548645382492798608667916644772012901191847944804467694528824409829485788038982840360738023483404363341952458955110067928170243787308388305605436414789096840112693010893262889540310426019550538079684469572217546824504887123648821245465060581782701461746475844158890108995084951999189569351873765631831087132286614147199138796246027104134022716653324636643193124936044343872737424495970972672939929822891773419584617566233184657473218750237280566993017472268989828037973409731080687504083774639864609359756000995789976753455189409038740525369348403395565538340479377215719129849985385476156636829510068047202297197650227818235188222330807524039994490141439699758945737487103390694888651777725566147510958640636083373113873861176091768665508826075794418649695742852058233961429885796718236866414043103237328998929751656283606598766604942849801714439240270620286459773307095511430623433206642350295627727066314318499335076625027698957349606749440688967848601104161925559771098508861122775824042729459273915054769714552374681031466911539350672832355141356102319091158986028959177658623839833832786130570958421415564930935649675423259101583896456477970658267510776810128234576593523458557551696545582014426690034705530323957605173869885682451210686975748052073634632207113533129805814404387736145101894446041701083705430166176006922977401137793825382987121692279400264662772439758368905621243767274625051109792013695444470374140645578089566060868157378333162149494712797005837000265018086336704773155687205402669676076211551052938092521532416870799717027400339686396291434965760664784812307651321626388192869203537117891383342782719504724408288126878658185156067319327744388975132635988057174168290210637567650991623790723466793653036695869548532562427831620200045155165321680057992548683530818376394705029794471125059903277596897055930461374079624464364432323078271082746788735480311091837605887114291912453597651490895768867061932708729773836636469643626136692848138459142408606428763379566762458375098845020931620460909763777594891224295421618082539494353345436858865230285532984074134190814970405429100171554216995421310649653061504188724305085654589242193830447001559662856129031075435506856480109656307745182082877244758068062842539408229654115927398724066448907490606418324905184784349464811848536184444443923943570256208598786977711256223513682282027687796203194802725420015939110188234995598726054426171888403201451237804655979803900530434119620777958479036921084468635379108710116878753731499275813497753332714195216252503833905129732525053699442217992465251599667729542143988691690089625752064396342863239708300603755685239081658426036902018517418284155126331331536324701927588934127635996676574360207285711	234423788543221666869589841058293256947146341237195864601416477436698628991306797316927419522812888314519733468122702459887673804986571624042831078276885403609953191507650521420276652389371065915706443843172792228954720413096722362401914228063344838832123909504945409721890231199176946458566761575805499300843511908088329097298176580327331268666003195958049160996294488865878107708462559039276375237595323227823413709723609238424442241966480891658422896221363790473703424741045981547415545295950802181870782863982864171688845451025827365670550821716304394039349435080722861487180745926654834606466996750380969743979434292049003259284747808648738592529053816961942933481337090382923466052588534261165612415361596856600024346524799723733493805218300698015606993643928269638767365047823603040085561564139377628730529025589705957534854816187937594993568162218496123337842630565460470015329445697439946107369946710056527792119154218892478186465613674029061063034236062286490015327405156235345190418710622933098051100689428519859440731136001336953539757347840602364800235672371553960652514818178877536367819257783722016706478460942567521248411907530042856957521608067447957549523675577817354366830080183806797909713585374141371119549745725371742172974333928742909619688640234377834796803034313383706539533961138259984579407659674849480510369831233782096499623302724947700785686936850078647755219877214457799638444689794598188833154017428158029950604320221945015957375101182774789923305341398552988876563058147867341811168779809811412619115005854227597116981781575044097288227229585313134101319002990160668274683506823864944502998093150656448676109249488136448711550040072846893158404960383127888200936184158156208231695611784353343952080701229275343152259794436531854689011457824195277932847953232076390225827589836044989003664258513732321080997928361512002039896318681439485756026919438029546482384358902909368018120745039504918183780059600728834589275238408906370677455043969113191233025736080405854103748094799537224435873830970161641212495678182902886497916956534821339454299276124380694863061976319015131393254567492625195595985545861871831656285162372902906548772782258653706219012624265923998090217580206932138568291082692124317404343016636065037095417183025472551678538130911762436850541589685224163737479281680924585205738782558409862034713244886898013519143607988385949296785007799364679338995458710252529801275928102058904254662787933403636971451124817831204527719686458346106076144872504339365998964426602882019146706842298484735101302669553446245155459895224519632002522283939993619523846227505997091367758481224497517046105344263697431738081046400796372822369107358803384536034127012502608599120423765562734211405261777248624786904806093832442232744842796821731446918225663733991159226840193626540981247580279776075094193323162251440780504318307160168638398263445869446941206157816375314544361623858021147289097039989964717238150995195474010540380768255982161769329	-3,-5,-5,-5,-5,-5,-5,-5,-5,-5,-5,-5	-6,5,5,5,5,-5,-5,-5,-5,-5,-5,-5	ok
1.487487	-12.672673	-56.005184	0.371290	continued:5	234423788543221666869589841058293256947146341237195864601416477436698628991306797316927419517835903704062369926128505986131086308323707723104885844013406139912331275047936097075338153131234016116711701491432265625940816441588332097703628627751311952085943954455548645382492798608667916644772012901191847944804467694528824409829485788038982840360738023483404363341952458955110067928170243787308388305605436414789096840112693010893262889540310426019550538079684469572217546824504887123648821245465060581782701461746475844158890108995084951999189569351873765631831087132286614147199138796246027104134022716653324636643193124936044343872737424495970972672939929822891773419584617566233184657473218750237280566993017472268989828037973409731080687504083774639864609359756000995789976753455189409038740525369348403395565538340479377215719129849985385476156636829510068047202297197650227818235188222330807524039994490141439699758945737487103390694888651777725566147510958640636083373113873861176091768665508826075794418649695742852058233961429885796718236866414043103237328998929751656283606598766604942849801714439240270620286459773307095511430623433206642350295627727066314318499335076625027698957349606749440688967848601104161925559771098508861122775824042729459273915054769714552374681031466911539350672832355141356102319091158986028959177658623839833832786130570958421415564930935649675423259101583896456477970658267510776810128234576593523458557551696545582014426690034705530323957605173848232794027574376792287619999643266007513187707431577528680228039653740776052522662147641787196250633570259046435991488492815047171939324576588602508812337631017544643007452086602155115287988243145353968683794461030002469265671518574616583627268749668799793002482623957904450841036614023234766209886204012363212205055139019406089798597687526774983243661569131215607851521212812027404615300830285144148834777310024235487015967367998456651083219593553793154371231314995553913883757250215055485400877090808979092055497191743454266752440404971401098978057881724724740693904522022740453113922095020133203114854485050282365745701972476902527855068167312878177458619588471722390532881517173301804166152097233960944014205059991011615716276074057786843656065318008119024509972009756940309305341537493250839656305521872883288027126208375215316627932167732910034729850895093085880359956278702687954511710761131947699333640092211243058626220185346489805100362811931490881783305799409350085655134913254844735236947066951313130987508025300922068387560015164536760977930456896508476393512741058130680701134783956424463980664542756437196246810339118622574091047780467627578818431876787012030136855580203604153370727068867887036067578324673120481046108122077049805356812024781438798672514628603642620835663050343741818606617815056461941536227421361624820162111260853488969594096343896923633921917999705688961777240078247785522693593289608299391816099496610724763391928776220511546543015929818944130718824	234423788543221666869589841058293256947146341237195864601416477436698628991306797316927419522812888314519733468122702459887673804986571624042831078276885403609953191507650521420276652389371065915706443843172792228954720413096722362401914228063344838832123909504945409721890231199176946458566761575805499300843511908088329097298176580327331268666003195958049160996294488865878107708462559039276375237595323227823413709723609238424442241966480891658422896221363790473703424741045981547415545295950802181870782863982864171688845451025827365670550821716304394039349435080722861487180745926654834606466996750380969743979434292049003259284747808648738592529053816961942933481337090382923466052588534261165612415361596856600024346524799723733493805218300698015606993643928269638767365047823603040085561564139377628730529025589705957534854816187937594993568162218496123337842630565460470015329445697439946107369946710056527792119154218892478186465613674029061063034236062286490015327405156235345190418710622933098051100689428519859440731136001336953539757347840602364800235672371553960652514818178877536367819257783722016706478460942567521248411907530042856957521608067447957549523675577817354366830080183806797909713585374141371119549745725371742172974333928742909619688640234377834796803034313383706539533961138259984579407659674849480510369831233782096499623302724947700785686936850078647755219877214457799638444689794598188833154017428158029950604320221945015957375101182774789923305341398552988876563058147867341811168779809811412619115005854227597116981781575044097288227229585313134101319002990160668274683506823864944502998093150656448676109249488136448711550040072846893158404960383127888200936184158156208231695611784353343952080701229275343152259794436531854689011457824195277932847953232076390225827589836044989003664258513732321080997928361512002039896318681439485756026919438029546482384358902909368018120745039504918183780059600728834589275238408906370677455043969113191233025736080405854103748094799537224435873830970161641212495678182902886497916956534821339454299276124380694863061976319015131393254567492625195595985545861871831656285162372902906548772782258653706219012624265923998090217580206932138568291082692124317404343016636065037095417183025472551678538130911762436850541589685224163737479281680924585205738782558409862034713244886898013519143607988385949296785007799364679338995458710252529801275928102058904254662787933403636971451124817831204527719686458346106076144872504339365998964426602882019146706842298484735101302669553446245155459895224519632002522283939993619523846227505997091367758481224497517046105344263697431738081046400796372822369107358803384536034127012502608599120423765562734211405261777248624786904806093832442232744842796821731446918225663733991159226840193626540981247580279776075094193323162251440780504318307160168638398263445869446941206157816375314544361623858021147289097039989964717238150995195474010540380768255982161769329	2,-5,-5,-5,-5,-5,-5,-5,-5,-5,-5,-5	-6,5,5,5,5,-5,-5,-5,-5,-5,-5,-5	ok
1.491491	-12.672673	-56.172155	0.369834	continued:5	234423788543221666869589841058293256947146341237195864601416477436698628991306797316927419517835903704062369926128505986131086308323707723104885844013406139912331275047936097075338153131234016116711701491432265625940816441588332097703628627751311952085943954455548645382492798608667916644772012901191847944804467694528824409829485788038982840360738023483404363341952458955110067928170243787308388305605436414789096840112693010893262889540310426019550538079684469572217546824504887123648821245465060581782701461746475844158890108995084951999189569351873765631831087132286614147199138796246027104134022716653324636643193124936044343872737424495970972672939929822891773419584617566233184657473218750237280566993017472268989828037973409731080687504083774639864609359756000995789976753455189409038740525369348403395565538340479377215719129849985385476156636829510068047202297197650227818235188222330807524039994490141439699758945737487103390694888651777725566147510958640636083373113873861176091768665508826075794418649695742852058233961429885796718236866414043103237328998929751656283606598766604942849801714439240270620286459773307095511430623433206642350295627727066314318499335076625027698957349606749440688967848601104161925559771098508861122775824042729459273915054769714552374681031466911539350672832355141356102319091158986028959177658623839833832786130570958421415564930935649675423259101583896456477970658267510776810128234576593523458557551696545582014426690034705530323957605173848232794027574376792287619999643266007513187707431577528680228039653740776052522662147641787196250633570259046435991488492815047171939324576588602508812337631017544643007452086602155115287988243145353968683794461030002469265671518574616583627268749668799793002482623957904450841036614023234766209886204012363212205055139019406089798597687526774983243661569131215607851521212812027404615300830285144148834777310024235487015967367998456651083219593553793154371231314995553913883757250215055485400877090808979092055497191743454266752440404971401098978057881724724740693904522022740453113922095020133203114854485050282365745701972476902527855068167312878177458619588471722390532881517173301804166152097233960944014205059991011615716276074057786843656065318008119024509972009756940309305341537493250839656305521872883288027126208375215316627932167732910034729850895093085880359956278702687954511710761131947699333640092211243058626220185346489805100362811931490881783305799409350085655134913254844735236947066951313130987508025300922068387560015164536760977930456896508476393512741058130680701134783956424463980664542756437196246810339118622574091047780467627578818431876787012030136855580203604153370727068867887036067578324673120481046108122077049805356812024781438798672514628603642620835663050343741818606617815056461941536227421361624820162111260853488969594096343896923633921917999705688961777240078247785522693593289608299391816099496610724763391928776220511546543015929818944130718824	234423788543221666869589841058293256947146341237195864601416477436698628991306797316927419522812888314519733468122702459887673804986571624042831078276885403609953191507650521420276652389371065915706443843172792228954720413096722362401914228063344838832123909504945409721890231199176946458566761575805499300843511908088329097298176580327331268666003195958049160996294488865878107708462559039276375237595323227823413709723609238424442241966480891658422896221363790473703424741045981547415545295950802181870782863982864171688845451025827365670550821716304394039349435080722861487180745926654834606466996750380969743979434292049003259284747808648738592529053816961942933481337090382923466052588534261165612415361596856600024346524799723733493805218300698015606993643928269638767365047823603040085561564139377628730529025589705957534854816187937594993568162218496123337842630565460470015329445697439946107369946710056527792119154218892478186465613674029061063034236062286490015327405156235345190418710622933098051100689428519859440731136001336953539757347840602364800235672371553960652514818178877536367819257783722016706478460942567521248411907530042856957521608067447957549523675577817354366830080183806797909713585374141371119549745725371742172974333928742909619688640234377834796803034313383706539533961138259984579407659674849480510369831233782096499623302724947700785686936850078647755219877214457799638444689794598188833154017428158029950604320221945015957375101182774789923305341398552988876563058147867341811168779809811412619115005854227597116981781575044097288227229585313134101319002990160668274683506823864944502998093150656448676109249488136448711550040072846893158404960383127888200936184158156208231695611784353343952080701229275343152259794436531854689011457824195277932847953232076390225827589836044989003664258513732321080997928361512002039896318681439485756026919438029546482384358902909368018120745039504918183780059600728834589275238408906370677455043969113191233025736080405854103748094799537224435873830970161641212495678182902886497916956534821339454299276124380694863061976319015131393254567492625195595985545861871831656285162372902906548772782258653706219012624265923998090217580206932138568291082692124317404343016636065037095417183025472551678538130911762436850541589685224163737479281680924585205738782558409862034713244886898013519143607988385949296785007799364679338995458710252529801275928102058904254662787933403636971451124817831204527719686458346106076144872504339365998964426602882019146706842298484735101302669553446245155459895224519632002522283939993619523846227505997091367758481224497517046105344263697431738081046400796372822369107358803384536034127012502608599120423765562734211405261777248624786904806093832442232744842796821731446918225663733991159226840193626540981247580279776075094193323162251440780504318307160168638398263445869446941206157816375314544361623858021147289097039989964717238150995195474010540380768255982161769329	2,-5,-5,-5,-5,-5,-5,-5,-5,-5,-5,-5	-6,5,5,5,5,-5,-5,-5,-5,-5,-5,-5	ok
1.495495	-12.672673	-56.316458	0.369460	full	234423788543221666869589841058293256947146341237195864601416477436698628991306797316927419517835903704062369926128505986131086308323707723104885844013406139912331275047936097075338153131234016116711701491432265625940816441588332097703628627751311952085943954455548645382492798608667916644772012901191847944804467694528824409829485788038982840360738023483404363341952458955110067928170243787308388305605436414789096840112693010893262889540310426019550538079684469572217546824504887123648821245465060581782701461746475844158890108995084951999189569351873765631831087132286614147199138796246027104134022716653324636643193124936044343872737424495970972672939929822891773419584617566233184657473218750237280566993017472268989828037973409731080687504083774639864609359756000995789976753455189409038740525369348403395565538340479377215719129849985385476156636829510068047202297197650227818235188222330807524039994490141439699758945737487103390694888651777725566147510958640636083373113873861176091768665508826075794418649695742852058233961429885796718236866414043103237328998929751656283606598766604942849801714439240270620286459773307095511430623433206642350295627727066314318499335076625027698957349606749440688967848601104161925559771098508861122775824042729459273915054769714552374681031466911539350672832355141356102319091158986028959177658623839833832786130570958421415564930935649675423259101583896456477970658267510776810128234576593523458557551696545582014426690034705530323957605173848232794027574376792287619999643266007513187707431577528680228039653740776052522662147641787196250633570259046435991488492815047171939324576588602508812337631017544643007452086602155115287988243145353968683794461030002469265671518574616583627268749668799793002482623957904450841036614023234766209886204012363212205055139019406089798597687526774983243661569131215607851521212812027404615300830285144148834777310024235487015967367998456651083219593553793154371231314995553913883757250215055485400877090808979092055497191743454266752440404971401098978057881724724740693904522022740453113922095020133203114854485050282365745701972476902527855068167312878177458619588471722390532881517173301804166152097233960944014205059991011615716276074057786843656065318008119024509972009756940309305341537493250839656305521872883288027126208375215316627932167732910034729850895093085880359956278702687954511710761131947699333640092211243058626220185346489805100362811931490881783305799409350085655134913254844735236947066951313130987508025300922068387560015164536760977930456896508476393512741058130680701134783956424463980664542756437196246810339118622574091047780467627578818431876787012030136855580203604153370727068867887036067578324673120481046108122077049805356812024781438798672514628603642620835663050343741818606617815056461941536227421361624820162111260853488969594096343896923633921917999705688961777240078247785522693593289608299391816099496610724763391928776220511546543015929818944130718824	234423788543221666869589841058293256947146341237195864601416477436698628991306797316927419522812888314519733468122702459887673804986571624042831078276885403609953191507650521420276652389371065915706443843172792228954720413096722362401914228063344838832123909504945409721890231199176946458566761575805499300843511908088329097298176580327331268666003195958049160996294488865878107708462559039276375237595323227823413709723609238424442241966480891658422896221363790473703424741045981547415545295950802181870782863982864171688845451025827365670550821716304394039349435080722861487180745926654834606466996750380969743979434292049003259284747808648738592529053816961942933481337090382923466052588534261165612415361596856600024346524799723733493805218300698015606993643928269638767365047823603040085561564139377628730529025589705957534854816187937594993568162218496123337842630565460470015329445697439946107369946710056527792119154218892478186465613674029061063034236062286490015327405156235345190418710622933098051100689428519859440731136001336953539757347840602364800235672371553960652514818178877536367819257783722016706478460942567521248411907530042856957521608067447957549523675577817354366830080183806797909713585374141371119549745725371742172974333928742909619688640234377834796803034313383706539533961138259984579407659674849480510369831233782096499623302724947700785686936850078647755219877214457799638444689794598188833154017428158029950604320221945015957375101182774789923305341398552988876563058147867341811168779809811412619115005854227597116981781575044097288227229585313134101319002990160668274683506823864944502998093150656448676109249488136448711550040072846893158404960383127888200936184158156208231695611784353343952080701229275343152259794436531854689011457824195277932847953232076390225827589836044989003664258513732321080997928361512002039896318681439485756026919438029546482384358902909368018120745039504918183780059600728834589275238408906370677455043969113191233025736080405854103748094799537224435873830970161641212495678182902886497916956534821339454299276124380694863061976319015131393254567492625195595985545861871831656285162372902906548772782258653706219012624265923998090217580206932138568291082692124317404343016636065037095417183025472551678538130911762436850541589685224163737479281680924585205738782558409862034713244886898013519143607988385949296785007799364679338995458710252529801275928102058904254662787933403636971451124817831204527719686458346106076144872504339365998964426602882019146706842298484735101302669553446245155459895224519632002522283939993619523846227505997091367758481224497517046105344263697431738081046400796372822369107358803384536034127012502608599120423765562734211405261777248624786904806093832442232744842796821731446918225663733991159226840193626540981247580279776075094193323162251440780504318307160168638398263445869446941206157816375314544361623858021147289097039989964717238150995195474010540380768255982161769329	2,-5,-5,-5,-5,-5,-5,-5,-5,-5,-5,-5	-6,5,5,5,5,-5,-5,-5,-5,-5,-5,-5	ok
1.499499	-12.672673	-18.445992	0.355907	continued:5	234423788543221666869589841058293256947146341510454550878545513928874580472305730017717232269535760074537393510316414473168547648965251868865160105584664216740271988793913202398261832636910488684258762243808996866054293489428932144709019587504930548604458724133823994559252055314655014876699904514514719971866244622544067200616862016493805317044887713148059765302823739785264287841550959625650364997228639636631140112306025174653219304474653223506284495000971753955665357573434490209622842978555196036776788619571095646010124995038981667804852099611688380067537959422764991641981176557934681261652614947120213784324878175251455238201468270373955816694662556640018485185098590297023932670279037799402844096466888810312042054038553653813505921991212913853195790902808397223860652304849085489283621501391654659834071309593124749235932486554986563754022295908571815680532486239988082410731297990671528022084248014557251893418333576192763773025588854468820566041983543800816601415796767100253324125857524807053140977157753360051477630583799963107089803137962751661672714623884927596378131588473051173544370466291042368929042155316637592310220079552894816751348617916626394205010974072334199052537413262315116760781965757751241639625969902423143987442775816719624009787834258968158211717248873028801750492778103471586384368982650442773181739816565672556788115389037407646433028007372716481795150432969900303940643086255106979337455263894724548327385661969752214835503108300080484666282713082109422984920854581321766370303536001162939029973708751132237728815621682043917556667539720408294693593372210667860562110253701924278975664033691640861650622160602946270949114160546392407808367559544698046423009072303856864487564391700595207087790583685815161561677465621542024067544053863056275569343539403570103295408785440773915017428990407600680228640277203148486288743622761316564054261099029941068760007677843675349087837431221527367924742229157547124072925614570660869411006789013794240031460373767440232722649288010434436309045222276114031535393846906316284341076337673928980340820211142992924989828818611765474392553634446682103211053692045050160089689976335050396592537981696202411459051358399290260409970327156410683792295955528114214527373702467705396719689069458512291538013594940193679186435514323735911539395335212151844303632573953591604739357607897359198361624605942249941423034531602810571563573952509987189849267460868316260159383730388751492030694289148956006911414122879462993008981490766824238374686150007015237775944455744983946242829020865876136988799251519702233654548519993185944238866813860295409470784530234247402102181872777314039776721481192797086450102842657668399415012945963118253920783885174777825574183171617176192688667601332786049894365626305121864019382927263907083837804367005811214956549162966092520920797587398051003104525273456563815045779949963229702359767470063031434682329983505116044264659449602318305730205727395088369394780411456718693503932	234423788543221666869589841058293256947146341237195864601416477436698628991306797316927419517835903704062369926128505986131086308323707723104885844013406139912331275047936097075338153134536045526602735736187042702500876777949896057387139866447897836135824987201314303393414052441331120493663372214784751984612804307726427834224044196053155721294739338989976961997130604033561470037953461789605691329414855138818218678563218948498653041753573961857564835739617376401872230998128083344303799255347425513476610340847390080141947059473444816358966000874332055039940658215720635816392733353739240282901202784242707254067839658762087654622528876743524998665194185488324753013959170811231184200356038575167906207721211308495133175186485165850822628144955673827954027442272451840233038094246953632969009083675261344804209974445041519802018849126477545575903793219869240653751740738569040706133661086495100941873871845832255736638144745046412002703245361816153781062026295876727050713175191825045591467007314080218181232244990623554483335709988677035359887506848023761625037766501761139065733322732660526663765147916883306921376203284765467036367973649562067063195617985535561751962865678857188294397602620897796848060004725409697800698430752039852911872751306959593382830999407998035622794436362781595134791929674910397076458328744870545528511630631398549905095124795105184441600158078938753262995101897265501184021258088252747938131104392192343142906916596461068146512141328996054480042753788655918784481644859319027302981052995719645317682001499142754484783184406641561927318277383471885294186134982567588198640566014191253047472712383627714987178705303724775069543824187166753787474839383712909823613865991375304475882561383646552102808331962529646318217730387413322991692608716670663044357953280806003388953250185260827285042916184826016412695834956713926531668216669100560195177970180135390093905094781119376240509988742057384488842500896073668306998672406280771227154118923867508721968814027339999780600377471124731930662779081584155170374924821774317656338367550300109348935130508478069573397874715088042633045813049225476570602596669856121655083828598518417705978271199981164328755920782250216319302144551326375806368531528285141445223344073786416576725759752028475245904368959302985144612583569292499999589693121308618292975900583115666884830350262087872406882464220253935633785314542154013989579870505745341325995031238431152177190030187885831389361389943228060119227786210217421273307157414316100156746389455335284986173417363085732972582298254878515697393150089749091097595819389663197427587620328158850630306945289409633368256685574233395708290017663104796890054707539669528452553005661270536837714449414671365669642350134512880157697188456666469755528918853011255352380298264097042662655940685417273838083331959013518528895766225579615284663393777260978753429028527661210465327986155190696558109571656945813918991413933930288234919378524512931628489998259189259746942	-2,-6,-6,5,5,5,-5,-5,-5,-5,-5,-5	-6,5,5,5,-5,-5,-5,-5,-5,-5,-5,-5	ok
1.503504	-12.672673	-43.207585	0.358700	continued:5	234423788543221666869589841058293256947146341510454550878545513928874580472305730017717232269535760074537393510316414473168547648965251868865160105584664216740271988793913202398261832636910488684258762243808996866054293489428932144709019587504930548604458724133823994559252055314655014876699904514514719971866244622544067200616862016493805317044887713148059765302823739785264287841550959625650364997228639636631140112306025174653219304474653223506284495000971753955665357573434490209622842978555196036776788619571095646010124995038981667804852099611688380067537959422764991641981176557934681261652614947120213784324878175251455238201468270373955816694662556640018485185098590297023932670279037799402844096466888810312042054038553653813505921991212913853195790902808397223860652304849085489283621501391654659834071309593124749235932486554986563754022295908571815680532486239988082410731297990671528022084248014557251893418333576192763773025588854468820566041983543800816601415796767100253324125857524807053140977157753360051477630583799963107089803137962751661672714623884927596378131588473051173544370466291042368929042155316637592310220079552894816751348617916626394205010974072334199052537413262315116760781965757751241639625969902423143987442775816719624009787834258968158211717248873028801750492778103471586384368982650442773181739816565672556788115389037407646433028007372716481795150432969900303940643086255106979337455263894724548327385661969752214835503108300080484666282713082109422984920854581321766370303536001162939029973708751132237728815621682043917556667539720408294693593372210667860562110253701924278975664033691640861650622160602946270949114160546392407808367559544698046423009072303856864487564391700595207087790583685815161561677465621542024067544053863056275569343539403570103295408785440773915017428990407600680228640277203148486288743622761316564054261099029941068760007677843675349087837431221527367924742229157547124072925614570660869411006789013794240031460373767440232722649288010434436309045222276114031535393846906316284341076337673928980340820211142992924989828818611765474392553634446682103211053692045050160089689976335050396592537981696202411459051358399290260409970327156410683792295955528114214527373702467705396719689069458512291538013594940193679186435514323735911539395335212151844303632573953591604739357607897359198361624605942249941423034531602810571563573952509987189849267460868316260159383730388751492030694289148956006911414122879462993008981490766824238374686150007015237775944455744983946242829020865876136988799251519702233654548519993185944238866813860295409470784530234247402102181872777314039776721481192797086450102842657668399415012945963118253920783885174777825574183171617176192688667601332786049894365626305121864019382927263907083837804367005811214956549162966092520920797587398051003104525273456563815045779949963229702359767470063031434682329983505116044264659449602318305730205727395088369394780411456718693503932	234423788543221666869589841058293256947146341237195864601416477436698628991306797316927419517835903704062369926128505986131086308323707723104885844013406139912331275047936097075338153134536045526602735736187042702500876777949896057387139866447897836135824987201314303393414052441331120493663372214784751984612804307726427834224044196053155721294739338989976961997130604033561470037953461789605691329414855138818218678563218948498653041753573961857564835739617376401872230998128083344303799255347425513476610340847390080141947059473444816358966000874332055039940658215720635816392733353739240282901202784242707254067839658762087654622528876743524998665194185488324753013959170811231184200356038575167906207721211308495133175186485165850822628144955673827954027442272451840233038094246953632969009083675261344804209974445041519802018849126477545575903793219869240653751740738569040706133661086495100941873871845832255736638144745046412002703245361816153781062026295876727050713175191825045591467007314080218181232244990623554483335709988677035359887506848023761625037766501761139065733322732660526663765147916883306921376203284765467036367973649562067063195617985535561751962865678857188294397602620897796848060004725409697800698430752039852911872751306959593382830999407998035622794436362781595134791929674910397076458328744870545528511630631398549905095124795105184441600158078938753262995101897265501184021258088252747938131104392192343142906916596461068146512141328996054480042753788655918784481644859319027302981052995719645317682001499142754484783184406641561927318277383471885294186134982567588198640566014191253047472712383627714987178705303724775069543824187166753787474839383712909823613865991375304475882561383646552102808331962529646318217730387413322991692608716670663044357953280806003388953250185260827285042916184826016412695834956713926531668216669100560195177970180135390093905094781119376240509988742057384488842500896073668306998672406280771227154118923867508721968814027339999780600377471124731930662779081584155170374924821774317656338367550300109348935130508478069573397874715088042633045813049225476570602596669856121655083828598518417705978271199981164328755920782250216319302144551326375806368531528285141445223344073786416576725759752028475245904368959302985144612583569292499999589693121308618292975900583115666884830350262087872406882464220253935633785314542154013989579870505745341325995031238431152177190030187885831389361389943228060119227786210217421273307157414316100156746389455335284986173417363085732972582298254878515697393150089749091097595819389663197427587620328158850630306945289409633368256685574233395708290017663104796890054707539669528452553005661270536837714449414671365669642350134512880157697188456666469755528918853011255352380298264097042662655940685417273838083331959013518528895766225579615284663393777260978753429028527661210465327986155190696558109571656945813918991413933930288234919378524512931628489998259189259746942	-2,-6,-6,5,5,5,-5,-5,-5,-5,-5,-5	-6,5,5,5,-5,-5,-5,-5,-5,-5,-5,-5	ok
1.507508	-12.672673	-49.065282	0.355907	continued:5	234423788543221666869589841058293256947146341510454550878545513928874580472305730017717232269535760074537393510316414473168547648965251868865160105584664216740271988793913202398261832636910488684258762243808996866054293489428932144709019587504930548604458724133823994559252055314655014876699904514514719971866244622544067200616862016493805317044887713148059765302823739785264287841550959625650364997228639636631140112306025174653219304474653223506284495000971753955665357573434490209622842978555196036776788619571095646010124995038981667804852099611688380067537959422764991641981176557934681261652614947120213784324878175251455238201468270373955816694662556640018485185098590297023932670279037799402844096466888810312042054038553653813505921991212913853195790902808397223860652304849085489283621501391654659834071309593124749235932486554986563754022295908571815680532486239988082410731297990671528022084248014557251893418333576192763773025588854468820566041983543800816601415796767100253324125857524807053140977157753360051477630583799963107089803137962751661672714623884927596378131588473051173544370466291042368929042155316637592310220079552894816751348617916626394205010974072334199052537413262315116760781965757751241639625969902423143987442775816719624009787834258968158211717248873028801750492778103471586384368982650442773181739816565672556788115389037407646433028007372716481795150432969900303940643086255106979337455263894724548327385661969752214835503108300080484666282713082152728761768127201688687234451518733562139720843697154165220523091480919830344935593923953963422730240597768225064496730084327229195780586971806706961053608756148019715177013618477376773797114750124915153408078295500550916371308951512635277981599262626400397048612274024388394872084560057698086654259715050539372566098776551529189287458653406069514440786927047595623392407237888654406914156330111893753830967902378033619440708098375721420958961310884456643616198656106376340813659666299226764047969762944350758678606700142754031863073023147300183202681275660473805691717321244824162530316050736437668530639660728963959931517024817021202453545009577170560484023696211568865112704080421708692547541391052467024829046249980267260385712126805287399318376156722106979004429764090093170816594034827966372102444208924501627798346730113401703698990504236995429655698926491031095744855087667975583905823580510693860545823959896069180969247437682161143442695608805010644166919108995514029224252181310004144424528052744335038148254265251000811345173048288269687000997057837980341265562655570369893562525615176296360201462468504166086096986036121484666636841025563999334477535624606648626437506174819584051048519354850356181369855979516197454876323702052149702412573727217130827096073597954278248255866373992579341306922982049364592607489648126236219862453949482312910570340831437320835533519716684602862316792925129866947535529675301821875691543995540409648950019120252825609538236421588378768656241	234423788543221666869589841058293256947146341237195864601416477436698628991306797316927419517835903704062369926128505986131086308323707723104885844013406139912331275047936097075338153134536045526602735736187042702500876777949896057387139866447897836135824987201314303393414052441331120493663372214784751984612804307726427834224044196053155721294739338989976961997130604033561470037953461789605691329414855138818218678563218948498653041753573961857564835739617376401872230998128083344303799255347425513476610340847390080141947059473444816358966000874332055039940658215720635816392733353739240282901202784242707254067839658762087654622528876743524998665194185488324753013959170811231184200356038575167906207721211308495133175186485165850822628144955673827954027442272451840233038094246953632969009083675261344804209974445041519802018849126477545575903793219869240653751740738569040706133661086495100941873871845832255736638144745046412002703245361816153781062026295876727050713175191825045591467007314080218181232244990623554483335709988677035359887506848023761625037766501761139065733322732660526663765147916883306921376203284765467036367973649562067063195617985535561751962865678857188294397602620897796848060004725409697800698430752039852911872751306959593382830999407998035622794436362781595134791929674910397076458328744870545528511630631398549905095124795105184441600158078938753262995101897265501184021258088252747938131104392192343142906916596461068146512141328996054480042753788655918784481644859319027302981052995719645317682001499142754484783184406641561927318277383471885294186134982567588198640566014191253047472712383627714987178705303724775069543824187166753787474839383712909823613865991375304475882561383646552102808331962529646318217730387413322991692608716670663044357953280806003388953250185260827285042916184826016412695834956713926531668216669100560195177970180135390093905094781119376240509988742057384488842500896073668306998672406280771227154118923867508721968814027339999780600377471124731930662779081584155170374924821774317656338367550300109348935130508478069573397874715088042633045813049225476570602596669856121655083828598518417705978271199981164328755920782250216319302144551326375806368531528285141445223344073786416576725759752028475245904368959302985144612583569292499999589693121308618292975900583115666884830350262087872406882464220253935633785314542154013989579870505745341325995031238431152177190030187885831389361389943228060119227786210217421273307157414316100156746389455335284986173417363085732972582298254878515697393150089749091097595819389663197427587620328158850630306945289409633368256685574233395708290017663104796890054707539669528452553005661270536837714449414671365669642350134512880157697188456666469755528918853011255352380298264097042662655940685417273838083331959013518528895766225579615284663393777260978753429028527661210465327986155190696558109571656945813918991413933930288234919378524512931628489998259189259746942	-3,-6,-6,5,5,5,-5,-5,-5,-5,-5,-5	-6,5,5,5,-5,-5,-5,-5,-5,-5,-5,-5	ok
1.511512	-12.672673	-52.060634	0.358700	continued:5	234423788543221666869589841058293256947146341237195864601416477436698628991306797316927419522812888314519733468122702459887673804986571624042831078276885403609953191507650521420276652389371065915706443843172792228954720413096722362401914228063344838832123909504945409721890231199176946458566761575805499300843511908088329097298176580327331268666003195958049160996294488865878107708462559039276375237595323227823413709723609238424442241966480891658422896221363790473703424741045981547415545295950802181870782863982864171688845451025827365670550821716304394039349435080722861487180745926654834606466996750380969743979434292049003259284747808648738592529053816961942933481337090382923466052588534261165612415361596856600024346524799723733493805222806672776820150154911830609082830898593682382841542481299810588314142833694938696185336645478811039495790818409676000534063475906729543089430457101207701741042873614996359464475781900065738254352087577261094039377354897352709009894821877000556869308802680316053661032920103612201231544652803909311197619251733378067192797879541142100493125374981657899417084320083463884143938809683420417565746146830083803733892897808987675700925455927314986612021731970625086094245592943465512486722712192724969218301171280912267012947717294892624459076682789194047357864507344239758690503699833296539206269077052579979820988231965163182821375340931847034195738358718365986133525836847319370404087101635989661353964042112154987879108391665709238281759679326253297095292992999830569534234670450369495883064295560327485006586714386234822499239441538324688814401816142972980907586378576625885404885222347080210821766904591016427103509232584121856747439347696616341704488015038615740831819969084507967331457343423329744652653121840434930673335618944819805710599230056857269590874250719941671459505823698782443115526686649875978886976277602736919206373008195184125276720886111130811595757060818549503292145787146918763244200869666787968037874656674647872588060828178138526355062830903732531861702633101696112933561691540515829794149149508741515470121826141352409419570129167982630932418316003835577459875823785389353974413010090194967577796221177488523486293104601644247541609819895257947914459083402711240420870466056560114884481758173515608728424449340465327036469889730619113900394136678275125255788629064525418417496392884865951666960675020328162073036881844137555204414641303839128760304736017105354642342335401620561375366120009573573218876672434026141410435829604012820023738320229557903449332444910188079262874840121997601141988052374293141322486102123898022701788418262697033419606216236694440915255947501974010234480138015636786031061051360161638123746407363174809584880547459357051701291443543202047937089061436897234055891844874728937276021144861097914646519236673533584322152553870254111697296967422277095748655377346520647842073757129645162748690669271518831783857606579843492702172131259862592276545258515150105137370674392818867276641	234423788543221666869589841058293256947146341237195864601416477436698628991306797316927419517835903704062369926128505986131086308323707723104885844013406139912331275047936097075338153134536045526602735736187042702500876777949896057387139866447897836135824987201314303393414052441331120493663372214784751984612804307726427834224044196053155721294739338989976961997130604033561470037953461789605691329414855138818218678563218948498653041753573961857564835739617376401872230998128083344303799255347425513476610340847390080141947059473444816358966000874332055039940658215720635816392733353739240282901202784242707254067839658762087654622528876743524998665194185488324753013959170811231184200356038575167906207721211308495133175186485165850822628144955673827954027442272451840233038094246953632969009083675261344804209974445041519802018849126477545575903793219869240653751740738569040706133661086495100941873871845832255736638144745046412002703245361816153781062026295876727050713175191825045591467007314080218181232244990623554483335709988677035359887506848023761625037766501761139065733322732660526663765147916883306921376203284765467036367973649562067063195617985535561751962865678857188294397602620897796848060004725409697800698430752039852911872751306959593382830999407998035622794436362781595134791929674910397076458328744870545528511630631398549905095124795105184441600158078938753262995101897265501184021258088252747938131104392192343142906916596461068146512141328996054480042753788655918784481644859319027302981052995719645317682001499142754484783184406641561927318277383471885294186134982567588198640566014191253047472712383627714987178705303724775069543824187166753787474839383712909823613865991375304475882561383646552102808331962529646318217730387413322991692608716670663044357953280806003388953250185260827285042916184826016412695834956713926531668216669100560195177970180135390093905094781119376240509988742057384488842500896073668306998672406280771227154118923867508721968814027339999780600377471124731930662779081584155170374924821774317656338367550300109348935130508478069573397874715088042633045813049225476570602596669856121655083828598518417705978271199981164328755920782250216319302144551326375806368531528285141445223344073786416576725759752028475245904368959302985144612583569292499999589693121308618292975900583115666884830350262087872406882464220253935633785314542154013989579870505745341325995031238431152177190030187885831389361389943228060119227786210217421273307157414316100156746389455335284986173417363085732972582298254878515697393150089749091097595819389663197427587620328158850630306945289409633368256685574233395708290017663104796890054707539669528452553005661270536837714449414671365669642350134512880157697188456666469755528918853011255352380298264097042662655940685417273838083331959013518528895766225579615284663393777260978753429028527661210465327986155190696558109571656945813918991413933930288234919378524512931628489998259189259746942	2,-6,5,5,5,-5,-5,-5,-5,-5,-5,-5	-6,5,5,5,-5,-5,-5,-5,-5,-5,-5,-5	ok
1.515516	-12.672673	-53.902477	0.361493	continued:5	234423788543221666869589841058293256947146341237195864601416477436698628991306797316927419517835903704062369926128505986131086308323707723104885844013406139912331275047936097075338153131234016116711701491432265625940816441588332097703628627751311952085943954455548645382492798608667916644772012901191847944804467694528824409829485788038982840360738023483404363341952458955110067928170243787308388305605436414789096840112693010893262889540310426019550538079684469572217546824504887123648821245465060581782701461746475844158890108995084951999189569351873765631831087132286614147199138796246027104134022716653324636643193124936044343872737424495970972672939929822891773419584617566233184657473218750237280566993017472268989828037973409731080687508589749401077765870739561966105442604225268751794721442529781362979179346445712115866200959069110030994400423452041899825024920582918924502287731617305972111779145174683694409616668032884969897263781259491734229274450111934385104747017085778790934787828568239397072590628475652519149315477760956963444873175080969116510691399431273649623700153747588931330686005608436573571868770291523528988804669814374530772475665865206993877642619084751782128999188475575815984673508366850699103911845370186420103032743337472752084206918308586593890407312089680548551013668141313836706382210078190305480674941015179553605893678556492917429720825116948621139799537426181472086832540762384162020758951855801995636383789277659499530899631103924249690930111404441898401455601264139363992292255723340275232835607887891518479476281525335684268415849584307149906768712954245400969087797100798793374443691058282940349778406708194286965779199697872148325619864898210977442321933644070811059443250183613407238564419812745792427416495805220646320868444101247307626013826582138355499994846663130254705922080852770883362806016039787333267086894735984690458196877090904595793559619458216208490137958809051749966361326019231903720806103423469210155130385139869712048540541283297085080459912488770609467085430495486212326019375998270571892525106666573027925194957320017639811186110706404654505299383462768477163336767716443089132446226788675273493908102092767183367940625121265526518303107051148472591472059595687321830030141619250174448114773260633880795353023502721847504087464524317831557412501987877831936760287326294617363315182947680939631630715070442706529785393673895742594429562749378412703796774271752005922017158147633970303307790543211146152531177304214134200289008037430402047286379640737284660293642329232881407177646446719050485806655526859242008547264218643759391835300157322813162715220273472295603622077588916536210837558156838125485559054218139944074729924141887433743126300437942903821470786833587892434606056180623741882763231196894229273567000500386568249084385149192452813131326450141083951371948767268149846295240673170596002232486860806871718251111945167931911530916945838135459181688402626306475107390022429036674287554021910715177625	234423788543221666869589841058293256947146341237195864601416477436698628991306797316927419517835903704062369926128505986131086308323707723104885844013406139912331275047936097075338153134536045526602735736187042702500876777949896057387139866447897836135824987201314303393414052441331120493663372214784751984612804307726427834224044196053155721294739338989976961997130604033561470037953461789605691329414855138818218678563218948498653041753573961857564835739617376401872230998128083344303799255347425513476610340847390080141947059473444816358966000874332055039940658215720635816392733353739240282901202784242707254067839658762087654622528876743524998665194185488324753013959170811231184200356038575167906207721211308495133175186485165850822628144955673827954027442272451840233038094246953632969009083675261344804209974445041519802018849126477545575903793219869240653751740738569040706133661086495100941873871845832255736638144745046412002703245361816153781062026295876727050713175191825045591467007314080218181232244990623554483335709988677035359887506848023761625037766501761139065733322732660526663765147916883306921376203284765467036367973649562067063195617985535561751962865678857188294397602620897796848060004725409697800698430752039852911872751306959593382830999407998035622794436362781595134791929674910397076458328744870545528511630631398549905095124795105184441600158078938753262995101897265501184021258088252747938131104392192343142906916596461068146512141328996054480042753788655918784481644859319027302981052995719645317682001499142754484783184406641561927318277383471885294186134982567588198640566014191253047472712383627714987178705303724775069543824187166753787474839383712909823613865991375304475882561383646552102808331962529646318217730387413322991692608716670663044357953280806003388953250185260827285042916184826016412695834956713926531668216669100560195177970180135390093905094781119376240509988742057384488842500896073668306998672406280771227154118923867508721968814027339999780600377471124731930662779081584155170374924821774317656338367550300109348935130508478069573397874715088042633045813049225476570602596669856121655083828598518417705978271199981164328755920782250216319302144551326375806368531528285141445223344073786416576725759752028475245904368959302985144612583569292499999589693121308618292975900583115666884830350262087872406882464220253935633785314542154013989579870505745341325995031238431152177190030187885831389361389943228060119227786210217421273307157414316100156746389455335284986173417363085732972582298254878515697393150089749091097595819389663197427587620328158850630306945289409633368256685574233395708290017663104796890054707539669528452553005661270536837714449414671365669642350134512880157697188456666469755528918853011255352380298264097042662655940685417273838083331959013518528895766225579615284663393777260978753429028527661210465327986155190696558109571656945813918991413933930288234919378524512931628489998259189259746942	-2,5,-5,-5,-5,-5,-5,-5,-5,-5,-5,-5	-6,5,5,5,-5,-5,-5,-5,-5,-5,-5,-5	ok
1.519520	-12.672673	-54.935998	0.364287	continued:5	234423788543221666869589841058293256947146341237195864601416477436698628991306797316927419517835903704062369926128505986131086308323707723104885844013406139912331275047936097075338153131234016116711701491432265625940816441588332097703628627751311952085943954455548645382492798608667916644772012901191847944804467694528824409829485788038982840360738023483404363341952458955110067928170243787308388305605436414789096840112693010893262889540310426019550538079684469572217546824504887123648821245465060581782701461746475844158890108995084951999189569351873765631831087132286614147199138796246027104134022716653324636643193124936044343872737424495970972672939929822891773419584617566233184657473218750237280566993017472268989828037973409731080687504083774639864609359756000995789976753455189409038740525369348403395565538340479377215719129849985385476156636829510068047202297197650227818235188222330807524039994490141439699758945737487103390694888651777725566147510958640636083373113873861176091768665508826075794418649695742852058233961429885796718236866414043103237328998929751656283606598766604942849801714439240270620286459773307095511430623433206642350295627727066314318499335076625027698957349606749440688967848601104161925559771098508861122775824042729459273915054769714552374681031466911539350672832355141356102319091158986028959177658623839833832786130570958421415564930935649675423259101583896456477970658267510776810128234576593523458557551696545582014426690034705530323957605173891538570874846997159208484147625998406713878552180051280095244250550048116030879505263218545155763212384543229151659277481428337386861204748956277007925473611469989906242650132981872275600952505135937187495337660706312287400652780414809010384405250861236379670926922353469959964302738129188335895989981030701621536544295035394589574194895343156538085908055484087035401255172926379669620481936400421290174671506552018270300402944136182004405558356711478821743117021584867361251544733032525961532710215264412647041567933112208973647649905359242261137927215642336896058884888036848489136197711535060590997006437697876883183026892169254014310425410158082444725055623302506193292025678129679987371582026631456515533468212948275636557109622219131441161147539518640109014944740440749732557899384326276715533476926717959948137952780331475557089798292838155933418417486536854930498244064405746036330910538174175309043808517960066119858167475547513314225349446130659989230407160809962529835229252499644780899178618127503328320723829496526064510254966048299888832439111802421147303559627830757167186005728460773109974757969690590168317245036473783815514403059564250641558038114410440078715488196602798749104882243091720764993289914568435435911965720091887465401405395452318708790483923023352885829765340088763189061192444408588165862657014623305683037224198230799007789283835354580494870767726773727639430271292230377794158480514428735444752210756051938309257475078957356708728977423329776283852599	234423788543221666869589841058293256947146341237195864601416477436698628991306797316927419517835903704062369926128505986131086308323707723104885844013406139912331275047936097075338153134536045526602735736187042702500876777949896057387139866447897836135824987201314303393414052441331120493663372214784751984612804307726427834224044196053155721294739338989976961997130604033561470037953461789605691329414855138818218678563218948498653041753573961857564835739617376401872230998128083344303799255347425513476610340847390080141947059473444816358966000874332055039940658215720635816392733353739240282901202784242707254067839658762087654622528876743524998665194185488324753013959170811231184200356038575167906207721211308495133175186485165850822628144955673827954027442272451840233038094246953632969009083675261344804209974445041519802018849126477545575903793219869240653751740738569040706133661086495100941873871845832255736638144745046412002703245361816153781062026295876727050713175191825045591467007314080218181232244990623554483335709988677035359887506848023761625037766501761139065733322732660526663765147916883306921376203284765467036367973649562067063195617985535561751962865678857188294397602620897796848060004725409697800698430752039852911872751306959593382830999407998035622794436362781595134791929674910397076458328744870545528511630631398549905095124795105184441600158078938753262995101897265501184021258088252747938131104392192343142906916596461068146512141328996054480042753788655918784481644859319027302981052995719645317682001499142754484783184406641561927318277383471885294186134982567588198640566014191253047472712383627714987178705303724775069543824187166753787474839383712909823613865991375304475882561383646552102808331962529646318217730387413322991692608716670663044357953280806003388953250185260827285042916184826016412695834956713926531668216669100560195177970180135390093905094781119376240509988742057384488842500896073668306998672406280771227154118923867508721968814027339999780600377471124731930662779081584155170374924821774317656338367550300109348935130508478069573397874715088042633045813049225476570602596669856121655083828598518417705978271199981164328755920782250216319302144551326375806368531528285141445223344073786416576725759752028475245904368959302985144612583569292499999589693121308618292975900583115666884830350262087872406882464220253935633785314542154013989579870505745341325995031238431152177190030187885831389361389943228060119227786210217421273307157414316100156746389455335284986173417363085732972582298254878515697393150089749091097595819389663197427587620328158850630306945289409633368256685574233395708290017663104796890054707539669528452553005661270536837714449414671365669642350134512880157697188456666469755528918853011255352380298264097042662655940685417273838083331959013518528895766225579615284663393777260978753429028527661210465327986155190696558109571656945813918991413933930288234919378524512931628489998259189259746942	3,-5,-5,-5,-5,-5,-5,-5,-5,-5,-5,-5	-6,5,5,5,-5,-5,-5,-5,-5,-5,-5,-5	ok
1.523524	-12.672673	-55.511575	0.367080	continued:5	234423788543221666869589841058293256947146341237195864601416477436698628991306797316927419517835903704062369926128505986131086308323707723104885844013406139912331275047936097075338153131234016116711701491432265625940816441588332097703628627751311952085943954455548645382492798608667916644772012901191847944804467694528824409829485788038982840360738023483404363341952458955110067928170243787308388305605436414789096840112693010893262889540310426019550538079684469572217546824504887123648821245465060581782701461746475844158890108995084951999189569351873765631831087132286614147199138796246027104134022716653324636643193124936044343872737424495970972672939929822891773419584617566233184657473218750237280566993017472268989828037973409731080687504083774639864609359756000995789976753455189409038740525369348403395565538340479377215719129849985385476156636829510068047202297197650227818235188222330807524039994490141439699758945737487103390694888651777725566147510958640636083373113873861176091768665508826075794418649695742852058233961429885796718236866414043103237328998929751656283606598766604942849801714439240270620286459773307095511430623433206642350295627727066314318499335076625027698957349606749440688967848601104161925559771098508861122775824042729459273915054769714552374681031466911539350672832355141356102319091158986028959177658623839833832786130570958421415564930935649675423259101583896456477970658267510776810128234576593523458557551696545582014426690034705530323957605173869885682451210686975748052073634632207113533129805814404387736145101894446041701083705430166176006922977401137793825382987121692279400264662772439758368905621243767274625051109792013695444470374140645578089566060868157378333162149494712797005837000265018086336704773155687205402669676076211551052938092521532416870799717027400339686396291434965760664784812307651321626388192869203537117891383342782719504724408288126878658185156067319327744388975132635988057174168290210637567650991623790723466793653036695869548532562427831620200045155165321680057992548683530818376394705029794471125059903277596897055930461374079624464364432323078271082746788735480311091837605887114291912453597651490895768867061932708729773836636469643626136692848138459142408606428763379566762458375098845020931620460909763777594891224295421618082539494353345436858865230285532984074134190814970405429100171554216995421310649653061504188724305085654589242193830447001559662856129031075435506856480109656307745182082877244758068062842539408229654115927398724066448907490606418324905184784349464811848536184444443923943570256208598786977711256223513682282027687796203194802725420015939110188234995598726054426171888403201451237804655979803900530434119620777958479036921084468635379108710116878753731499275813497753332714195216252503833905129732525053699442217992465251599667729542143988691690089625752064396342863239708300603755685239081658426036902018517418284155126331331536324701927588934127635996676574360207285711	234423788543221666869589841058293256947146341237195864601416477436698628991306797316927419517835903704062369926128505986131086308323707723104885844013406139912331275047936097075338153134536045526602735736187042702500876777949896057387139866447897836135824987201314303393414052441331120493663372214784751984612804307726427834224044196053155721294739338989976961997130604033561470037953461789605691329414855138818218678563218948498653041753573961857564835739617376401872230998128083344303799255347425513476610340847390080141947059473444816358966000874332055039940658215720635816392733353739240282901202784242707254067839658762087654622528876743524998665194185488324753013959170811231184200356038575167906207721211308495133175186485165850822628144955673827954027442272451840233038094246953632969009083675261344804209974445041519802018849126477545575903793219869240653751740738569040706133661086495100941873871845832255736638144745046412002703245361816153781062026295876727050713175191825045591467007314080218181232244990623554483335709988677035359887506848023761625037766501761139065733322732660526663765147916883306921376203284765467036367973649562067063195617985535561751962865678857188294397602620897796848060004725409697800698430752039852911872751306959593382830999407998035622794436362781595134791929674910397076458328744870545528511630631398549905095124795105184441600158078938753262995101897265501184021258088252747938131104392192343142906916596461068146512141328996054480042753788655918784481644859319027302981052995719645317682001499142754484783184406641561927318277383471885294186134982567588198640566014191253047472712383627714987178705303724775069543824187166753787474839383712909823613865991375304475882561383646552102808331962529646318217730387413322991692608716670663044357953280806003388953250185260827285042916184826016412695834956713926531668216669100560195177970180135390093905094781119376240509988742057384488842500896073668306998672406280771227154118923867508721968814027339999780600377471124731930662779081584155170374924821774317656338367550300109348935130508478069573397874715088042633045813049225476570602596669856121655083828598518417705978271199981164328755920782250216319302144551326375806368531528285141445223344073786416576725759752028475245904368959302985144612583569292499999589693121308618292975900583115666884830350262087872406882464220253935633785314542154013989579870505745341325995031238431152177190030187885831389361389943228060119227786210217421273307157414316100156746389455335284986173417363085732972582298254878515697393150089749091097595819389663197427587620328158850630306945289409633368256685574233395708290017663104796890054707539669528452553005661270536837714449414671365669642350134512880157697188456666469755528918853011255352380298264097042662655940685417273838083331959013518528895766225579615284663393777260978753429028527661210465327986155190696558109571656945813918991413933930288234919378524512931628489998259189259746942	-3,-5,-5,-5,-5,-5,-5,-5,-5,-5,-5,-5	-6,5,5,5,-5,-5,-5,-5,-5,-5,-5,-5	ok
1.527528	-12.672673	-55.848098	0.369874	continued:5	234423788543221666869589841058293256947146341237195864601416477436698628991306797316927419517835903704062369926128505986131086308323707723104885844013406139912331275047936097075338153131234016116711701491432265625940816441588332097703628627751311952085943954455548645382492798608667916644772012901191847944804467694528824409829485788038982840360738023483404363341952458955110067928170243787308388305605436414789096840112693010893262889540310426019550538079684469572217546824504887123648821245465060581782701461746475844158890108995084951999189569351873765631831087132286614147199138796246027104134022716653324636643193124936044343872737424495970972672939929822891773419584617566233184657473218750237280566993017472268989828037973409731080687504083774639864609359756000995789976753455189409038740525369348403395565538340479377215719129849985385476156636829510068047202297197650227818235188222330807524039994490141439699758945737487103390694888651777725566147510958640636083373113873861176091768665508826075794418649695742852058233961429885796718236866414043103237328998929751656283606598766604942849801714439240270620286459773307095511430623433206642350295627727066314318499335076625027698957349606749440688967848601104161925559771098508861122775824042729459273915054769714552374681031466911539350672832355141356102319091158986028959177658623839833832786130570958421415564930935649675423259101583896456477970658267510776810128234576593523458557551696545582014426690034705530323957605173848232794027574376792287619999643266007513187707431577528680228039653740776052522662147641787196250633570259046435991488492815047171939324576588602508812337631017544643007452086602155115287988243145353968683794461030002469265671518574616583627268749668799793002482623957904450841036614023234766209886204012363212205055139019406089798597687526774983243661569131215607851521212812027404615300830285144148834777310024235487015967367998456651083219593553793154371231314995553913883757250215055485400877090808979092055497191743454266752440404971401098978057881724724740693904522022740453113922095020133203114854485050282365745701972476902527855068167312878177458619588471722390532881517173301804166152097233960944014205059991011615716276074057786843656065318008119024509972009756940309305341537493250839656305521872883288027126208375215316627932167732910034729850895093085880359956278702687954511710761131947699333640092211243058626220185346489805100362811931490881783305799409350085655134913254844735236947066951313130987508025300922068387560015164536760977930456896508476393512741058130680701134783956424463980664542756437196246810339118622574091047780467627578818431876787012030136855580203604153370727068867887036067578324673120481046108122077049805356812024781438798672514628603642620835663050343741818606617815056461941536227421361624820162111260853488969594096343896923633921917999705688961777240078247785522693593289608299391816099496610724763391928776220511546543015929818944130718824	234423788543221666869589841058293256947146341237195864601416477436698628991306797316927419517835903704062369926128505986131086308323707723104885844013406139912331275047936097075338153134536045526602735736187042702500876777949896057387139866447897836135824987201314303393414052441331120493663372214784751984612804307726427834224044196053155721294739338989976961997130604033561470037953461789605691329414855138818218678563218948498653041753573961857564835739617376401872230998128083344303799255347425513476610340847390080141947059473444816358966000874332055039940658215720635816392733353739240282901202784242707254067839658762087654622528876743524998665194185488324753013959170811231184200356038575167906207721211308495133175186485165850822628144955673827954027442272451840233038094246953632969009083675261344804209974445041519802018849126477545575903793219869240653751740738569040706133661086495100941873871845832255736638144745046412002703245361816153781062026295876727050713175191825045591467007314080218181232244990623554483335709988677035359887506848023761625037766501761139065733322732660526663765147916883306921376203284765467036367973649562067063195617985535561751962865678857188294397602620897796848060004725409697800698430752039852911872751306959593382830999407998035622794436362781595134791929674910397076458328744870545528511630631398549905095124795105184441600158078938753262995101897265501184021258088252747938131104392192343142906916596461068146512141328996054480042753788655918784481644859319027302981052995719645317682001499142754484783184406641561927318277383471885294186134982567588198640566014191253047472712383627714987178705303724775069543824187166753787474839383712909823613865991375304475882561383646552102808331962529646318217730387413322991692608716670663044357953280806003388953250185260827285042916184826016412695834956713926531668216669100560195177970180135390093905094781119376240509988742057384488842500896073668306998672406280771227154118923867508721968814027339999780600377471124731930662779081584155170374924821774317656338367550300109348935130508478069573397874715088042633045813049225476570602596669856121655083828598518417705978271199981164328755920782250216319302144551326375806368531528285141445223344073786416576725759752028475245904368959302985144612583569292499999589693121308618292975900583115666884830350262087872406882464220253935633785314542154013989579870505745341325995031238431152177190030187885831389361389943228060119227786210217421273307157414316100156746389455335284986173417363085732972582298254878515697393150089749091097595819389663197427587620328158850630306945289409633368256685574233395708290017663104796890054707539669528452553005661270536837714449414671365669642350134512880157697188456666469755528918853011255352380298264097042662655940685417273838083331959013518528895766225579615284663393777260978753429028527661210465327986155190696558109571656945813918991413933930288234919378524512931628489998259189259746942	2,-5,-5,-5,-5,-5,-5,-5,-5,-5,-5,-5	-6,5,5,5,-5,-5,-5,-5,-5,-5,-5,-5	ok
1.531532	-12.672673	-56.039187	0.368083	continued:5	234423788543221666869589841058293256947146341237195864601416477436698628991306797316927419517835903704062369926128505986131086308323707723104885844013406139912331275047936097075338153131234016116711701491432265625940816441588332097703628627751311952085943954455548645382492798608667916644772012901191847944804467694528824409829485788038982840360738023483404363341952458955110067928170243787308388305605436414789096840112693010893262889540310426019550538079684469572217546824504887123648821245465060581782701461746475844158890108995084951999189569351873765631831087132286614147199138796246027104134022716653324636643193124936044343872737424495970972672939929822891773419584617566233184657473218750237280566993017472268989828037973409731080687504083774639864609359756000995789976753455189409038740525369348403395565538340479377215719129849985385476156636829510068047202297197650227818235188222330807524039994490141439699758945737487103390694888651777725566147510958640636083373113873861176091768665508826075794418649695742852058233961429885796718236866414043103237328998929751656283606598766604942849801714439240270620286459773307095511430623433206642350295627727066314318499335076625027698957349606749440688967848601104161925559771098508861122775824042729459273915054769714552374681031466911539350672832355141356102319091158986028959177658623839833832786130570958421415564930935649675423259101583896456477970658267510776810128234576593523458557551696545582014426690034705530323957605173848232794027574376792287619999643266007513187707431577528680228039653740776052522662147641787196250633570259046435991488492815047171939324576588602508812337631017544643007452086602155115287988243145353968683794461030002469265671518574616583627268749668799793002482623957904450841036614023234766209886204012363212205055139019406089798597687526774983243661569131215607851521212812027404615300830285144148834777310024235487015967367998456651083219593553793154371231314995553913883757250215055485400877090808979092055497191743454266752440404971401098978057881724724740693904522022740453113922095020133203114854485050282365745701972476902527855068167312878177458619588471722390532881517173301804166152097233960944014205059991011615716276074057786843656065318008119024509972009756940309305341537493250839656305521872883288027126208375215316627932167732910034729850895093085880359956278702687954511710761131947699333640092211243058626220185346489805100362811931490881783305799409350085655134913254844735236947066951313130987508025300922068387560015164536760977930456896508476393512741058130680701134783956424463980664542756437196246810339118622574091047780467627578818431876787012030136855580203604153370727068867887036067578324673120481046108122077049805356812024781438798672514628603642620835663050343741818606617815056461941536227421361624820162111260853488969594096343896923633921917999705688961777240078247785522693593289608299391816099496610724763391928776220511546543015929818944130718824	234423788543221666869589841058293256947146341237195864601416477436698628991306797316927419517835903704062369926128505986131086308323707723104885844013406139912331275047936097075338153134536045526602735736187042702500876777949896057387139866447897836135824987201314303393414052441331120493663372214784751984612804307726427834224044196053155721294739338989976961997130604033561470037953461789605691329414855138818218678563218948498653041753573961857564835739617376401872230998128083344303799255347425513476610340847390080141947059473444816358966000874332055039940658215720635816392733353739240282901202784242707254067839658762087654622528876743524998665194185488324753013959170811231184200356038575167906207721211308495133175186485165850822628144955673827954027442272451840233038094246953632969009083675261344804209974445041519802018849126477545575903793219869240653751740738569040706133661086495100941873871845832255736638144745046412002703245361816153781062026295876727050713175191825045591467007314080218181232244990623554483335709988677035359887506848023761625037766501761139065733322732660526663765147916883306921376203284765467036367973649562067063195617985535561751962865678857188294397602620897796848060004725409697800698430752039852911872751306959593382830999407998035622794436362781595134791929674910397076458328744870545528511630631398549905095124795105184441600158078938753262995101897265501184021258088252747938131104392192343142906916596461068146512141328996054480042753788655918784481644859319027302981052995719645317682001499142754484783184406641561927318277383471885294186134982567588198640566014191253047472712383627714987178705303724775069543824187166753787474839383712909823613865991375304475882561383646552102808331962529646318217730387413322991692608716670663044357953280806003388953250185260827285042916184826016412695834956713926531668216669100560195177970180135390093905094781119376240509988742057384488842500896073668306998672406280771227154118923867508721968814027339999780600377471124731930662779081584155170374924821774317656338367550300109348935130508478069573397874715088042633045813049225476570602596669856121655083828598518417705978271199981164328755920782250216319302144551326375806368531528285141445223344073786416576725759752028475245904368959302985144612583569292499999589693121308618292975900583115666884830350262087872406882464220253935633785314542154013989579870505745341325995031238431152177190030187885831389361389943228060119227786210217421273307157414316100156746389455335284986173417363085732972582298254878515697393150089749091097595819389663197427587620328158850630306945289409633368256685574233395708290017663104796890054707539669528452553005661270536837714449414671365669642350134512880157697188456666469755528918853011255352380298264097042662655940685417273838083331959013518528895766225579615284663393777260978753429028527661210465327986155190696558109571656945813918991413933930288234919378524512931628489998259189259746942	2,-5,-5,-5,-5,-5,-5,-5,-5,-5,-5,-5	-6,5,5,5,-5,-5,-5,-5,-5,-5,-5,-5	ok
1.535536	-12.672673	-56.204726	0.366627	continued:5	234423788543221666869589841058293256947146341237195864601416477436698628991306797316927419517835903704062369926128505986131086308323707723104885844013406139912331275047936097075338153131234016116711701491432265625940816441588332097703628627751311952085943954455548645382492798608667916644772012901191847944804467694528824409829485788038982840360738023483404363341952458955110067928170243787308388305605436414789096840112693010893262889540310426019550538079684469572217546824504887123648821245465060581782701461746475844158890108995084951999189569351873765631831087132286614147199138796246027104134022716653324636643193124936044343872737424495970972672939929822891773419584617566233184657473218750237280566993017472268989828037973409731080687504083774639864609359756000995789976753455189409038740525369348403395565538340479377215719129849985385476156636829510068047202297197650227818235188222330807524039994490141439699758945737487103390694888651777725566147510958640636083373113873861176091768665508826075794418649695742852058233961429885796718236866414043103237328998929751656283606598766604942849801714439240270620286459773307095511430623433206642350295627727066314318499335076625027698957349606749440688967848601104161925559771098508861122775824042729459273915054769714552374681031466911539350672832355141356102319091158986028959177658623839833832786130570958421415564930935649675423259101583896456477970658267510776810128234576593523458557551696545582014426690034705530323957605173848232794027574376792287619999643266007513187707431577528680228039653740776052522662147641787196250633570259046435991488492815047171939324576588602508812337631017544643007452086602155115287988243145353968683794461030002469265671518574616583627268749668799793002482623957904450841036614023234766209886204012363212205055139019406089798597687526774983243661569131215607851521212812027404615300830285144148834777310024235487015967367998456651083219593553793154371231314995553913883757250215055485400877090808979092055497191743454266752440404971401098978057881724724740693904522022740453113922095020133203114854485050282365745701972476902527855068167312878177458619588471722390532881517173301804166152097233960944014205059991011615716276074057786843656065318008119024509972009756940309305341537493250839656305521872883288027126208375215316627932167732910034729850895093085880359956278702687954511710761131947699333640092211243058626220185346489805100362811931490881783305799409350085655134913254844735236947066951313130987508025300922068387560015164536760977930456896508476393512741058130680701134783956424463980664542756437196246810339118622574091047780467627578818431876787012030136855580203604153370727068867887036067578324673120481046108122077049805356812024781438798672514628603642620835663050343741818606617815056461941536227421361624820162111260853488969594096343896923633921917999705688961777240078247785522693593289608299391816099496610724763391928776220511546543015929818944130718824	234423788543221666869589841058293256947146341237195864601416477436698628991306797316927419517835903704062369926128505986131086308323707723104885844013406139912331275047936097075338153134536045526602735736187042702500876777949896057387139866447897836135824987201314303393414052441331120493663372214784751984612804307726427834224044196053155721294739338989976961997130604033561470037953461789605691329414855138818218678563218948498653041753573961857564835739617376401872230998128083344303799255347425513476610340847390080141947059473444816358966000874332055039940658215720635816392733353739240282901202784242707254067839658762087654622528876743524998665194185488324753013959170811231184200356038575167906207721211308495133175186485165850822628144955673827954027442272451840233038094246953632969009083675261344804209974445041519802018849126477545575903793219869240653751740738569040706133661086495100941873871845832255736638144745046412002703245361816153781062026295876727050713175191825045591467007314080218181232244990623554483335709988677035359887506848023761625037766501761139065733322732660526663765147916883306921376203284765467036367973649562067063195617985535561751962865678857188294397602620897796848060004725409697800698430752039852911872751306959593382830999407998035622794436362781595134791929674910397076458328744870545528511630631398549905095124795105184441600158078938753262995101897265501184021258088252747938131104392192343142906916596461068146512141328996054480042753788655918784481644859319027302981052995719645317682001499142754484783184406641561927318277383471885294186134982567588198640566014191253047472712383627714987178705303724775069543824187166753787474839383712909823613865991375304475882561383646552102808331962529646318217730387413322991692608716670663044357953280806003388953250185260827285042916184826016412695834956713926531668216669100560195177970180135390093905094781119376240509988742057384488842500896073668306998672406280771227154118923867508721968814027339999780600377471124731930662779081584155170374924821774317656338367550300109348935130508478069573397874715088042633045813049225476570602596669856121655083828598518417705978271199981164328755920782250216319302144551326375806368531528285141445223344073786416576725759752028475245904368959302985144612583569292499999589693121308618292975900583115666884830350262087872406882464220253935633785314542154013989579870505745341325995031238431152177190030187885831389361389943228060119227786210217421273307157414316100156746389455335284986173417363085732972582298254878515697393150089749091097595819389663197427587620328158850630306945289409633368256685574233395708290017663104796890054707539669528452553005661270536837714449414671365669642350134512880157697188456666469755528918853011255352380298264097042662655940685417273838083331959013518528895766225579615284663393777260978753429028527661210465327986155190696558109571656945813918991413933930288234919378524512931628489998259189259746942	2,-5,-5,-5,-5,-5,-5,-5,-5,-5,-5,-5	-6,5,5,5,-5,-5,-5,-5,-5,-5,-5,-5	ok
1.539540	-12.672673	-56.348626	0.366254	full	234423788543221666869589841058293256947146341237195864601416477436698628991306797316927419517835903704062369926128505986131086308323707723104885844013406139912331275047936097075338153131234016116711701491432265625940816441588332097703628627751311952085943954455548645382492798608667916644772012901191847944804467694528824409829485788038982840360738023483404363341952458955110067928170243787308388305605436414789096840112693010893262889540310426019550538079684469572217546824504887123648821245465060581782701461746475844158890108995084951999189569351873765631831087132286614147199138796246027104134022716653324636643193124936044343872737424495970972672939929822891773419584617566233184657473218750237280566993017472268989828037973409731080687504083774639864609359756000995789976753455189409038740525369348403395565538340479377215719129849985385476156636829510068047202297197650227818235188222330807524039994490141439699758945737487103390694888651777725566147510958640636083373113873861176091768665508826075794418649695742852058233961429885796718236866414043103237328998929751656283606598766604942849801714439240270620286459773307095511430623433206642350295627727066314318499335076625027698957349606749440688967848601104161925559771098508861122775824042729459273915054769714552374681031466911539350672832355141356102319091158986028959177658623839833832786130570958421415564930935649675423259101583896456477970658267510776810128234576593523458557551696545582014426690034705530323957605173848232794027574376792287619999643266007513187707431577528680228039653740776052522662147641787196250633570259046435991488492815047171939324576588602508812337631017544643007452086602155115287988243145353968683794461030002469265671518574616583627268749668799793002482623957904450841036614023234766209886204012363212205055139019406089798597687526774983243661569131215607851521212812027404615300830285144148834777310024235487015967367998456651083219593553793154371231314995553913883757250215055485400877090808979092055497191743454266752440404971401098978057881724724740693904522022740453113922095020133203114854485050282365745701972476902527855068167312878177458619588471722390532881517173301804166152097233960944014205059991011615716276074057786843656065318008119024509972009756940309305341537493250839656305521872883288027126208375215316627932167732910034729850895093085880359956278702687954511710761131947699333640092211243058626220185346489805100362811931490881783305799409350085655134913254844735236947066951313130987508025300922068387560015164536760977930456896508476393512741058130680701134783956424463980664542756437196246810339118622574091047780467627578818431876787012030136855580203604153370727068867887036067578324673120481046108122077049805356812024781438798672514628603642620835663050343741818606617815056461941536227421361624820162111260853488969594096343896923633921917999705688961777240078247785522693593289608299391816099496610724763391928776220511546543015929818944130718824	234423788543221666869589841058293256947146341237195864601416477436698628991306797316927419517835903704062369926128505986131086308323707723104885844013406139912331275047936097075338153134536045526602735736187042702500876777949896057387139866447897836135824987201314303393414052441331120493663372214784751984612804307726427834224044196053155721294739338989976961997130604033561470037953461789605691329414855138818218678563218948498653041753573961857564835739617376401872230998128083344303799255347425513476610340847390080141947059473444816358966000874332055039940658215720635816392733353739240282901202784242707254067839658762087654622528876743524998665194185488324753013959170811231184200356038575167906207721211308495133175186485165850822628144955673827954027442272451840233038094246953632969009083675261344804209974445041519802018849126477545575903793219869240653751740738569040706133661086495100941873871845832255736638144745046412002703245361816153781062026295876727050713175191825045591467007314080218181232244990623554483335709988677035359887506848023761625037766501761139065733322732660526663765147916883306921376203284765467036367973649562067063195617985535561751962865678857188294397602620897796848060004725409697800698430752039852911872751306959593382830999407998035622794436362781595134791929674910397076458328744870545528511630631398549905095124795105184441600158078938753262995101897265501184021258088252747938131104392192343142906916596461068146512141328996054480042753788655918784481644859319027302981052995719645317682001499142754484783184406641561927318277383471885294186134982567588198640566014191253047472712383627714987178705303724775069543824187166753787474839383712909823613865991375304475882561383646552102808331962529646318217730387413322991692608716670663044357953280806003388953250185260827285042916184826016412695834956713926531668216669100560195177970180135390093905094781119376240509988742057384488842500896073668306998672406280771227154118923867508721968814027339999780600377471124731930662779081584155170374924821774317656338367550300109348935130508478069573397874715088042633045813049225476570602596669856121655083828598518417705978271199981164328755920782250216319302144551326375806368531528285141445223344073786416576725759752028475245904368959302985144612583569292499999589693121308618292975900583115666884830350262087872406882464220253935633785314542154013989579870505745341325995031238431152177190030187885831389361389943228060119227786210217421273307157414316100156746389455335284986173417363085732972582298254878515697393150089749091097595819389663197427587620328158850630306945289409633368256685574233395708290017663104796890054707539669528452553005661270536837714449414671365669642350134512880157697188456666469755528918853011255352380298264097042662655940685417273838083331959013518528895766225579615284663393777260978753429028527661210465327986155190696558109571656945813918991413933930288234919378524512931628489998259189259746942	2,-5,-5,-5,-5,-5,-5,-5,-5,-5,-5,-5	-6,5,5,5,-5,-5,-5,-5,-5,-5,-5,-5	ok
1.543544	-12.672673	-18.430699	0.352660	continued:5	234423788543221666869589841058293256947146341510454550878545513928874580472305730017717232269535760074537393510316414473168547648965251868865160105584664216740271988793913202398261832636910488684258762243808996866054293489428932144709019587504930548604458724133823994559252055314655014876699904514514719971866244622544067200616862016493805317044887713148059765302823739785264287841550959625650364997228639636631140112306025174653219304474653223506284495000971753955665357573434490209622842978555196036776788619571095646010124995038981667804852099611688380067537959422764991641981176557934681261652614947120213784324878175251455238201468270373955816694662556640018485185098590297023932670279037799402844096466888810312042054038553653813505921991212913853195790902808397223860652304849085489283621501391654659834071309593124749235932486554986563754022295908571815680532486239988082410731297990671528022084248014557251893418333576192763773025588854468820566041983543800816601415796767100253324125857524807053140977157753360051477630583799963107089803137962751661672714623884927596378131588473051173544370466291042368929042155316637592310220079552894816751348617916626394205010974072334199052537413262315116760781965757751241639625969902423143987442775816719624009787834258968158211717248873028801750492778103471586384368982650442773181739816565672556788115389037407646433028007372716481795150432969900303940643086255106979337455263894724548327385661969752214835503108300080484666282713082109422984920854581321766370303536001162939029973708751132237728815621682043917556667539720408294693593372210667860562110253701924278975664033691640861650622160602946270949114160546392407808367559544698046423009072303856864487564391700595207087790583685815161561677465621542024067544053863056275569343539403570103295408785440773915017428990407600680228640277203148486288743622761316564054261099029941068760007677843675349087837431221527367924742229157547124072925614570660869411006789013794240031460373767440232722649288010434436309045222276114031535393846906316284341076337673928980340820211142992924989828818611765474392553634446682103211053692045050160089689976335050396592537981696202411459051358399290260409970327156410683792295955528114214527373702467705396719689069458512291538013594940193679186435514323735911539395335212151844303632573953591604739357607897359198361624605942249941423034531602810571563573952509987189849267460868316260159383730388751492030694289148956006911414122879462993008981490766824238374686150007015237775944455744983946242829020865876136988799251519702233654548519993185944238866813860295409470784530234247402102181872777314039776721481192797086450102842657668399415012945963118253920783885174777825574183171617176192688667601332786049894365626305121864019382927263907083837804367005811214956549162966092520920797587398051003104525273456563815045779949963229702359767470063031434682329983505116044264659449602318305730205727395088369394780411456718693503932	234423788543221666869589841058293256947146341237195864601416477436698628991306797316927419517835903704062369926128505986131086308323707723104885844013406139912331275047936097075338153134536045526602735736187042702500876777949896057387139866447897836135824987201314303393414052441331120493663372214784751984612804307726427834224044196053155721294739338989976961997130604033561470037953461789605691329414855138818218678563218948498653041753573961857564835739617376401872230998128083344303799255347425513476610340847390080141947059473444816358966000874332055039940658215720635816392733353739240282901202784242707254067839658762087654622528876743524998665194185488324753013959170811231184200356038575167906207721211308495133175186485165850822628144955673827954027442272451840233038094246953632969009083675261344804209974445041519802018849126477545575903793219869240653751740738569040706133661086495100941873871845832255736638144745046412002703245361816153781062026295876727050713175191825045591467007314080218181232244990623554483335709988677035359887506848023761625037766501761139065733322732660526663765147916883306921376203284765467036367973649562067063195617985535561751962865678857188294397602620897796848060004725409697800698430752039852911872751306959593382830999407998035622794436362781595134791929674910397076458328744870545528511630631398549905095124795105184441600158078938753262995101897265501184021258088252747938131104392192343142906916596461068146512141328996054480042753788655918784481644859319027302981052995719645317682001499142754484783184406641561927318277383471885294186134982567588198640566014191253047472712383627714987178705303724775069543824187166753787474839383712909823613865991375304475882561383646552102808331962529646318217730387413322991692608716670663044357953280806003388953250185260827285042916184826016412695834956713926531668216669100560195177970180135390093905094781119376240509988742057384488842500896073668306998672406280771227154118923867508721968814027339999780600377471124731930662779081584155170374924821774317656338367550300109348935130508478069573397874715088042633045813049225476570602596669856121655083828598518417705978271199981164328755920782250216319302144551326375806368531528285141445223344073786416576725759752028475245904368959302985144612583569292499999589693121308618292975900583115666884830350262087872406882464220253935633785314542154013989579870505745341325995031238431152177190030187885831389361389943228060119227786210217421273307157414316100156746389455335284986173417363085732972582298254878515697393150089749091097595819389663197427587620328158850630306945289409633368256685574233395708290017663104796890054707539669528452553005661270536837714449414671365669642350134512880157697188456666469755528918853011255352380298264097042662655940685417273838083331959013518528895766225579615284663393777260978753429028527661210465327986155190696558109571656945813918991413933930288234919378524512931628489998259189259746942	-2,-6,-6,5,5,5,-5,-5,-5,-5,-5,-5	-6,5,5,5,-5,-5,-5,-5,-5,-5,-5,-5	ok
1.547548	-12.672673	-43.198714	0.355454	continued:5	234423788543221666869589841058293256947146341510454550878545513928874580472305730017717232269535760074537393510316414473168547648965251868865160105584664216740271988793913202398261832636910488684258762243808996866054293489428932144709019587504930548604458724133823994559252055314655014876699904514514719971866244622544067200616862016493805317044887713148059765302823739785264287841550959625650364997228639636631140112306025174653219304474653223506284495000971753955665357573434490209622842978555196036776788619571095646010124995038981667804852099611688380067537959422764991641981176557934681261652614947120213784324878175251455238201468270373955816694662556640018485185098590297023932670279037799402844096466888810312042054038553653813505921991212913853195790902808397223860652304849085489283621501391654659834071309593124749235932486554986563754022295908571815680532486239988082410731297990671528022084248014557251893418333576192763773025588854468820566041983543800816601415796767100253324125857524807053140977157753360051477630583799963107089803137962751661672714623884927596378131588473051173544370466291042368929042155316637592310220079552894816751348617916626394205010974072334199052537413262315116760781965757751241639625969902423143987442775816719624009787834258968158211717248873028801750492778103471586384368982650442773181739816565672556788115389037407646433028007372716481795150432969900303940643086255106979337455263894724548327385661969752214835503108300080484666282713082109422984920854581321766370303536001162939029973708751132237728815621682043917556667539720408294693593372210667860562110253701924278975664033691640861650622160602946270949114160546392407808367559544698046423009072303856864487564391700595207087790583685815161561677465621542024067544053863056275569343539403570103295408785440773915017428990407600680228640277203148486288743622761316564054261099029941068760007677843675349087837431221527367924742229157547124072925614570660869411006789013794240031460373767440232722649288010434436309045222276114031535393846906316284341076337673928980340820211142992924989828818611765474392553634446682103211053692045050160089689976335050396592537981696202411459051358399290260409970327156410683792295955528114214527373702467705396719689069458512291538013594940193679186435514323735911539395335212151844303632573953591604739357607897359198361624605942249941423034531602810571563573952509987189849267460868316260159383730388751492030694289148956006911414122879462993008981490766824238374686150007015237775944455744983946242829020865876136988799251519702233654548519993185944238866813860295409470784530234247402102181872777314039776721481192797086450102842657668399415012945963118253920783885174777825574183171617176192688667601332786049894365626305121864019382927263907083837804367005811214956549162966092520920797587398051003104525273456563815045779949963229702359767470063031434682329983505116044264659449602318305730205727395088369394780411456718693503932	234423788543221666869589841058293256947146341237195864601416477436698628991306797316927419517835903704062369926128505986131086308323707723104885844013406139912331275047936097075338153134536045526602735736187042702500876777949896057387139866447897836135824987201314303393414052441331120493663372214784751984612804307726427834224044196053155721294739338989976961997130604033561470037953461789605691329414855138818218678563218948498653041753573961857564835739617376401872230998128083344303799255347425513476610340847390080141947059473444816358966000874332055039940658215720635816392733353739240282901202784242707254067839658762087654622528876743524998665194185488324753013959170811231184200356038575167906207721211308495133175186485165850822628144955673827954027442272451840233038094246953632969009083675261344804209974445041519802018849126477545575903793219869240653751740738569040706133661086495100941873871845832255736638144745046412002703245361816153781062026295876727050713175191825045591467007314080218181232244990623554483335709988677035359887506848023761625037766501761139065733322732660526663765147916883306921376203284765467036367973649562067063195617985535561751962865678857188294397602620897796848060004725409697800698430752039852911872751306959593382830999407998035622794436362781595134791929674910397076458328744870545528511630631398549905095124795105184441600158078938753262995101897265501184021258088252747938131104392192343142906916596461068146512141328996054480042753788655918784481644859319027302981052995719645317682001499142754484783184406641561927318277383471885294186134982567588198640566014191253047472712383627714987178705303724775069543824187166753787474839383712909823613865991375304475882561383646552102808331962529646318217730387413322991692608716670663044357953280806003388953250185260827285042916184826016412695834956713926531668216669100560195177970180135390093905094781119376240509988742057384488842500896073668306998672406280771227154118923867508721968814027339999780600377471124731930662779081584155170374924821774317656338367550300109348935130508478069573397874715088042633045813049225476570602596669856121655083828598518417705978271199981164328755920782250216319302144551326375806368531528285141445223344073786416576725759752028475245904368959302985144612583569292499999589693121308618292975900583115666884830350262087872406882464220253935633785314542154013989579870505745341325995031238431152177190030187885831389361389943228060119227786210217421273307157414316100156746389455335284986173417363085732972582298254878515697393150089749091097595819389663197427587620328158850630306945289409633368256685574233395708290017663104796890054707539669528452553005661270536837714449414671365669642350134512880157697188456666469755528918853011255352380298264097042662655940685417273838083331959013518528895766225579615284663393777260978753429028527661210465327986155190696558109571656945813918991413933930288234919378524512931628489998259189259746942	-2,-6,-6,5,5,5,-5,-5,-5,-5,-5,-5	-6,5,5,5,-5,-5,-5,-5,-5,-5,-5,-5	ok
1.551552	-12.672673	-49.095675	0.352660	continued:5	234423788543221666869589841058293256947146341237195864601416477436698628991306797316927419522812888314519733468122702459887673804986571624042831078276885403609953191507650521420276652389371065915706443843172792228954720413096722362401914228063344838832123909504945409721890231199176946458566761575805499300843511908088329097298176580327331268666003195958049160996294488865878107708462559039276375237595323227823413709723609238424442241966480891658422896221363790473703424741045981547415545295950802181870782863982864171688845451025827365670550821716304394039349435080722861487180745926654834606466996750380969743979434292049003259284747808648738592529053816961942933481337090382923466052588534261165612415361596856600024346524799723733493805222806672776820150154911830609082830898593682382841542481299810588314142833694938696185336645478811039495790818409676000534063475906729543089430457101207701741042873614996359464475781900065738254352087577261094039377354897352709009894821877000556869308802680316053661032920103612201231544652803909311197619251733378067192797879541142100493125374981657899417084320083463884143938809683420417565746146830083803733892897808987675700925455927314986612021731970625086094245592943465512486722712192724969218301171280912267012947717294892624459076682789194047357864507344239758690503699833296539206269077052579979820988231965163182821375340931847034195738358718365986133525836847319370404087101635989661353964042112154987879108391665709238281759679326274949983716629310014029966308661816569096228486669797203192514692162539904811677660999326703898423841208784605928374187518082986136325435589466518943319803485039253135852470234138210478664336450808743539924026314546256087296067672137355867317394188335500735919639111535396151040083925825947316862265082631950911651353598594621571241942628297577566299114733292033353122591586003221570947442380817232964040005566124051238625076565150124989885303456480209210407641537972090416950067642844418352855766765922745502297783188642645664521646635642932182194906573077817852312426749469903114055184045319897972621765392462948995506991974648125932357739336647695885379250542546517832806688155336689358240209223061749835216527517632899010384219345979504038511497452874316609963100668088546363100920359950954090121904647762015782117113142484746748279156956227141454777299260949058427528894183639310243473777681540809570368293506929634915199459746064343073002234283000670186755711875639599058925438836477248896763998613412601580292106316920470555975993234906677823975140819076043264901373509825992076925619675433832820776706599930067472624653968272077173444223327286848925345485606366658880072178511969255134358634127449152043862646822902121359361241182825971910811582311794821420724390474490931757915383561086150443658704994141912252747692158281437998640468875032726801846999965859010582342755497465107937159127617215097306134613205459688576174449145793045832850850892069562933683722032762503007133831	234423788543221666869589841058293256947146341237195864601416477436698628991306797316927419517835903704062369926128505986131086308323707723104885844013406139912331275047936097075338153134536045526602735736187042702500876777949896057387139866447897836135824987201314303393414052441331120493663372214784751984612804307726427834224044196053155721294739338989976961997130604033561470037953461789605691329414855138818218678563218948498653041753573961857564835739617376401872230998128083344303799255347425513476610340847390080141947059473444816358966000874332055039940658215720635816392733353739240282901202784242707254067839658762087654622528876743524998665194185488324753013959170811231184200356038575167906207721211308495133175186485165850822628144955673827954027442272451840233038094246953632969009083675261344804209974445041519802018849126477545575903793219869240653751740738569040706133661086495100941873871845832255736638144745046412002703245361816153781062026295876727050713175191825045591467007314080218181232244990623554483335709988677035359887506848023761625037766501761139065733322732660526663765147916883306921376203284765467036367973649562067063195617985535561751962865678857188294397602620897796848060004725409697800698430752039852911872751306959593382830999407998035622794436362781595134791929674910397076458328744870545528511630631398549905095124795105184441600158078938753262995101897265501184021258088252747938131104392192343142906916596461068146512141328996054480042753788655918784481644859319027302981052995719645317682001499142754484783184406641561927318277383471885294186134982567588198640566014191253047472712383627714987178705303724775069543824187166753787474839383712909823613865991375304475882561383646552102808331962529646318217730387413322991692608716670663044357953280806003388953250185260827285042916184826016412695834956713926531668216669100560195177970180135390093905094781119376240509988742057384488842500896073668306998672406280771227154118923867508721968814027339999780600377471124731930662779081584155170374924821774317656338367550300109348935130508478069573397874715088042633045813049225476570602596669856121655083828598518417705978271199981164328755920782250216319302144551326375806368531528285141445223344073786416576725759752028475245904368959302985144612583569292499999589693121308618292975900583115666884830350262087872406882464220253935633785314542154013989579870505745341325995031238431152177190030187885831389361389943228060119227786210217421273307157414316100156746389455335284986173417363085732972582298254878515697393150089749091097595819389663197427587620328158850630306945289409633368256685574233395708290017663104796890054707539669528452553005661270536837714449414671365669642350134512880157697188456666469755528918853011255352380298264097042662655940685417273838083331959013518528895766225579615284663393777260978753429028527661210465327986155190696558109571656945813918991413933930288234919378524512931628489998259189259746942	-3,-6,5,5,5,-5,-5,-5,-5,-5,-5,-5	-6,5,5,5,-5,-5,-5,-5,-5,-5,-5,-5	ok
1.555556	-12.672673	-52.098209	0.355454	continued:5	234423788543221666869589841058293256947146341237195864601416477436698628991306797316927419522812888314519733468122702459887673804986571624042831078276885403609953191507650521420276652389371065915706443843172792228954720413096722362401914228063344838832123909504945409721890231199176946458566761575805499300843511908088329097298176580327331268666003195958049160996294488865878107708462559039276375237595323227823413709723609238424442241966480891658422896221363790473703424741045981547415545295950802181870782863982864171688845451025827365670550821716304394039349435080722861487180745926654834606466996750380969743979434292049003259284747808648738592529053816961942933481337090382923466052588534261165612415361596856600024346524799723733493805222806672776820150154911830609082830898593682382841542481299810588314142833694938696185336645478811039495790818409676000534063475906729543089430457101207701741042873614996359464475781900065738254352087577261094039377354897352709009894821877000556869308802680316053661032920103612201231544652803909311197619251733378067192797879541142100493125374981657899417084320083463884143938809683420417565746146830083803733892897808987675700925455927314986612021731970625086094245592943465512486722712192724969218301171280912267012947717294892624459076682789194047357864507344239758690503699833296539206269077052579979820988231965163182821375340931847034195738358718365986133525836847319370404087101635989661353964042112154987879108391665709238281759679326253297095292992999830569534234670450369495883064295560327485006586714386234822499239441538324688814401816142972980907586378576625885404885222347080210821766904591016427103509232584121856747439347696616341704488015038615740831819969084507967331457343423329744652653121840434930673335618944819805710599230056857269590874250719941671459505823698782443115526686649875978886976277602736919206373008195184125276720886111130811595757060818549503292145787146918763244200869666787968037874656674647872588060828178138526355062830903732531861702633101696112933561691540515829794149149508741515470121826141352409419570129167982630932418316003835577459875823785389353974413010090194967577796221177488523486293104601644247541609819895257947914459083402711240420870466056560114884481758173515608728424449340465327036469889730619113900394136678275125255788629064525418417496392884865951666960675020328162073036881844137555204414641303839128760304736017105354642342335401620561375366120009573573218876672434026141410435829604012820023738320229557903449332444910188079262874840121997601141988052374293141322486102123898022701788418262697033419606216236694440915255947501974010234480138015636786031061051360161638123746407363174809584880547459357051701291443543202047937089061436897234055891844874728937276021144861097914646519236673533584322152553870254111697296967422277095748655377346520647842073757129645162748690669271518831783857606579843492702172131259862592276545258515150105137370674392818867276641	234423788543221666869589841058293256947146341237195864601416477436698628991306797316927419517835903704062369926128505986131086308323707723104885844013406139912331275047936097075338153134536045526602735736187042702500876777949896057387139866447897836135824987201314303393414052441331120493663372214784751984612804307726427834224044196053155721294739338989976961997130604033561470037953461789605691329414855138818218678563218948498653041753573961857564835739617376401872230998128083344303799255347425513476610340847390080141947059473444816358966000874332055039940658215720635816392733353739240282901202784242707254067839658762087654622528876743524998665194185488324753013959170811231184200356038575167906207721211308495133175186485165850822628144955673827954027442272451840233038094246953632969009083675261344804209974445041519802018849126477545575903793219869240653751740738569040706133661086495100941873871845832255736638144745046412002703245361816153781062026295876727050713175191825045591467007314080218181232244990623554483335709988677035359887506848023761625037766501761139065733322732660526663765147916883306921376203284765467036367973649562067063195617985535561751962865678857188294397602620897796848060004725409697800698430752039852911872751306959593382830999407998035622794436362781595134791929674910397076458328744870545528511630631398549905095124795105184441600158078938753262995101897265501184021258088252747938131104392192343142906916596461068146512141328996054480042753788655918784481644859319027302981052995719645317682001499142754484783184406641561927318277383471885294186134982567588198640566014191253047472712383627714987178705303724775069543824187166753787474839383712909823613865991375304475882561383646552102808331962529646318217730387413322991692608716670663044357953280806003388953250185260827285042916184826016412695834956713926531668216669100560195177970180135390093905094781119376240509988742057384488842500896073668306998672406280771227154118923867508721968814027339999780600377471124731930662779081584155170374924821774317656338367550300109348935130508478069573397874715088042633045813049225476570602596669856121655083828598518417705978271199981164328755920782250216319302144551326375806368531528285141445223344073786416576725759752028475245904368959302985144612583569292499999589693121308618292975900583115666884830350262087872406882464220253935633785314542154013989579870505745341325995031238431152177190030187885831389361389943228060119227786210217421273307157414316100156746389455335284986173417363085732972582298254878515697393150089749091097595819389663197427587620328158850630306945289409633368256685574233395708290017663104796890054707539669528452553005661270536837714449414671365669642350134512880157697188456666469755528918853011255352380298264097042662655940685417273838083331959013518528895766225579615284663393777260978753429028527661210465327986155190696558109571656945813918991413933930288234919378524512931628489998259189259746942	2,-6,5,5,5,-5,-5,-5,-5,-5,-5,-5	-6,5,5,5,-5,-5,-5,-5,-5,-5,-5,-5	ok
1.559560	-12.672673	-53.939706	0.358247	continued:5	234423788543221666869589841058293256947146341237195864601416477436698628991306797316927419517835903704062369926128505986131086308323707723104885844013406139912331275047936097075338153131234016116711701491432265625940816441588332097703628627751311952085943954455548645382492798608667916644772012901191847944804467694528824409829485788038982840360738023483404363341952458955110067928170243787308388305605436414789096840112693010893262889540310426019550538079684469572217546824504887123648821245465060581782701461746475844158890108995084951999189569351873765631831087132286614147199138796246027104134022716653324636643193124936044343872737424495970972672939929822891773419584617566233184657473218750237280566993017472268989828037973409731080687504083774639864609359756000995789976753455189409038740525369348403395565538340479377215719129849985385476156636829510068047202297197650227818235188222330807524039994490141439699758945737487103390694888651777725566147510958640636083373113873861176091768665508826075794418649695742852058233961429885796718236866414043103237328998929751656283606598766604942849801714439240270620286459773307095511430623433206642350295627727066314318499335076625027698957349606749440688967848601104161925559771098508861122775824042729459273915054769714552374681031466911539350672832355141356102319091158986028959177658623839833832786130570958421415564930935649675423259101583896456477970658267510776810128234576593523458557551696545582014426690034705530323957605173826579905603938066608827187925651899807912842285057340652972719934205587106063344240589853408216494344163116955078157593998508402064478384490404765259255769640791322011389853063412296535131506112150062359278022861191847560198180887654520370248700499072581499668260474760121696279403551970257981366834315503194007539310561011411839910799083618584205822538325954779894076654232754851272112710277227505578164830211760344095373749579929593974422050211974950320685288461700897190199863508806320247334960528581262314562461821059076913304835654777480517898123214765918663011414339015686435102784286762669509173778508726485107027039512630726784627389545890276043825401571056330489153309436695112712563437132535213158254573483512379605295859299977114544903524207252858482257485644415035597679062614076737901717719819450344957971712922397085196396999105180287085385567599371201355290812385851158913602110872610833894478555879336831528010246540245978050537869494831906328059755118709043863565087743632444712405831291363218032320900123203120070326212539722655197050676129443552140938489297671817437458699311704250140983617829289360710211592990441041953379370140919316047448628757975298005847539272004006855503649481755970171604722529725463003613179323069630975334515339445998843613529981393787488338611905471231133379330500380398829373012624730784388724554792164833950496502598168095203447493136171669622950724471256489386961149677198081365348043866890117990459155624852088965450035183063528054151938	234423788543221666869589841058293256947146341237195864601416477436698628991306797316927419517835903704062369926128505986131086308323707723104885844013406139912331275047936097075338153134536045526602735736187042702500876777949896057387139866447897836135824987201314303393414052441331120493663372214784751984612804307726427834224044196053155721294739338989976961997130604033561470037953461789605691329414855138818218678563218948498653041753573961857564835739617376401872230998128083344303799255347425513476610340847390080141947059473444816358966000874332055039940658215720635816392733353739240282901202784242707254067839658762087654622528876743524998665194185488324753013959170811231184200356038575167906207721211308495133175186485165850822628144955673827954027442272451840233038094246953632969009083675261344804209974445041519802018849126477545575903793219869240653751740738569040706133661086495100941873871845832255736638144745046412002703245361816153781062026295876727050713175191825045591467007314080218181232244990623554483335709988677035359887506848023761625037766501761139065733322732660526663765147916883306921376203284765467036367973649562067063195617985535561751962865678857188294397602620897796848060004725409697800698430752039852911872751306959593382830999407998035622794436362781595134791929674910397076458328744870545528511630631398549905095124795105184441600158078938753262995101897265501184021258088252747938131104392192343142906916596461068146512141328996054480042753788655918784481644859319027302981052995719645317682001499142754484783184406641561927318277383471885294186134982567588198640566014191253047472712383627714987178705303724775069543824187166753787474839383712909823613865991375304475882561383646552102808331962529646318217730387413322991692608716670663044357953280806003388953250185260827285042916184826016412695834956713926531668216669100560195177970180135390093905094781119376240509988742057384488842500896073668306998672406280771227154118923867508721968814027339999780600377471124731930662779081584155170374924821774317656338367550300109348935130508478069573397874715088042633045813049225476570602596669856121655083828598518417705978271199981164328755920782250216319302144551326375806368531528285141445223344073786416576725759752028475245904368959302985144612583569292499999589693121308618292975900583115666884830350262087872406882464220253935633785314542154013989579870505745341325995031238431152177190030187885831389361389943228060119227786210217421273307157414316100156746389455335284986173417363085732972582298254878515697393150089749091097595819389663197427587620328158850630306945289409633368256685574233395708290017663104796890054707539669528452553005661270536837714449414671365669642350134512880157697188456666469755528918853011255352380298264097042662655940685417273838083331959013518528895766225579615284663393777260978753429028527661210465327986155190696558109571656945813918991413933930288234919378524512931628489998259189259746942	-2,-5,-5,-5,-5,-5,-5,-5,-5,-5,-5,-5	-6,5,5,5,-5,-5,-5,-5,-5,-5,-5,-5	ok
1.563564	-12.672673	-54.968924	0.361040	continued:5	234423788543221666869589841058293256947146341237195864601416477436698628991306797316927419517835903704062369926128505986131086308323707723104885844013406139912331275047936097075338153131234016116711701491432265625940816441588332097703628627751311952085943954455548645382492798608667916644772012901191847944804467694528824409829485788038982840360738023483404363341952458955110067928170243787308388305605436414789096840112693010893262889540310426019550538079684469572217546824504887123648821245465060581782701461746475844158890108995084951999189569351873765631831087132286614147199138796246027104134022716653324636643193124936044343872737424495970972672939929822891773419584617566233184657473218750237280566993017472268989828037973409731080687504083774639864609359756000995789976753455189409038740525369348403395565538340479377215719129849985385476156636829510068047202297197650227818235188222330807524039994490141439699758945737487103390694888651777725566147510958640636083373113873861176091768665508826075794418649695742852058233961429885796718236866414043103237328998929751656283606598766604942849801714439240270620286459773307095511430623433206642350295627727066314318499335076625027698957349606749440688967848601104161925559771098508861122775824042729459273915054769714552374681031466911539350672832355141356102319091158986028959177658623839833832786130570958421415564930935649675423259101583896456477970658267510776810128234576593523458557551696545582014426690034705530323957605173891538570874846997159208484147625998406713878552180051280095244250550048116030879505263218545155763212384543229151659277481428337386861204748956277007925473611469989906242650132981872275600952505135937187495337660706312287400652780414809010384405250861236379670926922353469959964302738129188335895989981030701621536544295035394589574194895343156538085908055484087035401255172926379669620481936400421290174671506552018270300402944136182004405558356711478821743117021584867361251544733032525961532710215264412647041567933112208973647649905359242261137927215642336896058884888036848489136197711535060590997006437697876883183026892169254014310425410158082444725055623302506193292025678129679987371582026631456515533468212948275636557109622219131441161147539518640109014944740440749732557899384326276715533476926717959948137952780331475557089798292838155933418417486536854930498244064405746036330910538174175309043808517960066119858167475547513314225349446130659989230407160809962529835229252499644780899178618127503328320723829496526064510254966048299888832439111802421147303559627830757167186005728460773109974757969690590168317245036473783815514403059564250641558038114410440078715488196602798749104882243091720764993289914568435435911965720091887465401405395452318708790483923023352885829765340088763189061192444408588165862657014623305683037224198230799007789283835354580494870767726773727639430271292230377794158480514428735444752210756051938309257475078957356708728977423329776283852599	234423788543221666869589841058293256947146341237195864601416477436698628991306797316927419517835903704062369926128505986131086308323707723104885844013406139912331275047936097075338153134536045526602735736187042702500876777949896057387139866447897836135824987201314303393414052441331120493663372214784751984612804307726427834224044196053155721294739338989976961997130604033561470037953461789605691329414855138818218678563218948498653041753573961857564835739617376401872230998128083344303799255347425513476610340847390080141947059473444816358966000874332055039940658215720635816392733353739240282901202784242707254067839658762087654622528876743524998665194185488324753013959170811231184200356038575167906207721211308495133175186485165850822628144955673827954027442272451840233038094246953632969009083675261344804209974445041519802018849126477545575903793219869240653751740738569040706133661086495100941873871845832255736638144745046412002703245361816153781062026295876727050713175191825045591467007314080218181232244990623554483335709988677035359887506848023761625037766501761139065733322732660526663765147916883306921376203284765467036367973649562067063195617985535561751962865678857188294397602620897796848060004725409697800698430752039852911872751306959593382830999407998035622794436362781595134791929674910397076458328744870545528511630631398549905095124795105184441600158078938753262995101897265501184021258088252747938131104392192343142906916596461068146512141328996054480042753788655918784481644859319027302981052995719645317682001499142754484783184406641561927318277383471885294186134982567588198640566014191253047472712383627714987178705303724775069543824187166753787474839383712909823613865991375304475882561383646552102808331962529646318217730387413322991692608716670663044357953280806003388953250185260827285042916184826016412695834956713926531668216669100560195177970180135390093905094781119376240509988742057384488842500896073668306998672406280771227154118923867508721968814027339999780600377471124731930662779081584155170374924821774317656338367550300109348935130508478069573397874715088042633045813049225476570602596669856121655083828598518417705978271199981164328755920782250216319302144551326375806368531528285141445223344073786416576725759752028475245904368959302985144612583569292499999589693121308618292975900583115666884830350262087872406882464220253935633785314542154013989579870505745341325995031238431152177190030187885831389361389943228060119227786210217421273307157414316100156746389455335284986173417363085732972582298254878515697393150089749091097595819389663197427587620328158850630306945289409633368256685574233395708290017663104796890054707539669528452553005661270536837714449414671365669642350134512880157697188456666469755528918853011255352380298264097042662655940685417273838083331959013518528895766225579615284663393777260978753429028527661210465327986155190696558109571656945813918991413933930288234919378524512931628489998259189259746942	3,-5,-5,-5,-5,-5,-5,-5,-5,-5,-5,-5	-6,5,5,5,-5,-5,-5,-5,-5,-5,-5,-5	ok
1.567568	-12.672673	-55.542660	0.363834	continued:5	234423788543221666869589841058293256947146341237195864601416477436698628991306797316927419517835903704062369926128505986131086308323707723104885844013406139912331275047936097075338153131234016116711701491432265625940816441588332097703628627751311952085943954455548645382492798608667916644772012901191847944804467694528824409829485788038982840360738023483404363341952458955110067928170243787308388305605436414789096840112693010893262889540310426019550538079684469572217546824504887123648821245465060581782701461746475844158890108995084951999189569351873765631831087132286614147199138796246027104134022716653324636643193124936044343872737424495970972672939929822891773419584617566233184657473218750237280566993017472268989828037973409731080687504083774639864609359756000995789976753455189409038740525369348403395565538340479377215719129849985385476156636829510068047202297197650227818235188222330807524039994490141439699758945737487103390694888651777725566147510958640636083373113873861176091768665508826075794418649695742852058233961429885796718236866414043103237328998929751656283606598766604942849801714439240270620286459773307095511430623433206642350295627727066314318499335076625027698957349606749440688967848601104161925559771098508861122775824042729459273915054769714552374681031466911539350672832355141356102319091158986028959177658623839833832786130570958421415564930935649675423259101583896456477970658267510776810128234576593523458557551696545582014426690034705530323957605173869885682451210686975748052073634632207113533129805814404387736145101894446041701083705430166176006922977401137793825382987121692279400264662772439758368905621243767274625051109792013695444470374140645578089566060868157378333162149494712797005837000265018086336704773155687205402669676076211551052938092521532416870799717027400339686396291434965760664784812307651321626388192869203537117891383342782719504724408288126878658185156067319327744388975132635988057174168290210637567650991623790723466793653036695869548532562427831620200045155165321680057992548683530818376394705029794471125059903277596897055930461374079624464364432323078271082746788735480311091837605887114291912453597651490895768867061932708729773836636469643626136692848138459142408606428763379566762458375098845020931620460909763777594891224295421618082539494353345436858865230285532984074134190814970405429100171554216995421310649653061504188724305085654589242193830447001559662856129031075435506856480109656307745182082877244758068062842539408229654115927398724066448907490606418324905184784349464811848536184444443923943570256208598786977711256223513682282027687796203194802725420015939110188234995598726054426171888403201451237804655979803900530434119620777958479036921084468635379108710116878753731499275813497753332714195216252503833905129732525053699442217992465251599667729542143988691690089625752064396342863239708300603755685239081658426036902018517418284155126331331536324701927588934127635996676574360207285711	234423788543221666869589841058293256947146341237195864601416477436698628991306797316927419517835903704062369926128505986131086308323707723104885844013406139912331275047936097075338153134536045526602735736187042702500876777949896057387139866447897836135824987201314303393414052441331120493663372214784751984612804307726427834224044196053155721294739338989976961997130604033561470037953461789605691329414855138818218678563218948498653041753573961857564835739617376401872230998128083344303799255347425513476610340847390080141947059473444816358966000874332055039940658215720635816392733353739240282901202784242707254067839658762087654622528876743524998665194185488324753013959170811231184200356038575167906207721211308495133175186485165850822628144955673827954027442272451840233038094246953632969009083675261344804209974445041519802018849126477545575903793219869240653751740738569040706133661086495100941873871845832255736638144745046412002703245361816153781062026295876727050713175191825045591467007314080218181232244990623554483335709988677035359887506848023761625037766501761139065733322732660526663765147916883306921376203284765467036367973649562067063195617985535561751962865678857188294397602620897796848060004725409697800698430752039852911872751306959593382830999407998035622794436362781595134791929674910397076458328744870545528511630631398549905095124795105184441600158078938753262995101897265501184021258088252747938131104392192343142906916596461068146512141328996054480042753788655918784481644859319027302981052995719645317682001499142754484783184406641561927318277383471885294186134982567588198640566014191253047472712383627714987178705303724775069543824187166753787474839383712909823613865991375304475882561383646552102808331962529646318217730387413322991692608716670663044357953280806003388953250185260827285042916184826016412695834956713926531668216669100560195177970180135390093905094781119376240509988742057384488842500896073668306998672406280771227154118923867508721968814027339999780600377471124731930662779081584155170374924821774317656338367550300109348935130508478069573397874715088042633045813049225476570602596669856121655083828598518417705978271199981164328755920782250216319302144551326375806368531528285141445223344073786416576725759752028475245904368959302985144612583569292499999589693121308618292975900583115666884830350262087872406882464220253935633785314542154013989579870505745341325995031238431152177190030187885831389361389943228060119227786210217421273307157414316100156746389455335284986173417363085732972582298254878515697393150089749091097595819389663197427587620328158850630306945289409633368256685574233395708290017663104796890054707539669528452553005661270536837714449414671365669642350134512880157697188456666469755528918853011255352380298264097042662655940685417273838083331959013518528895766225579615284663393777260978753429028527661210465327986155190696558109571656945813918991413933930288234919378524512931628489998259189259746942	-3,-5,-5,-5,-5,-5,-5,-5,-5,-5,-5,-5	-6,5,5,5,-5,-5,-5,-5,-5,-5,-5,-5	ok
1.571572	-12.672673	-55.878760	0.366627	continued:5	234423788543221666869589841058293256947146341237195864601416477436698628991306797316927419517835903704062369926128505986131086308323707723104885844013406139912331275047936097075338153131234016116711701491432265625940816441588332097703628627751311952085943954455548645382492798608667916644772012901191847944804467694528824409829485788038982840360738023483404363341952458955110067928170243787308388305605436414789096840112693010893262889540310426019550538079684469572217546824504887123648821245465060581782701461746475844158890108995084951999189569351873765631831087132286614147199138796246027104134022716653324636643193124936044343872737424495970972672939929822891773419584617566233184657473218750237280566993017472268989828037973409731080687504083774639864609359756000995789976753455189409038740525369348403395565538340479377215719129849985385476156636829510068047202297197650227818235188222330807524039994490141439699758945737487103390694888651777725566147510958640636083373113873861176091768665508826075794418649695742852058233961429885796718236866414043103237328998929751656283606598766604942849801714439240270620286459773307095511430623433206642350295627727066314318499335076625027698957349606749440688967848601104161925559771098508861122775824042729459273915054769714552374681031466911539350672832355141356102319091158986028959177658623839833832786130570958421415564930935649675423259101583896456477970658267510776810128234576593523458557551696545582014426690034705530323957605173848232794027574376792287619999643266007513187707431577528680228039653740776052522662147641787196250633570259046435991488492815047171939324576588602508812337631017544643007452086602155115287988243145353968683794461030002469265671518574616583627268749668799793002482623957904450841036614023234766209886204012363212205055139019406089798597687526774983243661569131215607851521212812027404615300830285144148834777310024235487015967367998456651083219593553793154371231314995553913883757250215055485400877090808979092055497191743454266752440404971401098978057881724724740693904522022740453113922095020133203114854485050282365745701972476902527855068167312878177458619588471722390532881517173301804166152097233960944014205059991011615716276074057786843656065318008119024509972009756940309305341537493250839656305521872883288027126208375215316627932167732910034729850895093085880359956278702687954511710761131947699333640092211243058626220185346489805100362811931490881783305799409350085655134913254844735236947066951313130987508025300922068387560015164536760977930456896508476393512741058130680701134783956424463980664542756437196246810339118622574091047780467627578818431876787012030136855580203604153370727068867887036067578324673120481046108122077049805356812024781438798672514628603642620835663050343741818606617815056461941536227421361624820162111260853488969594096343896923633921917999705688961777240078247785522693593289608299391816099496610724763391928776220511546543015929818944130718824	234423788543221666869589841058293256947146341237195864601416477436698628991306797316927419517835903704062369926128505986131086308323707723104885844013406139912331275047936097075338153134536045526602735736187042702500876777949896057387139866447897836135824987201314303393414052441331120493663372214784751984612804307726427834224044196053155721294739338989976961997130604033561470037953461789605691329414855138818218678563218948498653041753573961857564835739617376401872230998128083344303799255347425513476610340847390080141947059473444816358966000874332055039940658215720635816392733353739240282901202784242707254067839658762087654622528876743524998665194185488324753013959170811231184200356038575167906207721211308495133175186485165850822628144955673827954027442272451840233038094246953632969009083675261344804209974445041519802018849126477545575903793219869240653751740738569040706133661086495100941873871845832255736638144745046412002703245361816153781062026295876727050713175191825045591467007314080218181232244990623554483335709988677035359887506848023761625037766501761139065733322732660526663765147916883306921376203284765467036367973649562067063195617985535561751962865678857188294397602620897796848060004725409697800698430752039852911872751306959593382830999407998035622794436362781595134791929674910397076458328744870545528511630631398549905095124795105184441600158078938753262995101897265501184021258088252747938131104392192343142906916596461068146512141328996054480042753788655918784481644859319027302981052995719645317682001499142754484783184406641561927318277383471885294186134982567588198640566014191253047472712383627714987178705303724775069543824187166753787474839383712909823613865991375304475882561383646552102808331962529646318217730387413322991692608716670663044357953280806003388953250185260827285042916184826016412695834956713926531668216669100560195177970180135390093905094781119376240509988742057384488842500896073668306998672406280771227154118923867508721968814027339999780600377471124731930662779081584155170374924821774317656338367550300109348935130508478069573397874715088042633045813049225476570602596669856121655083828598518417705978271199981164328755920782250216319302144551326375806368531528285141445223344073786416576725759752028475245904368959302985144612583569292499999589693121308618292975900583115666884830350262087872406882464220253935633785314542154013989579870505745341325995031238431152177190030187885831389361389943228060119227786210217421273307157414316100156746389455335284986173417363085732972582298254878515697393150089749091097595819389663197427587620328158850630306945289409633368256685574233395708290017663104796890054707539669528452553005661270536837714449414671365669642350134512880157697188456666469755528918853011255352380298264097042662655940685417273838083331959013518528895766225579615284663393777260978753429028527661210465327986155190696558109571656945813918991413933930288234919378524512931628489998259189259746942	2,-5,-5,-5,-5,-5,-5,-5,-5,-5,-5,-5	-6,5,5,5,-5,-5,-5,-5,-5,-5,-5,-5	ok
1.575576	-12.672673	-56.069816	0.364837	continued:5	234423788543221666869589841058293256947146341237195864601416477436698628991306797316927419517835903704062369926128505986131086308323707723104885844013406139912331275047936097075338153131234016116711701491432265625940816441588332097703628627751311952085943954455548645382492798608667916644772012901191847944804467694528824409829485788038982840360738023483404363341952458955110067928170243787308388305605436414789096840112693010893262889540310426019550538079684469572217546824504887123648821245465060581782701461746475844158890108995084951999189569351873765631831087132286614147199138796246027104134022716653324636643193124936044343872737424495970972672939929822891773419584617566233184657473218750237280566993017472268989828037973409731080687504083774639864609359756000995789976753455189409038740525369348403395565538340479377215719129849985385476156636829510068047202297197650227818235188222330807524039994490141439699758945737487103390694888651777725566147510958640636083373113873861176091768665508826075794418649695742852058233961429885796718236866414043103237328998929751656283606598766604942849801714439240270620286459773307095511430623433206642350295627727066314318499335076625027698957349606749440688967848601104161925559771098508861122775824042729459273915054769714552374681031466911539350672832355141356102319091158986028959177658623839833832786130570958421415564930935649675423259101583896456477970658267510776810128234576593523458557551696545582014426690034705530323957605173848232794027574376792287619999643266007513187707431577528680228039653740776052522662147641787196250633570259046435991488492815047171939324576588602508812337631017544643007452086602155115287988243145353968683794461030002469265671518574616583627268749668799793002482623957904450841036614023234766209886204012363212205055139019406089798597687526774983243661569131215607851521212812027404615300830285144148834777310024235487015967367998456651083219593553793154371231314995553913883757250215055485400877090808979092055497191743454266752440404971401098978057881724724740693904522022740453113922095020133203114854485050282365745701972476902527855068167312878177458619588471722390532881517173301804166152097233960944014205059991011615716276074057786843656065318008119024509972009756940309305341537493250839656305521872883288027126208375215316627932167732910034729850895093085880359956278702687954511710761131947699333640092211243058626220185346489805100362811931490881783305799409350085655134913254844735236947066951313130987508025300922068387560015164536760977930456896508476393512741058130680701134783956424463980664542756437196246810339118622574091047780467627578818431876787012030136855580203604153370727068867887036067578324673120481046108122077049805356812024781438798672514628603642620835663050343741818606617815056461941536227421361624820162111260853488969594096343896923633921917999705688961777240078247785522693593289608299391816099496610724763391928776220511546543015929818944130718824	234423788543221666869589841058293256947146341237195864601416477436698628991306797316927419517835903704062369926128505986131086308323707723104885844013406139912331275047936097075338153134536045526602735736187042702500876777949896057387139866447897836135824987201314303393414052441331120493663372214784751984612804307726427834224044196053155721294739338989976961997130604033561470037953461789605691329414855138818218678563218948498653041753573961857564835739617376401872230998128083344303799255347425513476610340847390080141947059473444816358966000874332055039940658215720635816392733353739240282901202784242707254067839658762087654622528876743524998665194185488324753013959170811231184200356038575167906207721211308495133175186485165850822628144955673827954027442272451840233038094246953632969009083675261344804209974445041519802018849126477545575903793219869240653751740738569040706133661086495100941873871845832255736638144745046412002703245361816153781062026295876727050713175191825045591467007314080218181232244990623554483335709988677035359887506848023761625037766501761139065733322732660526663765147916883306921376203284765467036367973649562067063195617985535561751962865678857188294397602620897796848060004725409697800698430752039852911872751306959593382830999407998035622794436362781595134791929674910397076458328744870545528511630631398549905095124795105184441600158078938753262995101897265501184021258088252747938131104392192343142906916596461068146512141328996054480042753788655918784481644859319027302981052995719645317682001499142754484783184406641561927318277383471885294186134982567588198640566014191253047472712383627714987178705303724775069543824187166753787474839383712909823613865991375304475882561383646552102808331962529646318217730387413322991692608716670663044357953280806003388953250185260827285042916184826016412695834956713926531668216669100560195177970180135390093905094781119376240509988742057384488842500896073668306998672406280771227154118923867508721968814027339999780600377471124731930662779081584155170374924821774317656338367550300109348935130508478069573397874715088042633045813049225476570602596669856121655083828598518417705978271199981164328755920782250216319302144551326375806368531528285141445223344073786416576725759752028475245904368959302985144612583569292499999589693121308618292975900583115666884830350262087872406882464220253935633785314542154013989579870505745341325995031238431152177190030187885831389361389943228060119227786210217421273307157414316100156746389455335284986173417363085732972582298254878515697393150089749091097595819389663197427587620328158850630306945289409633368256685574233395708290017663104796890054707539669528452553005661270536837714449414671365669642350134512880157697188456666469755528918853011255352380298264097042662655940685417273838083331959013518528895766225579615284663393777260978753429028527661210465327986155190696558109571656945813918991413933930288234919378524512931628489998259189259746942	2,-5,-5,-5,-5,-5,-5,-5,-5,-5,-5,-5	-6,5,5,5,-5,-5,-5,-5,-5,-5,-5,-5	ok
1.579580	-12.672673	-56.236093	0.363460	continued:5	234423788543221666869589841058293256947146341237195864601416477436698628991306797316927419517835903704062369926128505986131086308323707723104885844013406139912331275047936097075338153131234016116711701491432265625940816441588332097703628627751311952085943954455548645382492798608667916644772012901191847944804467694528824409829485788038982840360738023483404363341952458955110067928170243787308388305605436414789096840112693010893262889540310426019550538079684469572217546824504887123648821245465060581782701461746475844158890108995084951999189569351873765631831087132286614147199138796246027104134022716653324636643193124936044343872737424495970972672939929822891773419584617566233184657473218750237280566993017472268989828037973409731080687504083774639864609359756000995789976753455189409038740525369348403395565538340479377215719129849985385476156636829510068047202297197650227818235188222330807524039994490141439699758945737487103390694888651777725566147510958640636083373113873861176091768665508826075794418649695742852058233961429885796718236866414043103237328998929751656283606598766604942849801714439240270620286459773307095511430623433206642350295627727066314318499335076625027698957349606749440688967848601104161925559771098508861122775824042729459273915054769714552374681031466911539350672832355141356102319091158986028959177658623839833832786130570958421415564930935649675423259101583896456477970658267510776810128234576593523458557551696545582014426690034705530323957605173848232794027574376792287619999643266007513187707431577528680228039653740776052522662147641787196250633570259046435991488492815047171939324576588602508812337631017544643007452086602155115287988243145353968683794461030002469265671518574616583627268749668799793002482623957904450841036614023234766209886204012363212205055139019406089798597687526774983243661569131215607851521212812027404615300830285144148834777310024235487015967367998456651083219593553793154371231314995553913883757250215055485400877090808979092055497191743454266752440404971401098978057881724724740693904522022740453113922095020133203114854485050282365745701972476902527855068167312878177458619588471722390532881517173301804166152097233960944014205059991011615716276074057786843656065318008119024509972009756940309305341537493250839656305521872883288027126208375215316627932167732910034729850895093085880359956278702687954511710761131947699333640092211243058626220185346489805100362811931490881783305799409350085655134913254844735236947066951313130987508025300922068387560015164536760977930456896508476393512741058130680701134783956424463980664542756437196246810339118622574091047780467627578818431876787012030136855580203604153370727068867887036067578324673120481046108122077049805356812024781438798672514628603642620835663050343741818606617815056461941536227421361624820162111260853488969594096343896923633921917999705688961777240078247785522693593289608299391816099496610724763391928776220511546543015929818944130718824	234423788543221666869589841058293256947146341237195864601416477436698628991306797316927419517835903704062369926128505986131086308323707723104885844013406139912331275047936097075338153134536045526602735736187042702500876777949896057387139866447897836135824987201314303393414052441331120493663372214784751984612804307726427834224044196053155721294739338989976961997130604033561470037953461789605691329414855138818218678563218948498653041753573961857564835739617376401872230998128083344303799255347425513476610340847390080141947059473444816358966000874332055039940658215720635816392733353739240282901202784242707254067839658762087654622528876743524998665194185488324753013959170811231184200356038575167906207721211308495133175186485165850822628144955673827954027442272451840233038094246953632969009083675261344804209974445041519802018849126477545575903793219869240653751740738569040706133661086495100941873871845832255736638144745046412002703245361816153781062026295876727050713175191825045591467007314080218181232244990623554483335709988677035359887506848023761625037766501761139065733322732660526663765147916883306921376203284765467036367973649562067063195617985535561751962865678857188294397602620897796848060004725409697800698430752039852911872751306959593382830999407998035622794436362781595134791929674910397076458328744870545528511630631398549905095124795105184441600158078938753262995101897265501184021258088252747938131104392192343142906916596461068146512141328996054480042753788655918784481644859319027302981052995719645317682001499142754484783184406641561927318277383471885294186134982567588198640566014191253047472712383627714987178705303724775069543824187166753787474839383712909823613865991375304475882561383646552102808331962529646318217730387413322991692608716670663044357953280806003388953250185260827285042916184826016412695834956713926531668216669100560195177970180135390093905094781119376240509988742057384488842500896073668306998672406280771227154118923867508721968814027339999780600377471124731930662779081584155170374924821774317656338367550300109348935130508478069573397874715088042633045813049225476570602596669856121655083828598518417705978271199981164328755920782250216319302144551326375806368531528285141445223344073786416576725759752028475245904368959302985144612583569292499999589693121308618292975900583115666884830350262087872406882464220253935633785314542154013989579870505745341325995031238431152177190030187885831389361389943228060119227786210217421273307157414316100156746389455335284986173417363085732972582298254878515697393150089749091097595819389663197427587620328158850630306945289409633368256685574233395708290017663104796890054707539669528452553005661270536837714449414671365669642350134512880157697188456666469755528918853011255352380298264097042662655940685417273838083331959013518528895766225579615284663393777260978753429028527661210465327986155190696558109571656945813918991413933930288234919378524512931628489998259189259746942	2,-5,-5,-5,-5,-5,-5,-5,-5,-5,-5,-5	-6,5,5,5,-5,-5,-5,-5,-5,-5,-5,-5	ok
1.583584	-12.672673	-56.379907	0.363086	full	234423788543221666869589841058293256947146341237195864601416477436698628991306797316927419517835903704062369926128505986131086308323707723104885844013406139912331275047936097075338153131234016116711701491432265625940816441588332097703628627751311952085943954455548645382492798608667916644772012901191847944804467694528824409829485788038982840360738023483404363341952458955110067928170243787308388305605436414789096840112693010893262889540310426019550538079684469572217546824504887123648821245465060581782701461746475844158890108995084951999189569351873765631831087132286614147199138796246027104134022716653324636643193124936044343872737424495970972672939929822891773419584617566233184657473218750237280566993017472268989828037973409731080687504083774639864609359756000995789976753455189409038740525369348403395565538340479377215719129849985385476156636829510068047202297197650227818235188222330807524039994490141439699758945737487103390694888651777725566147510958640636083373113873861176091768665508826075794418649695742852058233961429885796718236866414043103237328998929751656283606598766604942849801714439240270620286459773307095511430623433206642350295627727066314318499335076625027698957349606749440688967848601104161925559771098508861122775824042729459273915054769714552374681031466911539350672832355141356102319091158986028959177658623839833832786130570958421415564930935649675423259101583896456477970658267510776810128234576593523458557551696545582014426690034705530323957605173848232794027574376792287619999643266007513187707431577528680228039653740776052522662147641787196250633570259046435991488492815047171939324576588602508812337631017544643007452086602155115287988243145353968683794461030002469265671518574616583627268749668799793002482623957904450841036614023234766209886204012363212205055139019406089798597687526774983243661569131215607851521212812027404615300830285144148834777310024235487015967367998456651083219593553793154371231314995553913883757250215055485400877090808979092055497191743454266752440404971401098978057881724724740693904522022740453113922095020133203114854485050282365745701972476902527855068167312878177458619588471722390532881517173301804166152097233960944014205059991011615716276074057786843656065318008119024509972009756940309305341537493250839656305521872883288027126208375215316627932167732910034729850895093085880359956278702687954511710761131947699333640092211243058626220185346489805100362811931490881783305799409350085655134913254844735236947066951313130987508025300922068387560015164536760977930456896508476393512741058130680701134783956424463980664542756437196246810339118622574091047780467627578818431876787012030136855580203604153370727068867887036067578324673120481046108122077049805356812024781438798672514628603642620835663050343741818606617815056461941536227421361624820162111260853488969594096343896923633921917999705688961777240078247785522693593289608299391816099496610724763391928776220511546543015929818944130718824	234423788543221666869589841058293256947146341237195864601416477436698628991306797316927419517835903704062369926128505986131086308323707723104885844013406139912331275047936097075338153134536045526602735736187042702500876777949896057387139866447897836135824987201314303393414052441331120493663372214784751984612804307726427834224044196053155721294739338989976961997130604033561470037953461789605691329414855138818218678563218948498653041753573961857564835739617376401872230998128083344303799255347425513476610340847390080141947059473444816358966000874332055039940658215720635816392733353739240282901202784242707254067839658762087654622528876743524998665194185488324753013959170811231184200356038575167906207721211308495133175186485165850822628144955673827954027442272451840233038094246953632969009083675261344804209974445041519802018849126477545575903793219869240653751740738569040706133661086495100941873871845832255736638144745046412002703245361816153781062026295876727050713175191825045591467007314080218181232244990623554483335709988677035359887506848023761625037766501761139065733322732660526663765147916883306921376203284765467036367973649562067063195617985535561751962865678857188294397602620897796848060004725409697800698430752039852911872751306959593382830999407998035622794436362781595134791929674910397076458328744870545528511630631398549905095124795105184441600158078938753262995101897265501184021258088252747938131104392192343142906916596461068146512141328996054480042753788655918784481644859319027302981052995719645317682001499142754484783184406641561927318277383471885294186134982567588198640566014191253047472712383627714987178705303724775069543824187166753787474839383712909823613865991375304475882561383646552102808331962529646318217730387413322991692608716670663044357953280806003388953250185260827285042916184826016412695834956713926531668216669100560195177970180135390093905094781119376240509988742057384488842500896073668306998672406280771227154118923867508721968814027339999780600377471124731930662779081584155170374924821774317656338367550300109348935130508478069573397874715088042633045813049225476570602596669856121655083828598518417705978271199981164328755920782250216319302144551326375806368531528285141445223344073786416576725759752028475245904368959302985144612583569292499999589693121308618292975900583115666884830350262087872406882464220253935633785314542154013989579870505745341325995031238431152177190030187885831389361389943228060119227786210217421273307157414316100156746389455335284986173417363085732972582298254878515697393150089749091097595819389663197427587620328158850630306945289409633368256685574233395708290017663104796890054707539669528452553005661270536837714449414671365669642350134512880157697188456666469755528918853011255352380298264097042662655940685417273838083331959013518528895766225579615284663393777260978753429028527661210465327986155190696558109571656945813918991413933930288234919378524512931628489998259189259746942	2,-5,-5,-5,-5,-5,-5,-5,-5,-5,-5,-5	-6,5,5,5,-5,-5,-5,-5,-5,-5,-5,-5	ok
1.587588	-12.672673	-18.420706	0.349531	continued:5	234423788543221666869589841058293256947146341237195864601416477436698628991306797316927419522812888314519733468122702459887673804986571624042831078276885403609953191507650521420276652389371065915706443843172792228954720413096722362401914228063344838832123909504945409721890231199176946458566761575805499300843511908088329097298176580327331268666003195958049160996294488865878107708462559039276375237595323227823413709723609238424442241966480891658422896221363790473703424741045981547415545295950802181870782863982864171688845451025827365670550821716304394039349435080722861487180745926654834606466996750380969743979434292049003259284747808648738592529053816961942933481337090382923466052588534261165612415361596856600024346524799723733493805222806672776820150154911830609082830898593682382841542481299810588314142833694938696185336645478811039495790818409676000534063475906729543089430457101207701741042873614996359464475781900065738254352087577261094039377354897352709009894821877000556869308802680316053661032920103612201231544652803909311197619251733378067192797879541142100493125374981657899417084320083463884143938809683420417565746146830083803733892897808987675700925455927314986612021731970625086094245592943465512486722712192724969218301171280912267012947717294892624459076682789194047357864507344239758690503699833296539206269077052579979820988231965163182821375340931847034195738358718365986133525836847319370404087101635989661353964042112154987879108391665709238281759679326231644206869356689647109102160679084169895537641921323451777498481266232564833320817883749945479204962423501340033440985239070265634484334855227641478323730324142779718354548231030033234830542244584489143484949715530975394367572266031660067345520498511158753385667132145473710306587312063692294558933377481763627530394902845261771677069019099987319931938640007718604651360969202252267465303635573135286513436206098210384566437556486974016698988117813628316080760201361485519125681670504877392320354890433531550412342473164819399201758630560460043672216810003213807275871549547579916885059606962806846217374865873016266357844657359545222562012310923082822569575477633872102348904287018287688732376986141538659866692122157616885444698820825918442330243479238803619805862848258484854355928538729976563951035131699222445683675130871803502232420301901909382057693524820673475805027166401346080672296082147465540040535775678043342321149725969867636282450387802570935995020364379548087512314508390803386056873045795424059755370323538645250922671654913698334550608861167951937382602594922594205719352528813963224626870236595326594214558464201311708386288567717099095123474669664614691989943590751068141888858687277197575307114272016592744041341704260432185062595811078973047387393215258526116636658728636045385634333479205154915896612949459070224754125059811827389650310788834030713341392016794182388338253721327940357433102007699998409229895116726679351702239624960737276591019316023134727419452	234423788543221666869589841058293256947146341237195864601416477436698628991306797316927419517835903704062369926128505986131086308323707723104885844013406139912331275047936097075338153134536045526602735736187042702500876777949896057387139866447897836135824987201314303393414052441331120493663372214784751984612804307726427834224044196053155721294739338989976961997130604033561470037953461789605691329414855138818218678563218948498653041753573961857564835739617376401872230998128083344303799255347425513476610340847390080141947059473444816358966000874332055039940658215720635816392733353739240282901202784242707254067839658762087654622528876743524998665194185488324753013959170811231184200356038575167906207721211308495133175186485165850822628144955673827954027442272451840233038094246953632969009083675261344804209974445041519802018849126477545575903793219869240653751740738569040706133661086495100941873871845832255736638144745046412002703245361816153781062026295876727050713175191825045591467007314080218181232244990623554483335709988677035359887506848023761625037766501761139065733322732660526663765147916883306921376203284765467036367973649562067063195617985535561751962865678857188294397602620897796848060004725409697800698430752039852911872751306959593382830999407998035622794436362781595134791929674910397076458328744870545528511630631398549905095124795105184441600158078938753262995101897265501184021258088252747938131104392192343142906916596461068146512141328996054480042753788655918784481644859319027302981052995719645317682001499142754484783184406641561927318277383471885294186134982567588198640566014191253047472712383627714987178705303724775069543824187166753787474839383712909823613865991375304475882561383646552102808331962529646318217730387413322991692608716670663044357953280806003388953250185260827285042916184826016412695834956713926531668216669100560195177970180135390093905094781119376240509988742057384488842500896073668306998672406280771227154118923867508721968814027339999780600377471124731930662779081584155170374924821774317656338367550300109348935130508478069573397874715088042633045813049225476570602596669856121655083828598518417705978271199981164328755920782250216319302144551326375806368531528285141445223344073786416576725759752028475245904368959302985144612583569292499999589693121308618292975900583115666884830350262087872406882464220253935633785314542154013989579870505745341325995031238431152177190030187885831389361389943228060119227786210217421273307157414316100156746389455335284986173417363085732972582298254878515697393150089749091097595819389663197427587620328158850630306945289409633368256685574233395708290017663104796890054707539669528452553005661270536837714449414671365669642350134512880157697188456666469755528918853011255352380298264097042662655940685417273838083331959013518528895766225579615284663393777260978753429028527661210465327986155190696558109571656945813918991413933930288234919378524512931628489998259189259746942	-2,-6,5,5,5,-5,-5,-5,-5,-5,-5,-5	-6,5,5,5,-5,-5,-5,-5,-5,-5,-5,-5	ok
1.591592	-12.672673	-43.254050	0.352324	continued:5	234423788543221666869589841058293256947146341237195864601416477436698628991306797316927419522812888314519733468122702459887673804986571624042831078276885403609953191507650521420276652389371065915706443843172792228954720413096722362401914228063344838832123909504945409721890231199176946458566761575805499300843511908088329097298176580327331268666003195958049160996294488865878107708462559039276375237595323227823413709723609238424442241966480891658422896221363790473703424741045981547415545295950802181870782863982864171688845451025827365670550821716304394039349435080722861487180745926654834606466996750380969743979434292049003259284747808648738592529053816961942933481337090382923466052588534261165612415361596856600024346524799723733493805222806672776820150154911830609082830898593682382841542481299810588314142833694938696185336645478811039495790818409676000534063475906729543089430457101207701741042873614996359464475781900065738254352087577261094039377354897352709009894821877000556869308802680316053661032920103612201231544652803909311197619251733378067192797879541142100493125374981657899417084320083463884143938809683420417565746146830083803733892897808987675700925455927314986612021731970625086094245592943465512486722712192724969218301171280912267012947717294892624459076682789194047357864507344239758690503699833296539206269077052579979820988231965163182821375340931847034195738358718365986133525836847319370404087101635989661353964042112154987879108391665709238281759679326231644206869356689647109102160679084169895537641921323451777498481266232564833320817883749945479204962423501340033440985239070265634484334855227641478323730324142779718354548231030033234830542244584489143484949715530975394367572266031660067345520498511158753385667132145473710306587312063692294558933377481763627530394902845261771677069019099987319931938640007718604651360969202252267465303635573135286513436206098210384566437556486974016698988117813628316080760201361485519125681670504877392320354890433531550412342473164819399201758630560460043672216810003213807275871549547579916885059606962806846217374865873016266357844657359545222562012310923082822569575477633872102348904287018287688732376986141538659866692122157616885444698820825918442330243479238803619805862848258484854355928538729976563951035131699222445683675130871803502232420301901909382057693524820673475805027166401346080672296082147465540040535775678043342321149725969867636282450387802570935995020364379548087512314508390803386056873045795424059755370323538645250922671654913698334550608861167951937382602594922594205719352528813963224626870236595326594214558464201311708386288567717099095123474669664614691989943590751068141888858687277197575307114272016592744041341704260432185062595811078973047387393215258526116636658728636045385634333479205154915896612949459070224754125059811827389650310788834030713341392016794182388338253721327940357433102007699998409229895116726679351702239624960737276591019316023134727419452	234423788543221666869589841058293256947146341237195864601416477436698628991306797316927419517835903704062369926128505986131086308323707723104885844013406139912331275047936097075338153134536045526602735736187042702500876777949896057387139866447897836135824987201314303393414052441331120493663372214784751984612804307726427834224044196053155721294739338989976961997130604033561470037953461789605691329414855138818218678563218948498653041753573961857564835739617376401872230998128083344303799255347425513476610340847390080141947059473444816358966000874332055039940658215720635816392733353739240282901202784242707254067839658762087654622528876743524998665194185488324753013959170811231184200356038575167906207721211308495133175186485165850822628144955673827954027442272451840233038094246953632969009083675261344804209974445041519802018849126477545575903793219869240653751740738569040706133661086495100941873871845832255736638144745046412002703245361816153781062026295876727050713175191825045591467007314080218181232244990623554483335709988677035359887506848023761625037766501761139065733322732660526663765147916883306921376203284765467036367973649562067063195617985535561751962865678857188294397602620897796848060004725409697800698430752039852911872751306959593382830999407998035622794436362781595134791929674910397076458328744870545528511630631398549905095124795105184441600158078938753262995101897265501184021258088252747938131104392192343142906916596461068146512141328996054480042753788655918784481644859319027302981052995719645317682001499142754484783184406641561927318277383471885294186134982567588198640566014191253047472712383627714987178705303724775069543824187166753787474839383712909823613865991375304475882561383646552102808331962529646318217730387413322991692608716670663044357953280806003388953250185260827285042916184826016412695834956713926531668216669100560195177970180135390093905094781119376240509988742057384488842500896073668306998672406280771227154118923867508721968814027339999780600377471124731930662779081584155170374924821774317656338367550300109348935130508478069573397874715088042633045813049225476570602596669856121655083828598518417705978271199981164328755920782250216319302144551326375806368531528285141445223344073786416576725759752028475245904368959302985144612583569292499999589693121308618292975900583115666884830350262087872406882464220253935633785314542154013989579870505745341325995031238431152177190030187885831389361389943228060119227786210217421273307157414316100156746389455335284986173417363085732972582298254878515697393150089749091097595819389663197427587620328158850630306945289409633368256685574233395708290017663104796890054707539669528452553005661270536837714449414671365669642350134512880157697188456666469755528918853011255352380298264097042662655940685417273838083331959013518528895766225579615284663393777260978753429028527661210465327986155190696558109571656945813918991413933930288234919378524512931628489998259189259746942	-2,-6,5,5,5,-5,-5,-5,-5,-5,-5,-5	-6,5,5,5,-5,-5,-5,-5,-5,-5,-5,-5	ok
1.595596	-12.672673	-49.141960	0.349531	continued:5	234423788543221666869589841058293256947146341237195864601416477436698628991306797316927419522812888314519733468122702459887673804986571624042831078276885403609953191507650521420276652389371065915706443843172792228954720413096722362401914228063344838832123909504945409721890231199176946458566761575805499300843511908088329097298176580327331268666003195958049160996294488865878107708462559039276375237595323227823413709723609238424442241966480891658422896221363790473703424741045981547415545295950802181870782863982864171688845451025827365670550821716304394039349435080722861487180745926654834606466996750380969743979434292049003259284747808648738592529053816961942933481337090382923466052588534261165612415361596856600024346524799723733493805222806672776820150154911830609082830898593682382841542481299810588314142833694938696185336645478811039495790818409676000534063475906729543089430457101207701741042873614996359464475781900065738254352087577261094039377354897352709009894821877000556869308802680316053661032920103612201231544652803909311197619251733378067192797879541142100493125374981657899417084320083463884143938809683420417565746146830083803733892897808987675700925455927314986612021731970625086094245592943465512486722712192724969218301171280912267012947717294892624459076682789194047357864507344239758690503699833296539206269077052579979820988231965163182821375340931847034195738358718365986133525836847319370404087101635989661353964042112154987879108391665709238281759679326274949983716629310014029966308661816569096228486669797203192514692162539904811677660999326703898423841208784605928374187518082986136325435589466518943319803485039253135852470234138210478664336450808743539924026314546256087296067672137355867317394188335500735919639111535396151040083925825947316862265082631950911651353598594621571241942628297577566299114733292033353122591586003221570947442380817232964040005566124051238625076565150124989885303456480209210407641537972090416950067642844418352855766765922745502297783188642645664521646635642932182194906573077817852312426749469903114055184045319897972621765392462948995506991974648125932357739336647695885379250542546517832806688155336689358240209223061749835216527517632899010384219345979504038511497452874316609963100668088546363100920359950954090121904647762015782117113142484746748279156956227141454777299260949058427528894183639310243473777681540809570368293506929634915199459746064343073002234283000670186755711875639599058925438836477248896763998613412601580292106316920470555975993234906677823975140819076043264901373509825992076925619675433832820776706599930067472624653968272077173444223327286848925345485606366658880072178511969255134358634127449152043862646822902121359361241182825971910811582311794821420724390474490931757915383561086150443658704994141912252747692158281437998640468875032726801846999965859010582342755497465107937159127617215097306134613205459688576174449145793045832850850892069562933683722032762503007133831	234423788543221666869589841058293256947146341237195864601416477436698628991306797316927419517835903704062369926128505986131086308323707723104885844013406139912331275047936097075338153134536045526602735736187042702500876777949896057387139866447897836135824987201314303393414052441331120493663372214784751984612804307726427834224044196053155721294739338989976961997130604033561470037953461789605691329414855138818218678563218948498653041753573961857564835739617376401872230998128083344303799255347425513476610340847390080141947059473444816358966000874332055039940658215720635816392733353739240282901202784242707254067839658762087654622528876743524998665194185488324753013959170811231184200356038575167906207721211308495133175186485165850822628144955673827954027442272451840233038094246953632969009083675261344804209974445041519802018849126477545575903793219869240653751740738569040706133661086495100941873871845832255736638144745046412002703245361816153781062026295876727050713175191825045591467007314080218181232244990623554483335709988677035359887506848023761625037766501761139065733322732660526663765147916883306921376203284765467036367973649562067063195617985535561751962865678857188294397602620897796848060004725409697800698430752039852911872751306959593382830999407998035622794436362781595134791929674910397076458328744870545528511630631398549905095124795105184441600158078938753262995101897265501184021258088252747938131104392192343142906916596461068146512141328996054480042753788655918784481644859319027302981052995719645317682001499142754484783184406641561927318277383471885294186134982567588198640566014191253047472712383627714987178705303724775069543824187166753787474839383712909823613865991375304475882561383646552102808331962529646318217730387413322991692608716670663044357953280806003388953250185260827285042916184826016412695834956713926531668216669100560195177970180135390093905094781119376240509988742057384488842500896073668306998672406280771227154118923867508721968814027339999780600377471124731930662779081584155170374924821774317656338367550300109348935130508478069573397874715088042633045813049225476570602596669856121655083828598518417705978271199981164328755920782250216319302144551326375806368531528285141445223344073786416576725759752028475245904368959302985144612583569292499999589693121308618292975900583115666884830350262087872406882464220253935633785314542154013989579870505745341325995031238431152177190030187885831389361389943228060119227786210217421273307157414316100156746389455335284986173417363085732972582298254878515697393150089749091097595819389663197427587620328158850630306945289409633368256685574233395708290017663104796890054707539669528452553005661270536837714449414671365669642350134512880157697188456666469755528918853011255352380298264097042662655940685417273838083331959013518528895766225579615284663393777260978753429028527661210465327986155190696558109571656945813918991413933930288234919378524512931628489998259189259746942	-3,-6,5,5,5,-5,-5,-5,-5,-5,-5,-5	-6,5,5,5,-5,-5,-5,-5,-5,-5,-5,-5	ok
1.599600	-12.672673	-52.143917	0.352324	continued:5	234423788543221666869589841058293256947146341237195864601416477436698628991306797316927419517835903704062369926128505986131086308323707723104885844013406139912331275047936097075338153134536045526602735736187042702500876777949896057387139866447897836135824987201314303393414052441331120493663372214784751984612804307726427834224044196053155721294739338989976961997130604033561470037953461789605691329414855138818218678563218948498653041753573961857564835739617376401872230998128083344303799255347425513476610340847390080141947059473444816358966000874332055039940658215720635816392733353739240282901202784242707254067839658762087654622528876743524998665194185488324753013959170811231184200356038575167906207721211308495133175186485165850822628149461648589167183953256012810548503945017032975724990000835694304387823782550274258452500678345602191094147579842401072431574364123837737390186204481470265529613022530374510446495867040491880955916570442561280684043606359392066629010811993532813174562472968172248426984462248248925928201806371061861215943945873677143671273363947668335232013415699945594883675877387393413311058985669465060917316532519964651114216984305598966088047800033630743406920038571779325106346279970060983085027070172213662974890067947111901425219142335457776470265151000889644531674077094924441583525428816369696318296860925586036017271456757514972725478268666789184117754925026168324007922117257010488251107141966497020181382677152724969978718745262514997229344711893390562215774817623897361031443280745745448306280896274318764285611314294626013739401392669533393928480275574350722265713564029608814256156525806201598400926081870784212888474481088226820026278076876288476850557207439652169680650907089271841711598343474584931517731912306920040002600939296998544378975409147025968292629838875566611268510606460471498353700684504766188475132194582440956498123487794109743706650171428582814985240704266052354587503488721728952304032407312025360142056833554030717287427296150818150717886871626557569716518292764935263101541575491314292323106295084230001570623644623099972217318022374555405482981879293337645279989522711168704571064216441306060556838840593741049534563661384043195880408688156088479025267180719048939250489311999082994571794646717797153017674062603599848647520152418158437097811071178455117754955738202292418519584889826707147561936976393257646971985109333304060772529166047973562530932461737910052584528449570197585525663438149688138812284751333344126389503505350386203727484431506955960800600488651052030433521892835045966213526459191393915313084408965988672928362534929696595703372956438890951587865827722339513369573743107783100604052893598107645997365020119409704970458756249975891988473450863959309710263931991331064540859667467967382600474640949134003227991710831964323533594733652213479370375104385805975990933757453620024013922298557807158465824391736084319903896850501052524170541294486979499202338999939276338418840326263724634094916	234423788543221666869589841058293256947146341237195864601416477436698628991306797316927419517835903704062369926128505986131086308323707723104885844013406139912331275047936097075338153134536045526602735736187042702500876777949896057387139866447897836135824987201314303393414052441331120493663372214784751984612804307726427834224044196053155721294739338989976961997130604033561470037953461789605691329414855138818218678563218948498653041753573961857564835739617376401872230998128083344303799255347425513476610340847390080141947059473444816358966000874332055039940658215720635816392733353739240282901202784242707254067839658762087654622528876743524998665194185488324753013959170811231184200356038575167906207721211308495133175186485165850822628144955673827954027442272451840233038094246953632969009083675261344804209974445041519802018849126477545575903793219869240653751740738569040706133661086495100941873871845832255736638144745046412002703245361816153781062026295876727050713175191825045591467007314080218181232244990623554483335709988677035359887506848023761625037766501761139065733322732660526663765147916883306921376203284765467036367973649562067063195617985535561751962865678857188294397602620897796848060004725409697800698430752039852911872751306959593382830999407998035622794436362781595134791929674910397076458328744870545528511630631398549905095124795105184441600158078938753262995101897265501184021258088252747938131104392192343142906916596461068146512141328996054480042753788655918784481644859319027302981052995719645317682001499142754484783184406641561927318277383471885294186134982567588198640566014191253047472712383627714987178705303724775069543824187166753787474839383712909823613865991375304475882561383646552102808331962529646318217730387413322991692608716670663044357953280806003388953250185260827285042916184826016412695834956713926531668216669100560195177970180135390093905094781119376240509988742057384488842500896073668306998672406280771227154118923867508721968814027339999780600377471124731930662779081584155170374924821774317656338367550300109348935130508478069573397874715088042633045813049225476570602596669856121655083828598518417705978271199981164328755920782250216319302144551326375806368531528285141445223344073786416576725759752028475245904368959302985144612583569292499999589693121308618292975900583115666884830350262087872406882464220253935633785314542154013989579870505745341325995031238431152177190030187885831389361389943228060119227786210217421273307157414316100156746389455335284986173417363085732972582298254878515697393150089749091097595819389663197427587620328158850630306945289409633368256685574233395708290017663104796890054707539669528452553005661270536837714449414671365669642350134512880157697188456666469755528918853011255352380298264097042662655940685417273838083331959013518528895766225579615284663393777260978753429028527661210465327986155190696558109571656945813918991413933930288234919378524512931628489998259189259746942	2,-6,5,5,-5,-5,-5,-5,-5,-5,-5,-5	-6,5,5,5,-5,-5,-5,-5,-5,-5,-5,-5	ok
1.603604	-12.672673	-53.980301	0.355117	continued:5	234423788543221666869589841058293256947146341237195864601416477436698628991306797316927419517835903704062369926128505986131086308323707723104885844013406139912331275047936097075338153131234016116711701491432265625940816441588332097703628627751311952085943954455548645382492798608667916644772012901191847944804467694528824409829485788038982840360738023483404363341952458955110067928170243787308388305605436414789096840112693010893262889540310426019550538079684469572217546824504887123648821245465060581782701461746475844158890108995084951999189569351873765631831087132286614147199138796246027104134022716653324636643193124936044343872737424495970972672939929822891773419584617566233184657473218750237280566993017472268989828037973409731080687504083774639864609359756000995789976753455189409038740525369348403395565538340479377215719129849985385476156636829510068047202297197650227818235188222330807524039994490141439699758945737487103390694888651777725566147510958640636083373113873861176091768665508826075794418649695742852058233961429885796718236866414043103237328998929751656283606598766604942849801714439240270620286459773307095511430623433206642350295627727066314318499335076625027698957349606749440688967848601104161925559771098508861122775824042729459273915054769714552374681031466911539350672832355141356102319091158986028959177658623839833832786130570958421415564930935649675423259101583896456477970658267510776810128234576593523458557551696545582014426690034705530323957605173826579905603938066608827187925651899807912842285057340652972719934205587106063344240589853408216494344163116955078157593998508402064478384490404765259255769640791322011389853063412296535131506112150062359278022861191847560198180887654520370248700499072581499668260474760121696279403551970257981366834315503194007539310561011411839910799083618584205822538325954779894076654232754851272112710277227505578164830211760344095373749579929593974422050211974950320685288461700897190199863508806320247334960528581262314562461821059076913304835654777480517898123214765918663011414339015686435102784286762669509173778508726485107027039512630726784627389545890276043825401571056330489153309436695112712563437132535213158254573483512379605295859299977114544903524207252858482257485644415035597679062614076737901717719819450344957971712922397085196396999105180287085385567599371201355290812385851158913602110872610833894478555879336831528010246540245978050537869494831906328059755118709043863565087743632444712405831291363218032320900123203120070326212539722655197050676129443552140938489297671817437458699311704250140983617829289360710211592990441041953379370140919316047448628757975298005847539272004006855503649481755970171604722529725463003613179323069630975334515339445998843613529981393787488338611905471231133379330500380398829373012624730784388724554792164833950496502598168095203447493136171669622950724471256489386961149677198081365348043866890117990459155624852088965450035183063528054151938	234423788543221666869589841058293256947146341237195864601416477436698628991306797316927419517835903704062369926128505986131086308323707723104885844013406139912331275047936097075338153134536045526602735736187042702500876777949896057387139866447897836135824987201314303393414052441331120493663372214784751984612804307726427834224044196053155721294739338989976961997130604033561470037953461789605691329414855138818218678563218948498653041753573961857564835739617376401872230998128083344303799255347425513476610340847390080141947059473444816358966000874332055039940658215720635816392733353739240282901202784242707254067839658762087654622528876743524998665194185488324753013959170811231184200356038575167906207721211308495133175186485165850822628144955673827954027442272451840233038094246953632969009083675261344804209974445041519802018849126477545575903793219869240653751740738569040706133661086495100941873871845832255736638144745046412002703245361816153781062026295876727050713175191825045591467007314080218181232244990623554483335709988677035359887506848023761625037766501761139065733322732660526663765147916883306921376203284765467036367973649562067063195617985535561751962865678857188294397602620897796848060004725409697800698430752039852911872751306959593382830999407998035622794436362781595134791929674910397076458328744870545528511630631398549905095124795105184441600158078938753262995101897265501184021258088252747938131104392192343142906916596461068146512141328996054480042753788655918784481644859319027302981052995719645317682001499142754484783184406641561927318277383471885294186134982567588198640566014191253047472712383627714987178705303724775069543824187166753787474839383712909823613865991375304475882561383646552102808331962529646318217730387413322991692608716670663044357953280806003388953250185260827285042916184826016412695834956713926531668216669100560195177970180135390093905094781119376240509988742057384488842500896073668306998672406280771227154118923867508721968814027339999780600377471124731930662779081584155170374924821774317656338367550300109348935130508478069573397874715088042633045813049225476570602596669856121655083828598518417705978271199981164328755920782250216319302144551326375806368531528285141445223344073786416576725759752028475245904368959302985144612583569292499999589693121308618292975900583115666884830350262087872406882464220253935633785314542154013989579870505745341325995031238431152177190030187885831389361389943228060119227786210217421273307157414316100156746389455335284986173417363085732972582298254878515697393150089749091097595819389663197427587620328158850630306945289409633368256685574233395708290017663104796890054707539669528452553005661270536837714449414671365669642350134512880157697188456666469755528918853011255352380298264097042662655940685417273838083331959013518528895766225579615284663393777260978753429028527661210465327986155190696558109571656945813918991413933930288234919378524512931628489998259189259746942	-2,-5,-5,-5,-5,-5,-5,-5,-5,-5,-5,-5	-6,5,5,5,-5,-5,-5,-5,-5,-5,-5,-5	ok
1.607608	-12.672673	-55.002360	0.357911	continued:5	234423788543221666869589841058293256947146341237195864601416477436698628991306797316927419517835903704062369926128505986131086308323707723104885844013406139912331275047936097075338153131234016116711701491432265625940816441588332097703628627751311952085943954455548645382492798608667916644772012901191847944804467694528824409829485788038982840360738023483404363341952458955110067928170243787308388305605436414789096840112693010893262889540310426019550538079684469572217546824504887123648821245465060581782701461746475844158890108995084951999189569351873765631831087132286614147199138796246027104134022716653324636643193124936044343872737424495970972672939929822891773419584617566233184657473218750237280566993017472268989828037973409731080687504083774639864609359756000995789976753455189409038740525369348403395565538340479377215719129849985385476156636829510068047202297197650227818235188222330807524039994490141439699758945737487103390694888651777725566147510958640636083373113873861176091768665508826075794418649695742852058233961429885796718236866414043103237328998929751656283606598766604942849801714439240270620286459773307095511430623433206642350295627727066314318499335076625027698957349606749440688967848601104161925559771098508861122775824042729459273915054769714552374681031466911539350672832355141356102319091158986028959177658623839833832786130570958421415564930935649675423259101583896456477970658267510776810128234576593523458557551696545582014426690034705530323957605173891538570874846997159208484147625998406713878552180051280095244250550048116030879505263218545155763212384543229151659277481428337386861204748956277007925473611469989906242650132981872275600952505135937187495337660706312287400652780414809010384405250861236379670926922353469959964302738129188335895989981030701621536544295035394589574194895343156538085908055484087035401255172926379669620481936400421290174671506552018270300402944136182004405558356711478821743117021584867361251544733032525961532710215264412647041567933112208973647649905359242261137927215642336896058884888036848489136197711535060590997006437697876883183026892169254014310425410158082444725055623302506193292025678129679987371582026631456515533468212948275636557109622219131441161147539518640109014944740440749732557899384326276715533476926717959948137952780331475557089798292838155933418417486536854930498244064405746036330910538174175309043808517960066119858167475547513314225349446130659989230407160809962529835229252499644780899178618127503328320723829496526064510254966048299888832439111802421147303559627830757167186005728460773109974757969690590168317245036473783815514403059564250641558038114410440078715488196602798749104882243091720764993289914568435435911965720091887465401405395452318708790483923023352885829765340088763189061192444408588165862657014623305683037224198230799007789283835354580494870767726773727639430271292230377794158480514428735444752210756051938309257475078957356708728977423329776283852599	234423788543221666869589841058293256947146341237195864601416477436698628991306797316927419517835903704062369926128505986131086308323707723104885844013406139912331275047936097075338153134536045526602735736187042702500876777949896057387139866447897836135824987201314303393414052441331120493663372214784751984612804307726427834224044196053155721294739338989976961997130604033561470037953461789605691329414855138818218678563218948498653041753573961857564835739617376401872230998128083344303799255347425513476610340847390080141947059473444816358966000874332055039940658215720635816392733353739240282901202784242707254067839658762087654622528876743524998665194185488324753013959170811231184200356038575167906207721211308495133175186485165850822628144955673827954027442272451840233038094246953632969009083675261344804209974445041519802018849126477545575903793219869240653751740738569040706133661086495100941873871845832255736638144745046412002703245361816153781062026295876727050713175191825045591467007314080218181232244990623554483335709988677035359887506848023761625037766501761139065733322732660526663765147916883306921376203284765467036367973649562067063195617985535561751962865678857188294397602620897796848060004725409697800698430752039852911872751306959593382830999407998035622794436362781595134791929674910397076458328744870545528511630631398549905095124795105184441600158078938753262995101897265501184021258088252747938131104392192343142906916596461068146512141328996054480042753788655918784481644859319027302981052995719645317682001499142754484783184406641561927318277383471885294186134982567588198640566014191253047472712383627714987178705303724775069543824187166753787474839383712909823613865991375304475882561383646552102808331962529646318217730387413322991692608716670663044357953280806003388953250185260827285042916184826016412695834956713926531668216669100560195177970180135390093905094781119376240509988742057384488842500896073668306998672406280771227154118923867508721968814027339999780600377471124731930662779081584155170374924821774317656338367550300109348935130508478069573397874715088042633045813049225476570602596669856121655083828598518417705978271199981164328755920782250216319302144551326375806368531528285141445223344073786416576725759752028475245904368959302985144612583569292499999589693121308618292975900583115666884830350262087872406882464220253935633785314542154013989579870505745341325995031238431152177190030187885831389361389943228060119227786210217421273307157414316100156746389455335284986173417363085732972582298254878515697393150089749091097595819389663197427587620328158850630306945289409633368256685574233395708290017663104796890054707539669528452553005661270536837714449414671365669642350134512880157697188456666469755528918853011255352380298264097042662655940685417273838083331959013518528895766225579615284663393777260978753429028527661210465327986155190696558109571656945813918991413933930288234919378524512931628489998259189259746942	3,-5,-5,-5,-5,-5,-5,-5,-5,-5,-5,-5	-6,5,5,5,-5,-5,-5,-5,-5,-5,-5,-5	ok
1.611612	-12.672673	-55.572770	0.360704	continued:5	234423788543221666869589841058293256947146341237195864601416477436698628991306797316927419517835903704062369926128505986131086308323707723104885844013406139912331275047936097075338153131234016116711701491432265625940816441588332097703628627751311952085943954455548645382492798608667916644772012901191847944804467694528824409829485788038982840360738023483404363341952458955110067928170243787308388305605436414789096840112693010893262889540310426019550538079684469572217546824504887123648821245465060581782701461746475844158890108995084951999189569351873765631831087132286614147199138796246027104134022716653324636643193124936044343872737424495970972672939929822891773419584617566233184657473218750237280566993017472268989828037973409731080687504083774639864609359756000995789976753455189409038740525369348403395565538340479377215719129849985385476156636829510068047202297197650227818235188222330807524039994490141439699758945737487103390694888651777725566147510958640636083373113873861176091768665508826075794418649695742852058233961429885796718236866414043103237328998929751656283606598766604942849801714439240270620286459773307095511430623433206642350295627727066314318499335076625027698957349606749440688967848601104161925559771098508861122775824042729459273915054769714552374681031466911539350672832355141356102319091158986028959177658623839833832786130570958421415564930935649675423259101583896456477970658267510776810128234576593523458557551696545582014426690034705530323957605173869885682451210686975748052073634632207113533129805814404387736145101894446041701083705430166176006922977401137793825382987121692279400264662772439758368905621243767274625051109792013695444470374140645578089566060868157378333162149494712797005837000265018086336704773155687205402669676076211551052938092521532416870799717027400339686396291434965760664784812307651321626388192869203537117891383342782719504724408288126878658185156067319327744388975132635988057174168290210637567650991623790723466793653036695869548532562427831620200045155165321680057992548683530818376394705029794471125059903277596897055930461374079624464364432323078271082746788735480311091837605887114291912453597651490895768867061932708729773836636469643626136692848138459142408606428763379566762458375098845020931620460909763777594891224295421618082539494353345436858865230285532984074134190814970405429100171554216995421310649653061504188724305085654589242193830447001559662856129031075435506856480109656307745182082877244758068062842539408229654115927398724066448907490606418324905184784349464811848536184444443923943570256208598786977711256223513682282027687796203194802725420015939110188234995598726054426171888403201451237804655979803900530434119620777958479036921084468635379108710116878753731499275813497753332714195216252503833905129732525053699442217992465251599667729542143988691690089625752064396342863239708300603755685239081658426036902018517418284155126331331536324701927588934127635996676574360207285711	234423788543221666869589841058293256947146341237195864601416477436698628991306797316927419517835903704062369926128505986131086308323707723104885844013406139912331275047936097075338153131234016116711701491432265625940816441588332097703628627751311952085943954455548645382492798608667916644772012901191847944804467694528824409829485788038982840360738023483404363341952458958017035660504026326021778548256853019737914270662304886105692451644632071575616142943277753349001574031449118327828014458199590973820921907687586895703369773979920630060731698338128713170762522322389166136415499798253601830014165386905699567666456674873890985414786383225539608689224537771196076791605757782433657966699716220047691286709917193517352955693708391262789580836082752435007685242633961780056109758739234444049833259241323750772243900851990770412915759933595625948753237173792884423174614879071275472166416139782733281860968032635120006474289966164723992536359794263759570773790054296085043958038500691101118192251867457395805487936015212779469881748601393302926958586670823577909620140709644719512743378039625854456167687559907130748503829004296158946904886112020067985686294572909461751441324971985074620209148624442822691761291415386809040515387036421916171534359908914029981741157488358275021101015300912988746439770020541581737816337225043008231234531988451746829601355131546552490469906436850270022455235868081988018869483978897797245298163765990391815453060803072651843548678857262686539046857971989823497648362834215467690500074196172399330187084866344811392462755085528445278720755872102283069458754269822055168626501234380897682157386566737046058110511931742261357062425458494928908869780421686380912971986924686510130334134559461880018620302745579366407017023780028477070083633873920814780645978462300719646376512408905521619839715493485487974925234877490986695202239181815628505790646881624266412544038140770219071531205242996615705668174247620036643082783863595821743375596243221044124099448555102488087009470665473685855115615475515901933243617432951764420666581099431518106109884205324677627831768331379013462862709497887250003920906616411377774565237166066542506415366760053813362417243354265663022393410506209176983692032375834663186874819021110146050367218835426494796893498062327826900009713445326598616172645285246972667126793812825964654562052673269270289038589951594357149699144136468191439887022089305702076001398858605553477038945991456701486313499664204827494090638903184484495451729609814921869004238835368210912118046103971458529822135705645671087207008238008499317811062628681934151495467044670599456094174599570956574347749299957771251565600850420956392128766215998238505162497432279088602408132036434207351816368769678737515825539368303279857560511513615852968271634950255264617630066288657734308653620176732978412642126261418845476660772020979304378302730721244375964833012581723503797126626291497427443221638639590642945732852439339633228128528197512715327255	-3,-5,-5,-5,-5,-5,-5,-5,-5,-5,-5,-5	-6,5,5,-5,-5,-5,-5,-5,-5,-5,-5,-5	ok
1.615616	-12.672673	-55.907468	0.363497	continued:5	234423788543221666869589841058293256947146341237195864601416477436698628991306797316927419517835903704062369926128505986131086308323707723104885844013406139912331275047936097075338153131234016116711701491432265625940816441588332097703628627751311952085943954455548645382492798608667916644772012901191847944804467694528824409829485788038982840360738023483404363341952458955110067928170243787308388305605436414789096840112693010893262889540310426019550538079684469572217546824504887123648821245465060581782701461746475844158890108995084951999189569351873765631831087132286614147199138796246027104134022716653324636643193124936044343872737424495970972672939929822891773419584617566233184657473218750237280566993017472268989828037973409731080687504083774639864609359756000995789976753455189409038740525369348403395565538340479377215719129849985385476156636829510068047202297197650227818235188222330807524039994490141439699758945737487103390694888651777725566147510958640636083373113873861176091768665508826075794418649695742852058233961429885796718236866414043103237328998929751656283606598766604942849801714439240270620286459773307095511430623433206642350295627727066314318499335076625027698957349606749440688967848601104161925559771098508861122775824042729459273915054769714552374681031466911539350672832355141356102319091158986028959177658623839833832786130570958421415564930935649675423259101583896456477970658267510776810128234576593523458557551696545582014426690034705530323957605173848232794027574376792287619999643266007513187707431577528680228039653740776052522662147641787196250633570259046435991488492815047171939324576588602508812337631017544643007452086602155115287988243145353968683794461030002469265671518574616583627268749668799793002482623957904450841036614023234766209886204012363212205055139019406089798597687526774983243661569131215607851521212812027404615300830285144148834777310024235487015967367998456651083219593553793154371231314995553913883757250215055485400877090808979092055497191743454266752440404971401098978057881724724740693904522022740453113922095020133203114854485050282365745701972476902527855068167312878177458619588471722390532881517173301804166152097233960944014205059991011615716276074057786843656065318008119024509972009756940309305341537493250839656305521872883288027126208375215316627932167732910034729850895093085880359956278702687954511710761131947699333640092211243058626220185346489805100362811931490881783305799409350085655134913254844735236947066951313130987508025300922068387560015164536760977930456896508476393512741058130680701134783956424463980664542756437196246810339118622574091047780467627578818431876787012030136855580203604153370727068867887036067578324673120481046108122077049805356812024781438798672514628603642620835663050343741818606617815056461941536227421361624820162111260853488969594096343896923633921917999705688961777240078247785522693593289608299391816099496610724763391928776220511546543015929818944130718824	234423788543221666869589841058293256947146341237195864601416477436698628991306797316927419517835903704062369926128505986131086308323707723104885844013406139912331275047936097075338153131234016116711701491432265625940816441588332097703628627751311952085943954455548645382492798608667916644772012901191847944804467694528824409829485788038982840360738023483404363341952458958017035660504026326021778548256853019737914270662304886105692451644632071575616142943277753349001574031449118327828014458199590973820921907687586895703369773979920630060731698338128713170762522322389166136415499798253601830014165386905699567666456674873890985414786383225539608689224537771196076791605757782433657966699716220047691286709917193517352955693708391262789580836082752435007685242633961780056109758739234444049833259241323750772243900851990770412915759933595625948753237173792884423174614879071275472166416139782733281860968032635120006474289966164723992536359794263759570773790054296085043958038500691101118192251867457395805487936015212779469881748601393302926958586670823577909620140709644719512743378039625854456167687559907130748503829004296158946904886112020067985686294572909461751441324971985074620209148624442822691761291415386809040515387036421916171534359908914029981741157488358275021101015300912988746439770020541581737816337225043008231234531988451746829601355131546552490469906436850270022455235868081988018869483978897797245298163765990391815453060803072651843548678857262686539046857971989823497648362834215467690500074196172399330187084866344811392462755085528445278720755872102283069458754269822055168626501234380897682157386566737046058110511931742261357062425458494928908869780421686380912971986924686510130334134559461880018620302745579366407017023780028477070083633873920814780645978462300719646376512408905521619839715493485487974925234877490986695202239181815628505790646881624266412544038140770219071531205242996615705668174247620036643082783863595821743375596243221044124099448555102488087009470665473685855115615475515901933243617432951764420666581099431518106109884205324677627831768331379013462862709497887250003920906616411377774565237166066542506415366760053813362417243354265663022393410506209176983692032375834663186874819021110146050367218835426494796893498062327826900009713445326598616172645285246972667126793812825964654562052673269270289038589951594357149699144136468191439887022089305702076001398858605553477038945991456701486313499664204827494090638903184484495451729609814921869004238835368210912118046103971458529822135705645671087207008238008499317811062628681934151495467044670599456094174599570956574347749299957771251565600850420956392128766215998238505162497432279088602408132036434207351816368769678737515825539368303279857560511513615852968271634950255264617630066288657734308653620176732978412642126261418845476660772020979304378302730721244375964833012581723503797126626291497427443221638639590642945732852439339633228128528197512715327255	2,-5,-5,-5,-5,-5,-5,-5,-5,-5,-5,-5	-6,5,5,-5,-5,-5,-5,-5,-5,-5,-5,-5	ok
1.619620	-12.672673	-56.097761	0.361580	continued:5	234423788543221666869589841058293256947146341237195864601416477436698628991306797316927419517835903704062369926128505986131086308323707723104885844013406139912331275047936097075338153131234016116711701491432265625940816441588332097703628627751311952085943954455548645382492798608667916644772012901191847944804467694528824409829485788038982840360738023483404363341952458955110067928170243787308388305605436414789096840112693010893262889540310426019550538079684469572217546824504887123648821245465060581782701461746475844158890108995084951999189569351873765631831087132286614147199138796246027104134022716653324636643193124936044343872737424495970972672939929822891773419584617566233184657473218750237280566993017472268989828037973409731080687504083774639864609359756000995789976753455189409038740525369348403395565538340479377215719129849985385476156636829510068047202297197650227818235188222330807524039994490141439699758945737487103390694888651777725566147510958640636083373113873861176091768665508826075794418649695742852058233961429885796718236866414043103237328998929751656283606598766604942849801714439240270620286459773307095511430623433206642350295627727066314318499335076625027698957349606749440688967848601104161925559771098508861122775824042729459273915054769714552374681031466911539350672832355141356102319091158986028959177658623839833832786130570958421415564930935649675423259101583896456477970658267510776810128234576593523458557551696545582014426690034705530323957605173848232794027574376792287619999643266007513187707431577528680228039653740776052522662147641787196250633570259046435991488492815047171939324576588602508812337631017544643007452086602155115287988243145353968683794461030002469265671518574616583627268749668799793002482623957904450841036614023234766209886204012363212205055139019406089798597687526774983243661569131215607851521212812027404615300830285144148834777310024235487015967367998456651083219593553793154371231314995553913883757250215055485400877090808979092055497191743454266752440404971401098978057881724724740693904522022740453113922095020133203114854485050282365745701972476902527855068167312878177458619588471722390532881517173301804166152097233960944014205059991011615716276074057786843656065318008119024509972009756940309305341537493250839656305521872883288027126208375215316627932167732910034729850895093085880359956278702687954511710761131947699333640092211243058626220185346489805100362811931490881783305799409350085655134913254844735236947066951313130987508025300922068387560015164536760977930456896508476393512741058130680701134783956424463980664542756437196246810339118622574091047780467627578818431876787012030136855580203604153370727068867887036067578324673120481046108122077049805356812024781438798672514628603642620835663050343741818606617815056461941536227421361624820162111260853488969594096343896923633921917999705688961777240078247785522693593289608299391816099496610724763391928776220511546543015929818944130718824	234423788543221666869589841058293256947146341237195864601416477436698628991306797316927419517835903704062369926128505986131086308323707723104885844013406139912331275047936097075338153131234016116711701491432265625940816441588332097703628627751311952085943954455548645382492798608667916644772012901191847944804467694528824409829485788038982840360738023483404363341952458958017035660504026326021778548256853019737914270662304886105692451644632071575616142943277753349001574031449118327828014458199590973820921907687586895703369773979920630060731698338128713170762522322389166136415499798253601830014165386905699567666456674873890985414786383225539608689224537771196076791605757782433657966699716220047691286709917193517352955693708391262789580836082752435007685242633961780056109758739234444049833259241323750772243900851990770412915759933595625948753237173792884423174614879071275472166416139782733281860968032635120006474289966164723992536359794263759570773790054296085043958038500691101118192251867457395805487936015212779469881748601393302926958586670823577909620140709644719512743378039625854456167687559907130748503829004296158946904886112020067985686294572909461751441324971985074620209148624442822691761291415386809040515387036421916171534359908914029981741157488358275021101015300912988746439770020541581737816337225043008231234531988451746829601355131546552490469906436850270022455235868081988018869483978897797245298163765990391815453060803072651843548678857262686539046857971989823497648362834215467690500074196172399330187084866344811392462755085528445278720755872102283069458754269822055168626501234380897682157386566737046058110511931742261357062425458494928908869780421686380912971986924686510130334134559461880018620302745579366407017023780028477070083633873920814780645978462300719646376512408905521619839715493485487974925234877490986695202239181815628505790646881624266412544038140770219071531205242996615705668174247620036643082783863595821743375596243221044124099448555102488087009470665473685855115615475515901933243617432951764420666581099431518106109884205324677627831768331379013462862709497887250003920906616411377774565237166066542506415366760053813362417243354265663022393410506209176983692032375834663186874819021110146050367218835426494796893498062327826900009713445326598616172645285246972667126793812825964654562052673269270289038589951594357149699144136468191439887022089305702076001398858605553477038945991456701486313499664204827494090638903184484495451729609814921869004238835368210912118046103971458529822135705645671087207008238008499317811062628681934151495467044670599456094174599570956574347749299957771251565600850420956392128766215998238505162497432279088602408132036434207351816368769678737515825539368303279857560511513615852968271634950255264617630066288657734308653620176732978412642126261418845476660772020979304378302730721244375964833012581723503797126626291497427443221638639590642945732852439339633228128528197512715327255	2,-5,-5,-5,-5,-5,-5,-5,-5,-5,-5,-5	-6,5,5,-5,-5,-5,-5,-5,-5,-5,-5,-5	ok
1.623624	-12.672673	-56.266302	0.360330	continued:5	234423788543221666869589841058293256947146341237195864601416477436698628991306797316927419517835903704062369926128505986131086308323707723104885844013406139912331275047936097075338153131234016116711701491432265625940816441588332097703628627751311952085943954455548645382492798608667916644772012901191847944804467694528824409829485788038982840360738023483404363341952458955110067928170243787308388305605436414789096840112693010893262889540310426019550538079684469572217546824504887123648821245465060581782701461746475844158890108995084951999189569351873765631831087132286614147199138796246027104134022716653324636643193124936044343872737424495970972672939929822891773419584617566233184657473218750237280566993017472268989828037973409731080687504083774639864609359756000995789976753455189409038740525369348403395565538340479377215719129849985385476156636829510068047202297197650227818235188222330807524039994490141439699758945737487103390694888651777725566147510958640636083373113873861176091768665508826075794418649695742852058233961429885796718236866414043103237328998929751656283606598766604942849801714439240270620286459773307095511430623433206642350295627727066314318499335076625027698957349606749440688967848601104161925559771098508861122775824042729459273915054769714552374681031466911539350672832355141356102319091158986028959177658623839833832786130570958421415564930935649675423259101583896456477970658267510776810128234576593523458557551696545582014426690034705530323957605173848232794027574376792287619999643266007513187707431577528680228039653740776052522662147641787196250633570259046435991488492815047171939324576588602508812337631017544643007452086602155115287988243145353968683794461030002469265671518574616583627268749668799793002482623957904450841036614023234766209886204012363212205055139019406089798597687526774983243661569131215607851521212812027404615300830285144148834777310024235487015967367998456651083219593553793154371231314995553913883757250215055485400877090808979092055497191743454266752440404971401098978057881724724740693904522022740453113922095020133203114854485050282365745701972476902527855068167312878177458619588471722390532881517173301804166152097233960944014205059991011615716276074057786843656065318008119024509972009756940309305341537493250839656305521872883288027126208375215316627932167732910034729850895093085880359956278702687954511710761131947699333640092211243058626220185346489805100362811931490881783305799409350085655134913254844735236947066951313130987508025300922068387560015164536760977930456896508476393512741058130680701134783956424463980664542756437196246810339118622574091047780467627578818431876787012030136855580203604153370727068867887036067578324673120481046108122077049805356812024781438798672514628603642620835663050343741818606617815056461941536227421361624820162111260853488969594096343896923633921917999705688961777240078247785522693593289608299391816099496610724763391928776220511546543015929818944130718824	234423788543221666869589841058293256947146341237195864601416477436698628991306797316927419517835903704062369926128505986131086308323707723104885844013406139912331275047936097075338153131234016116711701491432265625940816441588332097703628627751311952085943954455548645382492798608667916644772012901191847944804467694528824409829485788038982840360738023483404363341952458958017035660504026326021778548256853019737914270662304886105692451644632071575616142943277753349001574031449118327828014458199590973820921907687586895703369773979920630060731698338128713170762522322389166136415499798253601830014165386905699567666456674873890985414786383225539608689224537771196076791605757782433657966699716220047691286709917193517352955693708391262789580836082752435007685242633961780056109758739234444049833259241323750772243900851990770412915759933595625948753237173792884423174614879071275472166416139782733281860968032635120006474289966164723992536359794263759570773790054296085043958038500691101118192251867457395805487936015212779469881748601393302926958586670823577909620140709644719512743378039625854456167687559907130748503829004296158946904886112020067985686294572909461751441324971985074620209148624442822691761291415386809040515387036421916171534359908914029981741157488358275021101015300912988746439770020541581737816337225043008231234531988451746829601355131546552490469906436850270022455235868081988018869483978897797245298163765990391815453060803072651843548678857262686539046857971989823497648362834215467690500074196172399330187084866344811392462755085528445278720755872102283069458754269822055168626501234380897682157386566737046058110511931742261357062425458494928908869780421686380912971986924686510130334134559461880018620302745579366407017023780028477070083633873920814780645978462300719646376512408905521619839715493485487974925234877490986695202239181815628505790646881624266412544038140770219071531205242996615705668174247620036643082783863595821743375596243221044124099448555102488087009470665473685855115615475515901933243617432951764420666581099431518106109884205324677627831768331379013462862709497887250003920906616411377774565237166066542506415366760053813362417243354265663022393410506209176983692032375834663186874819021110146050367218835426494796893498062327826900009713445326598616172645285246972667126793812825964654562052673269270289038589951594357149699144136468191439887022089305702076001398858605553477038945991456701486313499664204827494090638903184484495451729609814921869004238835368210912118046103971458529822135705645671087207008238008499317811062628681934151495467044670599456094174599570956574347749299957771251565600850420956392128766215998238505162497432279088602408132036434207351816368769678737515825539368303279857560511513615852968271634950255264617630066288657734308653620176732978412642126261418845476660772020979304378302730721244375964833012581723503797126626291497427443221638639590642945732852439339633228128528197512715327255	2,-5,-5,-5,-5,-5,-5,-5,-5,-5,-5,-5	-6,5,5,-5,-5,-5,-5,-5,-5,-5,-5,-5	ok
1.627628	-12.672673	-56.410336	0.359956	full	234423788543221666869589841058293256947146341237195864601416477436698628991306797316927419517835903704062369926128505986131086308323707723104885844013406139912331275047936097075338153131234016116711701491432265625940816441588332097703628627751311952085943954455548645382492798608667916644772012901191847944804467694528824409829485788038982840360738023483404363341952458955110067928170243787308388305605436414789096840112693010893262889540310426019550538079684469572217546824504887123648821245465060581782701461746475844158890108995084951999189569351873765631831087132286614147199138796246027104134022716653324636643193124936044343872737424495970972672939929822891773419584617566233184657473218750237280566993017472268989828037973409731080687504083774639864609359756000995789976753455189409038740525369348403395565538340479377215719129849985385476156636829510068047202297197650227818235188222330807524039994490141439699758945737487103390694888651777725566147510958640636083373113873861176091768665508826075794418649695742852058233961429885796718236866414043103237328998929751656283606598766604942849801714439240270620286459773307095511430623433206642350295627727066314318499335076625027698957349606749440688967848601104161925559771098508861122775824042729459273915054769714552374681031466911539350672832355141356102319091158986028959177658623839833832786130570958421415564930935649675423259101583896456477970658267510776810128234576593523458557551696545582014426690034705530323957605173848232794027574376792287619999643266007513187707431577528680228039653740776052522662147641787196250633570259046435991488492815047171939324576588602508812337631017544643007452086602155115287988243145353968683794461030002469265671518574616583627268749668799793002482623957904450841036614023234766209886204012363212205055139019406089798597687526774983243661569131215607851521212812027404615300830285144148834777310024235487015967367998456651083219593553793154371231314995553913883757250215055485400877090808979092055497191743454266752440404971401098978057881724724740693904522022740453113922095020133203114854485050282365745701972476902527855068167312878177458619588471722390532881517173301804166152097233960944014205059991011615716276074057786843656065318008119024509972009756940309305341537493250839656305521872883288027126208375215316627932167732910034729850895093085880359956278702687954511710761131947699333640092211243058626220185346489805100362811931490881783305799409350085655134913254844735236947066951313130987508025300922068387560015164536760977930456896508476393512741058130680701134783956424463980664542756437196246810339118622574091047780467627578818431876787012030136855580203604153370727068867887036067578324673120481046108122077049805356812024781438798672514628603642620835663050343741818606617815056461941536227421361624820162111260853488969594096343896923633921917999705688961777240078247785522693593289608299391816099496610724763391928776220511546543015929818944130718824	234423788543221666869589841058293256947146341237195864601416477436698628991306797316927419517835903704062369926128505986131086308323707723104885844013406139912331275047936097075338153131234016116711701491432265625940816441588332097703628627751311952085943954455548645382492798608667916644772012901191847944804467694528824409829485788038982840360738023483404363341952458958017035660504026326021778548256853019737914270662304886105692451644632071575616142943277753349001574031449118327828014458199590973820921907687586895703369773979920630060731698338128713170762522322389166136415499798253601830014165386905699567666456674873890985414786383225539608689224537771196076791605757782433657966699716220047691286709917193517352955693708391262789580836082752435007685242633961780056109758739234444049833259241323750772243900851990770412915759933595625948753237173792884423174614879071275472166416139782733281860968032635120006474289966164723992536359794263759570773790054296085043958038500691101118192251867457395805487936015212779469881748601393302926958586670823577909620140709644719512743378039625854456167687559907130748503829004296158946904886112020067985686294572909461751441324971985074620209148624442822691761291415386809040515387036421916171534359908914029981741157488358275021101015300912988746439770020541581737816337225043008231234531988451746829601355131546552490469906436850270022455235868081988018869483978897797245298163765990391815453060803072651843548678857262686539046857971989823497648362834215467690500074196172399330187084866344811392462755085528445278720755872102283069458754269822055168626501234380897682157386566737046058110511931742261357062425458494928908869780421686380912971986924686510130334134559461880018620302745579366407017023780028477070083633873920814780645978462300719646376512408905521619839715493485487974925234877490986695202239181815628505790646881624266412544038140770219071531205242996615705668174247620036643082783863595821743375596243221044124099448555102488087009470665473685855115615475515901933243617432951764420666581099431518106109884205324677627831768331379013462862709497887250003920906616411377774565237166066542506415366760053813362417243354265663022393410506209176983692032375834663186874819021110146050367218835426494796893498062327826900009713445326598616172645285246972667126793812825964654562052673269270289038589951594357149699144136468191439887022089305702076001398858605553477038945991456701486313499664204827494090638903184484495451729609814921869004238835368210912118046103971458529822135705645671087207008238008499317811062628681934151495467044670599456094174599570956574347749299957771251565600850420956392128766215998238505162497432279088602408132036434207351816368769678737515825539368303279857560511513615852968271634950255264617630066288657734308653620176732978412642126261418845476660772020979304378302730721244375964833012581723503797126626291497427443221638639590642945732852439339633228128528197512715327255	2,-5,-5,-5,-5,-5,-5,-5,-5,-5,-5,-5	-6,5,5,-5,-5,-5,-5,-5,-5,-5,-5,-5	ok
1.631632	-12.672673	-18.391071	0.346311	continued:5	234423788543221666869589841058293256947146341237195864601416477436698628991306797316927419522812888314519733468122702459887673804986571624042831078276885403609953191507650521420276652389371065915706443843172792228954720413096722362401914228063344838832123909504945409721890231199176946458566761575805499300843511908088329097298176580327331268666003195958049160996294488865878107708462559039276375237595323227823413709723609238424442241966480891658422896221363790473703424741045981547415545295950802181870782863982864171688845451025827365670550821716304394039349435080722861487180745926654834606466996750380969743979434292049003259284747808648738592529053816961942933481337090382923466052588534261165612415361596856600024346524799723733493805222806672776820150154911830609082830898593682382841542481299810588314142833694938696185336645478811039495790818409676000534063475906729543089430457101207701741042873614996359464475781900065738254352087577261094039377354897352709009894821877000556869308802680316053661032920103612201231544652803909311197619251733378067192797879541142100493125374981657899417084320083463884143938809683420417565746146830083803733892897808987675700925455927314986612021731970625086094245592943465512486722712192724969218301171280912267012947717294892624459076682789194047357864507344239758690503699833296539206269077052579979820988231965163182821375340931847034195738358718365986133525836847319370404087101635989661353964042112154987879108391665709238281759679326231644206869356689647109102160679084169895537641921323451777498481266232564833320817883749945479204962423501340033440985239070265634484334855227641478323730324142779718354548231030033234830542244584489143484949715530975394367572266031660067345520498511158753385667132145473710306587312063692294558933377481763627530394902845261771677069019099987319931938640007718604651360969202252267465303635573135286513436206098210384566437556486974016698988117813628316080760201361485519125681670504877392320354890433531550412342473164819399201758630560460043672216810003213807275871549547579916885059606962806846217374865873016266357844657359545222562012310923082822569575477633872102348904287018287688732376986141538659866692122157616885444698820825918442330243479238803619805862848258484854355928538729976563951035131699222445683675130871803502232420301901909382057693524820673475805027166401346080672296082147465540040535775678043342321149725969867636282450387802570935995020364379548087512314508390803386056873045795424059755370323538645250922671654913698334550608861167951937382602594922594205719352528813963224626870236595326594214558464201311708386288567717099095123474669664614691989943590751068141888858687277197575307114272016592744041341704260432185062595811078973047387393215258526116636658728636045385634333479205154915896612949459070224754125059811827389650310788834030713341392016794182388338253721327940357433102007699998409229895116726679351702239624960737276591019316023134727419452	234423788543221666869589841058293256947146341237195864601416477436698628991306797316927419517835903704062369926128505986131086308323707723104885844013406139912331275047936097075338153131234016116711701491432265625940816441588332097703628627751311952085943954455548645382492798608667916644772012901191847944804467694528824409829485788038982840360738023483404363341952458958017035660504026326021778548256853019737914270662304886105692451644632071575616142943277753349001574031449118327828014458199590973820921907687586895703369773979920630060731698338128713170762522322389166136415499798253601830014165386905699567666456674873890985414786383225539608689224537771196076791605757782433657966699716220047691286709917193517352955693708391262789580836082752435007685242633961780056109758739234444049833259241323750772243900851990770412915759933595625948753237173792884423174614879071275472166416139782733281860968032635120006474289966164723992536359794263759570773790054296085043958038500691101118192251867457395805487936015212779469881748601393302926958586670823577909620140709644719512743378039625854456167687559907130748503829004296158946904886112020067985686294572909461751441324971985074620209148624442822691761291415386809040515387036421916171534359908914029981741157488358275021101015300912988746439770020541581737816337225043008231234531988451746829601355131546552490469906436850270022455235868081988018869483978897797245298163765990391815453060803072651843548678857262686539046857971989823497648362834215467690500074196172399330187084866344811392462755085528445278720755872102283069458754269822055168626501234380897682157386566737046058110511931742261357062425458494928908869780421686380912971986924686510130334134559461880018620302745579366407017023780028477070083633873920814780645978462300719646376512408905521619839715493485487974925234877490986695202239181815628505790646881624266412544038140770219071531205242996615705668174247620036643082783863595821743375596243221044124099448555102488087009470665473685855115615475515901933243617432951764420666581099431518106109884205324677627831768331379013462862709497887250003920906616411377774565237166066542506415366760053813362417243354265663022393410506209176983692032375834663186874819021110146050367218835426494796893498062327826900009713445326598616172645285246972667126793812825964654562052673269270289038589951594357149699144136468191439887022089305702076001398858605553477038945991456701486313499664204827494090638903184484495451729609814921869004238835368210912118046103971458529822135705645671087207008238008499317811062628681934151495467044670599456094174599570956574347749299957771251565600850420956392128766215998238505162497432279088602408132036434207351816368769678737515825539368303279857560511513615852968271634950255264617630066288657734308653620176732978412642126261418845476660772020979304378302730721244375964833012581723503797126626291497427443221638639590642945732852439339633228128528197512715327255	-2,-6,5,5,5,-5,-5,-5,-5,-5,-5,-5	-6,5,5,-5,-5,-5,-5,-5,-5,-5,-5,-5	ok
1.635636	-12.672673	-43.051410	0.349104	continued:5	234423788543221666869589841058293256947146341237195864601416477436698628991306797316927419522812888314519733468122702459887673804986571624042831078276885403609953191507650521420276652389371065915706443843172792228954720413096722362401914228063344838832123909504945409721890231199176946458566761575805499300843511908088329097298176580327331268666003195958049160996294488865878107708462559039276375237595323227823413709723609238424442241966480891658422896221363790473703424741045981547415545295950802181870782863982864171688845451025827365670550821716304394039349435080722861487180745926654834606466996750380969743979434292049003259284747808648738592529053816961942933481337090382923466052588534261165612415361596856600024346524799723733493805222806672776820150154911830609082830898593682382841542481299810588314142833694938696185336645478811039495790818409676000534063475906729543089430457101207701741042873614996359464475781900065738254352087577261094039377354897352709009894821877000556869308802680316053661032920103612201231544652803909311197619251733378067192797879541142100493125374981657899417084320083463884143938809683420417565746146830083803733892897808987675700925455927314986612021731970625086094245592943465512486722712192724969218301171280912267012947717294892624459076682789194047357864507344239758690503699833296539206269077052579979820988231965163182821375340931847034195738358718365986133525836847319370404087101635989661353964042112154987879108391665709238281759679326253297095292992999830569534234670450369495883064295560327485006586714386234822499239441538324688814401816142972980907586378576625885404885222347080210821766904591016427103509232584121856747439347696616341704488015038615740831819969084507967331457343423329744652653121840434930673335618944819805710599230056857269590874250719941671459505823698782443115526686649875978886976277602736919206373008195184125276720886111130811595757060818549503292145787146918763244200869666787968037874656674647872588060828178138526355062830903732531861702633101696112933561691540515829794149149508741515470121826141352409419570129167982630932418316003835577459875823785389353974413010090194967577796221177488523486293104601644247541609819895257947914459083402711240420870466056560114884481758173515608728424449340465327036469889730619113900394136678275125255788629064525418417496392884865951666960675020328162073036881844137555204414641303839128760304736017105354642342335401620561375366120009573573218876672434026141410435829604012820023738320229557903449332444910188079262874840121997601141988052374293141322486102123898022701788418262697033419606216236694440915255947501974010234480138015636786031061051360161638123746407363174809584880547459357051701291443543202047937089061436897234055891844874728937276021144861097914646519236673533584322152553870254111697296967422277095748655377346520647842073757129645162748690669271518831783857606579843492702172131259862592276545258515150105137370674392818867276641	234423788543221666869589841058293256947146341237195864601416477436698628991306797316927419517835903704062369926128505986131086308323707723104885844013406139912331275047936097075338153131234016116711701491432265625940816441588332097703628627751311952085943954455548645382492798608667916644772012901191847944804467694528824409829485788038982840360738023483404363341952458958017035660504026326021778548256853019737914270662304886105692451644632071575616142943277753349001574031449118327828014458199590973820921907687586895703369773979920630060731698338128713170762522322389166136415499798253601830014165386905699567666456674873890985414786383225539608689224537771196076791605757782433657966699716220047691286709917193517352955693708391262789580836082752435007685242633961780056109758739234444049833259241323750772243900851990770412915759933595625948753237173792884423174614879071275472166416139782733281860968032635120006474289966164723992536359794263759570773790054296085043958038500691101118192251867457395805487936015212779469881748601393302926958586670823577909620140709644719512743378039625854456167687559907130748503829004296158946904886112020067985686294572909461751441324971985074620209148624442822691761291415386809040515387036421916171534359908914029981741157488358275021101015300912988746439770020541581737816337225043008231234531988451746829601355131546552490469906436850270022455235868081988018869483978897797245298163765990391815453060803072651843548678857262686539046857971989823497648362834215467690500074196172399330187084866344811392462755085528445278720755872102283069458754269822055168626501234380897682157386566737046058110511931742261357062425458494928908869780421686380912971986924686510130334134559461880018620302745579366407017023780028477070083633873920814780645978462300719646376512408905521619839715493485487974925234877490986695202239181815628505790646881624266412544038140770219071531205242996615705668174247620036643082783863595821743375596243221044124099448555102488087009470665473685855115615475515901933243617432951764420666581099431518106109884205324677627831768331379013462862709497887250003920906616411377774565237166066542506415366760053813362417243354265663022393410506209176983692032375834663186874819021110146050367218835426494796893498062327826900009713445326598616172645285246972667126793812825964654562052673269270289038589951594357149699144136468191439887022089305702076001398858605553477038945991456701486313499664204827494090638903184484495451729609814921869004238835368210912118046103971458529822135705645671087207008238008499317811062628681934151495467044670599456094174599570956574347749299957771251565600850420956392128766215998238505162497432279088602408132036434207351816368769678737515825539368303279857560511513615852968271634950255264617630066288657734308653620176732978412642126261418845476660772020979304378302730721244375964833012581723503797126626291497427443221638639590642945732852439339633228128528197512715327255	2,-6,5,5,5,-5,-5,-5,-5,-5,-5,-5	-6,5,5,-5,-5,-5,-5,-5,-5,-5,-5,-5	ok
1.639640	-12.672673	-49.120878	0.346311	continued:5	234423788543221666869589841058293256947146341237195864601416477436698628991306797316927419522812888314519733468122702459887673804986571624042831078276885403609953191507650521420276652389371065915706443843172792228954720413096722362401914228063344838832123909504945409721890231199176946458566761575805499300843511908088329097298176580327331268666003195958049160996294488865878107708462559039276375237595323227823413709723609238424442241966480891658422896221363790473703424741045981547415545295950802181870782863982864171688845451025827365670550821716304394039349435080722861487180745926654834606466996750380969743979434292049003259284747808648738592529053816961942933481337090382923466052588534261165612415361596856600024346524799723733493805222806672776820150154911830609082830898593682382841542481299810588314142833694938696185336645478811039495790818409676000534063475906729543089430457101207701741042873614996359464475781900065738254352087577261094039377354897352709009894821877000556869308802680316053661032920103612201231544652803909311197619251733378067192797879541142100493125374981657899417084320083463884143938809683420417565746146830083803733892897808987675700925455927314986612021731970625086094245592943465512486722712192724969218301171280912267012947717294892624459076682789194047357864507344239758690503699833296539206269077052579979820988231965163182821375340931847034195738358718365986133525836847319370404087101635989661353964042112154987879108391665709238281759679326274949983716629310014029966308661816569096228486669797203192514692162539904811677660999326703898423841208784605928374187518082986136325435589466518943319803485039253135852470234138210478664336450808743539924026314546256087296067672137355867317394188335500735919639111535396151040083925825947316862265082631950911651353598594621571241942628297577566299114733292033353122591586003221570947442380817232964040005566124051238625076565150124989885303456480209210407641537972090416950067642844418352855766765922745502297783188642645664521646635642932182194906573077817852312426749469903114055184045319897972621765392462948995506991974648125932357739336647695885379250542546517832806688155336689358240209223061749835216527517632899010384219345979504038511497452874316609963100668088546363100920359950954090121904647762015782117113142484746748279156956227141454777299260949058427528894183639310243473777681540809570368293506929634915199459746064343073002234283000670186755711875639599058925438836477248896763998613412601580292106316920470555975993234906677823975140819076043264901373509825992076925619675433832820776706599930067472624653968272077173444223327286848925345485606366658880072178511969255134358634127449152043862646822902121359361241182825971910811582311794821420724390474490931757915383561086150443658704994141912252747692158281437998640468875032726801846999965859010582342755497465107937159127617215097306134613205459688576174449145793045832850850892069562933683722032762503007133831	234423788543221666869589841058293256947146341237195864601416477436698628991306797316927419517835903704062369926128505986131086308323707723104885844013406139912331275047936097075338153131234016116711701491432265625940816441588332097703628627751311952085943954455548645382492798608667916644772012901191847944804467694528824409829485788038982840360738023483404363341952458958017035660504026326021778548256853019737914270662304886105692451644632071575616142943277753349001574031449118327828014458199590973820921907687586895703369773979920630060731698338128713170762522322389166136415499798253601830014165386905699567666456674873890985414786383225539608689224537771196076791605757782433657966699716220047691286709917193517352955693708391262789580836082752435007685242633961780056109758739234444049833259241323750772243900851990770412915759933595625948753237173792884423174614879071275472166416139782733281860968032635120006474289966164723992536359794263759570773790054296085043958038500691101118192251867457395805487936015212779469881748601393302926958586670823577909620140709644719512743378039625854456167687559907130748503829004296158946904886112020067985686294572909461751441324971985074620209148624442822691761291415386809040515387036421916171534359908914029981741157488358275021101015300912988746439770020541581737816337225043008231234531988451746829601355131546552490469906436850270022455235868081988018869483978897797245298163765990391815453060803072651843548678857262686539046857971989823497648362834215467690500074196172399330187084866344811392462755085528445278720755872102283069458754269822055168626501234380897682157386566737046058110511931742261357062425458494928908869780421686380912971986924686510130334134559461880018620302745579366407017023780028477070083633873920814780645978462300719646376512408905521619839715493485487974925234877490986695202239181815628505790646881624266412544038140770219071531205242996615705668174247620036643082783863595821743375596243221044124099448555102488087009470665473685855115615475515901933243617432951764420666581099431518106109884205324677627831768331379013462862709497887250003920906616411377774565237166066542506415366760053813362417243354265663022393410506209176983692032375834663186874819021110146050367218835426494796893498062327826900009713445326598616172645285246972667126793812825964654562052673269270289038589951594357149699144136468191439887022089305702076001398858605553477038945991456701486313499664204827494090638903184484495451729609814921869004238835368210912118046103971458529822135705645671087207008238008499317811062628681934151495467044670599456094174599570956574347749299957771251565600850420956392128766215998238505162497432279088602408132036434207351816368769678737515825539368303279857560511513615852968271634950255264617630066288657734308653620176732978412642126261418845476660772020979304378302730721244375964833012581723503797126626291497427443221638639590642945732852439339633228128528197512715327255	-3,-6,5,5,5,-5,-5,-5,-5,-5,-5,-5	-6,5,5,-5,-5,-5,-5,-5,-5,-5,-5,-5	ok
1.643644	-12.672673	-52.150153	0.349104	continued:5	234423788543221666869589841058293256947146341237195864601416477436698628991306797316927419517835903704062369926128505986131086308323707723104885844013406139912331275047936097075338153134536045526602735736187042702500876777949896057387139866447897836135824987201314303393414052441331120493663372214784751984612804307726427834224044196053155721294739338989976961997130604033561470037953461789605691329414855138818218678563218948498653041753573961857564835739617376401872230998128083344303799255347425513476610340847390080141947059473444816358966000874332055039940658215720635816392733353739240282901202784242707254067839658762087654622528876743524998665194185488324753013959170811231184200356038575167906207721211308495133175186485165850822628149461648589167183953256012810548503945017032975724990000835694304387823782550274258452500678345602191094147579842401072431574364123837737390186204481470265529613022530374510446495867040491880955916570442561280684043606359392066629010811993532813174562472968172248426984462248248925928201806371061861215943945873677143671273363947668335232013415699945594883675877387393413311058985669465060917316532519964651114216984305598966088047800033630743406920038571779325106346279970060983085027070172213662974890067947111901425219142335457776470265151000889644531674077094924441583525428816369696318296860925586036017271456757514972725478268666789184117754925026168324007922117257010488251107141966497020181382677152724969978718745262514997229344711893390562215774817623897361031443280745745448306280896274318764285611314294626013739401392669533393928480275574350722265713564029608814256156525806201598400926081870784212888474481088226820026278076876288476850557207439652169680650907089271841711598343474584931517731912306920040002600939296998544378975409147025968292629838875566611268510606460471498353700684504766188475132194582440956498123487794109743706650171428582814985240704266052354587503488721728952304032407312025360142056833554030717287427296150818150717886871626557569716518292764935263101541575491314292323106295084230001570623644623099972217318022374555405482981879293337645279989522711168704571064216441306060556838840593741049534563661384043195880408688156088479025267180719048939250489311999082994571794646717797153017674062603599848647520152418158437097811071178455117754955738202292418519584889826707147561936976393257646971985109333304060772529166047973562530932461737910052584528449570197585525663438149688138812284751333344126389503505350386203727484431506955960800600488651052030433521892835045966213526459191393915313084408965988672928362534929696595703372956438890951587865827722339513369573743107783100604052893598107645997365020119409704970458756249975891988473450863959309710263931991331064540859667467967382600474640949134003227991710831964323533594733652213479370375104385805975990933757453620024013922298557807158465824391736084319903896850501052524170541294486979499202338999939276338418840326263724634094916	234423788543221666869589841058293256947146341237195864601416477436698628991306797316927419517835903704062369926128505986131086308323707723104885844013406139912331275047936097075338153131234016116711701491432265625940816441588332097703628627751311952085943954455548645382492798608667916644772012901191847944804467694528824409829485788038982840360738023483404363341952458958017035660504026326021778548256853019737914270662304886105692451644632071575616142943277753349001574031449118327828014458199590973820921907687586895703369773979920630060731698338128713170762522322389166136415499798253601830014165386905699567666456674873890985414786383225539608689224537771196076791605757782433657966699716220047691286709917193517352955693708391262789580836082752435007685242633961780056109758739234444049833259241323750772243900851990770412915759933595625948753237173792884423174614879071275472166416139782733281860968032635120006474289966164723992536359794263759570773790054296085043958038500691101118192251867457395805487936015212779469881748601393302926958586670823577909620140709644719512743378039625854456167687559907130748503829004296158946904886112020067985686294572909461751441324971985074620209148624442822691761291415386809040515387036421916171534359908914029981741157488358275021101015300912988746439770020541581737816337225043008231234531988451746829601355131546552490469906436850270022455235868081988018869483978897797245298163765990391815453060803072651843548678857262686539046857971989823497648362834215467690500074196172399330187084866344811392462755085528445278720755872102283069458754269822055168626501234380897682157386566737046058110511931742261357062425458494928908869780421686380912971986924686510130334134559461880018620302745579366407017023780028477070083633873920814780645978462300719646376512408905521619839715493485487974925234877490986695202239181815628505790646881624266412544038140770219071531205242996615705668174247620036643082783863595821743375596243221044124099448555102488087009470665473685855115615475515901933243617432951764420666581099431518106109884205324677627831768331379013462862709497887250003920906616411377774565237166066542506415366760053813362417243354265663022393410506209176983692032375834663186874819021110146050367218835426494796893498062327826900009713445326598616172645285246972667126793812825964654562052673269270289038589951594357149699144136468191439887022089305702076001398858605553477038945991456701486313499664204827494090638903184484495451729609814921869004238835368210912118046103971458529822135705645671087207008238008499317811062628681934151495467044670599456094174599570956574347749299957771251565600850420956392128766215998238505162497432279088602408132036434207351816368769678737515825539368303279857560511513615852968271634950255264617630066288657734308653620176732978412642126261418845476660772020979304378302730721244375964833012581723503797126626291497427443221638639590642945732852439339633228128528197512715327255	2,-6,5,5,-5,-5,-5,-5,-5,-5,-5,-5	-6,5,5,-5,-5,-5,-5,-5,-5,-5,-5,-5	ok
1.647648	-12.672673	-53.998882	0.351898	continued:5	234423788543221666869589841058293256947146341237195864601416477436698628991306797316927419517835903704062369926128505986131086308323707723104885844013406139912331275047936097075338153131234016116711701491432265625940816441588332097703628627751311952085943954455548645382492798608667916644772012901191847944804467694528824409829485788038982840360738023483404363341952458955110067928170243787308388305605436414789096840112693010893262889540310426019550538079684469572217546824504887123648821245465060581782701461746475844158890108995084951999189569351873765631831087132286614147199138796246027104134022716653324636643193124936044343872737424495970972672939929822891773419584617566233184657473218750237280566993017472268989828037973409731080687504083774639864609359756000995789976753455189409038740525369348403395565538340479377215719129849985385476156636829510068047202297197650227818235188222330807524039994490141439699758945737487103390694888651777725566147510958640636083373113873861176091768665508826075794418649695742852058233961429885796718236866414043103237328998929751656283606598766604942849801714439240270620286459773307095511430623433206642350295627727066314318499335076625027698957349606749440688967848601104161925559771098508861122775824042729459273915054769714552374681031466911539350672832355141356102319091158986028959177658623839833832786130570958421415564930935649675423259101583896456477970658267510776810128234576593523458557551696545582014426690034705530323957605173826579905603938066608827187925651899807912842285057340652972719934205587106063344240589853408216494344163116955078157593998508402064478384490404765259255769640791322011389853063412296535131506112150062359278022861191847560198180887654520370248700499072581499668260474760121696279403551970257981366834315503194007539310561011411839910799083618584205822538325954779894076654232754851272112710277227505578164830211760344095373749579929593974422050211974950320685288461700897190199863508806320247334960528581262314562461821059076913304835654777480517898123214765918663011414339015686435102784286762669509173778508726485107027039512630726784627389545890276043825401571056330489153309436695112712563437132535213158254573483512379605295859299977114544903524207252858482257485644415035597679062614076737901717719819450344957971712922397085196396999105180287085385567599371201355290812385851158913602110872610833894478555879336831528010246540245978050537869494831906328059755118709043863565087743632444712405831291363218032320900123203120070326212539722655197050676129443552140938489297671817437458699311704250140983617829289360710211592990441041953379370140919316047448628757975298005847539272004006855503649481755970171604722529725463003613179323069630975334515339445998843613529981393787488338611905471231133379330500380398829373012624730784388724554792164833950496502598168095203447493136171669622950724471256489386961149677198081365348043866890117990459155624852088965450035183063528054151938	234423788543221666869589841058293256947146341237195864601416477436698628991306797316927419517835903704062369926128505986131086308323707723104885844013406139912331275047936097075338153131234016116711701491432265625940816441588332097703628627751311952085943954455548645382492798608667916644772012901191847944804467694528824409829485788038982840360738023483404363341952458958017035660504026326021778548256853019737914270662304886105692451644632071575616142943277753349001574031449118327828014458199590973820921907687586895703369773979920630060731698338128713170762522322389166136415499798253601830014165386905699567666456674873890985414786383225539608689224537771196076791605757782433657966699716220047691286709917193517352955693708391262789580836082752435007685242633961780056109758739234444049833259241323750772243900851990770412915759933595625948753237173792884423174614879071275472166416139782733281860968032635120006474289966164723992536359794263759570773790054296085043958038500691101118192251867457395805487936015212779469881748601393302926958586670823577909620140709644719512743378039625854456167687559907130748503829004296158946904886112020067985686294572909461751441324971985074620209148624442822691761291415386809040515387036421916171534359908914029981741157488358275021101015300912988746439770020541581737816337225043008231234531988451746829601355131546552490469906436850270022455235868081988018869483978897797245298163765990391815453060803072651843548678857262686539046857971989823497648362834215467690500074196172399330187084866344811392462755085528445278720755872102283069458754269822055168626501234380897682157386566737046058110511931742261357062425458494928908869780421686380912971986924686510130334134559461880018620302745579366407017023780028477070083633873920814780645978462300719646376512408905521619839715493485487974925234877490986695202239181815628505790646881624266412544038140770219071531205242996615705668174247620036643082783863595821743375596243221044124099448555102488087009470665473685855115615475515901933243617432951764420666581099431518106109884205324677627831768331379013462862709497887250003920906616411377774565237166066542506415366760053813362417243354265663022393410506209176983692032375834663186874819021110146050367218835426494796893498062327826900009713445326598616172645285246972667126793812825964654562052673269270289038589951594357149699144136468191439887022089305702076001398858605553477038945991456701486313499664204827494090638903184484495451729609814921869004238835368210912118046103971458529822135705645671087207008238008499317811062628681934151495467044670599456094174599570956574347749299957771251565600850420956392128766215998238505162497432279088602408132036434207351816368769678737515825539368303279857560511513615852968271634950255264617630066288657734308653620176732978412642126261418845476660772020979304378302730721244375964833012581723503797126626291497427443221638639590642945732852439339633228128528197512715327255	-2,-5,-5,-5,-5,-5,-5,-5,-5,-5,-5,-5	-6,5,5,-5,-5,-5,-5,-5,-5,-5,-5,-5	ok
1.651652	-12.672673	-55.025200	0.354691	continued:5	234423788543221666869589841058293256947146341237195864601416477436698628991306797316927419517835903704062369926128505986131086308323707723104885844013406139912331275047936097075338153131234016116711701491432265625940816441588332097703628627751311952085943954455548645382492798608667916644772012901191847944804467694528824409829485788038982840360738023483404363341952458955110067928170243787308388305605436414789096840112693010893262889540310426019550538079684469572217546824504887123648821245465060581782701461746475844158890108995084951999189569351873765631831087132286614147199138796246027104134022716653324636643193124936044343872737424495970972672939929822891773419584617566233184657473218750237280566993017472268989828037973409731080687504083774639864609359756000995789976753455189409038740525369348403395565538340479377215719129849985385476156636829510068047202297197650227818235188222330807524039994490141439699758945737487103390694888651777725566147510958640636083373113873861176091768665508826075794418649695742852058233961429885796718236866414043103237328998929751656283606598766604942849801714439240270620286459773307095511430623433206642350295627727066314318499335076625027698957349606749440688967848601104161925559771098508861122775824042729459273915054769714552374681031466911539350672832355141356102319091158986028959177658623839833832786130570958421415564930935649675423259101583896456477970658267510776810128234576593523458557551696545582014426690034705530323957605173891538570874846997159208484147625998406713878552180051280095244250550048116030879505263218545155763212384543229151659277481428337386861204748956277007925473611469989906242650132981872275600952505135937187495337660706312287400652780414809010384405250861236379670926922353469959964302738129188335895989981030701621536544295035394589574194895343156538085908055484087035401255172926379669620481936400421290174671506552018270300402944136182004405558356711478821743117021584867361251544733032525961532710215264412647041567933112208973647649905359242261137927215642336896058884888036848489136197711535060590997006437697876883183026892169254014310425410158082444725055623302506193292025678129679987371582026631456515533468212948275636557109622219131441161147539518640109014944740440749732557899384326276715533476926717959948137952780331475557089798292838155933418417486536854930498244064405746036330910538174175309043808517960066119858167475547513314225349446130659989230407160809962529835229252499644780899178618127503328320723829496526064510254966048299888832439111802421147303559627830757167186005728460773109974757969690590168317245036473783815514403059564250641558038114410440078715488196602798749104882243091720764993289914568435435911965720091887465401405395452318708790483923023352885829765340088763189061192444408588165862657014623305683037224198230799007789283835354580494870767726773727639430271292230377794158480514428735444752210756051938309257475078957356708728977423329776283852599	234423788543221666869589841058293256947146341237195864601416477436698628991306797316927419517835903704062369926128505986131086308323707723104885844013406139912331275047936097075338153131234016116711701491432265625940816441588332097703628627751311952085943954455548645382492798608667916644772012901191847944804467694528824409829485788038982840360738023483404363341952458958017035660504026326021778548256853019737914270662304886105692451644632071575616142943277753349001574031449118327828014458199590973820921907687586895703369773979920630060731698338128713170762522322389166136415499798253601830014165386905699567666456674873890985414786383225539608689224537771196076791605757782433657966699716220047691286709917193517352955693708391262789580836082752435007685242633961780056109758739234444049833259241323750772243900851990770412915759933595625948753237173792884423174614879071275472166416139782733281860968032635120006474289966164723992536359794263759570773790054296085043958038500691101118192251867457395805487936015212779469881748601393302926958586670823577909620140709644719512743378039625854456167687559907130748503829004296158946904886112020067985686294572909461751441324971985074620209148624442822691761291415386809040515387036421916171534359908914029981741157488358275021101015300912988746439770020541581737816337225043008231234531988451746829601355131546552490469906436850270022455235868081988018869483978897797245298163765990391815453060803072651843548678857262686539046857971989823497648362834215467690500074196172399330187084866344811392462755085528445278720755872102283069458754269822055168626501234380897682157386566737046058110511931742261357062425458494928908869780421686380912971986924686510130334134559461880018620302745579366407017023780028477070083633873920814780645978462300719646376512408905521619839715493485487974925234877490986695202239181815628505790646881624266412544038140770219071531205242996615705668174247620036643082783863595821743375596243221044124099448555102488087009470665473685855115615475515901933243617432951764420666581099431518106109884205324677627831768331379013462862709497887250003920906616411377774565237166066542506415366760053813362417243354265663022393410506209176983692032375834663186874819021110146050367218835426494796893498062327826900009713445326598616172645285246972667126793812825964654562052673269270289038589951594357149699144136468191439887022089305702076001398858605553477038945991456701486313499664204827494090638903184484495451729609814921869004238835368210912118046103971458529822135705645671087207008238008499317811062628681934151495467044670599456094174599570956574347749299957771251565600850420956392128766215998238505162497432279088602408132036434207351816368769678737515825539368303279857560511513615852968271634950255264617630066288657734308653620176732978412642126261418845476660772020979304378302730721244375964833012581723503797126626291497427443221638639590642945732852439339633228128528197512715327255	3,-5,-5,-5,-5,-5,-5,-5,-5,-5,-5,-5	-6,5,5,-5,-5,-5,-5,-5,-5,-5,-5,-5	ok
1.655656	-12.672673	-55.598172	0.357484	continued:5	234423788543221666869589841058293256947146341237195864601416477436698628991306797316927419517835903704062369926128505986131086308323707723104885844013406139912331275047936097075338153131234016116711701491432265625940816441588332097703628627751311952085943954455548645382492798608667916644772012901191847944804467694528824409829485788038982840360738023483404363341952458955110067928170243787308388305605436414789096840112693010893262889540310426019550538079684469572217546824504887123648821245465060581782701461746475844158890108995084951999189569351873765631831087132286614147199138796246027104134022716653324636643193124936044343872737424495970972672939929822891773419584617566233184657473218750237280566993017472268989828037973409731080687504083774639864609359756000995789976753455189409038740525369348403395565538340479377215719129849985385476156636829510068047202297197650227818235188222330807524039994490141439699758945737487103390694888651777725566147510958640636083373113873861176091768665508826075794418649695742852058233961429885796718236866414043103237328998929751656283606598766604942849801714439240270620286459773307095511430623433206642350295627727066314318499335076625027698957349606749440688967848601104161925559771098508861122775824042729459273915054769714552374681031466911539350672832355141356102319091158986028959177658623839833832786130570958421415564930935649675423259101583896456477970658267510776810128234576593523458557551696545582014426690034705530323957605173869885682451210686975748052073634632207113533129805814404387736145101894446041701083705430166176006922977401137793825382987121692279400264662772439758368905621243767274625051109792013695444470374140645578089566060868157378333162149494712797005837000265018086336704773155687205402669676076211551052938092521532416870799717027400339686396291434965760664784812307651321626388192869203537117891383342782719504724408288126878658185156067319327744388975132635988057174168290210637567650991623790723466793653036695869548532562427831620200045155165321680057992548683530818376394705029794471125059903277596897055930461374079624464364432323078271082746788735480311091837605887114291912453597651490895768867061932708729773836636469643626136692848138459142408606428763379566762458375098845020931620460909763777594891224295421618082539494353345436858865230285532984074134190814970405429100171554216995421310649653061504188724305085654589242193830447001559662856129031075435506856480109656307745182082877244758068062842539408229654115927398724066448907490606418324905184784349464811848536184444443923943570256208598786977711256223513682282027687796203194802725420015939110188234995598726054426171888403201451237804655979803900530434119620777958479036921084468635379108710116878753731499275813497753332714195216252503833905129732525053699442217992465251599667729542143988691690089625752064396342863239708300603755685239081658426036902018517418284155126331331536324701927588934127635996676574360207285711	234423788543221666869589841058293256947146341237195864601416477436698628991306797316927419517835903704062369926128505986131086308323707723104885844013406139912331275047936097075338153131234016116711701491432265625940816441588332097703628627751311952085943954455548645382492798608667916644772012901191847944804467694528824409829485788038982840360738023483404363341952458958017035660504026326021778548256853019737914270662304886105692451644632071575616142943277753349001574031449118327828014458199590973820921907687586895703369773979920630060731698338128713170762522322389166136415499798253601830014165386905699567666456674873890985414786383225539608689224537771196076791605757782433657966699716220047691286709917193517352955693708391262789580836082752435007685242633961780056109758739234444049833259241323750772243900851990770412915759933595625948753237173792884423174614879071275472166416139782733281860968032635120006474289966164723992536359794263759570773790054296085043958038500691101118192251867457395805487936015212779469881748601393302926958586670823577909620140709644719512743378039625854456167687559907130748503829004296158946904886112020067985686294572909461751441324971985074620209148624442822691761291415386809040515387036421916171534359908914029981741157488358275021101015300912988746439770020541581737816337225043008231234531988451746829601355131546552490469906436850270022455235868081988018869483978897797245298163765990391815453060803072651843548678857262686539046857971989823497648362834215467690500074196172399330187084866344811392462755085528445278720755872102283069458754269822055168626501234380897682157386566737046058110511931742261357062425458494928908869780421686380912971986924686510130334134559461880018620302745579366407017023780028477070083633873920814780645978462300719646376512408905521619839715493485487974925234877490986695202239181815628505790646881624266412544038140770219071531205242996615705668174247620036643082783863595821743375596243221044124099448555102488087009470665473685855115615475515901933243617432951764420666581099431518106109884205324677627831768331379013462862709497887250003920906616411377774565237166066542506415366760053813362417243354265663022393410506209176983692032375834663186874819021110146050367218835426494796893498062327826900009713445326598616172645285246972667126793812825964654562052673269270289038589951594357149699144136468191439887022089305702076001398858605553477038945991456701486313499664204827494090638903184484495451729609814921869004238835368210912118046103971458529822135705645671087207008238008499317811062628681934151495467044670599456094174599570956574347749299957771251565600850420956392128766215998238505162497432279088602408132036434207351816368769678737515825539368303279857560511513615852968271634950255264617630066288657734308653620176732978412642126261418845476660772020979304378302730721244375964833012581723503797126626291497427443221638639590642945732852439339633228128528197512715327255	-3,-5,-5,-5,-5,-5,-5,-5,-5,-5,-5,-5	-6,5,5,-5,-5,-5,-5,-5,-5,-5,-5,-5	ok
1.659660	-12.672673	-55.935011	0.360278	continued:5	234423788543221666869589841058293256947146341237195864601416477436698628991306797316927419517835903704062369926128505986131086308323707723104885844013406139912331275047936097075338153131234016116711701491432265625940816441588332097703628627751311952085943954455548645382492798608667916644772012901191847944804467694528824409829485788038982840360738023483404363341952458955110067928170243787308388305605436414789096840112693010893262889540310426019550538079684469572217546824504887123648821245465060581782701461746475844158890108995084951999189569351873765631831087132286614147199138796246027104134022716653324636643193124936044343872737424495970972672939929822891773419584617566233184657473218750237280566993017472268989828037973409731080687504083774639864609359756000995789976753455189409038740525369348403395565538340479377215719129849985385476156636829510068047202297197650227818235188222330807524039994490141439699758945737487103390694888651777725566147510958640636083373113873861176091768665508826075794418649695742852058233961429885796718236866414043103237328998929751656283606598766604942849801714439240270620286459773307095511430623433206642350295627727066314318499335076625027698957349606749440688967848601104161925559771098508861122775824042729459273915054769714552374681031466911539350672832355141356102319091158986028959177658623839833832786130570958421415564930935649675423259101583896456477970658267510776810128234576593523458557551696545582014426690034705530323957605173848232794027574376792287619999643266007513187707431577528680228039653740776052522662147641787196250633570259046435991488492815047171939324576588602508812337631017544643007452086602155115287988243145353968683794461030002469265671518574616583627268749668799793002482623957904450841036614023234766209886204012363212205055139019406089798597687526774983243661569131215607851521212812027404615300830285144148834777310024235487015967367998456651083219593553793154371231314995553913883757250215055485400877090808979092055497191743454266752440404971401098978057881724724740693904522022740453113922095020133203114854485050282365745701972476902527855068167312878177458619588471722390532881517173301804166152097233960944014205059991011615716276074057786843656065318008119024509972009756940309305341537493250839656305521872883288027126208375215316627932167732910034729850895093085880359956278702687954511710761131947699333640092211243058626220185346489805100362811931490881783305799409350085655134913254844735236947066951313130987508025300922068387560015164536760977930456896508476393512741058130680701134783956424463980664542756437196246810339118622574091047780467627578818431876787012030136855580203604153370727068867887036067578324673120481046108122077049805356812024781438798672514628603642620835663050343741818606617815056461941536227421361624820162111260853488969594096343896923633921917999705688961777240078247785522693593289608299391816099496610724763391928776220511546543015929818944130718824	234423788543221666869589841058293256947146341237195864601416477436698628991306797316927419517835903704062369926128505986131086308323707723104885844013406139912331275047936097075338153131234016116711701491432265625940816441588332097703628627751311952085943954455548645382492798608667916644772012901191847944804467694528824409829485788038982840360738023483404363341952458958017035660504026326021778548256853019737914270662304886105692451644632071575616142943277753349001574031449118327828014458199590973820921907687586895703369773979920630060731698338128713170762522322389166136415499798253601830014165386905699567666456674873890985414786383225539608689224537771196076791605757782433657966699716220047691286709917193517352955693708391262789580836082752435007685242633961780056109758739234444049833259241323750772243900851990770412915759933595625948753237173792884423174614879071275472166416139782733281860968032635120006474289966164723992536359794263759570773790054296085043958038500691101118192251867457395805487936015212779469881748601393302926958586670823577909620140709644719512743378039625854456167687559907130748503829004296158946904886112020067985686294572909461751441324971985074620209148624442822691761291415386809040515387036421916171534359908914029981741157488358275021101015300912988746439770020541581737816337225043008231234531988451746829601355131546552490469906436850270022455235868081988018869483978897797245298163765990391815453060803072651843548678857262686539046857971989823497648362834215467690500074196172399330187084866344811392462755085528445278720755872102283069458754269822055168626501234380897682157386566737046058110511931742261357062425458494928908869780421686380912971986924686510130334134559461880018620302745579366407017023780028477070083633873920814780645978462300719646376512408905521619839715493485487974925234877490986695202239181815628505790646881624266412544038140770219071531205242996615705668174247620036643082783863595821743375596243221044124099448555102488087009470665473685855115615475515901933243617432951764420666581099431518106109884205324677627831768331379013462862709497887250003920906616411377774565237166066542506415366760053813362417243354265663022393410506209176983692032375834663186874819021110146050367218835426494796893498062327826900009713445326598616172645285246972667126793812825964654562052673269270289038589951594357149699144136468191439887022089305702076001398858605553477038945991456701486313499664204827494090638903184484495451729609814921869004238835368210912118046103971458529822135705645671087207008238008499317811062628681934151495467044670599456094174599570956574347749299957771251565600850420956392128766215998238505162497432279088602408132036434207351816368769678737515825539368303279857560511513615852968271634950255264617630066288657734308653620176732978412642126261418845476660772020979304378302730721244375964833012581723503797126626291497427443221638639590642945732852439339633228128528197512715327255	2,-5,-5,-5,-5,-5,-5,-5,-5,-5,-5,-5	-6,5,5,-5,-5,-5,-5,-5,-5,-5,-5,-5	ok
1.663664	-12.672673	-56.126976	0.358487	continued:5	234423788543221666869589841058293256947146341237195864601416477436698628991306797316927419517835903704062369926128505986131086308323707723104885844013406139912331275047936097075338153131234016116711701491432265625940816441588332097703628627751311952085943954455548645382492798608667916644772012901191847944804467694528824409829485788038982840360738023483404363341952458955110067928170243787308388305605436414789096840112693010893262889540310426019550538079684469572217546824504887123648821245465060581782701461746475844158890108995084951999189569351873765631831087132286614147199138796246027104134022716653324636643193124936044343872737424495970972672939929822891773419584617566233184657473218750237280566993017472268989828037973409731080687504083774639864609359756000995789976753455189409038740525369348403395565538340479377215719129849985385476156636829510068047202297197650227818235188222330807524039994490141439699758945737487103390694888651777725566147510958640636083373113873861176091768665508826075794418649695742852058233961429885796718236866414043103237328998929751656283606598766604942849801714439240270620286459773307095511430623433206642350295627727066314318499335076625027698957349606749440688967848601104161925559771098508861122775824042729459273915054769714552374681031466911539350672832355141356102319091158986028959177658623839833832786130570958421415564930935649675423259101583896456477970658267510776810128234576593523458557551696545582014426690034705530323957605173848232794027574376792287619999643266007513187707431577528680228039653740776052522662147641787196250633570259046435991488492815047171939324576588602508812337631017544643007452086602155115287988243145353968683794461030002469265671518574616583627268749668799793002482623957904450841036614023234766209886204012363212205055139019406089798597687526774983243661569131215607851521212812027404615300830285144148834777310024235487015967367998456651083219593553793154371231314995553913883757250215055485400877090808979092055497191743454266752440404971401098978057881724724740693904522022740453113922095020133203114854485050282365745701972476902527855068167312878177458619588471722390532881517173301804166152097233960944014205059991011615716276074057786843656065318008119024509972009756940309305341537493250839656305521872883288027126208375215316627932167732910034729850895093085880359956278702687954511710761131947699333640092211243058626220185346489805100362811931490881783305799409350085655134913254844735236947066951313130987508025300922068387560015164536760977930456896508476393512741058130680701134783956424463980664542756437196246810339118622574091047780467627578818431876787012030136855580203604153370727068867887036067578324673120481046108122077049805356812024781438798672514628603642620835663050343741818606617815056461941536227421361624820162111260853488969594096343896923633921917999705688961777240078247785522693593289608299391816099496610724763391928776220511546543015929818944130718824	234423788543221666869589841058293256947146341237195864601416477436698628991306797316927419517835903704062369926128505986131086308323707723104885844013406139912331275047936097075338153131234016116711701491432265625940816441588332097703628627751311952085943954455548645382492798608667916644772012901191847944804467694528824409829485788038982840360738023483404363341952458958017035660504026326021778548256853019737914270662304886105692451644632071575616142943277753349001574031449118327828014458199590973820921907687586895703369773979920630060731698338128713170762522322389166136415499798253601830014165386905699567666456674873890985414786383225539608689224537771196076791605757782433657966699716220047691286709917193517352955693708391262789580836082752435007685242633961780056109758739234444049833259241323750772243900851990770412915759933595625948753237173792884423174614879071275472166416139782733281860968032635120006474289966164723992536359794263759570773790054296085043958038500691101118192251867457395805487936015212779469881748601393302926958586670823577909620140709644719512743378039625854456167687559907130748503829004296158946904886112020067985686294572909461751441324971985074620209148624442822691761291415386809040515387036421916171534359908914029981741157488358275021101015300912988746439770020541581737816337225043008231234531988451746829601355131546552490469906436850270022455235868081988018869483978897797245298163765990391815453060803072651843548678857262686539046857971989823497648362834215467690500074196172399330187084866344811392462755085528445278720755872102283069458754269822055168626501234380897682157386566737046058110511931742261357062425458494928908869780421686380912971986924686510130334134559461880018620302745579366407017023780028477070083633873920814780645978462300719646376512408905521619839715493485487974925234877490986695202239181815628505790646881624266412544038140770219071531205242996615705668174247620036643082783863595821743375596243221044124099448555102488087009470665473685855115615475515901933243617432951764420666581099431518106109884205324677627831768331379013462862709497887250003920906616411377774565237166066542506415366760053813362417243354265663022393410506209176983692032375834663186874819021110146050367218835426494796893498062327826900009713445326598616172645285246972667126793812825964654562052673269270289038589951594357149699144136468191439887022089305702076001398858605553477038945991456701486313499664204827494090638903184484495451729609814921869004238835368210912118046103971458529822135705645671087207008238008499317811062628681934151495467044670599456094174599570956574347749299957771251565600850420956392128766215998238505162497432279088602408132036434207351816368769678737515825539368303279857560511513615852968271634950255264617630066288657734308653620176732978412642126261418845476660772020979304378302730721244375964833012581723503797126626291497427443221638639590642945732852439339633228128528197512715327255	2,-5,-5,-5,-5,-5,-5,-5,-5,-5,-5,-5	-6,5,5,-5,-5,-5,-5,-5,-5,-5,-5,-5	ok
1.667668	-12.672673	-56.295400	0.357238	continued:5	234423788543221666869589841058293256947146341237195864601416477436698628991306797316927419517835903704062369926128505986131086308323707723104885844013406139912331275047936097075338153131234016116711701491432265625940816441588332097703628627751311952085943954455548645382492798608667916644772012901191847944804467694528824409829485788038982840360738023483404363341952458955110067928170243787308388305605436414789096840112693010893262889540310426019550538079684469572217546824504887123648821245465060581782701461746475844158890108995084951999189569351873765631831087132286614147199138796246027104134022716653324636643193124936044343872737424495970972672939929822891773419584617566233184657473218750237280566993017472268989828037973409731080687504083774639864609359756000995789976753455189409038740525369348403395565538340479377215719129849985385476156636829510068047202297197650227818235188222330807524039994490141439699758945737487103390694888651777725566147510958640636083373113873861176091768665508826075794418649695742852058233961429885796718236866414043103237328998929751656283606598766604942849801714439240270620286459773307095511430623433206642350295627727066314318499335076625027698957349606749440688967848601104161925559771098508861122775824042729459273915054769714552374681031466911539350672832355141356102319091158986028959177658623839833832786130570958421415564930935649675423259101583896456477970658267510776810128234576593523458557551696545582014426690034705530323957605173848232794027574376792287619999643266007513187707431577528680228039653740776052522662147641787196250633570259046435991488492815047171939324576588602508812337631017544643007452086602155115287988243145353968683794461030002469265671518574616583627268749668799793002482623957904450841036614023234766209886204012363212205055139019406089798597687526774983243661569131215607851521212812027404615300830285144148834777310024235487015967367998456651083219593553793154371231314995553913883757250215055485400877090808979092055497191743454266752440404971401098978057881724724740693904522022740453113922095020133203114854485050282365745701972476902527855068167312878177458619588471722390532881517173301804166152097233960944014205059991011615716276074057786843656065318008119024509972009756940309305341537493250839656305521872883288027126208375215316627932167732910034729850895093085880359956278702687954511710761131947699333640092211243058626220185346489805100362811931490881783305799409350085655134913254844735236947066951313130987508025300922068387560015164536760977930456896508476393512741058130680701134783956424463980664542756437196246810339118622574091047780467627578818431876787012030136855580203604153370727068867887036067578324673120481046108122077049805356812024781438798672514628603642620835663050343741818606617815056461941536227421361624820162111260853488969594096343896923633921917999705688961777240078247785522693593289608299391816099496610724763391928776220511546543015929818944130718824	234423788543221666869589841058293256947146341237195864601416477436698628991306797316927419517835903704062369926128505986131086308323707723104885844013406139912331275047936097075338153131234016116711701491432265625940816441588332097703628627751311952085943954455548645382492798608667916644772012901191847944804467694528824409829485788038982840360738023483404363341952458958017035660504026326021778548256853019737914270662304886105692451644632071575616142943277753349001574031449118327828014458199590973820921907687586895703369773979920630060731698338128713170762522322389166136415499798253601830014165386905699567666456674873890985414786383225539608689224537771196076791605757782433657966699716220047691286709917193517352955693708391262789580836082752435007685242633961780056109758739234444049833259241323750772243900851990770412915759933595625948753237173792884423174614879071275472166416139782733281860968032635120006474289966164723992536359794263759570773790054296085043958038500691101118192251867457395805487936015212779469881748601393302926958586670823577909620140709644719512743378039625854456167687559907130748503829004296158946904886112020067985686294572909461751441324971985074620209148624442822691761291415386809040515387036421916171534359908914029981741157488358275021101015300912988746439770020541581737816337225043008231234531988451746829601355131546552490469906436850270022455235868081988018869483978897797245298163765990391815453060803072651843548678857262686539046857971989823497648362834215467690500074196172399330187084866344811392462755085528445278720755872102283069458754269822055168626501234380897682157386566737046058110511931742261357062425458494928908869780421686380912971986924686510130334134559461880018620302745579366407017023780028477070083633873920814780645978462300719646376512408905521619839715493485487974925234877490986695202239181815628505790646881624266412544038140770219071531205242996615705668174247620036643082783863595821743375596243221044124099448555102488087009470665473685855115615475515901933243617432951764420666581099431518106109884205324677627831768331379013462862709497887250003920906616411377774565237166066542506415366760053813362417243354265663022393410506209176983692032375834663186874819021110146050367218835426494796893498062327826900009713445326598616172645285246972667126793812825964654562052673269270289038589951594357149699144136468191439887022089305702076001398858605553477038945991456701486313499664204827494090638903184484495451729609814921869004238835368210912118046103971458529822135705645671087207008238008499317811062628681934151495467044670599456094174599570956574347749299957771251565600850420956392128766215998238505162497432279088602408132036434207351816368769678737515825539368303279857560511513615852968271634950255264617630066288657734308653620176732978412642126261418845476660772020979304378302730721244375964833012581723503797126626291497427443221638639590642945732852439339633228128528197512715327255	2,-5,-5,-5,-5,-5,-5,-5,-5,-5,-5,-5	-6,5,5,-5,-5,-5,-5,-5,-5,-5,-5,-5	ok
1.671672	-12.672673	-56.439946	0.356864	full	234423788543221666869589841058293256947146341237195864601416477436698628991306797316927419517835903704062369926128505986131086308323707723104885844013406139912331275047936097075338153131234016116711701491432265625940816441588332097703628627751311952085943954455548645382492798608667916644772012901191847944804467694528824409829485788038982840360738023483404363341952458955110067928170243787308388305605436414789096840112693010893262889540310426019550538079684469572217546824504887123648821245465060581782701461746475844158890108995084951999189569351873765631831087132286614147199138796246027104134022716653324636643193124936044343872737424495970972672939929822891773419584617566233184657473218750237280566993017472268989828037973409731080687504083774639864609359756000995789976753455189409038740525369348403395565538340479377215719129849985385476156636829510068047202297197650227818235188222330807524039994490141439699758945737487103390694888651777725566147510958640636083373113873861176091768665508826075794418649695742852058233961429885796718236866414043103237328998929751656283606598766604942849801714439240270620286459773307095511430623433206642350295627727066314318499335076625027698957349606749440688967848601104161925559771098508861122775824042729459273915054769714552374681031466911539350672832355141356102319091158986028959177658623839833832786130570958421415564930935649675423259101583896456477970658267510776810128234576593523458557551696545582014426690034705530323957605173848232794027574376792287619999643266007513187707431577528680228039653740776052522662147641787196250633570259046435991488492815047171939324576588602508812337631017544643007452086602155115287988243145353968683794461030002469265671518574616583627268749668799793002482623957904450841036614023234766209886204012363212205055139019406089798597687526774983243661569131215607851521212812027404615300830285144148834777310024235487015967367998456651083219593553793154371231314995553913883757250215055485400877090808979092055497191743454266752440404971401098978057881724724740693904522022740453113922095020133203114854485050282365745701972476902527855068167312878177458619588471722390532881517173301804166152097233960944014205059991011615716276074057786843656065318008119024509972009756940309305341537493250839656305521872883288027126208375215316627932167732910034729850895093085880359956278702687954511710761131947699333640092211243058626220185346489805100362811931490881783305799409350085655134913254844735236947066951313130987508025300922068387560015164536760977930456896508476393512741058130680701134783956424463980664542756437196246810339118622574091047780467627578818431876787012030136855580203604153370727068867887036067578324673120481046108122077049805356812024781438798672514628603642620835663050343741818606617815056461941536227421361624820162111260853488969594096343896923633921917999705688961777240078247785522693593289608299391816099496610724763391928776220511546543015929818944130718824	234423788543221666869589841058293256947146341237195864601416477436698628991306797316927419517835903704062369926128505986131086308323707723104885844013406139912331275047936097075338153131234016116711701491432265625940816441588332097703628627751311952085943954455548645382492798608667916644772012901191847944804467694528824409829485788038982840360738023483404363341952458958017035660504026326021778548256853019737914270662304886105692451644632071575616142943277753349001574031449118327828014458199590973820921907687586895703369773979920630060731698338128713170762522322389166136415499798253601830014165386905699567666456674873890985414786383225539608689224537771196076791605757782433657966699716220047691286709917193517352955693708391262789580836082752435007685242633961780056109758739234444049833259241323750772243900851990770412915759933595625948753237173792884423174614879071275472166416139782733281860968032635120006474289966164723992536359794263759570773790054296085043958038500691101118192251867457395805487936015212779469881748601393302926958586670823577909620140709644719512743378039625854456167687559907130748503829004296158946904886112020067985686294572909461751441324971985074620209148624442822691761291415386809040515387036421916171534359908914029981741157488358275021101015300912988746439770020541581737816337225043008231234531988451746829601355131546552490469906436850270022455235868081988018869483978897797245298163765990391815453060803072651843548678857262686539046857971989823497648362834215467690500074196172399330187084866344811392462755085528445278720755872102283069458754269822055168626501234380897682157386566737046058110511931742261357062425458494928908869780421686380912971986924686510130334134559461880018620302745579366407017023780028477070083633873920814780645978462300719646376512408905521619839715493485487974925234877490986695202239181815628505790646881624266412544038140770219071531205242996615705668174247620036643082783863595821743375596243221044124099448555102488087009470665473685855115615475515901933243617432951764420666581099431518106109884205324677627831768331379013462862709497887250003920906616411377774565237166066542506415366760053813362417243354265663022393410506209176983692032375834663186874819021110146050367218835426494796893498062327826900009713445326598616172645285246972667126793812825964654562052673269270289038589951594357149699144136468191439887022089305702076001398858605553477038945991456701486313499664204827494090638903184484495451729609814921869004238835368210912118046103971458529822135705645671087207008238008499317811062628681934151495467044670599456094174599570956574347749299957771251565600850420956392128766215998238505162497432279088602408132036434207351816368769678737515825539368303279857560511513615852968271634950255264617630066288657734308653620176732978412642126261418845476660772020979304378302730721244375964833012581723503797126626291497427443221638639590642945732852439339633228128528197512715327255	2,-5,-5,-5,-5,-5,-5,-5,-5,-5,-5,-5	-6,5,5,-5,-5,-5,-5,-5,-5,-5,-5,-5	ok
1.675676	-12.672673	-17.699741	0.337117	continued:5	234423788543221666869589841058293256947146341237195864601416477436698628991306797316927419522812888314519733468122702459887673804986571624042831078276885403609953191507650521420276652389371065915706443843172792228954720413096722362401914228063344838832123909504945409721890231199176946458566761575805499300843511908088329097298176580327331268666003195958049160996294488865878107708462559039276375237595323227823413709723609238424442241966480891658422896221363790473703424741045981547415545295950802181870782863982864171688845451025827365670550821716304394039349435080722861487180745926654834606466996750380969743979434292049003259284747808648738592529053816961942933481337090382923466052588534261165612415361596856600024346524799723733493805222806672776820150154911830609082830898593682382841542481299810588314142833694938696185336645478811039495790818409676000534063475906729543089430457101207701741042873614996359464475781900065738254352087577261094039377354897352709009894821877000556869308802680316053661032920103612201231544652803909311197619251733378067192797879541142100493125374981657899417084320083463884143938809683420417565746146830083803733892897808987675700925455927314986612021731970625086094245592943465512486722712192724969218301171280912267012947717294892624459076682789194047357864507344239758690503699833296539206269077052579979820988231965163182821375340931847034195738358718365986133525836847319370404087101635989661353964042112154987879108391665709238281759679326231644206869356689647109102160679084169895537641921323451777498481266232564833320817883749945479204962423501340033440985239070265634484334855227641478323730324142779718354548231030033234830542244584489143484949715530975394367572266031660067345520498511158753385667132145473710306587312063692294558933377481763627530394902845261771677069019099987319931938640007718604651360969202252267465303635573135286513436206098210384566437556486974016698988117813628316080760201361485519125681670504877392320354890433531550412342473164819399201758630560460043672216810003213807275871549547579916885059606962806846217374865873016266357844657359545222562012310923082822569575477633872102348904287018287688732376986141538659866692122157616885444698820825918442330243479238803619805862848258484854355928538729976563951035131699222445683675130871803502232420301901909382057693524820673475805027166401346080672296082147465540040535775678043342321149725969867636282450387802570935995020364379548087512314508390803386056873045795424059755370323538645250922671654913698334550608861167951937382602594922594205719352528813963224626870236595326594214558464201311708386288567717099095123474669664614691989943590751068141888858687277197575307114272016592744041341704260432185062595811078973047387393215258526116636658728636045385634333479205154915896612949459070224754125059811827389650310788834030713341392016794182388338253721327940357433102007699998409229895116726679351702239624960737276591019316023134727419452	234423788543221666869589841058293256947146341237195864601416477436698628991306797316927419517835903704062369926128505986131086308323707723104885844013406139912331275047936097075338153131234016116711701491432265625940816441588332097703628627751311952085943954455548645382492798608667916644772012901191847944804467694528824409829485788038982840360738023483404363341952458958017035660504026326021778548256853019737914270662304886105692451644632071575616142943277753349001574031449118327828014458199590973820921907687586895703369773979920630060731698338128713170762522322389166136415499798253601830014165386905699567666456674873890985414786383225539608689224537771196076791605757782433657966699716220047691286709917193517352955693708391262789580836082752435007685242633961780056109758739234444049833259241323750772243900851990770412915759933595625948753237173792884423174614879071275472166416139782733281860968032635120006474289966164723992536359794263759570773790054296085043958038500691101118192251867457395805487936015212779469881748601393302926958586670823577909620140709644719512743378039625854456167687559907130748503829004296158946904886112020067985686294572909461751441324971985074620209148624442822691761291415386809040515387036421916171534359908914029981741157488358275021101015300912988746439770020541581737816337225043008231234531988451746829601355131546552490469906436850270022455235868081988018869483978897797245298163765990391815453060803072651843548678857262686539046857971989823497648362834215467690500074196172399330187084866344811392462755085528445278720755872102283069458754269822055168626501234380897682157386566737046058110511931742261357062425458494928908869780421686380912971986924686510130334134559461880018620302745579366407017023780028477070083633873920814780645978462300719646376512408905521619839715493485487974925234877490986695202239181815628505790646881624266412544038140770219071531205242996615705668174247620036643082783863595821743375596243221044124099448555102488087009470665473685855115615475515901933243617432951764420666581099431518106109884205324677627831768331379013462862709497887250003920906616411377774565237166066542506415366760053813362417243354265663022393410506209176983692032375834663186874819021110146050367218835426494796893498062327826900009713445326598616172645285246972667126793812825964654562052673269270289038589951594357149699144136468191439887022089305702076001398858605553477038945991456701486313499664204827494090638903184484495451729609814921869004238835368210912118046103971458529822135705645671087207008238008499317811062628681934151495467044670599456094174599570956574347749299957771251565600850420956392128766215998238505162497432279088602408132036434207351816368769678737515825539368303279857560511513615852968271634950255264617630066288657734308653620176732978412642126261418845476660772020979304378302730721244375964833012581723503797126626291497427443221638639590642945732852439339633228128528197512715327255	-2,-6,5,5,5,-5,-5,-5,-5,-5,-5,-5	-6,5,5,-5,-5,-5,-5,-5,-5,-5,-5,-5	ok
1.679680	-12.672673	-17.716239	0.339910	continued:5	234423788543221666869589841058293256947146341237195864601416477436698628991306797316927419522812888314519733468122702459887673804986571624042831078276885403609953191507650521420276652389371065915706443843172792228954720413096722362401914228063344838832123909504945409721890231199176946458566761575805499300843511908088329097298176580327331268666003195958049160996294488865878107708462559039276375237595323227823413709723609238424442241966480891658422896221363790473703424741045981547415545295950802181870782863982864171688845451025827365670550821716304394039349435080722861487180745926654834606466996750380969743979434292049003259284747808648738592529053816961942933481337090382923466052588534261165612415361596856600024346524799723733493805222806672776820150154911830609082830898593682382841542481299810588314142833694938696185336645478811039495790818409676000534063475906729543089430457101207701741042873614996359464475781900065738254352087577261094039377354897352709009894821877000556869308802680316053661032920103612201231544652803909311197619251733378067192797879541142100493125374981657899417084320083463884143938809683420417565746146830083803733892897808987675700925455927314986612021731970625086094245592943465512486722712192724969218301171280912267012947717294892624459076682789194047357864507344239758690503699833296539206269077052579979820988231965163182821375340931847034195738358718365986133525836847319370404087101635989661353964042112154987879108391665709238281759679326231644206869356689647109102160679084169895537641921323451777498481266232564833320817883749945479204962423501340033440985239070265634484334855227641478323730324142779718354548231030033234830542244584489143484949715530975394367572266031660067345520498511158753385667132145473710306587312063692294558933377481763627530394902845261771677069019099987319931938640007718604651360969202252267465303635573135286513436206098210384566437556486974016698988117813628316080760201361485519125681670504877392320354890433531550412342473164819399201758630560460043672216810003213807275871549547579916885059606962806846217374865873016266357844657359545222562012310923082822569575477633872102348904287018287688732376986141538659866692122157616885444698820825918442330243479238803619805862848258484854355928538729976563951035131699222445683675130871803502232420301901909382057693524820673475805027166401346080672296082147465540040535775678043342321149725969867636282450387802570935995020364379548087512314508390803386056873045795424059755370323538645250922671654913698334550608861167951937382602594922594205719352528813963224626870236595326594214558464201311708386288567717099095123474669664614691989943590751068141888858687277197575307114272016592744041341704260432185062595811078973047387393215258526116636658728636045385634333479205154915896612949459070224754125059811827389650310788834030713341392016794182388338253721327940357433102007699998409229895116726679351702239624960737276591019316023134727419452	234423788543221666869589841058293256947146341237195864601416477436698628991306797316927419517835903704062369926128505986131086308323707723104885844013406139912331275047936097075338153131234016116711701491432265625940816441588332097703628627751311952085943954455548645382492798608667916644772012901191847944804467694528824409829485788038982840360738023483404363341952458958017035660504026326021778548256853019737914270662304886105692451644632071575616142943277753349001574031449118327828014458199590973820921907687586895703369773979920630060731698338128713170762522322389166136415499798253601830014165386905699567666456674873890985414786383225539608689224537771196076791605757782433657966699716220047691286709917193517352955693708391262789580836082752435007685242633961780056109758739234444049833259241323750772243900851990770412915759933595625948753237173792884423174614879071275472166416139782733281860968032635120006474289966164723992536359794263759570773790054296085043958038500691101118192251867457395805487936015212779469881748601393302926958586670823577909620140709644719512743378039625854456167687559907130748503829004296158946904886112020067985686294572909461751441324971985074620209148624442822691761291415386809040515387036421916171534359908914029981741157488358275021101015300912988746439770020541581737816337225043008231234531988451746829601355131546552490469906436850270022455235868081988018869483978897797245298163765990391815453060803072651843548678857262686539046857971989823497648362834215467690500074196172399330187084866344811392462755085528445278720755872102283069458754269822055168626501234380897682157386566737046058110511931742261357062425458494928908869780421686380912971986924686510130334134559461880018620302745579366407017023780028477070083633873920814780645978462300719646376512408905521619839715493485487974925234877490986695202239181815628505790646881624266412544038140770219071531205242996615705668174247620036643082783863595821743375596243221044124099448555102488087009470665473685855115615475515901933243617432951764420666581099431518106109884205324677627831768331379013462862709497887250003920906616411377774565237166066542506415366760053813362417243354265663022393410506209176983692032375834663186874819021110146050367218835426494796893498062327826900009713445326598616172645285246972667126793812825964654562052673269270289038589951594357149699144136468191439887022089305702076001398858605553477038945991456701486313499664204827494090638903184484495451729609814921869004238835368210912118046103971458529822135705645671087207008238008499317811062628681934151495467044670599456094174599570956574347749299957771251565600850420956392128766215998238505162497432279088602408132036434207351816368769678737515825539368303279857560511513615852968271634950255264617630066288657734308653620176732978412642126261418845476660772020979304378302730721244375964833012581723503797126626291497427443221638639590642945732852439339633228128528197512715327255	-2,-6,5,5,5,-5,-5,-5,-5,-5,-5,-5	-6,5,5,-5,-5,-5,-5,-5,-5,-5,-5,-5	ok
1.683684	-12.672673	-18.379008	0.342704	continued:5	234423788543221666869589841058293256947146341237195864601416477436698628991306797316927419522812888314519733468122702459887673804986571624042831078276885403609953191507650521420276652389371065915706443843172792228954720413096722362401914228063344838832123909504945409721890231199176946458566761575805499300843511908088329097298176580327331268666003195958049160996294488865878107708462559039276375237595323227823413709723609238424442241966480891658422896221363790473703424741045981547415545295950802181870782863982864171688845451025827365670550821716304394039349435080722861487180745926654834606466996750380969743979434292049003259284747808648738592529053816961942933481337090382923466052588534261165612415361596856600024346524799723733493805222806672776820150154911830609082830898593682382841542481299810588314142833694938696185336645478811039495790818409676000534063475906729543089430457101207701741042873614996359464475781900065738254352087577261094039377354897352709009894821877000556869308802680316053661032920103612201231544652803909311197619251733378067192797879541142100493125374981657899417084320083463884143938809683420417565746146830083803733892897808987675700925455927314986612021731970625086094245592943465512486722712192724969218301171280912267012947717294892624459076682789194047357864507344239758690503699833296539206269077052579979820988231965163182821375340931847034195738358718365986133525836847319370404087101635989661353964042112154987879108391665709238281759679326231644206869356689647109102160679084169895537641921323451777498481266232564833320817883749945479204962423501340033440985239070265634484334855227641478323730324142779718354548231030033234830542244584489143484949715530975394367572266031660067345520498511158753385667132145473710306587312063692294558933377481763627530394902845261771677069019099987319931938640007718604651360969202252267465303635573135286513436206098210384566437556486974016698988117813628316080760201361485519125681670504877392320354890433531550412342473164819399201758630560460043672216810003213807275871549547579916885059606962806846217374865873016266357844657359545222562012310923082822569575477633872102348904287018287688732376986141538659866692122157616885444698820825918442330243479238803619805862848258484854355928538729976563951035131699222445683675130871803502232420301901909382057693524820673475805027166401346080672296082147465540040535775678043342321149725969867636282450387802570935995020364379548087512314508390803386056873045795424059755370323538645250922671654913698334550608861167951937382602594922594205719352528813963224626870236595326594214558464201311708386288567717099095123474669664614691989943590751068141888858687277197575307114272016592744041341704260432185062595811078973047387393215258526116636658728636045385634333479205154915896612949459070224754125059811827389650310788834030713341392016794182388338253721327940357433102007699998409229895116726679351702239624960737276591019316023134727419452	234423788543221666869589841058293256947146341237195864601416477436698628991306797316927419517835903704062369926128505986131086308323707723104885844013406139912331275047936097075338153131234016116711701491432265625940816441588332097703628627751311952085943954455548645382492798608667916644772012901191847944804467694528824409829485788038982840360738023483404363341952458958017035660504026326021778548256853019737914270662304886105692451644632071575616142943277753349001574031449118327828014458199590973820921907687586895703369773979920630060731698338128713170762522322389166136415499798253601830014165386905699567666456674873890985414786383225539608689224537771196076791605757782433657966699716220047691286709917193517352955693708391262789580836082752435007685242633961780056109758739234444049833259241323750772243900851990770412915759933595625948753237173792884423174614879071275472166416139782733281860968032635120006474289966164723992536359794263759570773790054296085043958038500691101118192251867457395805487936015212779469881748601393302926958586670823577909620140709644719512743378039625854456167687559907130748503829004296158946904886112020067985686294572909461751441324971985074620209148624442822691761291415386809040515387036421916171534359908914029981741157488358275021101015300912988746439770020541581737816337225043008231234531988451746829601355131546552490469906436850270022455235868081988018869483978897797245298163765990391815453060803072651843548678857262686539046857971989823497648362834215467690500074196172399330187084866344811392462755085528445278720755872102283069458754269822055168626501234380897682157386566737046058110511931742261357062425458494928908869780421686380912971986924686510130334134559461880018620302745579366407017023780028477070083633873920814780645978462300719646376512408905521619839715493485487974925234877490986695202239181815628505790646881624266412544038140770219071531205242996615705668174247620036643082783863595821743375596243221044124099448555102488087009470665473685855115615475515901933243617432951764420666581099431518106109884205324677627831768331379013462862709497887250003920906616411377774565237166066542506415366760053813362417243354265663022393410506209176983692032375834663186874819021110146050367218835426494796893498062327826900009713445326598616172645285246972667126793812825964654562052673269270289038589951594357149699144136468191439887022089305702076001398858605553477038945991456701486313499664204827494090638903184484495451729609814921869004238835368210912118046103971458529822135705645671087207008238008499317811062628681934151495467044670599456094174599570956574347749299957771251565600850420956392128766215998238505162497432279088602408132036434207351816368769678737515825539368303279857560511513615852968271634950255264617630066288657734308653620176732978412642126261418845476660772020979304378302730721244375964833012581723503797126626291497427443221638639590642945732852439339633228128528197512715327255	-2,-6,5,5,5,-5,-5,-5,-5,-5,-5,-5	-6,5,5,-5,-5,-5,-5,-5,-5,-5,-5,-5	ok
1.687688	-12.672673	-43.110480	0.345497	continued:5	234423788543221666869589841058293256947146341237195864601416477436698628991306797316927419522812888314519733468122702459887673804986571624042831078276885403609953191507650521420276652389371065915706443843172792228954720413096722362401914228063344838832123909504945409721890231199176946458566761575805499300843511908088329097298176580327331268666003195958049160996294488865878107708462559039276375237595323227823413709723609238424442241966480891658422896221363790473703424741045981547415545295950802181870782863982864171688845451025827365670550821716304394039349435080722861487180745926654834606466996750380969743979434292049003259284747808648738592529053816961942933481337090382923466052588534261165612415361596856600024346524799723733493805222806672776820150154911830609082830898593682382841542481299810588314142833694938696185336645478811039495790818409676000534063475906729543089430457101207701741042873614996359464475781900065738254352087577261094039377354897352709009894821877000556869308802680316053661032920103612201231544652803909311197619251733378067192797879541142100493125374981657899417084320083463884143938809683420417565746146830083803733892897808987675700925455927314986612021731970625086094245592943465512486722712192724969218301171280912267012947717294892624459076682789194047357864507344239758690503699833296539206269077052579979820988231965163182821375340931847034195738358718365986133525836847319370404087101635989661353964042112154987879108391665709238281759679326253297095292992999830569534234670450369495883064295560327485006586714386234822499239441538324688814401816142972980907586378576625885404885222347080210821766904591016427103509232584121856747439347696616341704488015038615740831819969084507967331457343423329744652653121840434930673335618944819805710599230056857269590874250719941671459505823698782443115526686649875978886976277602736919206373008195184125276720886111130811595757060818549503292145787146918763244200869666787968037874656674647872588060828178138526355062830903732531861702633101696112933561691540515829794149149508741515470121826141352409419570129167982630932418316003835577459875823785389353974413010090194967577796221177488523486293104601644247541609819895257947914459083402711240420870466056560114884481758173515608728424449340465327036469889730619113900394136678275125255788629064525418417496392884865951666960675020328162073036881844137555204414641303839128760304736017105354642342335401620561375366120009573573218876672434026141410435829604012820023738320229557903449332444910188079262874840121997601141988052374293141322486102123898022701788418262697033419606216236694440915255947501974010234480138015636786031061051360161638123746407363174809584880547459357051701291443543202047937089061436897234055891844874728937276021144861097914646519236673533584322152553870254111697296967422277095748655377346520647842073757129645162748690669271518831783857606579843492702172131259862592276545258515150105137370674392818867276641	234423788543221666869589841058293256947146341237195864601416477436698628991306797316927419517835903704062369926128505986131086308323707723104885844013406139912331275047936097075338153131234016116711701491432265625940816441588332097703628627751311952085943954455548645382492798608667916644772012901191847944804467694528824409829485788038982840360738023483404363341952458958017035660504026326021778548256853019737914270662304886105692451644632071575616142943277753349001574031449118327828014458199590973820921907687586895703369773979920630060731698338128713170762522322389166136415499798253601830014165386905699567666456674873890985414786383225539608689224537771196076791605757782433657966699716220047691286709917193517352955693708391262789580836082752435007685242633961780056109758739234444049833259241323750772243900851990770412915759933595625948753237173792884423174614879071275472166416139782733281860968032635120006474289966164723992536359794263759570773790054296085043958038500691101118192251867457395805487936015212779469881748601393302926958586670823577909620140709644719512743378039625854456167687559907130748503829004296158946904886112020067985686294572909461751441324971985074620209148624442822691761291415386809040515387036421916171534359908914029981741157488358275021101015300912988746439770020541581737816337225043008231234531988451746829601355131546552490469906436850270022455235868081988018869483978897797245298163765990391815453060803072651843548678857262686539046857971989823497648362834215467690500074196172399330187084866344811392462755085528445278720755872102283069458754269822055168626501234380897682157386566737046058110511931742261357062425458494928908869780421686380912971986924686510130334134559461880018620302745579366407017023780028477070083633873920814780645978462300719646376512408905521619839715493485487974925234877490986695202239181815628505790646881624266412544038140770219071531205242996615705668174247620036643082783863595821743375596243221044124099448555102488087009470665473685855115615475515901933243617432951764420666581099431518106109884205324677627831768331379013462862709497887250003920906616411377774565237166066542506415366760053813362417243354265663022393410506209176983692032375834663186874819021110146050367218835426494796893498062327826900009713445326598616172645285246972667126793812825964654562052673269270289038589951594357149699144136468191439887022089305702076001398858605553477038945991456701486313499664204827494090638903184484495451729609814921869004238835368210912118046103971458529822135705645671087207008238008499317811062628681934151495467044670599456094174599570956574347749299957771251565600850420956392128766215998238505162497432279088602408132036434207351816368769678737515825539368303279857560511513615852968271634950255264617630066288657734308653620176732978412642126261418845476660772020979304378302730721244375964833012581723503797126626291497427443221638639590642945732852439339633228128528197512715327255	2,-6,5,5,5,-5,-5,-5,-5,-5,-5,-5	-6,5,5,-5,-5,-5,-5,-5,-5,-5,-5,-5	ok
1.691692	-12.672673	-49.172157	0.342704	continued:5	234423788543221666869589841058293256947146341237195864601416477436698628991306797316927419517835903704062369926128505986131086308323707723104885844013406139912331275047936097075338153134536045526602735736187042702500876777949896057387139866447897836135824987201314303393414052441331120493663372214784751984612804307726427834224044196053155721294739338989976961997130604033561470037953461789605691329414855138818218678563218948498653041753573961857564835739617376401872230998128083344303799255347425513476610340847390080141947059473444816358966000874332055039940658215720635816392733353739240282901202784242707254067839658762087654622528876743524998665194185488324753013959170811231184200356038575167906207721211308495133175186485165850822628149461648589167183953256012810548503945017032975724990000835694304387823782550274258452500678345602191094147579842401072431574364123837737390186204481470265529613022530374510446495867040491880955916570442561280684043606359392066629010811993532813174562472968172248426984462248248925928201806371061861215943945873677143671273363947668335232013415699945594883675877387393413311058985669465060917316532519964651114216984305598966088047800033630743406920038571779325106346279970060983085027070172213662974890067947111901425219142335457776470265151000889644531674077094924441583525428816369696318296860925586036017271456757514972725478268666789184117754925026168324007922117257010488251107141966497020181382677152724969978718745262514997229344711893412215104198453934080821463517272111945048651703270511194471793716762448296002917822950457912373684769682716442080099608058336253921717096611990038847957494072097006844506073504278085400335258541825332709899969078526162329563300058037845739453505346417023387467458011685724085983231213516709530245241505400092026105899883342425345526012430270394490965792896722664277813660104519465081656602428830259973584294155405086811659036730286537541725824725589702259141717189094589525563771780384894846911119066564638026672565738645035250129320143056471916360512377380856934459630696568890511466021917549382508700850400873236842655309320546643212066509420444303947720241514334316229870975583698600940589629362089486086738409391407715720129201369996503765012040082318267386610273767002017684847761567709576348721231194645521709888119859279330289858136467878246670832122199817217047942945225191751842895742452411176418417167862182636538529541773478004914560507204907520785516201038914378641495051637566672545131105886233413122872603479678331249828515165696697846827993370059691684578149759359647983759084140058397707844188478657426412472878678399797908394458083760922862741544846303973144487785755962479813425053809781655853358400615543943755645259743364745551579996376425215955583289193706736122788528088398103407052306874624322913493971122936064431189067990264004823186381667732570739550385503775725682156384309545245347082768041214016014444798022436891212033248527537230592633075463778501544522675	234423788543221666869589841058293256947146341237195864601416477436698628991306797316927419517835903704062369926128505986131086308323707723104885844013406139912331275047936097075338153131234016116711701491432265625940816441588332097703628627751311952085943954455548645382492798608667916644772012901191847944804467694528824409829485788038982840360738023483404363341952458958017035660504026326021778548256853019737914270662304886105692451644632071575616142943277753349001574031449118327828014458199590973820921907687586895703369773979920630060731698338128713170762522322389166136415499798253601830014165386905699567666456674873890985414786383225539608689224537771196076791605757782433657966699716220047691286709917193517352955693708391262789580836082752435007685242633961780056109758739234444049833259241323750772243900851990770412915759933595625948753237173792884423174614879071275472166416139782733281860968032635120006474289966164723992536359794263759570773790054296085043958038500691101118192251867457395805487936015212779469881748601393302926958586670823577909620140709644719512743378039625854456167687559907130748503829004296158946904886112020067985686294572909461751441324971985074620209148624442822691761291415386809040515387036421916171534359908914029981741157488358275021101015300912988746439770020541581737816337225043008231234531988451746829601355131546552490469906436850270022455235868081988018869483978897797245298163765990391815453060803072651843548678857262686539046857971989823497648362834215467690500074196172399330187084866344811392462755085528445278720755872102283069458754269822055168626501234380897682157386566737046058110511931742261357062425458494928908869780421686380912971986924686510130334134559461880018620302745579366407017023780028477070083633873920814780645978462300719646376512408905521619839715493485487974925234877490986695202239181815628505790646881624266412544038140770219071531205242996615705668174247620036643082783863595821743375596243221044124099448555102488087009470665473685855115615475515901933243617432951764420666581099431518106109884205324677627831768331379013462862709497887250003920906616411377774565237166066542506415366760053813362417243354265663022393410506209176983692032375834663186874819021110146050367218835426494796893498062327826900009713445326598616172645285246972667126793812825964654562052673269270289038589951594357149699144136468191439887022089305702076001398858605553477038945991456701486313499664204827494090638903184484495451729609814921869004238835368210912118046103971458529822135705645671087207008238008499317811062628681934151495467044670599456094174599570956574347749299957771251565600850420956392128766215998238505162497432279088602408132036434207351816368769678737515825539368303279857560511513615852968271634950255264617630066288657734308653620176732978412642126261418845476660772020979304378302730721244375964833012581723503797126626291497427443221638639590642945732852439339633228128528197512715327255	-3,-6,5,5,-5,-5,-5,-5,-5,-5,-5,-5	-6,5,5,-5,-5,-5,-5,-5,-5,-5,-5,-5	ok
1.695696	-12.672673	-52.201554	0.345497	continued:5	234423788543221666869589841058293256947146341237195864601416477436698628991306797316927419517835903704062369926128505986131086308323707723104885844013406139912331275047936097075338153134536045526602735736187042702500876777949896057387139866447897836135824987201314303393414052441331120493663372214784751984612804307726427834224044196053155721294739338989976961997130604033561470037953461789605691329414855138818218678563218948498653041753573961857564835739617376401872230998128083344303799255347425513476610340847390080141947059473444816358966000874332055039940658215720635816392733353739240282901202784242707254067839658762087654622528876743524998665194185488324753013959170811231184200356038575167906207721211308495133175186485165850822628144955673827954027442272451840233038094246953632969009083675261344804209974445041519802018849126477545575903793219869240653751740738569040706133661086495100941873871845832255736638144745046412002703245361816153781062026295876727050713175191825045591467007314080218181232244990623554483335709988677035359887506848023761625037766501761139065733322732660526663765147916883306921376203284765467036367973649562067063195617985535561751962865678857188294397602620897796848060004725409697800698430752039852911872751306959593382830999407998035622794436362781595134791929674910397076458328744870545528511630631398549905095124795105184441600158078938753262995101897265501184021258088252747938131104392192343142906916596461068146512141328996054480042753788504348565516190688034804278463113432322442899725381841012801928045047330951637678367372864819027000160284987928083361379105867675500820892109096766968091202773720166353746350661858156691624611584740403278477730768385804185297338504743629267909459311365460454670135034735785001127280689178693761980495279509343598696062938917249687482530149515365068128050349431427301161972847109931684085825382927083780950397206945591399523937806598661074520593842820260520443205199928331613275149491107818601356126421130600868097848308341780969041049827040827582357579311594975822700667557157676540081147220024500314188671225224317982426753724276086509064963312537909419610842743347447232507021069465961926943296015844149980313297221789935688078829206586101362571070758013891149495979928443872700056111263905348312458313215505279565460140760898561830284392733016195093296123444065210385932255742867639116574171533842033634118216606923583413687833693175383146314603887450452541038638607373973764639888174926342270932926216226598749911931007443003900284149504203831845967092650405757523443415877993994212142426370801017096754895389090314019655647799587315925240757600222873242023434977624560652381413355542051314676654192743754313153081272202834535886572046006378931497219050746081752336542727782110055663348188679724438065847961961757769033058086149249268375885598208623992609584264134483735388880360753544549168550875597402649797027883014084719549260315580022732504167596653782039624933997618810832003011	234423788543221666869589841058293256947146341237195864601416477436698628991306797316927419517835903704062369926128505986131086308323707723104885844013406139912331275047936097075338153131234016116711701491432265625940816441588332097703628627751311952085943954455548645382492798608667916644772012901191847944804467694528824409829485788038982840360738023483404363341952458958017035660504026326021778548256853019737914270662304886105692451644632071575616142943277753349001574031449118327828014458199590973820921907687586895703369773979920630060731698338128713170762522322389166136415499798253601830014165386905699567666456674873890985414786383225539608689224537771196076791605757782433657966699716220047691286709917193517352955693708391262789580836082752435007685242633961780056109758739234444049833259241323750772243900851990770412915759933595625948753237173792884423174614879071275472166416139782733281860968032635120006474289966164723992536359794263759570773790054296085043958038500691101118192251867457395805487936015212779469881748601393302926958586670823577909620140709644719512743378039625854456167687559907130748503829004296158946904886112020067985686294572909461751441324971985074620209148624442822691761291415386809040515387036421916171534359908914029981741157488358275021101015300912988746439770020541581737816337225043008231234531988451746829601355131546552490469906436850270022455235868081988018869483978897797245298163765990391815453060803072651843548678857262686539046857971989823497648362834215467690500074196172399330187084866344811392462755085528445278720755872102283069458754269822055168626501234380897682157386566737046058110511931742261357062425458494928908869780421686380912971986924686510130334134559461880018620302745579366407017023780028477070083633873920814780645978462300719646376512408905521619839715493485487974925234877490986695202239181815628505790646881624266412544038140770219071531205242996615705668174247620036643082783863595821743375596243221044124099448555102488087009470665473685855115615475515901933243617432951764420666581099431518106109884205324677627831768331379013462862709497887250003920906616411377774565237166066542506415366760053813362417243354265663022393410506209176983692032375834663186874819021110146050367218835426494796893498062327826900009713445326598616172645285246972667126793812825964654562052673269270289038589951594357149699144136468191439887022089305702076001398858605553477038945991456701486313499664204827494090638903184484495451729609814921869004238835368210912118046103971458529822135705645671087207008238008499317811062628681934151495467044670599456094174599570956574347749299957771251565600850420956392128766215998238505162497432279088602408132036434207351816368769678737515825539368303279857560511513615852968271634950255264617630066288657734308653620176732978412642126261418845476660772020979304378302730721244375964833012581723503797126626291497427443221638639590642945732852439339633228128528197512715327255	2,5,5,5,-5,-5,-5,-5,-5,-5,-5,-5	-6,5,5,-5,-5,-5,-5,-5,-5,-5,-5,-5	ok
1.699700	-12.672673	-54.044810	0.348290	continued:5	234423788543221666869589841058293256947146341237195864601416477436698628991306797316927419517835903704062369926128505986131086308323707723104885844013406139912331275047936097075338153131234016116711701491432265625940816441588332097703628627751311952085943954455548645382492798608667916644772012901191847944804467694528824409829485788038982840360738023483404363341952458955110067928170243787308388305605436414789096840112693010893262889540310426019550538079684469572217546824504887123648821245465060581782701461746475844158890108995084951999189569351873765631831087132286614147199138796246027104134022716653324636643193124936044343872737424495970972672939929822891773419584617566233184657473218750237280566993017472268989828037973409731080687504083774639864609359756000995789976753455189409038740525369348403395565538340479377215719129849985385476156636829510068047202297197650227818235188222330807524039994490141439699758945737487103390694888651777725566147510958640636083373113873861176091768665508826075794418649695742852058233961429885796718236866414043103237328998929751656283606598766604942849801714439240270620286459773307095511430623433206642350295627727066314318499335076625027698957349606749440688967848601104161925559771098508861122775824042729459273915054769714552374681031466911539350672832355141356102319091158986028959177658623839833832786130570958421415564930935649675423259101583896456477970658267510776810128234576593523458557551696545582014426690034705530323957605173826579905603938066608827187925651899807912842285057340652972719934205587106063344240589853408216494344163116955078157593998508402064478384490404765259255769640791322011389853063412296535131506112150062359278022861191847560198180887654520370248700499072581499668260474760121696279403551970257981366834315503194007539310561011411839910799083618584205822538325954779894076654232754851272112710277227505578164830211760344095373749579929593974422050211974950320685288461700897190199863508806320247334960528581262314562461821059076913304835654777480517898123214765918663011414339015686435102784286762669509173778508726485107027039512630726784627389545890276043825401571056330489153309436695112712563437132535213158254573483512379605295859299977114544903524207252858482257485644415035597679062614076737901717719819450344957971712922397085196396999105180287085385567599371201355290812385851158913602110872610833894478555879336831528010246540245978050537869494831906328059755118709043863565087743632444712405831291363218032320900123203120070326212539722655197050676129443552140938489297671817437458699311704250140983617829289360710211592990441041953379370140919316047448628757975298005847539272004006855503649481755970171604722529725463003613179323069630975334515339445998843613529981393787488338611905471231133379330500380398829373012624730784388724554792164833950496502598168095203447493136171669622950724471256489386961149677198081365348043866890117990459155624852088965450035183063528054151938	234423788543221666869589841058293256947146341237195864601416477436698628991306797316927419517835903704062369926128505986131086308323707723104885844013406139912331275047936097075338153131234016116711701491432265625940816441588332097703628627751311952085943954455548645382492798608667916644772012901191847944804467694528824409829485788038982840360738023483404363341952458958017035660504026326021778548256853019737914270662304886105692451644632071575616142943277753349001574031449118327828014458199590973820921907687586895703369773979920630060731698338128713170762522322389166136415499798253601830014165386905699567666456674873890985414786383225539608689224537771196076791605757782433657966699716220047691286709917193517352955693708391262789580836082752435007685242633961780056109758739234444049833259241323750772243900851990770412915759933595625948753237173792884423174614879071275472166416139782733281860968032635120006474289966164723992536359794263759570773790054296085043958038500691101118192251867457395805487936015212779469881748601393302926958586670823577909620140709644719512743378039625854456167687559907130748503829004296158946904886112020067985686294572909461751441324971985074620209148624442822691761291415386809040515387036421916171534359908914029981741157488358275021101015300912988746439770020541581737816337225043008231234531988451746829601355131546552490469906436850270022455235868081988018869483978897797245298163765990391815453060803072651843548678857262686539046857971989823497648362834215467690500074196172399330187084866344811392462755085528445278720755872102283069458754269822055168626501234380897682157386566737046058110511931742261357062425458494928908869780421686380912971986924686510130334134559461880018620302745579366407017023780028477070083633873920814780645978462300719646376512408905521619839715493485487974925234877490986695202239181815628505790646881624266412544038140770219071531205242996615705668174247620036643082783863595821743375596243221044124099448555102488087009470665473685855115615475515901933243617432951764420666581099431518106109884205324677627831768331379013462862709497887250003920906616411377774565237166066542506415366760053813362417243354265663022393410506209176983692032375834663186874819021110146050367218835426494796893498062327826900009713445326598616172645285246972667126793812825964654562052673269270289038589951594357149699144136468191439887022089305702076001398858605553477038945991456701486313499664204827494090638903184484495451729609814921869004238835368210912118046103971458529822135705645671087207008238008499317811062628681934151495467044670599456094174599570956574347749299957771251565600850420956392128766215998238505162497432279088602408132036434207351816368769678737515825539368303279857560511513615852968271634950255264617630066288657734308653620176732978412642126261418845476660772020979304378302730721244375964833012581723503797126626291497427443221638639590642945732852439339633228128528197512715327255	-2,-5,-5,-5,-5,-5,-5,-5,-5,-5,-5,-5	-6,5,5,-5,-5,-5,-5,-5,-5,-5,-5,-5	ok
1.703704	-12.672673	-55.063339	0.351084	continued:5	234423788543221666869589841058293256947146341237195864601416477436698628991306797316927419517835903704062369926128505986131086308323707723104885844013406139912331275047936097075338153131234016116711701491432265625940816441588332097703628627751311952085943954455548645382492798608667916644772012901191847944804467694528824409829485788038982840360738023483404363341952458955110067928170243787308388305605436414789096840112693010893262889540310426019550538079684469572217546824504887123648821245465060581782701461746475844158890108995084951999189569351873765631831087132286614147199138796246027104134022716653324636643193124936044343872737424495970972672939929822891773419584617566233184657473218750237280566993017472268989828037973409731080687504083774639864609359756000995789976753455189409038740525369348403395565538340479377215719129849985385476156636829510068047202297197650227818235188222330807524039994490141439699758945737487103390694888651777725566147510958640636083373113873861176091768665508826075794418649695742852058233961429885796718236866414043103237328998929751656283606598766604942849801714439240270620286459773307095511430623433206642350295627727066314318499335076625027698957349606749440688967848601104161925559771098508861122775824042729459273915054769714552374681031466911539350672832355141356102319091158986028959177658623839833832786130570958421415564930935649675423259101583896456477970658267510776810128234576593523458557551696545582014426690034705530323957605173891538570874846997159208484147625998406713878552180051280095244250550048116030879505263218545155763212384543229151659277481428337386861204748956277007925473611469989906242650132981872275600952505135937187495337660706312287400652780414809010384405250861236379670926922353469959964302738129188335895989981030701621536544295035394589574194895343156538085908055484087035401255172926379669620481936400421290174671506552018270300402944136182004405558356711478821743117021584867361251544733032525961532710215264412647041567933112208973647649905359242261137927215642336896058884888036848489136197711535060590997006437697876883183026892169254014310425410158082444725055623302506193292025678129679987371582026631456515533468212948275636557109622219131441161147539518640109014944740440749732557899384326276715533476926717959948137952780331475557089798292838155933418417486536854930498244064405746036330910538174175309043808517960066119858167475547513314225349446130659989230407160809962529835229252499644780899178618127503328320723829496526064510254966048299888832439111802421147303559627830757167186005728460773109974757969690590168317245036473783815514403059564250641558038114410440078715488196602798749104882243091720764993289914568435435911965720091887465401405395452318708790483923023352885829765340088763189061192444408588165862657014623305683037224198230799007789283835354580494870767726773727639430271292230377794158480514428735444752210756051938309257475078957356708728977423329776283852599	234423788543221666869589841058293256947146341237195864601416477436698628991306797316927419517835903704062369926128505986131086308323707723104885844013406139912331275047936097075338153131234016116711701491432265625940816441588332097703628627751311952085943954455548645382492798608667916644772012901191847944804467694528824409829485788038982840360738023483404363341952458958017035660504026326021778548256853019737914270662304886105692451644632071575616142943277753349001574031449118327828014458199590973820921907687586895703369773979920630060731698338128713170762522322389166136415499798253601830014165386905699567666456674873890985414786383225539608689224537771196076791605757782433657966699716220047691286709917193517352955693708391262789580836082752435007685242633961780056109758739234444049833259241323750772243900851990770412915759933595625948753237173792884423174614879071275472166416139782733281860968032635120006474289966164723992536359794263759570773790054296085043958038500691101118192251867457395805487936015212779469881748601393302926958586670823577909620140709644719512743378039625854456167687559907130748503829004296158946904886112020067985686294572909461751441324971985074620209148624442822691761291415386809040515387036421916171534359908914029981741157488358275021101015300912988746439770020541581737816337225043008231234531988451746829601355131546552490469906436850270022455235868081988018869483978897797245298163765990391815453060803072651843548678857262686539046857971989823497648362834215467690500074196172399330187084866344811392462755085528445278720755872102283069458754269822055168626501234380897682157386566737046058110511931742261357062425458494928908869780421686380912971986924686510130334134559461880018620302745579366407017023780028477070083633873920814780645978462300719646376512408905521619839715493485487974925234877490986695202239181815628505790646881624266412544038140770219071531205242996615705668174247620036643082783863595821743375596243221044124099448555102488087009470665473685855115615475515901933243617432951764420666581099431518106109884205324677627831768331379013462862709497887250003920906616411377774565237166066542506415366760053813362417243354265663022393410506209176983692032375834663186874819021110146050367218835426494796893498062327826900009713445326598616172645285246972667126793812825964654562052673269270289038589951594357149699144136468191439887022089305702076001398858605553477038945991456701486313499664204827494090638903184484495451729609814921869004238835368210912118046103971458529822135705645671087207008238008499317811062628681934151495467044670599456094174599570956574347749299957771251565600850420956392128766215998238505162497432279088602408132036434207351816368769678737515825539368303279857560511513615852968271634950255264617630066288657734308653620176732978412642126261418845476660772020979304378302730721244375964833012581723503797126626291497427443221638639590642945732852439339633228128528197512715327255	3,-5,-5,-5,-5,-5,-5,-5,-5,-5,-5,-5	-6,5,5,-5,-5,-5,-5,-5,-5,-5,-5,-5	ok
1.707708	-12.672673	-55.632882	0.353877	continued:5	234423788543221666869589841058293256947146341237195864601416477436698628991306797316927419517835903704062369926128505986131086308323707723104885844013406139912331275047936097075338153131234016116711701491432265625940816441588332097703628627751311952085943954455548645382492798608667916644772012901191847944804467694528824409829485788038982840360738023483404363341952458955110067928170243787308388305605436414789096840112693010893262889540310426019550538079684469572217546824504887123648821245465060581782701461746475844158890108995084951999189569351873765631831087132286614147199138796246027104134022716653324636643193124936044343872737424495970972672939929822891773419584617566233184657473218750237280566993017472268989828037973409731080687504083774639864609359756000995789976753455189409038740525369348403395565538340479377215719129849985385476156636829510068047202297197650227818235188222330807524039994490141439699758945737487103390694888651777725566147510958640636083373113873861176091768665508826075794418649695742852058233961429885796718236866414043103237328998929751656283606598766604942849801714439240270620286459773307095511430623433206642350295627727066314318499335076625027698957349606749440688967848601104161925559771098508861122775824042729459273915054769714552374681031466911539350672832355141356102319091158986028959177658623839833832786130570958421415564930935649675423259101583896456477970658267510776810128234576593523458557551696545582014426690034705530323957605173869885682451210686975748052073634632207113533129805814404387736145101894446041701083705430166176006922977401137793825382987121692279400264662772439758368905621243767274625051109792013695444470374140645578089566060868157378333162149494712797005837000265018086336704773155687205402669676076211551052938092521532416870799717027400339686396291434965760664784812307651321626388192869203537117891383342782719504724408288126878658185156067319327744388975132635988057174168290210637567650991623790723466793653036695869548532562427831620200045155165321680057992548683530818376394705029794471125059903277596897055930461374079624464364432323078271082746788735480311091837605887114291912453597651490895768867061932708729773836636469643626136692848138459142408606428763379566762458375098845020931620460909763777594891224295421618082539494353345436858865230285532984074134190814970405429100171554216995421310649653061504188724305085654589242193830447001559662856129031075435506856480109656307745182082877244758068062842539408229654115927398724066448907490606418324905184784349464811848536184444443923943570256208598786977711256223513682282027687796203194802725420015939110188234995598726054426171888403201451237804655979803900530434119620777958479036921084468635379108710116878753731499275813497753332714195216252503833905129732525053699442217992465251599667729542143988691690089625752064396342863239708300603755685239081658426036902018517418284155126331331536324701927588934127635996676574360207285711	234423788543221666869589841058293256947146341237195864601416477436698628991306797316927419517835903704062369926128505986131086308323707723104885844013406139912331275047936097075338153131234016116711701491432265625940816441588332097703628627751311952085943954455548645382492798608667916644772012901191847944804467694528824409829485788038982840360738023483404363341952458958017035660504026326021778548256853019737914270662304886105692451644632071575616142943277753349001574031449118327828014458199590973820921907687586895703369773979920630060731698338128713170762522322389166136415499798253601830014165386905699567666456674873890985414786383225539608689224537771196076791605757782433657966699716220047691286709917193517352955693708391262789580836082752435007685242633961780056109758739234444049833259241323750772243900851990770412915759933595625948753237173792884423174614879071275472166416139782733281860968032635120006474289966164723992536359794263759570773790054296085043958038500691101118192251867457395805487936015212779469881748601393302926958586670823577909620140709644719512743378039625854456167687559907130748503829004296158946904886112020067985686294572909461751441324971985074620209148624442822691761291415386809040515387036421916171534359908914029981741157488358275021101015300912988746439770020541581737816337225043008231234531988451746829601355131546552490469906436850270022455235868081988018869483978897797245298163765990391815453060803072651843548678857262686539046857971989823497648362834215467690500074196172399330187084866344811392462755085528445278720755872102283069458754269822055168626501234380897682157386566737046058110511931742261357062425458494928908869780421686380912971986924686510130334134559461880018620302745579366407017023780028477070083633873920814780645978462300719646376512408905521619839715493485487974925234877490986695202239181815628505790646881624266412544038140770219071531205242996615705668174247620036643082783863595821743375596243221044124099448555102488087009470665473685855115615475515901933243617432951764420666581099431518106109884205324677627831768331379013462862709497887250003920906616411377774565237166066542506415366760053813362417243354265663022393410506209176983692032375834663186874819021110146050367218835426494796893498062327826900009713445326598616172645285246972667126793812825964654562052673269270289038589951594357149699144136468191439887022089305702076001398858605553477038945991456701486313499664204827494090638903184484495451729609814921869004238835368210912118046103971458529822135705645671087207008238008499317811062628681934151495467044670599456094174599570956574347749299957771251565600850420956392128766215998238505162497432279088602408132036434207351816368769678737515825539368303279857560511513615852968271634950255264617630066288657734308653620176732978412642126261418845476660772020979304378302730721244375964833012581723503797126626291497427443221638639590642945732852439339633228128528197512715327255	-3,-5,-5,-5,-5,-5,-5,-5,-5,-5,-5,-5	-6,5,5,-5,-5,-5,-5,-5,-5,-5,-5,-5	ok
1.711712	-12.672673	-55.968370	0.356670	continued:5	234423788543221666869589841058293256947146341237195864601416477436698628991306797316927419517835903704062369926128505986131086308323707723104885844013406139912331275047936097075338153131234016116711701491432265625940816441588332097703628627751311952085943954455548645382492798608667916644772012901191847944804467694528824409829485788038982840360738023483404363341952458955110067928170243787308388305605436414789096840112693010893262889540310426019550538079684469572217546824504887123648821245465060581782701461746475844158890108995084951999189569351873765631831087132286614147199138796246027104134022716653324636643193124936044343872737424495970972672939929822891773419584617566233184657473218750237280566993017472268989828037973409731080687504083774639864609359756000995789976753455189409038740525369348403395565538340479377215719129849985385476156636829510068047202297197650227818235188222330807524039994490141439699758945737487103390694888651777725566147510958640636083373113873861176091768665508826075794418649695742852058233961429885796718236866414043103237328998929751656283606598766604942849801714439240270620286459773307095511430623433206642350295627727066314318499335076625027698957349606749440688967848601104161925559771098508861122775824042729459273915054769714552374681031466911539350672832355141356102319091158986028959177658623839833832786130570958421415564930935649675423259101583896456477970658267510776810128234576593523458557551696545582014426690034705530323957605173848232794027574376792287619999643266007513187707431577528680228039653740776052522662147641787196250633570259046435991488492815047171939324576588602508812337631017544643007452086602155115287988243145353968683794461030002469265671518574616583627268749668799793002482623957904450841036614023234766209886204012363212205055139019406089798597687526774983243661569131215607851521212812027404615300830285144148834777310024235487015967367998456651083219593553793154371231314995553913883757250215055485400877090808979092055497191743454266752440404971401098978057881724724740693904522022740453113922095020133203114854485050282365745701972476902527855068167312878177458619588471722390532881517173301804166152097233960944014205059991011615716276074057786843656065318008119024509972009756940309305341537493250839656305521872883288027126208375215316627932167732910034729850895093085880359956278702687954511710761131947699333640092211243058626220185346489805100362811931490881783305799409350085655134913254844735236947066951313130987508025300922068387560015164536760977930456896508476393512741058130680701134783956424463980664542756437196246810339118622574091047780467627578818431876787012030136855580203604153370727068867887036067578324673120481046108122077049805356812024781438798672514628603642620835663050343741818606617815056461941536227421361624820162111260853488969594096343896923633921917999705688961777240078247785522693593289608299391816099496610724763391928776220511546543015929818944130718824	234423788543221666869589841058293256947146341237195864601416477436698628991306797316927419517835903704062369926128505986131086308323707723104885844013406139912331275047936097075338153131234016116711701491432265625940816441588332097703628627751311952085943954455548645382492798608667916644772012901191847944804467694528824409829485788038982840360738023483404363341952458958017035660504026326021778548256853019737914270662304886105692451644632071575616142943277753349001574031449118327828014458199590973820921907687586895703369773979920630060731698338128713170762522322389166136415499798253601830014165386905699567666456674873890985414786383225539608689224537771196076791605757782433657966699716220047691286709917193517352955693708391262789580836082752435007685242633961780056109758739234444049833259241323750772243900851990770412915759933595625948753237173792884423174614879071275472166416139782733281860968032635120006474289966164723992536359794263759570773790054296085043958038500691101118192251867457395805487936015212779469881748601393302926958586670823577909620140709644719512743378039625854456167687559907130748503829004296158946904886112020067985686294572909461751441324971985074620209148624442822691761291415386809040515387036421916171534359908914029981741157488358275021101015300912988746439770020541581737816337225043008231234531988451746829601355131546552490469906436850270022455235868081988018869483978897797245298163765990391815453060803072651843548678857262686539046857971989823497648362834215467690500074196172399330187084866344811392462755085528445278720755872102283069458754269822055168626501234380897682157386566737046058110511931742261357062425458494928908869780421686380912971986924686510130334134559461880018620302745579366407017023780028477070083633873920814780645978462300719646376512408905521619839715493485487974925234877490986695202239181815628505790646881624266412544038140770219071531205242996615705668174247620036643082783863595821743375596243221044124099448555102488087009470665473685855115615475515901933243617432951764420666581099431518106109884205324677627831768331379013462862709497887250003920906616411377774565237166066542506415366760053813362417243354265663022393410506209176983692032375834663186874819021110146050367218835426494796893498062327826900009713445326598616172645285246972667126793812825964654562052673269270289038589951594357149699144136468191439887022089305702076001398858605553477038945991456701486313499664204827494090638903184484495451729609814921869004238835368210912118046103971458529822135705645671087207008238008499317811062628681934151495467044670599456094174599570956574347749299957771251565600850420956392128766215998238505162497432279088602408132036434207351816368769678737515825539368303279857560511513615852968271634950255264617630066288657734308653620176732978412642126261418845476660772020979304378302730721244375964833012581723503797126626291497427443221638639590642945732852439339633228128528197512715327255	2,-5,-5,-5,-5,-5,-5,-5,-5,-5,-5,-5	-6,5,5,-5,-5,-5,-5,-5,-5,-5,-5,-5	ok
1.715716	-12.672673	-56.159639	0.354880	continued:5	234423788543221666869589841058293256947146341237195864601416477436698628991306797316927419517835903704062369926128505986131086308323707723104885844013406139912331275047936097075338153131234016116711701491432265625940816441588332097703628627751311952085943954455548645382492798608667916644772012901191847944804467694528824409829485788038982840360738023483404363341952458955110067928170243787308388305605436414789096840112693010893262889540310426019550538079684469572217546824504887123648821245465060581782701461746475844158890108995084951999189569351873765631831087132286614147199138796246027104134022716653324636643193124936044343872737424495970972672939929822891773419584617566233184657473218750237280566993017472268989828037973409731080687504083774639864609359756000995789976753455189409038740525369348403395565538340479377215719129849985385476156636829510068047202297197650227818235188222330807524039994490141439699758945737487103390694888651777725566147510958640636083373113873861176091768665508826075794418649695742852058233961429885796718236866414043103237328998929751656283606598766604942849801714439240270620286459773307095511430623433206642350295627727066314318499335076625027698957349606749440688967848601104161925559771098508861122775824042729459273915054769714552374681031466911539350672832355141356102319091158986028959177658623839833832786130570958421415564930935649675423259101583896456477970658267510776810128234576593523458557551696545582014426690034705530323957605173848232794027574376792287619999643266007513187707431577528680228039653740776052522662147641787196250633570259046435991488492815047171939324576588602508812337631017544643007452086602155115287988243145353968683794461030002469265671518574616583627268749668799793002482623957904450841036614023234766209886204012363212205055139019406089798597687526774983243661569131215607851521212812027404615300830285144148834777310024235487015967367998456651083219593553793154371231314995553913883757250215055485400877090808979092055497191743454266752440404971401098978057881724724740693904522022740453113922095020133203114854485050282365745701972476902527855068167312878177458619588471722390532881517173301804166152097233960944014205059991011615716276074057786843656065318008119024509972009756940309305341537493250839656305521872883288027126208375215316627932167732910034729850895093085880359956278702687954511710761131947699333640092211243058626220185346489805100362811931490881783305799409350085655134913254844735236947066951313130987508025300922068387560015164536760977930456896508476393512741058130680701134783956424463980664542756437196246810339118622574091047780467627578818431876787012030136855580203604153370727068867887036067578324673120481046108122077049805356812024781438798672514628603642620835663050343741818606617815056461941536227421361624820162111260853488969594096343896923633921917999705688961777240078247785522693593289608299391816099496610724763391928776220511546543015929818944130718824	234423788543221666869589841058293256947146341237195864601416477436698628991306797316927419517835903704062369926128505986131086308323707723104885844013406139912331275047936097075338153131234016116711701491432265625940816441588332097703628627751311952085943954455548645382492798608667916644772012901191847944804467694528824409829485788038982840360738023483404363341952458958017035660504026326021778548256853019737914270662304886105692451644632071575616142943277753349001574031449118327828014458199590973820921907687586895703369773979920630060731698338128713170762522322389166136415499798253601830014165386905699567666456674873890985414786383225539608689224537771196076791605757782433657966699716220047691286709917193517352955693708391262789580836082752435007685242633961780056109758739234444049833259241323750772243900851990770412915759933595625948753237173792884423174614879071275472166416139782733281860968032635120006474289966164723992536359794263759570773790054296085043958038500691101118192251867457395805487936015212779469881748601393302926958586670823577909620140709644719512743378039625854456167687559907130748503829004296158946904886112020067985686294572909461751441324971985074620209148624442822691761291415386809040515387036421916171534359908914029981741157488358275021101015300912988746439770020541581737816337225043008231234531988451746829601355131546552490469906436850270022455235868081988018869483978897797245298163765990391815453060803072651843548678857262686539046857971989823497648362834215467690500074196172399330187084866344811392462755085528445278720755872102283069458754269822055168626501234380897682157386566737046058110511931742261357062425458494928908869780421686380912971986924686510130334134559461880018620302745579366407017023780028477070083633873920814780645978462300719646376512408905521619839715493485487974925234877490986695202239181815628505790646881624266412544038140770219071531205242996615705668174247620036643082783863595821743375596243221044124099448555102488087009470665473685855115615475515901933243617432951764420666581099431518106109884205324677627831768331379013462862709497887250003920906616411377774565237166066542506415366760053813362417243354265663022393410506209176983692032375834663186874819021110146050367218835426494796893498062327826900009713445326598616172645285246972667126793812825964654562052673269270289038589951594357149699144136468191439887022089305702076001398858605553477038945991456701486313499664204827494090638903184484495451729609814921869004238835368210912118046103971458529822135705645671087207008238008499317811062628681934151495467044670599456094174599570956574347749299957771251565600850420956392128766215998238505162497432279088602408132036434207351816368769678737515825539368303279857560511513615852968271634950255264617630066288657734308653620176732978412642126261418845476660772020979304378302730721244375964833012581723503797126626291497427443221638639590642945732852439339633228128528197512715327255	2,-5,-5,-5,-5,-5,-5,-5,-5,-5,-5,-5	-6,5,5,-5,-5,-5,-5,-5,-5,-5,-5,-5	ok
1.719720	-12.672673	-56.328416	0.353631	continued:5	234423788543221666869589841058293256947146341237195864601416477436698628991306797316927419517835903704062369926128505986131086308323707723104885844013406139912331275047936097075338153131234016116711701491432265625940816441588332097703628627751311952085943954455548645382492798608667916644772012901191847944804467694528824409829485788038982840360738023483404363341952458955110067928170243787308388305605436414789096840112693010893262889540310426019550538079684469572217546824504887123648821245465060581782701461746475844158890108995084951999189569351873765631831087132286614147199138796246027104134022716653324636643193124936044343872737424495970972672939929822891773419584617566233184657473218750237280566993017472268989828037973409731080687504083774639864609359756000995789976753455189409038740525369348403395565538340479377215719129849985385476156636829510068047202297197650227818235188222330807524039994490141439699758945737487103390694888651777725566147510958640636083373113873861176091768665508826075794418649695742852058233961429885796718236866414043103237328998929751656283606598766604942849801714439240270620286459773307095511430623433206642350295627727066314318499335076625027698957349606749440688967848601104161925559771098508861122775824042729459273915054769714552374681031466911539350672832355141356102319091158986028959177658623839833832786130570958421415564930935649675423259101583896456477970658267510776810128234576593523458557551696545582014426690034705530323957605173848232794027574376792287619999643266007513187707431577528680228039653740776052522662147641787196250633570259046435991488492815047171939324576588602508812337631017544643007452086602155115287988243145353968683794461030002469265671518574616583627268749668799793002482623957904450841036614023234766209886204012363212205055139019406089798597687526774983243661569131215607851521212812027404615300830285144148834777310024235487015967367998456651083219593553793154371231314995553913883757250215055485400877090808979092055497191743454266752440404971401098978057881724724740693904522022740453113922095020133203114854485050282365745701972476902527855068167312878177458619588471722390532881517173301804166152097233960944014205059991011615716276074057786843656065318008119024509972009756940309305341537493250839656305521872883288027126208375215316627932167732910034729850895093085880359956278702687954511710761131947699333640092211243058626220185346489805100362811931490881783305799409350085655134913254844735236947066951313130987508025300922068387560015164536760977930456896508476393512741058130680701134783956424463980664542756437196246810339118622574091047780467627578818431876787012030136855580203604153370727068867887036067578324673120481046108122077049805356812024781438798672514628603642620835663050343741818606617815056461941536227421361624820162111260853488969594096343896923633921917999705688961777240078247785522693593289608299391816099496610724763391928776220511546543015929818944130718824	234423788543221666869589841058293256947146341237195864601416477436698628991306797316927419517835903704062369926128505986131086308323707723104885844013406139912331275047936097075338153131234016116711701491432265625940816441588332097703628627751311952085943954455548645382492798608667916644772012901191847944804467694528824409829485788038982840360738023483404363341952458958017035660504026326021778548256853019737914270662304886105692451644632071575616142943277753349001574031449118327828014458199590973820921907687586895703369773979920630060731698338128713170762522322389166136415499798253601830014165386905699567666456674873890985414786383225539608689224537771196076791605757782433657966699716220047691286709917193517352955693708391262789580836082752435007685242633961780056109758739234444049833259241323750772243900851990770412915759933595625948753237173792884423174614879071275472166416139782733281860968032635120006474289966164723992536359794263759570773790054296085043958038500691101118192251867457395805487936015212779469881748601393302926958586670823577909620140709644719512743378039625854456167687559907130748503829004296158946904886112020067985686294572909461751441324971985074620209148624442822691761291415386809040515387036421916171534359908914029981741157488358275021101015300912988746439770020541581737816337225043008231234531988451746829601355131546552490469906436850270022455235868081988018869483978897797245298163765990391815453060803072651843548678857262686539046857971989823497648362834215467690500074196172399330187084866344811392462755085528445278720755872102283069458754269822055168626501234380897682157386566737046058110511931742261357062425458494928908869780421686380912971986924686510130334134559461880018620302745579366407017023780028477070083633873920814780645978462300719646376512408905521619839715493485487974925234877490986695202239181815628505790646881624266412544038140770219071531205242996615705668174247620036643082783863595821743375596243221044124099448555102488087009470665473685855115615475515901933243617432951764420666581099431518106109884205324677627831768331379013462862709497887250003920906616411377774565237166066542506415366760053813362417243354265663022393410506209176983692032375834663186874819021110146050367218835426494796893498062327826900009713445326598616172645285246972667126793812825964654562052673269270289038589951594357149699144136468191439887022089305702076001398858605553477038945991456701486313499664204827494090638903184484495451729609814921869004238835368210912118046103971458529822135705645671087207008238008499317811062628681934151495467044670599456094174599570956574347749299957771251565600850420956392128766215998238505162497432279088602408132036434207351816368769678737515825539368303279857560511513615852968271634950255264617630066288657734308653620176732978412642126261418845476660772020979304378302730721244375964833012581723503797126626291497427443221638639590642945732852439339633228128528197512715327255	2,-5,-5,-5,-5,-5,-5,-5,-5,-5,-5,-5	-6,5,5,-5,-5,-5,-5,-5,-5,-5,-5,-5	ok
1.723724	-12.672673	-56.473924	0.353257	full	234423788543221666869589841058293256947146341237195864601416477436698628991306797316927419517835903704062369926128505986131086308323707723104885844013406139912331275047936097075338153131234016116711701491432265625940816441588332097703628627751311952085943954455548645382492798608667916644772012901191847944804467694528824409829485788038982840360738023483404363341952458955110067928170243787308388305605436414789096840112693010893262889540310426019550538079684469572217546824504887123648821245465060581782701461746475844158890108995084951999189569351873765631831087132286614147199138796246027104134022716653324636643193124936044343872737424495970972672939929822891773419584617566233184657473218750237280566993017472268989828037973409731080687504083774639864609359756000995789976753455189409038740525369348403395565538340479377215719129849985385476156636829510068047202297197650227818235188222330807524039994490141439699758945737487103390694888651777725566147510958640636083373113873861176091768665508826075794418649695742852058233961429885796718236866414043103237328998929751656283606598766604942849801714439240270620286459773307095511430623433206642350295627727066314318499335076625027698957349606749440688967848601104161925559771098508861122775824042729459273915054769714552374681031466911539350672832355141356102319091158986028959177658623839833832786130570958421415564930935649675423259101583896456477970658267510776810128234576593523458557551696545582014426690034705530323957605173848232794027574376792287619999643266007513187707431577528680228039653740776052522662147641787196250633570259046435991488492815047171939324576588602508812337631017544643007452086602155115287988243145353968683794461030002469265671518574616583627268749668799793002482623957904450841036614023234766209886204012363212205055139019406089798597687526774983243661569131215607851521212812027404615300830285144148834777310024235487015967367998456651083219593553793154371231314995553913883757250215055485400877090808979092055497191743454266752440404971401098978057881724724740693904522022740453113922095020133203114854485050282365745701972476902527855068167312878177458619588471722390532881517173301804166152097233960944014205059991011615716276074057786843656065318008119024509972009756940309305341537493250839656305521872883288027126208375215316627932167732910034729850895093085880359956278702687954511710761131947699333640092211243058626220185346489805100362811931490881783305799409350085655134913254844735236947066951313130987508025300922068387560015164536760977930456896508476393512741058130680701134783956424463980664542756437196246810339118622574091047780467627578818431876787012030136855580203604153370727068867887036067578324673120481046108122077049805356812024781438798672514628603642620835663050343741818606617815056461941536227421361624820162111260853488969594096343896923633921917999705688961777240078247785522693593289608299391816099496610724763391928776220511546543015929818944130718824	234423788543221666869589841058293256947146341237195864601416477436698628991306797316927419517835903704062369926128505986131086308323707723104885844013406139912331275047936097075338153131234016116711701491432265625940816441588332097703628627751311952085943954455548645382492798608667916644772012901191847944804467694528824409829485788038982840360738023483404363341952458958017035660504026326021778548256853019737914270662304886105692451644632071575616142943277753349001574031449118327828014458199590973820921907687586895703369773979920630060731698338128713170762522322389166136415499798253601830014165386905699567666456674873890985414786383225539608689224537771196076791605757782433657966699716220047691286709917193517352955693708391262789580836082752435007685242633961780056109758739234444049833259241323750772243900851990770412915759933595625948753237173792884423174614879071275472166416139782733281860968032635120006474289966164723992536359794263759570773790054296085043958038500691101118192251867457395805487936015212779469881748601393302926958586670823577909620140709644719512743378039625854456167687559907130748503829004296158946904886112020067985686294572909461751441324971985074620209148624442822691761291415386809040515387036421916171534359908914029981741157488358275021101015300912988746439770020541581737816337225043008231234531988451746829601355131546552490469906436850270022455235868081988018869483978897797245298163765990391815453060803072651843548678857262686539046857971989823497648362834215467690500074196172399330187084866344811392462755085528445278720755872102283069458754269822055168626501234380897682157386566737046058110511931742261357062425458494928908869780421686380912971986924686510130334134559461880018620302745579366407017023780028477070083633873920814780645978462300719646376512408905521619839715493485487974925234877490986695202239181815628505790646881624266412544038140770219071531205242996615705668174247620036643082783863595821743375596243221044124099448555102488087009470665473685855115615475515901933243617432951764420666581099431518106109884205324677627831768331379013462862709497887250003920906616411377774565237166066542506415366760053813362417243354265663022393410506209176983692032375834663186874819021110146050367218835426494796893498062327826900009713445326598616172645285246972667126793812825964654562052673269270289038589951594357149699144136468191439887022089305702076001398858605553477038945991456701486313499664204827494090638903184484495451729609814921869004238835368210912118046103971458529822135705645671087207008238008499317811062628681934151495467044670599456094174599570956574347749299957771251565600850420956392128766215998238505162497432279088602408132036434207351816368769678737515825539368303279857560511513615852968271634950255264617630066288657734308653620176732978412642126261418845476660772020979304378302730721244375964833012581723503797126626291497427443221638639590642945732852439339633228128528197512715327255	2,-5,-5,-5,-5,-5,-5,-5,-5,-5,-5,-5	-6,5,5,-5,-5,-5,-5,-5,-5,-5,-5,-5	ok
1.727728	-12.672673	-17.645863	0.326802	continued:5	234423788543221666869589841058293256947146341237195864601416477436698628991306797316927419517835903704062369926128505986131086308323707723104885844013406139912331275047936097075338153134536045526602735736187042702500876777949896057387139866447897836135824987201314303393414052441331120493663372214784751984612804307726427834224044196053155721294739338989976961997130604033561470037953461789605691329414855138818218678563218948498653041753573961857564835739617376401872230998128083344303799255347425513476610340847390080141947059473444816358966000874332055039940658215720635816392733353739240282901202784242707254067839658762087654622528876743524998665194185488324753013959170811231184200356038575167906207721211308495133175186485165850822628149461648589167183953256012810548503945017032975724990000835694304387823782550274258452500678345602191094147579842401072431574364123837737390186204481470265529613022530374510446495867040491880955916570442561280684043606359392066629010811993532813174562472968172248426984462248248925928201806371061861215943945873677143671273363947668335232013415699945594883675877387393413311058985669465060917316532519964651114216984305598966088047800033630743406920038571779325106346279970060983085027070172213662974890067947111901425219142335457776470265151000889644531674077094924441583525428816369696318296860925586036017271456757514972725478268666789184117754925026168324007922117257010488251107141966497020181382677152724969978718745262514997229344711893368909327351181313713900599369289379545847960858522037443056777505866140956024560979834881154414172190868432259364431819069722963706795216439622364348844358091644561581270875457898368239717297611927244243801145336353142009798001756140697943969691340532146475568005812928115994021970665077287558512709312893959910479359794408707877011008782650548505741608472286868099136604284645416831339644546757959513829006187452078818311444678245567167449182251853755645466347625529461194720341886723166587663735525736998274763208004608079889303716442473398609842570773601771650186581893599569491675225371696817435733785643875873968310654438040032078493469624978033461421886918548295891242702097488881158479497960678600305022407984904461237921332991441594113488938541679898602533315526433576621187586557497623348573809110190795164307502283077579945651775008526338166207047579836197247180928727594763451048227766255431703127890469913310586532323149997815190608549694232874385535125837384997636129517865100015707647901124467359284582365383335580671772685811605406214039050415610400247848903159023139846867084677873579638012536591201966778933867234477983994781273571683756163997602639911593056720320031233735478569676230457163556582516896956008028331687158363173067840531487557446173498430141229198642412421193500164599403676547039605733573218344368362527551682218507607128795485847174669308477459093339888634775264473926923292725025659788089033896284566537067786371429472341322084204605188748947723667158	234423788543221666869589841058293256947146341237195864601416477436698628991306797316927419517835903704062369926128505986131086308323707723104885844013406139912331275047936097075338153131234016116711701491432265625940816441588332097703628627751311952085943954455548645382492798608667916644772012901191847944804467694528824409829485788038982840360738023483404363341952458958017035660504026326021778548256853019737914270662304886105692451644632071575616142943277753349001574031449118327828014458199590973820921907687586895703369773979920630060731698338128713170762522322389166136415499798253601830014165386905699567666456674873890985414786383225539608689224537771196076791605757782433657966699716220047691286709917193517352955693708391262789580836082752435007685242633961780056109758739234444049833259241323750772243900851990770412915759933595625948753237173792884423174614879071275472166416139782733281860968032635120006474289966164723992536359794263759570773790054296085043958038500691101118192251867457395805487936015212779469881748601393302926958586670823577909620140709644719512743378039625854456167687559907130748503829004296158946904886112020067985686294572909461751441324971985074620209148624442822691761291415386809040515387036421916171534359908914029981741157488358275021101015300912988746439770020541581737816337225043008231234531988451746829601355131546552490469906436850270022455235868081988018869483978897797245298163765990391815453060803072651843548678857262686539046857971989823497648362834215467690500074196172399330187084866344811392462755085528445278720755872102283069458754269822055168626501234380897682157386566737046058110511931742261357062425458494928908869780421686380912971986924686510130334134559461880018620302745579366407017023780028477070083633873920814780645978462300719646376512408905521619839715493485487974925234877490986695202239181815628505790646881624266412544038140770219071531205242996615705668174247620036643082783863595821743375596243221044124099448555102488087009470665473685855115615475515901933243617432951764420666581099431518106109884205324677627831768331379013462862709497887250003920906616411377774565237166066542506415366760053813362417243354265663022393410506209176983692032375834663186874819021110146050367218835426494796893498062327826900009713445326598616172645285246972667126793812825964654562052673269270289038589951594357149699144136468191439887022089305702076001398858605553477038945991456701486313499664204827494090638903184484495451729609814921869004238835368210912118046103971458529822135705645671087207008238008499317811062628681934151495467044670599456094174599570956574347749299957771251565600850420956392128766215998238505162497432279088602408132036434207351816368769678737515825539368303279857560511513615852968271634950255264617630066288657734308653620176732978412642126261418845476660772020979304378302730721244375964833012581723503797126626291497427443221638639590642945732852439339633228128528197512715327255	-2,-6,5,5,-5,-5,-5,-5,-5,-5,-5,-5	-6,5,5,-5,-5,-5,-5,-5,-5,-5,-5,-5	ok
1.731732	-12.672673	-17.643902	0.326428	continued:5	234423788543221666869589841058293256947146341237195864601416477436698628991306797316927419517835903704062369926128505986131086308323707723104885844013406139912331275047936097075338153134536045526602735736187042702500876777949896057387139866447897836135824987201314303393414052441331120493663372214784751984612804307726427834224044196053155721294739338989976961997130604033561470037953461789605691329414855138818218678563218948498653041753573961857564835739617376401872230998128083344303799255347425513476610340847390080141947059473444816358966000874332055039940658215720635816392733353739240282901202784242707254067839658762087654622528876743524998665194185488324753013959170811231184200356038575167906207721211308495133175186485165850822628149461648589167183953256012810548503945017032975724990000835694304387823782550274258452500678345602191094147579842401072431574364123837737390186204481470265529613022530374510446495867040491880955916570442561280684043606359392066629010811993532813174562472968172248426984462248248925928201806371061861215943945873677143671273363947668335232013415699945594883675877387393413311058985669465060917316532519964651114216984305598966088047800033630743406920038571779325106346279970060983085027070172213662974890067947111901425219142335457776470265151000889644531674077094924441583525428816369696318296860925586036017271456757514972725478268666789184117754925026168324007922117257010488251107141966497020181382677152724969978718745262514997229344711893368909327351181313713900599369289379545847960858522037443056777505866140956024560979834881154414172190868432259364431819069722963706795216439622364348844358091644561581270875457898368239717297611927244243801145336353142009798001756140697943969691340532146475568005812928115994021970665077287558512709312893959910479359794408707877011008782650548505741608472286868099136604284645416831339644546757959513829006187452078818311444678245567167449182251853755645466347625529461194720341886723166587663735525736998274763208004608079889303716442473398609842570773601771650186581893599569491675225371696817435733785643875873968310654438040032078493469624978033461421886918548295891242702097488881158479497960678600305022407984904461237921332991441594113488938541679898602533315526433576621187586557497623348573809110190795164307502283077579945651775008526338166207047579836197247180928727594763451048227766255431703127890469913310586532323149997815190608549694232874385535125837384997636129517865100015707647901124467359284582365383335580671772685811605406214039050415610400247848903159023139846867084677873579638012536591201966778933867234477983994781273571683756163997602639911593056720320031233735478569676230457163556582516896956008028331687158363173067840531487557446173498430141229198642412421193500164599403676547039605733573218344368362527551682218507607128795485847174669308477459093339888634775264473926923292725025659788089033896284566537067786371429472341322084204605188748947723667158	234423788543221666869589841058293256947146341237195864601416477436698628991306797316927419517835903704062369926128505986131086308323707723104885844013406139912331275047936097075338153131234016116711701491432265625940816441588332097703628627751311952085943954455548645382492798608667916644772012901191847944804467694528824409829485788038982840360738023483404363341952458958017035660504026326021778548256853019737914270662304886105692451644632071575616142943277753349001574031449118327828014458199590973820921907687586895703369773979920630060731698338128713170762522322389166136415499798253601830014165386905699567666456674873890985414786383225539608689224537771196076791605757782433657966699716220047691286709917193517352955693708391262789580836082752435007685242633961780056109758739234444049833259241323750772243900851990770412915759933595625948753237173792884423174614879071275472166416139782733281860968032635120006474289966164723992536359794263759570773790054296085043958038500691101118192251867457395805487936015212779469881748601393302926958586670823577909620140709644719512743378039625854456167687559907130748503829004296158946904886112020067985686294572909461751441324971985074620209148624442822691761291415386809040515387036421916171534359908914029981741157488358275021101015300912988746439770020541581737816337225043008231234531988451746829601355131546552490469906436850270022455235868081988018869483978897797245298163765990391815453060803072651843548678857262686539046857971989823497648362834215467690500074196172399330187084866344811392462755085528445278720755872102283069458754269822055168626501234380897682157386566737046058110511931742261357062425458494928908869780421686380912971986924686510130334134559461880018620302745579366407017023780028477070083633873920814780645978462300719646376512408905521619839715493485487974925234877490986695202239181815628505790646881624266412544038140770219071531205242996615705668174247620036643082783863595821743375596243221044124099448555102488087009470665473685855115615475515901933243617432951764420666581099431518106109884205324677627831768331379013462862709497887250003920906616411377774565237166066542506415366760053813362417243354265663022393410506209176983692032375834663186874819021110146050367218835426494796893498062327826900009713445326598616172645285246972667126793812825964654562052673269270289038589951594357149699144136468191439887022089305702076001398858605553477038945991456701486313499664204827494090638903184484495451729609814921869004238835368210912118046103971458529822135705645671087207008238008499317811062628681934151495467044670599456094174599570956574347749299957771251565600850420956392128766215998238505162497432279088602408132036434207351816368769678737515825539368303279857560511513615852968271634950255264617630066288657734308653620176732978412642126261418845476660772020979304378302730721244375964833012581723503797126626291497427443221638639590642945732852439339633228128528197512715327255	-2,-6,5,5,-5,-5,-5,-5,-5,-5,-5,-5	-6,5,5,-5,-5,-5,-5,-5,-5,-5,-5,-5	ok
1.735736	-12.672673	-17.643027	0.326261	continued:5	234423788543221666869589841058293256947146341237195864601416477436698628991306797316927419517835903704062369926128505986131086308323707723104885844013406139912331275047936097075338153134536045526602735736187042702500876777949896057387139866447897836135824987201314303393414052441331120493663372214784751984612804307726427834224044196053155721294739338989976961997130604033561470037953461789605691329414855138818218678563218948498653041753573961857564835739617376401872230998128083344303799255347425513476610340847390080141947059473444816358966000874332055039940658215720635816392733353739240282901202784242707254067839658762087654622528876743524998665194185488324753013959170811231184200356038575167906207721211308495133175186485165850822628149461648589167183953256012810548503945017032975724990000835694304387823782550274258452500678345602191094147579842401072431574364123837737390186204481470265529613022530374510446495867040491880955916570442561280684043606359392066629010811993532813174562472968172248426984462248248925928201806371061861215943945873677143671273363947668335232013415699945594883675877387393413311058985669465060917316532519964651114216984305598966088047800033630743406920038571779325106346279970060983085027070172213662974890067947111901425219142335457776470265151000889644531674077094924441583525428816369696318296860925586036017271456757514972725478268666789184117754925026168324007922117257010488251107141966497020181382677152724969978718745262514997229344711893368909327351181313713900599369289379545847960858522037443056777505866140956024560979834881154414172190868432259364431819069722963706795216439622364348844358091644561581270875457898368239717297611927244243801145336353142009798001756140697943969691340532146475568005812928115994021970665077287558512709312893959910479359794408707877011008782650548505741608472286868099136604284645416831339644546757959513829006187452078818311444678245567167449182251853755645466347625529461194720341886723166587663735525736998274763208004608079889303716442473398609842570773601771650186581893599569491675225371696817435733785643875873968310654438040032078493469624978033461421886918548295891242702097488881158479497960678600305022407984904461237921332991441594113488938541679898602533315526433576621187586557497623348573809110190795164307502283077579945651775008526338166207047579836197247180928727594763451048227766255431703127890469913310586532323149997815190608549694232874385535125837384997636129517865100015707647901124467359284582365383335580671772685811605406214039050415610400247848903159023139846867084677873579638012536591201966778933867234477983994781273571683756163997602639911593056720320031233735478569676230457163556582516896956008028331687158363173067840531487557446173498430141229198642412421193500164599403676547039605733573218344368362527551682218507607128795485847174669308477459093339888634775264473926923292725025659788089033896284566537067786371429472341322084204605188748947723667158	234423788543221666869589841058293256947146341237195864601416477436698628991306797316927419517835903704062369926128505986131086308323707723104885844013406139912331275047936097075338153131234016116711701491432265625940816441588332097703628627751311952085943954455548645382492798608667916644772012901191847944804467694528824409829485788038982840360738023483404363341952458958017035660504026326021778548256853019737914270662304886105692451644632071575616142943277753349001574031449118327828014458199590973820921907687586895703369773979920630060731698338128713170762522322389166136415499798253601830014165386905699567666456674873890985414786383225539608689224537771196076791605757782433657966699716220047691286709917193517352955693708391262789580836082752435007685242633961780056109758739234444049833259241323750772243900851990770412915759933595625948753237173792884423174614879071275472166416139782733281860968032635120006474289966164723992536359794263759570773790054296085043958038500691101118192251867457395805487936015212779469881748601393302926958586670823577909620140709644719512743378039625854456167687559907130748503829004296158946904886112020067985686294572909461751441324971985074620209148624442822691761291415386809040515387036421916171534359908914029981741157488358275021101015300912988746439770020541581737816337225043008231234531988451746829601355131546552490469906436850270022455235868081988018869483978897797245298163765990391815453060803072651843548678857262686539046857971989823497648362834215467690500074196172399330187084866344811392462755085528445278720755872102283069458754269822055168626501234380897682157386566737046058110511931742261357062425458494928908869780421686380912971986924686510130334134559461880018620302745579366407017023780028477070083633873920814780645978462300719646376512408905521619839715493485487974925234877490986695202239181815628505790646881624266412544038140770219071531205242996615705668174247620036643082783863595821743375596243221044124099448555102488087009470665473685855115615475515901933243617432951764420666581099431518106109884205324677627831768331379013462862709497887250003920906616411377774565237166066542506415366760053813362417243354265663022393410506209176983692032375834663186874819021110146050367218835426494796893498062327826900009713445326598616172645285246972667126793812825964654562052673269270289038589951594357149699144136468191439887022089305702076001398858605553477038945991456701486313499664204827494090638903184484495451729609814921869004238835368210912118046103971458529822135705645671087207008238008499317811062628681934151495467044670599456094174599570956574347749299957771251565600850420956392128766215998238505162497432279088602408132036434207351816368769678737515825539368303279857560511513615852968271634950255264617630066288657734308653620176732978412642126261418845476660772020979304378302730721244375964833012581723503797126626291497427443221638639590642945732852439339633228128528197512715327255	-2,-6,5,5,-5,-5,-5,-5,-5,-5,-5,-5	-6,5,5,-5,-5,-5,-5,-5,-5,-5,-5,-5	ok
1.739740	-12.672673	-17.641064	0.325887	continued:5	234423788543221666869589841058293256947146341237195864601416477436698628991306797316927419517835903704062369926128505986131086308323707723104885844013406139912331275047936097075338153134536045526602735736187042702500876777949896057387139866447897836135824987201314303393414052441331120493663372214784751984612804307726427834224044196053155721294739338989976961997130604033561470037953461789605691329414855138818218678563218948498653041753573961857564835739617376401872230998128083344303799255347425513476610340847390080141947059473444816358966000874332055039940658215720635816392733353739240282901202784242707254067839658762087654622528876743524998665194185488324753013959170811231184200356038575167906207721211308495133175186485165850822628149461648589167183953256012810548503945017032975724990000835694304387823782550274258452500678345602191094147579842401072431574364123837737390186204481470265529613022530374510446495867040491880955916570442561280684043606359392066629010811993532813174562472968172248426984462248248925928201806371061861215943945873677143671273363947668335232013415699945594883675877387393413311058985669465060917316532519964651114216984305598966088047800033630743406920038571779325106346279970060983085027070172213662974890067947111901425219142335457776470265151000889644531674077094924441583525428816369696318296860925586036017271456757514972725478268666789184117754925026168324007922117257010488251107141966497020181382677152724969978718745262514997229344711893368909327351181313713900599369289379545847960858522037443056777505866140956024560979834881154414172190868432259364431819069722963706795216439622364348844358091644561581270875457898368239717297611927244243801145336353142009798001756140697943969691340532146475568005812928115994021970665077287558512709312893959910479359794408707877011008782650548505741608472286868099136604284645416831339644546757959513829006187452078818311444678245567167449182251853755645466347625529461194720341886723166587663735525736998274763208004608079889303716442473398609842570773601771650186581893599569491675225371696817435733785643875873968310654438040032078493469624978033461421886918548295891242702097488881158479497960678600305022407984904461237921332991441594113488938541679898602533315526433576621187586557497623348573809110190795164307502283077579945651775008526338166207047579836197247180928727594763451048227766255431703127890469913310586532323149997815190608549694232874385535125837384997636129517865100015707647901124467359284582365383335580671772685811605406214039050415610400247848903159023139846867084677873579638012536591201966778933867234477983994781273571683756163997602639911593056720320031233735478569676230457163556582516896956008028331687158363173067840531487557446173498430141229198642412421193500164599403676547039605733573218344368362527551682218507607128795485847174669308477459093339888634775264473926923292725025659788089033896284566537067786371429472341322084204605188748947723667158	234423788543221666869589841058293256947146341237195864601416477436698628991306797316927419517835903704062369926128505986131086308323707723104885844013406139912331275047936097075338153131234016116711701491432265625940816441588332097703628627751311952085943954455548645382492798608667916644772012901191847944804467694528824409829485788038982840360738023483404363341952458958017035660504026326021778548256853019737914270662304886105692451644632071575616142943277753349001574031449118327828014458199590973820921907687586895703369773979920630060731698338128713170762522322389166136415499798253601830014165386905699567666456674873890985414786383225539608689224537771196076791605757782433657966699716220047691286709917193517352955693708391262789580836082752435007685242633961780056109758739234444049833259241323750772243900851990770412915759933595625948753237173792884423174614879071275472166416139782733281860968032635120006474289966164723992536359794263759570773790054296085043958038500691101118192251867457395805487936015212779469881748601393302926958586670823577909620140709644719512743378039625854456167687559907130748503829004296158946904886112020067985686294572909461751441324971985074620209148624442822691761291415386809040515387036421916171534359908914029981741157488358275021101015300912988746439770020541581737816337225043008231234531988451746829601355131546552490469906436850270022455235868081988018869483978897797245298163765990391815453060803072651843548678857262686539046857971989823497648362834215467690500074196172399330187084866344811392462755085528445278720755872102283069458754269822055168626501234380897682157386566737046058110511931742261357062425458494928908869780421686380912971986924686510130334134559461880018620302745579366407017023780028477070083633873920814780645978462300719646376512408905521619839715493485487974925234877490986695202239181815628505790646881624266412544038140770219071531205242996615705668174247620036643082783863595821743375596243221044124099448555102488087009470665473685855115615475515901933243617432951764420666581099431518106109884205324677627831768331379013462862709497887250003920906616411377774565237166066542506415366760053813362417243354265663022393410506209176983692032375834663186874819021110146050367218835426494796893498062327826900009713445326598616172645285246972667126793812825964654562052673269270289038589951594357149699144136468191439887022089305702076001398858605553477038945991456701486313499664204827494090638903184484495451729609814921869004238835368210912118046103971458529822135705645671087207008238008499317811062628681934151495467044670599456094174599570956574347749299957771251565600850420956392128766215998238505162497432279088602408132036434207351816368769678737515825539368303279857560511513615852968271634950255264617630066288657734308653620176732978412642126261418845476660772020979304378302730721244375964833012581723503797126626291497427443221638639590642945732852439339633228128528197512715327255	-2,-6,5,5,-5,-5,-5,-5,-5,-5,-5,-5	-6,5,5,-5,-5,-5,-5,-5,-5,-5,-5,-5	ok
1.743744	-12.672673	-17.640187	0.325720	continued:5	234423788543221666869589841058293256947146341237195864601416477436698628991306797316927419517835903704062369926128505986131086308323707723104885844013406139912331275047936097075338153134536045526602735736187042702500876777949896057387139866447897836135824987201314303393414052441331120493663372214784751984612804307726427834224044196053155721294739338989976961997130604033561470037953461789605691329414855138818218678563218948498653041753573961857564835739617376401872230998128083344303799255347425513476610340847390080141947059473444816358966000874332055039940658215720635816392733353739240282901202784242707254067839658762087654622528876743524998665194185488324753013959170811231184200356038575167906207721211308495133175186485165850822628149461648589167183953256012810548503945017032975724990000835694304387823782550274258452500678345602191094147579842401072431574364123837737390186204481470265529613022530374510446495867040491880955916570442561280684043606359392066629010811993532813174562472968172248426984462248248925928201806371061861215943945873677143671273363947668335232013415699945594883675877387393413311058985669465060917316532519964651114216984305598966088047800033630743406920038571779325106346279970060983085027070172213662974890067947111901425219142335457776470265151000889644531674077094924441583525428816369696318296860925586036017271456757514972725478268666789184117754925026168324007922117257010488251107141966497020181382677152724969978718745262514997229344711893368909327351181313713900599369289379545847960858522037443056777505866140956024560979834881154414172190868432259364431819069722963706795216439622364348844358091644561581270875457898368239717297611927244243801145336353142009798001756140697943969691340532146475568005812928115994021970665077287558512709312893959910479359794408707877011008782650548505741608472286868099136604284645416831339644546757959513829006187452078818311444678245567167449182251853755645466347625529461194720341886723166587663735525736998274763208004608079889303716442473398609842570773601771650186581893599569491675225371696817435733785643875873968310654438040032078493469624978033461421886918548295891242702097488881158479497960678600305022407984904461237921332991441594113488938541679898602533315526433576621187586557497623348573809110190795164307502283077579945651775008526338166207047579836197247180928727594763451048227766255431703127890469913310586532323149997815190608549694232874385535125837384997636129517865100015707647901124467359284582365383335580671772685811605406214039050415610400247848903159023139846867084677873579638012536591201966778933867234477983994781273571683756163997602639911593056720320031233735478569676230457163556582516896956008028331687158363173067840531487557446173498430141229198642412421193500164599403676547039605733573218344368362527551682218507607128795485847174669308477459093339888634775264473926923292725025659788089033896284566537067786371429472341322084204605188748947723667158	234423788543221666869589841058293256947146341237195864601416477436698628991306797316927419517835903704062369926128505986131086308323707723104885844013406139912331275047936097075338153131234016116711701491432265625940816441588332097703628627751311952085943954455548645382492798608667916644772012901191847944804467694528824409829485788038982840360738023483404363341952458958017035660504026326021778548256853019737914270662304886105692451644632071575616142943277753349001574031449118327828014458199590973820921907687586895703369773979920630060731698338128713170762522322389166136415499798253601830014165386905699567666456674873890985414786383225539608689224537771196076791605757782433657966699716220047691286709917193517352955693708391262789580836082752435007685242633961780056109758739234444049833259241323750772243900851990770412915759933595625948753237173792884423174614879071275472166416139782733281860968032635120006474289966164723992536359794263759570773790054296085043958038500691101118192251867457395805487936015212779469881748601393302926958586670823577909620140709644719512743378039625854456167687559907130748503829004296158946904886112020067985686294572909461751441324971985074620209148624442822691761291415386809040515387036421916171534359908914029981741157488358275021101015300912988746439770020541581737816337225043008231234531988451746829601355131546552490469906436850270022455235868081988018869483978897797245298163765990391815453060803072651843548678857262686539046857971989823497648362834215467690500074196172399330187084866344811392462755085528445278720755872102283069458754269822055168626501234380897682157386566737046058110511931742261357062425458494928908869780421686380912971986924686510130334134559461880018620302745579366407017023780028477070083633873920814780645978462300719646376512408905521619839715493485487974925234877490986695202239181815628505790646881624266412544038140770219071531205242996615705668174247620036643082783863595821743375596243221044124099448555102488087009470665473685855115615475515901933243617432951764420666581099431518106109884205324677627831768331379013462862709497887250003920906616411377774565237166066542506415366760053813362417243354265663022393410506209176983692032375834663186874819021110146050367218835426494796893498062327826900009713445326598616172645285246972667126793812825964654562052673269270289038589951594357149699144136468191439887022089305702076001398858605553477038945991456701486313499664204827494090638903184484495451729609814921869004238835368210912118046103971458529822135705645671087207008238008499317811062628681934151495467044670599456094174599570956574347749299957771251565600850420956392128766215998238505162497432279088602408132036434207351816368769678737515825539368303279857560511513615852968271634950255264617630066288657734308653620176732978412642126261418845476660772020979304378302730721244375964833012581723503797126626291497427443221638639590642945732852439339633228128528197512715327255	-2,-6,5,5,-5,-5,-5,-5,-5,-5,-5,-5	-6,5,5,-5,-5,-5,-5,-5,-5,-5,-5,-5	ok
1.747748	-12.672673	-17.638222	0.325346	continued:5	234423788543221666869589841058293256947146341237195864601416477436698628991306797316927419517835903704062369926128505986131086308323707723104885844013406139912331275047936097075338153134536045526602735736187042702500876777949896057387139866447897836135824987201314303393414052441331120493663372214784751984612804307726427834224044196053155721294739338989976961997130604033561470037953461789605691329414855138818218678563218948498653041753573961857564835739617376401872230998128083344303799255347425513476610340847390080141947059473444816358966000874332055039940658215720635816392733353739240282901202784242707254067839658762087654622528876743524998665194185488324753013959170811231184200356038575167906207721211308495133175186485165850822628149461648589167183953256012810548503945017032975724990000835694304387823782550274258452500678345602191094147579842401072431574364123837737390186204481470265529613022530374510446495867040491880955916570442561280684043606359392066629010811993532813174562472968172248426984462248248925928201806371061861215943945873677143671273363947668335232013415699945594883675877387393413311058985669465060917316532519964651114216984305598966088047800033630743406920038571779325106346279970060983085027070172213662974890067947111901425219142335457776470265151000889644531674077094924441583525428816369696318296860925586036017271456757514972725478268666789184117754925026168324007922117257010488251107141966497020181382677152724969978718745262514997229344711893368909327351181313713900599369289379545847960858522037443056777505866140956024560979834881154414172190868432259364431819069722963706795216439622364348844358091644561581270875457898368239717297611927244243801145336353142009798001756140697943969691340532146475568005812928115994021970665077287558512709312893959910479359794408707877011008782650548505741608472286868099136604284645416831339644546757959513829006187452078818311444678245567167449182251853755645466347625529461194720341886723166587663735525736998274763208004608079889303716442473398609842570773601771650186581893599569491675225371696817435733785643875873968310654438040032078493469624978033461421886918548295891242702097488881158479497960678600305022407984904461237921332991441594113488938541679898602533315526433576621187586557497623348573809110190795164307502283077579945651775008526338166207047579836197247180928727594763451048227766255431703127890469913310586532323149997815190608549694232874385535125837384997636129517865100015707647901124467359284582365383335580671772685811605406214039050415610400247848903159023139846867084677873579638012536591201966778933867234477983994781273571683756163997602639911593056720320031233735478569676230457163556582516896956008028331687158363173067840531487557446173498430141229198642412421193500164599403676547039605733573218344368362527551682218507607128795485847174669308477459093339888634775264473926923292725025659788089033896284566537067786371429472341322084204605188748947723667158	234423788543221666869589841058293256947146341237195864601416477436698628991306797316927419517835903704062369926128505986131086308323707723104885844013406139912331275047936097075338153131234016116711701491432265625940816441588332097703628627751311952085943954455548645382492798608667916644772012901191847944804467694528824409829485788038982840360738023483404363341952458958017035660504026326021778548256853019737914270662304886105692451644632071575616142943277753349001574031449118327828014458199590973820921907687586895703369773979920630060731698338128713170762522322389166136415499798253601830014165386905699567666456674873890985414786383225539608689224537771196076791605757782433657966699716220047691286709917193517352955693708391262789580836082752435007685242633961780056109758739234444049833259241323750772243900851990770412915759933595625948753237173792884423174614879071275472166416139782733281860968032635120006474289966164723992536359794263759570773790054296085043958038500691101118192251867457395805487936015212779469881748601393302926958586670823577909620140709644719512743378039625854456167687559907130748503829004296158946904886112020067985686294572909461751441324971985074620209148624442822691761291415386809040515387036421916171534359908914029981741157488358275021101015300912988746439770020541581737816337225043008231234531988451746829601355131546552490469906436850270022455235868081988018869483978897797245298163765990391815453060803072651843548678857262686539046857971989823497648362834215467690500074196172399330187084866344811392462755085528445278720755872102283069458754269822055168626501234380897682157386566737046058110511931742261357062425458494928908869780421686380912971986924686510130334134559461880018620302745579366407017023780028477070083633873920814780645978462300719646376512408905521619839715493485487974925234877490986695202239181815628505790646881624266412544038140770219071531205242996615705668174247620036643082783863595821743375596243221044124099448555102488087009470665473685855115615475515901933243617432951764420666581099431518106109884205324677627831768331379013462862709497887250003920906616411377774565237166066542506415366760053813362417243354265663022393410506209176983692032375834663186874819021110146050367218835426494796893498062327826900009713445326598616172645285246972667126793812825964654562052673269270289038589951594357149699144136468191439887022089305702076001398858605553477038945991456701486313499664204827494090638903184484495451729609814921869004238835368210912118046103971458529822135705645671087207008238008499317811062628681934151495467044670599456094174599570956574347749299957771251565600850420956392128766215998238505162497432279088602408132036434207351816368769678737515825539368303279857560511513615852968271634950255264617630066288657734308653620176732978412642126261418845476660772020979304378302730721244375964833012581723503797126626291497427443221638639590642945732852439339633228128528197512715327255	-2,-6,5,5,-5,-5,-5,-5,-5,-5,-5,-5	-6,5,5,-5,-5,-5,-5,-5,-5,-5,-5,-5	ok
1.751752	-12.672673	-17.637345	0.325179	continued:5	234423788543221666869589841058293256947146341237195864601416477436698628991306797316927419517835903704062369926128505986131086308323707723104885844013406139912331275047936097075338153134536045526602735736187042702500876777949896057387139866447897836135824987201314303393414052441331120493663372214784751984612804307726427834224044196053155721294739338989976961997130604033561470037953461789605691329414855138818218678563218948498653041753573961857564835739617376401872230998128083344303799255347425513476610340847390080141947059473444816358966000874332055039940658215720635816392733353739240282901202784242707254067839658762087654622528876743524998665194185488324753013959170811231184200356038575167906207721211308495133175186485165850822628149461648589167183953256012810548503945017032975724990000835694304387823782550274258452500678345602191094147579842401072431574364123837737390186204481470265529613022530374510446495867040491880955916570442561280684043606359392066629010811993532813174562472968172248426984462248248925928201806371061861215943945873677143671273363947668335232013415699945594883675877387393413311058985669465060917316532519964651114216984305598966088047800033630743406920038571779325106346279970060983085027070172213662974890067947111901425219142335457776470265151000889644531674077094924441583525428816369696318296860925586036017271456757514972725478268666789184117754925026168324007922117257010488251107141966497020181382677152724969978718745262514997229344711893368909327351181313713900599369289379545847960858522037443056777505866140956024560979834881154414172190868432259364431819069722963706795216439622364348844358091644561581270875457898368239717297611927244243801145336353142009798001756140697943969691340532146475568005812928115994021970665077287558512709312893959910479359794408707877011008782650548505741608472286868099136604284645416831339644546757959513829006187452078818311444678245567167449182251853755645466347625529461194720341886723166587663735525736998274763208004608079889303716442473398609842570773601771650186581893599569491675225371696817435733785643875873968310654438040032078493469624978033461421886918548295891242702097488881158479497960678600305022407984904461237921332991441594113488938541679898602533315526433576621187586557497623348573809110190795164307502283077579945651775008526338166207047579836197247180928727594763451048227766255431703127890469913310586532323149997815190608549694232874385535125837384997636129517865100015707647901124467359284582365383335580671772685811605406214039050415610400247848903159023139846867084677873579638012536591201966778933867234477983994781273571683756163997602639911593056720320031233735478569676230457163556582516896956008028331687158363173067840531487557446173498430141229198642412421193500164599403676547039605733573218344368362527551682218507607128795485847174669308477459093339888634775264473926923292725025659788089033896284566537067786371429472341322084204605188748947723667158	234423788543221666869589841058293256947146341237195864601416477436698628991306797316927419517835903704062369926128505986131086308323707723104885844013406139912331275047936097075338153131234016116711701491432265625940816441588332097703628627751311952085943954455548645382492798608667916644772012901191847944804467694528824409829485788038982840360738023483404363341952458958017035660504026326021778548256853019737914270662304886105692451644632071575616142943277753349001574031449118327828014458199590973820921907687586895703369773979920630060731698338128713170762522322389166136415499798253601830014165386905699567666456674873890985414786383225539608689224537771196076791605757782433657966699716220047691286709917193517352955693708391262789580836082752435007685242633961780056109758739234444049833259241323750772243900851990770412915759933595625948753237173792884423174614879071275472166416139782733281860968032635120006474289966164723992536359794263759570773790054296085043958038500691101118192251867457395805487936015212779469881748601393302926958586670823577909620140709644719512743378039625854456167687559907130748503829004296158946904886112020067985686294572909461751441324971985074620209148624442822691761291415386809040515387036421916171534359908914029981741157488358275021101015300912988746439770020541581737816337225043008231234531988451746829601355131546552490469906436850270022455235868081988018869483978897797245298163765990391815453060803072651843548678857262686539046857971989823497648362834215467690500074196172399330187084866344811392462755085528445278720755872102283069458754269822055168626501234380897682157386566737046058110511931742261357062425458494928908869780421686380912971986924686510130334134559461880018620302745579366407017023780028477070083633873920814780645978462300719646376512408905521619839715493485487974925234877490986695202239181815628505790646881624266412544038140770219071531205242996615705668174247620036643082783863595821743375596243221044124099448555102488087009470665473685855115615475515901933243617432951764420666581099431518106109884205324677627831768331379013462862709497887250003920906616411377774565237166066542506415366760053813362417243354265663022393410506209176983692032375834663186874819021110146050367218835426494796893498062327826900009713445326598616172645285246972667126793812825964654562052673269270289038589951594357149699144136468191439887022089305702076001398858605553477038945991456701486313499664204827494090638903184484495451729609814921869004238835368210912118046103971458529822135705645671087207008238008499317811062628681934151495467044670599456094174599570956574347749299957771251565600850420956392128766215998238505162497432279088602408132036434207351816368769678737515825539368303279857560511513615852968271634950255264617630066288657734308653620176732978412642126261418845476660772020979304378302730721244375964833012581723503797126626291497427443221638639590642945732852439339633228128528197512715327255	-2,-6,5,5,-5,-5,-5,-5,-5,-5,-5,-5	-6,5,5,-5,-5,-5,-5,-5,-5,-5,-5,-5	ok
1.755756	-12.672673	-17.635378	0.324805	continued:5	234423788543221666869589841058293256947146341237195864601416477436698628991306797316927419517835903704062369926128505986131086308323707723104885844013406139912331275047936097075338153134536045526602735736187042702500876777949896057387139866447897836135824987201314303393414052441331120493663372214784751984612804307726427834224044196053155721294739338989976961997130604033561470037953461789605691329414855138818218678563218948498653041753573961857564835739617376401872230998128083344303799255347425513476610340847390080141947059473444816358966000874332055039940658215720635816392733353739240282901202784242707254067839658762087654622528876743524998665194185488324753013959170811231184200356038575167906207721211308495133175186485165850822628149461648589167183953256012810548503945017032975724990000835694304387823782550274258452500678345602191094147579842401072431574364123837737390186204481470265529613022530374510446495867040491880955916570442561280684043606359392066629010811993532813174562472968172248426984462248248925928201806371061861215943945873677143671273363947668335232013415699945594883675877387393413311058985669465060917316532519964651114216984305598966088047800033630743406920038571779325106346279970060983085027070172213662974890067947111901425219142335457776470265151000889644531674077094924441583525428816369696318296860925586036017271456757514972725478268666789184117754925026168324007922117257010488251107141966497020181382677152724969978718745262514997229344711893368909327351181313713900599369289379545847960858522037443056777505866140956024560979834881154414172190868432259364431819069722963706795216439622364348844358091644561581270875457898368239717297611927244243801145336353142009798001756140697943969691340532146475568005812928115994021970665077287558512709312893959910479359794408707877011008782650548505741608472286868099136604284645416831339644546757959513829006187452078818311444678245567167449182251853755645466347625529461194720341886723166587663735525736998274763208004608079889303716442473398609842570773601771650186581893599569491675225371696817435733785643875873968310654438040032078493469624978033461421886918548295891242702097488881158479497960678600305022407984904461237921332991441594113488938541679898602533315526433576621187586557497623348573809110190795164307502283077579945651775008526338166207047579836197247180928727594763451048227766255431703127890469913310586532323149997815190608549694232874385535125837384997636129517865100015707647901124467359284582365383335580671772685811605406214039050415610400247848903159023139846867084677873579638012536591201966778933867234477983994781273571683756163997602639911593056720320031233735478569676230457163556582516896956008028331687158363173067840531487557446173498430141229198642412421193500164599403676547039605733573218344368362527551682218507607128795485847174669308477459093339888634775264473926923292725025659788089033896284566537067786371429472341322084204605188748947723667158	234423788543221666869589841058293256947146341237195864601416477436698628991306797316927419517835903704062369926128505986131086308323707723104885844013406139912331275047936097075338153131234016116711701491432265625940816441588332097703628627751311952085943954455548645382492798608667916644772012901191847944804467694528824409829485788038982840360738023483404363341952458958017035660504026326021778548256853019737914270662304886105692451644632071575616142943277753349001574031449118327828014458199590973820921907687586895703369773979920630060731698338128713170762522322389166136415499798253601830014165386905699567666456674873890985414786383225539608689224537771196076791605757782433657966699716220047691286709917193517352955693708391262789580836082752435007685242633961780056109758739234444049833259241323750772243900851990770412915759933595625948753237173792884423174614879071275472166416139782733281860968032635120006474289966164723992536359794263759570773790054296085043958038500691101118192251867457395805487936015212779469881748601393302926958586670823577909620140709644719512743378039625854456167687559907130748503829004296158946904886112020067985686294572909461751441324971985074620209148624442822691761291415386809040515387036421916171534359908914029981741157488358275021101015300912988746439770020541581737816337225043008231234531988451746829601355131546552490469906436850270022455235868081988018869483978897797245298163765990391815453060803072651843548678857262686539046857971968170609224726524032007258426082829972798984764710629469103884357306931858456100299198083723303313169347127730697334732006927735790221217300382899796501542521705519629739463402268636348752387649426394771507200387086531601062843503639365666640052052149361073072794874582245722508450571820944029937594089953131514980631934400911271732041111585294710553801991701055272920335124871523908868217418722718956529883860150992982388603805904316952048995058680959797186290526032086799860956789627281597608170016305629603250565343961518022103492848951439396126672889667339833146743859695839488201727847891805309753376193618566166066028834084164194908251306655563964711571870617340322378653121538014493792860376973137974157576022637847604826312155194463311512468891740304467215936090347138481607267326045039490910583616292796176990591001329513091607735311570584003376793419370427891420726708206407072584925216106620396288725713071876875092376260590694907072076210907759328440594921264225250956396458451273733496653567882602337981154170067704988245472018590851199274638062019711238185794051970310639352938911046317400345303811152241431798477438336985233215231398713644402985897633853560835466148865647978290209190176920889450094669102158424141659113263533079467308153600513463584253525774863481779886764050370448138608274465305259960584335985024343509780661084341363957143996382269076184885632734817160083189496361699948805759303092892818884756179008818315928055277971714214364036664587463447748095693	-2,-6,5,5,-5,-5,-5,-5,-5,-5,-5,-5	5,5,5,-5,-5,-5,-5,-5,-5,-5,-5,-5	ok
1.759760	-12.672673	-17.634500	0.324638	continued:5	234423788543221666869589841058293256947146341237195864601416477436698628991306797316927419517835903704062369926128505986131086308323707723104885844013406139912331275047936097075338153134536045526602735736187042702500876777949896057387139866447897836135824987201314303393414052441331120493663372214784751984612804307726427834224044196053155721294739338989976961997130604033561470037953461789605691329414855138818218678563218948498653041753573961857564835739617376401872230998128083344303799255347425513476610340847390080141947059473444816358966000874332055039940658215720635816392733353739240282901202784242707254067839658762087654622528876743524998665194185488324753013959170811231184200356038575167906207721211308495133175186485165850822628149461648589167183953256012810548503945017032975724990000835694304387823782550274258452500678345602191094147579842401072431574364123837737390186204481470265529613022530374510446495867040491880955916570442561280684043606359392066629010811993532813174562472968172248426984462248248925928201806371061861215943945873677143671273363947668335232013415699945594883675877387393413311058985669465060917316532519964651114216984305598966088047800033630743406920038571779325106346279970060983085027070172213662974890067947111901425219142335457776470265151000889644531674077094924441583525428816369696318296860925586036017271456757514972725478268666789184117754925026168324007922117257010488251107141966497020181382677152724969978718745262514997229344711893368909327351181313713900599369289379545847960858522037443056777505866140956024560979834881154414172190868432259364431819069722963706795216439622364348844358091644561581270875457898368239717297611927244243801145336353142009798001756140697943969691340532146475568005812928115994021970665077287558512709312893959910479359794408707877011008782650548505741608472286868099136604284645416831339644546757959513829006187452078818311444678245567167449182251853755645466347625529461194720341886723166587663735525736998274763208004608079889303716442473398609842570773601771650186581893599569491675225371696817435733785643875873968310654438040032078493469624978033461421886918548295891242702097488881158479497960678600305022407984904461237921332991441594113488938541679898602533315526433576621187586557497623348573809110190795164307502283077579945651775008526338166207047579836197247180928727594763451048227766255431703127890469913310586532323149997815190608549694232874385535125837384997636129517865100015707647901124467359284582365383335580671772685811605406214039050415610400247848903159023139846867084677873579638012536591201966778933867234477983994781273571683756163997602639911593056720320031233735478569676230457163556582516896956008028331687158363173067840531487557446173498430141229198642412421193500164599403676547039605733573218344368362527551682218507607128795485847174669308477459093339888634775264473926923292725025659788089033896284566537067786371429472341322084204605188748947723667158	234423788543221666869589841058293256947146341237195864601416477436698628991306797316927419517835903704062369926128505986131086308323707723104885844013406139912331275047936097075338153131234016116711701491432265625940816441588332097703628627751311952085943954455548645382492798608667916644772012901191847944804467694528824409829485788038982840360738023483404363341952458958017035660504026326021778548256853019737914270662304886105692451644632071575616142943277753349001574031449118327828014458199590973820921907687586895703369773979920630060731698338128713170762522322389166136415499798253601830014165386905699567666456674873890985414786383225539608689224537771196076791605757782433657966699716220047691286709917193517352955693708391262789580836082752435007685242633961780056109758739234444049833259241323750772243900851990770412915759933595625948753237173792884423174614879071275472166416139782733281860968032635120006474289966164723992536359794263759570773790054296085043958038500691101118192251867457395805487936015212779469881748601393302926958586670823577909620140709644719512743378039625854456167687559907130748503829004296158946904886112020067985686294572909461751441324971985074620209148624442822691761291415386809040515387036421916171534359908914029981741157488358275021101015300912988746439770020541581737816337225043008231234531988451746829601355131546552490469906436850270022455235868081988018869483978897797245298163765990391815453060803072651843548678857262686539046857971968170609224726524032007258426082829972798984764710629469103884357306931858456100299198083723303313169347127730697334732006927735790221217300382899796501542521705519629739463402268636348752387649426394771507200387086531601062843503639365666640052052149361073072794874582245722508450571820944029937594089953131514980631934400911271732041111585294710553801991701055272920335124871523908868217418722718956529883860150992982388603805904316952048995058680959797186290526032086799860956789627281597608170016305629603250565343961518022103492848951439396126672889667339833146743859695839488201727847891805309753376193618566166066028834084164194908251306655563964711571870617340322378653121538014493792860376973137974157576022637847604826312155194463311512468891740304467215936090347138481607267326045039490910583616292796176990591001329513091607735311570584003376793419370427891420726708206407072584925216106620396288725713071876875092376260590694907072076210907759328440594921264225250956396458451273733496653567882602337981154170067704988245472018590851199274638062019711238185794051970310639352938911046317400345303811152241431798477438336985233215231398713644402985897633853560835466148865647978290209190176920889450094669102158424141659113263533079467308153600513463584253525774863481779886764050370448138608274465305259960584335985024343509780661084341363957143996382269076184885632734817160083189496361699948805759303092892818884756179008818315928055277971714214364036664587463447748095693	-2,-6,5,5,-5,-5,-5,-5,-5,-5,-5,-5	5,5,5,-5,-5,-5,-5,-5,-5,-5,-5,-5	ok
1.763764	-12.672673	-17.632530	0.324264	continued:5	234423788543221666869589841058293256947146341237195864601416477436698628991306797316927419517835903704062369926128505986131086308323707723104885844013406139912331275047936097075338153134536045526602735736187042702500876777949896057387139866447897836135824987201314303393414052441331120493663372214784751984612804307726427834224044196053155721294739338989976961997130604033561470037953461789605691329414855138818218678563218948498653041753573961857564835739617376401872230998128083344303799255347425513476610340847390080141947059473444816358966000874332055039940658215720635816392733353739240282901202784242707254067839658762087654622528876743524998665194185488324753013959170811231184200356038575167906207721211308495133175186485165850822628149461648589167183953256012810548503945017032975724990000835694304387823782550274258452500678345602191094147579842401072431574364123837737390186204481470265529613022530374510446495867040491880955916570442561280684043606359392066629010811993532813174562472968172248426984462248248925928201806371061861215943945873677143671273363947668335232013415699945594883675877387393413311058985669465060917316532519964651114216984305598966088047800033630743406920038571779325106346279970060983085027070172213662974890067947111901425219142335457776470265151000889644531674077094924441583525428816369696318296860925586036017271456757514972725478268666789184117754925026168324007922117257010488251107141966497020181382677152724969978718745262514997229344711893368909327351181313713900599369289379545847960858522037443056777505866140956024560979834881154414172190868432259364431819069722963706795216439622364348844358091644561581270875457898368239717297611927244243801145336353142009798001756140697943969691340532146475568005812928115994021970665077287558512709312893959910479359794408707877011008782650548505741608472286868099136604284645416831339644546757959513829006187452078818311444678245567167449182251853755645466347625529461194720341886723166587663735525736998274763208004608079889303716442473398609842570773601771650186581893599569491675225371696817435733785643875873968310654438040032078493469624978033461421886918548295891242702097488881158479497960678600305022407984904461237921332991441594113488938541679898602533315526433576621187586557497623348573809110190795164307502283077579945651775008526338166207047579836197247180928727594763451048227766255431703127890469913310586532323149997815190608549694232874385535125837384997636129517865100015707647901124467359284582365383335580671772685811605406214039050415610400247848903159023139846867084677873579638012536591201966778933867234477983994781273571683756163997602639911593056720320031233735478569676230457163556582516896956008028331687158363173067840531487557446173498430141229198642412421193500164599403676547039605733573218344368362527551682218507607128795485847174669308477459093339888634775264473926923292725025659788089033896284566537067786371429472341322084204605188748947723667158	234423788543221666869589841058293256947146341237195864601416477436698628991306797316927419517835903704062369926128505986131086308323707723104885844013406139912331275047936097075338153131234016116711701491432265625940816441588332097703628627751311952085943954455548645382492798608667916644772012901191847944804467694528824409829485788038982840360738023483404363341952458958017035660504026326021778548256853019737914270662304886105692451644632071575616142943277753349001574031449118327828014458199590973820921907687586895703369773979920630060731698338128713170762522322389166136415499798253601830014165386905699567666456674873890985414786383225539608689224537771196076791605757782433657966699716220047691286709917193517352955693708391262789580836082752435007685242633961780056109758739234444049833259241323750772243900851990770412915759933595625948753237173792884423174614879071275472166416139782733281860968032635120006474289966164723992536359794263759570773790054296085043958038500691101118192251867457395805487936015212779469881748601393302926958586670823577909620140709644719512743378039625854456167687559907130748503829004296158946904886112020067985686294572909461751441324971985074620209148624442822691761291415386809040515387036421916171534359908914029981741157488358275021101015300912988746439770020541581737816337225043008231234531988451746829601355131546552490469906436850270022455235868081988018869483978897797245298163765990391815453060803072651843548678857262686539046857971968170609224726524032007258426082829972798984764710629469103884357306931858456100299198083723303313169347127730697334732006927735790221217300382899796501542521705519629739463402268636348752387649426394771507200387086531601062843503639365666640052052149361073072794874582245722508450571820944029937594089953131514980631934400911271732041111585294710553801991701055272920335124871523908868217418722718956529883860150992982388603805904316952048995058680959797186290526032086799860956789627281597608170016305629603250565343961518022103492848951439396126672889667339833146743859695839488201727847891805309753376193618566166066028834084164194908251306655563964711571870617340322378653121538014493792860376973137974157576022637847604826312155194463311512468891740304467215936090347138481607267326045039490910583616292796176990591001329513091607735311570584003376793419370427891420726708206407072584925216106620396288725713071876875092376260590694907072076210907759328440594921264225250956396458451273733496653567882602337981154170067704988245472018590851199274638062019711238185794051970310639352938911046317400345303811152241431798477438336985233215231398713644402985897633853560835466148865647978290209190176920889450094669102158424141659113263533079467308153600513463584253525774863481779886764050370448138608274465305259960584335985024343509780661084341363957143996382269076184885632734817160083189496361699948805759303092892818884756179008818315928055277971714214364036664587463447748095693	-2,-6,5,5,-5,-5,-5,-5,-5,-5,-5,-5	5,5,5,-5,-5,-5,-5,-5,-5,-5,-5,-5	ok
1.767768	-12.672673	-17.631649	0.324097	continued:5	234423788543221666869589841058293256947146341237195864601416477436698628991306797316927419517835903704062369926128505986131086308323707723104885844013406139912331275047936097075338153134536045526602735736187042702500876777949896057387139866447897836135824987201314303393414052441331120493663372214784751984612804307726427834224044196053155721294739338989976961997130604033561470037953461789605691329414855138818218678563218948498653041753573961857564835739617376401872230998128083344303799255347425513476610340847390080141947059473444816358966000874332055039940658215720635816392733353739240282901202784242707254067839658762087654622528876743524998665194185488324753013959170811231184200356038575167906207721211308495133175186485165850822628149461648589167183953256012810548503945017032975724990000835694304387823782550274258452500678345602191094147579842401072431574364123837737390186204481470265529613022530374510446495867040491880955916570442561280684043606359392066629010811993532813174562472968172248426984462248248925928201806371061861215943945873677143671273363947668335232013415699945594883675877387393413311058985669465060917316532519964651114216984305598966088047800033630743406920038571779325106346279970060983085027070172213662974890067947111901425219142335457776470265151000889644531674077094924441583525428816369696318296860925586036017271456757514972725478268666789184117754925026168324007922117257010488251107141966497020181382677152724969978718745262514997229344711893368909327351181313713900599369289379545847960858522037443056777505866140956024560979834881154414172190868432259364431819069722963706795216439622364348844358091644561581270875457898368239717297611927244243801145336353142009798001756140697943969691340532146475568005812928115994021970665077287558512709312893959910479359794408707877011008782650548505741608472286868099136604284645416831339644546757959513829006187452078818311444678245567167449182251853755645466347625529461194720341886723166587663735525736998274763208004608079889303716442473398609842570773601771650186581893599569491675225371696817435733785643875873968310654438040032078493469624978033461421886918548295891242702097488881158479497960678600305022407984904461237921332991441594113488938541679898602533315526433576621187586557497623348573809110190795164307502283077579945651775008526338166207047579836197247180928727594763451048227766255431703127890469913310586532323149997815190608549694232874385535125837384997636129517865100015707647901124467359284582365383335580671772685811605406214039050415610400247848903159023139846867084677873579638012536591201966778933867234477983994781273571683756163997602639911593056720320031233735478569676230457163556582516896956008028331687158363173067840531487557446173498430141229198642412421193500164599403676547039605733573218344368362527551682218507607128795485847174669308477459093339888634775264473926923292725025659788089033896284566537067786371429472341322084204605188748947723667158	234423788543221666869589841058293256947146341237195864601416477436698628991306797316927419517835903704062369926128505986131086308323707723104885844013406139912331275047936097075338153131234016116711701491432265625940816441588332097703628627751311952085943954455548645382492798608667916644772012901191847944804467694528824409829485788038982840360738023483404363341952458958017035660504026326021778548256853019737914270662304886105692451644632071575616142943277753349001574031449118327828014458199590973820921907687586895703369773979920630060731698338128713170762522322389166136415499798253601830014165386905699567666456674873890985414786383225539608689224537771196076791605757782433657966699716220047691286709917193517352955693708391262789580836082752435007685242633961780056109758739234444049833259241323750772243900851990770412915759933595625948753237173792884423174614879071275472166416139782733281860968032635120006474289966164723992536359794263759570773790054296085043958038500691101118192251867457395805487936015212779469881748601393302926958586670823577909620140709644719512743378039625854456167687559907130748503829004296158946904886112020067985686294572909461751441324971985074620209148624442822691761291415386809040515387036421916171534359908914029981741157488358275021101015300912988746439770020541581737816337225043008231234531988451746829601355131546552490469906436850270022455235868081988018869483978897797245298163765990391815453060803072651843548678857262686539046857971968170609224726524032007258426082829972798984764710629469103884357306931858456100299198083723303313169347127730697334732006927735790221217300382899796501542521705519629739463402268636348752387649426394771507200387086531601062843503639365666640052052149361073072794874582245722508450571820944029937594089953131514980631934400911271732041111585294710553801991701055272920335124871523908868217418722718956529883860150992982388603805904316952048995058680959797186290526032086799860956789627281597608170016305629603250565343961518022103492848951439396126672889667339833146743859695839488201727847891805309753376193618566166066028834084164194908251306655563964711571870617340322378653121538014493792860376973137974157576022637847604826312155194463311512468891740304467215936090347138481607267326045039490910583616292796176990591001329513091607735311570584003376793419370427891420726708206407072584925216106620396288725713071876875092376260590694907072076210907759328440594921264225250956396458451273733496653567882602337981154170067704988245472018590851199274638062019711238185794051970310639352938911046317400345303811152241431798477438336985233215231398713644402985897633853560835466148865647978290209190176920889450094669102158424141659113263533079467308153600513463584253525774863481779886764050370448138608274465305259960584335985024343509780661084341363957143996382269076184885632734817160083189496361699948805759303092892818884756179008818315928055277971714214364036664587463447748095693	-2,-6,5,5,-5,-5,-5,-5,-5,-5,-5,-5	5,5,5,-5,-5,-5,-5,-5,-5,-5,-5,-5	ok
1.771772	-12.672673	-17.629001	0.323596	continued:5	234423788543221666869589841058293256947146341237195864601416477436698628991306797316927419517835903704062369926128505986131086308323707723104885844013406139912331275047936097075338153134536045526602735736187042702500876777949896057387139866447897836135824987201314303393414052441331120493663372214784751984612804307726427834224044196053155721294739338989976961997130604033561470037953461789605691329414855138818218678563218948498653041753573961857564835739617376401872230998128083344303799255347425513476610340847390080141947059473444816358966000874332055039940658215720635816392733353739240282901202784242707254067839658762087654622528876743524998665194185488324753013959170811231184200356038575167906207721211308495133175186485165850822628149461648589167183953256012810548503945017032975724990000835694304387823782550274258452500678345602191094147579842401072431574364123837737390186204481470265529613022530374510446495867040491880955916570442561280684043606359392066629010811993532813174562472968172248426984462248248925928201806371061861215943945873677143671273363947668335232013415699945594883675877387393413311058985669465060917316532519964651114216984305598966088047800033630743406920038571779325106346279970060983085027070172213662974890067947111901425219142335457776470265151000889644531674077094924441583525428816369696318296860925586036017271456757514972725478268666789184117754925026168324007922117257010488251107141966497020181382677152724969978718745262514997229344711893368909327351181313713900599369289379545847960858522037443056777505866140956024560979834881154414172190868432259364431819069722963706795216439622364348844358091644561581270875457898368239717297611927244243801145336353142009798001756140697943969691340532146475568005812928115994021970665077287558512709312893959910479359794408707877011008782650548505741608472286868099136604284645416831339644546757959513829006187452078818311444678245567167449182251853755645466347625529461194720341886723166587663735525736998274763208004608079889303716442473398609842570773601771650186581893599569491675225371696817435733785643875873968310654438040032078493469624978033461421886918548295891242702097488881158479497960678600305022407984904461237921332991441594113488938541679898602533315526433576621187586557497623348573809110190795164307502283077579945651775008526338166207047579836197247180928727594763451048227766255431703127890469913310586532323149997815190608549694232874385535125837384997636129517865100015707647901124467359284582365383335580671772685811605406214039050415610400247848903159023139846867084677873579638012536591201966778933867234477983994781273571683756163997602639911593056720320031233735478569676230457163556582516896956008028331687158363173067840531487557446173498430141229198642412421193500164599403676547039605733573218344368362527551682218507607128795485847174669308477459093339888634775264473926923292725025659788089033896284566537067786371429472341322084204605188748947723667158	234423788543221666869589841058293256947146341237195864601416477436698628991306797316927419517835903704062369926128505986131086308323707723104885844013406139912331275047936097075338153131234016116711701491432265625940816441588332097703628627751311952085943954455548645382492798608667916644772012901191847944804467694528824409829485788038982840360738023483404363341952458955110067928170243787308388305605436414789096840112693010893262889540310426019550538079684469572217546824504887123648821245465060581782701461746475844158890108995084951999189569351873765631831087132286614147199138796246027104134022716653324636643193124936044343872737424495970972672939929822891773419584617566233184657473218750237280566993017472268989828037973409731080687508589749401077765870739561966105442604225268751794721442529781362979179346445712115866200959069110030994400423452041899825024920582918924502287731617305972111779145174683694409616668032884969897263781259491734229274450111934385104747017085778790934787828568239397072590628475652519149315477760956963444873175080969116510691399431273649623700153747588931330686005608436573571868770291523528988804669814374530772475665865206993877642619084751782128999188475575815984673508366850699103911845370186420103032743337472752084206918308586593890407312089680548551013668141313836706382210078190305480674941015179553605893678556492917429720825116948621139799537426181472086832540762384162020758951855801995636383789277659499530899631103924249690930111404593468620421055435423587016810195286737477650792227546021471036214418601025608517366754102960008200794562948884905806349257247314545601024294345143687245754338291752708288972362026882209420994781865252243282723132511155174531877666624286900888542173986273845766971540189699928252299878472084801527377046146322788160206892719090003920512308210106325310668718274837329691155755136217617976330748494374590483189307305455949985662475291090486594546997071131739522406076486066275942386575001016378509956476877314527531707507279412083600318681852930279885562044709913115669956387715951154003159615122263497398717944972985465535936602385998679757087117674658024564972348696418583150912665440090824586945378012500026835724142401572545534389478160393414554520723080469447404127341335354809800124918106193240903865309009616116938018088318168090266973665359414455372352516737564431308068985267990545303672234166678500221126662230738031367711004413559254584584044065035097902619569288937872764137394369023790301224709817086956600191323508474874463661454760670792218098781859107166624611604770177516430852111004842426519315118392758464010095558641509730256240370384538600659064826689818354682078280254284423030448568370939579640068685323993879747119069356780204042340710488333035708964728409262284389790571241631645756430819867306412037151826403660116424619548805575036639597283509028318921625723415797708522542643089248127063054475490592314883689104050530518580662600111603847183433574940641526988150	-2,-6,5,5,-5,-5,-5,-5,-5,-5,-5,-5	5,5,-5,-5,-5,-5,-5,-5,-5,-5,-5,-5	ok
1.775776	-12.672673	-17.628124	0.323428	continued:5	234423788543221666869589841058293256947146341237195864601416477436698628991306797316927419517835903704062369926128505986131086308323707723104885844013406139912331275047936097075338153134536045526602735736187042702500876777949896057387139866447897836135824987201314303393414052441331120493663372214784751984612804307726427834224044196053155721294739338989976961997130604033561470037953461789605691329414855138818218678563218948498653041753573961857564835739617376401872230998128083344303799255347425513476610340847390080141947059473444816358966000874332055039940658215720635816392733353739240282901202784242707254067839658762087654622528876743524998665194185488324753013959170811231184200356038575167906207721211308495133175186485165850822628149461648589167183953256012810548503945017032975724990000835694304387823782550274258452500678345602191094147579842401072431574364123837737390186204481470265529613022530374510446495867040491880955916570442561280684043606359392066629010811993532813174562472968172248426984462248248925928201806371061861215943945873677143671273363947668335232013415699945594883675877387393413311058985669465060917316532519964651114216984305598966088047800033630743406920038571779325106346279970060983085027070172213662974890067947111901425219142335457776470265151000889644531674077094924441583525428816369696318296860925586036017271456757514972725478268666789184117754925026168324007922117257010488251107141966497020181382677152724969978718745262514997229344711893368909327351181313713900599369289379545847960858522037443056777505866140956024560979834881154414172190868432259364431819069722963706795216439622364348844358091644561581270875457898368239717297611927244243801145336353142009798001756140697943969691340532146475568005812928115994021970665077287558512709312893959910479359794408707877011008782650548505741608472286868099136604284645416831339644546757959513829006187452078818311444678245567167449182251853755645466347625529461194720341886723166587663735525736998274763208004608079889303716442473398609842570773601771650186581893599569491675225371696817435733785643875873968310654438040032078493469624978033461421886918548295891242702097488881158479497960678600305022407984904461237921332991441594113488938541679898602533315526433576621187586557497623348573809110190795164307502283077579945651775008526338166207047579836197247180928727594763451048227766255431703127890469913310586532323149997815190608549694232874385535125837384997636129517865100015707647901124467359284582365383335580671772685811605406214039050415610400247848903159023139846867084677873579638012536591201966778933867234477983994781273571683756163997602639911593056720320031233735478569676230457163556582516896956008028331687158363173067840531487557446173498430141229198642412421193500164599403676547039605733573218344368362527551682218507607128795485847174669308477459093339888634775264473926923292725025659788089033896284566537067786371429472341322084204605188748947723667158	234423788543221666869589841058293256947146341237195864601416477436698628991306797316927419517835903704062369926128505986131086308323707723104885844013406139912331275047936097075338153131234016116711701491432265625940816441588332097703628627751311952085943954455548645382492798608667916644772012901191847944804467694528824409829485788038982840360738023483404363341952458955110067928170243787308388305605436414789096840112693010893262889540310426019550538079684469572217546824504887123648821245465060581782701461746475844158890108995084951999189569351873765631831087132286614147199138796246027104134022716653324636643193124936044343872737424495970972672939929822891773419584617566233184657473218750237280566993017472268989828037973409731080687508589749401077765870739561966105442604225268751794721442529781362979179346445712115866200959069110030994400423452041899825024920582918924502287731617305972111779145174683694409616668032884969897263781259491734229274450111934385104747017085778790934787828568239397072590628475652519149315477760956963444873175080969116510691399431273649623700153747588931330686005608436573571868770291523528988804669814374530772475665865206993877642619084751782128999188475575815984673508366850699103911845370186420103032743337472752084206918308586593890407312089680548551013668141313836706382210078190305480674941015179553605893678556492917429720825116948621139799537426181472086832540762384162020758951855801995636383789277659499530899631103924249690930111404593468620421055435423587016810195286737477650792227546021471036214418601025608517366754102960008200794562948884905806349257247314545601024294345143687245754338291752708288972362026882209420994781865252243282723132511155174531877666624286900888542173986273845766971540189699928252299878472084801527377046146322788160206892719090003920512308210106325310668718274837329691155755136217617976330748494374590483189307305455949985662475291090486594546997071131739522406076486066275942386575001016378509956476877314527531707507279412083600318681852930279885562044709913115669956387715951154003159615122263497398717944972985465535936602385998679757087117674658024564972348696418583150912665440090824586945378012500026835724142401572545534389478160393414554520723080469447404127341335354809800124918106193240903865309009616116938018088318168090266973665359414455372352516737564431308068985267990545303672234166678500221126662230738031367711004413559254584584044065035097902619569288937872764137394369023790301224709817086956600191323508474874463661454760670792218098781859107166624611604770177516430852111004842426519315118392758464010095558641509730256240370384538600659064826689818354682078280254284423030448568370939579640068685323993879747119069356780204042340710488333035708964728409262284389790571241631645756430819867306412037151826403660116424619548805575036639597283509028318921625723415797708522542643089248127063054475490592314883689104050530518580662600111603847183433574940641526988150	-2,-6,5,5,-5,-5,-5,-5,-5,-5,-5,-5	5,5,-5,-5,-5,-5,-5,-5,-5,-5,-5,-5	ok
1.779780	-12.672673	-17.627243	0.323261	continued:5	234423788543221666869589841058293256947146341237195864601416477436698628991306797316927419517835903704062369926128505986131086308323707723104885844013406139912331275047936097075338153134536045526602735736187042702500876777949896057387139866447897836135824987201314303393414052441331120493663372214784751984612804307726427834224044196053155721294739338989976961997130604033561470037953461789605691329414855138818218678563218948498653041753573961857564835739617376401872230998128083344303799255347425513476610340847390080141947059473444816358966000874332055039940658215720635816392733353739240282901202784242707254067839658762087654622528876743524998665194185488324753013959170811231184200356038575167906207721211308495133175186485165850822628149461648589167183953256012810548503945017032975724990000835694304387823782550274258452500678345602191094147579842401072431574364123837737390186204481470265529613022530374510446495867040491880955916570442561280684043606359392066629010811993532813174562472968172248426984462248248925928201806371061861215943945873677143671273363947668335232013415699945594883675877387393413311058985669465060917316532519964651114216984305598966088047800033630743406920038571779325106346279970060983085027070172213662974890067947111901425219142335457776470265151000889644531674077094924441583525428816369696318296860925586036017271456757514972725478268666789184117754925026168324007922117257010488251107141966497020181382677152724969978718745262514997229344711893368909327351181313713900599369289379545847960858522037443056777505866140956024560979834881154414172190868432259364431819069722963706795216439622364348844358091644561581270875457898368239717297611927244243801145336353142009798001756140697943969691340532146475568005812928115994021970665077287558512709312893959910479359794408707877011008782650548505741608472286868099136604284645416831339644546757959513829006187452078818311444678245567167449182251853755645466347625529461194720341886723166587663735525736998274763208004608079889303716442473398609842570773601771650186581893599569491675225371696817435733785643875873968310654438040032078493469624978033461421886918548295891242702097488881158479497960678600305022407984904461237921332991441594113488938541679898602533315526433576621187586557497623348573809110190795164307502283077579945651775008526338166207047579836197247180928727594763451048227766255431703127890469913310586532323149997815190608549694232874385535125837384997636129517865100015707647901124467359284582365383335580671772685811605406214039050415610400247848903159023139846867084677873579638012536591201966778933867234477983994781273571683756163997602639911593056720320031233735478569676230457163556582516896956008028331687158363173067840531487557446173498430141229198642412421193500164599403676547039605733573218344368362527551682218507607128795485847174669308477459093339888634775264473926923292725025659788089033896284566537067786371429472341322084204605188748947723667158	234423788543221666869589841058293256947146341237195864601416477436698628991306797316927419517835903704062369926128505986131086308323707723104885844013406139912331275047936097075338153131234016116711701491432265625940816441588332097703628627751311952085943954455548645382492798608667916644772012901191847944804467694528824409829485788038982840360738023483404363341952458955110067928170243787308388305605436414789096840112693010893262889540310426019550538079684469572217546824504887123648821245465060581782701461746475844158890108995084951999189569351873765631831087132286614147199138796246027104134022716653324636643193124936044343872737424495970972672939929822891773419584617566233184657473218750237280566993017472268989828037973409731080687508589749401077765870739561966105442604225268751794721442529781362979179346445712115866200959069110030994400423452041899825024920582918924502287731617305972111779145174683694409616668032884969897263781259491734229274450111934385104747017085778790934787828568239397072590628475652519149315477760956963444873175080969116510691399431273649623700153747588931330686005608436573571868770291523528988804669814374530772475665865206993877642619084751782128999188475575815984673508366850699103911845370186420103032743337472752084206918308586593890407312089680548551013668141313836706382210078190305480674941015179553605893678556492917429720825116948621139799537426181472086832540762384162020758951855801995636383789277659499530899631103924249690930111404593468620421055435423587016810195286737477650792227546021471036214418601025608517366754102960008200794562948884905806349257247314545601024294345143687245754338291752708288972362026882209420994781865252243282723132511155174531877666624286900888542173986273845766971540189699928252299878472084801527377046146322788160206892719090003920512308210106325310668718274837329691155755136217617976330748494374590483189307305455949985662475291090486594546997071131739522406076486066275942386575001016378509956476877314527531707507279412083600318681852930279885562044709913115669956387715951154003159615122263497398717944972985465535936602385998679757087117674658024564972348696418583150912665440090824586945378012500026835724142401572545534389478160393414554520723080469447404127341335354809800124918106193240903865309009616116938018088318168090266973665359414455372352516737564431308068985267990545303672234166678500221126662230738031367711004413559254584584044065035097902619569288937872764137394369023790301224709817086956600191323508474874463661454760670792218098781859107166624611604770177516430852111004842426519315118392758464010095558641509730256240370384538600659064826689818354682078280254284423030448568370939579640068685323993879747119069356780204042340710488333035708964728409262284389790571241631645756430819867306412037151826403660116424619548805575036639597283509028318921625723415797708522542643089248127063054475490592314883689104050530518580662600111603847183433574940641526988150	-2,-6,5,5,-5,-5,-5,-5,-5,-5,-5,-5	5,5,-5,-5,-5,-5,-5,-5,-5,-5,-5,-5	ok
1.783784	-12.672673	-17.625269	0.322887	continued:5	234423788543221666869589841058293256947146341237195864601416477436698628991306797316927419517835903704062369926128505986131086308323707723104885844013406139912331275047936097075338153134536045526602735736187042702500876777949896057387139866447897836135824987201314303393414052441331120493663372214784751984612804307726427834224044196053155721294739338989976961997130604033561470037953461789605691329414855138818218678563218948498653041753573961857564835739617376401872230998128083344303799255347425513476610340847390080141947059473444816358966000874332055039940658215720635816392733353739240282901202784242707254067839658762087654622528876743524998665194185488324753013959170811231184200356038575167906207721211308495133175186485165850822628149461648589167183953256012810548503945017032975724990000835694304387823782550274258452500678345602191094147579842401072431574364123837737390186204481470265529613022530374510446495867040491880955916570442561280684043606359392066629010811993532813174562472968172248426984462248248925928201806371061861215943945873677143671273363947668335232013415699945594883675877387393413311058985669465060917316532519964651114216984305598966088047800033630743406920038571779325106346279970060983085027070172213662974890067947111901425219142335457776470265151000889644531674077094924441583525428816369696318296860925586036017271456757514972725478268666789184117754925026168324007922117257010488251107141966497020181382677152724969978718745262514997229344711893368909327351181313713900599369289379545847960858522037443056777505866140956024560979834881154414172190868432259364431819069722963706795216439622364348844358091644561581270875457898368239717297611927244243801145336353142009798001756140697943969691340532146475568005812928115994021970665077287558512709312893959910479359794408707877011008782650548505741608472286868099136604284645416831339644546757959513829006187452078818311444678245567167449182251853755645466347625529461194720341886723166587663735525736998274763208004608079889303716442473398609842570773601771650186581893599569491675225371696817435733785643875873968310654438040032078493469624978033461421886918548295891242702097488881158479497960678600305022407984904461237921332991441594113488938541679898602533315526433576621187586557497623348573809110190795164307502283077579945651775008526338166207047579836197247180928727594763451048227766255431703127890469913310586532323149997815190608549694232874385535125837384997636129517865100015707647901124467359284582365383335580671772685811605406214039050415610400247848903159023139846867084677873579638012536591201966778933867234477983994781273571683756163997602639911593056720320031233735478569676230457163556582516896956008028331687158363173067840531487557446173498430141229198642412421193500164599403676547039605733573218344368362527551682218507607128795485847174669308477459093339888634775264473926923292725025659788089033896284566537067786371429472341322084204605188748947723667158	234423788543221666869589841058293256947146341237195864601416477436698628991306797316927419517835903704062369926128505986131086308323707723104885844013406139912331275047936097075338153131234016116711701491432265625940816441588332097703628627751311952085943954455548645382492798608667916644772012901191847944804467694528824409829485788038982840360738023483404363341952458955110067928170243787308388305605436414789096840112693010893262889540310426019550538079684469572217546824504887123648821245465060581782701461746475844158890108995084951999189569351873765631831087132286614147199138796246027104134022716653324636643193124936044343872737424495970972672939929822891773419584617566233184657473218750237280566993017472268989828037973409731080687508589749401077765870739561966105442604225268751794721442529781362979179346445712115866200959069110030994400423452041899825024920582918924502287731617305972111779145174683694409616668032884969897263781259491734229274450111934385104747017085778790934787828568239397072590628475652519149315477760956963444873175080969116510691399431273649623700153747588931330686005608436573571868770291523528988804669814374530772475665865206993877642619084751782128999188475575815984673508366850699103911845370186420103032743337472752084206918308586593890407312089680548551013668141313836706382210078190305480674941015179553605893678556492917429720825116948621139799537426181472086832540762384162020758951855801995636383789277659499530899631103924249690930111404593468620421055435423587016810195286737477650792227546021471036214418601025608517366754102960008200794562948884905806349257247314545601024294345143687245754338291752708288972362026882209420994781865252243282723132511155174531877666624286900888542173986273845766971540189699928252299878472084801527377046146322788160206892719090003920512308210106325310668718274837329691155755136217617976330748494374590483189307305455949985662475291090486594546997071131739522406076486066275942386575001016378509956476877314527531707507279412083600318681852930279885562044709913115669956387715951154003159615122263497398717944972985465535936602385998679757087117674658024564972348696418583150912665440090824586945378012500026835724142401572545534389478160393414554520723080469447404127341335354809800124918106193240903865309009616116938018088318168090266973665359414455372352516737564431308068985267990545303672234166678500221126662230738031367711004413559254584584044065035097902619569288937872764137394369023790301224709817086956600191323508474874463661454760670792218098781859107166624611604770177516430852111004842426519315118392758464010095558641509730256240370384538600659064826689818354682078280254284423030448568370939579640068685323993879747119069356780204042340710488333035708964728409262284389790571241631645756430819867306412037151826403660116424619548805575036639597283509028318921625723415797708522542643089248127063054475490592314883689104050530518580662600111603847183433574940641526988150	-2,-6,5,5,-5,-5,-5,-5,-5,-5,-5,-5	5,5,-5,-5,-5,-5,-5,-5,-5,-5,-5,-5	ok
1.787788	-12.672673	-17.624388	0.322720	continued:5	234423788543221666869589841058293256947146341237195864601416477436698628991306797316927419517835903704062369926128505986131086308323707723104885844013406139912331275047936097075338153134536045526602735736187042702500876777949896057387139866447897836135824987201314303393414052441331120493663372214784751984612804307726427834224044196053155721294739338989976961997130604033561470037953461789605691329414855138818218678563218948498653041753573961857564835739617376401872230998128083344303799255347425513476610340847390080141947059473444816358966000874332055039940658215720635816392733353739240282901202784242707254067839658762087654622528876743524998665194185488324753013959170811231184200356038575167906207721211308495133175186485165850822628149461648589167183953256012810548503945017032975724990000835694304387823782550274258452500678345602191094147579842401072431574364123837737390186204481470265529613022530374510446495867040491880955916570442561280684043606359392066629010811993532813174562472968172248426984462248248925928201806371061861215943945873677143671273363947668335232013415699945594883675877387393413311058985669465060917316532519964651114216984305598966088047800033630743406920038571779325106346279970060983085027070172213662974890067947111901425219142335457776470265151000889644531674077094924441583525428816369696318296860925586036017271456757514972725478268666789184117754925026168324007922117257010488251107141966497020181382677152724969978718745262514997229344711893368909327351181313713900599369289379545847960858522037443056777505866140956024560979834881154414172190868432259364431819069722963706795216439622364348844358091644561581270875457898368239717297611927244243801145336353142009798001756140697943969691340532146475568005812928115994021970665077287558512709312893959910479359794408707877011008782650548505741608472286868099136604284645416831339644546757959513829006187452078818311444678245567167449182251853755645466347625529461194720341886723166587663735525736998274763208004608079889303716442473398609842570773601771650186581893599569491675225371696817435733785643875873968310654438040032078493469624978033461421886918548295891242702097488881158479497960678600305022407984904461237921332991441594113488938541679898602533315526433576621187586557497623348573809110190795164307502283077579945651775008526338166207047579836197247180928727594763451048227766255431703127890469913310586532323149997815190608549694232874385535125837384997636129517865100015707647901124467359284582365383335580671772685811605406214039050415610400247848903159023139846867084677873579638012536591201966778933867234477983994781273571683756163997602639911593056720320031233735478569676230457163556582516896956008028331687158363173067840531487557446173498430141229198642412421193500164599403676547039605733573218344368362527551682218507607128795485847174669308477459093339888634775264473926923292725025659788089033896284566537067786371429472341322084204605188748947723667158	234423788543221666869589841058293256947146341237195864601416477436698628991306797316927419517835903704062369926128505986131086308323707723104885844013406139912331275047936097075338153131234016116711701491432265625940816441588332097703628627751311952085943954455548645382492798608667916644772012901191847944804467694528824409829485788038982840360738023483404363341952458955110067928170243787308388305605436414789096840112693010893262889540310426019550538079684469572217546824504887123648821245465060581782701461746475844158890108995084951999189569351873765631831087132286614147199138796246027104134022716653324636643193124936044343872737424495970972672939929822891773419584617566233184657473218750237280566993017472268989828037973409731080687508589749401077765870739561966105442604225268751794721442529781362979179346445712115866200959069110030994400423452041899825024920582918924502287731617305972111779145174683694409616668032884969897263781259491734229274450111934385104747017085778790934787828568239397072590628475652519149315477760956963444873175080969116510691399431273649623700153747588931330686005608436573571868770291523528988804669814374530772475665865206993877642619084751782128999188475575815984673508366850699103911845370186420103032743337472752084206918308586593890407312089680548551013668141313836706382210078190305480674941015179553605893678556492917429720825116948621139799537426181472086832540762384162020758951855801995636383789277659499530899631103924249690930111404593468620421055435423587016810195286737477650792227546021471036214418601025608517366754102960008200794562948884905806349257247314545601024294345143687245754338291752708288972362026882209420994781865252243282723132511155174531877666624286900888542173986273845766971540189699928252299878472084801527377046146322788160206892719090003920512308210106325310668718274837329691155755136217617976330748494374590483189307305455949985662475291090486594546997071131739522406076486066275942386575001016378509956476877314527531707507279412083600318681852930279885562044709913115669956387715951154003159615122263497398717944972985465535936602385998679757087117674658024564972348696418583150912665440090824586945378012500026835724142401572545534389478160393414554520723080469447404127341335354809800124918106193240903865309009616116938018088318168090266973665359414455372352516737564431308068985267990545303672234166678500221126662230738031367711004413559254584584044065035097902619569288937872764137394369023790301224709817086956600191323508474874463661454760670792218098781859107166624611604770177516430852111004842426519315118392758464010095558641509730256240370384538600659064826689818354682078280254284423030448568370939579640068685323993879747119069356780204042340710488333035708964728409262284389790571241631645756430819867306412037151826403660116424619548805575036639597283509028318921625723415797708522542643089248127063054475490592314883689104050530518580662600111603847183433574940641526988150	-2,-6,5,5,-5,-5,-5,-5,-5,-5,-5,-5	5,5,-5,-5,-5,-5,-5,-5,-5,-5,-5,-5	ok
1.791792	-12.672673	-17.622408	0.322346	continued:5	234423788543221666869589841058293256947146341237195864601416477436698628991306797316927419517835903704062369926128505986131086308323707723104885844013406139912331275047936097075338153134536045526602735736187042702500876777949896057387139866447897836135824987201314303393414052441331120493663372214784751984612804307726427834224044196053155721294739338989976961997130604033561470037953461789605691329414855138818218678563218948498653041753573961857564835739617376401872230998128083344303799255347425513476610340847390080141947059473444816358966000874332055039940658215720635816392733353739240282901202784242707254067839658762087654622528876743524998665194185488324753013959170811231184200356038575167906207721211308495133175186485165850822628149461648589167183953256012810548503945017032975724990000835694304387823782550274258452500678345602191094147579842401072431574364123837737390186204481470265529613022530374510446495867040491880955916570442561280684043606359392066629010811993532813174562472968172248426984462248248925928201806371061861215943945873677143671273363947668335232013415699945594883675877387393413311058985669465060917316532519964651114216984305598966088047800033630743406920038571779325106346279970060983085027070172213662974890067947111901425219142335457776470265151000889644531674077094924441583525428816369696318296860925586036017271456757514972725478268666789184117754925026168324007922117257010488251107141966497020181382677152724969978718745262514997229344711893368909327351181313713900599369289379545847960858522037443056777505866140956024560979834881154414172190868432259364431819069722963706795216439622364348844358091644561581270875457898368239717297611927244243801145336353142009798001756140697943969691340532146475568005812928115994021970665077287558512709312893959910479359794408707877011008782650548505741608472286868099136604284645416831339644546757959513829006187452078818311444678245567167449182251853755645466347625529461194720341886723166587663735525736998274763208004608079889303716442473398609842570773601771650186581893599569491675225371696817435733785643875873968310654438040032078493469624978033461421886918548295891242702097488881158479497960678600305022407984904461237921332991441594113488938541679898602533315526433576621187586557497623348573809110190795164307502283077579945651775008526338166207047579836197247180928727594763451048227766255431703127890469913310586532323149997815190608549694232874385535125837384997636129517865100015707647901124467359284582365383335580671772685811605406214039050415610400247848903159023139846867084677873579638012536591201966778933867234477983994781273571683756163997602639911593056720320031233735478569676230457163556582516896956008028331687158363173067840531487557446173498430141229198642412421193500164599403676547039605733573218344368362527551682218507607128795485847174669308477459093339888634775264473926923292725025659788089033896284566537067786371429472341322084204605188748947723667158	234423788543221666869589841058293256947146341237195864601416477436698628991306797316927419517835903704062369926128505986131086308323707723104885844013406139912331275047936097075338153131234016116711701491432265625940816441588332097703628627751311952085943954455548645382492798608667916644772012901191847944804467694528824409829485788038982840360738023483404363341952458955110067928170243787308388305605436414789096840112693010893262889540310426019550538079684469572217546824504887123648821245465060581782701461746475844158890108995084951999189569351873765631831087132286614147199138796246027104134022716653324636643193124936044343872737424495970972672939929822891773419584617566233184657473218750237280566993017472268989828037973409731080687508589749401077765870739561966105442604225268751794721442529781362979179346445712115866200959069110030994400423452041899825024920582918924502287731617305972111779145174683694409616668032884969897263781259491734229274450111934385104747017085778790934787828568239397072590628475652519149315477760956963444873175080969116510691399431273649623700153747588931330686005608436573571868770291523528988804669814374530772475665865206993877642619084751782128999188475575815984673508366850699103911845370186420103032743337472752084206918308586593890407312089680548551013668141313836706382210078190305480674941015179553605893678556492917429720825116948621139799537426181472086832540762384162020758951855801995636383789277659499530899631103924249690930111404593468620421055435423587016810195286737477650792227546021471036214418601025608517366754102960008200794562948884905806349257247314545601024294345143687245754338291752708288972362026882209420994781865252243282723132511155174531877666624286900888542173986273845766971540189699928252299878472084801527377046146322788160206892719090003920512308210106325310668718274837329691155755136217617976330748494374590483189307305455949985662475291090486594546997071131739522406076486066275942386575001016378509956476877314527531707507279412083600318681852930279885562044709913115669956387715951154003159615122263497398717944972985465535936602385998679757087117674658024564972348696418583150912665440090824586945378012500026835724142401572545534389478160393414554520723080469447404127341335354809800124918106193240903865309009616116938018088318168090266973665359414455372352516737564431308068985267990545303672234166678500221126662230738031367711004413559254584584044065035097902619569288937872764137394369023790301224709817086956600191323508474874463661454760670792218098781859107166624611604770177516430852111004842426519315118392758464010095558641509730256240370384538600659064826689818354682078280254284423030448568370939579640068685323993879747119069356780204042340710488333035708964728409262284389790571241631645756430819867306412037151826403660116424619548805575036639597283509028318921625723415797708522542643089248127063054475490592314883689104050530518580662600111603847183433574940641526988150	-2,-6,5,5,-5,-5,-5,-5,-5,-5,-5,-5	5,5,-5,-5,-5,-5,-5,-5,-5,-5,-5,-5	ok
1.795796	-12.672673	-17.620430	0.321972	continued:5	234423788543221666869589841058293256947146341237195864601416477436698628991306797316927419517835903704062369926128505986131086308323707723104885844013406139912331275047936097075338153134536045526602735736187042702500876777949896057387139866447897836135824987201314303393414052441331120493663372214784751984612804307726427834224044196053155721294739338989976961997130604033561470037953461789605691329414855138818218678563218948498653041753573961857564835739617376401872230998128083344303799255347425513476610340847390080141947059473444816358966000874332055039940658215720635816392733353739240282901202784242707254067839658762087654622528876743524998665194185488324753013959170811231184200356038575167906207721211308495133175186485165850822628149461648589167183953256012810548503945017032975724990000835694304387823782550274258452500678345602191094147579842401072431574364123837737390186204481470265529613022530374510446495867040491880955916570442561280684043606359392066629010811993532813174562472968172248426984462248248925928201806371061861215943945873677143671273363947668335232013415699945594883675877387393413311058985669465060917316532519964651114216984305598966088047800033630743406920038571779325106346279970060983085027070172213662974890067947111901425219142335457776470265151000889644531674077094924441583525428816369696318296860925586036017271456757514972725478268666789184117754925026168324007922117257010488251107141966497020181382677152724969978718745262514997229344711893368909327351181313713900599369289379545847960858522037443056777505866140956024560979834881154414172190868432259364431819069722963706795216439622364348844358091644561581270875457898368239717297611927244243801145336353142009798001756140697943969691340532146475568005812928115994021970665077287558512709312893959910479359794408707877011008782650548505741608472286868099136604284645416831339644546757959513829006187452078818311444678245567167449182251853755645466347625529461194720341886723166587663735525736998274763208004608079889303716442473398609842570773601771650186581893599569491675225371696817435733785643875873968310654438040032078493469624978033461421886918548295891242702097488881158479497960678600305022407984904461237921332991441594113488938541679898602533315526433576621187586557497623348573809110190795164307502283077579945651775008526338166207047579836197247180928727594763451048227766255431703127890469913310586532323149997815190608549694232874385535125837384997636129517865100015707647901124467359284582365383335580671772685811605406214039050415610400247848903159023139846867084677873579638012536591201966778933867234477983994781273571683756163997602639911593056720320031233735478569676230457163556582516896956008028331687158363173067840531487557446173498430141229198642412421193500164599403676547039605733573218344368362527551682218507607128795485847174669308477459093339888634775264473926923292725025659788089033896284566537067786371429472341322084204605188748947723667158	234423788543221666869589841058293256947146341237195864601416477436698628991306797316927419517835903704062369926128505986131086308323707723104885844013406139912331275047936097075338153131234016116711701491432265625940816441588332097703628627751311952085943954455548645382492798608667916644772012901191847944804467694528824409829485788038982840360738023483404363341952458955110067928170243787308388305605436414789096840112693010893262889540310426019550538079684469572217546824504887123648821245465060581782701461746475844158890108995084951999189569351873765631831087132286614147199138796246027104134022716653324636643193124936044343872737424495970972672939929822891773419584617566233184657473218750237280566993017472268989828037973409731080687508589749401077765870739561966105442604225268751794721442529781362979179346445712115866200959069110030994400423452041899825024920582918924502287731617305972111779145174683694409616668032884969897263781259491734229274450111934385104747017085778790934787828568239397072590628475652519149315477760956963444873175080969116510691399431273649623700153747588931330686005608436573571868770291523528988804669814374530772475665865206993877642619084751782128999188475575815984673508366850699103911845370186420103032743337472752084206918308586593890407312089680548551013668141313836706382210078190305480674941015179553605893678556492917429720825116948621139799537426181472086832540762384162020758951855801995636383789277659499530899631103924249690930111404593468620421055435423587016810195286737477650792227546021471036214418601025608517366754102960008200794562948884905806349257247314545601024294345143687245754338291752708288972362026882209420994781865252243282723132511155174531877666624286900888542173986273845766971540189699928252299878472084801527377046146322788160206892719090003920512308210106325310668718274837329691155755136217617976330748494374590483189307305455949985662475291090486594546997071131739522406076486066275942386575001016378509956476877314527531707507279412083600318681852930279885562044709913115669956387715951154003159615122263497398717944972985465535936602385998679757087117674658024564972348696418583150912665440090824586945378012500026835724142401572545534389478160393414554520723080469447404127341335354809800124918106193240903865309009616116938018088318168090266973665359414455372352516737564431308068985267990545303672234166678500221126662230738031367711004413559254584584044065035097902619569288937872764137394369023790301224709817086956600191323508474874463661454760670792218098781859107166624611604770177516430852111004842426519315118392758464010095558641509730256240370384538600659064826689818354682078280254284423030448568370939579640068685323993879747119069356780204042340710488333035708964728409262284389790571241631645756430819867306412037151826403660116424619548805575036639597283509028318921625723415797708522542643089248127063054475490592314883689104050530518580662600111603847183433574940641526988150	-2,-6,5,5,-5,-5,-5,-5,-5,-5,-5,-5	5,5,-5,-5,-5,-5,-5,-5,-5,-5,-5,-5	ok
1.799800	-12.672673	-17.619547	0.321805	continued:5	234423788543221666869589841058293256947146341237195864601416477436698628991306797316927419517835903704062369926128505986131086308323707723104885844013406139912331275047936097075338153134536045526602735736187042702500876777949896057387139866447897836135824987201314303393414052441331120493663372214784751984612804307726427834224044196053155721294739338989976961997130604033561470037953461789605691329414855138818218678563218948498653041753573961857564835739617376401872230998128083344303799255347425513476610340847390080141947059473444816358966000874332055039940658215720635816392733353739240282901202784242707254067839658762087654622528876743524998665194185488324753013959170811231184200356038575167906207721211308495133175186485165850822628149461648589167183953256012810548503945017032975724990000835694304387823782550274258452500678345602191094147579842401072431574364123837737390186204481470265529613022530374510446495867040491880955916570442561280684043606359392066629010811993532813174562472968172248426984462248248925928201806371061861215943945873677143671273363947668335232013415699945594883675877387393413311058985669465060917316532519964651114216984305598966088047800033630743406920038571779325106346279970060983085027070172213662974890067947111901425219142335457776470265151000889644531674077094924441583525428816369696318296860925586036017271456757514972725478268666789184117754925026168324007922117257010488251107141966497020181382677152724969978718745262514997229344711893368909327351181313713900599369289379545847960858522037443056777505866140956024560979834881154414172190868432259364431819069722963706795216439622364348844358091644561581270875457898368239717297611927244243801145336353142009798001756140697943969691340532146475568005812928115994021970665077287558512709312893959910479359794408707877011008782650548505741608472286868099136604284645416831339644546757959513829006187452078818311444678245567167449182251853755645466347625529461194720341886723166587663735525736998274763208004608079889303716442473398609842570773601771650186581893599569491675225371696817435733785643875873968310654438040032078493469624978033461421886918548295891242702097488881158479497960678600305022407984904461237921332991441594113488938541679898602533315526433576621187586557497623348573809110190795164307502283077579945651775008526338166207047579836197247180928727594763451048227766255431703127890469913310586532323149997815190608549694232874385535125837384997636129517865100015707647901124467359284582365383335580671772685811605406214039050415610400247848903159023139846867084677873579638012536591201966778933867234477983994781273571683756163997602639911593056720320031233735478569676230457163556582516896956008028331687158363173067840531487557446173498430141229198642412421193500164599403676547039605733573218344368362527551682218507607128795485847174669308477459093339888634775264473926923292725025659788089033896284566537067786371429472341322084204605188748947723667158	234423788543221666869589841058293256947146341237195864601416477436698628991306797316927419517835903704062369926128505986131086308323707723104885844013406139912331275047936097075338153131234016116711701491432265625940816441588332097703628627751311952085943954455548645382492798608667916644772012901191847944804467694528824409829485788038982840360738023483404363341952458955110067928170243787308388305605436414789096840112693010893262889540310426019550538079684469572217546824504887123648821245465060581782701461746475844158890108995084951999189569351873765631831087132286614147199138796246027104134022716653324636643193124936044343872737424495970972672939929822891773419584617566233184657473218750237280566993017472268989828037973409731080687508589749401077765870739561966105442604225268751794721442529781362979179346445712115866200959069110030994400423452041899825024920582918924502287731617305972111779145174683694409616668032884969897263781259491734229274450111934385104747017085778790934787828568239397072590628475652519149315477760956963444873175080969116510691399431273649623700153747588931330686005608436573571868770291523528988804669814374530772475665865206993877642619084751782128999188475575815984673508366850699103911845370186420103032743337472752084206918308586593890407312089680548551013668141313836706382210078190305480674941015179553605893678556492917429720825116948621139799537426181472086832540762384162020758951855801995636383789277659499530899631103924249690930111404593468620421055435423587016810195286737477650792227546021471036214418601025608517366754102960008200794562948884905806349257247314545601024294345143687245754338291752708288972362026882209420994781865252243282723132511155174531877666624286900888542173986273845766971540189699928252299878472084801527377046146322788160206892719090003920512308210106325310668718274837329691155755136217617976330748494374590483189307305455949985662475291090486594546997071131739522406076486066275942386575001016378509956476877314527531707507279412083600318681852930279885562044709913115669956387715951154003159615122263497398717944972985465535936602385998679757087117674658024564972348696418583150912665440090824586945378012500026835724142401572545534389478160393414554520723080469447404127341335354809800124918106193240903865309009616116938018088318168090266973665359414455372352516737564431308068985267990545303672234166678500221126662230738031367711004413559254584584044065035097902619569288937872764137394369023790301224709817086956600191323508474874463661454760670792218098781859107166624611604770177516430852111004842426519315118392758464010095558641509730256240370384538600659064826689818354682078280254284423030448568370939579640068685323993879747119069356780204042340710488333035708964728409262284389790571241631645756430819867306412037151826403660116424619548805575036639597283509028318921625723415797708522542643089248127063054475490592314883689104050530518580662600111603847183433574940641526988150	-2,-6,5,5,-5,-5,-5,-5,-5,-5,-5,-5	5,5,-5,-5,-5,-5,-5,-5,-5,-5,-5,-5	ok
1.803804	-12.672673	-17.617567	0.321431	continued:5	234423788543221666869589841058293256947146341237195864601416477436698628991306797316927419517835903704062369926128505986131086308323707723104885844013406139912331275047936097075338153134536045526602735736187042702500876777949896057387139866447897836135824987201314303393414052441331120493663372214784751984612804307726427834224044196053155721294739338989976961997130604033561470037953461789605691329414855138818218678563218948498653041753573961857564835739617376401872230998128083344303799255347425513476610340847390080141947059473444816358966000874332055039940658215720635816392733353739240282901202784242707254067839658762087654622528876743524998665194185488324753013959170811231184200356038575167906207721211308495133175186485165850822628149461648589167183953256012810548503945017032975724990000835694304387823782550274258452500678345602191094147579842401072431574364123837737390186204481470265529613022530374510446495867040491880955916570442561280684043606359392066629010811993532813174562472968172248426984462248248925928201806371061861215943945873677143671273363947668335232013415699945594883675877387393413311058985669465060917316532519964651114216984305598966088047800033630743406920038571779325106346279970060983085027070172213662974890067947111901425219142335457776470265151000889644531674077094924441583525428816369696318296860925586036017271456757514972725478268666789184117754925026168324007922117257010488251107141966497020181382677152724969978718745262514997229344711893368909327351181313713900599369289379545847960858522037443056777505866140956024560979834881154414172190868432259364431819069722963706795216439622364348844358091644561581270875457898368239717297611927244243801145336353142009798001756140697943969691340532146475568005812928115994021970665077287558512709312893959910479359794408707877011008782650548505741608472286868099136604284645416831339644546757959513829006187452078818311444678245567167449182251853755645466347625529461194720341886723166587663735525736998274763208004608079889303716442473398609842570773601771650186581893599569491675225371696817435733785643875873968310654438040032078493469624978033461421886918548295891242702097488881158479497960678600305022407984904461237921332991441594113488938541679898602533315526433576621187586557497623348573809110190795164307502283077579945651775008526338166207047579836197247180928727594763451048227766255431703127890469913310586532323149997815190608549694232874385535125837384997636129517865100015707647901124467359284582365383335580671772685811605406214039050415610400247848903159023139846867084677873579638012536591201966778933867234477983994781273571683756163997602639911593056720320031233735478569676230457163556582516896956008028331687158363173067840531487557446173498430141229198642412421193500164599403676547039605733573218344368362527551682218507607128795485847174669308477459093339888634775264473926923292725025659788089033896284566537067786371429472341322084204605188748947723667158	234423788543221666869589841058293256947146341237195864601416477436698628991306797316927419517835903704062369926128505986131086308323707723104885844013406139912331275047936097075338153131234016116711701491432265625940816441588332097703628627751311952085943954455548645382492798608667916644772012901191847944804467694528824409829485788038982840360738023483404363341952458955110067928170243787308388305605436414789096840112693010893262889540310426019550538079684469572217546824504887123648821245465060581782701461746475844158890108995084951999189569351873765631831087132286614147199138796246027104134022716653324636643193124936044343872737424495970972672939929822891773419584617566233184657473218750237280566993017472268989828037973409731080687508589749401077765870739561966105442604225268751794721442529781362979179346445712115866200959069110030994400423452041899825024920582918924502287731617305972111779145174683694409616668032884969897263781259491734229274450111934385104747017085778790934787828568239397072590628475652519149315477760956963444873175080969116510691399431273649623700153747588931330686005608436573571868770291523528988804669814374530772475665865206993877642619084751782128999188475575815984673508366850699103911845370186420103032743337472752084206918308586593890407312089680548551013668141313836706382210078190305480674941015179553605893678556492917429720825116948621139799537426181472086832540762384162020758951855801995636383789277659499530899631103924249690930111404593468620421055435423587016810195286737477650792227546021471036214418601025608517366754102960008200794562948884905806349257247314545601024294345143687245754338291752708288972362026882209420994781865252243282723132511155174531877666624286900888542173986273845766971540189699928252299878472084801527377046146322788160206892719090003920512308210106325310668718274837329691155755136217617976330748494374590483189307305455949985662475291090486594546997071131739522406076486066275942386575001016378509956476877314527531707507279412083600318681852930279885562044709913115669956387715951154003159615122263497398717944972985465535936602385998679757087117674658024564972348696418583150912665440090824586945378012500026835724142401572545534389478160393414554520723080469447404127341335354809800124918106193240903865309009616116938018088318168090266973665359414455372352516737564431308068985267990545303672234166678500221126662230738031367711004413559254584584044065035097902619569288937872764137394369023790301224709817086956600191323508474874463661454760670792218098781859107166624611604770177516430852111004842426519315118392758464010095558641509730256240370384538600659064826689818354682078280254284423030448568370939579640068685323993879747119069356780204042340710488333035708964728409262284389790571241631645756430819867306412037151826403660116424619548805575036639597283509028318921625723415797708522542643089248127063054475490592314883689104050530518580662600111603847183433574940641526988150	-2,-6,5,5,-5,-5,-5,-5,-5,-5,-5,-5	5,5,-5,-5,-5,-5,-5,-5,-5,-5,-5,-5	ok
1.807808	-12.672673	-17.616683	0.321264	continued:5	234423788543221666869589841058293256947146341237195864601416477436698628991306797316927419517835903704062369926128505986131086308323707723104885844013406139912331275047936097075338153134536045526602735736187042702500876777949896057387139866447897836135824987201314303393414052441331120493663372214784751984612804307726427834224044196053155721294739338989976961997130604033561470037953461789605691329414855138818218678563218948498653041753573961857564835739617376401872230998128083344303799255347425513476610340847390080141947059473444816358966000874332055039940658215720635816392733353739240282901202784242707254067839658762087654622528876743524998665194185488324753013959170811231184200356038575167906207721211308495133175186485165850822628149461648589167183953256012810548503945017032975724990000835694304387823782550274258452500678345602191094147579842401072431574364123837737390186204481470265529613022530374510446495867040491880955916570442561280684043606359392066629010811993532813174562472968172248426984462248248925928201806371061861215943945873677143671273363947668335232013415699945594883675877387393413311058985669465060917316532519964651114216984305598966088047800033630743406920038571779325106346279970060983085027070172213662974890067947111901425219142335457776470265151000889644531674077094924441583525428816369696318296860925586036017271456757514972725478268666789184117754925026168324007922117257010488251107141966497020181382677152724969978718745262514997229344711893368909327351181313713900599369289379545847960858522037443056777505866140956024560979834881154414172190868432259364431819069722963706795216439622364348844358091644561581270875457898368239717297611927244243801145336353142009798001756140697943969691340532146475568005812928115994021970665077287558512709312893959910479359794408707877011008782650548505741608472286868099136604284645416831339644546757959513829006187452078818311444678245567167449182251853755645466347625529461194720341886723166587663735525736998274763208004608079889303716442473398609842570773601771650186581893599569491675225371696817435733785643875873968310654438040032078493469624978033461421886918548295891242702097488881158479497960678600305022407984904461237921332991441594113488938541679898602533315526433576621187586557497623348573809110190795164307502283077579945651775008526338166207047579836197247180928727594763451048227766255431703127890469913310586532323149997815190608549694232874385535125837384997636129517865100015707647901124467359284582365383335580671772685811605406214039050415610400247848903159023139846867084677873579638012536591201966778933867234477983994781273571683756163997602639911593056720320031233735478569676230457163556582516896956008028331687158363173067840531487557446173498430141229198642412421193500164599403676547039605733573218344368362527551682218507607128795485847174669308477459093339888634775264473926923292725025659788089033896284566537067786371429472341322084204605188748947723667158	234423788543221666869589841058293256947146341237195864601416477436698628991306797316927419517835903704062369926128505986131086308323707723104885844013406139912331275047936097075338153131234016116711701491432265625940816441588332097703628627751311952085943954455548645382492798608667916644772012901191847944804467694528824409829485788038982840360738023483404363341952458955110067928170243787308388305605436414789096840112693010893262889540310426019550538079684469572217546824504887123648821245465060581782701461746475844158890108995084951999189569351873765631831087132286614147199138796246027104134022716653324636643193124936044343872737424495970972672939929822891773419584617566233184657473218750237280566993017472268989828037973409731080687508589749401077765870739561966105442604225268751794721442529781362979179346445712115866200959069110030994400423452041899825024920582918924502287731617305972111779145174683694409616668032884969897263781259491734229274450111934385104747017085778790934787828568239397072590628475652519149315477760956963444873175080969116510691399431273649623700153747588931330686005608436573571868770291523528988804669814374530772475665865206993877642619084751782128999188475575815984673508366850699103911845370186420103032743337472752084206918308586593890407312089680548551013668141313836706382210078190305480674941015179553605893678556492917429720825116948621139799537426181472086832540762384162020758951855801995636383789277659499530899631103924249690930111404593468620421055435423587016810195286737477650792227546021471036214418601025608517366754102960008200794562948884905806349257247314545601024294345143687245754338291752708288972362026882209420994781865252243282723132511155174531877666624286900888542173986273845766971540189699928252299878472084801527377046146322788160206892719090003920512308210106325310668718274837329691155755136217617976330748494374590483189307305455949985662475291090486594546997071131739522406076486066275942386575001016378509956476877314527531707507279412083600318681852930279885562044709913115669956387715951154003159615122263497398717944972985465535936602385998679757087117674658024564972348696418583150912665440090824586945378012500026835724142401572545534389478160393414554520723080469447404127341335354809800124918106193240903865309009616116938018088318168090266973665359414455372352516737564431308068985267990545303672234166678500221126662230738031367711004413559254584584044065035097902619569288937872764137394369023790301224709817086956600191323508474874463661454760670792218098781859107166624611604770177516430852111004842426519315118392758464010095558641509730256240370384538600659064826689818354682078280254284423030448568370939579640068685323993879747119069356780204042340710488333035708964728409262284389790571241631645756430819867306412037151826403660116424619548805575036639597283509028318921625723415797708522542643089248127063054475490592314883689104050530518580662600111603847183433574940641526988150	-2,-6,5,5,-5,-5,-5,-5,-5,-5,-5,-5	5,5,-5,-5,-5,-5,-5,-5,-5,-5,-5,-5	ok
1.811812	-12.672673	-17.614701	0.320890	continued:5	234423788543221666869589841058293256947146341237195864601416477436698628991306797316927419517835903704062369926128505986131086308323707723104885844013406139912331275047936097075338153134536045526602735736187042702500876777949896057387139866447897836135824987201314303393414052441331120493663372214784751984612804307726427834224044196053155721294739338989976961997130604033561470037953461789605691329414855138818218678563218948498653041753573961857564835739617376401872230998128083344303799255347425513476610340847390080141947059473444816358966000874332055039940658215720635816392733353739240282901202784242707254067839658762087654622528876743524998665194185488324753013959170811231184200356038575167906207721211308495133175186485165850822628149461648589167183953256012810548503945017032975724990000835694304387823782550274258452500678345602191094147579842401072431574364123837737390186204481470265529613022530374510446495867040491880955916570442561280684043606359392066629010811993532813174562472968172248426984462248248925928201806371061861215943945873677143671273363947668335232013415699945594883675877387393413311058985669465060917316532519964651114216984305598966088047800033630743406920038571779325106346279970060983085027070172213662974890067947111901425219142335457776470265151000889644531674077094924441583525428816369696318296860925586036017271456757514972725478268666789184117754925026168324007922117257010488251107141966497020181382677152724969978718745262514997229344711893368909327351181313713900599369289379545847960858522037443056777505866140956024560979834881154414172190868432259364431819069722963706795216439622364348844358091644561581270875457898368239717297611927244243801145336353142009798001756140697943969691340532146475568005812928115994021970665077287558512709312893959910479359794408707877011008782650548505741608472286868099136604284645416831339644546757959513829006187452078818311444678245567167449182251853755645466347625529461194720341886723166587663735525736998274763208004608079889303716442473398609842570773601771650186581893599569491675225371696817435733785643875873968310654438040032078493469624978033461421886918548295891242702097488881158479497960678600305022407984904461237921332991441594113488938541679898602533315526433576621187586557497623348573809110190795164307502283077579945651775008526338166207047579836197247180928727594763451048227766255431703127890469913310586532323149997815190608549694232874385535125837384997636129517865100015707647901124467359284582365383335580671772685811605406214039050415610400247848903159023139846867084677873579638012536591201966778933867234477983994781273571683756163997602639911593056720320031233735478569676230457163556582516896956008028331687158363173067840531487557446173498430141229198642412421193500164599403676547039605733573218344368362527551682218507607128795485847174669308477459093339888634775264473926923292725025659788089033896284566537067786371429472341322084204605188748947723667158	234423788543221666869589841058293256947146341237195864601416477436698628991306797316927419517835903704062369926128505986131086308323707723104885844013406139912331275047936097075338153131234016116711701491432265625940816441588332097703628627751311952085943954455548645382492798608667916644772012901191847944804467694528824409829485788038982840360738023483404363341952458955110067928170243787308388305605436414789096840112693010893262889540310426019550538079684469572217546824504887123648821245465060581782701461746475844158890108995084951999189569351873765631831087132286614147199138796246027104134022716653324636643193124936044343872737424495970972672939929822891773419584617566233184657473218750237280566993017472268989828037973409731080687508589749401077765870739561966105442604225268751794721442529781362979179346445712115866200959069110030994400423452041899825024920582918924502287731617305972111779145174683694409616668032884969897263781259491734229274450111934385104747017085778790934787828568239397072590628475652519149315477760956963444873175080969116510691399431273649623700153747588931330686005608436573571868770291523528988804669814374530772475665865206993877642619084751782128999188475575815984673508366850699103911845370186420103032743337472752084206918308586593890407312089680548551013668141313836706382210078190305480674941015179553605893678556492917429720825116948621139799537426181472086832540762384162020758951855801995636383789277659499530899631103924249690930111404593468620421055435423587016810195286737477650792227546021471036214418601025608517366754102960008200794562948884905806349257247314545601024294345143687245754338291752708288972362026882209420994781865252243282723132511155174531877666624286900888542173986273845766971540189699928252299878472084801527377046146322788160206892719090003920512308210106325310668718274837329691155755136217617976330748494374590483189307305455949985662475291090486594546997071131739522406076486066275942386575001016378509956476877314527531707507279412083600318681852930279885562044709913115669956387715951154003159615122263497398717944972985465535936602385998679757087117674658024564972348696418583150912665440090824586945378012500026835724142401572545534389478160393414554520723080469447404127341335354809800124918106193240903865309009616116938018088318168090266973665359414455372352516737564431308068985267990545303672234166678500221126662230738031367711004413559254584584044065035097902619569288937872764137394369023790301224709817086956600191323508474874463661454760670792218098781859107166624611604770177516430852111004842426519315118392758464010095558641509730256240370384538600659064826689818354682078280254284423030448568370939579640068685323993879747119069356780204042340710488333035708964728409262284389790571241631645756430819867306412037151826403660116424619548805575036639597283509028318921625723415797708522542643089248127063054475490592314883689104050530518580662600111603847183433574940641526988150	-2,-6,5,5,-5,-5,-5,-5,-5,-5,-5,-5	5,5,-5,-5,-5,-5,-5,-5,-5,-5,-5,-5	ok
1.815816	-12.672673	-17.613820	0.320723	continued:5	234423788543221666869589841058293256947146341237195864601416477436698628991306797316927419517835903704062369926128505986131086308323707723104885844013406139912331275047936097075338153134536045526602735736187042702500876777949896057387139866447897836135824987201314303393414052441331120493663372214784751984612804307726427834224044196053155721294739338989976961997130604033561470037953461789605691329414855138818218678563218948498653041753573961857564835739617376401872230998128083344303799255347425513476610340847390080141947059473444816358966000874332055039940658215720635816392733353739240282901202784242707254067839658762087654622528876743524998665194185488324753013959170811231184200356038575167906207721211308495133175186485165850822628149461648589167183953256012810548503945017032975724990000835694304387823782550274258452500678345602191094147579842401072431574364123837737390186204481470265529613022530374510446495867040491880955916570442561280684043606359392066629010811993532813174562472968172248426984462248248925928201806371061861215943945873677143671273363947668335232013415699945594883675877387393413311058985669465060917316532519964651114216984305598966088047800033630743406920038571779325106346279970060983085027070172213662974890067947111901425219142335457776470265151000889644531674077094924441583525428816369696318296860925586036017271456757514972725478268666789184117754925026168324007922117257010488251107141966497020181382677152724969978718745262514997229344711893368909327351181313713900599369289379545847960858522037443056777505866140956024560979834881154414172190868432259364431819069722963706795216439622364348844358091644561581270875457898368239717297611927244243801145336353142009798001756140697943969691340532146475568005812928115994021970665077287558512709312893959910479359794408707877011008782650548505741608472286868099136604284645416831339644546757959513829006187452078818311444678245567167449182251853755645466347625529461194720341886723166587663735525736998274763208004608079889303716442473398609842570773601771650186581893599569491675225371696817435733785643875873968310654438040032078493469624978033461421886918548295891242702097488881158479497960678600305022407984904461237921332991441594113488938541679898602533315526433576621187586557497623348573809110190795164307502283077579945651775008526338166207047579836197247180928727594763451048227766255431703127890469913310586532323149997815190608549694232874385535125837384997636129517865100015707647901124467359284582365383335580671772685811605406214039050415610400247848903159023139846867084677873579638012536591201966778933867234477983994781273571683756163997602639911593056720320031233735478569676230457163556582516896956008028331687158363173067840531487557446173498430141229198642412421193500164599403676547039605733573218344368362527551682218507607128795485847174669308477459093339888634775264473926923292725025659788089033896284566537067786371429472341322084204605188748947723667158	234423788543221666869589841058293256947146341237195864601416477436698628991306797316927419517835903704062369926128505986131086308323707723104885844013406139912331275047936097075338153131234016116711701491432265625940816441588332097703628627751311952085943954455548645382492798608667916644772012901191847944804467694528824409829485788038982840360738023483404363341952458955110067928170243787308388305605436414789096840112693010893262889540310426019550538079684469572217546824504887123648821245465060581782701461746475844158890108995084951999189569351873765631831087132286614147199138796246027104134022716653324636643193124936044343872737424495970972672939929822891773419584617566233184657473218750237280566993017472268989828037973409731080687508589749401077765870739561966105442604225268751794721442529781362979179346445712115866200959069110030994400423452041899825024920582918924502287731617305972111779145174683694409616668032884969897263781259491734229274450111934385104747017085778790934787828568239397072590628475652519149315477760956963444873175080969116510691399431273649623700153747588931330686005608436573571868770291523528988804669814374530772475665865206993877642619084751782128999188475575815984673508366850699103911845370186420103032743337472752084206918308586593890407312089680548551013668141313836706382210078190305480674941015179553605893678556492917429720825116948621139799537426181472086832540762384162020758951855801995636383789277659499530899631103924249690930111404593468620421055435423587016810195286737477650792227546021471036214418601025608517366754102960008200794562948884905806349257247314545601024294345143687245754338291752708288972362026882209420994781865252243282723132511155174531877666624286900888542173986273845766971540189699928252299878472084801527377046146322788160206892719090003920512308210106325310668718274837329691155755136217617976330748494374590483189307305455949985662475291090486594546997071131739522406076486066275942386575001016378509956476877314527531707507279412083600318681852930279885562044709913115669956387715951154003159615122263497398717944972985465535936602385998679757087117674658024564972348696418583150912665440090824586945378012500026835724142401572545534389478160393414554520723080469447404127341335354809800124918106193240903865309009616116938018088318168090266973665359414455372352516737564431308068985267990545303672234166678500221126662230738031367711004413559254584584044065035097902619569288937872764137394369023790301224709817086956600191323508474874463661454760670792218098781859107166624611604770177516430852111004842426519315118392758464010095558641509730256240370384538600659064826689818354682078280254284423030448568370939579640068685323993879747119069356780204042340710488333035708964728409262284389790571241631645756430819867306412037151826403660116424619548805575036639597283509028318921625723415797708522542643089248127063054475490592314883689104050530518580662600111603847183433574940641526988150	-2,-6,5,5,-5,-5,-5,-5,-5,-5,-5,-5	5,5,-5,-5,-5,-5,-5,-5,-5,-5,-5,-5	ok
1.819820	-12.672673	-17.612934	0.320556	continued:5	234423788543221666869589841058293256947146341237195864601416477436698628991306797316927419517835903704062369926128505986131086308323707723104885844013406139912331275047936097075338153134536045526602735736187042702500876777949896057387139866447897836135824987201314303393414052441331120493663372214784751984612804307726427834224044196053155721294739338989976961997130604033561470037953461789605691329414855138818218678563218948498653041753573961857564835739617376401872230998128083344303799255347425513476610340847390080141947059473444816358966000874332055039940658215720635816392733353739240282901202784242707254067839658762087654622528876743524998665194185488324753013959170811231184200356038575167906207721211308495133175186485165850822628149461648589167183953256012810548503945017032975724990000835694304387823782550274258452500678345602191094147579842401072431574364123837737390186204481470265529613022530374510446495867040491880955916570442561280684043606359392066629010811993532813174562472968172248426984462248248925928201806371061861215943945873677143671273363947668335232013415699945594883675877387393413311058985669465060917316532519964651114216984305598966088047800033630743406920038571779325106346279970060983085027070172213662974890067947111901425219142335457776470265151000889644531674077094924441583525428816369696318296860925586036017271456757514972725478268666789184117754925026168324007922117257010488251107141966497020181382677152724969978718745262514997229344711893368909327351181313713900599369289379545847960858522037443056777505866140956024560979834881154414172190868432259364431819069722963706795216439622364348844358091644561581270875457898368239717297611927244243801145336353142009798001756140697943969691340532146475568005812928115994021970665077287558512709312893959910479359794408707877011008782650548505741608472286868099136604284645416831339644546757959513829006187452078818311444678245567167449182251853755645466347625529461194720341886723166587663735525736998274763208004608079889303716442473398609842570773601771650186581893599569491675225371696817435733785643875873968310654438040032078493469624978033461421886918548295891242702097488881158479497960678600305022407984904461237921332991441594113488938541679898602533315526433576621187586557497623348573809110190795164307502283077579945651775008526338166207047579836197247180928727594763451048227766255431703127890469913310586532323149997815190608549694232874385535125837384997636129517865100015707647901124467359284582365383335580671772685811605406214039050415610400247848903159023139846867084677873579638012536591201966778933867234477983994781273571683756163997602639911593056720320031233735478569676230457163556582516896956008028331687158363173067840531487557446173498430141229198642412421193500164599403676547039605733573218344368362527551682218507607128795485847174669308477459093339888634775264473926923292725025659788089033896284566537067786371429472341322084204605188748947723667158	234423788543221666869589841058293256947146341237195864601416477436698628991306797316927419517835903704062369926128505986131086308323707723104885844013406139912331275047936097075338153131234016116711701491432265625940816441588332097703628627751311952085943954455548645382492798608667916644772012901191847944804467694528824409829485788038982840360738023483404363341952458955110067928170243787308388305605436414789096840112693010893262889540310426019550538079684469572217546824504887123648821245465060581782701461746475844158890108995084951999189569351873765631831087132286614147199138796246027104134022716653324636643193124936044343872737424495970972672939929822891773419584617566233184657473218750237280566993017472268989828037973409731080687508589749401077765870739561966105442604225268751794721442529781362979179346445712115866200959069110030994400423452041899825024920582918924502287731617305972111779145174683694409616668032884969897263781259491734229274450111934385104747017085778790934787828568239397072590628475652519149315477760956963444873175080969116510691399431273649623700153747588931330686005608436573571868770291523528988804669814374530772475665865206993877642619084751782128999188475575815984673508366850699103911845370186420103032743337472752084206918308586593890407312089680548551013668141313836706382210078190305480674941015179553605893678556492917429720825116948621139799537426181472086832540762384162020758951855801995636383789277659499530899631103924249690930111404593468620421055435423587016810195286737477650792227546021471036214418601025608517366754102960008200794562948884905806349257247314545601024294345143687245754338291752708288972362026882209420994781865252243282723132511155174531877666624286900888542173986273845766971540189699928252299878472084801527377046146322788160206892719090003920512308210106325310668718274837329691155755136217617976330748494374590483189307305455949985662475291090486594546997071131739522406076486066275942386575001016378509956476877314527531707507279412083600318681852930279885562044709913115669956387715951154003159615122263497398717944972985465535936602385998679757087117674658024564972348696418583150912665440090824586945378012500026835724142401572545534389478160393414554520723080469447404127341335354809800124918106193240903865309009616116938018088318168090266973665359414455372352516737564431308068985267990545303672234166678500221126662230738031367711004413559254584584044065035097902619569288937872764137394369023790301224709817086956600191323508474874463661454760670792218098781859107166624611604770177516430852111004842426519315118392758464010095558641509730256240370384538600659064826689818354682078280254284423030448568370939579640068685323993879747119069356780204042340710488333035708964728409262284389790571241631645756430819867306412037151826403660116424619548805575036639597283509028318921625723415797708522542643089248127063054475490592314883689104050530518580662600111603847183433574940641526988150	-2,-6,5,5,-5,-5,-5,-5,-5,-5,-5,-5	5,5,-5,-5,-5,-5,-5,-5,-5,-5,-5,-5	ok
1.823824	-12.672673	-17.610950	0.320182	continued:5	234423788543221666869589841058293256947146341237195864601416477436698628991306797316927419517835903704062369926128505986131086308323707723104885844013406139912331275047936097075338153134536045526602735736187042702500876777949896057387139866447897836135824987201314303393414052441331120493663372214784751984612804307726427834224044196053155721294739338989976961997130604033561470037953461789605691329414855138818218678563218948498653041753573961857564835739617376401872230998128083344303799255347425513476610340847390080141947059473444816358966000874332055039940658215720635816392733353739240282901202784242707254067839658762087654622528876743524998665194185488324753013959170811231184200356038575167906207721211308495133175186485165850822628149461648589167183953256012810548503945017032975724990000835694304387823782550274258452500678345602191094147579842401072431574364123837737390186204481470265529613022530374510446495867040491880955916570442561280684043606359392066629010811993532813174562472968172248426984462248248925928201806371061861215943945873677143671273363947668335232013415699945594883675877387393413311058985669465060917316532519964651114216984305598966088047800033630743406920038571779325106346279970060983085027070172213662974890067947111901425219142335457776470265151000889644531674077094924441583525428816369696318296860925586036017271456757514972725478268666789184117754925026168324007922117257010488251107141966497020181382677152724969978718745262514997229344711893368909327351181313713900599369289379545847960858522037443056777505866140956024560979834881154414172190868432259364431819069722963706795216439622364348844358091644561581270875457898368239717297611927244243801145336353142009798001756140697943969691340532146475568005812928115994021970665077287558512709312893959910479359794408707877011008782650548505741608472286868099136604284645416831339644546757959513829006187452078818311444678245567167449182251853755645466347625529461194720341886723166587663735525736998274763208004608079889303716442473398609842570773601771650186581893599569491675225371696817435733785643875873968310654438040032078493469624978033461421886918548295891242702097488881158479497960678600305022407984904461237921332991441594113488938541679898602533315526433576621187586557497623348573809110190795164307502283077579945651775008526338166207047579836197247180928727594763451048227766255431703127890469913310586532323149997815190608549694232874385535125837384997636129517865100015707647901124467359284582365383335580671772685811605406214039050415610400247848903159023139846867084677873579638012536591201966778933867234477983994781273571683756163997602639911593056720320031233735478569676230457163556582516896956008028331687158363173067840531487557446173498430141229198642412421193500164599403676547039605733573218344368362527551682218507607128795485847174669308477459093339888634775264473926923292725025659788089033896284566537067786371429472341322084204605188748947723667158	234423788543221666869589841058293256947146341237195864601416477436698628991306797316927419517835903704062369926128505986131086308323707723104885844013406139912331275047936097075338153131234016116711701491432265625940816441588332097703628627751311952085943954455548645382492798608667916644772012901191847944804467694528824409829485788038982840360738023483404363341952458955110067928170243787308388305605436414789096840112693010893262889540310426019550538079684469572217546824504887123648821245465060581782701461746475844158890108995084951999189569351873765631831087132286614147199138796246027104134022716653324636643193124936044343872737424495970972672939929822891773419584617566233184657473218750237280566993017472268989828037973409731080687508589749401077765870739561966105442604225268751794721442529781362979179346445712115866200959069110030994400423452041899825024920582918924502287731617305972111779145174683694409616668032884969897263781259491734229274450111934385104747017085778790934787828568239397072590628475652519149315477760956963444873175080969116510691399431273649623700153747588931330686005608436573571868770291523528988804669814374530772475665865206993877642619084751782128999188475575815984673508366850699103911845370186420103032743337472752084206918308586593890407312089680548551013668141313836706382210078190305480674941015179553605893678556492917429720825116948621139799537426181472086832540762384162020758951855801995636383789277659499530899631103924249690930111404593468620421055435423587016810195286737477650792227546021471036214418601025608517366754102960008200794562948884905806349257247314545601024294345143687245754338291752708288972362026882209420994781865252243282723132511155174531877666624286900888542173986273845766971540189699928252299878472084801527377046146322788160206892719090003920512308210106325310668718274837329691155755136217617976330748494374590483189307305455949985662475291090486594546997071131739522406076486066275942386575001016378509956476877314527531707507279412083600318681852930279885562044709913115669956387715951154003159615122263497398717944972985465535936602385998679757087117674658024564972348696418583150912665440090824586945378012500026835724142401572545534389478160393414554520723080469447404127341335354809800124918106193240903865309009616116938018088318168090266973665359414455372352516737564431308068985267990545303672234166678500221126662230738031367711004413559254584584044065035097902619569288937872764137394369023790301224709817086956600191323508474874463661454760670792218098781859107166624611604770177516430852111004842426519315118392758464010095558641509730256240370384538600659064826689818354682078280254284423030448568370939579640068685323993879747119069356780204042340710488333035708964728409262284389790571241631645756430819867306412037151826403660116424619548805575036639597283509028318921625723415797708522542643089248127063054475490592314883689104050530518580662600111603847183433574940641526988150	-2,-6,5,5,-5,-5,-5,-5,-5,-5,-5,-5	5,5,-5,-5,-5,-5,-5,-5,-5,-5,-5,-5	ok
1.827828	-12.672673	-17.610064	0.320015	continued:5	234423788543221666869589841058293256947146341237195864601416477436698628991306797316927419517835903704062369926128505986131086308323707723104885844013406139912331275047936097075338153134536045526602735736187042702500876777949896057387139866447897836135824987201314303393414052441331120493663372214784751984612804307726427834224044196053155721294739338989976961997130604033561470037953461789605691329414855138818218678563218948498653041753573961857564835739617376401872230998128083344303799255347425513476610340847390080141947059473444816358966000874332055039940658215720635816392733353739240282901202784242707254067839658762087654622528876743524998665194185488324753013959170811231184200356038575167906207721211308495133175186485165850822628149461648589167183953256012810548503945017032975724990000835694304387823782550274258452500678345602191094147579842401072431574364123837737390186204481470265529613022530374510446495867040491880955916570442561280684043606359392066629010811993532813174562472968172248426984462248248925928201806371061861215943945873677143671273363947668335232013415699945594883675877387393413311058985669465060917316532519964651114216984305598966088047800033630743406920038571779325106346279970060983085027070172213662974890067947111901425219142335457776470265151000889644531674077094924441583525428816369696318296860925586036017271456757514972725478268666789184117754925026168324007922117257010488251107141966497020181382677152724969978718745262514997229344711893368909327351181313713900599369289379545847960858522037443056777505866140956024560979834881154414172190868432259364431819069722963706795216439622364348844358091644561581270875457898368239717297611927244243801145336353142009798001756140697943969691340532146475568005812928115994021970665077287558512709312893959910479359794408707877011008782650548505741608472286868099136604284645416831339644546757959513829006187452078818311444678245567167449182251853755645466347625529461194720341886723166587663735525736998274763208004608079889303716442473398609842570773601771650186581893599569491675225371696817435733785643875873968310654438040032078493469624978033461421886918548295891242702097488881158479497960678600305022407984904461237921332991441594113488938541679898602533315526433576621187586557497623348573809110190795164307502283077579945651775008526338166207047579836197247180928727594763451048227766255431703127890469913310586532323149997815190608549694232874385535125837384997636129517865100015707647901124467359284582365383335580671772685811605406214039050415610400247848903159023139846867084677873579638012536591201966778933867234477983994781273571683756163997602639911593056720320031233735478569676230457163556582516896956008028331687158363173067840531487557446173498430141229198642412421193500164599403676547039605733573218344368362527551682218507607128795485847174669308477459093339888634775264473926923292725025659788089033896284566537067786371429472341322084204605188748947723667158	234423788543221666869589841058293256947146341237195864601416477436698628991306797316927419517835903704062369926128505986131086308323707723104885844013406139912331275047936097075338153131234016116711701491432265625940816441588332097703628627751311952085943954455548645382492798608667916644772012901191847944804467694528824409829485788038982840360738023483404363341952458955110067928170243787308388305605436414789096840112693010893262889540310426019550538079684469572217546824504887123648821245465060581782701461746475844158890108995084951999189569351873765631831087132286614147199138796246027104134022716653324636643193124936044343872737424495970972672939929822891773419584617566233184657473218750237280566993017472268989828037973409731080687508589749401077765870739561966105442604225268751794721442529781362979179346445712115866200959069110030994400423452041899825024920582918924502287731617305972111779145174683694409616668032884969897263781259491734229274450111934385104747017085778790934787828568239397072590628475652519149315477760956963444873175080969116510691399431273649623700153747588931330686005608436573571868770291523528988804669814374530772475665865206993877642619084751782128999188475575815984673508366850699103911845370186420103032743337472752084206918308586593890407312089680548551013668141313836706382210078190305480674941015179553605893678556492917429720825116948621139799537426181472086832540762384162020758951855801995636383789277659499530899631103924249690930111404593468620421055435423587016810195286737477650792227546021471036214418601025608517366754102960008200794562948884905806349257247314545601024294345143687245754338291752708288972362026882209420994781865252243282723132511155174531877666624286900888542173986273845766971540189699928252299878472084801527377046146322788160206892719090003920512308210106325310668718274837329691155755136217617976330748494374590483189307305455949985662475291090486594546997071131739522406076486066275942386575001016378509956476877314527531707507279412083600318681852930279885562044709913115669956387715951154003159615122263497398717944972985465535936602385998679757087117674658024564972348696418583150912665440090824586945378012500026835724142401572545534389478160393414554520723080469447404127341335354809800124918106193240903865309009616116938018088318168090266973665359414455372352516737564431308068985267990545303672234166678500221126662230738031367711004413559254584584044065035097902619569288937872764137394369023790301224709817086956600191323508474874463661454760670792218098781859107166624611604770177516430852111004842426519315118392758464010095558641509730256240370384538600659064826689818354682078280254284423030448568370939579640068685323993879747119069356780204042340710488333035708964728409262284389790571241631645756430819867306412037151826403660116424619548805575036639597283509028318921625723415797708522542643089248127063054475490592314883689104050530518580662600111603847183433574940641526988150	-2,-6,5,5,-5,-5,-5,-5,-5,-5,-5,-5	5,5,-5,-5,-5,-5,-5,-5,-5,-5,-5,-5	ok
1.831832	-12.672673	-17.608074	0.319641	continued:5	234423788543221666869589841058293256947146341237195864601416477436698628991306797316927419517835903704062369926128505986131086308323707723104885844013406139912331275047936097075338153134536045526602735736187042702500876777949896057387139866447897836135824987201314303393414052441331120493663372214784751984612804307726427834224044196053155721294739338989976961997130604033561470037953461789605691329414855138818218678563218948498653041753573961857564835739617376401872230998128083344303799255347425513476610340847390080141947059473444816358966000874332055039940658215720635816392733353739240282901202784242707254067839658762087654622528876743524998665194185488324753013959170811231184200356038575167906207721211308495133175186485165850822628149461648589167183953256012810548503945017032975724990000835694304387823782550274258452500678345602191094147579842401072431574364123837737390186204481470265529613022530374510446495867040491880955916570442561280684043606359392066629010811993532813174562472968172248426984462248248925928201806371061861215943945873677143671273363947668335232013415699945594883675877387393413311058985669465060917316532519964651114216984305598966088047800033630743406920038571779325106346279970060983085027070172213662974890067947111901425219142335457776470265151000889644531674077094924441583525428816369696318296860925586036017271456757514972725478268666789184117754925026168324007922117257010488251107141966497020181382677152724969978718745262514997229344711893368909327351181313713900599369289379545847960858522037443056777505866140956024560979834881154414172190868432259364431819069722963706795216439622364348844358091644561581270875457898368239717297611927244243801145336353142009798001756140697943969691340532146475568005812928115994021970665077287558512709312893959910479359794408707877011008782650548505741608472286868099136604284645416831339644546757959513829006187452078818311444678245567167449182251853755645466347625529461194720341886723166587663735525736998274763208004608079889303716442473398609842570773601771650186581893599569491675225371696817435733785643875873968310654438040032078493469624978033461421886918548295891242702097488881158479497960678600305022407984904461237921332991441594113488938541679898602533315526433576621187586557497623348573809110190795164307502283077579945651775008526338166207047579836197247180928727594763451048227766255431703127890469913310586532323149997815190608549694232874385535125837384997636129517865100015707647901124467359284582365383335580671772685811605406214039050415610400247848903159023139846867084677873579638012536591201966778933867234477983994781273571683756163997602639911593056720320031233735478569676230457163556582516896956008028331687158363173067840531487557446173498430141229198642412421193500164599403676547039605733573218344368362527551682218507607128795485847174669308477459093339888634775264473926923292725025659788089033896284566537067786371429472341322084204605188748947723667158	234423788543221666869589841058293256947146341237195864601416477436698628991306797316927419517835903704062369926128505986131086308323707723104885844013406139912331275047936097075338153131234016116711701491432265625940816441588332097703628627751311952085943954455548645382492798608667916644772012901191847944804467694528824409829485788038982840360738023483404363341952458955110067928170243787308388305605436414789096840112693010893262889540310426019550538079684469572217546824504887123648821245465060581782701461746475844158890108995084951999189569351873765631831087132286614147199138796246027104134022716653324636643193124936044343872737424495970972672939929822891773419584617566233184657473218750237280566993017472268989828037973409731080687508589749401077765870739561966105442604225268751794721442529781362979179346445712115866200959069110030994400423452041899825024920582918924502287731617305972111779145174683694409616668032884969897263781259491734229274450111934385104747017085778790934787828568239397072590628475652519149315477760956963444873175080969116510691399431273649623700153747588931330686005608436573571868770291523528988804669814374530772475665865206993877642619084751782128999188475575815984673508366850699103911845370186420103032743337472752084206918308586593890407312089680548551013668141313836706382210078190305480674941015179553605893678556492917429720825116948621139799537426181472086832540762384162020758951855801995636383789277659499530899631103924249690930111404593468620421055435423587016810195286737477650792227546021471036214418601025608517366754102960008200794562948884905806349257247314545601024294345143687245754338291752708288972362026882209420994781865252243282723132511155174531877666624286900888542173986273845766971540189699928252299878472084801527377046146322788160206892719090003920512308210106325310668718274837329691155755136217617976330748494374590483189307305455949985662475291090486594546997071131739522406076486066275942386575001016378509956476877314527531707507279412083600318681852930279885562044709913115669956387715951154003159615122263497398717944972985465535936602385998679757087117674658024564972348696418583150912665440090824586945378012500026835724142401572545534389478160393414554520723080469447404127341335354809800124918106193240903865309009616116938018088318168090266973665359414455372352516737564431308068985267990545303672234166678500221126662230738031367711004413559254584584044065035097902619569288937872764137394369023790301224709817086956600191323508474874463661454760670792218098781859107166624611604770177516430852111004842426519315118392758464010095558641509730256240370384538600659064826689818354682078280254284423030448568370939579640068685323993879747119069356780204042340710488333035708964728409262284389790571241631645756430819867306412037151826403660116424619548805575036639597283509028318921625723415797708522542643089248127063054475490592314883689104050530518580662600111603847183433574940641526988150	-2,-6,5,5,-5,-5,-5,-5,-5,-5,-5,-5	5,5,-5,-5,-5,-5,-5,-5,-5,-5,-5,-5	ok
1.835836	-12.672673	-17.606085	0.319267	continued:5	234423788543221666869589841058293256947146341237195864601416477436698628991306797316927419517835903704062369926128505986131086308323707723104885844013406139912331275047936097075338153134536045526602735736187042702500876777949896057387139866447897836135824987201314303393414052441331120493663372214784751984612804307726427834224044196053155721294739338989976961997130604033561470037953461789605691329414855138818218678563218948498653041753573961857564835739617376401872230998128083344303799255347425513476610340847390080141947059473444816358966000874332055039940658215720635816392733353739240282901202784242707254067839658762087654622528876743524998665194185488324753013959170811231184200356038575167906207721211308495133175186485165850822628149461648589167183953256012810548503945017032975724990000835694304387823782550274258452500678345602191094147579842401072431574364123837737390186204481470265529613022530374510446495867040491880955916570442561280684043606359392066629010811993532813174562472968172248426984462248248925928201806371061861215943945873677143671273363947668335232013415699945594883675877387393413311058985669465060917316532519964651114216984305598966088047800033630743406920038571779325106346279970060983085027070172213662974890067947111901425219142335457776470265151000889644531674077094924441583525428816369696318296860925586036017271456757514972725478268666789184117754925026168324007922117257010488251107141966497020181382677152724969978718745262514997229344711893368909327351181313713900599369289379545847960858522037443056777505866140956024560979834881154414172190868432259364431819069722963706795216439622364348844358091644561581270875457898368239717297611927244243801145336353142009798001756140697943969691340532146475568005812928115994021970665077287558512709312893959910479359794408707877011008782650548505741608472286868099136604284645416831339644546757959513829006187452078818311444678245567167449182251853755645466347625529461194720341886723166587663735525736998274763208004608079889303716442473398609842570773601771650186581893599569491675225371696817435733785643875873968310654438040032078493469624978033461421886918548295891242702097488881158479497960678600305022407984904461237921332991441594113488938541679898602533315526433576621187586557497623348573809110190795164307502283077579945651775008526338166207047579836197247180928727594763451048227766255431703127890469913310586532323149997815190608549694232874385535125837384997636129517865100015707647901124467359284582365383335580671772685811605406214039050415610400247848903159023139846867084677873579638012536591201966778933867234477983994781273571683756163997602639911593056720320031233735478569676230457163556582516896956008028331687158363173067840531487557446173498430141229198642412421193500164599403676547039605733573218344368362527551682218507607128795485847174669308477459093339888634775264473926923292725025659788089033896284566537067786371429472341322084204605188748947723667158	234423788543221666869589841058293256947146341237195864601416477436698628991306797316927419517835903704062369926128505986131086308323707723104885844013406139912331275047936097075338153131234016116711701491432265625940816441588332097703628627751311952085943954455548645382492798608667916644772012901191847944804467694528824409829485788038982840360738023483404363341952458955110067928170243787308388305605436414789096840112693010893262889540310426019550538079684469572217546824504887123648821245465060581782701461746475844158890108995084951999189569351873765631831087132286614147199138796246027104134022716653324636643193124936044343872737424495970972672939929822891773419584617566233184657473218750237280566993017472268989828037973409731080687508589749401077765870739561966105442604225268751794721442529781362979179346445712115866200959069110030994400423452041899825024920582918924502287731617305972111779145174683694409616668032884969897263781259491734229274450111934385104747017085778790934787828568239397072590628475652519149315477760956963444873175080969116510691399431273649623700153747588931330686005608436573571868770291523528988804669814374530772475665865206993877642619084751782128999188475575815984673508366850699103911845370186420103032743337472752084206918308586593890407312089680548551013668141313836706382210078190305480674941015179553605893678556492917429720825116948621139799537426181472086832540762384162020758951855801995636383789277659499530899631103924249690930111404593468620421055435423587016810195286737477650792227546021471036214418601025608517366754102960008200794562948884905806349257247314545601024294345143687245754338291752708288972362026882209420994781865252243282723132511155174531877666624286900888542173986273845766971540189699928252299878472084801527377046146322788160206892719090003920512308210106325310668718274837329691155755136217617976330748494374590483189307305455949985662475291090486594546997071131739522406076486066275942386575001016378509956476877314527531707507279412083600318681852930279885562044709913115669956387715951154003159615122263497398717944972985465535936602385998679757087117674658024564972348696418583150912665440090824586945378012500026835724142401572545534389478160393414554520723080469447404127341335354809800124918106193240903865309009616116938018088318168090266973665359414455372352516737564431308068985267990545303672234166678500221126662230738031367711004413559254584584044065035097902619569288937872764137394369023790301224709817086956600191323508474874463661454760670792218098781859107166624611604770177516430852111004842426519315118392758464010095558641509730256240370384538600659064826689818354682078280254284423030448568370939579640068685323993879747119069356780204042340710488333035708964728409262284389790571241631645756430819867306412037151826403660116424619548805575036639597283509028318921625723415797708522542643089248127063054475490592314883689104050530518580662600111603847183433574940641526988150	-2,-6,5,5,-5,-5,-5,-5,-5,-5,-5,-5	5,5,-5,-5,-5,-5,-5,-5,-5,-5,-5,-5	ok
1.839840	-12.672673	-17.605198	0.319100	continued:5	234423788543221666869589841058293256947146341237195864601416477436698628991306797316927419517835903704062369926128505986131086308323707723104885844013406139912331275047936097075338153134536045526602735736187042702500876777949896057387139866447897836135824987201314303393414052441331120493663372214784751984612804307726427834224044196053155721294739338989976961997130604033561470037953461789605691329414855138818218678563218948498653041753573961857564835739617376401872230998128083344303799255347425513476610340847390080141947059473444816358966000874332055039940658215720635816392733353739240282901202784242707254067839658762087654622528876743524998665194185488324753013959170811231184200356038575167906207721211308495133175186485165850822628149461648589167183953256012810548503945017032975724990000835694304387823782550274258452500678345602191094147579842401072431574364123837737390186204481470265529613022530374510446495867040491880955916570442561280684043606359392066629010811993532813174562472968172248426984462248248925928201806371061861215943945873677143671273363947668335232013415699945594883675877387393413311058985669465060917316532519964651114216984305598966088047800033630743406920038571779325106346279970060983085027070172213662974890067947111901425219142335457776470265151000889644531674077094924441583525428816369696318296860925586036017271456757514972725478268666789184117754925026168324007922117257010488251107141966497020181382677152724969978718745262514997229344711893368909327351181313713900599369289379545847960858522037443056777505866140956024560979834881154414172190868432259364431819069722963706795216439622364348844358091644561581270875457898368239717297611927244243801145336353142009798001756140697943969691340532146475568005812928115994021970665077287558512709312893959910479359794408707877011008782650548505741608472286868099136604284645416831339644546757959513829006187452078818311444678245567167449182251853755645466347625529461194720341886723166587663735525736998274763208004608079889303716442473398609842570773601771650186581893599569491675225371696817435733785643875873968310654438040032078493469624978033461421886918548295891242702097488881158479497960678600305022407984904461237921332991441594113488938541679898602533315526433576621187586557497623348573809110190795164307502283077579945651775008526338166207047579836197247180928727594763451048227766255431703127890469913310586532323149997815190608549694232874385535125837384997636129517865100015707647901124467359284582365383335580671772685811605406214039050415610400247848903159023139846867084677873579638012536591201966778933867234477983994781273571683756163997602639911593056720320031233735478569676230457163556582516896956008028331687158363173067840531487557446173498430141229198642412421193500164599403676547039605733573218344368362527551682218507607128795485847174669308477459093339888634775264473926923292725025659788089033896284566537067786371429472341322084204605188748947723667158	234423788543221666869589841058293256947146341237195864601416477436698628991306797316927419517835903704062369926128505986131086308323707723104885844013406139912331275047936097075338153131234016116711701491432265625940816441588332097703628627751311952085943954455548645382492798608667916644772012901191847944804467694528824409829485788038982840360738023483404363341952458955110067928170243787308388305605436414789096840112693010893262889540310426019550538079684469572217546824504887123648821245465060581782701461746475844158890108995084951999189569351873765631831087132286614147199138796246027104134022716653324636643193124936044343872737424495970972672939929822891773419584617566233184657473218750237280566993017472268989828037973409731080687508589749401077765870739561966105442604225268751794721442529781362979179346445712115866200959069110030994400423452041899825024920582918924502287731617305972111779145174683694409616668032884969897263781259491734229274450111934385104747017085778790934787828568239397072590628475652519149315477760956963444873175080969116510691399431273649623700153747588931330686005608436573571868770291523528988804669814374530772475665865206993877642619084751782128999188475575815984673508366850699103911845370186420103032743337472752084206918308586593890407312089680548551013668141313836706382210078190305480674941015179553605893678556492917429720825116948621139799537426181472086832540762384162020758951855801995636383789277659499530899631103924249690930111404593468620421055435423587016810195286737477650792227546021471036214418601025608517366754102960008200794562948884905806349257247314545601024294345143687245754338291752708288972362026882209420994781865252243282723132511155174531877666624286900888542173986273845766971540189699928252299878472084801527377046146322788160206892719090003920512308210106325310668718274837329691155755136217617976330748494374590483189307305455949985662475291090486594546997071131739522406076486066275942386575001016378509956476877314527531707507279412083600318681852930279885562044709913115669956387715951154003159615122263497398717944972985465535936602385998679757087117674658024564972348696418583150912665440090824586945378012500026835724142401572545534389478160393414554520723080469447404127341335354809800124918106193240903865309009616116938018088318168090266973665359414455372352516737564431308068985267990545303672234166678500221126662230738031367711004413559254584584044065035097902619569288937872764137394369023790301224709817086956600191323508474874463661454760670792218098781859107166624611604770177516430852111004842426519315118392758464010095558641509730256240370384538600659064826689818354682078280254284423030448568370939579640068685323993879747119069356780204042340710488333035708964728409262284389790571241631645756430819867306412037151826403660116424619548805575036639597283509028318921625723415797708522542643089248127063054475490592314883689104050530518580662600111603847183433574940641526988150	-2,-6,5,5,-5,-5,-5,-5,-5,-5,-5,-5	5,5,-5,-5,-5,-5,-5,-5,-5,-5,-5,-5	ok
1.843844	-12.672673	-17.603207	0.318726	continued:5	234423788543221666869589841058293256947146341237195864601416477436698628991306797316927419517835903704062369926128505986131086308323707723104885844013406139912331275047936097075338153134536045526602735736187042702500876777949896057387139866447897836135824987201314303393414052441331120493663372214784751984612804307726427834224044196053155721294739338989976961997130604033561470037953461789605691329414855138818218678563218948498653041753573961857564835739617376401872230998128083344303799255347425513476610340847390080141947059473444816358966000874332055039940658215720635816392733353739240282901202784242707254067839658762087654622528876743524998665194185488324753013959170811231184200356038575167906207721211308495133175186485165850822628149461648589167183953256012810548503945017032975724990000835694304387823782550274258452500678345602191094147579842401072431574364123837737390186204481470265529613022530374510446495867040491880955916570442561280684043606359392066629010811993532813174562472968172248426984462248248925928201806371061861215943945873677143671273363947668335232013415699945594883675877387393413311058985669465060917316532519964651114216984305598966088047800033630743406920038571779325106346279970060983085027070172213662974890067947111901425219142335457776470265151000889644531674077094924441583525428816369696318296860925586036017271456757514972725478268666789184117754925026168324007922117257010488251107141966497020181382677152724969978718745262514997229344711893368909327351181313713900599369289379545847960858522037443056777505866140956024560979834881154414172190868432259364431819069722963706795216439622364348844358091644561581270875457898368239717297611927244243801145336353142009798001756140697943969691340532146475568005812928115994021970665077287558512709312893959910479359794408707877011008782650548505741608472286868099136604284645416831339644546757959513829006187452078818311444678245567167449182251853755645466347625529461194720341886723166587663735525736998274763208004608079889303716442473398609842570773601771650186581893599569491675225371696817435733785643875873968310654438040032078493469624978033461421886918548295891242702097488881158479497960678600305022407984904461237921332991441594113488938541679898602533315526433576621187586557497623348573809110190795164307502283077579945651775008526338166207047579836197247180928727594763451048227766255431703127890469913310586532323149997815190608549694232874385535125837384997636129517865100015707647901124467359284582365383335580671772685811605406214039050415610400247848903159023139846867084677873579638012536591201966778933867234477983994781273571683756163997602639911593056720320031233735478569676230457163556582516896956008028331687158363173067840531487557446173498430141229198642412421193500164599403676547039605733573218344368362527551682218507607128795485847174669308477459093339888634775264473926923292725025659788089033896284566537067786371429472341322084204605188748947723667158	234423788543221666869589841058293256947146341237195864601416477436698628991306797316927419517835903704062369926128505986131086308323707723104885844013406139912331275047936097075338153131234016116711701491432265625940816441588332097703628627751311952085943954455548645382492798608667916644772012901191847944804467694528824409829485788038982840360738023483404363341952458955110067928170243787308388305605436414789096840112693010893262889540310426019550538079684469572217546824504887123648821245465060581782701461746475844158890108995084951999189569351873765631831087132286614147199138796246027104134022716653324636643193124936044343872737424495970972672939929822891773419584617566233184657473218750237280566993017472268989828037973409731080687508589749401077765870739561966105442604225268751794721442529781362979179346445712115866200959069110030994400423452041899825024920582918924502287731617305972111779145174683694409616668032884969897263781259491734229274450111934385104747017085778790934787828568239397072590628475652519149315477760956963444873175080969116510691399431273649623700153747588931330686005608436573571868770291523528988804669814374530772475665865206993877642619084751782128999188475575815984673508366850699103911845370186420103032743337472752084206918308586593890407312089680548551013668141313836706382210078190305480674941015179553605893678556492917429720825116948621139799537426181472086832540762384162020758951855801995636383789277659499530899631103924249690930111404593468620421055435423587016810195286737477650792227546021471036214418601025608517366754102960008200794562948884905806349257247314545601024294345143687245754338291752708288972362026882209420994781865252243282723132511155174531877666624286900888542173986273845766971540189699928252299878472084801527377046146322788160206892719090003920512308210106325310668718274837329691155755136217617976330748494374590483189307305455949985662475291090486594546997071131739522406076486066275942386575001016378509956476877314527531707507279412083600318681852930279885562044709913115669956387715951154003159615122263497398717944972985465535936602385998679757087117674658024564972348696418583150912665440090824586945378012500026835724142401572545534389478160393414554520723080469447404127341335354809800124918106193240903865309009616116938018088318168090266973665359414455372352516737564431308068985267990545303672234166678500221126662230738031367711004413559254584584044065035097902619569288937872764137394369023790301224709817086956600191323508474874463661454760670792218098781859107166624611604770177516430852111004842426519315118392758464010095558641509730256240370384538600659064826689818354682078280254284423030448568370939579640068685323993879747119069356780204042340710488333035708964728409262284389790571241631645756430819867306412037151826403660116424619548805575036639597283509028318921625723415797708522542643089248127063054475490592314883689104050530518580662600111603847183433574940641526988150	-2,-6,5,5,-5,-5,-5,-5,-5,-5,-5,-5	5,5,-5,-5,-5,-5,-5,-5,-5,-5,-5,-5	ok
1.847848	-12.672673	-17.602319	0.318559	continued:5	234423788543221666869589841058293256947146341237195864601416477436698628991306797316927419517835903704062369926128505986131086308323707723104885844013406139912331275047936097075338153134536045526602735736187042702500876777949896057387139866447897836135824987201314303393414052441331120493663372214784751984612804307726427834224044196053155721294739338989976961997130604033561470037953461789605691329414855138818218678563218948498653041753573961857564835739617376401872230998128083344303799255347425513476610340847390080141947059473444816358966000874332055039940658215720635816392733353739240282901202784242707254067839658762087654622528876743524998665194185488324753013959170811231184200356038575167906207721211308495133175186485165850822628149461648589167183953256012810548503945017032975724990000835694304387823782550274258452500678345602191094147579842401072431574364123837737390186204481470265529613022530374510446495867040491880955916570442561280684043606359392066629010811993532813174562472968172248426984462248248925928201806371061861215943945873677143671273363947668335232013415699945594883675877387393413311058985669465060917316532519964651114216984305598966088047800033630743406920038571779325106346279970060983085027070172213662974890067947111901425219142335457776470265151000889644531674077094924441583525428816369696318296860925586036017271456757514972725478268666789184117754925026168324007922117257010488251107141966497020181382677152724969978718745262514997229344711893368909327351181313713900599369289379545847960858522037443056777505866140956024560979834881154414172190868432259364431819069722963706795216439622364348844358091644561581270875457898368239717297611927244243801145336353142009798001756140697943969691340532146475568005812928115994021970665077287558512709312893959910479359794408707877011008782650548505741608472286868099136604284645416831339644546757959513829006187452078818311444678245567167449182251853755645466347625529461194720341886723166587663735525736998274763208004608079889303716442473398609842570773601771650186581893599569491675225371696817435733785643875873968310654438040032078493469624978033461421886918548295891242702097488881158479497960678600305022407984904461237921332991441594113488938541679898602533315526433576621187586557497623348573809110190795164307502283077579945651775008526338166207047579836197247180928727594763451048227766255431703127890469913310586532323149997815190608549694232874385535125837384997636129517865100015707647901124467359284582365383335580671772685811605406214039050415610400247848903159023139846867084677873579638012536591201966778933867234477983994781273571683756163997602639911593056720320031233735478569676230457163556582516896956008028331687158363173067840531487557446173498430141229198642412421193500164599403676547039605733573218344368362527551682218507607128795485847174669308477459093339888634775264473926923292725025659788089033896284566537067786371429472341322084204605188748947723667158	234423788543221666869589841058293256947146341237195864601416477436698628991306797316927419517835903704062369926128505986131086308323707723104885844013406139912331275047936097075338153131234016116711701491432265625940816441588332097703628627751311952085943954455548645382492798608667916644772012901191847944804467694528824409829485788038982840360738023483404363341952458955110067928170243787308388305605436414789096840112693010893262889540310426019550538079684469572217546824504887123648821245465060581782701461746475844158890108995084951999189569351873765631831087132286614147199138796246027104134022716653324636643193124936044343872737424495970972672939929822891773419584617566233184657473218750237280566993017472268989828037973409731080687508589749401077765870739561966105442604225268751794721442529781362979179346445712115866200959069110030994400423452041899825024920582918924502287731617305972111779145174683694409616668032884969897263781259491734229274450111934385104747017085778790934787828568239397072590628475652519149315477760956963444873175080969116510691399431273649623700153747588931330686005608436573571868770291523528988804669814374530772475665865206993877642619084751782128999188475575815984673508366850699103911845370186420103032743337472752084206918308586593890407312089680548551013668141313836706382210078190305480674941015179553605893678556492917429720825116948621139799537426181472086832540762384162020758951855801995636383789277659499530899631103924249690930111404593468620421055435423587016810195286737477650792227546021471036214418601025608517366754102960008200794562948884905806349257247314545601024294345143687245754338291752708288972362026882209420994781865252243282723132511155174531877666624286900888542173986273845766971540189699928252299878472084801527377046146322788160206892719090003920512308210106325310668718274837329691155755136217617976330748494374590483189307305455949985662475291090486594546997071131739522406076486066275942386575001016378509956476877314527531707507279412083600318681852930279885562044709913115669956387715951154003159615122263497398717944972985465535936602385998679757087117674658024564972348696418583150912665440090824586945378012500026835724142401572545534389478160393414554520723080469447404127341335354809800124918106193240903865309009616116938018088318168090266973665359414455372352516737564431308068985267990545303672234166678500221126662230738031367711004413559254584584044065035097902619569288937872764137394369023790301224709817086956600191323508474874463661454760670792218098781859107166624611604770177516430852111004842426519315118392758464010095558641509730256240370384538600659064826689818354682078280254284423030448568370939579640068685323993879747119069356780204042340710488333035708964728409262284389790571241631645756430819867306412037151826403660116424619548805575036639597283509028318921625723415797708522542643089248127063054475490592314883689104050530518580662600111603847183433574940641526988150	-2,-6,5,5,-5,-5,-5,-5,-5,-5,-5,-5	5,5,-5,-5,-5,-5,-5,-5,-5,-5,-5,-5	ok
1.851852	-12.672673	-17.600326	0.318185	continued:5	234423788543221666869589841058293256947146341237195864601416477436698628991306797316927419517835903704062369926128505986131086308323707723104885844013406139912331275047936097075338153134536045526602735736187042702500876777949896057387139866447897836135824987201314303393414052441331120493663372214784751984612804307726427834224044196053155721294739338989976961997130604033561470037953461789605691329414855138818218678563218948498653041753573961857564835739617376401872230998128083344303799255347425513476610340847390080141947059473444816358966000874332055039940658215720635816392733353739240282901202784242707254067839658762087654622528876743524998665194185488324753013959170811231184200356038575167906207721211308495133175186485165850822628149461648589167183953256012810548503945017032975724990000835694304387823782550274258452500678345602191094147579842401072431574364123837737390186204481470265529613022530374510446495867040491880955916570442561280684043606359392066629010811993532813174562472968172248426984462248248925928201806371061861215943945873677143671273363947668335232013415699945594883675877387393413311058985669465060917316532519964651114216984305598966088047800033630743406920038571779325106346279970060983085027070172213662974890067947111901425219142335457776470265151000889644531674077094924441583525428816369696318296860925586036017271456757514972725478268666789184117754925026168324007922117257010488251107141966497020181382677152724969978718745262514997229344711893368909327351181313713900599369289379545847960858522037443056777505866140956024560979834881154414172190868432259364431819069722963706795216439622364348844358091644561581270875457898368239717297611927244243801145336353142009798001756140697943969691340532146475568005812928115994021970665077287558512709312893959910479359794408707877011008782650548505741608472286868099136604284645416831339644546757959513829006187452078818311444678245567167449182251853755645466347625529461194720341886723166587663735525736998274763208004608079889303716442473398609842570773601771650186581893599569491675225371696817435733785643875873968310654438040032078493469624978033461421886918548295891242702097488881158479497960678600305022407984904461237921332991441594113488938541679898602533315526433576621187586557497623348573809110190795164307502283077579945651775008526338166207047579836197247180928727594763451048227766255431703127890469913310586532323149997815190608549694232874385535125837384997636129517865100015707647901124467359284582365383335580671772685811605406214039050415610400247848903159023139846867084677873579638012536591201966778933867234477983994781273571683756163997602639911593056720320031233735478569676230457163556582516896956008028331687158363173067840531487557446173498430141229198642412421193500164599403676547039605733573218344368362527551682218507607128795485847174669308477459093339888634775264473926923292725025659788089033896284566537067786371429472341322084204605188748947723667158	234423788543221666869589841058293256947146341237195864601416477436698628991306797316927419517835903704062369926128505986131086308323707723104885844013406139912331275047936097075338153131234016116711701491432265625940816441588332097703628627751311952085943954455548645382492798608667916644772012901191847944804467694528824409829485788038982840360738023483404363341952458955110067928170243787308388305605436414789096840112693010893262889540310426019550538079684469572217546824504887123648821245465060581782701461746475844158890108995084951999189569351873765631831087132286614147199138796246027104134022716653324636643193124936044343872737424495970972672939929822891773419584617566233184657473218750237280566993017472268989828037973409731080687508589749401077765870739561966105442604225268751794721442529781362979179346445712115866200959069110030994400423452041899825024920582918924502287731617305972111779145174683694409616668032884969897263781259491734229274450111934385104747017085778790934787828568239397072590628475652519149315477760956963444873175080969116510691399431273649623700153747588931330686005608436573571868770291523528988804669814374530772475665865206993877642619084751782128999188475575815984673508366850699103911845370186420103032743337472752084206918308586593890407312089680548551013668141313836706382210078190305480674941015179553605893678556492917429720825116948621139799537426181472086832540762384162020758951855801995636383789277659499530899631103924249690930111404593468620421055435423587016810195286737477650792227546021471036214418601025608517366754102960008200794562948884905806349257247314545601024294345143687245754338291752708288972362026882209420994781865252243282723132511155174531877666624286900888542173986273845766971540189699928252299878472084801527377046146322788160206892719090003920512308210106325310668718274837329691155755136217617976330748494374590483189307305455949985662475291090486594546997071131739522406076486066275942386575001016378509956476877314527531707507279412083600318681852930279885562044709913115669956387715951154003159615122263497398717944972985465535936602385998679757087117674658024564972348696418583150912665440090824586945378012500026835724142401572545534389478160393414554520723080469447404127341335354809800124918106193240903865309009616116938018088318168090266973665359414455372352516737564431308068985267990545303672234166678500221126662230738031367711004413559254584584044065035097902619569288937872764137394369023790301224709817086956600191323508474874463661454760670792218098781859107166624611604770177516430852111004842426519315118392758464010095558641509730256240370384538600659064826689818354682078280254284423030448568370939579640068685323993879747119069356780204042340710488333035708964728409262284389790571241631645756430819867306412037151826403660116424619548805575036639597283509028318921625723415797708522542643089248127063054475490592314883689104050530518580662600111603847183433574940641526988150	-2,-6,5,5,-5,-5,-5,-5,-5,-5,-5,-5	5,5,-5,-5,-5,-5,-5,-5,-5,-5,-5,-5	ok
1.855856	-12.672673	-17.599437	0.318018	continued:5	234423788543221666869589841058293256947146341237195864601416477436698628991306797316927419517835903704062369926128505986131086308323707723104885844013406139912331275047936097075338153134536045526602735736187042702500876777949896057387139866447897836135824987201314303393414052441331120493663372214784751984612804307726427834224044196053155721294739338989976961997130604033561470037953461789605691329414855138818218678563218948498653041753573961857564835739617376401872230998128083344303799255347425513476610340847390080141947059473444816358966000874332055039940658215720635816392733353739240282901202784242707254067839658762087654622528876743524998665194185488324753013959170811231184200356038575167906207721211308495133175186485165850822628149461648589167183953256012810548503945017032975724990000835694304387823782550274258452500678345602191094147579842401072431574364123837737390186204481470265529613022530374510446495867040491880955916570442561280684043606359392066629010811993532813174562472968172248426984462248248925928201806371061861215943945873677143671273363947668335232013415699945594883675877387393413311058985669465060917316532519964651114216984305598966088047800033630743406920038571779325106346279970060983085027070172213662974890067947111901425219142335457776470265151000889644531674077094924441583525428816369696318296860925586036017271456757514972725478268666789184117754925026168324007922117257010488251107141966497020181382677152724969978718745262514997229344711893368909327351181313713900599369289379545847960858522037443056777505866140956024560979834881154414172190868432259364431819069722963706795216439622364348844358091644561581270875457898368239717297611927244243801145336353142009798001756140697943969691340532146475568005812928115994021970665077287558512709312893959910479359794408707877011008782650548505741608472286868099136604284645416831339644546757959513829006187452078818311444678245567167449182251853755645466347625529461194720341886723166587663735525736998274763208004608079889303716442473398609842570773601771650186581893599569491675225371696817435733785643875873968310654438040032078493469624978033461421886918548295891242702097488881158479497960678600305022407984904461237921332991441594113488938541679898602533315526433576621187586557497623348573809110190795164307502283077579945651775008526338166207047579836197247180928727594763451048227766255431703127890469913310586532323149997815190608549694232874385535125837384997636129517865100015707647901124467359284582365383335580671772685811605406214039050415610400247848903159023139846867084677873579638012536591201966778933867234477983994781273571683756163997602639911593056720320031233735478569676230457163556582516896956008028331687158363173067840531487557446173498430141229198642412421193500164599403676547039605733573218344368362527551682218507607128795485847174669308477459093339888634775264473926923292725025659788089033896284566537067786371429472341322084204605188748947723667158	234423788543221666869589841058293256947146341237195864601416477436698628991306797316927419517835903704062369926128505986131086308323707723104885844013406139912331275047936097075338153131234016116711701491432265625940816441588332097703628627751311952085943954455548645382492798608667916644772012901191847944804467694528824409829485788038982840360738023483404363341952458955110067928170243787308388305605436414789096840112693010893262889540310426019550538079684469572217546824504887123648821245465060581782701461746475844158890108995084951999189569351873765631831087132286614147199138796246027104134022716653324636643193124936044343872737424495970972672939929822891773419584617566233184657473218750237280566993017472268989828037973409731080687508589749401077765870739561966105442604225268751794721442529781362979179346445712115866200959069110030994400423452041899825024920582918924502287731617305972111779145174683694409616668032884969897263781259491734229274450111934385104747017085778790934787828568239397072590628475652519149315477760956963444873175080969116510691399431273649623700153747588931330686005608436573571868770291523528988804669814374530772475665865206993877642619084751782128999188475575815984673508366850699103911845370186420103032743337472752084206918308586593890407312089680548551013668141313836706382210078190305480674941015179553605893678556492917429720825116948621139799537426181472086832540762384162020758951855801995636383789277659499530899631103924249690930111404593468620421055435423587016810195286737477650792227546021471036214418601025608517366754102960008200794562948884905806349257247314545601024294345143687245754338291752708288972362026882209420994781865252243282723132511155174531877666624286900888542173986273845766971540189699928252299878472084801527377046146322788160206892719090003920512308210106325310668718274837329691155755136217617976330748494374590483189307305455949985662475291090486594546997071131739522406076486066275942386575001016378509956476877314527531707507279412083600318681852930279885562044709913115669956387715951154003159615122263497398717944972985465535936602385998679757087117674658024564972348696418583150912665440090824586945378012500026835724142401572545534389478160393414554520723080469447404127341335354809800124918106193240903865309009616116938018088318168090266973665359414455372352516737564431308068985267990545303672234166678500221126662230738031367711004413559254584584044065035097902619569288937872764137394369023790301224709817086956600191323508474874463661454760670792218098781859107166624611604770177516430852111004842426519315118392758464010095558641509730256240370384538600659064826689818354682078280254284423030448568370939579640068685323993879747119069356780204042340710488333035708964728409262284389790571241631645756430819867306412037151826403660116424619548805575036639597283509028318921625723415797708522542643089248127063054475490592314883689104050530518580662600111603847183433574940641526988150	-2,-6,5,5,-5,-5,-5,-5,-5,-5,-5,-5	5,5,-5,-5,-5,-5,-5,-5,-5,-5,-5,-5	ok
1.859860	-12.672673	-17.597442	0.317644	continued:5	234423788543221666869589841058293256947146341237195864601416477436698628991306797316927419517835903704062369926128505986131086308323707723104885844013406139912331275047936097075338153134536045526602735736187042702500876777949896057387139866447897836135824987201314303393414052441331120493663372214784751984612804307726427834224044196053155721294739338989976961997130604033561470037953461789605691329414855138818218678563218948498653041753573961857564835739617376401872230998128083344303799255347425513476610340847390080141947059473444816358966000874332055039940658215720635816392733353739240282901202784242707254067839658762087654622528876743524998665194185488324753013959170811231184200356038575167906207721211308495133175186485165850822628149461648589167183953256012810548503945017032975724990000835694304387823782550274258452500678345602191094147579842401072431574364123837737390186204481470265529613022530374510446495867040491880955916570442561280684043606359392066629010811993532813174562472968172248426984462248248925928201806371061861215943945873677143671273363947668335232013415699945594883675877387393413311058985669465060917316532519964651114216984305598966088047800033630743406920038571779325106346279970060983085027070172213662974890067947111901425219142335457776470265151000889644531674077094924441583525428816369696318296860925586036017271456757514972725478268666789184117754925026168324007922117257010488251107141966497020181382677152724969978718745262514997229344711893368909327351181313713900599369289379545847960858522037443056777505866140956024560979834881154414172190868432259364431819069722963706795216439622364348844358091644561581270875457898368239717297611927244243801145336353142009798001756140697943969691340532146475568005812928115994021970665077287558512709312893959910479359794408707877011008782650548505741608472286868099136604284645416831339644546757959513829006187452078818311444678245567167449182251853755645466347625529461194720341886723166587663735525736998274763208004608079889303716442473398609842570773601771650186581893599569491675225371696817435733785643875873968310654438040032078493469624978033461421886918548295891242702097488881158479497960678600305022407984904461237921332991441594113488938541679898602533315526433576621187586557497623348573809110190795164307502283077579945651775008526338166207047579836197247180928727594763451048227766255431703127890469913310586532323149997815190608549694232874385535125837384997636129517865100015707647901124467359284582365383335580671772685811605406214039050415610400247848903159023139846867084677873579638012536591201966778933867234477983994781273571683756163997602639911593056720320031233735478569676230457163556582516896956008028331687158363173067840531487557446173498430141229198642412421193500164599403676547039605733573218344368362527551682218507607128795485847174669308477459093339888634775264473926923292725025659788089033896284566537067786371429472341322084204605188748947723667158	234423788543221666869589841058293256947146341237195864601416477436698628991306797316927419517835903704062369926128505986131086308323707723104885844013406139912331275047936097075338153131234016116711701491432265625940816441588332097703628627751311952085943954455548645382492798608667916644772012901191847944804467694528824409829485788038982840360738023483404363341952458955110067928170243787308388305605436414789096840112693010893262889540310426019550538079684469572217546824504887123648821245465060581782701461746475844158890108995084951999189569351873765631831087132286614147199138796246027104134022716653324636643193124936044343872737424495970972672939929822891773419584617566233184657473218750237280566993017472268989828037973409731080687508589749401077765870739561966105442604225268751794721442529781362979179346445712115866200959069110030994400423452041899825024920582918924502287731617305972111779145174683694409616668032884969897263781259491734229274450111934385104747017085778790934787828568239397072590628475652519149315477760956963444873175080969116510691399431273649623700153747588931330686005608436573571868770291523528988804669814374530772475665865206993877642619084751782128999188475575815984673508366850699103911845370186420103032743337472752084206918308586593890407312089680548551013668141313836706382210078190305480674941015179553605893678556492917429720825116948621139799537426181472086832540762384162020758951855801995636383789277659499530899631103924249690930111404593468620421055435423587016810195286737477650792227546021471036214418601025608517366754102960008200794562948884905806349257247314545601024294345143687245754338291752708288972362026882209420994781865252243282723132511155174531877666624286900888542173986273845766971540189699928252299878472084801527377046146322788160206892719090003920512308210106325310668718274837329691155755136217617976330748494374590483189307305455949985662475291090486594546997071131739522406076486066275942386575001016378509956476877314527531707507279412083600318681852930279885562044709913115669956387715951154003159615122263497398717944972985465535936602385998679757087117674658024564972348696418583150912665440090824586945378012500026835724142401572545534389478160393414554520723080469447404127341335354809800124918106193240903865309009616116938018088318168090266973665359414455372352516737564431308068985267990545303672234166678500221126662230738031367711004413559254584584044065035097902619569288937872764137394369023790301224709817086956600191323508474874463661454760670792218098781859107166624611604770177516430852111004842426519315118392758464010095558641509730256240370384538600659064826689818354682078280254284423030448568370939579640068685323993879747119069356780204042340710488333035708964728409262284389790571241631645756430819867306412037151826403660116424619548805575036639597283509028318921625723415797708522542643089248127063054475490592314883689104050530518580662600111603847183433574940641526988150	-2,-6,5,5,-5,-5,-5,-5,-5,-5,-5,-5	5,5,-5,-5,-5,-5,-5,-5,-5,-5,-5,-5	ok
1.863864	-12.672673	-17.596552	0.317477	continued:5	234423788543221666869589841058293256947146341237195864601416477436698628991306797316927419517835903704062369926128505986131086308323707723104885844013406139912331275047936097075338153134536045526602735736187042702500876777949896057387139866447897836135824987201314303393414052441331120493663372214784751984612804307726427834224044196053155721294739338989976961997130604033561470037953461789605691329414855138818218678563218948498653041753573961857564835739617376401872230998128083344303799255347425513476610340847390080141947059473444816358966000874332055039940658215720635816392733353739240282901202784242707254067839658762087654622528876743524998665194185488324753013959170811231184200356038575167906207721211308495133175186485165850822628149461648589167183953256012810548503945017032975724990000835694304387823782550274258452500678345602191094147579842401072431574364123837737390186204481470265529613022530374510446495867040491880955916570442561280684043606359392066629010811993532813174562472968172248426984462248248925928201806371061861215943945873677143671273363947668335232013415699945594883675877387393413311058985669465060917316532519964651114216984305598966088047800033630743406920038571779325106346279970060983085027070172213662974890067947111901425219142335457776470265151000889644531674077094924441583525428816369696318296860925586036017271456757514972725478268666789184117754925026168324007922117257010488251107141966497020181382677152724969978718745262514997229344711893368909327351181313713900599369289379545847960858522037443056777505866140956024560979834881154414172190868432259364431819069722963706795216439622364348844358091644561581270875457898368239717297611927244243801145336353142009798001756140697943969691340532146475568005812928115994021970665077287558512709312893959910479359794408707877011008782650548505741608472286868099136604284645416831339644546757959513829006187452078818311444678245567167449182251853755645466347625529461194720341886723166587663735525736998274763208004608079889303716442473398609842570773601771650186581893599569491675225371696817435733785643875873968310654438040032078493469624978033461421886918548295891242702097488881158479497960678600305022407984904461237921332991441594113488938541679898602533315526433576621187586557497623348573809110190795164307502283077579945651775008526338166207047579836197247180928727594763451048227766255431703127890469913310586532323149997815190608549694232874385535125837384997636129517865100015707647901124467359284582365383335580671772685811605406214039050415610400247848903159023139846867084677873579638012536591201966778933867234477983994781273571683756163997602639911593056720320031233735478569676230457163556582516896956008028331687158363173067840531487557446173498430141229198642412421193500164599403676547039605733573218344368362527551682218507607128795485847174669308477459093339888634775264473926923292725025659788089033896284566537067786371429472341322084204605188748947723667158	234423788543221666869589841058293256947146341237195864601416477436698628991306797316927419517835903704062369926128505986131086308323707723104885844013406139912331275047936097075338153131234016116711701491432265625940816441588332097703628627751311952085943954455548645382492798608667916644772012901191847944804467694528824409829485788038982840360738023483404363341952458955110067928170243787308388305605436414789096840112693010893262889540310426019550538079684469572217546824504887123648821245465060581782701461746475844158890108995084951999189569351873765631831087132286614147199138796246027104134022716653324636643193124936044343872737424495970972672939929822891773419584617566233184657473218750237280566993017472268989828037973409731080687508589749401077765870739561966105442604225268751794721442529781362979179346445712115866200959069110030994400423452041899825024920582918924502287731617305972111779145174683694409616668032884969897263781259491734229274450111934385104747017085778790934787828568239397072590628475652519149315477760956963444873175080969116510691399431273649623700153747588931330686005608436573571868770291523528988804669814374530772475665865206993877642619084751782128999188475575815984673508366850699103911845370186420103032743337472752084206918308586593890407312089680548551013668141313836706382210078190305480674941015179553605893678556492917429720825116948621139799537426181472086832540762384162020758951855801995636383789277659499530899631103924249690930111404593468620421055435423587016810195286737477650792227546021471036214418601025608517366754102960008200794562948884905806349257247314545601024294345143687245754338291752708288972362026882209420994781865252243282723132511155174531877666624286900888542173986273845766971540189699928252299878472084801527377046146322788160206892719090003920512308210106325310668718274837329691155755136217617976330748494374590483189307305455949985662475291090486594546997071131739522406076486066275942386575001016378509956476877314527531707507279412083600318681852930279885562044709913115669956387715951154003159615122263497398717944972985465535936602385998679757087117674658024564972348696418583150912665440090824586945378012500026835724142401572545534389478160393414554520723080469447404127341335354809800124918106193240903865309009616116938018088318168090266973665359414455372352516737564431308068985267990545303672234166678500221126662230738031367711004413559254584584044065035097902619569288937872764137394369023790301224709817086956600191323508474874463661454760670792218098781859107166624611604770177516430852111004842426519315118392758464010095558641509730256240370384538600659064826689818354682078280254284423030448568370939579640068685323993879747119069356780204042340710488333035708964728409262284389790571241631645756430819867306412037151826403660116424619548805575036639597283509028318921625723415797708522542643089248127063054475490592314883689104050530518580662600111603847183433574940641526988150	-2,-6,5,5,-5,-5,-5,-5,-5,-5,-5,-5	5,5,-5,-5,-5,-5,-5,-5,-5,-5,-5,-5	ok
1.867868	-12.672673	-17.594555	0.317103	continued:5	234423788543221666869589841058293256947146341237195864601416477436698628991306797316927419517835903704062369926128505986131086308323707723104885844013406139912331275047936097075338153134536045526602735736187042702500876777949896057387139866447897836135824987201314303393414052441331120493663372214784751984612804307726427834224044196053155721294739338989976961997130604033561470037953461789605691329414855138818218678563218948498653041753573961857564835739617376401872230998128083344303799255347425513476610340847390080141947059473444816358966000874332055039940658215720635816392733353739240282901202784242707254067839658762087654622528876743524998665194185488324753013959170811231184200356038575167906207721211308495133175186485165850822628149461648589167183953256012810548503945017032975724990000835694304387823782550274258452500678345602191094147579842401072431574364123837737390186204481470265529613022530374510446495867040491880955916570442561280684043606359392066629010811993532813174562472968172248426984462248248925928201806371061861215943945873677143671273363947668335232013415699945594883675877387393413311058985669465060917316532519964651114216984305598966088047800033630743406920038571779325106346279970060983085027070172213662974890067947111901425219142335457776470265151000889644531674077094924441583525428816369696318296860925586036017271456757514972725478268666789184117754925026168324007922117257010488251107141966497020181382677152724969978718745262514997229344711893368909327351181313713900599369289379545847960858522037443056777505866140956024560979834881154414172190868432259364431819069722963706795216439622364348844358091644561581270875457898368239717297611927244243801145336353142009798001756140697943969691340532146475568005812928115994021970665077287558512709312893959910479359794408707877011008782650548505741608472286868099136604284645416831339644546757959513829006187452078818311444678245567167449182251853755645466347625529461194720341886723166587663735525736998274763208004608079889303716442473398609842570773601771650186581893599569491675225371696817435733785643875873968310654438040032078493469624978033461421886918548295891242702097488881158479497960678600305022407984904461237921332991441594113488938541679898602533315526433576621187586557497623348573809110190795164307502283077579945651775008526338166207047579836197247180928727594763451048227766255431703127890469913310586532323149997815190608549694232874385535125837384997636129517865100015707647901124467359284582365383335580671772685811605406214039050415610400247848903159023139846867084677873579638012536591201966778933867234477983994781273571683756163997602639911593056720320031233735478569676230457163556582516896956008028331687158363173067840531487557446173498430141229198642412421193500164599403676547039605733573218344368362527551682218507607128795485847174669308477459093339888634775264473926923292725025659788089033896284566537067786371429472341322084204605188748947723667158	234423788543221666869589841058293256947146341237195864601416477436698628991306797316927419517835903704062369926128505986131086308323707723104885844013406139912331275047936097075338153131234016116711701491432265625940816441588332097703628627751311952085943954455548645382492798608667916644772012901191847944804467694528824409829485788038982840360738023483404363341952458955110067928170243787308388305605436414789096840112693010893262889540310426019550538079684469572217546824504887123648821245465060581782701461746475844158890108995084951999189569351873765631831087132286614147199138796246027104134022716653324636643193124936044343872737424495970972672939929822891773419584617566233184657473218750237280566993017472268989828037973409731080687508589749401077765870739561966105442604225268751794721442529781362979179346445712115866200959069110030994400423452041899825024920582918924502287731617305972111779145174683694409616668032884969897263781259491734229274450111934385104747017085778790934787828568239397072590628475652519149315477760956963444873175080969116510691399431273649623700153747588931330686005608436573571868770291523528988804669814374530772475665865206993877642619084751782128999188475575815984673508366850699103911845370186420103032743337472752084206918308586593890407312089680548551013668141313836706382210078190305480674941015179553605893678556492917429720825116948621139799537426181472086832540762384162020758951855801995636383789277659499530899631103924249690930111404593468620421055435423587016810195286737477650792227546021471036214418601025608517366754102960008200794562948884905806349257247314545601024294345143687245754338291752708288972362026882209420994781865252243282723132511155174531877666624286900888542173986273845766971540189699928252299878472084801527377046146322788160206892719090003920512308210106325310668718274837329691155755136217617976330748494374590483189307305455949985662475291090486594546997071131739522406076486066275942386575001016378509956476877314527531707507279412083600318681852930279885562044709913115669956387715951154003159615122263497398717944972985465535936602385998679757087117674658024564972348696418583150912665440090824586945378012500026835724142401572545534389478160393414554520723080469447404127341335354809800124918106193240903865309009616116938018088318168090266973665359414455372352516737564431308068985267990545303672234166678500221126662230738031367711004413559254584584044065035097902619569288937872764137394369023790301224709817086956600191323508474874463661454760670792218098781859107166624611604770177516430852111004842426519315118392758464010095558641509730256240370384538600659064826689818354682078280254284423030448568370939579640068685323993879747119069356780204042340710488333035708964728409262284389790571241631645756430819867306412037151826403660116424619548805575036639597283509028318921625723415797708522542643089248127063054475490592314883689104050530518580662600111603847183433574940641526988150	-2,-6,5,5,-5,-5,-5,-5,-5,-5,-5,-5	5,5,-5,-5,-5,-5,-5,-5,-5,-5,-5,-5	ok
1.871872	-12.672673	-17.593664	0.316936	continued:5	234423788543221666869589841058293256947146341237195864601416477436698628991306797316927419517835903704062369926128505986131086308323707723104885844013406139912331275047936097075338153134536045526602735736187042702500876777949896057387139866447897836135824987201314303393414052441331120493663372214784751984612804307726427834224044196053155721294739338989976961997130604033561470037953461789605691329414855138818218678563218948498653041753573961857564835739617376401872230998128083344303799255347425513476610340847390080141947059473444816358966000874332055039940658215720635816392733353739240282901202784242707254067839658762087654622528876743524998665194185488324753013959170811231184200356038575167906207721211308495133175186485165850822628149461648589167183953256012810548503945017032975724990000835694304387823782550274258452500678345602191094147579842401072431574364123837737390186204481470265529613022530374510446495867040491880955916570442561280684043606359392066629010811993532813174562472968172248426984462248248925928201806371061861215943945873677143671273363947668335232013415699945594883675877387393413311058985669465060917316532519964651114216984305598966088047800033630743406920038571779325106346279970060983085027070172213662974890067947111901425219142335457776470265151000889644531674077094924441583525428816369696318296860925586036017271456757514972725478268666789184117754925026168324007922117257010488251107141966497020181382677152724969978718745262514997229344711893368909327351181313713900599369289379545847960858522037443056777505866140956024560979834881154414172190868432259364431819069722963706795216439622364348844358091644561581270875457898368239717297611927244243801145336353142009798001756140697943969691340532146475568005812928115994021970665077287558512709312893959910479359794408707877011008782650548505741608472286868099136604284645416831339644546757959513829006187452078818311444678245567167449182251853755645466347625529461194720341886723166587663735525736998274763208004608079889303716442473398609842570773601771650186581893599569491675225371696817435733785643875873968310654438040032078493469624978033461421886918548295891242702097488881158479497960678600305022407984904461237921332991441594113488938541679898602533315526433576621187586557497623348573809110190795164307502283077579945651775008526338166207047579836197247180928727594763451048227766255431703127890469913310586532323149997815190608549694232874385535125837384997636129517865100015707647901124467359284582365383335580671772685811605406214039050415610400247848903159023139846867084677873579638012536591201966778933867234477983994781273571683756163997602639911593056720320031233735478569676230457163556582516896956008028331687158363173067840531487557446173498430141229198642412421193500164599403676547039605733573218344368362527551682218507607128795485847174669308477459093339888634775264473926923292725025659788089033896284566537067786371429472341322084204605188748947723667158	234423788543221666869589841058293256947146341237195864601416477436698628991306797316927419517835903704062369926128505986131086308323707723104885844013406139912331275047936097075338153131234016116711701491432265625940816441588332097703628627751311952085943954455548645382492798608667916644772012901191847944804467694528824409829485788038982840360738023483404363341952458955110067928170243787308388305605436414789096840112693010893262889540310426019550538079684469572217546824504887123648821245465060581782701461746475844158890108995084951999189569351873765631831087132286614147199138796246027104134022716653324636643193124936044343872737424495970972672939929822891773419584617566233184657473218750237280566993017472268989828037973409731080687508589749401077765870739561966105442604225268751794721442529781362979179346445712115866200959069110030994400423452041899825024920582918924502287731617305972111779145174683694409616668032884969897263781259491734229274450111934385104747017085778790934787828568239397072590628475652519149315477760956963444873175080969116510691399431273649623700153747588931330686005608436573571868770291523528988804669814374530772475665865206993877642619084751782128999188475575815984673508366850699103911845370186420103032743337472752084206918308586593890407312089680548551013668141313836706382210078190305480674941015179553605893678556492917429720825116948621139799537426181472086832540762384162020758951855801995636383789277659499530899631103924249690930111404593468620421055435423587016810195286737477650792227546021471036214418601025608517366754102960008200794562948884905806349257247314545601024294345143687245754338291752708288972362026882209420994781865252243282723132511155174531877666624286900888542173986273845766971540189699928252299878472084801527377046146322788160206892719090003920512308210106325310668718274837329691155755136217617976330748494374590483189307305455949985662475291090486594546997071131739522406076486066275942386575001016378509956476877314527531707507279412083600318681852930279885562044709913115669956387715951154003159615122263497398717944972985465535936602385998679757087117674658024564972348696418583150912665440090824586945378012500026835724142401572545534389478160393414554520723080469447404127341335354809800124918106193240903865309009616116938018088318168090266973665359414455372352516737564431308068985267990545303672234166678500221126662230738031367711004413559254584584044065035097902619569288937872764137394369023790301224709817086956600191323508474874463661454760670792218098781859107166624611604770177516430852111004842426519315118392758464010095558641509730256240370384538600659064826689818354682078280254284423030448568370939579640068685323993879747119069356780204042340710488333035708964728409262284389790571241631645756430819867306412037151826403660116424619548805575036639597283509028318921625723415797708522542643089248127063054475490592314883689104050530518580662600111603847183433574940641526988150	-2,-6,5,5,-5,-5,-5,-5,-5,-5,-5,-5	5,5,-5,-5,-5,-5,-5,-5,-5,-5,-5,-5	ok
1.875876	-12.672673	-17.591665	0.316562	continued:5	234423788543221666869589841058293256947146341237195864601416477436698628991306797316927419517835903704062369926128505986131086308323707723104885844013406139912331275047936097075338153134536045526602735736187042702500876777949896057387139866447897836135824987201314303393414052441331120493663372214784751984612804307726427834224044196053155721294739338989976961997130604033561470037953461789605691329414855138818218678563218948498653041753573961857564835739617376401872230998128083344303799255347425513476610340847390080141947059473444816358966000874332055039940658215720635816392733353739240282901202784242707254067839658762087654622528876743524998665194185488324753013959170811231184200356038575167906207721211308495133175186485165850822628149461648589167183953256012810548503945017032975724990000835694304387823782550274258452500678345602191094147579842401072431574364123837737390186204481470265529613022530374510446495867040491880955916570442561280684043606359392066629010811993532813174562472968172248426984462248248925928201806371061861215943945873677143671273363947668335232013415699945594883675877387393413311058985669465060917316532519964651114216984305598966088047800033630743406920038571779325106346279970060983085027070172213662974890067947111901425219142335457776470265151000889644531674077094924441583525428816369696318296860925586036017271456757514972725478268666789184117754925026168324007922117257010488251107141966497020181382677152724969978718745262514997229344711893368909327351181313713900599369289379545847960858522037443056777505866140956024560979834881154414172190868432259364431819069722963706795216439622364348844358091644561581270875457898368239717297611927244243801145336353142009798001756140697943969691340532146475568005812928115994021970665077287558512709312893959910479359794408707877011008782650548505741608472286868099136604284645416831339644546757959513829006187452078818311444678245567167449182251853755645466347625529461194720341886723166587663735525736998274763208004608079889303716442473398609842570773601771650186581893599569491675225371696817435733785643875873968310654438040032078493469624978033461421886918548295891242702097488881158479497960678600305022407984904461237921332991441594113488938541679898602533315526433576621187586557497623348573809110190795164307502283077579945651775008526338166207047579836197247180928727594763451048227766255431703127890469913310586532323149997815190608549694232874385535125837384997636129517865100015707647901124467359284582365383335580671772685811605406214039050415610400247848903159023139846867084677873579638012536591201966778933867234477983994781273571683756163997602639911593056720320031233735478569676230457163556582516896956008028331687158363173067840531487557446173498430141229198642412421193500164599403676547039605733573218344368362527551682218507607128795485847174669308477459093339888634775264473926923292725025659788089033896284566537067786371429472341322084204605188748947723667158	234423788543221666869589841058293256947146341237195864601416477436698628991306797316927419517835903704062369926128505986131086308323707723104885844013406139912331275047936097075338153131234016116711701491432265625940816441588332097703628627751311952085943954455548645382492798608667916644772012901191847944804467694528824409829485788038982840360738023483404363341952458955110067928170243787308388305605436414789096840112693010893262889540310426019550538079684469572217546824504887123648821245465060581782701461746475844158890108995084951999189569351873765631831087132286614147199138796246027104134022716653324636643193124936044343872737424495970972672939929822891773419584617566233184657473218750237280566993017472268989828037973409731080687508589749401077765870739561966105442604225268751794721442529781362979179346445712115866200959069110030994400423452041899825024920582918924502287731617305972111779145174683694409616668032884969897263781259491734229274450111934385104747017085778790934787828568239397072590628475652519149315477760956963444873175080969116510691399431273649623700153747588931330686005608436573571868770291523528988804669814374530772475665865206993877642619084751782128999188475575815984673508366850699103911845370186420103032743337472752084206918308586593890407312089680548551013668141313836706382210078190305480674941015179553605893678556492917429720825116948621139799537426181472086832540762384162020758951855801995636383789277659499530899631103924249690930111404593468620421055435423587016810195286737477650792227546021471036214418601025608517366754102960008200794562948884905806349257247314545601024294345143687245754338291752708288972362026882209420994781865252243282723132511155174531877666624286900888542173986273845766971540189699928252299878472084801527377046146322788160206892719090003920512308210106325310668718274837329691155755136217617976330748494374590483189307305455949985662475291090486594546997071131739522406076486066275942386575001016378509956476877314527531707507279412083600318681852930279885562044709913115669956387715951154003159615122263497398717944972985465535936602385998679757087117674658024564972348696418583150912665440090824586945378012500026835724142401572545534389478160393414554520723080469447404127341335354809800124918106193240903865309009616116938018088318168090266973665359414455372352516737564431308068985267990545303672234166678500221126662230738031367711004413559254584584044065035097902619569288937872764137394369023790301224709817086956600191323508474874463661454760670792218098781859107166624611604770177516430852111004842426519315118392758464010095558641509730256240370384538600659064826689818354682078280254284423030448568370939579640068685323993879747119069356780204042340710488333035708964728409262284389790571241631645756430819867306412037151826403660116424619548805575036639597283509028318921625723415797708522542643089248127063054475490592314883689104050530518580662600111603847183433574940641526988150	-2,-6,5,5,-5,-5,-5,-5,-5,-5,-5,-5	5,5,-5,-5,-5,-5,-5,-5,-5,-5,-5,-5	ok
1.879880	-12.672673	-17.590776	0.316395	continued:5	234423788543221666869589841058293256947146341237195864601416477436698628991306797316927419517835903704062369926128505986131086308323707723104885844013406139912331275047936097075338153134536045526602735736187042702500876777949896057387139866447897836135824987201314303393414052441331120493663372214784751984612804307726427834224044196053155721294739338989976961997130604033561470037953461789605691329414855138818218678563218948498653041753573961857564835739617376401872230998128083344303799255347425513476610340847390080141947059473444816358966000874332055039940658215720635816392733353739240282901202784242707254067839658762087654622528876743524998665194185488324753013959170811231184200356038575167906207721211308495133175186485165850822628149461648589167183953256012810548503945017032975724990000835694304387823782550274258452500678345602191094147579842401072431574364123837737390186204481470265529613022530374510446495867040491880955916570442561280684043606359392066629010811993532813174562472968172248426984462248248925928201806371061861215943945873677143671273363947668335232013415699945594883675877387393413311058985669465060917316532519964651114216984305598966088047800033630743406920038571779325106346279970060983085027070172213662974890067947111901425219142335457776470265151000889644531674077094924441583525428816369696318296860925586036017271456757514972725478268666789184117754925026168324007922117257010488251107141966497020181382677152724969978718745262514997229344711893368909327351181313713900599369289379545847960858522037443056777505866140956024560979834881154414172190868432259364431819069722963706795216439622364348844358091644561581270875457898368239717297611927244243801145336353142009798001756140697943969691340532146475568005812928115994021970665077287558512709312893959910479359794408707877011008782650548505741608472286868099136604284645416831339644546757959513829006187452078818311444678245567167449182251853755645466347625529461194720341886723166587663735525736998274763208004608079889303716442473398609842570773601771650186581893599569491675225371696817435733785643875873968310654438040032078493469624978033461421886918548295891242702097488881158479497960678600305022407984904461237921332991441594113488938541679898602533315526433576621187586557497623348573809110190795164307502283077579945651775008526338166207047579836197247180928727594763451048227766255431703127890469913310586532323149997815190608549694232874385535125837384997636129517865100015707647901124467359284582365383335580671772685811605406214039050415610400247848903159023139846867084677873579638012536591201966778933867234477983994781273571683756163997602639911593056720320031233735478569676230457163556582516896956008028331687158363173067840531487557446173498430141229198642412421193500164599403676547039605733573218344368362527551682218507607128795485847174669308477459093339888634775264473926923292725025659788089033896284566537067786371429472341322084204605188748947723667158	234423788543221666869589841058293256947146341237195864601416477436698628991306797316927419517835903704062369926128505986131086308323707723104885844013406139912331275047936097075338153131234016116711701491432265625940816441588332097703628627751311952085943954455548645382492798608667916644772012901191847944804467694528824409829485788038982840360738023483404363341952458955110067928170243787308388305605436414789096840112693010893262889540310426019550538079684469572217546824504887123648821245465060581782701461746475844158890108995084951999189569351873765631831087132286614147199138796246027104134022716653324636643193124936044343872737424495970972672939929822891773419584617566233184657473218750237280566993017472268989828037973409731080687508589749401077765870739561966105442604225268751794721442529781362979179346445712115866200959069110030994400423452041899825024920582918924502287731617305972111779145174683694409616668032884969897263781259491734229274450111934385104747017085778790934787828568239397072590628475652519149315477760956963444873175080969116510691399431273649623700153747588931330686005608436573571868770291523528988804669814374530772475665865206993877642619084751782128999188475575815984673508366850699103911845370186420103032743337472752084206918308586593890407312089680548551013668141313836706382210078190305480674941015179553605893678556492917429720825116948621139799537426181472086832540762384162020758951855801995636383789277659499530899631103924249690930111404593468620421055435423587016810195286737477650792227546021471036214418601025608517366754102960008200794562948884905806349257247314545601024294345143687245754338291752708288972362026882209420994781865252243282723132511155174531877666624286900888542173986273845766971540189699928252299878472084801527377046146322788160206892719090003920512308210106325310668718274837329691155755136217617976330748494374590483189307305455949985662475291090486594546997071131739522406076486066275942386575001016378509956476877314527531707507279412083600318681852930279885562044709913115669956387715951154003159615122263497398717944972985465535936602385998679757087117674658024564972348696418583150912665440090824586945378012500026835724142401572545534389478160393414554520723080469447404127341335354809800124918106193240903865309009616116938018088318168090266973665359414455372352516737564431308068985267990545303672234166678500221126662230738031367711004413559254584584044065035097902619569288937872764137394369023790301224709817086956600191323508474874463661454760670792218098781859107166624611604770177516430852111004842426519315118392758464010095558641509730256240370384538600659064826689818354682078280254284423030448568370939579640068685323993879747119069356780204042340710488333035708964728409262284389790571241631645756430819867306412037151826403660116424619548805575036639597283509028318921625723415797708522542643089248127063054475490592314883689104050530518580662600111603847183433574940641526988150	-2,-6,5,5,-5,-5,-5,-5,-5,-5,-5,-5	5,5,-5,-5,-5,-5,-5,-5,-5,-5,-5,-5	ok
1.883884	-12.672673	-17.589883	0.316228	continued:5	234423788543221666869589841058293256947146341237195864601416477436698628991306797316927419517835903704062369926128505986131086308323707723104885844013406139912331275047936097075338153134536045526602735736187042702500876777949896057387139866447897836135824987201314303393414052441331120493663372214784751984612804307726427834224044196053155721294739338989976961997130604033561470037953461789605691329414855138818218678563218948498653041753573961857564835739617376401872230998128083344303799255347425513476610340847390080141947059473444816358966000874332055039940658215720635816392733353739240282901202784242707254067839658762087654622528876743524998665194185488324753013959170811231184200356038575167906207721211308495133175186485165850822628149461648589167183953256012810548503945017032975724990000835694304387823782550274258452500678345602191094147579842401072431574364123837737390186204481470265529613022530374510446495867040491880955916570442561280684043606359392066629010811993532813174562472968172248426984462248248925928201806371061861215943945873677143671273363947668335232013415699945594883675877387393413311058985669465060917316532519964651114216984305598966088047800033630743406920038571779325106346279970060983085027070172213662974890067947111901425219142335457776470265151000889644531674077094924441583525428816369696318296860925586036017271456757514972725478268666789184117754925026168324007922117257010488251107141966497020181382677152724969978718745262514997229344711893368909327351181313713900599369289379545847960858522037443056777505866140956024560979834881154414172190868432259364431819069722963706795216439622364348844358091644561581270875457898368239717297611927244243801145336353142009798001756140697943969691340532146475568005812928115994021970665077287558512709312893959910479359794408707877011008782650548505741608472286868099136604284645416831339644546757959513829006187452078818311444678245567167449182251853755645466347625529461194720341886723166587663735525736998274763208004608079889303716442473398609842570773601771650186581893599569491675225371696817435733785643875873968310654438040032078493469624978033461421886918548295891242702097488881158479497960678600305022407984904461237921332991441594113488938541679898602533315526433576621187586557497623348573809110190795164307502283077579945651775008526338166207047579836197247180928727594763451048227766255431703127890469913310586532323149997815190608549694232874385535125837384997636129517865100015707647901124467359284582365383335580671772685811605406214039050415610400247848903159023139846867084677873579638012536591201966778933867234477983994781273571683756163997602639911593056720320031233735478569676230457163556582516896956008028331687158363173067840531487557446173498430141229198642412421193500164599403676547039605733573218344368362527551682218507607128795485847174669308477459093339888634775264473926923292725025659788089033896284566537067786371429472341322084204605188748947723667158	234423788543221666869589841058293256947146341237195864601416477436698628991306797316927419517835903704062369926128505986131086308323707723104885844013406139912331275047936097075338153131234016116711701491432265625940816441588332097703628627751311952085943954455548645382492798608667916644772012901191847944804467694528824409829485788038982840360738023483404363341952458955110067928170243787308388305605436414789096840112693010893262889540310426019550538079684469572217546824504887123648821245465060581782701461746475844158890108995084951999189569351873765631831087132286614147199138796246027104134022716653324636643193124936044343872737424495970972672939929822891773419584617566233184657473218750237280566993017472268989828037973409731080687508589749401077765870739561966105442604225268751794721442529781362979179346445712115866200959069110030994400423452041899825024920582918924502287731617305972111779145174683694409616668032884969897263781259491734229274450111934385104747017085778790934787828568239397072590628475652519149315477760956963444873175080969116510691399431273649623700153747588931330686005608436573571868770291523528988804669814374530772475665865206993877642619084751782128999188475575815984673508366850699103911845370186420103032743337472752084206918308586593890407312089680548551013668141313836706382210078190305480674941015179553605893678556492917429720825116948621139799537426181472086832540762384162020758951855801995636383789277659499530899631103924249690930111404593468620421055435423587016810195286737477650792227546021471036214418601025608517366754102960008200794562948884905806349257247314545601024294345143687245754338291752708288972362026882209420994781865252243282723132511155174531877666624286900888542173986273845766971540189699928252299878472084801527377046146322788160206892719090003920512308210106325310668718274837329691155755136217617976330748494374590483189307305455949985662475291090486594546997071131739522406076486066275942386575001016378509956476877314527531707507279412083600318681852930279885562044709913115669956387715951154003159615122263497398717944972985465535936602385998679757087117674658024564972348696418583150912665440090824586945378012500026835724142401572545534389478160393414554520723080469447404127341335354809800124918106193240903865309009616116938018088318168090266973665359414455372352516737564431308068985267990545303672234166678500221126662230738031367711004413559254584584044065035097902619569288937872764137394369023790301224709817086956600191323508474874463661454760670792218098781859107166624611604770177516430852111004842426519315118392758464010095558641509730256240370384538600659064826689818354682078280254284423030448568370939579640068685323993879747119069356780204042340710488333035708964728409262284389790571241631645756430819867306412037151826403660116424619548805575036639597283509028318921625723415797708522542643089248127063054475490592314883689104050530518580662600111603847183433574940641526988150	-2,-6,5,5,-5,-5,-5,-5,-5,-5,-5,-5	5,5,-5,-5,-5,-5,-5,-5,-5,-5,-5,-5	ok
1.887888	-12.672673	-17.587879	0.315854	continued:5	234423788543221666869589841058293256947146341237195864601416477436698628991306797316927419517835903704062369926128505986131086308323707723104885844013406139912331275047936097075338153134536045526602735736187042702500876777949896057387139866447897836135824987201314303393414052441331120493663372214784751984612804307726427834224044196053155721294739338989976961997130604033561470037953461789605691329414855138818218678563218948498653041753573961857564835739617376401872230998128083344303799255347425513476610340847390080141947059473444816358966000874332055039940658215720635816392733353739240282901202784242707254067839658762087654622528876743524998665194185488324753013959170811231184200356038575167906207721211308495133175186485165850822628149461648589167183953256012810548503945017032975724990000835694304387823782550274258452500678345602191094147579842401072431574364123837737390186204481470265529613022530374510446495867040491880955916570442561280684043606359392066629010811993532813174562472968172248426984462248248925928201806371061861215943945873677143671273363947668335232013415699945594883675877387393413311058985669465060917316532519964651114216984305598966088047800033630743406920038571779325106346279970060983085027070172213662974890067947111901425219142335457776470265151000889644531674077094924441583525428816369696318296860925586036017271456757514972725478268666789184117754925026168324007922117257010488251107141966497020181382677152724969978718745262514997229344711893368909327351181313713900599369289379545847960858522037443056777505866140956024560979834881154414172190868432259364431819069722963706795216439622364348844358091644561581270875457898368239717297611927244243801145336353142009798001756140697943969691340532146475568005812928115994021970665077287558512709312893959910479359794408707877011008782650548505741608472286868099136604284645416831339644546757959513829006187452078818311444678245567167449182251853755645466347625529461194720341886723166587663735525736998274763208004608079889303716442473398609842570773601771650186581893599569491675225371696817435733785643875873968310654438040032078493469624978033461421886918548295891242702097488881158479497960678600305022407984904461237921332991441594113488938541679898602533315526433576621187586557497623348573809110190795164307502283077579945651775008526338166207047579836197247180928727594763451048227766255431703127890469913310586532323149997815190608549694232874385535125837384997636129517865100015707647901124467359284582365383335580671772685811605406214039050415610400247848903159023139846867084677873579638012536591201966778933867234477983994781273571683756163997602639911593056720320031233735478569676230457163556582516896956008028331687158363173067840531487557446173498430141229198642412421193500164599403676547039605733573218344368362527551682218507607128795485847174669308477459093339888634775264473926923292725025659788089033896284566537067786371429472341322084204605188748947723667158	234423788543221666869589841058293256947146341237195864601416477436698628991306797316927419517835903704062369926128505986131086308323707723104885844013406139912331275047936097075338153131234016116711701491432265625940816441588332097703628627751311952085943954455548645382492798608667916644772012901191847944804467694528824409829485788038982840360738023483404363341952458955110067928170243787308388305605436414789096840112693010893262889540310426019550538079684469572217546824504887123648821245465060581782701461746475844158890108995084951999189569351873765631831087132286614147199138796246027104134022716653324636643193124936044343872737424495970972672939929822891773419584617566233184657473218750237280566993017472268989828037973409731080687508589749401077765870739561966105442604225268751794721442529781362979179346445712115866200959069110030994400423452041899825024920582918924502287731617305972111779145174683694409616668032884969897263781259491734229274450111934385104747017085778790934787828568239397072590628475652519149315477760956963444873175080969116510691399431273649623700153747588931330686005608436573571868770291523528988804669814374530772475665865206993877642619084751782128999188475575815984673508366850699103911845370186420103032743337472752084206918308586593890407312089680548551013668141313836706382210078190305480674941015179553605893678556492917429720825116948621139799537426181472086832540762384162020758951855801995636383789277659499530899631103924249690930111404593468620421055435423587016810195286737477650792227546021471036214418601025608517366754102960008200794562948884905806349257247314545601024294345143687245754338291752708288972362026882209420994781865252243282723132511155174531877666624286900888542173986273845766971540189699928252299878472084801527377046146322788160206892719090003920512308210106325310668718274837329691155755136217617976330748494374590483189307305455949985662475291090486594546997071131739522406076486066275942386575001016378509956476877314527531707507279412083600318681852930279885562044709913115669956387715951154003159615122263497398717944972985465535936602385998679757087117674658024564972348696418583150912665440090824586945378012500026835724142401572545534389478160393414554520723080469447404127341335354809800124918106193240903865309009616116938018088318168090266973665359414455372352516737564431308068985267990545303672234166678500221126662230738031367711004413559254584584044065035097902619569288937872764137394369023790301224709817086956600191323508474874463661454760670792218098781859107166624611604770177516430852111004842426519315118392758464010095558641509730256240370384538600659064826689818354682078280254284423030448568370939579640068685323993879747119069356780204042340710488333035708964728409262284389790571241631645756430819867306412037151826403660116424619548805575036639597283509028318921625723415797708522542643089248127063054475490592314883689104050530518580662600111603847183433574940641526988150	-2,-6,5,5,-5,-5,-5,-5,-5,-5,-5,-5	5,5,-5,-5,-5,-5,-5,-5,-5,-5,-5,-5	ok
1.891892	-12.672673	-17.585876	0.315480	continued:5	234423788543221666869589841058293256947146341237195864601416477436698628991306797316927419517835903704062369926128505986131086308323707723104885844013406139912331275047936097075338153131234016116711701491432265625940816441588332097703628627751311952085943954455548645382492798608667916644772012901191847944804467694528824409829485788038982840360738023483404363341952458958017035660504026326021778548256853019737914270662304886105692451644632071575616142943277753349001574031449118327828014458199590973820921907687586895703369773979920630060731698338128713170762522322389166136415499798253601830014165386905699567666456674873890985414786383225539608689224537771196076791605757782433657966699716220047691286709917193517352955693708391262789580840588727196220841753617522750371575609509313786805814176401756710355857708957223509063397589152720271466997023796324716200997238264339972156218959534757897869600118717177374716332012261562590499105252401977768233900729207589834065331941712608715961211414926870717083659914795122446560963264932464469653594895337749591182982541211166712852836933020609842937051978729103433741993330282534378764376894282940374204813342004311299083492258835504016604887768408340761810267801435259007840930657475455466379918821256975335743236131494262623187310304270524554206573793488423670470748371510888508189806878736851779292800537037309171738232352071973074692001596431303880912307539598826953005147592997330346028766709216579870672087409032183051230862867642083984566671910622216780275319790650556877521460538524832888866715404765116308864618724863646509131145311034229703074808697946165922128863000213040082821876759759424895181086548655743876029293186385307590530015477920531854391858777262775652218567897762719653797215446234590233324869409633205221194527197576568900423209707198913704068610056334329290188300100653109711482295237046858984608441389456955057021987133823689472661741386162900014220214917122108500932978313209697374604685770184590602631726599413494077042371887522760125085885260540505229789982917653758883391591000702078438375874712918147695286982904579369702104157918394281138902548764458134399268520589219688210261829511465438684257545849222652571391174023848434909156351685154023924234995704880068276386646827194295292915656847868741866663583620783492243017723325743851218531281298585458872121935809133858524970483854109430033719061949157195808885509193347117275222869657523629687619166308931110342382263578454037032005144733419681225655342223414612550108298440890740367000915310509217078751441146198426012056207305620602152816179766535298662708910006041836985168394007336450765562396063365078001512561782106782446835262961982834427477311960189908666322485644995640966709965337416439801488916478775275484170351448407107726084411208332002345470343190388968435501288068076528292676641122251406262365934891541310505668020416000028696384570210340733758955762418829313877648398255543427539129830208810190558697966234944387303119103	234423788543221666869589841058293256947146341237195864601416477436698628991306797316927419517835903704062369926128505986131086308323707723104885844013406139912331275047936097075338153131234016116711701491432265625940816441588332097703628627751311952085943954455548645382492798608667916644772012901191847944804467694528824409829485788038982840360738023483404363341952458955110067928170243787308388305605436414789096840112693010893262889540310426019550538079684469572217546824504887123648821245465060581782701461746475844158890108995084951999189569351873765631831087132286614147199138796246027104134022716653324636643193124936044343872737424495970972672939929822891773419584617566233184657473218750237280566993017472268989828037973409731080687508589749401077765870739561966105442604225268751794721442529781362979179346445712115866200959069110030994400423452041899825024920582918924502287731617305972111779145174683694409616668032884969897263781259491734229274450111934385104747017085778790934787828568239397072590628475652519149315477760956963444873175080969116510691399431273649623700153747588931330686005608436573571868770291523528988804669814374530772475665865206993877642619084751782128999188475575815984673508366850699103911845370186420103032743337472752084206918308586593890407312089680548551013668141313836706382210078190305480674941015179553605893678556492917429720825116948621139799537426181472086832540762384162020758951855801995636383789277659499530899631103924249690930111404593468620421055435423587016810195286737477650792227546021471036214418601025608517366754102960008200794562948884905806349257247314545601024294345143687245754338291752708288972362026882209420994781865252243282723132511155174531877666624286900888542173986273845766971540189699928252299878472084801527377046146322788160206892719090003920512308210106325310668718274837329691155755136217617976330748494374590483189307305455949985662475291090486594546997071131739522406076486066275942386575001016378509956476877314527531707507279412083600318681852930279885562044709913115669956387715951154003159615122263497398717944972985465535936602385998679757087117674658024564972348696418583150912665440090824586945378012500026835724142401572545534389478160393414554520723080469447404127341335354809800124918106193240903865309009616116938018088318168090266973665359414455372352516737564431308068985267990545303672234166678500221126662230738031367711004413559254584584044065035097902619569288937872764137394369023790301224709817086956600191323508474874463661454760670792218098781859107166624611604770177516430852111004842426519315118392758464010095558641509730256240370384538600659064826689818354682078280254284423030448568370939579640068685323993879747119069356780204042340710488333035708964728409262284389790571241631645756430819867306412037151826403660116424619548805575036639597283509028318921625723415797708522542643089248127063054475490592314883689104050530518580662600111603847183433574940641526988150	-2,-6,5,-5,-5,-5,-5,-5,-5,-5,-5,-5	5,5,-5,-5,-5,-5,-5,-5,-5,-5,-5,-5	ok
1.895896	-12.672673	-17.584982	0.315313	continued:5	234423788543221666869589841058293256947146341237195864601416477436698628991306797316927419517835903704062369926128505986131086308323707723104885844013406139912331275047936097075338153131234016116711701491432265625940816441588332097703628627751311952085943954455548645382492798608667916644772012901191847944804467694528824409829485788038982840360738023483404363341952458958017035660504026326021778548256853019737914270662304886105692451644632071575616142943277753349001574031449118327828014458199590973820921907687586895703369773979920630060731698338128713170762522322389166136415499798253601830014165386905699567666456674873890985414786383225539608689224537771196076791605757782433657966699716220047691286709917193517352955693708391262789580840588727196220841753617522750371575609509313786805814176401756710355857708957223509063397589152720271466997023796324716200997238264339972156218959534757897869600118717177374716332012261562590499105252401977768233900729207589834065331941712608715961211414926870717083659914795122446560963264932464469653594895337749591182982541211166712852836933020609842937051978729103433741993330282534378764376894282940374204813342004311299083492258835504016604887768408340761810267801435259007840930657475455466379918821256975335743236131494262623187310304270524554206573793488423670470748371510888508189806878736851779292800537037309171738232352071973074692001596431303880912307539598826953005147592997330346028766709216579870672087409032183051230862867642083984566671910622216780275319790650556877521460538524832888866715404765116308864618724863646509131145311034229703074808697946165922128863000213040082821876759759424895181086548655743876029293186385307590530015477920531854391858777262775652218567897762719653797215446234590233324869409633205221194527197576568900423209707198913704068610056334329290188300100653109711482295237046858984608441389456955057021987133823689472661741386162900014220214917122108500932978313209697374604685770184590602631726599413494077042371887522760125085885260540505229789982917653758883391591000702078438375874712918147695286982904579369702104157918394281138902548764458134399268520589219688210261829511465438684257545849222652571391174023848434909156351685154023924234995704880068276386646827194295292915656847868741866663583620783492243017723325743851218531281298585458872121935809133858524970483854109430033719061949157195808885509193347117275222869657523629687619166308931110342382263578454037032005144733419681225655342223414612550108298440890740367000915310509217078751441146198426012056207305620602152816179766535298662708910006041836985168394007336450765562396063365078001512561782106782446835262961982834427477311960189908666322485644995640966709965337416439801488916478775275484170351448407107726084411208332002345470343190388968435501288068076528292676641122251406262365934891541310505668020416000028696384570210340733758955762418829313877648398255543427539129830208810190558697966234944387303119103	234423788543221666869589841058293256947146341237195864601416477436698628991306797316927419517835903704062369926128505986131086308323707723104885844013406139912331275047936097075338153131234016116711701491432265625940816441588332097703628627751311952085943954455548645382492798608667916644772012901191847944804467694528824409829485788038982840360738023483404363341952458955110067928170243787308388305605436414789096840112693010893262889540310426019550538079684469572217546824504887123648821245465060581782701461746475844158890108995084951999189569351873765631831087132286614147199138796246027104134022716653324636643193124936044343872737424495970972672939929822891773419584617566233184657473218750237280566993017472268989828037973409731080687508589749401077765870739561966105442604225268751794721442529781362979179346445712115866200959069110030994400423452041899825024920582918924502287731617305972111779145174683694409616668032884969897263781259491734229274450111934385104747017085778790934787828568239397072590628475652519149315477760956963444873175080969116510691399431273649623700153747588931330686005608436573571868770291523528988804669814374530772475665865206993877642619084751782128999188475575815984673508366850699103911845370186420103032743337472752084206918308586593890407312089680548551013668141313836706382210078190305480674941015179553605893678556492917429720825116948621139799537426181472086832540762384162020758951855801995636383789277659499530899631103924249690930111404593468620421055435423587016810195286737477650792227546021471036214418601025608517366754102960008200794562948884905806349257247314545601024294345143687245754338291752708288972362026882209420994781865252243282723132511155174531877666624286900888542173986273845766971540189699928252299878472084801527377046146322788160206892719090003920512308210106325310668718274837329691155755136217617976330748494374590483189307305455949985662475291090486594546997071131739522406076486066275942386575001016378509956476877314527531707507279412083600318681852930279885562044709913115669956387715951154003159615122263497398717944972985465535936602385998679757087117674658024564972348696418583150912665440090824586945378012500026835724142401572545534389478160393414554520723080469447404127341335354809800124918106193240903865309009616116938018088318168090266973665359414455372352516737564431308068985267990545303672234166678500221126662230738031367711004413559254584584044065035097902619569288937872764137394369023790301224709817086956600191323508474874463661454760670792218098781859107166624611604770177516430852111004842426519315118392758464010095558641509730256240370384538600659064826689818354682078280254284423030448568370939579640068685323993879747119069356780204042340710488333035708964728409262284389790571241631645756430819867306412037151826403660116424619548805575036639597283509028318921625723415797708522542643089248127063054475490592314883689104050530518580662600111603847183433574940641526988150	-2,-6,5,-5,-5,-5,-5,-5,-5,-5,-5,-5	5,5,-5,-5,-5,-5,-5,-5,-5,-5,-5,-5	ok
1.899900	-12.672673	-17.582977	0.314939	continued:5	234423788543221666869589841058293256947146341237195864601416477436698628991306797316927419517835903704062369926128505986131086308323707723104885844013406139912331275047936097075338153131234016116711701491432265625940816441588332097703628627751311952085943954455548645382492798608667916644772012901191847944804467694528824409829485788038982840360738023483404363341952458958017035660504026326021778548256853019737914270662304886105692451644632071575616142943277753349001574031449118327828014458199590973820921907687586895703369773979920630060731698338128713170762522322389166136415499798253601830014165386905699567666456674873890985414786383225539608689224537771196076791605757782433657966699716220047691286709917193517352955693708391262789580840588727196220841753617522750371575609509313786805814176401756710355857708957223509063397589152720271466997023796324716200997238264339972156218959534757897869600118717177374716332012261562590499105252401977768233900729207589834065331941712608715961211414926870717083659914795122446560963264932464469653594895337749591182982541211166712852836933020609842937051978729103433741993330282534378764376894282940374204813342004311299083492258835504016604887768408340761810267801435259007840930657475455466379918821256975335743236131494262623187310304270524554206573793488423670470748371510888508189806878736851779292800537037309171738232352071973074692001596431303880912307539598826953005147592997330346028766709216579870672087409032183051230862867642083984566671910622216780275319790650556877521460538524832888866715404765116308864618724863646509131145311034229703074808697946165922128863000213040082821876759759424895181086548655743876029293186385307590530015477920531854391858777262775652218567897762719653797215446234590233324869409633205221194527197576568900423209707198913704068610056334329290188300100653109711482295237046858984608441389456955057021987133823689472661741386162900014220214917122108500932978313209697374604685770184590602631726599413494077042371887522760125085885260540505229789982917653758883391591000702078438375874712918147695286982904579369702104157918394281138902548764458134399268520589219688210261829511465438684257545849222652571391174023848434909156351685154023924234995704880068276386646827194295292915656847868741866663583620783492243017723325743851218531281298585458872121935809133858524970483854109430033719061949157195808885509193347117275222869657523629687619166308931110342382263578454037032005144733419681225655342223414612550108298440890740367000915310509217078751441146198426012056207305620602152816179766535298662708910006041836985168394007336450765562396063365078001512561782106782446835262961982834427477311960189908666322485644995640966709965337416439801488916478775275484170351448407107726084411208332002345470343190388968435501288068076528292676641122251406262365934891541310505668020416000028696384570210340733758955762418829313877648398255543427539129830208810190558697966234944387303119103	234423788543221666869589841058293256947146341237195864601416477436698628991306797316927419517835903704062369926128505986131086308323707723104885844013406139912331275047936097075338153131234016116711701491432265625940816441588332097703628627751311952085943954455548645382492798608667916644772012901191847944804467694528824409829485788038982840360738023483404363341952458955110067928170243787308388305605436414789096840112693010893262889540310426019550538079684469572217546824504887123648821245465060581782701461746475844158890108995084951999189569351873765631831087132286614147199138796246027104134022716653324636643193124936044343872737424495970972672939929822891773419584617566233184657473218750237280566993017472268989828037973409731080687508589749401077765870739561966105442604225268751794721442529781362979179346445712115866200959069110030994400423452041899825024920582918924502287731617305972111779145174683694409616668032884969897263781259491734229274450111934385104747017085778790934787828568239397072590628475652519149315477760956963444873175080969116510691399431273649623700153747588931330686005608436573571868770291523528988804669814374530772475665865206993877642619084751782128999188475575815984673508366850699103911845370186420103032743337472752084206918308586593890407312089680548551013668141313836706382210078190305480674941015179553605893678556492917429720825116948621139799537426181472086832540762384162020758951855801995636383789277659499530899631103924249690930111404593468620421055435423587016810195286737477650792227546021471036214418601025608517366754102960008200794562948884905806349257247314545601024294345143687245754338291752708288972362026882209420994781865252243282723132511155174531877666624286900888542173986273845766971540189699928252299878472084801527377046146322788160206892719090003920512308210106325310668718274837329691155755136217617976330748494374590483189307305455949985662475291090486594546997071131739522406076486066275942386575001016378509956476877314527531707507279412083600318681852930279885562044709913115669956387715951154003159615122263497398717944972985465535936602385998679757087117674658024564972348696418583150912665440090824586945378012500026835724142401572545534389478160393414554520723080469447404127341335354809800124918106193240903865309009616116938018088318168090266973665359414455372352516737564431308068985267990545303672234166678500221126662230738031367711004413559254584584044065035097902619569288937872764137394369023790301224709817086956600191323508474874463661454760670792218098781859107166624611604770177516430852111004842426519315118392758464010095558641509730256240370384538600659064826689818354682078280254284423030448568370939579640068685323993879747119069356780204042340710488333035708964728409262284389790571241631645756430819867306412037151826403660116424619548805575036639597283509028318921625723415797708522542643089248127063054475490592314883689104050530518580662600111603847183433574940641526988150	-2,-6,5,-5,-5,-5,-5,-5,-5,-5,-5,-5	5,5,-5,-5,-5,-5,-5,-5,-5,-5,-5,-5	ok
1.903904	-12.672673	-17.582085	0.314772	continued:5	234423788543221666869589841058293256947146341237195864601416477436698628991306797316927419517835903704062369926128505986131086308323707723104885844013406139912331275047936097075338153131234016116711701491432265625940816441588332097703628627751311952085943954455548645382492798608667916644772012901191847944804467694528824409829485788038982840360738023483404363341952458958017035660504026326021778548256853019737914270662304886105692451644632071575616142943277753349001574031449118327828014458199590973820921907687586895703369773979920630060731698338128713170762522322389166136415499798253601830014165386905699567666456674873890985414786383225539608689224537771196076791605757782433657966699716220047691286709917193517352955693708391262789580840588727196220841753617522750371575609509313786805814176401756710355857708957223509063397589152720271466997023796324716200997238264339972156218959534757897869600118717177374716332012261562590499105252401977768233900729207589834065331941712608715961211414926870717083659914795122446560963264932464469653594895337749591182982541211166712852836933020609842937051978729103433741993330282534378764376894282940374204813342004311299083492258835504016604887768408340761810267801435259007840930657475455466379918821256975335743236131494262623187310304270524554206573793488423670470748371510888508189806878736851779292800537037309171738232352071973074692001596431303880912307539598826953005147592997330346028766709216579870672087409032183051230862867642083984566671910622216780275319790650556877521460538524832888866715404765116308864618724863646509131145311034229703074808697946165922128863000213040082821876759759424895181086548655743876029293186385307590530015477920531854391858777262775652218567897762719653797215446234590233324869409633205221194527197576568900423209707198913704068610056334329290188300100653109711482295237046858984608441389456955057021987133823689472661741386162900014220214917122108500932978313209697374604685770184590602631726599413494077042371887522760125085885260540505229789982917653758883391591000702078438375874712918147695286982904579369702104157918394281138902548764458134399268520589219688210261829511465438684257545849222652571391174023848434909156351685154023924234995704880068276386646827194295292915656847868741866663583620783492243017723325743851218531281298585458872121935809133858524970483854109430033719061949157195808885509193347117275222869657523629687619166308931110342382263578454037032005144733419681225655342223414612550108298440890740367000915310509217078751441146198426012056207305620602152816179766535298662708910006041836985168394007336450765562396063365078001512561782106782446835262961982834427477311960189908666322485644995640966709965337416439801488916478775275484170351448407107726084411208332002345470343190388968435501288068076528292676641122251406262365934891541310505668020416000028696384570210340733758955762418829313877648398255543427539129830208810190558697966234944387303119103	234423788543221666869589841058293256947146341237195864601416477436698628991306797316927419517835903704062369926128505986131086308323707723104885844013406139912331275047936097075338153131234016116711701491432265625940816441588332097703628627751311952085943954455548645382492798608667916644772012901191847944804467694528824409829485788038982840360738023483404363341952458955110067928170243787308388305605436414789096840112693010893262889540310426019550538079684469572217546824504887123648821245465060581782701461746475844158890108995084951999189569351873765631831087132286614147199138796246027104134022716653324636643193124936044343872737424495970972672939929822891773419584617566233184657473218750237280566993017472268989828037973409731080687508589749401077765870739561966105442604225268751794721442529781362979179346445712115866200959069110030994400423452041899825024920582918924502287731617305972111779145174683694409616668032884969897263781259491734229274450111934385104747017085778790934787828568239397072590628475652519149315477760956963444873175080969116510691399431273649623700153747588931330686005608436573571868770291523528988804669814374530772475665865206993877642619084751782128999188475575815984673508366850699103911845370186420103032743337472752084206918308586593890407312089680548551013668141313836706382210078190305480674941015179553605893678556492917429720825116948621139799537426181472086832540762384162020758951855801995636383789277659499530899631103924249690930111404593468620421055435423587016810195286737477650792227546021471036214418601025608517366754102960008200794562948884905806349257247314545601024294345143687245754338291752708288972362026882209420994781865252243282723132511155174531877666624286900888542173986273845766971540189699928252299878472084801527377046146322788160206892719090003920512308210106325310668718274837329691155755136217617976330748494374590483189307305455949985662475291090486594546997071131739522406076486066275942386575001016378509956476877314527531707507279412083600318681852930279885562044709913115669956387715951154003159615122263497398717944972985465535936602385998679757087117674658024564972348696418583150912665440090824586945378012500026835724142401572545534389478160393414554520723080469447404127341335354809800124918106193240903865309009616116938018088318168090266973665359414455372352516737564431308068985267990545303672234166678500221126662230738031367711004413559254584584044065035097902619569288937872764137394369023790301224709817086956600191323508474874463661454760670792218098781859107166624611604770177516430852111004842426519315118392758464010095558641509730256240370384538600659064826689818354682078280254284423030448568370939579640068685323993879747119069356780204042340710488333035708964728409262284389790571241631645756430819867306412037151826403660116424619548805575036639597283509028318921625723415797708522542643089248127063054475490592314883689104050530518580662600111603847183433574940641526988150	-2,-6,5,-5,-5,-5,-5,-5,-5,-5,-5,-5	5,5,-5,-5,-5,-5,-5,-5,-5,-5,-5,-5	ok
1.907908	-12.672673	-17.581189	0.314605	continued:5	234423788543221666869589841058293256947146341237195864601416477436698628991306797316927419517835903704062369926128505986131086308323707723104885844013406139912331275047936097075338153131234016116711701491432265625940816441588332097703628627751311952085943954455548645382492798608667916644772012901191847944804467694528824409829485788038982840360738023483404363341952458958017035660504026326021778548256853019737914270662304886105692451644632071575616142943277753349001574031449118327828014458199590973820921907687586895703369773979920630060731698338128713170762522322389166136415499798253601830014165386905699567666456674873890985414786383225539608689224537771196076791605757782433657966699716220047691286709917193517352955693708391262789580840588727196220841753617522750371575609509313786805814176401756710355857708957223509063397589152720271466997023796324716200997238264339972156218959534757897869600118717177374716332012261562590499105252401977768233900729207589834065331941712608715961211414926870717083659914795122446560963264932464469653594895337749591182982541211166712852836933020609842937051978729103433741993330282534378764376894282940374204813342004311299083492258835504016604887768408340761810267801435259007840930657475455466379918821256975335743236131494262623187310304270524554206573793488423670470748371510888508189806878736851779292800537037309171738232352071973074692001596431303880912307539598826953005147592997330346028766709216579870672087409032183051230862867642083984566671910622216780275319790650556877521460538524832888866715404765116308864618724863646509131145311034229703074808697946165922128863000213040082821876759759424895181086548655743876029293186385307590530015477920531854391858777262775652218567897762719653797215446234590233324869409633205221194527197576568900423209707198913704068610056334329290188300100653109711482295237046858984608441389456955057021987133823689472661741386162900014220214917122108500932978313209697374604685770184590602631726599413494077042371887522760125085885260540505229789982917653758883391591000702078438375874712918147695286982904579369702104157918394281138902548764458134399268520589219688210261829511465438684257545849222652571391174023848434909156351685154023924234995704880068276386646827194295292915656847868741866663583620783492243017723325743851218531281298585458872121935809133858524970483854109430033719061949157195808885509193347117275222869657523629687619166308931110342382263578454037032005144733419681225655342223414612550108298440890740367000915310509217078751441146198426012056207305620602152816179766535298662708910006041836985168394007336450765562396063365078001512561782106782446835262961982834427477311960189908666322485644995640966709965337416439801488916478775275484170351448407107726084411208332002345470343190388968435501288068076528292676641122251406262365934891541310505668020416000028696384570210340733758955762418829313877648398255543427539129830208810190558697966234944387303119103	234423788543221666869589841058293256947146341237195864601416477436698628991306797316927419517835903704062369926128505986131086308323707723104885844013406139912331275047936097075338153131234016116711701491432265625940816441588332097703628627751311952085943954455548645382492798608667916644772012901191847944804467694528824409829485788038982840360738023483404363341952458955110067928170243787308388305605436414789096840112693010893262889540310426019550538079684469572217546824504887123648821245465060581782701461746475844158890108995084951999189569351873765631831087132286614147199138796246027104134022716653324636643193124936044343872737424495970972672939929822891773419584617566233184657473218750237280566993017472268989828037973409731080687508589749401077765870739561966105442604225268751794721442529781362979179346445712115866200959069110030994400423452041899825024920582918924502287731617305972111779145174683694409616668032884969897263781259491734229274450111934385104747017085778790934787828568239397072590628475652519149315477760956963444873175080969116510691399431273649623700153747588931330686005608436573571868770291523528988804669814374530772475665865206993877642619084751782128999188475575815984673508366850699103911845370186420103032743337472752084206918308586593890407312089680548551013668141313836706382210078190305480674941015179553605893678556492917429720825116948621139799537426181472086832540762384162020758951855801995636383789277659499530899631103924249690930111404593468620421055435423587016810195286737477650792227546021471036214418601025608517366754102960008200794562948884905806349257247314545601024294345143687245754338291752708288972362026882209420994781865252243282723132511155174531877666624286900888542173986273845766971540189699928252299878472084801527377046146322788160206892719090003920512308210106325310668718274837329691155755136217617976330748494374590483189307305455949985662475291090486594546997071131739522406076486066275942386575001016378509956476877314527531707507279412083600318681852930279885562044709913115669956387715951154003159615122263497398717944972985465535936602385998679757087117674658024564972348696418583150912665440090824586945378012500026835724142401572545534389478160393414554520723080469447404127341335354809800124918106193240903865309009616116938018088318168090266973665359414455372352516737564431308068985267990545303672234166678500221126662230738031367711004413559254584584044065035097902619569288937872764137394369023790301224709817086956600191323508474874463661454760670792218098781859107166624611604770177516430852111004842426519315118392758464010095558641509730256240370384538600659064826689818354682078280254284423030448568370939579640068685323993879747119069356780204042340710488333035708964728409262284389790571241631645756430819867306412037151826403660116424619548805575036639597283509028318921625723415797708522542643089248127063054475490592314883689104050530518580662600111603847183433574940641526988150	-2,-6,5,-5,-5,-5,-5,-5,-5,-5,-5,-5	5,5,-5,-5,-5,-5,-5,-5,-5,-5,-5,-5	ok
1.911912	-12.672673	-17.579178	0.314231	continued:5	234423788543221666869589841058293256947146341237195864601416477436698628991306797316927419517835903704062369926128505986131086308323707723104885844013406139912331275047936097075338153131234016116711701491432265625940816441588332097703628627751311952085943954455548645382492798608667916644772012901191847944804467694528824409829485788038982840360738023483404363341952458958017035660504026326021778548256853019737914270662304886105692451644632071575616142943277753349001574031449118327828014458199590973820921907687586895703369773979920630060731698338128713170762522322389166136415499798253601830014165386905699567666456674873890985414786383225539608689224537771196076791605757782433657966699716220047691286709917193517352955693708391262789580840588727196220841753617522750371575609509313786805814176401756710355857708957223509063397589152720271466997023796324716200997238264339972156218959534757897869600118717177374716332012261562590499105252401977768233900729207589834065331941712608715961211414926870717083659914795122446560963264932464469653594895337749591182982541211166712852836933020609842937051978729103433741993330282534378764376894282940374204813342004311299083492258835504016604887768408340761810267801435259007840930657475455466379918821256975335743236131494262623187310304270524554206573793488423670470748371510888508189806878736851779292800537037309171738232352071973074692001596431303880912307539598826953005147592997330346028766709216579870672087409032183051230862867642083984566671910622216780275319790650556877521460538524832888866715404765116308864618724863646509131145311034229703074808697946165922128863000213040082821876759759424895181086548655743876029293186385307590530015477920531854391858777262775652218567897762719653797215446234590233324869409633205221194527197576568900423209707198913704068610056334329290188300100653109711482295237046858984608441389456955057021987133823689472661741386162900014220214917122108500932978313209697374604685770184590602631726599413494077042371887522760125085885260540505229789982917653758883391591000702078438375874712918147695286982904579369702104157918394281138902548764458134399268520589219688210261829511465438684257545849222652571391174023848434909156351685154023924234995704880068276386646827194295292915656847868741866663583620783492243017723325743851218531281298585458872121935809133858524970483854109430033719061949157195808885509193347117275222869657523629687619166308931110342382263578454037032005144733419681225655342223414612550108298440890740367000915310509217078751441146198426012056207305620602152816179766535298662708910006041836985168394007336450765562396063365078001512561782106782446835262961982834427477311960189908666322485644995640966709965337416439801488916478775275484170351448407107726084411208332002345470343190388968435501288068076528292676641122251406262365934891541310505668020416000028696384570210340733758955762418829313877648398255543427539129830208810190558697966234944387303119103	234423788543221666869589841058293256947146341237195864601416477436698628991306797316927419517835903704062369926128505986131086308323707723104885844013406139912331275047936097075338153131234016116711701491432265625940816441588332097703628627751311952085943954455548645382492798608667916644772012901191847944804467694528824409829485788038982840360738023483404363341952458955110067928170243787308388305605436414789096840112693010893262889540310426019550538079684469572217546824504887123648821245465060581782701461746475844158890108995084951999189569351873765631831087132286614147199138796246027104134022716653324636643193124936044343872737424495970972672939929822891773419584617566233184657473218750237280566993017472268989828037973409731080687508589749401077765870739561966105442604225268751794721442529781362979179346445712115866200959069110030994400423452041899825024920582918924502287731617305972111779145174683694409616668032884969897263781259491734229274450111934385104747017085778790934787828568239397072590628475652519149315477760956963444873175080969116510691399431273649623700153747588931330686005608436573571868770291523528988804669814374530772475665865206993877642619084751782128999188475575815984673508366850699103911845370186420103032743337472752084206918308586593890407312089680548551013668141313836706382210078190305480674941015179553605893678556492917429720825116948621139799537426181472086832540762384162020758951855801995636383789277659499530899631103924249690930111404593468620421055435423587016810195286737477650792227546021471036214418601025608517366754102960008200794562948884905806349257247314545601024294345143687245754338291752708288972362026882209420994781865252243282723132511155174531877666624286900888542173986273845766971540189699928252299878472084801527377046146322788160206892719090003920512308210106325310668718274837329691155755136217617976330748494374590483189307305455949985662475291090486594546997071131739522406076486066275942386575001016378509956476877314527531707507279412083600318681852930279885562044709913115669956387715951154003159615122263497398717944972985465535936602385998679757087117674658024564972348696418583150912665440090824586945378012500026835724142401572545534389478160393414554520723080469447404127341335354809800124918106193240903865309009616116938018088318168090266973665359414455372352516737564431308068985267990545303672234166678500221126662230738031367711004413559254584584044065035097902619569288937872764137394369023790301224709817086956600191323508474874463661454760670792218098781859107166624611604770177516430852111004842426519315118392758464010095558641509730256240370384538600659064826689818354682078280254284423030448568370939579640068685323993879747119069356780204042340710488333035708964728409262284389790571241631645756430819867306412037151826403660116424619548805575036639597283509028318921625723415797708522542643089248127063054475490592314883689104050530518580662600111603847183433574940641526988150	-2,-6,5,-5,-5,-5,-5,-5,-5,-5,-5,-5	5,5,-5,-5,-5,-5,-5,-5,-5,-5,-5,-5	ok
1.915916	-12.672673	-17.577169	0.313857	continued:5	234423788543221666869589841058293256947146341237195864601416477436698628991306797316927419517835903704062369926128505986131086308323707723104885844013406139912331275047936097075338153131234016116711701491432265625940816441588332097703628627751311952085943954455548645382492798608667916644772012901191847944804467694528824409829485788038982840360738023483404363341952458958017035660504026326021778548256853019737914270662304886105692451644632071575616142943277753349001574031449118327828014458199590973820921907687586895703369773979920630060731698338128713170762522322389166136415499798253601830014165386905699567666456674873890985414786383225539608689224537771196076791605757782433657966699716220047691286709917193517352955693708391262789580840588727196220841753617522750371575609509313786805814176401756710355857708957223509063397589152720271466997023796324716200997238264339972156218959534757897869600118717177374716332012261562590499105252401977768233900729207589834065331941712608715961211414926870717083659914795122446560963264932464469653594895337749591182982541211166712852836933020609842937051978729103433741993330282534378764376894282940374204813342004311299083492258835504016604887768408340761810267801435259007840930657475455466379918821256975335743236131494262623187310304270524554206573793488423670470748371510888508189806878736851779292800537037309171738232352071973074692001596431303880912307539598826953005147592997330346028766709216579870672087409032183051230862867642083984566671910622216780275319790650556877521460538524832888866715404765116308864618724863646509131145311034229703074808697946165922128863000213040082821876759759424895181086548655743876029293186385307590530015477920531854391858777262775652218567897762719653797215446234590233324869409633205221194527197576568900423209707198913704068610056334329290188300100653109711482295237046858984608441389456955057021987133823689472661741386162900014220214917122108500932978313209697374604685770184590602631726599413494077042371887522760125085885260540505229789982917653758883391591000702078438375874712918147695286982904579369702104157918394281138902548764458134399268520589219688210261829511465438684257545849222652571391174023848434909156351685154023924234995704880068276386646827194295292915656847868741866663583620783492243017723325743851218531281298585458872121935809133858524970483854109430033719061949157195808885509193347117275222869657523629687619166308931110342382263578454037032005144733419681225655342223414612550108298440890740367000915310509217078751441146198426012056207305620602152816179766535298662708910006041836985168394007336450765562396063365078001512561782106782446835262961982834427477311960189908666322485644995640966709965337416439801488916478775275484170351448407107726084411208332002345470343190388968435501288068076528292676641122251406262365934891541310505668020416000028696384570210340733758955762418829313877648398255543427539129830208810190558697966234944387303119103	234423788543221666869589841058293256947146341237195864601416477436698628991306797316927419517835903704062369926128505986131086308323707723104885844013406139912331275047936097075338153131234016116711701491432265625940816441588332097703628627751311952085943954455548645382492798608667916644772012901191847944804467694528824409829485788038982840360738023483404363341952458955110067928170243787308388305605436414789096840112693010893262889540310426019550538079684469572217546824504887123648821245465060581782701461746475844158890108995084951999189569351873765631831087132286614147199138796246027104134022716653324636643193124936044343872737424495970972672939929822891773419584617566233184657473218750237280566993017472268989828037973409731080687508589749401077765870739561966105442604225268751794721442529781362979179346445712115866200959069110030994400423452041899825024920582918924502287731617305972111779145174683694409616668032884969897263781259491734229274450111934385104747017085778790934787828568239397072590628475652519149315477760956963444873175080969116510691399431273649623700153747588931330686005608436573571868770291523528988804669814374530772475665865206993877642619084751782128999188475575815984673508366850699103911845370186420103032743337472752084206918308586593890407312089680548551013668141313836706382210078190305480674941015179553605893678556492917429720825116948621139799537426181472086832540762384162020758951855801995636383789277659499530899631103924249690930111404593468620421055435423587016810195286737477650792227546021471036214418601025608517366754102960008200794562948884905806349257247314545601024294345143687245754338291752708288972362026882209420994781865252243282723132511155174531877666624286900888542173986273845766971540189699928252299878472084801527377046146322788160206892719090003920512308210106325310668718274837329691155755136217617976330748494374590483189307305455949985662475291090486594546997071131739522406076486066275942386575001016378509956476877314527531707507279412083600318681852930279885562044709913115669956387715951154003159615122263497398717944972985465535936602385998679757087117674658024564972348696418583150912665440090824586945378012500026835724142401572545534389478160393414554520723080469447404127341335354809800124918106193240903865309009616116938018088318168090266973665359414455372352516737564431308068985267990545303672234166678500221126662230738031367711004413559254584584044065035097902619569288937872764137394369023790301224709817086956600191323508474874463661454760670792218098781859107166624611604770177516430852111004842426519315118392758464010095558641509730256240370384538600659064826689818354682078280254284423030448568370939579640068685323993879747119069356780204042340710488333035708964728409262284389790571241631645756430819867306412037151826403660116424619548805575036639597283509028318921625723415797708522542643089248127063054475490592314883689104050530518580662600111603847183433574940641526988150	-2,-6,5,-5,-5,-5,-5,-5,-5,-5,-5,-5	5,5,-5,-5,-5,-5,-5,-5,-5,-5,-5,-5	ok
1.919920	-12.672673	-17.576272	0.313690	continued:5	234423788543221666869589841058293256947146341237195864601416477436698628991306797316927419517835903704062369926128505986131086308323707723104885844013406139912331275047936097075338153131234016116711701491432265625940816441588332097703628627751311952085943954455548645382492798608667916644772012901191847944804467694528824409829485788038982840360738023483404363341952458958017035660504026326021778548256853019737914270662304886105692451644632071575616142943277753349001574031449118327828014458199590973820921907687586895703369773979920630060731698338128713170762522322389166136415499798253601830014165386905699567666456674873890985414786383225539608689224537771196076791605757782433657966699716220047691286709917193517352955693708391262789580840588727196220841753617522750371575609509313786805814176401756710355857708957223509063397589152720271466997023796324716200997238264339972156218959534757897869600118717177374716332012261562590499105252401977768233900729207589834065331941712608715961211414926870717083659914795122446560963264932464469653594895337749591182982541211166712852836933020609842937051978729103433741993330282534378764376894282940374204813342004311299083492258835504016604887768408340761810267801435259007840930657475455466379918821256975335743236131494262623187310304270524554206573793488423670470748371510888508189806878736851779292800537037309171738232352071973074692001596431303880912307539598826953005147592997330346028766709216579870672087409032183051230862867642083984566671910622216780275319790650556877521460538524832888866715404765116308864618724863646509131145311034229703074808697946165922128863000213040082821876759759424895181086548655743876029293186385307590530015477920531854391858777262775652218567897762719653797215446234590233324869409633205221194527197576568900423209707198913704068610056334329290188300100653109711482295237046858984608441389456955057021987133823689472661741386162900014220214917122108500932978313209697374604685770184590602631726599413494077042371887522760125085885260540505229789982917653758883391591000702078438375874712918147695286982904579369702104157918394281138902548764458134399268520589219688210261829511465438684257545849222652571391174023848434909156351685154023924234995704880068276386646827194295292915656847868741866663583620783492243017723325743851218531281298585458872121935809133858524970483854109430033719061949157195808885509193347117275222869657523629687619166308931110342382263578454037032005144733419681225655342223414612550108298440890740367000915310509217078751441146198426012056207305620602152816179766535298662708910006041836985168394007336450765562396063365078001512561782106782446835262961982834427477311960189908666322485644995640966709965337416439801488916478775275484170351448407107726084411208332002345470343190388968435501288068076528292676641122251406262365934891541310505668020416000028696384570210340733758955762418829313877648398255543427539129830208810190558697966234944387303119103	234423788543221666869589841058293256947146341237195864601416477436698628991306797316927419517835903704062369926128505986131086308323707723104885844013406139912331275047936097075338153131234016116711701491432265625940816441588332097703628627751311952085943954455548645382492798608667916644772012901191847944804467694528824409829485788038982840360738023483404363341952458955110067928170243787308388305605436414789096840112693010893262889540310426019550538079684469572217546824504887123648821245465060581782701461746475844158890108995084951999189569351873765631831087132286614147199138796246027104134022716653324636643193124936044343872737424495970972672939929822891773419584617566233184657473218750237280566993017472268989828037973409731080687508589749401077765870739561966105442604225268751794721442529781362979179346445712115866200959069110030994400423452041899825024920582918924502287731617305972111779145174683694409616668032884969897263781259491734229274450111934385104747017085778790934787828568239397072590628475652519149315477760956963444873175080969116510691399431273649623700153747588931330686005608436573571868770291523528988804669814374530772475665865206993877642619084751782128999188475575815984673508366850699103911845370186420103032743337472752084206918308586593890407312089680548551013668141313836706382210078190305480674941015179553605893678556492917429720825116948621139799537426181472086832540762384162020758951855801995636383789277659499530899631103924249690930111404593468620421055435423587016810195286737477650792227546021471036214418601025608517366754102960008200794562948884905806349257247314545601024294345143687245754338291752708288972362026882209420994781865252243282723132511155174531877666624286900888542173986273845766971540189699928252299878472084801527377046146322788160206892719090003920512308210106325310668718274837329691155755136217617976330748494374590483189307305455949985662475291090486594546997071131739522406076486066275942386575001016378509956476877314527531707507279412083600318681852930279885562044709913115669956387715951154003159615122263497398717944972985465535936602385998679757087117674658024564972348696418583150912665440090824586945378012500026835724142401572545534389478160393414554520723080469447404127341335354809800124918106193240903865309009616116938018088318168090266973665359414455372352516737564431308068985267990545303672234166678500221126662230738031367711004413559254584584044065035097902619569288937872764137394369023790301224709817086956600191323508474874463661454760670792218098781859107166624611604770177516430852111004842426519315118392758464010095558641509730256240370384538600659064826689818354682078280254284423030448568370939579640068685323993879747119069356780204042340710488333035708964728409262284389790571241631645756430819867306412037151826403660116424619548805575036639597283509028318921625723415797708522542643089248127063054475490592314883689104050530518580662600111603847183433574940641526988150	-2,-6,5,-5,-5,-5,-5,-5,-5,-5,-5,-5	5,5,-5,-5,-5,-5,-5,-5,-5,-5,-5,-5	ok
1.923924	-12.672673	-17.574261	0.313316	continued:5	234423788543221666869589841058293256947146341237195864601416477436698628991306797316927419517835903704062369926128505986131086308323707723104885844013406139912331275047936097075338153131234016116711701491432265625940816441588332097703628627751311952085943954455548645382492798608667916644772012901191847944804467694528824409829485788038982840360738023483404363341952458958017035660504026326021778548256853019737914270662304886105692451644632071575616142943277753349001574031449118327828014458199590973820921907687586895703369773979920630060731698338128713170762522322389166136415499798253601830014165386905699567666456674873890985414786383225539608689224537771196076791605757782433657966699716220047691286709917193517352955693708391262789580840588727196220841753617522750371575609509313786805814176401756710355857708957223509063397589152720271466997023796324716200997238264339972156218959534757897869600118717177374716332012261562590499105252401977768233900729207589834065331941712608715961211414926870717083659914795122446560963264932464469653594895337749591182982541211166712852836933020609842937051978729103433741993330282534378764376894282940374204813342004311299083492258835504016604887768408340761810267801435259007840930657475455466379918821256975335743236131494262623187310304270524554206573793488423670470748371510888508189806878736851779292800537037309171738232352071973074692001596431303880912307539598826953005147592997330346028766709216579870672087409032183051230862867642083984566671910622216780275319790650556877521460538524832888866715404765116308864618724863646509131145311034229703074808697946165922128863000213040082821876759759424895181086548655743876029293186385307590530015477920531854391858777262775652218567897762719653797215446234590233324869409633205221194527197576568900423209707198913704068610056334329290188300100653109711482295237046858984608441389456955057021987133823689472661741386162900014220214917122108500932978313209697374604685770184590602631726599413494077042371887522760125085885260540505229789982917653758883391591000702078438375874712918147695286982904579369702104157918394281138902548764458134399268520589219688210261829511465438684257545849222652571391174023848434909156351685154023924234995704880068276386646827194295292915656847868741866663583620783492243017723325743851218531281298585458872121935809133858524970483854109430033719061949157195808885509193347117275222869657523629687619166308931110342382263578454037032005144733419681225655342223414612550108298440890740367000915310509217078751441146198426012056207305620602152816179766535298662708910006041836985168394007336450765562396063365078001512561782106782446835262961982834427477311960189908666322485644995640966709965337416439801488916478775275484170351448407107726084411208332002345470343190388968435501288068076528292676641122251406262365934891541310505668020416000028696384570210340733758955762418829313877648398255543427539129830208810190558697966234944387303119103	234423788543221666869589841058293256947146341237195864601416477436698628991306797316927419517835903704062369926128505986131086308323707723104885844013406139912331275047936097075338153131234016116711701491432265625940816441588332097703628627751311952085943954455548645382492798608667916644772012901191847944804467694528824409829485788038982840360738023483404363341952458955110067928170243787308388305605436414789096840112693010893262889540310426019550538079684469572217546824504887123648821245465060581782701461746475844158890108995084951999189569351873765631831087132286614147199138796246027104134022716653324636643193124936044343872737424495970972672939929822891773419584617566233184657473218750237280566993017472268989828037973409731080687508589749401077765870739561966105442604225268751794721442529781362979179346445712115866200959069110030994400423452041899825024920582918924502287731617305972111779145174683694409616668032884969897263781259491734229274450111934385104747017085778790934787828568239397072590628475652519149315477760956963444873175080969116510691399431273649623700153747588931330686005608436573571868770291523528988804669814374530772475665865206993877642619084751782128999188475575815984673508366850699103911845370186420103032743337472752084206918308586593890407312089680548551013668141313836706382210078190305480674941015179553605893678556492917429720825116948621139799537426181472086832540762384162020758951855801995636383789277659499530899631103924249690930111404593468620421055435423587016810195286737477650792227546021471036214418601025608517366754102960008200794562948884905806349257247314545601024294345143687245754338291752708288972362026882209420994781865252243282723132511155174531877666624286900888542173986273845766971540189699928252299878472084801527377046146322788160206892719090003920512308210106325310668718274837329691155755136217617976330748494374590483189307305455949985662475291090486594546997071131739522406076486066275942386575001016378509956476877314527531707507279412083600318681852930279885562044709913115669956387715951154003159615122263497398717944972985465535936602385998679757087117674658024564972348696418583150912665440090824586945378012500026835724142401572545534389478160393414554520723080469447404127341335354809800124918106193240903865309009616116938018088318168090266973665359414455372352516737564431308068985267990545303672234166678500221126662230738031367711004413559254584584044065035097902619569288937872764137394369023790301224709817086956600191323508474874463661454760670792218098781859107166624611604770177516430852111004842426519315118392758464010095558641509730256240370384538600659064826689818354682078280254284423030448568370939579640068685323993879747119069356780204042340710488333035708964728409262284389790571241631645756430819867306412037151826403660116424619548805575036639597283509028318921625723415797708522542643089248127063054475490592314883689104050530518580662600111603847183433574940641526988150	-2,-6,5,-5,-5,-5,-5,-5,-5,-5,-5,-5	5,5,-5,-5,-5,-5,-5,-5,-5,-5,-5,-5	ok
1.927928	-12.672673	-17.573366	0.313149	continued:5	234423788543221666869589841058293256947146341237195864601416477436698628991306797316927419517835903704062369926128505986131086308323707723104885844013406139912331275047936097075338153131234016116711701491432265625940816441588332097703628627751311952085943954455548645382492798608667916644772012901191847944804467694528824409829485788038982840360738023483404363341952458958017035660504026326021778548256853019737914270662304886105692451644632071575616142943277753349001574031449118327828014458199590973820921907687586895703369773979920630060731698338128713170762522322389166136415499798253601830014165386905699567666456674873890985414786383225539608689224537771196076791605757782433657966699716220047691286709917193517352955693708391262789580840588727196220841753617522750371575609509313786805814176401756710355857708957223509063397589152720271466997023796324716200997238264339972156218959534757897869600118717177374716332012261562590499105252401977768233900729207589834065331941712608715961211414926870717083659914795122446560963264932464469653594895337749591182982541211166712852836933020609842937051978729103433741993330282534378764376894282940374204813342004311299083492258835504016604887768408340761810267801435259007840930657475455466379918821256975335743236131494262623187310304270524554206573793488423670470748371510888508189806878736851779292800537037309171738232352071973074692001596431303880912307539598826953005147592997330346028766709216579870672087409032183051230862867642083984566671910622216780275319790650556877521460538524832888866715404765116308864618724863646509131145311034229703074808697946165922128863000213040082821876759759424895181086548655743876029293186385307590530015477920531854391858777262775652218567897762719653797215446234590233324869409633205221194527197576568900423209707198913704068610056334329290188300100653109711482295237046858984608441389456955057021987133823689472661741386162900014220214917122108500932978313209697374604685770184590602631726599413494077042371887522760125085885260540505229789982917653758883391591000702078438375874712918147695286982904579369702104157918394281138902548764458134399268520589219688210261829511465438684257545849222652571391174023848434909156351685154023924234995704880068276386646827194295292915656847868741866663583620783492243017723325743851218531281298585458872121935809133858524970483854109430033719061949157195808885509193347117275222869657523629687619166308931110342382263578454037032005144733419681225655342223414612550108298440890740367000915310509217078751441146198426012056207305620602152816179766535298662708910006041836985168394007336450765562396063365078001512561782106782446835262961982834427477311960189908666322485644995640966709965337416439801488916478775275484170351448407107726084411208332002345470343190388968435501288068076528292676641122251406262365934891541310505668020416000028696384570210340733758955762418829313877648398255543427539129830208810190558697966234944387303119103	234423788543221666869589841058293256947146341237195864601416477436698628991306797316927419517835903704062369926128505986131086308323707723104885844013406139912331275047936097075338153131234016116711701491432265625940816441588332097703628627751311952085943954455548645382492798608667916644772012901191847944804467694528824409829485788038982840360738023483404363341952458955110067928170243787308388305605436414789096840112693010893262889540310426019550538079684469572217546824504887123648821245465060581782701461746475844158890108995084951999189569351873765631831087132286614147199138796246027104134022716653324636643193124936044343872737424495970972672939929822891773419584617566233184657473218750237280566993017472268989828037973409731080687508589749401077765870739561966105442604225268751794721442529781362979179346445712115866200959069110030994400423452041899825024920582918924502287731617305972111779145174683694409616668032884969897263781259491734229274450111934385104747017085778790934787828568239397072590628475652519149315477760956963444873175080969116510691399431273649623700153747588931330686005608436573571868770291523528988804669814374530772475665865206993877642619084751782128999188475575815984673508366850699103911845370186420103032743337472752084206918308586593890407312089680548551013668141313836706382210078190305480674941015179553605893678556492917429720825116948621139799537426181472086832540762384162020758951855801995636383789277659499530899631103924249690930111404593468620421055435423587016810195286737477650792227546021471036214418601025608517366754102960008200794562948884905806349257247314545601024294345143687245754338291752708288972362026882209420994781865252243282723132511155174531877666624286900888542173986273845766971540189699928252299878472084801527377046146322788160206892719090003920512308210106325310668718274837329691155755136217617976330748494374590483189307305455949985662475291090486594546997071131739522406076486066275942386575001016378509956476877314527531707507279412083600318681852930279885562044709913115669956387715951154003159615122263497398717944972985465535936602385998679757087117674658024564972348696418583150912665440090824586945378012500026835724142401572545534389478160393414554520723080469447404127341335354809800124918106193240903865309009616116938018088318168090266973665359414455372352516737564431308068985267990545303672234166678500221126662230738031367711004413559254584584044065035097902619569288937872764137394369023790301224709817086956600191323508474874463661454760670792218098781859107166624611604770177516430852111004842426519315118392758464010095558641509730256240370384538600659064826689818354682078280254284423030448568370939579640068685323993879747119069356780204042340710488333035708964728409262284389790571241631645756430819867306412037151826403660116424619548805575036639597283509028318921625723415797708522542643089248127063054475490592314883689104050530518580662600111603847183433574940641526988150	-2,-6,5,-5,-5,-5,-5,-5,-5,-5,-5,-5	5,5,-5,-5,-5,-5,-5,-5,-5,-5,-5,-5	ok
1.931932	-12.672673	-17.572468	0.312982	continued:5	234423788543221666869589841058293256947146341237195864601416477436698628991306797316927419517835903704062369926128505986131086308323707723104885844013406139912331275047936097075338153131234016116711701491432265625940816441588332097703628627751311952085943954455548645382492798608667916644772012901191847944804467694528824409829485788038982840360738023483404363341952458958017035660504026326021778548256853019737914270662304886105692451644632071575616142943277753349001574031449118327828014458199590973820921907687586895703369773979920630060731698338128713170762522322389166136415499798253601830014165386905699567666456674873890985414786383225539608689224537771196076791605757782433657966699716220047691286709917193517352955693708391262789580840588727196220841753617522750371575609509313786805814176401756710355857708957223509063397589152720271466997023796324716200997238264339972156218959534757897869600118717177374716332012261562590499105252401977768233900729207589834065331941712608715961211414926870717083659914795122446560963264932464469653594895337749591182982541211166712852836933020609842937051978729103433741993330282534378764376894282940374204813342004311299083492258835504016604887768408340761810267801435259007840930657475455466379918821256975335743236131494262623187310304270524554206573793488423670470748371510888508189806878736851779292800537037309171738232352071973074692001596431303880912307539598826953005147592997330346028766709216579870672087409032183051230862867642083984566671910622216780275319790650556877521460538524832888866715404765116308864618724863646509131145311034229703074808697946165922128863000213040082821876759759424895181086548655743876029293186385307590530015477920531854391858777262775652218567897762719653797215446234590233324869409633205221194527197576568900423209707198913704068610056334329290188300100653109711482295237046858984608441389456955057021987133823689472661741386162900014220214917122108500932978313209697374604685770184590602631726599413494077042371887522760125085885260540505229789982917653758883391591000702078438375874712918147695286982904579369702104157918394281138902548764458134399268520589219688210261829511465438684257545849222652571391174023848434909156351685154023924234995704880068276386646827194295292915656847868741866663583620783492243017723325743851218531281298585458872121935809133858524970483854109430033719061949157195808885509193347117275222869657523629687619166308931110342382263578454037032005144733419681225655342223414612550108298440890740367000915310509217078751441146198426012056207305620602152816179766535298662708910006041836985168394007336450765562396063365078001512561782106782446835262961982834427477311960189908666322485644995640966709965337416439801488916478775275484170351448407107726084411208332002345470343190388968435501288068076528292676641122251406262365934891541310505668020416000028696384570210340733758955762418829313877648398255543427539129830208810190558697966234944387303119103	234423788543221666869589841058293256947146341237195864601416477436698628991306797316927419517835903704062369926128505986131086308323707723104885844013406139912331275047936097075338153131234016116711701491432265625940816441588332097703628627751311952085943954455548645382492798608667916644772012901191847944804467694528824409829485788038982840360738023483404363341952458955110067928170243787308388305605436414789096840112693010893262889540310426019550538079684469572217546824504887123648821245465060581782701461746475844158890108995084951999189569351873765631831087132286614147199138796246027104134022716653324636643193124936044343872737424495970972672939929822891773419584617566233184657473218750237280566993017472268989828037973409731080687508589749401077765870739561966105442604225268751794721442529781362979179346445712115866200959069110030994400423452041899825024920582918924502287731617305972111779145174683694409616668032884969897263781259491734229274450111934385104747017085778790934787828568239397072590628475652519149315477760956963444873175080969116510691399431273649623700153747588931330686005608436573571868770291523528988804669814374530772475665865206993877642619084751782128999188475575815984673508366850699103911845370186420103032743337472752084206918308586593890407312089680548551013668141313836706382210078190305480674941015179553605893678556492917429720825116948621139799537426181472086832540762384162020758951855801995636383789277659499530899631103924249690930111404593468620421055435423587016810195286737477650792227546021471036214418601025608517366754102960008200794562948884905806349257247314545601024294345143687245754338291752708288972362026882209420994781865252243282723132511155174531877666624286900888542173986273845766971540189699928252299878472084801527377046146322788160206892719090003920512308210106325310668718274837329691155755136217617976330748494374590483189307305455949985662475291090486594546997071131739522406076486066275942386575001016378509956476877314527531707507279412083600318681852930279885562044709913115669956387715951154003159615122263497398717944972985465535936602385998679757087117674658024564972348696418583150912665440090824586945378012500026835724142401572545534389478160393414554520723080469447404127341335354809800124918106193240903865309009616116938018088318168090266973665359414455372352516737564431308068985267990545303672234166678500221126662230738031367711004413559254584584044065035097902619569288937872764137394369023790301224709817086956600191323508474874463661454760670792218098781859107166624611604770177516430852111004842426519315118392758464010095558641509730256240370384538600659064826689818354682078280254284423030448568370939579640068685323993879747119069356780204042340710488333035708964728409262284389790571241631645756430819867306412037151826403660116424619548805575036639597283509028318921625723415797708522542643089248127063054475490592314883689104050530518580662600111603847183433574940641526988150	-2,-6,5,-5,-5,-5,-5,-5,-5,-5,-5,-5	5,5,-5,-5,-5,-5,-5,-5,-5,-5,-5,-5	ok
1.935936	-12.672673	-17.570450	0.312608	continued:5	234423788543221666869589841058293256947146341237195864601416477436698628991306797316927419517835903704062369926128505986131086308323707723104885844013406139912331275047936097075338153131234016116711701491432265625940816441588332097703628627751311952085943954455548645382492798608667916644772012901191847944804467694528824409829485788038982840360738023483404363341952458958017035660504026326021778548256853019737914270662304886105692451644632071575616142943277753349001574031449118327828014458199590973820921907687586895703369773979920630060731698338128713170762522322389166136415499798253601830014165386905699567666456674873890985414786383225539608689224537771196076791605757782433657966699716220047691286709917193517352955693708391262789580840588727196220841753617522750371575609509313786805814176401756710355857708957223509063397589152720271466997023796324716200997238264339972156218959534757897869600118717177374716332012261562590499105252401977768233900729207589834065331941712608715961211414926870717083659914795122446560963264932464469653594895337749591182982541211166712852836933020609842937051978729103433741993330282534378764376894282940374204813342004311299083492258835504016604887768408340761810267801435259007840930657475455466379918821256975335743236131494262623187310304270524554206573793488423670470748371510888508189806878736851779292800537037309171738232352071973074692001596431303880912307539598826953005147592997330346028766709216579870672087409032183051230862867642083984566671910622216780275319790650556877521460538524832888866715404765116308864618724863646509131145311034229703074808697946165922128863000213040082821876759759424895181086548655743876029293186385307590530015477920531854391858777262775652218567897762719653797215446234590233324869409633205221194527197576568900423209707198913704068610056334329290188300100653109711482295237046858984608441389456955057021987133823689472661741386162900014220214917122108500932978313209697374604685770184590602631726599413494077042371887522760125085885260540505229789982917653758883391591000702078438375874712918147695286982904579369702104157918394281138902548764458134399268520589219688210261829511465438684257545849222652571391174023848434909156351685154023924234995704880068276386646827194295292915656847868741866663583620783492243017723325743851218531281298585458872121935809133858524970483854109430033719061949157195808885509193347117275222869657523629687619166308931110342382263578454037032005144733419681225655342223414612550108298440890740367000915310509217078751441146198426012056207305620602152816179766535298662708910006041836985168394007336450765562396063365078001512561782106782446835262961982834427477311960189908666322485644995640966709965337416439801488916478775275484170351448407107726084411208332002345470343190388968435501288068076528292676641122251406262365934891541310505668020416000028696384570210340733758955762418829313877648398255543427539129830208810190558697966234944387303119103	234423788543221666869589841058293256947146341237195864601416477436698628991306797316927419517835903704062369926128505986131086308323707723104885844013406139912331275047936097075338153131234016116711701491432265625940816441588332097703628627751311952085943954455548645382492798608667916644772012901191847944804467694528824409829485788038982840360738023483404363341952458955110067928170243787308388305605436414789096840112693010893262889540310426019550538079684469572217546824504887123648821245465060581782701461746475844158890108995084951999189569351873765631831087132286614147199138796246027104134022716653324636643193124936044343872737424495970972672939929822891773419584617566233184657473218750237280566993017472268989828037973409731080687508589749401077765870739561966105442604225268751794721442529781362979179346445712115866200959069110030994400423452041899825024920582918924502287731617305972111779145174683694409616668032884969897263781259491734229274450111934385104747017085778790934787828568239397072590628475652519149315477760956963444873175080969116510691399431273649623700153747588931330686005608436573571868770291523528988804669814374530772475665865206993877642619084751782128999188475575815984673508366850699103911845370186420103032743337472752084206918308586593890407312089680548551013668141313836706382210078190305480674941015179553605893678556492917429720825116948621139799537426181472086832540762384162020758951855801995636383789277659499530899631103924249690930111404593468620421055435423587016810195286737477650792227546021471036214418601025608517366754102960008200794562948884905806349257247314545601024294345143687245754338291752708288972362026882209420994781865252243282723132511155174531877666624286900888542173986273845766971540189699928252299878472084801527377046146322788160206892719090003920512308210106325310668718274837329691155755136217617976330748494374590483189307305455949985662475291090486594546997071131739522406076486066275942386575001016378509956476877314527531707507279412083600318681852930279885562044709913115669956387715951154003159615122263497398717944972985465535936602385998679757087117674658024564972348696418583150912665440090824586945378012500026835724142401572545534389478160393414554520723080469447404127341335354809800124918106193240903865309009616116938018088318168090266973665359414455372352516737564431308068985267990545303672234166678500221126662230738031367711004413559254584584044065035097902619569288937872764137394369023790301224709817086956600191323508474874463661454760670792218098781859107166624611604770177516430852111004842426519315118392758464010095558641509730256240370384538600659064826689818354682078280254284423030448568370939579640068685323993879747119069356780204042340710488333035708964728409262284389790571241631645756430819867306412037151826403660116424619548805575036639597283509028318921625723415797708522542643089248127063054475490592314883689104050530518580662600111603847183433574940641526988150	-2,-6,5,-5,-5,-5,-5,-5,-5,-5,-5,-5	5,5,-5,-5,-5,-5,-5,-5,-5,-5,-5,-5	ok
1.939940	-12.672673	-17.568472	0.312234	continued:5	234423788543221666869589841058293256947146341237195864601416477436698628991306797316927419517835903704062369926128505986131086308323707723104885844013406139912331275047936097075338153131234016116711701491432265625940816441588332097703628627751311952085943954455548645382492798608667916644772012901191847944804467694528824409829485788038982840360738023483404363341952458958017035660504026326021778548256853019737914270662304886105692451644632071575616142943277753349001574031449118327828014458199590973820921907687586895703369773979920630060731698338128713170762522322389166136415499798253601830014165386905699567666456674873890985414786383225539608689224537771196076791605757782433657966699716220047691286709917193517352955693708391262789580840588727196220841753617522750371575609509313786805814176401756710355857708957223509063397589152720271466997023796324716200997238264339972156218959534757897869600118717177374716332012261562590499105252401977768233900729207589834065331941712608715961211414926870717083659914795122446560963264932464469653594895337749591182982541211166712852836933020609842937051978729103433741993330282534378764376894282940374204813342004311299083492258835504016604887768408340761810267801435259007840930657475455466379918821256975335743236131494262623187310304270524554206573793488423670470748371510888508189806878736851779292800537037309171738232352071973074692001596431303880912307539598826953005147592997330346028766709216579870672087409032183051230862867642083984566671910622216780275319790650556877521460538524832888866715404765116308864618724863646509131145311034229703074808697946165922128863000213040082821876759759424895181086548655743876029293186385307590530015477920531854391858777262775652218567897762719653797215446234590233324869409633205221194527197576568900423209707198913704068610056334329290188300100653109711482295237046858984608441389456955057021987133823689472661741386162900014220214917122108500932978313209697374604685770184590602631726599413494077042371887522760125085885260540505229789982917653758883391591000702078438375874712918147695286982904579369702104157918394281138902548764458134399268520589219688210261829511465438684257545849222652571391174023848434909156351685154023924234995704880068276386646827194295292915656847868741866663583620783492243017723325743851218531281298585458872121935809133858524970483854109430033719061949157195808885509193347117275222869657523629687619166308931110342382263578454037032005144733419681225655342223414612550108298440890740367000915310509217078751441146198426012056207305620602152816179766535298662708910006041836985168394007336450765562396063365078001512561782106782446835262961982834427477311960189908666322485644995640966709965337416439801488916478775275484170351448407107726084411208332002345470343190388968435501288068076528292676641122251406262365934891541310505668020416000028696384570210340733758955762418829313877648398255543427539129830208810190558697966234944387303119103	234423788543221666869589841058293256947146341237195864601416477436698628991306797316927419517835903704062369926128505986131086308323707723104885844013406139912331275047936097075338153131234016116711701491432265625940816441588332097703628627751311952085943954455548645382492798608667916644772012901191847944804467694528824409829485788038982840360738023483404363341952458955110067928170243787308388305605436414789096840112693010893262889540310426019550538079684469572217546824504887123648821245465060581782701461746475844158890108995084951999189569351873765631831087132286614147199138796246027104134022716653324636643193124936044343872737424495970972672939929822891773419584617566233184657473218750237280566993017472268989828037973409731080687508589749401077765870739561966105442604225268751794721442529781362979179346445712115866200959069110030994400423452041899825024920582918924502287731617305972111779145174683694409616668032884969897263781259491734229274450111934385104747017085778790934787828568239397072590628475652519149315477760956963444873175080969116510691399431273649623700153747588931330686005608436573571868770291523528988804669814374530772475665865206993877642619084751782128999188475575815984673508366850699103911845370186420103032743337472752084206918308586593890407312089680548551013668141313836706382210078190305480674941015179553605893678556492917429720825116948621139799537426181472086832540762384162020758951855801995636383789277659499530899631103924249690930111404593468620421055435423587016810195286737477650792227546021471036214418601025608517366754102960008200794562948884905806349257247314545601024294345143687245754338291752708288972362026882209420994781865252243282723132511155174531877666624286900888542173986273845766971540189699928252299878472084801527377046146322788160206892719090003920512308210106325310668718274837329691155755136217617976330748494374590483189307305455949985662475291090486594546997071131739522406076486066275942386575001016378509956476877314527531707507279412083600318681852930279885562044709913115669956387715951154003159615122263497398717944972985465535936602385998679757087117674658024564972348696418583150912665440090824586945378012500026835724142401572545534389478160393414554520723080469447404127341335354809800124918106193240903865309009616116938018088318168090266973665359414455372352516737564431308068985267990545303672234166678500221126662230738031367711004413559254584584044065035097902619569288937872764137394369023790301224709817086956600191323508474874463661454760670792218098781859107166624611604770177516430852111004842426519315118392758464010095558641509730256240370384538600659064826689818354682078280254284423030448568370939579640068685323993879747119069356780204042340710488333035708964728409262284389790571241631645756430819867306412037151826403660116424619548805575036639597283509028318921625723415797708522542643089248127063054475490592314883689104050530518580662600111603847183433574940641526988150	-2,-6,5,-5,-5,-5,-5,-5,-5,-5,-5,-5	5,5,-5,-5,-5,-5,-5,-5,-5,-5,-5,-5	ok
1.943944	-12.672673	-17.580018	0.314359	continued:5	234423788543221666869589841058293256947146341237195864601416477436698628991306797316927419517835903704062369926128505986131086308323707723104885844013406139912331275047936097075338153131234016116711701491432265625940816441588332097703628627751311952085943954455548645382492798608667916644772012901191847944804467694528824409829485788038982840360738023483404363341952458958017035660504026326021778548256853019737914270662304886105692451644632071575616142943277753349001574031449118327828014458199590973820921907687586895703369773979920630060731698338128713170762522322389166136415499798253601830014165386905699567666456674873890985414786383225539608689224537771196076791605757782433657966699716220047691286709917193517352955693708391262789580840588727196220841753617522750371575609509313786805814176401756710355857708957223509063397589152720271466997023796324716200997238264339972156218959534757897869600118717177374716332012261562590499105252401977768233900729207589834065331941712608715961211414926870717083659914795122446560963264932464469653594895337749591182982541211166712852836933020609842937051978729103433741993330282534378764376894282940374204813342004311299083492258835504016604887768408340761810267801435259007840930657475455466379918821256975335743236131494262623187310304270524554206573793488423670470748371510888508189806878736851779292800537037309171738232352071973074692001596431303880912307539598826953005147592997330346028766709216579870672087409032183051230862867642083984566671910622216780275319790650556877521460538524832888866715404765116308864618724863646509131145311034229703074808697946165922128863000213040082821876759759424895181086548655743876029293186385307590530015477920531854391858777262775652218567897762719653797215446234590233324869409633205221194527197576568900423209707198913704068610056334329290188300100653109711482295237046858984608441389456955057021987133823689472661741386162900014220214917122108500932978313209697374604685770184590602631726599413494077042371887522760125085885260540505229789982917653758883391591000702078438375874712918147695286982904579369702104157918394281138902548764458134399268520589219688210261829511465438684257545849222652571391174023848434909156351685154023924234995704880068276386646827194295292915656847868741866663583620783492243017723325743851218531281298585458872121935809133858524970483854109430033719061949157195808885509193347117275222869657523629687619166308931110342382263578454037032005144733419681225655342223414612550108298440890740367000915310509217078751441146198426012056207305620602152816179766535298662708910006041836985168394007336450765562396063365078001512561782106782446835262961982834427477311960189908666322485644995640966709965337416439801488916478775275484170351448407107726084411208332002345470343190388968435501288068076528292676641122251406262365934891541310505668020416000028696384570210340733758955762418829313877648398255543427539129830208810190558697966234944387303119103	234423788543221666869589841058293256947146341237195864601416477436698628991306797316927419517835903704062369926128505986131086308323707723104885844013406139912331275047936097075338153131234016116711701491432265625940816441588332097703628627751311952085943954455548645382492798608667916644772012901191847944804467694528824409829485788038982840360738023483404363341952458955110067928170243787308388305605436414789096840112693010893262889540310426019550538079684469572217546824504887123648821245465060581782701461746475844158890108995084951999189569351873765631831087132286614147199138796246027104134022716653324636643193124936044343872737424495970972672939929822891773419584617566233184657473218750237280566993017472268989828037973409731080687508589749401077765870739561966105442604225268751794721442529781362979179346445712115866200959069110030994400423452041899825024920582918924502287731617305972111779145174683694409616668032884969897263781259491734229274450111934385104747017085778790934787828568239397072590628475652519149315477760956963444873175080969116510691399431273649623700153747588931330686005608436573571868770291523528988804669814374530772475665865206993877642619084751782128999188475575815984673508366850699103911845370186420103032743337472752084206918308586593890407312089680548551013668141313836706382210078190305480674941015179553605893678556492917429720825116948621139799537426181472086832540762384162020758951855801995636383789277659499530899631103924249690930111404593468620421055435423587016810195286737477650792227546021471036214418601025608517366754102960008200794562948884905806349257247314545601024294345143687245754338291752708288972362026882209420994781865252243282723132511155174531877666624286900888542173986273845766971540189699928252299878472084801527377046146322788160206892719090003920512308210106325310668718274837329691155755136217617976330748494374590483189307305455949985662475291090486594546997071131739522406076486066275942386575001016378509956476877314527531707507279412083600318681852930279885562044709913115669956387715951154003159615122263497398717944972985465535936602385998679757087117674658024564972348696418583150912665440090824586945378012500026835724142401572545534389478160393414554520723080469447404127341335354809800124918106193240903865309009616116938018088318168090266973665359414455372352516737564431308068985267990545303672234166678500221126662230738031367711004413559254584584044065035097902619569288937872764137394369023790301224709817086956600191323508474874463661454760670792218098781859107166624611604770177516430852111004842426519315118392758464010095558641509730256240370384538600659064826689818354682078280254284423030448568370939579640068685323993879747119069356780204042340710488333035708964728409262284389790571241631645756430819867306412037151826403660116424619548805575036639597283509028318921625723415797708522542643089248127063054475490592314883689104050530518580662600111603847183433574940641526988150	-2,-6,5,-5,-5,-5,-5,-5,-5,-5,-5,-5	5,5,-5,-5,-5,-5,-5,-5,-5,-5,-5,-5	ok
1.947948	-12.672673	-17.595107	0.317152	continued:5	234423788543221666869589841058293256947146341237195864601416477436698628991306797316927419517835903704062369926128505986131086308323707723104885844013406139912331275047936097075338153131234016116711701491432265625940816441588332097703628627751311952085943954455548645382492798608667916644772012901191847944804467694528824409829485788038982840360738023483404363341952458958017035660504026326021778548256853019737914270662304886105692451644632071575616142943277753349001574031449118327828014458199590973820921907687586895703369773979920630060731698338128713170762522322389166136415499798253601830014165386905699567666456674873890985414786383225539608689224537771196076791605757782433657966699716220047691286709917193517352955693708391262789580840588727196220841753617522750371575609509313786805814176401756710355857708957223509063397589152720271466997023796324716200997238264339972156218959534757897869600118717177374716332012261562590499105252401977768233900729207589834065331941712608715961211414926870717083659914795122446560963264932464469653594895337749591182982541211166712852836933020609842937051978729103433741993330282534378764376894282940374204813342004311299083492258835504016604887768408340761810267801435259007840930657475455466379918821256975335743236131494262623187310304270524554206573793488423670470748371510888508189806878736851779292800537037309171738232352071973074692001596431303880912307539598826953005147592997330346028766709216579870672087409032183051230862867642083984566671910622216780275319790650556877521460538524832888866715404765116308864618724863646509131145311034229703074808697946165922128863000213040082821876759759424895181086548655743876029293186385307590530015477920531854391858777262775652218567897762719653797215446234590233324869409633205221194527197576568900423209707198913704068610056334329290188300100653109711482295237046858984608441389456955057021987133823689472661741386162900014220214917122108500932978313209697374604685770184590602631726599413494077042371887522760125085885260540505229789982917653758883391591000702078438375874712918147695286982904579369702104157918394281138902548764458134399268520589219688210261829511465438684257545849222652571391174023848434909156351685154023924234995704880068276386646827194295292915656847868741866663583620783492243017723325743851218531281298585458872121935809133858524970483854109430033719061949157195808885509193347117275222869657523629687619166308931110342382263578454037032005144733419681225655342223414612550108298440890740367000915310509217078751441146198426012056207305620602152816179766535298662708910006041836985168394007336450765562396063365078001512561782106782446835262961982834427477311960189908666322485644995640966709965337416439801488916478775275484170351448407107726084411208332002345470343190388968435501288068076528292676641122251406262365934891541310505668020416000028696384570210340733758955762418829313877648398255543427539129830208810190558697966234944387303119103	234423788543221666869589841058293256947146341237195864601416477436698628991306797316927419517835903704062369926128505986131086308323707723104885844013406139912331275047936097075338153131234016116711701491432265625940816441588332097703628627751311952085943954455548645382492798608667916644772012901191847944804467694528824409829485788038982840360738023483404363341952458955110067928170243787308388305605436414789096840112693010893262889540310426019550538079684469572217546824504887123648821245465060581782701461746475844158890108995084951999189569351873765631831087132286614147199138796246027104134022716653324636643193124936044343872737424495970972672939929822891773419584617566233184657473218750237280566993017472268989828037973409731080687508589749401077765870739561966105442604225268751794721442529781362979179346445712115866200959069110030994400423452041899825024920582918924502287731617305972111779145174683694409616668032884969897263781259491734229274450111934385104747017085778790934787828568239397072590628475652519149315477760956963444873175080969116510691399431273649623700153747588931330686005608436573571868770291523528988804669814374530772475665865206993877642619084751782128999188475575815984673508366850699103911845370186420103032743337472752084206918308586593890407312089680548551013668141313836706382210078190305480674941015179553605893678556492917429720825116948621139799537426181472086832540762384162020758951855801995636383789277659499530899631103924249690930111404593468620421055435423587016810195286737477650792227546021471036214418601025608517366754102960008200794562948884905806349257247314545601024294345143687245754338291752708288972362026882209420994781865252243282723132511155174531877666624286900888542173986273845766971540189699928252299878472084801527377046146322788160206892719090003920512308210106325310668718274837329691155755136217617976330748494374590483189307305455949985662475291090486594546997071131739522406076486066275942386575001016378509956476877314527531707507279412083600318681852930279885562044709913115669956387715951154003159615122263497398717944972985465535936602385998679757087117674658024564972348696418583150912665440090824586945378012500026835724142401572545534389478160393414554520723080469447404127341335354809800124918106193240903865309009616116938018088318168090266973665359414455372352516737564431308068985267990545303672234166678500221126662230738031367711004413559254584584044065035097902619569288937872764137394369023790301224709817086956600191323508474874463661454760670792218098781859107166624611604770177516430852111004842426519315118392758464010095558641509730256240370384538600659064826689818354682078280254284423030448568370939579640068685323993879747119069356780204042340710488333035708964728409262284389790571241631645756430819867306412037151826403660116424619548805575036639597283509028318921625723415797708522542643089248127063054475490592314883689104050530518580662600111603847183433574940641526988150	-2,-6,5,-5,-5,-5,-5,-5,-5,-5,-5,-5	5,5,-5,-5,-5,-5,-5,-5,-5,-5,-5,-5	ok
1.951952	-12.672673	-17.610123	0.319945	continued:5	234423788543221666869589841058293256947146341237195864601416477436698628991306797316927419517835903704062369926128505986131086308323707723104885844013406139912331275047936097075338153131234016116711701491432265625940816441588332097703628627751311952085943954455548645382492798608667916644772012901191847944804467694528824409829485788038982840360738023483404363341952458958017035660504026326021778548256853019737914270662304886105692451644632071575616142943277753349001574031449118327828014458199590973820921907687586895703369773979920630060731698338128713170762522322389166136415499798253601830014165386905699567666456674873890985414786383225539608689224537771196076791605757782433657966699716220047691286709917193517352955693708391262789580840588727196220841753617522750371575609509313786805814176401756710355857708957223509063397589152720271466997023796324716200997238264339972156218959534757897869600118717177374716332012261562590499105252401977768233900729207589834065331941712608715961211414926870717083659914795122446560963264932464469653594895337749591182982541211166712852836933020609842937051978729103433741993330282534378764376894282940374204813342004311299083492258835504016604887768408340761810267801435259007840930657475455466379918821256975335743236131494262623187310304270524554206573793488423670470748371510888508189806878736851779292800537037309171738232352071973074692001596431303880912307539598826953005147592997330346028766709216579870672087409032183051230862867642083984566671910622216780275319790650556877521460538524832888866715404765116308864618724863646509131145311034229703074808697946165922128863000213040082821876759759424895181086548655743876029293186385307590530015477920531854391858777262775652218567897762719653797215446234590233324869409633205221194527197576568900423209707198913704068610056334329290188300100653109711482295237046858984608441389456955057021987133823689472661741386162900014220214917122108500932978313209697374604685770184590602631726599413494077042371887522760125085885260540505229789982917653758883391591000702078438375874712918147695286982904579369702104157918394281138902548764458134399268520589219688210261829511465438684257545849222652571391174023848434909156351685154023924234995704880068276386646827194295292915656847868741866663583620783492243017723325743851218531281298585458872121935809133858524970483854109430033719061949157195808885509193347117275222869657523629687619166308931110342382263578454037032005144733419681225655342223414612550108298440890740367000915310509217078751441146198426012056207305620602152816179766535298662708910006041836985168394007336450765562396063365078001512561782106782446835262961982834427477311960189908666322485644995640966709965337416439801488916478775275484170351448407107726084411208332002345470343190388968435501288068076528292676641122251406262365934891541310505668020416000028696384570210340733758955762418829313877648398255543427539129830208810190558697966234944387303119103	234423788543221666869589841058293256947146341237195864601416477436698628991306797316927419517835903704062369926128505986131086308323707723104885844013406139912331275047936097075338153131234016116711701491432265625940816441588332097703628627751311952085943954455548645382492798608667916644772012901191847944804467694528824409829485788038982840360738023483404363341952458955110067928170243787308388305605436414789096840112693010893262889540310426019550538079684469572217546824504887123648821245465060581782701461746475844158890108995084951999189569351873765631831087132286614147199138796246027104134022716653324636643193124936044343872737424495970972672939929822891773419584617566233184657473218750237280566993017472268989828037973409731080687508589749401077765870739561966105442604225268751794721442529781362979179346445712115866200959069110030994400423452041899825024920582918924502287731617305972111779145174683694409616668032884969897263781259491734229274450111934385104747017085778790934787828568239397072590628475652519149315477760956963444873175080969116510691399431273649623700153747588931330686005608436573571868770291523528988804669814374530772475665865206993877642619084751782128999188475575815984673508366850699103911845370186420103032743337472752084206918308586593890407312089680548551013668141313836706382210078190305480674941015179553605893678556492917429720825116948621139799537426181472086832540762384162020758951855801995636383789277659499530899631103924249690930111404593468620421055435423587016810195286737477650792227546021471036214418601025608517366754102960008200794562948884905806349257247314545601024294345143687245754338291752708288972362026882209420994781865252243282723132511155174531877666624286900888542173986273845766971540189699928252299878472084801527377046146322788160206892719090003920512308210106325310668718274837329691155755136217617976330748494374590483189307305455949985662475291090486594546997071131739522406076486066275942386575001016378509956476877314527531707507279412083600318681852930279885562044709913115669956387715951154003159615122263497398717944972985465535936602385998679757087117674658024564972348696418583150912665440090824586945378012500026835724142401572545534389478160393414554520723080469447404127341335354809800124918106193240903865309009616116938018088318168090266973665359414455372352516737564431308068985267990545303672234166678500221126662230738031367711004413559254584584044065035097902619569288937872764137394369023790301224709817086956600191323508474874463661454760670792218098781859107166624611604770177516430852111004842426519315118392758464010095558641509730256240370384538600659064826689818354682078280254284423030448568370939579640068685323993879747119069356780204042340710488333035708964728409262284389790571241631645756430819867306412037151826403660116424619548805575036639597283509028318921625723415797708522542643089248127063054475490592314883689104050530518580662600111603847183433574940641526988150	-2,-6,5,-5,-5,-5,-5,-5,-5,-5,-5,-5	5,5,-5,-5,-5,-5,-5,-5,-5,-5,-5,-5	ok
1.955956	-12.672673	-17.627178	0.322739	continued:5	234423788543221666869589841058293256947146341237195864601416477436698628991306797316927419517835903704062369926128505986131086308323707723104885844013406139912331275047936097075338153131234016116711701491432265625940816441588332097703628627751311952085943954455548645382492798608667916644772012901191847944804467694528824409829485788038982840360738023483404363341952458958017035660504026326021778548256853019737914270662304886105692451644632071575616142943277753349001574031449118327828014458199590973820921907687586895703369773979920630060731698338128713170762522322389166136415499798253601830014165386905699567666456674873890985414786383225539608689224537771196076791605757782433657966699716220047691286709917193517352955693708391262789580840588727196220841753617522750371575609509313786805814176401756710355857708957223509063397589152720271466997023796324716200997238264339972156218959534757897869600118717177374716332012261562590499105252401977768233900729207589834065331941712608715961211414926870717083659914795122446560963264932464469653594895337749591182982541211166712852836933020609842937051978729103433741993330282534378764376894282940374204813342004311299083492258835504016604887768408340761810267801435259007840930657475455466379918821256975335743236131494262623187310304270524554206573793488423670470748371510888508189806878736851779292800537037309171738232352071973074692001596431303880912307539598826953005147592997330346028766709216579870672087409032183051230862867642083984566671910622216780275319790650556877521460538524832888866715404765116308864618724863646509131145311034229703074808697946165922128863000213040082821876759759424895181086548655743876029293186385307590530015477920531854391858777262775652218567897762719653797215446234590233324869409633205221194527197576568900423209707198913704068610056334329290188300100653109711482295237046858984608441389456955057021987133823689472661741386162900014220214917122108500932978313209697374604685770184590602631726599413494077042371887522760125085885260540505229789982917653758883391591000702078438375874712918147695286982904579369702104157918394281138902548764458134399268520589219688210261829511465438684257545849222652571391174023848434909156351685154023924234995704880068276386646827194295292915656847868741866663583620783492243017723325743851218531281298585458872121935809133858524970483854109430033719061949157195808885509193347117275222869657523629687619166308931110342382263578454037032005144733419681225655342223414612550108298440890740367000915310509217078751441146198426012056207305620602152816179766535298662708910006041836985168394007336450765562396063365078001512561782106782446835262961982834427477311960189908666322485644995640966709965337416439801488916478775275484170351448407107726084411208332002345470343190388968435501288068076528292676641122251406262365934891541310505668020416000028696384570210340733758955762418829313877648398255543427539129830208810190558697966234944387303119103	234423788543221666869589841058293256947146341237195864601416477436698628991306797316927419517835903704062369926128505986131086308323707723104885844013406139912331275047936097075338153131234016116711701491432265625940816441588332097703628627751311952085943954455548645382492798608667916644772012901191847944804467694528824409829485788038982840360738023483404363341952458955110067928170243787308388305605436414789096840112693010893262889540310426019550538079684469572217546824504887123648821245465060581782701461746475844158890108995084951999189569351873765631831087132286614147199138796246027104134022716653324636643193124936044343872737424495970972672939929822891773419584617566233184657473218750237280566993017472268989828037973409731080687508589749401077765870739561966105442604225268751794721442529781362979179346445712115866200959069110030994400423452041899825024920582918924502287731617305972111779145174683694409616668032884969897263781259491734229274450111934385104747017085778790934787828568239397072590628475652519149315477760956963444873175080969116510691399431273649623700153747588931330686005608436573571868770291523528988804669814374530772475665865206993877642619084751782128999188475575815984673508366850699103911845370186420103032743337472752084206918308586593890407312089680548551013668141313836706382210078190305480674941015179553605893678556492917429720825116948621139799537426181472086832540762384162020758951855801995636383789277659499530899631103924249690930111404593468620421055435423587016810195286737477650792227546021471036214418601025608517366754102960008200794562948884905806349257247314545601024294345143687245754338291752708288972362026882209420994781865252243282723132511155174531877666624286900888542173986273845766971540189699928252299878472084801527377046146322788160206892719090003920512308210106325310668718274837329691155755136217617976330748494374590483189307305455949985662475291090486594546997071131739522406076486066275942386575001016378509956476877314527531707507279412083600318681852930279885562044709913115669956387715951154003159615122263497398717944972985465535936602385998679757087117674658024564972348696418583150912665440090824586945378012500026835724142401572545534389478160393414554520723080469447404127341335354809800124918106193240903865309009616116938018088318168090266973665359414455372352516737564431308068985267990545303672234166678500221126662230738031367711004413559254584584044065035097902619569288937872764137394369023790301224709817086956600191323508474874463661454760670792218098781859107166624611604770177516430852111004842426519315118392758464010095558641509730256240370384538600659064826689818354682078280254284423030448568370939579640068685323993879747119069356780204042340710488333035708964728409262284389790571241631645756430819867306412037151826403660116424619548805575036639597283509028318921625723415797708522542643089248127063054475490592314883689104050530518580662600111603847183433574940641526988150	-2,-6,5,-5,-5,-5,-5,-5,-5,-5,-5,-5	5,5,-5,-5,-5,-5,-5,-5,-5,-5,-5,-5	ok
1.959960	-12.672673	-18.304167	0.325532	continued:5	234423788543221666869589841058293256947146341237195864601416477436698628991306797316927419517835903704062369926128505986131086308323707723104885844013406139912331275047936097075338153131234016116711701491432265625940816441588332097703628627751311952085943954455548645382492798608667916644772012901191847944804467694528824409829485788038982840360738023483404363341952458958017035660504026326021778548256853019737914270662304886105692451644632071575616142943277753349001574031449118327828014458199590973820921907687586895703369773979920630060731698338128713170762522322389166136415499798253601830014165386905699567666456674873890985414786383225539608689224537771196076791605757782433657966699716220047691286709917193517352955693708391262789580840588727196220841753617522750371575609509313786805814176401756710355857708957223509063397589152720271466997023796324716200997238264339972156218959534757897869600118717177374716332012261562590499105252401977768233900729207589834065331941712608715961211414926870717083659914795122446560963264932464469653594895337749591182982541211166712852836933020609842937051978729103433741993330282534378764376894282940374204813342004311299083492258835504016604887768408340761810267801435259007840930657475455466379918821256975335743236131494262623187310304270524554206573793488423670470748371510888508189806878736851779292800537037309171738232352071973074692001596431303880912307539598826953005147592997330346028766709216579870672087409032183051230862867642083984566671910622216780275319790650556877521460538524832888866715404765116308864618724863646509131145311034229703074808697946165922128863000213040082821876759759424895181086548655743876029293186385307590530015477920531854391858777262775652218567897762719653797215446234590233324869409633205221194527197576568900423209707198913704068610056334329290188300100653109711482295237046858984608441389456955057021987133823689472661741386162900014220214917122108500932978313209697374604685770184590602631726599413494077042371887522760125085885260540505229789982917653758883391591000702078438375874712918147695286982904579369702104157918394281138902548764458134399268520589219688210261829511465438684257545849222652571391174023848434909156351685154023924234995704880068276386646827194295292915656847868741866663583620783492243017723325743851218531281298585458872121935809133858524970483854109430033719061949157195808885509193347117275222869657523629687619166308931110342382263578454037032005144733419681225655342223414612550108298440890740367000915310509217078751441146198426012056207305620602152816179766535298662708910006041836985168394007336450765562396063365078001512561782106782446835262961982834427477311960189908666322485644995640966709965337416439801488916478775275484170351448407107726084411208332002345470343190388968435501288068076528292676641122251406262365934891541310505668020416000028696384570210340733758955762418829313877648398255543427539129830208810190558697966234944387303119103	234423788543221666869589841058293256947146341237195864601416477436698628991306797316927419517835903704062369926128505986131086308323707723104885844013406139912331275047936097075338153131234016116711701491432265625940816441588332097703628627751311952085943954455548645382492798608667916644772012901191847944804467694528824409829485788038982840360738023483404363341952458955110067928170243787308388305605436414789096840112693010893262889540310426019550538079684469572217546824504887123648821245465060581782701461746475844158890108995084951999189569351873765631831087132286614147199138796246027104134022716653324636643193124936044343872737424495970972672939929822891773419584617566233184657473218750237280566993017472268989828037973409731080687508589749401077765870739561966105442604225268751794721442529781362979179346445712115866200959069110030994400423452041899825024920582918924502287731617305972111779145174683694409616668032884969897263781259491734229274450111934385104747017085778790934787828568239397072590628475652519149315477760956963444873175080969116510691399431273649623700153747588931330686005608436573571868770291523528988804669814374530772475665865206993877642619084751782128999188475575815984673508366850699103911845370186420103032743337472752084206918308586593890407312089680548551013668141313836706382210078190305480674941015179553605893678556492917429720825116948621139799537426181472086832540762384162020758951855801995636383789277659499530899631103924249690930111404593468620421055435423587016810195286737477650792227546021471036214418601025608517366754102960008200794562948884905806349257247314545601024294345143687245754338291752708288972362026882209420994781865252243282723132511155174531877666624286900888542173986273845766971540189699928252299878472084801527377046146322788160206892719090003920512308210106325310668718274837329691155755136217617976330748494374590483189307305455949985662475291090486594546997071131739522406076486066275942386575001016378509956476877314527531707507279412083600318681852930279885562044709913115669956387715951154003159615122263497398717944972985465535936602385998679757087117674658024564972348696418583150912665440090824586945378012500026835724142401572545534389478160393414554520723080469447404127341335354809800124918106193240903865309009616116938018088318168090266973665359414455372352516737564431308068985267990545303672234166678500221126662230738031367711004413559254584584044065035097902619569288937872764137394369023790301224709817086956600191323508474874463661454760670792218098781859107166624611604770177516430852111004842426519315118392758464010095558641509730256240370384538600659064826689818354682078280254284423030448568370939579640068685323993879747119069356780204042340710488333035708964728409262284389790571241631645756430819867306412037151826403660116424619548805575036639597283509028318921625723415797708522542643089248127063054475490592314883689104050530518580662600111603847183433574940641526988150	-2,-6,5,-5,-5,-5,-5,-5,-5,-5,-5,-5	5,5,-5,-5,-5,-5,-5,-5,-5,-5,-5,-5	ok
1.963964	-12.672673	-43.151041	0.326368	continued:5	234423788543221666869589841058293256947146341237195864601416477436698628991306797316927419517835903704062369926128505986131086308323707723104885844013406139912331275047936097075338153131234016116711701491432265625940816441588332097703628627751311952085943954455548645382492798608667916644772012901191847944804467694528824409829485788038982840360738023483404363341952458958017035660504026326021778548256853019737914270662304886105692451644632071575616142943277753349001574031449118327828014458199590973820921907687586895703369773979920630060731698338128713170762522322389166136415499798253601830014165386905699567666456674873890985414786383225539608689224537771196076791605757782433657966699716220047691286709917193517352955693708391262789580840588727196220841753617522750371575609509313786805814176401756710355857708957223509063397589152720271466997023796324716200997238264339972156218959534757897869600118717177374716332012261562590499105252401977768233900729207589834065331941712608715961211414926870717083659914795122446560963264932464469653594895337749591182982541211166712852836933020609842937051978729103433741993330282534378764376894282940374204813342004311299083492258835504016604887768408340761810267801435259007840930657475455466379918821256975335743236131494262623187310304270524554206573793488423670470748371510888508189806878736851779292800537037309171738232352071973074692001596431303880912307539598826953005147592997330346028766709216579870672087409032183051230862867642105637455095546932400240707393782016756477866882912761708596374820852918786298043040282652025488887434718176321060908703192252811029589803086396877332378444749985647526798685571845602456185775317380599199935787077758686763459349408182871865597136148358937947131437595432372987886502471686182006037579086085738105088954285206907953956408660242520067609423343829545425257162351357150704246014617615860366904647311813466709344668785501579677876888032688768740389770571041206396487104576800530049147656031662966961878816014226715788837508027064581735596553645419370814665513722105670468280256749231667063161438479292182549500991793808004193998218364418981812331513955768414430389591756687478003827102715603780260255991411716796481313731562335395276117502033042930451962307671494210155765400081412870320914392279011384089642263910340067873406913057994095003770997908684798734723428738745595111484791251593470193128257303701757374256794612139858186413430996331994751361476015974528490254449775258450476123158281236538114551384170970278390149552121499232618480931054633173840379568954108175094456088566834945825964837779644325610320748033439362473898539230995541298018227815688692236010992043649649734641305462425417682989096075411189981315116604807628264888588493381090470002699859281082572764953675477082557169121638775801337307759975199426703435070216564981154429178478283479467447147030112697728656972729633968508994525793569829894818500988740632938589027295593215575930800789880017968336499	234423788543221666869589841058293256947146341237195864601416477436698628991306797316927419517835903704062369926128505986131086308323707723104885844013406139912331275047936097075338153131234016116711701491432265625940816441588332097703628627751311952085943954455548645382492798608667916644772012901191847944804467694528824409829485788038982840360738023483404363341952458955110067928170243787308388305605436414789096840112693010893262889540310426019550538079684469572217546824504887123648821245465060581782701461746475844158890108995084951999189569351873765631831087132286614147199138796246027104134022716653324636643193124936044343872737424495970972672939929822891773419584617566233184657473218750237280566993017472268989828037973409731080687508589749401077765870739561966105442604225268751794721442529781362979179346445712115866200959069110030994400423452041899825024920582918924502287731617305972111779145174683694409616668032884969897263781259491734229274450111934385104747017085778790934787828568239397072590628475652519149315477760956963444873175080969116510691399431273649623700153747588931330686005608436573571868770291523528988804669814374530772475665865206993877642619084751782128999188475575815984673508366850699103911845370186420103032743337472752084206918308586593890407312089680548551013668141313836706382210078190305480674941015179553605893678556492917429720825116948621139799537426181472086832540762384162020758951855801995636383789277659499530899631103924249690930111404593468620421055435423587016810195286737477650792227546021471036214418601025608517366754102960008200794562948884905806349257247314545601024294345143687245754338291752708288972362026882209420994781865252243282723132511155174531877666624286900888542173986273845766971540189699928252299878472084801527377046146322788160206892719090003920512308210106325310668718274837329691155755136217617976330748494374590483189307305455949985662475291090486594546997071131739522406076486066275942386575001016378509956476877314527531707507279412083600318681852930279885562044709913115669956387715951154003159615122263497398717944972985465535936602385998679757087117674658024564972348696418583150912665440090824586945378012500026835724142401572545534389478160393414554520723080469447404127341335354809800124918106193240903865309009616116938018088318168090266973665359414455372352516737564431308068985267990545303672234166678500221126662230738031367711004413559254584584044065035097902619569288937872764137394369023790301224709817086956600191323508474874463661454760670792218098781859107166624611604770177516430852111004842426519315118392758464010095558641509730256240370384538600659064826689818354682078280254284423030448568370939579640068685323993879747119069356780204042340710488333035708964728409262284389790571241631645756430819867306412037151826403660116424619548805575036639597283509028318921625723415797708522542643089248127063054475490592314883689104050530518580662600111603847183433574940641526988150	2,-6,5,-5,-5,-5,-5,-5,-5,-5,-5,-5	5,5,-5,-5,-5,-5,-5,-5,-5,-5,-5,-5	ok
1.967968	-12.672673	-49.386686	0.323575	continued:5	234423788543221666869589841058293256947146341237195864601416477436698628991306797316927419517835903704062369926128505986131086308323707723104885844013406139912331275047936097075338153131234016116711701491432265625940816441588332097703628627751311952085943954455548645382492798608667916644772012901191847944804467694528824409829485788038982840360738023483404363341952458958017035660504026326021778548256853019737914270662304886105692451644632071575616142943277753349001574031449118327828014458199590973820921907687586895703369773979920630060731698338128713170762522322389166136415499798253601830014165386905699567666456674873890985414786383225539608689224537771196076791605757782433657966699716220047691286709917193517352955693708391262789580840588727196220841753617522750371575609509313786805814176401756710355857708957223509063397589152720271466997023796324716200997238264339972156218959534757897869600118717177374716332012261562590499105252401977768233900729207589834065331941712608715961211414926870717083659914795122446560963264932464469653594895337749591182982541211166712852836933020609842937051978729103433741993330282534378764376894282940374204813342004311299083492258835504016604887768408340761810267801435259007840930657475455466379918821256975335743236131494262623187310304270524554206573793488423670470748371510888508189806878736851779292800537037309171738232352071973074692001596431303880912307539598826953005147592997330346028766709216579870672087409032183051230862867642127290343519183242583701139467773382956078212305286998584303882926301072456287221461840440404468643724125318412418742597686559456137050743172580714581935012740211870158416284595035461036342257448375890809341558677596841672526840039102968078975704398955156240465659744630155742448135533739158790880630974594907309754698863214902203844207264150710845030546587005981139032029465667442423883587845774765676787307489803243946027596184840259341533561148255428979846562828872715418369523383416469495663585463912439846715260140930671452589130793588658241403124373184982745939436443509262498184638785545186431035894054004995396897825669221727249093887964379829225394507322317140650517354001909517323396659581984907949120808799585158053471111439516766628000008361205792627537968515794125018615143314956998775165200937239275936266804494936284528282544817402731135420060008235738944476373623381760189250520554029744577371005414056397473290719566756086685207695683732879160340688453495019948503754817097219726590974339058463678994469901049816413298188932489248158210420963067921668702930602595748036095997367134592989220765553246814235473102059542274182234682398626004594523893849270602025186721125316465041805298964660926699655706505826738995920267872198816728288260507986905455835048270155057419445496142622162768867900087162634239114231882322325114193499310878556046492422065025648429226273644225366760929375248927203259033289168310345911988603721937838338048224382376240593163635344815648633553896	234423788543221666869589841058293256947146341237195864601416477436698628991306797316927419517835903704062369926128505986131086308323707723104885844013406139912331275047936097075338153131234016116711701491432265625940816441588332097703628627751311952085943954455548645382492798608667916644772012901191847944804467694528824409829485788038982840360738023483404363341952458955110067928170243787308388305605436414789096840112693010893262889540310426019550538079684469572217546824504887123648821245465060581782701461746475844158890108995084951999189569351873765631831087132286614147199138796246027104134022716653324636643193124936044343872737424495970972672939929822891773419584617566233184657473218750237280566993017472268989828037973409731080687508589749401077765870739561966105442604225268751794721442529781362979179346445712115866200959069110030994400423452041899825024920582918924502287731617305972111779145174683694409616668032884969897263781259491734229274450111934385104747017085778790934787828568239397072590628475652519149315477760956963444873175080969116510691399431273649623700153747588931330686005608436573571868770291523528988804669814374530772475665865206993877642619084751782128999188475575815984673508366850699103911845370186420103032743337472752084206918308586593890407312089680548551013668141313836706382210078190305480674941015179553605893678556492917429720825116948621139799537426181472086832540762384162020758951855801995636383789277659499530899631103924249690930111404593468620421055435423587016810195286737477650792227546021471036214418601025608517366754102960008200794562948884905806349257247314545601024294345143687245754338291752708288972362026882209420994781865252243282723132511155174531877666624286900888542173986273845766971540189699928252299878472084801527377046146322788160206892719090003920512308210106325310668718274837329691155755136217617976330748494374590483189307305455949985662475291090486594546997071131739522406076486066275942386575001016378509956476877314527531707507279412083600318681852930279885562044709913115669956387715951154003159615122263497398717944972985465535936602385998679757087117674658024564972348696418583150912665440090824586945378012500026835724142401572545534389478160393414554520723080469447404127341335354809800124918106193240903865309009616116938018088318168090266973665359414455372352516737564431308068985267990545303672234166678500221126662230738031367711004413559254584584044065035097902619569288937872764137394369023790301224709817086956600191323508474874463661454760670792218098781859107166624611604770177516430852111004842426519315118392758464010095558641509730256240370384538600659064826689818354682078280254284423030448568370939579640068685323993879747119069356780204042340710488333035708964728409262284389790571241631645756430819867306412037151826403660116424619548805575036639597283509028318921625723415797708522542643089248127063054475490592314883689104050530518580662600111603847183433574940641526988150	-3,-6,5,-5,-5,-5,-5,-5,-5,-5,-5,-5	5,5,-5,-5,-5,-5,-5,-5,-5,-5,-5,-5	ok
1.971972	-12.672673	-52.450966	0.326368	continued:5	234423788543221666869589841058293256947146341237195864601416477436698628991306797316927419517835903704062369926128505986131086308323707723104885844013406139912331275047936097075338153131234016116711701491432265625940816441588332097703628627751311952085943954455548645382492798608667916644772012901191847944804467694528824409829485788038982840360738023483404363341952458955110067928170243787308388305605436414789096840112693010893262889540310426019550538079684469572217546824504887123648821245465060581782701461746475844158890108995084951999189569351873765631831087132286614147199138796246027104134022716653324636643193124936044343872737424495970972672939929822891773419584617566233184657473218750237280566993017472268989828037973409731080687508589749401077765870739561966105442604225268751794721442529781362979179346445712115866200959069110030994400423452041899825024920582918924502287731617305972111779145174683694409616668032884969897263781259491734229274450111934385104747017085778790934787828568239397072590628475652519149315477760956963444873175080969116510691399431273649623700153747588931330686005608436573571868770291523528988804669814374530772475665865206993877642619084751782128999188475575815984673508366850699103911845370186420103032743337472752084206918308586593890407312089680548551013668141313836706382210078190305480674941015179553605893678556492917429720825116948621139799537426181472086832540762384162020758951855801995636383789277659499530899631103924249690930111404463551289879237574322824424366247089539875578257982124767225987581729679005673446837407372686129663058120096336758802982291407443900835383777242120189906346396934416918583378222887730728482101995893502586848093533482225720126933881103709620617132670408964085761638645003003400882501506154224092469065715091307560165739424671124504593720684760961660783929259216223047041953874793160822960787430148543166463506717722107600132355746877914426627530707598074737406748956718125933839024126548604950114457103511013862573495283173147962914690180689406793405954042957076649575015289673627045936332765577481333752262087030201913223961843308944220391015389139045222765664244204067174873480182570956274970655589820013312277934683529780483011888833676359620790671653256567213441830854414165442081749008446074903704055728022217586611784728606490725983933627045311737078891944917664295585407610812949540640340656601436136541100576961001215370070235720581612873812427564405559960352330364029249954189208313472656500422679720238481269129943050414083203631901248009725808737808648488781362778791133047566926019385188100711838618131333813620426626697183191929125424690845433973989155739375835301085061800794732012496975444746037740299832355421664471810849112908329651235711006796010783857934873655803951433027510606278722178705304394637304130848540729215231447550177344169133673909818221150270705002949225805562690292759251465102647462853880803018234111319209469765347329562892311152461308414153157974007697	234423788543221666869589841058293256947146341237195864601416477436698628991306797316927419517835903704062369926128505986131086308323707723104885844013406139912331275047936097075338153131234016116711701491432265625940816441588332097703628627751311952085943954455548645382492798608667916644772012901191847944804467694528824409829485788038982840360738023483404363341952458955110067928170243787308388305605436414789096840112693010893262889540310426019550538079684469572217546824504887123648821245465060581782701461746475844158890108995084951999189569351873765631831087132286614147199138796246027104134022716653324636643193124936044343872737424495970972672939929822891773419584617566233184657473218750237280566993017472268989828037973409731080687508589749401077765870739561966105442604225268751794721442529781362979179346445712115866200959069110030994400423452041899825024920582918924502287731617305972111779145174683694409616668032884969897263781259491734229274450111934385104747017085778790934787828568239397072590628475652519149315477760956963444873175080969116510691399431273649623700153747588931330686005608436573571868770291523528988804669814374530772475665865206993877642619084751782128999188475575815984673508366850699103911845370186420103032743337472752084206918308586593890407312089680548551013668141313836706382210078190305480674941015179553605893678556492917429720825116948621139799537426181472086832540762384162020758951855801995636383789277659499530899631103924249690930111404593468620421055435423587016810195286737477650792227546021471036214418601025608517366754102960008200794562948884905806349257247314545601024294345143687245754338291752708288972362026882209420994781865252243282723132511155174531877666624286900888542173986273845766971540189699928252299878472084801527377046146322788160206892719090003920512308210106325310668718274837329691155755136217617976330748494374590483189307305455949985662475291090486594546997071131739522406076486066275942386575001016378509956476877314527531707507279412083600318681852930279885562044709913115669956387715951154003159615122263497398717944972985465535936602385998679757087117674658024564972348696418583150912665440090824586945378012500026835724142401572545534389478160393414554520723080469447404127341335354809800124918106193240903865309009616116938018088318168090266973665359414455372352516737564431308068985267990545303672234166678500221126662230738031367711004413559254584584044065035097902619569288937872764137394369023790301224709817086956600191323508474874463661454760670792218098781859107166624611604770177516430852111004842426519315118392758464010095558641509730256240370384538600659064826689818354682078280254284423030448568370939579640068685323993879747119069356780204042340710488333035708964728409262284389790571241631645756430819867306412037151826403660116424619548805575036639597283509028318921625723415797708522542643089248127063054475490592314883689104050530518580662600111603847183433574940641526988150	2,5,-5,-5,-5,-5,-5,-5,-5,-5,-5,-5	5,5,-5,-5,-5,-5,-5,-5,-5,-5,-5,-5	ok
1.975976	-12.672673	-54.285269	0.329161	continued:5	234423788543221666869589841058293256947146341237195864601416477436698628991306797316927419517835903704062369926128505986131086308323707723104885844013406139912331275047936097075338153131234016116711701491432265625940816441588332097703628627751311952085943954455548645382492798608667916644772012901191847944804467694528824409829485788038982840360738023483404363341952458955110067928170243787308388305605436414789096840112693010893262889540310426019550538079684469572217546824504887123648821245465060581782701461746475844158890108995084951999189569351873765631831087132286614147199138796246027104134022716653324636643193124936044343872737424495970972672939929822891773419584617566233184657473218750237280566993017472268989828037973409731080687504083774639864609359756000995789976753455189409038740525369348403395565538340479377215719129849985385476156636829510068047202297197650227818235188222330807524039994490141439699758945737487103390694888651777725566147510958640636083373113873861176091768665508826075794418649695742852058233961429885796718236866414043103237328998929751656283606598766604942849801714439240270620286459773307095511430623433206642350295627727066314318499335076625027698957349606749440688967848601104161925559771098508861122775824042729459273915054769714552374681031466911539350672832355141356102319091158986028959177658623839833832786130570958421415564930935649675423259101583896456477970658267510776810128234576593523458557551696545582014426690034705530323957605173869885682451210686975748052073634632207113533129805814404387736145101894446041701083705430166176006922977401137793825382987121692279400264662772439758368905621243767274625051109792013695444470374140645578089566060868157378333162149494712797005837000265018086336704773155687205402669676076211551052938092521532416870799717027400339686396291434965760664784812307651321626388192869203537117891383342782719504724408288126878658185156067319327744388975132635988057174168290210637567650991623790723466793653036695869548532562427831620200045155165321680057992548683530818376394705029794471125059903277596897055930461374079624464364432323078271082746788735480311091837605887114291912453597651490895768867061932708729773836636469643626136692848138459142408606428763379566762458375098845020931620460909763777594891224295421618082539494353345436858865230285532984074134190814970405429100171554216995421310649653061504188724305085654589242193830447001559662856129031075435506856480109656307745182082877244758068062842539408229654115927398724066448907490606418324905184784349464811848536184444443923943570256208598786977711256223513682282027687796203194802725420015939110188234995598726054426171888403201451237804655979803900530434119620777958479036921084468635379108710116878753731499275813497753332714195216252503833905129732525053699442217992465251599667729542143988691690089625752064396342863239708300603755685239081658426036902018517418284155126331331536324701927588934127635996676574360207285711	234423788543221666869589841058293256947146341237195864601416477436698628991306797316927419517835903704062369926128505986131086308323707723104885844013406139912331275047936097075338153131234016116711701491432265625940816441588332097703628627751311952085943954455548645382492798608667916644772012901191847944804467694528824409829485788038982840360738023483404363341952458955110067928170243787308388305605436414789096840112693010893262889540310426019550538079684469572217546824504887123648821245465060581782701461746475844158890108995084951999189569351873765631831087132286614147199138796246027104134022716653324636643193124936044343872737424495970972672939929822891773419584617566233184657473218750237280566993017472268989828037973409731080687508589749401077765870739561966105442604225268751794721442529781362979179346445712115866200959069110030994400423452041899825024920582918924502287731617305972111779145174683694409616668032884969897263781259491734229274450111934385104747017085778790934787828568239397072590628475652519149315477760956963444873175080969116510691399431273649623700153747588931330686005608436573571868770291523528988804669814374530772475665865206993877642619084751782128999188475575815984673508366850699103911845370186420103032743337472752084206918308586593890407312089680548551013668141313836706382210078190305480674941015179553605893678556492917429720825116948621139799537426181472086832540762384162020758951855801995636383789277659499530899631103924249690930111404593468620421055435423587016810195286737477650792227546021471036214418601025608517366754102960008200794562948884905806349257247314545601024294345143687245754338291752708288972362026882209420994781865252243282723132511155174531877666624286900888542173986273845766971540189699928252299878472084801527377046146322788160206892719090003920512308210106325310668718274837329691155755136217617976330748494374590483189307305455949985662475291090486594546997071131739522406076486066275942386575001016378509956476877314527531707507279412083600318681852930279885562044709913115669956387715951154003159615122263497398717944972985465535936602385998679757087117674658024564972348696418583150912665440090824586945378012500026835724142401572545534389478160393414554520723080469447404127341335354809800124918106193240903865309009616116938018088318168090266973665359414455372352516737564431308068985267990545303672234166678500221126662230738031367711004413559254584584044065035097902619569288937872764137394369023790301224709817086956600191323508474874463661454760670792218098781859107166624611604770177516430852111004842426519315118392758464010095558641509730256240370384538600659064826689818354682078280254284423030448568370939579640068685323993879747119069356780204042340710488333035708964728409262284389790571241631645756430819867306412037151826403660116424619548805575036639597283509028318921625723415797708522542643089248127063054475490592314883689104050530518580662600111603847183433574940641526988150	-3,-5,-5,-5,-5,-5,-5,-5,-5,-5,-5,-5	5,5,-5,-5,-5,-5,-5,-5,-5,-5,-5,-5	ok
1.979980	-12.672673	-55.277630	0.331955	continued:5	234423788543221666869589841058293256947146341237195864601416477436698628991306797316927419517835903704062369926128505986131086308323707723104885844013406139912331275047936097075338153131234016116711701491432265625940816441588332097703628627751311952085943954455548645382492798608667916644772012901191847944804467694528824409829485788038982840360738023483404363341952458955110067928170243787308388305605436414789096840112693010893262889540310426019550538079684469572217546824504887123648821245465060581782701461746475844158890108995084951999189569351873765631831087132286614147199138796246027104134022716653324636643193124936044343872737424495970972672939929822891773419584617566233184657473218750237280566993017472268989828037973409731080687504083774639864609359756000995789976753455189409038740525369348403395565538340479377215719129849985385476156636829510068047202297197650227818235188222330807524039994490141439699758945737487103390694888651777725566147510958640636083373113873861176091768665508826075794418649695742852058233961429885796718236866414043103237328998929751656283606598766604942849801714439240270620286459773307095511430623433206642350295627727066314318499335076625027698957349606749440688967848601104161925559771098508861122775824042729459273915054769714552374681031466911539350672832355141356102319091158986028959177658623839833832786130570958421415564930935649675423259101583896456477970658267510776810128234576593523458557551696545582014426690034705530323957605173891538570874846997159208484147625998406713878552180051280095244250550048116030879505263218545155763212384543229151659277481428337386861204748956277007925473611469989906242650132981872275600952505135937187495337660706312287400652780414809010384405250861236379670926922353469959964302738129188335895989981030701621536544295035394589574194895343156538085908055484087035401255172926379669620481936400421290174671506552018270300402944136182004405558356711478821743117021584867361251544733032525961532710215264412647041567933112208973647649905359242261137927215642336896058884888036848489136197711535060590997006437697876883183026892169254014310425410158082444725055623302506193292025678129679987371582026631456515533468212948275636557109622219131441161147539518640109014944740440749732557899384326276715533476926717959948137952780331475557089798292838155933418417486536854930498244064405746036330910538174175309043808517960066119858167475547513314225349446130659989230407160809962529835229252499644780899178618127503328320723829496526064510254966048299888832439111802421147303559627830757167186005728460773109974757969690590168317245036473783815514403059564250641558038114410440078715488196602798749104882243091720764993289914568435435911965720091887465401405395452318708790483923023352885829765340088763189061192444408588165862657014623305683037224198230799007789283835354580494870767726773727639430271292230377794158480514428735444752210756051938309257475078957356708728977423329776283852599	234423788543221666869589841058293256947146341237195864601416477436698628991306797316927419517835903704062369926128505986131086308323707723104885844013406139912331275047936097075338153131234016116711701491432265625940816441588332097703628627751311952085943954455548645382492798608667916644772012901191847944804467694528824409829485788038982840360738023483404363341952458955110067928170243787308388305605436414789096840112693010893262889540310426019550538079684469572217546824504887123648821245465060581782701461746475844158890108995084951999189569351873765631831087132286614147199138796246027104134022716653324636643193124936044343872737424495970972672939929822891773419584617566233184657473218750237280566993017472268989828037973409731080687508589749401077765870739561966105442604225268751794721442529781362979179346445712115866200959069110030994400423452041899825024920582918924502287731617305972111779145174683694409616668032884969897263781259491734229274450111934385104747017085778790934787828568239397072590628475652519149315477760956963444873175080969116510691399431273649623700153747588931330686005608436573571868770291523528988804669814374530772475665865206993877642619084751782128999188475575815984673508366850699103911845370186420103032743337472752084206918308586593890407312089680548551013668141313836706382210078190305480674941015179553605893678556492917429720825116948621139799537426181472086832540762384162020758951855801995636383789277659499530899631103924249690930111404593468620421055435423587016810195286737477650792227546021471036214418601025608517366754102960008200794562948884905806349257247314545601024294345143687245754338291752708288972362026882209420994781865252243282723132511155174531877666624286900888542173986273845766971540189699928252299878472084801527377046146322788160206892719090003920512308210106325310668718274837329691155755136217617976330748494374590483189307305455949985662475291090486594546997071131739522406076486066275942386575001016378509956476877314527531707507279412083600318681852930279885562044709913115669956387715951154003159615122263497398717944972985465535936602385998679757087117674658024564972348696418583150912665440090824586945378012500026835724142401572545534389478160393414554520723080469447404127341335354809800124918106193240903865309009616116938018088318168090266973665359414455372352516737564431308068985267990545303672234166678500221126662230738031367711004413559254584584044065035097902619569288937872764137394369023790301224709817086956600191323508474874463661454760670792218098781859107166624611604770177516430852111004842426519315118392758464010095558641509730256240370384538600659064826689818354682078280254284423030448568370939579640068685323993879747119069356780204042340710488333035708964728409262284389790571241631645756430819867306412037151826403660116424619548805575036639597283509028318921625723415797708522542643089248127063054475490592314883689104050530518580662600111603847183433574940641526988150	3,-5,-5,-5,-5,-5,-5,-5,-5,-5,-5,-5	5,5,-5,-5,-5,-5,-5,-5,-5,-5,-5,-5	ok
1.983984	-12.672673	-55.840286	0.334748	continued:5	234423788543221666869589841058293256947146341237195864601416477436698628991306797316927419517835903704062369926128505986131086308323707723104885844013406139912331275047936097075338153131234016116711701491432265625940816441588332097703628627751311952085943954455548645382492798608667916644772012901191847944804467694528824409829485788038982840360738023483404363341952458955110067928170243787308388305605436414789096840112693010893262889540310426019550538079684469572217546824504887123648821245465060581782701461746475844158890108995084951999189569351873765631831087132286614147199138796246027104134022716653324636643193124936044343872737424495970972672939929822891773419584617566233184657473218750237280566993017472268989828037973409731080687504083774639864609359756000995789976753455189409038740525369348403395565538340479377215719129849985385476156636829510068047202297197650227818235188222330807524039994490141439699758945737487103390694888651777725566147510958640636083373113873861176091768665508826075794418649695742852058233961429885796718236866414043103237328998929751656283606598766604942849801714439240270620286459773307095511430623433206642350295627727066314318499335076625027698957349606749440688967848601104161925559771098508861122775824042729459273915054769714552374681031466911539350672832355141356102319091158986028959177658623839833832786130570958421415564930935649675423259101583896456477970658267510776810128234576593523458557551696545582014426690034705530323957605173869885682451210686975748052073634632207113533129805814404387736145101894446041701083705430166176006922977401137793825382987121692279400264662772439758368905621243767274625051109792013695444470374140645578089566060868157378333162149494712797005837000265018086336704773155687205402669676076211551052938092521532416870799717027400339686396291434965760664784812307651321626388192869203537117891383342782719504724408288126878658185156067319327744388975132635988057174168290210637567650991623790723466793653036695869548532562427831620200045155165321680057992548683530818376394705029794471125059903277596897055930461374079624464364432323078271082746788735480311091837605887114291912453597651490895768867061932708729773836636469643626136692848138459142408606428763379566762458375098845020931620460909763777594891224295421618082539494353345436858865230285532984074134190814970405429100171554216995421310649653061504188724305085654589242193830447001559662856129031075435506856480109656307745182082877244758068062842539408229654115927398724066448907490606418324905184784349464811848536184444443923943570256208598786977711256223513682282027687796203194802725420015939110188234995598726054426171888403201451237804655979803900530434119620777958479036921084468635379108710116878753731499275813497753332714195216252503833905129732525053699442217992465251599667729542143988691690089625752064396342863239708300603755685239081658426036902018517418284155126331331536324701927588934127635996676574360207285711	234423788543221666869589841058293256947146341237195864601416477436698628991306797316927419517835903704062369926128505986131086308323707723104885844013406139912331275047936097075338153131234016116711701491432265625940816441588332097703628627751311952085943954455548645382492798608667916644772012901191847944804467694528824409829485788038982840360738023483404363341952458955110067928170243787308388305605436414789096840112693010893262889540310426019550538079684469572217546824504887123648821245465060581782701461746475844158890108995084951999189569351873765631831087132286614147199138796246027104134022716653324636643193124936044343872737424495970972672939929822891773419584617566233184657473218750237280566993017472268989828037973409731080687508589749401077765870739561966105442604225268751794721442529781362979179346445712115866200959069110030994400423452041899825024920582918924502287731617305972111779145174683694409616668032884969897263781259491734229274450111934385104747017085778790934787828568239397072590628475652519149315477760956963444873175080969116510691399431273649623700153747588931330686005608436573571868770291523528988804669814374530772475665865206993877642619084751782128999188475575815984673508366850699103911845370186420103032743337472752084206918308586593890407312089680548551013668141313836706382210078190305480674941015179553605893678556492917429720825116948621139799537426181472086832540762384162020758951855801995636383789277659499530899631103924249690930111404593468620421055435423587016810195286737477650792227546021471036214418601025608517366754102960008200794562948884905806349257247314545601024294345143687245754338291752708288972362026882209420994781865252243282723132511155174531877666624286900888542173986273845766971540189699928252299878472084801527377046146322788160206892719090003920512308210106325310668718274837329691155755136217617976330748494374590483189307305455949985662475291090486594546997071131739522406076486066275942386575001016378509956476877314527531707507279412083600318681852930279885562044709913115669956387715951154003159615122263497398717944972985465535936602385998679757087117674658024564972348696418583150912665440090824586945378012500026835724142401572545534389478160393414554520723080469447404127341335354809800124918106193240903865309009616116938018088318168090266973665359414455372352516737564431308068985267990545303672234166678500221126662230738031367711004413559254584584044065035097902619569288937872764137394369023790301224709817086956600191323508474874463661454760670792218098781859107166624611604770177516430852111004842426519315118392758464010095558641509730256240370384538600659064826689818354682078280254284423030448568370939579640068685323993879747119069356780204042340710488333035708964728409262284389790571241631645756430819867306412037151826403660116424619548805575036639597283509028318921625723415797708522542643089248127063054475490592314883689104050530518580662600111603847183433574940641526988150	-3,-5,-5,-5,-5,-5,-5,-5,-5,-5,-5,-5	5,5,-5,-5,-5,-5,-5,-5,-5,-5,-5,-5	ok
1.987988	-12.672673	-56.177292	0.337541	continued:5	234423788543221666869589841058293256947146341237195864601416477436698628991306797316927419517835903704062369926128505986131086308323707723104885844013406139912331275047936097075338153131234016116711701491432265625940816441588332097703628627751311952085943954455548645382492798608667916644772012901191847944804467694528824409829485788038982840360738023483404363341952458955110067928170243787308388305605436414789096840112693010893262889540310426019550538079684469572217546824504887123648821245465060581782701461746475844158890108995084951999189569351873765631831087132286614147199138796246027104134022716653324636643193124936044343872737424495970972672939929822891773419584617566233184657473218750237280566993017472268989828037973409731080687504083774639864609359756000995789976753455189409038740525369348403395565538340479377215719129849985385476156636829510068047202297197650227818235188222330807524039994490141439699758945737487103390694888651777725566147510958640636083373113873861176091768665508826075794418649695742852058233961429885796718236866414043103237328998929751656283606598766604942849801714439240270620286459773307095511430623433206642350295627727066314318499335076625027698957349606749440688967848601104161925559771098508861122775824042729459273915054769714552374681031466911539350672832355141356102319091158986028959177658623839833832786130570958421415564930935649675423259101583896456477970658267510776810128234576593523458557551696545582014426690034705530323957605173848232794027574376792287619999643266007513187707431577528680228039653740776052522662147641787196250633570259046435991488492815047171939324576588602508812337631017544643007452086602155115287988243145353968683794461030002469265671518574616583627268749668799793002482623957904450841036614023234766209886204012363212205055139019406089798597687526774983243661569131215607851521212812027404615300830285144148834777310024235487015967367998456651083219593553793154371231314995553913883757250215055485400877090808979092055497191743454266752440404971401098978057881724724740693904522022740453113922095020133203114854485050282365745701972476902527855068167312878177458619588471722390532881517173301804166152097233960944014205059991011615716276074057786843656065318008119024509972009756940309305341537493250839656305521872883288027126208375215316627932167732910034729850895093085880359956278702687954511710761131947699333640092211243058626220185346489805100362811931490881783305799409350085655134913254844735236947066951313130987508025300922068387560015164536760977930456896508476393512741058130680701134783956424463980664542756437196246810339118622574091047780467627578818431876787012030136855580203604153370727068867887036067578324673120481046108122077049805356812024781438798672514628603642620835663050343741818606617815056461941536227421361624820162111260853488969594096343896923633921917999705688961777240078247785522693593289608299391816099496610724763391928776220511546543015929818944130718824	234423788543221666869589841058293256947146341237195864601416477436698628991306797316927419517835903704062369926128505986131086308323707723104885844013406139912331275047936097075338153131234016116711701491432265625940816441588332097703628627751311952085943954455548645382492798608667916644772012901191847944804467694528824409829485788038982840360738023483404363341952458955110067928170243787308388305605436414789096840112693010893262889540310426019550538079684469572217546824504887123648821245465060581782701461746475844158890108995084951999189569351873765631831087132286614147199138796246027104134022716653324636643193124936044343872737424495970972672939929822891773419584617566233184657473218750237280566993017472268989828037973409731080687508589749401077765870739561966105442604225268751794721442529781362979179346445712115866200959069110030994400423452041899825024920582918924502287731617305972111779145174683694409616668032884969897263781259491734229274450111934385104747017085778790934787828568239397072590628475652519149315477760956963444873175080969116510691399431273649623700153747588931330686005608436573571868770291523528988804669814374530772475665865206993877642619084751782128999188475575815984673508366850699103911845370186420103032743337472752084206918308586593890407312089680548551013668141313836706382210078190305480674941015179553605893678556492917429720825116948621139799537426181472086832540762384162020758951855801995636383789277659499530899631103924249690930111404593468620421055435423587016810195286737477650792227546021471036214418601025608517366754102960008200794562948884905806349257247314545601024294345143687245754338291752708288972362026882209420994781865252243282723132511155174531877666624286900888542173986273845766971540189699928252299878472084801527377046146322788160206892719090003920512308210106325310668718274837329691155755136217617976330748494374590483189307305455949985662475291090486594546997071131739522406076486066275942386575001016378509956476877314527531707507279412083600318681852930279885562044709913115669956387715951154003159615122263497398717944972985465535936602385998679757087117674658024564972348696418583150912665440090824586945378012500026835724142401572545534389478160393414554520723080469447404127341335354809800124918106193240903865309009616116938018088318168090266973665359414455372352516737564431308068985267990545303672234166678500221126662230738031367711004413559254584584044065035097902619569288937872764137394369023790301224709817086956600191323508474874463661454760670792218098781859107166624611604770177516430852111004842426519315118392758464010095558641509730256240370384538600659064826689818354682078280254284423030448568370939579640068685323993879747119069356780204042340710488333035708964728409262284389790571241631645756430819867306412037151826403660116424619548805575036639597283509028318921625723415797708522542643089248127063054475490592314883689104050530518580662600111603847183433574940641526988150	2,-5,-5,-5,-5,-5,-5,-5,-5,-5,-5,-5	5,5,-5,-5,-5,-5,-5,-5,-5,-5,-5,-5	ok
1.991992	-12.672673	-56.371884	0.336086	continued:5	234423788543221666869589841058293256947146341237195864601416477436698628991306797316927419517835903704062369926128505986131086308323707723104885844013406139912331275047936097075338153131234016116711701491432265625940816441588332097703628627751311952085943954455548645382492798608667916644772012901191847944804467694528824409829485788038982840360738023483404363341952458955110067928170243787308388305605436414789096840112693010893262889540310426019550538079684469572217546824504887123648821245465060581782701461746475844158890108995084951999189569351873765631831087132286614147199138796246027104134022716653324636643193124936044343872737424495970972672939929822891773419584617566233184657473218750237280566993017472268989828037973409731080687504083774639864609359756000995789976753455189409038740525369348403395565538340479377215719129849985385476156636829510068047202297197650227818235188222330807524039994490141439699758945737487103390694888651777725566147510958640636083373113873861176091768665508826075794418649695742852058233961429885796718236866414043103237328998929751656283606598766604942849801714439240270620286459773307095511430623433206642350295627727066314318499335076625027698957349606749440688967848601104161925559771098508861122775824042729459273915054769714552374681031466911539350672832355141356102319091158986028959177658623839833832786130570958421415564930935649675423259101583896456477970658267510776810128234576593523458557551696545582014426690034705530323957605173848232794027574376792287619999643266007513187707431577528680228039653740776052522662147641787196250633570259046435991488492815047171939324576588602508812337631017544643007452086602155115287988243145353968683794461030002469265671518574616583627268749668799793002482623957904450841036614023234766209886204012363212205055139019406089798597687526774983243661569131215607851521212812027404615300830285144148834777310024235487015967367998456651083219593553793154371231314995553913883757250215055485400877090808979092055497191743454266752440404971401098978057881724724740693904522022740453113922095020133203114854485050282365745701972476902527855068167312878177458619588471722390532881517173301804166152097233960944014205059991011615716276074057786843656065318008119024509972009756940309305341537493250839656305521872883288027126208375215316627932167732910034729850895093085880359956278702687954511710761131947699333640092211243058626220185346489805100362811931490881783305799409350085655134913254844735236947066951313130987508025300922068387560015164536760977930456896508476393512741058130680701134783956424463980664542756437196246810339118622574091047780467627578818431876787012030136855580203604153370727068867887036067578324673120481046108122077049805356812024781438798672514628603642620835663050343741818606617815056461941536227421361624820162111260853488969594096343896923633921917999705688961777240078247785522693593289608299391816099496610724763391928776220511546543015929818944130718824	234423788543221666869589841058293256947146341237195864601416477436698628991306797316927419517835903704062369926128505986131086308323707723104885844013406139912331275047936097075338153131234016116711701491432265625940816441588332097703628627751311952085943954455548645382492798608667916644772012901191847944804467694528824409829485788038982840360738023483404363341952458955110067928170243787308388305605436414789096840112693010893262889540310426019550538079684469572217546824504887123648821245465060581782701461746475844158890108995084951999189569351873765631831087132286614147199138796246027104134022716653324636643193124936044343872737424495970972672939929822891773419584617566233184657473218750237280566993017472268989828037973409731080687508589749401077765870739561966105442604225268751794721442529781362979179346445712115866200959069110030994400423452041899825024920582918924502287731617305972111779145174683694409616668032884969897263781259491734229274450111934385104747017085778790934787828568239397072590628475652519149315477760956963444873175080969116510691399431273649623700153747588931330686005608436573571868770291523528988804669814374530772475665865206993877642619084751782128999188475575815984673508366850699103911845370186420103032743337472752084206918308586593890407312089680548551013668141313836706382210078190305480674941015179553605893678556492917429720825116948621139799537426181472086832540762384162020758951855801995636383789277659499530899631103924249690930111404593468620421055435423587016810195286737477650792227546021471036214418601025608517366754102960008200794562948884905806349257247314545601024294345143687245754338291752708288972362026882209420994781865252243282723132511155174531877666624286900888542173986273845766971540189699928252299878472084801527377046146322788160206892719090003920512308210106325310668718274837329691155755136217617976330748494374590483189307305455949985662475291090486594546997071131739522406076486066275942386575001016378509956476877314527531707507279412083600318681852930279885562044709913115669956387715951154003159615122263497398717944972985465535936602385998679757087117674658024564972348696418583150912665440090824586945378012500026835724142401572545534389478160393414554520723080469447404127341335354809800124918106193240903865309009616116938018088318168090266973665359414455372352516737564431308068985267990545303672234166678500221126662230738031367711004413559254584584044065035097902619569288937872764137394369023790301224709817086956600191323508474874463661454760670792218098781859107166624611604770177516430852111004842426519315118392758464010095558641509730256240370384538600659064826689818354682078280254284423030448568370939579640068685323993879747119069356780204042340710488333035708964728409262284389790571241631645756430819867306412037151826403660116424619548805575036639597283509028318921625723415797708522542643089248127063054475490592314883689104050530518580662600111603847183433574940641526988150	2,-5,-5,-5,-5,-5,-5,-5,-5,-5,-5,-5	5,5,-5,-5,-5,-5,-5,-5,-5,-5,-5,-5	ok
1.995996	-12.672673	-56.542591	0.335043	continued:5	234423788543221666869589841058293256947146341237195864601416477436698628991306797316927419517835903704062369926128505986131086308323707723104885844013406139912331275047936097075338153131234016116711701491432265625940816441588332097703628627751311952085943954455548645382492798608667916644772012901191847944804467694528824409829485788038982840360738023483404363341952458955110067928170243787308388305605436414789096840112693010893262889540310426019550538079684469572217546824504887123648821245465060581782701461746475844158890108995084951999189569351873765631831087132286614147199138796246027104134022716653324636643193124936044343872737424495970972672939929822891773419584617566233184657473218750237280566993017472268989828037973409731080687504083774639864609359756000995789976753455189409038740525369348403395565538340479377215719129849985385476156636829510068047202297197650227818235188222330807524039994490141439699758945737487103390694888651777725566147510958640636083373113873861176091768665508826075794418649695742852058233961429885796718236866414043103237328998929751656283606598766604942849801714439240270620286459773307095511430623433206642350295627727066314318499335076625027698957349606749440688967848601104161925559771098508861122775824042729459273915054769714552374681031466911539350672832355141356102319091158986028959177658623839833832786130570958421415564930935649675423259101583896456477970658267510776810128234576593523458557551696545582014426690034705530323957605173848232794027574376792287619999643266007513187707431577528680228039653740776052522662147641787196250633570259046435991488492815047171939324576588602508812337631017544643007452086602155115287988243145353968683794461030002469265671518574616583627268749668799793002482623957904450841036614023234766209886204012363212205055139019406089798597687526774983243661569131215607851521212812027404615300830285144148834777310024235487015967367998456651083219593553793154371231314995553913883757250215055485400877090808979092055497191743454266752440404971401098978057881724724740693904522022740453113922095020133203114854485050282365745701972476902527855068167312878177458619588471722390532881517173301804166152097233960944014205059991011615716276074057786843656065318008119024509972009756940309305341537493250839656305521872883288027126208375215316627932167732910034729850895093085880359956278702687954511710761131947699333640092211243058626220185346489805100362811931490881783305799409350085655134913254844735236947066951313130987508025300922068387560015164536760977930456896508476393512741058130680701134783956424463980664542756437196246810339118622574091047780467627578818431876787012030136855580203604153370727068867887036067578324673120481046108122077049805356812024781438798672514628603642620835663050343741818606617815056461941536227421361624820162111260853488969594096343896923633921917999705688961777240078247785522693593289608299391816099496610724763391928776220511546543015929818944130718824	234423788543221666869589841058293256947146341237195864601416477436698628991306797316927419517835903704062369926128505986131086308323707723104885844013406139912331275047936097075338153131234016116711701491432265625940816441588332097703628627751311952085943954455548645382492798608667916644772012901191847944804467694528824409829485788038982840360738023483404363341952458955110067928170243787308388305605436414789096840112693010893262889540310426019550538079684469572217546824504887123648821245465060581782701461746475844158890108995084951999189569351873765631831087132286614147199138796246027104134022716653324636643193124936044343872737424495970972672939929822891773419584617566233184657473218750237280566993017472268989828037973409731080687508589749401077765870739561966105442604225268751794721442529781362979179346445712115866200959069110030994400423452041899825024920582918924502287731617305972111779145174683694409616668032884969897263781259491734229274450111934385104747017085778790934787828568239397072590628475652519149315477760956963444873175080969116510691399431273649623700153747588931330686005608436573571868770291523528988804669814374530772475665865206993877642619084751782128999188475575815984673508366850699103911845370186420103032743337472752084206918308586593890407312089680548551013668141313836706382210078190305480674941015179553605893678556492917429720825116948621139799537426181472086832540762384162020758951855801995636383789277659499530899631103924249690930111404593468620421055435423587016810195286737477650792227546021471036214418601025608517366754102960008200794562948884905806349257247314545601024294345143687245754338291752708288972362026882209420994781865252243282723132511155174531877666624286900888542173986273845766971540189699928252299878472084801527377046146322788160206892719090003920512308210106325310668718274837329691155755136217617976330748494374590483189307305455949985662475291090486594546997071131739522406076486066275942386575001016378509956476877314527531707507279412083600318681852930279885562044709913115669956387715951154003159615122263497398717944972985465535936602385998679757087117674658024564972348696418583150912665440090824586945378012500026835724142401572545534389478160393414554520723080469447404127341335354809800124918106193240903865309009616116938018088318168090266973665359414455372352516737564431308068985267990545303672234166678500221126662230738031367711004413559254584584044065035097902619569288937872764137394369023790301224709817086956600191323508474874463661454760670792218098781859107166624611604770177516430852111004842426519315118392758464010095558641509730256240370384538600659064826689818354682078280254284423030448568370939579640068685323993879747119069356780204042340710488333035708964728409262284389790571241631645756430819867306412037151826403660116424619548805575036639597283509028318921625723415797708522542643089248127063054475490592314883689104050530518580662600111603847183433574940641526988150	2,-5,-5,-5,-5,-5,-5,-5,-5,-5,-5,-5	5,5,-5,-5,-5,-5,-5,-5,-5,-5,-5,-5	ok
2.000000	-12.672673	-56.690248	0.334669	full	234423788543221666869589841058293256947146341237195864601416477436698628991306797316927419517835903704062369926128505986131086308323707723104885844013406139912331275047936097075338153131234016116711701491432265625940816441588332097703628627751311952085943954455548645382492798608667916644772012901191847944804467694528824409829485788038982840360738023483404363341952458955110067928170243787308388305605436414789096840112693010893262889540310426019550538079684469572217546824504887123648821245465060581782701461746475844158890108995084951999189569351873765631831087132286614147199138796246027104134022716653324636643193124936044343872737424495970972672939929822891773419584617566233184657473218750237280566993017472268989828037973409731080687499577799878651452848772440025474510902685110066282759608208915443811951730235246638565237300630860739957912850206978236269379673812381531134182644827355642936300843805599184989901223442089236884125996044063716903020571805346887061999210661943561248749502449412754516246670915833184967152445098814629991600557747117089963966598428229662943513043785620954368917423270043967668704149255090662034056577052038753928115589588925634759356051068498273268915510737923065393262188835357624747207696826831302142518904747986166463623191230842510858954750844142530150331996568968875498255972239781752437680376232500114059678582585423925401409036754350729706718665741611440869108775772637391599497517297385051280731314115431664497953748965486810956985098943297872963446820109812132111855013541073951833424003740917256992813922263556399133751561276025202107077241848030186681678177142585765426085634486596576388032835779340262284323019886155242563320883383080178736810188092243945606881048805812186773109580717290380245993050506153764484470908051175794479862358460926478241604587391670424666870502017160637966763608575515309985689491002422383777585889594660843215889197118037548826232353325586905522416624246040072393542233156952064980171598107711734885046764790094654016605212366892630933004879835157147789965721368791064860264303393015914324924849235176154300674812041754594423429481183388065002156809754517533051228984985553310330999093210214608169793498744151933029370165888138779681913636681230962362881513261339468853112829502175612087536713736285352901547300840441129610789664797364720332249341745588839671072799937963378572670619365057904709969782412947498508258643410296949629691437577297556235789242962955792909923592314565824203000404289699883528782988757247115595238491221086446791548988452917926980274418005770386945419636702403360853483302046705926214378859161461587715257770622517055571453841318343964940087245818764529436225407457278646735375587341020041036191158695420741467254474133380591987186568213292504831674334682937508404633294231974033311725060607712437122245856590088271072098230652281933347022443120879800105416443125671673052682137587992279930077913516956132188506561001326708355949400651060614515585458999316152604249	234423788543221666869589841058293256947146341237195864601416477436698628991306797316927419517835903704062369926128505986131086308323707723104885844013406139912331275047936097075338153131234016116711701491432265625940816441588332097703628627751311952085943954455548645382492798608667916644772012901191847944804467694528824409829485788038982840360738023483404363341952458955110067928170243787308388305605436414789096840112693010893262889540310426019550538079684469572217546824504887123648821245465060581782701461746475844158890108995084951999189569351873765631831087132286614147199138796246027104134022716653324636643193124936044343872737424495970972672939929822891773419584617566233184657473218750237280566993017472268989828037973409731080687508589749401077765870739561966105442604225268751794721442529781362979179346445712115866200959069110030994400423452041899825024920582918924502287731617305972111779145174683694409616668032884969897263781259491734229274450111934385104747017085778790934787828568239397072590628475652519149315477760956963444873175080969116510691399431273649623700153747588931330686005608436573571868770291523528988804669814374530772475665865206993877642619084751782128999188475575815984673508366850699103911845370186420103032743337472752084206918308586593890407312089680548551013668141313836706382210078190305480674941015179553605893678556492917429720825116948621139799537426181472086832540762384162020758951855801995636383789277659499530899631103924249690930111404593468620421055435423587016810195286737477650792227546021471036214418601025608517366754102960008200794562948884905806349257247314545601024294345143687245754338291752708288972362026882209420994781865252243282723132511155174531877666624286900888542173986273845766971540189699928252299878472084801527377046146322788160206892719090003920512308210106325310668718274837329691155755136217617976330748494374590483189307305455949985662475291090486594546997071131739522406076486066275942386575001016378509956476877314527531707507279412083600318681852930279885562044709913115669956387715951154003159615122263497398717944972985465535936602385998679757087117674658024564972348696418583150912665440090824586945378012500026835724142401572545534389478160393414554520723080469447404127341335354809800124918106193240903865309009616116938018088318168090266973665359414455372352516737564431308068985267990545303672234166678500221126662230738031367711004413559254584584044065035097902619569288937872764137394369023790301224709817086956600191323508474874463661454760670792218098781859107166624611604770177516430852111004842426519315118392758464010095558641509730256240370384538600659064826689818354682078280254284423030448568370939579640068685323993879747119069356780204042340710488333035708964728409262284389790571241631645756430819867306412037151826403660116424619548805575036639597283509028318921625723415797708522542643089248127063054475490592314883689104050530518580662600111603847183433574940641526988150	2,4,-5,-5,-5,-5,-5,-5,-5,-5,-5,-5	5,5,-5,-5,-5,-5,-5,-5,-5,-5,-5,-5	ok
