20.0 0.08592510941895837
40.0 0.08310816257415254
60.0 0.08226597400249357
80.0 0.08462446898731366
100.0 0.08395018567980234
120.0 0.08400911649349184
140.0 0.08387229134804115
160.0 0.08433985183055993
180.0 0.08427542840961985
200.0 0.08439655846899302
220.0 0.08325151911442034
240.0 0.08235202387390685
260.0 0.08254941295707452
280.0 0.0835067035712932
300.0 0.08292279557091628
320.0 0.08299200422977268
340.0 0.08362035907647614
360.0 0.08108392366571751
380.0 0.08166011310610506
400.0 0.0808186832398363
420.0 0.08098694876251351
440.0 0.08056609180005908
460.0 0.08102312115625818
480.0 0.08042127460937253
500.0 0.08019412543829274
520.0 0.08057874475488908
540.0 0.08027983129678909
560.0 0.08131714642805937
580.0 0.08041232138121979
600.0 0.08104396210784398
620.0 0.08129541389217107
640.0 0.0809129038186963
660.0 0.08105336602152208
680.0 0.08138182562484286
700.0 0.08130914267661235
720.0 0.08105385767388312
740.0 0.08109473317510503
760.0 0.08188507450603441
780.0 0.08112547380905594
800.0 0.08153564979688671
820.0 0.08053725458946046
840.0 0.08056720990411684
860.0 0.08062136617452904
880.0 0.08103048955877475
900.0 0.08184734151830027
920.0 0.08188083048108692
940.0 0.0800458308596396
960.0 0.07984707983414531
980.0 0.07985283162447643
1000.0 0.08051570519634986
1020.0 0.08036621108386177
1040.0 0.08006760914362158
1060.0 0.07934609621106907
1080.0 0.07956597219946689
1100.0 0.08019995863814673
1120.0 0.07968330229885168
1140.0 0.08001374258643351
1160.0 0.07904883832283652
1180.0 0.07941462489794539
1200.0 0.07953277221482942
1220.0 0.0793574754189569
1240.0 0.07968400476494036
1260.0 0.08016331880699554
1280.0 0.08023688984183405
1300.0 0.07978601885404302
1320.0 0.07934861372456337
1340.0 0.07935603770265243
1360.0 0.0786207829617551
1380.0 0.07882064229680523
1400.0 0.07894109847059419
1420.0 0.07957414244957565
1440.0 0.0794403009846283
1460.0 0.07962187840706976
1480.0 0.07996277558177291
1500.0 0.07993508192472712
1520.0 0.07994374940655925
1540.0 0.07922474525343062
1560.0 0.07950995429228642
1580.0 0.0792501387398613
1600.0 0.07876628803360392
1620.0 0.07854862146188907
1640.0 0.0784228255355825
1660.0 0.07889252716455174
1680.0 0.07872268252398007
1700.0 0.07870576382312813
1720.0 0.0790177921769639
1740.0 0.07915225841249166
1760.0 0.07932287222144416
1780.0 0.0787026749784105
1800.0 0.07866151705938013
1820.0 0.07913504561419389
1840.0 0.07916213434022998
1860.0 0.07966445068113413
1880.0 0.0795715582612896
1900.0 0.07928999822019481
1920.0 0.07886247787767564
1940.0 0.07867190152194935
1960.0 0.07895257821304613
1980.0 0.07857642197209773
2000.0 0.07881388592212504
