2.0 0.5587461043304135
3.0 0.4182023908290673
4.0 0.3640206802658288
5.0 0.3245700383505864
6.0 0.24451644065118436
7.0 0.22949006317840034
8.0 0.19248005218556963
9.0 0.19283280521944085
10.0 0.17465799029711743
11.0 0.17373935680001026
12.0 0.15345351345301653
13.0 0.14553953477393528
14.0 0.14470924818020395
15.0 0.14792396534854355
16.0 0.1469331946467654
17.0 0.14630849313195626
18.0 0.13591655846806006
19.0 0.13114079663564712
20.0 0.12929201220220826
21.0 0.13410087472006518
22.0 0.13153256969924088
23.0 0.1317507507066386
24.0 0.12284594343131848
25.0 0.1208657385863808
26.0 0.11954141748381565
27.0 0.12156075133304495
28.0 0.12152579658556317
29.0 0.12054679555530266
30.0 0.11465256983124394
31.0 0.11294179643071633
32.0 0.11379456057096053
33.0 0.11603328576954859
34.0 0.11651518089711203
35.0 0.11395696879070108
36.0 0.10970522922119191
37.0 0.10893604028492274
38.0 0.11017578713677571
39.0 0.11118473706326241
40.0 0.11170737603080587
41.0 0.10962641781488085
42.0 0.10652712337230434
43.0 0.10552130066941588
44.0 0.10736080759055504
45.0 0.10830548950777226
46.0 0.10892073818971922
47.0 0.10566021518865742
48.0 0.10386335115158557
49.0 0.1029371228806501
50.0 0.10519204017025124
51.0 0.10600717202162442
52.0 0.10643443782534869
53.0 0.10351179692512927
54.0 0.10209022561253497
55.0 0.10121360732002325
56.0 0.10325559519447991
57.0 0.10345061635193505
58.0 0.10464553839387875
59.0 0.10143879552728087
60.0 0.10038178273414103
61.0 0.09980066706115412
62.0 0.10164349779661895
63.0 0.1025168723768314
64.0 0.10250370886574915
65.0 0.09986061179470171
66.0 0.09941379327147688
67.0 0.09891103610823096
68.0 0.10059715143614849
69.0 0.1007695303092254
70.0 0.10128797448793918
71.0 0.09860793738319899
72.0 0.09803218470318265
73.0 0.09836582047036117
74.0 0.09942391829643814
75.0 0.09990184189932755
76.0 0.0993976038596287
77.0 0.09793925494207999
78.0 0.09695575586832168
79.0 0.09732299013714654
80.0 0.0984670037880655
81.0 0.09935501945205376
82.0 0.09796837104106128
83.0 0.09640719997489333
84.0 0.09652383875623873
85.0 0.09707307038154313
86.0 0.09793378246062313
87.0 0.09814513826185399
88.0 0.09718633452868292
89.0 0.09619261416843583
90.0 0.09517912184829967
91.0 0.09634368257564245
92.0 0.0970327741368638
93.0 0.0979616713403827
94.0 0.0958322739416037
95.0 0.09508880895151788
96.0 0.09508867157215913
97.0 0.09597745992926635
98.0 0.09651946045606347
99.0 0.09684125740385209
100.0 0.09505228713132306
101.0 0.09490352489973625
102.0 0.09421203620377738
103.0 0.09533612541117127
104.0 0.09568673419865235
105.0 0.09647338175445412
106.0 0.09483641460557098
107.0 0.09405235417862251
108.0 0.09393577318971348
109.0 0.09524510186940052
110.0 0.09532673204587933
111.0 0.09569021667326706
112.0 0.09395777277448483
113.0 0.09404020294399434
114.0 0.09391590962415304
115.0 0.09483478921989186
116.0 0.0947555147746141
117.0 0.09512136908060585
118.0 0.09379724151351934
119.0 0.09338748787642422
120.0 0.09376799551701426
