4.0 0.2570682832861164
8.0 0.15629459697390377
12.0 0.13858925331770214
16.0 0.12519225859999494
20.0 0.11874733330099221
24.0 0.10430890538236977
28.0 0.10347414403753133
32.0 0.1002222921700199
36.0 0.09399592313851741
40.0 0.09719945223301654
44.0 0.0943160792984341
48.0 0.09124312839761238
52.0 0.09505313725995916
56.0 0.09439482626192812
60.0 0.09400047852689293
64.0 0.09432324046316992
68.0 0.09531258082449634
72.0 0.09257343679936496
76.0 0.09539826513734737
80.0 0.09254914901279179
84.0 0.08816989662458045
88.0 0.08862546065407116
92.0 0.08883933209403758
96.0 0.08792478610257663
100.0 0.08751975897252078
104.0 0.0855004176064958
108.0 0.0869785647602371
112.0 0.08457348005898353
116.0 0.08415819072239722
120.0 0.08447351332134222
124.0 0.08369397660943033
128.0 0.08452988711421368
132.0 0.08385113374639391
136.0 0.08383891271386708
140.0 0.08430453888254885
144.0 0.08424965599720553
148.0 0.0839621879969168
152.0 0.08419613388080142
156.0 0.08534448238347724
160.0 0.08454128742708485
164.0 0.08462254604496557
168.0 0.08510308018704163
172.0 0.08552368444107737
176.0 0.08597720337750682
180.0 0.0853896479079264
184.0 0.08675294909944214
188.0 0.08666426353818443
192.0 0.08662320305465965
196.0 0.08785487962322566
200.0 0.09077055030274274
204.0 0.0873863093039814
208.0 0.0887675150845993
212.0 0.08843134503951897
216.0 0.08833569473936427
220.0 0.08849081095025997
224.0 0.08997421293147322
228.0 0.09037235878379306
232.0 0.08778075670997056
236.0 0.0887470653859253
240.0 0.08910570998322541
244.0 0.08887231164635356
248.0 0.08536582746849859
252.0 0.0855655261119245
256.0 0.08315451077810686
260.0 0.08282540081201535
264.0 0.08257308830423118
268.0 0.08219807966625124
272.0 0.08296841886755667
276.0 0.08261235376061528
280.0 0.08253838878848972
284.0 0.08302421295907599
288.0 0.0854039580637419
292.0 0.08412237472448025
296.0 0.08307745040266679
300.0 0.08433587663237234
304.0 0.08450628649440152
308.0 0.08456560491060112
312.0 0.08189568261171938
316.0 0.0818702445457041
320.0 0.08171720715265607
324.0 0.08189271134697948
328.0 0.08163412267797872
332.0 0.08098248436547621
336.0 0.08061225837327693
340.0 0.08001080515121874
344.0 0.07999946968931547
348.0 0.08062117453549965
352.0 0.08290332714044214
356.0 0.08117798724697371
360.0 0.07959074050293623
364.0 0.0813731370798507
368.0 0.07994694424732979
372.0 0.08026081150831117
376.0 0.07975155535047909
380.0 0.07990197918703124
384.0 0.07957719127322752
388.0 0.07933507930054443
392.0 0.07984258883937147
396.0 0.0791938897467272
400.0 0.07987623526997524
404.0 0.08000609885843328
408.0 0.08000899837899286
412.0 0.07882675812678334
416.0 0.07916381029044811
420.0 0.07788422935241482
424.0 0.07779701091717915
428.0 0.07807728335325245
432.0 0.07859105043808086
436.0 0.07809066706634564
440.0 0.07754928855889238
444.0 0.07824867681704276
448.0 0.07835905071301454
452.0 0.0779699362766067
456.0 0.07780453198351847
460.0 0.07789673598926751
464.0 0.07815663326983414
468.0 0.07815751557151533
472.0 0.07718147042475941
476.0 0.07687356205306874
480.0 0.07700738325715784
484.0 0.07725181622252052
488.0 0.07705067279640164
492.0 0.07719403004149272
496.0 0.0771363767373848
500.0 0.07720941040960141
