4.0 0.32378204728270354
8.0 0.16992667540064266
12.0 0.14176398500945628
16.0 0.13260241297522357
20.0 0.11730402282687342
24.0 0.10800678268123683
28.0 0.10657500137459845
32.0 0.10343306458665551
36.0 0.09950295414304831
40.0 0.1017576865370607
44.0 0.1000566128136151
48.0 0.09876079196540237
52.0 0.0988687887438093
56.0 0.09645136488384451
60.0 0.09531870452133084
64.0 0.09916523789648063
68.0 0.09828296253778634
72.0 0.09371148897778754
76.0 0.09359751467525475
80.0 0.09402660646904722
84.0 0.09481954594478788
88.0 0.092755111597554
92.0 0.09431222199637655
96.0 0.09229391236297509
100.0 0.09482365887930716
104.0 0.09429789148023514
108.0 0.09201166378376023
112.0 0.09286076090403224
116.0 0.09337866468396269
120.0 0.09410434535136968
124.0 0.0940997294332899
128.0 0.09471293772841444
132.0 0.09675984070676222
136.0 0.09378850798750381
140.0 0.0942439780899975
144.0 0.10125307741950948
148.0 0.09524209950675776
152.0 0.09425019151947751
156.0 0.09550384886951035
160.0 0.09576283526761717
164.0 0.0951776725091669
168.0 0.09617713427141908
172.0 0.09657213646373801
176.0 0.09421161856948396
180.0 0.09658745290886238
184.0 0.09581387085877353
188.0 0.09582964967254923
192.0 0.09200689922759266
196.0 0.09163551550718396
200.0 0.08915368637086621
204.0 0.08999310570704161
208.0 0.08805381678875818
212.0 0.08743115452764282
216.0 0.08787675138709457
220.0 0.08747357832372447
224.0 0.08738994861691247
228.0 0.08803163964965298
232.0 0.09120671782114914
236.0 0.08851064669501309
240.0 0.0885887768258088
244.0 0.08959383200693073
248.0 0.08834639187511888
252.0 0.08854695074625299
256.0 0.0864678900402456
260.0 0.08572295677275377
264.0 0.08603172933814592
268.0 0.08574916304933713
272.0 0.08637298247429566
276.0 0.08613493538305726
280.0 0.08478235178826332
284.0 0.0856160538992159
288.0 0.0854389012874219
292.0 0.08583131117457451
296.0 0.08784902072147399
300.0 0.0868164633807929
304.0 0.08623601528619522
308.0 0.08892533965954807
312.0 0.08637948030130135
316.0 0.08602144411567143
320.0 0.08779331776659008
324.0 0.08627145341075161
328.0 0.0872358997419941
332.0 0.0863814260137339
336.0 0.08607194352026068
340.0 0.08691929592810906
344.0 0.08653749070863909
348.0 0.08606709148460859
352.0 0.08746592841812419
356.0 0.08592582607662809
360.0 0.0862092477592859
364.0 0.08699779245698722
368.0 0.08699178423278635
372.0 0.08723483256838512
376.0 0.08499176812731449
380.0 0.08411233699280893
384.0 0.08402260435945004
388.0 0.08380406222901478
392.0 0.08417506502532716
396.0 0.08484176599062268
400.0 0.08423978149197461
404.0 0.08436294468107247
408.0 0.08504167726733777
412.0 0.08461147856545936
416.0 0.08538290042543502
420.0 0.08533744108726361
424.0 0.08569561580392449
428.0 0.08618917912107722
432.0 0.08630634754136673
436.0 0.08686600926975604
440.0 0.0857366824306992
444.0 0.08687190954565858
448.0 0.08674524268350263
452.0 0.08679428512402919
456.0 0.08814191416294556
460.0 0.08677425796421638
464.0 0.08783330330910857
468.0 0.08767934286036944
472.0 0.08645142628695583
476.0 0.08716167422416081
480.0 0.08703022958700775
484.0 0.08715851456963469
488.0 0.08532825675303715
492.0 0.08382185079362729
496.0 0.08382639671127416
500.0 0.08379375869792126
