0.3237830384058801
0.1699253737541277
0.14176310396124717
0.1326016075090599
0.11730246774078382
0.10800483966962089
0.10657309161043305
0.10342881445471033
0.09950686434958793
0.10176479807510659
0.1000453610106698
0.09876596797114394
0.09890160914536031
0.09650442562712133
0.09548531912957046
0.0989157681817648
0.09840787681519861
0.09528447110188486
0.09943466797742788
0.09504085382857097
0.09557718334342123
0.09557713882401019
0.09368435276123745
0.0924777389336126
0.093997596075363
0.09175866299065469
0.090456566663583
0.09109601640357409
0.08975857457775428
0.09078884970809539
0.08769403763525875
0.09043598387653898
0.08939145276613741
0.08757158453812847
0.08946784130064424
0.08793937590578604
0.08615360458424026
0.08783955199161035
0.08662719075971106
0.08535533577279054
0.0863937370650165
0.08570237049537263
0.08524542102166291
0.08492154446190198
0.0853662846514994
0.08547840687971227
0.08377558748955725
0.08442804088442217
0.08509032048613713
0.08294767620667809
0.08207171523896646
0.0830773177467697
0.08138448753824953
0.08195174832169892
0.08343463365153822
0.08141419482895089
0.08155413694502828
0.08157221784170096
0.08133304862930262
0.08167529128838641
0.08335869189155302
0.08191055221227295
0.08288853044410699
0.08269982903976475
0.0818816850253886
0.08248064222909017
0.08293508482950472
0.08379290812463967
0.08150215775001819
0.08125318599085002
0.08351967825836445
0.0815164356669069
0.08120762390522739
0.08229950335080072
0.08159230724812172
0.08140976497734025
0.08226444578372365
0.08139722699823633
0.08162991053260818
0.08248236540691485
0.08077213862066755
0.08177627181611326
0.08216960957631309
0.08177691874383024
0.08232601584090858
0.08206209234006143
0.08155613470805445
0.0820679327263789
0.08236773262436808
0.08252364419403471
0.0817604954420373
0.08281616828836003
0.08279419244840183
0.08260119778895825
0.08319141137609333
0.085420034717956
0.08339235001829826
0.08438848372463219
0.08451270539516983
0.08213294125944075
0.08184801531823452
0.08370971029184293
0.08217671112856244
0.08245988782658972
0.08236813046941362
0.08197578518693074
0.08171051735374359
0.0821193814484632
0.08191379894877907
0.0822551682279398
0.08203556654722927
0.08240567927963835
0.0827884650257748
0.08365966683474842
0.08333939052460956
0.08243975620453996
0.0829955791592129
0.08309169627422464
0.08329293196431481
0.0832939645604644
0.08358107847939733
0.08337168785819438
0.08415190382753823
0.08444187590195096
0.08383943151572597
