4.000000000000000000e+00 2.913199803971204260e-01
8.000000000000000000e+00 1.850993626163483230e-01
1.200000000000000000e+01 1.588418298775806925e-01
1.600000000000000000e+01 1.478878066848918205e-01
2.000000000000000000e+01 1.222098730202815509e-01
2.400000000000000000e+01 1.232615002282226729e-01
2.800000000000000000e+01 1.215996033372863383e-01
3.200000000000000000e+01 1.100663096252037093e-01
3.600000000000000000e+01 1.157591707902939221e-01
4.000000000000000000e+01 1.107782200994203298e-01
4.400000000000000000e+01 1.057300256567788865e-01
4.800000000000000000e+01 1.047884694825898383e-01
5.200000000000000000e+01 1.023537357689967287e-01
5.600000000000000000e+01 1.024678518949044131e-01
6.000000000000000000e+01 9.835564008072698872e-02
6.400000000000000000e+01 9.715564941244153596e-02
6.800000000000000000e+01 9.588141172660352707e-02
7.200000000000000000e+01 9.525134662528722540e-02
7.600000000000000000e+01 9.318977334100336796e-02
8.000000000000000000e+01 9.249271959419769207e-02
8.400000000000000000e+01 9.158509345115810329e-02
8.800000000000000000e+01 9.212488874825758289e-02
9.200000000000000000e+01 9.231909061063223176e-02
9.600000000000000000e+01 9.126504564327976576e-02
1.000000000000000000e+02 9.268463132186165188e-02
1.040000000000000000e+02 9.238382061692970715e-02
1.080000000000000000e+02 8.889392999650348737e-02
1.120000000000000000e+02 9.145561455010911556e-02
1.160000000000000000e+02 9.192262351487834326e-02
1.200000000000000000e+02 8.736723453050515564e-02
1.240000000000000000e+02 8.887856415553604950e-02
1.280000000000000000e+02 8.798645037369663691e-02
1.320000000000000000e+02 8.688181444995803082e-02
1.360000000000000000e+02 8.808656919180533895e-02
1.400000000000000000e+02 8.760460734289564344e-02
1.440000000000000000e+02 8.630442717626868321e-02
1.480000000000000000e+02 8.616581195983649688e-02
1.520000000000000000e+02 8.673382458386771909e-02
1.560000000000000000e+02 8.694709682295731490e-02
1.600000000000000000e+02 8.633960097126015809e-02
1.640000000000000000e+02 8.687313530689136365e-02
1.680000000000000000e+02 8.664887094110597376e-02
1.720000000000000000e+02 8.681210519397086767e-02
1.760000000000000000e+02 8.561176000157459665e-02
1.800000000000000000e+02 8.674844476372578495e-02
1.840000000000000000e+02 8.597106861684523926e-02
1.880000000000000000e+02 8.633459945634931743e-02
1.920000000000000000e+02 8.510554592367843008e-02
1.960000000000000000e+02 8.573644123592469302e-02
2.000000000000000000e+02 8.371027184684433353e-02
2.040000000000000000e+02 8.552418631606135968e-02
2.080000000000000000e+02 8.359282421137817498e-02
2.120000000000000000e+02 8.298244772803919922e-02
2.160000000000000000e+02 8.367061161098607314e-02
2.200000000000000000e+02 8.226955187759475707e-02
2.240000000000000000e+02 8.245162193488575486e-02
2.280000000000000000e+02 8.271491758971565023e-02
2.320000000000000000e+02 8.321849556325754127e-02
2.360000000000000000e+02 8.344004504793442467e-02
2.400000000000000000e+02 8.294337794812171871e-02
2.440000000000000000e+02 8.429882715300349161e-02
2.480000000000000000e+02 8.407561394530237153e-02
2.520000000000000000e+02 8.352964379268655593e-02
2.560000000000000000e+02 8.400929335861812008e-02
2.600000000000000000e+02 8.391273195294139675e-02
2.640000000000000000e+02 8.381093009498008506e-02
2.680000000000000000e+02 8.489571262259180962e-02
2.720000000000000000e+02 8.364259686775364633e-02
2.760000000000000000e+02 8.393541807117724241e-02
2.800000000000000000e+02 8.417559058641305159e-02
2.840000000000000000e+02 8.487301300817957916e-02
2.880000000000000000e+02 8.388766079739162773e-02
2.920000000000000000e+02 8.448148574844684122e-02
2.960000000000000000e+02 8.796080324802406369e-02
3.000000000000000000e+02 8.508707632882905880e-02
3.040000000000000000e+02 8.095729838080645280e-02
3.080000000000000000e+02 8.147532651074435028e-02
3.120000000000000000e+02 8.127741376302417831e-02
3.160000000000000000e+02 8.033387366994078349e-02
3.200000000000000000e+02 8.011650947986029281e-02
3.240000000000000000e+02 7.972876545724735808e-02
3.280000000000000000e+02 7.973300845828117100e-02
3.320000000000000000e+02 8.011371423836471939e-02
3.360000000000000000e+02 8.099508698494603531e-02
3.400000000000000000e+02 8.033172751746608942e-02
3.440000000000000000e+02 8.036089335913340626e-02
3.480000000000000000e+02 8.081302432818517067e-02
3.520000000000000000e+02 8.058069429182851406e-02
3.560000000000000000e+02 8.163047970140613341e-02
3.600000000000000000e+02 8.141171484624901145e-02
3.640000000000000000e+02 8.180092129178583027e-02
3.680000000000000000e+02 8.238663489690245534e-02
3.720000000000000000e+02 8.376606500905325881e-02
3.760000000000000000e+02 8.292423868554171795e-02
3.800000000000000000e+02 8.234385990933362764e-02
3.840000000000000000e+02 8.403597368306754689e-02
3.880000000000000000e+02 8.296503205059456432e-02
3.920000000000000000e+02 8.320676183323043318e-02
3.960000000000000000e+02 8.353692289541568561e-02
4.000000000000000000e+02 8.282871406894759536e-02
4.040000000000000000e+02 8.290858111890105075e-02
4.080000000000000000e+02 8.350889837952418793e-02
4.120000000000000000e+02 8.355153109342504381e-02
4.160000000000000000e+02 8.267051831886021440e-02
4.200000000000000000e+02 8.245272378643059286e-02
4.240000000000000000e+02 8.311334750199156352e-02
4.280000000000000000e+02 8.332328492225245242e-02
4.320000000000000000e+02 8.329044845363377247e-02
4.360000000000000000e+02 8.273905931988924378e-02
4.400000000000000000e+02 8.225475655244578188e-02
4.440000000000000000e+02 8.310011830100770547e-02
4.480000000000000000e+02 8.300625108338223479e-02
4.520000000000000000e+02 8.307246142221541563e-02
4.560000000000000000e+02 8.115902698784839553e-02
4.600000000000000000e+02 8.156145431766066711e-02
4.640000000000000000e+02 8.149852987912677149e-02
4.680000000000000000e+02 8.093917446197135268e-02
4.720000000000000000e+02 8.108900969664802061e-02
4.760000000000000000e+02 8.197292278740497817e-02
4.800000000000000000e+02 8.060162026393588586e-02
4.840000000000000000e+02 8.031409453165828938e-02
4.880000000000000000e+02 8.066354143365705998e-02
4.920000000000000000e+02 8.078933524043679926e-02
4.960000000000000000e+02 8.118554729750941668e-02
5.000000000000000000e+02 8.090375364750281018e-02
