4.0 0.3003077864688011
8.0 0.16502849939338138
12.0 0.13968743107206663
16.0 0.13060499434197242
20.0 0.12307636093462257
24.0 0.10916264448517726
28.0 0.1072149790187924
32.0 0.10390268356033995
36.0 0.09931877108415213
40.0 0.09985428334184566
44.0 0.09914952347806044
48.0 0.09632493012038705
52.0 0.09626507030550178
56.0 0.09547640675463263
60.0 0.09395128087405628
64.0 0.09445621646327823
68.0 0.09412490186867879
72.0 0.09219833431830055
76.0 0.09227381263676616
80.0 0.0920144582252038
84.0 0.09148884970122062
88.0 0.09075268468648527
92.0 0.09098126367823918
96.0 0.09006196134258115
100.0 0.09008774468625567
104.0 0.09126322640252477
108.0 0.08988660575857733
112.0 0.08961956849372703
116.0 0.08966523227270319
120.0 0.08845503428784954
124.0 0.08848435852252984
128.0 0.08941643989268973
132.0 0.08815569443221681
136.0 0.08817442765506493
140.0 0.08828274617518768
144.0 0.08862165828603037
148.0 0.08821277965402395
152.0 0.08818308509578894
156.0 0.08870127719149182
160.0 0.08841468440266184
164.0 0.08784482982356584
168.0 0.08738095162206286
172.0 0.08769216446343864
176.0 0.08747517897254733
180.0 0.08778503112961283
184.0 0.08792749504889126
188.0 0.08800827699641374
192.0 0.09197111686447279
196.0 0.0888337334678239
200.0 0.0886466590248607
204.0 0.09240496106338943
208.0 0.0892436968653142
212.0 0.09027915038984624
216.0 0.09322411346712514
220.0 0.09079603247807513
224.0 0.09226602364134776
228.0 0.09024536069583165
232.0 0.08800656118000068
236.0 0.08829229731500413
240.0 0.08822409307133695
244.0 0.08910665547389277
248.0 0.08834361664188209
252.0 0.08783572844145769
256.0 0.08820049343873804
260.0 0.08744099496497705
264.0 0.08787415924521129
268.0 0.08927978411384771
272.0 0.08864418702978015
276.0 0.08764213696029191
280.0 0.09062098862628244
284.0 0.08743569526761366
288.0 0.08768809823808273
292.0 0.08736786179007618
296.0 0.08722724120205273
300.0 0.08629228375132278
304.0 0.08660628270453925
308.0 0.0863498412190377
312.0 0.08493723731722576
316.0 0.08468110248630449
320.0 0.0849490987901012
324.0 0.08486506491731194
328.0 0.08414251357086684
332.0 0.08471780378191647
336.0 0.0841040048704772
340.0 0.08447771335894579
344.0 0.08447563149580646
348.0 0.08442392920842147
352.0 0.08419573266417518
356.0 0.08464365516396291
360.0 0.0841914304467386
364.0 0.0842923051471491
368.0 0.08516663008719828
372.0 0.08410966547674761
376.0 0.08453113973068702
380.0 0.08464876674937533
384.0 0.08405510174765386
388.0 0.08412716240826457
392.0 0.08488134026655808
396.0 0.08472742591351975
400.0 0.08433553426367146
404.0 0.08477411624326237
408.0 0.08442345202256163
412.0 0.08462383494383603
416.0 0.08421812759122972
420.0 0.08453388264640228
424.0 0.0848367129959741
428.0 0.08430070928500188
432.0 0.08464944327506203
436.0 0.0847928334574914
440.0 0.08472484421114454
444.0 0.08502055279620052
448.0 0.08508332623837545
452.0 0.08568061658281072
456.0 0.08600787338400476
460.0 0.08607239228684455
464.0 0.08672828033899357
468.0 0.08676887890891954
472.0 0.08560106091179519
476.0 0.08648214706918851
480.0 0.08633891507853678
484.0 0.08645748691323521
488.0 0.08425930165034376
492.0 0.08666774513712538
496.0 0.08385079107569009
500.0 0.08341042265705455
