3.237820472827035445e-01
1.699266754006426572e-01
1.417639850094562781e-01
1.326024129752235714e-01
1.173040228268734247e-01
1.080067826812368265e-01
1.065750013745984520e-01
1.034330645866555071e-01
9.950295414304831387e-02
1.017576865370607014e-01
1.000566128136150951e-01
9.876079196540236971e-02
9.886878874380930493e-02
9.645136488384450923e-02
9.531870452133084370e-02
9.916523789648062914e-02
9.828296253778634473e-02
9.371148897778754094e-02
9.359751467525474766e-02
9.402660646904721642e-02
9.481954594478787801e-02
9.275511159755399360e-02
9.431222199637655235e-02
9.229391236297508627e-02
9.482365887930715997e-02
9.429789148023513812e-02
9.201166378376023081e-02
9.286076090403223848e-02
9.337866468396269215e-02
9.410434535136967538e-02
9.409972943328989703e-02
9.471293772841443692e-02
9.675984070676221793e-02
9.378850798750380802e-02
9.424397808999750159e-02
1.012530774195094796e-01
9.524209950675775749e-02
9.425019151947751361e-02
9.550384886951035490e-02
9.576283526761716902e-02
9.517767250916689403e-02
9.617713427141907911e-02
9.657213646373800919e-02
9.421161856948395696e-02
9.658745290886237844e-02
9.581387085877353382e-02
9.582964967254922750e-02
9.200689922759265615e-02
9.163551550718396221e-02
8.915368637086620862e-02
8.999310570704160961e-02
8.805381678875817686e-02
8.743115452764281537e-02
8.787675138709456768e-02
8.747357832372447406e-02
8.738994861691247451e-02
8.803163964965297905e-02
9.120671782114914139e-02
8.851064669501308713e-02
8.858877682580880430e-02
8.959383200693073201e-02
8.834639187511887648e-02
8.854695074625298923e-02
8.646789004024560410e-02
8.572295677275376669e-02
8.603172933814591528e-02
8.574916304933713485e-02
8.637298247429565923e-02
8.613493538305726227e-02
8.478235178826332152e-02
8.561605389921589371e-02
8.543890128742190337e-02
8.583131117457451498e-02
8.784902072147399155e-02
8.681646338079289371e-02
8.623601528619521950e-02
8.892533965954807496e-02
8.637948030130135346e-02
8.602144411567143323e-02
8.779331776659007880e-02
8.627145341075161122e-02
8.723589974199409680e-02
8.638142601373390017e-02
8.607194352026067974e-02
8.691929592810905547e-02
8.653749070863908655e-02
8.606709148460858771e-02
8.746592841812418639e-02
8.592582607662808958e-02
8.620924775928590078e-02
8.699779245698721630e-02
8.699178423278634831e-02
8.723483256838511501e-02
8.499176812731448760e-02
8.411233699280892817e-02
8.402260435945003991e-02
8.380406222901477797e-02
8.417506502532716428e-02
8.484176599062268065e-02
8.423978149197461351e-02
8.436294468107247146e-02
8.504167726733777299e-02
8.461147856545936374e-02
8.538290042543501823e-02
8.533744108726361299e-02
8.569561580392448530e-02
8.618917912107722235e-02
8.630634754136673470e-02
8.686600926975604486e-02
8.573668243069919315e-02
8.687190954565858492e-02
8.674524268350262968e-02
8.679428512402918849e-02
8.814191416294556158e-02
8.677425796421638082e-02
8.783330330910857353e-02
8.767934286036943581e-02
8.645142628695583198e-02
8.716167422416080945e-02
8.703022958700774858e-02
8.715851456963469301e-02
8.532825675303715163e-02
8.382185079362729219e-02
8.382639671127416203e-02
8.379375869792125842e-02
