delta_x	delta_ca	T0_V	T0_Ca	T0_method	T_encoding	gamma_encoding	T_scs	gamma_scs	status
-1.500000	-31.911912	-47.377707	0.857099	full	37382954118278832773895244218236686338908646550437400502358118064530753024550062640906067170928616739335301863382037085201145976272239453658981262846128190508219395966448887917209180943430756816360954021114299567022365062772435248416767806761100190036690064717673340372096023135699535289470684125303415166379888431480255826924891015663899125213905598169462222954592960069004912796133592849744	4162	1,0,0,0,0,0,0,0,0,0,0,0	12,0,0,0,0	ok
-1.498999	-31.911912	-44.651584	0.864035	continued:5	37382954118278832773895244218236686338908646550437400502358118064530753024550062640906067170928616739335301863382037085201145976272239453658981262846128190508219395966448887917209180943430756816360954021114299567022365062772435248416767806761100190036690064717673340372096023135699535289470684125303415166379888431480255826924891015663899125213905598169462222954592960069004912796133592849744	4162	1,0,0,0,0,0,0,0,0,0,0,0	12,0,0,0,0	ok
-1.497998	-31.911912	-45.128539	0.861241	continued:5	37382954118278832773895244218236686338908646550437400502358118064530753024550062640906067170928616739335301863382037085201145976272239453658981262846128190508219395966448887917209180943430756816360954021114299567022365062772435248416767806761100190036690064717673340372096023135699535289470684125303415166379888431480255826924891015663899125213905598169462222954592960069004912796133592849744	4162	1,0,0,0,0,0,0,0,0,0,0,0	12,0,0,0,0	ok
-1.496997	-31.911912	-45.605975	0.859658	continued:5	37382954118278832773895244218236686338908646550437400502358118064530753024550062640906067170928616739335301863382037085201145976272239453658981262846128190508219395966448887917209180943430756816360954021114299567022365062772435248416767806761100190036690064717673340372096023135699535289470684125303415166379888431480255826924891015663899125213905598169462222954592960069004912796133592849744	4162	1,0,0,0,0,0,0,0,0,0,0,0	12,0,0,0,0	ok
-1.495996	-31.911912	-46.072408	0.858074	continued:5	37382954118278832773895244218236686338908646550437400502358118064530753024550062640906067170928616739335301863382037085201145976272239453658981262846128190508219395966448887917209180943430756816360954021114299567022365062772435248416767806761100190036690064717673340372096023135699535289470684125303415166379888431480255826924891015663899125213905598169462222954592960069004912796133592849744	4162	1,0,0,0,0,0,0,0,0,0,0,0	12,0,0,0,0	ok
-1.494995	-31.911912	-46.527903	0.856825	continued:5	37382954118278832773895244218236686338908646550437400502358118064530753024550062640906067170928616739335301863382037085201145976272239453658981262846128190508219395966448887917209180943430756816360954021114299567022365062772435248416767806761100190036690064717673340372096023135699535289470684125303415166379888431480255826924891015663899125213905598169462222954592960069004912796133592849744	4162	1,0,0,0,0,0,0,0,0,0,0,0	12,0,0,0,0	ok
-1.493994	-31.911912	-46.967973	0.855576	continued:5	37382954118278832773895244218236686338908646550437400502358118064530753024550062640906067170928616739335301863382037085201145976272239453658981262846128190508219395966448887917209180943430756816360954021114299567022365062772435248416767806761100190036690064717673340372096023135699535289470684125303415166379888431480255826924891015663899125213905598169462222954592960069004912796133592849744	4162	1,0,0,0,0,0,0,0,0,0,0,0	12,0,0,0,0	ok
-1.492993	-31.911912	-47.390769	0.856284	full	37382954118278832773895244218236686338908646550437400502358118064530753024550062640906067170928616739335301863382037085201145976272239453658981262846128190508219395966448887917209180943430756816360954021114299567022365062772435248416767806761100190036690064717673340372096023135699535289470684125303415166379888431480255826924891015663899125213905598169462222954592960069004912796133592849744	4162	1,0,0,0,0,0,0,0,0,0,0,0	12,0,0,0,0	ok
-1.491992	-31.911912	-44.666371	0.863331	continued:5	37382954118278832773895244218236686338908646550437400502358118064530753024550062640906067170928616739335301863382037085201145976272239453658981262846128190508219395966448887917209180943430756816360954021114299567022365062772435248416767806761100190036690064717673340372096023135699535289470684125303415166379888431480255826924891015663899125213905598169462222954592960069004912796133592849744	4162	1,0,0,0,0,0,0,0,0,0,0,0	12,0,0,0,0	ok
-1.490991	-31.911912	-45.143046	0.860537	continued:5	37382954118278832773895244218236686338908646550437400502358118064530753024550062640906067170928616739335301863382037085201145976272239453658981262846128190508219395966448887917209180943430756816360954021114299567022365062772435248416767806761100190036690064717673340372096023135699535289470684125303415166379888431480255826924891015663899125213905598169462222954592960069004912796133592849744	4162	1,0,0,0,0,0,0,0,0,0,0,0	12,0,0,0,0	ok
-1.489990	-31.911912	-45.619951	0.858285	continued:5	37382954118278832773895244218236686338908646550437400502358118064530753024550062640906067170928616739335301863382037085201145976272239453658981262846128190508219395966448887917209180943430756816360954021114299567022365062772435248416767806761100190036690064717673340372096023135699535289470684125303415166379888431480255826924891015663899125213905598169462222954592960069004912796133592849744	4162	1,0,0,0,0,0,0,0,0,0,0,0	12,0,0,0,0	ok
-1.488989	-31.911912	-46.092181	0.857036	continued:5	37382954118278832773895244218236686338908646550437400502358118064530753024550062640906067170928616739335301863382037085201145976272239453658981262846128190508219395966448887917209180943430756816360954021114299567022365062772435248416767806761100190036690064717673340372096023135699535289470684125303415166379888431480255826924891015663899125213905598169462222954592960069004912796133592849744	4162	1,0,0,0,0,0,0,0,0,0,0,0	12,0,0,0,0	ok
-1.487988	-31.911912	-46.549372	0.855993	continued:5	37382954118278832773895244218236686338908646550437400502358118064530753024550062640906067170928616739335301863382037085201145976272239453658981262846128190508219395966448887917209180943430756816360954021114299567022365062772435248416767806761100190036690064717673340372096023135699535289470684125303415166379888431480255826924891015663899125213905598169462222954592960069004912796133592849744	4162	1,0,0,0,0,0,0,0,0,0,0,0	12,0,0,0,0	ok
-1.486987	-31.911912	-46.988674	0.855492	continued:5	37382954118278832773895244218236686338908646550437400502358118064530753024550062640906067170928616739335301863382037085201145976272239453658981262846128190508219395966448887917209180943430756816360954021114299567022365062772435248416767806761100190036690064717673340372096023135699535289470684125303415166379888431480255826924891015663899125213905598169462222954592960069004912796133592849744	4162	1,0,0,0,0,0,0,0,0,0,0,0	12,0,0,0,0	ok
-1.485986	-31.911912	-47.403838	0.854990	full	37382954118278832773895244218236686338908646550437400502358118064530753024550062640906067170928616739335301863382037085201145976272239453658981262846128190508219395966448887917209180943430756816360954021114299567022365062772435248416767806761100190036690064717673340372096023135699535289470684125303415166379888431480255826924891015663899125213905598169462222954592960069004912796133592849744	4162	1,0,0,0,0,0,0,0,0,0,0,0	12,0,0,0,0	ok
-1.484985	-31.911912	-44.682724	0.862659	continued:5	37382954118278832773895244218236686338908646550437400502358118064530753024550062640906067170928616739335301863382037085201145976272239453658981262846128190508219395966448887917209180943430756816360954021114299567022365062772435248416767806761100190036690064717673340372096023135699535289470684125303415166379888431480255826924891015663899125213905598169462222954592960069004912796133592849744	4162	1,0,0,0,0,0,0,0,0,0,0,0	12,0,0,0,0	ok
-1.483984	-31.911912	-45.158650	0.859866	continued:5	37382954118278832773895244218236686338908646550437400502358118064530753024550062640906067170928616739335301863382037085201145976272239453658981262846128190508219395966448887917209180943430756816360954021114299567022365062772435248416767806761100190036690064717673340372096023135699535289470684125303415166379888431480255826924891015663899125213905598169462222954592960069004912796133592849744	4162	1,0,0,0,0,0,0,0,0,0,0,0	12,0,0,0,0	ok
-1.482983	-31.911912	-45.634610	0.857614	continued:5	37382954118278832773895244218236686338908646550437400502358118064530753024550062640906067170928616739335301863382037085201145976272239453658981262846128190508219395966448887917209180943430756816360954021114299567022365062772435248416767806761100190036690064717673340372096023135699535289470684125303415166379888431480255826924891015663899125213905598169462222954592960069004912796133592849744	4162	1,0,0,0,0,0,0,0,0,0,0,0	12,0,0,0,0	ok
-1.481982	-31.911912	-46.105654	0.856365	continued:5	37382954118278832773895244218236686338908646550437400502358118064530753024550062640906067170928616739335301863382037085201145976272239453658981262846128190508219395966448887917209180943430756816360954021114299567022365062772435248416767806761100190036690064717673340372096023135699535289470684125303415166379888431480255826924891015663899125213905598169462222954592960069004912796133592849744	4162	1,0,0,0,0,0,0,0,0,0,0,0	12,0,0,0,0	ok
-1.480981	-31.911912	-46.561408	0.854781	continued:5	37382954118278832773895244218236686338908646550437400502358118064530753024550062640906067170928616739335301863382037085201145976272239453658981262846128190508219395966448887917209180943430756816360954021114299567022365062772435248416767806761100190036690064717673340372096023135699535289470684125303415166379888431480255826924891015663899125213905598169462222954592960069004912796133592849744	4162	1,0,0,0,0,0,0,0,0,0,0,0	12,0,0,0,0	ok
-1.479980	-31.911912	-47.003934	0.854820	continued:5	37382954118278832773895244218236686338908646550437400502358118064530753024550062640906067170928616739335301863382037085201145976272239453658981262846128190508219395966448887917209180943430756816360954021114299567022365062772435248416767806761100190036690064717673340372096023135699535289470684125303415166379888431480255826924891015663899125213905598169462222954592960069004912796133592849744	4162	1,0,0,0,0,0,0,0,0,0,0,0	12,0,0,0,0	ok
-1.478979	-31.911912	-47.416913	0.854653	full	37382954118278832773895244218236686338908646550437400502358118064530753024550062640906067170928616739335301863382037085201145976272239453658981262846128190508219395966448887917209180943430756816360954021114299567022365062772435248416767806761100190036690064717673340372096023135699535289470684125303415166379888431480255826924891015663899125213905598169462222954592960069004912796133592849744	4162	1,0,0,0,0,0,0,0,0,0,0,0	12,0,0,0,0	ok
-1.477978	-31.911912	-44.694573	0.861841	continued:5	37382954118278832773895244218236686338908646550437400502358118064530753024550062640906067170928616739335301863382037085201145976272239453658981262846128190508219395966448887917209180943430756816360954021114299567022365062772435248416767806761100190036690064717673340372096023135699535289470684125303415166379888431480255826924891015663899125213905598169462222954592960069004912796133592849744	4162	1,0,0,0,0,0,0,0,0,0,0,0	12,0,0,0,0	ok
-1.476977	-31.911912	-45.171618	0.859048	continued:5	37382954118278832773895244218236686338908646550437400502358118064530753024550062640906067170928616739335301863382037085201145976272239453658981262846128190508219395966448887917209180943430756816360954021114299567022365062772435248416767806761100190036690064717673340372096023135699535289470684125303415166379888431480255826924891015663899125213905598169462222954592960069004912796133592849744	4162	1,0,0,0,0,0,0,0,0,0,0,0	12,0,0,0,0	ok
-1.475976	-31.911912	-45.648285	0.856796	continued:5	37382954118278832773895244218236686338908646550437400502358118064530753024550062640906067170928616739335301863382037085201145976272239453658981262846128190508219395966448887917209180943430756816360954021114299567022365062772435248416767806761100190036690064717673340372096023135699535289470684125303415166379888431480255826924891015663899125213905598169462222954592960069004912796133592849744	4162	1,0,0,0,0,0,0,0,0,0,0,0	12,0,0,0,0	ok
-1.474975	-31.911912	-46.119631	0.855419	continued:5	37382954118278832773895244218236686338908646550437400502358118064530753024550062640906067170928616739335301863382037085201145976272239453658981262846128190508219395966448887917209180943430756816360954021114299567022365062772435248416767806761100190036690064717673340372096023135699535289470684125303415166379888431480255826924891015663899125213905598169462222954592960069004912796133592849744	4162	1,0,0,0,0,0,0,0,0,0,0,0	12,0,0,0,0	ok
-1.473974	-31.911912	-46.576494	0.854376	continued:5	37382954118278832773895244218236686338908646550437400502358118064530753024550062640906067170928616739335301863382037085201145976272239453658981262846128190508219395966448887917209180943430756816360954021114299567022365062772435248416767806761100190036690064717673340372096023135699535289470684125303415166379888431480255826924891015663899125213905598169462222954592960069004912796133592849744	4162	1,0,0,0,0,0,0,0,0,0,0,0	12,0,0,0,0	ok
-1.472973	-31.911912	-47.014741	0.853668	continued:5	37382954118278832773895244218236686338908646550437400502358118064530753024550062640906067170928616739335301863382037085201145976272239453658981262846128190508219395966448887917209180943430756816360954021114299567022365062772435248416767806761100190036690064717673340372096023135699535289470684125303415166379888431480255826924891015663899125213905598169462222954592960069004912796133592849744	4162	1,0,0,0,0,0,0,0,0,0,0,0	12,0,0,0,0	ok
-1.471972	-31.911912	-47.429996	0.853835	full	37382954118278832773895244218236686338908646550437400502358118064530753024550062640906067170928616739335301863382037085201145976272239453658981262846128190508219395966448887917209180943430756816360954021114299567022365062772435248416767806761100190036690064717673340372096023135699535289470684125303415166379888431480255826924891015663899125213905598169462222954592960069004912796133592849744	4162	1,0,0,0,0,0,0,0,0,0,0,0	12,0,0,0,0	ok
-1.470971	-31.911912	-44.717703	0.861311	continued:5	37382954118278832773895244218236686338908646550437400502358118064530753024550062640906067170928616739335301863382037085201145976272239453658981262846128190508219395966448887917209180943430756816360954021114299567022365062772435248416767806761100190036690064717673340372096023135699535289470684125303415166379888431480255826924891015663899125213905598169462222954592960069004912796133592849744	4162	1,0,0,0,0,0,0,0,0,0,0,0	12,0,0,0,0	ok
-1.469970	-31.911912	-45.192001	0.858518	continued:5	37382954118278832773895244218236686338908646550437400502358118064530753024550062640906067170928616739335301863382037085201145976272239453658981262846128190508219395966448887917209180943430756816360954021114299567022365062772435248416767806761100190036690064717673340372096023135699535289470684125303415166379888431480255826924891015663899125213905598169462222954592960069004912796133592849744	4162	1,0,0,0,0,0,0,0,0,0,0,0	12,0,0,0,0	ok
-1.468969	-31.911912	-45.665955	0.856059	continued:5	37382954118278832773895244218236686338908646550437400502358118064530753024550062640906067170928616739335301863382037085201145976272239453658981262846128190508219395966448887917209180943430756816360954021114299567022365062772435248416767806761100190036690064717673340372096023135699535289470684125303415166379888431480255826924891015663899125213905598169462222954592960069004912796133592849744	4162	1,0,0,0,0,0,0,0,0,0,0,0	12,0,0,0,0	ok
-1.467968	-31.911912	-46.136558	0.854475	continued:5	37382954118278832773895244218236686338908646550437400502358118064530753024550062640906067170928616739335301863382037085201145976272239453658981262846128190508219395966448887917209180943430756816360954021114299567022365062772435248416767806761100190036690064717673340372096023135699535289470684125303415166379888431480255826924891015663899125213905598169462222954592960069004912796133592849744	4162	1,0,0,0,0,0,0,0,0,0,0,0	12,0,0,0,0	ok
-1.466967	-31.911912	-46.594320	0.853560	continued:5	37382954118278832773895244218236686338908646550437400502358118064530753024550062640906067170928616739335301863382037085201145976272239453658981262846128190508219395966448887917209180943430756816360954021114299567022365062772435248416767806761100190036690064717673340372096023135699535289470684125303415166379888431480255826924891015663899125213905598169462222954592960069004912796133592849744	4162	1,0,0,0,0,0,0,0,0,0,0,0	12,0,0,0,0	ok
-1.465966	-31.911912	-47.031816	0.853187	continued:5	37382954118278832773895244218236686338908646550437400502358118064530753024550062640906067170928616739335301863382037085201145976272239453658981262846128190508219395966448887917209180943430756816352307292933273077419754656235276929745839433974363165395559685648279119233606266845755238958617575685557006721749514772611431919383437239804154797540665120741568766508595097526080989667353268374589	4162	-1,0,0,0,0,0,0,0,0,0,0,0	12,0,0,0,0	ok
-1.464965	-31.911912	-47.443087	0.853019	full	37382954118278832773895244218236686338908646550437400502358118064530753024550062640906067170928616739335301863382037085201145976272239453658981262846128190508219395966448887917209180943430756816360954021114299567022365062772435248416767806761100190036690064717673340372096023135699535289470684125303415166379888431480255826924891015663899125213905598169462222954592960069004912796133592849744	4162	1,0,0,0,0,0,0,0,0,0,0,0	12,0,0,0,0	ok
-1.463964	-31.911912	-44.737367	0.860621	continued:5	37382954118278832773895244218236686338908646550437400502358118064530753024550062640906067170928616739335301863382037085201145976272239453658981262846128190508219395966448887917209180943430756816360954021114299567022365062772435248416767806761100190036690064717673340372096023135699535289470684125303415166379888431480255826924891015663899125213905598169462222954592960069004912796133592849744	4162	1,0,0,0,0,0,0,0,0,0,0,0	12,0,0,0,0	ok
-1.462963	-31.911912	-45.210862	0.857828	continued:5	37382954118278832773895244218236686338908646550437400502358118064530753024550062640906067170928616739335301863382037085201145976272239453658981262846128190508219395966448887917209180943430756816360954021114299567022365062772435248416767806761100190036690064717673340372096023135699535289470684125303415166379888431480255826924891015663899125213905598169462222954592960069004912796133592849744	4162	1,0,0,0,0,0,0,0,0,0,0,0	12,0,0,0,0	ok
-1.461962	-31.911912	-45.683827	0.855575	continued:5	37382954118278832773895244218236686338908646550437400502358118064530753024550062640906067170928616739335301863382037085201145976272239453658981262846128190508219395966448887917209180943430756816360954021114299567022365062772435248416767806761100190036690064717673340372096023135699535289470684125303415166379888431480255826924891015663899125213905598169462222954592960069004912796133592849744	4162	1,0,0,0,0,0,0,0,0,0,0,0	12,0,0,0,0	ok
-1.460961	-31.911912	-46.151164	0.853785	continued:5	37382954118278832773895244218236686338908646550437400502358118064530753024550062640906067170928616739335301863382037085201145976272239453658981262846128190508219395966448887917209180943430756816360954021114299567022365062772435248416767806761100190036690064717673340372096023135699535289470684125303415166379888431480255826924891015663899125213905598169462222954592960069004912796133592849744	4162	1,0,0,0,0,0,0,0,0,0,0,0	12,0,0,0,0	ok
-1.459960	-31.911912	-46.607556	0.852742	continued:5	37382954118278832773895244218236686338908646550437400502358118064530753024550062640906067170928616739335301863382037085201145976272239453658981262846128190508219395966448887917209180943430756816360954021114299567022365062772435248416767806761100190036690064717673340372096023135699535289470684125303415166379888431480255826924891015663899125213905598169462222954592960069004912796133592849744	4162	1,0,0,0,0,0,0,0,0,0,0,0	12,0,0,0,0	ok
-1.458959	-31.911912	-47.044593	0.852241	continued:5	37382954118278832773895244218236686338908646550437400502358118064530753024550062640906067170928616739335301863382037085201145976272239453658981262846128190508219395966448887917209180943430756816360954021114299567022365062772435248416767806761100190036690064717673340372096023135699535289470684125303415166379888431480255826924891015663899125213905598169462222954592960069004912796133592849744	4162	1,0,0,0,0,0,0,0,0,0,0,0	12,0,0,0,0	ok
-1.457958	-31.911912	-47.456186	0.852201	full	37382954118278832773895244218236686338908646550437400502358118064530753024550062640906067170928616739335301863382037085201145976272239453658981262846128190508219395966448887917209180943430756816352307292933273077419754656235276929745839433974363165395559685648279119233606266845755238958617575685557006721749514772611431919383437239804154797540665120741568766508595097526080989667353268374589	4162	-1,0,0,0,0,0,0,0,0,0,0,0	12,0,0,0,0	ok
-1.456957	-31.911912	-44.751951	0.859803	continued:5	37382954118278832773895244218236686338908646550437400502358118064530753024550062640906067170928616739335301863382037085201145976272239453658981262846128190508219395966448887917209180943430756816360954021114299567022365062772435248416767806761100190036690064717673340372096023135699535289470684125303415166379888431480255826924891015663899125213905598169462222954592960069004912796133592849744	4162	1,0,0,0,0,0,0,0,0,0,0,0	12,0,0,0,0	ok
-1.455956	-31.911912	-45.226335	0.857010	continued:5	37382954118278832773895244218236686338908646550437400502358118064530753024550062640906067170928616739335301863382037085201145976272239453658981262846128190508219395966448887917209180943430756816360954021114299567022365062772435248416767806761100190036690064717673340372096023135699535289470684125303415166379888431480255826924891015663899125213905598169462222954592960069004912796133592849744	4162	1,0,0,0,0,0,0,0,0,0,0,0	12,0,0,0,0	ok
-1.454955	-31.911912	-45.699807	0.854757	continued:5	37382954118278832773895244218236686338908646550437400502358118064530753024550062640906067170928616739335301863382037085201145976272239453658981262846128190508219395966448887917209180943430756816352307292933273077419754656235276929745839433974363165395559685648279119233606266845755238958617575685557006721749514772611431919383437239804154797540665120741568766508595097526080989667353268374589	4162	-1,0,0,0,0,0,0,0,0,0,0,0	12,0,0,0,0	ok
-1.453954	-31.911912	-46.167260	0.852967	continued:5	37382954118278832773895244218236686338908646550437400502358118064530753024550062640906067170928616739335301863382037085201145976272239453658981262846128190508219395966448887917209180943430756816352307292933273077419754656235276929745839433974363165395559685648279119233606266845755238958617575685557006721749514772611431919383437239804154797540665120741568766508595097526080989667353268374589	4162	-1,0,0,0,0,0,0,0,0,0,0,0	12,0,0,0,0	ok
-1.452953	-31.911912	-46.623378	0.851925	continued:5	37382954118278832773895244218236686338908646550437400502358118064530753024550062640906067170928616739335301863382037085201145976272239453658981262846128190508219395966448887917209180943430756816352307292933273077419754656235276929745839433974363165395559685648279119233606266845755238958617575685557006721749514772611431919383437239804154797540665120741568766508595097526080989667353268374589	4162	-1,0,0,0,0,0,0,0,0,0,0,0	12,0,0,0,0	ok
-1.451952	-31.911912	-47.059774	0.851551	continued:5	37382954118278832773895244218236686338908646550437400502358118064530753024550062640906067170928616739335301863382037085201145976272239453658981262846128190508219395966448887917209180943430756816352307292933273077419754656235276929745839433974363165395559685648279119233606266845755238958617575685557006721749514772611431919383437239804154797540665120741568766508595097526080989667353268374589	4162	-1,0,0,0,0,0,0,0,0,0,0,0	12,0,0,0,0	ok
-1.450951	-31.911912	-47.469293	0.851384	full	37382954118278832773895244218236686338908646550437400502358118064530753024550062640906067170928616739335301863382037085201145976272239453658981262846128190508219395966448887917209180943430756816352307292933273077419754656235276929745839433974363165395559685648279119233606266845755238958617575685557006721749514772611431919383437239804154797540665120741568766508595097526080989667353268374589	4162	-1,0,0,0,0,0,0,0,0,0,0,0	12,0,0,0,0	ok
-1.449950	-31.911912	-44.764897	0.858983	continued:5	37382954118278832773895244218236686338908646550437400502358118064530753024550062640906067170928616739335301863382037085201145976272239453658981262846128190508219395966448887917209180943430756816352307292933273077419754656235276929745839433974363165395559685648279119233606266845755238958617575685557006721749514772611431919383437239804154797540665120741568766508595097526080989667353268374589	4162	-1,0,0,0,0,0,0,0,0,0,0,0	12,0,0,0,0	ok
-1.448949	-31.911912	-45.240282	0.856190	continued:5	37382954118278832773895244218236686338908646550437400502358118064530753024550062640906067170928616739335301863382037085201145976272239453658981262846128190508219395966448887917209180943430756816352307292933273077419754656235276929745839433974363165395559685648279119233606266845755238958617575685557006721749514772611431919383437239804154797540665120741568766508595097526080989667353268374589	4162	-1,0,0,0,0,0,0,0,0,0,0,0	12,0,0,0,0	ok
-1.447948	-31.911912	-45.714355	0.853937	continued:5	37382954118278832773895244218236686338908646550437400502358118064530753024550062640906067170928616739335301863382037085201145976272239453658981262846128190508219395966448887917209180943430756816352307292933273077419754656235276929745839433974363165395559685648279119233606266845755238958617575685557006721749514772611431919383437239804154797540665120741568766508595097526080989667353268374589	4162	-1,0,0,0,0,0,0,0,0,0,0,0	12,0,0,0,0	ok
-1.446947	-31.911912	-46.182008	0.852147	continued:5	37382954118278832773895244218236686338908646550437400502358118064530753024550062640906067170928616739335301863382037085201145976272239453658981262846128190508219395966448887917209180943430756816352307292933273077419754656235276929745839433974363165395559685648279119233606266845755238958617575685557006721749514772611431919383437239804154797540665120741568766508595097526080989667353268374589	4162	-1,0,0,0,0,0,0,0,0,0,0,0	12,0,0,0,0	ok
-1.445946	-31.911912	-46.637934	0.851105	continued:5	37382954118278832773895244218236686338908646550437400502358118064530753024550062640906067170928616739335301863382037085201145976272239453658981262846128190508219395966448887917209180943430756816352307292933273077419754656235276929745839433974363165395559685648279119233606266845755238958617575685557006721749514772611431919383437239804154797540665120741568766508595097526080989667353268374589	4162	-1,0,0,0,0,0,0,0,0,0,0,0	12,0,0,0,0	ok
-1.444945	-31.911912	-47.073772	0.850731	continued:5	37382954118278832773895244218236686338908646550437400502358118064530753024550062640906067170928616739335301863382037085201145976272239453658981262846128190508219395966448887917209180943430756816352307292933273077419754656235276929745839433974363165395559685648279119233606266845755238958617575685557006721749514772611431919383437239804154797540665120741568766508595097526080989667353268374589	4162	-1,0,0,0,0,0,0,0,0,0,0,0	12,0,0,0,0	ok
-1.443944	-31.911912	-47.482410	0.850564	full	37382954118278832773895244218236686338908646550437400502358118064530753024550062640906067170928616739335301863382037085201145976272239453658981262846128190508219395966448887917209180943430756816352307292933273077419754656235276929745839433974363165395559685648279119233606266845755238958617575685557006721749514772611431919383437239804154797540665120741568766508595097526080989667353268374589	4162	-1,0,0,0,0,0,0,0,0,0,0,0	12,0,0,0,0	ok
-1.442943	-31.911912	-44.778176	0.858166	continued:5	37382954118278832773895244218236686338908646550437400502358118064530753024550062640906067170928616739335301863382037085201145976272239453658981262846128190508219395966448887917209180943430756816352307292933273077419754656235276929745839433974363165395559685648279119233606266845755238958617575685557006721749514772611431919383437239804154797540665120741568766508595097526080989667353268374589	4162	-1,0,0,0,0,0,0,0,0,0,0,0	12,0,0,0,0	ok
-1.441942	-31.911912	-45.254496	0.855373	continued:5	37382954118278832773895244218236686338908646550437400502358118064530753024550062640906067170928616739335301863382037085201145976272239453658981262846128190508219395966448887917209180943430756816352307292933273077419754656235276929745839433974363165395559685648279119233606266845755238958617575685557006721749514772611431919383437239804154797540665120741568766508595097526080989667353268374589	4162	-1,0,0,0,0,0,0,0,0,0,0,0	12,0,0,0,0	ok
-1.440941	-31.911912	-45.729109	0.853120	continued:5	37382954118278832773895244218236686338908646550437400502358118064530753024550062640906067170928616739335301863382037085201145976272239453658981262846128190508219395966448887917209180943430756816352307292933273077419754656235276929745839433974363165395559685648279119233606266845755238958617575685557006721749514772611431919383437239804154797540665120741568766508595097526080989667353268374589	4162	-1,0,0,0,0,0,0,0,0,0,0,0	12,0,0,0,0	ok
-1.439940	-31.911912	-46.196906	0.851330	continued:5	37382954118278832773895244218236686338908646550437400502358118064530753024550062640906067170928616739335301863382037085201145976272239453658981262846128190508219395966448887917209180943430756816352307292933273077419754656235276929745839433974363165395559685648279119233606266845755238958617575685557006721749514772611431919383437239804154797540665120741568766508595097526080989667353268374589	4162	-1,0,0,0,0,0,0,0,0,0,0,0	12,0,0,0,0	ok
-1.438939	-31.911912	-46.652589	0.850288	continued:5	37382954118278832773895244218236686338908646550437400502358118064530753024550062640906067170928616739335301863382037085201145976272239453658981262846128190508219395966448887917209180943430756816352307292933273077419754656235276929745839433974363165395559685648279119233606266845755238958617575685557006721749514772611431919383437239804154797540665120741568766508595097526080989667353268374589	4162	-1,0,0,0,0,0,0,0,0,0,0,0	12,0,0,0,0	ok
-1.437938	-31.911912	-47.087821	0.849914	continued:5	37382954118278832773895244218236686338908646550437400502358118064530753024550062640906067170928616739335301863382037085201145976272239453658981262846128190508219395966448887917209180943430756816352307292933273077419754656235276929745839433974363165395559685648279119233606266845755238958617575685557006721749514772611431919383437239804154797540665120741568766508595097526080989667353268374589	4162	-1,0,0,0,0,0,0,0,0,0,0,0	12,0,0,0,0	ok
-1.436937	-31.911912	-47.495537	0.849747	full	37382954118278832773895244218236686338908646550437400502358118064530753024550062640906067170928616739335301863382037085201145976272239453658981262846128190508219395966448887917209180943430756816352307292933273077419754656235276929745839433974363165395559685648279119233606266845755238958617575685557006721749514772611431919383437239804154797540665120741568766508595097526080989667353268374589	4162	-1,0,0,0,0,0,0,0,0,0,0,0	12,0,0,0,0	ok
-1.435936	-31.911912	-44.791407	0.857346	continued:5	37382954118278832773895244218236686338908646550437400502358118064530753024550062640906067170928616739335301863382037085201145976272239453658981262846128190508219395966448887917209180943430756816352307292933273077419754656235276929745839433974363165395559685648279119233606266845755238958617575685557006721749514772611431919383437239804154797540665120741568766508595097526080989667353268374589	4162	-1,0,0,0,0,0,0,0,0,0,0,0	12,0,0,0,0	ok
-1.434935	-31.911912	-45.268676	0.854553	continued:5	37382954118278832773895244218236686338908646550437400502358118064530753024550062640906067170928616739335301863382037085201145976272239453658981262846128190508219395966448887917209180943430756816352307292933273077419754656235276929745839433974363165395559685648279119233606266845755238958617575685557006721749514772611431919383437239804154797540665120741568766508595097526080989667353268374589	4162	-1,0,0,0,0,0,0,0,0,0,0,0	12,0,0,0,0	ok
-1.433934	-31.911912	-45.743841	0.852301	continued:5	37382954118278832773895244218236686338908646550437400502358118064530753024550062640906067170928616739335301863382037085201145976272239453658981262846128190508219395966448887917209180943430756816352307292933273077419754656235276929745839433974363165395559685648279119233606266845755238958617575685557006721749514772611431919383437239804154797540665120741568766508595097526080989667353268374589	4162	-1,0,0,0,0,0,0,0,0,0,0,0	12,0,0,0,0	ok
-1.432933	-31.911912	-46.211791	0.850510	continued:5	37382954118278832773895244218236686338908646550437400502358118064530753024550062640906067170928616739335301863382037085201145976272239453658981262846128190508219395966448887917209180943430756816352307292933273077419754656235276929745839433974363165395559685648279119233606266845755238958617575685557006721749514772611431919383437239804154797540665120741568766508595097526080989667353268374589	4162	-1,0,0,0,0,0,0,0,0,0,0,0	12,0,0,0,0	ok
-1.431932	-31.911912	-46.667238	0.849468	continued:5	37382954118278832773895244218236686338908646550437400502358118064530753024550062640906067170928616739335301863382037085201145976272239453658981262846128190508219395966448887917209180943430756816352307292933273077419754656235276929745839433974363165395559685648279119233606266845755238958617575685557006721749514772611431919383437239804154797540665120741568766508595097526080989667353268374589	4162	-1,0,0,0,0,0,0,0,0,0,0,0	12,0,0,0,0	ok
-1.430931	-31.911912	-47.101872	0.849094	continued:5	37382954118278832773895244218236686338908646550437400502358118064530753024550062640906067170928616739335301863382037085201145976272239453658981262846128190508219395966448887917209180943430756816352307292933273077419754656235276929745839433974363165395559685648279119233606266845755238958617575685557006721749514772611431919383437239804154797540665120741568766508595097526080989667353268374589	4162	-1,0,0,0,0,0,0,0,0,0,0,0	12,0,0,0,0	ok
-1.429930	-31.911912	-47.508673	0.848927	full	37382954118278832773895244218236686338908646550437400502358118064530753024550062640906067170928616739335301863382037085201145976272239453658981262846128190508219395966448887917209180943430756816352307292933273077419754656235276929745839433974363165395559685648279119233606266845755238958617575685557006721749514772611431919383437239804154797540665120741568766508595097526080989667353268374589	4162	-1,0,0,0,0,0,0,0,0,0,0,0	12,0,0,0,0	ok
-1.428929	-31.911912	-44.804715	0.856526	continued:5	37382954118278832773895244218236686338908646550437400502358118064530753024550062640906067170928616739335301863382037085201145976272239453658981262846128190508219395966448887917209180943430756816352307292933273077419754656235276929745839433974363165395559685648279119233606266845755238958617575685557006721749514772611431919383437239804154797540665120741568766508595097526080989667353268374589	4162	-1,0,0,0,0,0,0,0,0,0,0,0	12,0,0,0,0	ok
-1.427928	-31.911912	-45.282922	0.853733	continued:5	37382954118278832773895244218236686338908646550437400502358118064530753024550062640906067170928616739335301863382037085201145976272239453658981262846128190508219395966448887917209180943430756816352307292933273077419754656235276929745839433974363165395559685648279119233606266845755238958617575685557006721749514772611431919383437239804154797540665120741568766508595097526080989667353268374589	4162	-1,0,0,0,0,0,0,0,0,0,0,0	12,0,0,0,0	ok
-1.426927	-31.911912	-45.758627	0.851480	continued:5	37382954118278832773895244218236686338908646550437400502358118064530753024550062640906067170928616739335301863382037085201145976272239453658981262846128190508219395966448887917209180943430756816352307292933273077419754656235276929745839433974363165395559685648279119233606266845755238958617575685557006721749514772611431919383437239804154797540665120741568766508595097526080989667353268374589	4162	-1,0,0,0,0,0,0,0,0,0,0,0	12,0,0,0,0	ok
-1.425926	-31.911912	-46.226717	0.849690	continued:5	37382954118278832773895244218236686338908646550437400502358118064530753024550062640906067170928616739335301863382037085201145976272239453658981262846128190508219395966448887917209180943430756816352307292933273077419754656235276929745839433974363165395559685648279119233606266845755238958617575685557006721749514772611431919383437239804154797540665120741568766508595097526080989667353268374589	4162	-1,0,0,0,0,0,0,0,0,0,0,0	12,0,0,0,0	ok
-1.424925	-31.911912	-46.681916	0.848647	continued:5	37382954118278832773895244218236686338908646550437400502358118064530753024550062640906067170928616739335301863382037085201145976272239453658981262846128190508219395966448887917209180943430756816352307292933273077419754656235276929745839433974363165395559685648279119233606266845755238958617575685557006721749514772611431919383437239804154797540665120741568766508595097526080989667353268374589	4162	-1,0,0,0,0,0,0,0,0,0,0,0	12,0,0,0,0	ok
-1.423924	-31.911912	-47.115942	0.848274	continued:5	37382954118278832773895244218236686338908646550437400502358118064530753024550062640906067170928616739335301863382037085201145976272239453658981262846128190508219395966448887917209180943430756816352307292933273077419754656235276929745839433974363165395559685648279119233606266845755238958617575685557006721749514772611431919383437239804154797540665120741568766508595097526080989667353268374589	4162	-1,0,0,0,0,0,0,0,0,0,0,0	12,0,0,0,0	ok
-1.422923	-31.911912	-47.521819	0.848106	full	37382954118278832773895244218236686338908646550437400502358118064530753024550062640906067170928616739335301863382037085201145976272239453658981262846128190508219395966448887917209180943430756816352307292933273077419754656235276929745839433974363165395559685648279119233606266845755238958617575685557006721749514772611431919383437239804154797540665120741568766508595097526080989667353268374589	4162	-1,0,0,0,0,0,0,0,0,0,0,0	12,0,0,0,0	ok
-1.421922	-31.911912	-44.818428	0.855709	continued:5	37382954118278832773895244218236686338908646550437400502358118064530753024550062640906067170928616739335301863382037085201145976272239453658981262846128190508219395966448887917209180943430756816352307292933273077419754656235276929745839433974363165395559685648279119233606266845755238958617575685557006721749514772611431919383437239804154797540665120741568766508595097526080989667353268374589	4162	-1,0,0,0,0,0,0,0,0,0,0,0	12,0,0,0,0	ok
-1.420921	-31.911912	-45.297491	0.852916	continued:5	37382954118278832773895244218236686338908646550437400502358118064530753024550062640906067170928616739335301863382037085201145976272239453658981262846128190508219395966448887917209180943430756816352307292933273077419754656235276929745839433974363165395559685648279119233606266845755238958617575685557006721749514772611431919383437239804154797540665120741568766508595097526080989667353268374589	4162	-1,0,0,0,0,0,0,0,0,0,0,0	12,0,0,0,0	ok
-1.419920	-31.911912	-45.773660	0.850664	continued:5	37382954118278832773895244218236686338908646550437400502358118064530753024550062640906067170928616739335301863382037085201145976272239453658981262846128190508219395966448887917209180943430756816352307292933273077419754656235276929745839433974363165395559685648279119233606266845755238958617575685557006721749514772611431919383437239804154797540665120741568766508595097526080989667353268374589	4162	-1,0,0,0,0,0,0,0,0,0,0,0	12,0,0,0,0	ok
-1.418919	-31.911912	-46.241823	0.848873	continued:5	37382954118278832773895244218236686338908646550437400502358118064530753024550062640906067170928616739335301863382037085201145976272239453658981262846128190508219395966448887917209180943430756816352307292933273077419754656235276929745839433974363165395559685648279119233606266845755238958617575685557006721749514772611431919383437239804154797540665120741568766508595097526080989667353268374589	4162	-1,0,0,0,0,0,0,0,0,0,0,0	12,0,0,0,0	ok
-1.417918	-31.911912	-46.696711	0.847831	continued:5	37382954118278832773895244218236686338908646550437400502358118064530753024550062640906067170928616739335301863382037085201145976272239453658981262846128190508219395966448887917209180943430756816352307292933273077419754656235276929745839433974363165395559685648279119233606266845755238958617575685557006721749514772611431919383437239804154797540665120741568766508595097526080989667353268374589	4162	-1,0,0,0,0,0,0,0,0,0,0,0	12,0,0,0,0	ok
-1.416917	-31.911912	-47.130072	0.847457	continued:5	37382954118278832773895244218236686338908646550437400502358118064530753024550062640906067170928616739335301863382037085201145976272239453658981262846128190508219395966448887917209180943430756816352307292933273077419754656235276929745839433974363165395559685648279119233606266845755238958617575685557006721749514772611431919383437239804154797540665120741568766508595097526080989667353268374589	4162	-1,0,0,0,0,0,0,0,0,0,0,0	12,0,0,0,0	ok
-1.415916	-31.911912	-47.534976	0.847290	full	37382954118278832773895244218236686338908646550437400502358118064530753024550062640906067170928616739335301863382037085201145976272239453658981262846128190508219395966448887917209180943430756816352307292933273077419754656235276929745839433974363165395559685648279119233606266845755238958617575685557006721749514772611431919383437239804154797540665120741568766508595097526080989667353268374589	4162	-1,0,0,0,0,0,0,0,0,0,0,0	12,0,0,0,0	ok
-1.414915	-31.911912	-44.832095	0.854890	continued:5	37382954118278832773895244218236686338908646550437400502358118064530753024550062640906067170928616739335301863382037085201145976272239453658981262846128190508219395966448887917209180943430756816352307292933273077419754656235276929745839433974363165395559685648279119233606266845755238958617575685557006721749514772611431919383437239804154797540665120741568766508595097526080989667353268374589	4162	-1,0,0,0,0,0,0,0,0,0,0,0	12,0,0,0,0	ok
-1.413914	-31.911912	-45.312028	0.852097	continued:5	37382954118278832773895244218236686338908646550437400502358118064530753024550062640906067170928616739335301863382037085201145976272239453658981262846128190508219395966448887917209180943430756816352307292933273077419754656235276929745839433974363165395559685648279119233606266845755238958617575685557006721749514772611431919383437239804154797540665120741568766508595097526080989667353268374589	4162	-1,0,0,0,0,0,0,0,0,0,0,0	12,0,0,0,0	ok
-1.412913	-31.911912	-45.788673	0.849844	continued:5	37382954118278832773895244218236686338908646550437400502358118064530753024550062640906067170928616739335301863382037085201145976272239453658981262846128190508219395966448887917209180943430756816352307292933273077419754656235276929745839433974363165395559685648279119233606266845755238958617575685557006721749514772611431919383437239804154797540665120741568766508595097526080989667353268374589	4162	-1,0,0,0,0,0,0,0,0,0,0,0	12,0,0,0,0	ok
-1.411912	-31.911912	-46.256917	0.848054	continued:5	37382954118278832773895244218236686338908646550437400502358118064530753024550062640906067170928616739335301863382037085201145976272239453658981262846128190508219395966448887917209180943430756816352307292933273077419754656235276929745839433974363165395559685648279119233606266845755238958617575685557006721749514772611431919383437239804154797540665120741568766508595097526080989667353268374589	4162	-1,0,0,0,0,0,0,0,0,0,0,0	12,0,0,0,0	ok
-1.410911	-31.911912	-46.711502	0.847011	continued:5	37382954118278832773895244218236686338908646550437400502358118064530753024550062640906067170928616739335301863382037085201145976272239453658981262846128190508219395966448887917209180943430756816352307292933273077419754656235276929745839433974363165395559685648279119233606266845755238958617575685557006721749514772611431919383437239804154797540665120741568766508595097526080989667353268374589	4162	-1,0,0,0,0,0,0,0,0,0,0,0	12,0,0,0,0	ok
-1.409910	-31.911912	-47.144205	0.846638	continued:5	37382954118278832773895244218236686338908646550437400502358118064530753024550062640906067170928616739335301863382037085201145976272239453658981262846128190508219395966448887917209180943430756816352307292933273077419754656235276929745839433974363165395559685648279119233606266845755238958617575685557006721749514772611431919383437239804154797540665120741568766508595097526080989667353268374589	4162	-1,0,0,0,0,0,0,0,0,0,0,0	12,0,0,0,0	ok
-1.408909	-31.911912	-47.548144	0.846470	full	37382954118278832773895244218236686338908646550437400502358118064530753024550062640906067170928616739335301863382037085201145976272239453658981262846128190508219395966448887917209180943430756816352307292933273077419754656235276929745839433974363165395559685648279119233606266845755238958617575685557006721749514772611431919383437239804154797540665120741568766508595097526080989667353268374589	4162	-1,0,0,0,0,0,0,0,0,0,0,0	12,0,0,0,0	ok
-1.407908	-31.911912	-44.845661	0.854067	continued:5	37382954118278832773895244218236686338908646550437400502358118064530753024550062640906067170928616739335301863382037085201145976272239453658981262846128190508219395966448887917209180943430756816352307292933273077419754656235276929745839433974363165395559685648279119233606266845755238958617575685557006721749514772611431919383437239804154797540665120741568766508595097526080989667353268374589	4162	-1,0,0,0,0,0,0,0,0,0,0,0	12,0,0,0,0	ok
-1.406907	-31.911912	-45.326491	0.851274	continued:5	37382954118278832773895244218236686338908646550437400502358118064530753024550062640906067170928616739335301863382037085201145976272239453658981262846128190508219395966448887917209180943430756816352307292933273077419754656235276929745839433974363165395559685648279119233606266845755238958617575685557006721749514772611431919383437239804154797540665120741568766508595097526080989667353268374589	4162	-1,0,0,0,0,0,0,0,0,0,0,0	12,0,0,0,0	ok
-1.405906	-31.911912	-45.803633	0.849022	continued:5	37382954118278832773895244218236686338908646550437400502358118064530753024550062640906067170928616739335301863382037085201145976272239453658981262846128190508219395966448887917209180943430756816352307292933273077419754656235276929745839433974363165395559685648279119233606266845755238958617575685557006721749514772611431919383437239804154797540665120741568766508595097526080989667353268374589	4162	-1,0,0,0,0,0,0,0,0,0,0,0	12,0,0,0,0	ok
-1.404905	-31.911912	-46.271976	0.847231	continued:5	37382954118278832773895244218236686338908646550437400502358118064530753024550062640906067170928616739335301863382037085201145976272239453658981262846128190508219395966448887917209180943430756816352307292933273077419754656235276929745839433974363165395559685648279119233606266845755238958617575685557006721749514772611431919383437239804154797540665120741568766508595097526080989667353268374589	4162	-1,0,0,0,0,0,0,0,0,0,0,0	12,0,0,0,0	ok
-1.403904	-31.911912	-46.726274	0.846189	continued:5	37382954118278832773895244218236686338908646550437400502358118064530753024550062640906067170928616739335301863382037085201145976272239453658981262846128190508219395966448887917209180943430756816352307292933273077419754656235276929745839433974363165395559685648279119233606266845755238958617575685557006721749514772611431919383437239804154797540665120741568766508595097526080989667353268374589	4162	-1,0,0,0,0,0,0,0,0,0,0,0	12,0,0,0,0	ok
-1.402903	-31.911912	-47.158335	0.845815	continued:5	37382954118278832773895244218236686338908646550437400502358118064530753024550062640906067170928616739335301863382037085201145976272239453658981262846128190508219395966448887917209180943430756816352307292933273077419754656235276929745839433974363165395559685648279119233606266845755238958617575685557006721749514772611431919383437239804154797540665120741568766508595097526080989667353268374589	4162	-1,0,0,0,0,0,0,0,0,0,0,0	12,0,0,0,0	ok
-1.401902	-31.911912	-47.561322	0.845648	full	37382954118278832773895244218236686338908646550437400502358118064530753024550062640906067170928616739335301863382037085201145976272239453658981262846128190508219395966448887917209180943430756816352307292933273077419754656235276929745839433974363165395559685648279119233606266845755238958617575685557006721749514772611431919383437239804154797540665120741568766508595097526080989667353268374589	4162	-1,0,0,0,0,0,0,0,0,0,0,0	12,0,0,0,0	ok
-1.400901	-31.911912	-44.859265	0.853243	continued:5	37382954118278832773895244218236686338908646550437400502358118064530753024550062640906067170928616739335301863382037085201145976272239453658981262846128190508219395966448887917209180943430756816352307292933273077419754656235276929745839433974363165395559685648279119233606266845755238958617575685557006721749514772611431919383437239804154797540665120741568766508595097526080989667353268374589	4162	-1,0,0,0,0,0,0,0,0,0,0,0	12,0,0,0,0	ok
-1.399900	-31.911912	-45.340988	0.850450	continued:5	37382954118278832773895244218236686338908646550437400502358118064530753024550062640906067170928616739335301863382037085201145976272239453658981262846128190508219395966448887917209180943430756816352307292933273077419754656235276929745839433974363165395559685648279119233606266845755238958617575685557006721749514772611431919383437239804154797540665120741568766508595097526080989667353268374589	4162	-1,0,0,0,0,0,0,0,0,0,0,0	12,0,0,0,0	ok
-1.398899	-31.911912	-45.818624	0.848198	continued:5	37382954118278832773895244218236686338908646550437400502358118064530753024550062640906067170928616739335301863382037085201145976272239453658981262846128190508219395966448887917209180943430756816352307292933273077419754656235276929745839433974363165395559685648279119233606266845755238958617575685557006721749514772611431919383437239804154797540665120741568766508595097526080989667353268374589	4162	-1,0,0,0,0,0,0,0,0,0,0,0	12,0,0,0,0	ok
-1.397898	-31.911912	-46.287060	0.846408	continued:5	37382954118278832773895244218236686338908646550437400502358118064530753024550062640906067170928616739335301863382037085201145976272239453658981262846128190508219395966448887917209180943430756816352307292933273077419754656235276929745839433974363165395559685648279119233606266845755238958617575685557006721749514772611431919383437239804154797540665120741568766508595097526080989667353268374589	4162	-1,0,0,0,0,0,0,0,0,0,0,0	12,0,0,0,0	ok
-1.396897	-31.911912	-46.741065	0.845365	continued:5	37382954118278832773895244218236686338908646550437400502358118064530753024550062640906067170928616739335301863382037085201145976272239453658981262846128190508219395966448887917209180943430756816352307292933273077419754656235276929745839433974363165395559685648279119233606266845755238958617575685557006721749514772611431919383437239804154797540665120741568766508595097526080989667353268374589	4162	-1,0,0,0,0,0,0,0,0,0,0,0	12,0,0,0,0	ok
-1.395896	-31.911912	-47.172479	0.844991	continued:5	37382954118278832773895244218236686338908646550437400502358118064530753024550062640906067170928616739335301863382037085201145976272239453658981262846128190508219395966448887917209180943430756816352307292933273077419754656235276929745839433974363165395559685648279119233606266845755238958617575685557006721749514772611431919383437239804154797540665120741568766508595097526080989667353268374589	4162	-1,0,0,0,0,0,0,0,0,0,0,0	12,0,0,0,0	ok
-1.394895	-31.911912	-47.574513	0.844824	full	37382954118278832773895244218236686338908646550437400502358118064530753024550062640906067170928616739335301863382037085201145976272239453658981262846128190508219395966448887917209180943430756816352307292933273077419754656235276929745839433974363165395559685648279119233606266845755238958617575685557006721749514772611431919383437239804154797540665120741568766508595097526080989667353268374589	4162	-1,0,0,0,0,0,0,0,0,0,0,0	12,0,0,0,0	ok
-1.393894	-31.911912	-44.873280	0.852423	continued:5	37382954118278832773895244218236686338908646550437400502358118064530753024550062640906067170928616739335301863382037085201145976272239453658981262846128190508219395966448887917209180943430756816352307292933273077419754656235276929745839433974363165395559685648279119233606266845755238958617575685557006721749514772611431919383437239804154797540665120741568766508595097526080989667353268374589	4162	-1,0,0,0,0,0,0,0,0,0,0,0	12,0,0,0,0	ok
-1.392893	-31.911912	-45.355813	0.849630	continued:5	37382954118278832773895244218236686338908646550437400502358118064530753024550062640906067170928616739335301863382037085201145976272239453658981262846128190508219395966448887917209180943430756816352307292933273077419754656235276929745839433974363165395559685648279119233606266845755238958617575685557006721749514772611431919383437239804154797540665120741568766508595097526080989667353268374589	4162	-1,0,0,0,0,0,0,0,0,0,0,0	12,0,0,0,0	ok
-1.391892	-31.911912	-45.833866	0.847378	continued:5	37382954118278832773895244218236686338908646550437400502358118064530753024550062640906067170928616739335301863382037085201145976272239453658981262846128190508219395966448887917209180943430756816352307292933273077419754656235276929745839433974363165395559685648279119233606266845755238958617575685557006721749514772611431919383437239804154797540665120741568766508595097526080989667353268374589	4162	-1,0,0,0,0,0,0,0,0,0,0,0	12,0,0,0,0	ok
-1.390891	-31.911912	-46.302326	0.845587	continued:5	37382954118278832773895244218236686338908646550437400502358118064530753024550062640906067170928616739335301863382037085201145976272239453658981262846128190508219395966448887917209180943430756816352307292933273077419754656235276929745839433974363165395559685648279119233606266845755238958617575685557006721749514772611431919383437239804154797540665120741568766508595097526080989667353268374589	4162	-1,0,0,0,0,0,0,0,0,0,0,0	12,0,0,0,0	ok
-1.389890	-31.911912	-46.755975	0.844545	continued:5	37382954118278832773895244218236686338908646550437400502358118064530753024550062640906067170928616739335301863382037085201145976272239453658981262846128190508219395966448887917209180943430756816352307292933273077419754656235276929745839433974363165395559685648279119233606266845755238958617575685557006721749514772611431919383437239804154797540665120741568766508595097526080989667353268374589	4162	-1,0,0,0,0,0,0,0,0,0,0,0	12,0,0,0,0	ok
-1.388889	-31.911912	-47.186684	0.844171	continued:5	37382954118278832773895244218236686338908646550437400502358118064530753024550062640906067170928616739335301863382037085201145976272239453658981262846128190508219395966448887917209180943430756816352307292933273077419754656235276929745839433974363165395559685648279119233606266845755238958617575685557006721749514772611431919383437239804154797540665120741568766508595097526080989667353268374589	4162	-1,0,0,0,0,0,0,0,0,0,0,0	12,0,0,0,0	ok
-1.387888	-31.911912	-47.587714	0.844004	full	37382954118278832773895244218236686338908646550437400502358118064530753024550062640906067170928616739335301863382037085201145976272239453658981262846128190508219395966448887917209180943430756816352307292933273077419754656235276929745839433974363165395559685648279119233606266845755238958617575685557006721749514772611431919383437239804154797540665120741568766508595097526080989667353268374589	4162	-1,0,0,0,0,0,0,0,0,0,0,0	12,0,0,0,0	ok
-1.386887	-31.911912	-44.887453	0.851603	continued:5	37382954118278832773895244218236686338908646550437400502358118064530753024550062640906067170928616739335301863382037085201145976272239453658981262846128190508219395966448887917209180943430756816352307292933273077419754656235276929745839433974363165395559685648279119233606266845755238958617575685557006721749514772611431919383437239804154797540665120741568766508595097526080989667353268374589	4162	-1,0,0,0,0,0,0,0,0,0,0,0	12,0,0,0,0	ok
-1.385886	-31.911912	-45.370767	0.848810	continued:5	37382954118278832773895244218236686338908646550437400502358118064530753024550062640906067170928616739335301863382037085201145976272239453658981262846128190508219395966448887917209180943430756816352307292933273077419754656235276929745839433974363165395559685648279119233606266845755238958617575685557006721749514772611431919383437239804154797540665120741568766508595097526080989667353268374589	4162	-1,0,0,0,0,0,0,0,0,0,0,0	12,0,0,0,0	ok
-1.384885	-31.911912	-45.849208	0.846557	continued:5	37382954118278832773895244218236686338908646550437400502358118064530753024550062640906067170928616739335301863382037085201145976272239453658981262846128190508219395966448887917209180943430756816352307292933273077419754656235276929745839433974363165395559685648279119233606266845755238958617575685557006721749514772611431919383437239804154797540665120741568766508595097526080989667353268374589	4162	-1,0,0,0,0,0,0,0,0,0,0,0	12,0,0,0,0	ok
-1.383884	-31.911912	-46.317666	0.844767	continued:5	37382954118278832773895244218236686338908646550437400502358118064530753024550062640906067170928616739335301863382037085201145976272239453658981262846128190508219395966448887917209180943430756816352307292933273077419754656235276929745839433974363165395559685648279119233606266845755238958617575685557006721749514772611431919383437239804154797540665120741568766508595097526080989667353268374589	4162	-1,0,0,0,0,0,0,0,0,0,0,0	12,0,0,0,0	ok
-1.382883	-31.911912	-46.770936	0.843725	continued:5	37382954118278832773895244218236686338908646550437400502358118064530753024550062640906067170928616739335301863382037085201145976272239453658981262846128190508219395966448887917209180943430756816352307292933273077419754656235276929745839433974363165395559685648279119233606266845755238958617575685557006721749514772611431919383437239804154797540665120741568766508595097526080989667353268374589	4162	-1,0,0,0,0,0,0,0,0,0,0,0	12,0,0,0,0	ok
-1.381882	-31.911912	-47.200920	0.843351	continued:5	37382954118278832773895244218236686338908646550437400502358118064530753024550062640906067170928616739335301863382037085201145976272239453658981262846128190508219395966448887917209180943430756816352307292933273077419754656235276929745839433974363165395559685648279119233606266845755238958617575685557006721749514772611431919383437239804154797540665120741568766508595097526080989667353268374589	4162	-1,0,0,0,0,0,0,0,0,0,0,0	12,0,0,0,0	ok
-1.380881	-31.911912	-47.600928	0.843184	full	37382954118278832773895244218236686338908646550437400502358118064530753024550062640906067170928616739335301863382037085201145976272239453658981262846128190508219395966448887917209180943430756816352307292933273077419754656235276929745839433974363165395559685648279119233606266845755238958617575685557006721749514772611431919383437239804154797540665120741568766508595097526080989667353268374589	4162	-1,0,0,0,0,0,0,0,0,0,0,0	12,0,0,0,0	ok
-1.379880	-31.911912	-44.901558	0.850780	continued:5	37382954118278832773895244218236686338908646550437400502358118064530753024550062640906067170928616739335301863382037085201145976272239453658981262846128190508219395966448887917209180943430756816352307292933273077419754656235276929745839433974363165395559685648279119233606266845755238958617575685557006721749514772611431919383437239804154797540665120741568766508595097526080989667353268374589	4162	-1,0,0,0,0,0,0,0,0,0,0,0	12,0,0,0,0	ok
-1.378879	-31.911912	-45.385672	0.847987	continued:5	37382954118278832773895244218236686338908646550437400502358118064530753024550062640906067170928616739335301863382037085201145976272239453658981262846128190508219395966448887917209180943430756816352307292933273077419754656235276929745839433974363165395559685648279119233606266845755238958617575685557006721749514772611431919383437239804154797540665120741568766508595097526080989667353268374589	4162	-1,0,0,0,0,0,0,0,0,0,0,0	12,0,0,0,0	ok
-1.377878	-31.911912	-45.864518	0.845735	continued:5	37382954118278832773895244218236686338908646550437400502358118064530753024550062640906067170928616739335301863382037085201145976272239453658981262846128190508219395966448887917209180943430756816352307292933273077419754656235276929745839433974363165395559685648279119233606266845755238958617575685557006721749514772611431919383437239804154797540665120741568766508595097526080989667353268374589	4162	-1,0,0,0,0,0,0,0,0,0,0,0	12,0,0,0,0	ok
-1.376877	-31.911912	-46.332987	0.843944	continued:5	37382954118278832773895244218236686338908646550437400502358118064530753024550062640906067170928616739335301863382037085201145976272239453658981262846128190508219395966448887917209180943430756816352307292933273077419754656235276929745839433974363165395559685648279119233606266845755238958617575685557006721749514772611431919383437239804154797540665120741568766508595097526080989667353268374589	4162	-1,0,0,0,0,0,0,0,0,0,0,0	12,0,0,0,0	ok
-1.375876	-31.911912	-46.785887	0.842902	continued:5	37382954118278832773895244218236686338908646550437400502358118064530753024550062640906067170928616739335301863382037085201145976272239453658981262846128190508219395966448887917209180943430756816352307292933273077419754656235276929745839433974363165395559685648279119233606266845755238958617575685557006721749514772611431919383437239804154797540665120741568766508595097526080989667353268374589	4162	-1,0,0,0,0,0,0,0,0,0,0,0	12,0,0,0,0	ok
-1.374875	-31.911912	-47.215156	0.842528	continued:5	37382954118278832773895244218236686338908646550437400502358118064530753024550062640906067170928616739335301863382037085201145976272239453658981262846128190508219395966448887917209180943430756816352307292933273077419754656235276929745839433974363165395559685648279119233606266845755238958617575685557006721749514772611431919383437239804154797540665120741568766508595097526080989667353268374589	4162	-1,0,0,0,0,0,0,0,0,0,0,0	12,0,0,0,0	ok
-1.373874	-31.911912	-47.614154	0.842361	full	37382954118278832773895244218236686338908646550437400502358118064530753024550062640906067170928616739335301863382037085201145976272239453658981262846128190508219395966448887917209180943430756816352307292933273077419754656235276929745839433974363165395559685648279119233606266845755238958617575685557006721749514772611431919383437239804154797540665120741568766508595097526080989667353268374589	4162	-1,0,0,0,0,0,0,0,0,0,0,0	12,0,0,0,0	ok
-1.372873	-31.911912	-44.915940	0.849959	continued:5	37382954118278832773895244218236686338908646550437400502358118064530753024550062640906067170928616739335301863382037085201145976272239453658981262846128190508219395966448887917209180943430756816352307292933273077419754656235276929745839433974363165395559685648279119233606266845755238958617575685557006721749514772611431919383437239804154797540665120741568766508595097526080989667353268374589	4162	-1,0,0,0,0,0,0,0,0,0,0,0	12,0,0,0,0	ok
-1.371872	-31.911912	-45.400799	0.847166	continued:5	37382954118278832773895244218236686338908646550437400502358118064530753024550062640906067170928616739335301863382037085201145976272239453658981262846128190508219395966448887917209180943430756816352307292933273077419754656235276929745839433974363165395559685648279119233606266845755238958617575685557006721749514772611431919383437239804154797540665120741568766508595097526080989667353268374589	4162	-1,0,0,0,0,0,0,0,0,0,0,0	12,0,0,0,0	ok
-1.370871	-31.911912	-45.879999	0.844914	continued:5	37382954118278832773895244218236686338908646550437400502358118064530753024550062640906067170928616739335301863382037085201145976272239453658981262846128190508219395966448887917209180943430756816352307292933273077419754656235276929745839433974363165395559685648279119233606266845755238958617575685557006721749514772611431919383437239804154797540665120741568766508595097526080989667353268374589	4162	-1,0,0,0,0,0,0,0,0,0,0,0	12,0,0,0,0	ok
-1.369870	-31.911912	-46.348432	0.843123	continued:5	37382954118278832773895244218236686338908646550437400502358118064530753024550062640906067170928616739335301863382037085201145976272239453658981262846128190508219395966448887917209180943430756816352307292933273077419754656235276929745839433974363165395559685648279119233606266845755238958617575685557006721749514772611431919383437239804154797540665120741568766508595097526080989667353268374589	4162	-1,0,0,0,0,0,0,0,0,0,0,0	12,0,0,0,0	ok
-1.368869	-31.911912	-46.800922	0.842081	continued:5	37382954118278832773895244218236686338908646550437400502358118064530753024550062640906067170928616739335301863382037085201145976272239453658981262846128190508219395966448887917209180943430756816352307292933273077419754656235276929745839433974363165395559685648279119233606266845755238958617575685557006721749514772611431919383437239804154797540665120741568766508595097526080989667353268374589	4162	-1,0,0,0,0,0,0,0,0,0,0,0	12,0,0,0,0	ok
-1.367868	-31.911912	-47.229438	0.841707	continued:5	37382954118278832773895244218236686338908646550437400502358118064530753024550062640906067170928616739335301863382037085201145976272239453658981262846128190508219395966448887917209180943430756816352307292933273077419754656235276929745839433974363165395559685648279119233606266845755238958617575685557006721749514772611431919383437239804154797540665120741568766508595097526080989667353268374589	4162	-1,0,0,0,0,0,0,0,0,0,0,0	12,0,0,0,0	ok
-1.366867	-31.911912	-47.627392	0.841540	full	37382954118278832773895244218236686338908646550437400502358118064530753024550062640906067170928616739335301863382037085201145976272239453658981262846128190508219395966448887917209180943430756816352307292933273077419754656235276929745839433974363165395559685648279119233606266845755238958617575685557006721749514772611431919383437239804154797540665120741568766508595097526080989667353268374589	4162	-1,0,0,0,0,0,0,0,0,0,0,0	12,0,0,0,0	ok
-1.365866	-31.911912	-44.930284	0.849136	continued:5	37382954118278832773895244218236686338908646550437400502358118064530753024550062640906067170928616739335301863382037085201145976272239453658981262846128190508219395966448887917209180943430756816352307292933273077419754656235276929745839433974363165395559685648279119233606266845755238958617575685557006721749514772611431919383437239804154797540665120741568766508595097526080989667353268374589	4162	-1,0,0,0,0,0,0,0,0,0,0,0	12,0,0,0,0	ok
-1.364865	-31.911912	-45.415900	0.846342	continued:5	37382954118278832773895244218236686338908646550437400502358118064530753024550062640906067170928616739335301863382037085201145976272239453658981262846128190508219395966448887917209180943430756816352307292933273077419754656235276929745839433974363165395559685648279119233606266845755238958617575685557006721749514772611431919383437239804154797540665120741568766508595097526080989667353268374589	4162	-1,0,0,0,0,0,0,0,0,0,0,0	12,0,0,0,0	ok
-1.363864	-31.911912	-45.895465	0.844090	continued:5	37382954118278832773895244218236686338908646550437400502358118064530753024550062640906067170928616739335301863382037085201145976272239453658981262846128190508219395966448887917209180943430756816352307292933273077419754656235276929745839433974363165395559685648279119233606266845755238958617575685557006721749514772611431919383437239804154797540665120741568766508595097526080989667353268374589	4162	-1,0,0,0,0,0,0,0,0,0,0,0	12,0,0,0,0	ok
-1.362863	-31.911912	-46.363870	0.842300	continued:5	37382954118278832773895244218236686338908646550437400502358118064530753024550062640906067170928616739335301863382037085201145976272239453658981262846128190508219395966448887917209180943430756816352307292933273077419754656235276929745839433974363165395559685648279119233606266845755238958617575685557006721749514772611431919383437239804154797540665120741568766508595097526080989667353268374589	4162	-1,0,0,0,0,0,0,0,0,0,0,0	12,0,0,0,0	ok
-1.361862	-31.911912	-46.815954	0.841257	continued:5	37382954118278832773895244218236686338908646550437400502358118064530753024550062640906067170928616739335301863382037085201145976272239453658981262846128190508219395966448887917209180943430756816352307292933273077419754656235276929745839433974363165395559685648279119233606266845755238958617575685557006721749514772611431919383437239804154797540665120741568766508595097526080989667353268374589	4162	-1,0,0,0,0,0,0,0,0,0,0,0	12,0,0,0,0	ok
-1.360861	-31.911912	-47.243725	0.840883	continued:5	37382954118278832773895244218236686338908646550437400502358118064530753024550062640906067170928616739335301863382037085201145976272239453658981262846128190508219395966448887917209180943430756816352307292933273077419754656235276929745839433974363165395559685648279119233606266845755238958617575685557006721749514772611431919383437239804154797540665120741568766508595097526080989667353268374589	4162	-1,0,0,0,0,0,0,0,0,0,0,0	12,0,0,0,0	ok
-1.359860	-31.911912	-47.640643	0.840716	full	37382954118278832773895244218236686338908646550437400502358118064530753024550062640906067170928616739335301863382037085201145976272239453658981262846128190508219395966448887917209180943430756816352307292933273077419754656235276929745839433974363165395559685648279119233606266845755238958617575685557006721749514772611431919383437239804154797540665120741568766508595097526080989667353268374589	4162	-1,0,0,0,0,0,0,0,0,0,0,0	12,0,0,0,0	ok
-1.358859	-31.911912	-44.944872	0.848313	continued:5	37382954118278832773895244218236686338908646550437400502358118064530753024550062640906067170928616739335301863382037085201145976272239453658981262846128190508219395966448887917209180943430756816352307292933273077419754656235276929745839433974363165395559685648279119233606266845755238958617575685557006721749514772611431919383437239804154797540665120741568766508595097526080989667353268374589	4162	-1,0,0,0,0,0,0,0,0,0,0,0	12,0,0,0,0	ok
-1.357858	-31.911912	-45.431199	0.845520	continued:5	37382954118278832773895244218236686338908646550437400502358118064530753024550062640906067170928616739335301863382037085201145976272239453658981262846128190508219395966448887917209180943430756816352307292933273077419754656235276929745839433974363165395559685648279119233606266845755238958617575685557006721749514772611431919383437239804154797540665120741568766508595097526080989667353268374589	4162	-1,0,0,0,0,0,0,0,0,0,0,0	12,0,0,0,0	ok
-1.356857	-31.911912	-45.911083	0.843268	continued:5	37382954118278832773895244218236686338908646550437400502358118064530753024550062640906067170928616739335301863382037085201145976272239453658981262846128190508219395966448887917209180943430756816352307292933273077419754656235276929745839433974363165395559685648279119233606266845755238958617575685557006721749514772611431919383437239804154797540665120741568766508595097526080989667353268374589	4162	-1,0,0,0,0,0,0,0,0,0,0,0	12,0,0,0,0	ok
-1.355856	-31.911912	-46.379418	0.841477	continued:5	37382954118278832773895244218236686338908646550437400502358118064530753024550062640906067170928616739335301863382037085201145976272239453658981262846128190508219395966448887917209180943430756816352307292933273077419754656235276929745839433974363165395559685648279119233606266845755238958617575685557006721749514772611431919383437239804154797540665120741568766508595097526080989667353268374589	4162	-1,0,0,0,0,0,0,0,0,0,0,0	12,0,0,0,0	ok
-1.354855	-31.911912	-46.831062	0.840435	continued:5	37382954118278832773895244218236686338908646550437400502358118064530753024550062640906067170928616739335301863382037085201145976272239453658981262846128190508219395966448887917209180943430756816352307292933273077419754656235276929745839433974363165395559685648279119233606266845755238958617575685557006721749514772611431919383437239804154797540665120741568766508595097526080989667353268374589	4162	-1,0,0,0,0,0,0,0,0,0,0,0	12,0,0,0,0	ok
-1.353854	-31.911912	-47.258053	0.840061	continued:5	37382954118278832773895244218236686338908646550437400502358118064530753024550062640906067170928616739335301863382037085201145976272239453658981262846128190508219395966448887917209180943430756816352307292933273077419754656235276929745839433974363165395559685648279119233606266845755238958617575685557006721749514772611431919383437239804154797540665120741568766508595097526080989667353268374589	4162	-1,0,0,0,0,0,0,0,0,0,0,0	12,0,0,0,0	ok
-1.352853	-31.911912	-47.653907	0.839894	full	37382954118278832773895244218236686338908646550437400502358118064530753024550062640906067170928616739335301863382037085201145976272239453658981262846128190508219395966448887917209180943430756816352307292933273077419754656235276929745839433974363165395559685648279119233606266845755238958617575685557006721749514772611431919383437239804154797540665120741568766508595097526080989667353268374589	4162	-1,0,0,0,0,0,0,0,0,0,0,0	12,0,0,0,0	ok
-1.351852	-31.911912	-44.959631	0.847491	continued:5	37382954118278832773895244218236686338908646550437400502358118064530753024550062640906067170928616739335301863382037085201145976272239453658981262846128190508219395966448887917209180943430756816352307292933273077419754656235276929745839433974363165395559685648279119233606266845755238958617575685557006721749514772611431919383437239804154797540665120741568766508595097526080989667353268374589	4162	-1,0,0,0,0,0,0,0,0,0,0,0	12,0,0,0,0	ok
-1.350851	-31.911912	-45.446635	0.844698	continued:5	37382954118278832773895244218236686338908646550437400502358118064530753024550062640906067170928616739335301863382037085201145976272239453658981262846128190508219395966448887917209180943430756816352307292933273077419754656235276929745839433974363165395559685648279119233606266845755238958617575685557006721749514772611431919383437239804154797540665120741568766508595097526080989667353268374589	4162	-1,0,0,0,0,0,0,0,0,0,0,0	12,0,0,0,0	ok
-1.349850	-31.911912	-45.926809	0.842446	continued:5	37382954118278832773895244218236686338908646550437400502358118064530753024550062640906067170928616739335301863382037085201145976272239453658981262846128190508219395966448887917209180943430756816352307292933273077419754656235276929745839433974363165395559685648279119233606266845755238958617575685557006721749514772611431919383437239804154797540665120741568766508595097526080989667353268374589	4162	-1,0,0,0,0,0,0,0,0,0,0,0	12,0,0,0,0	ok
-1.348849	-31.911912	-46.395047	0.840655	continued:5	37382954118278832773895244218236686338908646550437400502358118064530753024550062640906067170928616739335301863382037085201145976272239453658981262846128190508219395966448887917209180943430756816352307292933273077419754656235276929745839433974363165395559685648279119233606266845755238958617575685557006721749514772611431919383437239804154797540665120741568766508595097526080989667353268374589	4162	-1,0,0,0,0,0,0,0,0,0,0,0	12,0,0,0,0	ok
-1.347848	-31.911912	-46.846223	0.839613	continued:5	37382954118278832773895244218236686338908646550437400502358118064530753024550062640906067170928616739335301863382037085201145976272239453658981262846128190508219395966448887917209180943430756816352307292933273077419754656235276929745839433974363165395559685648279119233606266845755238958617575685557006721749514772611431919383437239804154797540665120741568766508595097526080989667353268374589	4162	-1,0,0,0,0,0,0,0,0,0,0,0	12,0,0,0,0	ok
-1.346847	-31.911912	-47.272413	0.839239	continued:5	37382954118278832773895244218236686338908646550437400502358118064530753024550062640906067170928616739335301863382037085201145976272239453658981262846128190508219395966448887917209180943430756816352307292933273077419754656235276929745839433974363165395559685648279119233606266845755238958617575685557006721749514772611431919383437239804154797540665120741568766508595097526080989667353268374589	4162	-1,0,0,0,0,0,0,0,0,0,0,0	12,0,0,0,0	ok
-1.345846	-31.911912	-47.667184	0.839072	full	37382954118278832773895244218236686338908646550437400502358118064530753024550062640906067170928616739335301863382037085201145976272239453658981262846128190508219395966448887917209180943430756816352307292933273077419754656235276929745839433974363165395559685648279119233606266845755238958617575685557006721749514772611431919383437239804154797540665120741568766508595097526080989667353268374589	4162	-1,0,0,0,0,0,0,0,0,0,0,0	12,0,0,0,0	ok
-1.344845	-31.911912	-44.974329	0.846667	continued:5	37382954118278832773895244218236686338908646550437400502358118064530753024550062640906067170928616739335301863382037085201145976272239453658981262846128190508219395966448887917209180943430756816352307292933273077419754656235276929745839433974363165395559685648279119233606266845755238958617575685557006721749514772611431919383437239804154797540665120741568766508595097526080989667353268374589	4162	-1,0,0,0,0,0,0,0,0,0,0,0	12,0,0,0,0	ok
-1.343844	-31.911912	-45.462028	0.843873	continued:5	37382954118278832773895244218236686338908646550437400502358118064530753024550062640906067170928616739335301863382037085201145976272239453658981262846128190508219395966448887917209180943430756816352307292933273077419754656235276929745839433974363165395559685648279119233606266845755238958617575685557006721749514772611431919383437239804154797540665120741568766508595097526080989667353268374589	4162	-1,0,0,0,0,0,0,0,0,0,0,0	12,0,0,0,0	ok
-1.342843	-31.911912	-45.942505	0.841621	continued:5	37382954118278832773895244218236686338908646550437400502358118064530753024550062640906067170928616739335301863382037085201145976272239453658981262846128190508219395966448887917209180943430756816352307292933273077419754656235276929745839433974363165395559685648279119233606266845755238958617575685557006721749514772611431919383437239804154797540665120741568766508595097526080989667353268374589	4162	-1,0,0,0,0,0,0,0,0,0,0,0	12,0,0,0,0	ok
-1.341842	-31.911912	-46.410658	0.839831	continued:5	37382954118278832773895244218236686338908646550437400502358118064530753024550062640906067170928616739335301863382037085201145976272239453658981262846128190508219395966448887917209180943430756816352307292933273077419754656235276929745839433974363165395559685648279119233606266845755238958617575685557006721749514772611431919383437239804154797540665120741568766508595097526080989667353268374589	4162	-1,0,0,0,0,0,0,0,0,0,0,0	12,0,0,0,0	ok
-1.340841	-31.911912	-46.861377	0.838788	continued:5	37382954118278832773895244218236686338908646550437400502358118064530753024550062640906067170928616739335301863382037085201145976272239453658981262846128190508219395966448887917209180943430756816352307292933273077419754656235276929745839433974363165395559685648279119233606266845755238958617575685557006721749514772611431919383437239804154797540665120741568766508595097526080989667353268374589	4162	-1,0,0,0,0,0,0,0,0,0,0,0	12,0,0,0,0	ok
-1.339840	-31.911912	-47.286776	0.838414	continued:5	37382954118278832773895244218236686338908646550437400502358118064530753024550062640906067170928616739335301863382037085201145976272239453658981262846128190508219395966448887917209180943430756816352307292933273077419754656235276929745839433974363165395559685648279119233606266845755238958617575685557006721749514772611431919383437239804154797540665120741568766508595097526080989667353268374589	4162	-1,0,0,0,0,0,0,0,0,0,0,0	12,0,0,0,0	ok
-1.338839	-31.911912	-47.680474	0.838247	full	37382954118278832773895244218236686338908646550437400502358118064530753024550062640906067170928616739335301863382037085201145976272239453658981262846128190508219395966448887917209180943430756816352307292933273077419754656235276929745839433974363165395559685648279119233606266845755238958617575685557006721749514772611431919383437239804154797540665120741568766508595097526080989667353268374589	4162	-1,0,0,0,0,0,0,0,0,0,0,0	12,0,0,0,0	ok
-1.337838	-31.911912	-44.989281	0.845843	continued:5	37382954118278832773895244218236686338908646550437400502358118064530753024550062640906067170928616739335301863382037085201145976272239453658981262846128190508219395966448887917209180943430756816352307292933273077419754656235276929745839433974363165395559685648279119233606266845755238958617575685557006721749514772611431919383437239804154797540665120741568766508595097526080989667353268374589	4162	-1,0,0,0,0,0,0,0,0,0,0,0	12,0,0,0,0	ok
-1.336837	-31.911912	-45.477625	0.843050	continued:5	37382954118278832773895244218236686338908646550437400502358118064530753024550062640906067170928616739335301863382037085201145976272239453658981262846128190508219395966448887917209180943430756816352307292933273077419754656235276929745839433974363165395559685648279119233606266845755238958617575685557006721749514772611431919383437239804154797540665120741568766508595097526080989667353268374589	4162	-1,0,0,0,0,0,0,0,0,0,0,0	12,0,0,0,0	ok
-1.335836	-31.911912	-45.958360	0.840798	continued:5	8646728181026489602610406537158318670928372786737024641130379069394221138489756289944296330853108571250995292591609346050698485604570890189154225288428981519609618968223697475046051416812660773295	4162	-1,0,0,0,0,0,0,0,0,0,0	12,0,0,0,0	ok
-1.334835	-31.911912	-46.426385	0.839007	continued:5	8646728181026489602610406537158318670928372786737024641130379069394221138489756289944296330853108571250995292591609346050698485604570890189154225288428981519609618968223697475046051416812660773295	4162	-1,0,0,0,0,0,0,0,0,0,0	12,0,0,0,0	ok
-1.333834	-31.911912	-46.876608	0.837965	continued:5	37382954118278832773895244218236686338908646550437400502358118064530753024550062640906067170928616739335301863382037085201145976272239453658981262846128190508219395966448887917209180943430756816352307292933273077419754656235276929745839433974363165395559685648279119233606266845755238958617575685557006721749514772611431919383437239804154797540665120741568766508595097526080989667353268374589	4162	-1,0,0,0,0,0,0,0,0,0,0,0	12,0,0,0,0	ok
-1.332833	-31.911912	-47.301181	0.837591	continued:5	37382954118278832773895244218236686338908646550437400502358118064530753024550062640906067170928616739335301863382037085201145976272239453658981262846128190508219395966448887917209180943430756816352307292933273077419754656235276929745839433974363165395559685648279119233606266845755238958617575685557006721749514772611431919383437239804154797540665120741568766508595097526080989667353268374589	4162	-1,0,0,0,0,0,0,0,0,0,0,0	12,0,0,0,0	ok
-1.331832	-31.911912	-47.693778	0.837424	full	37382954118278832773895244218236686338908646550437400502358118064530753024550062640906067170928616739335301863382037085201145976272239453658981262846128190508219395966448887917209180943430756816352307292933273077419754656235276929745839433974363165395559685648279119233606266845755238958617575685557006721749514772611431919383437239804154797540665120741568766508595097526080989667353268374589	4162	-1,0,0,0,0,0,0,0,0,0,0,0	12,0,0,0,0	ok
-1.330831	-31.911912	-45.001381	0.844892	continued:5	37382954118278832773895244218236686338908646550437400502358118064530753024550062640906067170928616739335301863382037085201145976272239453658981262846128190508219395966448887917209180943430756816352307292933273077419754656235276929745839433974363165395559685648279119233606266845755238958617575685557006721749514772611431919383437239804154797540665120741568766508595097526080989667353268374589	4162	-1,0,0,0,0,0,0,0,0,0,0,0	12,0,0,0,0	ok
-1.329830	-31.911912	-45.491934	0.842099	continued:5	37382954118278832773895244218236686338908646550437400502358118064530753024550062640906067170928616739335301863382037085201145976272239453658981262846128190508219395966448887917209180943430756816352307292933273077419754656235276929745839433974363165395559685648279119233606266845755238958617575685557006721749514772611431919383437239804154797540665120741568766508595097526080989667353268374589	4162	-1,0,0,0,0,0,0,0,0,0,0,0	12,0,0,0,0	ok
-1.328829	-31.911912	-45.974301	0.839974	continued:5	8646728181026489602610406537158318670928372786737024641130379069394221138489756289944296330853108571250995292591609346050698485604570890189154225288428981519609618968223697475046051416812660773295	4162	-1,0,0,0,0,0,0,0,0,0,0	12,0,0,0,0	ok
-1.327828	-31.911912	-46.442176	0.838184	continued:5	37382954118278832773895244218236686338908646550437400502358118064530753024550062640906067170928616739335301863382037085201145976272239453658981262846128190508219395966448887917209180943430756816352307292933273077419754656235276929745839433974363165395559685648279119233606266845755238958617575685557006721749514772611431919383437239804154797540665120741568766508595097526080989667353268374589	4162	-1,0,0,0,0,0,0,0,0,0,0,0	12,0,0,0,0	ok
-1.326827	-31.911912	-46.891883	0.837141	continued:5	37382954118278832773895244218236686338908646550437400502358118064530753024550062640906067170928616739335301863382037085201145976272239453658981262846128190508219395966448887917209180943430756816352307292933273077419754656235276929745839433974363165395559685648279119233606266845755238958617575685557006721749514772611431919383437239804154797540665120741568766508595097526080989667353268374589	4072	-1,0,0,0,0,0,0,0,0,0,0,0	-12,0,0,0,0	ok
-1.325826	-31.911912	-47.315614	0.836767	continued:5	37382954118278832773895244218236686338908646550437400502358118064530753024550062640906067170928616739335301863382037085201145976272239453658981262846128190508219395966448887917209180943430756816352307292933273077419754656235276929745839433974363165395559685648279119233606266845755238958617575685557006721749514772611431919383437239804154797540665120741568766508595097526080989667353268374589	4072	-1,0,0,0,0,0,0,0,0,0,0,0	-12,0,0,0,0	ok
-1.324825	-31.911912	-47.707095	0.836600	full	131504586847961235687181874578063117114329409897631406061666638548823646371904376997883815099845702	4072	-1,0,0,0,0,0,0,0,0,0	-12,0,0,0,0	ok
-1.323824	-31.911912	-45.014184	0.844070	continued:5	37382954118278832773895244218236686338908646550437400502358118064530753024550062640906067170928616739335301863382037085201145976272239453658981262846128190508219395966448887917209180943430756816352307292933273077419754656235276929745839433974363165395559685648279119233606266845755238958617575685557006721749514772611431919383437239804154797540665120741568766508595097526080989667353268374589	4072	-1,0,0,0,0,0,0,0,0,0,0,0	-12,0,0,0,0	ok
-1.322823	-31.911912	-45.505504	0.841276	continued:5	37382954118278832773895244218236686338908646550437400502358118064530753024550062640906067170928616739335301863382037085201145976272239453658981262846128190508219395966448887917209180943430756816352307292933273077419754656235276929745839433974363165395559685648279119233606266845755238958617575685557006721749514772611431919383437239804154797540665120741568766508595097526080989667353268374589	4072	-1,0,0,0,0,0,0,0,0,0,0,0	-12,0,0,0,0	ok
-1.321822	-31.911912	-45.988231	0.838945	continued:5	131504586847961235687181874578063117114329409897631406061666638548823646371904376997883815099845702	4072	-1,0,0,0,0,0,0,0,0,0	-12,0,0,0,0	ok
-1.320821	-31.911912	-46.458077	0.837361	continued:5	37382954118278832773895244218236686338908646550437400502358118064530753024550062640906067170928616739335301863382037085201145976272239453658981262846128190508219395966448887917209180943430756816352307292933273077419754656235276929745839433974363165395559685648279119233606266845755238958617575685557006721749514772611431919383437239804154797540665120741568766508595097526080989667353268374589	4072	-1,0,0,0,0,0,0,0,0,0,0,0	-12,0,0,0,0	ok
-1.319820	-31.911912	-46.907232	0.836319	continued:5	37382954118278832773895244218236686338908646550437400502358118064530753024550062640906067170928616739335301863382037085201145976272239453658981262846128190508219395966448887917209180943430756816352307292933273077419754656235276929745839433974363165395559685648279119233606266845755238958617575685557006721749514772611431919383437239804154797540665120741568766508595097526080989667353268374589	4072	-1,0,0,0,0,0,0,0,0,0,0,0	-12,0,0,0,0	ok
-1.318819	-31.911912	-47.330088	0.835945	continued:5	37382954118278832773895244218236686338908646550437400502358118064530753024550062640906067170928616739335301863382037085201145976272239453658981262846128190508219395966448887917209180943430756816352307292933273077419754656235276929745839433974363165395559685648279119233606266845755238958617575685557006721749514772611431919383437239804154797540665120741568766508595097526080989667353268374589	4072	-1,0,0,0,0,0,0,0,0,0,0,0	-12,0,0,0,0	ok
-1.317818	-31.911912	-47.720426	0.835778	full	37382954118278832773895244218236686338908646550437400502358118064530753024550062640906067170928616739335301863382037085201145976272239453658981262846128190508219395966448887917209180943430756816352307292933273077419754656235276929745839433974363165395559685648279119233606266845755238958617575685557006721749514772611431919383437239804154797540665120741568766508595097526080989667353268374589	4072	-1,0,0,0,0,0,0,0,0,0,0,0	-12,0,0,0,0	ok
-1.316817	-31.911912	-45.029391	0.843244	continued:5	37382954118278832773895244218236686338908646550437400502358118064530753024550062640906067170928616739335301863382037085201145976272239453658981262846128190508219395966448887917209180943430756816352307292933273077419754656235276929745839433974363165395559685648279119233606266845755238958617575685557006721749514772611431919383437239804154797540665120741568766508595097526080989667353268374589	4072	-1,0,0,0,0,0,0,0,0,0,0,0	-12,0,0,0,0	ok
-1.315816	-31.911912	-45.521317	0.840450	continued:5	37382954118278832773895244218236686338908646550437400502358118064530753024550062640906067170928616739335301863382037085201145976272239453658981262846128190508219395966448887917209180943430756816352307292933273077419754656235276929745839433974363165395559685648279119233606266845755238958617575685557006721749514772611431919383437239804154797540665120741568766508595097526080989667353268374589	4072	-1,0,0,0,0,0,0,0,0,0,0,0	-12,0,0,0,0	ok
-1.314815	-31.911912	-46.004260	0.838119	continued:5	37382954118278832773895244218236686338908646550437400502358118064530753024550062640906067170928616739335301863382037085201145976272239453658981262846128190508219395966448887917209180943430756816352307292933273077419754656235276929745839433974363165395559685648279119233606266845755238958617575685557006721749514772611431919383437239804154797540665120741568766508595097526080989667353268374589	4072	-1,0,0,0,0,0,0,0,0,0,0,0	-12,0,0,0,0	ok
-1.313814	-31.911912	-46.473937	0.836535	continued:5	8646728181026489602610406537158318670928372786737024641130379069394221138489756289944296330853108571250995292591609346050698485604570890189154225288428981519609618968223697475046051416812660773295	4072	-1,0,0,0,0,0,0,0,0,0,0	-12,0,0,0,0	ok
-1.312813	-31.911912	-46.922559	0.835493	continued:5	8646728181026489602610406537158318670928372786737024641130379069394221138489756289944296330853108571250995292591609346050698485604570890189154225288428981519609618968223697475046051416812660773295	4072	-1,0,0,0,0,0,0,0,0,0,0	-12,0,0,0,0	ok
-1.311812	-31.911912	-47.344558	0.835119	continued:5	5695183504495988991042170	4072	-1,0,0,0,0,0,0,0	-12,0,0,0,0	ok
-1.310811	-31.911912	-47.733771	0.834952	full	8646728181026489602610406537158318670928372786737024641130379069394221138489756289944296330853108571250995292591609346050698485604570890189154225288428981519609618968223697475046051416812660773295	4072	-1,0,0,0,0,0,0,0,0,0,0	-12,0,0,0,0	ok
-1.309810	-31.911912	-45.045003	0.842421	continued:5	37382954118278832773895244218236686338908646550437400502358118064530753024550062640906067170928616739335301863382037085201145976272239453658981262846128190508219395966448887917209180943430756816352307292933273077419754656235276929745839433974363165395559685648279119233606266845755238958617575685557006721749514772611431919383437239804154797540665120741568766508595097526080989667353268374589	4072	-1,0,0,0,0,0,0,0,0,0,0,0	-12,0,0,0,0	ok
-1.308809	-31.911912	-45.537451	0.839628	continued:5	131504586847961235687181874578063117114329409897631406061666638548823646371904376997883815099845702	4072	-1,0,0,0,0,0,0,0,0,0	-12,0,0,0,0	ok
-1.307808	-31.911912	-46.020534	0.837296	continued:5	131504586847961235687181874578063117114329409897631406061666638548823646371904376997883815099845702	4072	-1,0,0,0,0,0,0,0,0,0	-12,0,0,0,0	ok
-1.306807	-31.911912	-46.489974	0.835713	continued:5	37382954118278832773895244218236686338908646550437400502358118064530753024550062640906067170928616739335301863382037085201145976272239453658981262846128190508219395966448887917209180943430756816352307292933273077419754656235276929745839433974363165395559685648279119233606266845755238958617575685557006721749514772611431919383437239804154797540665120741568766508595097526080989667353268374589	4072	-1,0,0,0,0,0,0,0,0,0,0,0	-12,0,0,0,0	ok
-1.305806	-31.911912	-46.938002	0.834670	continued:5	16217557574922386301420542667438374088396792810839	4072	-1,0,0,0,0,0,0,0,0	-12,0,0,0,0	ok
-1.304805	-31.911912	-47.359089	0.834296	continued:5	131504586847961235687181874578063117114329409897631406061666638548823646371904376997883815099845702	4072	-1,0,0,0,0,0,0,0,0,0	-12,0,0,0,0	ok
-1.303804	-31.911912	-47.747130	0.834129	full	8646728181026489602610406537158318670928372786737024641130379069394221138489756289944296330853108571250995292591609346050698485604570890189154225288428981519609618968223697475046051416812660773295	4072	-1,0,0,0,0,0,0,0,0,0,0	-12,0,0,0,0	ok
-1.302803	-31.911912	-45.060510	0.841595	continued:5	8646728181026489602610406537158318670928372786737024641130379069394221138489756289944296330853108571250995292591609346050698485604570890189154225288428981519609618968223697475046051416812660773295	4072	-1,0,0,0,0,0,0,0,0,0,0	-12,0,0,0,0	ok
-1.301802	-31.911912	-45.553506	0.838802	continued:5	37382954118278832773895244218236686338908646550437400502358118064530753024550062640906067170928616739335301863382037085201145976272239453658981262846128190508219395966448887917209180943430756816352307292933273077419754656235276929745839433974363165395559685648279119233606266845755238958617575685557006721749514772611431919383437239804154797540665120741568766508595097526080989667353268374589	4072	-1,0,0,0,0,0,0,0,0,0,0,0	-12,0,0,0,0	ok
-1.300801	-31.911912	-46.036754	0.836470	continued:5	131504586847961235687181874578063117114329409897631406061666638548823646371904376997883815099845702	4072	-1,0,0,0,0,0,0,0,0,0	-12,0,0,0,0	ok
-1.299800	-31.911912	-46.505975	0.834887	continued:5	16217557574922386301420542667438374088396792810839	4072	-1,0,0,0,0,0,0,0,0	-12,0,0,0,0	ok
-1.298799	-31.911912	-46.953426	0.833844	continued:5	131504586847961235687181874578063117114329409897631406061666638548823646371904376997883815099845702	4072	-1,0,0,0,0,0,0,0,0,0	-12,0,0,0,0	ok
-1.297798	-31.911912	-47.373619	0.833470	continued:5	5695183504495988991042170	4072	-1,0,0,0,0,0,0,0	-12,0,0,0,0	ok
-1.296797	-31.911912	-47.760504	0.833303	full	5695183504495988991042170	4072	-1,0,0,0,0,0,0,0	-12,0,0,0,0	ok
-1.295796	-31.911912	-45.076363	0.840771	continued:5	5695183504495988991042170	4072	-1,0,0,0,0,0,0,0	-12,0,0,0,0	ok
-1.294795	-31.911912	-45.569837	0.837978	continued:5	5695183504495988991042170	4072	-1,0,0,0,0,0,0,0	-12,0,0,0,0	ok
-1.293794	-31.911912	-46.053184	0.835647	continued:5	5695183504495988991042170	4072	-1,0,0,0,0,0,0,0	-12,0,0,0,0	ok
-1.292793	-31.911912	-46.522129	0.834063	continued:5	37382954118278832773895244218236686338908646550437400502358118064530753024550062640906067170928616739335301863382037085201145976272239453658981262846128190508219395966448887917209180943430756816352307292933273077419754656235276929745839433974363165395559685648279119233606266845755238958617575685557006721749514772611431919383437239804154797540665120741568766508595097526080989667353268374589	2650730	-1,0,0,0,0,0,0,0,0,0,0,0	-12,0,0,0,0,0	ok
-1.291792	-31.911912	-46.968950	0.833021	continued:5	16217557574922386301420542667438374088396792810839	2650730	-1,0,0,0,0,0,0,0,0	-12,0,0,0,0,0	ok
-1.290791	-31.911912	-47.388202	0.832647	continued:5	37382954118278832773895244218236686338908646550437400502358118064530753024550062640906067170928616739335301863382037085201145976272239453658981262846128190508219395966448887917209180943430756816352307292933273077419754656235276929745839433974363165395559685648279119233606266845755238958617575685557006721749514772611431919383437239804154797540665120741568766508595097526080989667353268374589	2650730	-1,0,0,0,0,0,0,0,0,0,0,0	-12,0,0,0,0,0	ok
-1.289790	-31.911912	-47.773891	0.832479	full	131504586847961235687181874578063117114329409897631406061666638548823646371904376997883815099845702	2650730	-1,0,0,0,0,0,0,0,0,0	-12,0,0,0,0,0	ok
-1.288789	-31.911912	-45.092237	0.839946	continued:5	5695183504495988991042170	2650730	-1,0,0,0,0,0,0,0	-12,0,0,0,0,0	ok
-1.287788	-31.911912	-45.586189	0.837153	continued:5	3374964376952	2650730	-1,0,0,0,0,0,0	-12,0,0,0,0,0	ok
-1.286787	-31.911912	-46.069634	0.834821	continued:5	5695183504495988991042170	2650730	-1,0,0,0,0,0,0,0	-12,0,0,0,0,0	ok
-1.285786	-31.911912	-46.538299	0.833238	continued:5	3374964376952	2650730	-1,0,0,0,0,0,0	-12,0,0,0,0,0	ok
-1.284785	-31.911912	-46.984489	0.832195	continued:5	3374964376952	2650730	-1,0,0,0,0,0,0	-12,0,0,0,0,0	ok
-1.283784	-31.911912	-47.402799	0.831821	continued:5	3374964376952	2650730	-1,0,0,0,0,0,0	-12,0,0,0,0,0	ok
-1.282783	-31.911912	-47.787294	0.831654	full	5695183504495988991042170	2650730	-1,0,0,0,0,0,0,0	-12,0,0,0,0,0	ok
-1.281782	-31.911912	-45.108286	0.839121	continued:5	5695183504495988991042170	2650730	-1,0,0,0,0,0,0,0	-12,0,0,0,0,0	ok
-1.280781	-31.911912	-45.602682	0.836327	continued:5	16217557574922386301420542667438374088396792810839	2650730	-1,0,0,0,0,0,0,0,0	-12,0,0,0,0,0	ok
-1.279780	-31.911912	-46.086193	0.833996	continued:5	5695183504495988991042170	2650730	-1,0,0,0,0,0,0,0	-12,0,0,0,0,0	ok
-1.278779	-31.911912	-46.554551	0.832413	continued:5	8646728181026489602610406537158318670928372786737024641130379069394221138489756289944296330853108571250995292591609346050698485604570890189154225288428981519609618968223697475046051416812660773295	2650730	-1,0,0,0,0,0,0,0,0,0,0	-12,0,0,0,0,0	ok
-1.277778	-31.911912	-47.000083	0.831370	continued:5	8646728181026489602610406537158318670928372786737024641130379069394221138489756289944296330853108571250995292591609346050698485604570890189154225288428981519609618968223697475046051416812660773295	2650730	-1,0,0,0,0,0,0,0,0,0,0	-12,0,0,0,0,0	ok
-1.276777	-31.911912	-47.417429	0.830996	continued:5	131504586847961235687181874578063117114329409897631406061666638548823646371904376997883815099845702	2650730	-1,0,0,0,0,0,0,0,0,0	-12,0,0,0,0,0	ok
-1.275776	-31.911912	-47.800711	0.830829	full	131504586847961235687181874578063117114329409897631406061666638548823646371904376997883815099845702	2650730	-1,0,0,0,0,0,0,0,0,0	-12,0,0,0,0,0	ok
-1.274775	-31.911912	-45.124501	0.838296	continued:5	16217557574922386301420542667438374088396792810839	2650730	-1,0,0,0,0,0,0,0,0	-12,0,0,0,0,0	ok
-1.273774	-31.911912	-45.619309	0.835502	continued:5	8646728181026489602610406537158318670928372786737024641130379069394221138489756289944296330853108571250995292591609346050698485604570890189154225288428981519609618968223697475046051416812660773295	2650730	-1,0,0,0,0,0,0,0,0,0,0	-12,0,0,0,0,0	ok
-1.272773	-31.911912	-46.102856	0.833171	continued:5	37382954118278832773895244218236686338908646550437400502358118064530753024550062640906067170928616739335301863382037085201145976272239453658981262846128190508219395966448887917209180943430756816352307292933273077419754656235276929745839433974363165395559685648279119233606266845755238958617575685557006721749514772611431919383437239804154797540665120741568766508595097526080989667353268374589	2650730	-1,0,0,0,0,0,0,0,0,0,0,0	-12,0,0,0,0,0	ok
-1.271772	-31.911912	-46.570879	0.831587	continued:5	131504586847961235687181874578063117114329409897631406061666638548823646371904376997883815099845702	2650730	-1,0,0,0,0,0,0,0,0,0	-12,0,0,0,0,0	ok
-1.270771	-31.911912	-47.015730	0.830545	continued:5	131504586847961235687181874578063117114329409897631406061666638548823646371904376997883815099845702	2650730	-1,0,0,0,0,0,0,0,0,0	-12,0,0,0,0,0	ok
-1.269770	-31.911912	-47.432091	0.830171	continued:5	16217557574922386301420542667438374088396792810839	2650730	-1,0,0,0,0,0,0,0,0	-12,0,0,0,0,0	ok
-1.268769	-31.911912	-47.814143	0.830004	full	16217557574922386301420542667438374088396792810839	2650730	-1,0,0,0,0,0,0,0,0	-12,0,0,0,0,0	ok
-1.267768	-31.911912	-45.140870	0.837470	continued:5	131504586847961235687181874578063117114329409897631406061666638548823646371904376997883815099845702	2650730	-1,0,0,0,0,0,0,0,0,0	-12,0,0,0,0,0	ok
-1.266767	-31.911912	-45.636060	0.834677	continued:5	8646728181026489602610406537158318670928372786737024641130379069394221138489756289944296330853108571250995292591609346050698485604570890189154225288428981519609618968223697475046051416812660773295	2650730	-1,0,0,0,0,0,0,0,0,0,0	-12,0,0,0,0,0	ok
-1.265766	-31.911912	-46.119617	0.832346	continued:5	5695183504495988991042170	2650730	-1,0,0,0,0,0,0,0	-12,0,0,0,0,0	ok
-1.264765	-31.911912	-46.587279	0.830762	continued:5	8646728181026489602610406537158318670928372786737024641130379069394221138489756289944296330853108571250995292591609346050698485604570890189154225288428981519609618968223697475046051416812660773295	2650730	-1,0,0,0,0,0,0,0,0,0,0	-12,0,0,0,0,0	ok
-1.263764	-31.911912	-47.031425	0.829720	continued:5	5695183504495988991042170	2650730	-1,0,0,0,0,0,0,0	-12,0,0,0,0,0	ok
-1.262763	-31.911912	-47.446783	0.829346	continued:5	16217557574922386301420542667438374088396792810839	2650730	-1,0,0,0,0,0,0,0,0	-12,0,0,0,0,0	ok
-1.261762	-31.911912	-47.827590	0.829179	full	3374964376952	2650730	-1,0,0,0,0,0,0	-12,0,0,0,0,0	ok
-1.260761	-31.911912	-45.155501	0.836566	continued:5	3374964376952	2650730	-1,0,0,0,0,0,0	-12,0,0,0,0,0	ok
-1.259760	-31.911912	-45.652039	0.833772	continued:5	3374964376952	2650730	-1,0,0,0,0,0,0	-12,0,0,0,0,0	ok
-1.258759	-31.911912	-46.136449	0.831520	continued:5	16217557574922386301420542667438374088396792810839	2650730	-1,0,0,0,0,0,0,0,0	-12,0,0,0,0,0	ok
-1.257758	-31.911912	-46.603734	0.829936	continued:5	3374964376952	2650730	-1,0,0,0,0,0,0	-12,0,0,0,0,0	ok
-1.256757	-31.911912	-47.047159	0.828894	continued:5	5695183504495988991042170	2650730	-1,0,0,0,0,0,0,0	-12,0,0,0,0,0	ok
-1.255756	-31.911912	-47.461500	0.828520	continued:5	5695183504495988991042170	2650730	-1,0,0,0,0,0,0,0	-12,0,0,0,0,0	ok
-1.254755	-31.911912	-47.841052	0.828353	full	16217557574922386301420542667438374088396792810839	2650730	-1,0,0,0,0,0,0,0,0	-12,0,0,0,0,0	ok
-1.253754	-31.911912	-45.172130	0.835740	continued:5	131504586847961235687181874578063117114329409897631406061666638548823646371904376997883815099845702	2650730	-1,0,0,0,0,0,0,0,0,0	-12,0,0,0,0,0	ok
-1.252753	-31.911912	-45.669003	0.832946	continued:5	3374964376952	2650730	-1,0,0,0,0,0,0	-12,0,0,0,0,0	ok
-1.251752	-31.911912	-46.153376	0.830694	continued:5	5695183504495988991042170	2650730	-1,0,0,0,0,0,0,0	-12,0,0,0,0,0	ok
-1.250751	-31.911912	-46.620258	0.829110	continued:5	16217557574922386301420542667438374088396792810839	2650730	-1,0,0,0,0,0,0,0,0	-12,0,0,0,0,0	ok
-1.249750	-31.911912	-47.062941	0.828068	continued:5	3374964376952	2650730	-1,0,0,0,0,0,0	-12,0,0,0,0,0	ok
-1.248749	-31.911912	-47.476247	0.827694	continued:5	3374964376952	2650730	-1,0,0,0,0,0,0	-12,0,0,0,0,0	ok
-1.247748	-31.911912	-47.854530	0.827527	full	3374964376952	2650730	-1,0,0,0,0,0,0	-12,0,0,0,0,0	ok
-1.246747	-31.911912	-45.188992	0.834914	continued:5	16217557574922386301420542667438374088396792810839	2650730	-1,0,0,0,0,0,0,0,0	-12,0,0,0,0,0	ok
-1.245746	-31.911912	-45.686152	0.832121	continued:5	3374964376952	2650730	-1,0,0,0,0,0,0	-12,0,0,0,0,0	ok
-1.244745	-31.911912	-46.170446	0.829869	continued:5	3374964376952	2650730	-1,0,0,0,0,0,0	-12,0,0,0,0,0	ok
-1.243744	-31.911912	-46.636885	0.828285	continued:5	3374964376952	2650730	-1,0,0,0,0,0,0	-12,0,0,0,0,0	ok
-1.242743	-31.911912	-47.078793	0.827243	continued:5	5695183504495988991042170	2650730	-1,0,0,0,0,0,0,0	-12,0,0,0,0,0	ok
-1.241742	-31.911912	-47.491033	0.826869	continued:5	3374964376952	2650730	-1,0,0,0,0,0,0	-12,0,0,0,0,0	ok
-1.240741	-31.911912	-47.868022	0.826702	full	16217557574922386301420542667438374088396792810839	2650730	-1,0,0,0,0,0,0,0,0	-12,0,0,0,0,0	ok
-1.239740	-31.911912	-45.205836	0.834087	continued:5	3374964376952	2650730	-1,0,0,0,0,0,0	-12,0,0,0,0,0	ok
-1.238739	-31.911912	-45.703291	0.831294	continued:5	3374964376952	4072	-1,0,0,0,0,0,0	-12,0,0,0,0	ok
-1.237738	-31.911912	-46.187510	0.829041	continued:5	3374964376952	4540139672	-1,0,0,0,0,0,0	-12,0,0,0,0,-1	ok
-1.236737	-31.911912	-46.653513	0.827458	continued:5	3374964376952	4540139672	-1,0,0,0,0,0,0	-12,0,0,0,0,-1	ok
-1.235736	-31.911912	-47.094648	0.826415	continued:5	5695183504495988991042170	4072	-1,0,0,0,0,0,0,0	-12,0,0,0,0	ok
-1.234735	-31.911912	-47.505829	0.826041	continued:5	5695183504495988991042170	4072	-1,0,0,0,0,0,0,0	-12,0,0,0,0	ok
-1.233734	-31.911912	-47.881530	0.825874	full	16217557574922386301420542667438374088396792810839	4072	-1,0,0,0,0,0,0,0,0	-12,0,0,0,0	ok
-1.232733	-31.911912	-45.221188	0.833213	continued:5	3374964376952	4072	-1,0,0,0,0,0,0	-12,0,0,0,0	ok
-1.231732	-31.911912	-45.719537	0.830420	continued:5	3374964376952	4072	-1,0,0,0,0,0,0	-12,0,0,0,0	ok
-1.230731	-31.911912	-46.204203	0.828295	continued:5	5695183504495988991042170	4072	-1,0,0,0,0,0,0,0	-12,0,0,0,0	ok
-1.229730	-31.911912	-46.669000	0.826505	continued:5	10296487298246453339	66720934309972297	-1,0,0,0,0,0,-1	-12,0,0,0,-1,1	ok
-1.228729	-31.911912	-47.110601	0.825590	continued:5	10296487298246453339	525187822	-1,0,0,0,0,0,-1	-12,0,0,0,-1,0	ok
-1.227728	-31.911912	-47.520678	0.825216	continued:5	10296487298246453339	525187822	-1,0,0,0,0,0,-1	-12,0,0,0,-1,0	ok
-1.226727	-31.911912	-47.895054	0.825049	full	53008825294750347297808410524294064452	525187822	-1,0,0,0,0,0,0,-1	-12,0,0,0,-1,0	ok
-1.225726	-31.911912	-45.235902	0.832387	continued:5	124384776697171140630079328689943183509917285724497094778714	44911480	-1,0,0,0,0,0,0,1	-12,0,0,0,1	ok
-1.224725	-31.911912	-45.734676	0.829594	continued:5	498768035658203820272194170320	44911480	-1,0,0,0,0,0,1	-12,0,0,0,1	ok
-1.223724	-31.911912	-46.219380	0.827262	continued:5	498768035658203820272194170320	44911480	-1,0,0,0,0,0,1	-12,0,0,0,1	ok
-1.222723	-31.911912	-46.685831	0.825679	continued:5	3374964376952	44911480	-1,0,0,0,0,0,0	-12,0,0,0,1	ok
-1.221722	-31.911912	-47.126593	0.824764	continued:5	3374964376952	30797772997	-1,0,0,0,0,0,0	-12,0,0,0,-2	ok
-1.220721	-31.911912	-47.535552	0.824390	continued:5	3374964376952	12487830463372	-1,0,0,0,0,0,0	-12,0,0,0,2	ok
-1.219720	-31.911912	-47.908593	0.824223	full	2600339	721722691593522111172	-1,0,0,0,0,0	-12,0,0,0,4	ok
-1.218719	-31.911912	-45.253332	0.831561	continued:5	3374964376952	3569698236508735561999538986480	-1,0,0,0,0,0,0	-12,0,0,0,-9	ok
-1.217718	-31.911912	-45.752285	0.828767	continued:5	4538043545	10068178321601183586142925321958355	-1,0,0,0,0,-1	-12,0,0,0,11	ok
-1.216717	-31.911912	-46.236809	0.826436	continued:5	331374310391957453775077	705832983157	-1,0,0,0,0,-1,-1	-12,0,0,-1,1,0	ok
-1.215716	-31.911912	-46.702725	0.824852	continued:5	9455884669399194548805788410186589	38480	-1,0,0,0,0,0,-1,0	-12,0,0,-1,0	ok
-1.214715	-31.911912	-47.142629	0.823938	continued:5	137520069382767470	27420692	-1,0,0,0,0,-1,0	-12,0,0,-1,0,0	ok
-1.213714	-31.911912	-47.550454	0.823564	continued:5	137520069382767470	27420692	-1,0,0,0,0,-1,0	-12,0,0,-1,0,0	ok
-1.212713	-31.911912	-47.922148	0.823397	full	68931505386858620950961580077	27420692	-1,0,0,0,0,-1,0,0	-12,0,0,-1,0,0	ok
-1.211712	-31.911912	-45.270870	0.830733	continued:5	14730495215871488720702	27420692	-1,0,0,0,0,1,0	-12,0,0,-1,0,0	ok
-1.210711	-31.911912	-45.769982	0.827940	continued:5	14730495215871488720702	611042	-1,0,0,0,0,1,0	-12,0,0,1,0	ok
-1.209710	-31.911912	-46.254307	0.825609	continued:5	998767320547577	611042	-1,0,0,0,0,1	-12,0,0,1,0	ok
-1.208709	-31.911912	-46.719671	0.824025	continued:5	998767320547577	19884267887	-1,0,0,0,0,1	-12,0,0,1,-1,0	ok
-1.207708	-31.911912	-47.158701	0.823110	continued:5	474075634821567328445	610363886522	-1,0,0,0,0,-2	-12,0,0,1,-2	ok
-1.206707	-31.911912	-47.565381	0.822737	continued:5	878890027930190311617606920	12126901319780637230234993762089267	-1,0,0,0,0,-2,0	-12,0,0,-2,11	ok
-1.205706	-31.911912	-47.935719	0.822569	full	77971519449922417203419339	1931466605	-1,0,0,0,0,2	-12,0,0,-2,0,0	ok
-1.204705	-31.911912	-45.286864	0.829829	continued:5	4096256481809182433580166763705328061537673861363061040389124903671522593061754684964	111042230	-1,0,0,0,0,0,-3,0,0	-12,0,0,2,0	ok
-1.203704	-31.911912	-45.787060	0.827036	continued:5	33914971101921225157695035382104838718579084053466349586232867489966638491324622089	9829351922	-1,0,0,0,0,0,4	-12,0,0,-3,-1	ok
-1.202703	-31.911912	-46.271991	0.824783	continued:5	544788153483205334525838680660165537519749402274242970	4616113408223980	-1,0,0,0,0,-7	-12,0,0,3,2	ok
-1.201702	-31.911912	-46.736751	0.823200	continued:5	9703500529227030056990314334883239490921707604983729538166138459583972889093957984797004677595767197341719004330639976483628955077	4262500688657	-1,0,0,0,0,0,10	-12,0,0,5,0	ok
-1.200701	-31.911912	-47.174862	0.822285	continued:5	50684107357779980209503137579303060761013437630080221942602126485077	1058370447421355	-1,0,0,0,0,11	-12,0,0,8	ok
-1.199700	-31.911912	-47.580356	0.821911	continued:5	134948323969956725103250564423318889	35478229808026999292	-1,0,0,0,-1,3	-12,0,0,10,2	ok
-1.198699	-31.911912	-47.949306	0.821744	full	249080812254063937362614	291008521985036297	-1,0,0,0,-1,1,0	-12,0,0,11,0	ok
-1.197698	-31.911912	-45.304621	0.829000	continued:5	524475077	68863357147	-1,0,0,0,-1,0	-12,0,-1,3,-1	ok
-1.196697	-31.911912	-45.804937	0.826207	continued:5	47401472128138413141229094469209177610545	1223807	-1,0,0,0,0,-1,0,-1	-12,0,-1,1,0	ok
-1.195696	-31.911912	-46.289629	0.823955	continued:5	371299112589839	78302272078568143292	-1,0,0,0,-1,0,0	-12,0,-1,-1,-3,-1	ok
-1.194695	-31.911912	-46.753802	0.822371	continued:5	371299112589839	69684892	-1,0,0,0,-1,0,0	-12,0,-1,0,1	ok
-1.193694	-31.911912	-47.191008	0.821456	continued:5	68931505386858620950961580077	238372	-1,0,0,0,0,-1,0,0	-12,0,-1,0,-1	ok
-1.192693	-31.911912	-47.595333	0.821082	continued:5	2027684749883005531770421852508168956211657281288670	1057929184185007	-1,0,0,0,0,-1,0,0,0	-12,0,-1,0,0,1	ok
-1.191692	-31.911912	-47.962909	0.820915	full	489473977720914676412064117517577	4822042	-1,0,0,0,0,1,0,0	-12,0,-1,0,0,0	ok
-1.190691	-31.911912	-45.322793	0.828175	continued:5	26622159477466472739832414290664184296531952	4822042	-1,0,0,0,0,1,0,-1	-12,0,-1,0,0,0	ok
-1.189690	-31.911912	-45.823139	0.825381	continued:5	171642627464	4822042	-1,0,0,0,1,0	-12,0,-1,0,0,0	ok
-1.188689	-31.911912	-46.307514	0.823129	continued:5	19523051588348531793107155029064755178202	27472	-1,0,0,0,0,1,-1,0	-12,0,1,0,0	ok
-1.187688	-31.911912	-46.771029	0.821546	continued:5	5649433361592826022738224354945745339	27472	-1,0,0,0,0,1,1	-12,0,1,0,0	ok
-1.186687	-31.911912	-47.207270	0.820631	continued:5	106444209976275502320064064102265310884402974697205514765310686820740702	105989497	-1,0,0,0,0,1,3	-12,0,1,0,1	ok
-1.185686	-31.911912	-47.610370	0.820257	continued:5	2111500706809916600701481207948248566296850892289350525835615839318184977308166342307465700864560279954887828146458908208609452169589089	9752460617628064283486666572	-1,0,0,0,0,1,11	-12,0,1,0,7	ok
-1.184685	-31.911912	-47.976528	0.820090	full	1734494391994675981799824818402331220	67890355	-1,0,0,0,0,-2,0,0	-12,0,1,-1,0,0	ok
-1.183684	-31.911912	-45.341044	0.827348	continued:5	78304251608107953827	42361387	-1,0,0,0,2,0,0	-12,0,1,1,-1	ok
-1.182683	-31.911912	-45.841407	0.824555	continued:5	102462790458712075390220	74443477288917669118177	-1,0,0,0,2,-1,0	-12,0,1,2,-5	ok
-1.181682	-31.911912	-46.325451	0.822302	continued:5	4882688439506982226889371463451938543917804543005776162167358354264	76454036823754867	-1,0,0,0,2,-11	-12,0,1,10,0	ok
-1.180681	-31.911912	-46.788296	0.820719	continued:5	29319328041790359452	4352702	-1,0,0,0,3,0	-12,0,-2,1,0	ok
-1.179680	-31.911912	-47.223560	0.819804	continued:5	1087000418376733258139	70477	-1,0,0,0,-4,0	-12,0,-2,0,0	ok
-1.178679	-31.911912	-47.625429	0.819430	continued:5	166971598782665690850248872107344128808363147195	171382	-1,0,0,0,0,-5,0	-12,0,2,0,0	ok
-1.177678	-31.911912	-47.990163	0.819263	full	63598234962939853737835215035059130024284538529989839070	528591301364833075089325144023982	-1,0,0,0,0,-7,0	-12,0,2,0,10	ok
-1.176677	-31.911912	-45.359500	0.826521	continued:5	117950763938011764824521988212577	169132478792	-1,0,0,0,9,0	-12,0,2,2,1	ok
-1.175676	-31.911912	-45.859838	0.823728	continued:5	11405908850575211819895393679946045	761477484223285933402	-1,0,0,0,10,-1	-12,0,-3,0,4	ok
-1.174675	-31.911912	-46.343514	0.821476	continued:5	10717492777964661460631486700740702	98228854207	-1,0,0,0,-11,0	-12,0,3,0,-2	ok
-1.173674	-31.911912	-46.805655	0.819892	continued:5	42342974827715901504632664833473964	5289539124952	-1,0,0,0,11,0	-12,0,-4,-2,-2	ok
-1.172673	-31.911912	-47.239911	0.818977	continued:5	4297536184337607275874236559990094783889	214876792	-1,0,0,0,11,2	-12,0,4,2	ok
-1.171672	-31.911912	-47.640524	0.818604	continued:5	984802906824680510449115	198562329456076927	-1,0,0,-1,4,-1	-12,0,-6,11	ok
-1.170671	-31.911912	-48.003815	0.818436	full	65015993352429577795588877807816823216707694646715439364732419585014	2998902712	-1,0,0,-1,1,11	-12,0,7,1,-1	ok
-1.169670	-31.911912	-45.378041	0.825694	continued:5	942123129948464	270153367	-1,0,0,-1,-1,0,0	-12,0,-9,0,0	ok
-1.168669	-31.911912	-45.878338	0.822900	continued:5	877248394226186060245515089	558966307	-1,0,0,-1,-1,2	-12,0,-10,0,0	ok
-1.167668	-31.911912	-46.361630	0.820648	continued:5	39974851217885558823532498028799389	111359198392	-1,0,0,-1,0,3	-12,0,10,-3,0	ok
-1.166667	-31.911912	-46.823053	0.819065	continued:5	9712054578460918721686023839	27286932832	-1,0,0,-1,0,1,-1	-12,0,-11,0,1	ok
-1.165666	-31.911912	-47.256292	0.818150	continued:5	2383351087713834464595948127366589	1492737457	-1,0,0,-1,0,-1,1	-12,0,11,0,0	ok
-1.164665	-31.911912	-47.655641	0.817776	continued:5	27258035	763799047	-1,0,0,-1,0,0	-12,0,11,0	ok
-1.163664	-31.911912	-48.017482	0.817609	full	559605960124426494037248458864	13620668702	-1,0,0,-1,0,0,1	-12,0,11,2	ok
-1.162663	-31.911912	-45.393813	0.824739	continued:5	17225409670789647560	124806014569149358	-1,0,0,-1,0,0,-1	-12,-1,9,-11	ok
-1.161662	-31.911912	-45.895625	0.821946	continued:5	559605960124426494037248458864	429178	-1,0,0,-1,0,0,1	-12,-1,-3,0,0	ok
-1.160661	-31.911912	-46.379886	0.819821	continued:5	27258035	143175904498	-1,0,0,-1,0,0	-12,-1,-2,2,1	ok
-1.159660	-31.911912	-46.840553	0.818238	continued:5	2551271318084545973874598171357715	20990728646998799749612	-1,0,0,1,0,-1,1	-12,-1,1,0,-5	ok
-1.158659	-31.911912	-47.272741	0.817323	continued:5	5581480901620820	12697	-1,0,0,1,0,1	-12,-1,-1,0,0	ok
-1.157658	-31.911912	-47.670796	0.816949	continued:5	42325633809076855334960485878295010	23902914107074057	-1,0,0,1,0,3	-12,-1,-1,4,2	ok
-1.156657	-31.911912	-48.031166	0.816782	full	50733816692033180835364485986870188028244531346301733540427521481070	2813467545698527	-1,0,0,1,0,11	-12,-1,0,8,0	ok
-1.155656	-31.911912	-45.412722	0.823912	continued:5	2286410551228202	113620252	-1,0,0,1,-1,0,0	-12,-1,0,2,0	ok
-1.154655	-31.911912	-45.914419	0.821118	continued:5	888310133025350	20010301303	-1,0,0,1,1,-1	-12,-1,0,1,-1,0	ok
-1.153654	-31.911912	-46.398227	0.818994	continued:5	325138094381840	28324078	-1,0,0,1,-2,0	-12,-1,0,-1,0,0	ok
-1.152653	-31.911912	-46.858115	0.817410	continued:5	2348569839792622097300	10068178397197506100436147926911532	-1,0,0,1,-4,0	-12,-1,0,0,11	ok
-1.151652	-31.911912	-47.289233	0.816495	continued:5	12902782337909922866638901848889990	438659174257376284765753	-1,0,0,1,10,-1	-12,-1,0,0,5	ok
-1.150651	-31.911912	-47.685980	0.816121	continued:5	11400405645422643298729969376025077	12503632763878	-1,0,0,1,11	-12,-1,0,0,2	ok
-1.149650	-31.911912	-48.044867	0.815954	full	100746851639	41965290589543	-1,0,0,-2,-1,0	-12,-1,0,0,-2,0	ok
-1.148649	-31.911912	-45.431855	0.823085	continued:5	2730241411579658084346225149385839	30972742693	-1,0,0,-2,0,-1,1	-12,-1,0,0,-2	ok
-1.147648	-31.911912	-45.933390	0.820291	continued:5	1930099514	17524318391684344132	-1,0,0,-2,0,0	-12,-1,0,0,-4	ok
-1.146647	-31.911912	-46.416704	0.818167	continued:5	169401379642039187893896989	2384050607413183575581851057097068	-1,0,0,2,0,2	-12,-1,0,0,-11	ok
-1.145646	-31.911912	-46.875775	0.816583	continued:5	29440575983714	51980	-1,0,0,2,1,0	-12,1,0,-1,0	ok
-1.144645	-31.911912	-47.305789	0.815668	continued:5	10629672020776565965864432559489	17455163	-1,0,0,2,5,-2	-12,1,0,1,-1	ok
-1.143644	-31.911912	-47.701201	0.815294	continued:5	388195479014	10068805	-1,0,0,-3,1	-12,1,0,-2,0	ok
-1.142643	-31.911912	-48.058584	0.815127	full	69175446989	15269291249855	-1,0,0,-3,0,0	-12,1,0,-6,0	ok
-1.141642	-31.911912	-45.450249	0.822307	continued:5	71866551458486065514	291068125105797968	-1,0,0,3,1,1	-12,1,0,11,0	ok
-1.140641	-31.911912	-45.951163	0.819513	continued:5	22344602472500	533419430	-1,0,0,-4,-1,0	-12,1,-1,-1,1	ok
-1.139640	-31.911912	-46.433585	0.817261	continued:5	1658492979375839	15377	-1,0,0,4,1,0	-12,1,-1,0,0	ok
-1.138639	-31.911912	-46.892718	0.815677	continued:5	581171625973589	3796115957677	-1,0,0,-5,0,-1	-12,1,1,-1,-1,-1	ok
-1.137638	-31.911912	-47.322402	0.814841	continued:5	3617040893573714	155792280601978777	-1,0,0,-6,0,-1	-12,1,1,-11,0	ok
-1.136637	-31.911912	-47.716456	0.814468	continued:5	18090447508940702	27005	-1,0,0,7,-1,0	-12,1,2,0	ok
-1.135636	-31.911912	-48.072317	0.814300	full	229134127860748171827680	154888777	-1,0,0,8,-4,0	-12,1,3,-2,0	ok
-1.134635	-31.911912	-45.466644	0.821351	continued:5	160679278086773360	53235698	-1,0,0,9,1	-12,1,-7,0,0	ok
-1.133634	-31.911912	-45.968949	0.818557	continued:5	1195637944795690739	2878697480	-1,0,0,-10,0,-1	-12,1,10,-2	ok
-1.132633	-31.911912	-46.452224	0.816433	continued:5	7075181992508984489	785803523	-1,0,0,10,1,0	-12,1,11,0	ok
-1.131632	-31.911912	-46.910498	0.814849	continued:5	2212699275748991946107614190106110	796982827	-1,0,0,10,10	-12,-2,11,0	ok
-1.130631	-31.911912	-47.339042	0.814013	continued:5	1139467034099134139	481353638299027	-1,0,0,-11,1	-12,-2,1,7,0	ok
-1.129630	-31.911912	-47.731732	0.813639	continued:5	372141760212965583239	146460340606312633	-1,0,0,-11,0,1	-12,-2,0,-11,0	ok
-1.128629	-31.911912	-48.086068	0.813472	full	592831039668499940	776858	-1,0,0,-11,0,0	-12,-2,0,1,0	ok
-1.127628	-31.911912	-45.486338	0.820524	continued:5	685651082034743054913380	10068178548390152406146274016549363	-1,0,0,11,0,-2	-12,-2,0,0,11	ok
-1.126627	-31.911912	-45.988366	0.817731	continued:5	577483965975447995	60008	-1,0,0,11,-1	-12,-2,0,-1,0	ok
-1.125626	-31.911912	-46.471042	0.815606	continued:5	20418100145580463205	38823329203	-1,0,0,11,1,0	-12,2,0,4	ok
-1.124625	-31.911912	-46.928405	0.814022	continued:5	148796449941073122410	282870471583141552	-1,0,0,11,-2,0	-12,2,-1,0,3	ok
-1.123624	-31.911912	-47.355766	0.813187	continued:5	1085338243606098556978914263990	73948400565190723	-1,0,0,11,-8	-12,2,1,-11	ok
-1.122623	-31.911912	-47.747054	0.812813	continued:5	3971662740580735235	20392865269718128	-1,0,-1,-11,0,-1	-12,2,4,-10	ok
-1.121622	-31.911912	-48.099834	0.812645	full	227934476860355201293502	2908213222	-1,0,-1,9,0,-2	-12,2,-11,0,-1	ok
-1.120621	-31.911912	-45.506170	0.819697	continued:5	230656862341518800	1497292	-1,0,-1,-4,0,1	-12,-3,-2,0,-1	ok
-1.119620	-31.911912	-46.007893	0.816903	continued:5	248936189410051071550116768831552918522601820862911548254377	19440707	-1,0,-1,2,1,8	-12,-3,0,1,-1	ok
-1.118619	-31.911912	-46.489943	0.814779	continued:5	390187256652511179127524182505744018496520	36833	-1,0,-1,1,11,-3	-12,3,0,1	ok
-1.117618	-31.911912	-46.946374	0.813195	continued:5	2989913550395	9568	-1,0,-1,1,1,0	-12,3,1,0	ok
-1.116617	-31.911912	-47.372533	0.812359	continued:5	274733014785739160	244317809993115443	-1,0,-1,-1,0,-1,0	-12,3,9,11	ok
-1.115616	-31.911912	-47.762404	0.811985	continued:5	139407761028037484737730995458058344684342672622704336160074231695	464143	-1,0,-1,-1,0,10	-12,-4,-1,0,-1	ok
-1.114615	-31.911912	-48.113618	0.811818	full	569017653828849823251631548253685	7390067	-1,0,-1,-1,10	-12,4,0,2	ok
-1.113614	-31.911912	-45.526128	0.818869	continued:5	10720099251337207156318279347094355	979894292	-1,0,-1,0,-11,0	-12,4,6,2	ok
-1.112613	-31.911912	-46.027520	0.816075	continued:5	711587891291202196594107081939215	22347932	-1,0,-1,0,8,1	-12,-5,0,1,-1	ok
-1.111612	-31.911912	-46.508922	0.813951	continued:5	29793160398072582005	7783090207	-1,0,-1,0,3,0	-12,5,4,3	ok
-1.110611	-31.911912	-46.964399	0.812367	continued:5	139306776402875793814520	87548	-1,0,-1,0,-2,0,-1	-12,6,0,1	ok
-1.109610	-31.911912	-47.389339	0.811531	continued:5	461468440451514820990637835197012285	34957	-1,0,-1,0,1,3	-12,-7,1,0	ok
-1.108609	-31.911912	-47.777780	0.811157	continued:5	202730693660	335107193	-1,0,-1,0,1,0	-12,7,-10,0	ok
-1.107608	-31.911912	-48.127418	0.810990	full	2903918937503498760302587274795	5819143	-1,0,-1,0,-1,0,1	-12,8,-1,-1,-1	ok
-1.106607	-31.911912	-45.543285	0.817914	continued:5	311604871511205528335	105742130	-1,0,-1,0,-1,0,-1	-12,-9,-1,0,1	ok
-1.105606	-31.911912	-46.045900	0.815249	continued:5	2903918937503498760302587274795	73897	-1,0,-1,0,-1,0,1	-12,9,1,0	ok
-1.104605	-31.911912	-46.526736	0.812996	continued:5	139370419424810	1352494022	-1,0,-1,0,1,-1	-12,9,11,-1	ok
-1.103604	-31.911912	-46.982550	0.811540	continued:5	187739159872437596173627156808651708964486893708078710051595110235	1781477872	-1,0,-1,0,1,10	-12,-10,0,2,-1	ok
-1.102603	-31.911912	-47.406227	0.810704	continued:5	3562294786632508556327	141407501881937	-1,0,1,0,2,1	-12,10,0,7	ok
-1.101602	-31.911912	-47.793203	0.810331	continued:5	885866684736524496869560842777624906377	3862787	-1,0,1,0,-5,3	-12,10,1,-2	ok
-1.100601	-31.911912	-48.141236	0.810163	full	528216936647526203354136365831327	1471447	-1,0,1,0,10	-12,10,4	ok
-1.099600	-31.911912	-45.562087	0.817086	continued:5	2173453202181004852640960158146928202	1908415067	-1,0,1,0,11,1	-12,10,-11,1	ok
-1.098599	-31.911912	-46.064438	0.814293	continued:5	65015995245258739431609190978322925021726810100213421689648576347152	5819532647	-1,0,1,-1,1,11	-12,10,11,-2	ok
-1.097598	-31.911912	-46.545948	0.812168	continued:5	729514427136760672577	9983723	-1,0,1,-1,0,-2	-12,-11,3,-1,0	ok
-1.096597	-31.911912	-47.000744	0.810712	continued:5	2845186110667605980401967132904881293658248795637499699448298938202	2689687267032067	-1,0,1,1,0,-11	-12,-11,-1,0,-3	ok
-1.095596	-31.911912	-47.423145	0.809877	continued:5	1620493729619840406527	6453071244743387	-1,0,1,1,4	-12,-11,0,9	ok
-1.094595	-31.911912	-47.808647	0.809503	continued:5	143164667252	254962048	-1,0,1,-2,-1,0	-12,-11,0,-2,-1	ok
-1.093594	-31.911912	-48.155070	0.809336	full	1274685003332758262876402	249548	-1,0,1,2,5	-12,-11,0,1	ok
-1.092593	-31.911912	-45.582648	0.816259	continued:5	14582446874623638751342709117010002	1469732	-1,0,1,3,11	-12,-11,0,-2	ok
-1.091592	-31.911912	-46.084542	0.813465	continued:5	1267133141029964119072762264361777	992551712	-1,0,1,6,10	-12,-11,0,3	ok
-1.090591	-31.911912	-46.565288	0.811341	continued:5	7492614921474871652	32618131050553633	-1,0,1,-10,-1,-1	-12,11,0,10	ok
-1.089590	-31.911912	-47.019030	0.809885	continued:5	9411596112466451180722963752419264	142285581366068998	-1,0,1,-11,-11	-12,11,0,11	ok
-1.088589	-31.911912	-47.440125	0.809049	continued:5	155754971233761902	815980	-1,0,1,-11,0	-12,11,-1,-1,0	ok
-1.087588	-31.911912	-47.824127	0.808675	continued:5	2179537708357205777	118618480	-1,0,1,11,1	-12,11,-1,0,1	ok
-1.086587	-31.911912	-48.168921	0.808508	full	2537939784902571611639145890427377	1370317	-1,0,1,11,10	-12,11,1,-1,0	ok
-1.085586	-31.911912	-45.600364	0.815432	continued:5	565065544096360846466376742727150629459866198355009130	35141617211395708	-1,0,-2,5,0,-7	-12,11,1,10	ok
-1.084585	-31.911912	-46.102050	0.812639	continued:5	395824380508130	200005	-1,0,-2,1,-2,0	-12,11,-2,0	ok
-1.083584	-31.911912	-46.582256	0.810514	continued:5	2272788861995428179687401600610401510	37834569906929380	-1,0,-2,-1,11,1	-12,11,2,10	ok
-1.082583	-31.911912	-47.035149	0.809058	continued:5	141996114303414688559003855	171177288154007668	-1,0,-2,0,5,-1	-12,11,3,11	ok
-1.081582	-31.911912	-47.455136	0.808015	continued:5	53975670765665	13810117	-1,0,-2,0,-2,0	-12,11,6	ok
-1.080581	-31.911912	-47.839648	0.807848	continued:5	40795716032899647899315	378056230	-1,0,-2,0,-4,-1	-12,11,10	ok
-1.079580	-31.911912	-48.182788	0.807681	full	10078052562861386749986589419006839	12603559506	-1,0,2,0,11	11,11,-11,2	ok
-1.078579	-31.911912	-45.621251	0.814604	continued:5	40007846953282137125991439360134389	378028734	-1,0,2,-1,0,3	11,11,10	ok
-1.077578	-31.911912	-46.122411	0.811810	continued:5	170135318013566545812284803072097504252	31143216356	-1,0,2,-2,0,-4	11,11,10,-3	ok
-1.076577	-31.911912	-46.601792	0.809686	continued:5	4655769143933865254563809934788740	762900369	-1,0,2,5,-11	11,11,10,-1	ok
-1.075576	-31.911912	-47.053578	0.808230	continued:5	61251597615820050089	384518024	-1,0,2,-11,2	11,11,-10,0	ok
-1.074575	-31.911912	-47.472214	0.807187	continued:5	12789226223680701830	7843969104	-1,0,2,11,-2	11,11,-10,2	ok
-1.073574	-31.911912	-47.855190	0.807020	continued:5	218470520998227459713144218375370907012239704461360505955243529377	182624694	-1,0,-3,-3,-2,10	11,11,9	ok
-1.072573	-31.911912	-48.196673	0.806853	full	10730530692249580974657778246914377	2019142356	-1,0,-3,0,-11,0	11,11,9,-2	ok
-1.071572	-31.911912	-45.639171	0.813649	continued:5	17559370695849375992858073752	186389756	-1,0,-3,0,5,1	11,11,-9,0	ok
-1.070571	-31.911912	-46.141381	0.810983	continued:5	6379812349693656023196569956733265494658305926139240227661627	58329055106	-1,0,3,-1,0,-9	11,11,-9,3	ok
-1.069570	-31.911912	-46.620043	0.808859	continued:5	26714968923830	82966499	-1,0,3,-6,0	11,11,8	ok
-1.068569	-31.911912	-47.070820	0.807275	continued:5	2380694871471009170	190212738	-1,0,3,11,1	11,11,8,-1	ok
-1.067568	-31.911912	-47.489365	0.806360	continued:5	1717534657484549124389	129790194	-1,0,-4,-1,-4,0	11,11,-8,-1	ok
-1.066567	-31.911912	-47.870774	0.806193	continued:5	10087935276692141013124874753474075	35166669	-1,0,4,0,11	11,11,7	ok
-1.065566	-31.911912	-48.210575	0.806026	full	3173347650834250343027	198034829	-1,0,4,-10,3	11,11,7,1	ok
-1.064565	-31.911912	-45.660530	0.812822	continued:5	578642047198880	36265364	-1,0,-5,1,-2,0	11,11,-7,0	ok
-1.063564	-31.911912	-46.162112	0.810156	continued:5	615404181922880	106639612431590681	-1,0,5,1,-2,0	11,11,-7,-11	ok
-1.062563	-31.911912	-46.639860	0.808032	continued:5	1513284296618406620	13804863	-1,0,-6,10,-1,0	11,11,6	ok
-1.061562	-31.911912	-47.089449	0.806448	continued:5	1028645444190091484682002	91550724	-1,0,6,-2,5	11,11,6,1	ok
-1.060561	-31.911912	-47.506576	0.805533	continued:5	10100300593025222544037398285649430	14351381	-1,0,-7,0,11	11,11,-6,0	ok
-1.059560	-31.911912	-47.886393	0.805366	continued:5	9439545707526243812619058896030014	23836038	-1,0,7,-11,-11	11,11,-6,-1	ok
-1.058559	-31.911912	-48.224494	0.805199	full	530654460146656610796673972001180	4997519	-1,0,-8,0,10	11,11,5	ok
-1.057558	-31.911912	-45.678791	0.811994	continued:5	868799503358767577	4997519	-1,0,8,11,-1	11,11,5	ok
-1.056557	-31.911912	-46.180044	0.809200	continued:5	20776889689209512165669842832627	60330353181	-1,0,-9,0,9	11,11,5,-4	ok
-1.055556	-31.911912	-46.658398	0.807076	continued:5	4817797684530845	39716306	-1,0,9,-3,2	11,11,5,1	ok
-1.054555	-31.911912	-47.108124	0.805620	continued:5	3085033331760243215	8767556	-1,0,9,11,1	11,11,5,0	ok
-1.053554	-31.911912	-47.523819	0.804705	continued:5	714221216483433119648679961205	5253639	-1,0,-10,1,8	11,11,-5,0	ok
-1.052553	-31.911912	-47.902035	0.804538	continued:5	109461200626696453135112257793390	5253639	-1,0,-10,0,-10	11,11,-5,0	ok
-1.051552	-31.911912	-48.238430	0.804371	full	91304139232668165435113976989	98413413	-1,0,10,-1,-8	11,11,-5,-2	ok
-1.050551	-31.911912	-45.699104	0.811039	continued:5	2938531575988866850387498077950780	93612332016437163	-1,0,10,-2,-11	11,11,-5,-11	ok
-1.049550	-31.911912	-46.201098	0.808374	continued:5	692548097075639	1677174	-1,0,10,5,1	11,11,4	ok
-1.048549	-31.911912	-46.678458	0.806249	continued:5	66523669472059877	1677174	-1,0,10,10	11,11,4	ok
-1.047548	-31.911912	-47.126927	0.804793	continued:5	266381771633273714	1677174	-1,0,10,-11,0	11,11,4	ok
-1.046547	-31.911912	-47.541145	0.803878	continued:5	16919044620720444620	20466017783419434	-1,0,10,11,-2	11,11,4,-10	ok
-1.045546	-31.911912	-47.917724	0.803711	continued:5	258767711311112225	9358057297556	-1,0,10,11	11,11,4,-6	ok
-1.044545	-31.911912	-48.252382	0.803544	full	532522937708164100	1680347384	-1,0,-11,-11,-1	11,11,4,-3	ok
-1.043544	-31.911912	-45.720975	0.810211	continued:5	118215108641327	65866481	-1,0,-11,4,1	11,11,4,-2	ok
-1.042543	-31.911912	-46.222232	0.807546	continued:5	2939371696550964213105015833391152	16088606	-1,0,-11,-2,-11	11,11,4,1	ok
-1.041542	-31.911912	-46.698578	0.805421	continued:5	2064898715	5519481	-1,0,-11,-1,0	11,11,4,-1	ok
-1.040541	-31.911912	-47.145774	0.803965	continued:5	253480609588061528825	5519481	-1,0,-11,-1,-2,1	11,11,4,-1	ok
-1.039540	-31.911912	-47.558503	0.803050	continued:5	10120112685661138170022855667962415	1790756	-1,0,-11,0,11	11,11,-4,0	ok
-1.038539	-31.911912	-47.933435	0.802883	continued:5	10120112685661138170022855667962415	1790756	-1,0,-11,0,11	11,11,-4,0	ok
-1.037538	-31.911912	-48.266352	0.802716	full	2398780970005435642570851271366940	1790756	-1,0,-11,0,-11	11,11,-4,0	ok
-1.036537	-31.911912	-45.743225	0.809385	continued:5	2398780970005435642570851271366940	1790756	-1,0,-11,0,-11	11,11,-4,0	ok
-1.035536	-31.911912	-46.243660	0.806720	continued:5	2398780970005435642570851271366940	1790756	-1,0,-11,0,-11	11,11,-4,0	ok
-1.034535	-31.911912	-46.718919	0.804595	continued:5	10120112685661138170022855667962415	1790756	-1,0,-11,0,11	11,11,-4,0	ok
-1.033534	-31.911912	-47.164777	0.803139	continued:5	10120112685661138170022855667962415	3270381	-1,0,-11,0,11	11,11,-4,-1	ok
-1.032533	-31.911912	-47.575961	0.802224	continued:5	10120112685661138170022855667962415	3270381	-1,0,-11,0,11	11,11,-4,-1	ok
-1.031532	-31.911912	-47.949200	0.802057	continued:5	639318024489151752475226083964	9974789	-1,0,11,-1,8	11,11,-4,1	ok
-1.030531	-31.911912	-48.280339	0.801890	full	7422120897398350257024282839	9974789	-1,0,11,-1,1,2	11,11,-4,1	ok
-1.029530	-31.911912	-45.765434	0.808557	continued:5	2760802277	43407881	-1,0,11,-1,0	11,11,-4,-2	ok
-1.028529	-31.911912	-46.265058	0.805891	continued:5	2760802277	227324481	-1,0,11,-1,0	11,11,-4,2	ok
-1.027528	-31.911912	-46.739238	0.803766	continued:5	14722188961717048502	33499461039	-1,0,11,1,1,1	11,11,-4,-4	ok
-1.026527	-31.911912	-47.183766	0.802311	continued:5	1963910964068782020752	233113871587256	-1,0,11,1,4	11,11,-4,7	ok
-1.025526	-31.911912	-47.593415	0.801396	continued:5	2748410727023552264172567487936652	19668086131956306	-1,0,11,1,-11	11,11,-4,-10	ok
-1.024525	-31.911912	-47.964971	0.801229	continued:5	11461067044881680148887727388569452	42213042762998606	-1,0,11,1,11	11,11,-4,10	ok
-1.023524	-31.911912	-48.294344	0.801061	full	24099046887510833252	87638314456683881	-1,0,11,-2,1,1	11,11,-4,-11	ok
-1.022523	-31.911912	-45.785097	0.807651	continued:5	62383067252	87638314456683881	-1,0,11,-2,-1	11,11,-4,-11	ok
-1.021522	-31.911912	-46.284938	0.804985	continued:5	151997257086416326857410428897577	176461493281327914	-1,0,11,2,-10	11,11,-4,11	ok
-1.020521	-31.911912	-46.758926	0.802861	continued:5	3362080192559864422878675295276502	176461493281327914	-1,0,11,-3,-11	11,11,-4,11	ok
-1.019520	-31.911912	-47.202896	0.801484	continued:5	53081390989277	176461493281327914	-1,0,11,3,-1,0	11,11,-4,11	ok
-1.018519	-31.911912	-47.610959	0.800569	continued:5	15569326999255168856240032436434652	171177287568896931	-1,0,11,-4,11	11,11,3,11	ok
-1.017518	-31.911912	-47.980792	0.800402	continued:5	4102565177694812256954757545387152	171177287568896931	-1,0,11,4,-11	11,11,3,11	ok
-1.016517	-31.911912	-48.308365	0.800234	full	18659526984747129402854690897658752	171177287568896931	-1,0,11,5,11	11,11,3,11	ok
-1.015516	-31.911912	-45.807800	0.806823	continued:5	650820692900777	171177287568896931	-1,0,11,-7,0	11,11,3,11	ok
-1.014515	-31.911912	-46.306721	0.804158	continued:5	3418270043986877	171177287568896931	-1,0,11,8	11,11,3,11	ok
-1.013514	-31.911912	-46.779533	0.802033	continued:5	2482236309135196996877	171177287568896931	-1,0,11,9,3	11,11,3,11	ok
-1.012513	-31.911912	-47.222089	0.800656	continued:5	576388608237005027	171177287568896931	-1,0,11,-10,1	11,11,3,11	ok
-1.011512	-31.911912	-47.628547	0.799741	continued:5	1057812880678320902	171177287568896931	-1,0,11,10,1	11,11,3,11	ok
-1.010511	-31.911912	-47.996641	0.799574	continued:5	71224467138363002	171177287568896931	-1,0,11,10	11,11,3,11	ok
-1.009510	-31.911912	-48.322403	0.799407	full	71224467138363002	171177287568896931	-1,0,11,10	11,11,3,11	ok
-1.008509	-31.911912	-45.827284	0.805790	continued:5	2384749690750803050138572164712577	171177287568896931	-1,0,11,-11,10	11,11,3,11	ok
-1.007508	-31.911912	-46.327695	0.803331	continued:5	1902531429220853027	171177287568896931	-1,0,11,-11,1	11,11,3,11	ok
-1.006507	-31.911912	-46.799387	0.801206	continued:5	546776432642569589	171177287568896931	-1,0,11,-11,-1	11,11,3,11	ok
-1.005506	-31.911912	-47.240582	0.799750	continued:5	150653516125110077	171177287568896931	-1,-1,11,-10,-1	11,11,3,11	ok
-1.004505	-31.911912	-47.646203	0.798914	continued:5	23807037557402255	171177287568896931	-1,-1,11,-5,-1,-1	11,11,3,11	ok
-1.003504	-31.911912	-48.012529	0.798747	continued:5	3144515924577754269023277761725077	171177287568896931	-1,-1,11,2,-11	11,11,3,11	ok
-1.002503	-31.911912	-48.336459	0.798580	full	11461067128193435455891675531342160	171177287568896931	-1,-1,11,1,11	11,11,3,11	ok
-1.001502	-31.911912	-45.849349	0.805090	continued:5	3258283988007789358540439159531241819681014479993003217633687028527	171177287568896931	-1,-1,11,-1,-1,-11	11,11,3,11	ok
-1.000501	-31.911912	-46.347558	0.802297	continued:5	140210981796541857130048298248134	171177287568896931	-1,-1,-11,-1,-9,-1	11,11,3,11	ok
-0.999499	-31.911912	-46.820242	0.800379	continued:5	2567647988496652850877349572623559	171177287568896931	-1,-1,-11,-1,-11	11,11,3,11	ok
-0.998498	-31.911912	-47.259952	0.798923	continued:5	68170670582184	176461493281327914	-1,-1,-11,1,-1,-1	11,11,-4,11	ok
-0.997497	-31.911912	-47.663907	0.798087	continued:5	300554013453759	176461493281327914	-1,-1,-11,-5,1	11,11,-4,11	ok
-0.996496	-31.911912	-48.028447	0.797920	continued:5	10063242789299847618125379691407534	176461493281327914	-1,-1,10,11,-11	11,11,-4,11	ok
-0.995495	-31.911912	-48.350532	0.797752	full	959237194910155434	176461493281327914	-1,-1,10,11,-1	11,11,-4,11	ok
-0.994494	-31.911912	-45.870889	0.804056	continued:5	1774931945341807789282861670	176461493281327914	-1,-1,10,-3,-1,2	11,11,-4,11	ok
-0.993493	-31.911912	-46.370323	0.801597	continued:5	12182182293835168652645431294618370	87638314456683881	-1,-1,-10,-2,11	11,11,-4,-11	ok
-0.992492	-31.911912	-46.840406	0.799473	continued:5	363412634306709207285	87638314456683881	-1,-1,9,2,-3,-1	11,11,-4,-11	ok
-0.991491	-31.911912	-47.279420	0.798096	continued:5	4889541248561276767684910340027	87638314456683881	-1,-1,-8,-1,-8,-1	11,11,-4,-11	ok
-0.990490	-31.911912	-47.681676	0.797260	continued:5	15793173463631111865	87638314456683881	-1,-1,6,9,2	11,11,-4,-11	ok
-0.989489	-31.911912	-48.044403	0.797093	continued:5	614683241174224059519960284559930	42213042762998606	-1,-1,-5,1,10	11,11,-4,10	ok
-0.988488	-31.911912	-48.364622	0.796925	full	6675751458920079902	19668086131956306	-1,-1,-4,-1,1,1	11,11,-4,-10	ok
-0.987487	-31.911912	-45.891947	0.803229	continued:5	31634095941578452225021084082028159	8837980544347856	-1,-1,3,-10,11	11,11,-4,9	ok
-0.986486	-31.911912	-46.390534	0.800564	continued:5	71324280753270833422926010903502	82364922478806	-1,-1,-3,-2,-4,2	11,11,-4,-7	ok
-0.985485	-31.911912	-46.861520	0.798646	continued:5	97994131098869979290	152809122356	-1,-1,2,11,2	11,11,-4,4	ok
-0.984484	-31.911912	-47.298972	0.797269	continued:5	74238055659931237029144232138893800	6719012981	-1,-1,2,-5,-11,-1	11,11,-4,3	ok
-0.983483	-31.911912	-47.699501	0.796433	continued:5	65015996191673340053508823664310353395698968984547327634785745768560	227324481	-1,-1,-2,-1,1,11	11,11,-4,2	ok
-0.982482	-31.911912	-48.060392	0.796266	continued:5	137486102278330080	227324481	-1,-1,-2,-2,-2,-1	11,11,-4,2	ok
-0.981481	-31.911912	-48.378729	0.796098	full	2228514553040073615	43407881	-1,-1,-2,11,1	11,11,-4,-2	ok
-0.980480	-31.911912	-45.914370	0.802356	continued:5	29350371975230283948184074689565	9974789	-1,-1,1,11,-9	11,11,-4,1	ok
-0.979479	-31.911912	-46.412407	0.799897	continued:5	2179672624571026815	9974789	-1,-1,1,11,1	11,11,-4,1	ok
-0.978478	-31.911912	-46.880522	0.797773	continued:5	59482721231351861652	9974789	-1,-1,1,-11,2	11,11,-4,1	ok
-0.977477	-31.911912	-47.317053	0.796396	continued:5	1370883126329512517295	9974789	-1,-1,1,-10,-1,1	11,11,-4,1	ok
-0.976476	-31.911912	-47.716418	0.795560	continued:5	1949745307073850	3270381	-1,-1,1,-4,-1,-1	11,11,-4,-1	ok
-0.975475	-31.911912	-48.075968	0.795393	continued:5	436540057073428391597502	3270381	-1,-1,1,-2,1,-2	11,11,-4,-1	ok
-0.974474	-31.911912	-48.392853	0.795226	full	50230212934783771526644728687556820	3270381	-1,-1,1,1,-11,-1	11,11,-4,-1	ok
-0.973473	-31.911912	-45.936795	0.801490	continued:5	4273266274758292687839568968113583734596578003699272597774186546309	3270381	-1,-1,-1,1,-2,-11	11,11,-4,-1	ok
-0.972472	-31.911912	-46.434189	0.798825	continued:5	5695183504492614029263277	3270381	-1,-1,-1,-1,-1,-1,-1	11,11,-4,-1	ok
-0.971471	-31.911912	-46.903370	0.796907	continued:5	5695183504492614029263277	3270381	-1,-1,-1,-1,-1,-1,-1	11,11,-4,-1	ok
-0.970470	-31.911912	-47.338471	0.795530	continued:5	5695183504492614029263277	3270381	-1,-1,-1,-1,-1,-1,-1	11,11,-4,-1	ok
-0.969469	-31.911912	-47.736211	0.794821	continued:5	5695183504492614029263277	9974789	-1,-1,-1,-1,-1,-1,-1	11,11,-4,1	ok
-0.968468	-31.911912	-48.092886	0.794654	continued:5	5695183504492614029263277	16088606	-1,-1,-1,-1,-1,-1,-1	11,11,4,1	ok
-0.967467	-31.911912	-48.406994	0.794280	full	5695183504492614029263277	65866481	-1,-1,-1,-1,-1,-1,-1	11,11,4,-2	ok
-0.966466	-31.911912	-45.442018	0.803408	continued:5	9455884669399194411285719551861809	65866481	-1,-1,-1,-1,-1,-1,1	11,11,4,-2	ok
-0.965465	-31.911912	-45.966746	0.800615	continued:5	3731412670427178864215626415716304755986699930799503872493096426284	1680347384	-1,-1,-1,-1,1,-11	11,11,4,-3	ok
-0.964464	-31.911912	-46.461747	0.797949	continued:5	612975974045186771750349988600077	40940195856	-1,-1,-1,1,10	11,11,4,-4	ok
-0.963463	-31.911912	-46.928420	0.796031	continued:5	660332342333133991348262286444945	89062695990681	-1,-1,1,-2,10	11,11,4,-7	ok
-0.962462	-31.911912	-47.360904	0.794654	continued:5	3573718492221111939274377790205652	1677174	-1,-1,1,3,-11	11,11,4	ok
-0.961461	-31.911912	-47.755962	0.793946	continued:5	335323734645680640	1677174	-1,-1,1,-10,1	11,11,4	ok
-0.960460	-31.911912	-48.109946	0.793572	continued:5	1195551947784741777	1677174	-1,-1,1,-11,1	11,11,4	ok
-0.959459	-31.911912	-48.423177	0.793199	full	905935199809052036453202	90582183964637981	-1,-1,1,11,4	11,11,4,-11	ok
-0.958458	-31.911912	-45.463251	0.802324	continued:5	74300622636823565572354995	90582183964637981	-1,1,-2,11,5	11,11,4,-11	ok
-0.957457	-31.911912	-45.989053	0.799531	continued:5	23581390456002364386934978876935734	90582183964637981	-1,1,-2,7,11	11,11,4,-11	ok
-0.956456	-31.911912	-46.484569	0.796865	continued:5	308979777508387379838797288667620	181888053740204856	-1,1,-2,1,4,2	11,11,4,11	ok
-0.955455	-31.911912	-46.951242	0.794947	continued:5	26852109198444035974209442342004	181888053740204856	-1,1,2,-11,-9	11,11,4,11	ok
-0.954454	-31.911912	-47.383279	0.793698	continued:5	1284164670894624414	181888053740204856	-1,1,-3,-11,1	11,11,4,11	ok
-0.953453	-31.911912	-47.776367	0.792990	continued:5	35516784319777813802050599547149549	181888053740204856	-1,1,3,-11,11	11,11,4,11	ok
-0.952452	-31.911912	-48.128272	0.792616	continued:5	13698584463564	181888053740204856	-1,1,4,-4,1	11,11,4,11	ok
-0.951451	-31.911912	-48.439382	0.792115	full	14728973532463251830	181888053740204856	-1,1,6,11,-2	11,11,4,11	ok
-0.950450	-31.911912	-45.490706	0.801366	continued:5	568019701381590420727294220635334	187460247381198864	-1,1,8,-11,-10	11,11,-5,11	ok
-0.949449	-31.911912	-46.015524	0.798573	continued:5	62115620867970074	187460247381198864	-1,1,9,10	11,11,-5,11	ok
-0.948448	-31.911912	-46.509799	0.795907	continued:5	2746034893274310399475062980450939	93612332016437163	-1,1,-10,1,-11	11,11,-5,-11	ok
-0.947447	-31.911912	-46.974960	0.793989	continued:5	132958060904839289	45373005725569269	-1,1,10,-11	11,11,-5,10	ok
-0.946446	-31.911912	-47.405248	0.792740	continued:5	258822289981484865	32628588955314	-1,1,10,11	11,11,-5,6	ok
-0.945445	-31.911912	-47.796407	0.791904	continued:5	266409659172027215	454104294	-1,1,-11,11	11,11,-5,2	ok
-0.944444	-31.911912	-48.147391	0.791737	continued:5	68859143774746730	98413413	-1,1,-11,10	11,11,-5,-2	ok
-0.943443	-31.911912	-48.455609	0.791029	full	21883766399955	25500489	-1,1,-11,-2,-2	11,11,-5,1	ok
-0.942442	-31.911912	-45.519013	0.800406	continued:5	11458303760521400466566175578241515	25500489	-1,1,-11,1,11	11,11,-5,1	ok
-0.941441	-31.911912	-46.042739	0.797612	continued:5	2747618620729822972997999573314280	25500489	-1,1,-11,1,-11	11,11,-5,1	ok
-0.940440	-31.911912	-46.535680	0.794947	continued:5	2747618620729822972997999573314280	630568806	-1,1,-11,1,-11	11,11,5,2	ok
-0.939439	-31.911912	-46.999245	0.793029	continued:5	11458303760521400466566175578241515	60330353181	-1,1,-11,1,11	11,11,5,-4	ok
-0.938438	-31.911912	-47.427708	0.791780	continued:5	671644556505	4997519	-1,1,-11,-2,1	11,11,5	ok
-0.937437	-31.911912	-47.816875	0.790944	continued:5	12964223131137107090724839992099385	4997519	-1,1,11,2,11	11,11,5	ok
-0.936436	-31.911912	-48.165767	0.790777	continued:5	14650829886569144997149656768268405	96730919788974884	-1,1,11,3,11	11,11,5,-11	ok
-0.935435	-31.911912	-48.471858	0.789941	full	3420396908377685	96730919788974884	-1,1,11,8	11,11,5,-11	ok
-0.934434	-31.911912	-45.547091	0.799395	continued:5	160297859613055400	193181415392166306	-1,1,11,-9,1	11,11,5,11	ok
-0.933433	-31.911912	-46.070255	0.796601	continued:5	319033541375542413440	193181415392166306	-1,1,11,-10,-3	11,11,5,11	ok
-0.932432	-31.911912	-46.562305	0.793936	continued:5	71245207723693850	193181415392166306	-1,1,11,10	11,11,5,11	ok
-0.931431	-31.911912	-47.024649	0.792018	continued:5	71245207723693850	193181415392166306	-1,1,11,10	11,11,5,11	ok
-0.930430	-31.911912	-47.451603	0.790769	continued:5	9458219238709750297562450923698584	99940153441890113	-1,1,11,-11,-11	11,11,-6,-11	ok
-0.929429	-31.911912	-47.839039	0.790060	continued:5	141555165249160145	48738343652471006	-1,1,11,-11	11,11,-6,10	ok
-0.928428	-31.911912	-48.184936	0.789893	continued:5	79384843242973415630	1102950363356	-1,1,11,-11,2	11,11,-6,-5	ok
-0.927427	-31.911912	-48.488130	0.788851	full	40792261775354663227877	210217238	-1,-2,11,-10,-4	11,11,-6,-2	ok
-0.926426	-31.911912	-45.574948	0.798303	continued:5	52152234549438919867969139	210217238	-1,-2,11,10,5	11,11,-6,-2	ok
-0.925425	-31.911912	-46.098391	0.795510	continued:5	18659527344980734553853397073509034	866008131	-1,-2,11,5,11	11,11,-6,2	ok
-0.924424	-31.911912	-46.590259	0.793051	continued:5	21907834327469	42319139804349	-1,-2,-11,-2,-2	11,11,6,6	ok
-0.923423	-31.911912	-47.049984	0.791133	continued:5	21907834327469	13804863	-1,-2,-11,-2,-2	11,11,6	ok
-0.922422	-31.911912	-47.474237	0.789883	continued:5	569017504865071550360191629811394	13804863	-1,-2,-11,-11,-10	11,11,6	ok
-0.921421	-31.911912	-47.858934	0.789175	continued:5	190812407292824022904254307019	13804863	-1,-2,10,11,7	11,11,6	ok
-0.920420	-31.911912	-48.202112	0.788801	continued:5	138868154688493354999842070277264	13804863	-1,-2,-10,11,9	11,11,6	ok
-0.919419	-31.911912	-48.504424	0.787759	full	2540157455882150987252042179509914	13804863	-1,-2,-3,11,10	11,11,6	ok
-0.918418	-31.911912	-45.603114	0.797416	continued:5	2540897029326828734899081384885244	211273139008590981	-1,-2,3,11,10	11,11,-7,11	ok
-0.917417	-31.911912	-46.124618	0.794622	continued:5	2540157455882150987252042179509914	106639612431590681	-1,-2,-3,11,10	11,11,-7,-11	ok
-0.916416	-31.911912	-46.614429	0.791957	continued:5	8843327644264423807444048400592194	349274736198719	-1,-2,2,10,-11	11,11,-7,7	ok
-0.915415	-31.911912	-47.073944	0.790166	continued:5	5695183504485864105705494	1583803599	-1,-2,-2,-2,-2,-2	11,11,-7,2	ok
-0.914414	-31.911912	-47.496379	0.788917	continued:5	371299030837877	1583803599	-1,-2,-2,-2,2	11,11,-7,2	ok
-0.913413	-31.911912	-47.879101	0.788081	continued:5	35501916353451822437485811873715254	35166669	-1,-2,2,-11,11	11,11,7	ok
-0.912412	-31.911912	-48.221331	0.787914	continued:5	5402169505405031466282944	35166669	-1,-2,-3,10,-5	11,11,7	ok
-0.911411	-31.911912	-48.520741	0.786665	full	77166169500648752874	35166669	-1,2,10,-11,2	11,11,7	ok
-0.910410	-31.911912	-45.631470	0.796320	continued:5	3357357971443173759453545882970549	35166669	-1,2,-9,-3,-11	11,11,7	ok
-0.909409	-31.911912	-46.153169	0.793526	continued:5	66563084335501754	35166669	-1,2,10,10	11,11,7	ok
-0.908408	-31.911912	-46.642718	0.791068	continued:5	258876877285256580	35166669	-1,2,10,11	11,11,7	ok
-0.907407	-31.911912	-47.099549	0.789150	continued:5	15948184972007925	224143326900902481	-1,2,-11,9	11,11,-8,11	ok
-0.906406	-31.911912	-47.520415	0.787900	continued:5	12961145205363228576890838289250625	54512439	-1,2,-11,2,11	11,11,-8	ok
-0.905405	-31.911912	-47.901364	0.787192	continued:5	3361135389913392104612348209320210	18640192276239	-1,2,-11,-3,-11	11,11,-8,-6	ok
-0.904404	-31.911912	-48.240576	0.787025	continued:5	18659527465058604096608048985587015	2789484756	-1,2,11,5,11	11,11,-8,2	ok
-0.903403	-31.911912	-48.537079	0.785569	full	761134830213506099881004	10356123381	-1,2,11,-11,4	11,11,-8,-3	ok
-0.902402	-31.911912	-45.817032	0.794491	continued:5	71265952838553209	82966499	-1,2,11,10	11,11,8	ok
-0.901401	-31.911912	-46.328254	0.791698	continued:5	9458219382979249538101646772678854	82966499	-1,2,11,-11,-11	11,11,8	ok
-0.900400	-31.911912	-46.807997	0.789366	continued:5	75796608297523934364830	82966499	-1,2,11,-11,-4	11,11,8	ok
-0.899399	-31.911912	-47.253969	0.787783	continued:5	9458219455113999777287945141745974	82966499	-1,-3,11,-11,-11	11,11,8	ok
-0.898398	-31.911912	-47.661109	0.786740	continued:5	14647404394393131601857381549746040	82966499	-1,-3,-11,3,11	11,11,8	ok
-0.897397	-31.911912	-48.027195	0.786239	continued:5	33628934441983827160054818437598140	82966499	-1,-3,-11,10,11	11,11,8	ok
-0.896396	-31.911912	-48.350798	0.787281	full	208017183374041705027333311919499	82966499	-1,-3,-3,4,-10	11,11,8	ok
-0.895395	-31.911912	-45.841073	0.793653	continued:5	9427891589031540311645989580436249	237695159416201809	-1,-3,-5,-11,-11	11,11,-9,11	ok
-0.894394	-31.911912	-46.351139	0.790860	continued:5	823811241249306773799425206942824	121228521779264606	-1,-3,-3,3,10	11,11,-9,-11	ok
-0.893393	-31.911912	-46.829517	0.788529	continued:5	504370053233823721587782999	124102113	-1,-3,-4,-11,-6	11,11,-9	ok
-0.892392	-31.911912	-47.273929	0.786945	continued:5	244317794614570910	1123366609539881	-1,3,9,11	11,11,-9,-8	ok
-0.891391	-31.911912	-47.679356	0.785902	continued:5	266521234145391524	207076048809	-1,3,-11,11	11,11,-9,-4	ok
-0.890390	-31.911912	-48.043634	0.785401	continued:5	14647404494533226573628239649562775	58329055106	-1,3,-11,3,11	11,11,-9,3	ok
-0.889389	-31.911912	-48.365391	0.786316	full	519726803135929120872941327	7482152899356	-1,3,11,-11,-6	11,11,-9,5	ok
-0.888388	-31.911912	-45.863707	0.792765	continued:5	71286702483600515	182624694	-1,3,11,10	11,11,9	ok
-0.887387	-31.911912	-46.373275	0.789972	continued:5	141624605029829630	182624694	-1,3,11,-11	11,11,9	ok
-0.886386	-31.911912	-46.850847	0.787847	continued:5	4534761188928866242388085	182624694	-1,-4,11,-10,-5	11,11,9	ok
-0.885385	-31.911912	-47.292216	0.786057	continued:5	63681032479100644793545794	182624694	-1,-4,-11,-11,5	11,11,9	ok
-0.884384	-31.911912	-47.696576	0.785014	continued:5	496010303522032276395	182624694	-1,-4,-6,-4,-4	11,11,9	ok
-0.883383	-31.911912	-48.059607	0.784513	continued:5	10041066662351209426909098728046450	182624694	-1,-4,-6,11,-11	11,11,9	ok
-0.882382	-31.911912	-48.380003	0.785349	full	71307456659495252	182624694	-1,4,11,10	11,11,9	ok
-0.881381	-31.911912	-45.885042	0.791924	continued:5	229166014462394	178935881	-1,4,-11,-7	11,-11,9	ok
-0.880380	-31.911912	-46.393755	0.789131	continued:5	141659334499190627	178935881	-1,4,11,-11	11,-11,9	ok
-0.879379	-31.911912	-46.870227	0.786799	continued:5	71317835446716509	178935881	-1,-5,11,10	11,-11,9	ok
-0.878378	-31.911912	-47.312237	0.785216	continued:5	133074018715247624	178935881	-1,-5,10,-11	11,-11,9	ok
-0.877377	-31.911912	-47.714870	0.784173	continued:5	113537918443018874	178935881	-1,-5,-8,-11	11,-11,9	ok
-0.876376	-31.911912	-48.076084	0.783672	continued:5	31856181955002	251932638949772564	-1,5,-11,-6	11,-11,-10,11	ok
-0.875375	-31.911912	-48.394632	0.784380	full	68950177114023764	251932638949772564	-1,-6,-11,10	11,-11,-10,11	ok
-0.874374	-31.911912	-45.914428	0.791082	continued:5	79965890330085734728891514	129141255055552754	-1,-6,-11,-6,-6	11,-11,-10,-11	ok
-0.873373	-31.911912	-46.421333	0.788288	continued:5	50413473332352935	129141255055552754	-1,-6,6,10	11,-11,-10,-11	ok
-0.872372	-31.911912	-46.895867	0.786036	continued:5	229726793806145	129141255055552754	-1,6,-11,-7	11,-11,-10,-11	ok
-0.871371	-31.911912	-47.335057	0.784452	continued:5	141728812599880190	259771799	-1,6,11,-11	11,-11,-10	ok
-0.870370	-31.911912	-47.734890	0.783410	continued:5	259122627014954184	259771799	-1,-7,10,11	11,-11,-10	ok
-0.869369	-31.911912	-48.093366	0.782908	continued:5	133156892149412054	259771799	-1,7,10,-11	11,-11,-10	ok
-0.868368	-31.911912	-48.409279	0.783410	full	141763561232774924	259771799	-1,7,11,-11	11,-11,-10	ok
-0.867367	-31.911912	-45.938783	0.790237	continued:5	141780937945202402	259771799	-1,-8,11,-11	11,-11,-10	ok
-0.866366	-31.911912	-46.444461	0.787444	continued:5	129044058931734452	259771799	-1,-8,-10,-11	11,-11,-10	ok
-0.865365	-31.911912	-46.917567	0.785192	continued:5	259204582460253429	259771799	-1,8,10,11	11,-11,-10	ok
-0.864364	-31.911912	-47.355147	0.783608	continued:5	33705183358959579	259771799	-1,8,-11,-10	11,-11,-10	ok
-0.863363	-31.911912	-47.753233	0.782566	continued:5	141798316255080485	259771799	-1,8,11,-11	11,-11,-10	ok
-0.862362	-31.911912	-48.109881	0.782064	continued:5	15992107707202640	259771799	-1,-9,-11,9	11,-11,-10	ok
-0.861361	-31.911912	-48.423944	0.782438	full	125058875180941715	259771799	-1,-9,9,-11	11,-11,-10	ok
-0.860360	-31.911912	-45.961288	0.789343	continued:5	125058875180941715	259771799	-1,-9,9,-11	11,-11,-10	ok
-0.859359	-31.911912	-46.466449	0.786550	continued:5	266856169355599019	371649194	-1,9,-11,11	11,-11,10	ok
-0.858358	-31.911912	-46.938733	0.784297	continued:5	15995490132955424	371649194	-1,9,-11,9	11,-11,10	ok
-0.857357	-31.911912	-47.375221	0.782714	continued:5	69021043202941934	371649194	-1,9,-11,10	11,-11,10	ok
-0.856356	-31.911912	-47.772004	0.781671	continued:5	141833077667580077	371649194	-1,9,11,-11	11,-11,10	ok
-0.855355	-31.911912	-48.127202	0.781297	continued:5	141833077667580077	371649194	-1,9,11,-11	11,-11,10	ok
-0.854354	-31.911912	-48.438627	0.781464	full	141850460770397399	371649194	-1,-10,11,-11	11,-11,10	ok
-0.853353	-31.911912	-45.983347	0.788496	continued:5	71421685645289384	371649194	-1,-10,11,10	11,-11,10	ok
-0.852352	-31.911912	-46.487538	0.785702	continued:5	33722935387327305	371649194	-1,-10,-11,-10	11,-11,10	ok
-0.851351	-31.911912	-46.958621	0.783450	continued:5	137486092839527655	371649194	-1,-10,-11,-11	11,-11,10	ok
-0.850350	-31.911912	-47.393706	0.781866	continued:5	259286557345041735	371649194	-1,-10,10,11	11,-11,10	ok
-0.849349	-31.911912	-47.788933	0.780824	continued:5	133239804286170134	371649194	-1,-10,10,-11	11,-11,10	ok
-0.848348	-31.911912	-48.142482	0.780322	continued:5	64459523557284590	371649194	-1,-10,-10,10	11,-11,10	ok
-0.847347	-31.911912	-48.453328	0.780489	full	64459523557284590	371649194	-1,-10,-10,10	11,-11,10	ok
-0.846346	-31.911912	-46.008194	0.787598	continued:5	133239804286170134	371649194	-1,-10,10,-11	11,-11,10	ok
-0.845345	-31.911912	-46.511574	0.784805	continued:5	259286557345041735	371649194	-1,-10,10,11	11,-11,10	ok
-0.844344	-31.911912	-46.981574	0.782552	continued:5	266912022567572660	371649194	-1,10,-11,11	11,-11,10	ok
-0.843343	-31.911912	-47.415336	0.780969	continued:5	137503074817916327	371649194	-1,10,-11,-11	11,-11,10	ok
-0.842342	-31.911912	-47.809056	0.780054	continued:5	137503074817916327	371649194	-1,10,-11,-11	11,-11,10	ok
-0.841341	-31.911912	-48.159842	0.779552	continued:5	69041300686785800	371649194	-1,10,-11,10	11,-11,10	ok
-0.840340	-31.911912	-48.468046	0.779513	full	69041300686785800	371649194	-1,10,-11,10	11,-11,10	ok
-0.839339	-31.911912	-46.032555	0.786675	continued:5	69041300686785800	259341233193586493	-1,10,-11,10	11,-11,10,11	ok
-0.838338	-31.911912	-46.535412	0.783882	continued:5	69041300686785800	259341233193586493	-1,10,-11,10	11,-11,10,11	ok
-0.837337	-31.911912	-47.004573	0.781757	continued:5	69041300686785800	259341233193586493	-1,10,-11,10	11,-11,10,11	ok
-0.836336	-31.911912	-47.436015	0.780174	continued:5	69041300686785800	259341233193586493	-1,10,-11,10	11,-11,10,11	ok
-0.835335	-31.911912	-47.827389	0.779131	continued:5	69041300686785800	259341233193586493	-1,10,-11,10	11,-11,10,11	ok
-0.834334	-31.911912	-48.176985	0.778757	continued:5	69041300686785800	259341233193586493	-1,10,-11,10	11,-11,10,11	ok
-0.833333	-31.911912	-48.482783	0.778590	full	137503074817916327	259341233193586493	-1,10,-11,-11	11,-11,10,11	ok
-0.832332	-31.911912	-46.059408	0.785846	continued:5	141867845471056952	259341233193586493	-1,10,11,-11	11,-11,10,11	ok
-0.831331	-31.911912	-46.560454	0.783053	continued:5	141867845471056952	259341233193586493	-1,10,11,-11	11,-11,10,11	ok
-0.830330	-31.911912	-47.027685	0.780928	continued:5	141867845471056952	259341233193586493	-1,10,11,-11	11,-11,10,11	ok
-0.829329	-31.911912	-47.457087	0.779345	continued:5	141867845471056952	259341233193586493	-1,10,11,-11	11,-11,10,11	ok
-0.828328	-31.911912	-47.846354	0.778302	continued:5	141867845471056952	259341233193586493	-1,10,11,-11	11,-11,10,11	ok
-0.827327	-31.911912	-48.193827	0.777928	continued:5	141867845471056952	259341233193586493	-1,10,11,-11	11,-11,10,11	ok
-0.826326	-31.911912	-48.497536	0.777761	full	141867845471056952	259341233193586493	-1,10,11,-11	11,-11,10,11	ok
-0.825325	-31.911912	-46.084708	0.785018	continued:5	141867845471056952	259341233193586493	-1,10,11,-11	11,-11,10,11	ok
-0.824324	-31.911912	-46.584107	0.782224	continued:5	141867845471056952	259341233193586493	-1,10,11,-11	11,-11,10,11	ok
-0.823323	-31.911912	-47.049550	0.779972	continued:5	141867845471056952	259341233193586493	-1,10,11,-11	11,-11,10,11	ok
-0.822322	-31.911912	-47.478249	0.778516	continued:5	141867845471056952	259341233193586493	-1,10,11,-11	11,-11,10,11	ok
-0.821321	-31.911912	-47.865378	0.777473	continued:5	141867845471056952	259341233193586493	-1,10,11,-11	11,-11,10,11	ok
-0.820320	-31.911912	-48.210704	0.777100	continued:5	141867845471056952	259341233193586493	-1,10,11,-11	11,-11,10,11	ok
-0.819319	-31.911912	-48.512307	0.776932	full	141867845471056952	259341233193586493	-1,10,11,-11	11,-11,10,11	ok
-0.818318	-31.911912	-46.108951	0.784061	continued:5	141867845471056952	259341233193586493	-1,10,11,-11	11,-11,10,11	ok
-0.817317	-31.911912	-46.608101	0.781268	continued:5	141867845471056952	259341233193586493	-1,10,11,-11	11,-11,10,11	ok
-0.816316	-31.911912	-47.072935	0.779143	continued:5	141867845471056952	259341233193586493	-1,10,11,-11	11,-11,10,11	ok
-0.815315	-31.911912	-47.499510	0.777688	continued:5	141867845471056952	266939967805322618	-1,10,11,-11	11,-11,-11,11	ok
-0.814314	-31.911912	-47.884465	0.776645	continued:5	141867845471056952	266939967805322618	-1,10,11,-11	11,-11,-11,11	ok
-0.813313	-31.911912	-48.227618	0.776271	continued:5	141885231769656650	266939967805322618	-1,-11,11,-11	11,-11,-11,11	ok
-0.812312	-31.911912	-48.527096	0.776104	full	141885231769656650	266939967805322618	-1,-11,11,-11	11,-11,-11,11	ok
-0.811311	-31.911912	-46.134507	0.783233	continued:5	141885231769656650	266939967805322618	-1,-11,11,-11	11,-11,-11,11	ok
-0.810310	-31.911912	-46.631926	0.780439	continued:5	141885231769656650	266939967805322618	-1,-11,11,-11	11,-11,-11,11	ok
-0.809309	-31.911912	-47.094902	0.778315	continued:5	141885231769656650	266939967805322618	-1,-11,11,-11	11,-11,-11,11	ok
-0.808308	-31.911912	-47.519513	0.776731	continued:5	141885231769656650	266939967805322618	-1,-11,11,-11	11,-11,-11,11	ok
-0.807307	-31.911912	-47.903605	0.775816	continued:5	141885231769656650	137520069382767449	-1,-11,11,-11	11,-11,-11,-11	ok
-0.806306	-31.911912	-48.244563	0.775442	continued:5	137520058369471127	137520069382767449	-1,-11,-11,-11	11,-11,-11,-11	ok
-0.805305	-31.911912	-48.541902	0.775275	full	137520058369471127	137520069382767449	-1,-11,-11,-11	11,-11,-11,-11	ok
-0.804304	-31.911912	-46.160873	0.782277	continued:5	137520058369471127	137520069382767449	-1,-11,-11,-11	11,-11,-11,-11	ok
-0.803303	-31.911912	-46.657723	0.779611	continued:5	137520058369471127	137520069382767449	-1,-11,-11,-11	11,-11,-11,-11	ok
-0.802302	-31.911912	-47.118565	0.777486	continued:5	137520058369471127	137520069382767449	-1,-11,-11,-11	11,-11,-11,-11	ok
-0.801301	-31.911912	-47.540967	0.775903	continued:5	137520058369471127	137520069382767449	-1,-11,-11,-11	11,-11,-11,-11	ok
-0.800300	-31.911912	-47.922817	0.774988	continued:5	137520058369471127	137520069382767449	-1,-11,-11,-11	11,-11,-11,-11	ok
-0.799299	-31.911912	-48.261549	0.774614	continued:5	137520058369471127	137520069382767449	-1,-11,-11,-11	11,-11,-11,-11	ok
-0.798298	-31.911912	-48.556725	0.774447	full	137520058369471127	137520069382767449	-1,-11,-11,-11	11,-11,-11,-11	ok
-0.797297	-31.911912	-46.188914	0.781448	continued:5	137520058369471127	137520069382767449	-1,-11,-11,-11	11,-11,-11,-11	ok
-0.796296	-31.911912	-46.683669	0.778783	continued:5	137520058369471127	137520069382767449	-1,-11,-11,-11	11,-11,-11,-11	ok
-0.795295	-31.911912	-47.142336	0.776658	continued:5	137520058369471127	137520069382767449	-1,-11,-11,-11	11,-11,-11,-11	ok
-0.794294	-31.911912	-47.562497	0.775074	continued:5	137520058369471127	137520069382767449	-1,-11,-11,-11	11,-11,-11,-11	ok
-0.793293	-31.911912	-47.942079	0.774159	continued:5	137520058369471127	137520069382767449	-1,-11,-11,-11	11,-11,-11,-11	ok
-0.792292	-31.911912	-48.278566	0.773786	continued:5	137520058369471127	137520069382767449	-1,-11,-11,-11	11,-11,-11,-11	ok
-0.791291	-31.911912	-48.571566	0.773618	full	137520058369471127	137520069382767449	-1,-11,-11,-11	11,-11,-11,-11	ok
-0.790290	-31.911912	-46.212381	0.780493	continued:5	9455884669399191660884342385366419	137520069382767449	-1,-11,-11,-11,-11	11,-11,-11,-11	ok
-0.789289	-31.911912	-46.706865	0.777827	continued:5	137520058369471127	137520069382767449	-1,-11,-11,-11	11,-11,-11,-11	ok
-0.788288	-31.911912	-47.164908	0.775703	continued:5	137520058369471127	137520069382767449	-1,-11,-11,-11	11,-11,-11,-11	ok
-0.787287	-31.911912	-47.584148	0.774247	continued:5	137520058369471127	137520069382767449	-1,-11,-11,-11	11,-11,-11,-11	ok
-0.786286	-31.911912	-47.961418	0.773332	continued:5	137520058369471127	137520069382767449	-1,-11,-11,-11	11,-11,-11,-11	ok
-0.785285	-31.911912	-48.295625	0.772958	continued:5	137520058369471127	137520069382767449	-1,-11,-11,-11	11,-11,-11,-11	ok
-0.784284	-31.911912	-48.586424	0.772791	full	137520058369471127	137520069382767449	-1,-11,-11,-11	11,-11,-11,-11	ok
-0.783283	-31.911912	-46.240557	0.779661	continued:5	9455884669399191660884342385366419	137520069382767449	-1,-11,-11,-11,-11	11,-11,-11,-11	ok
-0.782282	-31.911912	-46.732910	0.776995	continued:5	9455884669399191660884342385366419	137520069382767449	-1,-11,-11,-11,-11	11,-11,-11,-11	ok
-0.781281	-31.911912	-47.188748	0.774870	continued:5	137520058369471127	137520069382767449	-1,-11,-11,-11	11,-11,-11,-11	ok
-0.780280	-31.911912	-47.605725	0.773414	continued:5	137520058369471127	137520069382767449	-1,-11,-11,-11	11,-11,-11,-11	ok
-0.779279	-31.911912	-47.980714	0.772500	continued:5	137520058369471127	137520069382767449	-1,-11,-11,-11	11,-11,-11,-11	ok
-0.778278	-31.911912	-48.312672	0.772126	continued:5	137520058369471127	137520069382767449	-1,-11,-11,-11	11,-11,-11,-11	ok
-0.777277	-31.911912	-48.601298	0.771959	full	137520058369471127	137520069382767449	-1,-11,-11,-11	11,-11,-11,-11	ok
-0.776276	-31.911912	-46.266053	0.778756	continued:5	9455884669399191660884342385366419	137520069382767449	-1,-11,-11,-11,-11	11,-11,-11,-11	ok
-0.775275	-31.911912	-46.757312	0.775963	continued:5	9455884669399191660884342385366419	137520069382767449	-1,-11,-11,-11,-11	11,-11,-11,-11	ok
-0.774274	-31.911912	-47.213066	0.774045	continued:5	137520058369471127	137520069382767449	-1,-11,-11,-11	11,-11,-11,-11	ok
-0.773273	-31.911912	-47.627631	0.772589	continued:5	137520058369471127	137520069382767449	-1,-11,-11,-11	11,-11,-11,-11	ok
-0.772272	-31.911912	-48.000215	0.771674	continued:5	137520058369471127	137520069382767449	-1,-11,-11,-11	11,-11,-11,-11	ok
-0.771271	-31.911912	-48.329821	0.771300	continued:5	137520058369471127	137520069382767449	-1,-11,-11,-11	11,-11,-11,-11	ok
-0.770270	-31.911912	-48.616190	0.771133	full	137520058369471127	137520069382767449	-1,-11,-11,-11	11,-11,-11,-11	ok
-0.769269	-31.911912	-46.294541	0.777930	continued:5	9455884669399191660884342385366419	137520069382767449	-1,-11,-11,-11,-11	11,-11,-11,-11	ok
-0.768268	-31.911912	-46.783511	0.775264	continued:5	9455884669399191660884342385366419	137520069382767449	-1,-11,-11,-11,-11	11,-11,-11,-11	ok
-0.767267	-31.911912	-47.235688	0.773140	continued:5	9455884669399191660884342385366419	137520069382767449	-1,-11,-11,-11,-11	11,-11,-11,-11	ok
-0.766266	-31.911912	-47.648781	0.771684	continued:5	137520058369471127	137520069382767449	-1,-11,-11,-11	11,-11,-11,-11	ok
-0.765265	-31.911912	-48.019763	0.770848	continued:5	137520058369471127	137520069382767449	-1,-11,-11,-11	11,-11,-11,-11	ok
-0.764264	-31.911912	-48.346998	0.770474	continued:5	137520058369471127	137520069382767449	-1,-11,-11,-11	11,-11,-11,-11	ok
-0.763263	-31.911912	-48.631099	0.770307	full	137520058369471127	137520069382767449	-1,-11,-11,-11	11,-11,-11,-11	ok
-0.762262	-31.911912	-46.318143	0.776888	continued:5	9455884669399191660884342385366419	137520069382767449	-1,-11,-11,-11,-11	11,-11,-11,-11	ok
-0.761261	-31.911912	-46.807588	0.774222	continued:5	9455884669399191660884342385366419	137520069382767449	-1,-11,-11,-11,-11	11,-11,-11,-11	ok
-0.760260	-31.911912	-47.259762	0.772304	continued:5	9455884669399191660884342385366419	137520069382767449	-1,-11,-11,-11,-11	11,-11,-11,-11	ok
-0.759259	-31.911912	-47.670519	0.770849	continued:5	9455884669399191660884342385366419	137520069382767449	-1,-11,-11,-11,-11	11,-11,-11,-11	ok
-0.758258	-31.911912	-48.039166	0.770013	continued:5	137520058369471127	137520069382767449	-1,-11,-11,-11	11,-11,-11,-11	ok
-0.757257	-31.911912	-48.364116	0.769639	continued:5	137520058369471127	137520069382767449	-1,-11,-11,-11	11,-11,-11,-11	ok
-0.756256	-31.911912	-48.646025	0.769472	full	137520058369471127	137520069382767449	-1,-11,-11,-11	11,-11,-11,-11	ok
-0.755255	-31.911912	-46.347993	0.775989	continued:5	9455884669399191660884342385366419	137520069382767449	-1,-11,-11,-11,-11	11,-11,-11,-11	ok
-0.754254	-31.911912	-46.835650	0.773530	continued:5	9455884669399191660884342385366419	137520069382767449	-1,-11,-11,-11,-11	11,-11,-11,-11	ok
-0.753253	-31.911912	-47.283900	0.771405	continued:5	9455884669399191660884342385366419	137520069382767449	-1,-11,-11,-11,-11	11,-11,-11,-11	ok
-0.752252	-31.911912	-47.692885	0.770028	continued:5	9455884669399191660884342385366419	137520069382767449	-1,-11,-11,-11,-11	11,-11,-11,-11	ok
-0.751251	-31.911912	-48.058956	0.769192	continued:5	137520058369471127	137520069382767449	-1,-11,-11,-11	11,-11,-11,-11	ok
-0.750250	-31.911912	-48.381419	0.768819	continued:5	137520058369471127	137520069382767449	-1,-11,-11,-11	11,-11,-11,-11	ok
-0.749249	-31.911912	-48.660967	0.768651	full	137520058369471127	137520069382767449	-1,-11,-11,-11	11,-11,-11,-11	ok
-0.748248	-31.911912	-45.854216	0.777839	continued:5	9455884669399191660884342385366419	137520069382767449	-1,-11,-11,-11,-11	11,-11,-11,-11	ok
-0.747247	-31.911912	-46.379648	0.775045	continued:5	9455884669399191660884342385366419	137520069382767449	-1,-11,-11,-11,-11	11,-11,-11,-11	ok
-0.746246	-31.911912	-46.864699	0.772380	continued:5	9455884669399191660884342385366419	137520069382767449	-1,-11,-11,-11,-11	11,-11,-11,-11	ok
-0.745245	-31.911912	-47.312290	0.770462	continued:5	9455884669399191660884342385366419	137520069382767449	-1,-11,-11,-11,-11	11,-11,-11,-11	ok
-0.744244	-31.911912	-47.718329	0.769085	continued:5	9455884669399191660884342385366419	137520069382767449	-1,-11,-11,-11,-11	11,-11,-11,-11	ok
-0.743243	-31.911912	-48.081505	0.768249	continued:5	9455884669399191660884342385366419	137520069382767449	-1,-11,-11,-11,-11	11,-11,-11,-11	ok
-0.742242	-31.911912	-48.401172	0.767875	continued:5	9455884669399191660884342385366419	137520069382767449	-1,-11,-11,-11,-11	11,-11,-11,-11	ok
-0.741241	-31.911912	-48.678065	0.767708	full	9455884669399191660884342385366419	137520069382767449	-1,-11,-11,-11,-11	11,-11,-11,-11	ok
-0.740240	-31.911912	-45.886537	0.776687	continued:5	9455884669399191660884342385366419	137520069382767449	-1,-11,-11,-11,-11	11,-11,-11,-11	ok
-0.739239	-31.911912	-46.411764	0.773893	continued:5	9455884669399191660884342385366419	137520069382767449	-1,-11,-11,-11,-11	11,-11,-11,-11	ok
-0.738238	-31.911912	-46.896194	0.771435	continued:5	9455884669399191660884342385366419	137520069382767449	-1,-11,-11,-11,-11	11,-11,-11,-11	ok
-0.737237	-31.911912	-47.340787	0.769517	continued:5	9455884669399191660884342385366419	137520069382767449	-1,-11,-11,-11,-11	11,-11,-11,-11	ok
-0.736236	-31.911912	-47.743846	0.768140	continued:5	9455884669399191660884342385366419	137520069382767449	-1,-11,-11,-11,-11	11,-11,-11,-11	ok
-0.735235	-31.911912	-48.104101	0.767304	continued:5	9455884669399191660884342385366419	137520069382767449	-1,-11,-11,-11,-11	11,-11,-11,-11	ok
-0.734234	-31.911912	-48.420955	0.766930	continued:5	9455884669399191660884342385366419	137520069382767449	-1,-11,-11,-11,-11	11,-11,-11,-11	ok
-0.733233	-31.911912	-48.695184	0.766763	full	9455884669399191660884342385366419	137520069382767449	-1,-11,-11,-11,-11	11,-11,-11,-11	ok
-0.732232	-31.911912	-45.919499	0.775815	continued:5	9455884669399191660884342385366419	137520069382767449	-1,-11,-11,-11,-11	11,-11,-11,-11	ok
-0.731231	-31.911912	-46.441475	0.773022	continued:5	9455884669399191660884342385366419	137520069382767449	-1,-11,-11,-11,-11	11,-11,-11,-11	ok
-0.730230	-31.911912	-46.922754	0.770356	continued:5	9455884669399191660884342385366419	137520069382767449	-1,-11,-11,-11,-11	11,-11,-11,-11	ok
-0.729229	-31.911912	-47.366245	0.768438	continued:5	9455884669399191660884342385366419	137520069382767449	-1,-11,-11,-11,-11	11,-11,-11,-11	ok
-0.728228	-31.911912	-47.767942	0.767061	continued:5	9455884669399191660884342385366419	137520069382767449	-1,-11,-11,-11,-11	11,-11,-11,-11	ok
-0.727227	-31.911912	-48.126652	0.766353	continued:5	9455884669399191660884342385366419	137520069382767449	-1,-11,-11,-11,-11	11,-11,-11,-11	ok
-0.726226	-31.911912	-48.440726	0.765979	continued:5	9455884669399191660884342385366419	137520069382767449	-1,-11,-11,-11,-11	11,-11,-11,-11	ok
-0.725225	-31.911912	-48.712325	0.765812	full	9455884669399191660884342385366419	137520069382767449	-1,-11,-11,-11,-11	11,-11,-11,-11	ok
-0.724224	-31.911912	-45.952849	0.774665	continued:5	9455884669399191660884342385366419	137520069382767449	-1,-11,-11,-11,-11	11,-11,-11,-11	ok
-0.723223	-31.911912	-46.474388	0.771872	continued:5	9455884669399191660884342385366419	137520069382767449	-1,-11,-11,-11,-11	11,-11,-11,-11	ok
-0.722222	-31.911912	-46.954845	0.769413	continued:5	9455884669399191660884342385366419	137520069382767449	-1,-11,-11,-11,-11	11,-11,-11,-11	ok
-0.721221	-31.911912	-47.395172	0.767495	continued:5	9455884669399191660884342385366419	137520069382767449	-1,-11,-11,-11,-11	11,-11,-11,-11	ok
-0.720220	-31.911912	-47.793752	0.766118	continued:5	9455884669399191660884342385366419	137520069382767449	-1,-11,-11,-11,-11	11,-11,-11,-11	ok
-0.719219	-31.911912	-48.149434	0.765410	continued:5	9455884669399191660884342385366419	137520069382767449	-1,-11,-11,-11,-11	11,-11,-11,-11	ok
-0.718218	-31.911912	-48.460612	0.765036	continued:5	9455884669399191660884342385366419	137520069382767449	-1,-11,-11,-11,-11	11,-11,-11,-11	ok
-0.717217	-31.911912	-48.729487	0.764869	full	9455884669399191660884342385366419	137520069382767449	-1,-11,-11,-11,-11	11,-11,-11,-11	ok
-0.716216	-31.911912	-45.991565	0.773798	continued:5	9455884669399191660884342385366419	137520069382767449	-1,-11,-11,-11,-11	11,-11,-11,-11	ok
-0.715215	-31.911912	-46.508979	0.771004	continued:5	9455884669399191660884342385366419	137520069382767449	-1,-11,-11,-11,-11	11,-11,-11,-11	ok
-0.714214	-31.911912	-46.985535	0.768339	continued:5	9455884669399191660884342385366419	137520069382767449	-1,-11,-11,-11,-11	11,-11,-11,-11	ok
-0.713213	-31.911912	-47.424105	0.766548	continued:5	9455884669399191660884342385366419	137520069382767449	-1,-11,-11,-11,-11	11,-11,-11,-11	ok
-0.712212	-31.911912	-47.819565	0.765171	continued:5	9455884669399191660884342385366419	137520069382767449	-1,-11,-11,-11,-11	11,-11,-11,-11	ok
-0.711211	-31.911912	-48.172219	0.764463	continued:5	9455884669399191660884342385366419	137520069382767449	-1,-11,-11,-11,-11	11,-11,-11,-11	ok
-0.710210	-31.911912	-48.480509	0.764089	continued:5	9455884669399191660884342385366419	137520069382767449	-1,-11,-11,-11,-11	11,-11,-11,-11	ok
-0.709209	-31.911912	-48.746670	0.763922	full	9455884669399191660884342385366419	137520069382767449	-1,-11,-11,-11,-11	11,-11,-11,-11	ok
-0.708208	-31.911912	-46.021962	0.772634	continued:5	9455884669399191660884342385366419	137520069382767449	-1,-11,-11,-11,-11	11,-11,-11,-11	ok
-0.707207	-31.911912	-46.539395	0.769840	continued:5	9455884669399191660884342385366419	137520069382767449	-1,-11,-11,-11,-11	11,-11,-11,-11	ok
-0.706206	-31.911912	-47.015514	0.767381	continued:5	9455884669399191660884342385366419	137520069382767449	-1,-11,-11,-11,-11	11,-11,-11,-11	ok
-0.705205	-31.911912	-47.451261	0.765463	continued:5	9455884669399191660884342385366419	137520069382767449	-1,-11,-11,-11,-11	11,-11,-11,-11	ok
-0.704204	-31.911912	-47.845100	0.764214	continued:5	9455884669399191660884342385366419	137520069382767449	-1,-11,-11,-11,-11	11,-11,-11,-11	ok
-0.703203	-31.911912	-48.194839	0.763506	continued:5	9455884669399191660884342385366419	137520069382767449	-1,-11,-11,-11,-11	11,-11,-11,-11	ok
-0.702202	-31.911912	-48.500338	0.763132	continued:5	9455884669399191660884342385366419	137520069382767449	-1,-11,-11,-11,-11	11,-11,-11,-11	ok
-0.701201	-31.911912	-48.763874	0.762965	full	9455884669399191660884342385366419	137520069382767449	-1,-11,-11,-11,-11	11,-11,-11,-11	ok
-0.700200	-31.911912	-46.055029	0.771623	continued:5	9455884669399191660884342385366419	137520069382767449	-1,-11,-11,-11,-11	11,-11,-11,-11	ok
-0.699199	-31.911912	-46.570491	0.768830	continued:5	9455884669399191660884342385366419	137520069382767449	-1,-11,-11,-11,-11	11,-11,-11,-11	ok
-0.698198	-31.911912	-47.044513	0.766371	continued:5	9455884669399191660884342385366419	137520069382767449	-1,-11,-11,-11,-11	11,-11,-11,-11	ok
-0.697197	-31.911912	-47.478040	0.764581	continued:5	9455884669399191660884342385366419	137520069382767449	-1,-11,-11,-11,-11	11,-11,-11,-11	ok
-0.696196	-31.911912	-47.868394	0.763204	continued:5	9455884669399191660884342385366419	137520069382767449	-1,-11,-11,-11,-11	11,-11,-11,-11	ok
-0.695195	-31.911912	-48.215983	0.762368	continued:5	9455884669399191660884342385366419	137520068858324757	-1,-11,-11,-11,-11	-11,-11,-11,-11	ok
-0.694194	-31.911912	-48.520476	0.762201	continued:5	9455884669399191660884342385366419	137520068858324757	-1,-11,-11,-11,-11	-11,-11,-11,-11	ok
-0.693193	-31.911912	-48.781099	0.762034	full	9455884669399191660884342385366419	137520068858324757	-1,-11,-11,-11,-11	-11,-11,-11,-11	ok
-0.692192	-31.911912	-46.092775	0.770677	continued:5	9455884669399191660884342385366419	137520068858324757	-1,-11,-11,-11,-11	-11,-11,-11,-11	ok
-0.691191	-31.911912	-46.604942	0.767884	continued:5	9455884669399191660884342385366419	137520068858324757	-1,-11,-11,-11,-11	-11,-11,-11,-11	ok
-0.690190	-31.911912	-47.075749	0.765425	continued:5	9455884669399191660884342385366419	137520068858324757	-1,-11,-11,-11,-11	-11,-11,-11,-11	ok
-0.689189	-31.911912	-47.506110	0.763507	continued:5	9455884669399191660884342385366419	137520068858324757	-1,-11,-11,-11,-11	-11,-11,-11,-11	ok
-0.688188	-31.911912	-47.894555	0.762257	continued:5	9455884669399191660884342385366419	137520068858324757	-1,-11,-11,-11,-11	-11,-11,-11,-11	ok
-0.687187	-31.911912	-48.238989	0.761422	continued:5	9455884669399191660884342385366419	137520068858324757	-1,-11,-11,-11,-11	-11,-11,-11,-11	ok
-0.686186	-31.911912	-48.540501	0.761254	continued:5	9455884669399191660884342385366419	137520068858324757	-1,-11,-11,-11,-11	-11,-11,-11,-11	ok
-0.685185	-31.911912	-48.798345	0.761087	full	9455884669399191660884342385366419	137520068858324757	-1,-11,-11,-11,-11	-11,-11,-11,-11	ok
-0.684184	-31.911912	-46.128472	0.769607	continued:5	9455884669399191660884342385366419	137520068858324757	-1,-11,-11,-11,-11	-11,-11,-11,-11	ok
-0.683183	-31.911912	-46.638854	0.766813	continued:5	9455884669399191660884342385366419	137520068858324757	-1,-11,-11,-11,-11	-11,-11,-11,-11	ok
-0.682182	-31.911912	-47.107703	0.764354	continued:5	9455884669399191660884342385366419	137520068858324757	-1,-11,-11,-11,-11	-11,-11,-11,-11	ok
-0.681181	-31.911912	-47.535947	0.762564	continued:5	9455884669399191660884342385366419	137520068858324757	-1,-11,-11,-11,-11	-11,-11,-11,-11	ok
-0.680180	-31.911912	-47.920981	0.761315	continued:5	9455884669399191660884342385366419	137520068858324757	-1,-11,-11,-11,-11	-11,-11,-11,-11	ok
-0.679179	-31.911912	-48.262160	0.760479	continued:5	9455884669399191660884342385366419	137520068858324757	-1,-11,-11,-11,-11	-11,-11,-11,-11	ok
-0.678178	-31.911912	-48.560609	0.760312	continued:5	9455884669399191660884342385366419	137520068858324757	-1,-11,-11,-11,-11	-11,-11,-11,-11	ok
-0.677177	-31.911912	-48.815612	0.760145	full	9455884669399191660884342385366419	137520068858324757	-1,-11,-11,-11,-11	-11,-11,-11,-11	ok
-0.676176	-31.911912	-46.166125	0.768534	continued:5	9455884669399191660884342385366419	137520068858324757	-1,-11,-11,-11,-11	-11,-11,-11,-11	ok
-0.675175	-31.911912	-46.674445	0.765740	continued:5	9455884669399191660884342385366419	137520068858324757	-1,-11,-11,-11,-11	-11,-11,-11,-11	ok
-0.674174	-31.911912	-47.141097	0.763409	continued:5	9455884669399191660884342385366419	137520068858324757	-1,-11,-11,-11,-11	-11,-11,-11,-11	ok
-0.673173	-31.911912	-47.565795	0.761619	continued:5	9455884669399191660884342385366419	137520068858324757	-1,-11,-11,-11,-11	-11,-11,-11,-11	ok
-0.672172	-31.911912	-47.947411	0.760369	continued:5	9455884669399191660884342385366419	137520068858324757	-1,-11,-11,-11,-11	-11,-11,-11,-11	ok
-0.671171	-31.911912	-48.285336	0.759534	continued:5	9455884669399191660884342385366419	137520068858324757	-1,-11,-11,-11,-11	-11,-11,-11,-11	ok
-0.670170	-31.911912	-48.580727	0.759366	continued:5	9455884669399191660884342385366419	137520068858324757	-1,-11,-11,-11,-11	-11,-11,-11,-11	ok
-0.669169	-31.911912	-48.832898	0.759199	full	9455884669399191660884342385366419	137520068858324757	-1,-11,-11,-11,-11	-11,-11,-11,-11	ok
-0.668168	-31.911912	-46.202085	0.767507	continued:5	9455884669399191660884342385366419	137520068858324757	-1,-11,-11,-11,-11	-11,-11,-11,-11	ok
-0.667167	-31.911912	-46.708053	0.764713	continued:5	9455884669399191660884342385366419	137520068858324757	-1,-11,-11,-11,-11	-11,-11,-11,-11	ok
-0.666166	-31.911912	-47.172275	0.762254	continued:5	9455884669399191660884342385366419	137520068858324757	-1,-11,-11,-11,-11	-11,-11,-11,-11	ok
-0.665165	-31.911912	-47.595688	0.760671	continued:5	9455884669399191660884342385366419	137520068858324757	-1,-11,-11,-11,-11	-11,-11,-11,-11	ok
-0.664164	-31.911912	-47.973870	0.759421	continued:5	9455884669399191660884342385366419	137520068858324757	-1,-11,-11,-11,-11	-11,-11,-11,-11	ok
-0.663163	-31.911912	-48.308530	0.758586	continued:5	9455884669399191660884342385366419	137520068858324757	-1,-11,-11,-11,-11	-11,-11,-11,-11	ok
-0.662162	-31.911912	-48.600863	0.758418	continued:5	9455884669399191660884342385366419	137520068858324757	-1,-11,-11,-11,-11	-11,-11,-11,-11	ok
-0.661161	-31.911912	-48.850205	0.758251	full	9455884669399191660884342385366419	137520068858324757	-1,-11,-11,-11,-11	-11,-11,-11,-11	ok
-0.660160	-31.911912	-46.239026	0.766511	continued:5	9455884669399191660884342385366419	137520068858324757	-1,-11,-11,-11,-11	-11,-11,-11,-11	ok
-0.659159	-31.911912	-46.742145	0.763718	continued:5	9455884669399191660884342385366419	137520068858324757	-1,-11,-11,-11,-11	-11,-11,-11,-11	ok
-0.658158	-31.911912	-47.203521	0.761386	continued:5	9455884669399191660884342385366419	137520068858324757	-1,-11,-11,-11,-11	-11,-11,-11,-11	ok
-0.657157	-31.911912	-47.622869	0.759596	continued:5	9455884669399191660884342385366419	137520068858324757	-1,-11,-11,-11,-11	-11,-11,-11,-11	ok
-0.656156	-31.911912	-47.999138	0.758347	continued:5	9455884669399191660884342385366419	137520068858324757	-1,-11,-11,-11,-11	-11,-11,-11,-11	ok
-0.655155	-31.911912	-48.331822	0.757639	continued:5	9455884669399191660884342385366419	137520068858324757	-1,-11,-11,-11,-11	-11,-11,-11,-11	ok
-0.654154	-31.911912	-48.621051	0.757472	continued:5	9455884669399191660884342385366419	137520068858324757	-1,-11,-11,-11,-11	-11,-11,-11,-11	ok
-0.653153	-31.911912	-48.867532	0.757304	full	9455884669399191660884342385366419	137520068858324757	-1,-11,-11,-11,-11	-11,-11,-11,-11	ok
-0.652152	-31.911912	-46.277874	0.765500	continued:5	9455884669399191660884342385366419	137520068858324757	-1,-11,-11,-11,-11	-11,-11,-11,-11	ok
-0.651151	-31.911912	-46.777993	0.762707	continued:5	9455884669399191660884342385366419	137520068858324757	-1,-11,-11,-11,-11	-11,-11,-11,-11	ok
-0.650150	-31.911912	-47.236388	0.760248	continued:5	9455884669399191660884342385366419	137520068858324757	-1,-11,-11,-11,-11	-11,-11,-11,-11	ok
-0.649149	-31.911912	-47.653983	0.758665	continued:5	9455884669399191660884342385366419	137520068858324757	-1,-11,-11,-11,-11	-11,-11,-11,-11	ok
-0.648148	-31.911912	-48.026427	0.757415	continued:5	9455884669399191660884342385366419	137520068858324757	-1,-11,-11,-11,-11	-11,-11,-11,-11	ok
-0.647147	-31.911912	-48.355526	0.756707	continued:5	9455884669399191660884342385366419	137520068858324757	-1,-11,-11,-11,-11	-11,-11,-11,-11	ok
-0.646146	-31.911912	-48.641435	0.756540	continued:5	9455884669399191660884342385366419	137520068858324757	-1,-11,-11,-11,-11	-11,-11,-11,-11	ok
-0.645145	-31.911912	-48.884879	0.756373	full	9455884669399191660884342385366419	137520068858324757	-1,-11,-11,-11,-11	-11,-11,-11,-11	ok
-0.644144	-31.911912	-46.315000	0.764437	continued:5	9455884669399191660884342385366419	137520068858324757	-1,-11,-11,-11,-11	-11,-11,-11,-11	ok
-0.643143	-31.911912	-46.812854	0.761643	continued:5	9455884669399191660884342385366419	137520068858324757	-1,-11,-11,-11,-11	-11,-11,-11,-11	ok
-0.642142	-31.911912	-47.268883	0.759312	continued:5	9455884669399191660884342385366419	137520068858324757	-1,-11,-11,-11,-11	-11,-11,-11,-11	ok
-0.641141	-31.911912	-47.682812	0.757522	continued:5	9455884669399191660884342385366419	137520068858324757	-1,-11,-11,-11,-11	-11,-11,-11,-11	ok
-0.640140	-31.911912	-48.053673	0.756479	continued:5	9455884669399191660884342385366419	137520068858324757	-1,-11,-11,-11,-11	-11,-11,-11,-11	ok
-0.639139	-31.911912	-48.379205	0.755771	continued:5	9455884669399191660884342385366419	137520068858324757	-1,-11,-11,-11,-11	-11,-11,-11,-11	ok
-0.638138	-31.911912	-48.661816	0.755604	continued:5	9455884669399191660884342385366419	137520068858324757	-1,-11,-11,-11,-11	-11,-11,-11,-11	ok
-0.637137	-31.911912	-48.902246	0.755437	full	9455884669399191660884342385366419	137520068858324757	-1,-11,-11,-11,-11	-11,-11,-11,-11	ok
-0.636136	-31.911912	-46.350889	0.763368	continued:5	9455884669399191660884342385366419	137520068858324757	-1,-11,-11,-11,-11	-11,-11,-11,-11	ok
-0.635135	-31.911912	-46.846654	0.760575	continued:5	9455884669399191660884342385366419	137520068858324757	-1,-11,-11,-11,-11	-11,-11,-11,-11	ok
-0.634134	-31.911912	-47.300468	0.758244	continued:5	9455884669399191660884342385366419	137520068858324757	-1,-11,-11,-11,-11	-11,-11,-11,-11	ok
-0.633133	-31.911912	-47.712081	0.756660	continued:5	9455884669399191660884342385366419	137520068858324757	-1,-11,-11,-11,-11	-11,-11,-11,-11	ok
-0.632132	-31.911912	-48.078672	0.755411	continued:5	9455884669399191660884342385366419	137520068858324757	-1,-11,-11,-11,-11	-11,-11,-11,-11	ok
-0.631131	-31.911912	-48.402134	0.754909	continued:5	9455884669399191660884342385366419	137520068858324757	-1,-11,-11,-11,-11	-11,-11,-11,-11	ok
-0.630130	-31.911912	-48.680885	0.754535	continued:5	9455884669399191660884342385366419	137520068858324757	-1,-11,-11,-11,-11	-11,-11,-11,-11	ok
-0.629129	-31.911912	-48.919632	0.754496	full	9455884669399191660884342385366419	137520068858324757	-1,-11,-11,-11,-11	-11,-11,-11,-11	ok
-0.628128	-31.911912	-46.393145	0.762337	continued:5	9455884669399191660884342385366419	137520068858324757	-1,-11,-11,-11,-11	-11,-11,-11,-11	ok
-0.627127	-31.911912	-46.885508	0.759544	continued:5	9455884669399191660884342385366419	137520068858324757	-1,-11,-11,-11,-11	-11,-11,-11,-11	ok
-0.626126	-31.911912	-47.335989	0.757213	continued:5	9455884669399191660884342385366419	137520068858324757	-1,-11,-11,-11,-11	-11,-11,-11,-11	ok
-0.625125	-31.911912	-47.744331	0.755629	continued:5	9455884669399191660884342385366419	137520068858324757	-1,-11,-11,-11,-11	-11,-11,-11,-11	ok
-0.624124	-31.911912	-48.107747	0.754586	continued:5	9455884669399191660884342385366419	137520068858324757	-1,-11,-11,-11,-11	-11,-11,-11,-11	ok
-0.623123	-31.911912	-48.426313	0.753878	continued:5	9455884669399191660884342385366419	137520068858324757	-1,-11,-11,-11,-11	-11,-11,-11,-11	ok
-0.622122	-31.911912	-48.702486	0.753711	continued:5	9455884669399191660884342385366419	137520068858324757	-1,-11,-11,-11,-11	-11,-11,-11,-11	ok
-0.621121	-31.911912	-48.937037	0.753544	full	9455884669399191660884342385366419	137520068858324757	-1,-11,-11,-11,-11	-11,-11,-11,-11	ok
-0.620120	-31.911912	-46.434670	0.761309	continued:5	9455884669399191660884342385366419	137520068858324757	-1,-11,-11,-11,-11	-11,-11,-11,-11	ok
-0.619119	-31.911912	-46.923657	0.758515	continued:5	9455884669399191660884342385366419	137520068858324757	-1,-11,-11,-11,-11	-11,-11,-11,-11	ok
-0.618118	-31.911912	-47.370831	0.756263	continued:5	9455884669399191660884342385366419	137520068858324757	-1,-11,-11,-11,-11	-11,-11,-11,-11	ok
-0.617117	-31.911912	-47.775185	0.754680	continued:5	9455884669399191660884342385366419	137520068858324757	-1,-11,-11,-11,-11	-11,-11,-11,-11	ok
-0.616116	-31.911912	-48.134842	0.753637	continued:5	9455884669399191660884342385366419	137520068858324757	-1,-11,-11,-11,-11	-11,-11,-11,-11	ok
-0.615115	-31.911912	-48.449905	0.752929	continued:5	9455884669399191660884342385366419	137520068858324757	-1,-11,-11,-11,-11	-11,-11,-11,-11	ok
-0.614114	-31.911912	-48.722849	0.752762	continued:5	9455884669399191660884342385366419	137520068858324757	-1,-11,-11,-11,-11	-11,-11,-11,-11	ok
-0.613113	-31.911912	-48.954461	0.752594	full	9455884669399191660884342385366419	137520068858324757	-1,-11,-11,-11,-11	-11,-11,-11,-11	ok
-0.612112	-31.911912	-46.472524	0.760241	continued:5	9455884669399191660884342385366419	137520068858324757	-1,-11,-11,-11,-11	-11,-11,-11,-11	ok
-0.611111	-31.911912	-46.959004	0.757447	continued:5	9455884669399191660884342385366419	137520068858324757	-1,-11,-11,-11,-11	-11,-11,-11,-11	ok
-0.610110	-31.911912	-47.403608	0.755323	continued:5	9455884669399191660884342385366419	137520068858324757	-1,-11,-11,-11,-11	-11,-11,-11,-11	ok
-0.609109	-31.911912	-47.804144	0.753739	continued:5	9455884669399191660884342385366419	137520068858324757	-1,-11,-11,-11,-11	-11,-11,-11,-11	ok
-0.608108	-31.911912	-48.160205	0.752490	continued:5	9455884669399191660884342385366419	137520068858324757	-1,-11,-11,-11,-11	-11,-11,-11,-11	ok
-0.607107	-31.911912	-48.473771	0.751988	continued:5	9455884669399191660884342385366419	137520068858324757	-1,-11,-11,-11,-11	-11,-11,-11,-11	ok
-0.606106	-31.911912	-48.743345	0.751821	continued:5	9455884669399191660884342385366419	137520068858324757	-1,-11,-11,-11,-11	-11,-11,-11,-11	ok
-0.605105	-31.911912	-48.971904	0.751654	full	9455884669399191660884342385366419	137520068858324757	-1,-11,-11,-11,-11	-11,-11,-11,-11	ok
-0.604104	-31.911912	-46.509741	0.759147	continued:5	9455884669399191660884342385366419	137520068858324757	-1,-11,-11,-11,-11	-11,-11,-11,-11	ok
-0.603103	-31.911912	-46.994017	0.756354	continued:5	9455884669399191660884342385366419	137520068858324757	-1,-11,-11,-11,-11	-11,-11,-11,-11	ok
-0.602102	-31.911912	-47.436305	0.754229	continued:5	9455884669399191660884342385366419	137520068858324757	-1,-11,-11,-11,-11	-11,-11,-11,-11	ok
-0.601101	-31.911912	-47.834447	0.752773	continued:5	9455884669399191660884342385366419	137520068858324757	-1,-11,-11,-11,-11	-11,-11,-11,-11	ok
-0.600100	-31.911912	-48.186916	0.751524	continued:5	9455884669399191660884342385366419	137520068858324757	-1,-11,-11,-11,-11	-11,-11,-11,-11	ok
-0.599099	-31.911912	-48.497132	0.751022	continued:5	9455884669399191660884342385366419	137520068858324757	-1,-11,-11,-11,-11	-11,-11,-11,-11	ok
-0.598098	-31.911912	-48.763619	0.750855	continued:5	9455884669399191660884342385366419	137520068858324757	-1,-11,-11,-11,-11	-11,-11,-11,-11	ok
-0.597097	-31.911912	-48.989366	0.750688	full	9455884669399191660884342385366419	137520068858324757	-1,-11,-11,-11,-11	-11,-11,-11,-11	ok
-0.596096	-31.911912	-46.547208	0.758100	continued:5	9455884669399191660884342385366419	137520068858324757	-1,-11,-11,-11,-11	-11,-11,-11,-11	ok
-0.595095	-31.911912	-47.028730	0.755434	continued:5	9455884669399191660884342385366419	137520068858324757	-1,-11,-11,-11,-11	-11,-11,-11,-11	ok
-0.594094	-31.911912	-47.467004	0.753182	continued:5	9455884669399191660884342385366419	137520068858324757	-1,-11,-11,-11,-11	-11,-11,-11,-11	ok
-0.593093	-31.911912	-47.862564	0.751598	continued:5	9455884669399191660884342385366419	137520068858324757	-1,-11,-11,-11,-11	-11,-11,-11,-11	ok
-0.592092	-31.911912	-48.213654	0.750555	continued:5	9455884669399191660884342385366419	137520068858324757	-1,-11,-11,-11,-11	-11,-11,-11,-11	ok
-0.591091	-31.911912	-48.520510	0.750054	continued:5	9455884669399191660884342385366419	137520068858324757	-1,-11,-11,-11,-11	-11,-11,-11,-11	ok
-0.590090	-31.911912	-48.783907	0.749887	continued:5	9455884669399191660884342385366419	137520068858324757	-1,-11,-11,-11,-11	-11,-11,-11,-11	ok
-0.589089	-31.911912	-49.006846	0.749513	full	9455884669399191660884342385366419	137520068858324757	-1,-11,-11,-11,-11	-11,-11,-11,-11	ok
-0.588088	-31.911912	-46.590167	0.757002	continued:5	9455884669399191660884342385366419	137520068858324757	-1,-11,-11,-11,-11	-11,-11,-11,-11	ok
-0.587087	-31.911912	-47.068612	0.754336	continued:5	9455884669399191660884342385366419	137520068858324757	-1,-11,-11,-11,-11	-11,-11,-11,-11	ok
-0.586086	-31.911912	-47.503821	0.752212	continued:5	9455884669399191660884342385366419	137520068858324757	-1,-11,-11,-11,-11	-11,-11,-11,-11	ok
-0.585085	-31.911912	-47.895138	0.750628	continued:5	9455884669399191660884342385366419	137520068858324757	-1,-11,-11,-11,-11	-11,-11,-11,-11	ok
-0.584084	-31.911912	-48.242270	0.749585	continued:5	9455884669399191660884342385366419	137520068858324757	-1,-11,-11,-11,-11	-11,-11,-11,-11	ok
-0.583083	-31.911912	-48.545468	0.749084	continued:5	9455884669399191660884342385366419	137520068858324757	-1,-11,-11,-11,-11	-11,-11,-11,-11	ok
-0.582082	-31.911912	-48.805526	0.749044	continued:5	9455884669399191660884342385366419	137520068858324757	-1,-11,-11,-11,-11	-11,-11,-11,-11	ok
-0.581081	-31.911912	-49.024344	0.748336	full	9455884669399191660884342385366419	137520068858324757	-1,-11,-11,-11,-11	-11,-11,-11,-11	ok
-0.580080	-31.911912	-46.630801	0.755951	continued:5	9455884669399191660884342385366419	137520068858324757	-1,-11,-11,-11,-11	-11,-11,-11,-11	ok
-0.579079	-31.911912	-47.105974	0.753286	continued:5	9455884669399191660884342385366419	137520068858324757	-1,-11,-11,-11,-11	-11,-11,-11,-11	ok
-0.578078	-31.911912	-47.537973	0.751161	continued:5	9455884669399191660884342385366419	137520068858324757	-1,-11,-11,-11,-11	-11,-11,-11,-11	ok
-0.577077	-31.911912	-47.926156	0.749705	continued:5	9455884669399191660884342385366419	137520068858324757	-1,-11,-11,-11,-11	-11,-11,-11,-11	ok
-0.576076	-31.911912	-48.269094	0.748663	continued:5	9455884669399191660884342385366419	137520068858324757	-1,-11,-11,-11,-11	-11,-11,-11,-11	ok
-0.575075	-31.911912	-48.568460	0.748161	continued:5	9455884669399191660884342385366419	137520068858324757	-1,-11,-11,-11,-11	-11,-11,-11,-11	ok
-0.574074	-31.911912	-48.825048	0.747994	continued:5	9455884669399191660884342385366419	137520068858324757	-1,-11,-11,-11,-11	-11,-11,-11,-11	ok
-0.573073	-31.911912	-49.041860	0.747158	full	9455884669399191660884342385366419	137520068858324757	-1,-11,-11,-11,-11	-11,-11,-11,-11	ok
-0.572072	-31.911912	-46.157832	0.757624	continued:5	9455884669399191660884342385366419	137520068858324757	-1,-11,-11,-11,-11	-11,-11,-11,-11	ok
-0.571071	-31.911912	-46.676142	0.754830	continued:5	9455884669399191660884342385366419	137520068858324757	-1,-11,-11,-11,-11	-11,-11,-11,-11	ok
-0.570070	-31.911912	-47.147018	0.752165	continued:5	9455884669399191660884342385366419	137520068858324757	-1,-11,-11,-11,-11	-11,-11,-11,-11	ok
-0.569069	-31.911912	-47.574905	0.750040	continued:5	9455884669399191660884342385366419	137520068858324757	-1,-11,-11,-11,-11	-11,-11,-11,-11	ok
-0.568068	-31.911912	-47.959159	0.748584	continued:5	9455884669399191660884342385366419	137520068858324757	-1,-11,-11,-11,-11	-11,-11,-11,-11	ok
-0.567067	-31.911912	-48.298385	0.747542	continued:5	9455884669399191660884342385366419	137520068858324757	-1,-11,-11,-11,-11	-11,-11,-11,-11	ok
-0.566066	-31.911912	-48.594285	0.747040	continued:5	9455884669399191660884342385366419	137520068858324757	-1,-11,-11,-11,-11	-11,-11,-11,-11	ok
-0.565065	-31.911912	-48.847680	0.746873	continued:5	9455884669399191660884342385366419	137520068858324757	-1,-11,-11,-11,-11	-11,-11,-11,-11	ok
-0.564064	-31.911912	-49.061586	0.745830	full	9455884669399191660884342385366419	137520068858324757	-1,-11,-11,-11,-11	-11,-11,-11,-11	ok
-0.563063	-31.911912	-46.256005	0.755981	continued:5	9455884669399191660884342385366419	137520068858324757	-1,-11,-11,-11,-11	-11,-11,-11,-11	ok
-0.562062	-31.911912	-46.768065	0.753188	continued:5	9455884669399191660884342385366419	137520068858324757	-1,-11,-11,-11,-11	-11,-11,-11,-11	ok
-0.561061	-31.911912	-47.233030	0.750729	continued:5	9455884669399191660884342385366419	137520068858324757	-1,-11,-11,-11,-11	-11,-11,-11,-11	ok
-0.560060	-31.911912	-47.653191	0.748811	continued:5	9455884669399191660884342385366419	137520068858324757	-1,-11,-11,-11,-11	-11,-11,-11,-11	ok
-0.559059	-31.911912	-48.028311	0.747355	continued:5	9455884669399191660884342385366419	137520068858324757	-1,-11,-11,-11,-11	-11,-11,-11,-11	ok
-0.558058	-31.911912	-48.359275	0.746440	continued:5	9455884669399191660884342385366419	137520068858324757	-1,-11,-11,-11,-11	-11,-11,-11,-11	ok
-0.557057	-31.911912	-48.646609	0.745938	continued:5	9455884669399191660884342385366419	137520068858324757	-1,-11,-11,-11,-11	-11,-11,-11,-11	ok
-0.556056	-31.911912	-48.892447	0.746981	full	9455884669399191660884342385366419	137520068858324757	-1,-11,-11,-11,-11	-11,-11,-11,-11	ok
-0.555055	-31.911912	-46.299771	0.754995	continued:5	9455884669399191660884342385366419	137520068858324757	-1,-11,-11,-11,-11	-11,-11,-11,-11	ok
-0.554054	-31.911912	-46.807617	0.752202	continued:5	9455884669399191660884342385366419	137520068858324757	-1,-11,-11,-11,-11	-11,-11,-11,-11	ok
-0.553053	-31.911912	-47.268623	0.749743	continued:5	9455884669399191660884342385366419	137520068858324757	-1,-11,-11,-11,-11	-11,-11,-11,-11	ok
-0.552052	-31.911912	-47.685023	0.747825	continued:5	9455884669399191660884342385366419	137520068858324757	-1,-11,-11,-11,-11	-11,-11,-11,-11	ok
-0.551051	-31.911912	-48.056587	0.746369	continued:5	9455884669399191660884342385366419	137520068858324757	-1,-11,-11,-11,-11	-11,-11,-11,-11	ok
-0.550050	-31.911912	-48.384219	0.745454	continued:5	9455884669399191660884342385366419	137520068858324757	-1,-11,-11,-11,-11	-11,-11,-11,-11	ok
-0.549049	-31.911912	-48.668470	0.745080	continued:5	9455884669399191660884342385366419	137520068858324757	-1,-11,-11,-11,-11	-11,-11,-11,-11	ok
-0.548048	-31.911912	-48.910371	0.745788	full	9455884669399191660884342385366419	137520068858324757	-1,-11,-11,-11,-11	-11,-11,-11,-11	ok
-0.547047	-31.911912	-46.342506	0.753978	continued:5	9455884669399191660884342385366419	137520068858324757	-1,-11,-11,-11,-11	-11,-11,-11,-11	ok
-0.546046	-31.911912	-46.846573	0.751184	continued:5	9455884669399191660884342385366419	137520068858324757	-1,-11,-11,-11,-11	-11,-11,-11,-11	ok
-0.545045	-31.911912	-47.303977	0.748725	continued:5	9455884669399191660884342385366419	137520068858324757	-1,-11,-11,-11,-11	-11,-11,-11,-11	ok
-0.544044	-31.911912	-47.716917	0.746807	continued:5	9455884669399191660884342385366419	137520068858324757	-1,-11,-11,-11,-11	-11,-11,-11,-11	ok
-0.543043	-31.911912	-48.085177	0.745430	continued:5	9455884669399191660884342385366419	137520068858324757	-1,-11,-11,-11,-11	-11,-11,-11,-11	ok
-0.542042	-31.911912	-48.408971	0.744594	continued:5	9455884669399191660884342385366419	137520068858324757	-1,-11,-11,-11,-11	-11,-11,-11,-11	ok
-0.541041	-31.911912	-48.689023	0.744093	continued:5	9455884669399191660884342385366419	137520068858324757	-1,-11,-11,-11,-11	-11,-11,-11,-11	ok
-0.540040	-31.911912	-48.928313	0.744594	full	9455884669399191660884342385366419	137520068858324757	-1,-11,-11,-11,-11	-11,-11,-11,-11	ok
-0.539039	-31.911912	-46.381522	0.752861	continued:5	9455884669399191660884342385366419	137520068858324757	-1,-11,-11,-11,-11	-11,-11,-11,-11	ok
-0.538038	-31.911912	-46.883332	0.750067	continued:5	9455884669399191660884342385366419	137520068858324757	-1,-11,-11,-11,-11	-11,-11,-11,-11	ok
-0.537037	-31.911912	-47.338395	0.747608	continued:5	9455884669399191660884342385366419	137520068858324757	-1,-11,-11,-11,-11	-11,-11,-11,-11	ok
-0.536036	-31.911912	-47.748926	0.745818	continued:5	9455884669399191660884342385366419	137520068858324757	-1,-11,-11,-11,-11	-11,-11,-11,-11	ok
-0.535035	-31.911912	-48.113564	0.744441	continued:5	9455884669399191660884342385366419	137520068858324757	-1,-11,-11,-11,-11	-11,-11,-11,-11	ok
-0.534034	-31.911912	-48.433984	0.743605	continued:5	9455884669399191660884342385366419	137520068858324757	-1,-11,-11,-11,-11	-11,-11,-11,-11	ok
-0.533033	-31.911912	-48.710929	0.743231	continued:5	9455884669399191660884342385366419	137520068858324757	-1,-11,-11,-11,-11	-11,-11,-11,-11	ok
-0.532032	-31.911912	-48.946273	0.743399	full	9455884669399191660884342385366419	137520068858324757	-1,-11,-11,-11,-11	-11,-11,-11,-11	ok
-0.531031	-31.911912	-46.422479	0.751870	continued:5	9455884669399191660884342385366419	137520068858324757	-1,-11,-11,-11,-11	-11,-11,-11,-11	ok
-0.530030	-31.911912	-46.920403	0.749077	continued:5	9455884669399191660884342385366419	137520068858324757	-1,-11,-11,-11,-11	-11,-11,-11,-11	ok
-0.529029	-31.911912	-47.371786	0.746618	continued:5	9455884669399191660884342385366419	137520068858324757	-1,-11,-11,-11,-11	-11,-11,-11,-11	ok
-0.528028	-31.911912	-47.778812	0.744827	continued:5	9455884669399191660884342385366419	137520068858324757	-1,-11,-11,-11,-11	-11,-11,-11,-11	ok
-0.527027	-31.911912	-48.140132	0.743450	continued:5	9455884669399191660884342385366419	137520068858324757	-1,-11,-11,-11,-11	-11,-11,-11,-11	ok
-0.526026	-31.911912	-48.457448	0.742614	continued:5	9455884669399191660884342385366419	137520068858324757	-1,-11,-11,-11,-11	-11,-11,-11,-11	ok
-0.525025	-31.911912	-48.731525	0.742241	continued:5	9455884669399191660884342385366419	137520068858324757	-1,-11,-11,-11,-11	-11,-11,-11,-11	ok
-0.524024	-31.911912	-48.964249	0.742201	full	9455884669399191660884342385366419	137520068858324757	-1,-11,-11,-11,-11	-11,-11,-11,-11	ok
-0.523023	-31.911912	-46.465662	0.750822	continued:5	9455884669399191660884342385366419	137520068858324757	-1,-11,-11,-11,-11	-11,-11,-11,-11	ok
-0.522022	-31.911912	-46.959910	0.748029	continued:5	9455884669399191660884342385366419	137520068858324757	-1,-11,-11,-11,-11	-11,-11,-11,-11	ok
-0.521021	-31.911912	-47.407773	0.745570	continued:5	9455884669399191660884342385366419	137520068858324757	-1,-11,-11,-11,-11	-11,-11,-11,-11	ok
-0.520020	-31.911912	-47.811410	0.743779	continued:5	9455884669399191660884342385366419	137520068858324757	-1,-11,-11,-11,-11	-11,-11,-11,-11	ok
-0.519019	-31.911912	-48.169498	0.742530	continued:5	9455884669399191660884342385366419	137520068858324757	-1,-11,-11,-11,-11	-11,-11,-11,-11	ok
-0.518018	-31.911912	-48.482604	0.741694	continued:5	9455884669399191660884342385366419	137520068858324757	-1,-11,-11,-11,-11	-11,-11,-11,-11	ok
-0.517017	-31.911912	-48.752895	0.741320	continued:5	9455884669399191660884342385366419	137520068858324757	-1,-11,-11,-11,-11	-11,-11,-11,-11	ok
-0.516016	-31.911912	-48.982243	0.741153	full	9455884669399191660884342385366419	137520068858324757	-1,-11,-11,-11,-11	-11,-11,-11,-11	ok
-0.515015	-31.911912	-46.508259	0.749734	continued:5	9455884669399191660884342385366419	137520068858324757	-1,-11,-11,-11,-11	-11,-11,-11,-11	ok
-0.514014	-31.911912	-46.999282	0.746940	continued:5	9455884669399191660884342385366419	137520068858324757	-1,-11,-11,-11,-11	-11,-11,-11,-11	ok
-0.513013	-31.911912	-47.443994	0.744609	continued:5	9455884669399191660884342385366419	137520068858324757	-1,-11,-11,-11,-11	-11,-11,-11,-11	ok
-0.512012	-31.911912	-47.843330	0.742819	continued:5	9455884669399191660884342385366419	137520068858324757	-1,-11,-11,-11,-11	-11,-11,-11,-11	ok
-0.511011	-31.911912	-48.197440	0.741570	continued:5	9455884669399191660884342385366419	137520068858324757	-1,-11,-11,-11,-11	-11,-11,-11,-11	ok
-0.510010	-31.911912	-48.506900	0.740734	continued:5	9455884669399191660884342385366419	137520068858324757	-1,-11,-11,-11,-11	-11,-11,-11,-11	ok
-0.509009	-31.911912	-48.773880	0.740360	continued:5	9455884669399191660884342385366419	137520068858324757	-1,-11,-11,-11,-11	-11,-11,-11,-11	ok
-0.508008	-31.911912	-49.000254	0.740193	full	9455884669399191660884342385366419	137520068858324757	-1,-11,-11,-11,-11	-11,-11,-11,-11	ok
-0.507007	-31.911912	-46.546012	0.748658	continued:5	9455884669399191660884342385366419	137520068858324757	-1,-11,-11,-11,-11	-11,-11,-11,-11	ok
-0.506006	-31.911912	-47.034360	0.745864	continued:5	9455884669399191660884342385366419	137520068858324757	-1,-11,-11,-11,-11	-11,-11,-11,-11	ok
-0.505005	-31.911912	-47.476398	0.743533	continued:5	9455884669399191660884342385366419	137520068858324757	-1,-11,-11,-11,-11	-11,-11,-11,-11	ok
-0.504004	-31.911912	-47.873077	0.741743	continued:5	9455884669399191660884342385366419	137520068858324757	-1,-11,-11,-11,-11	-11,-11,-11,-11	ok
-0.503003	-31.911912	-48.224587	0.740494	continued:5	9455884669399191660884342385366419	137520068858324757	-1,-11,-11,-11,-11	-11,-11,-11,-11	ok
-0.502002	-31.911912	-48.531548	0.739785	continued:5	9455884669399191660884342385366419	137520068858324757	-1,-11,-11,-11,-11	-11,-11,-11,-11	ok
-0.501001	-31.911912	-48.795032	0.739412	continued:5	9455884669399191660884342385366419	137520068858324757	-1,-11,-11,-11,-11	-11,-11,-11,-11	ok
-0.500000	-31.911912	-49.018282	0.739244	full	9455884669399191660884342385366419	137520068858324757	-1,-11,-11,-11,-11	-11,-11,-11,-11	ok
