alpha	lambda	critical_state	critical_kind	critical_source	critical_theta	critical_theta_dx	critical_theta_dxx	critical_refine_mode	critical_scan_mode	critical_refine_input_x	critical_scan_best_x	critical_scan_left_x	critical_scan_right_x	critical_scan_spacing	critical_trace_len	critical_bracketed	absxmax_count	absxmax_dot_values	status
0.124850	0.200000	1.709229574,0.000000000,1.282199855	minimum	continued_angle_secant_step_tol	1.570754381	-0.000009812	NaN	secant_step_tol	sign_change_pair	1.710018109	1.830018109	1.695018109	1.710018109	0.015000000	5	true	16	-0.813754814,-0.941190029,0.993540789,-0.981019817,0.986145939,-0.981017793,0.981328091,-0.980948051,0.977611078,-0.980964986,0.975109140,-0.981004144,0.973582321,-0.981037652,0.972706748,-0.981059937	ok
0.124850	0.202806	1.710018109,0.000000000,1.282199855	minimum	continued_angle_secant_step_tol	1.570753619	-0.000010710	NaN	secant_step_tol	sign_change_pair	1.710818674	1.830818674	1.695818674	1.710818674	0.015000000	5	true	16	-0.812558417,-0.942451369,0.979186934,-0.977133616,0.947626386,-0.978455633,0.925573956,-0.980299139,0.915116882,-0.981600744,0.911308016,-0.982170429,0.910105454,-0.982363230,0.909762405,-0.982419554	ok
0.124850	0.205611	1.710818674,0.000000000,1.282199855	minimum	continued_angle_secant_step_tol	1.570752838	-0.000011674	NaN	secant_step_tol	sign_change_pair	1.711631291	1.831631291	1.696631291	1.711631291	0.015000000	5	true	16	-0.811366445,-0.943701529,0.944719100,-0.975064897,0.851948177,-0.999807118,0.716533783,0.960483119,-0.843585269,0.937147220,0.147677372,-0.967894790,0.835296969,0.530761824,-0.946617941,0.974329781	ok
0.124850	0.208417	1.711631291,0.000000000,1.282199855	minimum	continued_angle_secant_step_tol	1.570752039	-0.000012708	NaN	secant_step_tol	sign_change_pair	1.712455979	1.832455979	1.697455979	1.712455979	0.015000000	5	true	16	-0.810178919,-0.944922129,0.869514351,-0.983071178,0.664022033,0.961880687,-0.733443779,-0.958847124,0.734072672,0.958807227,-0.735213569,-0.958720640,0.735068473,0.958731981,-0.735123726,-0.958727721	ok
0.124850	0.211222	1.712455979,0.000000000,1.282199855	minimum	continued_angle_secant_step_tol	1.570751220	-0.000013815	NaN	secant_step_tol	sign_change_pair	1.713292761	1.833292761	1.698292761	1.713292761	0.015000000	5	true	16	-0.808995926,-0.946094293,0.725328572,0.958865266,-0.559822924,-0.962638999,0.622857780,0.961814223,-0.585913521,-0.962331310,0.605155258,0.962078266,-0.594783816,-0.962218461,0.600278589,0.962145372	ok
0.124850	0.214028	1.713292761,0.000000000,1.282199855	minimum	continued_angle_secant_step_tol	1.570750381	-0.000015001	NaN	secant_step_tol	sign_change_pair	1.714141656	1.834141656	1.699141656	1.714141656	0.015000000	5	true	16	-0.807817534,-0.947199460,0.502367883,0.962100684,-0.459296473,-0.962328041,0.464129240,0.962295338,-0.459983035,-0.962322633,0.463226562,0.962301293,-0.460683326,-0.962318034,0.462675946,0.962304927	ok
0.124850	0.216834	1.714141656,0.000000000,1.282199855	minimum	continued_angle_secant_step_tol	1.570749520	-0.000016269	NaN	secant_step_tol	sign_change_pair	1.715002687	1.835002687	1.700002687	1.715002687	0.015000000	5	true	16	-0.806643760,-0.948220310,0.243708806,0.962523153,-0.479457662,-0.961142148,0.208927503,0.962594438,-0.481353697,-0.961130685,0.207511596,0.962602650,-0.483291934,-0.961119164,0.206174000,0.962610426	ok
0.124850	0.219639	1.715002687,0.000000000,1.282199855	minimum	continued_angle_secant_step_tol	1.570748638	-0.000017624	NaN	secant_step_tol	sign_change_pair	1.715875872	1.835875872	1.700875872	1.715875872	0.015000000	5	true	16	-0.805474659,-0.949141786,0.013387267,0.962891281,-0.631240445,-0.959130463,-0.066353090,0.963461421,-0.756923306,-0.955620970,-0.090920519,0.963809723,-0.822715342,-0.503812633,0.294647701,0.963211013	ok
0.124850	0.222445	1.715875872,0.000000000,1.282199855	minimum	continued_angle_secant_step_tol	1.570747733	-0.000019072	NaN	secant_step_tol	sign_change_pair	1.716761233	1.836761233	1.701761233	1.716761233	0.015000000	5	true	16	-0.804310292,-0.949951972,-0.161137129,0.963592513,-0.856221383,0.967402308,0.252423523,-0.964671402,0.959426596,-0.962097029,-0.186449113,0.963640346,-0.859666680,0.966736341,0.250707454,-0.964662012	ok
0.124850	0.225251	1.716761233,0.000000000,1.282199855	minimum	continued_angle_secant_step_tol	1.570746805	-0.000020617	NaN	secant_step_tol	sign_change_pair	1.717658789	1.837658789	1.702658789	1.717658789	0.015000000	5	true	16	-0.803150689,-0.950642901,-0.285474791,0.964777931,-0.985954718,0.961066240,0.232682154,-0.963209573,0.855919340,-0.965061273,-0.343601312,0.965960282,-0.999816381,0.962424733,-0.027699384,-0.960432384	ok
0.124850	0.228056	1.717658789,0.000000000,1.282199855	minimum	continued_angle_secant_step_tol	1.570745852	-0.000022265	NaN	secant_step_tol	sign_change_pair	1.718568561	1.838568561	1.703568561	1.718568561	0.015000000	5	true	16	-0.801995884,-0.951210796,-0.373642402,0.966596901,-0.996473987,0.963730117,-0.451202018,-0.957893352,-0.365905973,0.965826972,-0.999669802,0.962008816,-0.013270457,-0.959624637,-0.127270987,0.960761303	ok
0.124850	0.230862	1.718568561,0.000000000,1.282199855	minimum	continued_angle_secant_step_tol	1.570744873	-0.000024022	NaN	secant_step_tol	sign_change_pair	1.719490570	1.839490570	1.704490570	1.719490570	0.015000000	5	true	16	-0.800845918,-0.951656078,-0.437351927,0.969287072,-0.978104288,0.977650644,-0.978333309,0.977075825,-0.979499059,0.975144934,-0.984054581,0.969680667,-0.999895883,0.960598830,0.200796978,-0.960619766	ok
0.124850	0.233667	1.719490570,0.000000000,1.282199855	minimum	continued_angle_secant_step_tol	1.570743868	-0.000025894	NaN	secant_step_tol	sign_change_pair	1.720424834	1.840424834	1.705424834	1.720424834	0.015000000	5	true	16	-0.799700837,-0.951982888,-0.484577213,0.973261040,-0.965291324,0.905694252,-0.958128359,-0.498138257,0.974722937,-0.963363848,0.550659440,0.956304232,0.486824309,-0.972946570,0.965796888,-0.944315572	ok
0.124850	0.236473	1.720424834,0.000000000,1.282199855	minimum	continued_angle_secant_step_tol	1.570742836	-0.000027888	NaN	secant_step_tol	sign_change_pair	1.721371375	1.841371375	1.706371375	1.721371375	0.015000000	5	true	16	-0.798560612,-0.952198292,-0.520472781,0.979180693,-0.958385669,-0.414218343,0.964136432,-0.999959847,0.958664748,0.393056889,-0.963133415,0.988152829,-0.957346948,-0.493633981,0.971784706,-0.965810767	ok
0.124850	0.239279	1.721371375,0.000000000,1.282199855	minimum	continued_angle_secant_step_tol	1.570741774	-0.000030011	NaN	secant_step_tol	sign_change_pair	1.722330212	1.842330212	1.707330212	1.722330212	0.015000000	5	true	16	-0.797425336,-0.952311415,-0.548368672,0.987737794,-0.953960211,-0.605856062,0.783627493,0.947687454,0.665450497,0.474512559,-0.758692831,-0.940444889,-0.671605493,-0.538099941,-0.443859032,-0.248713552	ok
0.124850	0.242084	1.722330212,0.000000000,1.282199855	minimum	continued_angle_secant_step_tol	1.570740683	-0.000032269	NaN	secant_step_tol	sign_change_pair	1.723301364	1.843301364	1.708301364	1.723301364	0.015000000	5	true	16	-0.796294979,-0.952332544,-0.570456792,0.997608927,-0.950523380,-0.651630638,-0.346792427,0.959994848,-0.882378696,0.956011436,0.574001159,-0.998067074,0.950387958,0.652670446,0.358577281,-0.960971468	ok
0.124850	0.244890	1.723301364,0.000000000,1.282199855	minimum	continued_angle_secant_step_tol	1.570739560	-0.000034672	NaN	secant_step_tol	sign_change_pair	1.724284853	1.844284853	1.709284853	1.724284853	0.015000000	5	true	16	-0.795169610,-0.952272260,-0.588217175,0.995493254,-0.947756307,-0.666231212,-0.478829097,0.725010427,0.936130957,0.665496126,0.536890697,0.459622838,0.391496008,0.173413607,-0.949722916,-0.654053370	ok
0.124850	0.247695	1.724284853,0.000000000,1.282199855	minimum	continued_angle_secant_step_tol	1.570738404	-0.000037225	NaN	secant_step_tol	sign_change_pair	1.725280687	1.845280687	1.710280687	1.725280687	0.015000000	5	true	16	-0.794049230,-0.952140859,-0.602676534,0.926954368,-0.945835748,-0.670541064,-0.511067428,-0.187069931,0.950924760,0.644567889,0.240303102,-0.953962157,-0.589223142,0.998973575,-0.947459457,-0.667064582	ok
0.124850	0.250501	1.725280687,0.000000000,1.282199855	minimum	continued_angle_scan_grad_tol	1.570737283	-0.000000129	NaN	scan_grad_tol	sign_change_pair	1.726288908	1.846288908	1.711288908	1.726288908	0.015000000	5	true	16	-0.792933869,-0.951947882,-0.614565877,0.699832891,0.944969060,0.671272347,0.518631882,0.285650503,-0.955447179,-0.493111255,0.964359076,-0.981774315,0.961157453,-0.323218856,-0.953635807,-0.605074144	ok
0.124850	0.253307	1.726288908,0.000000000,1.282199855	minimum	continued_angle_scan_grad_tol	1.570736062	-0.000000142	NaN	scan_grad_tol	sign_change_pair	1.727309524	1.847309524	1.712309524	1.727309524	0.015000000	5	true	16	-0.791823485,-0.951701812,-0.624418232,0.366369619,0.945397703,0.670700221,0.514429005,0.229252551,-0.951727733,-0.634831700,0.003863054,0.948332253,0.663584721,0.457785669,-0.993136129,0.940722354	ok
0.124850	0.256112	1.727309524,0.000000000,1.282199855	minimum	continued_angle_scan_grad_tol	1.570734804	-0.000000155	NaN	scan_grad_tol	sign_change_pair	1.728342556	1.848342556	1.713342556	1.728342556	0.015000000	5	true	16	-0.790718113,-0.951409959,-0.632630707,0.089460333,0.946730906,0.668421909,0.496529589,-0.203657132,-0.935611586,-0.663473508,-0.534778604,-0.457825644,-0.391116378,-0.178084487,0.947872055,0.664701978	ok
0.124850	0.258918	1.728342556,0.000000000,1.282199855	minimum	continued_angle_scan_grad_tol	1.570733506	-0.000000170	NaN	scan_grad_tol	sign_change_pair	1.729388025	1.849388025	1.714388025	1.729388025	0.015000000	5	true	16	-0.789617770,-0.951078389,-0.639504716,-0.094762264,0.948588942,0.662472160,0.447336760,-0.973527072,0.948639659,0.662791302,0.449718185,-0.975365815,0.947362003,0.667023564,0.485538541,-0.710175634	ok
0.124850	0.261723	1.729388025,0.000000000,1.282199855	minimum	continued_angle_scan_grad_tol	1.570732168	-0.000000187	NaN	scan_grad_tol	sign_change_pair	1.730445950	1.850445950	1.715445950	1.730445950	0.015000000	5	true	16	-0.788522488,-0.950711967,-0.645272768,-0.214669530,0.950719338,0.648766567,0.275996887,-0.952691358,-0.622487365,0.613491591,0.941091119,0.670108567,0.534273899,0.429971874,-0.022587110,0.938705226	ok
0.124850	0.264529	1.730445950,0.000000000,1.282199855	minimum	continued_angle_scan_grad_tol	1.570730786	-0.000000204	NaN	scan_grad_tol	sign_change_pair	1.731516352	1.851516352	1.716516352	1.731516352	0.015000000	5	true	16	-0.787432278,-0.950314414,-0.650116700,-0.295531438,0.953006816,0.616638973,-0.870552809,0.938378505,0.666841080,0.535513493,0.450262178,0.331315205,-0.960792772,0.961083126,-0.620067378,-0.950723550	ok
0.124850	0.267335	1.731516352,0.000000000,1.282199855	minimum	continued_angle_scan_grad_tol	1.570729359	-0.000000223	NaN	scan_grad_tol	sign_change_pair	1.732599251	1.852599251	1.717599251	1.732599251	0.015000000	5	true	16	-0.786347102,-0.949888330,-0.654180280,-0.352378267,0.955419302,0.523318117,-0.962071829,0.988153331,-0.954853765,-0.582264185,0.977933807,-0.950572158,-0.652039299,-0.318363311,0.953583059,0.603438630	ok
0.124850	0.270140	1.732599251,0.000000000,1.282199855	minimum	continued_angle_scan_grad_tol	1.570727884	-0.000000244	NaN	scan_grad_tol	sign_change_pair	1.733694667	1.853694667	1.718694667	1.733694667	0.015000000	5	true	16	-0.785267028,-0.949435285,-0.657578206,-0.393799133,0.957984717,-0.092965768,-0.950919582,-0.648573316,-0.254201176,0.950496877,0.651221058,0.302847193,-0.952433033,-0.628435081,0.467029681,0.935791843	ok
0.124850	0.272946	1.733694667,0.000000000,1.282199855	minimum	continued_angle_scan_grad_tol	1.570726359	-0.000000267	NaN	scan_grad_tol	sign_change_pair	1.734802622	1.854802622	1.719802622	1.734802622	0.015000000	5	true	16	-0.784192054,-0.948955832,-0.660402459,-0.424859385,0.960833071,-0.978490953,0.956923752,0.478318768,-0.957925249,-0.221051853,0.952349731,0.632705147,-0.290690196,-0.936752470,-0.663567835,-0.533453507	ok
0.124850	0.275752	1.734802622,0.000000000,1.282199855	minimum	continued_angle_scan_grad_tol	1.570724781	-0.000000291	NaN	scan_grad_tol	sign_change_pair	1.735923135	1.855923135	1.720923135	1.735923135	0.015000000	5	true	16	-0.783122158,-0.948449452,-0.662726912,-0.448682438,0.964490895,-0.955267278,-0.569520185,0.966689284,-0.957975575,-0.363482193,0.953960054,0.601602123,-0.989889381,0.942924124,0.669920606,0.527794629	ok
0.124850	0.278557	1.735923135,0.000000000,1.282199855	minimum	continued_angle_scan_grad_tol	1.570723147	-0.000000318	NaN	scan_grad_tol	sign_change_pair	1.737056227	1.857056227	1.722056227	1.737056227	0.015000000	5	true	16	-0.782057400,-0.947914491,-0.664610418,-0.467277856,0.972114895,-0.940663590,-0.668136775,-0.532553999,-0.430120214,0.044788201,-0.947627632,-0.663548595,-0.459397126,0.967052004,-0.949217863,-0.660296015	ok
0.124850	0.281363	1.737056227,0.000000000,1.282199855	minimum	continued_angle_scan_grad_tol	1.570721454	-0.000000346	NaN	scan_grad_tol	sign_change_pair	1.738201919	1.858201919	1.723201919	1.738201919	0.015000000	5	true	16	-0.780997797,-0.947347983,-0.666099484,-0.481987463,0.999596256,0.952665126,0.604718999,-0.989000880,0.940349227,0.667542943,0.532476913,0.432743795,0.044517768,0.944806801,0.669060703,0.513789210	ok
0.124850	0.284168	1.738201919,0.000000000,1.282199855	minimum	continued_angle_scan_grad_tol	1.570719698	-0.000000378	NaN	scan_grad_tol	sign_change_pair	1.739360231	1.859360231	1.724360231	1.739360231	0.015000000	5	true	16	-0.779943377,-0.946745262,-0.667229471,-0.493735252,0.678798693,-0.954935266,-0.471712475,0.956134329,0.505221944,-0.957730595,-0.269499991,0.951162033,0.647483967,0.197227318,-0.945752286,-0.668563307	ok
0.124850	0.286974	1.739360231,0.000000000,1.282199855	minimum	continued_angle_scan_grad_tol	1.570717876	-0.000000412	NaN	scan_grad_tol	sign_change_pair	1.740531185	1.860531185	1.725531185	1.740531185	0.015000000	5	true	16	-0.778894180,-0.946099417,-0.668025067,-0.503173124,0.150908611,-0.949647597,-0.653320463,-0.324658002,0.950985171,0.648369532,0.214086817,-0.945774809,-0.668372147,-0.507102312,-0.008875425,-0.945335971	ok
0.124850	0.289780	1.740531185,0.000000000,1.282199855	minimum	continued_angle_scan_grad_tol	1.570715983	-0.000000448	NaN	scan_grad_tol	sign_change_pair	1.741714800	1.861714800	1.726714800	1.741714800	0.015000000	5	true	16	-0.777850259,-0.945400246,-0.668499634,-0.510767882,-0.118418776,-0.940350247,-0.666765033,-0.531151022,-0.429321574,0.084513356,-0.952090083,-0.623961113,0.940447502,0.948599383,0.659894496,0.419423210	ok
0.124850	0.292585	1.741714800,0.000000000,1.282199855	minimum	continued_angle_scan_grad_tol	1.570714016	-0.000000489	NaN	scan_grad_tol	sign_change_pair	1.742911098	1.862911098	1.727911098	1.742911098	0.015000000	5	true	16	-0.776811617,-0.944632338,-0.668652749,-0.516856701,-0.254483849,0.946311794,0.667422886,0.499682092,-0.384909858,0.955029354,0.490845167,-0.955943985,-0.524582436,0.957875415,0.235361103,-0.949336818	ok
0.124850	0.295391	1.742911098,0.000000000,1.282199855	minimum	continued_angle_scan_grad_tol	1.570711970	-0.000000532	NaN	scan_grad_tol	sign_change_pair	1.744120098	1.864120098	1.729120098	1.744120098	0.015000000	5	true	16	-0.775778385,-0.943771389,-0.668464290,-0.521677373,-0.331284925,0.952900008,0.623885357,-0.984467044,-0.950307638,-0.649266808,-0.227360663,0.944333475,0.668481984,0.518510485,0.284538734,-0.948408377	ok
0.124850	0.298196	1.744120098,0.000000000,1.282199855	minimum	continued_angle_scan_grad_tol	1.570709839	-0.000000579	NaN	scan_grad_tol	sign_change_pair	1.745341822	1.865341822	1.730341822	1.745341822	0.015000000	5	true	16	-0.774750653,-0.942775939,-0.667880149,-0.525381247,-0.378601336,0.958692487,-0.955065794,0.943291450,0.668103599,0.523531408,0.357319857,-0.955648164,-0.516624880,0.956694418,0.465937666,-0.954014188	ok
0.124850	0.301002	1.745341822,0.000000000,1.282199855	minimum	continued_angle_scan_grad_tol	1.570707619	-0.000000631	NaN	scan_grad_tol	sign_change_pair	1.746576288	1.866576288	1.731576288	1.746576288	0.015000000	5	true	16	-0.773728458,-0.941566076,-0.666774011,-0.528019466,-0.409541985,0.962527288,0.943025957,0.667740393,0.523503224,0.360185067,-0.955739517,-0.513149287,0.956149675,0.517178561,-0.956380354,-0.499077181	ok
0.124850	0.303808	1.746576288,0.000000000,1.282199855	minimum	continued_angle_scan_grad_tol	1.570705302	-0.000000687	NaN	scan_grad_tol	sign_change_pair	1.747823517	1.867823517	1.732823517	1.747823517	0.015000000	5	true	16	-0.772712011,-0.939949870,-0.664812981,-0.529447597,-0.430500523,0.015986130,-0.953252533,-0.605671020,0.969188461,-0.947747938,-0.664630158,-0.474030006,0.964281714,-0.948546063,-0.662599885,-0.450576398	ok
0.124850	0.306613	1.747823517,0.000000000,1.282199855	minimum	continued_angle_scan_grad_tol	1.570702883	-0.000000748	NaN	scan_grad_tol	sign_change_pair	1.749083528	1.869083528	1.734083528	1.749083528	0.015000000	5	true	16	-0.771701384,-0.937145424,-0.660571024,-0.528613885,-0.444575205,-0.334506469,0.956794221,0.351826639,-0.949171849,-0.660324095,-0.422500769,0.956207298,0.497348334,-0.954568544,-0.595221849,0.964397601	ok
0.124850	0.309419	1.749083528,0.000000000,1.282199855	minimum	continued_angle_scan_grad_tol	1.570700354	-0.000000815	NaN	scan_grad_tol	sign_change_pair	1.750356338	1.870356338	1.735356338	1.750356338	0.015000000	5	true	16	-0.770696813,0.937372409,0.660637060,0.528324864,0.443254484,0.323432114,-0.954616353,-0.581022716,0.961486493,-0.971211896,0.954733394,0.597488667,-0.964368018,0.956640762,0.514296382,-0.955241553	ok
0.124850	0.312224	1.750356338,0.000000000,1.282199855	minimum	continued_angle_scan_grad_tol	1.570697708	-0.000000887	NaN	scan_grad_tol	sign_change_pair	1.751641967	1.871641967	1.736641967	1.751641967	0.015000000	5	true	16	-0.769698519,0.940429938,0.664533008,0.527769877,0.422653166,0.963475512,-0.947296671,-0.665103970,-0.483716226,0.964892985,0.943868755,0.666994477,0.518319112,0.298148367,-0.947052004,-0.665358640	ok
0.124850	0.315030	1.751641967,0.000000000,1.282199855	minimum	continued_angle_scan_grad_tol	1.570694936	-0.000000967	NaN	scan_grad_tol	sign_change_pair	1.752940429	1.872940429	1.737940429	1.752940429	0.015000000	5	true	16	-0.768706694,0.942333719,0.666034362,0.524076266,0.383352374,-0.958010379,0.059295153,0.937622004,0.660391723,0.527567603,0.441198482,0.307535618,-0.951501939,-0.645584907,-0.035460503,-0.949195071	ok
0.124850	0.317836	1.752940429,0.000000000,1.282199855	minimum	continued_angle_secant_step_tol	1.570692028	-0.000001053	NaN	secant_step_tol	sign_change_pair	1.754251742	1.874251742	1.739251742	1.754251742	0.015000000	6	true	16	-0.767721706,0.943838549,0.666499155,0.517900740,0.298206185,-0.946073888,-0.666104483,-0.501258519,0.486340959,-0.962048160,0.956198376,0.547314884,-0.956866430,-0.476240194,0.952113776,0.641950738	ok
0.124850	0.320641	1.754251742,0.000000000,1.282199855	minimum	continued_angle_secant_step_tol	1.570688974	-0.000001148	NaN	secant_step_tol	sign_change_pair	1.755575918	1.875575918	1.740575918	1.755575918	0.015000000	6	true	16	-0.766743911,0.945132653,0.666221714,0.508768035,0.040060114,0.953674229,0.606222918,-0.964688774,0.954350068,0.610790530,-0.965835515,0.950681184,0.653686322,0.302281046,-0.942846218,-0.665808190	ok
0.124850	0.323447	1.755575918,0.000000000,1.282199855	minimum	continued_angle_secant_step_tol	1.570685763	-0.000001252	NaN	secant_step_tol	sign_change_pair	1.756912969	1.876912969	1.741912969	1.756912969	0.015000000	6	true	16	-0.765773735,0.946294704,0.665282144,0.495572219,-0.936653425,-0.962498805,0.955056678,0.594403866,-0.961910245,0.965804230,-0.959574710,0.214702178,-0.944062270,-0.666051065,-0.516116351,-0.272170939	ok
0.124850	0.326253	1.756912969,0.000000000,1.282199855	minimum	continued_angle_secant_step_tol	1.570682382	-0.000001366	NaN	secant_step_tol	sign_change_pair	1.758262906	1.878262906	1.743262906	1.758262906	0.015000000	6	true	16	-0.764811635,0.947365618,0.663674915,0.476269361,-0.962423873,0.957505298,0.458838803,-0.950119385,-0.656448135,-0.362738374,0.947919372,0.663240743,0.469163138,-0.961140913,0.965797649,-0.959308558	ok
0.124850	0.329058	1.758262906,0.000000000,1.282199855	minimum	continued_angle_secant_step_tol	1.570678816	-0.000001491	NaN	secant_step_tol	sign_change_pair	1.759625735	1.879625735	1.744625735	1.759625735	0.015000000	6	true	16	-0.763858250,0.948369488,0.661341904,0.446965901,-0.957286578,-0.415536983,0.947576398,0.663756773,0.477715244,-0.962487797,0.957289315,0.484130685,-0.951172108,-0.650712107,-0.211993771,-0.946916398	ok
0.124850	0.331864	1.759625735,0.000000000,1.282199855	minimum	continued_angle_secant_step_tol	1.570675052	-0.000001629	NaN	secant_step_tol	sign_change_pair	1.761001460	1.881001460	1.746001460	1.761001460	0.015000000	6	true	16	-0.762914280,0.949321732,0.658179226,0.399479181,-0.951023449,-0.651466181,-0.236030553,-0.946333468,-0.664732350,-0.495204152,0.959545242,0.956025075,0.507648063,-0.952430863,-0.640599158,0.460505896	ok
0.124850	0.334669	1.761001460,0.000000000,1.282199855	minimum	continued_angle_secant_step_tol	1.570671071	-0.000001780	NaN	secant_step_tol	sign_change_pair	1.762390080	1.882390080	1.747390080	1.762390080	0.015000000	6	true	16	-0.761980548,0.950232779,0.654032345,0.313760773,-0.936018736,-0.655606358,-0.523094901,-0.440255258,-0.346224926,0.957340076,0.369461884,-0.943952608,-0.665014929,-0.515982956,-0.289345290,0.938588423	ok
0.124850	0.337475	1.762390080,0.000000000,1.282199855	minimum	continued_angle_secant_step_tol	1.570666854	-0.000001947	NaN	secant_step_tol	sign_change_pair	1.763791590	1.883791590	1.748791590	1.763791590	0.015000000	6	true	16	-0.761057966,0.951110016,0.648681825,0.127930989,0.952520995,0.634973838,-0.997815082,-0.964312543,0.947750564,0.663067555,0.474569878,-0.961397803,0.964828093,-0.960519812,0.910049495,0.951129205	ok
0.124850	0.340281	1.763791590,0.000000000,1.282199855	minimum	continued_angle_secant_step_tol	1.570662380	-0.000002131	NaN	secant_step_tol	sign_change_pair	1.765205979	1.885205979	1.750205979	1.765205979	0.015000000	6	true	16	-0.760147711,0.951958819,0.641817755,-0.401736641,0.961657427,-0.962229410,0.972595565,-0.947852343,-0.662755600,-0.472416529,0.960817512,-0.971389696,0.949307773,0.659527532,0.423937920,-0.953100087	ok
0.124850	0.343086	1.765205979,0.000000000,1.282199855	minimum	continued_angle_secant_step_tol	1.570657625	-0.000002335	NaN	secant_step_tol	sign_change_pair	1.766633229	1.886633229	1.751633229	1.766633229	0.015000000	6	true	16	-0.759251116,0.952783222,0.632996112,-0.973260680,-0.961019072,0.966589495,-0.956263148,-0.563619407,0.956199663,0.557465779,-0.955546888,-0.584362265,0.958774965,0.142585994,0.947574103,0.662590671	ok
0.124850	0.345892	1.766633229,0.000000000,1.282199855	minimum	continued_angle_secant_step_tol	1.570652562	-0.000002560	NaN	secant_step_tol	sign_change_pair	1.768073312	1.888073312	1.753073312	1.768073312	0.015000000	6	true	16	-0.758369692,0.953586289,0.621564153,-0.965254585,0.948775484,0.660731376,0.447015082,-0.955955919,-0.564981581,0.956141952,0.562882900,-0.955895701,-0.573456081,0.957135689,0.499795974,-0.950166384	ok
0.124850	0.348697	1.768073312,0.000000000,1.282199855	minimum	continued_angle_secant_step_tol	1.570647160	-0.000002811	NaN	secant_step_tol	sign_change_pair	1.769526191	1.889526191	1.754526191	1.769526191	0.015000000	6	true	16	-0.757505321,0.954370412,0.606528273,-0.961949958,0.966105940,-0.956824955,-0.541073257,0.953382864,0.632593676,-0.967359261,-0.957632214,-0.350131498,-0.942134722,-0.662428889,-0.519713973,-0.380968414	ok
0.124850	0.351503	1.769526191,0.000000000,1.282199855	minimum	continued_angle_secant_step_tol	1.570641386	-0.000003089	NaN	secant_step_tol	sign_change_pair	1.770991817	1.890991817	1.755991817	1.770991817	0.015000000	6	true	16	-0.756660154,0.955137444,0.586305129,-0.958461296,-0.314749187,-0.945648207,-0.663622551,-0.502298741,-0.964442951,0.951501332,0.650134828,0.172188542,0.954034747,0.615848624,-0.963581233,0.958093984	ok
0.124850	0.354309	1.770991817,0.000000000,1.282199855	minimum	continued_angle_secant_step_tol	1.570635201	-0.000003398	NaN	secant_step_tol	sign_change_pair	1.772470124	1.892470124	1.757470124	1.772470124	0.015000000	6	true	16	-0.755836718,0.955888849,0.558219693,-0.954704124,-0.612742720,0.962716682,-0.962345916,0.970138909,-0.948082749,-0.661617298,-0.467928694,0.959114324,-0.102068257,0.953452526,0.627091157,-0.965709445	ok
0.124850	0.357114	1.772470124,0.000000000,1.282199855	minimum	continued_angle_secant_step_tol	1.570628560	-0.000003743	NaN	secant_step_tol	sign_change_pair	1.773961028	1.893961028	1.758961028	1.773961028	0.015000000	6	true	16	-0.755038017,0.956625791,0.517397510,-0.950321618,-0.655759992,-0.362311250,0.938117612,0.656436541,0.520748985,0.429086675,0.201869195,0.952631120,0.638566702,0.999030355,0.967364937,0.956571175	ok
0.124850	0.359920	1.773961028,0.000000000,1.282199855	minimum	continued_angle_secant_step_tol	1.570621413	-0.000004129	NaN	secant_step_tol	sign_change_pair	1.775464424	1.895464424	1.760464424	1.775464424	0.015000000	6	true	16	-0.754267632,0.957349176,0.454024693,-0.943217823,-0.662113366,-0.515339624,-0.334952498,0.944468892,0.662782214,0.510214325,0.199490418,0.954230472,0.616225238,-0.963122708,0.960879453,-0.971669224	ok
0.124850	0.362725	1.775464424,0.000000000,1.282199855	minimum	continued_angle_secant_step_tol	1.570613702	-0.000004560	NaN	secant_step_tol	sign_change_pair	1.776980176	1.896980176	1.761980176	1.776980176	0.015000000	6	true	16	-0.753529787,0.958059717,0.345517460,0.947890083,0.661089050,0.469249774,-0.958925360,-0.157672832,-0.952805969,-0.637600859,0.960949182,0.962745432,-0.960916818,0.972901910,0.957975953,0.367027759	ok
0.124850	0.365531	1.776980176,0.000000000,1.282199855	minimum	continued_angle_secant_step_tol	1.570605361	-0.000005042	NaN	secant_step_tol	sign_change_pair	1.778508117	1.898508117	1.763508117	1.778508117	0.015000000	6	true	16	-0.752829507,0.958757975,0.130326879,0.953874786,0.624480619,-0.964565753,0.953789477,0.631812218,-0.965724682,-0.946849399,-0.661973140,-0.488213278,0.962897401,-0.959255328,-0.258000518,-0.951527454	ok
0.124850	0.368337	1.778508117,0.000000000,1.282199855	minimum	continued_angle_secant_step_tol	1.570596313	-0.000005583	NaN	secant_step_tol	sign_change_pair	1.780048035	1.660048035	1.765048035	1.780048035	0.015000000	6	true	16	-0.752172795,0.959444369,-0.365905528,0.958336337,0.319239837,0.950419034,0.654396249,0.339974734,0.947542805,0.661180845,0.477189035,-0.960388304,0.998554174,0.958730354,0.187521913,0.953621677	ok
0.124850	0.371142	1.780048035,0.000000000,1.282199855	minimum	continued_angle_secant_step_tol	1.570586468	-0.000006191	NaN	secant_step_tol	sign_change_pair	1.781599666	1.661599666	1.766599666	1.781599666	0.015000000	6	true	16	-0.751566857,0.960119177,-0.970823413,-0.960110955,0.962195749,0.960170105,-0.981325123,-0.960000953,0.900295861,0.960371911,-0.999323734,-0.959331775,0.146857025,-0.957846125,-0.431827669,-0.944782602	ok
0.124850	0.373948	1.781599666,0.000000000,1.282199855	minimum	continued_angle_secant_step_tol	1.570575723	-0.000006872	NaN	secant_step_tol	sign_change_pair	1.783162681	1.663162681	1.768162681	1.783162681	0.015000000	6	true	16	-0.751020366,0.960782587,-0.982086566,-0.955393436,-0.596810320,0.958596297,0.392619338,0.948691182,0.659200708,0.449699757,-0.954409872,-0.623369461,0.963901315,-0.958488542,-0.443525010,-0.944601922	ok
0.124850	0.376754	1.783162681,0.000000000,1.282199855	minimum	continued_angle_secant_step_tol	1.570563956	-0.000007637	NaN	secant_step_tol	sign_change_pair	1.784736663	1.664736663	1.769736663	1.784736663	0.015000000	6	true	16	-0.750543808,0.961434701,-0.969900023,-0.939191845,-0.655763118,-0.517497966,-0.418485642,-0.962824531,0.965565567,-0.957425577,-0.538861417,0.950282718,0.655639675,0.379385640,0.943149622,0.660289378	ok
0.124850	0.379559	1.784736663,0.000000000,1.282199855	minimum	continued_angle_secant_step_tol	1.570551022	-0.000008494	NaN	secant_step_tol	sign_change_pair	1.786321090	1.666321090	1.771321090	1.786321090	0.015000000	6	true	16	-0.750149980,0.962075509,-0.966316386,0.954931010,0.618963530,-0.962634445,0.965101466,-0.959008375,-0.382943209,-0.950598010,-0.653794821,-0.335243953,-0.950544439,-0.654022349,-0.341937194,-0.949910635	ok
0.124850	0.382365	1.786321090,0.000000000,1.282199855	minimum	continued_angle_secant_step_tol	1.570536752	-0.000009451	NaN	secant_step_tol	sign_change_pair	1.787915301	1.667915301	1.772915301	1.787915301	0.015000000	6	true	16	-0.749854463,0.962704935,-0.963957433,0.963053720,-0.966420161,0.954521011,0.625902220,-0.964109047,0.958447454,0.468828456,0.944437331,0.660517476,0.507337329,0.184855667,0.957583008,0.500862551	ok
0.124850	0.385170	1.787915301,0.000000000,1.282199855	minimum	continued_angle_secant_step_tol	1.570520943	-0.000010516	NaN	secant_step_tol	sign_change_pair	1.789518450	1.669518450	1.774518450	1.789518450	0.015000000	6	true	16	-0.749676599,0.963322804,-0.961850494,0.978861636,0.957597696,0.504152800,-0.943171240,-0.659386379,-0.511613045,-0.333610948,-0.945080877,-0.660481432,-0.503596958,0.173220781,-0.962322583,0.966386396	ok
0.124850	0.387976	1.789518450,0.000000000,1.282199855	minimum	continued_angle_secant_step_tol	1.570503351	-0.000011690	NaN	secant_step_tol	sign_change_pair	1.791129454	1.671129454	1.776129454	1.791129454	0.015000000	6	true	16	-0.749640327,0.963928850,-0.959801958,-0.226211291,-0.957059807,-0.546125400,0.949999348,0.656109468,0.405129336,-0.941985370,-0.657964053,-0.513624960,-0.378517743,0.952047055,0.647942943,0.028892177	ok
0.124850	0.390782	1.791129454,0.000000000,1.282199855	minimum	continued_angle_secant_step_tol	1.570483685	-0.000012969	NaN	secant_step_tol	sign_change_pair	1.792746899	1.672746899	1.777746899	1.792746899	0.015000000	6	true	16	-0.749775830,0.964522716,-0.957741401,-0.538245926,0.948406787,0.658838249,0.463696217,-0.956298560,-0.589830976,0.956337065,0.590942001,-0.956520718,-0.585337917,0.955579305,0.609491434,-0.960031016	ok
0.124850	0.393587	1.792746899,0.000000000,1.282199855	minimum	continued_angle_secant_step_tol	1.570461592	-0.000014331	NaN	secant_step_tol	sign_change_pair	1.794368925	1.674368925	1.779368925	1.794368925	0.015000000	6	true	16	-0.750121379,0.965103939,-0.955611938,-0.611531633,0.960320503,-0.175813972,0.962726033,-0.965382026,0.958596990,0.478839103,0.946915155,0.659653687,0.487265168,-0.962061135,0.967772369,-0.948320618	ok
0.124850	0.396393	1.794368925,0.000000000,1.282199855	minimum	continued_angle_secant_step_tol	1.570436645	-0.000015731	NaN	secant_step_tol	sign_change_pair	1.795993042	1.675993042	1.780993042	1.795993042	0.015000000	6	true	16	-0.750726195,0.965671934,-0.953330763,-0.640534668,0.963414551,0.950052860,0.655281246,0.399603822,0.944676403,0.659169695,0.504385858,0.102142483,0.960468632,-0.567321538,0.965217672,-0.955592722	ok
0.124850	0.399198	1.795993042,0.000000000,1.282199855	minimum	continued_angle_secant_step_tol	1.570408329	-0.000017079	NaN	secant_step_tol	sign_change_pair	1.797615846	1.677615846	1.782615846	1.797615846	0.015000000	6	true	16	-0.751654637,0.966225982,-0.950730821,-0.653756240,-0.362401453,-0.951618431,-0.649775087,-0.195731724,-0.960268854,0.259467194,-0.964280156,0.960076406,0.214416197,0.959331261,0.293696674,0.957562748	ok
0.124850	0.402004	1.797615846,0.000000000,1.282199855	minimum	continued_angle_secant_step_tol	1.570376028	-0.000018216	NaN	secant_step_tol	sign_change_pair	1.799232568	1.679232568	1.784232568	1.799232568	0.015000000	6	true	16	-0.752992352,0.966765210,-0.947324282,-0.658798949,-0.482810843,0.960733401,-0.695539531,0.966756467,-0.947429994,-0.658750573,-0.481427288,0.960354534,-0.180445821,0.964262579,-0.960557025,0.000702639	ok
0.124850	0.404810	1.799232568,0.000000000,1.282199855	minimum	continued_angle_secant_step_tol	1.570339034	-0.000018867	NaN	secant_step_tol	sign_change_pair	1.800836316	1.680836316	1.785836316	1.800836316	0.015000000	6	true	16	-0.754855969,0.967288573,0.940052017,0.653673847,0.512226249,0.405611177,-0.959719088,-0.214259143,-0.960265587,0.112854049,-0.964218583,0.961130377,-0.519633453,0.966604377,-0.949571599,-0.656237789	ok
0.124850	0.407615	1.800836316,0.000000000,1.282199855	minimum	continued_angle_secant_step_tol	1.570296590	-0.000018594	NaN	secant_step_tol	sign_change_pair	1.802416705	1.682416705	1.787416705	1.802416705	0.015000000	6	true	16	-0.757408909,0.967794839,0.948104894,0.657777278,0.470129306,-0.957159127,-0.574098429,0.952473986,0.646542924,-0.172584837,0.965170324,-0.957977079,-0.546121127,0.947156979,0.658352385,0.484676921	ok
0.124850	0.410421	1.802416705,0.000000000,1.282199855	minimum	continued_angle_secant_step_tol	1.570248096	-0.000016764	NaN	secant_step_tol	sign_change_pair	1.803957207	1.683957207	1.788957207	1.803957207	0.015000000	6	true	16	-0.760888851,0.968282607,0.951608296,0.649931255,0.233683217,0.960306556,-0.005099648,0.964131965,-0.962232806,0.972124519,0.961322636,-0.992272956,-0.967746429,-0.946498575,-0.658174422,-0.490857469	ok
0.124850	0.413226	1.803957207,0.000000000,1.282199855	minimum	continued_angle_secant_step_tol	1.570193763	-0.000012684	NaN	secant_step_tol	sign_change_pair	1.805429390	1.685429390	1.790429390	1.805429390	0.015000000	6	true	16	-0.765658725,0.968750410,0.954347328,0.631199250,-0.964479990,0.960867103,-0.048960107,0.964974635,-0.959354212,-0.445440002,-0.954029496,-0.634485763,0.965289019,-0.956544670,-0.600275920,0.956982192	ok
0.124850	0.416032	1.805429390,0.000000000,1.282199855	minimum	continued_angle_secant_step_tol	1.570136858	-0.000006379	NaN	secant_step_tol	sign_change_pair	1.806778239	1.686778239	1.791778239	1.806778239	0.015000000	6	true	16	-0.772313196,0.969197024,0.956715920,0.589768110,-0.954759960,-0.629304067,0.963878669,-0.963862189,0.965711563,-0.958945755,-0.494783217,-0.950592993,-0.653212237,-0.380640748,-0.952488408,-0.645969168	ok
0.124850	0.418838	1.806778239,0.000000000,1.282199855	minimum	continued_angle_scan_grad_tol	1.570092421	-0.000000787	NaN	scan_grad_tol	sign_change_pair	1.807873397	1.687873397	1.792873397	1.807873397	0.015000000	5	true	16	-0.781936751,0.969622445,0.958846130,0.477141680,0.952771850,0.644492689,0.966921862,-0.952740424,-0.645567423,-0.966145009,0.955867669,0.615620030,-0.960171175,-0.275184317,-0.961162935,0.768892373	ok
0.124850	0.421643	1.807873397,0.000000000,1.282199855	minimum	continued_angle_secant_step_tol	1.570131958	-0.000008190	NaN	secant_step_tol	sign_change_pair	1.808223030	1.688223030	1.793223030	1.808223030	0.015000000	5	true	16	-0.796915330,0.970031315,0.960819640,-0.198793855,0.967267766,-0.949127051,-0.655760848,-0.451562729,0.951575778,0.650385865,0.289131422,0.959488239,0.405733749,0.957462531,0.569869131,-0.950376439	ok
0.124850	0.424449	1.808223030,0.000000000,1.282199855	minimum	continued_angle_secant_max_iters_best	1.570779772	-0.030447704	NaN	secant_max_iters_best	sign_change_pair	1.810034475	1.780034475	1.795034475	1.810034475	0.015000000	8	true	16	-0.825387202,0.970452894,0.962831937,-0.968253021,-0.942789661,-0.654591058,-0.505857906,-0.353303632,-0.949292026,-0.655259683,-0.446362157,0.949804175,0.654595386,0.431290192,-0.942418261,-0.654209461	ok
0.124850	0.427255	1.810034475,0.000000000,1.282199855	minimum	continued_angle_secant_max_iters_best	1.518111089	-2.208459942	NaN	secant_max_iters_best	sign_change_pair	1.822273085	1.702273085	1.807273085	1.822273085	0.015000000	8	true	16	-0.844828537,0.970724288,0.963894049,-0.965157891,0.962131215,-0.966360690,-0.969135487,-0.954241583,-0.634619585,0.965081713,-0.959987414,-0.403027847,-0.958435787,-0.529415061,-0.948135096,-0.656112114	ok
0.124850	0.430060	1.822273085,0.000000000,1.282199855	minimum	continued_angle_secant_max_iters_best	1.395955076	-8.795445127	NaN	secant_max_iters_best	sign_change_pair	1.811178832	1.691178832	1.811178832	1.826178832	0.015000000	8	true	16	-0.718683052,0.970237612,0.960483954,0.197452660,0.964170026,-0.964544227,0.964574748,-0.964468083,0.964832885,-0.963567332,0.967702610,-0.950024120,-0.653895620,-0.425891563,-0.946179531,-0.656147263	ok
0.124850	0.432866	1.811178832,0.000000000,1.282199855	minimum	continued_angle_secant_max_iters_best	0.476404766	2.911842852	NaN	secant_max_iters_best	sign_change_pair	1.781178832	1.661178832	1.811178832	1.826178832	0.015000000	8	true	16	0.971304185,0.965921461,-0.958415751,-0.553733288,0.941288168,0.651915267,0.506223201,0.387798511,-0.952762998,-0.645465679,-0.966019461,0.958633142,0.543096605,0.946390737,0.655892089,0.490045978	ok
0.124850	0.435671	1.781178832,0.000000000,1.282199855	minimum	continued_angle_secant_max_iters_best	0.609135826	8.331456792	NaN	secant_max_iters_best	sign_change_pair	1.781178832	1.661178832	1.781178832	1.796178832	0.015000000	8	true	16	-0.963741106,-0.967709063,0.949536975,0.654205566,0.444148260,-0.947607019,-0.655571709,-0.478896587,0.959109612,0.506017889,0.953121998,0.643279768,0.967548209,-0.955231659,-0.628026311,0.963023961	ok
0.124850	0.438477	1.781178832,0.000000000,1.282199855	minimum	continued_angle_secant_max_iters_best	0.615566124	7.703873642	NaN	secant_max_iters_best	sign_change_pair	1.796178832	1.676178832	1.781178832	1.796178832	0.015000000	8	true	16	-0.965146188,-0.966858480,0.955203032,0.628789084,-0.963189473,0.968501396,0.946226742,0.655261003,0.490654342,-0.962637918,0.969089926,0.953790978,0.639334831,-0.965782105,0.956923796,0.603599556	ok
0.124850	0.441283	1.796178832,0.000000000,1.282199855	minimum	continued_angle_secant_step_tol	1.380743287	-0.000002774	NaN	secant_step_tol	sign_change_pair	1.786873037	1.666873037	1.786873037	1.801873037	0.015000000	8	true	16	0.992578550,0.967253944,-0.953726093,-0.640796873,0.965393102,-0.956447319,-0.613281837,0.958747303,0.543490163,0.948681416,0.654519867,0.463521738,-0.954054041,-0.638432652,0.965706417,-0.958519290	ok
0.124850	0.444088	1.786873037,0.000000000,1.282199855	minimum	continued_angle_secant_max_iters_best	0.675256805	13.287539602	NaN	secant_max_iters_best	sign_change_pair	1.786873037	1.666873037	1.786873037	1.801873037	0.015000000	8	true	16	-0.965375849,-0.965808129,0.960422693,0.400581700,0.960834114,0.217968101,0.965405459,-0.961913107,0.547221800,-0.970512056,-0.959570951,-0.476745322,-0.956896048,-0.602495381,0.955955992,0.620659916	ok
0.124850	0.446894	1.786873037,0.000000000,1.282199855	minimum	continued_angle_secant_max_iters_best	0.671366541	11.240462818	NaN	secant_max_iters_best	sign_change_pair	1.801873037	1.681873037	1.786873037	1.801873037	0.015000000	8	true	16	-0.966335521,-0.965007564,0.963626323,-0.968634774,-0.946460148,-0.654407962,-0.488285253,0.962179637,-0.967951450,-0.965855727,0.960613672,0.378930904,0.961964827,0.972508024,0.965967722,-0.960194022	ok
0.124850	0.449699	1.801873037,0.000000000,1.282199855	minimum	continued_angle_secant_max_iters_best	1.461071149	0.000473004	NaN	secant_max_iters_best	sign_change_pair	1.792606268	1.672606268	1.792606268	1.807606268	0.015000000	8	true	16	0.996937710,0.965208472,-0.963267252,0.969421598,0.956323759,0.615028898,-0.958946736,-0.544330474,-0.950398363,-0.651867027,-0.419291018,-0.952236692,-0.647302664,-0.207496103,-0.963603595,0.968303254	ok
0.124850	0.452505	1.792606268,0.000000000,1.282199855	minimum	continued_angle_secant_max_iters_best	0.732970561	16.954775708	NaN	secant_max_iters_best	sign_change_pair	1.792606268	1.672606268	1.792606268	1.807606268	0.015000000	8	true	16	-0.966162246,-0.963958990,0.967480158,-0.955030559,-0.632282231,0.964022201,-0.967233915,0.956313054,0.618442953,-0.959797707,-0.491747540,-0.957002415,-0.604382281,0.956033211,0.621635060,-0.960731581	ok
0.124850	0.455311	1.792606268,0.000000000,1.282199855	minimum	continued_angle_secant_max_iters_best	0.720410690	13.931887783	NaN	secant_max_iters_best	sign_change_pair	1.807606268	1.687606268	1.792606268	1.807606268	0.015000000	8	true	16	-0.966973807,-0.963222347,0.969361883,0.954322549,0.636988581,-0.965349938,0.962587594,-0.941447924,-0.964818805,0.965170572,-0.964779761,0.966038547,-0.961721069,-0.032785702,-0.968452682,0.948910560	ok
0.124850	0.458116	1.807606268,0.000000000,1.282199855	minimum	continued_angle_secant_max_iters_best	1.495822545	1.543297841	NaN	secant_max_iters_best	sign_change_pair	1.796465638	1.676465638	1.796465638	1.811465638	0.015000000	8	true	16	0.990821088,0.963331170,-0.969335285,-0.953408189,-0.642421190,-0.967749687,0.959777018,0.512036181,0.956062168,0.621127015,-0.960458423,-0.435088712,-0.961095924,-0.268868542,-0.965879049,0.961960181	ok
0.124850	0.460922	1.796465638,0.000000000,1.282199855	minimum	continued_angle_secant_max_iters_best	0.749661732	15.365366907	NaN	secant_max_iters_best	sign_change_pair	1.811465638	1.691465638	1.796465638	1.811465638	0.015000000	8	true	16	-0.967255684,-0.962091316,-0.971165473,-0.960021426,-0.480074371,-0.958960631,-0.551562150,-0.951177198,-0.649713058,-0.388452061,-0.957884938,-0.589261400,0.951424503,0.649285593,0.373735735,0.959083386	ok
0.124850	0.463727	1.811465638,0.000000000,1.282199855	minimum	continued_angle_secant_max_iters_best	1.508611253	2.632669680	NaN	secant_max_iters_best	sign_change_pair	1.800394565	1.680394565	1.800394565	1.815394565	0.015000000	8	true	16	0.987853078,0.962165798,0.971212707,0.959769432,0.508417114,0.957168566,0.606171837,-0.956016745,-0.624108768,0.961246573,0.305327507,0.965684710,-0.963282283,0.969818933,0.959133412,0.546841136	ok
0.124850	0.466533	1.800394565,0.000000000,1.282199855	minimum	continued_angle_secant_max_iters_best	0.777036688	16.632213505	NaN	secant_max_iters_best	sign_change_pair	1.815394565	1.695394565	1.800394565	1.815394565	0.015000000	8	true	16	-0.967463488,-0.961010797,-0.358327940,-0.964704333,0.966637725,-0.960691864,-0.446619731,-0.961536705,-0.184988237,-0.967749694,0.955736702,0.627679558,-0.962352613,-0.971403773,-0.960022973,-0.494654991	ok
0.124850	0.469339	1.815394565,0.000000000,1.282199855	minimum	continued_angle_secant_max_iters_best	1.522527904	0.665372515	NaN	secant_max_iters_best	sign_change_pair	1.804191449	1.684191449	1.804191449	1.819191449	0.015000000	8	true	16	0.985317603,0.961061672,0.365024856,0.964790535,-0.966646310,0.960982220,0.416637015,0.963130973,-0.969914094,-0.959154661,-0.553108972,-0.952408793,-0.646198202,-0.240463702,-0.963978794,0.968853822	ok
0.124850	0.472144	1.804191449,0.000000000,1.282199855	minimum	continued_angle_secant_max_iters_best	0.799350675	17.372530625	NaN	secant_max_iters_best	sign_change_pair	1.819191449	1.699191449	1.804191449	1.819191449	0.015000000	8	true	16	-0.967674247,-0.959963774,-0.511882588,-0.957978448,-0.593638104,0.951849445,0.647690986,0.353472957,0.961356650,0.317948830,0.966147817,-0.962683844,-0.971715976,-0.959968522,-0.511543294,-0.958008373	ok
0.124850	0.474950	1.819191449,0.000000000,1.282199855	minimum	continued_angle_secant_max_iters_best	1.508993756	12.263174539	NaN	secant_max_iters_best	sign_change_pair	1.821216619	1.701216619	1.806216619	1.821216619	0.015000000	8	true	16	0.984241597,0.960004992,0.514672030,0.958090589,0.592646089,-0.951264009,-0.648724275,-0.400235614,-0.958397048,-0.585157773,0.948065046,0.651483559,0.473749726,-0.957152986,-0.611813415,0.957211618	ok
0.124850	0.477756	1.821216619,0.000000000,1.282199855	minimum	continued_angle_secant_max_iters_best	1.517893016	9.009621589	NaN	secant_max_iters_best	sign_change_pair	1.823245798	1.703245798	1.808245798	1.823245798	0.015000000	8	true	16	0.983167703,0.959495730,0.548233597,0.954582607,0.636722608,-0.965201340,0.965757004,-0.964969332,0.967326942,-0.959276136,-0.564097863,-0.951576589,-0.647875452,-0.382731166,-0.960192250,-0.508342159	ok
0.124850	0.480561	1.823245798,0.000000000,1.282199855	minimum	continued_angle_secant_max_iters_best	1.525243269	6.409085254	NaN	secant_max_iters_best	sign_change_pair	1.825280029	1.705280029	1.810280029	1.825280029	0.015000000	8	true	16	0.982247269,0.958995430,0.571162168,0.950118235,0.649827600,0.443439794,0.951086292,0.648578518,0.412880191,0.957634407,0.604880450,-0.954895489,-0.635338930,0.964800712,-0.967346238,0.959551467	ok
0.124850	0.483367	1.825280029,0.000000000,1.282199855	minimum	continued_angle_secant_max_iters_best	1.531352158	4.321939457	NaN	secant_max_iters_best	sign_change_pair	1.827319445	1.707319445	1.812319445	1.827319445	0.015000000	8	true	16	0.981446414,0.958502718,0.587667025,-0.947845570,-0.650584523,-0.475538476,0.958020084,0.599957000,-0.953141132,-0.643547393,-0.965745681,0.965576900,-0.966031782,0.964614637,-0.968632023,0.953410773	ok
0.124850	0.486172	1.827319445,0.000000000,1.282199855	minimum	continued_angle_secant_max_iters_best	1.536374663	2.687581790	NaN	secant_max_iters_best	sign_change_pair	1.829367674	1.709367674	1.814367674	1.829367674	0.015000000	8	true	16	0.980743179,0.958016092,0.599998247,-0.952983828,-0.643960569,0.123101602,-0.965330967,0.966879894,-0.962006732,-0.286693653,-0.967699880,0.958841350,0.584232877,0.940764508,0.644651837,0.495680866	ok
0.124850	0.488978	1.829367674,0.000000000,1.282199855	minimum	continued_angle_secant_max_iters_best	1.540860154	1.225636293	NaN	secant_max_iters_best	sign_change_pair	1.831409501	1.711409501	1.816409501	1.831409501	0.015000000	8	true	16	0.980109594,0.957534025,0.609466456,-0.956013580,-0.627842575,0.962192872,0.200350590,0.968817851,-0.954288002,-0.638921295,0.965583092,-0.965127508,0.967744543,-0.958967400,-0.582701890,-0.946689577	ok
0.124850	0.491784	1.831409501,0.000000000,1.282199855	minimum	continued_angle_secant_max_iters_best	1.543115197	0.877933262	NaN	secant_max_iters_best	sign_change_pair	1.833458792	1.713458792	1.818458792	1.833458792	0.015000000	8	true	16	0.979579000,0.957054373,0.616892994,-0.958378371,-0.597165868,0.951462079,0.647167996,0.407367480,0.959607653,0.560717672,0.954570881,0.637273633,-0.965354085,0.966560937,-0.963701519,0.970081096	ok
0.124850	0.494589	1.833458792,0.000000000,1.282199855	minimum	continued_angle_secant_max_iters_best	1.544901183	0.694922809	NaN	secant_max_iters_best	sign_change_pair	1.835518672	1.715518672	1.820518672	1.835518672	0.015000000	8	true	16	0.979095943,0.956575479,0.622806998,-0.960364073,-0.532823925,-0.958766564,-0.588325602,0.944355795,0.647554987,0.489827862,0.266679540,0.961699476,0.397889202,0.966061461,-0.965285132,0.967741793	ok
0.124850	0.497395	1.835518672,0.000000000,1.282199855	minimum	continued_angle_secant_max_iters_best	1.546609575	0.475236226	NaN	secant_max_iters_best	sign_change_pair	1.837587698	1.912587698	1.822587698	1.837587698	0.015000000	8	true	16	0.978646743,0.956095179,0.627572582,-0.962065539,-0.336392804,-0.967608625,0.960596451,0.527061095,0.959677412,0.563558795,0.954855961,0.635907043,-0.965020327,0.968080047,-0.958646810,-0.594981007	ok
0.124850	0.500200	1.837587698,0.000000000,1.282199855	minimum	continued_angle_secant_max_iters_best	1.548104539	0.303299313	NaN	secant_max_iters_best	sign_change_pair	1.839665694	1.914665694	1.824665694	1.839665694	0.015000000	8	true	16	0.978231212,0.955610854,0.631446942,-0.963503697,0.964364324,0.956328697,0.625937740,-0.961450945,-0.459020501,-0.964395539,0.969734161,-0.943442587,-0.645991191,-0.490409297,-0.371248297,-0.959153176	ok
0.124850	0.503006	1.839665694,0.000000000,1.282199855	minimum	continued_angle_secant_max_iters_best	1.549394578	0.183047812	NaN	secant_max_iters_best	sign_change_pair	1.841752795	1.721752795	1.826752795	1.841752795	0.015000000	8	true	16	0.977846038,0.955119453,0.634615645,-0.964648827,0.969350699,-0.952354942,-0.644707594,-0.364150281,-0.963249965,-0.971523616,-0.954869003,-0.635957924,0.965069822,-0.968360660,0.958178084,0.605725268	ok
0.124850	0.505812	1.841752795,0.000000000,1.282199855	minimum	continued_angle_secant_max_iters_best	1.550518062	0.100831312	NaN	secant_max_iters_best	sign_change_pair	1.843849091	1.858849091	1.828849091	1.843849091	0.015000000	8	true	16	0.977487737,0.954617280,0.637215436,-0.965405300,0.967589986,-0.961617883,-0.465425198,-0.964614725,0.969639071,-0.950190765,-0.647412797,-0.450697460,-0.952596236,-0.643948823,-0.337900378,-0.964048253	ok
0.124850	0.508617	1.843849091,0.000000000,1.282199855	minimum	continued_angle_secant_max_iters_best	1.551504691	0.046657323	NaN	secant_max_iters_best	sign_change_pair	1.845954462	1.725954462	1.830954462	1.845954462	0.015000000	8	true	16	0.977153443,0.954099736,0.639348650,-0.965122760,0.966746424,-0.964724345,0.969764605,-0.949504621,-0.647516678,-0.460533521,0.947239472,0.647576476,0.477778274,-0.959985502,-0.565065119,-0.956130138	ok
0.124850	0.511423	1.845954462,0.000000000,1.282199855	minimum	continued_angle_secant_max_iters_best	1.552360746	0.022358559	NaN	secant_max_iters_best	sign_change_pair	1.848069071	1.728069071	1.833069071	1.848069071	0.015000000	8	true	16	0.976841033,0.953560904,0.641092467,0.966004273,-0.967448576,0.962722309,0.273158569,0.969103081,-0.956592886,-0.625593556,0.961279689,0.505188569,0.962937244,0.015855723,0.970189574,-0.949757631	ok
0.124850	0.514228	1.848069071,0.000000000,1.282199855	minimum	continued_angle_secant_max_iters_best	1.553118442	0.014967270	NaN	secant_max_iters_best	sign_change_pair	1.850193142	1.730193142	1.835193142	1.850193142	0.015000000	8	true	16	0.976548200,0.952992837,0.642504774,0.267151013,0.964960616,-0.969555772,0.953371381,0.641596220,0.965630688,-0.968310719,0.959874110,0.575275505,0.954791000,0.636452780,-0.965296190,0.968542782	ok
0.124850	0.517034	1.850193142,0.000000000,1.282199855	minimum	continued_angle_secant_max_iters_best	1.553812128	0.009786437	NaN	secant_max_iters_best	sign_change_pair	1.852326630	1.732326630	1.837326630	1.852326630	0.015000000	8	true	16	0.976272885,0.952384408,0.643627696,0.389039375,0.963304002,0.970767277,0.947280534,0.646575456,0.476750275,-0.959892574,-0.575257045,-0.955185006,-0.634610493,0.964778549,-0.969809369,0.951843694	ok
0.124850	0.519840	1.852326630,0.000000000,1.282199855	minimum	continued_angle_secant_max_iters_best	1.554449201	0.006218780	NaN	secant_max_iters_best	sign_change_pair	1.854469490	1.734469490	1.839469490	1.854469490	0.015000000	8	true	16	0.976013676,0.951719036,0.644488858,0.424845846,0.960940181,0.537949333,0.961091304,0.529531761,0.961893059,0.468995029,0.965649440,-0.968374060,0.960314252,0.566416401,0.957331592,0.619553763	ok
0.124850	0.522645	1.854469490,0.000000000,1.282199855	minimum	continued_angle_secant_max_iters_best	1.555035968	0.003815357	NaN	secant_max_iters_best	sign_change_pair	1.856621673	1.736621673	1.841621673	1.856621673	0.015000000	8	true	16	0.975769324,0.950970008,0.645099576,0.444159230,0.957704744,0.616244384,-0.957566360,-0.618128288,0.958309573,0.609468992,-0.954765104,-0.636614548,0.965411579,-0.968783184,0.959009358,0.599149227	ok
0.124850	0.525451	1.856621673,0.000000000,1.282199855	minimum	continued_angle_secant_max_iters_best	1.555577835	0.002240197	NaN	secant_max_iters_best	sign_change_pair	1.858783125	1.738783125	1.843783125	1.858783125	0.015000000	8	true	16	0.975538715,0.950089233,0.645446320,0.457026686,0.952542055,0.642713480,0.394214215,0.963701440,0.971197993,0.948805024,0.645797649,0.467831823,-0.954122132,-0.638838730,0.953545872,-0.968148249	ok
0.124850	0.528257	1.858783125,0.000000000,1.282199855	minimum	continued_angle_secant_max_iters_best	1.556079460	0.001243425	NaN	secant_max_iters_best	sign_change_pair	1.860953794	1.740953794	1.845953794	1.860953794	0.015000000	8	true	16	0.975320850,0.948973140,0.645460104,0.466770424,-0.953148583,-0.641304291,-0.295930563,-0.965077943,0.969965839,-0.953313285,-0.640937984,-0.080763668,-0.965360107,0.969565787,-0.956053505,-0.630428937	ok
0.124850	0.531062	1.860953794,0.000000000,1.282199855	minimum	continued_angle_secant_max_iters_best	1.556544876	0.000640814	NaN	secant_max_iters_best	sign_change_pair	1.863133624	1.743133624	1.848133624	1.863133624	0.015000000	8	true	16	0.975114839,0.947303408,0.644861010,0.475188304,-0.959893001,-0.584861194,-0.954614706,-0.636915713,0.965530875,-0.968930764,0.959487316,0.594121364,0.950680282,0.644493728,0.451938816,0.956406259	ok
0.124850	0.533868	1.863133624,0.000000000,1.282199855	minimum	continued_angle_secant_max_iters_best	1.556977590	0.000298182	NaN	secant_max_iters_best	sign_change_pair	1.865322558	1.745322558	1.850322558	1.865322558	0.015000000	8	true	16	0.974919876,-0.944217212,-0.642401974,-0.482456574,-0.379187160,-0.961799918,-0.515560725,-0.964347432,0.969385573,0.947557426,0.644602397,0.473901526,-0.959212068,-0.599530343,0.944128290,0.642318390	ok
0.124850	0.536673	1.865322558,0.000000000,1.282199855	minimum	continued_angle_secant_max_iters_best	1.557380668	0.000119467	NaN	secant_max_iters_best	sign_change_pair	1.867520539	1.747520539	1.852520539	1.867520539	0.015000000	8	true	16	0.974735235,-0.947993096,-0.644378109,-0.471858475,0.957853024,0.617513795,-0.957908803,-0.617054574,0.957708221,0.618953042,-0.958528372,-0.610281946,0.954603739,0.636839605,-0.965551911,0.969156633	ok
0.124850	0.539479	1.867520539,0.000000000,1.282199855	minimum	continued_angle_secant_max_iters_best	1.557756796	0.000037585	NaN	secant_max_iters_best	sign_change_pair	1.869727508	1.749727508	1.854727508	1.869727508	0.015000000	8	true	16	0.974560257,-0.949604699,-0.644064234,-0.463271757,-0.946010888,-0.643112852,-0.477968071,0.962225158,0.493639663,0.966096176,-0.968618940,0.961664690,0.535126401,0.963344710,0.301705602,0.969786147	ok
0.124850	0.542285	1.869727508,0.000000000,1.282199855	minimum	continued_angle_secant_max_iters_best	1.558108342	0.000007404	NaN	secant_max_iters_best	sign_change_pair	1.871943407	1.751943407	1.856943407	1.871943407	0.015000000	8	true	16	0.974394343,-0.950761922,-0.643258529,-0.454986174,-0.957028599,-0.624774085,0.961076215,0.561209008,0.960711300,0.571198845,0.959130033,0.603373490,-0.949370486,-0.643779451,-0.464912105,0.949913272	ok
0.124850	0.545090	1.871943407,0.000000000,1.282199855	minimum	continued_angle_secant_max_iters_best	1.558437399	0.000000332	NaN	secant_max_iters_best	sign_change_pair	1.874168176	1.754168176	1.859168176	1.874168176	0.015000000	8	true	16	0.974236946,-0.951698583,-0.642188028,-0.446274183,-0.960953371,-0.566733532,-0.960187174,-0.586042536,-0.956161585,-0.630106227,0.963475873,0.323327524,0.969803105,-0.958330401,-0.614394875,0.956376431	ok
0.124850	0.547896	1.874168176,0.000000000,1.282199855	minimum	continued_angle_secant_step_tol	1.558745946	-0.000065814	NaN	secant_step_tol	sign_change_pair	1.876401752	1.756401752	1.861401752	1.876401752	0.015000000	8	true	16	0.974087566,-0.952500549,-0.640934521,-0.434054655,-0.963451812,-0.358929852,-0.969624459,0.959357187,0.602684161,-0.945816801,-0.641884975,-0.476951617,0.962385644,0.501508201,0.966362871,-0.968557420	ok
0.124850	0.550701	1.876401752,0.000000000,1.282199855	minimum	continued_angle_secant_max_iters_best	1.559035266	0.000000000	NaN	secant_max_iters_best	sign_change_pair	1.878644079	1.758644079	1.863644079	1.878644079	0.015000000	8	true	16	0.973945750,-0.953209949,-0.639538209,-0.392396922,-0.964986676,0.970382803,-0.953320882,-0.639330287,-0.367233744,-0.965168626,0.970406797,-0.954246853,-0.637239821,-0.967022516,0.969633600,-0.959070476	ok
0.124850	0.553507	1.878644079,0.000000000,1.282199855	minimum	continued_angle_secant_max_iters_best	1.559307204	0.000000001	NaN	secant_max_iters_best	sign_change_pair	1.880895093	1.760895093	1.865895093	1.880895093	0.015000000	8	true	16	0.973811073,-0.953850888,-0.638022622,-0.965808769,0.969975903,-0.957866984,-0.619778164,0.958868994,0.610189818,-0.953859656,-0.637999068,-0.965819031,0.969966683,-0.957913252,-0.619406313,0.958692780	ok
0.124850	0.556313	1.880895093,0.000000000,1.282199855	minimum	continued_angle_secant_max_iters_best	1.559562967	0.000000001	NaN	secant_max_iters_best	sign_change_pair	1.883154737	1.763154737	1.868154737	1.883154737	0.015000000	8	true	16	0.973683148,-0.954438591,-0.636403300,0.965194233,-0.969864459,0.958792625,0.611715558,-0.954682122,-0.635722583,0.965593416,-0.969964824,0.958324457,0.616258089,-0.957146452,-0.625025893,0.961370566	ok
0.124850	0.559118	1.883154737,0.000000000,1.282199855	minimum	continued_angle_secant_max_iters_best	1.559803757	0.000000001	NaN	secant_max_iters_best	sign_change_pair	1.885422947	1.765422947	1.870422947	1.885422947	0.015000000	8	true	16	0.973561622,-0.954983346,-0.634691529,0.965509483,-0.970248408,0.957246400,0.624583578,-0.961206708,-0.572179173,-0.960791064,-0.581424898,-0.958988418,-0.609778703,0.953314298,0.638660614,0.405946184	ok
0.124850	0.561924	1.885422947,0.000000000,1.282199855	minimum	continued_angle_secant_max_iters_best	1.560030665	0.000000001	NaN	secant_max_iters_best	sign_change_pair	1.887699665	1.767699665	1.872699665	1.887699665	0.015000000	8	true	16	0.973446158,-0.955492461,-0.632896189,0.965043826,-0.970247892,0.955236073,0.633765515,-0.965331847,0.970440629,-0.956271955,-0.629791227,0.963736654,0.398145144,0.969723797,-0.960602158,-0.587907299	ok
0.124850	0.564729	1.887699665,0.000000000,1.282199855	minimum	continued_angle_secant_max_iters_best	1.560244678	0.000000001	NaN	secant_max_iters_best	sign_change_pair	1.889984830	1.769984830	1.874984830	1.889984830	0.015000000	8	true	16	0.973336455,-0.955971353,-0.631024673,0.964370708,0.970797632,-0.957045270,-0.625977980,0.961992707,0.553478595,0.963923660,0.365486535,0.970049831,-0.959786863,-0.602021355,-0.951783355,-0.640090478	ok
0.124850	0.567535	1.889984830,0.000000000,1.282199855	minimum	continued_angle_secant_max_iters_best	1.560446697	0.000000000	NaN	secant_max_iters_best	sign_change_pair	1.892278381	1.772278381	1.877278381	1.892278381	0.015000000	8	true	16	0.973232226,-0.956424144,-0.629083724,0.963569013,0.458277910,0.969095834,-0.963140257,-0.502003202,-0.967781287,0.966647493,-0.969111959,0.962891515,0.518158605,0.966989366,-0.968402357,0.965015115	ok
0.124850	0.570341	1.892278381,0.000000000,1.282199855	minimum	continued_angle_secant_max_iters_best	1.560637539	0.000000000	NaN	secant_max_iters_best	sign_change_pair	1.894580259	1.774580259	1.879580259	1.894580259	0.015000000	8	true	16	0.973133210,-0.956854054,-0.627079567,0.962677922,0.533089464,0.966259164,-0.969801611,0.960787554,0.588708713,0.958443632,0.616837109,-0.957387437,-0.624210778,0.961241389,0.579380712,0.960636608	ok
0.124850	0.573146	1.894580259,0.000000000,1.282199855	minimum	continued_angle_secant_max_iters_best	1.560817953	0.000000000	NaN	secant_max_iters_best	sign_change_pair	1.896890403	1.776890403	1.881890403	1.896890403	0.015000000	8	true	16	0.973039155,-0.957263660,-0.625018357,0.961716662,0.570088055,0.962565503,0.541377641,0.965852049,-0.970345794,0.958776930,0.614654623,-0.956089588,-0.630361819,0.964342265,0.242266197,0.970503183	ok
0.124850	0.575952	1.896890403,0.000000000,1.282199855	minimum	continued_angle_secant_max_iters_best	1.560988622	-0.000000000	NaN	secant_max_iters_best	sign_change_pair	1.899208754	1.779208754	1.884208754	1.899208754	0.015000000	8	true	16	0.972949836,-0.957655064,-0.622906180,0.960690696,0.592707546,0.957880412,0.621398462,-0.959898769,-0.603711472,-0.952391104,-0.638334129,-0.464838835,-0.963153711,-0.517985443,-0.967629226,0.967556764	ok
0.124850	0.578758	1.899208754,0.000000000,1.282199855	minimum	continued_angle_scan_grad_tol	1.561150171	0.000000642	NaN	scan_grad_tol	sign_change_pair	1.901535252	1.781535252	1.886535252	1.901535252	0.015000000	7	true	16	0.972865038,-0.958029988,-0.620749453,0.959593479,0.607819069,-0.948473610,-0.639170733,-0.467314918,0.956715954,0.627702681,-0.963251233,-0.518864264,-0.967788820,0.967382282,-0.968274300,0.966226753	ok
0.124850	0.581563	1.901535252,0.000000000,1.282199855	minimum	continued_angle_scan_grad_tol	1.561303178	0.000000006	NaN	scan_grad_tol	sign_change_pair	1.903869837	1.783869837	1.888869837	1.903869837	0.015000000	7	true	16	0.972784553,-0.958389884,-0.618554926,0.958404377,0.618419112,-0.958326908,-0.618953195,0.958634075,0.616760047,-0.957343254,-0.624765780,0.961815754,0.574241553,0.962729692,0.546780244,0.966116497	ok
0.124850	0.584369	1.903869837,0.000000000,1.282199855	minimum	continued_angle_scan_grad_tol	1.561448164	0.000000749	NaN	scan_grad_tol	sign_change_pair	1.906212451	1.786212451	1.891212451	1.906212451	0.015000000	7	true	16	0.972708206,-0.958735978,-0.616329364,0.957080152,0.626062804,-0.962592850,-0.555733988,-0.965494083,0.970242420,-0.958529020,-0.617823070,0.958000642,0.621220142,-0.959959842,-0.605170761,-0.952502262	ok
0.124850	0.587174	1.906212451,0.000000000,1.282199855	minimum	continued_angle_secant_max_iters_best	1.561585622	0.000000001	NaN	secant_max_iters_best	sign_change_pair	1.908563035	1.788563035	1.893563035	1.908563035	0.015000000	8	true	16	0.972635809,-0.959069332,-0.614080539,0.955528718,0.631625480,-0.965350205,-0.974421839,0.958804556,0.616108723,-0.956942081,-0.626662532,0.963009943,0.544798653,0.966768699,-0.969710819,0.962857048	ok
0.124850	0.589980	1.908563035,0.000000000,1.282199855	minimum	continued_angle_secant_max_iters_best	1.561715994	0.000000002	NaN	secant_max_iters_best	sign_change_pair	1.910921529	1.985921529	1.895921529	1.910921529	0.015000000	8	true	16	0.972567195,-0.959390848,-0.611816565,0.953507296,0.635566045,0.476865125,0.965258596,0.971259172,-0.959287538,-0.612680689,0.954333789,0.634211263,0.966020896,-0.970567560,0.959600655,0.609975257	ok
0.124850	0.592786	1.910921529,0.000000000,1.282199855	minimum	continued_angle_secant_max_iters_best	1.561839693	0.000000003	NaN	secant_max_iters_best	sign_change_pair	1.913287875	1.793287875	1.898287875	1.913287875	0.015000000	8	true	16	0.972502220,-0.959701316,-0.609545832,0.949712507,0.637535710,0.465858822,0.951045793,0.637321107,0.468086071,0.959104611,0.614340992,-0.955671065,-0.630904364,0.965281834,0.971271755,-0.959592698	ok
0.124850	0.595591	1.913287875,0.000000000,1.282199855	minimum	continued_angle_secant_max_iters_best	1.561957101	0.000000004	NaN	secant_max_iters_best	sign_change_pair	1.915662015	1.795662015	1.900662015	1.915662015	0.015000000	8	true	16	0.972440717,-0.960001439,-0.607277858,-0.952094566,-0.636432852,-0.475482282,-0.962451201,-0.570218533,-0.964734131,-0.407319577,-0.970497606,0.961559410,0.587939582,0.961338349,0.590911741,0.960545142	ok
0.124850	0.598397	1.915662015,0.000000000,1.282199855	minimum	continued_angle_secant_max_iters_best	1.562068570	0.000000006	NaN	secant_max_iters_best	sign_change_pair	1.918043892	1.798043892	1.903043892	1.918043892	0.015000000	8	true	16	0.972382567,-0.960291830,-0.605022759,-0.954759054,-0.632677054,0.965652045,-0.970578568,0.960291727,0.605024027,0.954758303,0.632678568,-0.965650382,0.970578625,-0.960291869,-0.605022299,-0.954759376	ok
0.124850	0.601202	1.918043892,0.000000000,1.282199855	minimum	continued_angle_secant_max_iters_best	1.562174427	0.000000008	NaN	secant_max_iters_best	sign_change_pair	1.920433446	1.800433446	1.905433446	1.920433446	0.015000000	8	true	16	0.972327625,-0.960573039,-0.602791503,-0.956556256,-0.627751648,0.964173478,0.516677886,0.969383628,-0.965150432,-0.970833648,0.961143820,0.596190372,0.959467740,0.612573105,-0.953897814,-0.633913153	ok
0.124850	0.604008	1.920433446,0.000000000,1.282199855	minimum	continued_angle_secant_max_iters_best	1.562274975	0.000000009	NaN	secant_max_iters_best	sign_change_pair	1.922830622	1.802830622	1.907830622	1.922830622	0.015000000	8	true	16	0.972275769,-0.960845563,-0.600595307,-0.957989257,-0.621861377,0.960892264,0.599993848,0.958260456,0.620484650,-0.960034048,-0.608479435,-0.951886625,-0.635577286,-0.476915972,-0.961943766,-0.585672892	ok
0.124850	0.606814	1.922830622,0.000000000,1.282199855	minimum	continued_angle_secant_max_iters_best	1.562370495	0.000000010	NaN	secant_max_iters_best	sign_change_pair	1.925235363	1.805235363	1.910235363	1.925235363	0.015000000	8	true	16	0.972226882,-0.961109845,-0.598446453,-0.959208961,-0.615018611,0.956185936,0.628645626,-0.964888914,-0.465406200,-0.970462474,0.962694823,0.574444505,0.965177419,0.970796528,-0.961769537,-0.590013315	ok
0.124850	0.609619	1.925235363,0.000000000,1.282199855	minimum	continued_angle_secant_max_iters_best	1.562461247	0.000000011	NaN	secant_max_iters_best	sign_change_pair	1.927647610	1.807647610	1.912647610	1.927647610	0.015000000	8	true	16	0.972180851,-0.961366281,-0.596357516,-0.960282669,-0.607201695,-0.954374331,-0.632372252,-0.966006036,0.969900318,-0.961198838,-0.598299745,-0.959559381,-0.612888814,0.954027737,0.632894543,0.475755429	ok
0.124850	0.612425	1.927647610,0.000000000,1.282199855	minimum	continued_angle_secant_max_iters_best	1.562547476	0.000000012	NaN	secant_max_iters_best	sign_change_pair	1.930067309	1.810067309	1.915067309	1.930067309	0.015000000	8	true	16	0.972137569,-0.961615261,-0.594342621,-0.961246576,-0.598396422,-0.959808440,-0.611420465,0.951474231,0.634739451,0.475194205,0.960820622,0.602856339,0.957770124,0.622888327,-0.961869239,-0.590980440	ok
0.124850	0.615230	1.930067309,0.000000000,1.282199855	minimum	continued_angle_secant_max_iters_best	1.562629407	0.000000013	NaN	secant_max_iters_best	sign_change_pair	1.932494402	1.812494402	1.917494402	1.932494402	0.015000000	8	true	16	0.972096942,-0.961857100,-0.592416238,-0.962122468,-0.588611896,-0.963159780,-0.571377687,-0.966476343,0.970678323,-0.962186551,-0.588038886,-0.963305447,-0.568383724,-0.966889786,0.970426232,-0.963168409	ok
0.124850	0.618036	1.932494402,0.000000000,1.282199855	minimum	continued_angle_secant_max_iters_best	1.562707252	0.000000013	NaN	secant_max_iters_best	sign_change_pair	1.934928835	1.814928835	1.919928835	1.934928835	0.015000000	8	true	16	0.972058870,-0.962092114,-0.590593505,-0.962924510,-0.577902520,-0.965716077,-0.971129853,0.962109974,0.590362712,0.962987401,0.576816595,0.965904609,0.971552707,-0.961961186,-0.592247805,-0.962456426	ok
0.124850	0.620842	1.934928835,0.000000000,1.282199855	minimum	continued_angle_secant_max_iters_best	1.562781207	0.000000013	NaN	secant_max_iters_best	sign_change_pair	1.937370552	1.817370552	1.922370552	1.937370552	0.015000000	8	true	16	0.972023257,-0.962320593,-0.588890354,-0.963662485,-0.566336277,-0.967703951,0.969656131,-0.965797048,-0.971135228,0.962337915,0.588662807,0.963720691,0.565098759,0.967850341,-0.969442489,0.966318384	ok
0.124850	0.623647	1.937370552,0.000000000,1.282199855	minimum	continued_angle_secant_max_iters_best	1.562851456	0.000000013	NaN	secant_max_iters_best	sign_change_pair	1.939819497	1.819819497	1.924819497	1.939819497	0.015000000	8	true	16	0.971990020,-0.962542808,-0.587322880,-0.964343491,-0.553712791,-0.969187443,0.967126148,-0.970435450,0.963885534,0.565127966,0.968127807,-0.969126946,0.967218139,-0.970349390,0.964143896,0.559390156	ok
0.124850	0.626453	1.939819497,0.000000000,1.282199855	minimum	continued_angle_secant_max_iters_best	1.562918173	0.000000012	NaN	secant_max_iters_best	sign_change_pair	1.942275617	1.822275617	1.927275617	1.942275617	0.015000000	8	true	16	0.971959078,-0.962758992,-0.585908293,-0.964972917,-0.537532220,-0.970206788,0.964953080,0.539526157,0.970143577,-0.965109789,-0.531592135,-0.970359901,0.964568136,0.552624517,0.969510331,-0.966597117	ok
0.124850	0.629259	1.942275617,0.000000000,1.282199855	minimum	continued_angle_secant_max_iters_best	1.562981517	0.000000012	NaN	secant_max_iters_best	sign_change_pair	1.944738856	2.064738856	1.929738856	1.944738856	0.015000000	8	true	16	0.971930353,-0.962969377,-0.584663744,-0.965555015,-0.477155359,-0.970831227,0.963591772,0.575673215,0.967276637,-0.970422580,0.964391561,0.561028414,0.969115335,-0.967604025,0.970092522,-0.965295992	ok
0.124850	0.632064	1.944738856,0.000000000,1.282199855	minimum	continued_angle_secant_max_iters_best	1.563041639	0.000000011	NaN	secant_max_iters_best	sign_change_pair	1.947209161	2.067209161	1.932209161	1.947209161	0.015000000	8	true	16	0.971903761,-0.963174202,-0.583606740,-0.966093295,-0.971291644,0.963111212,0.584421759,0.965914555,0.971092939,-0.963271914,-0.582315794,-0.966366055,0.970312420,-0.963063114,-0.585035294,-0.965776573	ok
0.124850	0.634870	1.947209161,0.000000000,1.282199855	minimum	continued_angle_secant_max_iters_best	1.563098681	0.000000010	NaN	secant_max_iters_best	sign_change_pair	1.949686479	2.069686479	1.934686479	1.949686479	0.015000000	8	true	16	0.971879238,-0.963373642,-0.582754672,-0.966590750,0.970783124,-0.963354254,-0.583001424,-0.966538389,0.970737778,-0.963318816,-0.583449506,-0.966442124,0.970497862,-0.963274536,-0.584004059,-0.966320817	ok
0.124850	0.637675	1.949686479,0.000000000,1.282199855	minimum	continued_angle_secant_max_iters_best	1.563152776	0.000000009	NaN	secant_max_iters_best	sign_change_pair	1.952170756	2.072170756	1.937170756	1.952170756	0.015000000	8	true	16	0.971856715,-0.963567908,-0.582125106,-0.967050019,0.970757483,-0.964059824,-0.575718038,-0.968239556,0.969537160,-0.967178952,0.970693734,-0.964270682,-0.572732793,-0.968699576,0.968811783,-0.968611611	ok
0.124850	0.640481	1.952170756,0.000000000,1.282199855	minimum	continued_angle_secant_max_iters_best	1.563204047	0.000000009	NaN	secant_max_iters_best	sign_change_pair	1.954661939	2.074661939	1.939661939	1.954661939	0.015000000	8	true	16	0.971836116,-0.963757167,-0.581735211,-0.967473498,0.970522650,-0.964992065,-0.564769122,-0.969964082,0.966478534,-0.968127217,0.963652962,0.582949650,0.967214778,-0.970714333,0.964438164,0.573173260	ok
0.124850	0.643287	1.954661939,0.000000000,1.282199855	minimum	continued_angle_secant_max_iters_best	1.563252612	0.000000008	NaN	secant_max_iters_best	sign_change_pair	1.957159975	2.077159975	1.942159975	1.957159975	0.015000000	8	true	16	0.971817394,-0.963941603,-0.581601515,-0.967863420,0.970213493,-0.965990340,-0.971021821,0.964222751,0.578436291,0.968492879,-0.969387108,0.967813706,-0.970278563,0.965830519,0.531660690,0.970900115	ok
0.124850	0.646092	1.957159975,0.000000000,1.282199855	minimum	continued_angle_secant_max_iters_best	1.563298581	0.000000007	NaN	secant_max_iters_best	sign_change_pair	1.959664814	2.079664814	1.944664814	1.959664814	0.015000000	8	true	16	0.971800475,-0.964121376,-0.581739954,-0.968221894,0.969872918,-0.966959394,0.970892687,-0.964232852,-0.580603701,-0.968464413,0.969540661,-0.967660845,0.970505270,-0.965454690,-0.565351133,-0.970503313	ok
0.124850	0.648898	1.959664814,0.000000000,1.282199855	minimum	continued_angle_secant_max_iters_best	1.563342058	0.000000006	NaN	secant_max_iters_best	sign_change_pair	1.962176403	2.082176403	1.947176403	1.962176403	0.015000000	8	true	16	0.971785303,-0.964296638,-0.582165549,-0.968550915,0.969525324,-0.967846672,0.970401764,-0.965913927,-0.550857575,-0.970918567,0.964843580,0.577189558,0.969589949,-0.967750894,0.970493659,-0.965684605	ok
0.124850	0.651703	1.962176403,0.000000000,1.282199855	minimum	continued_angle_secant_max_iters_best	1.563383140	0.000000005	NaN	secant_max_iters_best	sign_change_pair	1.964694690	2.084694690	1.949694690	1.964694690	0.015000000	8	true	16	0.971771826,-0.964467539,-0.582892090,-0.968852446,0.969185931,-0.968625385,0.969530591,-0.967987533,0.970335744,-0.966261972,-0.971143664,0.964588038,0.581955533,0.969085999,-0.968806945,0.969256149	ok
0.124850	0.654509	1.964694690,0.000000000,1.282199855	minimum	continued_angle_secant_max_iters_best	1.563421918	0.000000005	NaN	secant_max_iters_best	sign_change_pair	1.967219626	2.087219626	1.952219626	1.967219626	0.015000000	8	true	16	0.971759986,-0.964634218,-0.583931924,-0.969128350,0.968864302,-0.969284672,0.968585971,-0.969694312,0.967818316,-0.970572863,0.965876212,0.572720893,0.970841297,-0.965403155,-0.579397934,-0.970338576	ok
0.124850	0.657315	1.967219626,0.000000000,1.282199855	minimum	continued_angle_secant_max_iters_best	1.563458480	0.000000004	NaN	secant_max_iters_best	sign_change_pair	1.969751159	2.089751159	1.954751159	1.969751159	0.015000000	8	true	16	0.971749738,-0.964796822,-0.585295843,-0.969380417,0.968566315,-0.969823982,0.967714304,-0.970721062,0.965696186,0.581414071,0.970644885,-0.966030990,-0.574011230,-0.970946393,0.965355291,0.583077229	ok
0.124850	0.660120	1.969751159,0.000000000,1.282199855	minimum	continued_angle_secant_max_iters_best	1.563492906	0.000000003	NaN	secant_max_iters_best	sign_change_pair	1.972289240	2.092289240	1.957289240	1.972289240	0.015000000	8	true	16	0.971741023,-0.964955469,-0.586992691,-0.969610413,0.968295373,-0.970249843,0.966987749,-0.970919661,0.964917062,0.587107926,0.969546538,-0.968409757,0.970117597,-0.967270880,0.970987067,-0.965116099	ok
0.124850	0.662926	1.972289240,0.000000000,1.282199855	minimum	continued_angle_secant_max_iters_best	1.563525275	0.000000003	NaN	secant_max_iters_best	sign_change_pair	1.974833819	2.094833819	1.959833819	1.974833819	0.015000000	8	true	16	0.971733811,-0.965110284,-0.589029311,-0.969820002,0.968053153,-0.970573435,0.966434339,0.971183732,-0.965248216,-0.588960538,-0.970025788,0.967661651,-0.970868084,0.965706639,0.589270007,0.970602390	ok
0.124850	0.665731	1.974833819,0.000000000,1.282199855	minimum	continued_angle_secant_max_iters_best	1.563555658	0.000000002	NaN	secant_max_iters_best	sign_change_pair	1.977384847	2.097384847	1.962384847	1.977384847	0.015000000	8	true	16	0.971728028,-0.965261401,-0.591410501,-0.970010799,0.967840158,-0.970808481,0.966054148,0.592902585,0.970908194,-0.965984402,-0.593149409,-0.970849239,0.966112643,0.592389515,0.970954777,-0.965883458	ok
0.124850	0.668537	1.977384847,0.000000000,1.282199855	minimum	continued_angle_secant_max_iters_best	1.563584125	0.000000002	NaN	secant_max_iters_best	sign_change_pair	1.979942275	2.099942275	1.964942275	1.979942275	0.015000000	8	true	16	0.971723657,-0.965408920,-0.594138620,-0.970184341,0.967656088,-0.970969159,0.965829499,0.596327217,0.970681432,-0.966645290,-0.971282904,0.965453045,0.594312635,0.970242951,-0.967541756,0.971017398	ok
0.124850	0.671343	1.979942275,0.000000000,1.282199855	minimum	continued_angle_secant_max_iters_best	1.563610741	0.000000002	NaN	secant_max_iters_best	sign_change_pair	1.982506054	2.102506054	1.967506054	1.982506054	0.015000000	8	true	16	0.971720644,-0.965552956,-0.597213508,-0.970342079,0.967500025,-0.971067401,0.965732996,0.598506262,0.970554853,-0.967072952,0.970678884,-0.965498566,-0.596881601,-0.970272918,0.967635122,-0.971022871	ok
0.124850	0.674148	1.982506054,0.000000000,1.282199855	minimum	continued_angle_secant_max_iters_best	1.563635567	0.000000001	NaN	secant_max_iters_best	sign_change_pair	1.985076137	2.105076137	1.970076137	1.985076137	0.015000000	8	true	16	0.971718951,-0.965693630,-0.600632738,-0.970485403,0.967370704,-0.971107500,0.965734072,0.601010871,0.970531721,-0.967278226,0.971081823,-0.965686150,-0.600564745,-0.970476695,0.967387987,-0.971108737	ok
0.124850	0.676954	1.985076137,0.000000000,1.282199855	minimum	continued_angle_secant_max_iters_best	1.563658661	0.000000001	NaN	secant_max_iters_best	sign_change_pair	1.987652477	2.107652477	1.972652477	1.987652477	0.015000000	8	true	16	0.971718523,-0.965831032,-0.604391212,-0.970615603,0.967266563,-0.971060803,0.965803717,0.604066193,0.970585970,-0.967325725,0.971106566,-0.965825129,-0.604320453,-0.970609260,0.967279247,-0.971073998	ok
0.124850	0.679760	1.987652477,0.000000000,1.282199855	minimum	continued_angle_secant_max_iters_best	1.563680079	0.000000001	NaN	secant_max_iters_best	sign_change_pair	1.990235026	2.110235026	1.975235026	1.990235026	0.015000000	8	true	16	0.971719347,-0.965965264,-0.608481355,-0.970733899,0.967185891,-0.970297710,0.965917319,0.607770946,0.970685447,-0.967282872,0.971043701,-0.965931850,-0.607983109,-0.970700313,0.967253199,-0.970973412	ok
0.124850	0.682565	1.990235026,0.000000000,1.282199855	minimum	continued_angle_secant_max_iters_best	1.563699872	0.000000001	NaN	secant_max_iters_best	sign_change_pair	1.992823737	2.112823737	1.977823737	1.992823737	0.015000000	8	true	16	0.971721376,-0.966096425,-0.612893086,-0.970841429,0.967126888,0.971703730,-0.966055670,-0.612158291,-0.970803525,0.967202894,-0.925622852,0.966050469,0.612066842,0.970798636,-0.967212661,0.968434168	ok
0.124850	0.685371	1.992823737,0.000000000,1.282199855	minimum	continued_angle_secant_max_iters_best	1.563718091	0.000000001	NaN	secant_max_iters_best	sign_change_pair	1.995418566	2.115418566	1.980418566	1.995418566	0.015000000	8	true	16	0.971724572,-0.966224612,-0.617613923,-0.970939257,0.967087726,0.971497832,-0.966204847,-0.617190354,-0.970922482,0.967121333,0.971548269,-0.966196150,-0.617005816,-0.970915011,0.967136273,0.971579237	ok
0.124850	0.688176	1.995418566,0.000000000,1.282199855	minimum	continued_angle_scan_grad_tol	1.563734780	0.000000875	NaN	scan_grad_tol	sign_change_pair	1.998019465	2.118019465	1.983019465	1.998019465	0.015000000	7	true	16	0.971728896,-0.966349919,-0.622628743,-0.971028371,0.967066585,0.971451080,-0.966355464,-0.622766716,-0.971032634,0.967058075,0.971445209,-0.966358919,-0.622853004,-0.971035302,0.967052780,0.971441678	ok
0.124850	0.690982	1.998019465,0.000000000,1.282199855	minimum	continued_angle_scan_grad_tol	1.563749988	0.000000703	NaN	scan_grad_tol	sign_change_pair	2.000626389	2.120626389	1.985626389	2.000626389	0.015000000	7	true	16	0.971734321,-0.966472419,-0.627920162,-0.971109677,0.967061703,0.971436735,-0.966501710,-0.628747419,-0.971130123,0.967021428,0.971415454,-0.966522233,-0.629329729,-0.971144095,0.966993936,0.617056639	ok
0.124850	0.693788	2.000626389,0.000000000,1.282199855	minimum	continued_angle_scan_grad_tol	1.563763754	0.000000557	NaN	scan_grad_tol	sign_change_pair	2.003239295	2.123239295	1.988239295	2.003239295	0.015000000	7	true	16	0.971740821,-0.966592220,-0.633468321,-0.971184045,0.967071387,0.971436430,-0.966640446,-0.634981973,-0.971214523,0.967012384,0.636829268,0.971408150,-0.966674127,-0.636033126,-0.971234928,0.966973145	ok
0.124850	0.696593	2.003239295,0.000000000,1.282199855	minimum	continued_angle_scan_grad_tol	1.563776119	0.000000434	NaN	scan_grad_tol	sign_change_pair	2.005858137	2.125858137	1.990858137	2.005858137	0.015000000	7	true	16	0.971748360,-0.966709387,-0.639250428,-0.971252258,0.967093996,0.639545871,0.971444902,-0.966770352,-0.641333148,-0.971287229,0.967028012,0.645961389,0.971414623,-0.966809826,-0.642641365,-0.971308721	ok
0.124850	0.699399	2.005858137,0.000000000,1.282199855	minimum	continued_angle_scan_grad_tol	1.563787121	0.000000333	NaN	scan_grad_tol	sign_change_pair	2.008482872	2.128482872	1.993482872	2.008482872	0.015000000	7	true	16	0.971756904,-0.966824011,-0.645240625,-0.971315064,0.967128051,0.649552195,0.971459960,-0.966891361,-0.647693248,-0.971350294,0.967063893,0.651752687,0.971431328,-0.966929811,-0.649002299,-0.971369358	ok
0.124850	0.702204	2.008482872,0.000000000,1.282199855	minimum	continued_angle_scan_grad_tol	1.563796796	0.000000250	NaN	scan_grad_tol	sign_change_pair	2.011113456	2.131113456	1.996113456	2.011113456	0.015000000	7	true	16	0.971766428,-0.966936165,-0.651408535,-0.971373178,0.967172122,0.656315108,0.971480308,-0.967004170,-0.653989069,-0.971405844,0.967115437,0.656903903,0.971455599,-0.967037083,-0.655104030,-0.971420944	ok
0.124850	0.705010	2.011113456,0.000000000,1.282199855	minimum	continued_angle_scan_grad_tol	1.563805177	0.000000183	NaN	scan_grad_tol	sign_change_pair	2.013749847	2.133749847	1.998749847	2.013749847	0.015000000	7	true	16	0.971776904,-0.967045926,-0.657717918,-0.971427281,0.967224911,0.662059212,0.971504997,-0.967109872,-0.660177829,-0.971455796,0.967178560,0.662022914,0.971485227,-0.967135254,-0.661002350,-0.971466766	ok
0.124850	0.707816	2.013749847,0.000000000,1.282199855	minimum	continued_angle_scan_grad_tol	1.563812299	0.000000131	NaN	scan_grad_tol	sign_change_pair	2.016392001	2.136392001	2.001392001	2.016392001	0.015000000	7	true	16	0.971788303,-0.967153370,-0.664122095,-0.971478077,0.967285229,0.667446970,0.971533305,-0.967209754,-0.666235991,-0.971501784,0.967249968,0.667257694,0.971518488,-0.967227544,-0.666759918,-0.971509173	ok
0.124850	0.710621	2.016392001,0.000000000,1.282199855	minimum	continued_angle_scan_grad_tol	1.563818190	0.000000090	NaN	scan_grad_tol	sign_change_pair	2.019039877	2.139039877	2.004039877	2.019039877	0.015000000	7	true	16	0.971800596,-0.967258564,-0.670555985,-0.971526290,0.967351987,0.672718965,0.971564655,-0.967305124,-0.672141533,-0.971545198,0.967327122,0.672602257,0.971554229,-0.967316422,-0.672410301,-0.971549817	ok
0.124850	0.713427	2.019039877,0.000000000,1.282199855	minimum	continued_angle_scan_grad_tol	1.563822882	0.000000060	NaN	scan_grad_tol	sign_change_pair	2.021693433	2.141693433	2.006693433	2.021693433	0.015000000	7	true	16	0.971813778,-0.967361580,-0.676915734,-0.971572774,0.967424220,0.677925338,0.971598726,-0.967397206,-0.677845381,-0.971587257,0.967408205,0.677968136,0.971591854,-0.967403602,-0.677929500,-0.971589924	ok
0.124850	0.716232	2.021693433,0.000000000,1.282199855	minimum	continued_angle_scan_grad_tol	1.563826402	0.000000037	NaN	scan_grad_tol	sign_change_pair	2.024352629	2.144352629	2.009352629	2.024352629	0.015000000	7	true	16	0.971827798,-0.967462485,-0.683004957,-0.971618631,0.967501015,0.682950560,0.971635543,-0.967487075,-0.683206829,-0.971629208,0.967491889,0.683158111,0.971631361,-0.967490201,-0.683179517,-0.971630606	ok
0.124850	0.719038	2.024352629,0.000000000,1.282199855	minimum	continued_angle_scan_grad_tol	1.563828776	0.000000022	NaN	scan_grad_tol	sign_change_pair	2.027017423	2.147017423	2.012017423	2.027017423	0.015000000	7	true	16	0.971842646,-0.967561344,-0.688332758,-0.971665552,0.967581602,0.687320782,0.971675732,-0.967575648,-0.687772061,-0.971672631,0.967577341,0.687660025,0.971673498,-0.967576857,-0.687693530,-0.971673244	ok
0.124850	0.721844	2.027017423,0.000000000,1.282199855	minimum	continued_angle_scan_grad_tol	1.563830030	0.000000011	NaN	scan_grad_tol	sign_change_pair	2.029687776	2.149687776	2.014687776	2.029687776	0.015000000	7	true	16	0.971858298,-0.967658217,-0.690660531,-0.971716597,0.967665280,0.688295030,0.971721179,-0.967663664,-0.689000797,-0.971720105,0.967664028,0.688854083,0.971720339,-0.967663947,-0.688887585,-0.971720296	ok
0.124850	0.724649	2.029687776,0.000000000,1.282199855	minimum	continued_angle_scan_grad_tol	1.563830188	0.000000005	NaN	scan_grad_tol	sign_change_pair	2.032363648	2.152363648	2.017363648	2.032363648	0.015000000	7	true	13	0.971874733,-0.967753172,-0.971778814,0.967751396,0.971777014,-0.967751692,-0.971777300,0.967751640,0.971777256,-0.967751647,-0.971777271,0.967751651,0.971777269	short
0.124850	0.727455	2.032363648,0.000000000,1.282199855	minimum	continued_angle_scan_grad_tol	1.563829272	0.000000002	NaN	scan_grad_tol	sign_change_pair	2.035044999	2.155044999	2.020044999	2.035044999	0.015000000	7	true	13	0.971891920,-0.967846261,-0.971874696,0.967839413,0.971859791,-0.967840125,-0.971861237,0.967840049,0.971861079,-0.967840057,-0.971861099,0.967840057,0.971861098	short
0.124850	0.730261	2.035044999,0.000000000,1.282199855	minimum	continued_angle_scan_grad_tol	1.563827305	0.000000000	NaN	scan_grad_tol	sign_change_pair	2.037731791	2.157731791	2.022731791	2.037731791	0.015000000	7	true	13	0.971909855,-0.967937562,-0.972145007,0.967928832,0.972058720,-0.967929245,-0.972061947,0.967929225,0.972061779,-0.967929226,-0.972061779,0.967929222,0.972061785	short
0.124850	0.733066	2.037731791,0.000000000,1.282199855	minimum	continued_angle_scan_grad_tol	1.563824307	-0.000000000	NaN	scan_grad_tol	sign_change_pair	2.040423987	2.160423987	2.025423987	2.040423987	0.015000000	7	true	13	0.971928492,-0.968027107,0.970467321,-0.968019246,0.967651675,-0.968019179,0.967570284,-0.968019175,0.967569927,-0.968019172,0.967569924,-0.968019168,0.967569922	short
0.124850	0.735872	2.040423987,0.000000000,1.282199855	minimum	continued_angle_scan_grad_tol	1.563820296	0.000000679	NaN	scan_grad_tol	sign_change_pair	2.043121547	2.163121547	2.028121547	2.043121547	0.015000000	6	true	13	0.971947850,-0.968114962,0.971520248,-0.968110267,0.971498017,-0.968109985,0.971496524,-0.968109962,0.971496438,-0.968109962,0.971496434,-0.968109962,0.971496434	short
0.124850	0.738677	2.043121547,0.000000000,1.282199855	minimum	continued_angle_scan_grad_tol	1.563815295	0.000000002	NaN	scan_grad_tol	sign_change_pair	2.045824436	2.165824436	2.030824436	2.045824436	0.015000000	7	true	13	0.971967879,-0.968201176,0.971659308,-0.968201572,0.971659823,-0.968201623,0.971659879,-0.968201628,0.971659886,-0.968201628,0.971659886,-0.968201627,0.971659885	short
0.124850	0.741483	2.045824436,0.000000000,1.282199855	minimum	continued_angle_scan_grad_tol	1.563809318	0.000000008	NaN	scan_grad_tol	sign_change_pair	2.048532615	2.168532615	2.033532615	2.048532615	0.015000000	7	true	13	0.971988567,-0.968285801,0.971727887,-0.968292895,0.971731572,-0.968293996,0.971732105,-0.968294174,0.971732188,-0.968294204,0.971732194,-0.968294210,0.971732202	short
0.124850	0.744289	2.048532615,0.000000000,1.282199855	minimum	continued_angle_scan_grad_tol	1.563802383	0.000000021	NaN	scan_grad_tol	sign_change_pair	2.051246050	2.171246050	2.036246050	2.051246050	0.015000000	7	true	13	0.972009892,-0.968368885,0.971775452,-0.968383978,0.971778900,-0.968386974,0.971779470,-0.968387604,0.971779595,-0.968387726,0.971779610,-0.968387762,0.971779624	short
0.124850	0.747094	2.051246050,0.000000000,1.282199855	minimum	continued_angle_scan_grad_tol	1.563794505	0.000000041	NaN	scan_grad_tol	sign_change_pair	2.053964703	2.173964703	2.038964703	2.053964703	0.015000000	7	true	13	0.972031850,-0.968450480,0.971813813,-0.968474624,0.971815759,-0.968480396,0.971816020,-0.968481849,0.971816074,-0.968482222,0.971816096,-0.968482326,0.971816103	short
0.124850	0.749900	2.053964703,0.000000000,1.282199855	minimum	continued_angle_scan_grad_tol	1.563785702	0.000000067	NaN	scan_grad_tol	sign_change_pair	2.056688540	2.176688540	2.041688540	2.056688540	0.015000000	7	true	13	0.972054422,-0.968530631,0.971847303,-0.968564679,0.971846975,-0.968574065,0.971846574,-0.968576848,0.971846422,-0.968577692,0.971846382,-0.968577950,0.971846372	short
0.124850	0.752705	2.056688540,0.000000000,1.282199855	minimum	continued_angle_scan_grad_tol	1.563775986	0.000000098	NaN	scan_grad_tol	sign_change_pair	2.059417527	2.179417527	2.044417527	2.059417527	0.015000000	7	true	13	0.972077591,-0.968609388,0.971877925,-0.968653975,0.971874701,-0.968667788,0.971873235,-0.968672449,0.971872704,-0.968674072,0.971872516,-0.968674638,0.971872448	short
0.124850	0.755511	2.059417527,0.000000000,1.282199855	minimum	continued_angle_scan_grad_tol	1.563765372	0.000000135	NaN	scan_grad_tol	sign_change_pair	2.062151628	2.182151628	2.047151628	2.062151628	0.015000000	7	true	13	0.972101332,-0.968686790,0.971906703,-0.968742394,0.971900076,-0.968761397,0.971897155,-0.968768533,0.971895973,-0.968771299,0.971895509,-0.968772381,0.971895324	short
0.124850	0.758317	2.062151628,0.000000000,1.282199855	minimum	continued_angle_scan_grad_tol	1.563753873	0.000000175	NaN	scan_grad_tol	sign_change_pair	2.064890810	2.184890810	2.049890810	2.064890810	0.015000000	7	true	13	0.972125629,-0.968762871,0.971934274,-0.968829851,0.971923775,-0.968854685,0.971918972,-0.968864895,0.971916871,-0.968869254,0.971915947,-0.968871140,0.971915543	short
0.124850	0.761122	2.064890810,0.000000000,1.282199855	minimum	continued_angle_scan_grad_tol	1.563741500	0.000000217	NaN	scan_grad_tol	sign_change_pair	2.067635039	2.187635039	2.052635039	2.067635039	0.015000000	7	true	13	0.972150483,-0.968837694,0.971961035,-0.968916251,0.971946267,-0.968947481,0.971939168,-0.968961359,0.971935803,-0.968967789,0.971934193,-0.968970815,0.971933430	short
0.124850	0.763928	2.067635039,0.000000000,1.282199855	minimum	continued_angle_scan_grad_tol	1.563728267	0.000000260	NaN	scan_grad_tol	sign_change_pair	2.070384283	2.190384283	2.055384283	2.070384283	0.015000000	7	true	13	0.972175873,-0.968911271,0.971987257,-0.969001540,0.971967854,-0.969039627,0.971958050,-0.969057725,0.971953082,-0.969066732,0.971950523,-0.969071315,0.971949212	short
0.124850	0.766733	2.070384283,0.000000000,1.282199855	minimum	continued_angle_scan_grad_tol	1.563714185	0.000000267	NaN	scan_grad_tol	sign_change_pair	2.073135793	2.193135793	2.058135793	2.073135793	0.015000000	7	true	13	0.972201783,-0.968983671,0.972013130,-0.969085670,0.971988788,-0.969130982,0.971975904,-0.969153785,0.971968961,-0.969165870,0.971965156,-0.969172427,0.971963067	short
0.124850	0.769539	2.073135793,0.000000000,1.282199855	minimum	continued_angle_secant_max_iters_best	1.563566811	0.064207865	NaN	secant_max_iters_best	sign_change_pair	2.082058682	2.202058682	2.067058682	2.082058682	0.015000000	8	true	13	0.972228220,-0.969054913,0.972038820,-0.969168601,0.972009256,-0.969221405,0.971992934,-0.969249356,0.971983672,-0.969264989,0.971978294,-0.969273987,0.971975145	short
0.124850	0.772345	2.082058682,0.000000000,1.282199855	minimum	continued_angle_secant_max_iters_best	0.627897900	-9.985887187	NaN	secant_max_iters_best	sign_change_pair	2.082058682	2.202058682	2.067058682	2.082058682	0.015000000	8	true	14	0.699642832,0.972217106,-0.969112331,0.972067434,-0.969244847,0.972031131,-0.969307916,0.972010347,-0.969342586,0.971998018,-0.969362859,0.971990503,-0.969375130,0.971985842	short
0.124850	0.775150	2.082058682,0.000000000,1.282199855	minimum	continued_angle_secant_max_iters_best	0.639015924	-14.413379571	NaN	secant_max_iters_best	sign_change_pair	2.067058682	2.187058682	2.067058682	2.082058682	0.015000000	8	true	14	0.705615889,0.972256788,-0.969186649,0.972091892,-0.969327468,0.972050501,-0.969397264,0.972025988,-0.969437178,0.972010796,-0.969461556,0.972001120,-0.969476989,0.971994841	short
0.124850	0.777956	2.067058682,0.000000000,1.282199855	minimum	continued_angle_secant_max_iters_best	1.124330452	18.219401666	NaN	secant_max_iters_best	sign_change_pair	2.067058682	2.187058682	2.067058682	2.082058682	0.015000000	8	true	13	-0.972102465,0.969306772,-0.972102893,0.969431357,-0.972061677,0.969498397,-0.972036130,0.969538928,-0.972019577,0.969564905,-0.972008531,0.969582112,-0.972001028	short
0.124850	0.780762	2.067058682,0.000000000,1.282199855	minimum	continued_angle_secant_max_iters_best	1.078652204	15.435246502	NaN	secant_max_iters_best	sign_change_pair	2.067058682	2.187058682	2.067058682	2.082058682	0.015000000	8	true	13	-0.972156610,0.969383930,-0.972124897,0.969514982,-0.972079106,0.969587894,-0.972049838,0.969633434,-0.972030214,0.969663612,-0.972016642,0.969684332,-0.972007058	short
0.124850	0.783567	2.067058682,0.000000000,1.282199855	minimum	continued_angle_secant_max_iters_best	1.039832159	13.209957210	NaN	secant_max_iters_best	sign_change_pair	2.097058682	2.217058682	2.067058682	2.082058682	0.015000000	8	true	13	-0.972198231,0.969460537,-0.972146677,0.969597788,-0.972096310,0.969676466,-0.972063196,0.969727035,-0.972040329,0.969761558,-0.972023999,0.969785998,-0.972012080	short
0.124850	0.786373	2.097058682,0.000000000,1.282199855	minimum	continued_angle_secant_max_iters_best	0.564437006	-4.424596378	NaN	secant_max_iters_best	sign_change_pair	2.097058682	2.217058682	2.082058682	2.097058682	0.015000000	8	true	14	0.713672381,0.972366053,-0.969446743,0.972197522,-0.969633708,0.972132125,-0.969735530,0.972089254,-0.969800336,0.972059348,-0.969844834,0.972037662,-0.969876804,0.972021494	short
0.124850	0.789178	2.097058682,0.000000000,1.282199855	minimum	continued_angle_secant_max_iters_best	0.568304159	-4.736459242	NaN	secant_max_iters_best	sign_change_pair	2.097058682	2.217058682	2.082058682	2.097058682	0.015000000	8	true	14	0.719647310,0.972403462,-0.969515393,0.972222580,-0.969710124,0.972151806,-0.969818485,0.972104462,-0.969888891,0.972070705,-0.969938284,0.972045645,-0.969974574,0.972026492	short
0.124850	0.791984	2.097058682,0.000000000,1.282199855	minimum	continued_angle_secant_max_iters_best	0.572555906	-5.097989108	NaN	secant_max_iters_best	sign_change_pair	2.097058682	2.217058682	2.082058682	2.097058682	0.015000000	8	true	14	0.725653117,0.972445070,-0.969583787,0.972247578,-0.969785753,0.972171521,-0.969900349,0.972119728,-0.969976174,0.972082084,-0.970030372,0.972053551,-0.970070967,0.972031300	short
0.124850	0.794790	2.097058682,0.000000000,1.282199855	minimum	continued_angle_secant_max_iters_best	0.577253368	-5.524268814	NaN	secant_max_iters_best	sign_change_pair	2.097058682	2.217058682	2.082058682	2.097058682	0.015000000	8	true	14	0.731693294,0.972496891,-0.969651915,0.972272522,-0.969860596,0.972191336,-0.969981119,0.972135136,-0.970062150,0.972093595,-0.970120999,0.972061558,-0.970165820,0.972036107	short
0.124850	0.797595	2.097058682,0.000000000,1.282199855	minimum	continued_angle_secant_max_iters_best	0.582476446	-6.037971712	NaN	secant_max_iters_best	sign_change_pair	2.097058682	2.217058682	2.082058682	2.097058682	0.015000000	8	true	14	0.737772868,0.972584826,-0.969719780,0.972297436,-0.969934670,0.972211254,-0.970060780,0.972150736,-0.970146772,0.972105352,-0.970210084,0.972069806,-0.970258984,0.972041129	short
0.124850	0.800401	2.097058682,0.000000000,1.282199855	minimum	continued_angle_secant_max_iters_best	0.588333206	-6.675326402	NaN	secant_max_iters_best	sign_change_pair	2.097058682	2.217058682	2.082058682	2.097058682	0.015000000	8	true	14	0.743898903,0.973234835,-0.969787367,0.972322331,-0.970007984,0.972231314,-0.970139350,0.972166591,-0.970230018,0.972117416,-0.970297558,0.972078414,-0.970350352,0.972046524	short
0.124850	0.803206	2.097058682,0.000000000,1.282199855	minimum	continued_angle_secant_max_iters_best	0.594976409	-7.499351785	NaN	secant_max_iters_best	sign_change_pair	2.097058682	2.217058682	2.082058682	2.097058682	0.015000000	8	true	14	0.750081707,-0.972319316,0.969854678,-0.972347230,0.970080547,-0.972251542,0.970216816,-0.972182740,0.970311871,-0.972129886,0.970383385,-0.972087504,0.970439829,-0.972052501	short
0.124850	0.806012	2.097058682,0.000000000,1.282199855	minimum	continued_angle_secant_max_iters_best	0.602635272	-8.634691799	NaN	secant_max_iters_best	sign_change_pair	2.082058682	2.202058682	2.082058682	2.097058682	0.015000000	8	true	14	0.756336319,-0.972457633,0.969921700,-0.972372133,0.970152365,-0.972271970,0.970293189,-0.972199228,0.970392324,-0.972142813,0.970467533,-0.972097193,0.970527347,-0.972059166	short
0.124850	0.808818	2.082058682,0.000000000,1.282199855	minimum	continued_angle_secant_max_iters_best	0.942067396	8.005290569	NaN	secant_max_iters_best	sign_change_pair	2.082058682	2.202058682	2.082058682	2.097058682	0.015000000	8	true	13	-0.972508743,0.970047639,-0.972373062,0.970257300,-0.972275573,0.970391622,-0.972203035,0.970488664,-0.972145790,0.970563602,-0.972098829,0.970624018,-0.972059245	short
0.124850	0.811623	2.082058682,0.000000000,1.282199855	minimum	continued_angle_secant_max_iters_best	0.921615725	7.118310973	NaN	secant_max_iters_best	sign_change_pair	2.082058682	2.202058682	2.082058682	2.097058682	0.015000000	8	true	13	-0.972537994,0.970116780,-0.972396311,0.970329644,-0.972295065,0.970467375,-0.972219155,0.970567587,-0.972158843,0.970645404,-0.972109067,0.970708443,-0.972066897	short
0.124850	0.814429	2.082058682,0.000000000,1.282199855	minimum	continued_angle_secant_max_iters_best	0.903448055	6.372318998	NaN	secant_max_iters_best	sign_change_pair	2.082058682	2.202058682	2.082058682	2.097058682	0.015000000	8	true	13	-0.972566588,0.970185524,-0.972419616,0.970401224,-0.972314828,0.970542036,-0.972235713,0.970645089,-0.972172522,0.970725455,-0.972120147,0.970790801,-0.972075585	short
0.124850	0.817234	2.082058682,0.000000000,1.282199855	minimum	continued_angle_secant_max_iters_best	0.887212354	5.739850004	NaN	secant_max_iters_best	sign_change_pair	2.082058682	2.202058682	2.082058682	2.097058682	0.015000000	8	true	13	-0.972594671,0.970253875,-0.972442980,0.970472052,-0.972334847,0.970615618,-0.972252727,0.970721176,-0.972186874,0.970803790,-0.972132110,0.970871085,-0.972085411	short
0.124850	0.820040	2.082058682,0.000000000,1.282199855	minimum	continued_angle_secant_max_iters_best	0.872623587	5.199615083	NaN	secant_max_iters_best	sign_change_pair	2.082058682	2.202058682	2.082058682	2.097058682	0.015000000	8	true	13	-0.972622353,0.970321843,-0.972466435,0.970542136,-0.972355153,0.970688124,-0.972270252,0.970795884,-0.972201927,0.970880398,-0.972145001,0.970949359,-0.972096400	short
0.124850	0.822846	2.082058682,0.000000000,1.282199855	minimum	continued_angle_secant_max_iters_best	0.859448938	4.734960665	NaN	secant_max_iters_best	sign_change_pair	2.112058682	2.232058682	2.082058682	2.097058682	0.015000000	8	true	13	-0.972649692,0.970389418,-0.972489962,0.970611496,-0.972375753,0.970759577,-0.972288266,0.970869225,-0.972217712,0.970955340,-0.972158859,0.971025618,-0.972108615	short
0.124850	0.825651	2.112058682,0.000000000,1.282199855	minimum	continued_angle_secant_max_iters_best	0.549934125	-4.774541062	NaN	secant_max_iters_best	sign_change_pair	2.112058682	2.232058682	2.097058682	2.112058682	0.015000000	8	true	14	0.770497607,-0.972748924,0.970326507,-0.972572123,0.970602803,-0.972439432,0.970775859,-0.972340324,0.970900125,-0.972261635,0.970995897,-0.972196738,0.971072974,-0.972141829	short
0.124850	0.828457	2.112058682,0.000000000,1.282199855	minimum	continued_angle_secant_max_iters_best	0.554179435	-5.124685424	NaN	secant_max_iters_best	sign_change_pair	2.112058682	2.232058682	2.097058682	2.112058682	0.015000000	8	true	14	0.776048553,-0.972786578,0.970388722,-0.972598989,0.970667425,-0.972463103,0.970842801,-0.972361377,0.970968927,-0.972280545,0.971066112,-0.972213913,0.971144226,-0.972157623	short
0.124850	0.831263	2.112058682,0.000000000,1.282199855	minimum	continued_angle_secant_max_iters_best	0.558846785	-5.534103849	NaN	secant_max_iters_best	sign_change_pair	2.097058682	2.217058682	2.097058682	2.112058682	0.015000000	8	true	13	0.781629594,-0.972821288,0.970450738,-0.972625931,0.970731464,-0.972487075,0.970908853,-0.972382921,0.971036541,-0.972300147,0.971134874,-0.972232009,0.971213752	short
0.124850	0.834068	2.097058682,0.000000000,1.282199855	minimum	continued_angle_secant_max_iters_best	0.880935629	5.286220330	NaN	secant_max_iters_best	sign_change_pair	2.097058682	2.217058682	2.097058682	2.112058682	0.015000000	8	true	12	-0.972813669,0.970576166,-0.972623853,0.970832443,-0.972490109,0.971000141,-0.972388396,0.971122711,-0.972307006,0.971217788,-0.972239804,0.971294295	short
0.124850	0.836874	2.097058682,0.000000000,1.282199855	minimum	continued_angle_secant_max_iters_best	0.867396363	4.803291415	NaN	secant_max_iters_best	sign_change_pair	2.097058682	2.217058682	2.097058682	2.112058682	0.015000000	8	true	12	-0.972842206,0.970640025,-0.972649418,0.970896918,-0.972513497,0.971065611,-0.972410033,0.971188930,-0.972327310,0.971284423,-0.972259181,0.971361049	short
0.124850	0.839679	2.097058682,0.000000000,1.282199855	minimum	continued_angle_secant_max_iters_best	0.855138626	4.386418016	NaN	secant_max_iters_best	sign_change_pair	2.097058682	2.217058682	2.097058682	2.112058682	0.015000000	8	true	12	-0.972870467,0.970703620,-0.972675096,0.970960807,-0.972537185,0.971130222,-0.972432173,0.971254044,-0.972348340,0.971349731,-0.972279478,0.971426251	short
0.124850	0.842485	2.097058682,0.000000000,1.282199855	minimum	continued_angle_secant_max_iters_best	0.843992680	4.024342650	NaN	secant_max_iters_best	sign_change_pair	2.097058682	2.217058682	2.097058682	2.112058682	0.015000000	8	true	12	-0.972898505,0.970766932,-0.972700855,0.971024122,-0.972561192,0.971194005,-0.972454820,0.971318090,-0.972370070,0.971413759,-0.972300672,0.971489993	short
0.124850	0.845291	2.097058682,0.000000000,1.282199855	minimum	continued_angle_secant_max_iters_best	0.833817041	3.708061700	NaN	secant_max_iters_best	sign_change_pair	2.097058682	2.217058682	2.097058682	2.112058682	0.015000000	8	true	12	-0.972926331,0.970829964,-0.972726710,0.971086885,-0.972585484,0.971256972,-0.972477958,0.971381123,-0.972392483,0.971476571,-0.972322734,0.971552327	short
0.124850	0.848096	2.097058682,0.000000000,1.282199855	minimum	continued_angle_secant_max_iters_best	0.824492941	3.430315251	NaN	secant_max_iters_best	sign_change_pair	2.097058682	2.217058682	2.097058682	2.112058682	0.015000000	8	true	12	-0.972953968,0.970892728,-0.972752659,0.971149102,-0.972610086,0.971319175,-0.972501604,0.971443168,-0.972415573,0.971538216,-0.972345656,0.971613344	short
0.124850	0.850902	2.097058682,0.000000000,1.282199855	minimum	continued_angle_secant_max_iters_best	0.815920014	3.185204007	NaN	secant_max_iters_best	sign_change_pair	2.097058682	2.217058682	2.097058682	2.112058682	0.015000000	8	true	12	-0.972981429,0.970955213,-0.972778706,0.971210785,-0.972634979,0.971380630,-0.972525716,0.971504267,-0.972439312,0.971598743,-0.972369387,0.971673104	short
0.124850	0.853707	2.097058682,0.000000000,1.282199855	minimum	continued_angle_secant_max_iters_best	0.808012915	2.967899157	NaN	secant_max_iters_best	sign_change_pair	2.097058682	2.217058682	2.097058682	2.112058682	0.015000000	8	true	12	-0.973008729,0.971017444,-0.972804847,0.971271954,-0.972660163,0.971441350,-0.972550300,0.971564461,-0.972463692,0.971658232,-0.972393906,0.971731688	short
0.124850	0.856513	2.097058682,0.000000000,1.282199855	minimum	continued_angle_secant_max_iters_best	0.800698649	2.774420780	NaN	secant_max_iters_best	sign_change_pair	2.097058682	2.217058682	2.097058682	2.112058682	0.015000000	8	true	12	-0.973035867,0.971079398,-0.972831088,0.971332619,-0.972685628,0.971501359,-0.972575356,0.971623786,-0.972488693,0.971716704,-0.972419166,0.971789158	short
0.124850	0.859319	2.097058682,0.000000000,1.282199855	minimum	continued_angle_secant_max_iters_best	0.793914438	2.601467204	NaN	secant_max_iters_best	sign_change_pair	2.112058682	2.232058682	2.097058682	2.112058682	0.015000000	8	true	12	-0.973062886,0.971141115,-0.972857422,0.971392800,-0.972711400,0.971560704,-0.972600859,0.971682280,-0.972514275,0.971774223,-0.972445171,0.971845578	short
0.124850	0.862124	2.112058682,0.000000000,1.282199855	minimum	continued_angle_secant_max_iters_best	0.831004316	3.443862547	NaN	secant_max_iters_best	sign_change_pair	2.112058682	2.232058682	2.112058682	2.127058682	0.015000000	8	true	12	-0.973154650,0.971119803,-0.972927253,0.971401425,-0.972769231,0.971583862,-0.972651217,0.971713758,-0.972559675,0.971810852,-0.972487207,0.971885462	short
0.124850	0.864930	2.112058682,0.000000000,1.282199855	minimum	continued_angle_secant_max_iters_best	0.822308762	3.193470267	NaN	secant_max_iters_best	sign_change_pair	2.112058682	2.232058682	2.112058682	2.127058682	0.015000000	8	true	12	-0.973183270,0.971179439,-0.972955119,0.971459548,-0.972796491,0.971641169,-0.972678237,0.971770237,-0.972586835,0.971866337,-0.972514812,0.971939842	short
0.124850	0.867735	2.112058682,0.000000000,1.282199855	minimum	continued_angle_secant_max_iters_best	0.814299553	2.971878830	NaN	secant_max_iters_best	sign_change_pair	2.112058682	2.232058682	2.112058682	2.127058682	0.015000000	8	true	12	-0.973211725,0.971238884,-0.972983059,0.971517258,-0.972823999,0.971697902,-0.972705640,0.971826007,-0.972614500,0.971921030,-0.972543021,0.971993378	short
0.124850	0.870541	2.112058682,0.000000000,1.282199855	minimum	continued_angle_secant_max_iters_best	0.806900432	2.774911752	NaN	secant_max_iters_best	sign_change_pair	2.112058682	2.232058682	2.112058682	2.127058682	0.015000000	8	true	12	-0.973240026,0.971298128,-0.973011073,0.971574568,-0.972851756,0.971754084,-0.972733438,0.971881098,-0.972642661,0.971974983,-0.972571797,0.972046108	short
0.124850	0.873347	2.112058682,0.000000000,1.282199855	minimum	continued_angle_secant_max_iters_best	0.800045954	2.599113221	NaN	secant_max_iters_best	sign_change_pair	2.112058682	2.232058682	2.112058682	2.127058682	0.015000000	8	true	12	-0.973268179,0.971357206,-0.973039163,0.971631488,-0.972879735,0.971809732,-0.972761594,0.971935570,-0.972671288,0.972028224,-0.972601128,0.972098097	short
0.124850	0.876152	2.112058682,0.000000000,1.282199855	minimum	continued_angle_secant_max_iters_best	0.793679650	2.441605676	NaN	secant_max_iters_best	sign_change_pair	2.112058682	2.232058682	2.112058682	2.127058682	0.015000000	8	true	12	-0.973296187,0.971416089,-0.973067322,0.971688031,-0.972907955,0.971864858,-0.972790109,0.971989424,-0.972700364,0.972080784,-0.972630982,0.972149374	short
0.124850	0.878958	2.112058682,0.000000000,1.282199855	minimum	continued_angle_secant_max_iters_best	0.787752561	2.299978769	NaN	secant_max_iters_best	sign_change_pair	2.112058682	2.232058682	2.112058682	2.127058682	0.015000000	8	true	12	-0.973324074,0.971474783,-0.973095557,0.971744219,-0.972936399,0.971919502,-0.972818963,0.972042694,-0.972729869,0.972132725,-0.972661319,0.972199999	short
0.124850	0.881764	2.112058682,0.000000000,1.282199855	minimum	continued_angle_secant_max_iters_best	0.782222038	2.172202166	NaN	secant_max_iters_best	sign_change_pair	2.112058682	2.232058682	2.112058682	2.127058682	0.015000000	8	true	12	-0.973351827,0.971533304,-0.973123864,0.971800050,-0.972965050,0.971973668,-0.972848148,0.972095407,-0.972759787,0.972184061,-0.972692128,0.972250003	short
0.124850	0.884569	2.112058682,0.000000000,1.282199855	minimum	continued_angle_secant_max_iters_best	0.777050764	2.056556553	NaN	secant_max_iters_best	sign_change_pair	2.112058682	2.232058682	2.112058682	2.127058682	0.015000000	8	true	12	-0.973379455,0.971591644,-0.973152230,0.971855527,-0.972993924,0.972027377,-0.972877647,0.972147597,-0.972790096,0.972234831,-0.972723362,0.972299423	short
0.124850	0.887375	2.112058682,0.000000000,1.282199855	minimum	continued_angle_secant_max_iters_best	0.772205957	1.951578701	NaN	secant_max_iters_best	sign_change_pair	2.112058682	2.232058682	2.112058682	2.127058682	0.015000000	8	true	12	-0.973406963,0.971649808,-0.973180670,0.971910700,-0.973022993,0.972080645,-0.972907452,0.972199287,-0.972820778,0.972285057,-0.972755024,0.972348302	short
0.124850	0.890180	2.112058682,0.000000000,1.282199855	minimum	continued_angle_secant_max_iters_best	0.767658701	1.856017418	NaN	secant_max_iters_best	sign_change_pair	2.112058682	2.232058682	2.112058682	2.127058682	0.015000000	8	true	12	-0.973434342,0.971707801,-0.973209171,0.971965540,-0.973052262,0.972133489,-0.972937550,0.972250492,-0.972851816,0.972334783,-0.972787069,0.972396659	short
0.124850	0.892986	2.112058682,0.000000000,1.282199855	minimum	continued_angle_secant_max_iters_best	0.763383400	1.768798024	NaN	secant_max_iters_best	sign_change_pair	2.112058682	2.232058682	2.112058682	2.127058682	0.015000000	8	true	12	-0.973461620,0.971765617,-0.973237725,0.972020066,-0.973081715,0.972185940,-0.972967923,0.972301238,-0.972883191,0.972384018,-0.972819482,0.972444554	short
0.124850	0.895792	2.112058682,0.000000000,1.282199855	minimum	continued_angle_secant_max_iters_best	0.759357316	1.688993526	NaN	secant_max_iters_best	sign_change_pair	2.112058682	2.232058682	2.112058682	2.127058682	0.015000000	8	true	12	-0.973488776,0.971823278,-0.973266348,0.972074305,-0.973111356,0.972238002,-0.972998567,0.972351544,-0.972914889,0.972432812,-0.972852237,0.972491986	short
0.124850	0.898597	2.112058682,0.000000000,1.282199855	minimum	continued_angle_secant_max_iters_best	0.755560183	1.615801097	NaN	secant_max_iters_best	sign_change_pair	2.127058682	2.247058682	2.112058682	2.127058682	0.015000000	8	true	12	-0.973515810,0.971880772,-0.973295019,0.972128246,-0.973141174,0.972289676,-0.973029469,0.972401445,-0.972946891,0.972481166,-0.972885328,0.972538999	short
0.124850	0.901403	2.127058682,0.000000000,1.282199855	minimum	continued_angle_secant_max_iters_best	0.777884592	1.936906255	NaN	secant_max_iters_best	sign_change_pair	2.127058682	2.247058682	2.127058682	2.142058682	0.015000000	8	true	12	-0.973620259,0.971847367,-0.973375369,0.972126118,-0.973207852,0.972303520,-0.973087447,0.972424671,-0.972999020,0.972510294,-0.972933470,0.972571951	short
0.124850	0.904208	2.127058682,0.000000000,1.282199855	minimum	continued_angle_secant_max_iters_best	0.773333607	1.840891583	NaN	secant_max_iters_best	sign_change_pair	2.127058682	2.247058682	2.127058682	2.142058682	0.015000000	8	true	12	-0.973648673,0.971903316,-0.973405282,0.972178629,-0.973238769,0.972353958,-0.973119312,0.972473474,-0.973031862,0.972557684,-0.972967300,0.972618127	short
0.124850	0.907014	2.127058682,0.000000000,1.282199855	minimum	continued_angle_secant_max_iters_best	0.769058454	1.753340197	NaN	secant_max_iters_best	sign_change_pair	2.127058682	2.247058682	2.127058682	2.142058682	0.015000000	8	true	12	-0.973676955,0.971959145,-0.973435241,0.972230899,-0.973269824,0.972404075,-0.973151394,0.972521924,-0.973064960,0.972604729,-0.973001391,0.972663946	short
0.124850	0.909820	2.127058682,0.000000000,1.282199855	minimum	continued_angle_secant_max_iters_best	0.765035850	1.673302896	NaN	secant_max_iters_best	sign_change_pair	2.127058682	2.247058682	2.127058682	2.142058682	0.015000000	8	true	12	-0.973705118,0.972014855,-0.973465225,0.972282924,-0.973301020,0.972453889,-0.973183679,0.972570025,-0.973098294,0.972651432,-0.973035724,0.972709444	short
0.124850	0.912625	2.127058682,0.000000000,1.282199855	minimum	continued_angle_secant_max_iters_best	0.761245066	1.599958754	NaN	secant_max_iters_best	sign_change_pair	2.127058682	2.247058682	2.127058682	2.142058682	0.015000000	8	true	12	-0.973733145,0.972070440,-0.973495246,0.972334735,-0.973332349,0.972503405,-0.973216157,0.972617825,-0.973131867,0.972697811,-0.973070308,0.972754637	short
0.124850	0.915431	2.127058682,0.000000000,1.282199855	minimum	continued_angle_secant_max_iters_best	0.757667585	1.532595017	NaN	secant_max_iters_best	sign_change_pair	2.127058682	2.247058682	2.127058682	2.142058682	0.015000000	8	true	12	-0.973761074,0.972125926,-0.973525288,0.972386323,-0.973363800,0.972552649,-0.973248820,0.972665319,-0.973165638,0.972743875,-0.973105098,0.972799531	short
0.124850	0.918236	2.127058682,0.000000000,1.282199855	minimum	continued_angle_secant_max_iters_best	0.754286821	1.470590558	NaN	secant_max_iters_best	sign_change_pair	2.127058682	2.247058682	2.127058682	2.142058682	0.015000000	8	true	12	-0.973788872,0.972181286,-0.973555355,0.972437696,-0.973395375,0.972601616,-0.973281659,0.972712516,-0.973199615,0.972789659,-0.973140105,0.972844149	short
0.124850	0.921042	2.127058682,0.000000000,1.282199855	minimum	continued_angle_secant_max_iters_best	0.751087872	1.413402190	NaN	secant_max_iters_best	sign_change_pair	2.127058682	2.247058682	2.127058682	2.142058682	0.015000000	8	true	12	-0.973816540,0.972236553,-0.973585444,0.972488882,-0.973427051,0.972650339,-0.973314666,0.972759429,-0.973233789,0.972835168,-0.973175298,0.972888506	short
0.124850	0.923848	2.127058682,0.000000000,1.282199855	minimum	continued_angle_secant_max_iters_best	0.748057310	1.360553295	NaN	secant_max_iters_best	sign_change_pair	2.127058682	2.247058682	2.127058682	2.142058682	0.015000000	8	true	12	-0.973844115,0.972291702,-0.973615536,0.972539860,-0.973458849,0.972698809,-0.973347825,0.972806094,-0.973268130,0.972880413,-0.973210673,0.972932624	short
0.124850	0.926653	2.127058682,0.000000000,1.282199855	minimum	continued_angle_secant_max_iters_best	0.745183010	1.311624331	NaN	secant_max_iters_best	sign_change_pair	2.127058682	2.247058682	2.127058682	2.142058682	0.015000000	8	true	12	-0.973871557,0.972346749,-0.973645665,0.972590658,-0.973490745,0.972747045,-0.973381138,0.972852497,-0.973302651,0.972925406,-0.973246213,0.972976513	short
0.124850	0.929459	2.127058682,0.000000000,1.282199855	minimum	continued_angle_secant_max_iters_best	0.742453989	1.266244871	NaN	secant_max_iters_best	sign_change_pair	2.127058682	2.247058682	2.127058682	2.142058682	0.015000000	8	true	12	-0.973898889,0.972401685,-0.973675790,0.972641274,-0.973522728,0.972795049,-0.973414585,0.972898655,-0.973337322,0.972970174,-0.973281903,0.973020178	short
0.124850	0.932265	2.127058682,0.000000000,1.282199855	minimum	continued_angle_secant_max_iters_best	0.739860280	1.224086903	NaN	secant_max_iters_best	sign_change_pair	2.127058682	2.247058682	2.127058682	2.142058682	0.015000000	8	true	12	-0.973926108,0.972456533,-0.973705927,0.972691713,-0.973554802,0.972842853,-0.973448169,0.972944597,-0.973372132,0.973014711,-0.973317753,0.973063638	short
0.124850	0.935070	2.127058682,0.000000000,1.282199855	minimum	continued_angle_secant_max_iters_best	0.737392815	1.184859169	NaN	secant_max_iters_best	sign_change_pair	2.142058682	2.262058682	2.127058682	2.142058682	0.015000000	8	true	12	-0.973953209,0.972511275,-0.973736065,0.972741995,-0.973586956,0.972890435,-0.973481872,0.972990320,-0.973407087,0.973059038,-0.973353724,0.973106900	short
0.124850	0.937876	2.142058682,0.000000000,1.282199855	minimum	continued_angle_secant_max_iters_best	0.753630287	1.342664909	NaN	secant_max_iters_best	sign_change_pair	2.142058682	2.262058682	2.142058682	2.157058682	0.015000000	8	true	12	-0.974067001,0.972469290,-0.973824007,0.972732682,-0.973659410,0.972898725,-0.973544140,0.973009264,-0.973462419,0.973084808,-0.973404238,0.973137171	short
0.124850	0.940681	2.142058682,0.000000000,1.282199855	minimum	continued_angle_secant_max_iters_best	0.750779095	1.293973235	NaN	secant_max_iters_best	sign_change_pair	2.142058682	2.262058682	2.142058682	2.157058682	0.015000000	8	true	12	-0.974095320,0.972522754,-0.973855229,0.972781798,-0.973692437,0.972945364,-0.973578545,0.973054215,-0.973497912,0.973128520,-0.973440651,0.973179946	short
0.124850	0.943487	2.142058682,0.000000000,1.282199855	minimum	continued_angle_secant_max_iters_best	0.748073841	1.248839753	NaN	secant_max_iters_best	sign_change_pair	2.142058682	2.262058682	2.142058682	2.157058682	0.015000000	8	true	12	-0.974123515,0.972576147,-0.973886434,0.972830766,-0.973725532,0.972991827,-0.973613045,0.973098970,-0.973533541,0.973172048,-0.973477157,0.973222539	short
0.124850	0.946293	2.142058682,0.000000000,1.282199855	minimum	continued_angle_secant_max_iters_best	0.745504439	1.206933383	NaN	secant_max_iters_best	sign_change_pair	2.142058682	2.262058682	2.142058682	2.157058682	0.015000000	8	true	12	-0.974151584,0.972629470,-0.973917628,0.972879612,-0.973758701,0.973038113,-0.973647643,0.973143552,-0.973569256,0.973215386,-0.973513771,0.973264975	short
0.124850	0.949098	2.142058682,0.000000000,1.282199855	minimum	continued_angle_secant_max_iters_best	0.743061716	1.167960385	NaN	secant_max_iters_best	sign_change_pair	2.142058682	2.262058682	2.142058682	2.157058682	0.015000000	8	true	12	-0.974179528,0.972682735,-0.973948806,0.972928321,-0.973791906,0.973084233,-0.973682330,0.973187954,-0.973605082,0.973258577,-0.973550483,0.973307256	short
0.124850	0.951904	2.142058682,0.000000000,1.282199855	minimum	continued_angle_secant_max_iters_best	0.740737318	1.131659449	NaN	secant_max_iters_best	sign_change_pair	2.142058682	2.262058682	2.142058682	2.157058682	0.015000000	8	true	12	-0.974207346,0.972735932,-0.973979957,0.972976918,-0.973825159,0.973130200,-0.973717089,0.973232195,-0.973640984,0.973301585,-0.973587271,0.973349379	short
0.124850	0.954709	2.142058682,0.000000000,1.282199855	minimum	continued_angle_secant_max_iters_best	0.738523613	1.097797511	NaN	secant_max_iters_best	sign_change_pair	2.142058682	2.262058682	2.142058682	2.157058682	0.015000000	8	true	11	-0.974235037,0.972789063,-0.974011088,0.973025387,-0.973858448,0.973176016,-0.973751924,0.973276275,-0.973676981,0.973344455,-0.973624143	short
0.124850	0.957515	2.142058682,0.000000000,1.282199855	minimum	continued_angle_secant_max_iters_best	0.736413622	1.066166195	NaN	secant_max_iters_best	sign_change_pair	2.142058682	2.262058682	2.142058682	2.157058682	0.015000000	8	true	11	-0.974262598,0.972842146,-0.974042189,0.973073744,-0.973891775,0.973221688,-0.973786817,0.973320202,-0.973713037,0.973387179,-0.973661088	short
0.124850	0.960321	2.142058682,0.000000000,1.282199855	minimum	continued_angle_secant_max_iters_best	0.734400946	1.036578752	NaN	secant_max_iters_best	sign_change_pair	2.142058682	2.262058682	2.142058682	2.157058682	0.015000000	8	true	11	-0.974290044,0.972895157,-0.974073249,0.973122005,-0.973925124,0.973267222,-0.973821782,0.973363983,-0.973749179,0.973429758,-0.973698092	short
0.124850	0.963126	2.142058682,0.000000000,1.282199855	minimum	continued_angle_secant_max_iters_best	0.732479708	1.008867437	NaN	secant_max_iters_best	sign_change_pair	2.142058682	2.262058682	2.142058682	2.157058682	0.015000000	8	true	11	-0.974317354,0.972948120,-0.974104288,0.973170161,-0.973958502,0.973312632,-0.973856786,0.973407629,-0.973785370,0.973472205,-0.973735151	short
0.124850	0.965932	2.142058682,0.000000000,1.282199855	minimum	continued_angle_secant_max_iters_best	0.730644500	0.982881250	NaN	secant_max_iters_best	sign_change_pair	2.142058682	2.262058682	2.142058682	2.157058682	0.015000000	8	true	11	-0.974344545,0.973001023,-0.974135267,0.973218219,-0.973991894,0.973357909,-0.973891841,0.973451139,-0.973821616,0.973514521,-0.973772274	short
0.124850	0.968737	2.142058682,0.000000000,1.282199855	minimum	continued_angle_secant_max_iters_best	0.728890341	0.958483978	NaN	secant_max_iters_best	sign_change_pair	2.142058682	2.262058682	2.142058682	2.157058682	0.015000000	8	true	11	-0.974371601,0.973053876,-0.974166226,0.973266185,-0.974025296,0.973403084,-0.973926934,0.973494528,-0.973857910,0.973556712,-0.973809438	short
0.124850	0.971543	2.142058682,0.000000000,1.282199855	minimum	continued_angle_secant_max_iters_best	0.727212630	0.935552503	NaN	secant_max_iters_best	sign_change_pair	2.157058682	2.277058682	2.142058682	2.157058682	0.015000000	8	true	11	-0.974398538,0.973106675,-0.974197123,0.973314060,-0.974058704,0.973448148,-0.973962058,0.973537805,-0.973894247,0.973598800,-0.973846636	short
0.124850	0.974349	2.157058682,0.000000000,1.282199855	minimum	continued_angle_secant_max_iters_best	0.740065098	1.019730748	NaN	secant_max_iters_best	sign_change_pair	2.157058682	2.277058682	2.157058682	2.172058682	0.015000000	8	true	11	-0.974520698,0.973056451,-0.974292234,0.973297513,-0.974136669,0.973450764,-0.974028416,0.973552411,-0.973952522,0.973621259,-0.973899249	short
0.124850	0.977154	2.157058682,0.000000000,1.282199855	minimum	continued_angle_secant_max_iters_best	0.738173603	0.992339436	NaN	secant_max_iters_best	sign_change_pair	2.157058682	2.277058682	2.157058682	2.172058682	0.015000000	8	true	11	-0.974548746,0.973108115,-0.974324129,0.973344323,-0.974170894,0.973494934,-0.974064168,0.973594973,-0.973989335,0.973662783,-0.973936797	short
0.124850	0.979960	2.157058682,0.000000000,1.282199855	minimum	continued_angle_secant_max_iters_best	0.736367931	0.966663081	NaN	secant_max_iters_best	sign_change_pair	2.157058682	2.277058682	2.157058682	2.172058682	0.015000000	8	true	11	-0.974576658,0.973159738,-0.974355965,0.973391057,-0.974205106,0.973539008,-0.974099940,0.973637425,-0.974026177,0.973704190,-0.973974378	short
0.124850	0.982766	2.157058682,0.000000000,1.282199855	minimum	continued_angle_secant_max_iters_best	0.734643081	0.942565564	NaN	secant_max_iters_best	sign_change_pair	2.157058682	2.277058682	2.157058682	2.172058682	0.015000000	8	true	11	-0.974604427,0.973211344,-0.974387743,0.973437723,-0.974239308,0.973582989,-0.974135723,0.973679774,-0.974063043,0.973745500,-0.974011985	short
0.124850	0.985571	2.157058682,0.000000000,1.282199855	minimum	continued_angle_secant_max_iters_best	0.732994436	0.919923922	NaN	secant_max_iters_best	sign_change_pair	2.157058682	2.277058682	2.157058682	2.172058682	0.015000000	8	true	11	-0.974632061,0.973262914,-0.974419471,0.973484329,-0.974273500,0.973626874,-0.974171538,0.973722019,-0.974099933,0.973786704,-0.974049611	short
0.124850	0.988377	2.157058682,0.000000000,1.282199855	minimum	continued_angle_secant_max_iters_best	0.731417732	0.898626849	NaN	secant_max_iters_best	sign_change_pair	2.157058682	2.277058682	2.157058682	2.172058682	0.015000000	8	true	11	-0.974659561,0.973314456,-0.974451106,0.973530864,-0.974307666,0.973670673,-0.974207346,0.973764166,-0.974136837,0.973827809,-0.974087258	short
0.124850	0.991182	2.157058682,0.000000000,1.282199855	minimum	continued_angle_secant_max_iters_best	0.729909020	0.878573411	NaN	secant_max_iters_best	sign_change_pair	2.157058682	2.277058682	2.157058682	2.172058682	0.015000000	8	true	11	-0.974686913,0.973365974,-0.974482680,0.973577366,-0.974341808,0.973714396,-0.974243148,0.973806220,-0.974173756,0.973868821,-0.974124920	short
0.124850	0.993988	2.157058682,0.000000000,1.282199855	minimum	continued_angle_secant_max_iters_best	0.728464639	0.859671910	NaN	secant_max_iters_best	sign_change_pair	2.157058682	2.277058682	2.157058682	2.172058682	0.015000000	8	true	11	-0.974714130,0.973417470,-0.974514186,0.973623806,-0.974375918,0.973758042,-0.974278963,0.973848186,-0.974210680,0.973909738,-0.974162584	short
0.124850	0.996794	2.157058682,0.000000000,1.282199855	minimum	continued_angle_secant_max_iters_best	0.727081191	0.841838894	NaN	secant_max_iters_best	sign_change_pair	2.157058682	2.277058682	2.157058682	2.172058682	0.015000000	8	true	11	-0.974741205,0.973468937,-0.974545598,0.973670202,-0.974410000,0.973801618,-0.974314756,0.973890070,-0.974247600,0.973950577,-0.974200254	short
0.124850	0.999599	2.157058682,0.000000000,1.282199855	minimum	continued_angle_secant_max_iters_best	0.725755515	0.824998291	NaN	secant_max_iters_best	sign_change_pair	2.157058682	2.277058682	2.157058682	2.172058682	0.015000000	8	true	11	-0.974768137,0.973520392,-0.974576927,0.973716549,-0.974444035,0.973845128,-0.974350533,0.973931888,-0.974284528,0.973991337,-0.974237910	short
0.124850	1.002405	2.157058682,0.000000000,1.282199855	minimum	continued_angle_secant_max_iters_best	0.724484671	0.809080642	NaN	secant_max_iters_best	sign_change_pair	2.157058682	2.277058682	2.157058682	2.172058682	0.015000000	8	true	11	-0.974794918,0.973571834,-0.974608169,0.973762875,-0.974478019,0.973888582,-0.974386290,0.973973623,-0.974321436,0.974032018,-0.974275582	short
0.124850	1.005210	2.157058682,0.000000000,1.282199855	minimum	continued_angle_secant_max_iters_best	0.723265915	0.794022429	NaN	secant_max_iters_best	sign_change_pair	2.157058682	2.277058682	2.157058682	2.172058682	0.015000000	8	true	11	-0.974821562,0.973623256,-0.974639305,0.973809163,-0.974511953,0.973931979,-0.974422015,0.974015295,-0.974358323,0.974072623,-0.974313229	short
0.124850	1.008016	2.157058682,0.000000000,1.282199855	minimum	continued_angle_secant_max_iters_best	0.722096689	0.779765479	NaN	secant_max_iters_best	sign_change_pair	2.172058682	2.292058682	2.157058682	2.172058682	0.015000000	8	true	11	-0.974848050,0.973674664,-0.974670354,0.973855427,-0.974545824,0.973975331,-0.974457695,0.974056902,-0.974395191,0.974113159,-0.974350864	short
0.124850	1.010822	2.172058682,0.000000000,1.282199855	minimum	continued_angle_secant_max_iters_best	0.732899491	0.826810515	NaN	secant_max_iters_best	sign_change_pair	2.172058682	2.292058682	2.172058682	2.187058682	0.015000000	8	true	11	-0.974977985,0.973615628,-0.974773062,0.973830191,-0.974630274,0.973970567,-0.974529316,0.974065495,-0.974457601,0.974130781,-0.974406630	short
0.124850	1.013627	2.172058682,0.000000000,1.282199855	minimum	continued_angle_secant_max_iters_best	0.731603660	0.810248754	NaN	secant_max_iters_best	sign_change_pair	2.172058682	2.292058682	2.172058682	2.187058682	0.015000000	8	true	11	-0.975005515,0.973665942,-0.974805107,0.973875325,-0.974665000,0.974012946,-0.974565690,0.974106277,-0.974495004,0.974170639,-0.974444678	short
0.124850	1.016433	2.172058682,0.000000000,1.282199855	minimum	continued_angle_secant_max_iters_best	0.730362235	0.794598906	NaN	secant_max_iters_best	sign_change_pair	2.172058682	2.292058682	2.172058682	2.187058682	0.015000000	8	true	11	-0.975032902,0.973716256,-0.974837042,0.973920447,-0.974699658,0.974055263,-0.974602039,0.974146987,-0.974532403,0.974210417,-0.974482721	short
0.124850	1.019238	2.172058682,0.000000000,1.282199855	minimum	continued_angle_secant_max_iters_best	0.729172480	0.779797962	NaN	secant_max_iters_best	sign_change_pair	2.172058682	2.292058682	2.172058682	2.187058682	0.015000000	8	true	11	-0.975060128,0.973766560,-0.974868871,0.973965546,-0.974734250,0.974097531,-0.974638351,0.974187646,-0.974569785,0.974250128,-0.974520747	short
0.124850	1.022044	2.172058682,0.000000000,1.282199855	minimum	continued_angle_secant_max_iters_best	0.728031843	0.765788239	NaN	secant_max_iters_best	sign_change_pair	2.172058682	2.292058682	2.172058682	2.187058682	0.015000000	8	true	11	-0.975087193,0.973816886,-0.974900583,0.974010629,-0.974768772,0.974139759,-0.974674610,0.974228232,-0.974607120,0.974289752,-0.974558749	short
0.124850	1.024850	2.172058682,0.000000000,1.282199855	minimum	continued_angle_secant_max_iters_best	0.726937938	0.752516849	NaN	secant_max_iters_best	sign_change_pair	2.172058682	2.292058682	2.172058682	2.187058682	0.015000000	8	true	11	-0.975114104,0.973867208,-0.974932180,0.974055695,-0.974803217,0.974181942,-0.974710827,0.974268761,-0.974644442,0.974329327,-0.974596728	short
0.124850	1.027655	2.172058682,0.000000000,1.282199855	minimum	continued_angle_secant_max_iters_best	0.725888534	0.739935231	NaN	secant_max_iters_best	sign_change_pair	2.172058682	2.292058682	2.172058682	2.187058682	0.015000000	8	true	11	-0.975140858,0.973917536,-0.974963659,0.974100772,-0.974837575,0.974224105,-0.974746987,0.974309244,-0.974681718,0.974368820,-0.974634684	short
0.124850	1.030461	2.172058682,0.000000000,1.282199855	minimum	continued_angle_secant_max_iters_best	0.724881543	0.727998741	NaN	secant_max_iters_best	sign_change_pair	2.172058682	2.292058682	2.172058682	2.187058682	0.015000000	8	true	11	-0.975167448,0.973967877,-0.974995008,0.974145840,-0.974871847,0.974266239,-0.974783083,0.974349673,-0.974718947,0.974408263,-0.974672603	short
0.124850	1.033267	2.172058682,0.000000000,1.282199855	minimum	continued_angle_secant_max_iters_best	0.723915005	0.716666276	NaN	secant_max_iters_best	sign_change_pair	2.172058682	2.052058682	2.172058682	2.187058682	0.015000000	8	true	11	-0.975193863,0.974018227,-0.975026222,0.974190912,-0.974906020,0.974308343,-0.974819103,0.974390060,-0.974756128,0.974447642,-0.974710487	short
0.124850	1.036072	2.172058682,0.000000000,1.282199855	minimum	continued_angle_secant_max_iters_best	0.722987082	0.705899952	NaN	secant_max_iters_best	sign_change_pair	2.172058682	2.052058682	2.172058682	2.187058682	0.015000000	8	true	11	-0.975220123,0.974068590,-0.975057299,0.974235986,-0.974940090,0.974350448,-0.974855067,0.974430408,-0.974793255,0.974486966,-0.974748326	short
0.124850	1.038878	2.172058682,0.000000000,1.282199855	minimum	continued_angle_secant_max_iters_best	0.722096046	0.695664804	NaN	secant_max_iters_best	sign_change_pair	2.187058682	2.307058682	2.172058682	2.187058682	0.015000000	8	true	11	-0.975246224,0.974118966,-0.975088228,0.974281088,-0.974974050,0.974392530,-0.974890938,0.974470723,-0.974830320,0.974526237,-0.974786119	short
0.124850	1.041683	2.187058682,0.000000000,1.282199855	minimum	continued_angle_secant_max_iters_best	0.731816443	0.726179308	NaN	secant_max_iters_best	sign_change_pair	2.187058682	2.307058682	2.187058682	2.202058682	0.015000000	8	true	11	-0.975381295,0.974052060,-0.975197356,0.974247071,-0.975064879,0.974379574,-0.974968386,0.974472088,-0.974897809,0.974537667,-0.974846164	short
0.124850	1.044489	2.187058682,0.000000000,1.282199855	minimum	continued_angle_secant_max_iters_best	0.730838131	0.714483128	NaN	secant_max_iters_best	sign_change_pair	2.187058682	2.307058682	2.187058682	2.202058682	0.015000000	8	true	11	-0.975408390,0.974101313,-0.975229331,0.974290900,-0.975099820,0.974420457,-0.975005110,0.974511336,-0.974935605,0.974576020,-0.974884566	short
0.124850	1.047295	2.187058682,0.000000000,1.282199855	minimum	continued_angle_secant_max_iters_best	0.729899802	0.703381233	NaN	secant_max_iters_best	sign_change_pair	2.187058682	2.307058682	2.187058682	2.202058682	0.015000000	8	true	11	-0.975435307,0.974150587,-0.975261181,0.974334741,-0.975134649,0.974461326,-0.975041755,0.974550548,-0.974973353,0.974614300,-0.974922931	short
0.124850	1.050100	2.187058682,0.000000000,1.282199855	minimum	continued_angle_secant_max_iters_best	0.728999629	0.692836238	NaN	secant_max_iters_best	sign_change_pair	2.187058682	2.307058682	2.187058682	2.202058682	0.015000000	8	true	11	-0.975462057,0.974199888,-0.975292876,0.974378597,-0.975169367,0.974502186,-0.975078345,0.974589697,-0.975011048,0.974652514,-0.974961267	short
0.124850	1.052906	2.187058682,0.000000000,1.282199855	minimum	continued_angle_secant_max_iters_best	0.728135895	0.682813646	NaN	secant_max_iters_best	sign_change_pair	2.187058682	2.307058682	2.187058682	2.202058682	0.015000000	8	true	11	-0.975488623,0.974249210,-0.975324421,0.974422476,-0.975203969,0.974543028,-0.975114834,0.974628813,-0.975048687,0.974690660,-0.974999556	short
0.124850	1.055711	2.187058682,0.000000000,1.282199855	minimum	continued_angle_secant_max_iters_best	0.727306987	0.673281594	NaN	secant_max_iters_best	sign_change_pair	2.187058682	2.067058682	2.187058682	2.202058682	0.015000000	8	true	11	-0.975515018,0.974298572,-0.975355801,0.974466376,-0.975238453,0.974583851,-0.975151248,0.974667890,-0.975086262,0.974728739,-0.975037814	short
0.124850	1.058517	2.187058682,0.000000000,1.282199855	minimum	continued_angle_secant_max_iters_best	0.726511387	0.664210612	NaN	secant_max_iters_best	sign_change_pair	2.187058682	2.067058682	2.187058682	2.202058682	0.015000000	8	true	11	-0.975541226,0.974347968,-0.975387019,0.974510315,-0.975272801,0.974624694,-0.975187558,0.974706932,-0.975123765,0.974766764,-0.975076019	short
0.124850	1.061323	2.187058682,0.000000000,1.282199855	minimum	continued_angle_secant_max_iters_best	0.725747662	0.655573416	NaN	secant_max_iters_best	sign_change_pair	2.187058682	2.067058682	2.187058682	2.202058682	0.015000000	8	true	11	-0.975567254,0.974397394,-0.975418070,0.974554287,-0.975307015,0.974665530,-0.975223761,0.974745947,-0.975161203,0.974804733,-0.975114172	short
0.124850	1.064128	2.187058682,0.000000000,1.282199855	minimum	continued_angle_secant_max_iters_best	0.725014463	0.647344719	NaN	secant_max_iters_best	sign_change_pair	2.187058682	2.067058682	2.187058682	2.202058682	0.015000000	8	true	11	-0.975593094,0.974446868,-0.975448929,0.974598304,-0.975341085,0.974706379,-0.975259859,0.974784931,-0.975198548,0.974842660,-0.975152258	short
0.124850	1.066934	2.187058682,0.000000000,1.282199855	minimum	continued_angle_secant_max_iters_best	0.724310514	0.639501059	NaN	secant_max_iters_best	sign_change_pair	2.187058682	2.067058682	2.187058682	2.202058682	0.015000000	8	true	11	-0.975618736,0.974496379,-0.975479628,0.974642361,-0.975375000,0.974747255,-0.975295836,0.974823918,-0.975235816,0.974880537,-0.975190295	short
0.124850	1.069739	2.187058682,0.000000000,1.282199855	minimum	continued_angle_secant_max_iters_best	0.723634609	0.632020647	NaN	secant_max_iters_best	sign_change_pair	2.187058682	2.067058682	2.187058682	2.202058682	0.015000000	8	true	11	-0.975644193,0.974545933,-0.975510122,0.974686490,-0.975408754,0.974788150,-0.975331687,0.974862888,-0.975272982,0.974918375,-0.975228249	short
0.124850	1.072545	2.187058682,0.000000000,1.282199855	minimum	continued_angle_secant_max_iters_best	0.722985610	0.624883228	NaN	secant_max_iters_best	sign_change_pair	2.202058682	2.322058682	2.187058682	2.202058682	0.015000000	8	true	11	-0.975669465,0.974595539,-0.975540423,0.974730676,-0.975442337,0.974829084,-0.975367397,0.974901862,-0.975310044,0.974956173,-0.975266136	short
0.124850	1.075351	2.202058682,0.000000000,1.282199855	minimum	continued_angle_secant_max_iters_best	0.731813059	0.643214470	NaN	secant_max_iters_best	sign_change_pair	2.202058682	2.322058682	2.202058682	2.217058682	0.015000000	8	true	10	-0.975810843,0.974517860,-0.975658655,0.974683344,-0.975543169,0.974802726,-0.975454766,0.974890666,-0.975386835,0.974956258	short
0.124850	1.078156	2.202058682,0.000000000,1.282199855	minimum	continued_angle_secant_max_iters_best	0.731106153	0.635178649	NaN	secant_max_iters_best	sign_change_pair	2.202058682	2.082058682	2.202058682	2.217058682	0.015000000	8	true	10	-0.975837086,0.974566260,-0.975690134,0.974726000,-0.975577973,0.974842081,-0.975491661,0.974928112,-0.975425005,0.974992645	short
0.124850	1.080962	2.202058682,0.000000000,1.282199855	minimum	continued_angle_secant_max_iters_best	0.730428049	0.627520326	NaN	secant_max_iters_best	sign_change_pair	2.202058682	2.082058682	2.202058682	2.217058682	0.015000000	8	true	10	-0.975863132,0.974614704,-0.975721413,0.974768709,-0.975612615,0.974881443,-0.975528443,0.974965520,-0.975463112,0.975028941	short
0.124850	1.083768	2.202058682,0.000000000,1.282199855	minimum	continued_angle_secant_max_iters_best	0.729777555	0.620218096	NaN	secant_max_iters_best	sign_change_pair	2.202058682	2.082058682	2.202058682	2.217058682	0.015000000	8	true	10	-0.975888979,0.974663209,-0.975752499,0.974811478,-0.975647098,0.974920820,-0.975565108,0.975002896,-0.975501135,0.975065179	short
0.124850	1.086573	2.202058682,0.000000000,1.282199855	minimum	continued_angle_secant_max_iters_best	0.729153542	0.613252069	NaN	secant_max_iters_best	sign_change_pair	2.202058682	2.097058682	2.202058682	2.217058682	0.015000000	8	true	10	-0.975914621,0.974711782,-0.975783379,0.974854305,-0.975681408,0.974960227,-0.975601639,0.975040240,-0.975539074,0.975101344	short
0.124850	1.089379	2.202058682,0.000000000,1.282199855	minimum	continued_angle_secant_max_iters_best	0.728554941	0.606603739	NaN	secant_max_iters_best	sign_change_pair	2.202058682	2.097058682	2.202058682	2.217058682	0.015000000	8	true	10	-0.975940058,0.974760407,-0.975814042,0.974897211,-0.975715534,0.974999662,-0.975638045,0.975077586,-0.975576912,0.975137442	short
0.124850	1.092184	2.202058682,0.000000000,1.282199855	minimum	continued_angle_secant_max_iters_best	0.727980742	0.600255876	NaN	secant_max_iters_best	sign_change_pair	2.202058682	2.097058682	2.202058682	2.217058682	0.015000000	8	true	10	-0.975965285,0.974809103,-0.975844499,0.974940202,-0.975749477,0.975039146,-0.975674297,0.975114911,-0.975614658,0.975173483	short
0.124850	1.094990	2.202058682,0.000000000,1.282199855	minimum	continued_angle_secant_max_iters_best	0.727429982	0.594192424	NaN	secant_max_iters_best	sign_change_pair	2.202058682	2.097058682	2.202058682	2.217058682	0.015000000	8	true	10	-0.975990295,0.974857861,-0.975874719,0.974983275,-0.975783212,0.975078678,-0.975710383,0.975152243,-0.975652287,0.975209479	short
0.124850	1.097796	2.202058682,0.000000000,1.282199855	minimum	continued_angle_secant_max_iters_best	0.726901752	0.588398409	NaN	secant_max_iters_best	sign_change_pair	2.202058682	2.112058682	2.202058682	2.217058682	0.015000000	8	true	10	-0.976015094,0.974906699,-0.975904707,0.975026448,-0.975816748,0.975118271,-0.975746317,0.975189581,-0.975689796,0.975245432	short
0.124850	1.100601	2.202058682,0.000000000,1.282199855	minimum	continued_angle_secant_max_iters_best	0.726395186	0.582859854	NaN	secant_max_iters_best	sign_change_pair	2.217058682	2.112058682	2.202058682	2.217058682	0.015000000	8	true	10	-0.976039666,0.974955612,-0.975934450,0.975069723,-0.975850055,0.975157939,-0.975782061,0.975226943,-0.975727169,0.975281350	short
0.124850	1.103407	2.217058682,0.000000000,1.282199855	minimum	continued_angle_secant_max_iters_best	0.734698066	0.595113552	NaN	secant_max_iters_best	sign_change_pair	2.217058682	2.112058682	2.217058682	2.232058682	0.015000000	8	true	10	-0.976185130,0.974867482,-0.976060986,0.975007962,-0.975961494,0.975115712,-0.975881153,0.975199729,-0.975816006,0.975265951	short
0.124850	1.106212	2.217058682,0.000000000,1.282199855	minimum	continued_angle_secant_max_iters_best	0.734148391	0.588931565	NaN	secant_max_iters_best	sign_change_pair	2.217058682	2.112058682	2.217058682	2.232058682	0.015000000	8	true	10	-0.976210684,0.974915067,-0.976092063,0.975049355,-0.975996343,0.975153245,-0.975918539,0.975234858,-0.975855085,0.975299648	short
0.124850	1.109018	2.217058682,0.000000000,1.282199855	minimum	continued_angle_secant_max_iters_best	0.733621728	0.583027715	NaN	secant_max_iters_best	sign_change_pair	2.217058682	2.112058682	2.217058682	2.232058682	0.015000000	8	true	10	-0.976236014,0.974962720,-0.976122910,0.975090829,-0.976030996,0.975190800,-0.975955804,0.975269950,-0.975894082,0.975333216	short
0.124850	1.111824	2.217058682,0.000000000,1.282199855	minimum	continued_angle_secant_max_iters_best	0.733117177	0.577387347	NaN	secant_max_iters_best	sign_change_pair	2.217058682	2.127058682	2.217058682	2.232058682	0.015000000	8	true	10	-0.976261114,0.975010467,-0.976153517,0.975132406,-0.976065446,0.975228414,-0.975992925,0.975305013,-0.975932999,0.975366689	short
0.124850	1.114629	2.217058682,0.000000000,1.282199855	minimum	continued_angle_secant_max_iters_best	0.732633883	0.571996785	NaN	secant_max_iters_best	sign_change_pair	2.217058682	2.127058682	2.217058682	2.232058682	0.015000000	8	true	10	-0.976285998,0.975058302,-0.976183875,0.975174079,-0.976099685,0.975266066,-0.976029883,0.975340043,-0.975971827,0.975400049	short
0.124850	1.117435	2.217058682,0.000000000,1.282199855	minimum	continued_angle_secant_max_iters_best	0.732171032	0.566843259	NaN	secant_max_iters_best	sign_change_pair	2.217058682	2.127058682	2.217058682	2.232058682	0.015000000	8	true	10	-0.976310646,0.975106226,-0.976213966,0.975215882,-0.976133692,0.975303788,-0.976066674,0.975375061,-0.976010552,0.975433310	short
0.124850	1.120240	2.217058682,0.000000000,1.282199855	minimum	continued_angle_secant_max_iters_best	0.731727852	0.561914833	NaN	secant_max_iters_best	sign_change_pair	2.217058682	2.127058682	2.217058682	2.232058682	0.015000000	8	true	10	-0.976335054,0.975154244,-0.976243800,0.975257801,-0.976167461,0.975341580,-0.976103278,0.975410075,-0.976049168,0.975466482	short
0.124850	1.123046	2.217058682,0.000000000,1.282199855	minimum	continued_angle_secant_max_iters_best	0.731303605	0.557200347	NaN	secant_max_iters_best	sign_change_pair	2.217058682	2.142058682	2.217058682	2.232058682	0.015000000	8	true	10	-0.976359220,0.975202363,-0.976273353,0.975299864,-0.976200967,0.975379472,-0.976139689,0.975445101,-0.976087654,0.975499579	short
0.124850	1.125852	2.217058682,0.000000000,1.282199855	minimum	continued_angle_secant_max_iters_best	0.730897589	0.552689358	NaN	secant_max_iters_best	sign_change_pair	2.217058682	2.142058682	2.217058682	2.232058682	0.015000000	8	true	10	-0.976383138,0.975250598,-0.976302616,0.975342069,-0.976234216,0.975417462,-0.976175876,0.975480152,-0.976126002,0.975532612	short
0.124850	1.128657	2.217058682,0.000000000,1.282199855	minimum	continued_angle_secant_max_iters_best	0.730509132	0.548372090	NaN	secant_max_iters_best	sign_change_pair	2.232058682	2.142058682	2.217058682	2.232058682	0.015000000	8	true	10	-0.976406815,0.975298934,-0.976331575,0.975384434,-0.976267186,0.975455577,-0.976211852,0.975515248,-0.976164197,0.975565594	short
0.124850	1.131463	2.232058682,0.000000000,1.282199855	minimum	continued_angle_secant_max_iters_best	0.738385761	0.556148598	NaN	secant_max_iters_best	sign_change_pair	2.232058682	2.142058682	2.232058682	2.247058682	0.015000000	8	true	10	-0.976556585,0.975197813,-0.976468520,0.975302892,-0.976393165,0.975389825,-0.976328291,0.975462551,-0.976272210,0.975523893	short
0.124850	1.134269	2.232058682,0.000000000,1.282199855	minimum	continued_angle_secant_max_iters_best	0.737965197	0.551362086	NaN	secant_max_iters_best	sign_change_pair	2.232058682	2.157058682	2.232058682	2.247058682	0.015000000	8	true	10	-0.976581243,0.975244641,-0.976499061,0.975342845,-0.976428162,0.975424908,-0.976366655,0.975494181,-0.976313096,0.975553117	short
0.124850	1.137074	2.232058682,0.000000000,1.282199855	minimum	continued_angle_secant_max_iters_best	0.737563165	0.546784398	NaN	secant_max_iters_best	sign_change_pair	2.232058682	2.157058682	2.232058682	2.247058682	0.015000000	8	true	10	-0.976605658,0.975291590,-0.976529317,0.975382924,-0.976462920,0.975460035,-0.976404875,0.975525742,-0.976353946,0.975582104	short
0.124850	1.139880	2.232058682,0.000000000,1.282199855	minimum	continued_angle_secant_max_iters_best	0.737178972	0.542405348	NaN	secant_max_iters_best	sign_change_pair	2.232058682	2.157058682	2.232058682	2.247058682	0.015000000	8	true	10	-0.976629812,0.975338655,-0.976559285,0.975423152,-0.976497425,0.975495235,-0.976442924,0.975557226,-0.976394739,0.975610893	short
0.124850	1.142685	2.232058682,0.000000000,1.282199855	minimum	continued_angle_secant_max_iters_best	0.736811957	0.538215407	NaN	secant_max_iters_best	sign_change_pair	2.232058682	2.157058682	2.232058682	2.247058682	0.015000000	8	true	10	-0.976653712,0.975385843,-0.976588950,0.975463531,-0.976531657,0.975530510,-0.976480790,0.975588670,-0.976435454,0.975639460	short
0.124850	1.145491	2.232058682,0.000000000,1.282199855	minimum	continued_angle_secant_max_iters_best	0.736461489	0.534205647	NaN	secant_max_iters_best	sign_change_pair	2.232058682	2.157058682	2.232058682	2.247058682	0.015000000	8	true	10	-0.976677340,0.975433164,-0.976618299,0.975504092,-0.976565625,0.975565886,-0.976518447,0.975620074,-0.976476102,0.975667835	short
0.124850	1.148297	2.232058682,0.000000000,1.282199855	minimum	continued_angle_secant_max_iters_best	0.736126965	0.530367707	NaN	secant_max_iters_best	sign_change_pair	2.232058682	2.172058682	2.232058682	2.247058682	0.015000000	8	true	10	-0.976700707,0.975480620,-0.976647324,0.975544833,-0.976599276,0.975601383,-0.976555904,0.975651454,-0.976516639,0.975696020	short
0.124850	1.151102	2.232058682,0.000000000,1.282199855	minimum	continued_angle_secant_max_iters_best	0.735807808	0.526693749	NaN	secant_max_iters_best	sign_change_pair	2.232058682	2.172058682	2.232058682	2.247058682	0.015000000	8	true	10	-0.976723804,0.975528222,-0.976676010,0.975585772,-0.976632616,0.975637011,-0.976593115,0.975682855,-0.976557060,0.975724035	short
0.124850	1.153908	2.232058682,0.000000000,1.282199855	minimum	continued_angle_secant_max_iters_best	0.735503464	0.523176423	NaN	secant_max_iters_best	sign_change_pair	2.232058682	2.172058682	2.232058682	2.247058682	0.015000000	8	true	10	-0.976746616,0.975575972,-0.976704334,0.975626941,-0.976665620,0.975672820,-0.976630061,0.975714286,-0.976597345,0.975751902	short
0.124850	1.156713	2.232058682,0.000000000,1.282199855	minimum	continued_angle_secant_max_iters_best	0.735213404	0.519808838	NaN	secant_max_iters_best	sign_change_pair	2.247058682	2.172058682	2.232058682	2.247058682	0.015000000	8	true	10	-0.976769142,0.975623880,-0.976732301,0.975668342,-0.976698261,0.975708815,-0.976666728,0.975745776,-0.976637464,0.975779642	short
0.124850	1.159519	2.247058682,0.000000000,1.282199855	minimum	continued_angle_secant_max_iters_best	0.742739687	0.524231733	NaN	secant_max_iters_best	sign_change_pair	2.247058682	2.187058682	2.247058682	2.262058682	0.015000000	8	true	10	-0.976923566,0.975506321,-0.976882467,0.975558862,-0.976844497,0.975606558,-0.976809291,0.975650058,-0.976776585,0.975689887	short
0.124850	1.162325	2.247058682,0.000000000,1.282199855	minimum	continued_angle_secant_max_iters_best	0.742425828	0.520515280	NaN	secant_max_iters_best	sign_change_pair	2.247058682	2.187058682	2.247058682	2.262058682	0.015000000	8	true	10	-0.976947109,0.975552471,-0.976912338,0.975597030,-0.976879906,0.975637960,-0.976849584,0.975675708,-0.976821159,0.975710632	short
0.124850	1.165130	2.247058682,0.000000000,1.282199855	minimum	continued_angle_secant_max_iters_best	0.742126963	0.516958704	NaN	secant_max_iters_best	sign_change_pair	2.247058682	2.187058682	2.247058682	2.262058682	0.015000000	8	true	10	-0.976970365,0.975598786,-0.976941870,0.975635395,-0.976915040,0.975669428,-0.976889718,0.975701166,-0.976865779,0.975730846	short
0.124850	1.167936	2.247058682,0.000000000,1.282199855	minimum	continued_angle_secant_max_iters_best	0.741842547	0.513554867	NaN	secant_max_iters_best	sign_change_pair	2.247058682	2.187058682	2.247058682	2.262058682	0.015000000	8	true	10	-0.976993334,0.975645272,-0.976971051,0.975673965,-0.976949862,0.975700968,-0.976929682,0.975726446,-0.976910434,0.975750538	short
0.124850	1.170741	2.247058682,0.000000000,1.282199855	minimum	continued_angle_secant_max_iters_best	0.741572059	0.510297079	NaN	secant_max_iters_best	sign_change_pair	2.247058682	2.202058682	2.247058682	2.262058682	0.015000000	8	true	10	-0.977016018,0.975691926,-0.976999860,0.975712769,-0.976984349,0.975732630,-0.976969451,0.975751592,-0.976955105,0.975769713	short
0.124850	1.173547	2.247058682,0.000000000,1.282199855	minimum	continued_angle_secant_max_iters_best	0.741314998	0.507179064	NaN	secant_max_iters_best	sign_change_pair	2.247058682	2.202058682	2.247058682	2.262058682	0.015000000	8	true	10	-0.977038389,0.975738759,-0.977028292,0.975751825,-0.977018497,0.975764430,-0.977008986,0.975776609,-0.976999768,0.975788382	short
0.124850	1.176353	2.247058682,0.000000000,1.282199855	minimum	continued_angle_secant_max_iters_best	0.741070885	0.504194941	NaN	secant_max_iters_best	sign_change_pair	2.247058682	2.202058682	2.247058682	2.262058682	0.015000000	8	true	10	-0.977060462,0.975785788,-0.977056322,0.975791158,-0.977052264,0.975796401,-0.977048287,0.975801536,-0.977044394,0.975806555	short
0.124850	1.179158	2.247058682,0.000000000,1.282199855	minimum	continued_angle_secant_max_iters_best	0.740839256	0.501339194	NaN	secant_max_iters_best	sign_change_pair	2.247058682	2.202058682	2.247058682	2.262058682	0.015000000	8	true	10	-0.977082218,0.975833011,-0.977083927,0.975830792,-0.977085626,0.975828587,-0.977087304,0.975826404,-0.977088962,0.975824249	short
0.124850	1.181964	2.247058682,0.000000000,1.282199855	minimum	continued_angle_secant_max_iters_best	0.740619667	0.498606650	NaN	secant_max_iters_best	sign_change_pair	2.262058682	2.217058682	2.247058682	2.262058682	0.015000000	8	true	10	-0.977103651,0.975880454,-0.977111108,0.975870747,-0.977118563,0.975861021,-0.977126004,0.975851258,-0.977133429,0.975841494	short
0.124850	1.184770	2.262058682,0.000000000,1.282199855	minimum	continued_angle_secant_max_iters_best	0.747885283	0.500866946	NaN	secant_max_iters_best	sign_change_pair	2.262058682	2.217058682	2.262058682	2.277058682	0.015000000	8	true	12	-0.977261832,0.975743976,-0.977275586,0.975724809,-0.977289309,0.975705545,0.976569887,-0.977303011,0.975686201,0.974002855,-0.977316642,0.975666815	short
0.124850	1.187575	2.262058682,0.000000000,1.282199855	minimum	continued_angle_secant_max_iters_best	0.747647297	0.497856974	NaN	secant_max_iters_best	sign_change_pair	2.262058682	2.217058682	2.262058682	2.277058682	0.015000000	8	true	12	-0.977284320,0.975789337,-0.977305080,0.975760309,-0.977326023,0.975730709,0.975644393,-0.977347119,0.975700583,0.972195676,-0.977368326,0.975669980	short
0.124850	1.190381	2.262058682,0.000000000,1.282199855	minimum	continued_angle_secant_max_iters_best	0.747421904	0.494977488	NaN	secant_max_iters_best	sign_change_pair	2.262058682	2.217058682	2.262058682	2.277058682	0.015000000	8	true	11	-0.977306491,0.975834911,-0.977334180,0.975796052,-0.977362420,0.975755867,0.974895215,-0.977391149,0.975714382,0.970586501,-0.977420283	short
0.124850	1.193186	2.262058682,0.000000000,1.282199855	minimum	continued_angle_secant_max_iters_best	0.747208649	0.492223156	NaN	secant_max_iters_best	sign_change_pair	2.262058682	2.217058682	2.262058682	2.277058682	0.015000000	8	true	11	-0.977328339,0.975880705,-0.977362866,0.975832085,-0.977398466,0.975781054,0.974266407,-0.977435057,0.975727612,0.969094412,-0.977472524	short
0.124850	1.195992	2.262058682,0.000000000,1.282199855	minimum	continued_angle_secant_max_iters_best	0.747007095	0.489588980	NaN	secant_max_iters_best	sign_change_pair	2.262058682	2.232058682	2.262058682	2.277058682	0.015000000	8	true	11	-0.977349857,0.975926729,-0.977391120,0.975868423,-0.977434140,0.975806308,0.973730182,-0.977478815,0.975740307,0.967679130,-0.977525013	short
0.124850	1.198798	2.262058682,0.000000000,1.282199855	minimum	continued_angle_secant_max_iters_best	0.746816820	0.487070283	NaN	secant_max_iters_best	sign_change_pair	2.262058682	2.232058682	2.262058682	2.277058682	0.015000000	8	true	11	-0.977371029,0.975973002,-0.977418921,0.975905116,-0.977469405,0.975831690,0.973271903,-0.977522390,0.975752481,0.966318286,-0.977577729	short
0.124850	1.201603	2.262058682,0.000000000,1.282199855	minimum	continued_angle_secant_max_iters_best	0.746637417	0.484662683	NaN	secant_max_iters_best	sign_change_pair	2.262058682	2.232058682	2.262058682	2.277058682	0.015000000	8	true	11	-0.977391862,0.976019528,-0.977446240,0.975942172,-0.977504235,0.975857239,0.972883161,-0.977565754,0.975764174,0.964998318,-0.977630649	short
0.124850	1.204409	2.262058682,0.000000000,1.282199855	minimum	continued_angle_secant_max_iters_best	0.746468494	0.482362085	NaN	secant_max_iters_best	sign_change_pair	2.277058682	2.232058682	2.262058682	2.277058682	0.015000000	8	true	11	-0.977412342,0.976066322,-0.977473074,0.975979657,-0.977538580,0.975883015,0.972560113,-0.977608853,0.975775426,0.963710791,-0.977683735	short
0.124850	1.207214	2.277058682,0.000000000,1.282199855	minimum	continued_angle_secant_max_iters_best	0.753532504	0.483203793	NaN	secant_max_iters_best	sign_change_pair	2.277058682	2.247058682	2.277058682	2.292058682	0.015000000	8	true	13	-0.977573263,0.975907816,0.972187813,-0.977652556,0.975784879,0.962344300,-0.977737918,0.975646120,0.952212427,-0.977828954,0.975490059,0.941061502,-0.977924891	short
0.124850	1.210020	2.277058682,0.000000000,1.282199855	minimum	continued_angle_secant_max_iters_best	0.753348761	0.480669176	NaN	secant_max_iters_best	sign_change_pair	2.277058682	2.247058682	2.277058682	2.292058682	0.015000000	8	true	13	-0.977594830,0.975952098,0.973595466,-0.977682188,0.975815943,0.962633174,-0.977777354,0.975659523,0.951294540,-0.977879961,0.975480290,0.938548663,-0.977989139	short
0.124850	1.212826	2.277058682,0.000000000,1.282199855	minimum	continued_angle_secant_max_iters_best	0.753175955	0.478247116	NaN	secant_max_iters_best	sign_change_pair	2.277058682	2.247058682	2.277058682	2.292058682	0.015000000	8	true	13	-0.977616055,0.975996652,0.975082033,-0.977711387,0.975847291,0.962954382,-0.977816487,0.975672580,0.950376380,-0.977931071,0.975468481,0.935917850,-0.978054187	short
0.124850	1.215631	2.277058682,0.000000000,1.282199855	minimum	continued_angle_secant_max_iters_best	0.753013684	0.475933403	NaN	secant_max_iters_best	sign_change_pair	2.277058682	2.247058682	2.277058682	2.292058682	0.015000000	8	true	13	-0.977636917,0.976041487,0.976677696,-0.977740117,0.975878965,0.963310435,-0.977855278,0.975685346,0.949459530,-0.977982277,0.975454560,0.933159636,-0.978120055	short
0.124850	1.218437	2.277058682,0.000000000,1.282199855	minimum	continued_angle_secant_max_iters_best	0.752861563	0.473724101	NaN	secant_max_iters_best	sign_change_pair	2.277058682	2.262058682	2.277058682	2.292058682	0.015000000	8	true	13	-0.977657418,0.976086619,0.978441560,-0.977768356,0.975911004,0.963704094,-0.977893687,0.975697854,0.948546638,-0.978033524,0.975438411,0.930264599,-0.978186752	short
0.124850	1.221242	2.277058682,0.000000000,1.282199855	minimum	continued_angle_secant_max_iters_best	0.752719217	0.471615539	NaN	secant_max_iters_best	sign_change_pair	2.277058682	2.262058682	2.277058682	2.292058682	0.015000000	8	true	13	-0.977677540,0.976132069,0.980526538,-0.977796086,0.975943471,0.964138185,-0.977931695,0.975710167,0.947640979,-0.978084773,0.975419947,0.927223267,-0.978254253	short
0.124850	1.224048	2.277058682,0.000000000,1.282199855	minimum	continued_angle_secant_max_iters_best	0.752586283	0.469604295	NaN	secant_max_iters_best	sign_change_pair	2.277058682	2.262058682	2.277058682	2.292058682	0.015000000	8	true	13	-0.977697279,0.976177849,0.984207403,-0.977823273,0.975976408,0.964616531,-0.977969237,0.975722357,0.946746362,-0.978135994,0.975399078,0.924026311,-0.978322549	short
0.124850	1.226854	2.277058682,0.000000000,1.282199855	minimum	continued_angle_secant_max_iters_best	0.752462411	0.467687188	NaN	secant_max_iters_best	sign_change_pair	2.292058682	2.262058682	2.277058682	2.292058682	0.015000000	8	true	12	-0.977716623,0.976223976,-0.977849889,0.976009877,0.965142495,-0.978006278,0.975734499,0.945867828,-0.978187142,0.975375714,0.920664312,-0.978391627	short
0.124850	1.229659	2.292058682,0.000000000,1.282199855	minimum	continued_angle_secant_max_iters_best	0.759343964	0.467312790	NaN	secant_max_iters_best	sign_change_pair	2.292058682	2.277058682	2.292058682	2.307058682	0.015000000	8	true	13	-0.977880647,0.976035943,0.965144349,-0.978048347,0.975736126,0.944279426,-0.978244621,0.975335475,0.916107278,-0.978468741,0.974785404,0.876045962,-0.978713113	short
0.124850	1.232465	2.292058682,0.000000000,1.282199855	minimum	continued_angle_secant_max_iters_best	0.759208361	0.465195620	NaN	secant_max_iters_best	sign_change_pair	2.292058682	2.277058682	2.292058682	2.307058682	0.015000000	8	true	13	-0.977901137,0.976078927,0.966372416,-0.978078428,0.975759415,0.944207603,-0.978288714,0.975321612,0.913445175,-0.978531754,0.974698493,0.867975391,-0.978798552	short
0.124850	1.235271	2.292058682,0.000000000,1.282199855	minimum	continued_angle_secant_max_iters_best	0.759082200	0.463176754	NaN	secant_max_iters_best	sign_change_pair	2.292058682	2.277058682	2.292058682	2.307058682	0.015000000	8	true	13	-0.977921242,0.976122262,0.967633432,-0.978108026,0.975782955,0.944165449,-0.978332558,0.975305853,0.910658960,-0.978595320,0.974599443,0.859028189,-0.978885574	short
0.124850	1.238076	2.292058682,0.000000000,1.282199855	minimum	continued_angle_secant_max_iters_best	0.758965125	0.461252927	NaN	secant_max_iters_best	sign_change_pair	2.292058682	2.277058682	2.292058682	2.307058682	0.015000000	8	true	13	-0.977940951,0.976165962,0.968930348,-0.978137089,0.975806813,0.944156906,-0.978376120,0.975288149,0.907742863,-0.978659439,0.974485889,0.849045102,-0.978974134	short
0.124850	1.240882	2.292058682,0.000000000,1.282199855	minimum	continued_angle_secant_max_iters_best	0.758856789	0.459421113	NaN	secant_max_iters_best	sign_change_pair	2.292058682	2.277058682	2.292058682	2.307058682	0.015000000	8	true	13	-0.977960248,0.976210052,0.970266949,-0.978165603,0.975831057,0.944186584,-0.978419358,0.975268430,0.904691817,-0.978724081,0.974354584,0.837817876,-0.979064038	short
0.124850	1.243687	2.292058682,0.000000000,1.282199855	minimum	continued_angle_secant_max_iters_best	0.758756856	0.457678508	NaN	secant_max_iters_best	sign_change_pair	2.292058682	2.292058682	2.292058682	2.307058682	0.015000000	8	true	13	-0.977979131,0.976254562,0.971648816,-0.978193540,0.975855764,0.944259458,-0.978462222,0.975246652,0.901500727,-0.978789222,0.974200980,0.825063946,-0.979155025	short
0.124850	1.246493	2.292058682,0.000000000,1.282199855	minimum	continued_angle_secant_max_iters_best	0.758664998	0.456022525	NaN	secant_max_iters_best	sign_change_pair	2.292058682	2.292058682	2.292058682	2.307058682	0.015000000	8	true	13	-0.977997590,0.976299504,0.973082034,-0.978220841,0.975881026,0.944381053,-0.978504651,0.975222773,0.898165691,-0.978854827,0.974018265,0.810380866,-0.979246514	short
0.124850	1.249299	2.292058682,0.000000000,1.282199855	minimum	continued_angle_secant_max_iters_best	0.758580896	0.454450787	NaN	secant_max_iters_best	sign_change_pair	2.306005422	2.291005422	2.291005422	2.306005422	0.015000000	8	true	13	-0.978015601,0.976344916,0.974576040,-0.978247501,0.975906935,0.944557324,-0.978546589,0.975196756,0.894683398,-0.978920863,0.973795537,0.793155238,-0.979337430	short
0.124850	1.252104	2.306005422,0.000000000,1.282199855	minimum	continued_angle_secant_max_iters_best	0.764820130	0.452968932	NaN	secant_max_iters_best	sign_change_pair	2.306005422	2.306005422	2.306005422	2.321005422	0.015000000	8	true	13	-0.978173010,0.976134931,0.958286118,-0.978457251,0.975516523,0.915997042,-0.978823582,0.974360837,0.831972125,-0.979266113,-0.972878276,-0.731570984,0.979465502	short
0.124850	1.254910	2.306005422,0.000000000,1.282199855	minimum	continued_angle_secant_max_iters_best	0.764728821	0.451247996	NaN	secant_max_iters_best	sign_change_pair	2.306005422	2.306005422	2.306005422	2.321005422	0.015000000	8	true	13	-0.978192096,0.976176602,0.959483431,-0.978487904,0.975524661,0.915007298,-0.978875017,0.974237025,0.821465681,-0.979347683,-0.973587783,-0.775933091,0.979464662	short
0.124850	1.257715	2.306005422,0.000000000,1.282199855	minimum	continued_angle_secant_max_iters_best	0.764645499	0.449613580	NaN	secant_max_iters_best	sign_change_pair	2.303170263	2.303170263	2.303170263	2.318170263	0.015000000	8	true	13	-0.978210742,0.976218738,0.960714575,-0.978517981,0.975532728,0.914025127,-0.978926369,0.974091854,0.809542788,-0.979429978,-0.974130756,-0.812317921,0.979421738	short
0.124850	1.260521	2.303170263,0.000000000,1.282199855	minimum	continued_angle_secant_max_iters_best	0.763299410	0.448154443	NaN	secant_max_iters_best	sign_change_pair	2.302326497	2.302326497	2.302326497	2.317326497	0.015000000	8	true	13	-0.978200126,0.976317148,0.965687881,-0.978507975,0.975642894,0.920227947,-0.978925003,0.974204404,0.816083159,-0.979455330,-0.974308350,-0.823563835,0.979430914	short
0.124850	1.263327	2.302326497,0.000000000,1.282199855	minimum	continued_angle_secant_max_iters_best	0.762858214	0.446801185	NaN	secant_max_iters_best	sign_change_pair	2.316369857	2.301369857	2.301369857	2.316369857	0.015000000	8	true	13	-0.978208671,0.976378244,0.968186425,-0.978523369,0.975687880,0.921843637,-0.978956892,0.974144078,0.810271268,-0.979518256,-0.974658275,-0.847494955,0.979385252	short
0.124850	1.266132	2.316369857,0.000000000,1.282199855	minimum	continued_angle_secant_max_iters_best	0.769052071	0.444836413	NaN	secant_max_iters_best	sign_change_pair	2.314968465	2.314968465	2.314968465	2.329968465	0.015000000	8	true	13	-0.978368750,0.976131783,0.950422160,-0.978751848,0.975106939,0.878780400,-0.979280116,-0.973102853,-0.738781077,0.979693532,0.975398754,0.899887809,-0.979155466	short
0.124850	1.268938	2.314968465,0.000000000,1.282199855	minimum	continued_angle_secant_max_iters_best	0.768361587	0.443348504	NaN	secant_max_iters_best	sign_change_pair	2.310386987	2.310386987	2.310386987	2.325386987	0.015000000	8	true	13	-0.978373039,0.976202022,0.953562921,-0.978763839,0.975156951,0.880894892,-0.979313211,-0.973465088,-0.760684044,0.979717437,0.975532082,0.907878554,-0.979146865	short
0.124850	1.271743	2.310386987,0.000000000,1.282199855	minimum	continued_angle_secant_max_iters_best	0.766276300	0.442247605	NaN	secant_max_iters_best	sign_change_pair	2.309546434	2.309546434	2.309546434	2.324546434	0.015000000	8	true	13	-0.978343375,0.976343376,0.961303412,-0.978725908,0.975371593,0.894911332,-0.979275832,-0.973072723,-0.734275966,0.979788098,0.975814234,0.926107817,-0.979055878	short
0.124850	1.274549	2.309546434,0.000000000,1.282199855	minimum	continued_angle_secant_max_iters_best	0.765858419	0.441090159	NaN	secant_max_iters_best	sign_change_pair	2.323498133	2.308498133	2.308498133	2.323498133	0.015000000	8	true	13	-0.978350901,0.976405761,0.963878676,-0.978740624,0.975412770,0.896370804,-0.979311263,-0.973496308,-0.759999254,0.979809723,0.975934003,0.932824808,-0.979044397	short
0.124850	1.277355	2.323498133,0.000000000,1.282199855	minimum	continued_angle_secant_max_iters_best	0.771946344	0.438702030	NaN	secant_max_iters_best	sign_change_pair	2.317912620	2.317912620	2.317912620	2.332912620	0.015000000	8	true	12	-0.978512198,0.976126611,0.944275867,-0.978985367,0.974514931,0.829538590,-0.979680175,-0.975557810,-0.905237708,0.979298038,0.973373733,0.750657150	short
0.124850	1.280160	2.317912620,0.000000000,1.282199855	minimum	continued_angle_secant_max_iters_best	0.769451221	0.437818757	NaN	secant_max_iters_best	sign_change_pair	2.317124274	2.317124274	2.317124274	2.332124274	0.015000000	8	true	12	-0.978471879,0.976300465,0.954215430,-0.978930328,0.974882253,0.854832542,-0.979622439,-0.975393589,-0.892027569,0.979427098,0.974458478,0.823988363	short
0.124850	1.282966	2.317124274,0.000000000,1.282199855	minimum	continued_angle_secant_max_iters_best	0.769069303	0.436746033	NaN	secant_max_iters_best	sign_change_pair	2.331257717	2.316257717	2.316257717	2.331257717	0.015000000	8	true	12	-0.978479568,0.976361988,0.956777493,-0.978946651,0.974904617,0.854991684,-0.979666506,-0.975612548,-0.906192575,0.979380355,0.974187658,0.803168253	short
0.124850	1.285772	2.331257717,0.000000000,1.282199855	minimum	continued_angle_secant_max_iters_best	0.775183898	0.434165046	NaN	secant_max_iters_best	sign_change_pair	2.331179479	2.331179479	2.331179479	2.346179479	0.015000000	8	true	12	-0.978643036,0.976039308,0.934235074,-0.979208106,0.972736069,0.707920268,0.980019527,0.976736959,0.979971092,-0.978727762,0.975798404,0.917781301	short
0.124850	1.288577	2.331179479,0.000000000,1.282199855	minimum	continued_angle_secant_max_iters_best	0.775108520	0.432885321	NaN	secant_max_iters_best	sign_change_pair	2.325809933	2.325809933	2.325809933	2.340809933	0.015000000	8	true	12	-0.978659424,0.976077069,0.935375420,-0.979242042,-0.971729672,-0.654832879,-0.979967486,-0.976654375,-0.972676197,0.978852241,-0.975474244,-0.893449139	short
0.124850	1.291383	2.325809933,0.000000000,1.282199855	minimum	continued_angle_secant_max_iters_best	0.772753859	0.432334611	NaN	secant_max_iters_best	sign_change_pair	2.325035018	2.325035018	2.325035018	2.340035018	0.015000000	8	true	11	-0.978619442,0.976263715,0.946320511,-0.979183979,0.973515176,0.753204465,-0.980092424,-0.977028516,0.978601058,-0.976310338,-0.949343247	short
0.124850	1.294188	2.325035018,0.000000000,1.282199855	minimum	continued_angle_secant_max_iters_best	0.772396342	0.431429470	NaN	secant_max_iters_best	sign_change_pair	2.339174682	2.324174682	2.324174682	2.339174682	0.015000000	8	true	11	-0.978626252,0.976326430,0.949037732,-0.979200561,0.973417147,0.745567192,-0.980146723,-0.977213513,0.978489174,-0.976651893,-0.969674108	short
0.124850	1.296994	2.339174682,0.000000000,1.282199855	minimum	continued_angle_secant_max_iters_best	0.778450643	0.428483457	NaN	secant_max_iters_best	sign_change_pair	2.339097419	2.339097419	2.339097419	2.354097419	0.015000000	8	true	12	-0.978791746,0.975938803,0.921880292,-0.979486772,-0.975080437,-0.860589373,0.979864154,0.976528373,0.960558285,-0.979120983,0.974400264,0.811236638	short
0.124850	1.299800	2.339097419,0.000000000,1.282199855	minimum	continued_angle_secant_max_iters_best	0.778391292	0.427352608	NaN	secant_max_iters_best	sign_change_pair	2.333926036	2.333926036	2.333926036	2.348926036	0.015000000	8	true	12	-0.978807320,0.975973289,0.922877872,-0.979523040,-0.975318134,-0.876475604,0.979828138,0.976475404,0.955907978,-0.979215585,0.973475737,0.746755448	short
0.124850	1.302605	2.333926036,0.000000000,1.282199855	minimum	continued_angle_secant_max_iters_best	0.776164293	0.427100387	NaN	secant_max_iters_best	sign_change_pair	2.333164899	2.333164899	2.333164899	2.348164899	0.015000000	8	true	11	-0.978767533,0.976179492,0.935438720,-0.979461142,-0.975032504,-0.854256504,0.979982902,0.976969320,-0.978896315,0.975752003,0.906150730	short
0.124850	1.305411	2.333164899,0.000000000,1.282199855	minimum	continued_angle_secant_max_iters_best	0.775829695	0.426354006	NaN	secant_max_iters_best	sign_change_pair	2.347309512	2.332309512	2.332309512	2.347309512	0.015000000	8	true	11	-0.978773425,0.976243718,0.938371800,-0.979478418,-0.975182312,-0.863784176,0.979982637,0.977023994,-0.978909511,0.975789533,0.907420847	short
0.124850	1.308216	2.347309512,0.000000000,1.282199855	minimum	continued_angle_secant_max_iters_best	0.781825341	0.423066308	NaN	secant_max_iters_best	sign_change_pair	2.347230003	2.347230003	2.347230003	2.362230003	0.015000000	8	true	11	-0.978940963,0.975755131,0.903640760,-0.979796992,-0.976544333,-0.956394300,0.979340243,0.974127521,0.786528759,-0.980303580,-0.977840028	short
0.124850	1.311022	2.347230003,0.000000000,1.282199855	minimum	continued_angle_secant_max_iters_best	0.781779283	0.422077038	NaN	secant_max_iters_best	sign_change_pair	2.342247606	2.342247606	2.342247606	2.357247606	0.015000000	8	true	11	-0.978955648,0.975783765,0.904308011,-0.979836794,-0.976723308,-0.966230436,0.979269571,-0.972589366,-0.689202743,-0.980424388,-0.978146409	short
0.124850	1.313828	2.342247606,0.000000000,1.282199855	minimum	continued_angle_secant_max_iters_best	0.779671461	0.422095480	NaN	secant_max_iters_best	sign_change_pair	2.341500315	2.341500315	2.341500315	2.356500315	0.015000000	8	true	11	-0.978915969,0.976022772,0.919599901,-0.979769628,-0.976567598,-0.955350089,0.979438449,0.975080679,0.852213806,-0.980170652,-0.977654520	short
0.124850	1.316633	2.341500315,0.000000000,1.282199855	minimum	continued_angle_secant_max_iters_best	0.779358292	0.421501136	NaN	secant_max_iters_best	sign_change_pair	2.355645874	2.340645874	2.340645874	2.355645874	0.015000000	8	true	11	-0.978920927,0.976089077,0.922827553,-0.979788236,-0.976683990,-0.961339951,0.979413779,0.974948409,0.841197559,-0.980262451,-0.977916152	short
0.124850	1.319439	2.355645874,0.000000000,1.282199855	minimum	continued_angle_secant_max_iters_best	0.785295608	0.417890681	NaN	secant_max_iters_best	sign_change_pair	2.349913228	2.349913228	2.349913228	2.364913228	0.015000000	8	true	10	-0.979090483,0.975414986,0.873844129,-0.980153891,-0.977727071,0.978504630,-0.977293198,0.978967639,-0.975995065,-0.915088263	short
0.124850	1.322244	2.349913228,0.000000000,1.282199855	minimum	continued_angle_secant_max_iters_best	0.782901808	0.418193851	NaN	secant_max_iters_best	sign_change_pair	2.349200104	2.349200104	2.349200104	2.364200104	0.015000000	8	true	11	-0.979042014,0.975758173,0.897177578,-0.980061354,-0.977561071,0.978757033,-0.976768107,-0.964070944,0.979467410,0.975418597,0.872762707	short
0.124850	1.325050	2.349200104,0.000000000,1.282199855	minimum	continued_angle_secant_max_iters_best	0.782613059	0.417675303	NaN	secant_max_iters_best	sign_change_pair	2.363423778	2.348423778	2.348423778	2.363423778	0.015000000	8	true	11	-0.979046819,0.975824035,0.900535420,-0.980083692,-0.977672324,0.978695938,-0.977005340,-0.977290215,0.979341253,0.974298350,0.790537431	short
0.124850	1.327856	2.363423778,0.000000000,1.282199855	minimum	continued_angle_secant_max_iters_best	0.788534881	0.413889386	NaN	secant_max_iters_best	sign_change_pair	2.363352940	2.363352940	2.363352940	2.378352940	0.015000000	8	true	10	-0.979217821,0.974755811,0.821840911,-0.980514238,-0.978651398,0.977189016,-0.979243939,0.974432516,0.798687837,-0.980586671	short
0.124850	1.330661	2.363352940,0.000000000,1.282199855	minimum	continued_angle_secant_max_iters_best	0.788513287	0.413105479	NaN	secant_max_iters_best	sign_change_pair	2.358080790	2.358080790	2.358080790	2.373080790	0.015000000	8	true	11	-0.979231273,0.974718203,0.817809033,-0.980572674,-0.978816833,0.976831743,0.964405611,-0.979592369,-0.976234683,-0.926369120,0.979979574	short
0.124850	1.333467	2.358080790,0.000000000,1.282199855	minimum	continued_angle_secant_max_iters_best	0.786348053	0.413636955	NaN	secant_max_iters_best	sign_change_pair	2.357372856	2.357372856	2.357372856	2.372372856	0.015000000	8	true	10	-0.979185438,0.975265985,0.856349772,-0.980463444,-0.978663068,0.977309334,-0.979254168,0.974533923,0.803294617,-0.980662987	short
0.124850	1.336273	2.357372856,0.000000000,1.282199855	minimum	continued_angle_secant_max_iters_best	0.786074971	0.413275599	NaN	secant_max_iters_best	sign_change_pair	2.371582977	2.356582977	2.356582977	2.371582977	0.015000000	8	true	11	-0.979189021,0.975336975,0.860223576,-0.980489533,-0.978768905,0.977118231,0.979311048,-0.979481849,-0.975770522,-0.891582725,0.980318197	short
0.124850	1.339078	2.371582977,0.000000000,1.282199855	minimum	continued_angle_secant_max_iters_best	0.791937013	0.409162591	NaN	secant_max_iters_best	sign_change_pair	2.365734327	2.365734327	2.365734327	2.380734327	0.015000000	8	true	11	-0.979362340,-0.974759300,-0.816875444,0.980709610,0.979228775,-0.975078961,-0.840088580,0.980623403,0.979074377,-0.976127575,-0.915397135	short
0.124850	1.341884	2.365734327,0.000000000,1.282199855	minimum	continued_angle_secant_max_iters_best	0.789562403	0.409982972	NaN	secant_max_iters_best	sign_change_pair	2.365052761	2.365052761	2.365052761	2.380052761	0.015000000	8	true	10	-0.979309194,0.973328321,0.719295536,-0.980940548,-0.979674253,-0.976800336,-0.957984355,0.979842235,0.977366609,-0.979379789	short
0.124850	1.344689	2.365052761,0.000000000,1.282199855	minimum	continued_angle_secant_max_iters_best	0.789309007	0.409699919	NaN	secant_max_iters_best	sign_change_pair	2.379314393	2.364314393	2.364314393	2.379314393	0.015000000	8	true	11	-0.979312459,0.973359141,0.720029058,-0.980985741,-0.979800703,-0.977296643,-0.987464845,0.979503024,0.976062287,0.908433497,-0.980338757	short
0.124850	1.347495	2.379314393,0.000000000,1.282199855	minimum	continued_angle_secant_max_iters_best	0.795146462	0.405411287	NaN	secant_max_iters_best	sign_change_pair	2.375869921	2.375869921	2.375869921	2.390869921	0.015000000	8	true	11	-0.979487154,-0.976021935,-0.904394990,0.980411278,0.978838653,-0.977226147,-0.981159957,0.979623462,0.976712713,0.950373389,-0.980014655	short
0.124850	1.350301	2.375869921,0.000000000,1.282199855	minimum	continued_angle_secant_max_iters_best	0.793776016	0.405729518	NaN	secant_max_iters_best	sign_change_pair	2.372333842	2.372333842	2.372333842	2.387333842	0.015000000	8	true	10	-0.979460736,-0.975901449,-0.894665848,0.980519979,0.979103711,-0.976323150,-0.923934193,0.980307855,0.978685378,-0.977692026	short
0.124850	1.353106	2.372333842,0.000000000,1.282199855	minimum	continued_angle_secant_max_iters_best	0.792371780	0.406341792	NaN	secant_max_iters_best	sign_change_pair	2.386619794	2.371619794	2.371619794	2.386619794	0.015000000	8	true	11	-0.979430194,-0.975719061,-0.880365122,0.980650117,0.979396476,0.975394396,0.856761206,-0.980772074,-0.979608458,-0.976765053,-0.951438959	short
0.124850	1.355912	2.386619794,0.000000000,1.282199855	minimum	continued_angle_secant_max_iters_best	0.798176103	0.401858946	NaN	secant_max_iters_best	sign_change_pair	2.338102117	2.383102117	2.383102117	2.398102117	0.015000000	8	true	9	-0.979606371,-0.976814694,-0.953429069,0.980111559,0.978367697,-0.978451861,0.978305580,-0.978553505,0.978113676	short
0.124850	1.358717	2.338102117,0.000000000,1.282199855	minimum	continued_angle_secant_step_tol	0.778307212	0.421472798	NaN	secant_step_tol	nearest_best_neighbor	2.218102117	2.338102117	2.323102117	2.338102117	0.015000000	1	false	10	-0.978969896,0.977116846,0.970388818,-0.979943765,-0.978006180,0.979046056,-0.976829601,-0.953285276,0.980156662,0.978529291	short
0.124850	1.361523	2.218102117,0.000000000,1.282199855	minimum	continued_angle_secant_max_iters_best	1.258184879	0.637982875	NaN	secant_max_iters_best	sign_change_pair	2.113102117	2.128102117	2.218102117	2.233102117	0.015000000	8	true	11	0.976515343,0.932196207,-0.980412409,-0.979121974,0.976563434,0.935347984,-0.980383635,-0.979065474,0.976827100,0.952080175,-0.980213651	short
0.124850	1.364329	2.113102117,0.000000000,1.282199855	minimum	continued_angle_secant_step_tol	1.203436902	0.491916893	NaN	secant_step_tol	nearest_best_neighbor	1.993102117	2.113102117	2.098102117	2.113102117	0.015000000	1	false	9	0.979853306,0.977870149,-0.979336385,-0.974123652,-0.761197440,0.981253750,0.980581396,0.979494570,0.976409762	short
0.124850	1.367134	1.993102117,0.000000000,1.282199855	minimum	continued_angle_secant_step_tol	1.142658074	0.522186499	NaN	secant_step_tol	nearest_best_neighbor	1.873102117	1.993102117	1.978102117	1.993102117	0.015000000	1	false	9	0.981916154,0.981546245,0.981050036,0.980327170,0.979066145,-0.976981313,-0.959389145,0.980215342,0.978832287	short
0.124850	1.369940	1.873102117,0.000000000,1.282199855	minimum	continued_angle_secant_step_tol	1.076650473	0.577414033	NaN	secant_step_tol	nearest_best_neighbor	1.753102117	1.873102117	1.858102117	1.873102117	0.015000000	1	false	10	0.983586043,0.983580727,0.983574832,0.983568268,0.983560967,0.983552841,0.983543799,0.983533727,0.983522497,0.983509979	short
0.124850	1.372745	1.753102117,0.000000000,1.282199855	minimum	continued_angle_secant_step_tol	1.002984014	0.650152394	NaN	secant_step_tol	nearest_best_neighbor	1.633102117	1.753102117	1.738102117	1.753102117	0.015000000	1	false	11	0.985065666,0.985204487,0.985348412,0.985497009,0.985649842,0.985806419,0.985966244,0.986128817,0.986293628,0.986460185,0.986628000	short
0.124850	1.375551	1.633102117,0.000000000,1.282199855	minimum	continued_angle_secant_step_tol	0.919536078	0.740718136	NaN	secant_step_tol	nearest_best_neighbor	1.513102117	1.633102117	1.618102117	1.633102117	0.015000000	1	false	11	0.986411666,0.986610588,0.986809834,0.987008781,0.987206864,0.987403575,0.987598453,0.987791100,0.987981180,0.988168386,0.988352469	short
0.124850	1.378357	1.513102117,0.000000000,1.282199855	minimum	continued_angle_secant_step_tol	0.824029802	0.850959509	NaN	secant_step_tol	nearest_best_neighbor	1.393102117	1.513102117	1.498102117	1.513102117	0.015000000	1	false	12	0.987634690,0.987853932,0.988069349,0.988280599,0.988487416,0.988689575,0.988886922,0.989079342,0.989266767,0.989449164,0.989626524,0.989798871	short
0.124850	1.381162	1.393102117,0.000000000,1.282199855	minimum	continued_angle_secant_step_tol	0.713961888	0.982403990	NaN	secant_step_tol	nearest_best_neighbor	1.273102117	1.393102117	1.378102117	1.393102117	0.015000000	1	false	12	0.988719937,0.988939768,0.989153284,0.989360435,0.989561215,0.989755661,0.989943840,0.990125846,0.990301791,0.990471803,0.990636027,0.990794607	short
0.124850	1.383968	1.273102117,0.000000000,1.282199855	minimum	continued_angle_secant_step_tol	0.586752828	1.134209702	NaN	secant_step_tol	nearest_best_neighbor	1.153102117	1.273102117	1.258102117	1.273102117	0.015000000	1	false	12	0.989631137,0.989843422,0.990048066,0.990245220,0.990435059,0.990617784,0.990793594,0.990962707,0.991125340,0.991281713,0.991432050,0.991576566	short
0.124850	1.386774	1.153102117,0.000000000,1.282199855	minimum	continued_angle_secant_step_tol	0.440201502	1.300188583	NaN	secant_step_tol	nearest_best_neighbor	1.033102117	1.153102117	1.138102117	1.153102117	0.015000000	1	false	12	0.990310973,0.990516131,0.990712851,0.990901412,0.991082105,0.991255223,0.991421056,0.991579893,0.991732019,0.991877709,0.992017235,0.992150859	short
0.124850	1.389579	1.033102117,0.000000000,1.282199855	minimum	full_attractor_map_angle_secant_step_tol	0.273331863	1.465644394	NaN	secant_step_tol	nearest_best_neighbor	0.983102117	1.033102117	1.026852117	1.033102117	0.006250000	1	false	12	0.990688682,0.990894797,0.991091599,0.991279464,0.991458768,0.991629886,0.991793175,0.991948993,0.992097679,0.992239564,0.992374965,0.992504184	short
0.124850	1.392385			failed	NaN	NaN	NaN	failed	none	NaN	NaN	NaN	NaN	NaN	0	false	0		critical_fail
0.124850	1.395190			failed	NaN	NaN	NaN	failed	none	NaN	NaN	NaN	NaN	NaN	0	false	0		critical_fail
0.124850	1.397996			failed	NaN	NaN	NaN	failed	none	NaN	NaN	NaN	NaN	NaN	0	false	0		critical_fail
0.124850	1.400802			failed	NaN	NaN	NaN	failed	none	NaN	NaN	NaN	NaN	NaN	0	false	0		critical_fail
0.124850	1.403607			failed	NaN	NaN	NaN	failed	none	NaN	NaN	NaN	NaN	NaN	0	false	0		critical_fail
0.124850	1.406413			failed	NaN	NaN	NaN	failed	none	NaN	NaN	NaN	NaN	NaN	0	false	0		critical_fail
0.124850	1.409218			failed	NaN	NaN	NaN	failed	none	NaN	NaN	NaN	NaN	NaN	0	false	0		critical_fail
0.124850	1.412024			failed	NaN	NaN	NaN	failed	none	NaN	NaN	NaN	NaN	NaN	0	false	0		critical_fail
0.124850	1.414830			failed	NaN	NaN	NaN	failed	none	NaN	NaN	NaN	NaN	NaN	0	false	0		critical_fail
0.124850	1.417635			failed	NaN	NaN	NaN	failed	none	NaN	NaN	NaN	NaN	NaN	0	false	0		critical_fail
0.124850	1.420441			failed	NaN	NaN	NaN	failed	none	NaN	NaN	NaN	NaN	NaN	0	false	0		critical_fail
0.124850	1.423246			failed	NaN	NaN	NaN	failed	none	NaN	NaN	NaN	NaN	NaN	0	false	0		critical_fail
0.124850	1.426052			failed	NaN	NaN	NaN	failed	none	NaN	NaN	NaN	NaN	NaN	0	false	0		critical_fail
0.124850	1.428858			failed	NaN	NaN	NaN	failed	none	NaN	NaN	NaN	NaN	NaN	0	false	0		critical_fail
0.124850	1.431663			failed	NaN	NaN	NaN	failed	none	NaN	NaN	NaN	NaN	NaN	0	false	0		critical_fail
0.124850	1.434469			failed	NaN	NaN	NaN	failed	none	NaN	NaN	NaN	NaN	NaN	0	false	0		critical_fail
0.124850	1.437275			failed	NaN	NaN	NaN	failed	none	NaN	NaN	NaN	NaN	NaN	0	false	0		critical_fail
0.124850	1.440080			failed	NaN	NaN	NaN	failed	none	NaN	NaN	NaN	NaN	NaN	0	false	0		critical_fail
0.124850	1.442886			failed	NaN	NaN	NaN	failed	none	NaN	NaN	NaN	NaN	NaN	0	false	0		critical_fail
0.124850	1.445691			failed	NaN	NaN	NaN	failed	none	NaN	NaN	NaN	NaN	NaN	0	false	0		critical_fail
0.124850	1.448497			failed	NaN	NaN	NaN	failed	none	NaN	NaN	NaN	NaN	NaN	0	false	0		critical_fail
0.124850	1.451303			failed	NaN	NaN	NaN	failed	none	NaN	NaN	NaN	NaN	NaN	0	false	0		critical_fail
0.124850	1.454108			failed	NaN	NaN	NaN	failed	none	NaN	NaN	NaN	NaN	NaN	0	false	0		critical_fail
0.124850	1.456914			failed	NaN	NaN	NaN	failed	none	NaN	NaN	NaN	NaN	NaN	0	false	0		critical_fail
0.124850	1.459719			failed	NaN	NaN	NaN	failed	none	NaN	NaN	NaN	NaN	NaN	0	false	0		critical_fail
0.124850	1.462525			failed	NaN	NaN	NaN	failed	none	NaN	NaN	NaN	NaN	NaN	0	false	0		critical_fail
0.124850	1.465331			failed	NaN	NaN	NaN	failed	none	NaN	NaN	NaN	NaN	NaN	0	false	0		critical_fail
0.124850	1.468136			failed	NaN	NaN	NaN	failed	none	NaN	NaN	NaN	NaN	NaN	0	false	0		critical_fail
0.124850	1.470942			failed	NaN	NaN	NaN	failed	none	NaN	NaN	NaN	NaN	NaN	0	false	0		critical_fail
0.124850	1.473747			failed	NaN	NaN	NaN	failed	none	NaN	NaN	NaN	NaN	NaN	0	false	0		critical_fail
0.124850	1.476553			failed	NaN	NaN	NaN	failed	none	NaN	NaN	NaN	NaN	NaN	0	false	0		critical_fail
0.124850	1.479359			failed	NaN	NaN	NaN	failed	none	NaN	NaN	NaN	NaN	NaN	0	false	0		critical_fail
0.124850	1.482164			failed	NaN	NaN	NaN	failed	none	NaN	NaN	NaN	NaN	NaN	0	false	0		critical_fail
0.124850	1.484970			failed	NaN	NaN	NaN	failed	none	NaN	NaN	NaN	NaN	NaN	0	false	0		critical_fail
0.124850	1.487776			failed	NaN	NaN	NaN	failed	none	NaN	NaN	NaN	NaN	NaN	0	false	0		critical_fail
0.124850	1.490581			failed	NaN	NaN	NaN	failed	none	NaN	NaN	NaN	NaN	NaN	0	false	0		critical_fail
0.124850	1.493387			failed	NaN	NaN	NaN	failed	none	NaN	NaN	NaN	NaN	NaN	0	false	0		critical_fail
0.124850	1.496192			failed	NaN	NaN	NaN	failed	none	NaN	NaN	NaN	NaN	NaN	0	false	0		critical_fail
0.124850	1.498998			failed	NaN	NaN	NaN	failed	none	NaN	NaN	NaN	NaN	NaN	0	false	0		critical_fail
0.124850	1.501804			failed	NaN	NaN	NaN	failed	none	NaN	NaN	NaN	NaN	NaN	0	false	0		critical_fail
0.124850	1.504609			failed	NaN	NaN	NaN	failed	none	NaN	NaN	NaN	NaN	NaN	0	false	0		critical_fail
0.124850	1.507415			failed	NaN	NaN	NaN	failed	none	NaN	NaN	NaN	NaN	NaN	0	false	0		critical_fail
0.124850	1.510220			failed	NaN	NaN	NaN	failed	none	NaN	NaN	NaN	NaN	NaN	0	false	0		critical_fail
0.124850	1.513026			failed	NaN	NaN	NaN	failed	none	NaN	NaN	NaN	NaN	NaN	0	false	0		critical_fail
0.124850	1.515832			failed	NaN	NaN	NaN	failed	none	NaN	NaN	NaN	NaN	NaN	0	false	0		critical_fail
0.124850	1.518637			failed	NaN	NaN	NaN	failed	none	NaN	NaN	NaN	NaN	NaN	0	false	0		critical_fail
0.124850	1.521443			failed	NaN	NaN	NaN	failed	none	NaN	NaN	NaN	NaN	NaN	0	false	0		critical_fail
0.124850	1.524248			failed	NaN	NaN	NaN	failed	none	NaN	NaN	NaN	NaN	NaN	0	false	0		critical_fail
0.124850	1.527054			failed	NaN	NaN	NaN	failed	none	NaN	NaN	NaN	NaN	NaN	0	false	0		critical_fail
0.124850	1.529860			failed	NaN	NaN	NaN	failed	none	NaN	NaN	NaN	NaN	NaN	0	false	0		critical_fail
0.124850	1.532665			failed	NaN	NaN	NaN	failed	none	NaN	NaN	NaN	NaN	NaN	0	false	0		critical_fail
0.124850	1.535471			failed	NaN	NaN	NaN	failed	none	NaN	NaN	NaN	NaN	NaN	0	false	0		critical_fail
0.124850	1.538277			failed	NaN	NaN	NaN	failed	none	NaN	NaN	NaN	NaN	NaN	0	false	0		critical_fail
0.124850	1.541082			failed	NaN	NaN	NaN	failed	none	NaN	NaN	NaN	NaN	NaN	0	false	0		critical_fail
0.124850	1.543888			failed	NaN	NaN	NaN	failed	none	NaN	NaN	NaN	NaN	NaN	0	false	0		critical_fail
0.124850	1.546693			failed	NaN	NaN	NaN	failed	none	NaN	NaN	NaN	NaN	NaN	0	false	0		critical_fail
0.124850	1.549499			failed	NaN	NaN	NaN	failed	none	NaN	NaN	NaN	NaN	NaN	0	false	0		critical_fail
0.124850	1.552305			failed	NaN	NaN	NaN	failed	none	NaN	NaN	NaN	NaN	NaN	0	false	0		critical_fail
0.124850	1.555110			failed	NaN	NaN	NaN	failed	none	NaN	NaN	NaN	NaN	NaN	0	false	0		critical_fail
0.124850	1.557916			failed	NaN	NaN	NaN	failed	none	NaN	NaN	NaN	NaN	NaN	0	false	0		critical_fail
0.124850	1.560721			failed	NaN	NaN	NaN	failed	none	NaN	NaN	NaN	NaN	NaN	0	false	0		critical_fail
0.124850	1.563527			failed	NaN	NaN	NaN	failed	none	NaN	NaN	NaN	NaN	NaN	0	false	0		critical_fail
0.124850	1.566333			failed	NaN	NaN	NaN	failed	none	NaN	NaN	NaN	NaN	NaN	0	false	0		critical_fail
0.124850	1.569138			failed	NaN	NaN	NaN	failed	none	NaN	NaN	NaN	NaN	NaN	0	false	0		critical_fail
0.124850	1.571944			failed	NaN	NaN	NaN	failed	none	NaN	NaN	NaN	NaN	NaN	0	false	0		critical_fail
0.124850	1.574749			failed	NaN	NaN	NaN	failed	none	NaN	NaN	NaN	NaN	NaN	0	false	0		critical_fail
0.124850	1.577555			failed	NaN	NaN	NaN	failed	none	NaN	NaN	NaN	NaN	NaN	0	false	0		critical_fail
0.124850	1.580361			failed	NaN	NaN	NaN	failed	none	NaN	NaN	NaN	NaN	NaN	0	false	0		critical_fail
0.124850	1.583166			failed	NaN	NaN	NaN	failed	none	NaN	NaN	NaN	NaN	NaN	0	false	0		critical_fail
0.124850	1.585972			failed	NaN	NaN	NaN	failed	none	NaN	NaN	NaN	NaN	NaN	0	false	0		critical_fail
0.124850	1.588778			failed	NaN	NaN	NaN	failed	none	NaN	NaN	NaN	NaN	NaN	0	false	0		critical_fail
0.124850	1.591583			failed	NaN	NaN	NaN	failed	none	NaN	NaN	NaN	NaN	NaN	0	false	0		critical_fail
0.124850	1.594389			failed	NaN	NaN	NaN	failed	none	NaN	NaN	NaN	NaN	NaN	0	false	0		critical_fail
0.124850	1.597194			failed	NaN	NaN	NaN	failed	none	NaN	NaN	NaN	NaN	NaN	0	false	0		critical_fail
0.124850	1.600000			failed	NaN	NaN	NaN	failed	none	NaN	NaN	NaN	NaN	NaN	0	false	0		critical_fail
