delta_x	delta_ca	lyap_dim	lambda1	lambda2	lambda3	lambda4	lambda5	lambda6	integrated_time	transient_time	converged	checks	spectrum_delta_last	dimension_delta_last	runtime_seconds	status	error
-1.500000000	-40.226130653	0	-8.81787333558e-06	-4.99998555538e-05	-9.03288911035e-05	-0.00507172351379	-0.0114234307419	-0.0180265099882	100059.556773	5000.000000	false	20	0.000268587785312	0	0.380193	ok	none
-1.494974874	-40.226130653	0	-3.52318154456e-05	-4.99998303613e-05	-9.22892192003e-05	-0.00442282316857	-0.0111573136459	-0.0171694935922	100055.700084	5000.000000	false	20	0.000234061466078	0	0.369579	ok	none
-1.489949749	-40.226130653	0	-4.39516050665e-05	-4.99996594636e-05	-9.15019178838e-05	-0.00429417980579	-0.0109742312689	-0.017012744457	100074.452898	5000.000000	false	20	0.000226963953438	0	0.354749	ok	none
-1.484924623	-40.226130653	0	-5.03455080867e-05	-6.05264326979e-05	-7.89856536988e-05	-0.00421500972423	-0.0109585090195	-0.016921575254	100054.041100	5000.000000	false	20	0.000222573889738	0	0.348363	ok	none
-1.479899497	-40.226130653	0	-3.65364298343e-05	-4.9994730059e-05	-0.000107500014159	-0.00420234931513	-0.0109505830238	-0.0168838432509	100022.752899	5000.000000	false	20	0.000221721886766	0	0.315538	ok	none
-1.474874372	-40.226130653	0	-2.76170662189e-05	-4.99897085176e-05	-0.00012421624211	-0.00422636070381	-0.0109589333523	-0.0168969565239	100006.358096	5000.000000	false	20	0.000217188669254	0	0.352689	ok	none
-1.469849246	-40.226130653	0	-1.81843993041e-05	-4.99723005416e-05	-0.000134095726205	-0.00428927952063	-0.0109784021695	-0.0169479122382	100039.596430	5000.000000	false	20	0.000225731207273	0	0.291967	ok	none
-1.464824121	-40.226130653	0	-2.25935999903e-05	-4.99949858709e-05	-0.000113192986264	-0.00442180185838	-0.0109953035525	-0.0170376856278	100087.029135	5000.000000	false	20	0.000232302781647	0	0.327748	ok	none
-1.459798995	-40.226130653	0	-2.68136934396e-05	-4.99988846044e-05	-9.824911374e-05	-0.00454092177659	-0.0110940929553	-0.0171737681412	100044.355243	5000.000000	false	20	0.000238342699756	0	0.348124	ok	none
-1.454773869	-40.226130653	0	-2.47834350628e-05	-4.99993926841e-05	-8.9622187515e-05	-0.00474085458947	-0.011210408602	-0.0173687621324	100109.625657	5000.000000	false	20	0.000254504229854	0	0.354263	ok	none
-1.449748744	-40.226130653	0	-2.17582723738e-05	-4.99996528449e-05	-7.94743218367e-05	-0.00506587369125	-0.0113541494699	-0.0177254992132	100074.923573	5000.000000	false	20	0.000264811967475	0	0.344252	ok	none
-1.444723618	-40.226130653	0	-1.35029882973e-05	-4.99998461938e-05	-6.33907200621e-05	-0.00576424006565	-0.0116628162419	-0.0185350990079	100019.647625	5000.000000	false	20	0.000299657234567	0	0.368633	ok	none
-1.439698492	-40.226130653	1.38929964893	1.94649306498e-05	-4.99998669493e-05	-6.62652542937e-05	-0.0066789547632	-0.0122125229364	-0.020192902642	100116.270743	5000.000000	false	20	0.000350553050105	0.104834191369	0.408563	ok	none
-1.434673367	-40.226130653	3.01713362074	0.00021155856718	-1.1991985775e-05	-4.99997266223e-05	-0.00872943653012	-0.0142598699283	-0.0288417374082	45005.597558	5000.000000	true	9	0.000148534764011	0.00229214296208	0.401768	ok	none
-1.429648241	-40.226130653	1.03325813744	1.66290390503e-06	-4.99999107918e-05	-6.76879485888e-05	-0.00617075833208	-0.0119188963657	-0.0194461996331	100109.077618	5000.000000	false	20	0.000325854558953	1.03325813744	0.414020	ok	none
-1.424623116	-40.226130653	1.22551304766	1.12756350956e-05	-4.99999233409e-05	-7.81642282042e-05	-0.00681023317841	-0.0122979836688	-0.0207156517584	100089.296954	5000.000000	false	20	0.00036397360016	0.0199938082415	0.477864	ok	none
-1.419597990	-40.226130653	3.01589273157	0.000221460714263	-3.11139245756e-05	-4.99998616318e-05	-0.00883088771752	-0.014249928017	-0.0284497938938	55005.711405	5000.000000	true	11	0.000135035954293	0.00159831472119	0.416971	ok	none
-1.414572864	-40.226130653	3.00495896923	0.000138424240288	-4.38247102263e-05	-4.99998751562e-05	-0.00899373495063	-0.0142197268264	-0.0275289672897	60036.084546	5000.000000	true	12	0.000203597284093	0.00145151679761	0.411246	ok	none
-1.409547739	-40.226130653	1.02813270231	1.40663311948e-06	-4.99999290461e-05	-7.29261859944e-05	-0.00631355227436	-0.0119445898316	-0.0190969393584	100060.104090	5000.000000	false	20	0.000328967771148	0.0289853914968	0.380178	ok	none
-1.404522613	-40.226130653	0	-2.07476376494e-05	-4.9999921734e-05	-6.28951926546e-05	-0.00598950340476	-0.0117188983237	-0.0186383230567	100066.074690	5000.000000	false	20	0.000312854091533	0	0.396591	ok	none
-1.399497487	-40.226130653	2.232783352	6.70042824649e-05	-4.99998954471e-05	-7.30481233808e-05	-0.00823777298413	-0.0129661626164	-0.0217384987665	100108.493596	5000.000000	false	20	0.000412393948612	0.0217968747762	0.445285	ok	none
-1.394472362	-40.226130653	3.00004422263	0.00011542524618	-4.99998229457e-05	-6.50230388574e-05	-0.00909905982533	-0.014199450529	-0.0266265259415	75026.053385	5000.000000	true	15	0.000233945399956	0.000841250045335	0.451310	ok	none
-1.389447236	-40.226130653	3.00342766341	0.000122324123676	-4.21239565843e-05	-4.99999828177e-05	-0.00881072048922	-0.0142368642713	-0.0284448265974	50037.573914	5000.000000	true	10	0.000175563723934	0.000704525203919	0.408864	ok	none
-1.384422111	-40.226130653	0	-2.19014899819e-05	-4.23433533037e-05	-5.00000002536e-05	-0.00795873861489	-0.0126783173772	-0.020457935095	100088.342536	5000.000000	false	20	0.000344911345813	0	0.385791	ok	none
-1.379396985	-40.226130653	0	-4.34487729942e-05	-5.00000009515e-05	-7.11065582241e-05	-0.00684657211275	-0.0120443693372	-0.0188778355935	100063.573612	5000.000000	false	20	0.000333096124135	0	0.360895	ok	none
-1.374371859	-40.226130653	0	-4.89929787966e-05	-5.00000004286e-05	-0.000103389301799	-0.00661949696348	-0.011917429829	-0.0185838374547	100045.000264	5000.000000	false	20	0.000325596972917	0	0.368244	ok	none
-1.369346734	-40.226130653	0	-5.0000000175e-05	-5.11370216796e-05	-5.13357960071e-05	-0.00657327791412	-0.0118512060827	-0.0183976838964	100031.229979	5000.000000	false	20	0.00032228443279	0	0.319531	ok	none
-1.364321608	-40.226130653	0	-4.49318020934e-05	-4.99999999247e-05	-5.45264142868e-05	-0.00661224815316	-0.0118456472786	-0.0183299422422	100100.529810	5000.000000	false	20	0.000328200119541	0	0.336046	ok	none
-1.359296482	-40.226130653	0	-3.74331675625e-05	-4.99999994238e-05	-5.87220082132e-05	-0.00673185724159	-0.011906802577	-0.0183500591603	100073.073893	5000.000000	false	20	0.000320708436971	0	0.341257	ok	none
-1.354271357	-40.226130653	0	-3.20864023531e-05	-4.99999990195e-05	-7.22655126172e-05	-0.00695048502038	-0.011964732001	-0.0184781283366	100084.556489	5000.000000	false	20	0.000330423081456	0	0.336729	ok	none
-1.349246231	-40.226130653	0	-2.6346879581e-05	-4.99999986486e-05	-6.10738688486e-05	-0.00722885584971	-0.0121231496417	-0.0187401558903	100090.233380	5000.000000	false	20	0.00032943486336	0	0.299191	ok	none
-1.344221106	-40.226130653	0	-1.95698695853e-05	-4.99800631824e-05	-4.99999984298e-05	-0.00768147008697	-0.0123483776208	-0.0191588512618	100043.997343	5000.000000	false	20	0.000326151358381	0	0.323656	ok	none
-1.339195980	-40.226130653	0	-1.01093501697e-05	-4.16536773208e-05	-4.9999998418e-05	-0.00831609403675	-0.0127138497245	-0.0199771729893	100102.169148	5000.000000	false	20	0.00031626642425	0	0.428191	ok	none
-1.334170854	-40.226130653	1.62917862513	1.91912633886e-05	-3.05020905382e-05	-4.99999980233e-05	-0.00927567722546	-0.0138474128714	-0.0226205470745	100060.135870	5000.000000	false	20	0.000455181368243	0.0310622188268	0.405691	ok	none
-1.329145729	-40.226130653	3.0064137257	0.000137467989472	-2.96511019931e-05	-4.99999958303e-05	-0.00901455633819	-0.0142321927428	-0.0275674407403	50021.975430	5000.000000	true	10	0.000129832082834	0.00154446818721	0.351280	ok	none
-1.324120603	-40.226130653	3.00816826532	0.000154968024693	-3.2812682827e-05	-4.99999942018e-05	-0.00883361948565	-0.0142575082025	-0.0282930595593	40047.619326	5000.000000	true	8	5.60432328126e-05	0.0021882789658	0.412662	ok	none
-1.319095477	-40.226130653	1.43246517064	2.16232574411e-05	-4.9999997478e-05	-6.19552897782e-05	-0.00914345690791	-0.0141716060484	-0.0239550850393	100042.344032	5000.000000	false	20	0.000437038759315	0.0178745898669	0.493613	ok	none
-1.314070352	-40.226130653	3.0079872689	0.000113311356079	9.09010096113e-06	-4.99999955042e-05	-0.00906460799564	-0.0142262808577	-0.0274602408954	60032.044916	5000.000000	true	12	3.17386407353e-05	2.18143840227e-05	0.333653	ok	none
-1.309045226	-40.226130653	3.00349805346	0.000100140588221	-1.81818044227e-05	-4.9999993845e-05	-0.00913616396426	-0.014214243207	-0.0269811822605	45009.612871	5000.000000	true	9	3.11001289751e-05	0.000579208059706	0.282530	ok	none
-1.304020101	-40.226130653	3.00289718422	8.78118060258e-05	-1.1417217278e-05	-4.99999967633e-05	-0.00911042928336	-0.0142154075926	-0.0269870391331	80000.028051	5000.000000	true	16	0.00010206891211	0.000176546200714	0.450328	ok	none
-1.298994975	-40.226130653	3.01204512914	0.000167071525336	-8.4302669228e-06	-4.99999943928e-05	-0.00901951841256	-0.0142419831112	-0.0276191687172	50052.161107	5000.000000	true	10	0.000219661333489	0.00225872786357	0.338011	ok	none
-1.293969849	-40.226130653	3.00685815159	0.00012325930023	-1.20689829596e-05	-4.99999954149e-05	-0.00892227607146	-0.0142445876273	-0.0279007575044	60024.312951	5000.000000	true	12	0.000239392814703	3.3182726451e-06	0.414865	ok	none
-1.288944724	-40.226130653	3.00719235706	0.000126534514455	-1.20315136026e-05	-4.99999963575e-05	-0.00896827062327	-0.0142414042303	-0.0277427798578	70018.831417	5000.000000	true	14	9.08382692112e-05	0.000184199369983	0.432031	ok	none
-1.283919598	-40.226130653	3.01329823635	0.000190628944091	-2.27772905414e-05	-4.99999947157e-05	-0.00886220215491	-0.0142652426707	-0.0283041333366	50002.387570	5000.000000	true	10	0.000167405197107	0.00335114346641	0.462873	ok	none
-1.278894472	-40.226130653	3.00960019183	0.000136011453154	7.72691798829e-07	-4.99999963681e-05	-0.00903983484022	-0.0142356648169	-0.0275612878645	70021.388309	5000.000000	true	14	0.00013648961235	0.00194263256719	0.425530	ok	none
-1.273869347	-40.226130653	3.02246881952	0.000233253822644	1.69586495995e-05	-4.99999968275e-05	-0.00891068065257	-0.014285246684	-0.0281327413614	75007.686602	5000.000000	true	15	0.000132778470363	0.00205145746342	0.588354	ok	none
-1.268844221	-40.226130653	3.01437142094	0.000153303174738	2.71076249976e-05	-4.99999968777e-05	-0.00907431515963	-0.0142388172698	-0.0274309153781	75020.727754	5000.000000	true	15	0.000139257373456	0.00438854142057	0.427884	ok	none
-1.263819095	-40.226130653	3.01510551202	0.000166978582263	1.66759657675e-05	-4.99999944546e-05	-0.00884806509077	-0.0142645306937	-0.0284253883369	40044.027463	5000.000000	true	8	0.000221512044728	0.00296360124729	0.323314	ok	none
-1.258793970	-40.226130653	3.0183644171	0.00014571499065	6.60958091638e-05	-5.00000019126e-05	-0.00881110448759	-0.0142757155722	-0.0286505108294	65024.924434	5000.000000	true	13	6.19051824962e-05	0.0013378706987	0.505238	ok	none
-1.253768844	-40.226130653	3.01221101069	0.000151099897684	6.8270469697e-06	-4.99999950169e-05	-0.00883849440479	-0.0142656589028	-0.0283818392504	40058.016211	5000.000000	true	8	0.00018959838723	0.000495691436117	0.328683	ok	none
-1.248743719	-40.226130653	3.01191335629	0.000143853074612	1.34250046707e-05	-4.99999969965e-05	-0.00900485805331	-0.0142469052798	-0.0277810858622	60001.208060	5000.000000	true	12	8.51824419003e-05	0.000961767495537	0.393113	ok	none
-1.243718593	-40.226130653	3.02160093179	0.000203720299132	4.13167493551e-05	-4.99999960813e-05	-0.0090291036643	-0.0142620710936	-0.0280104259767	45051.452197	5000.000000	true	9	0.000112245132979	0.000809283065618	0.387312	ok	none
-1.238693467	-40.226130653	3.01394931459	0.000159729503889	1.62704846265e-05	-4.99999974048e-05	-0.00903270123114	-0.0142480454281	-0.0278658486531	65005.740507	5000.000000	true	13	0.00015215581863	0.00236725743518	0.425781	ok	none
-1.233668342	-40.226130653	3.00888412887	0.000101929146376	2.89220993168e-05	-4.99999970861e-05	-0.00910063888297	-0.0142334860956	-0.0275439051426	55036.144024	5000.000000	true	11	0.000160300921396	5.0178809345e-05	0.367218	ok	none
-1.228643216	-40.226130653	3.01137140835	0.000129526559649	2.2595583028e-05	-4.9999996431e-05	-0.00898060672186	-0.0142523236195	-0.0278649011701	45024.212991	5000.000000	true	9	0.00012427699717	0.000719467294009	0.325966	ok	none
-1.223618090	-40.226130653	3.01824009933	0.000171380744781	4.06749380191e-05	-4.99999968868e-05	-0.0088845835181	-0.0142674187841	-0.0281901939474	50038.961928	5000.000000	true	10	0.000181340068457	0.0025682088646	0.397827	ok	none
-1.218592965	-40.226130653	3.01035978364	0.000101514839227	4.20601164772e-05	-4.99999961352e-05	-0.00903252064326	-0.0142453395755	-0.0276626404832	40014.329817	5000.000000	true	8	0.000185796696534	5.2399884479e-05	0.283836	ok	none
-1.213567839	-40.226130653	3.01096818489	8.95160425453e-05	5.9567095526e-05	-4.99999960233e-05	-0.00903368634488	-0.0142462075512	-0.0276090817597	40041.049269	5000.000000	true	8	0.000153485286084	0.0020413652948	0.283663	ok	none
-1.208542714	-40.226130653	3.00700348455	8.63526447468e-05	2.6714513149e-05	-4.99999979681e-05	-0.00900511158925	-0.0142399860451	-0.0275946238717	75025.690299	5000.000000	true	15	0.000147474188114	0.00385040509073	0.450953	ok	none
-1.203517588	-40.226130653	3.0099051824	0.000110958744944	2.70157057233e-05	-4.99999969686e-05	-0.00888165913103	-0.0142676574906	-0.0280501187823	55020.696873	5000.000000	true	11	0.000156815518261	0.00147976893583	0.388901	ok	none
-1.198492462	-40.226130653	3.01505247552	0.00016904793786	1.4746123248e-05	-4.99999973543e-05	-0.00888850897579	-0.0142785108262	-0.0283121747826	70021.434365	5000.000000	true	14	3.44634663102e-05	0.00123056658257	0.482558	ok	none
-1.193467337	-40.226130653	3.00773170865	7.03173468551e-05	4.96818078008e-05	-4.99999969459e-05	-0.00905351725728	-0.0142403629546	-0.0277742669672	65011.066575	5000.000000	true	13	5.64857721195e-05	0.00140730171301	0.389282	ok	none
-1.188442211	-40.226130653	3.00557609708	0.000108076586604	-7.13751940105e-06	-4.99999954804e-05	-0.00913525553526	-0.0142320970858	-0.0273244157087	55049.540293	5000.000000	true	11	0.000133475257926	0.000799842541535	0.307887	ok	none
-1.183417085	-40.226130653	3.0160395129	0.000223956608243	-3.20713923441e-05	-4.9999990538e-05	-0.00884598093846	-0.014290829588	-0.0286248332507	40048.383947	5000.000000	true	8	0.000123604694441	0.000460178887501	0.329438	ok	none
-1.178391960	-40.226130653	3.00720569455	0.000119327496554	-4.89385073808e-06	-4.99999912517e-05	-0.0089420463392	-0.0142624559654	-0.0281376117101	70006.788660	5000.000000	true	14	0.000102105523976	0.00101705967757	0.443848	ok	none
-1.173366834	-40.226130653	3.00520452572	0.000136904053867	-4.03402566721e-05	-4.99999704202e-05	-0.00894679539637	-0.0142536440334	-0.0279907256607	50043.830207	5000.000000	true	10	5.50569836068e-05	0.00199850800191	0.323225	ok	none
-1.168341709	-40.226130653	3.01587638279	0.000249784578533	-4.99999456485e-05	-5.92584500624e-05	-0.00885127202158	-0.0143045919325	-0.028578706978	65023.983291	5000.000000	true	13	0.00013205268487	0.00247833459463	0.474419	ok	none
-1.163316583	-40.226130653	3.00945901367	0.000166981314094	-3.26053281346e-05	-4.99999974686e-05	-0.00892016772772	-0.0142796341322	-0.0282275091641	65006.711996	5000.000000	true	13	0.000147436900017	0.00228464086136	0.451367	ok	none
-1.158291457	-40.226130653	3.00860734726	0.000136546876731	-1.1328197756e-05	-4.99999999996e-05	-0.00873889209981	-0.0142929067128	-0.0287392902282	50066.655972	5000.000000	true	10	5.0371048486e-05	0.000183101332854	0.409037	ok	none
-1.153266332	-40.226130653	0	-1.58670648613e-05	-1.83273704573e-05	-5.00000000053e-05	-0.0088520763924	-0.0142529042888	-0.0279960648675	75038.920876	5000.000000	true	15	3.58188750149e-05	0	0.481388	ok	none
-1.148241206	-40.226130653	3.01397140517	0.000165171753795	4.7001244182e-06	-4.99999999971e-05	-0.00857980115349	-0.0143370227345	-0.029451927547	45037.453349	5000.000000	true	9	0.000259017229102	0.00210410254838	0.415831	ok	none
-1.143216080	-40.226130653	3.01061115722	0.000147684879979	-4.8114596433e-06	-4.99999999817e-05	-0.0087524308982	-0.0143114895095	-0.0289323438421	40039.903332	5000.000000	true	8	0.00020892082186	0.0013686237229	0.328747	ok	none
-1.138190955	-40.226130653	3.00061135832	6.0196161623e-05	-4.74820582955e-06	-4.99999999637e-05	-0.00891123196435	-0.0142619328333	-0.0278656582936	100057.855846	5000.000000	false	20	0.000174205864139	0.238484528991	0.534700	ok	none
-1.133165829	-40.226130653	3.01105228145	0.000157446789246	-9.55508035521e-06	-4.99999998978e-05	-0.00885714949109	-0.0142936088629	-0.0284203579478	60048.434685	5000.000000	true	12	0.000175433257152	0.000967298055809	0.369327	ok	none
-1.128140704	-40.226130653	3.01421422612	0.00017811069672	-1.72102760719e-06	-4.99999998317e-05	-0.00889177280915	-0.0142934080948	-0.0284052404839	55030.245771	5000.000000	true	11	0.0001803810407	0.00229975296007	0.391164	ok	none
-1.123115578	-40.226130653	3.01508432932	0.000185870866389	-2.65449627724e-06	-4.99999997765e-05	-0.00883144139401	-0.0143065187753	-0.0288468245618	55032.250346	5000.000000	true	11	8.34439809216e-05	0.000382673757145	0.503862	ok	none
-1.118090452	-40.226130653	3.0114893744	0.000159573865046	-8.16039766811e-06	-4.9999999819e-05	-0.00882671798038	-0.0143014840563	-0.0283822092602	90033.069208	5000.000000	true	18	4.35384757943e-05	0.000692806253427	0.602564	ok	none
-1.113065327	-40.226130653	3.01711994431	0.000203646137174	-2.51915774297e-06	-4.99999995422e-05	-0.00882753922148	-0.0143189467174	-0.0284631040138	45037.889262	5000.000000	true	9	3.34922711804e-05	0.000475362038816	0.355604	ok	none
-1.108040201	-40.226130653	3.01493772211	0.000161977281535	2.00680160181e-05	-5.00000014677e-05	-0.00883972101522	-0.0143164476548	-0.0286194723234	80038.936235	5000.000000	true	16	0.000184388207296	0.000650163599596	0.551603	ok	none
-1.103015075	-40.226130653	3.01261020605	0.000152542095607	1.031580986e-05	-4.99999995038e-05	-0.00894972734876	-0.0142800286413	-0.0283854942386	55017.762432	5000.000000	true	11	5.686921191e-05	0.000872154339755	0.368616	ok	none
-1.097989950	-40.226130653	3.01163023751	0.000144450160175	9.96378203141e-06	-4.99999996944e-05	-0.00897779967465	-0.0142837452297	-0.0281210507236	75043.628982	5000.000000	true	15	2.85709519238e-05	0.000128261147186	0.443729	ok	none
-1.092964824	-40.226130653	3.01478892049	0.000123265366622	5.94305382447e-05	-4.99999993561e-05	-0.00897265663073	-0.0142909282627	-0.0279995341296	45040.618245	5000.000000	true	9	0.000128570711249	0.00315847878362	0.298077	ok	none
-1.087939698	-40.226130653	3.01260860024	0.000122951780554	3.93629256864e-05	-4.99999991345e-05	-0.00890778555514	-0.0142807570287	-0.0281704915471	40033.935154	5000.000000	true	8	6.56962716613e-05	0.00137325200587	0.289756	ok	none
-1.082914573	-40.226130653	3.02277960323	0.000239341517766	1.19601436227e-05	-4.99999995452e-05	-0.00883692572783	-0.0143321458619	-0.0286877870651	65028.105959	5000.000000	true	13	2.01561058515e-05	0.00213291072261	0.469366	ok	none
-1.077889447	-40.226130653	3.01700994728	0.000202734291095	-1.62954902279e-06	-4.99999997369e-05	-0.00888331632568	-0.0143230940642	-0.0285157530171	100026.961072	5000.000000	true	20	0.000275147966977	0.00302965528485	0.647201	ok	none
-1.072864322	-40.226130653	3.01089336943	0.000152816140782	-6.66957552638e-06	-5.00000008869e-05	-0.00882615475437	-0.0143030709619	-0.0282197090539	70002.151616	5000.000000	true	14	5.6626071139e-05	0.00214131064451	0.470456	ok	none
-1.067839196	-40.226130653	3.02193373134	0.00020212356333	4.11633107775e-05	-4.99999999812e-05	-0.00881231155365	-0.0143278488524	-0.0284016269026	85039.649089	5000.000000	true	17	9.44032660674e-05	0.00325718616177	0.586571	ok	none
-1.062814070	-40.226130653	3.01418249217	0.000148301098798	2.81289334511e-05	-4.99999991353e-05	-0.00891451457363	-0.0142887852199	-0.027985296435	40082.546656	5000.000000	true	8	0.000177888171001	0.000405029743581	0.277575	ok	none
-1.057788945	-40.226130653	3.01983514164	0.000207194051279	1.71201533722e-05	-4.99999993881e-05	-0.00878815026322	-0.0143321028847	-0.0283034401106	55013.853351	5000.000000	true	11	3.06608996612e-05	0.00105079651513	0.405276	ok	none
-1.052763819	-40.226130653	3.01669702983	0.000183738299143	1.26573959275e-05	-4.99999997043e-05	-0.00876776869145	-0.014343513243	-0.0285718641369	80033.068474	5000.000000	true	16	0.000109849692964	0.00167907328073	0.587265	ok	none
-1.047738693	-40.226130653	3.01433491371	0.000159929203273	1.80659184086e-05	-4.9999999647e-05	-0.00892890774179	-0.0143261499859	-0.0281431722792	85008.813294	5000.000000	true	17	1.6704081264e-05	0.00187932771254	0.546330	ok	none
-1.042713568	-40.226130653	3.02895060613	0.000240876015142	6.74491224773e-05	-4.9999999616e-05	-0.00892296129739	-0.0143467471479	-0.0287687044719	45017.919108	5000.000000	true	9	0.000173347337527	0.00170298476438	0.334782	ok	none
-1.037688442	-40.226130653	3.02257089735	0.000178557526767	7.16630727993e-05	-4.99999998506e-05	-0.00887074167161	-0.0143389958862	-0.0282683035188	60026.078349	5000.000000	true	12	7.41257373595e-05	0.00230265689722	0.435244	ok	none
-1.032663317	-40.226130653	3.02414375674	0.000228101992715	3.77774759624e-05	-5.00000007777e-05	-0.00894141993903	-0.0144587314511	-0.0310028152345	100047.046832	5000.000000	false	20	0.000131577928099	0.000365014914222	0.814953	ok	none
-1.027638191	-40.226130653	3.02052778319	0.000174365501679	5.87461458836e-05	-4.999999961e-05	-0.00892018618302	-0.0143352451602	-0.0284750913997	50016.216631	5000.000000	true	10	4.35327730599e-05	0.000439298230678	0.360844	ok	none
-1.022613065	-40.226130653	3.02865946533	0.00027691029031	2.28330234733e-05	-4.999999981e-05	-0.008714165149	-0.0144058537637	-0.029952416213	95036.933352	5000.000000	true	19	4.74716336518e-05	0.000461358519539	0.754867	ok	none
-1.017587940	-40.226130653	3.01797623457	0.000170668974128	3.74219375622e-05	-5.00000000536e-05	-0.00879443973779	-0.0143449318805	-0.0282699544303	65026.196413	5000.000000	true	13	3.89540042212e-05	0.0017205890245	0.467124	ok	none
-1.012562814	-40.226130653	3.01898632883	0.000180826520967	3.63345967107e-05	-4.99999997207e-05	-0.00880428857276	-0.0143641383694	-0.0287553580353	65013.292027	5000.000000	true	13	5.59228131637e-05	0.00290766622209	0.483735	ok	none
-1.007537688	-40.226130653	3.01887574505	0.000184669260323	3.35616563143e-05	-4.99999998061e-05	-0.00891254445126	-0.0143068043776	-0.0278552285313	50007.479463	5000.000000	true	10	0.000181389402818	0.00279158680947	0.329849	ok	none
-1.002512563	-40.226130653	3.02603005357	0.000257839542759	1.89774076594e-05	-4.99999997916e-05	-0.00871365669599	-0.0144190238803	-0.0297414097084	75062.555890	5000.000000	true	15	1.09009148165e-05	0.00145708668782	0.622085	ok	none
-0.997487437	-40.226130653	3.01818376954	0.000188800240375	2.13959435856e-05	-5.00000002534e-05	-0.00880984459007	-0.0143610885994	-0.0288470622495	70025.772537	5000.000000	true	14	0.000181437444741	0.000523312290071	0.494887	ok	none
-0.992462312	-40.226130653	3.02304107496	0.000238647280466	1.59126490092e-05	-4.99999997872e-05	-0.00887805495546	-0.0143435830372	-0.0292868405305	40007.889122	5000.000000	true	8	3.86377864221e-05	0.000297438626047	0.302320	ok	none
-0.987437186	-40.226130653	3.02055736033	0.000232077383502	4.94792667291e-07	-4.99999999473e-05	-0.00888110989535	-0.0144687296588	-0.0310214986327	95028.072693	5000.000000	true	19	0.000225871011946	0.000252248427643	0.804838	ok	none
-0.982412060	-40.226130653	3.02609608741	0.000263805286395	1.48754709522e-05	-5.00000007896e-05	-0.0087630284556	-0.0145172190652	-0.0318096241121	60000.855038	5000.000000	true	12	0.000251956145492	0.00491766295807	0.610115	ok	none
-0.977386935	-40.226130653	3.0219853552	0.000235563094443	5.22450905701e-06	-4.9999999947e-05	-0.00867794046669	-0.0144783709589	-0.0303739896974	95059.555105	5000.000000	true	19	0.000136319448293	0.00127450711294	0.898583	ok	none
-0.972361809	-40.226130653	3.02104407817	0.00022982937755	5.69193520177e-06	-4.99999999547e-05	-0.00881584412103	-0.0145058467007	-0.0312804188951	100031.373492	5000.000000	false	20	0.000107353053584	0.000935282394026	0.925536	ok	none
-0.967336683	-40.226130653	3.01996382467	0.000227903793112	-4.98056311482e-06	-4.99999997651e-05	-0.0086618287391	-0.0143579616914	-0.0280142187474	60024.327080	5000.000000	true	12	7.08213595482e-05	0.00154255522201	0.448641	ok	none
-0.962311558	-40.226130653	3.02322745465	0.000262196923205	-9.39610189158e-06	-4.99999997597e-05	-0.00873108244461	-0.0145203311969	-0.0312104388151	75056.729941	5000.000000	true	15	0.000176942253347	0.000905908471077	0.723211	ok	none
-0.957286432	-40.226130653	3.02286156413	0.000254711247697	-4.56020054422e-06	-4.99999997656e-05	-0.0087549148532	-0.0145034317691	-0.0309140721037	100043.351279	5000.000000	true	20	0.000205839134915	0.000879015799082	1.044239	ok	none
-0.952261307	-40.226130653	3.02402665154	0.000266255826685	-4.538734693e-06	-5.00000026329e-05	-0.00881176010056	-0.0145684916497	-0.0322762364042	100011.662681	5000.000000	false	20	0.00119806537483	0.00357185332715	1.120637	ok	none
-0.947236181	-40.226130653	3.02933261356	0.000316368489723	-1.23196946382e-05	-5.00000022588e-05	-0.00866096682179	-0.0144647912019	-0.0302529601495	65028.146364	5000.000000	true	13	0.000198332577984	8.43264890671e-05	0.584998	ok	none
-0.942211055	-40.226130653	3.01899972857	0.000257923559446	-4.09615718216e-05	-4.99999821316e-05	-0.00878759950984	-0.0144811248171	-0.0303740818142	100017.567705	5000.000000	false	20	0.000270306274648	0.000335229989559	0.957959	ok	none
-0.937185930	-40.226130653	3.02258650158	0.000266211125028	-2.04250068995e-05	-4.99999983033e-05	-0.00866827999771	-0.0144817155903	-0.0306379932227	95003.486815	5000.000000	true	19	0.000108680980065	0.000931789554514	0.830545	ok	none
-0.932160804	-40.226130653	3.01728591785	0.000214994638494	-1.27768671794e-05	-4.99999997501e-05	-0.00880588308146	-0.0144721878184	-0.0302870174092	70037.471825	5000.000000	true	14	0.000103789001099	0.000941831995487	0.608514	ok	none
-0.927135678	-40.226130653	3.02576017868	0.000282628914085	-7.37777015479e-06	-4.99999999621e-05	-0.00874416077509	-0.0145365424648	-0.0315345598567	100056.125067	5000.000000	false	20	1.71240704368e-05	0.000693934369784	0.919966	ok	none
-0.922110553	-40.226130653	3.01928584064	0.000218973603911	5.59840592062e-07	-5.00000001505e-05	-0.00879056544565	-0.0145530404534	-0.0320951723546	85004.694656	5000.000000	true	17	0.000223146664043	0.00153200344547	0.882298	ok	none
-0.917085427	-40.226130653	3.01931170846	0.000221097931181	1.0204398011e-07	-5.00000006097e-05	-0.00886508694325	-0.0146207055841	-0.0334537143236	100009.046194	5000.000000	false	20	0.000256926201943	0.00120698180236	1.201956	ok	none
-0.912060302	-40.226130653	3.01492283468	0.00015022747697	3.35610872651e-05	-5.00000713027e-05	-0.00896535382273	-0.0145726567726	-0.0322146892937	100007.198405	5000.000000	true	20	0.000284253520829	0.000650222943977	0.955630	ok	none
-0.907035176	-40.226130653	3.03215871983	0.000312617624865	1.55554948221e-05	-5.00000000868e-05	-0.0086500060034	-0.0145635683748	-0.0325375262999	85024.665347	5000.000000	true	17	0.000263457787745	0.00165072310577	0.849423	ok	none
-0.902010050	-40.226130653	3.0194231645	0.000216412604715	4.43683535124e-06	-5.0000000021e-05	-0.00879616913197	-0.0144224190169	-0.0295973121828	45043.102045	5000.000000	true	9	9.57090509565e-05	0.00114815080504	0.355210	ok	none
-0.896984925	-40.226130653	3.01709479964	0.000196553718069	3.74601717819e-06	-5.00000002473e-05	-0.0087921320048	-0.0144746028493	-0.0297289968992	90041.657756	5000.000000	true	18	0.000237243546088	0.00207071914062	0.745776	ok	none
-0.891959799	-40.226130653	3.02027350057	0.000219373735574	9.71955964778e-06	-5.00000018673e-05	-0.00883386136307	-0.0145084946296	-0.0304247425338	100020.092678	5000.000000	false	20	3.75380731552e-05	0.000330833714179	0.836938	ok	none
-0.886934673	-40.226130653	3.02051381096	0.000237609317284	-6.26159352113e-06	-4.99999999989e-05	-0.00884027468669	-0.014519966373	-0.0312859876771	90024.338633	5000.000000	true	18	9.78963277089e-05	0.000373551576185	0.805061	ok	none
-0.881909548	-40.226130653	3.02359965556	0.000230659597584	2.58148280711e-05	-5.00000000323e-05	-0.0087490440324	-0.0143840891181	-0.0275587446997	50021.681646	5000.000000	true	10	0.000264528708295	0.000271980234898	0.367578	ok	none
-0.876884422	-40.226130653	3.01909319252	0.000217927429571	1.68765025346e-06	-4.99999999756e-05	-0.00888353687837	-0.0144674483171	-0.0292742039156	100007.517764	5000.000000	true	20	0.000269385030447	0.000654968353428	0.803667	ok	none
-0.871859296	-40.226130653	3.02233908703	0.000257702014083	-1.09161166257e-05	-5.00000002833e-05	-0.00880903937051	-0.0145144111634	-0.0303502765496	100050.566632	5000.000000	false	20	0.000381269541605	0.000336820693738	0.842836	ok	none
-0.866834171	-40.226130653	3.01823638332	0.000216719620509	-3.79706423853e-06	-5.00000303699e-05	-0.00893392747112	-0.0147508463231	-0.0352048340321	100045.141262	5000.000000	false	20	0.000830301331608	0.000279812224613	1.280173	ok	none
-0.861809045	-40.226130653	3.0221538397	0.000225138523326	2.10455557184e-05	-5.00000026336e-05	-0.0088555338074	-0.0145718704375	-0.03204908456	100020.884494	5000.000000	false	20	7.73943963315e-05	0.000893452241548	0.997217	ok	none
-0.856783920	-40.226130653	3.02334990378	0.000248910795244	8.51215867812e-06	-5.00000000447e-05	-0.00888324662326	-0.0145340662941	-0.0316315684738	90056.972795	5000.000000	true	18	0.000152916589238	0.000713687461018	0.798182	ok	none
-0.851758794	-40.226130653	3.02264890461	0.000251164966106	-4.48311939495e-07	-5.00000000704e-05	-0.00886209101884	-0.0145344399923	-0.0312355752112	85022.501598	5000.000000	true	17	0.000230858585523	0.00182933930472	0.779458	ok	none
-0.846733668	-40.226130653	3.01881359624	0.000220509284255	-3.06293606501e-06	-5.00000021354e-05	-0.00890028381256	-0.0146235526705	-0.0318568124602	100060.771228	5000.000000	false	20	0.000818768057287	0.000404767297785	1.056856	ok	none
-0.841708543	-40.226130653	3.023452212	0.000244001498142	1.30656578644e-05	-4.99999999673e-05	-0.00882932305319	-0.0145361566497	-0.0304985286321	95039.407563	5000.000000	true	19	0.000135638019592	0.000144202322109	0.841817	ok	none
-0.836683417	-40.226130653	3.02610867991	0.000269174422193	6.58635811166e-06	-4.99999998251e-05	-0.0086469626679	-0.0143963701682	-0.0274832919357	40037.481910	5000.000000	true	8	3.20145174989e-05	0.00234139710836	0.288659	ok	none
-0.831658291	-40.226130653	3.0299611409	0.000287427993637	2.97371256464e-05	-5.00000025796e-05	-0.00891705417898	-0.0146606701792	-0.0323179491027	100012.851711	5000.000000	false	20	0.000183873883385	0.00377680753029	0.979600	ok	none
-0.826633166	-40.226130653	3.03177480428	0.000299043738789	3.00634556414e-05	-5.00000133896e-05	-0.0087839150343	-0.0145688092061	-0.0308749926328	95023.396341	5000.000000	true	19	5.13962122468e-05	0.00278221164778	0.869912	ok	none
-0.821608040	-40.226130653	3.0226731737	0.000260552221138	-1.14951468691e-05	-4.99999999474e-05	-0.00877940939975	-0.0145810090829	-0.0307207201132	100020.777866	5000.000000	false	20	0.000487213044803	0.00100343503217	0.910111	ok	none
-0.816582915	-40.226130653	3.02652142708	0.000173726443681	0.000114409862999	-5.0000055528e-05	-0.00897901347441	-0.0146126168337	-0.0310604725699	60041.991247	5000.000000	true	12	0.000271678782178	0.00468583255613	0.598504	ok	none
-0.811557789	-40.226130653	3.03101205601	0.000293178774575	3.46843809934e-05	-5.00001397023e-05	-0.00895983857885	-0.0146518503219	-0.0325036039719	100050.734886	5000.000000	false	20	4.87041947547e-05	0.00247219276678	0.993032	ok	none
-0.806532663	-40.226130653	3.03025438344	0.000253161556812	6.34190027062e-05	-5.00000007109e-05	-0.00881130363597	-0.0143803048962	-0.027566209282	75003.252057	5000.000000	true	15	2.06455942532e-05	0.000442961666106	0.503478	ok	none
-0.801507538	-40.226130653	3.02221490933	0.000199072926015	5.00370446498e-05	-4.99999999416e-05	-0.00896289819431	-0.0144510033759	-0.0311643648196	60031.824830	5000.000000	true	12	0.000241532118655	0.00132725980193	0.611205	ok	none
-0.796482412	-40.226130653	3.02329442364	0.000228577525429	2.82907943073e-05	-4.9999999968e-05	-0.00888059404209	-0.0144496102493	-0.0286808070544	95038.512144	5000.000000	true	19	0.000175827909895	0.000854157477485	0.813705	ok	none
-0.791457286	-40.226130653	3.01751690166	0.000187854552005	1.92628724597e-05	-5.00000000634e-05	-0.00896947573685	-0.0144666176294	-0.031598561047	100034.109537	5000.000000	false	20	0.000190267383258	0.000888516236336	1.020731	ok	none
-0.786432161	-40.226130653	3.02750395132	0.000262298370481	3.299330968e-05	-5.0000120902e-05	-0.00891841162705	-0.0145395514942	-0.0312112315195	100000.169907	5000.000000	false	20	0.00146235397866	0.00201275197546	1.004542	ok	none
-0.781407035	-40.226130653	3.02719219229	0.000218167627142	7.53124994875e-05	-5.00073066509e-05	-0.00895377678274	-0.0146704652948	-0.0318965142541	100000.003628	5000.000000	true	20	6.66858750697e-05	0.00366501303731	0.955112	ok	none
-0.776381910	-40.226130653	3.01923982826	0.00021258731425	1.17971283998e-05	-5.00000000135e-05	-0.00906372137422	-0.0147027863489	-0.0336024156206	100008.433139	5000.000000	false	20	0.000502386856666	0.001182787501	1.191178	ok	none
-0.771356784	-40.226130653	3.02604150799	0.000270176225423	1.33460928814e-05	-5.00000002202e-05	-0.00896731165307	-0.0147078509282	-0.034263950898	100024.303005	5000.000000	false	20	0.000604809242299	0.0011517504651	1.185773	ok	none
-0.766331658	-40.226130653	3.03238967365	0.00029006918933	4.60366222072e-05	-5.00000006192e-05	-0.00883324154423	-0.0138747646837	-0.0281906196919	100001.236980	5000.000000	false	20	0.00104273252688	0.00190103534148	0.739612	ok	none
-0.761306533	-40.226130653	3.02749197163	0.000263037548574	3.12966675714e-05	-5.00000096487e-05	-0.00888747485281	-0.0145141469903	-0.0299265187484	85041.696947	5000.000000	true	17	0.000268355935098	0.000631115659409	0.676548	ok	none
-0.756281407	-40.226130653	3.01814152095	0.000197616915987	1.28647932617e-05	-4.99999999987e-05	-0.00884610004448	-0.0141101767356	-0.030604481177	90008.810287	5000.000000	true	18	0.000282770068855	0.0029368245287	0.821099	ok	none
-0.751256281	-40.226130653	3.03188645748	0.00031180769865	1.69479336657e-05	-5.00000079124e-05	-0.00874213212859	-0.014705039064	-0.0334623368462	100010.169100	5000.000000	true	20	3.5172337971e-05	0.000500412784269	1.127184	ok	none
-0.746231156	-40.226130653	3.02060072947	0.000239831268459	-7.55194654644e-07	-5.00000083057e-05	-0.00917812477178	-0.0147879175228	-0.0366215024145	100010.344208	5000.000000	false	20	0.00146803716667	0.000741453768826	1.312141	ok	none
-0.741206030	-40.226130653	3.01950359952	0.000220560529844	2.97616061046e-06	-5.00000148739e-05	-0.00889767427011	-0.0145101593395	-0.0366735240418	100032.824680	5000.000000	false	20	0.000656485405038	0.00165355924897	1.528706	ok	none
-0.736180905	-40.226130653	3.02750899755	0.000277391161986	1.41628195069e-05	-5.00000019124e-05	-0.00878090810542	-0.0146459425293	-0.0322694352961	90041.564225	5000.000000	true	18	0.000205849555395	0.00242894496893	1.080821	ok	none
-0.731155779	-40.226130653	3.01974391157	0.000218297667137	9.08190852226e-06	-5.00000003147e-05	-0.00898401386773	-0.0146441003698	-0.0314600134703	95019.677089	5000.000000	true	19	9.83935778477e-05	0.00155010597455	0.963713	ok	none
-0.726130653	-40.226130653	3.02760932798	0.000286668467146	1.83613038352e-05	-4.99999999995e-05	-0.00923708723348	-0.0147777036544	-0.0339370841862	100000.379879	5000.000000	false	20	0.000569835936328	0.00560266898984	1.126436	ok	none
-0.721105528	-40.226130653	3.02099213946	0.000232143015313	7.13628343323e-06	-5.0000003098e-05	-0.00901667483873	-0.014183317493	-0.0318838602272	100046.077696	5000.000000	false	20	0.000129263542122	0.00148298060515	1.082494	ok	none
-0.716080402	-40.226130653	3.02219551569	0.000226993687923	6.61372168833e-06	-5.00002023151e-05	-0.00827226588559	-0.0134939990267	-0.02691871935	100010.067898	5000.000000	false	20	0.000342678270797	0.00312105057257	0.737239	ok	none
-0.711055276	-40.226130653	3.01739886235	0.000174330138262	1.6513069366e-05	-5.00000042659e-05	-0.00809496624201	-0.0138086019178	-0.032052941995	100024.257428	5000.000000	false	20	0.000269428252727	0.00221375569629	1.206645	ok	none
-0.706030151	-40.226130653	3.02547813611	0.000239021667868	2.27087557501e-05	-5.00000083244e-05	-0.00831027883579	-0.0135864556459	-0.0272488679238	100005.478399	5000.000000	false	20	0.00096608046917	0.00312423820875	0.840016	ok	none
-0.701005025	-40.226130653	3.0291897733	0.000313437096235	5.72438530302e-07	-4.99999999962e-05	-0.00904459010439	-0.014889042491	-0.0363481591299	100003.370181	5000.000000	false	20	0.000217063558314	0.000205301166391	1.282500	ok	none
-0.695979899	-40.226130653	3.01551115463	0.000186444223999	1.76985477003e-06	-5.00000001796e-05	-0.00891062476543	-0.0142985042069	-0.0322602941745	100027.842381	5000.000000	false	20	0.0004142722042	0.00133999234734	1.176792	ok	none
-0.690954774	-40.226130653	3.03129174947	0.000280795877475	4.2622797774e-05	-5.00000833285e-05	-0.00873772149268	-0.0143663522786	-0.032338160233	100011.944297	5000.000000	false	20	0.000396574708449	0.000664690962392	1.173349	ok	none
-0.685929648	-40.226130653	3.02047650049	0.000239262897553	-3.25494210223e-06	-5.00000000411e-05	-0.00908397191827	-0.0146829787859	-0.0343292694638	100003.660139	5000.000000	false	20	0.00145275810534	0.00461822401459	1.284319	ok	none
-0.680904523	-40.226130653	3.02154501345	0.000222778999159	1.27885618545e-05	-5.00000010665e-05	-0.00861301666583	-0.0137650766555	-0.0276965728756	80035.527350	5000.000000	true	16	0.000157296291087	0.00239701419894	0.657403	ok	none
-0.675879397	-40.226130653	3.0206793452	0.00023457014963	1.20179249973e-07	-5.00000014723e-05	-0.00893114968619	-0.0148120392195	-0.0341317968763	100049.832147	5000.000000	false	20	0.000137224806055	0.00198523266442	1.247664	ok	none
-0.670854271	-40.226130653	3.0270014158	0.000273689133353	1.47167117414e-05	-5.00000002028e-05	-0.00882938312065	-0.0147910019838	-0.0355361703907	100024.711526	5000.000000	false	20	0.000255262974085	0.000208354547822	1.310254	ok	none
-0.665829146	-40.226130653	3.02290632133	0.000264904889392	-4.68841244579e-06	-5.00000000076e-05	-0.00917722553095	-0.0148079704597	-0.0388508352526	100002.201930	5000.000000	false	20	0.00104687463863	9.92421702382e-05	1.604464	ok	none
-0.660804020	-40.226130653	3.03589751756	0.000354756246115	5.88435645913e-06	-5.0000000014e-05	-0.00865353995706	-0.0142830188572	-0.029289874094	90010.270156	5000.000000	true	18	0.000260916784985	0.00148734536683	0.799476	ok	none
-0.655778894	-40.226130653	3.0234115066	0.000271965055134	-1.06932317768e-05	-5.0000000024e-05	-0.00902427284955	-0.0145595613004	-0.0342775855897	100013.094627	5000.000000	false	20	0.0014285930076	0.000114714413447	1.200000	ok	none
-0.650753769	-40.226130653	3.02364571323	0.000264670468986	-4.67572314599e-06	-5.00000018835e-05	-0.00888088009398	-0.0149695514899	-0.0390351395852	100070.486664	5000.000000	false	20	0.000721172605216	0.00121336429314	1.539375	ok	none
-0.645728643	-40.226130653	3.02129684444	0.000259107170305	-1.21093671478e-05	-5.00000000078e-05	-0.00925009354064	-0.01487194433	-0.0374131359371	100007.337499	5000.000000	false	20	0.000193933006498	0.00137975646438	1.509952	ok	none
-0.640703518	-40.226130653	3.01725700972	0.000201281021545	4.06722500727e-06	-5.00000204222e-05	-0.00900203619521	-0.0149497213462	-0.0383343037504	100051.967055	5000.000000	false	20	8.19251694206e-05	0.00166020708319	1.651730	ok	none
-0.635678392	-40.226130653	3.02576462668	0.000296246855813	-1.36285370072e-05	-5.00000000061e-05	-0.00902859263869	-0.0147890076876	-0.0368858206173	100000.316928	5000.000000	false	20	0.00101545218515	0.000346306447427	1.319652	ok	none
-0.630653266	-40.226130653	3.02319376085	0.000263038620715	3.64061155114e-07	-4.99999999547e-05	-0.00920086583934	-0.0149799191066	-0.0381235769499	100005.064734	5000.000000	false	20	0.000361162827928	0.00278335870505	1.387656	ok	none
-0.625628141	-40.226130653	3.024455142	0.000277860133964	-5.75225985199e-06	-5.0000000031e-05	-0.0090822565681	-0.014844837967	-0.0345508147353	100000.220817	5000.000000	false	20	0.000693584842143	0.000234209842267	1.253839	ok	none
-0.620603015	-40.226130653	3.02536322216	0.000273176371978	-3.31117835311e-07	-5.00000002479e-05	-0.00878615707854	-0.0148134816362	-0.0340820164248	100002.457295	5000.000000	false	20	0.000443805600287	0.000582670246338	1.251975	ok	none
-0.615577889	-40.226130653	3.02167835296	0.000245581899093	-2.31439151469e-06	-5.00000000473e-05	-0.00891523022455	-0.0150474254266	-0.0407890874367	100056.544134	5000.000000	false	20	0.000706634514087	0.00175880697867	1.667979	ok	none
-0.610552764	-40.226130653	3.02165649229	0.000240901681642	4.77825224949e-06	-5.00000047525e-05	-0.00903562435448	-0.0149140582717	-0.0374933037014	100000.757365	5000.000000	false	20	0.000238825937755	0.00241674430848	1.420067	ok	none
-0.605527638	-40.226130653	3.02086804627	0.000231693948825	3.47193762756e-06	-5.00000412275e-05	-0.00887317589886	-0.014922899001	-0.0372360385487	100001.716339	5000.000000	false	20	0.00011823676667	1.81275328508e-05	1.430776	ok	none
-0.600502513	-40.226130653	3.01718876707	0.000206997921364	-1.07715641791e-06	-5.00003903649e-05	-0.00907106216137	-0.0149161183979	-0.0376568539168	100002.042813	5000.000000	false	20	0.00112754446489	0.00774573090859	1.506203	ok	none
-0.595477387	-40.226130653	3.01579506542	0.000177844689116	1.68484586404e-05	-5.00003852226e-05	-0.00916063078425	-0.0150714266024	-0.0412477701255	100010.195677	5000.000000	false	20	0.000428676353616	0.00284283358256	1.734909	ok	none
-0.590452261	-40.226130653	3.00785473361	0.000154743677242	-3.29867401099e-05	-5.00000003178e-05	-0.00913550228416	-0.0151246510916	-0.0423851266911	100068.625903	5000.000000	false	20	0.00052288964884	0.00487676537396	1.856057	ok	none
-0.585427136	-40.226130653	3.01282099173	0.000148594955956	2.09274222051e-05	-5.00162380733e-05	-0.0093211307388	-0.0150271042753	-0.039424329883	100056.490216	5000.000000	false	20	0.000354570403307	0.000168206815404	1.741686	ok	none
-0.580402010	-40.226130653	3.01866087978	0.00021230600269	6.89908324941e-06	-5.00000039704e-05	-0.00906736895445	-0.0149321880708	-0.0372532608148	100003.639638	5000.000000	false	20	9.18065358579e-05	7.49740348072e-05	1.454490	ok	none
-0.575376884	-40.226130653	3.01283572029	0.000158082658207	9.41995752004e-06	-5.0000834592e-05	-0.00915428028232	-0.0150432156546	-0.04013656783	100015.706056	5000.000000	false	20	0.000455253224839	0.0066702920888	1.669777	ok	none
-0.570351759	-40.226130653	3.02074374954	0.000217159913941	2.16392762845e-05	-5.0001723277e-05	-0.00910141469735	-0.0149246140999	-0.036378280523	100020.880626	5000.000000	false	20	0.000218516203653	0.00205641163417	1.369128	ok	none
-0.565326633	-40.226130653	3.01871992446	0.000212120502135	1.10556298022e-05	-4.99999996536e-05	-0.00925089909928	-0.0149872155404	-0.0383970700668	100001.020176	5000.000000	false	20	0.000771543006848	0.00277283401194	1.529109	ok	none
-0.560301508	-40.226130653	3.01743021546	0.000218246990094	-7.43688247278e-06	-5.00000000995e-05	-0.00922593916898	-0.0150476173938	-0.040142835873	100015.733857	5000.000000	false	20	0.00140933781285	0.00186812955738	1.629063	ok	none
-0.555276382	-40.226130653	3.01453512419	0.000193753227151	-9.36469488504e-06	-5.00000343311e-05	-0.00924577569089	-0.0151150210793	-0.0420790216387	100039.680283	5000.000000	false	20	0.000472115700896	0.000737449120388	2.706522	ok	none
-0.550251256	-40.226130653	3.00586322246	0.000105637575796	-2.17524371682e-07	-5.0000211556e-05	-0.00945211276112	-0.0152170885334	-0.0434078645449	100033.719522	5000.000000	false	20	0.000462483581304	0.000908298273716	1.840449	ok	none
-0.545226131	-40.226130653	3.00854600357	0.000138082746197	-8.6768769919e-06	-4.9999999052e-05	-0.00929157933525	-0.0151821593597	-0.0429200167432	100005.131722	5000.000000	false	20	0.00113474494671	0.00327462446595	1.963096	ok	none
-0.540201005	-40.226130653	3.00072431696	5.71827413523e-05	-3.40615563289e-07	-5.00000792921e-05	-0.0094462050054	-0.0152799995163	-0.0453422268615	100028.492549	5000.000000	false	20	0.000534403775444	0.176765231351	2.055359	ok	none
-0.535175879	-40.226130653	3.00099652126	8.08721849036e-05	-2.15489670058e-05	-5.0000006798e-05	-0.00935575738518	-0.0152378223942	-0.0450335662625	100014.256254	5000.000000	false	20	0.000259712774451	0.00091041157851	2.038337	ok	none
-0.530150754	-40.226130653	3.01009612074	0.000149382600124	-6.27562973435e-06	-4.99999949395e-05	-0.00922205447864	-0.0150387823559	-0.0396817345852	100000.583783	5000.000000	false	20	0.000308408944176	0.00220563020641	1.746732	ok	none
-0.525125628	-40.226130653	3.00774710769	0.000167289418073	-4.51815293182e-05	-5.00000896683e-05	-0.00930770578702	-0.0152216472245	-0.0439768444324	100031.324929	5000.000000	false	20	0.000534156142074	0.00228263223103	1.945912	ok	none
-0.520100503	-40.226130653	2.57847085704	6.06616885463e-05	-3.17380684332e-05	-5.0000133561e-05	-0.0094140881858	-0.0152682405554	-0.0453136880756	100025.821088	5000.000000	false	20	0.000576110766779	0.131642588208	2.254731	ok	none
-0.515075377	-40.226130653	3.00025655685	7.1569493867e-05	-1.91834016493e-05	-5.00000658712e-05	-0.00930018563138	-0.015211778742	-0.0441741355101	100002.902044	5000.000000	false	20	0.000415816001673	0.306322720057	2.054263	ok	none
-0.510050251	-40.226130653	2.4002551705	4.95995429399e-05	-2.95867554537e-05	-5.0000072357e-05	-0.00940470287244	-0.0152878879222	-0.0455326480549	100028.141653	5000.000000	false	20	0.000478651904738	0.284596226078	2.190741	ok	none
-0.505025126	-40.226130653	2.28351043278	2.92535979206e-05	-1.50780457961e-05	-5.0000107528e-05	-0.00936915852832	-0.015299161272	-0.0457736828627	100020.033880	5000.000000	false	20	0.000469713802353	0.0979576863148	2.215518	ok	none
-0.500000000	-40.226130653	3.00247967292	8.12739995623e-05	-8.28851522319e-06	-4.99998546126e-05	-0.00926962160945	-0.0152824462127	-0.0453773782871	100007.765640	5000.000000	false	20	0.000128980898488	0.0032915211427	2.178550	ok	none
