-7.1 -4.947145873729456 8.608666913631286
-7.064321608040201 -4.774840947541 8.608877233111619
-7.028643216080402 -4.598781718258393 8.608457867469495
-6.992964824120603 -4.419279036690282 8.607340391777678
-6.957286432160804 -4.236630656563858 8.605441656798833
-6.921608040201005 -4.0511240403698805 8.602660511140268
-6.8859296482412065 -3.8630395732986105 8.598873541926704
-6.850251256281407 -3.67265431939956 8.593929484373135
-6.814572864321608 -3.4802465249212116 8.58764180520783
-6.778894472361809 -3.286101178029032 8.579778749209165
-6.74321608040201 -3.0905170874237418 8.570049814879031
-6.707537688442211 -2.8938161779471328 8.558087134361191
-6.671859296482412 -2.696356073937195 8.543419478906895
-6.636180904522613 -2.4985476347846727 8.525435445423819
-6.600502512562814 -2.3008800767218673 8.50333057215971
-6.564824120603015 -2.103957926723546 8.476030355935944
-6.529145728643216 -1.9085567484654877 8.442077029327589
-6.493467336683417 -1.7157090889253368 8.399462436390875
-6.457788944723618 -1.526839441109386 8.345384083865477
-6.422110552763819 -1.3439779542846255 8.275904853685793
-6.38643216080402 -1.170094474862696 8.185539989956595
-6.350753768844221 -1.0095885682897157 8.066973937422166
-6.3150753768844226 -0.8688743823012872 7.911650989868805
-6.279396984924623 -0.7566242834767827 7.713062020017204
-6.243718592964824 -0.6824680130966936 7.474647324184104
-6.2080402010050255 -0.6529689967950297 7.217752859841991
-6.172361809045226 -0.6671759357168451 6.975154087499884
-6.136683417085427 -0.7171067631152456 6.770774943874409
-6.1010050251256285 -0.7926904509777948 6.610303617791506
-6.065326633165829 -0.8855539419565085 6.488015948954743
-6.02964824120603 -0.989882875314653 6.395286406339116
-5.993969849246231 -1.1019005045696688 6.324491862076665
-5.958291457286432 -1.2191785190170596 6.269853551731409
-5.922613065326633 -1.3401302916738689 6.22721107329161
-5.886934673366834 -1.4636904723642123 6.193604255219431
-5.851256281407035 -1.5891208509030774 6.1669157737576255
-5.815577889447236 -1.7158929403814607 6.145612038841996
-5.779899497487437 -1.8436158907965867 6.12856509144946
-5.744221105527638 -1.9719912649700668 6.114931933032253
-5.708542713567839 -2.100783986138159 6.104072587837339
-5.67286432160804 -2.229803228134022 6.095493922611933
-5.637185929648242 -2.3588895585255005 6.088810620642434
-5.601507537688442 -2.4879061029344465 6.08371768124886
-5.565829145728643 -2.6167323542672687 6.079970756666526
-5.530150753768845 -2.745259756017533 6.077371891791876
-5.494472361809045 -2.8733885012753975 6.075759040191078
-5.458793969849246 -3.001025177996953 6.074998256771051
-5.4231155778894475 -3.128081016754506 6.0749778125469245
-5.387437185929648 -3.2544705718836617 6.075603708040583
-5.351758793969849 -3.3801107221237685 6.076796216299021
-5.3160804020100505 -3.504919909029281 6.0784871929616475
-5.280402010050251 -3.628817556593878 6.080617963763478
-5.244723618090452 -3.751723629937671 6.083137651405284
-5.2090452261306535 -3.8735583043354875 6.086001839735571
-5.173366834170854 -3.994241722090004 6.089171499444115
-5.137688442211055 -4.113693820983273 6.09261211820395
-5.102010050251256 -4.231834222558378 6.096292991913346
-5.066331658291458 -4.348582170999055 6.1001866439235926
-5.030653266331658 -4.463856515707598 6.104268346667508
-4.994974874371859 -4.577575732092737 6.108515725819034
-4.959296482412061 -4.689657976482283 6.112908431395817
-4.923618090452261 -4.800021171728188 6.117427863516125
-4.887939698492462 -4.908583120677199 6.122056943050561
-4.852261306532664 -5.015261645085406 6.126779919363476
-4.816582914572864 -5.119974747821831 6.131582208857298
-4.780904522613065 -5.222640796330472 6.136450259229776
-4.745226130653267 -5.323178725367692 6.141371435292515
-4.709547738693467 -5.4215082570329445 6.146333922942698
-4.673869346733668 -5.517550136083898 6.151326648468806
-4.63819095477387 -5.611226378341847 6.15633921084826
-4.60251256281407 -5.702460529967075 6.161361825069347
-4.566834170854271 -5.791177935229778 6.166385274816896
-4.5311557788944725 -5.877306010255792 6.171400873109241
-4.495477386934674 -5.9607745201119995 6.176400429675214
-4.459798994974874 -6.041515856401876 6.181376224028891
-4.4241206030150755 -6.1194653126486145 6.1863209833271116
-4.388442211055277 -6.194561354417473 6.19122786422047
-4.352763819095477 -6.266745881417266 6.196090437991091
-4.317085427135678 -6.335964478578485 6.2009026783620955
-4.28140703517588 -6.4021666531603305 6.205658951435736
-4.24572864321608 -6.465306055220948 6.21035400726926
-4.210050251256281 -6.525340678967757 6.214982972655363
-4.174371859296483 -6.582233042363887 6.2195413447369
-4.138693467336683 -6.635950342854644 6.224024985119178
-4.103015075376884 -6.6864645875554345 6.228430114182623
-4.067336683417086 -6.733752696074946 6.232753305359864
-4.031658291457286 -6.777796574812166 6.236991479160558
-3.9959798994974873 -6.818583162107676 6.241141896766807
-3.9603015075376886 -6.8561044434101515 6.245202153074978
-3.9246231155778895 -6.890357436776985 6.249170169064618
-3.8889447236180903 -6.92134414876607 6.253044183433974
-3.8532663316582916 -6.94907150159268 6.256822743451775
-3.8175879396984924 -6.973551232554081 6.2605046950132595
-3.7819095477386933 -6.994799767180085 6.264089171905297
-3.7462311557788945 -7.0128380677779605 6.267575584319509
-3.7105527638190954 -7.027691459460226 6.270963606648395
-3.6748743718592967 -7.039389435712011 6.274253164652881
-3.6391959798994975 -7.047965446065584 6.277444422058504
-3.6035175879396983 -7.053456668261868 6.28053776668581
-3.5678391959798996 -7.0559037675565826 6.283533796210748
-3.5321608040201005 -7.055350645821578 6.28643330365304
-3.4964824120603013 -7.051844183035772 6.289237262701038
-3.4608040201005026 -7.045433973742952 6.291946812982501
-3.4251256281407034 -7.036172060984165 6.294563245377219
-3.3894472361809047 -7.024112670038896 6.297087987473954
-3.3537688442211055 -7.009311944195218 6.299522589265063
-3.3180904522613064 -6.991827684579808 6.301868709165083
-3.2824120603015077 -6.9717190958941755 6.304128100429325
-3.2467336683417085 -6.949046539693543 6.306302598041681
-3.2110552763819094 -6.9238712966327824 6.308394106133269
-3.1753768844221106 -6.896255338896369 6.310404585980118
-3.1396984924623115 -6.866261113815865 6.31233604462086
-3.1040201005025128 -6.833951339470219 6.31419052412571
-3.0683417085427136 -6.79938881286896 6.315970091538792
-3.0326633165829144 -6.762636231132265 6.317676829507419
-2.9969849246231157 -6.723756025909616 6.319312827604015
-2.9613065326633166 -6.682810211121547 6.32088017433929
-2.9256281407035174 -6.639860243967579 6.322380949859215
-2.8899497487437187 -6.594966899017281 6.323817219311118
-2.8542713567839195 -6.548190155092809 6.325191026861444
-2.818592964824121 -6.499589094561864 6.326504390342656
-2.7829145728643216 -6.449221814576415 6.327759296502401
-2.7472361809045225 -6.397145349730305 6.328957696825464
-2.7115577889447238 -6.343415605573905 6.3301015039004875
-2.6758793969849246 -6.288087302372535 6.3311925882970375
-2.6402010050251254 -6.231213928483037 6.332232775921956
-2.6045226130653267 -6.172847702678697 6.333223845815302
-2.5688442211055276 -6.113039544806547 6.33416752836128
-2.533165829145729 -6.051839054123712 6.335065503878077
-2.4974874371859297 -5.989294494640519 6.335919401546303
-2.4618090452261305 -5.925452786892781 6.33673079865634
-2.426130653266332 -5.860359505541712 6.337501220141083
-2.3904522613065327 -5.794058882163167 6.3382321383525655
-2.3547738693467335 -5.72659381277844 6.338924973079987
-2.319095477386935 -5.658005869504089 6.339581091754372
-2.2834170854271356 -5.588335315903834 6.3402018098404085
-2.247738693467337 -5.517621125545557 6.340788391374351
-2.2120603015075377 -5.44590100334314 6.341342049638745
-2.1763819095477386 -5.373211409299884 6.3418639479468535
-2.14070351758794 -5.299587584264332 6.342355200524093
-2.1050251256281407 -5.225063577388652 6.342816873464386
-2.0693467336683415 -5.149672274962285 6.34324998575412
-2.033668341708543 -5.073445430353826 6.343655510338574
-1.9979899497487437 -4.996413694810052 6.344034375234029
-1.9623115577889447 -4.918606648871429 6.344387464654607
-1.9266331658291458 -4.840052834226223 6.344715620167474
-1.8909547738693466 -4.760779785789821 6.345019641840853
-1.8552763819095477 -4.680814063881426 6.3453002894046255
-1.8195979899497488 -4.6001812863330045 6.345558283390698
-1.7839195979899498 -4.518906160414354 6.345794306266404
-1.7482412060301507 -4.437012514477859 6.346009003546968
-1.7125628140703517 -4.354523329210354 6.346202984880045
-1.6768844221105528 -4.2714607684281365 6.34637682510467
-1.6412060301507538 -4.187846209344917 6.346531065275462
-1.6055276381909547 -4.103700272257807 6.346666213658112
-1.5698492462311557 -4.019042849600789 6.346782746675577
-1.5341708542713568 -3.933893134336908 6.346881109825289
-1.4984924623115579 -3.8482696476588765 6.346961718550232
-1.4628140703517587 -3.7621902659753585 6.347024959065389
-1.4271356783919598 -3.6756722471683956 6.347071189139814
-1.3914572864321608 -3.5887322561160735 6.347100738839993
-1.3557788944723619 -3.501386389477611 6.34711391121363
-1.3201005025125627 -3.4136501997342146 6.347110982942189
-1.2844221105527638 -3.325538718499341 6.34709220493238
-1.2487437185929648 -3.2370664791033437 6.347057802867065
-1.213065326633166 -3.1482475384584214 6.347007977707589
-1.1773869346733667 -3.059095498223588 6.346942906145001
-1.1417085427135678 -2.9696235252822563 6.346862741004092
-1.1060301507537689 -2.87984437155021 6.346767611598057
-1.07035175879397 -2.7897703931330295 6.346657624033239
-1.0346733668341708 -2.699413568847598 6.346532861467038
-0.9989949748743718 -2.608785518133648 6.34639338431605
-0.9633165829145729 -2.5178975183839145 6.346239230407739
-0.9276381909547738 -2.4267605216980286 6.3460704150892315
-0.8919597989949749 -2.3353851710844844 6.3458869312904795
-0.8562814070351759 -2.243781816168609 6.345688749514287
-0.8206030150753769 -2.1519605283605947 6.34547581780859
-0.7849246231155779 -2.059931115588045 6.345248061650968
-0.7492462311557789 -1.9677031365425992 6.345005383811148
-0.7135678391959799 -1.8752859145192955 6.3447476641391765
-0.6778894472361809 -1.782688550832096 6.344474759311238
-0.6422110552763819 -1.6899199378545138 6.344186502515948
-0.606532663316583 -1.596988771696208 6.343882703083859
-0.5708542713567839 -1.503903564534005 6.343563146063721
-0.535175879396985 -1.4106726566287062 6.343227591737279
-0.4994974874371859 -1.3173042280427236 6.342875775075587
-0.4638190954773869 -1.2238063100754375 6.3425074051404575
-0.42814070351758793 -1.1301867964553445 6.342122164412622
-0.39246231155778893 -1.0364534542814046 6.341719708067324
-0.35678391959798994 -0.9426139347628538 6.341299663174308
-0.32110552763819095 -0.8486757837408736 6.340861627851071
-0.28542713567839195 -0.7546464520573715 6.340405170320778
-0.24974874371859296 -0.6605333057402242 6.339929827927317
-0.21407035175879396 -0.5663436360640738 6.339435106058977
-0.17839195979899497 -0.472084669471707 6.3389204770155825
-0.14271356783919598 -0.3777635773937458 6.3383853787924584
-0.10703517587939698 -0.2833874859741779 6.33782921379951
-0.07135678391959799 -0.18896348572306348 6.337251347469217
-0.035678391959798994 -0.09449864108737939 6.336651106860688
0.0 0.0 50.0
