-0.05218304068348108 5.815395095672357
5.815395095672357 3.759891756841868
3.759891756841868 -4.046276746715683
-4.046276746715683 7.832786837534655
7.832786837534655 1.873475170222385
1.873475170222385 2.0605107558130595
2.0605107558130595 -5.268787831685027
-5.268787831685027 4.953424517679477
4.953424517679477 0.2997450635316299
0.2997450635316299 2.26198041457009
2.26198041457009 -3.816017421792696
-3.816017421792696 -4.656511092318059
-4.656511092318059 -4.117790959472641
-4.117790959472641 4.800134740483614
4.800134740483614 3.498530521920026
3.498530521920026 0.8139897518820229
0.8139897518820229 -3.6477566071188328
-3.6477566071188328 0.409733080995094
0.409733080995094 3.157883939576354
3.157883939576354 -0.650728630896703
-0.650728630896703 3.77011981696626
3.77011981696626 0.9209735750364407
0.9209735750364407 -1.3602302277671912
-1.3602302277671912 0.6255979747550691
0.6255979747550691 5.695132103937954
5.695132103937954 2.472932840158157
2.472932840158157 -4.564871192535935
-4.564871192535935 5.962871194991495
5.962871194991495 2.740208463826164
2.740208463826164 4.872235385987498
4.872235385987498 -1.0620036981961365
-1.0620036981961365 -0.27669313610047813
-0.27669313610047813 -1.7491922631207895
-1.7491922631207895 -1.4702197655542564
-1.4702197655542564 1.9316838457607262
1.9316838457607262 0.42661801519736037
0.42661801519736037 0.16919683414472544
0.16919683414472544 3.0279952571159416
3.0279952571159416 -5.586799794567741
-5.586799794567741 1.0290840387523557
1.0290840387523557 -0.857662787536385
-0.857662787536385 2.7594073731478703
2.7594073731478703 -4.368022436514691
-4.368022436514691 1.9327016221607065
1.9327016221607065 -3.6058589165124513
-3.6058589165124513 4.003865497204572
4.003865497204572 -0.7653179272549172
-0.7653179272549172 3.945043013476894
3.945043013476894 -5.262459911351002
-5.262459911351002 3.6263803946043836
3.6263803946043836 -4.682474048670459
-4.682474048670459 2.354402369462509
2.354402369462509 4.463258886704524
4.463258886704524 -4.338490594860144
-4.338490594860144 4.118681997674485
4.118681997674485 -5.6187209937027855
-5.6187209937027855 0.5893254342101502
0.5893254342101502 -0.3225888466595571
-0.3225888466595571 3.43809267917083
3.43809267917083 -2.6546243741205178
-2.6546243741205178 0.534158970292858
0.534158970292858 6.845536598838572
6.845536598838572 -1.920583292770887
-1.920583292770887 2.070313587619354
2.070313587619354 2.603118695013059
2.603118695013059 -2.9346344129507576
-2.9346344129507576 -0.014185799250288891
-0.014185799250288891 -5.552950512857652
-5.552950512857652 -1.9135365612676603
-1.9135365612676603 0.289294292418138
0.289294292418138 -0.8645210698385754
-0.8645210698385754 5.803389632889334
5.803389632889334 -3.358514090530915
-3.358514090530915 -2.5413291702626033
-2.5413291702626033 -3.0501610220233744
-3.0501610220233744 -3.1633313762164503
-3.1633313762164503 -0.8359390089727299
-0.8359390089727299 2.1044648742230243
2.1044648742230243 1.7350730389483005
1.7350730389483005 -0.9873700731577996
-0.9873700731577996 0.932701547529194
0.932701547529194 -2.4698930689291085
-2.4698930689291085 -3.318223897183744
-3.318223897183744 1.170252864305605
1.170252864305605 -4.277977188583802
-4.277977188583802 3.5070074736017434
3.5070074736017434 -0.7262631571271491
-0.7262631571271491 6.212813694221065
6.212813694221065 -5.9228883910763
-5.9228883910763 0.813554718857814
0.813554718857814 -2.4046638590613543
-2.4046638590613543 -4.558491549681594
-4.558491549681594 2.3401079925066175
2.3401079925066175 2.0890046316626574
2.0890046316626574 -2.934312131771821
-2.934312131771821 2.0753941519893027
2.0753941519893027 1.9708690736212489
1.9708690736212489 3.522535741596852
3.522535741596852 -0.5332345570785938
-0.5332345570785938 -3.5250014628301596
-3.5250014628301596 0.15263969660972854
0.15263969660972854 0.4626020049941021
0.4626020049941021 0.6852742805923259
0.6852742805923259 -2.317256121743051
-2.317256121743051 -4.403250944845338
-4.403250944845338 0.9083223491273491
0.9083223491273491 0.4334251604493285
0.4334251604493285 -0.0014246313830951264
-0.0014246313830951264 2.892441870735783
2.892441870735783 7.330004789315657
7.330004789315657 -6.374120505594589
-6.374120505594589 3.222445820911775
3.222445820911775 -3.3816972795290052
-3.3816972795290052 -3.2788962340399586
-3.2788962340399586 4.412752366220584
4.412752366220584 3.8647017096807543
3.8647017096807543 6.97146469060947
6.97146469060947 0.8424944552707528
0.8424944552707528 -3.9086952607316188
-3.9086952607316188 3.209747047378822
3.209747047378822 0.38613646271636565
0.38613646271636565 1.954656660467157
1.954656660467157 -4.762204074906885
-4.762204074906885 6.928203762444903
6.928203762444903 0.6171213431054455
0.6171213431054455 -0.5730594971729014
-0.5730594971729014 0.9248959531789845
0.9248959531789845 1.9527018285045603
1.9527018285045603 -0.9291302673647396
-0.9291302673647396 -4.145376439241048
-4.145376439241048 6.030507064436418
6.030507064436418 -0.07482614215635032
-0.07482614215635032 -0.688645155961692
-0.688645155961692 -5.455258481883704
-5.455258481883704 -0.6164979518503333
-0.6164979518503333 -5.952013593647874
-5.952013593647874 0.5673909023785295
0.5673909023785295 5.178406898574527
5.178406898574527 -5.5430808425780755
-5.5430808425780755 -5.114633597545569
-5.114633597545569 1.6567150263503148
1.6567150263503148 2.8173092093698773
2.8173092093698773 -6.778959766559231
-6.778959766559231 1.3461576077524435
1.3461576077524435 -4.581332747406761
-4.581332747406761 4.249587631425361
4.249587631425361 -0.47005383070982326
-0.47005383070982326 -1.7866568081714311
-1.7866568081714311 2.4114005245493546
2.4114005245493546 -3.017889497131749
-3.017889497131749 3.32327238571243
3.32327238571243 0.24707572441033857
0.24707572441033857 -5.570703234851541
-5.570703234851541 2.5371198210962604
2.5371198210962604 -0.39698735276993585
-0.39698735276993585 0.577621946807045
0.577621946807045 2.751628238516576
2.751628238516576 -1.8350724372979197
-1.8350724372979197 2.750839842463619
2.750839842463619 7.9150285517679455
7.9150285517679455 0.31899968947328394
0.31899968947328394 2.9569679977939387
2.9569679977939387 -4.126478256384298
-4.126478256384298 2.0465563170628855
2.0465563170628855 -5.640060707627667
-5.640060707627667 1.729279951146792
1.729279951146792 -3.896134986237371
-3.896134986237371 6.06984367080526
6.06984367080526 -4.273691967405464
-4.273691967405464 0.5598727973694576
0.5598727973694576 -2.4745720209617192
-2.4745720209617192 -1.7420766747180703
-1.7420766747180703 -2.0127566685130356
-2.0127566685130356 2.833998953314431
2.833998953314431 0.37898850136985757
0.37898850136985757 0.7309731068859128
0.7309731068859128 -2.9956329800616506
-2.9956329800616506 0.6617984951355514
0.6617984951355514 1.6922387825469012
1.6922387825469012 3.1431148632613213
3.1431148632613213 -6.974086269798072
-6.974086269798072 -4.840244660842031
-4.840244660842031 0.8779241538701739
0.8779241538701739 2.56064830643384
2.56064830643384 1.6725392891702653
1.6725392891702653 -1.0508877101628953
-1.0508877101628953 1.1384761463580324
1.1384761463580324 -5.270082996802607
-5.270082996802607 -1.006588840162712
-1.006588840162712 -5.1963360035509245
-5.1963360035509245 -0.6658003454205529
-0.6658003454205529 -1.7321856288464883
-1.7321856288464883 4.61058136826331
4.61058136826331 2.150895389618879
2.150895389618879 -2.0830895788579507
-2.0830895788579507 -0.6014767068934526
-0.6014767068934526 0.15435629955061292
0.15435629955061292 -4.412215845770002
-4.412215845770002 1.5959790215021865
1.5959790215021865 2.9271967349148125
2.9271967349148125 0.8644955765221269
0.8644955765221269 0.3574876996124222
0.3574876996124222 2.784014087801104
2.784014087801104 9.061939507453495
9.061939507453495 1.2437849851814922
1.2437849851814922 0.40043087989276477
0.40043087989276477 2.808355163818901
2.808355163818901 -0.3292799605899569
-0.3292799605899569 -1.2986291721140997
-1.2986291721140997 -0.5306673774978999
-0.5306673774978999 7.8124697155053795
7.8124697155053795 0.052357731455897664
0.052357731455897664 -5.190288586955994
-5.190288586955994 4.084850762097689
4.084850762097689 0.5894980392381064
0.5894980392381064 2.161056246207302
2.161056246207302 -3.165906962481387
-3.165906962481387 -6.27398229873145
-6.27398229873145 5.008010260152416
5.008010260152416 -6.49757328235831
-6.49757328235831 -0.4296655234546197
-0.4296655234546197 6.31229041886284
6.31229041886284 0.7931915780145252
0.7931915780145252 -4.728185599565203
-4.728185599565203 0.7717624091025922
0.7717624091025922 1.266591953735605
1.266591953735605 -0.712358355801436
-0.712358355801436 6.691502890039795
6.691502890039795 1.684146979142689
1.684146979142689 -0.7939184091892905
-0.7939184091892905 0.601268830440668
0.601268830440668 -1.046478989939354
-1.046478989939354 -4.869738465055788
-4.869738465055788 -0.7713901783863732
-0.7713901783863732 1.5279868485437862
1.5279868485437862 1.4613527447551282
1.4613527447551282 -1.0644519144273152
-1.0644519144273152 -3.746441674941559
-3.746441674941559 -5.13584602524354
-5.13584602524354 -0.9177942724840967
-0.9177942724840967 -7.047405710921809
-7.047405710921809 0.6103341653207291
0.6103341653207291 1.858761101311597
1.858761101311597 0.8929639356418538
0.8929639356418538 3.8098731611831718
3.8098731611831718 -4.492071531079764
-4.492071531079764 2.98872313745621
2.98872313745621 9.285404709022076
9.285404709022076 0.36101334586135775
0.36101334586135775 -5.058806185926405
-5.058806185926405 6.835216130469884
6.835216130469884 -3.657548636718281
-3.657548636718281 -0.8294714661689454
-0.8294714661689454 1.8169124597108677
1.8169124597108677 -4.833981733166395
-4.833981733166395 3.3396392529330727
3.3396392529330727 -1.708566654360315
-1.708566654360315 -0.9593956111252533
-0.9593956111252533 -6.589769037406482
-6.589769037406482 -1.2790828220902595
-1.2790828220902595 5.7687820989479155
5.7687820989479155 -4.5046361186862445
-4.5046361186862445 0.5965782493447367
0.5965782493447367 -3.498695431514253
-3.498695431514253 2.915775357949958
2.915775357949958 -6.058369633649571
-6.058369633649571 -1.8599310383809993
-1.8599310383809993 -2.6244977188885295
-2.6244977188885295 3.757338347729768
3.757338347729768 1.2234421437785152
1.2234421437785152 -2.923211454620277
-2.923211454620277 1.1750926996657163
1.1750926996657163 1.8861769199262612
1.8861769199262612 -0.3443926936030754
-0.3443926936030754 7.762480492211941
7.762480492211941 0.22630362458061565
0.22630362458061565 -0.4073196871232239
-0.4073196871232239 -0.5040462402722735
-0.5040462402722735 -0.7792388726606262
-0.7792388726606262 1.3908633456009143
1.3908633456009143 1.2711112001517568
1.2711112001517568 4.6113859072592485
4.6113859072592485 -1.2875857203575403
-1.2875857203575403 1.991232662695169
1.991232662695169 -3.46620637717659
-3.46620637717659 1.9481861021142768
1.9481861021142768 -3.4624890673061506
-3.4624890673061506 2.0308982291212265
2.0308982291212265 2.694324860926736
2.694324860926736 -0.6206521551448246
-0.6206521551448246 3.3067742000363234
3.3067742000363234 4.746317890416789
4.746317890416789 -3.5827136181478036
-3.5827136181478036 -1.934427168269689
-1.934427168269689 -5.608735880673863
-5.608735880673863 -0.15771729541208837
-0.15771729541208837 -3.677302910629928
-3.677302910629928 4.898168186750958
4.898168186750958 3.7572288725463454
3.7572288725463454 -0.2709214241270948
-0.2709214241270948 1.7867625504080802
1.7867625504080802 -0.8289629310553168
-0.8289629310553168 0.05005109551603353
0.05005109551603353 2.353299262450923
2.353299262450923 -1.8989524672780664
-1.8989524672780664 -2.4845392563479876
-2.4845392563479876 -2.5906381137207317
-2.5906381137207317 2.677459699272665
2.677459699272665 -5.634007953154723
-5.634007953154723 4.823297691940599
4.823297691940599 -1.9822302166292742
-1.9822302166292742 0.6250712523635631
0.6250712523635631 -1.3706659692074479
-1.3706659692074479 1.38558927483825
1.38558927483825 2.979374645183138
2.979374645183138 2.80314342717296
2.80314342717296 -5.1232727828292965
-5.1232727828292965 2.2990914885839913
2.2990914885839913 -2.1309555248581002
-2.1309555248581002 6.006586471504918
6.006586471504918 1.8538467814009647
1.8538467814009647 -3.2727984107059322
-3.2727984107059322 2.654315110640019
2.654315110640019 0.35799132225952657
0.35799132225952657 -3.7357476845111073
-3.7357476845111073 0.5107901506940407
0.5107901506940407 2.899439992552777
2.899439992552777 -3.935341850388593
-3.935341850388593 2.1011296883988053
2.1011296883988053 0.22949987545564235
0.22949987545564235 -0.5203835706570287
-0.5203835706570287 6.708900567588451
6.708900567588451 -4.5346878996663325
-4.5346878996663325 -0.6228445773347914
-0.6228445773347914 -0.3100689481649144
-0.3100689481649144 0.6358539588836088
0.6358539588836088 -0.6515611361285629
-0.6515611361285629 0.4463098302631456
0.4463098302631456 2.4037240364630508
2.4037240364630508 3.3304549687830702
3.3304549687830702 0.9095523868386582
0.9095523868386582 2.65664867404406
2.65664867404406 -1.1596474872736928
-1.1596474872736928 -1.5661396477145069
-1.5661396477145069 0.21192114057059416
0.21192114057059416 -4.1039933053204525
-4.1039933053204525 -1.5274356478506177
-1.5274356478506177 1.3964600121739077
1.3964600121739077 0.882319873742038
0.882319873742038 -1.6971985257993618
-1.6971985257993618 0.6867448295269838
0.6867448295269838 0.950784263117505
0.950784263117505 1.1297080095284222
1.1297080095284222 2.181548228856924
2.181548228856924 -1.2046438666983594
-1.2046438666983594 7.987456445234294
7.987456445234294 0.20130969650197195
0.20130969650197195 -1.9471274149091715
-1.9471274149091715 3.677990631449785
3.677990631449785 -1.396498294327515
-1.396498294327515 5.066572272130903
5.066572272130903 3.0505376759615506
3.0505376759615506 0.7531953389298098
0.7531953389298098 2.904478946783052
2.904478946783052 1.842358702505067
1.842358702505067 5.26001706894118
5.26001706894118 -4.15147426748553
-4.15147426748553 3.51464193009164
3.51464193009164 1.9684273972014779
1.9684273972014779 -6.492692088553044
-6.492692088553044 1.0760481424558155
1.0760481424558155 -2.0253893154581766
-2.0253893154581766 -6.392573518209051
-6.392573518209051 0.3908665831888071
0.3908665831888071 1.8995823829369698
1.8995823829369698 1.4736595290807992
1.4736595290807992 -1.4889560114053382
-1.4889560114053382 1.3355411095877383
1.3355411095877383 -1.7430323110990174
-1.7430323110990174 -2.135814132433852
-2.135814132433852 -5.42581503948869
-5.42581503948869 2.776474130599909
2.776474130599909 -4.272239550138386
-4.272239550138386 0.9834392384107481
0.9834392384107481 -0.5775289945499668
-0.5775289945499668 -0.3274914037334338
-0.3274914037334338 -1.4376649676107023
-1.4376649676107023 1.4182712373804163
1.4182712373804163 5.124223930285709
5.124223930285709 3.192649780584647
3.192649780584647 -0.6689414620646793
-0.6689414620646793 -1.30243614898743
-1.30243614898743 4.51582832478168
4.51582832478168 -3.1186260163385002
-3.1186260163385002 -6.133330528904913
-6.133330528904913 0.7562439790631575
0.7562439790631575 -1.2481965490610256
-1.2481965490610256 -2.8094833948447575
-2.8094833948447575 5.719830002383395
5.719830002383395 0.8858372406975156
0.8858372406975156 -4.353491252416782
-4.353491252416782 -1.7425602747512134
-1.7425602747512134 3.8122509296548124
3.8122509296548124 5.25160227619906
5.25160227619906 -0.7655505327614172
-0.7655505327614172 1.3951954443371182
1.3951954443371182 -5.94803810613406
-5.94803810613406 4.088136027033928
4.088136027033928 1.9010191676274912
1.9010191676274912 -1.3516058578791492
-1.3516058578791492 -2.2375729682821013
-2.2375729682821013 1.7992907846103412
1.7992907846103412 -5.0841431198184255
-5.0841431198184255 2.048239631793442
2.048239631793442 -4.221852337222526
-4.221852337222526 1.4964814134797824
1.4964814134797824 0.8483642730522651
0.8483642730522651 5.553767023474377
5.553767023474377 -6.360862383570676
-6.360862383570676 0.27806414128026746
0.27806414128026746 -3.1347327127957856
-3.1347327127957856 1.8847698346751296
1.8847698346751296 -0.5936762024591626
-0.5936762024591626 6.379815523577048
6.379815523577048 -3.2738057205650586
-3.2738057205650586 7.891006254094305
7.891006254094305 -2.9289409081589484
-2.9289409081589484 -1.8818899361758898
-1.8818899361758898 1.3553840222463769
1.3553840222463769 7.597169901673392
7.597169901673392 -4.176531337894321
-4.176531337894321 1.062829984787268
1.062829984787268 -1.1119005259192036
-1.1119005259192036 0.523770039522339
0.523770039522339 -1.2747797551296844
-1.2747797551296844 3.1110809036259233
3.1110809036259233 1.6606674600051199
1.6606674600051199 0.3494110631454456
0.3494110631454456 0.630453056683947
0.630453056683947 -1.411160791324438
-1.411160791324438 0.7882137534840854
0.7882137534840854 2.064670105972243
2.064670105972243 -2.5069647862865403
-2.5069647862865403 1.1716740439022806
1.1716740439022806 -0.5284152222667797
-0.5284152222667797 7.657623660755677
7.657623660755677 1.8582968129479924
1.8582968129479924 3.3728542920193565
3.3728542920193565 7.856613214512645
7.856613214512645 7.627708943948177
7.627708943948177 0.5548745932727474
0.5548745932727474 2.9935693649853534
2.9935693649853534 -0.2828654177739613
-0.2828654177739613 -1.7061145549803756
-1.7061145549803756 1.67811783357115
1.67811783357115 0.19777826664795048
0.19777826664795048 8.596236132268833
8.596236132268833 -0.7811429389076223
-0.7811429389076223 -5.550579888817537
-5.550579888817537 1.0182529376244638
1.0182529376244638 8.277465202469529
8.277465202469529 -6.336634485807979
-6.336634485807979 0.34642812696598047
0.34642812696598047 -4.106683982023918
-4.106683982023918 -0.1672518532930046
-0.1672518532930046 -3.9033168964652907
-3.9033168964652907 0.745770205575461
0.745770205575461 -6.181639913777024
-6.181639913777024 1.2605952485608585
1.2605952485608585 -0.0942965666953595
-0.0942965666953595 -3.7471658044981955
-3.7471658044981955 5.881590798747582
5.881590798747582 -3.5506849463659784
-3.5506849463659784 0.503344327288091
0.503344327288091 3.758836573528032
3.758836573528032 5.358510037595345
5.358510037595345 -1.4035192696674867
-1.4035192696674867 -4.6019253227329875
-4.6019253227329875 -2.376919801604635
-2.376919801604635 -4.377236840190279
-4.377236840190279 1.0751490018313676
1.0751490018313676 7.904039041030064
7.904039041030064 1.276842128121983
1.276842128121983 5.196488958928691
5.196488958928691 3.5205695702201916
3.5205695702201916 -1.8980853688390336
-1.8980853688390336 0.7555071124852806
0.7555071124852806 -1.7790638688587477
-1.7790638688587477 -1.6672165422185243
-1.6672165422185243 2.1117380479418433
2.1117380479418433 -3.6063162424210304
-3.6063162424210304 0.21453892119144394
0.21453892119144394 -1.9780066392880842
-1.9780066392880842 -0.8496880260519092
-0.8496880260519092 1.0583037196122165
1.0583037196122165 -1.8474419021896038
-1.8474419021896038 4.340124662364039
4.340124662364039 3.859874638163246
3.859874638163246 -3.415383377474912
-3.415383377474912 -2.8562524338332853
-2.8562524338332853 -4.943292877225589
-4.943292877225589 4.903935433948011
4.903935433948011 0.8415572806396217
0.8415572806396217 -0.3787818247104889
-0.3787818247104889 8.410865403933961
8.410865403933961 -5.406158494613932
-5.406158494613932 4.776788748209696
4.776788748209696 -0.1422093688145694
-0.1422093688145694 7.305708880242357
7.305708880242357 2.795234336354072
2.795234336354072 -5.600689019960399
-5.600689019960399 6.758186795748594
6.758186795748594 -1.417817371709681
-1.417817371709681 -2.1288128274561813
-2.1288128274561813 -1.6592870746854722
-1.6592870746854722 1.0302273387078251
1.0302273387078251 -0.5722450898677407
-0.5722450898677407 6.975319445928323
6.975319445928323 0.8780378560497387
0.8780378560497387 -4.787852055707643
-4.787852055707643 1.073027539125957
1.073027539125957 1.144200461686746
1.144200461686746 -1.1344545976594091
-1.1344545976594091 -0.08163667154514397
-0.08163667154514397 6.980311344867703
6.980311344867703 -4.477369042921798
-4.477369042921798 -1.8389083556977748
-1.8389083556977748 2.333331802790406
2.333331802790406 -0.48344727209613636
-0.48344727209613636 6.206572531839182
6.206572531839182 0.07429284022537266
0.07429284022537266 0.962278973761816
0.962278973761816 -2.8059878643738267
-2.8059878643738267 1.4646717704079932
1.4646717704079932 5.5940776863153925
5.5940776863153925 -1.6939166041027023
-1.6939166041027023 0.1981520629546387
0.1981520629546387 -2.3268816141395905
-2.3268816141395905 6.9464251509021295
6.9464251509021295 -0.05178714366307118
-0.05178714366307118 1.3678751222346404
1.3678751222346404 -3.4179024685392165
-3.4179024685392165 6.429128452593333
6.429128452593333 0.08612144098580952
0.08612144098580952 0.6614969141461079
0.6614969141461079 0.9418402990025793
0.9418402990025793 -4.563168661545821
-4.563168661545821 -3.8900394484214873
-3.8900394484214873 -0.29188304334441123
-0.29188304334441123 1.9875765687159426
1.9875765687159426 -0.7581229229239033
-0.7581229229239033 6.487985842005013
6.487985842005013 -4.922850116604594
-4.922850116604594 1.0113060576156159
1.0113060576156159 -0.6036689723311954
-0.6036689723311954 4.143672889410686
4.143672889410686 7.783965259760359
7.783965259760359 1.2801170783566291
1.2801170783566291 -0.4254257093118392
-0.4254257093118392 9.220214458023097
9.220214458023097 -6.822036066793803
-6.822036066793803 4.904320141319892
4.904320141319892 -0.4668313765843334
-0.4668313765843334 -4.6550614215346044
-4.6550614215346044 1.0439021298710842
1.0439021298710842 -2.8800815715370955
-2.8800815715370955 -6.39725706730812
-6.39725706730812 3.6624745202808926
3.6624745202808926 7.552878740026521
7.552878740026521 9.130912952379399
9.130912952379399 -3.086319565473627
-3.086319565473627 -2.919440683892849
-2.919440683892849 3.1351761966784206
3.1351761966784206 5.161633847639665
5.161633847639665 -2.1574208611676324
-2.1574208611676324 1.2951350997104845
1.2951350997104845 -4.276109789314451
-4.276109789314451 6.22779926022686
6.22779926022686 0.521390657051629
0.521390657051629 1.048065187672025
1.048065187672025 -1.0663376916963452
-1.0663376916963452 0.8475637593196519
0.8475637593196519 -1.262617106180599
-1.262617106180599 1.151134720419812
1.151134720419812 -1.9597815248937034
-1.9597815248937034 8.328266650772752
8.328266650772752 -4.220659630045474
-4.220659630045474 3.6242856492499698
3.6242856492499698 0.24999902799920717
0.24999902799920717 6.799620717011895
6.799620717011895 2.8944084224786346
2.8944084224786346 -2.607322160627104
-2.607322160627104 1.0240059099591552
1.0240059099591552 -2.8430560383719357
-2.8430560383719357 -1.5852134437694452
-1.5852134437694452 -3.353915012380759
-3.353915012380759 3.4330148349110408
3.4330148349110408 -0.6893839563379149
-0.6893839563379149 0.04630114364466285
0.04630114364466285 -4.047731640204014
-4.047731640204014 3.706888490342641
3.706888490342641 -2.1506542439580874
-2.1506542439580874 0.26912226778236165
0.26912226778236165 -0.09689618986389296
-0.09689618986389296 5.95487835656035
5.95487835656035 -1.1992918237107368
-1.1992918237107368 -5.854561399236058
-5.854561399236058 1.1596376897792617
1.1596376897792617 0.9505051830531732
0.9505051830531732 -0.3932487376692307
-0.3932487376692307 1.383271635862513
1.383271635862513 -1.3457247370826229
-1.3457247370826229 -3.6631553830578074
-3.6631553830578074 -0.4971536060506775
-0.4971536060506775 2.8218644634184025
2.8218644634184025 -3.772333653007059
-3.772333653007059 8.409106589818863
8.409106589818863 1.2463567287332507
1.2463567287332507 2.1042176349453148
2.1042176349453148 -5.135526735585714
-5.135526735585714 -1.0446625755846226
-1.0446625755846226 -6.55503128893589
-6.55503128893589 -0.8134625855022969
-0.8134625855022969 0.03562158318671791
0.03562158318671791 3.4548378336145524
3.4548378336145524 -5.569766094225529
-5.569766094225529 1.3503337201171646
1.3503337201171646 -1.8549967884634344
-1.8549967884634344 -0.46158725607950307
-0.46158725607950307 8.057228501152267
8.057228501152267 -3.70108294848234
-3.70108294848234 1.332122365776844
1.332122365776844 -1.2473097950886838
-1.2473097950886838 4.5441489257338175
4.5441489257338175 -0.6769919519188186
-0.6769919519188186 6.965751371888888
6.965751371888888 -3.8490573622763993
-3.8490573622763993 -3.8444065905404106
-3.8444065905404106 3.6714246354346916
3.6714246354346916 -4.041827342067282
-4.041827342067282 1.8888858456452928
1.8888858456452928 1.0160664631409648
1.0160664631409648 -3.8926546138914246
-3.8926546138914246 3.3005727728651184
3.3005727728651184 -5.816052747778148
-5.816052747778148 -2.9859837252131936
-2.9859837252131936 -1.7027603584882895
-1.7027603584882895 0.45473878365424714
0.45473878365424714 -3.9806885205687883
-3.9806885205687883 5.810431651738084
5.810431651738084 -0.8256246729660236
-0.8256246729660236 -0.03829171623910672
-0.03829171623910672 -4.645974295776783
-4.645974295776783 1.02028464409731
1.02028464409731 1.1437937793752757
1.1437937793752757 0.9660925549995035
0.9660925549995035 6.422953485158027
6.422953485158027 1.281741038714645
1.281741038714645 1.7185175255761338
1.7185175255761338 -0.12404923030761683
-0.12404923030761683 2.522114087462282
2.522114087462282 -3.6473682561581096
-3.6473682561581096 -0.4095041760375601
-0.4095041760375601 -5.6968254015719335
-5.6968254015719335 3.285012690311625
3.285012690311625 -2.9713876037975044
-2.9713876037975044 -0.7956803273039894
-0.7956803273039894 1.9115350493649454
1.9115350493649454 0.5724156074241524
0.5724156074241524 -2.263118533909591
-2.263118533909591 -0.9279418757735983
-0.9279418757735983 6.054630957306475
6.054630957306475 -0.6051059944232849
-0.6051059944232849 -2.784185830009496
-2.784185830009496 8.193181001927371
8.193181001927371 0.044685673116879106
0.044685673116879106 1.1740745398039762
1.1740745398039762 -0.6166643566480254
-0.6166643566480254 -2.897824220571145
-2.897824220571145 7.637831440008704
7.637831440008704 -1.9333108575942115
-1.9333108575942115 0.9967483559479344
0.9967483559479344 4.200226086086318
4.200226086086318 0.44311937412609415
0.44311937412609415 -2.211411269326563
-2.211411269326563 -1.9318508962834968
-1.9318508962834968 0.6816447932428059
0.6816447932428059 3.5326038747456723
3.5326038747456723 1.8294206674840283
1.8294206674840283 0.6901351550801637
0.6901351550801637 -3.9705528812473525
-3.9705528812473525 3.2422611372389287
3.2422611372389287 -6.34969781579608
-6.34969781579608 3.2555153392617955
3.2555153392617955 -4.160818621241241
-4.160818621241241 3.490169972805314
3.490169972805314 2.739832141538574
2.739832141538574 -4.900127536127728
-4.900127536127728 -2.3793366250904313
-2.3793366250904313 3.4205051809884903
3.4205051809884903 -4.5712252327596925
-4.5712252327596925 -2.50748549854458
-2.50748549854458 -2.508951833619085
-2.508951833619085 -6.842759846346042
-6.842759846346042 0.3074074231960814
0.3074074231960814 0.24528060673054378
0.24528060673054378 0.44412899077793383
0.44412899077793383 -0.15421444334482404
-0.15421444334482404 -0.9367813669732544
-0.9367813669732544 2.7252146748857045
2.7252146748857045 0.9684052117115414
0.9684052117115414 -2.42126927257841
-2.42126927257841 6.611694728421256
6.611694728421256 -0.46679048968145737
-0.46679048968145737 2.2634808253595353
2.2634808253595353 -1.8879688658130984
-1.8879688658130984 -1.0574983536397755
-1.0574983536397755 -0.9308896649283226
-0.9308896649283226 7.999225825450975
7.999225825450975 1.248823188428763
1.248823188428763 -1.3789685491892023
-1.3789685491892023 2.1582212216073007
2.1582212216073007 -3.302225364945052
-3.302225364945052 0.7960625058041585
0.7960625058041585 -1.58139722166389
-1.58139722166389 0.07450024389122265
0.07450024389122265 4.144677885483946
4.144677885483946 -4.384039509164309
-4.384039509164309 4.253485827912292
4.253485827912292 8.378916941166107
8.378916941166107 -0.010168762522797992
-0.010168762522797992 7.013559770659766
7.013559770659766 4.3670585716688874
4.3670585716688874 0.2715724178230236
0.2715724178230236 -6.042991676602419
-6.042991676602419 -0.8986958569819259
-0.8986958569819259 4.246947231867346
4.246947231867346 -1.6651854306616358
-1.6651854306616358 2.224316735139736
2.224316735139736 -1.6687816087873903
-1.6687816087873903 2.9523696814064735
2.9523696814064735 -5.390835648639487
-5.390835648639487 0.42852603989815563
0.42852603989815563 1.4727577267049785
1.4727577267049785 0.3443133775171604
0.3443133775171604 2.5997366898401832
2.5997366898401832 -3.431774546272904
-3.431774546272904 4.038010797721546
4.038010797721546 0.6510528394018199
0.6510528394018199 -0.8644019837266996
-0.8644019837266996 0.4151315497578352
0.4151315497578352 3.881088676074324
3.881088676074324 -0.07478668849365393
-0.07478668849365393 5.288526883831422
5.288526883831422 0.8488068386122327
0.8488068386122327 3.3572843284582485
3.3572843284582485 -1.8758988728539823
-1.8758988728539823 1.717866803392056
1.717866803392056 -4.5352293251155
-4.5352293251155 -0.18174349384462032
-0.18174349384462032 -5.694586513108141
-5.694586513108141 2.8477856223940203
2.8477856223940203 1.0644476089729966
1.0644476089729966 7.559429091491054
7.559429091491054 -6.789191872017512
-6.789191872017512 2.2169078995993687
2.2169078995993687 -3.300009956848434
-3.300009956848434 2.339685133531127
2.339685133531127 -3.624757669840432
-3.624757669840432 -0.5616952252510865
-0.5616952252510865 1.0770773144537658
1.0770773144537658 2.278386635445586
2.278386635445586 6.478076025289488
6.478076025289488 -4.248121364417487
-4.248121364417487 5.1922967185816065
5.1922967185816065 -0.6634101779354468
-0.6634101779354468 -4.009798693239519
-4.009798693239519 1.563152439623086
1.563152439623086 2.9826639229848144
2.9826639229848144 -1.2344368344150398
-1.2344368344150398 -5.412982616549918
-5.412982616549918 5.4449910873927
5.4449910873927 3.805853446237284
3.805853446237284 -0.6386479764268111
-0.6386479764268111 0.9451761560877808
0.9451761560877808 1.1278679740757687
1.1278679740757687 -1.0789537030834673
-1.0789537030834673 0.8488430411913389
0.8488430411913389 -6.059165055077572
-6.059165055077572 -1.655128423779066
-1.655128423779066 2.4495723091320905
2.4495723091320905 -6.099275549242085
-6.099275549242085 1.8391792447756037
1.8391792447756037 -0.3266921375663019
-0.3266921375663019 0.5096432120024116
0.5096432120024116 -2.6560651376655704
-2.6560651376655704 7.000439094376666
7.000439094376666 -1.6022109931460975
-1.6022109931460975 2.1874073596450687
2.1874073596450687 -2.402493406924921
-2.402493406924921 0.9003451095795555
0.9003451095795555 7.00801815355791
7.00801815355791 -0.6518550284651251
-0.6518550284651251 -0.4806072140557957
-0.4806072140557957 6.358710133292302
6.358710133292302 -0.5307245242583154
-0.5307245242583154 3.974758194645707
3.974758194645707 4.487325925529729
4.487325925529729 7.485537130381121
7.485537130381121 1.585391937226955
1.585391937226955 3.0326208340125116
3.0326208340125116 -0.44805464978652254
-0.44805464978652254 -1.287557648601466
-1.287557648601466 -1.9366943886736376
-1.9366943886736376 3.7103212221042208
3.7103212221042208 -0.5581538921102318
-0.5581538921102318 -1.47260325264398
-1.47260325264398 2.5735273713172826
2.5735273713172826 -3.115494889693031
-3.115494889693031 6.493294333729321
6.493294333729321 0.935895989076109
0.935895989076109 -0.3931816257916555
-0.3931816257916555 -0.9057386823605288
-0.9057386823605288 4.174151852495281
4.174151852495281 -3.80611378489995
-3.80611378489995 1.4509199245343873
1.4509199245343873 0.9115541410344314
0.9115541410344314 0.07029675669667572
0.07029675669667572 2.7174277625057033
2.7174277625057033 -0.8171655155281856
-0.8171655155281856 0.39117989121399077
0.39117989121399077 2.6398210012774674
2.6398210012774674 -2.1211046538516065
-2.1211046538516065 2.1515977269759583
2.1515977269759583 1.2671087994593677
1.2671087994593677 -3.3763614286545454
-3.3763614286545454 -2.0570373511427755
-2.0570373511427755 -0.4551441696112073
-0.4551441696112073 1.085584228635053
1.085584228635053 -0.7939308170115819
-0.7939308170115819 -2.3553566332471285
-2.3553566332471285 -0.5430539966921412
-0.5430539966921412 6.0124412895602966
6.0124412895602966 -0.3117815972101842
-0.3117815972101842 7.953898807709943
7.953898807709943 -4.805630166545005
-4.805630166545005 -0.17133561903012853
-0.17133561903012853 1.3171568936794464
1.3171568936794464 1.551394167306982
1.551394167306982 0.16060117951793354
0.16060117951793354 -4.717886257358557
-4.717886257358557 -0.008636169968834904
-0.008636169968834904 4.639510158509116
4.639510158509116 1.4801250479733858
1.4801250479733858 -0.9144295811684355
-0.9144295811684355 -1.1399440013477218
-1.1399440013477218 0.18058451724993296
0.18058451724993296 -3.3884518521415554
-3.3884518521415554 4.982770805737217
4.982770805737217 6.26000626661177
6.26000626661177 3.1402139079444953
3.1402139079444953 3.0298524642416407
3.0298524642416407 -1.795752204199977
-1.795752204199977 -0.973474645918793
-0.973474645918793 0.5810170634013062
0.5810170634013062 -1.7685104818739947
-1.7685104818739947 1.7175312225766117
1.7175312225766117 -0.33306140598800016
-0.33306140598800016 4.2750741591336885
4.2750741591336885 -5.655141890107284
-5.655141890107284 8.119575329872212
8.119575329872212 0.5511223214309748
0.5511223214309748 -4.659870803856521
-4.659870803856521 -3.173681921655602
-3.173681921655602 -6.001008670205067
-6.001008670205067 -1.078158829058119
-1.078158829058119 6.545642451482694
6.545642451482694 1.2715979576656817
1.2715979576656817 -3.5435080959663683
-3.5435080959663683 -2.517174474284189
-2.517174474284189 8.911779458125936
8.911779458125936 1.2670200449571252
1.2670200449571252 2.8455179532666945
2.8455179532666945 -3.3492431591965524
-3.3492431591965524 5.542415548314258
5.542415548314258 3.195679750532799
3.195679750532799 -1.6058551395617808
-1.6058551395617808 5.8646901770079
5.8646901770079 -0.39102763085953546
-0.39102763085953546 2.4662640560099387
2.4662640560099387 6.997594546502505
6.997594546502505 -2.275493517173358
-2.275493517173358 -2.0921443984979144
-2.0921443984979144 -1.4283999266001854
-1.4283999266001854 -1.2646380025675579
-1.2646380025675579 0.6057031878179923
0.6057031878179923 -3.9841930786331607
-3.9841930786331607 4.212387950111541
4.212387950111541 0.6982493678399398
0.6982493678399398 -4.672884629220193
-4.672884629220193 1.2234252780342625
1.2234252780342625 -5.652185378955229
-5.652185378955229 -0.15060832100946162
-0.15060832100946162 6.0056576721651425
6.0056576721651425 -1.4138572979845272
-1.4138572979845272 1.9519765545059415
1.9519765545059415 -5.548480653925505
-5.548480653925505 -3.716656095110844
-3.716656095110844 0.7210116317958355
0.7210116317958355 -1.2382236347527467
-1.2382236347527467 1.329099868132045
1.329099868132045 -0.7642858182877945
-0.7642858182877945 -6.1100525524815845
-6.1100525524815845 4.487526052497356
4.487526052497356 1.4348256791481184
1.4348256791481184 1.5366216461504425
1.5366216461504425 -3.677103909620042
-3.677103909620042 0.6484700419193542
0.6484700419193542 -5.119210592567238
-5.119210592567238 -5.755001999196995
-5.755001999196995 1.1007131361438929
1.1007131361438929 1.293818299473032
1.293818299473032 5.697996431259407
5.697996431259407 1.0941761041259164
1.0941761041259164 5.311060536891163
5.311060536891163 4.744035275839486
4.744035275839486 -1.8486615495285916
-1.8486615495285916 -0.8078892394937887
-0.8078892394937887 -0.11812556509849119
-0.11812556509849119 0.7040016569740664
0.7040016569740664 0.6844148415230804
0.6844148415230804 8.460074349243085
8.460074349243085 -3.901359825580974
-3.901359825580974 3.51175638418387
3.51175638418387 -0.14671912895471168
-0.14671912895471168 -2.185327249146989
-2.185327249146989 3.00709268784475
3.00709268784475 -2.939917964750362
-2.939917964750362 -5.818982413594345
-5.818982413594345 3.374249736985147
3.374249736985147 6.7323840992227435
6.7323840992227435 -2.5229478078074923
-2.5229478078074923 4.494105598146062
4.494105598146062 -0.7403432490974374
-0.7403432490974374 2.8037332915389968
2.8037332915389968 -3.536348750308495
-3.536348750308495 2.597130013324698
2.597130013324698 -0.47764349052724947
-0.47764349052724947 1.3288151601604812
1.3288151601604812 5.094015058598131
5.094015058598131 0.5850432613500471
0.5850432613500471 -5.239543837391936
-5.239543837391936 -0.1447080437467933
-0.1447080437467933 8.51811531189551
8.51811531189551 -0.7288294960304339
-0.7288294960304339 -0.3377923307047586
-0.3377923307047586 2.8876282504246893
2.8876282504246893 -2.5465670762371677
-2.5465670762371677 4.209793402947482
4.209793402947482 -2.9260767074150156
-2.9260767074150156 -1.9496603666841033
-1.9496603666841033 5.481458012819506
5.481458012819506 0.9385927237379748
0.9385927237379748 2.676575998777138
2.676575998777138 4.380991548779649
4.380991548779649 2.3677338173556697
2.3677338173556697 4.570881481142448
4.570881481142448 1.9345261650677565
1.9345261650677565 -1.7655370615400603
-1.7655370615400603 -6.984621245368758
-6.984621245368758 2.0722434459403543
2.0722434459403543 -0.7434570037303714
-0.7434570037303714 -4.01205257798404
-4.01205257798404 -1.3581400628840752
-1.3581400628840752 2.0740532475510935
2.0740532475510935 0.5078855137225216
0.5078855137225216 0.591738510136969
0.591738510136969 -0.056366959523711374
-0.056366959523711374 -1.1268934032979376
-1.1268934032979376 -0.26776860669674035
-0.26776860669674035 -4.779773695892893
-4.779773695892893 8.704702516686265
8.704702516686265 1.056416358983254
1.056416358983254 0.9662379961802476
0.9662379961802476 6.838166785813165
6.838166785813165 1.6004139576715584
1.6004139576715584 -1.1517486814157278
-1.1517486814157278 -4.402421112877371
-4.402421112877371 -0.5158716697397008
-0.5158716697397008 5.141427836011854
5.141427836011854 3.2002029105023926
3.2002029105023926 -6.218619055407587
-6.218619055407587 1.0046085821064314
1.0046085821064314 1.1607144621792385
1.1607144621792385 5.107045762386652
5.107045762386652 0.17550050489788224
0.17550050489788224 2.9454145567362784
2.9454145567362784 -1.2556562032999792
-1.2556562032999792 1.158270070101567
