delta_x	delta_ca	T0_V	T0_Ca	T0_method	T_encoding	gamma_encoding	T_scs	gamma_scs	status
-1.500000	-32.875752	-45.984844	0.861045	continued:5	3374966975014	4162	1,0,0,0,0,0,0	12,0,0,0,0	ok
-1.497996	-32.875752	-46.420898	0.860002	continued:5	3374966975014	4162	1,0,0,0,0,0,0	12,0,0,0,0	ok
-1.495992	-32.875752	-46.841256	0.859501	continued:5	3374966975014	4162	1,0,0,0,0,0,0	12,0,0,0,0	ok
-1.493988	-32.875752	-47.239741	0.859333	full	3374966975014	4162	1,0,0,0,0,0,0	12,0,0,0,0	ok
-1.491984	-32.875752	-44.589725	0.863744	continued:5	3374966975014	4162	1,0,0,0,0,0,0	12,0,0,0,0	ok
-1.489980	-32.875752	-45.066808	0.860951	continued:5	3374966975014	4162	1,0,0,0,0,0,0	12,0,0,0,0	ok
-1.487976	-32.875752	-45.542762	0.858698	continued:5	3374966975014	4162	1,0,0,0,0,0,0	12,0,0,0,0	ok
-1.485972	-32.875752	-46.013120	0.859406	continued:5	3374966975014	4162	1,0,0,0,0,0,0	12,0,0,0,0	ok
-1.483968	-32.875752	-46.449205	0.858364	continued:5	3374966975014	4162	1,0,0,0,0,0,0	12,0,0,0,0	ok
-1.481964	-32.875752	-46.868862	0.857862	continued:5	3374966975014	4162	1,0,0,0,0,0,0	12,0,0,0,0	ok
-1.479960	-32.875752	-47.265983	0.857695	full	3374966975014	4162	1,0,0,0,0,0,0	12,0,0,0,0	ok
-1.477956	-32.875752	-44.625536	0.862441	continued:5	3374966975014	4162	1,0,0,0,0,0,0	12,0,0,0,0	ok
-1.475952	-32.875752	-45.100521	0.859647	continued:5	3374966975014	4162	1,0,0,0,0,0,0	12,0,0,0,0	ok
-1.473948	-32.875752	-45.574085	0.857395	continued:5	3374966975014	4162	1,0,0,0,0,0,0	12,0,0,0,0	ok
-1.471944	-32.875752	-46.041639	0.857769	continued:5	3374966975014	4162	1,0,0,0,0,0,0	12,0,0,0,0	ok
-1.469940	-32.875752	-46.477672	0.856726	continued:5	3374966975014	4162	1,0,0,0,0,0,0	12,0,0,0,0	ok
-1.467936	-32.875752	-46.896551	0.856225	continued:5	3374966975014	4162	1,0,0,0,0,0,0	12,0,0,0,0	ok
-1.465932	-32.875752	-47.292238	0.856057	full	3374966975014	4162	1,0,0,0,0,0,0	12,0,0,0,0	ok
-1.463928	-32.875752	-44.659889	0.861003	continued:5	3374966975014	4162	1,0,0,0,0,0,0	12,0,0,0,0	ok
-1.461924	-32.875752	-45.134275	0.858338	continued:5	3374966975014	4162	1,0,0,0,0,0,0	12,0,0,0,0	ok
-1.459920	-32.875752	-45.605447	0.856085	continued:5	3374966975014	4162	1,0,0,0,0,0,0	12,0,0,0,0	ok
-1.457916	-32.875752	-46.070195	0.856125	continued:5	3374966975014	4162	1,0,0,0,0,0,0	12,0,0,0,0	ok
-1.455912	-32.875752	-46.506168	0.855082	continued:5	3374966975014	4162	1,0,0,0,0,0,0	12,0,0,0,0	ok
-1.453908	-32.875752	-46.924263	0.854581	continued:5	3374966975014	4162	1,0,0,0,0,0,0	12,0,0,0,0	ok
-1.451904	-32.875752	-47.318514	0.854413	full	3374966975014	4162	1,0,0,0,0,0,0	12,0,0,0,0	ok
-1.449900	-32.875752	-44.708666	0.859566	continued:5	3374966975014	4162	1,0,0,0,0,0,0	12,0,0,0,0	ok
-1.447896	-32.875752	-45.181419	0.856900	continued:5	3374966975014	4162	1,0,0,0,0,0,0	12,0,0,0,0	ok
-1.445892	-32.875752	-45.650649	0.856064	continued:5	3374966975014	4162	1,0,0,0,0,0,0	12,0,0,0,0	ok
-1.443888	-32.875752	-46.098993	0.854481	continued:5	3374966975014	4162	1,0,0,0,0,0,0	12,0,0,0,0	ok
-1.441884	-32.875752	-46.534826	0.853438	continued:5	3374966975014	4162	1,0,0,0,0,0,0	12,0,0,0,0	ok
-1.439880	-32.875752	-46.952062	0.852937	continued:5	3374966975014	4162	1,0,0,0,0,0,0	12,0,0,0,0	ok
-1.437876	-32.875752	-47.344814	0.852770	full	3374966975014	4162	1,0,0,0,0,0,0	12,0,0,0,0	ok
-1.435872	-32.875752	-44.740005	0.858256	continued:5	3374966975014	4162	1,0,0,0,0,0,0	12,0,0,0,0	ok
-1.433868	-32.875752	-45.210840	0.855462	continued:5	3374966975014	4162	1,0,0,0,0,0,0	12,0,0,0,0	ok
-1.431864	-32.875752	-45.679122	0.854420	continued:5	3374966975014	4162	1,0,0,0,0,0,0	12,0,0,0,0	ok
-1.429860	-32.875752	-46.128013	0.852836	continued:5	3374966975014	4162	1,0,0,0,0,0,0	12,0,0,0,0	ok
-1.427856	-32.875752	-46.563633	0.851794	continued:5	3374966975014	4162	1,0,0,0,0,0,0	12,0,0,0,0	ok
-1.425852	-32.875752	-46.979946	0.851292	continued:5	3374966975014	4162	1,0,0,0,0,0,0	12,0,0,0,0	ok
-1.423848	-32.875752	-47.371142	0.851125	full	3374966975014	4162	1,0,0,0,0,0,0	12,0,0,0,0	ok
-1.421844	-32.875752	-44.756318	0.857023	continued:5	3374966975014	4162	1,0,0,0,0,0,0	12,0,0,0,0	ok
-1.419840	-32.875752	-45.225370	0.854229	continued:5	3374966975014	4162	1,0,0,0,0,0,0	12,0,0,0,0	ok
-1.417836	-32.875752	-45.691461	0.852105	continued:5	3374966975014	4162	1,0,0,0,0,0,0	12,0,0,0,0	ok
-1.415832	-32.875752	-46.148416	0.850315	continued:5	3374966975014	4162	1,0,0,0,0,0,0	12,0,0,0,0	ok
-1.413828	-32.875752	-46.592573	0.850147	continued:5	3374966975014	4162	1,0,0,0,0,0,0	12,0,0,0,0	ok
-1.411824	-32.875752	-47.007907	0.849646	continued:5	3374966975014	4162	1,0,0,0,0,0,0	12,0,0,0,0	ok
-1.409820	-32.875752	-47.397501	0.849479	full	3374966975014	4162	1,0,0,0,0,0,0	12,0,0,0,0	ok
-1.407816	-32.875752	-44.811837	0.855504	continued:5	3374966975014	4162	1,0,0,0,0,0,0	12,0,0,0,0	ok
-1.405812	-32.875752	-45.279460	0.853379	continued:5	3374966975014	4162	1,0,0,0,0,0,0	12,0,0,0,0	ok
-1.403808	-32.875752	-45.736897	0.851127	continued:5	3374966975014	4162	1,0,0,0,0,0,0	12,0,0,0,0	ok
-1.401804	-32.875752	-46.186675	0.849543	continued:5	3374966975014	4162	1,0,0,0,0,0,0	12,0,0,0,0	ok
-1.399800	-32.875752	-46.621673	0.848501	continued:5	3374966975014	4162	1,0,0,0,0,0,0	12,0,0,0,0	ok
-1.397796	-32.875752	-47.035961	0.847999	continued:5	3374966975014	4162	1,0,0,0,0,0,0	12,0,0,0,0	ok
-1.395792	-32.875752	-47.423896	0.847832	full	3374966975014	4162	1,0,0,0,0,0,0	12,0,0,0,0	ok
-1.393788	-32.875752	-44.380702	0.857005	continued:5	3374966975014	4162	1,0,0,0,0,0,0	12,0,0,0,0	ok
-1.391784	-32.875752	-44.849718	0.854212	continued:5	3374966975014	4162	1,0,0,0,0,0,0	12,0,0,0,0	ok
-1.389780	-32.875752	-45.312586	0.851546	continued:5	3374966975014	4162	1,0,0,0,0,0,0	12,0,0,0,0	ok
-1.387776	-32.875752	-45.770703	0.849215	continued:5	3374966975014	4162	1,0,0,0,0,0,0	12,0,0,0,0	ok
-1.385772	-32.875752	-46.221110	0.847632	continued:5	3374966975014	4162	1,0,0,0,0,0,0	12,0,0,0,0	ok
-1.383768	-32.875752	-46.655854	0.846589	continued:5	3374966975014	4162	1,0,0,0,0,0,0	12,0,0,0,0	ok
-1.381764	-32.875752	-47.069072	0.846215	continued:5	3374966975014	4162	1,0,0,0,0,0,0	12,0,0,0,0	ok
-1.379760	-32.875752	-47.454108	0.845841	full	3374966975014	4162	1,0,0,0,0,0,0	12,0,0,0,0	ok
-1.377756	-32.875752	-44.409284	0.855195	continued:5	3374966975014	4162	1,0,0,0,0,0,0	12,0,0,0,0	ok
-1.375752	-32.875752	-44.880339	0.852402	continued:5	3374964376952	4162	-1,0,0,0,0,0,0	12,0,0,0,0	ok
-1.373747	-32.875752	-45.344458	0.849609	continued:5	3374966975014	4162	1,0,0,0,0,0,0	12,0,0,0,0	ok
-1.371743	-32.875752	-45.804329	0.847356	continued:5	3374966975014	4162	1,0,0,0,0,0,0	12,0,0,0,0	ok
-1.369739	-32.875752	-46.254771	0.845773	continued:5	3374964376952	4162	-1,0,0,0,0,0,0	12,0,0,0,0	ok
-1.367735	-32.875752	-46.688730	0.844730	continued:5	3374964376952	4162	-1,0,0,0,0,0,0	12,0,0,0,0	ok
-1.365731	-32.875752	-47.100411	0.844229	continued:5	3374964376952	4162	-1,0,0,0,0,0,0	12,0,0,0,0	ok
-1.363727	-32.875752	-47.484374	0.844061	full	3374964376952	4162	-1,0,0,0,0,0,0	12,0,0,0,0	ok
-1.361723	-32.875752	-44.437754	0.853308	continued:5	3374966975014	4162	1,0,0,0,0,0,0	12,0,0,0,0	ok
-1.359719	-32.875752	-44.911655	0.850515	continued:5	3374964376952	4162	-1,0,0,0,0,0,0	12,0,0,0,0	ok
-1.357715	-32.875752	-45.377723	0.847721	continued:5	3374964376952	4162	-1,0,0,0,0,0,0	12,0,0,0,0	ok
-1.355711	-32.875752	-45.838654	0.845469	continued:5	3374964376952	4162	-1,0,0,0,0,0,0	12,0,0,0,0	ok
-1.353707	-32.875752	-46.289275	0.843886	continued:5	3374964376952	4162	-1,0,0,0,0,0,0	12,0,0,0,0	ok
-1.351703	-32.875752	-46.722573	0.842843	continued:5	3374964376952	4162	-1,0,0,0,0,0,0	12,0,0,0,0	ok
-1.349699	-32.875752	-47.132825	0.842341	continued:5	3374964376952	4162	-1,0,0,0,0,0,0	12,0,0,0,0	ok
-1.347695	-32.875752	-47.514697	0.842174	full	3374964376952	4162	-1,0,0,0,0,0,0	12,0,0,0,0	ok
-1.345691	-32.875752	-44.939521	0.848862	continued:5	3374964376952	4162	-1,0,0,0,0,0,0	12,0,0,0,0	ok
-1.343687	-32.875752	-45.407215	0.846068	continued:5	3374964376952	4162	-1,0,0,0,0,0,0	12,0,0,0,0	ok
-1.341683	-32.875752	-45.868994	0.843816	continued:5	3374964376952	4162	-1,0,0,0,0,0,0	12,0,0,0,0	ok
-1.339679	-32.875752	-46.319697	0.842232	continued:5	3374964376952	4162	-1,0,0,0,0,0,0	12,0,0,0,0	ok
-1.337675	-32.875752	-46.752346	0.841190	continued:5	3374964376952	4162	-1,0,0,0,0,0,0	12,0,0,0,0	ok
-1.335671	-32.875752	-47.161287	0.840688	continued:5	3374964376952	4162	-1,0,0,0,0,0,0	12,0,0,0,0	ok
-1.333667	-32.875752	-47.541279	0.840521	full	3374964376952	4162	-1,0,0,0,0,0,0	12,0,0,0,0	ok
-1.331663	-32.875752	-44.967923	0.847208	continued:5	3374964376952	4162	-1,0,0,0,0,0,0	12,0,0,0,0	ok
-1.329659	-32.875752	-45.437145	0.844415	continued:5	3374964376952	4162	-1,0,0,0,0,0,0	12,0,0,0,0	ok
-1.327655	-32.875752	-45.899680	0.842162	continued:5	3374964376952	4162	-1,0,0,0,0,0,0	12,0,0,0,0	ok
-1.325651	-32.875752	-46.350378	0.840579	continued:5	3374964376952	4162	-1,0,0,0,0,0,0	12,0,0,0,0	ok
-1.323647	-32.875752	-46.782298	0.839536	continued:5	3374964376952	4162	-1,0,0,0,0,0,0	12,0,0,0,0	ok
-1.321643	-32.875752	-47.189855	0.839035	continued:5	3374964376952	4162	-1,0,0,0,0,0,0	12,0,0,0,0	ok
-1.319639	-32.875752	-47.567909	0.838867	full	3374964376952	4162	-1,0,0,0,0,0,0	12,0,0,0,0	ok
-1.317635	-32.875752	-44.996914	0.845554	continued:5	3374964376952	4162	-1,0,0,0,0,0,0	12,0,0,0,0	ok
-1.315631	-32.875752	-45.467556	0.842761	continued:5	3374964376952	4162	-1,0,0,0,0,0,0	12,0,0,0,0	ok
-1.313627	-32.875752	-45.930744	0.840509	continued:5	3374964376952	4162	-1,0,0,0,0,0,0	12,0,0,0,0	ok
-1.311623	-32.875752	-46.381339	0.838925	continued:5	3374964376952	4162	-1,0,0,0,0,0,0	12,0,0,0,0	ok
-1.309619	-32.875752	-46.812441	0.837883	continued:5	3374964376952	4162	-1,0,0,0,0,0,0	12,0,0,0,0	ok
-1.307615	-32.875752	-47.218539	0.837381	continued:5	3374964376952	4162	-1,0,0,0,0,0,0	12,0,0,0,0	ok
-1.305611	-32.875752	-47.594589	0.837214	full	3374964376952	4162	-1,0,0,0,0,0,0	12,0,0,0,0	ok
-1.303607	-32.875752	-45.024989	0.843773	continued:5	3374964376952	4162	-1,0,0,0,0,0,0	12,0,0,0,0	ok
-1.301603	-32.875752	-45.498420	0.841107	continued:5	3374964376952	4162	-1,0,0,0,0,0,0	12,0,0,0,0	ok
-1.299599	-32.875752	-45.962163	0.838855	continued:5	3374964376952	4162	-1,0,0,0,0,0,0	12,0,0,0,0	ok
-1.297595	-32.875752	-46.412565	0.837271	continued:5	3374964376952	4162	-1,0,0,0,0,0,0	12,0,0,0,0	ok
-1.295591	-32.875752	-46.842768	0.836228	continued:5	3374964376952	4162	-1,0,0,0,0,0,0	12,0,0,0,0	ok
-1.293587	-32.875752	-47.247333	0.835727	continued:5	3374964376952	106006	-1,0,0,0,0,0,0	12,0,0,0,-1	ok
-1.291583	-32.875752	-47.621320	0.835560	full	3374964376952	525220231	-1,0,0,0,0,0,0	12,0,0,0,-1,0	ok
-1.289579	-32.875752	-45.055044	0.842117	continued:5	3374964376952	525220231	-1,0,0,0,0,0,0	12,0,0,0,-1,0	ok
-1.287575	-32.875752	-45.529700	0.839452	continued:5	3374964376952	106006	-1,0,0,0,0,0,0	12,0,0,0,-1	ok
-1.285571	-32.875752	-45.993911	0.837199	continued:5	3374964376952	44920957	-1,0,0,0,0,0,0	12,0,0,0,1	ok
-1.283567	-32.875752	-46.444037	0.835616	continued:5	3374964376952	44920957	-1,0,0,0,0,0,0	12,0,0,0,1	ok
-1.281563	-32.875752	-46.873264	0.834573	continued:5	3374964376952	44920957	-1,0,0,0,0,0,0	12,0,0,0,1	ok
-1.279559	-32.875752	-47.276232	0.834072	continued:5	3374964376952	30798021181	-1,0,0,0,0,0,0	12,0,0,0,-2	ok
-1.277555	-32.875752	-47.648105	0.833904	full	3374964376952	12487835460937	-1,0,0,0,0,0,0	12,0,0,0,2	ok
-1.275551	-32.875752	-45.084087	0.840461	continued:5	3374964376952	95226690798834323688112207	-1,0,0,0,0,0,0	12,0,0,0,6	ok
-1.273547	-32.875752	-45.559996	0.837667	continued:5	3374964376952	365945907	-1,0,0,0,0,0,0	12,0,0,-1,1	ok
-1.271543	-32.875752	-46.025987	0.835543	continued:5	3374964376952	3448941907	-1,0,0,0,0,0,0	12,0,0,-1,-1,0	ok
-1.269539	-32.875752	-46.475754	0.833959	continued:5	3374964376952	38757	-1,0,0,0,0,0,0	12,0,0,-1,0	ok
-1.267535	-32.875752	-46.903931	0.832916	continued:5	3374964376952	38757	-1,0,0,0,0,0,0	12,0,0,-1,0	ok
-1.265531	-32.875752	-47.305238	0.832415	continued:5	3374964376952	27428097	-1,0,0,0,0,0,0	12,0,0,-1,0,0	ok
-1.263527	-32.875752	-47.674944	0.832248	full	3374964376952	27428097	-1,0,0,0,0,0,0	12,0,0,-1,0,0	ok
-1.261523	-32.875752	-45.115339	0.838805	continued:5	3374964376952	27428097	-1,0,0,0,0,0,0	12,0,0,-1,0,0	ok
-1.259519	-32.875752	-45.592249	0.836012	continued:5	3374964376952	38757	-1,0,0,0,0,0,0	12,0,0,-1,0	ok
-1.257515	-32.875752	-46.058496	0.833887	continued:5	3374964376952	38757	-1,0,0,0,0,0,0	12,0,0,-1,0	ok
-1.255511	-32.875752	-46.507790	0.832303	continued:5	3374964376952	38757	-1,0,0,0,0,0,0	12,0,0,-1,0	ok
-1.253507	-32.875752	-46.934815	0.831261	continued:5	3374964376952	38757	-1,0,0,0,0,0,0	12,0,0,-1,0	ok
-1.251503	-32.875752	-47.334372	0.830759	continued:5	3374964376952	612147	-1,0,0,0,0,0,0	12,0,0,1,0	ok
-1.249499	-32.875752	-47.701839	0.830592	full	3374964376952	612147	-1,0,0,0,0,0,0	12,0,0,1,0	ok
-1.247495	-32.875752	-45.146976	0.837146	continued:5	3374964376952	612147	-1,0,0,0,0,0,0	12,0,0,1,0	ok
-1.245491	-32.875752	-45.624820	0.834353	continued:5	3374964376952	612147	-1,0,0,0,0,0,0	12,0,0,1,0	ok
-1.243487	-32.875752	-46.091258	0.832228	continued:5	3374964376952	612147	-1,0,0,0,0,0,0	12,0,0,1,0	ok
-1.241483	-32.875752	-46.540018	0.830644	continued:5	3374964376952	612147	-1,0,0,0,0,0,0	12,0,0,1,0	ok
-1.239479	-32.875752	-46.965836	0.829602	continued:5	3374964376952	612147	-1,0,0,0,0,0,0	12,0,0,1,0	ok
-1.237475	-32.875752	-47.363598	0.829100	continued:5	3374964376952	612147	-1,0,0,0,0,0,0	12,0,0,1,0	ok
-1.235471	-32.875752	-47.728791	0.828933	full	3374964376952	16225032	-1,0,0,0,0,0,0	12,0,0,1,-1	ok
-1.233467	-32.875752	-45.179403	0.835489	continued:5	3374964376952	2594556606	-1,0,0,0,0,0,0	12,0,0,1,1	ok
-1.231463	-32.875752	-45.658026	0.832696	continued:5	3374964376952	610364991387	-1,0,0,0,0,0,0	12,0,0,1,-2	ok
-1.229459	-32.875752	-46.124511	0.830571	continued:5	3374964376952	39487853993419867094652	-1,0,0,0,0,0,0	12,0,0,1,-5	ok
-1.227455	-32.875752	-46.572606	0.828988	continued:5	3374964376952	100757176132	-1,0,0,0,0,0,0	12,0,0,-2,-1,0	ok
-1.225451	-32.875752	-46.997100	0.827945	continued:5	3374964376952	9260032	-1,0,0,0,0,0,0	12,0,0,-2,0	ok
-1.223447	-32.875752	-47.392966	0.827443	continued:5	3374964376952	9260032	-1,0,0,0,0,0,0	12,0,0,-2,0	ok
-1.221443	-32.875752	-47.755801	0.827276	full	3374964376952	9260032	-1,0,0,0,0,0,0	12,0,0,-2,0	ok
-1.219439	-32.875752	-45.209249	0.833833	continued:5	3374964376952	111057132	-1,0,0,0,0,0,0	12,0,0,2,0	ok
-1.217435	-32.875752	-45.688791	0.831039	continued:5	3374964376952	111057132	-1,0,0,0,0,0,0	12,0,0,2,0	ok
-1.215431	-32.875752	-46.155443	0.828787	continued:5	3374964376952	1421857777	-1,0,0,0,0,0,0	12,0,0,2,-1	ok
-1.213427	-32.875752	-46.604216	0.827204	continued:5	3374964376952	83675473131	-1,0,0,0,0,0,0	12,0,0,2,1	ok
-1.211423	-32.875752	-47.028579	0.826289	continued:5	3374964376952	5382036050150815356	-1,0,0,0,0,0,0	12,0,0,-3,3	ok
-1.209419	-32.875752	-47.422462	0.825787	continued:5	3374964376952	1034056002	-1,0,0,0,0,0,0	12,0,0,-3,0	ok
-1.207415	-32.875752	-47.782870	0.825620	full	3374964376952	7660558507	-1,0,0,0,0,0,0	12,0,0,3,0	ok
-1.205411	-32.875752	-45.241257	0.832045	continued:5	3374964376952	7660558507	-1,0,0,0,0,0,0	12,0,0,3,0	ok
-1.203407	-32.875752	-45.722849	0.829380	continued:5	3374964376952	4616113504308457	-1,0,0,0,0,0,0	12,0,0,3,2	ok
-1.201403	-32.875752	-46.189365	0.827127	continued:5	3374964376952	46633511082	-1,0,0,0,0,0,0	12,0,0,-4,0	ok
-1.199399	-32.875752	-46.637303	0.825544	continued:5	3374964376952	240317539257	-1,0,0,0,0,0,0	12,0,0,4,0	ok
-1.197395	-32.875752	-47.060190	0.824629	continued:5	3374964376952	37999317657	-1,0,0,0,0,0,0	12,0,0,4	ok
-1.195391	-32.875752	-47.452049	0.824127	continued:5	10296487298246453339	4262503608417	-1,0,0,0,0,0,-1	12,0,0,5,0	ok
-1.193387	-32.875752	-47.809999	0.823960	full	3374964376952	936684216381	-1,0,0,0,0,0,0	12,0,0,5	ok
-1.191383	-32.875752	-45.274006	0.830387	continued:5	498768035658203820272194170320	49748681600842	-1,0,0,0,0,0,1	12,0,0,6,0	ok
-1.189379	-32.875752	-45.756152	0.827594	continued:5	3374964376952	150187907070957	-1,0,0,0,0,0,0	12,0,0,-7,0	ok
-1.187375	-32.875752	-46.223783	0.825469	continued:5	2600339	17370579424384282	-1,0,0,0,0,0	12,0,0,-8,1	ok
-1.185371	-32.875752	-46.670752	0.823885	continued:5	3374964376952	7033350807787477	-1,0,0,0,0,0,0	12,0,0,8,-1	ok
-1.183367	-32.875752	-47.092044	0.822971	continued:5	331374310391957453775077	6719091424925052	-1,0,0,0,0,-1,-1	12,0,0,-9,0	ok
-1.181363	-32.875752	-47.481779	0.822469	continued:5	137520069382767470	6417187828116132	-1,0,0,0,0,-1,0	12,0,0,9	ok
-1.179359	-32.875752	-47.837189	0.822302	full	3374964376952	33734785397072907	-1,0,0,0,0,0,0	12,0,0,-10,0	ok
-1.177355	-32.875752	-45.308992	0.828729	continued:5	498768035658203820272194170320	14735502257267631	-1,0,0,0,0,0,1	12,0,0,-10	ok
-1.175351	-32.875752	-45.791419	0.825936	continued:5	998767320547577	32491322002355556	-1,0,0,0,0,1	12,0,0,10	ok
-1.173347	-32.875752	-46.258636	0.823811	continued:5	878890027930190311617606920	32491322002355556	-1,0,0,0,0,-2,0	12,0,0,10	ok
-1.171343	-32.875752	-46.704520	0.822228	continued:5	77971519449922417203419339	32491322002355556	-1,0,0,0,0,2	12,0,0,10	ok
-1.169339	-32.875752	-47.124115	0.821313	continued:5	214159487228854438582987456178146608782332214	32491322002355556	-1,0,0,0,0,-5	12,0,0,10	ok
-1.167335	-32.875752	-47.511639	0.820811	continued:5	2841848588176385772795683582354190225456596063751253416409713523445	299442679035623842	-1,0,0,0,0,-11	12,0,0,-11,-1	ok
-1.165331	-32.875752	-47.864441	0.820644	full	738633265950839440739985077	146406930705780007	-1,0,0,0,-1,2	12,0,0,-11,0	ok
-1.163327	-32.875752	-45.343110	0.826943	continued:5	86860674769510536352494203656081766881432062528082950108817435184781170983998270466736327	146406930705780007	-1,0,0,0,-1,-1,-5	12,0,0,-11,0	ok
-1.161323	-32.875752	-45.827167	0.824277	continued:5	371299112589839	146406930705780007	-1,0,0,0,-1,0,0	12,0,0,-11,0	ok
-1.159319	-32.875752	-46.293862	0.822153	continued:5	371299112589839	146406930705780007	-1,0,0,0,-1,0,0	12,0,0,-11,0	ok
-1.157315	-32.875752	-46.738561	0.820569	continued:5	371299112589839	146406930705780007	-1,0,0,0,-1,0,0	12,0,0,-11,0	ok
-1.155311	-32.875752	-47.156374	0.819654	continued:5	171642627464	69051447452127207	-1,0,0,0,1,0	12,0,0,-11	ok
-1.153307	-32.875752	-47.541616	0.819153	continued:5	129422015682764	141902643639313767	-1,0,0,0,1,-1	12,0,0,11	ok
-1.151303	-32.875752	-47.891755	0.818985	full	9847387599013340594989506253970185483613072590315970	141902643639313767	-1,0,0,0,1,6	12,0,0,11	ok
-1.149299	-32.875752	-45.378828	0.825277	continued:5	1862522158573912577	141902643639313767	-1,0,0,0,-2,0,0	12,0,0,11	ok
-1.147295	-32.875752	-45.863031	0.822611	continued:5	1009021289999711639	141902643639313767	-1,0,0,0,2,-1	12,0,0,11	ok
-1.145291	-32.875752	-46.329186	0.820487	continued:5	29319328041790359452	141902643639313767	-1,0,0,0,3,0	12,0,0,11	ok
-1.143287	-32.875752	-46.772683	0.818903	continued:5	577878185750746167078827	141902643639313767	-1,0,0,0,-5,0	12,0,0,11	ok
-1.141283	-32.875752	-47.188701	0.817988	continued:5	12908915112156657751564800586666214	141902643639313767	-1,0,0,0,9,1	12,0,0,11	ok
-1.139279	-32.875752	-47.571655	0.817487	continued:5	42342974827715901504632664833473964	141902643639313767	-1,0,0,0,11,0	12,0,0,11	ok
-1.137275	-32.875752	-47.919132	0.817319	full	6965562583093514189516439068867326214	141902643639313767	-1,0,0,0,-12,1	12,0,0,11	ok
-1.135271	-32.875752	-45.413149	0.823624	continued:5	137760014713537121226764	141902643639313767	-1,0,0,-1,2,-1,0	12,0,0,11	ok
-1.133267	-32.875752	-45.897412	0.820831	continued:5	942123129948464	141902643639313767	-1,0,0,-1,-1,0,0	12,0,0,11	ok
-1.131263	-32.875752	-46.364219	0.818707	continued:5	602981322885367595870765753120582587627589	141902643639313767	-1,0,0,-1,0,-4,0	12,0,0,11	ok
-1.129259	-32.875752	-46.807557	0.817251	continued:5	266939967805322639	141902643639313767	-1,0,0,-1,0,-1,0	12,0,0,11	ok
-1.127255	-32.875752	-47.221514	0.816336	continued:5	559605960124426494037248458864	141902643639313767	-1,0,0,-1,0,0,1	12,0,0,11	ok
-1.125251	-32.875752	-47.601951	0.815834	continued:5	559605960124426494037248458864	141902643639313767	-1,0,0,-1,0,0,1	12,0,0,11	ok
-1.123246	-32.875752	-47.946573	0.815667	full	120805048490	141902643639313767	-1,0,0,1,0,-1	12,0,0,11	ok
-1.121242	-32.875752	-45.449323	0.821837	continued:5	3950046819896547004954475761220	141902643639313767	-1,0,0,1,0,-3	12,0,0,11	ok
-1.119238	-32.875752	-45.934799	0.819172	continued:5	706316327053988793485	141902643639313767	-1,0,0,1,-1,0,-1	12,0,0,11	ok
-1.117234	-32.875752	-46.400705	0.817047	continued:5	62265486724658915	141902643639313767	-1,0,0,1,-2,-1	12,0,0,11	ok
-1.115230	-32.875752	-46.842518	0.815591	continued:5	24708308297177677863986876213330	141902643639313767	-1,0,0,1,9	12,0,0,11	ok
-1.113226	-32.875752	-47.254399	0.814676	continued:5	65078773769358086590592342774922914663565604016553595813962446433089	141902643106579982	-1,0,0,-2,1,11	-12,0,0,11	ok
-1.111222	-32.875752	-47.632310	0.814175	continued:5	1930099514	141902643106579982	-1,0,0,-2,0,0	-12,0,0,11	ok
-1.109218	-32.875752	-47.974078	0.814008	full	800644122503812875640113187159014158604979699858971114183752508358589	141902643106579982	-1,0,0,2,0,-12	-12,0,0,11	ok
-1.107214	-32.875752	-45.488546	0.820229	continued:5	13715287251172233592273140400565702	141902643106579982	-1,0,0,2,-11,0	-12,0,0,11	ok
-1.105210	-32.875752	-45.973013	0.817563	continued:5	113626214671905014	141902643106579982	-1,0,0,3,0,1	-12,0,0,11	ok
-1.103206	-32.875752	-46.437354	0.815439	continued:5	75137599283180	141902643106579982	-1,0,0,-4,0,-1	-12,0,0,11	ok
-1.101202	-32.875752	-46.877063	0.813855	continued:5	545965772625077	282782966327793230	-1,0,0,5,-1,0	-12,0,0,-12	ok
-1.099198	-32.875752	-47.287542	0.813019	continued:5	6430412882291632866291003275469452	3732442315064472542	-1,0,0,-8,-11	-12,0,0,-12,1	ok
-1.097194	-32.875752	-47.662820	0.812518	continued:5	624599331504845702	577434166787915987	-1,0,0,-10,-1,0	-12,0,-1,-12,0	ok
-1.095190	-32.875752	-48.001648	0.812350	full	120838867207438552982716476201423827	146389129389752117	-1,0,0,10,-12	-12,0,-1,11	ok
-1.093186	-32.875752	-45.523159	0.818519	continued:5	567376199833651351295	151017607360320142	-1,0,0,11,0,1	-12,0,-1,-11,0	ok
-1.091182	-32.875752	-46.008023	0.815854	continued:5	2084662618396408202	1120601212827107	-1,0,0,11,1	-12,0,-1,8	ok
-1.089178	-32.875752	-46.472024	0.813729	continued:5	137767402455909753767218391206400	281962575752	-1,0,0,11,9	-12,0,-1,4,0	ok
-1.087174	-32.875752	-46.910706	0.812145	continued:5	39793795285845199622159683581037610	8864132	-1,0,0,-12,11	-12,0,-1,2	ok
-1.085170	-32.875752	-47.319558	0.811230	continued:5	1317294121142768620502	15621232	-1,0,-1,11,2,0	-12,0,-1,-2,0	ok
-1.083166	-32.875752	-47.693425	0.810857	continued:5	3798973952132735	984487680140064377	-1,0,-1,-6,0,-1	-12,0,-1,1,3	ok
-1.081162	-32.875752	-48.029283	0.810689	full	50783572492322518785616301735968449938080337562470884058835709797245	1223807	-1,0,-1,2,0,11	-12,0,-1,1,0	ok
-1.079158	-32.875752	-45.563455	0.816765	continued:5	329717444028245577624875	92642	-1,0,-1,1,1,-2	-12,0,-1,-1,0	ok
-1.077154	-32.875752	-46.048551	0.814099	continued:5	1043827282230312216834684410	2552756342089464094497667676808512	-1,0,-1,-1,0,-2,0	-12,0,-1,-1,-11	ok
-1.075150	-32.875752	-46.512047	0.811975	continued:5	10070646087953336058525363754760435	2384750229751005369263108041986757	-1,0,-1,0,11	-12,0,-1,0,-11	ok
-1.073146	-32.875752	-46.949530	0.810519	continued:5	257503854669489510844737671022799767079501356785	282753801418869187	-1,0,-1,0,6,-5	-12,0,-1,0,3	ok
-1.071142	-32.875752	-47.355404	0.809683	continued:5	14732317585058810	69684892	-1,0,-1,0,-2,-1	-12,0,-1,0,1	ok
-1.069138	-32.875752	-47.725258	0.809309	continued:5	202730693660	69684892	-1,0,-1,0,1,0	-12,0,-1,0,1	ok
-1.067134	-32.875752	-48.056983	0.808935	full	311604871511205528335	238372	-1,0,-1,0,-1,0,-1	-12,0,-1,0,-1	ok
-1.065130	-32.875752	-45.601098	0.815070	continued:5	3432703706929550627	69684892	-1,0,-1,0,1,1	-12,0,-1,0,1	ok
-1.063126	-32.875752	-46.085989	0.812404	continued:5	562387968808692152	2810712246684697	-1,0,1,0,-3,0	-12,0,1,0,-3	ok
-1.061122	-32.875752	-46.548606	0.810280	continued:5	2173453202181004852640960158146928202	10073114383549232160446977790028997	-1,0,1,0,11,1	-12,0,1,0,11	ok
-1.059118	-32.875752	-46.984583	0.808824	continued:5	17647827726715570933890168209293430027	214162	-1,0,1,-1,-1,1,1	-12,0,1,-1,0	ok
-1.057114	-32.875752	-47.388411	0.807988	continued:5	3363135389264	80980	-1,0,1,1,1,0	-12,0,1,1	ok
-1.055110	-32.875752	-47.755795	0.807614	continued:5	1604779943829365086877	1888020502	-1,0,1,-2,0,-2	-12,0,1,-3,0	ok
-1.053106	-32.875752	-48.084750	0.807112	full	427216689296689110479587577	35007515234946322	-1,0,1,-5,0,2	-12,0,1,10	ok
-1.051102	-32.875752	-45.642043	0.813368	continued:5	35487053055613525068334445666681402	150999387773471605	-1,0,1,-11,11	-12,0,1,11	ok
-1.049098	-32.875752	-46.126384	0.810575	continued:5	137882909480389079051418050145902	1866574427	-1,0,1,11,9	-12,0,-2,3	ok
-1.047094	-32.875752	-46.589070	0.808657	continued:5	154747529879412303680	528404089996215147490897169175352	-1,0,-2,11,-2,0	-12,0,-2,0,10	ok
-1.045090	-32.875752	-47.022383	0.807201	continued:5	37382666027	1049569594381841259595570927	-1,0,-2,1,-1,0	-12,0,-2,0,-7	ok
-1.043086	-32.875752	-47.423146	0.806365	continued:5	74351522044667585914662782977155500	64405552	-1,0,-2,0,6,2	-12,0,2,-2,0	ok
-1.041082	-32.875752	-47.787169	0.805991	continued:5	299351335259287820	160602952691920730	-1,0,-2,0,3	-12,0,2,11	ok
-1.039078	-32.875752	-48.112583	0.805283	full	1059225691583418485	20224707780082	-1,0,2,1,3	-12,0,-3,0,2	ok
-1.037074	-32.875752	-45.678701	0.811533	continued:5	1892604275904153760574473334489	170737378882835297	-1,0,2,-6,8	-12,0,3,11	ok
-1.035070	-32.875752	-46.164209	0.808867	continued:5	37606019420982204995482400682246320	7179554512	-1,0,2,11,11	-12,0,4,3	ok
-1.033066	-32.875752	-46.625931	0.806949	continued:5	40024353968544749676637554037813502	374624800675581355	-1,0,-3,0,-12	-12,0,5,-12	ok
-1.031062	-32.875752	-47.057666	0.805494	continued:5	50708960883067612490621121798101725324164857044088254232993432867252	217098179434764730	-1,0,3,-1,0,11	-12,0,7,11	ok
-1.029058	-32.875752	-47.456330	0.804658	continued:5	10028764299553362087391393182225077	5060230277	-1,0,3,11,-11	-12,0,9,2	ok
-1.027054	-32.875752	-47.817850	0.804284	continued:5	529153283744450122537621073724527	1529183230	-1,0,-4,0,10	-12,0,10,-1,0	ok
-1.025050	-32.875752	-48.140483	0.803448	full	10092879812768389575515003110316339	491607319756549480	-1,0,5,0,11	-12,0,10,-12	ok
-1.023046	-32.875752	-45.720706	0.809819	continued:5	39876002165621941242436394646691850	541879637	-1,0,5,-12,11	-12,0,-11,0	ok
-1.021042	-32.875752	-46.205508	0.807154	continued:5	50708966213174548801321246120856264720717426354281184925267373313627	763799047	-1,0,-7,-1,0,11	-12,0,11,0	ok
-1.019038	-32.875752	-46.665894	0.805236	continued:5	22751576492267615353219491671885	2043362605	-1,0,8,-1,9	-12,0,11,1	ok
-1.017034	-32.875752	-47.095711	0.803859	continued:5	807557765	132421761112	-1,0,9,-1,0	-12,0,11,3	ok
-1.015030	-32.875752	-47.491248	0.803023	continued:5	1117722839	71224475441692927	-1,0,-10,-1,0	-12,0,11,10	ok
-1.013026	-32.875752	-47.849370	0.802649	continued:5	23317663389554222339	274134158243393855	-1,0,10,-2,1,1	-12,0,11,11	ok
-1.011022	-32.875752	-48.168449	0.801606	full	983001784637056277	274134158243393855	-1,0,-11,11,-1	-12,0,11,11	ok
-1.009018	-32.875752	-45.762288	0.808129	continued:5	31098199641771595200035	274134158243393855	-1,0,-11,5,4	-12,0,11,11	ok
-1.007014	-32.875752	-46.246091	0.805464	continued:5	10769727663099995084843096181311615	532429195023268897	-1,0,-11,-1,11	-12,0,-12,-12	ok
-1.005010	-32.875752	-46.704888	0.803546	continued:5	2398780970005435642570851271366940	343166698169572	-1,0,-11,0,-11	-12,0,-12,-5,1	ok
-1.003006	-32.875752	-47.132578	0.802090	continued:5	10120112685661138170022855667962415	141537820999750288	-1,0,-11,0,11	-12,-1,11,-11	ok
-1.001002	-32.875752	-47.526259	0.801382	continued:5	2760802277	550340053	-1,0,11,-1,0	-12,-1,-11,0	ok
-0.998998	-32.875752	-47.880963	0.801008	continued:5	45015606571653168119267859822656327	34828070827	-1,0,11,1,-12	-12,-1,-9,-1,1	ok
-0.996994	-32.875752	-48.196483	0.799759	full	12143737787027	24084967003	-1,0,11,5	-12,-1,3,-4	ok
-0.994990	-32.875752	-45.302703	0.809010	continued:5	2647276995969386056652	10075583284124166748040524044218083	-1,0,11,-6,-4	-12,-1,-2,0,11	ok
-0.992986	-32.875752	-45.811797	0.806217	continued:5	4534709452158420934187252	1403463312943	-1,0,11,-10,-5	-12,-1,1,-5,0	ok
-0.990982	-32.875752	-46.293953	0.803551	continued:5	729303299169965396252	10070646163563558077795903679335338	-1,0,11,-11,-3	-12,-1,-1,0,11	ok
-0.988978	-32.875752	-46.750490	0.801633	continued:5	1007356472861567402	1075093360753	-1,0,11,11,-1	-12,-1,-1,5	ok
-0.986974	-32.875752	-47.175361	0.800177	continued:5	125161917640868592902	141920032602789928	-1,0,11,11,2	-12,-1,0,11	ok
-0.984970	-32.875752	-47.565767	0.799469	continued:5	274134141953462714	141920032602789928	-1,0,11,11	-12,-1,0,11	ok
-0.982966	-32.875752	-47.916871	0.799095	continued:5	274134141953462714	141920032602789928	-1,0,11,11	-12,-1,0,11	ok
-0.980962	-32.875752	-48.228604	0.797639	full	274134141953462714	146406929623534453	-1,0,11,11	-12,-1,-1,11	ok
-0.978958	-32.875752	-45.349959	0.807059	continued:5	274134141953462714	41965281428180	-1,0,11,11	-12,1,-1,-1,2	ok
-0.976954	-32.875752	-45.858641	0.804266	continued:5	37746951915896828830841273129300402	17370578865214877	-1,0,11,11,11	-12,1,1,-9,-1	ok
-0.974950	-32.875752	-46.339699	0.801600	continued:5	274134141953462714	512555	-1,0,11,11	-12,1,2,1	ok
-0.972946	-32.875752	-46.794456	0.799682	continued:5	274134141953462714	3512552	-1,0,11,11	-12,1,-5,-1	ok
-0.970942	-32.875752	-47.216936	0.798306	continued:5	39974846539992401241172366242846377	258822305809939738	-1,0,11,-12,11	-12,1,10,11	ok
-0.968938	-32.875752	-47.603736	0.797470	continued:5	37754795031128772305438554421491400	4970393933	-1,0,-12,11,11	-12,1,11,-2	ok
-0.966934	-32.875752	-47.952105	0.797096	continued:5	17811444786984242900	274191150049317005	-1,0,-12,11,-2	-12,1,11,11	ok
-0.964930	-32.875752	-48.260812	0.795512	full	71234836864878575	274191150049317005	-1,-1,11,10	-12,1,11,11	ok
-0.962926	-32.875752	-45.552123	0.804171	continued:5	37746952119577074810202507892460080	274219649284483103	-1,-1,11,11,11	-12,-2,11,11	ok
-0.960922	-32.875752	-46.053096	0.801378	continued:5	125164732086552425402	41329423386791295734255	-1,-1,11,11,2	-12,-2,-4,1,-5	ok
-0.958918	-32.875752	-46.526564	0.799046	continued:5	150653516125110077	2552756423123184048264138718688438	-1,-1,11,-10,-1	-12,-2,-1,-1,-11	ok
-0.956914	-32.875752	-46.970044	0.797256	continued:5	178556321696621369533515002	308152160653710958	-1,-1,11,-2,6	-12,-2,-1,-11,-1	ok
-0.954910	-32.875752	-47.379933	0.796214	continued:5	2567647988496652850877349572623559	151072273814947738	-1,-1,-11,-1,-11	-12,2,1,11	ok
-0.952906	-32.875752	-47.751196	0.795505	continued:5	10065709497164592726834908868752877	2938109473	-1,-1,-11,11,-11	-12,2,10,-2	ok
-0.950902	-32.875752	-48.083544	0.796341	full	29877535005685196608782089209407627	274248150741272818	-1,-1,-6,9,11	-12,2,11,11	ok
-0.948898	-32.875752	-45.594685	0.802548	continued:5	11444495165973126094671101685025559	34916297098386002	-1,-1,8,1,11	-12,-3,11,-10	ok
-0.946894	-32.875752	-46.093914	0.799755	continued:5	344875411674206613387434	1604894367434875778057	-1,-1,5,1,1,-2	-12,-3,-1,1,4	ok
-0.944890	-32.875752	-46.565197	0.797296	continued:5	37621656019335678926345808845847534	5871324043	-1,-1,3,11,11	-12,3,-4,3	ok
-0.942886	-32.875752	-47.007290	0.795712	continued:5	37613837110750878099956863341306150	274305160320184922	-1,-1,-3,11,11	-12,3,11,11	ok
-0.940882	-32.875752	-47.413332	0.794463	continued:5	534668743095254473044499218679071152	89653	-1,-1,2,-2,1,3	-12,-4,-1,1	ok
-0.938878	-32.875752	-47.782465	0.793755	continued:5	14210088417064126019616120	274362178786976993	-1,-1,-2,-3,-1,-1,-1	-12,4,11,11	ok
-0.936874	-32.875752	-48.112367	0.794463	full	21470949863166460502	890820922	-1,-1,1,-11,-1,-1	-12,5,-11,-1	ok
-0.934870	-32.875752	-45.637840	0.800791	continued:5	95320967921022001752	915513422	-1,-1,1,11,2	-12,6,-11,-1	ok
-0.932866	-32.875752	-46.136574	0.797998	continued:5	9630235769040477275426908993827	659770952	-1,-1,1,5,-9	-12,7,11	ok
-0.930862	-32.875752	-46.606727	0.795746	continued:5	11405908767564351161328885465389195	679495657	-1,-1,1,1,11	-12,8,11	ok
-0.928858	-32.875752	-47.045108	0.793955	continued:5	5695183504492614029263277	353022283	-1,-1,-1,-1,-1,-1,-1	-12,9,10	ok
-0.926854	-32.875752	-47.449144	0.792706	continued:5	5695183504492614029263277	171745288	-1,-1,-1,-1,-1,-1,-1	-12,-10,9	ok
-0.924850	-32.875752	-47.815863	0.792205	continued:5	5695183504492614029263277	151364081878750630	-1,-1,-1,-1,-1,-1,-1	-12,10,1,11	ok
-0.922846	-32.875752	-48.141263	0.792578	full	137520068858324777	15614890817	-1,-1,-1,-1,-1,1	-12,10,11,2	ok
-0.920842	-32.875752	-45.684990	0.799107	continued:5	703887579919480527473939201027	720272012	-1,-1,-1,1,8	-12,10,11	ok
-0.918838	-32.875752	-46.181935	0.796313	continued:5	1739314581417523775	274733015526998897	-1,-1,1,-3,-1,1	-12,-11,11,11	ok
-0.916834	-32.875752	-46.649843	0.794061	continued:5	883388087637186403827	266939968535993498	-1,-1,1,11,-3	-12,-11,-11,11	ok
-0.914830	-32.875752	-47.085539	0.792271	continued:5	37590389118710760878968456658936520	81989462990480032	-1,1,1,11,11	-12,-11,-3,-11	ok
-0.912826	-32.875752	-47.486521	0.791228	continued:5	139370386033745	151382333908233712	-1,1,-2,1,2	-12,-11,1,11	ok
-0.910822	-32.875752	-47.848068	0.790520	continued:5	10026305666500114759858784629472250	11314517212	-1,1,-3,11,-11	-12,-11,1,-4	ok
-0.908818	-32.875752	-48.170231	0.790687	full	37645121482129614102376480000605594	163680558993103	-1,1,-5,11,11	-12,-11,1,7	ok
-0.906814	-32.875752	-45.725910	0.797288	continued:5	117125013013043705	151382333908233712	-1,1,8,-11	-12,-11,1,11	ok
-0.904810	-32.875752	-46.223070	0.794495	continued:5	121854469739057771175	352916005	-1,1,10,11,2	-12,11,-2,-3	ok
-0.902806	-32.875752	-46.690447	0.792370	continued:5	3592703707047515744654578576043535	161023135294904005	-1,1,-11,3,-11	-12,11,2,11	ok
-0.900802	-32.875752	-47.123715	0.790580	continued:5	11458303760521400466566175578241515	9979255	-1,1,-11,1,11	-12,11,-4,1	ok
-0.898798	-32.875752	-47.521886	0.789537	continued:5	16606198391368640	35175055	-1,1,11,9	-12,11,7	ok
-0.896794	-32.875752	-47.880348	0.788829	continued:5	10477951413725647334	1074740680	-1,1,11,-11,-2	-12,11,-10,1	ok
-0.894790	-32.875752	-48.199270	0.788790	full	274191133757692634	378056230	-1,1,11,11	-12,11,10	ok
-0.892786	-32.875752	-45.768079	0.795599	continued:5	274191133757692634	38198065378	-1,1,11,11	-12,11,-11,-3	ok
-0.890782	-32.875752	-46.263882	0.792805	continued:5	274191133757692634	1952093863	-1,1,11,11	-12,11,-11,1	ok
-0.888778	-32.875752	-46.729391	0.790474	continued:5	274191133757692634	12603718273	-1,1,11,11	-12,11,-11,2	ok
-0.886774	-32.875752	-47.162297	0.788891	continued:5	274191133757692634	741336742	-1,1,11,11	-12,11,11	ok
-0.884770	-32.875752	-47.557519	0.787848	continued:5	274191133757692634	741336742	-1,1,11,11	-12,11,11	ok
-0.882766	-32.875752	-47.912785	0.787140	continued:5	37746952526937569241778841352666002	741336742	-1,-2,11,11,11	-12,11,11	ok
-0.880762	-32.875752	-48.228381	0.786973	full	274219632992012084	741336742	-1,-2,11,11	-12,11,11	ok
-0.878758	-32.875752	-45.814579	0.793860	continued:5	223531430732055809	741336742	-1,-2,-11,-3,-3	-12,11,11	ok
-0.876754	-32.875752	-46.308955	0.791066	continued:5	258849582554138939	741336742	-1,-2,10,11	-12,11,11	ok
-0.874749	-32.875752	-46.772515	0.788814	continued:5	13533535217606084	741336742	-1,-2,5,-6,-2	-12,11,11	ok
-0.872745	-32.875752	-47.202240	0.787230	continued:5	37606020030311103567062969201060954	741336742	-1,-2,2,11,11	-12,11,11	ok
-0.870741	-32.875752	-47.594008	0.786188	continued:5	5695183504485864105705494	741336742	-1,-2,-2,-2,-2,-2	-12,11,11	ok
-0.868737	-32.875752	-47.945652	0.785479	continued:5	37606020030311103567062969201060954	741336742	-1,-2,2,11,11	-12,11,11	ok
-0.866733	-32.875752	-48.257563	0.785312	full	192787227323988570	741336742	-1,2,5,11	-12,11,11	ok
-0.864729	-32.875752	-45.863957	0.792200	continued:5	266465442278735280	741336742	-1,2,-11,11	-12,11,11	ok
-0.862725	-32.875752	-46.355649	0.789407	continued:5	71265952838553209	741336742	-1,2,11,10	-12,11,11	ok
-0.860721	-32.875752	-46.816186	0.787154	continued:5	274248134447955129	741336742	-1,2,11,11	-12,11,11	ok
-0.858717	-32.875752	-47.242569	0.785571	continued:5	274248134447955129	741336742	-1,2,11,11	-12,11,11	ok
-0.856713	-32.875752	-47.630750	0.784528	continued:5	274248134447955129	741336742	-1,2,11,11	-12,11,11	ok
-0.854709	-32.875752	-47.978668	0.783820	continued:5	274276638125637224	274761556992759430	-1,-3,11,11	-12,11,11,11	ok
-0.852705	-32.875752	-48.286817	0.783653	full	3361135423114455971755381188875780	274761556992759430	-1,-3,-11,-3,-11	-12,11,11,11	ok
-0.850701	-32.875752	-45.907285	0.790412	continued:5	37637298916114607231620584946828095	274761556992759430	-1,-3,4,11,11	-12,11,11,11	ok
-0.848697	-32.875752	-46.398233	0.787619	continued:5	626587592738901585885	274761556992759430	-1,-3,4,-11,-3	-12,11,11,11	ok
-0.846693	-32.875752	-46.857405	0.785366	continued:5	554769415232193929924	274761556992759430	-1,3,-11,-4,-4	-12,11,11,11	ok
-0.844689	-32.875752	-47.281874	0.783783	continued:5	274305144025173827	274761556992759430	-1,3,11,11	-12,11,11,11	ok
-0.842685	-32.875752	-47.667704	0.782868	continued:5	274305144025173827	274761556992759430	-1,3,11,11	-12,11,11,11	ok
-0.840681	-32.875752	-48.011813	0.782160	continued:5	137282431770461250	274761556992759430	-1,-4,-11,-11	-12,11,11,11	ok
-0.838677	-32.875752	-48.316141	0.781993	full	57992547901130780	274761556992759430	-1,-4,8,10	-12,11,11,11	ok
-0.836673	-32.875752	-45.953920	0.788625	continued:5	274362162490272404	274761556992759430	-1,4,11,11	-12,11,11,11	ok
-0.834669	-32.875752	-46.443630	0.785959	continued:5	274390675056065309	274761556992759430	-1,-5,11,11	-12,11,11,11	ok
-0.832665	-32.875752	-46.899747	0.783834	continued:5	259040691006070455	274761556992759430	-1,5,10,11	-12,11,11,11	ok
-0.830661	-32.875752	-47.319650	0.782044	continued:5	274419189844174584	274761556992759430	-1,5,11,11	-12,11,11,11	ok
-0.828657	-32.875752	-47.702786	0.781001	continued:5	266688662314220090	274761556992759430	-1,6,-11,11	-12,11,11,11	ok
-0.826653	-32.875752	-48.045104	0.780500	continued:5	274504747543555374	741298238	-1,-7,11,11	11,11,11	ok
-0.824649	-32.875752	-48.345536	0.780333	full	274533271222084889	741298238	-1,7,11,11	11,11,11	ok
-0.822645	-32.875752	-46.001205	0.786887	continued:5	28987631211589127	741298238	-1,-8,-9,-10	11,11,11	ok
-0.820641	-32.875752	-46.488989	0.784221	continued:5	274590325247940702	741298238	-1,8,11,11	11,11,11	ok
-0.818637	-32.875752	-46.942727	0.781969	continued:5	259231905261754515	741298238	-1,-9,10,11	11,11,11	ok
-0.816633	-32.875752	-47.361065	0.780386	continued:5	141833077667580077	741298238	-1,9,11,-11	11,11,11	ok
-0.814629	-32.875752	-47.740244	0.779343	continued:5	274647388166295494	741298238	-1,9,11,11	11,11,11	ok
-0.812625	-32.875752	-48.078545	0.778841	continued:5	274675922960448744	741298238	-1,-10,11,11	11,11,11	ok
-0.810621	-32.875752	-48.375001	0.778674	full	266884094865732435	741298238	-1,-10,-11,11	11,11,11	ok
-0.808617	-32.875752	-46.051068	0.785101	continued:5	64459523557284590	741298238	-1,-10,-10,10	11,11,11	ok
-0.806613	-32.875752	-46.537014	0.782435	continued:5	69041300686785800	741298238	-1,10,-11,10	11,11,11	ok
-0.804609	-32.875752	-46.988435	0.780310	continued:5	274704459978073229	741298238	-1,10,11,11	11,11,11	ok
-0.802605	-32.875752	-47.402824	0.778727	continued:5	274704459978073229	741298238	-1,10,11,11	11,11,11	ok
-0.800601	-32.875752	-47.777928	0.777684	continued:5	274704459978073229	741298238	-1,10,11,11	11,11,11	ok
-0.798597	-32.875752	-48.112122	0.777183	continued:5	274704459978073229	741298238	-1,10,11,11	11,11,11	ok
-0.796593	-32.875752	-48.404536	0.777015	full	274704459978073229	741298238	-1,10,11,11	11,11,11	ok
-0.794589	-32.875752	-46.105068	0.783443	continued:5	274704459978073229	741298238	-1,10,11,11	11,11,11	ok
-0.792585	-32.875752	-46.587252	0.780777	continued:5	274704459978073229	741298238	-1,10,11,11	11,11,11	ok
-0.790581	-32.875752	-47.034718	0.778653	continued:5	274732999219284452	274761556251461169	-1,-11,11,11	11,11,11,11	ok
-0.788577	-32.875752	-47.444983	0.777069	continued:5	274732999219284452	274761556251461169	-1,-11,11,11	11,11,11,11	ok
-0.786573	-32.875752	-47.815870	0.776026	continued:5	274732999219284452	274761556251461169	-1,-11,11,11	11,11,11,11	ok
-0.784569	-32.875752	-48.145848	0.775525	continued:5	274732999219284452	274761556251461169	-1,-11,11,11	11,11,11,11	ok
-0.782565	-32.875752	-48.434140	0.775358	full	274732999219284452	274761556251461169	-1,-11,11,11	11,11,11,11	ok
-0.780561	-32.875752	-46.155104	0.781658	continued:5	274732999219284452	274761556251461169	-1,-11,11,11	11,11,11,11	ok
-0.778557	-32.875752	-46.635203	0.778992	continued:5	274732999219284452	274761556251461169	-1,-11,11,11	11,11,11,11	ok
-0.776553	-32.875752	-47.080141	0.776867	continued:5	141885231769656650	274761556251461169	-1,-11,11,-11	11,11,11,11	ok
-0.774549	-32.875752	-47.487503	0.775411	continued:5	137520058369471127	274761556251461169	-1,-11,-11,-11	11,11,11,11	ok
-0.772545	-32.875752	-47.854046	0.774369	continued:5	137520058369471127	274761556251461169	-1,-11,-11,-11	11,11,11,11	ok
-0.770541	-32.875752	-48.179713	0.773867	continued:5	137520058369471127	274761556251461169	-1,-11,-11,-11	11,11,11,11	ok
-0.768537	-32.875752	-48.463814	0.773700	full	137520058369471127	274761556251461169	-1,-11,-11,-11	11,11,11,11	ok
-0.766533	-32.875752	-46.204029	0.779794	continued:5	137520058369471127	274761556251461169	-1,-11,-11,-11	11,11,11,11	ok
-0.764529	-32.875752	-46.682866	0.777129	continued:5	137520058369471127	274761556251461169	-1,-11,-11,-11	11,11,11,11	ok
-0.762525	-32.875752	-47.125970	0.775211	continued:5	137520058369471127	274761556251461169	-1,-11,-11,-11	11,11,11,11	ok
-0.760521	-32.875752	-47.529071	0.773627	continued:5	137520058369471127	274761556251461169	-1,-11,-11,-11	11,11,11,11	ok
-0.758517	-32.875752	-47.892476	0.772712	continued:5	137520058369471127	274761556251461169	-1,-11,-11,-11	11,11,11,11	ok
-0.756513	-32.875752	-48.213724	0.772211	continued:5	137520058369471127	274761556251461169	-1,-11,-11,-11	11,11,11,11	ok
-0.754509	-32.875752	-48.493555	0.772044	full	137520058369471127	274761556251461169	-1,-11,-11,-11	11,11,11,11	ok
-0.752505	-32.875752	-46.255999	0.778010	continued:5	137520058369471127	274761556251461169	-1,-11,-11,-11	11,11,11,11	ok
-0.750501	-32.875752	-46.732287	0.775344	continued:5	137520058369471127	274761556251461169	-1,-11,-11,-11	11,11,11,11	ok
-0.748497	-32.875752	-47.172466	0.773426	continued:5	137520058369471127	274761556251461169	-1,-11,-11,-11	11,11,11,11	ok
-0.746493	-32.875752	-47.572333	0.771970	continued:5	137520058369471127	274761556251461169	-1,-11,-11,-11	11,11,11,11	ok
-0.744489	-32.875752	-47.931131	0.771055	continued:5	137520058369471127	274761556251461169	-1,-11,-11,-11	11,11,11,11	ok
-0.742485	-32.875752	-48.247868	0.770554	continued:5	137520058369471127	274761556251461169	-1,-11,-11,-11	11,11,11,11	ok
-0.740481	-32.875752	-48.523365	0.770387	full	137520058369471127	274761556251461169	-1,-11,-11,-11	11,11,11,11	ok
-0.738477	-32.875752	-45.807945	0.778832	continued:5	137520058369471127	274761556251461169	-1,-11,-11,-11	11,11,11,11	ok
-0.736473	-32.875752	-46.319239	0.776038	continued:5	137520058369471127	274761556251461169	-1,-11,-11,-11	11,11,11,11	ok
-0.734469	-32.875752	-46.791303	0.773373	continued:5	137520058369471127	274761556251461169	-1,-11,-11,-11	11,11,11,11	ok
-0.732465	-32.875752	-47.227020	0.771455	continued:5	137520058369471127	274761556251461169	-1,-11,-11,-11	11,11,11,11	ok
-0.730461	-32.875752	-47.622250	0.770078	continued:5	137520058369471127	274761556251461169	-1,-11,-11,-11	11,11,11,11	ok
-0.728457	-32.875752	-47.975614	0.769163	continued:5	137520058369471127	274761556251461169	-1,-11,-11,-11	11,11,11,11	ok
-0.726453	-32.875752	-48.287066	0.768661	continued:5	137520058369471127	274761556251461169	-1,-11,-11,-11	11,11,11,11	ok
-0.724449	-32.875752	-48.557515	0.768494	full	137520058369471127	274761556251461169	-1,-11,-11,-11	11,11,11,11	ok
-0.722445	-32.875752	-45.875369	0.776860	continued:5	137520058369471127	274761556251461169	-1,-11,-11,-11	11,11,11,11	ok
-0.720441	-32.875752	-46.382457	0.774067	continued:5	137520058369471127	274761556251461169	-1,-11,-11,-11	11,11,11,11	ok
-0.718437	-32.875752	-46.850151	0.771401	continued:5	137520058369471127	274761556251461169	-1,-11,-11,-11	11,11,11,11	ok
-0.716433	-32.875752	-47.281291	0.769483	continued:5	137520058369471127	274761556251461169	-1,-11,-11,-11	11,11,11,11	ok
-0.714429	-32.875752	-47.671798	0.768106	continued:5	266939952461234369	274761556251461169	-1,-11,-11,11	11,11,11,11	ok
-0.712425	-32.875752	-48.020392	0.767270	continued:5	266939952461234369	274761556251461169	-1,-11,-11,11	11,11,11,11	ok
-0.710421	-32.875752	-48.326437	0.766769	continued:5	266939952461234369	274761556251461169	-1,-11,-11,11	11,11,11,11	ok
-0.708417	-32.875752	-48.591752	0.766602	full	266939952461234369	274761556251461169	-1,-11,-11,11	11,11,11,11	ok
-0.706413	-32.875752	-45.939093	0.774625	continued:5	266939952461234369	274761556251461169	-1,-11,-11,11	11,11,11,11	ok
-0.704409	-32.875752	-46.445059	0.771832	continued:5	266939952461234369	274761556251461169	-1,-11,-11,11	11,11,11,11	ok
-0.702405	-32.875752	-46.910946	0.769373	continued:5	266939952461234369	274761556251461169	-1,-11,-11,11	11,11,11,11	ok
-0.700401	-32.875752	-47.337657	0.767583	continued:5	266939952461234369	274761556251461169	-1,-11,-11,11	11,11,11,11	ok
-0.698397	-32.875752	-47.722367	0.766206	continued:5	274732999219284452	274761556251461169	-1,-11,11,11	11,11,11,11	ok
-0.696393	-32.875752	-48.065300	0.765370	continued:5	274732999219284452	274761556251461169	-1,-11,11,11	11,11,11,11	ok
-0.694389	-32.875752	-48.365903	0.764868	continued:5	274732999219284452	274761556251461169	-1,-11,11,11	11,11,11,11	ok
-0.692385	-32.875752	-48.626075	0.764701	full	274732999219284452	274761556251461169	-1,-11,11,11	11,11,11,11	ok
-0.690381	-32.875752	-46.009660	0.772619	continued:5	274732999219284452	274761556251461169	-1,-11,11,11	11,11,11,11	ok
-0.688377	-32.875752	-46.511065	0.769825	continued:5	274732999219284452	274761556251461169	-1,-11,11,11	11,11,11,11	ok
-0.686373	-32.875752	-46.972259	0.767494	continued:5	274732999219284452	274761556251461169	-1,-11,11,11	11,11,11,11	ok
-0.684369	-32.875752	-47.392889	0.765576	continued:5	274732999219284452	274761556251461169	-1,-11,11,11	11,11,11,11	ok
-0.682365	-32.875752	-47.772827	0.764199	continued:5	274732999219284452	274761556251461169	-1,-11,11,11	11,11,11,11	ok
-0.680361	-32.875752	-48.110977	0.763491	continued:5	274732999219284452	274761556251461169	-1,-11,11,11	11,11,11,11	ok
-0.678357	-32.875752	-48.405758	0.762989	continued:5	274732999219284452	274761556251461169	-1,-11,11,11	11,11,11,11	ok
-0.676353	-32.875752	-48.660482	0.762822	full	274732999219284452	274761556251461169	-1,-11,11,11	11,11,11,11	ok
-0.674349	-32.875752	-46.079403	0.770610	continued:5	274732999219284452	274761556251461169	-1,-11,11,11	11,11,11,11	ok
-0.672345	-32.875752	-46.576222	0.767816	continued:5	274732999219284452	274761556251461169	-1,-11,11,11	11,11,11,11	ok
-0.670341	-32.875752	-47.032700	0.765485	continued:5	274732999219284452	274761556251461169	-1,-11,11,11	11,11,11,11	ok
-0.668337	-32.875752	-47.448474	0.763567	continued:5	274732999219284452	274761556251461169	-1,-11,11,11	11,11,11,11	ok
-0.666333	-32.875752	-47.823486	0.762318	continued:5	274732999219284452	274761556251461169	-1,-11,11,11	11,11,11,11	ok
-0.664329	-32.875752	-48.155579	0.761482	continued:5	274732999219284452	274761556251461169	-1,-11,11,11	11,11,11,11	ok
-0.662325	-32.875752	-48.445762	0.761108	continued:5	274732999219284452	274761556251461169	-1,-11,11,11	11,11,11,11	ok
-0.660321	-32.875752	-48.694973	0.760941	full	274732999219284452	274761556251461169	-1,-11,11,11	11,11,11,11	ok
-0.658317	-32.875752	-46.153723	0.768584	continued:5	274732999219284452	274761556251461169	-1,-11,11,11	11,11,11,11	ok
-0.656313	-32.875752	-46.645347	0.765791	continued:5	274732999219284452	274761556251461169	-1,-11,11,11	11,11,11,11	ok
-0.654309	-32.875752	-47.096578	0.763460	continued:5	274732999219284452	274761556251461169	-1,-11,11,11	11,11,11,11	ok
-0.652305	-32.875752	-47.507040	0.761669	continued:5	274732999219284452	274761556251461169	-1,-11,11,11	11,11,11,11	ok
-0.650301	-32.875752	-47.875548	0.760420	continued:5	266939952461234369	274761556251461169	-1,-11,-11,11	11,11,11,11	ok
-0.648297	-32.875752	-48.201431	0.759584	continued:5	266939952461234369	274761556251461169	-1,-11,-11,11	11,11,11,11	ok
-0.646293	-32.875752	-48.485767	0.759210	continued:5	266939952461234369	274761556251461169	-1,-11,-11,11	11,11,11,11	ok
-0.644289	-32.875752	-48.729546	0.759043	full	266939952461234369	274761556251461169	-1,-11,-11,11	11,11,11,11	ok
-0.642285	-32.875752	-46.224485	0.766490	continued:5	266939952461234369	274761556251461169	-1,-11,-11,11	11,11,11,11	ok
-0.640281	-32.875752	-46.711933	0.763697	continued:5	266939952461234369	274761556251461169	-1,-11,-11,11	11,11,11,11	ok
-0.638277	-32.875752	-47.158775	0.761445	continued:5	137520058369471127	274761556251461169	-1,-11,-11,-11	11,11,11,11	ok
-0.636273	-32.875752	-47.563903	0.759654	continued:5	137520058369471127	274761556251461169	-1,-11,-11,-11	11,11,11,11	ok
-0.634269	-32.875752	-47.927108	0.758405	continued:5	137520058369471127	274761556251461169	-1,-11,-11,-11	11,11,11,11	ok
-0.632265	-32.875752	-48.247811	0.757697	continued:5	137520058369471127	274761556251461169	-1,-11,-11,-11	11,11,11,11	ok
-0.630261	-32.875752	-48.526046	0.757323	continued:5	137520058369471127	274761556251461169	-1,-11,-11,-11	11,11,11,11	ok
-0.628257	-32.875752	-48.764201	0.757156	full	137520058369471127	274761556251461169	-1,-11,-11,-11	11,11,11,11	ok
-0.626253	-32.875752	-46.299257	0.764450	continued:5	9455884669399191660884342385366419	141902630853703181	-1,-11,-11,-11,-11	11,11,11,-11	ok
-0.624248	-32.875752	-46.781260	0.761657	continued:5	9455884669399191660884342385366419	141902630853703181	-1,-11,-11,-11,-11	11,11,11,-11	ok
-0.622244	-32.875752	-47.222641	0.759325	continued:5	137520058369471127	141902630853703181	-1,-11,-11,-11	11,11,11,-11	ok
-0.620240	-32.875752	-47.623050	0.757742	continued:5	137520058369471127	141902630853703181	-1,-11,-11,-11	11,11,11,-11	ok
-0.618236	-32.875752	-47.979550	0.756493	continued:5	137520058369471127	141902630853703181	-1,-11,-11,-11	11,11,11,-11	ok
-0.616232	-32.875752	-48.293912	0.755784	continued:5	137520058369471127	141902630853703181	-1,-11,-11,-11	11,11,11,-11	ok
-0.614228	-32.875752	-48.566231	0.755411	continued:5	137520058369471127	137537054508265638	-1,-11,-11,-11	11,11,-11,-11	ok
-0.612224	-32.875752	-48.798934	0.755243	full	137520058369471127	137537054508265638	-1,-11,-11,-11	11,11,-11,-11	ok
-0.610220	-32.875752	-46.376979	0.762391	continued:5	9455884669399191660884342385366419	137537054508265638	-1,-11,-11,-11,-11	11,11,-11,-11	ok
-0.608216	-32.875752	-46.853144	0.759598	continued:5	9455884669399191660884342385366419	137537054508265638	-1,-11,-11,-11,-11	11,11,-11,-11	ok
-0.606212	-32.875752	-47.288725	0.757266	continued:5	9455884669399191660884342385366419	137537054508265638	-1,-11,-11,-11,-11	11,11,-11,-11	ok
-0.604208	-32.875752	-47.683373	0.755683	continued:5	9455884669399191660884342385366419	137537054508265638	-1,-11,-11,-11,-11	11,11,-11,-11	ok
-0.602204	-32.875752	-48.034225	0.754640	continued:5	9455884669399191660884342385366419	137537054508265638	-1,-11,-11,-11,-11	11,11,-11,-11	ok
-0.600200	-32.875752	-48.341272	0.753804	continued:5	9455884669399191660884342385366419	137537054508265638	-1,-11,-11,-11,-11	11,11,-11,-11	ok
-0.598196	-32.875752	-48.608004	0.753637	continued:5	9455884669399191660884342385366419	137537054508265638	-1,-11,-11,-11,-11	11,11,-11,-11	ok
-0.596192	-32.875752	-48.833746	0.752929	full	9455884669399191660884342385366419	137537054508265638	-1,-11,-11,-11,-11	11,11,-11,-11	ok
-0.594188	-32.875752	-46.456283	0.760148	continued:5	9455884669399191660884342385366419	137537054508265638	-1,-11,-11,-11,-11	11,11,-11,-11	ok
-0.592184	-32.875752	-46.928064	0.757483	continued:5	9455884669399191660884342385366419	137537054508265638	-1,-11,-11,-11,-11	11,11,-11,-11	ok
-0.590180	-32.875752	-47.357783	0.755358	continued:5	9455884669399191660884342385366419	137537054508265638	-1,-11,-11,-11,-11	11,11,-11,-11	ok
-0.588176	-32.875752	-47.744652	0.753774	continued:5	9455884669399191660884342385366419	137537054508265638	-1,-11,-11,-11,-11	11,11,-11,-11	ok
-0.586172	-32.875752	-48.088186	0.752732	continued:5	9455884669399191660884342385366419	137520069382767449	-1,-11,-11,-11,-11	11,-11,-11,-11	ok
-0.584168	-32.875752	-48.388418	0.752024	continued:5	9455884669399191660884342385366419	137520069382767449	-1,-11,-11,-11,-11	11,-11,-11,-11	ok
-0.582164	-32.875752	-48.647745	0.751650	continued:5	9455884669399191660884342385366419	137520069382767449	-1,-11,-11,-11,-11	11,-11,-11,-11	ok
-0.580160	-32.875752	-48.868635	0.750607	full	9455884669399191660884342385366419	137520069382767449	-1,-11,-11,-11,-11	11,-11,-11,-11	ok
-0.578156	-32.875752	-46.076936	0.760274	continued:5	9455884669399191660884342385366419	137520069382767449	-1,-11,-11,-11,-11	11,-11,-11,-11	ok
-0.576152	-32.875752	-46.585375	0.757480	continued:5	9455884669399191660884342385366419	137520069382767449	-1,-11,-11,-11,-11	11,-11,-11,-11	ok
-0.574148	-32.875752	-47.047755	0.755021	continued:5	9455884669399191660884342385366419	137520069382767449	-1,-11,-11,-11,-11	11,-11,-11,-11	ok
-0.572144	-32.875752	-47.466368	0.752897	continued:5	9455884669399191660884342385366419	137520069382767449	-1,-11,-11,-11,-11	11,-11,-11,-11	ok
-0.570140	-32.875752	-47.842760	0.751441	continued:5	9455884669399191660884342385366419	137520069382767449	-1,-11,-11,-11,-11	11,-11,-11,-11	ok
-0.568136	-32.875752	-48.175288	0.750526	continued:5	9455884669399191660884342385366419	137520069382767449	-1,-11,-11,-11,-11	11,-11,-11,-11	ok
-0.566132	-32.875752	-48.464264	0.749818	continued:5	9455884669399191660884342385366419	137520069382767449	-1,-11,-11,-11,-11	11,-11,-11,-11	ok
-0.564128	-32.875752	-48.713448	0.750654	full	9455884669399191660884342385366419	137520069382767449	-1,-11,-11,-11,-11	11,-11,-11,-11	ok
-0.562124	-32.875752	-46.152581	0.758305	continued:5	9455884669399191660884342385366419	137520069382767449	-1,-11,-11,-11,-11	11,-11,-11,-11	ok
-0.560120	-32.875752	-46.654607	0.755512	continued:5	9455884669399191660884342385366419	137520069382767449	-1,-11,-11,-11,-11	11,-11,-11,-11	ok
-0.558116	-32.875752	-47.110809	0.753053	continued:5	9455884669399191660884342385366419	137520069382767449	-1,-11,-11,-11,-11	11,-11,-11,-11	ok
-0.556112	-32.875752	-47.523404	0.750928	continued:5	9455884669399191660884342385366419	137520069382767449	-1,-11,-11,-11,-11	11,-11,-11,-11	ok
-0.554108	-32.875752	-47.893964	0.749472	continued:5	9455884669399191660884342385366419	137520069382767449	-1,-11,-11,-11,-11	11,-11,-11,-11	ok
-0.552104	-32.875752	-48.220909	0.748430	continued:5	9455884669399191660884342385366419	137520069382767449	-1,-11,-11,-11,-11	11,-11,-11,-11	ok
-0.550100	-32.875752	-48.505770	0.747928	continued:5	9455884669399191660884342385366419	137520069382767449	-1,-11,-11,-11,-11	11,-11,-11,-11	ok
-0.548096	-32.875752	-48.749185	0.748302	full	9455884669399191660884342385366419	137520069382767449	-1,-11,-11,-11,-11	11,-11,-11,-11	ok
-0.546092	-32.875752	-46.231782	0.756153	continued:5	9455884669399191660884342385366419	137520069382767449	-1,-11,-11,-11,-11	11,-11,-11,-11	ok
-0.544088	-32.875752	-46.728625	0.753360	continued:5	9455884669399191660884342385366419	137520069382767449	-1,-11,-11,-11,-11	11,-11,-11,-11	ok
-0.542084	-32.875752	-47.179632	0.750901	continued:5	9455884669399191660884342385366419	137520069382767449	-1,-11,-11,-11,-11	11,-11,-11,-11	ok
-0.540080	-32.875752	-47.586997	0.748983	continued:5	9455884669399191660884342385366419	137520069382767449	-1,-11,-11,-11,-11	11,-11,-11,-11	ok
-0.538076	-32.875752	-47.950409	0.747527	continued:5	9455884669399191660884342385366419	137520069382767449	-1,-11,-11,-11,-11	11,-11,-11,-11	ok
-0.536072	-32.875752	-48.270666	0.746612	continued:5	9455884669399191660884342385366419	137520069382767449	-1,-11,-11,-11,-11	11,-11,-11,-11	ok
-0.534068	-32.875752	-48.548190	0.746110	continued:5	9455884669399191660884342385366419	137520069382767449	-1,-11,-11,-11,-11	11,-11,-11,-11	ok
-0.532064	-32.875752	-48.784997	0.745943	full	9455884669399191660884342385366419	137520069382767449	-1,-11,-11,-11,-11	11,-11,-11,-11	ok
-0.530060	-32.875752	-46.307658	0.754057	continued:5	9455884669399191660884342385366419	137520069382767449	-1,-11,-11,-11,-11	11,-11,-11,-11	ok
-0.528056	-32.875752	-46.799043	0.751264	continued:5	9455884669399191660884342385366419	137520069382767449	-1,-11,-11,-11,-11	11,-11,-11,-11	ok
-0.526052	-32.875752	-47.244644	0.748932	continued:5	9455884669399191660884342385366419	137520069382767449	-1,-11,-11,-11,-11	11,-11,-11,-11	ok
-0.524048	-32.875752	-47.645403	0.747014	continued:5	9455884669399191660884342385366419	137520069382767449	-1,-11,-11,-11,-11	11,-11,-11,-11	ok
-0.522044	-32.875752	-48.002522	0.745637	continued:5	9455884669399191660884342385366419	137520069382767449	-1,-11,-11,-11,-11	11,-11,-11,-11	ok
-0.520040	-32.875752	-48.316126	0.744595	continued:5	9455884669399191660884342385366419	137520069382767449	-1,-11,-11,-11,-11	11,-11,-11,-11	ok
-0.518036	-32.875752	-48.588685	0.744093	continued:5	9455884669399191660884342385366419	137520069382767449	-1,-11,-11,-11,-11	11,-11,-11,-11	ok
-0.516032	-32.875752	-48.820884	0.743926	full	9455884669399191660884342385366419	137520069382767449	-1,-11,-11,-11,-11	11,-11,-11,-11	ok
-0.514028	-32.875752	-46.387500	0.752023	continued:5	9455884669399191660884342385366419	137520069382767449	-1,-11,-11,-11,-11	11,-11,-11,-11	ok
-0.512024	-32.875752	-46.872028	0.749230	continued:5	9455884669399191660884342385366419	137520069382767449	-1,-11,-11,-11,-11	11,-11,-11,-11	ok
-0.510020	-32.875752	-47.311056	0.746899	continued:5	9455884669399191660884342385366419	137520069382767449	-1,-11,-11,-11,-11	11,-11,-11,-11	ok
-0.508016	-32.875752	-47.705484	0.744981	continued:5	9455884669399191660884342385366419	137520069382767449	-1,-11,-11,-11,-11	11,-11,-11,-11	ok
-0.506012	-32.875752	-48.056547	0.743604	continued:5	9455884669399191660884342385366419	137520068858324757	-1,-11,-11,-11,-11	-11,-11,-11,-11	ok
-0.504008	-32.875752	-48.364426	0.742689	continued:5	9455884669399191660884342385366419	137520068858324757	-1,-11,-11,-11,-11	-11,-11,-11,-11	ok
-0.502004	-32.875752	-48.630500	0.742187	continued:5	9455884669399191660884342385366419	137520068858324757	-1,-11,-11,-11,-11	-11,-11,-11,-11	ok
-0.500000	-32.875752	-48.856842	0.742020	full	9455884669399191660884342385366419	137520068858324757	-1,-11,-11,-11,-11	-11,-11,-11,-11	ok
